collection_time_utc,collection_time_local,run_id,timestamp_utc,timestamp_local,value,unit,country,entsoe_area,variable,source,updated_at_utc
2026-07-14T14:09:01Z,2026-07-14T16:09:01+0200,fe0b5391-87e1-42cc-91a2-4b5686b81b2f,2026-06-13T14:15:00Z,2026-06-13T16:15:00+0200,43935.62334,MW,DE,DE_LU,actual_load,Actual Load,2026-07-14T14:11:01Z
2026-07-14T14:09:01Z,2026-07-14T16:09:01+0200,fe0b5391-87e1-42cc-91a2-4b5686b81b2f,2026-06-13T14:30:00Z,2026-06-13T16:30:00+0200,43788.76794,MW,DE,DE_LU,actual_load,Actual Load,2026-07-14T14:11:01Z
2026-07-14T14:09:01Z,2026-07-14T16:09:01+0200,fe0b5391-87e1-42cc-91a2-4b5686b81b2f,2026-06-13T14:45:00Z,2026-06-13T16:45:00+0200,44562.00091,MW,DE,DE_LU,actual_load,Actual Load,2026-07-14T14:11:01Z
2026-07-14T14:09:01Z,2026-07-14T16:09:01+0200,fe0b5391-87e1-42cc-91a2-4b5686b81b2f,2026-06-13T15:00:00Z,2026-06-13T17:00:00+0200,44723.9927,MW,DE,DE_LU,actual_load,Actual Load,2026-07-14T14:11:01Z
2026-07-14T14:09:01Z,2026-07-14T16:09:01+0200,fe0b5391-87e1-42cc-91a2-4b5686b81b2f,2026-06-13T15:15:00Z,2026-06-13T17:15:00+0200,44625.83736,MW,DE,DE_LU,actual_load,Actual Load,2026-07-14T14:11:01Z
2026-07-14T14:09:01Z,2026-07-14T16:09:01+0200,fe0b5391-87e1-42cc-91a2-4b5686b81b2f,2026-06-13T15:30:00Z,2026-06-13T17:30:00+0200,45224.74238,MW,DE,DE_LU,actual_load,Actual Load,2026-07-14T14:11:01Z
2026-07-14T14:09:01Z,2026-07-14T16:09:01+0200,fe0b5391-87e1-42cc-91a2-4b5686b81b2f,2026-06-13T15:45:00Z,2026-06-13T17:45:00+0200,46022.09751,MW,DE,DE_LU,actual_load,Actual Load,2026-07-14T14:11:01Z
2026-07-14T14:09:01Z,2026-07-14T16:09:01+0200,fe0b5391-87e1-42cc-91a2-4b5686b81b2f,2026-06-13T16:00:00Z,2026-06-13T18:00:00+0200,45516.81487,MW,DE,DE_LU,actual_load,Actual Load,2026-07-14T14:11:01Z
2026-07-14T14:09:01Z,2026-07-14T16:09:01+0200,fe0b5391-87e1-42cc-91a2-4b5686b81b2f,2026-06-13T16:15:00Z,2026-06-13T18:15:00+0200,46511.54242,MW,DE,DE_LU,actual_load,Actual Load,2026-07-14T14:11:01Z
2026-07-14T14:09:01Z,2026-07-14T16:09:01+0200,fe0b5391-87e1-42cc-91a2-4b5686b81b2f,2026-06-13T16:30:00Z,2026-06-13T18:30:00+0200,46699.5432,MW,DE,DE_LU,actual_load,Actual Load,2026-07-14T14:11:01Z
2026-07-14T14:09:01Z,2026-07-14T16:09:01+0200,fe0b5391-87e1-42cc-91a2-4b5686b81b2f,2026-06-13T16:45:00Z,2026-06-13T18:45:00+0200,46783.57765,MW,DE,DE_LU,actual_load,Actual Load,2026-07-14T14:11:01Z
2026-07-14T14:09:01Z,2026-07-14T16:09:01+0200,fe0b5391-87e1-42cc-91a2-4b5686b81b2f,2026-06-13T17:00:00Z,2026-06-13T19:00:00+0200,47320.61088,MW,DE,DE_LU,actual_load,Actual Load,2026-07-14T14:11:01Z
2026-07-14T14:09:01Z,2026-07-14T16:09:01+0200,fe0b5391-87e1-42cc-91a2-4b5686b81b2f,2026-06-13T17:15:00Z,2026-06-13T19:15:00+0200,47815.09025,MW,DE,DE_LU,actual_load,Actual Load,2026-07-14T14:11:01Z
2026-07-14T14:09:01Z,2026-07-14T16:09:01+0200,fe0b5391-87e1-42cc-91a2-4b5686b81b2f,2026-06-13T17:30:00Z,2026-06-13T19:30:00+0200,48035.20996,MW,DE,DE_LU,actual_load,Actual Load,2026-07-14T14:11:01Z
2026-07-14T14:09:01Z,2026-07-14T16:09:01+0200,fe0b5391-87e1-42cc-91a2-4b5686b81b2f,2026-06-13T17:45:00Z,2026-06-13T19:45:00+0200,48136.10498,MW,DE,DE_LU,actual_load,Actual Load,2026-07-14T14:11:01Z
2026-07-14T14:09:01Z,2026-07-14T16:09:01+0200,fe0b5391-87e1-42cc-91a2-4b5686b81b2f,2026-06-13T18:00:00Z,2026-06-13T20:00:00+0200,48186.21427,MW,DE,DE_LU,actual_load,Actual Load,2026-07-14T14:11:01Z
2026-07-14T14:09:01Z,2026-07-14T16:09:01+0200,fe0b5391-87e1-42cc-91a2-4b5686b81b2f,2026-06-13T18:15:00Z,2026-06-13T20:15:00+0200,47081.12693,MW,DE,DE_LU,actual_load,Actual Load,2026-07-14T14:11:01Z
2026-07-14T14:09:01Z,2026-07-14T16:09:01+0200,fe0b5391-87e1-42cc-91a2-4b5686b81b2f,2026-06-13T18:30:00Z,2026-06-13T20:30:00+0200,46513.5151,MW,DE,DE_LU,actual_load,Actual Load,2026-07-14T14:11:01Z
2026-07-14T14:09:01Z,2026-07-14T16:09:01+0200,fe0b5391-87e1-42cc-91a2-4b5686b81b2f,2026-06-13T18:45:00Z,2026-06-13T20:45:00+0200,45781.50883,MW,DE,DE_LU,actual_load,Actual Load,2026-07-14T14:11:01Z
2026-07-14T14:09:01Z,2026-07-14T16:09:01+0200,fe0b5391-87e1-42cc-91a2-4b5686b81b2f,2026-06-13T19:00:00Z,2026-06-13T21:00:00+0200,44990.75486,MW,DE,DE_LU,actual_load,Actual Load,2026-07-14T14:11:01Z
2026-07-14T14:09:01Z,2026-07-14T16:09:01+0200,fe0b5391-87e1-42cc-91a2-4b5686b81b2f,2026-06-13T19:15:00Z,2026-06-13T21:15:00+0200,44491.78958,MW,DE,DE_LU,actual_load,Actual Load,2026-07-14T14:11:01Z
2026-07-14T14:09:01Z,2026-07-14T16:09:01+0200,fe0b5391-87e1-42cc-91a2-4b5686b81b2f,2026-06-13T19:30:00Z,2026-06-13T21:30:00+0200,43985.41861,MW,DE,DE_LU,actual_load,Actual Load,2026-07-14T14:11:01Z
2026-07-14T14:09:01Z,2026-07-14T16:09:01+0200,fe0b5391-87e1-42cc-91a2-4b5686b81b2f,2026-06-13T19:45:00Z,2026-06-13T21:45:00+0200,44397.8729,MW,DE,DE_LU,actual_load,Actual Load,2026-07-14T14:11:01Z
2026-07-14T14:09:01Z,2026-07-14T16:09:01+0200,fe0b5391-87e1-42cc-91a2-4b5686b81b2f,2026-06-13T20:00:00Z,2026-06-13T22:00:00+0200,44334.46388,MW,DE,DE_LU,actual_load,Actual Load,2026-07-14T14:11:01Z
2026-07-14T14:09:01Z,2026-07-14T16:09:01+0200,fe0b5391-87e1-42cc-91a2-4b5686b81b2f,2026-06-13T20:15:00Z,2026-06-13T22:15:00+0200,43659.46362,MW,DE,DE_LU,actual_load,Actual Load,2026-07-14T14:11:01Z
2026-07-14T14:09:01Z,2026-07-14T16:09:01+0200,fe0b5391-87e1-42cc-91a2-4b5686b81b2f,2026-06-13T20:30:00Z,2026-06-13T22:30:00+0200,42860.14147,MW,DE,DE_LU,actual_load,Actual Load,2026-07-14T14:11:01Z
2026-07-14T14:09:01Z,2026-07-14T16:09:01+0200,fe0b5391-87e1-42cc-91a2-4b5686b81b2f,2026-06-13T20:45:00Z,2026-06-13T22:45:00+0200,42332.83905,MW,DE,DE_LU,actual_load,Actual Load,2026-07-14T14:11:01Z
2026-07-14T14:09:01Z,2026-07-14T16:09:01+0200,fe0b5391-87e1-42cc-91a2-4b5686b81b2f,2026-06-13T21:00:00Z,2026-06-13T23:00:00+0200,41091.85064,MW,DE,DE_LU,actual_load,Actual Load,2026-07-14T14:11:01Z
2026-07-14T14:09:01Z,2026-07-14T16:09:01+0200,fe0b5391-87e1-42cc-91a2-4b5686b81b2f,2026-06-13T21:15:00Z,2026-06-13T23:15:00+0200,40916.41059,MW,DE,DE_LU,actual_load,Actual Load,2026-07-14T14:11:01Z
2026-07-14T14:09:01Z,2026-07-14T16:09:01+0200,fe0b5391-87e1-42cc-91a2-4b5686b81b2f,2026-06-13T21:30:00Z,2026-06-13T23:30:00+0200,40606.79073,MW,DE,DE_LU,actual_load,Actual Load,2026-07-14T14:11:01Z
2026-07-14T14:09:01Z,2026-07-14T16:09:01+0200,fe0b5391-87e1-42cc-91a2-4b5686b81b2f,2026-06-13T21:45:00Z,2026-06-13T23:45:00+0200,40169.25025,MW,DE,DE_LU,actual_load,Actual Load,2026-07-14T14:11:01Z
2026-07-14T14:09:01Z,2026-07-14T16:09:01+0200,fe0b5391-87e1-42cc-91a2-4b5686b81b2f,2026-06-13T22:00:00Z,2026-06-14T00:00:00+0200,38900.94031,MW,DE,DE_LU,actual_load,Actual Load,2026-07-14T14:11:01Z
2026-07-14T14:09:01Z,2026-07-14T16:09:01+0200,fe0b5391-87e1-42cc-91a2-4b5686b81b2f,2026-06-13T22:15:00Z,2026-06-14T00:15:00+0200,38186.37109,MW,DE,DE_LU,actual_load,Actual Load,2026-07-14T14:11:01Z
2026-07-14T14:09:01Z,2026-07-14T16:09:01+0200,fe0b5391-87e1-42cc-91a2-4b5686b81b2f,2026-06-13T22:30:00Z,2026-06-14T00:30:00+0200,38443.08605,MW,DE,DE_LU,actual_load,Actual Load,2026-07-14T14:11:01Z
2026-07-14T14:09:01Z,2026-07-14T16:09:01+0200,fe0b5391-87e1-42cc-91a2-4b5686b81b2f,2026-06-13T22:45:00Z,2026-06-14T00:45:00+0200,37894.6616,MW,DE,DE_LU,actual_load,Actual Load,2026-07-14T14:11:01Z
2026-07-14T14:09:01Z,2026-07-14T16:09:01+0200,fe0b5391-87e1-42cc-91a2-4b5686b81b2f,2026-06-13T23:00:00Z,2026-06-14T01:00:00+0200,36420.57481,MW,DE,DE_LU,actual_load,Actual Load,2026-07-14T14:11:01Z
2026-07-14T14:09:01Z,2026-07-14T16:09:01+0200,fe0b5391-87e1-42cc-91a2-4b5686b81b2f,2026-06-13T23:15:00Z,2026-06-14T01:15:00+0200,36781.20679,MW,DE,DE_LU,actual_load,Actual Load,2026-07-14T14:11:01Z
2026-07-14T14:09:01Z,2026-07-14T16:09:01+0200,fe0b5391-87e1-42cc-91a2-4b5686b81b2f,2026-06-13T23:30:00Z,2026-06-14T01:30:00+0200,36294.87176,MW,DE,DE_LU,actual_load,Actual Load,2026-07-14T14:11:01Z
2026-07-14T14:09:01Z,2026-07-14T16:09:01+0200,fe0b5391-87e1-42cc-91a2-4b5686b81b2f,2026-06-13T23:45:00Z,2026-06-14T01:45:00+0200,36352.78077,MW,DE,DE_LU,actual_load,Actual Load,2026-07-14T14:11:01Z
2026-07-14T14:09:01Z,2026-07-14T16:09:01+0200,fe0b5391-87e1-42cc-91a2-4b5686b81b2f,2026-06-14T00:00:00Z,2026-06-14T02:00:00+0200,36797.56519,MW,DE,DE_LU,actual_load,Actual Load,2026-07-14T14:11:01Z
2026-07-14T14:09:01Z,2026-07-14T16:09:01+0200,fe0b5391-87e1-42cc-91a2-4b5686b81b2f,2026-06-14T00:15:00Z,2026-06-14T02:15:00+0200,36746.92914,MW,DE,DE_LU,actual_load,Actual Load,2026-07-14T14:11:01Z
2026-07-14T14:09:01Z,2026-07-14T16:09:01+0200,fe0b5391-87e1-42cc-91a2-4b5686b81b2f,2026-06-14T00:30:00Z,2026-06-14T02:30:00+0200,36467.33089,MW,DE,DE_LU,actual_load,Actual Load,2026-07-14T14:11:01Z
2026-07-14T14:09:01Z,2026-07-14T16:09:01+0200,fe0b5391-87e1-42cc-91a2-4b5686b81b2f,2026-06-14T00:45:00Z,2026-06-14T02:45:00+0200,36638.48938,MW,DE,DE_LU,actual_load,Actual Load,2026-07-14T14:11:01Z
2026-07-14T14:09:01Z,2026-07-14T16:09:01+0200,fe0b5391-87e1-42cc-91a2-4b5686b81b2f,2026-06-14T01:00:00Z,2026-06-14T03:00:00+0200,36459.82311,MW,DE,DE_LU,actual_load,Actual Load,2026-07-14T14:11:01Z
2026-07-14T14:09:01Z,2026-07-14T16:09:01+0200,fe0b5391-87e1-42cc-91a2-4b5686b81b2f,2026-06-14T01:15:00Z,2026-06-14T03:15:00+0200,36173.87698,MW,DE,DE_LU,actual_load,Actual Load,2026-07-14T14:11:01Z
2026-07-14T14:09:01Z,2026-07-14T16:09:01+0200,fe0b5391-87e1-42cc-91a2-4b5686b81b2f,2026-06-14T01:30:00Z,2026-06-14T03:30:00+0200,35954.04312,MW,DE,DE_LU,actual_load,Actual Load,2026-07-14T14:11:01Z
2026-07-14T14:09:01Z,2026-07-14T16:09:01+0200,fe0b5391-87e1-42cc-91a2-4b5686b81b2f,2026-06-14T01:45:00Z,2026-06-14T03:45:00+0200,35984.14913,MW,DE,DE_LU,actual_load,Actual Load,2026-07-14T14:11:01Z
2026-07-14T14:09:01Z,2026-07-14T16:09:01+0200,fe0b5391-87e1-42cc-91a2-4b5686b81b2f,2026-06-14T02:00:00Z,2026-06-14T04:00:00+0200,35915.55679,MW,DE,DE_LU,actual_load,Actual Load,2026-07-14T14:11:01Z
2026-07-14T14:09:01Z,2026-07-14T16:09:01+0200,fe0b5391-87e1-42cc-91a2-4b5686b81b2f,2026-06-14T02:15:00Z,2026-06-14T04:15:00+0200,35651.50985,MW,DE,DE_LU,actual_load,Actual Load,2026-07-14T14:11:01Z
2026-07-14T14:09:01Z,2026-07-14T16:09:01+0200,fe0b5391-87e1-42cc-91a2-4b5686b81b2f,2026-06-14T02:30:00Z,2026-06-14T04:30:00+0200,35708.53297,MW,DE,DE_LU,actual_load,Actual Load,2026-07-14T14:11:01Z
2026-07-14T14:09:01Z,2026-07-14T16:09:01+0200,fe0b5391-87e1-42cc-91a2-4b5686b81b2f,2026-06-14T02:45:00Z,2026-06-14T04:45:00+0200,35793.7198,MW,DE,DE_LU,actual_load,Actual Load,2026-07-14T14:11:01Z
2026-07-14T14:09:01Z,2026-07-14T16:09:01+0200,fe0b5391-87e1-42cc-91a2-4b5686b81b2f,2026-06-14T03:00:00Z,2026-06-14T05:00:00+0200,35531.37715,MW,DE,DE_LU,actual_load,Actual Load,2026-07-14T14:11:01Z
2026-07-14T14:09:01Z,2026-07-14T16:09:01+0200,fe0b5391-87e1-42cc-91a2-4b5686b81b2f,2026-06-14T03:15:00Z,2026-06-14T05:15:00+0200,35454.49223,MW,DE,DE_LU,actual_load,Actual Load,2026-07-14T14:11:01Z
2026-07-14T14:09:01Z,2026-07-14T16:09:01+0200,fe0b5391-87e1-42cc-91a2-4b5686b81b2f,2026-06-14T03:30:00Z,2026-06-14T05:30:00+0200,35658.08082,MW,DE,DE_LU,actual_load,Actual Load,2026-07-14T14:11:01Z
2026-07-14T14:09:01Z,2026-07-14T16:09:01+0200,fe0b5391-87e1-42cc-91a2-4b5686b81b2f,2026-06-14T03:45:00Z,2026-06-14T05:45:00+0200,35896.72331,MW,DE,DE_LU,actual_load,Actual Load,2026-07-14T14:11:01Z
2026-07-14T14:09:01Z,2026-07-14T16:09:01+0200,fe0b5391-87e1-42cc-91a2-4b5686b81b2f,2026-06-14T04:00:00Z,2026-06-14T06:00:00+0200,35837.14754,MW,DE,DE_LU,actual_load,Actual Load,2026-07-14T14:11:01Z
2026-07-14T14:09:01Z,2026-07-14T16:09:01+0200,fe0b5391-87e1-42cc-91a2-4b5686b81b2f,2026-06-14T04:15:00Z,2026-06-14T06:15:00+0200,36152.781,MW,DE,DE_LU,actual_load,Actual Load,2026-07-14T14:11:01Z
2026-07-14T14:09:01Z,2026-07-14T16:09:01+0200,fe0b5391-87e1-42cc-91a2-4b5686b81b2f,2026-06-14T04:30:00Z,2026-06-14T06:30:00+0200,36741.54944,MW,DE,DE_LU,actual_load,Actual Load,2026-07-14T14:11:01Z
2026-07-14T14:09:01Z,2026-07-14T16:09:01+0200,fe0b5391-87e1-42cc-91a2-4b5686b81b2f,2026-06-14T04:45:00Z,2026-06-14T06:45:00+0200,37092.69473,MW,DE,DE_LU,actual_load,Actual Load,2026-07-14T14:11:01Z
2026-07-14T14:09:01Z,2026-07-14T16:09:01+0200,fe0b5391-87e1-42cc-91a2-4b5686b81b2f,2026-06-14T05:00:00Z,2026-06-14T07:00:00+0200,37584.87234,MW,DE,DE_LU,actual_load,Actual Load,2026-07-14T14:11:01Z
2026-07-14T14:09:01Z,2026-07-14T16:09:01+0200,fe0b5391-87e1-42cc-91a2-4b5686b81b2f,2026-06-14T05:15:00Z,2026-06-14T07:15:00+0200,38163.44276,MW,DE,DE_LU,actual_load,Actual Load,2026-07-14T14:11:01Z
2026-07-14T14:09:01Z,2026-07-14T16:09:01+0200,fe0b5391-87e1-42cc-91a2-4b5686b81b2f,2026-06-14T05:30:00Z,2026-06-14T07:30:00+0200,38475.85778,MW,DE,DE_LU,actual_load,Actual Load,2026-07-14T14:11:01Z
2026-07-14T14:09:01Z,2026-07-14T16:09:01+0200,fe0b5391-87e1-42cc-91a2-4b5686b81b2f,2026-06-14T05:45:00Z,2026-06-14T07:45:00+0200,39059.2968,MW,DE,DE_LU,actual_load,Actual Load,2026-07-14T14:11:01Z
2026-07-14T14:09:01Z,2026-07-14T16:09:01+0200,fe0b5391-87e1-42cc-91a2-4b5686b81b2f,2026-06-14T06:00:00Z,2026-06-14T08:00:00+0200,39093.16229,MW,DE,DE_LU,actual_load,Actual Load,2026-07-14T14:11:01Z
2026-07-14T14:09:01Z,2026-07-14T16:09:01+0200,fe0b5391-87e1-42cc-91a2-4b5686b81b2f,2026-06-14T06:15:00Z,2026-06-14T08:15:00+0200,39622.83687,MW,DE,DE_LU,actual_load,Actual Load,2026-07-14T14:11:01Z
2026-07-14T14:09:01Z,2026-07-14T16:09:01+0200,fe0b5391-87e1-42cc-91a2-4b5686b81b2f,2026-06-14T06:30:00Z,2026-06-14T08:30:00+0200,39999.48932,MW,DE,DE_LU,actual_load,Actual Load,2026-07-14T14:11:01Z
2026-07-14T14:09:01Z,2026-07-14T16:09:01+0200,fe0b5391-87e1-42cc-91a2-4b5686b81b2f,2026-06-14T06:45:00Z,2026-06-14T08:45:00+0200,41279.81817,MW,DE,DE_LU,actual_load,Actual Load,2026-07-14T14:11:01Z
2026-07-14T14:09:01Z,2026-07-14T16:09:01+0200,fe0b5391-87e1-42cc-91a2-4b5686b81b2f,2026-06-14T07:00:00Z,2026-06-14T09:00:00+0200,42250.85958,MW,DE,DE_LU,actual_load,Actual Load,2026-07-14T14:11:01Z
2026-07-14T14:09:01Z,2026-07-14T16:09:01+0200,fe0b5391-87e1-42cc-91a2-4b5686b81b2f,2026-06-14T07:15:00Z,2026-06-14T09:15:00+0200,42733.00959,MW,DE,DE_LU,actual_load,Actual Load,2026-07-14T14:11:01Z
2026-07-14T14:09:01Z,2026-07-14T16:09:01+0200,fe0b5391-87e1-42cc-91a2-4b5686b81b2f,2026-06-14T07:30:00Z,2026-06-14T09:30:00+0200,42831.2038,MW,DE,DE_LU,actual_load,Actual Load,2026-07-14T14:11:01Z
2026-07-14T14:09:01Z,2026-07-14T16:09:01+0200,fe0b5391-87e1-42cc-91a2-4b5686b81b2f,2026-06-14T07:45:00Z,2026-06-14T09:45:00+0200,43209.03782,MW,DE,DE_LU,actual_load,Actual Load,2026-07-14T14:11:01Z
2026-07-14T14:09:01Z,2026-07-14T16:09:01+0200,fe0b5391-87e1-42cc-91a2-4b5686b81b2f,2026-06-14T08:00:00Z,2026-06-14T10:00:00+0200,43437.91478,MW,DE,DE_LU,actual_load,Actual Load,2026-07-14T14:11:01Z
2026-07-14T14:09:01Z,2026-07-14T16:09:01+0200,fe0b5391-87e1-42cc-91a2-4b5686b81b2f,2026-06-14T08:15:00Z,2026-06-14T10:15:00+0200,43428.11185,MW,DE,DE_LU,actual_load,Actual Load,2026-07-14T14:11:01Z
2026-07-14T14:09:01Z,2026-07-14T16:09:01+0200,fe0b5391-87e1-42cc-91a2-4b5686b81b2f,2026-06-14T08:30:00Z,2026-06-14T10:30:00+0200,44309.43907,MW,DE,DE_LU,actual_load,Actual Load,2026-07-14T14:11:01Z
2026-07-14T14:09:01Z,2026-07-14T16:09:01+0200,fe0b5391-87e1-42cc-91a2-4b5686b81b2f,2026-06-14T08:45:00Z,2026-06-14T10:45:00+0200,44410.15233,MW,DE,DE_LU,actual_load,Actual Load,2026-07-14T14:11:01Z
2026-07-14T14:09:01Z,2026-07-14T16:09:01+0200,fe0b5391-87e1-42cc-91a2-4b5686b81b2f,2026-06-14T09:00:00Z,2026-06-14T11:00:00+0200,44322.2383,MW,DE,DE_LU,actual_load,Actual Load,2026-07-14T14:11:01Z
2026-07-14T14:09:01Z,2026-07-14T16:09:01+0200,fe0b5391-87e1-42cc-91a2-4b5686b81b2f,2026-06-14T09:15:00Z,2026-06-14T11:15:00+0200,44658.1216,MW,DE,DE_LU,actual_load,Actual Load,2026-07-14T14:11:01Z
2026-07-14T14:09:01Z,2026-07-14T16:09:01+0200,fe0b5391-87e1-42cc-91a2-4b5686b81b2f,2026-06-14T09:30:00Z,2026-06-14T11:30:00+0200,45134.42861,MW,DE,DE_LU,actual_load,Actual Load,2026-07-14T14:11:01Z
2026-07-14T14:09:01Z,2026-07-14T16:09:01+0200,fe0b5391-87e1-42cc-91a2-4b5686b81b2f,2026-06-14T09:45:00Z,2026-06-14T11:45:00+0200,45211.86583,MW,DE,DE_LU,actual_load,Actual Load,2026-07-14T14:11:01Z
2026-07-14T14:09:01Z,2026-07-14T16:09:01+0200,fe0b5391-87e1-42cc-91a2-4b5686b81b2f,2026-06-14T10:00:00Z,2026-06-14T12:00:00+0200,45090.60274,MW,DE,DE_LU,actual_load,Actual Load,2026-07-14T14:11:01Z
2026-07-14T14:09:01Z,2026-07-14T16:09:01+0200,fe0b5391-87e1-42cc-91a2-4b5686b81b2f,2026-06-14T10:15:00Z,2026-06-14T12:15:00+0200,45165.9229,MW,DE,DE_LU,actual_load,Actual Load,2026-07-14T14:11:01Z
2026-07-14T14:09:01Z,2026-07-14T16:09:01+0200,fe0b5391-87e1-42cc-91a2-4b5686b81b2f,2026-06-14T10:30:00Z,2026-06-14T12:30:00+0200,45062.91016,MW,DE,DE_LU,actual_load,Actual Load,2026-07-14T14:11:01Z
2026-07-14T14:09:01Z,2026-07-14T16:09:01+0200,fe0b5391-87e1-42cc-91a2-4b5686b81b2f,2026-06-14T10:45:00Z,2026-06-14T12:45:00+0200,44384.2168,MW,DE,DE_LU,actual_load,Actual Load,2026-07-14T14:11:01Z
2026-07-14T14:09:01Z,2026-07-14T16:09:01+0200,fe0b5391-87e1-42cc-91a2-4b5686b81b2f,2026-06-14T11:00:00Z,2026-06-14T13:00:00+0200,44097.60928,MW,DE,DE_LU,actual_load,Actual Load,2026-07-14T14:11:01Z
2026-07-14T14:09:01Z,2026-07-14T16:09:01+0200,fe0b5391-87e1-42cc-91a2-4b5686b81b2f,2026-06-14T11:15:00Z,2026-06-14T13:15:00+0200,43468.51299,MW,DE,DE_LU,actual_load,Actual Load,2026-07-14T14:11:01Z
2026-07-14T14:09:01Z,2026-07-14T16:09:01+0200,fe0b5391-87e1-42cc-91a2-4b5686b81b2f,2026-06-14T11:30:00Z,2026-06-14T13:30:00+0200,42996.43522,MW,DE,DE_LU,actual_load,Actual Load,2026-07-14T14:11:01Z
2026-07-14T14:09:01Z,2026-07-14T16:09:01+0200,fe0b5391-87e1-42cc-91a2-4b5686b81b2f,2026-06-14T11:45:00Z,2026-06-14T13:45:00+0200,42912.19686,MW,DE,DE_LU,actual_load,Actual Load,2026-07-14T14:11:01Z
2026-07-14T14:09:01Z,2026-07-14T16:09:01+0200,fe0b5391-87e1-42cc-91a2-4b5686b81b2f,2026-06-14T12:00:00Z,2026-06-14T14:00:00+0200,42430.27749,MW,DE,DE_LU,actual_load,Actual Load,2026-07-14T14:11:01Z
2026-07-14T14:09:01Z,2026-07-14T16:09:01+0200,fe0b5391-87e1-42cc-91a2-4b5686b81b2f,2026-06-14T12:15:00Z,2026-06-14T14:15:00+0200,42261.38157,MW,DE,DE_LU,actual_load,Actual Load,2026-07-14T14:11:01Z
2026-07-14T14:09:01Z,2026-07-14T16:09:01+0200,fe0b5391-87e1-42cc-91a2-4b5686b81b2f,2026-06-14T12:30:00Z,2026-06-14T14:30:00+0200,42294.98027,MW,DE,DE_LU,actual_load,Actual Load,2026-07-14T14:11:01Z
2026-07-14T14:09:01Z,2026-07-14T16:09:01+0200,fe0b5391-87e1-42cc-91a2-4b5686b81b2f,2026-06-14T12:45:00Z,2026-06-14T14:45:00+0200,42102.75908,MW,DE,DE_LU,actual_load,Actual Load,2026-07-14T14:11:01Z
2026-07-14T14:09:01Z,2026-07-14T16:09:01+0200,fe0b5391-87e1-42cc-91a2-4b5686b81b2f,2026-06-14T13:00:00Z,2026-06-14T15:00:00+0200,42167.24773,MW,DE,DE_LU,actual_load,Actual Load,2026-07-14T14:11:01Z
2026-07-14T14:09:01Z,2026-07-14T16:09:01+0200,fe0b5391-87e1-42cc-91a2-4b5686b81b2f,2026-06-14T13:15:00Z,2026-06-14T15:15:00+0200,42120.5475,MW,DE,DE_LU,actual_load,Actual Load,2026-07-14T14:11:01Z
2026-07-14T14:09:01Z,2026-07-14T16:09:01+0200,fe0b5391-87e1-42cc-91a2-4b5686b81b2f,2026-06-14T13:30:00Z,2026-06-14T15:30:00+0200,42076.56394,MW,DE,DE_LU,actual_load,Actual Load,2026-07-14T14:11:01Z
2026-07-14T14:09:01Z,2026-07-14T16:09:01+0200,fe0b5391-87e1-42cc-91a2-4b5686b81b2f,2026-06-14T13:45:00Z,2026-06-14T15:45:00+0200,41486.16045,MW,DE,DE_LU,actual_load,Actual Load,2026-07-14T14:11:01Z
2026-07-14T14:09:01Z,2026-07-14T16:09:01+0200,fe0b5391-87e1-42cc-91a2-4b5686b81b2f,2026-06-14T14:00:00Z,2026-06-14T16:00:00+0200,41395.72354,MW,DE,DE_LU,actual_load,Actual Load,2026-07-14T14:11:01Z
2026-07-14T14:09:01Z,2026-07-14T16:09:01+0200,fe0b5391-87e1-42cc-91a2-4b5686b81b2f,2026-06-14T14:15:00Z,2026-06-14T16:15:00+0200,41035.89381,MW,DE,DE_LU,actual_load,Actual Load,2026-07-14T14:11:01Z
2026-07-14T14:09:01Z,2026-07-14T16:09:01+0200,fe0b5391-87e1-42cc-91a2-4b5686b81b2f,2026-06-14T14:30:00Z,2026-06-14T16:30:00+0200,41359.5246,MW,DE,DE_LU,actual_load,Actual Load,2026-07-14T14:11:01Z
2026-07-14T14:09:01Z,2026-07-14T16:09:01+0200,fe0b5391-87e1-42cc-91a2-4b5686b81b2f,2026-06-14T14:45:00Z,2026-06-14T16:45:00+0200,42058.43612,MW,DE,DE_LU,actual_load,Actual Load,2026-07-14T14:11:01Z
2026-07-14T14:09:01Z,2026-07-14T16:09:01+0200,fe0b5391-87e1-42cc-91a2-4b5686b81b2f,2026-06-14T15:00:00Z,2026-06-14T17:00:00+0200,42952.57892,MW,DE,DE_LU,actual_load,Actual Load,2026-07-14T14:11:01Z
2026-07-14T14:09:01Z,2026-07-14T16:09:01+0200,fe0b5391-87e1-42cc-91a2-4b5686b81b2f,2026-06-14T15:15:00Z,2026-06-14T17:15:00+0200,42492.44691,MW,DE,DE_LU,actual_load,Actual Load,2026-07-14T14:11:01Z
2026-07-14T14:09:01Z,2026-07-14T16:09:01+0200,fe0b5391-87e1-42cc-91a2-4b5686b81b2f,2026-06-14T15:30:00Z,2026-06-14T17:30:00+0200,42734.1764,MW,DE,DE_LU,actual_load,Actual Load,2026-07-14T14:11:01Z
2026-07-14T14:09:01Z,2026-07-14T16:09:01+0200,fe0b5391-87e1-42cc-91a2-4b5686b81b2f,2026-06-14T15:45:00Z,2026-06-14T17:45:00+0200,43157.56254,MW,DE,DE_LU,actual_load,Actual Load,2026-07-14T14:11:01Z
2026-07-14T14:09:01Z,2026-07-14T16:09:01+0200,fe0b5391-87e1-42cc-91a2-4b5686b81b2f,2026-06-14T16:00:00Z,2026-06-14T18:00:00+0200,44497.3075,MW,DE,DE_LU,actual_load,Actual Load,2026-07-14T14:11:01Z
2026-07-14T14:09:01Z,2026-07-14T16:09:01+0200,fe0b5391-87e1-42cc-91a2-4b5686b81b2f,2026-06-14T16:15:00Z,2026-06-14T18:15:00+0200,44673.82452,MW,DE,DE_LU,actual_load,Actual Load,2026-07-14T14:11:01Z
2026-07-14T14:09:01Z,2026-07-14T16:09:01+0200,fe0b5391-87e1-42cc-91a2-4b5686b81b2f,2026-06-14T16:30:00Z,2026-06-14T18:30:00+0200,45229.40613,MW,DE,DE_LU,actual_load,Actual Load,2026-07-14T14:11:01Z
2026-07-14T14:09:01Z,2026-07-14T16:09:01+0200,fe0b5391-87e1-42cc-91a2-4b5686b81b2f,2026-06-14T16:45:00Z,2026-06-14T18:45:00+0200,45893.55824,MW,DE,DE_LU,actual_load,Actual Load,2026-07-14T14:11:01Z
2026-07-14T14:09:01Z,2026-07-14T16:09:01+0200,fe0b5391-87e1-42cc-91a2-4b5686b81b2f,2026-06-14T17:00:00Z,2026-06-14T19:00:00+0200,46219.65326,MW,DE,DE_LU,actual_load,Actual Load,2026-07-14T14:11:01Z
2026-07-14T14:09:01Z,2026-07-14T16:09:01+0200,fe0b5391-87e1-42cc-91a2-4b5686b81b2f,2026-06-14T17:15:00Z,2026-06-14T19:15:00+0200,45352.81226,MW,DE,DE_LU,actual_load,Actual Load,2026-07-14T14:11:01Z
2026-07-14T14:09:01Z,2026-07-14T16:09:01+0200,fe0b5391-87e1-42cc-91a2-4b5686b81b2f,2026-06-14T17:30:00Z,2026-06-14T19:30:00+0200,44900.35848,MW,DE,DE_LU,actual_load,Actual Load,2026-07-14T14:11:01Z
2026-07-14T14:09:01Z,2026-07-14T16:09:01+0200,fe0b5391-87e1-42cc-91a2-4b5686b81b2f,2026-06-14T17:45:00Z,2026-06-14T19:45:00+0200,44560.11241,MW,DE,DE_LU,actual_load,Actual Load,2026-07-14T14:11:01Z
2026-07-14T14:09:01Z,2026-07-14T16:09:01+0200,fe0b5391-87e1-42cc-91a2-4b5686b81b2f,2026-06-14T18:00:00Z,2026-06-14T20:00:00+0200,45884.23652,MW,DE,DE_LU,actual_load,Actual Load,2026-07-14T14:11:01Z
2026-07-14T14:09:01Z,2026-07-14T16:09:01+0200,fe0b5391-87e1-42cc-91a2-4b5686b81b2f,2026-06-14T18:15:00Z,2026-06-14T20:15:00+0200,44794.12811,MW,DE,DE_LU,actual_load,Actual Load,2026-07-14T14:11:01Z
2026-07-14T14:09:01Z,2026-07-14T16:09:01+0200,fe0b5391-87e1-42cc-91a2-4b5686b81b2f,2026-06-14T18:30:00Z,2026-06-14T20:30:00+0200,44635.96737,MW,DE,DE_LU,actual_load,Actual Load,2026-07-14T14:11:01Z
2026-07-14T14:09:01Z,2026-07-14T16:09:01+0200,fe0b5391-87e1-42cc-91a2-4b5686b81b2f,2026-06-14T18:45:00Z,2026-06-14T20:45:00+0200,44475.45246,MW,DE,DE_LU,actual_load,Actual Load,2026-07-14T14:11:01Z
2026-07-14T14:09:01Z,2026-07-14T16:09:01+0200,fe0b5391-87e1-42cc-91a2-4b5686b81b2f,2026-06-14T19:00:00Z,2026-06-14T21:00:00+0200,44560.89684,MW,DE,DE_LU,actual_load,Actual Load,2026-07-14T14:11:01Z
2026-07-14T14:09:01Z,2026-07-14T16:09:01+0200,fe0b5391-87e1-42cc-91a2-4b5686b81b2f,2026-06-14T19:15:00Z,2026-06-14T21:15:00+0200,44868.20488,MW,DE,DE_LU,actual_load,Actual Load,2026-07-14T14:11:01Z
2026-07-14T14:09:01Z,2026-07-14T16:09:01+0200,fe0b5391-87e1-42cc-91a2-4b5686b81b2f,2026-06-14T19:30:00Z,2026-06-14T21:30:00+0200,44829.01481,MW,DE,DE_LU,actual_load,Actual Load,2026-07-14T14:11:01Z
2026-07-14T14:09:01Z,2026-07-14T16:09:01+0200,fe0b5391-87e1-42cc-91a2-4b5686b81b2f,2026-06-14T19:45:00Z,2026-06-14T21:45:00+0200,45039.1555,MW,DE,DE_LU,actual_load,Actual Load,2026-07-14T14:11:01Z
2026-07-14T14:09:01Z,2026-07-14T16:09:01+0200,fe0b5391-87e1-42cc-91a2-4b5686b81b2f,2026-06-14T20:00:00Z,2026-06-14T22:00:00+0200,44162.10324,MW,DE,DE_LU,actual_load,Actual Load,2026-07-14T14:11:01Z
2026-07-14T14:09:01Z,2026-07-14T16:09:01+0200,fe0b5391-87e1-42cc-91a2-4b5686b81b2f,2026-06-14T20:15:00Z,2026-06-14T22:15:00+0200,44717.91519,MW,DE,DE_LU,actual_load,Actual Load,2026-07-14T14:11:01Z
2026-07-14T14:09:01Z,2026-07-14T16:09:01+0200,fe0b5391-87e1-42cc-91a2-4b5686b81b2f,2026-06-14T20:30:00Z,2026-06-14T22:30:00+0200,44286.48224,MW,DE,DE_LU,actual_load,Actual Load,2026-07-14T14:11:01Z
2026-07-14T14:09:01Z,2026-07-14T16:09:01+0200,fe0b5391-87e1-42cc-91a2-4b5686b81b2f,2026-06-14T20:45:00Z,2026-06-14T22:45:00+0200,43622.44578,MW,DE,DE_LU,actual_load,Actual Load,2026-07-14T14:11:01Z
2026-07-14T14:09:01Z,2026-07-14T16:09:01+0200,fe0b5391-87e1-42cc-91a2-4b5686b81b2f,2026-06-14T21:00:00Z,2026-06-14T23:00:00+0200,42726.92326,MW,DE,DE_LU,actual_load,Actual Load,2026-07-14T14:11:01Z
2026-07-14T14:09:01Z,2026-07-14T16:09:01+0200,fe0b5391-87e1-42cc-91a2-4b5686b81b2f,2026-06-14T21:15:00Z,2026-06-14T23:15:00+0200,42452.74749,MW,DE,DE_LU,actual_load,Actual Load,2026-07-14T14:11:01Z
2026-07-14T14:09:01Z,2026-07-14T16:09:01+0200,fe0b5391-87e1-42cc-91a2-4b5686b81b2f,2026-06-14T21:30:00Z,2026-06-14T23:30:00+0200,41807.88703,MW,DE,DE_LU,actual_load,Actual Load,2026-07-14T14:11:01Z
2026-07-14T14:09:01Z,2026-07-14T16:09:01+0200,fe0b5391-87e1-42cc-91a2-4b5686b81b2f,2026-06-14T21:45:00Z,2026-06-14T23:45:00+0200,41304.52201,MW,DE,DE_LU,actual_load,Actual Load,2026-07-14T14:11:01Z
2026-07-14T14:09:01Z,2026-07-14T16:09:01+0200,fe0b5391-87e1-42cc-91a2-4b5686b81b2f,2026-06-14T22:00:00Z,2026-06-15T00:00:00+0200,39625.94746,MW,DE,DE_LU,actual_load,Actual Load,2026-07-14T14:11:01Z
2026-07-14T14:09:01Z,2026-07-14T16:09:01+0200,fe0b5391-87e1-42cc-91a2-4b5686b81b2f,2026-06-14T22:15:00Z,2026-06-15T00:15:00+0200,39805.15968,MW,DE,DE_LU,actual_load,Actual Load,2026-07-14T14:11:01Z
2026-07-14T14:09:01Z,2026-07-14T16:09:01+0200,fe0b5391-87e1-42cc-91a2-4b5686b81b2f,2026-06-14T22:30:00Z,2026-06-15T00:30:00+0200,40209.87426,MW,DE,DE_LU,actual_load,Actual Load,2026-07-14T14:11:01Z
2026-07-14T14:09:01Z,2026-07-14T16:09:01+0200,fe0b5391-87e1-42cc-91a2-4b5686b81b2f,2026-06-14T22:45:00Z,2026-06-15T00:45:00+0200,39879.19766,MW,DE,DE_LU,actual_load,Actual Load,2026-07-14T14:11:01Z
2026-07-14T14:09:01Z,2026-07-14T16:09:01+0200,fe0b5391-87e1-42cc-91a2-4b5686b81b2f,2026-06-14T23:00:00Z,2026-06-15T01:00:00+0200,39205.97203,MW,DE,DE_LU,actual_load,Actual Load,2026-07-14T14:11:01Z
2026-07-14T14:09:01Z,2026-07-14T16:09:01+0200,fe0b5391-87e1-42cc-91a2-4b5686b81b2f,2026-06-14T23:15:00Z,2026-06-15T01:15:00+0200,39410.85483,MW,DE,DE_LU,actual_load,Actual Load,2026-07-14T14:11:01Z
2026-07-14T14:09:01Z,2026-07-14T16:09:01+0200,fe0b5391-87e1-42cc-91a2-4b5686b81b2f,2026-06-14T23:30:00Z,2026-06-15T01:30:00+0200,38946.15004,MW,DE,DE_LU,actual_load,Actual Load,2026-07-14T14:11:01Z
2026-07-14T14:09:01Z,2026-07-14T16:09:01+0200,fe0b5391-87e1-42cc-91a2-4b5686b81b2f,2026-06-14T23:45:00Z,2026-06-15T01:45:00+0200,39085.45733,MW,DE,DE_LU,actual_load,Actual Load,2026-07-14T14:11:01Z
2026-07-14T14:09:01Z,2026-07-14T16:09:01+0200,fe0b5391-87e1-42cc-91a2-4b5686b81b2f,2026-06-15T00:00:00Z,2026-06-15T02:00:00+0200,38215.90431,MW,DE,DE_LU,actual_load,Actual Load,2026-07-14T14:11:01Z
2026-07-14T14:09:01Z,2026-07-14T16:09:01+0200,fe0b5391-87e1-42cc-91a2-4b5686b81b2f,2026-06-15T00:15:00Z,2026-06-15T02:15:00+0200,38518.6712,MW,DE,DE_LU,actual_load,Actual Load,2026-07-14T14:11:01Z
2026-07-14T14:09:01Z,2026-07-14T16:09:01+0200,fe0b5391-87e1-42cc-91a2-4b5686b81b2f,2026-06-15T00:30:00Z,2026-06-15T02:30:00+0200,38021.83269,MW,DE,DE_LU,actual_load,Actual Load,2026-07-14T14:11:01Z
2026-07-14T14:09:01Z,2026-07-14T16:09:01+0200,fe0b5391-87e1-42cc-91a2-4b5686b81b2f,2026-06-15T00:45:00Z,2026-06-15T02:45:00+0200,38103.55344,MW,DE,DE_LU,actual_load,Actual Load,2026-07-14T14:11:01Z
2026-07-14T14:09:01Z,2026-07-14T16:09:01+0200,fe0b5391-87e1-42cc-91a2-4b5686b81b2f,2026-06-15T01:00:00Z,2026-06-15T03:00:00+0200,38510.82388,MW,DE,DE_LU,actual_load,Actual Load,2026-07-14T14:11:01Z
2026-07-14T14:09:01Z,2026-07-14T16:09:01+0200,fe0b5391-87e1-42cc-91a2-4b5686b81b2f,2026-06-15T01:15:00Z,2026-06-15T03:15:00+0200,38421.01425,MW,DE,DE_LU,actual_load,Actual Load,2026-07-14T14:11:01Z
2026-07-14T14:09:01Z,2026-07-14T16:09:01+0200,fe0b5391-87e1-42cc-91a2-4b5686b81b2f,2026-06-15T01:30:00Z,2026-06-15T03:30:00+0200,38697.40045,MW,DE,DE_LU,actual_load,Actual Load,2026-07-14T14:11:01Z
2026-07-14T14:09:01Z,2026-07-14T16:09:01+0200,fe0b5391-87e1-42cc-91a2-4b5686b81b2f,2026-06-15T01:45:00Z,2026-06-15T03:45:00+0200,39520.20857,MW,DE,DE_LU,actual_load,Actual Load,2026-07-14T14:11:01Z
2026-07-14T14:09:01Z,2026-07-14T16:09:01+0200,fe0b5391-87e1-42cc-91a2-4b5686b81b2f,2026-06-15T02:00:00Z,2026-06-15T04:00:00+0200,40172.62387,MW,DE,DE_LU,actual_load,Actual Load,2026-07-14T14:11:01Z
2026-07-14T14:09:01Z,2026-07-14T16:09:01+0200,fe0b5391-87e1-42cc-91a2-4b5686b81b2f,2026-06-15T02:15:00Z,2026-06-15T04:15:00+0200,40444.01882,MW,DE,DE_LU,actual_load,Actual Load,2026-07-14T14:11:01Z
2026-07-14T14:09:01Z,2026-07-14T16:09:01+0200,fe0b5391-87e1-42cc-91a2-4b5686b81b2f,2026-06-15T02:30:00Z,2026-06-15T04:30:00+0200,40930.34422,MW,DE,DE_LU,actual_load,Actual Load,2026-07-14T14:11:01Z
2026-07-14T14:09:01Z,2026-07-14T16:09:01+0200,fe0b5391-87e1-42cc-91a2-4b5686b81b2f,2026-06-15T02:45:00Z,2026-06-15T04:45:00+0200,41125.10979,MW,DE,DE_LU,actual_load,Actual Load,2026-07-14T14:11:01Z
2026-07-14T14:09:01Z,2026-07-14T16:09:01+0200,fe0b5391-87e1-42cc-91a2-4b5686b81b2f,2026-06-15T03:00:00Z,2026-06-15T05:00:00+0200,42488.31968,MW,DE,DE_LU,actual_load,Actual Load,2026-07-14T14:11:01Z
2026-07-14T14:09:01Z,2026-07-14T16:09:01+0200,fe0b5391-87e1-42cc-91a2-4b5686b81b2f,2026-06-15T03:15:00Z,2026-06-15T05:15:00+0200,42940.30883,MW,DE,DE_LU,actual_load,Actual Load,2026-07-14T14:11:01Z
2026-07-14T14:09:01Z,2026-07-14T16:09:01+0200,fe0b5391-87e1-42cc-91a2-4b5686b81b2f,2026-06-15T03:30:00Z,2026-06-15T05:30:00+0200,43891.30522,MW,DE,DE_LU,actual_load,Actual Load,2026-07-14T14:11:01Z
2026-07-14T14:09:01Z,2026-07-14T16:09:01+0200,fe0b5391-87e1-42cc-91a2-4b5686b81b2f,2026-06-15T03:45:00Z,2026-06-15T05:45:00+0200,45665.21123,MW,DE,DE_LU,actual_load,Actual Load,2026-07-14T14:11:01Z
2026-07-14T14:09:01Z,2026-07-14T16:09:01+0200,fe0b5391-87e1-42cc-91a2-4b5686b81b2f,2026-06-15T04:00:00Z,2026-06-15T06:00:00+0200,48438.00715,MW,DE,DE_LU,actual_load,Actual Load,2026-07-14T14:11:01Z
2026-07-14T14:09:01Z,2026-07-14T16:09:01+0200,fe0b5391-87e1-42cc-91a2-4b5686b81b2f,2026-06-15T04:15:00Z,2026-06-15T06:15:00+0200,50305.06602,MW,DE,DE_LU,actual_load,Actual Load,2026-07-14T14:11:01Z
2026-07-14T14:09:01Z,2026-07-14T16:09:01+0200,fe0b5391-87e1-42cc-91a2-4b5686b81b2f,2026-06-15T04:30:00Z,2026-06-15T06:30:00+0200,51780.10511,MW,DE,DE_LU,actual_load,Actual Load,2026-07-14T14:11:01Z
2026-07-14T14:09:01Z,2026-07-14T16:09:01+0200,fe0b5391-87e1-42cc-91a2-4b5686b81b2f,2026-06-15T04:45:00Z,2026-06-15T06:45:00+0200,53212.27329,MW,DE,DE_LU,actual_load,Actual Load,2026-07-14T14:11:01Z
2026-07-14T14:09:01Z,2026-07-14T16:09:01+0200,fe0b5391-87e1-42cc-91a2-4b5686b81b2f,2026-06-15T05:00:00Z,2026-06-15T07:00:00+0200,54357.93404,MW,DE,DE_LU,actual_load,Actual Load,2026-07-14T14:11:01Z
2026-07-14T14:09:01Z,2026-07-14T16:09:01+0200,fe0b5391-87e1-42cc-91a2-4b5686b81b2f,2026-06-15T05:15:00Z,2026-06-15T07:15:00+0200,55144.15999,MW,DE,DE_LU,actual_load,Actual Load,2026-07-14T14:11:01Z
2026-07-14T14:09:01Z,2026-07-14T16:09:01+0200,fe0b5391-87e1-42cc-91a2-4b5686b81b2f,2026-06-15T05:30:00Z,2026-06-15T07:30:00+0200,55980.7349,MW,DE,DE_LU,actual_load,Actual Load,2026-07-14T14:11:01Z
2026-07-14T14:09:01Z,2026-07-14T16:09:01+0200,fe0b5391-87e1-42cc-91a2-4b5686b81b2f,2026-06-15T05:45:00Z,2026-06-15T07:45:00+0200,56252.04943,MW,DE,DE_LU,actual_load,Actual Load,2026-07-14T14:11:01Z
2026-07-14T14:09:01Z,2026-07-14T16:09:01+0200,fe0b5391-87e1-42cc-91a2-4b5686b81b2f,2026-06-15T06:00:00Z,2026-06-15T08:00:00+0200,56869.13875,MW,DE,DE_LU,actual_load,Actual Load,2026-07-14T14:11:01Z
2026-07-14T14:09:01Z,2026-07-14T16:09:01+0200,fe0b5391-87e1-42cc-91a2-4b5686b81b2f,2026-06-15T06:15:00Z,2026-06-15T08:15:00+0200,57341.65517,MW,DE,DE_LU,actual_load,Actual Load,2026-07-14T14:11:01Z
2026-07-14T14:09:01Z,2026-07-14T16:09:01+0200,fe0b5391-87e1-42cc-91a2-4b5686b81b2f,2026-06-15T06:30:00Z,2026-06-15T08:30:00+0200,57602.39541,MW,DE,DE_LU,actual_load,Actual Load,2026-07-14T14:11:01Z
2026-07-14T14:09:01Z,2026-07-14T16:09:01+0200,fe0b5391-87e1-42cc-91a2-4b5686b81b2f,2026-06-15T06:45:00Z,2026-06-15T08:45:00+0200,58064.29892,MW,DE,DE_LU,actual_load,Actual Load,2026-07-14T14:11:01Z
2026-07-14T14:09:01Z,2026-07-14T16:09:01+0200,fe0b5391-87e1-42cc-91a2-4b5686b81b2f,2026-06-15T07:00:00Z,2026-06-15T09:00:00+0200,58057.87524,MW,DE,DE_LU,actual_load,Actual Load,2026-07-14T14:11:01Z
2026-07-14T14:09:01Z,2026-07-14T16:09:01+0200,fe0b5391-87e1-42cc-91a2-4b5686b81b2f,2026-06-15T07:15:00Z,2026-06-15T09:15:00+0200,58325.14843,MW,DE,DE_LU,actual_load,Actual Load,2026-07-14T14:11:01Z
2026-07-14T14:09:01Z,2026-07-14T16:09:01+0200,fe0b5391-87e1-42cc-91a2-4b5686b81b2f,2026-06-15T07:30:00Z,2026-06-15T09:30:00+0200,58675.07803,MW,DE,DE_LU,actual_load,Actual Load,2026-07-14T14:11:01Z
2026-07-14T14:09:01Z,2026-07-14T16:09:01+0200,fe0b5391-87e1-42cc-91a2-4b5686b81b2f,2026-06-15T07:45:00Z,2026-06-15T09:45:00+0200,58957.34232,MW,DE,DE_LU,actual_load,Actual Load,2026-07-14T14:11:01Z
2026-07-14T14:09:01Z,2026-07-14T16:09:01+0200,fe0b5391-87e1-42cc-91a2-4b5686b81b2f,2026-06-15T08:00:00Z,2026-06-15T10:00:00+0200,59608.72464,MW,DE,DE_LU,actual_load,Actual Load,2026-07-14T14:11:01Z
2026-07-14T14:09:01Z,2026-07-14T16:09:01+0200,fe0b5391-87e1-42cc-91a2-4b5686b81b2f,2026-06-15T08:15:00Z,2026-06-15T10:15:00+0200,59808.26704,MW,DE,DE_LU,actual_load,Actual Load,2026-07-14T14:11:01Z
2026-07-14T14:09:01Z,2026-07-14T16:09:01+0200,fe0b5391-87e1-42cc-91a2-4b5686b81b2f,2026-06-15T08:30:00Z,2026-06-15T10:30:00+0200,59913.39539,MW,DE,DE_LU,actual_load,Actual Load,2026-07-14T14:11:01Z
2026-07-14T14:09:01Z,2026-07-14T16:09:01+0200,fe0b5391-87e1-42cc-91a2-4b5686b81b2f,2026-06-15T08:45:00Z,2026-06-15T10:45:00+0200,60132.65514,MW,DE,DE_LU,actual_load,Actual Load,2026-07-14T14:11:01Z
2026-07-14T14:09:01Z,2026-07-14T16:09:01+0200,fe0b5391-87e1-42cc-91a2-4b5686b81b2f,2026-06-15T09:00:00Z,2026-06-15T11:00:00+0200,60321.11644,MW,DE,DE_LU,actual_load,Actual Load,2026-07-14T14:11:01Z
2026-07-14T14:09:01Z,2026-07-14T16:09:01+0200,fe0b5391-87e1-42cc-91a2-4b5686b81b2f,2026-06-15T09:15:00Z,2026-06-15T11:15:00+0200,60214.56517,MW,DE,DE_LU,actual_load,Actual Load,2026-07-14T14:11:01Z
2026-07-14T14:09:01Z,2026-07-14T16:09:01+0200,fe0b5391-87e1-42cc-91a2-4b5686b81b2f,2026-06-15T09:30:00Z,2026-06-15T11:30:00+0200,59964.47387,MW,DE,DE_LU,actual_load,Actual Load,2026-07-14T14:11:01Z
2026-07-14T14:09:01Z,2026-07-14T16:09:01+0200,fe0b5391-87e1-42cc-91a2-4b5686b81b2f,2026-06-15T09:45:00Z,2026-06-15T11:45:00+0200,60219.98097,MW,DE,DE_LU,actual_load,Actual Load,2026-07-14T14:11:01Z
2026-07-14T14:09:01Z,2026-07-14T16:09:01+0200,fe0b5391-87e1-42cc-91a2-4b5686b81b2f,2026-06-15T10:00:00Z,2026-06-15T12:00:00+0200,59577.85498,MW,DE,DE_LU,actual_load,Actual Load,2026-07-14T14:11:01Z
2026-07-14T14:09:01Z,2026-07-14T16:09:01+0200,fe0b5391-87e1-42cc-91a2-4b5686b81b2f,2026-06-15T10:15:00Z,2026-06-15T12:15:00+0200,59169.37319,MW,DE,DE_LU,actual_load,Actual Load,2026-07-14T14:11:01Z
2026-07-14T14:09:01Z,2026-07-14T16:09:01+0200,fe0b5391-87e1-42cc-91a2-4b5686b81b2f,2026-06-15T10:30:00Z,2026-06-15T12:30:00+0200,59083.71817,MW,DE,DE_LU,actual_load,Actual Load,2026-07-14T14:11:01Z
2026-07-14T14:09:01Z,2026-07-14T16:09:01+0200,fe0b5391-87e1-42cc-91a2-4b5686b81b2f,2026-06-15T10:45:00Z,2026-06-15T12:45:00+0200,59152.26511,MW,DE,DE_LU,actual_load,Actual Load,2026-07-14T14:11:01Z
2026-07-14T14:09:01Z,2026-07-14T16:09:01+0200,fe0b5391-87e1-42cc-91a2-4b5686b81b2f,2026-06-15T11:00:00Z,2026-06-15T13:00:00+0200,59774.83943,MW,DE,DE_LU,actual_load,Actual Load,2026-07-14T14:11:01Z
2026-07-14T14:09:01Z,2026-07-14T16:09:01+0200,fe0b5391-87e1-42cc-91a2-4b5686b81b2f,2026-06-15T11:15:00Z,2026-06-15T13:15:00+0200,59827.58253,MW,DE,DE_LU,actual_load,Actual Load,2026-07-14T14:11:01Z
2026-07-14T14:09:01Z,2026-07-14T16:09:01+0200,fe0b5391-87e1-42cc-91a2-4b5686b81b2f,2026-06-15T11:30:00Z,2026-06-15T13:30:00+0200,59138.04403,MW,DE,DE_LU,actual_load,Actual Load,2026-07-14T14:11:01Z
2026-07-14T14:09:01Z,2026-07-14T16:09:01+0200,fe0b5391-87e1-42cc-91a2-4b5686b81b2f,2026-06-15T11:45:00Z,2026-06-15T13:45:00+0200,58920.45819,MW,DE,DE_LU,actual_load,Actual Load,2026-07-14T14:11:01Z
2026-07-14T14:09:01Z,2026-07-14T16:09:01+0200,fe0b5391-87e1-42cc-91a2-4b5686b81b2f,2026-06-15T12:00:00Z,2026-06-15T14:00:00+0200,58638.87008,MW,DE,DE_LU,actual_load,Actual Load,2026-07-14T14:11:01Z
2026-07-14T14:09:01Z,2026-07-14T16:09:01+0200,fe0b5391-87e1-42cc-91a2-4b5686b81b2f,2026-06-15T12:15:00Z,2026-06-15T14:15:00+0200,57995.50694,MW,DE,DE_LU,actual_load,Actual Load,2026-07-14T14:11:01Z
2026-07-14T14:09:01Z,2026-07-14T16:09:01+0200,fe0b5391-87e1-42cc-91a2-4b5686b81b2f,2026-06-15T12:30:00Z,2026-06-15T14:30:00+0200,57474.29882,MW,DE,DE_LU,actual_load,Actual Load,2026-07-14T14:11:01Z
2026-07-14T14:09:01Z,2026-07-14T16:09:01+0200,fe0b5391-87e1-42cc-91a2-4b5686b81b2f,2026-06-15T12:45:00Z,2026-06-15T14:45:00+0200,56832.7093,MW,DE,DE_LU,actual_load,Actual Load,2026-07-14T14:11:01Z
2026-07-14T14:09:01Z,2026-07-14T16:09:01+0200,fe0b5391-87e1-42cc-91a2-4b5686b81b2f,2026-06-15T13:00:00Z,2026-06-15T15:00:00+0200,56342.90205,MW,DE,DE_LU,actual_load,Actual Load,2026-07-14T14:11:01Z
2026-07-14T14:09:01Z,2026-07-14T16:09:01+0200,fe0b5391-87e1-42cc-91a2-4b5686b81b2f,2026-06-15T13:15:00Z,2026-06-15T15:15:00+0200,56140.82494,MW,DE,DE_LU,actual_load,Actual Load,2026-07-14T14:11:01Z
2026-07-14T14:09:01Z,2026-07-14T16:09:01+0200,fe0b5391-87e1-42cc-91a2-4b5686b81b2f,2026-06-15T13:30:00Z,2026-06-15T15:30:00+0200,55058.74674,MW,DE,DE_LU,actual_load,Actual Load,2026-07-14T14:11:01Z
2026-07-14T14:09:01Z,2026-07-14T16:09:01+0200,fe0b5391-87e1-42cc-91a2-4b5686b81b2f,2026-06-15T13:45:00Z,2026-06-15T15:45:00+0200,54905.91056,MW,DE,DE_LU,actual_load,Actual Load,2026-07-14T14:11:01Z
2026-07-14T14:09:01Z,2026-07-14T16:09:01+0200,fe0b5391-87e1-42cc-91a2-4b5686b81b2f,2026-06-15T14:00:00Z,2026-06-15T16:00:00+0200,55476.39383,MW,DE,DE_LU,actual_load,Actual Load,2026-07-14T14:11:01Z
2026-07-14T14:09:01Z,2026-07-14T16:09:01+0200,fe0b5391-87e1-42cc-91a2-4b5686b81b2f,2026-06-15T14:15:00Z,2026-06-15T16:15:00+0200,55194.37342,MW,DE,DE_LU,actual_load,Actual Load,2026-07-14T14:11:01Z
2026-07-14T14:09:01Z,2026-07-14T16:09:01+0200,fe0b5391-87e1-42cc-91a2-4b5686b81b2f,2026-06-15T14:30:00Z,2026-06-15T16:30:00+0200,55036.04774,MW,DE,DE_LU,actual_load,Actual Load,2026-07-14T14:11:01Z
2026-07-14T14:09:01Z,2026-07-14T16:09:01+0200,fe0b5391-87e1-42cc-91a2-4b5686b81b2f,2026-06-15T14:45:00Z,2026-06-15T16:45:00+0200,54579.34897,MW,DE,DE_LU,actual_load,Actual Load,2026-07-14T14:11:01Z
2026-07-14T14:09:01Z,2026-07-14T16:09:01+0200,fe0b5391-87e1-42cc-91a2-4b5686b81b2f,2026-06-15T15:00:00Z,2026-06-15T17:00:00+0200,55018.08821,MW,DE,DE_LU,actual_load,Actual Load,2026-07-14T14:11:01Z
2026-07-14T14:09:01Z,2026-07-14T16:09:01+0200,fe0b5391-87e1-42cc-91a2-4b5686b81b2f,2026-06-15T15:15:00Z,2026-06-15T17:15:00+0200,54776.65476,MW,DE,DE_LU,actual_load,Actual Load,2026-07-14T14:11:01Z
2026-07-14T14:09:01Z,2026-07-14T16:09:01+0200,fe0b5391-87e1-42cc-91a2-4b5686b81b2f,2026-06-15T15:30:00Z,2026-06-15T17:30:00+0200,54795.28668,MW,DE,DE_LU,actual_load,Actual Load,2026-07-14T14:11:01Z
2026-07-14T14:09:01Z,2026-07-14T16:09:01+0200,fe0b5391-87e1-42cc-91a2-4b5686b81b2f,2026-06-15T15:45:00Z,2026-06-15T17:45:00+0200,55000.81792,MW,DE,DE_LU,actual_load,Actual Load,2026-07-14T14:11:01Z
2026-07-14T14:09:01Z,2026-07-14T16:09:01+0200,fe0b5391-87e1-42cc-91a2-4b5686b81b2f,2026-06-15T16:00:00Z,2026-06-15T18:00:00+0200,55457.34793,MW,DE,DE_LU,actual_load,Actual Load,2026-07-14T14:11:01Z
2026-07-14T14:09:01Z,2026-07-14T16:09:01+0200,fe0b5391-87e1-42cc-91a2-4b5686b81b2f,2026-06-15T16:15:00Z,2026-06-15T18:15:00+0200,55629.78924,MW,DE,DE_LU,actual_load,Actual Load,2026-07-14T14:11:01Z
2026-07-14T14:09:01Z,2026-07-14T16:09:01+0200,fe0b5391-87e1-42cc-91a2-4b5686b81b2f,2026-06-15T16:30:00Z,2026-06-15T18:30:00+0200,54957.73975,MW,DE,DE_LU,actual_load,Actual Load,2026-07-14T14:11:01Z
2026-07-14T14:09:01Z,2026-07-14T16:09:01+0200,fe0b5391-87e1-42cc-91a2-4b5686b81b2f,2026-06-15T16:45:00Z,2026-06-15T18:45:00+0200,55503.55512,MW,DE,DE_LU,actual_load,Actual Load,2026-07-14T14:11:01Z
2026-07-14T14:09:01Z,2026-07-14T16:09:01+0200,fe0b5391-87e1-42cc-91a2-4b5686b81b2f,2026-06-15T17:00:00Z,2026-06-15T19:00:00+0200,57214.45561,MW,DE,DE_LU,actual_load,Actual Load,2026-07-14T14:11:01Z
2026-07-14T14:09:01Z,2026-07-14T16:09:01+0200,fe0b5391-87e1-42cc-91a2-4b5686b81b2f,2026-06-15T17:15:00Z,2026-06-15T19:15:00+0200,56807.27636,MW,DE,DE_LU,actual_load,Actual Load,2026-07-14T14:11:01Z
2026-07-14T14:09:01Z,2026-07-14T16:09:01+0200,fe0b5391-87e1-42cc-91a2-4b5686b81b2f,2026-06-15T17:30:00Z,2026-06-15T19:30:00+0200,55887.72285,MW,DE,DE_LU,actual_load,Actual Load,2026-07-14T14:11:01Z
2026-07-14T14:09:01Z,2026-07-14T16:09:01+0200,fe0b5391-87e1-42cc-91a2-4b5686b81b2f,2026-06-15T17:45:00Z,2026-06-15T19:45:00+0200,55463.46907,MW,DE,DE_LU,actual_load,Actual Load,2026-07-14T14:11:01Z
2026-07-14T14:09:01Z,2026-07-14T16:09:01+0200,fe0b5391-87e1-42cc-91a2-4b5686b81b2f,2026-06-15T18:00:00Z,2026-06-15T20:00:00+0200,55722.83768,MW,DE,DE_LU,actual_load,Actual Load,2026-07-14T14:11:01Z
2026-07-14T14:09:01Z,2026-07-14T16:09:01+0200,fe0b5391-87e1-42cc-91a2-4b5686b81b2f,2026-06-15T18:15:00Z,2026-06-15T20:15:00+0200,55252.67338,MW,DE,DE_LU,actual_load,Actual Load,2026-07-14T14:11:01Z
2026-07-14T14:09:01Z,2026-07-14T16:09:01+0200,fe0b5391-87e1-42cc-91a2-4b5686b81b2f,2026-06-15T18:30:00Z,2026-06-15T20:30:00+0200,54514.59112,MW,DE,DE_LU,actual_load,Actual Load,2026-07-14T14:11:01Z
2026-07-14T14:09:01Z,2026-07-14T16:09:01+0200,fe0b5391-87e1-42cc-91a2-4b5686b81b2f,2026-06-15T18:45:00Z,2026-06-15T20:45:00+0200,53757.01898,MW,DE,DE_LU,actual_load,Actual Load,2026-07-14T14:11:01Z
2026-07-14T14:09:01Z,2026-07-14T16:09:01+0200,fe0b5391-87e1-42cc-91a2-4b5686b81b2f,2026-06-15T19:00:00Z,2026-06-15T21:00:00+0200,53258.59883,MW,DE,DE_LU,actual_load,Actual Load,2026-07-14T14:11:01Z
2026-07-14T14:09:01Z,2026-07-14T16:09:01+0200,fe0b5391-87e1-42cc-91a2-4b5686b81b2f,2026-06-15T19:15:00Z,2026-06-15T21:15:00+0200,52597.22351,MW,DE,DE_LU,actual_load,Actual Load,2026-07-14T14:11:01Z
2026-07-14T14:09:01Z,2026-07-14T16:09:01+0200,fe0b5391-87e1-42cc-91a2-4b5686b81b2f,2026-06-15T19:30:00Z,2026-06-15T21:30:00+0200,51605.06622,MW,DE,DE_LU,actual_load,Actual Load,2026-07-14T14:11:01Z
2026-07-14T14:09:01Z,2026-07-14T16:09:01+0200,fe0b5391-87e1-42cc-91a2-4b5686b81b2f,2026-06-15T19:45:00Z,2026-06-15T21:45:00+0200,52014.64771,MW,DE,DE_LU,actual_load,Actual Load,2026-07-14T14:11:01Z
2026-07-14T14:09:01Z,2026-07-14T16:09:01+0200,fe0b5391-87e1-42cc-91a2-4b5686b81b2f,2026-06-15T20:00:00Z,2026-06-15T22:00:00+0200,51316.59557,MW,DE,DE_LU,actual_load,Actual Load,2026-07-14T14:11:01Z
2026-07-14T14:09:01Z,2026-07-14T16:09:01+0200,fe0b5391-87e1-42cc-91a2-4b5686b81b2f,2026-06-15T20:15:00Z,2026-06-15T22:15:00+0200,50934.05182,MW,DE,DE_LU,actual_load,Actual Load,2026-07-14T14:11:01Z
2026-07-14T14:09:01Z,2026-07-14T16:09:01+0200,fe0b5391-87e1-42cc-91a2-4b5686b81b2f,2026-06-15T20:30:00Z,2026-06-15T22:30:00+0200,50086.06993,MW,DE,DE_LU,actual_load,Actual Load,2026-07-14T14:11:01Z
2026-07-14T14:09:01Z,2026-07-14T16:09:01+0200,fe0b5391-87e1-42cc-91a2-4b5686b81b2f,2026-06-15T20:45:00Z,2026-06-15T22:45:00+0200,49120.99128,MW,DE,DE_LU,actual_load,Actual Load,2026-07-14T14:11:01Z
2026-07-14T14:09:01Z,2026-07-14T16:09:01+0200,fe0b5391-87e1-42cc-91a2-4b5686b81b2f,2026-06-15T21:00:00Z,2026-06-15T23:00:00+0200,48299.67761,MW,DE,DE_LU,actual_load,Actual Load,2026-07-14T14:11:01Z
2026-07-14T14:09:01Z,2026-07-14T16:09:01+0200,fe0b5391-87e1-42cc-91a2-4b5686b81b2f,2026-06-15T21:15:00Z,2026-06-15T23:15:00+0200,47513.52445,MW,DE,DE_LU,actual_load,Actual Load,2026-07-14T14:11:01Z
2026-07-14T14:09:01Z,2026-07-14T16:09:01+0200,fe0b5391-87e1-42cc-91a2-4b5686b81b2f,2026-06-15T21:30:00Z,2026-06-15T23:30:00+0200,47121.14336,MW,DE,DE_LU,actual_load,Actual Load,2026-07-14T14:11:01Z
2026-07-14T14:09:01Z,2026-07-14T16:09:01+0200,fe0b5391-87e1-42cc-91a2-4b5686b81b2f,2026-06-15T21:45:00Z,2026-06-15T23:45:00+0200,46797.71505,MW,DE,DE_LU,actual_load,Actual Load,2026-07-14T14:11:01Z
2026-07-14T14:09:01Z,2026-07-14T16:09:01+0200,fe0b5391-87e1-42cc-91a2-4b5686b81b2f,2026-06-15T22:00:00Z,2026-06-16T00:00:00+0200,46105.2676,MW,DE,DE_LU,actual_load,Actual Load,2026-07-14T14:11:01Z
2026-07-14T14:09:01Z,2026-07-14T16:09:01+0200,fe0b5391-87e1-42cc-91a2-4b5686b81b2f,2026-06-15T22:15:00Z,2026-06-16T00:15:00+0200,45679.20743,MW,DE,DE_LU,actual_load,Actual Load,2026-07-14T14:11:01Z
2026-07-14T14:09:01Z,2026-07-14T16:09:01+0200,fe0b5391-87e1-42cc-91a2-4b5686b81b2f,2026-06-15T22:30:00Z,2026-06-16T00:30:00+0200,45461.30838,MW,DE,DE_LU,actual_load,Actual Load,2026-07-14T14:11:01Z
2026-07-14T14:09:01Z,2026-07-14T16:09:01+0200,fe0b5391-87e1-42cc-91a2-4b5686b81b2f,2026-06-15T22:45:00Z,2026-06-16T00:45:00+0200,45476.66361,MW,DE,DE_LU,actual_load,Actual Load,2026-07-14T14:11:01Z
2026-07-14T14:09:01Z,2026-07-14T16:09:01+0200,fe0b5391-87e1-42cc-91a2-4b5686b81b2f,2026-06-15T23:00:00Z,2026-06-16T01:00:00+0200,44465.3221,MW,DE,DE_LU,actual_load,Actual Load,2026-07-14T14:11:01Z
2026-07-14T14:09:01Z,2026-07-14T16:09:01+0200,fe0b5391-87e1-42cc-91a2-4b5686b81b2f,2026-06-15T23:15:00Z,2026-06-16T01:15:00+0200,44422.10692,MW,DE,DE_LU,actual_load,Actual Load,2026-07-14T14:11:01Z
2026-07-14T14:09:01Z,2026-07-14T16:09:01+0200,fe0b5391-87e1-42cc-91a2-4b5686b81b2f,2026-06-15T23:30:00Z,2026-06-16T01:30:00+0200,44075.59619,MW,DE,DE_LU,actual_load,Actual Load,2026-07-14T14:11:01Z
2026-07-14T14:09:01Z,2026-07-14T16:09:01+0200,fe0b5391-87e1-42cc-91a2-4b5686b81b2f,2026-06-15T23:45:00Z,2026-06-16T01:45:00+0200,43842.67035,MW,DE,DE_LU,actual_load,Actual Load,2026-07-14T14:11:01Z
2026-07-14T14:09:01Z,2026-07-14T16:09:01+0200,fe0b5391-87e1-42cc-91a2-4b5686b81b2f,2026-06-16T00:00:00Z,2026-06-16T02:00:00+0200,43408.32676,MW,DE,DE_LU,actual_load,Actual Load,2026-07-14T14:11:01Z
2026-07-14T14:09:01Z,2026-07-14T16:09:01+0200,fe0b5391-87e1-42cc-91a2-4b5686b81b2f,2026-06-16T00:15:00Z,2026-06-16T02:15:00+0200,43181.72517,MW,DE,DE_LU,actual_load,Actual Load,2026-07-14T14:11:01Z
2026-07-14T14:09:01Z,2026-07-14T16:09:01+0200,fe0b5391-87e1-42cc-91a2-4b5686b81b2f,2026-06-16T00:30:00Z,2026-06-16T02:30:00+0200,43226.82206,MW,DE,DE_LU,actual_load,Actual Load,2026-07-14T14:11:01Z
2026-07-14T14:09:01Z,2026-07-14T16:09:01+0200,fe0b5391-87e1-42cc-91a2-4b5686b81b2f,2026-06-16T00:45:00Z,2026-06-16T02:45:00+0200,43621.1403,MW,DE,DE_LU,actual_load,Actual Load,2026-07-14T14:11:01Z
2026-07-14T14:09:01Z,2026-07-14T16:09:01+0200,fe0b5391-87e1-42cc-91a2-4b5686b81b2f,2026-06-16T01:00:00Z,2026-06-16T03:00:00+0200,43339.84292,MW,DE,DE_LU,actual_load,Actual Load,2026-07-14T14:11:01Z
2026-07-14T14:09:01Z,2026-07-14T16:09:01+0200,fe0b5391-87e1-42cc-91a2-4b5686b81b2f,2026-06-16T01:15:00Z,2026-06-16T03:15:00+0200,43559.59868,MW,DE,DE_LU,actual_load,Actual Load,2026-07-14T14:11:01Z
2026-07-14T14:09:01Z,2026-07-14T16:09:01+0200,fe0b5391-87e1-42cc-91a2-4b5686b81b2f,2026-06-16T01:30:00Z,2026-06-16T03:30:00+0200,43884.24374,MW,DE,DE_LU,actual_load,Actual Load,2026-07-14T14:11:01Z
2026-07-14T14:09:01Z,2026-07-14T16:09:01+0200,fe0b5391-87e1-42cc-91a2-4b5686b81b2f,2026-06-16T01:45:00Z,2026-06-16T03:45:00+0200,44146.55403,MW,DE,DE_LU,actual_load,Actual Load,2026-07-14T14:11:01Z
2026-07-14T14:09:01Z,2026-07-14T16:09:01+0200,fe0b5391-87e1-42cc-91a2-4b5686b81b2f,2026-06-16T02:00:00Z,2026-06-16T04:00:00+0200,44610.86467,MW,DE,DE_LU,actual_load,Actual Load,2026-07-14T14:11:01Z
2026-07-14T14:09:01Z,2026-07-14T16:09:01+0200,fe0b5391-87e1-42cc-91a2-4b5686b81b2f,2026-06-16T02:15:00Z,2026-06-16T04:15:00+0200,44512.60311,MW,DE,DE_LU,actual_load,Actual Load,2026-07-14T14:11:01Z
2026-07-14T14:09:01Z,2026-07-14T16:09:01+0200,fe0b5391-87e1-42cc-91a2-4b5686b81b2f,2026-06-16T02:30:00Z,2026-06-16T04:30:00+0200,44437.92924,MW,DE,DE_LU,actual_load,Actual Load,2026-07-14T14:11:01Z
2026-07-14T14:09:01Z,2026-07-14T16:09:01+0200,fe0b5391-87e1-42cc-91a2-4b5686b81b2f,2026-06-16T02:45:00Z,2026-06-16T04:45:00+0200,44896.55709,MW,DE,DE_LU,actual_load,Actual Load,2026-07-14T14:11:01Z
2026-07-14T14:09:01Z,2026-07-14T16:09:01+0200,fe0b5391-87e1-42cc-91a2-4b5686b81b2f,2026-06-16T03:00:00Z,2026-06-16T05:00:00+0200,46290.46168,MW,DE,DE_LU,actual_load,Actual Load,2026-07-14T14:11:01Z
2026-07-14T14:09:01Z,2026-07-14T16:09:01+0200,fe0b5391-87e1-42cc-91a2-4b5686b81b2f,2026-06-16T03:15:00Z,2026-06-16T05:15:00+0200,46787.77705,MW,DE,DE_LU,actual_load,Actual Load,2026-07-14T14:11:01Z
2026-07-14T14:09:01Z,2026-07-14T16:09:01+0200,fe0b5391-87e1-42cc-91a2-4b5686b81b2f,2026-06-16T03:30:00Z,2026-06-16T05:30:00+0200,47539.08117,MW,DE,DE_LU,actual_load,Actual Load,2026-07-14T14:11:01Z
2026-07-14T14:09:01Z,2026-07-14T16:09:01+0200,fe0b5391-87e1-42cc-91a2-4b5686b81b2f,2026-06-16T03:45:00Z,2026-06-16T05:45:00+0200,48857.95154,MW,DE,DE_LU,actual_load,Actual Load,2026-07-14T14:11:01Z
2026-07-14T14:09:01Z,2026-07-14T16:09:01+0200,fe0b5391-87e1-42cc-91a2-4b5686b81b2f,2026-06-16T04:00:00Z,2026-06-16T06:00:00+0200,50653.99544,MW,DE,DE_LU,actual_load,Actual Load,2026-07-14T14:11:01Z
2026-07-14T14:09:01Z,2026-07-14T16:09:01+0200,fe0b5391-87e1-42cc-91a2-4b5686b81b2f,2026-06-16T04:15:00Z,2026-06-16T06:15:00+0200,52276.65434,MW,DE,DE_LU,actual_load,Actual Load,2026-07-14T14:11:01Z
2026-07-14T14:09:01Z,2026-07-14T16:09:01+0200,fe0b5391-87e1-42cc-91a2-4b5686b81b2f,2026-06-16T04:30:00Z,2026-06-16T06:30:00+0200,53910.53925,MW,DE,DE_LU,actual_load,Actual Load,2026-07-14T14:11:01Z
2026-07-14T14:09:01Z,2026-07-14T16:09:01+0200,fe0b5391-87e1-42cc-91a2-4b5686b81b2f,2026-06-16T04:45:00Z,2026-06-16T06:45:00+0200,55096.54181,MW,DE,DE_LU,actual_load,Actual Load,2026-07-14T14:11:01Z
2026-07-14T14:09:01Z,2026-07-14T16:09:01+0200,fe0b5391-87e1-42cc-91a2-4b5686b81b2f,2026-06-16T05:00:00Z,2026-06-16T07:00:00+0200,55666.50995,MW,DE,DE_LU,actual_load,Actual Load,2026-07-14T14:11:01Z
2026-07-14T14:09:01Z,2026-07-14T16:09:01+0200,fe0b5391-87e1-42cc-91a2-4b5686b81b2f,2026-06-16T05:15:00Z,2026-06-16T07:15:00+0200,56680.9867,MW,DE,DE_LU,actual_load,Actual Load,2026-07-14T14:11:01Z
2026-07-14T14:09:01Z,2026-07-14T16:09:01+0200,fe0b5391-87e1-42cc-91a2-4b5686b81b2f,2026-06-16T05:30:00Z,2026-06-16T07:30:00+0200,57379.23529,MW,DE,DE_LU,actual_load,Actual Load,2026-07-14T14:11:01Z
2026-07-14T14:09:01Z,2026-07-14T16:09:01+0200,fe0b5391-87e1-42cc-91a2-4b5686b81b2f,2026-06-16T05:45:00Z,2026-06-16T07:45:00+0200,57988.48244,MW,DE,DE_LU,actual_load,Actual Load,2026-07-14T14:11:01Z
2026-07-14T14:09:01Z,2026-07-14T16:09:01+0200,fe0b5391-87e1-42cc-91a2-4b5686b81b2f,2026-06-16T06:00:00Z,2026-06-16T08:00:00+0200,57956.57214,MW,DE,DE_LU,actual_load,Actual Load,2026-07-14T14:11:01Z
2026-07-14T14:09:01Z,2026-07-14T16:09:01+0200,fe0b5391-87e1-42cc-91a2-4b5686b81b2f,2026-06-16T06:15:00Z,2026-06-16T08:15:00+0200,58759.26774,MW,DE,DE_LU,actual_load,Actual Load,2026-07-14T14:11:01Z
2026-07-14T14:09:01Z,2026-07-14T16:09:01+0200,fe0b5391-87e1-42cc-91a2-4b5686b81b2f,2026-06-16T06:30:00Z,2026-06-16T08:30:00+0200,59109.09157,MW,DE,DE_LU,actual_load,Actual Load,2026-07-14T14:11:01Z
2026-07-14T14:09:01Z,2026-07-14T16:09:01+0200,fe0b5391-87e1-42cc-91a2-4b5686b81b2f,2026-06-16T06:45:00Z,2026-06-16T08:45:00+0200,59241.71307,MW,DE,DE_LU,actual_load,Actual Load,2026-07-14T14:11:01Z
2026-07-14T14:09:01Z,2026-07-14T16:09:01+0200,fe0b5391-87e1-42cc-91a2-4b5686b81b2f,2026-06-16T07:00:00Z,2026-06-16T09:00:00+0200,58720.03093,MW,DE,DE_LU,actual_load,Actual Load,2026-07-14T14:11:01Z
2026-07-14T14:09:01Z,2026-07-14T16:09:01+0200,fe0b5391-87e1-42cc-91a2-4b5686b81b2f,2026-06-16T07:15:00Z,2026-06-16T09:15:00+0200,59631.90818,MW,DE,DE_LU,actual_load,Actual Load,2026-07-14T14:11:01Z
2026-07-14T14:09:01Z,2026-07-14T16:09:01+0200,fe0b5391-87e1-42cc-91a2-4b5686b81b2f,2026-06-16T07:30:00Z,2026-06-16T09:30:00+0200,60330.02455,MW,DE,DE_LU,actual_load,Actual Load,2026-07-14T14:11:01Z
2026-07-14T14:09:01Z,2026-07-14T16:09:01+0200,fe0b5391-87e1-42cc-91a2-4b5686b81b2f,2026-06-16T07:45:00Z,2026-06-16T09:45:00+0200,60840.15127,MW,DE,DE_LU,actual_load,Actual Load,2026-07-14T14:11:01Z
2026-07-14T14:09:01Z,2026-07-14T16:09:01+0200,fe0b5391-87e1-42cc-91a2-4b5686b81b2f,2026-06-16T08:00:00Z,2026-06-16T10:00:00+0200,60438.41428,MW,DE,DE_LU,actual_load,Actual Load,2026-07-14T14:11:01Z
2026-07-14T14:09:01Z,2026-07-14T16:09:01+0200,fe0b5391-87e1-42cc-91a2-4b5686b81b2f,2026-06-16T08:15:00Z,2026-06-16T10:15:00+0200,60913.02377,MW,DE,DE_LU,actual_load,Actual Load,2026-07-14T14:11:01Z
2026-07-14T14:09:01Z,2026-07-14T16:09:01+0200,fe0b5391-87e1-42cc-91a2-4b5686b81b2f,2026-06-16T08:30:00Z,2026-06-16T10:30:00+0200,60883.89074,MW,DE,DE_LU,actual_load,Actual Load,2026-07-14T14:11:01Z
2026-07-14T14:09:01Z,2026-07-14T16:09:01+0200,fe0b5391-87e1-42cc-91a2-4b5686b81b2f,2026-06-16T08:45:00Z,2026-06-16T10:45:00+0200,60463.77306,MW,DE,DE_LU,actual_load,Actual Load,2026-07-14T14:11:01Z
2026-07-14T14:09:01Z,2026-07-14T16:09:01+0200,fe0b5391-87e1-42cc-91a2-4b5686b81b2f,2026-06-16T09:00:00Z,2026-06-16T11:00:00+0200,60427.48297,MW,DE,DE_LU,actual_load,Actual Load,2026-07-14T14:11:01Z
2026-07-14T14:09:01Z,2026-07-14T16:09:01+0200,fe0b5391-87e1-42cc-91a2-4b5686b81b2f,2026-06-16T09:15:00Z,2026-06-16T11:15:00+0200,60555.67697,MW,DE,DE_LU,actual_load,Actual Load,2026-07-14T14:11:01Z
2026-07-14T14:09:01Z,2026-07-14T16:09:01+0200,fe0b5391-87e1-42cc-91a2-4b5686b81b2f,2026-06-16T09:30:00Z,2026-06-16T11:30:00+0200,60096.99216,MW,DE,DE_LU,actual_load,Actual Load,2026-07-14T14:11:01Z
2026-07-14T14:09:01Z,2026-07-14T16:09:01+0200,fe0b5391-87e1-42cc-91a2-4b5686b81b2f,2026-06-16T09:45:00Z,2026-06-16T11:45:00+0200,59764.91077,MW,DE,DE_LU,actual_load,Actual Load,2026-07-14T14:11:01Z
2026-07-14T14:09:01Z,2026-07-14T16:09:01+0200,fe0b5391-87e1-42cc-91a2-4b5686b81b2f,2026-06-16T10:00:00Z,2026-06-16T12:00:00+0200,59097.5688,MW,DE,DE_LU,actual_load,Actual Load,2026-07-14T14:11:01Z
2026-07-14T14:09:01Z,2026-07-14T16:09:01+0200,fe0b5391-87e1-42cc-91a2-4b5686b81b2f,2026-06-16T10:15:00Z,2026-06-16T12:15:00+0200,58672.6053,MW,DE,DE_LU,actual_load,Actual Load,2026-07-14T14:11:01Z
2026-07-14T14:09:01Z,2026-07-14T16:09:01+0200,fe0b5391-87e1-42cc-91a2-4b5686b81b2f,2026-06-16T10:30:00Z,2026-06-16T12:30:00+0200,58573.37945,MW,DE,DE_LU,actual_load,Actual Load,2026-07-14T14:11:01Z
2026-07-14T14:09:01Z,2026-07-14T16:09:01+0200,fe0b5391-87e1-42cc-91a2-4b5686b81b2f,2026-06-16T10:45:00Z,2026-06-16T12:45:00+0200,58263.32398,MW,DE,DE_LU,actual_load,Actual Load,2026-07-14T14:11:01Z
2026-07-14T14:09:01Z,2026-07-14T16:09:01+0200,fe0b5391-87e1-42cc-91a2-4b5686b81b2f,2026-06-16T11:00:00Z,2026-06-16T13:00:00+0200,57430.49923,MW,DE,DE_LU,actual_load,Actual Load,2026-07-14T14:11:01Z
2026-07-14T14:09:01Z,2026-07-14T16:09:01+0200,fe0b5391-87e1-42cc-91a2-4b5686b81b2f,2026-06-16T11:15:00Z,2026-06-16T13:15:00+0200,57536.65325,MW,DE,DE_LU,actual_load,Actual Load,2026-07-14T14:11:01Z
2026-07-14T14:09:01Z,2026-07-14T16:09:01+0200,fe0b5391-87e1-42cc-91a2-4b5686b81b2f,2026-06-16T11:30:00Z,2026-06-16T13:30:00+0200,57747.79863,MW,DE,DE_LU,actual_load,Actual Load,2026-07-14T14:11:01Z
2026-07-14T14:09:01Z,2026-07-14T16:09:01+0200,fe0b5391-87e1-42cc-91a2-4b5686b81b2f,2026-06-16T11:45:00Z,2026-06-16T13:45:00+0200,57580.96449,MW,DE,DE_LU,actual_load,Actual Load,2026-07-14T14:11:01Z
2026-07-14T14:09:01Z,2026-07-14T16:09:01+0200,fe0b5391-87e1-42cc-91a2-4b5686b81b2f,2026-06-16T12:00:00Z,2026-06-16T14:00:00+0200,56962.85485,MW,DE,DE_LU,actual_load,Actual Load,2026-07-14T14:11:01Z
2026-07-14T14:09:01Z,2026-07-14T16:09:01+0200,fe0b5391-87e1-42cc-91a2-4b5686b81b2f,2026-06-16T12:15:00Z,2026-06-16T14:15:00+0200,56517.57969,MW,DE,DE_LU,actual_load,Actual Load,2026-07-14T14:11:01Z
2026-07-14T14:09:01Z,2026-07-14T16:09:01+0200,fe0b5391-87e1-42cc-91a2-4b5686b81b2f,2026-06-16T12:30:00Z,2026-06-16T14:30:00+0200,55982.02938,MW,DE,DE_LU,actual_load,Actual Load,2026-07-14T14:11:01Z
2026-07-14T14:09:01Z,2026-07-14T16:09:01+0200,fe0b5391-87e1-42cc-91a2-4b5686b81b2f,2026-06-16T12:45:00Z,2026-06-16T14:45:00+0200,56207.2952,MW,DE,DE_LU,actual_load,Actual Load,2026-07-14T14:11:01Z
2026-07-14T14:09:01Z,2026-07-14T16:09:01+0200,fe0b5391-87e1-42cc-91a2-4b5686b81b2f,2026-06-16T13:00:00Z,2026-06-16T15:00:00+0200,56023.89672,MW,DE,DE_LU,actual_load,Actual Load,2026-07-14T14:11:01Z
2026-07-14T14:09:01Z,2026-07-14T16:09:01+0200,fe0b5391-87e1-42cc-91a2-4b5686b81b2f,2026-06-16T13:15:00Z,2026-06-16T15:15:00+0200,55517.97771,MW,DE,DE_LU,actual_load,Actual Load,2026-07-14T14:11:01Z
2026-07-14T14:09:01Z,2026-07-14T16:09:01+0200,fe0b5391-87e1-42cc-91a2-4b5686b81b2f,2026-06-16T13:30:00Z,2026-06-16T15:30:00+0200,55412.46132,MW,DE,DE_LU,actual_load,Actual Load,2026-07-14T14:11:01Z
2026-07-14T14:09:01Z,2026-07-14T16:09:01+0200,fe0b5391-87e1-42cc-91a2-4b5686b81b2f,2026-06-16T13:45:00Z,2026-06-16T15:45:00+0200,54524.55241,MW,DE,DE_LU,actual_load,Actual Load,2026-07-14T14:11:01Z
2026-07-14T14:09:01Z,2026-07-14T16:09:01+0200,fe0b5391-87e1-42cc-91a2-4b5686b81b2f,2026-06-16T14:00:00Z,2026-06-16T16:00:00+0200,54529.8404,MW,DE,DE_LU,actual_load,Actual Load,2026-07-14T14:11:01Z
2026-07-14T14:09:01Z,2026-07-14T16:09:01+0200,fe0b5391-87e1-42cc-91a2-4b5686b81b2f,2026-06-16T14:15:00Z,2026-06-16T16:15:00+0200,54619.67816,MW,DE,DE_LU,actual_load,Actual Load,2026-07-14T14:11:01Z
2026-07-14T14:09:01Z,2026-07-14T16:09:01+0200,fe0b5391-87e1-42cc-91a2-4b5686b81b2f,2026-06-16T14:30:00Z,2026-06-16T16:30:00+0200,54421.30691,MW,DE,DE_LU,actual_load,Actual Load,2026-07-14T14:11:01Z
2026-07-14T14:09:01Z,2026-07-14T16:09:01+0200,fe0b5391-87e1-42cc-91a2-4b5686b81b2f,2026-06-16T14:45:00Z,2026-06-16T16:45:00+0200,54865.5925,MW,DE,DE_LU,actual_load,Actual Load,2026-07-14T14:11:01Z
2026-07-14T14:09:01Z,2026-07-14T16:09:01+0200,fe0b5391-87e1-42cc-91a2-4b5686b81b2f,2026-06-16T15:00:00Z,2026-06-16T17:00:00+0200,55654.29425,MW,DE,DE_LU,actual_load,Actual Load,2026-07-14T14:11:01Z
2026-07-14T14:09:01Z,2026-07-14T16:09:01+0200,fe0b5391-87e1-42cc-91a2-4b5686b81b2f,2026-06-16T15:15:00Z,2026-06-16T17:15:00+0200,55851.75852,MW,DE,DE_LU,actual_load,Actual Load,2026-07-14T14:11:01Z
2026-07-14T14:09:01Z,2026-07-14T16:09:01+0200,fe0b5391-87e1-42cc-91a2-4b5686b81b2f,2026-06-16T15:30:00Z,2026-06-16T17:30:00+0200,56307.4588,MW,DE,DE_LU,actual_load,Actual Load,2026-07-14T14:11:01Z
2026-07-14T14:09:01Z,2026-07-14T16:09:01+0200,fe0b5391-87e1-42cc-91a2-4b5686b81b2f,2026-06-16T15:45:00Z,2026-06-16T17:45:00+0200,56865.30793,MW,DE,DE_LU,actual_load,Actual Load,2026-07-14T14:11:01Z
2026-07-14T14:09:01Z,2026-07-14T16:09:01+0200,fe0b5391-87e1-42cc-91a2-4b5686b81b2f,2026-06-16T16:00:00Z,2026-06-16T18:00:00+0200,57056.01451,MW,DE,DE_LU,actual_load,Actual Load,2026-07-14T14:11:01Z
2026-07-14T14:09:01Z,2026-07-14T16:09:01+0200,fe0b5391-87e1-42cc-91a2-4b5686b81b2f,2026-06-16T16:15:00Z,2026-06-16T18:15:00+0200,57836.46489,MW,DE,DE_LU,actual_load,Actual Load,2026-07-14T14:11:01Z
2026-07-14T14:09:01Z,2026-07-14T16:09:01+0200,fe0b5391-87e1-42cc-91a2-4b5686b81b2f,2026-06-16T16:30:00Z,2026-06-16T18:30:00+0200,58573.54071,MW,DE,DE_LU,actual_load,Actual Load,2026-07-14T14:11:01Z
2026-07-14T14:09:01Z,2026-07-14T16:09:01+0200,fe0b5391-87e1-42cc-91a2-4b5686b81b2f,2026-06-16T16:45:00Z,2026-06-16T18:45:00+0200,58607.87967,MW,DE,DE_LU,actual_load,Actual Load,2026-07-14T14:11:01Z
2026-07-14T14:09:01Z,2026-07-14T16:09:01+0200,fe0b5391-87e1-42cc-91a2-4b5686b81b2f,2026-06-16T17:00:00Z,2026-06-16T19:00:00+0200,58569.61682,MW,DE,DE_LU,actual_load,Actual Load,2026-07-14T14:11:01Z
2026-07-14T14:09:01Z,2026-07-14T16:09:01+0200,fe0b5391-87e1-42cc-91a2-4b5686b81b2f,2026-06-16T17:15:00Z,2026-06-16T19:15:00+0200,58166.41609,MW,DE,DE_LU,actual_load,Actual Load,2026-07-14T14:11:01Z
2026-07-14T14:09:01Z,2026-07-14T16:09:01+0200,fe0b5391-87e1-42cc-91a2-4b5686b81b2f,2026-06-16T17:30:00Z,2026-06-16T19:30:00+0200,57757.06716,MW,DE,DE_LU,actual_load,Actual Load,2026-07-14T14:11:01Z
2026-07-14T14:09:01Z,2026-07-14T16:09:01+0200,fe0b5391-87e1-42cc-91a2-4b5686b81b2f,2026-06-16T17:45:00Z,2026-06-16T19:45:00+0200,57575.38701,MW,DE,DE_LU,actual_load,Actual Load,2026-07-14T14:11:01Z
2026-07-14T14:09:01Z,2026-07-14T16:09:01+0200,fe0b5391-87e1-42cc-91a2-4b5686b81b2f,2026-06-16T18:00:00Z,2026-06-16T20:00:00+0200,56742.9749,MW,DE,DE_LU,actual_load,Actual Load,2026-07-14T14:11:01Z
2026-07-14T14:09:01Z,2026-07-14T16:09:01+0200,fe0b5391-87e1-42cc-91a2-4b5686b81b2f,2026-06-16T18:15:00Z,2026-06-16T20:15:00+0200,56074.37867,MW,DE,DE_LU,actual_load,Actual Load,2026-07-14T14:11:01Z
2026-07-14T14:09:01Z,2026-07-14T16:09:01+0200,fe0b5391-87e1-42cc-91a2-4b5686b81b2f,2026-06-16T18:30:00Z,2026-06-16T20:30:00+0200,55787.15129,MW,DE,DE_LU,actual_load,Actual Load,2026-07-14T14:11:01Z
2026-07-14T14:09:01Z,2026-07-14T16:09:01+0200,fe0b5391-87e1-42cc-91a2-4b5686b81b2f,2026-06-16T18:45:00Z,2026-06-16T20:45:00+0200,55321.31172,MW,DE,DE_LU,actual_load,Actual Load,2026-07-14T14:11:01Z
2026-07-14T14:09:01Z,2026-07-14T16:09:01+0200,fe0b5391-87e1-42cc-91a2-4b5686b81b2f,2026-06-16T19:00:00Z,2026-06-16T21:00:00+0200,54380.27775,MW,DE,DE_LU,actual_load,Actual Load,2026-07-14T14:11:01Z
2026-07-14T14:09:01Z,2026-07-14T16:09:01+0200,fe0b5391-87e1-42cc-91a2-4b5686b81b2f,2026-06-16T19:15:00Z,2026-06-16T21:15:00+0200,53943.65021,MW,DE,DE_LU,actual_load,Actual Load,2026-07-14T14:11:01Z
2026-07-14T14:09:01Z,2026-07-14T16:09:01+0200,fe0b5391-87e1-42cc-91a2-4b5686b81b2f,2026-06-16T19:30:00Z,2026-06-16T21:30:00+0200,52721.94073,MW,DE,DE_LU,actual_load,Actual Load,2026-07-14T14:11:01Z
2026-07-14T14:09:01Z,2026-07-14T16:09:01+0200,fe0b5391-87e1-42cc-91a2-4b5686b81b2f,2026-06-16T19:45:00Z,2026-06-16T21:45:00+0200,52847.50438,MW,DE,DE_LU,actual_load,Actual Load,2026-07-14T14:11:01Z
2026-07-14T14:09:01Z,2026-07-14T16:09:01+0200,fe0b5391-87e1-42cc-91a2-4b5686b81b2f,2026-06-16T20:00:00Z,2026-06-16T22:00:00+0200,52073.94632,MW,DE,DE_LU,actual_load,Actual Load,2026-07-14T14:11:01Z
2026-07-14T14:09:01Z,2026-07-14T16:09:01+0200,fe0b5391-87e1-42cc-91a2-4b5686b81b2f,2026-06-16T20:15:00Z,2026-06-16T22:15:00+0200,51691.28495,MW,DE,DE_LU,actual_load,Actual Load,2026-07-14T14:11:01Z
2026-07-14T14:09:01Z,2026-07-14T16:09:01+0200,fe0b5391-87e1-42cc-91a2-4b5686b81b2f,2026-06-16T20:30:00Z,2026-06-16T22:30:00+0200,51012.82163,MW,DE,DE_LU,actual_load,Actual Load,2026-07-14T14:11:01Z
2026-07-14T14:09:01Z,2026-07-14T16:09:01+0200,fe0b5391-87e1-42cc-91a2-4b5686b81b2f,2026-06-16T20:45:00Z,2026-06-16T22:45:00+0200,50445.53894,MW,DE,DE_LU,actual_load,Actual Load,2026-07-14T14:11:01Z
2026-07-14T14:09:01Z,2026-07-14T16:09:01+0200,fe0b5391-87e1-42cc-91a2-4b5686b81b2f,2026-06-16T21:00:00Z,2026-06-16T23:00:00+0200,49427.39339,MW,DE,DE_LU,actual_load,Actual Load,2026-07-14T14:11:01Z
2026-07-14T14:09:01Z,2026-07-14T16:09:01+0200,fe0b5391-87e1-42cc-91a2-4b5686b81b2f,2026-06-16T21:15:00Z,2026-06-16T23:15:00+0200,48284.24944,MW,DE,DE_LU,actual_load,Actual Load,2026-07-14T14:11:01Z
2026-07-14T14:09:01Z,2026-07-14T16:09:01+0200,fe0b5391-87e1-42cc-91a2-4b5686b81b2f,2026-06-16T21:30:00Z,2026-06-16T23:30:00+0200,47601.6558,MW,DE,DE_LU,actual_load,Actual Load,2026-07-14T14:11:01Z
2026-07-14T14:09:01Z,2026-07-14T16:09:01+0200,fe0b5391-87e1-42cc-91a2-4b5686b81b2f,2026-06-16T21:45:00Z,2026-06-16T23:45:00+0200,47109.48424,MW,DE,DE_LU,actual_load,Actual Load,2026-07-14T14:11:01Z
2026-07-14T14:09:01Z,2026-07-14T16:09:01+0200,fe0b5391-87e1-42cc-91a2-4b5686b81b2f,2026-06-16T22:00:00Z,2026-06-17T00:00:00+0200,46131.37019,MW,DE,DE_LU,actual_load,Actual Load,2026-07-14T14:11:01Z
2026-07-14T14:09:01Z,2026-07-14T16:09:01+0200,fe0b5391-87e1-42cc-91a2-4b5686b81b2f,2026-06-16T22:15:00Z,2026-06-17T00:15:00+0200,45578.09506,MW,DE,DE_LU,actual_load,Actual Load,2026-07-14T14:11:01Z
2026-07-14T14:09:01Z,2026-07-14T16:09:01+0200,fe0b5391-87e1-42cc-91a2-4b5686b81b2f,2026-06-16T22:30:00Z,2026-06-17T00:30:00+0200,45426.21873,MW,DE,DE_LU,actual_load,Actual Load,2026-07-14T14:11:01Z
2026-07-14T14:09:01Z,2026-07-14T16:09:01+0200,fe0b5391-87e1-42cc-91a2-4b5686b81b2f,2026-06-16T22:45:00Z,2026-06-17T00:45:00+0200,45180.15798,MW,DE,DE_LU,actual_load,Actual Load,2026-07-14T14:11:01Z
2026-07-14T14:09:01Z,2026-07-14T16:09:01+0200,fe0b5391-87e1-42cc-91a2-4b5686b81b2f,2026-06-16T23:00:00Z,2026-06-17T01:00:00+0200,45089.52486,MW,DE,DE_LU,actual_load,Actual Load,2026-07-14T14:11:01Z
2026-07-14T14:09:01Z,2026-07-14T16:09:01+0200,fe0b5391-87e1-42cc-91a2-4b5686b81b2f,2026-06-16T23:15:00Z,2026-06-17T01:15:00+0200,44737.16766,MW,DE,DE_LU,actual_load,Actual Load,2026-07-14T14:11:01Z
2026-07-14T14:09:01Z,2026-07-14T16:09:01+0200,fe0b5391-87e1-42cc-91a2-4b5686b81b2f,2026-06-16T23:30:00Z,2026-06-17T01:30:00+0200,44594.7052,MW,DE,DE_LU,actual_load,Actual Load,2026-07-14T14:11:01Z
2026-07-14T14:09:01Z,2026-07-14T16:09:01+0200,fe0b5391-87e1-42cc-91a2-4b5686b81b2f,2026-06-16T23:45:00Z,2026-06-17T01:45:00+0200,44257.51456,MW,DE,DE_LU,actual_load,Actual Load,2026-07-14T14:11:01Z
2026-07-14T14:09:01Z,2026-07-14T16:09:01+0200,fe0b5391-87e1-42cc-91a2-4b5686b81b2f,2026-06-17T00:00:00Z,2026-06-17T02:00:00+0200,43625.54226,MW,DE,DE_LU,actual_load,Actual Load,2026-07-14T14:11:01Z
2026-07-14T14:09:01Z,2026-07-14T16:09:01+0200,fe0b5391-87e1-42cc-91a2-4b5686b81b2f,2026-06-17T00:15:00Z,2026-06-17T02:15:00+0200,43517.09052,MW,DE,DE_LU,actual_load,Actual Load,2026-07-14T14:11:01Z
2026-07-14T14:09:01Z,2026-07-14T16:09:01+0200,fe0b5391-87e1-42cc-91a2-4b5686b81b2f,2026-06-17T00:30:00Z,2026-06-17T02:30:00+0200,43728.52733,MW,DE,DE_LU,actual_load,Actual Load,2026-07-14T14:11:01Z
2026-07-14T14:09:01Z,2026-07-14T16:09:01+0200,fe0b5391-87e1-42cc-91a2-4b5686b81b2f,2026-06-17T00:45:00Z,2026-06-17T02:45:00+0200,43795.82899,MW,DE,DE_LU,actual_load,Actual Load,2026-07-14T14:11:01Z
2026-07-14T14:09:01Z,2026-07-14T16:09:01+0200,fe0b5391-87e1-42cc-91a2-4b5686b81b2f,2026-06-17T01:00:00Z,2026-06-17T03:00:00+0200,43690.97363,MW,DE,DE_LU,actual_load,Actual Load,2026-07-14T14:11:01Z
2026-07-14T14:09:01Z,2026-07-14T16:09:01+0200,fe0b5391-87e1-42cc-91a2-4b5686b81b2f,2026-06-17T01:15:00Z,2026-06-17T03:15:00+0200,43855.42332,MW,DE,DE_LU,actual_load,Actual Load,2026-07-14T14:11:01Z
2026-07-14T14:09:01Z,2026-07-14T16:09:01+0200,fe0b5391-87e1-42cc-91a2-4b5686b81b2f,2026-06-17T01:30:00Z,2026-06-17T03:30:00+0200,43921.70762,MW,DE,DE_LU,actual_load,Actual Load,2026-07-14T14:11:01Z
2026-07-14T14:09:01Z,2026-07-14T16:09:01+0200,fe0b5391-87e1-42cc-91a2-4b5686b81b2f,2026-06-17T01:45:00Z,2026-06-17T03:45:00+0200,44006.97197,MW,DE,DE_LU,actual_load,Actual Load,2026-07-14T14:11:01Z
2026-07-14T14:09:01Z,2026-07-14T16:09:01+0200,fe0b5391-87e1-42cc-91a2-4b5686b81b2f,2026-06-17T02:00:00Z,2026-06-17T04:00:00+0200,44179.84478,MW,DE,DE_LU,actual_load,Actual Load,2026-07-14T14:11:01Z
2026-07-14T14:09:01Z,2026-07-14T16:09:01+0200,fe0b5391-87e1-42cc-91a2-4b5686b81b2f,2026-06-17T02:15:00Z,2026-06-17T04:15:00+0200,44542.13758,MW,DE,DE_LU,actual_load,Actual Load,2026-07-14T14:11:01Z
2026-07-14T14:09:01Z,2026-07-14T16:09:01+0200,fe0b5391-87e1-42cc-91a2-4b5686b81b2f,2026-06-17T02:30:00Z,2026-06-17T04:30:00+0200,45043.64033,MW,DE,DE_LU,actual_load,Actual Load,2026-07-14T14:11:01Z
2026-07-14T14:09:01Z,2026-07-14T16:09:01+0200,fe0b5391-87e1-42cc-91a2-4b5686b81b2f,2026-06-17T02:45:00Z,2026-06-17T04:45:00+0200,44920.74429,MW,DE,DE_LU,actual_load,Actual Load,2026-07-14T14:11:01Z
2026-07-14T14:09:01Z,2026-07-14T16:09:01+0200,fe0b5391-87e1-42cc-91a2-4b5686b81b2f,2026-06-17T03:00:00Z,2026-06-17T05:00:00+0200,46179.67808,MW,DE,DE_LU,actual_load,Actual Load,2026-07-14T14:11:01Z
2026-07-14T14:09:01Z,2026-07-14T16:09:01+0200,fe0b5391-87e1-42cc-91a2-4b5686b81b2f,2026-06-17T03:15:00Z,2026-06-17T05:15:00+0200,46555.7941,MW,DE,DE_LU,actual_load,Actual Load,2026-07-14T14:11:01Z
2026-07-14T14:09:01Z,2026-07-14T16:09:01+0200,fe0b5391-87e1-42cc-91a2-4b5686b81b2f,2026-06-17T03:30:00Z,2026-06-17T05:30:00+0200,47515.81903,MW,DE,DE_LU,actual_load,Actual Load,2026-07-14T14:11:01Z
2026-07-14T14:09:01Z,2026-07-14T16:09:01+0200,fe0b5391-87e1-42cc-91a2-4b5686b81b2f,2026-06-17T03:45:00Z,2026-06-17T05:45:00+0200,49026.71907,MW,DE,DE_LU,actual_load,Actual Load,2026-07-14T14:11:01Z
2026-07-14T14:09:01Z,2026-07-14T16:09:01+0200,fe0b5391-87e1-42cc-91a2-4b5686b81b2f,2026-06-17T04:00:00Z,2026-06-17T06:00:00+0200,51492.32073,MW,DE,DE_LU,actual_load,Actual Load,2026-07-14T14:11:01Z
2026-07-14T14:09:01Z,2026-07-14T16:09:01+0200,fe0b5391-87e1-42cc-91a2-4b5686b81b2f,2026-06-17T04:15:00Z,2026-06-17T06:15:00+0200,53248.46088,MW,DE,DE_LU,actual_load,Actual Load,2026-07-14T14:11:01Z
2026-07-14T14:09:01Z,2026-07-14T16:09:01+0200,fe0b5391-87e1-42cc-91a2-4b5686b81b2f,2026-06-17T04:30:00Z,2026-06-17T06:30:00+0200,54571.53883,MW,DE,DE_LU,actual_load,Actual Load,2026-07-14T14:11:01Z
2026-07-14T14:09:01Z,2026-07-14T16:09:01+0200,fe0b5391-87e1-42cc-91a2-4b5686b81b2f,2026-06-17T04:45:00Z,2026-06-17T06:45:00+0200,56057.40465,MW,DE,DE_LU,actual_load,Actual Load,2026-07-14T14:11:01Z
2026-07-14T14:09:01Z,2026-07-14T16:09:01+0200,fe0b5391-87e1-42cc-91a2-4b5686b81b2f,2026-06-17T05:00:00Z,2026-06-17T07:00:00+0200,57099.57223,MW,DE,DE_LU,actual_load,Actual Load,2026-07-14T14:11:01Z
2026-07-14T14:09:01Z,2026-07-14T16:09:01+0200,fe0b5391-87e1-42cc-91a2-4b5686b81b2f,2026-06-17T05:15:00Z,2026-06-17T07:15:00+0200,58614.92969,MW,DE,DE_LU,actual_load,Actual Load,2026-07-14T14:11:01Z
2026-07-14T14:09:01Z,2026-07-14T16:09:01+0200,fe0b5391-87e1-42cc-91a2-4b5686b81b2f,2026-06-17T05:30:00Z,2026-06-17T07:30:00+0200,59143.4643,MW,DE,DE_LU,actual_load,Actual Load,2026-07-14T14:11:01Z
2026-07-14T14:09:01Z,2026-07-14T16:09:01+0200,fe0b5391-87e1-42cc-91a2-4b5686b81b2f,2026-06-17T05:45:00Z,2026-06-17T07:45:00+0200,59914.2993,MW,DE,DE_LU,actual_load,Actual Load,2026-07-14T14:11:01Z
2026-07-14T14:09:01Z,2026-07-14T16:09:01+0200,fe0b5391-87e1-42cc-91a2-4b5686b81b2f,2026-06-17T06:00:00Z,2026-06-17T08:00:00+0200,59548.11071,MW,DE,DE_LU,actual_load,Actual Load,2026-07-14T14:11:01Z
2026-07-14T14:09:01Z,2026-07-14T16:09:01+0200,fe0b5391-87e1-42cc-91a2-4b5686b81b2f,2026-06-17T06:15:00Z,2026-06-17T08:15:00+0200,60343.24997,MW,DE,DE_LU,actual_load,Actual Load,2026-07-14T14:11:01Z
2026-07-14T14:09:01Z,2026-07-14T16:09:01+0200,fe0b5391-87e1-42cc-91a2-4b5686b81b2f,2026-06-17T06:30:00Z,2026-06-17T08:30:00+0200,60884.14073,MW,DE,DE_LU,actual_load,Actual Load,2026-07-14T14:11:01Z
2026-07-14T14:09:01Z,2026-07-14T16:09:01+0200,fe0b5391-87e1-42cc-91a2-4b5686b81b2f,2026-06-17T06:45:00Z,2026-06-17T08:45:00+0200,60367.1681,MW,DE,DE_LU,actual_load,Actual Load,2026-07-14T14:11:01Z
2026-07-14T14:09:01Z,2026-07-14T16:09:01+0200,fe0b5391-87e1-42cc-91a2-4b5686b81b2f,2026-06-17T07:00:00Z,2026-06-17T09:00:00+0200,58849.75557,MW,DE,DE_LU,actual_load,Actual Load,2026-07-14T14:11:01Z
2026-07-14T14:09:01Z,2026-07-14T16:09:01+0200,fe0b5391-87e1-42cc-91a2-4b5686b81b2f,2026-06-17T07:15:00Z,2026-06-17T09:15:00+0200,58891.02127,MW,DE,DE_LU,actual_load,Actual Load,2026-07-14T14:11:01Z
2026-07-14T14:09:01Z,2026-07-14T16:09:01+0200,fe0b5391-87e1-42cc-91a2-4b5686b81b2f,2026-06-17T07:30:00Z,2026-06-17T09:30:00+0200,58690.40606,MW,DE,DE_LU,actual_load,Actual Load,2026-07-14T14:11:01Z
2026-07-14T14:09:01Z,2026-07-14T16:09:01+0200,fe0b5391-87e1-42cc-91a2-4b5686b81b2f,2026-06-17T07:45:00Z,2026-06-17T09:45:00+0200,58394.89346,MW,DE,DE_LU,actual_load,Actual Load,2026-07-14T14:11:01Z
2026-07-14T14:09:01Z,2026-07-14T16:09:01+0200,fe0b5391-87e1-42cc-91a2-4b5686b81b2f,2026-06-17T08:00:00Z,2026-06-17T10:00:00+0200,58236.63112,MW,DE,DE_LU,actual_load,Actual Load,2026-07-14T14:11:01Z
2026-07-14T14:09:01Z,2026-07-14T16:09:01+0200,fe0b5391-87e1-42cc-91a2-4b5686b81b2f,2026-06-17T08:15:00Z,2026-06-17T10:15:00+0200,59066.88896,MW,DE,DE_LU,actual_load,Actual Load,2026-07-14T14:11:01Z
2026-07-14T14:09:01Z,2026-07-14T16:09:01+0200,fe0b5391-87e1-42cc-91a2-4b5686b81b2f,2026-06-17T08:30:00Z,2026-06-17T10:30:00+0200,58974.60266,MW,DE,DE_LU,actual_load,Actual Load,2026-07-14T14:11:01Z
2026-07-14T14:09:01Z,2026-07-14T16:09:01+0200,fe0b5391-87e1-42cc-91a2-4b5686b81b2f,2026-06-17T08:45:00Z,2026-06-17T10:45:00+0200,58572.28578,MW,DE,DE_LU,actual_load,Actual Load,2026-07-14T14:11:01Z
2026-07-14T14:09:01Z,2026-07-14T16:09:01+0200,fe0b5391-87e1-42cc-91a2-4b5686b81b2f,2026-06-17T09:00:00Z,2026-06-17T11:00:00+0200,58423.32305,MW,DE,DE_LU,actual_load,Actual Load,2026-07-14T14:11:01Z
2026-07-14T14:09:01Z,2026-07-14T16:09:01+0200,fe0b5391-87e1-42cc-91a2-4b5686b81b2f,2026-06-17T09:15:00Z,2026-06-17T11:15:00+0200,58582.27295,MW,DE,DE_LU,actual_load,Actual Load,2026-07-14T14:11:01Z
2026-07-14T14:09:01Z,2026-07-14T16:09:01+0200,fe0b5391-87e1-42cc-91a2-4b5686b81b2f,2026-06-17T09:30:00Z,2026-06-17T11:30:00+0200,58434.22926,MW,DE,DE_LU,actual_load,Actual Load,2026-07-14T14:11:01Z
2026-07-14T14:09:01Z,2026-07-14T16:09:01+0200,fe0b5391-87e1-42cc-91a2-4b5686b81b2f,2026-06-17T09:45:00Z,2026-06-17T11:45:00+0200,58577.78401,MW,DE,DE_LU,actual_load,Actual Load,2026-07-14T14:11:01Z
2026-07-14T14:09:01Z,2026-07-14T16:09:01+0200,fe0b5391-87e1-42cc-91a2-4b5686b81b2f,2026-06-17T10:00:00Z,2026-06-17T12:00:00+0200,57794.20094,MW,DE,DE_LU,actual_load,Actual Load,2026-07-14T14:11:01Z
2026-07-14T14:09:01Z,2026-07-14T16:09:01+0200,fe0b5391-87e1-42cc-91a2-4b5686b81b2f,2026-06-17T10:15:00Z,2026-06-17T12:15:00+0200,57657.57783,MW,DE,DE_LU,actual_load,Actual Load,2026-07-14T14:11:01Z
2026-07-14T14:09:01Z,2026-07-14T16:09:01+0200,fe0b5391-87e1-42cc-91a2-4b5686b81b2f,2026-06-17T10:30:00Z,2026-06-17T12:30:00+0200,57530.24773,MW,DE,DE_LU,actual_load,Actual Load,2026-07-14T14:11:01Z
2026-07-14T14:09:01Z,2026-07-14T16:09:01+0200,fe0b5391-87e1-42cc-91a2-4b5686b81b2f,2026-06-17T10:45:00Z,2026-06-17T12:45:00+0200,58185.84147,MW,DE,DE_LU,actual_load,Actual Load,2026-07-14T14:11:01Z
2026-07-14T14:09:01Z,2026-07-14T16:09:01+0200,fe0b5391-87e1-42cc-91a2-4b5686b81b2f,2026-06-17T11:00:00Z,2026-06-17T13:00:00+0200,57566.79356,MW,DE,DE_LU,actual_load,Actual Load,2026-07-14T14:11:01Z
2026-07-14T14:09:01Z,2026-07-14T16:09:01+0200,fe0b5391-87e1-42cc-91a2-4b5686b81b2f,2026-06-17T11:15:00Z,2026-06-17T13:15:00+0200,57731.45054,MW,DE,DE_LU,actual_load,Actual Load,2026-07-14T14:11:01Z
2026-07-14T14:09:01Z,2026-07-14T16:09:01+0200,fe0b5391-87e1-42cc-91a2-4b5686b81b2f,2026-06-17T11:30:00Z,2026-06-17T13:30:00+0200,57684.89898,MW,DE,DE_LU,actual_load,Actual Load,2026-07-14T14:11:01Z
2026-07-14T14:09:01Z,2026-07-14T16:09:01+0200,fe0b5391-87e1-42cc-91a2-4b5686b81b2f,2026-06-17T11:45:00Z,2026-06-17T13:45:00+0200,56722.56519,MW,DE,DE_LU,actual_load,Actual Load,2026-07-14T14:11:01Z
2026-07-14T14:09:01Z,2026-07-14T16:09:01+0200,fe0b5391-87e1-42cc-91a2-4b5686b81b2f,2026-06-17T12:00:00Z,2026-06-17T14:00:00+0200,56126.55146,MW,DE,DE_LU,actual_load,Actual Load,2026-07-14T14:11:01Z
2026-07-14T14:09:01Z,2026-07-14T16:09:01+0200,fe0b5391-87e1-42cc-91a2-4b5686b81b2f,2026-06-17T12:15:00Z,2026-06-17T14:15:00+0200,56093.29331,MW,DE,DE_LU,actual_load,Actual Load,2026-07-14T14:11:01Z
2026-07-14T14:09:01Z,2026-07-14T16:09:01+0200,fe0b5391-87e1-42cc-91a2-4b5686b81b2f,2026-06-17T12:30:00Z,2026-06-17T14:30:00+0200,55987.42468,MW,DE,DE_LU,actual_load,Actual Load,2026-07-14T14:11:01Z
2026-07-14T14:09:01Z,2026-07-14T16:09:01+0200,fe0b5391-87e1-42cc-91a2-4b5686b81b2f,2026-06-17T12:45:00Z,2026-06-17T14:45:00+0200,55749.36763,MW,DE,DE_LU,actual_load,Actual Load,2026-07-14T14:11:01Z
2026-07-14T14:09:01Z,2026-07-14T16:09:01+0200,fe0b5391-87e1-42cc-91a2-4b5686b81b2f,2026-06-17T13:00:00Z,2026-06-17T15:00:00+0200,55198.4174,MW,DE,DE_LU,actual_load,Actual Load,2026-07-14T14:11:01Z
2026-07-14T14:09:01Z,2026-07-14T16:09:01+0200,fe0b5391-87e1-42cc-91a2-4b5686b81b2f,2026-06-17T13:15:00Z,2026-06-17T15:15:00+0200,54700.04989,MW,DE,DE_LU,actual_load,Actual Load,2026-07-14T14:11:01Z
2026-07-14T14:09:01Z,2026-07-14T16:09:01+0200,fe0b5391-87e1-42cc-91a2-4b5686b81b2f,2026-06-17T13:30:00Z,2026-06-17T15:30:00+0200,54848.32533,MW,DE,DE_LU,actual_load,Actual Load,2026-07-14T14:11:01Z
2026-07-14T14:09:01Z,2026-07-14T16:09:01+0200,fe0b5391-87e1-42cc-91a2-4b5686b81b2f,2026-06-17T13:45:00Z,2026-06-17T15:45:00+0200,55033.40775,MW,DE,DE_LU,actual_load,Actual Load,2026-07-14T14:11:01Z
2026-07-14T14:09:01Z,2026-07-14T16:09:01+0200,fe0b5391-87e1-42cc-91a2-4b5686b81b2f,2026-06-17T14:00:00Z,2026-06-17T16:00:00+0200,55683.57318,MW,DE,DE_LU,actual_load,Actual Load,2026-07-14T14:11:01Z
2026-07-14T14:09:01Z,2026-07-14T16:09:01+0200,fe0b5391-87e1-42cc-91a2-4b5686b81b2f,2026-06-17T14:15:00Z,2026-06-17T16:15:00+0200,55848.38143,MW,DE,DE_LU,actual_load,Actual Load,2026-07-14T14:11:01Z
2026-07-14T14:09:01Z,2026-07-14T16:09:01+0200,fe0b5391-87e1-42cc-91a2-4b5686b81b2f,2026-06-17T14:30:00Z,2026-06-17T16:30:00+0200,56044.78035,MW,DE,DE_LU,actual_load,Actual Load,2026-07-14T14:11:01Z
2026-07-14T14:09:01Z,2026-07-14T16:09:01+0200,fe0b5391-87e1-42cc-91a2-4b5686b81b2f,2026-06-17T14:45:00Z,2026-06-17T16:45:00+0200,56515.70712,MW,DE,DE_LU,actual_load,Actual Load,2026-07-14T14:11:01Z
2026-07-14T14:09:01Z,2026-07-14T16:09:01+0200,fe0b5391-87e1-42cc-91a2-4b5686b81b2f,2026-06-17T15:00:00Z,2026-06-17T17:00:00+0200,56954.2504,MW,DE,DE_LU,actual_load,Actual Load,2026-07-14T14:11:01Z
2026-07-14T14:09:01Z,2026-07-14T16:09:01+0200,fe0b5391-87e1-42cc-91a2-4b5686b81b2f,2026-06-17T15:15:00Z,2026-06-17T17:15:00+0200,56798.23273,MW,DE,DE_LU,actual_load,Actual Load,2026-07-14T14:11:01Z
2026-07-14T14:09:01Z,2026-07-14T16:09:01+0200,fe0b5391-87e1-42cc-91a2-4b5686b81b2f,2026-06-17T15:30:00Z,2026-06-17T17:30:00+0200,57332.95946,MW,DE,DE_LU,actual_load,Actual Load,2026-07-14T14:11:01Z
2026-07-14T14:09:01Z,2026-07-14T16:09:01+0200,fe0b5391-87e1-42cc-91a2-4b5686b81b2f,2026-06-17T15:45:00Z,2026-06-17T17:45:00+0200,57739.8445,MW,DE,DE_LU,actual_load,Actual Load,2026-07-14T14:11:01Z
2026-07-14T14:09:01Z,2026-07-14T16:09:01+0200,fe0b5391-87e1-42cc-91a2-4b5686b81b2f,2026-06-17T16:00:00Z,2026-06-17T18:00:00+0200,59470.41704,MW,DE,DE_LU,actual_load,Actual Load,2026-07-14T14:11:01Z
2026-07-14T14:09:01Z,2026-07-14T16:09:01+0200,fe0b5391-87e1-42cc-91a2-4b5686b81b2f,2026-06-17T16:15:00Z,2026-06-17T18:15:00+0200,59423.53029,MW,DE,DE_LU,actual_load,Actual Load,2026-07-14T14:11:01Z
2026-07-14T14:09:01Z,2026-07-14T16:09:01+0200,fe0b5391-87e1-42cc-91a2-4b5686b81b2f,2026-06-17T16:30:00Z,2026-06-17T18:30:00+0200,59861.65775,MW,DE,DE_LU,actual_load,Actual Load,2026-07-14T14:11:01Z
2026-07-14T14:09:01Z,2026-07-14T16:09:01+0200,fe0b5391-87e1-42cc-91a2-4b5686b81b2f,2026-06-17T16:45:00Z,2026-06-17T18:45:00+0200,59867.1651,MW,DE,DE_LU,actual_load,Actual Load,2026-07-14T14:11:01Z
2026-07-14T14:09:01Z,2026-07-14T16:09:01+0200,fe0b5391-87e1-42cc-91a2-4b5686b81b2f,2026-06-17T17:00:00Z,2026-06-17T19:00:00+0200,61331.14943,MW,DE,DE_LU,actual_load,Actual Load,2026-07-14T14:11:01Z
2026-07-14T14:09:01Z,2026-07-14T16:09:01+0200,fe0b5391-87e1-42cc-91a2-4b5686b81b2f,2026-06-17T17:15:00Z,2026-06-17T19:15:00+0200,60568.4403,MW,DE,DE_LU,actual_load,Actual Load,2026-07-14T14:11:01Z
2026-07-14T14:09:01Z,2026-07-14T16:09:01+0200,fe0b5391-87e1-42cc-91a2-4b5686b81b2f,2026-06-17T17:30:00Z,2026-06-17T19:30:00+0200,60405.70818,MW,DE,DE_LU,actual_load,Actual Load,2026-07-14T14:11:01Z
2026-07-14T14:09:01Z,2026-07-14T16:09:01+0200,fe0b5391-87e1-42cc-91a2-4b5686b81b2f,2026-06-17T17:45:00Z,2026-06-17T19:45:00+0200,59597.00398,MW,DE,DE_LU,actual_load,Actual Load,2026-07-14T14:11:01Z
2026-07-14T14:09:01Z,2026-07-14T16:09:01+0200,fe0b5391-87e1-42cc-91a2-4b5686b81b2f,2026-06-17T18:00:00Z,2026-06-17T20:00:00+0200,59676.12927,MW,DE,DE_LU,actual_load,Actual Load,2026-07-14T14:11:01Z
2026-07-14T14:09:01Z,2026-07-14T16:09:01+0200,fe0b5391-87e1-42cc-91a2-4b5686b81b2f,2026-06-17T18:15:00Z,2026-06-17T20:15:00+0200,59228.68627,MW,DE,DE_LU,actual_load,Actual Load,2026-07-14T14:11:01Z
2026-07-14T14:09:01Z,2026-07-14T16:09:01+0200,fe0b5391-87e1-42cc-91a2-4b5686b81b2f,2026-06-17T18:30:00Z,2026-06-17T20:30:00+0200,58798.40531,MW,DE,DE_LU,actual_load,Actual Load,2026-07-14T14:11:01Z
2026-07-14T14:09:01Z,2026-07-14T16:09:01+0200,fe0b5391-87e1-42cc-91a2-4b5686b81b2f,2026-06-17T18:45:00Z,2026-06-17T20:45:00+0200,57798.48281,MW,DE,DE_LU,actual_load,Actual Load,2026-07-14T14:11:01Z
2026-07-14T14:09:01Z,2026-07-14T16:09:01+0200,fe0b5391-87e1-42cc-91a2-4b5686b81b2f,2026-06-17T19:00:00Z,2026-06-17T21:00:00+0200,56987.64755,MW,DE,DE_LU,actual_load,Actual Load,2026-07-14T14:11:01Z
2026-07-14T14:09:01Z,2026-07-14T16:09:01+0200,fe0b5391-87e1-42cc-91a2-4b5686b81b2f,2026-06-17T19:15:00Z,2026-06-17T21:15:00+0200,56349.33103,MW,DE,DE_LU,actual_load,Actual Load,2026-07-14T14:11:01Z
2026-07-14T14:09:01Z,2026-07-14T16:09:01+0200,fe0b5391-87e1-42cc-91a2-4b5686b81b2f,2026-06-17T19:30:00Z,2026-06-17T21:30:00+0200,55723.17097,MW,DE,DE_LU,actual_load,Actual Load,2026-07-14T14:11:01Z
2026-07-14T14:09:01Z,2026-07-14T16:09:01+0200,fe0b5391-87e1-42cc-91a2-4b5686b81b2f,2026-06-17T19:45:00Z,2026-06-17T21:45:00+0200,55402.27275,MW,DE,DE_LU,actual_load,Actual Load,2026-07-14T14:11:01Z
2026-07-14T14:09:01Z,2026-07-14T16:09:01+0200,fe0b5391-87e1-42cc-91a2-4b5686b81b2f,2026-06-17T20:00:00Z,2026-06-17T22:00:00+0200,54650.32038,MW,DE,DE_LU,actual_load,Actual Load,2026-07-14T14:11:01Z
2026-07-14T14:09:01Z,2026-07-14T16:09:01+0200,fe0b5391-87e1-42cc-91a2-4b5686b81b2f,2026-06-17T20:15:00Z,2026-06-17T22:15:00+0200,53785.33386,MW,DE,DE_LU,actual_load,Actual Load,2026-07-14T14:11:01Z
2026-07-14T14:09:01Z,2026-07-14T16:09:01+0200,fe0b5391-87e1-42cc-91a2-4b5686b81b2f,2026-06-17T20:30:00Z,2026-06-17T22:30:00+0200,53109.17109,MW,DE,DE_LU,actual_load,Actual Load,2026-07-14T14:11:01Z
2026-07-14T14:09:01Z,2026-07-14T16:09:01+0200,fe0b5391-87e1-42cc-91a2-4b5686b81b2f,2026-06-17T20:45:00Z,2026-06-17T22:45:00+0200,52725.40656,MW,DE,DE_LU,actual_load,Actual Load,2026-07-14T14:11:01Z
2026-07-14T14:09:01Z,2026-07-14T16:09:01+0200,fe0b5391-87e1-42cc-91a2-4b5686b81b2f,2026-06-17T21:00:00Z,2026-06-17T23:00:00+0200,51610.48563,MW,DE,DE_LU,actual_load,Actual Load,2026-07-14T14:11:01Z
2026-07-14T14:09:01Z,2026-07-14T16:09:01+0200,fe0b5391-87e1-42cc-91a2-4b5686b81b2f,2026-06-17T21:15:00Z,2026-06-17T23:15:00+0200,50634.02684,MW,DE,DE_LU,actual_load,Actual Load,2026-07-14T14:11:01Z
2026-07-14T14:09:01Z,2026-07-14T16:09:01+0200,fe0b5391-87e1-42cc-91a2-4b5686b81b2f,2026-06-17T21:30:00Z,2026-06-17T23:30:00+0200,49799.03497,MW,DE,DE_LU,actual_load,Actual Load,2026-07-14T14:11:01Z
2026-07-14T14:09:01Z,2026-07-14T16:09:01+0200,fe0b5391-87e1-42cc-91a2-4b5686b81b2f,2026-06-17T21:45:00Z,2026-06-17T23:45:00+0200,49080.32911,MW,DE,DE_LU,actual_load,Actual Load,2026-07-14T14:11:01Z
2026-07-14T14:09:01Z,2026-07-14T16:09:01+0200,fe0b5391-87e1-42cc-91a2-4b5686b81b2f,2026-06-17T22:00:00Z,2026-06-18T00:00:00+0200,48333.36803,MW,DE,DE_LU,actual_load,Actual Load,2026-07-14T14:11:01Z
2026-07-14T14:09:01Z,2026-07-14T16:09:01+0200,fe0b5391-87e1-42cc-91a2-4b5686b81b2f,2026-06-17T22:15:00Z,2026-06-18T00:15:00+0200,47545.15281,MW,DE,DE_LU,actual_load,Actual Load,2026-07-14T14:11:01Z
2026-07-14T14:09:01Z,2026-07-14T16:09:01+0200,fe0b5391-87e1-42cc-91a2-4b5686b81b2f,2026-06-17T22:30:00Z,2026-06-18T00:30:00+0200,47346.41929,MW,DE,DE_LU,actual_load,Actual Load,2026-07-14T14:11:01Z
2026-07-14T14:09:01Z,2026-07-14T16:09:01+0200,fe0b5391-87e1-42cc-91a2-4b5686b81b2f,2026-06-17T22:45:00Z,2026-06-18T00:45:00+0200,46672.01121,MW,DE,DE_LU,actual_load,Actual Load,2026-07-14T14:11:01Z
2026-07-14T14:09:01Z,2026-07-14T16:09:01+0200,fe0b5391-87e1-42cc-91a2-4b5686b81b2f,2026-06-17T23:00:00Z,2026-06-18T01:00:00+0200,46128.56574,MW,DE,DE_LU,actual_load,Actual Load,2026-07-14T14:11:01Z
2026-07-14T14:09:01Z,2026-07-14T16:09:01+0200,fe0b5391-87e1-42cc-91a2-4b5686b81b2f,2026-06-17T23:15:00Z,2026-06-18T01:15:00+0200,45937.05195,MW,DE,DE_LU,actual_load,Actual Load,2026-07-14T14:11:01Z
2026-07-14T14:09:01Z,2026-07-14T16:09:01+0200,fe0b5391-87e1-42cc-91a2-4b5686b81b2f,2026-06-17T23:30:00Z,2026-06-18T01:30:00+0200,45672.89416,MW,DE,DE_LU,actual_load,Actual Load,2026-07-14T14:11:01Z
2026-07-14T14:09:01Z,2026-07-14T16:09:01+0200,fe0b5391-87e1-42cc-91a2-4b5686b81b2f,2026-06-17T23:45:00Z,2026-06-18T01:45:00+0200,45258.9582,MW,DE,DE_LU,actual_load,Actual Load,2026-07-14T14:11:01Z
2026-07-14T14:09:01Z,2026-07-14T16:09:01+0200,fe0b5391-87e1-42cc-91a2-4b5686b81b2f,2026-06-18T00:00:00Z,2026-06-18T02:00:00+0200,44786.34153,MW,DE,DE_LU,actual_load,Actual Load,2026-07-14T14:11:01Z
2026-07-14T14:09:01Z,2026-07-14T16:09:01+0200,fe0b5391-87e1-42cc-91a2-4b5686b81b2f,2026-06-18T00:15:00Z,2026-06-18T02:15:00+0200,44440.6545,MW,DE,DE_LU,actual_load,Actual Load,2026-07-14T14:11:01Z
2026-07-14T14:09:01Z,2026-07-14T16:09:01+0200,fe0b5391-87e1-42cc-91a2-4b5686b81b2f,2026-06-18T00:30:00Z,2026-06-18T02:30:00+0200,44357.66529,MW,DE,DE_LU,actual_load,Actual Load,2026-07-14T14:11:01Z
2026-07-14T14:09:01Z,2026-07-14T16:09:01+0200,fe0b5391-87e1-42cc-91a2-4b5686b81b2f,2026-06-18T00:45:00Z,2026-06-18T02:45:00+0200,44174.0459,MW,DE,DE_LU,actual_load,Actual Load,2026-07-14T14:11:01Z
2026-07-14T14:09:01Z,2026-07-14T16:09:01+0200,fe0b5391-87e1-42cc-91a2-4b5686b81b2f,2026-06-18T01:00:00Z,2026-06-18T03:00:00+0200,44483.66486,MW,DE,DE_LU,actual_load,Actual Load,2026-07-14T14:11:01Z
2026-07-14T14:09:01Z,2026-07-14T16:09:01+0200,fe0b5391-87e1-42cc-91a2-4b5686b81b2f,2026-06-18T01:15:00Z,2026-06-18T03:15:00+0200,44746.75667,MW,DE,DE_LU,actual_load,Actual Load,2026-07-14T14:11:01Z
2026-07-14T14:09:01Z,2026-07-14T16:09:01+0200,fe0b5391-87e1-42cc-91a2-4b5686b81b2f,2026-06-18T01:30:00Z,2026-06-18T03:30:00+0200,44556.85126,MW,DE,DE_LU,actual_load,Actual Load,2026-07-14T14:11:01Z
2026-07-14T14:09:01Z,2026-07-14T16:09:01+0200,fe0b5391-87e1-42cc-91a2-4b5686b81b2f,2026-06-18T01:45:00Z,2026-06-18T03:45:00+0200,44479.04201,MW,DE,DE_LU,actual_load,Actual Load,2026-07-14T14:11:01Z
2026-07-14T14:09:01Z,2026-07-14T16:09:01+0200,fe0b5391-87e1-42cc-91a2-4b5686b81b2f,2026-06-18T02:00:00Z,2026-06-18T04:00:00+0200,44909.51379,MW,DE,DE_LU,actual_load,Actual Load,2026-07-14T14:11:01Z
2026-07-14T14:09:01Z,2026-07-14T16:09:01+0200,fe0b5391-87e1-42cc-91a2-4b5686b81b2f,2026-06-18T02:15:00Z,2026-06-18T04:15:00+0200,45452.51089,MW,DE,DE_LU,actual_load,Actual Load,2026-07-14T14:11:01Z
2026-07-14T14:09:01Z,2026-07-14T16:09:01+0200,fe0b5391-87e1-42cc-91a2-4b5686b81b2f,2026-06-18T02:30:00Z,2026-06-18T04:30:00+0200,45703.06538,MW,DE,DE_LU,actual_load,Actual Load,2026-07-14T14:11:01Z
2026-07-14T14:09:01Z,2026-07-14T16:09:01+0200,fe0b5391-87e1-42cc-91a2-4b5686b81b2f,2026-06-18T02:45:00Z,2026-06-18T04:45:00+0200,45647.57972,MW,DE,DE_LU,actual_load,Actual Load,2026-07-14T14:11:01Z
2026-07-14T14:09:01Z,2026-07-14T16:09:01+0200,fe0b5391-87e1-42cc-91a2-4b5686b81b2f,2026-06-18T03:00:00Z,2026-06-18T05:00:00+0200,45898.53799,MW,DE,DE_LU,actual_load,Actual Load,2026-07-14T14:11:01Z
2026-07-14T14:09:01Z,2026-07-14T16:09:01+0200,fe0b5391-87e1-42cc-91a2-4b5686b81b2f,2026-06-18T03:15:00Z,2026-06-18T05:15:00+0200,46486.62786,MW,DE,DE_LU,actual_load,Actual Load,2026-07-14T14:11:01Z
2026-07-14T14:09:01Z,2026-07-14T16:09:01+0200,fe0b5391-87e1-42cc-91a2-4b5686b81b2f,2026-06-18T03:30:00Z,2026-06-18T05:30:00+0200,47682.66695,MW,DE,DE_LU,actual_load,Actual Load,2026-07-14T14:11:01Z
2026-07-14T14:09:01Z,2026-07-14T16:09:01+0200,fe0b5391-87e1-42cc-91a2-4b5686b81b2f,2026-06-18T03:45:00Z,2026-06-18T05:45:00+0200,48972.67189,MW,DE,DE_LU,actual_load,Actual Load,2026-07-14T14:11:01Z
2026-07-14T14:09:01Z,2026-07-14T16:09:01+0200,fe0b5391-87e1-42cc-91a2-4b5686b81b2f,2026-06-18T04:00:00Z,2026-06-18T06:00:00+0200,50949.69097,MW,DE,DE_LU,actual_load,Actual Load,2026-07-14T14:11:01Z
2026-07-14T14:09:01Z,2026-07-14T16:09:01+0200,fe0b5391-87e1-42cc-91a2-4b5686b81b2f,2026-06-18T04:15:00Z,2026-06-18T06:15:00+0200,53180.55183,MW,DE,DE_LU,actual_load,Actual Load,2026-07-14T14:11:01Z
2026-07-14T14:09:01Z,2026-07-14T16:09:01+0200,fe0b5391-87e1-42cc-91a2-4b5686b81b2f,2026-06-18T04:30:00Z,2026-06-18T06:30:00+0200,55157.45717,MW,DE,DE_LU,actual_load,Actual Load,2026-07-14T14:11:01Z
2026-07-14T14:09:01Z,2026-07-14T16:09:01+0200,fe0b5391-87e1-42cc-91a2-4b5686b81b2f,2026-06-18T04:45:00Z,2026-06-18T06:45:00+0200,56149.08629,MW,DE,DE_LU,actual_load,Actual Load,2026-07-14T14:11:01Z
2026-07-14T14:09:01Z,2026-07-14T16:09:01+0200,fe0b5391-87e1-42cc-91a2-4b5686b81b2f,2026-06-18T05:00:00Z,2026-06-18T07:00:00+0200,56957.34652,MW,DE,DE_LU,actual_load,Actual Load,2026-07-14T14:11:01Z
2026-07-14T14:09:01Z,2026-07-14T16:09:01+0200,fe0b5391-87e1-42cc-91a2-4b5686b81b2f,2026-06-18T05:15:00Z,2026-06-18T07:15:00+0200,58447.6701,MW,DE,DE_LU,actual_load,Actual Load,2026-07-14T14:11:01Z
2026-07-14T14:09:01Z,2026-07-14T16:09:01+0200,fe0b5391-87e1-42cc-91a2-4b5686b81b2f,2026-06-18T05:30:00Z,2026-06-18T07:30:00+0200,59846.4956,MW,DE,DE_LU,actual_load,Actual Load,2026-07-14T14:11:01Z
2026-07-14T14:09:01Z,2026-07-14T16:09:01+0200,fe0b5391-87e1-42cc-91a2-4b5686b81b2f,2026-06-18T05:45:00Z,2026-06-18T07:45:00+0200,60399.66366,MW,DE,DE_LU,actual_load,Actual Load,2026-07-14T14:11:01Z
2026-07-14T14:09:01Z,2026-07-14T16:09:01+0200,fe0b5391-87e1-42cc-91a2-4b5686b81b2f,2026-06-18T06:00:00Z,2026-06-18T08:00:00+0200,59841.91303,MW,DE,DE_LU,actual_load,Actual Load,2026-07-14T14:11:01Z
2026-07-14T14:09:01Z,2026-07-14T16:09:01+0200,fe0b5391-87e1-42cc-91a2-4b5686b81b2f,2026-06-18T06:15:00Z,2026-06-18T08:15:00+0200,60312.2971,MW,DE,DE_LU,actual_load,Actual Load,2026-07-14T14:11:01Z
2026-07-14T14:09:01Z,2026-07-14T16:09:01+0200,fe0b5391-87e1-42cc-91a2-4b5686b81b2f,2026-06-18T06:30:00Z,2026-06-18T08:30:00+0200,60439.65485,MW,DE,DE_LU,actual_load,Actual Load,2026-07-14T14:11:01Z
2026-07-14T14:09:01Z,2026-07-14T16:09:01+0200,fe0b5391-87e1-42cc-91a2-4b5686b81b2f,2026-06-18T06:45:00Z,2026-06-18T08:45:00+0200,61448.70669,MW,DE,DE_LU,actual_load,Actual Load,2026-07-14T14:11:01Z
2026-07-14T14:09:01Z,2026-07-14T16:09:01+0200,fe0b5391-87e1-42cc-91a2-4b5686b81b2f,2026-06-18T07:00:00Z,2026-06-18T09:00:00+0200,60332.90257,MW,DE,DE_LU,actual_load,Actual Load,2026-07-14T14:11:01Z
2026-07-14T14:09:01Z,2026-07-14T16:09:01+0200,fe0b5391-87e1-42cc-91a2-4b5686b81b2f,2026-06-18T07:15:00Z,2026-06-18T09:15:00+0200,59665.80207,MW,DE,DE_LU,actual_load,Actual Load,2026-07-14T14:11:01Z
2026-07-14T14:09:01Z,2026-07-14T16:09:01+0200,fe0b5391-87e1-42cc-91a2-4b5686b81b2f,2026-06-18T07:30:00Z,2026-06-18T09:30:00+0200,58850.04423,MW,DE,DE_LU,actual_load,Actual Load,2026-07-14T14:11:01Z
2026-07-14T14:09:01Z,2026-07-14T16:09:01+0200,fe0b5391-87e1-42cc-91a2-4b5686b81b2f,2026-06-18T07:45:00Z,2026-06-18T09:45:00+0200,58793.31298,MW,DE,DE_LU,actual_load,Actual Load,2026-07-14T14:11:01Z
2026-07-14T14:09:01Z,2026-07-14T16:09:01+0200,fe0b5391-87e1-42cc-91a2-4b5686b81b2f,2026-06-18T08:00:00Z,2026-06-18T10:00:00+0200,58972.13327,MW,DE,DE_LU,actual_load,Actual Load,2026-07-14T14:11:01Z
2026-07-14T14:09:01Z,2026-07-14T16:09:01+0200,fe0b5391-87e1-42cc-91a2-4b5686b81b2f,2026-06-18T08:15:00Z,2026-06-18T10:15:00+0200,58782.23699,MW,DE,DE_LU,actual_load,Actual Load,2026-07-14T14:11:01Z
2026-07-14T14:09:01Z,2026-07-14T16:09:01+0200,fe0b5391-87e1-42cc-91a2-4b5686b81b2f,2026-06-18T08:30:00Z,2026-06-18T10:30:00+0200,58617.08825,MW,DE,DE_LU,actual_load,Actual Load,2026-07-14T14:11:01Z
2026-07-14T14:09:01Z,2026-07-14T16:09:01+0200,fe0b5391-87e1-42cc-91a2-4b5686b81b2f,2026-06-18T08:45:00Z,2026-06-18T10:45:00+0200,58611.08822,MW,DE,DE_LU,actual_load,Actual Load,2026-07-14T14:11:01Z
2026-07-14T14:09:01Z,2026-07-14T16:09:01+0200,fe0b5391-87e1-42cc-91a2-4b5686b81b2f,2026-06-18T09:00:00Z,2026-06-18T11:00:00+0200,58935.288,MW,DE,DE_LU,actual_load,Actual Load,2026-07-14T14:11:01Z
2026-07-14T14:09:01Z,2026-07-14T16:09:01+0200,fe0b5391-87e1-42cc-91a2-4b5686b81b2f,2026-06-18T09:15:00Z,2026-06-18T11:15:00+0200,59357.6298,MW,DE,DE_LU,actual_load,Actual Load,2026-07-14T14:11:01Z
2026-07-14T14:09:01Z,2026-07-14T16:09:01+0200,fe0b5391-87e1-42cc-91a2-4b5686b81b2f,2026-06-18T09:30:00Z,2026-06-18T11:30:00+0200,59422.53132,MW,DE,DE_LU,actual_load,Actual Load,2026-07-14T14:11:01Z
2026-07-14T14:09:01Z,2026-07-14T16:09:01+0200,fe0b5391-87e1-42cc-91a2-4b5686b81b2f,2026-06-18T09:45:00Z,2026-06-18T11:45:00+0200,59426.82625,MW,DE,DE_LU,actual_load,Actual Load,2026-07-14T14:11:01Z
2026-07-14T14:09:01Z,2026-07-14T16:09:01+0200,fe0b5391-87e1-42cc-91a2-4b5686b81b2f,2026-06-18T10:00:00Z,2026-06-18T12:00:00+0200,58625.11939,MW,DE,DE_LU,actual_load,Actual Load,2026-07-14T14:11:01Z
2026-07-14T14:09:01Z,2026-07-14T16:09:01+0200,fe0b5391-87e1-42cc-91a2-4b5686b81b2f,2026-06-18T10:15:00Z,2026-06-18T12:15:00+0200,59140.34526,MW,DE,DE_LU,actual_load,Actual Load,2026-07-14T14:11:01Z
2026-07-14T14:09:01Z,2026-07-14T16:09:01+0200,fe0b5391-87e1-42cc-91a2-4b5686b81b2f,2026-06-18T10:30:00Z,2026-06-18T12:30:00+0200,58870.56018,MW,DE,DE_LU,actual_load,Actual Load,2026-07-14T14:11:01Z
2026-07-14T14:09:01Z,2026-07-14T16:09:01+0200,fe0b5391-87e1-42cc-91a2-4b5686b81b2f,2026-06-18T10:45:00Z,2026-06-18T12:45:00+0200,59099.73035,MW,DE,DE_LU,actual_load,Actual Load,2026-07-14T14:11:01Z
2026-07-14T14:09:01Z,2026-07-14T16:09:01+0200,fe0b5391-87e1-42cc-91a2-4b5686b81b2f,2026-06-18T11:00:00Z,2026-06-18T13:00:00+0200,59718.73431,MW,DE,DE_LU,actual_load,Actual Load,2026-07-14T14:11:01Z
2026-07-14T14:09:01Z,2026-07-14T16:09:01+0200,fe0b5391-87e1-42cc-91a2-4b5686b81b2f,2026-06-18T11:15:00Z,2026-06-18T13:15:00+0200,59310.30623,MW,DE,DE_LU,actual_load,Actual Load,2026-07-14T14:11:01Z
2026-07-14T14:09:01Z,2026-07-14T16:09:01+0200,fe0b5391-87e1-42cc-91a2-4b5686b81b2f,2026-06-18T11:30:00Z,2026-06-18T13:30:00+0200,58832.22146,MW,DE,DE_LU,actual_load,Actual Load,2026-07-14T14:11:01Z
2026-07-14T14:09:01Z,2026-07-14T16:09:01+0200,fe0b5391-87e1-42cc-91a2-4b5686b81b2f,2026-06-18T11:45:00Z,2026-06-18T13:45:00+0200,58313.93408,MW,DE,DE_LU,actual_load,Actual Load,2026-07-14T14:11:01Z
2026-07-14T14:09:01Z,2026-07-14T16:09:01+0200,fe0b5391-87e1-42cc-91a2-4b5686b81b2f,2026-06-18T12:00:00Z,2026-06-18T14:00:00+0200,57888.16428,MW,DE,DE_LU,actual_load,Actual Load,2026-07-14T14:11:01Z
2026-07-14T14:09:01Z,2026-07-14T16:09:01+0200,fe0b5391-87e1-42cc-91a2-4b5686b81b2f,2026-06-18T12:15:00Z,2026-06-18T14:15:00+0200,57664.49508,MW,DE,DE_LU,actual_load,Actual Load,2026-07-14T14:11:01Z
2026-07-14T14:09:01Z,2026-07-14T16:09:01+0200,fe0b5391-87e1-42cc-91a2-4b5686b81b2f,2026-06-18T12:30:00Z,2026-06-18T14:30:00+0200,57373.9256,MW,DE,DE_LU,actual_load,Actual Load,2026-07-14T14:11:01Z
2026-07-14T14:09:01Z,2026-07-14T16:09:01+0200,fe0b5391-87e1-42cc-91a2-4b5686b81b2f,2026-06-18T12:45:00Z,2026-06-18T14:45:00+0200,57119.67887,MW,DE,DE_LU,actual_load,Actual Load,2026-07-14T14:11:01Z
2026-07-14T14:09:01Z,2026-07-14T16:09:01+0200,fe0b5391-87e1-42cc-91a2-4b5686b81b2f,2026-06-18T13:00:00Z,2026-06-18T15:00:00+0200,57020.44443,MW,DE,DE_LU,actual_load,Actual Load,2026-07-14T14:11:01Z
2026-07-14T14:09:01Z,2026-07-14T16:09:01+0200,fe0b5391-87e1-42cc-91a2-4b5686b81b2f,2026-06-18T13:15:00Z,2026-06-18T15:15:00+0200,56490.28907,MW,DE,DE_LU,actual_load,Actual Load,2026-07-14T14:11:01Z
2026-07-14T14:09:01Z,2026-07-14T16:09:01+0200,fe0b5391-87e1-42cc-91a2-4b5686b81b2f,2026-06-18T13:30:00Z,2026-06-18T15:30:00+0200,56560.92828,MW,DE,DE_LU,actual_load,Actual Load,2026-07-14T14:11:01Z
2026-07-14T14:09:01Z,2026-07-14T16:09:01+0200,fe0b5391-87e1-42cc-91a2-4b5686b81b2f,2026-06-18T13:45:00Z,2026-06-18T15:45:00+0200,56162.10278,MW,DE,DE_LU,actual_load,Actual Load,2026-07-14T14:11:01Z
2026-07-14T14:09:01Z,2026-07-14T16:09:01+0200,fe0b5391-87e1-42cc-91a2-4b5686b81b2f,2026-06-18T14:00:00Z,2026-06-18T16:00:00+0200,56455.34021,MW,DE,DE_LU,actual_load,Actual Load,2026-07-14T14:11:01Z
2026-07-14T14:09:01Z,2026-07-14T16:09:01+0200,fe0b5391-87e1-42cc-91a2-4b5686b81b2f,2026-06-18T14:15:00Z,2026-06-18T16:15:00+0200,55806.66505,MW,DE,DE_LU,actual_load,Actual Load,2026-07-14T14:11:01Z
2026-07-14T14:09:01Z,2026-07-14T16:09:01+0200,fe0b5391-87e1-42cc-91a2-4b5686b81b2f,2026-06-18T14:30:00Z,2026-06-18T16:30:00+0200,55855.57331,MW,DE,DE_LU,actual_load,Actual Load,2026-07-14T14:11:01Z
2026-07-14T14:09:01Z,2026-07-14T16:09:01+0200,fe0b5391-87e1-42cc-91a2-4b5686b81b2f,2026-06-18T14:45:00Z,2026-06-18T16:45:00+0200,55565.01186,MW,DE,DE_LU,actual_load,Actual Load,2026-07-14T14:11:01Z
2026-07-14T14:09:01Z,2026-07-14T16:09:01+0200,fe0b5391-87e1-42cc-91a2-4b5686b81b2f,2026-06-18T15:00:00Z,2026-06-18T17:00:00+0200,56057.13977,MW,DE,DE_LU,actual_load,Actual Load,2026-07-14T14:11:01Z
2026-07-14T14:09:01Z,2026-07-14T16:09:01+0200,fe0b5391-87e1-42cc-91a2-4b5686b81b2f,2026-06-18T15:15:00Z,2026-06-18T17:15:00+0200,55941.16217,MW,DE,DE_LU,actual_load,Actual Load,2026-07-14T14:11:01Z
2026-07-14T14:09:01Z,2026-07-14T16:09:01+0200,fe0b5391-87e1-42cc-91a2-4b5686b81b2f,2026-06-18T15:30:00Z,2026-06-18T17:30:00+0200,56583.31729,MW,DE,DE_LU,actual_load,Actual Load,2026-07-14T14:11:01Z
2026-07-14T14:09:01Z,2026-07-14T16:09:01+0200,fe0b5391-87e1-42cc-91a2-4b5686b81b2f,2026-06-18T15:45:00Z,2026-06-18T17:45:00+0200,57588.66501,MW,DE,DE_LU,actual_load,Actual Load,2026-07-14T14:11:01Z
2026-07-14T14:09:01Z,2026-07-14T16:09:01+0200,fe0b5391-87e1-42cc-91a2-4b5686b81b2f,2026-06-18T16:00:00Z,2026-06-18T18:00:00+0200,58720.07801,MW,DE,DE_LU,actual_load,Actual Load,2026-07-14T14:11:01Z
2026-07-14T14:09:01Z,2026-07-14T16:09:01+0200,fe0b5391-87e1-42cc-91a2-4b5686b81b2f,2026-06-18T16:15:00Z,2026-06-18T18:15:00+0200,58942.78124,MW,DE,DE_LU,actual_load,Actual Load,2026-07-14T14:11:01Z
2026-07-14T14:09:01Z,2026-07-14T16:09:01+0200,fe0b5391-87e1-42cc-91a2-4b5686b81b2f,2026-06-18T16:30:00Z,2026-06-18T18:30:00+0200,58474.42576,MW,DE,DE_LU,actual_load,Actual Load,2026-07-14T14:11:01Z
2026-07-14T14:09:01Z,2026-07-14T16:09:01+0200,fe0b5391-87e1-42cc-91a2-4b5686b81b2f,2026-06-18T16:45:00Z,2026-06-18T18:45:00+0200,58957.34981,MW,DE,DE_LU,actual_load,Actual Load,2026-07-14T14:11:01Z
2026-07-14T14:09:01Z,2026-07-14T16:09:01+0200,fe0b5391-87e1-42cc-91a2-4b5686b81b2f,2026-06-18T17:00:00Z,2026-06-18T19:00:00+0200,59328.69123,MW,DE,DE_LU,actual_load,Actual Load,2026-07-14T14:11:01Z
2026-07-14T14:09:01Z,2026-07-14T16:09:01+0200,fe0b5391-87e1-42cc-91a2-4b5686b81b2f,2026-06-18T17:15:00Z,2026-06-18T19:15:00+0200,59470.21178,MW,DE,DE_LU,actual_load,Actual Load,2026-07-14T14:11:01Z
2026-07-14T14:09:01Z,2026-07-14T16:09:01+0200,fe0b5391-87e1-42cc-91a2-4b5686b81b2f,2026-06-18T17:30:00Z,2026-06-18T19:30:00+0200,59499.11728,MW,DE,DE_LU,actual_load,Actual Load,2026-07-14T14:11:01Z
2026-07-14T14:09:01Z,2026-07-14T16:09:01+0200,fe0b5391-87e1-42cc-91a2-4b5686b81b2f,2026-06-18T17:45:00Z,2026-06-18T19:45:00+0200,59055.68312,MW,DE,DE_LU,actual_load,Actual Load,2026-07-14T14:11:01Z
2026-07-14T14:09:01Z,2026-07-14T16:09:01+0200,fe0b5391-87e1-42cc-91a2-4b5686b81b2f,2026-06-18T18:00:00Z,2026-06-18T20:00:00+0200,58458.81215,MW,DE,DE_LU,actual_load,Actual Load,2026-07-14T14:11:01Z
2026-07-14T14:09:01Z,2026-07-14T16:09:01+0200,fe0b5391-87e1-42cc-91a2-4b5686b81b2f,2026-06-18T18:15:00Z,2026-06-18T20:15:00+0200,58007.67189,MW,DE,DE_LU,actual_load,Actual Load,2026-07-14T14:11:01Z
2026-07-14T14:09:01Z,2026-07-14T16:09:01+0200,fe0b5391-87e1-42cc-91a2-4b5686b81b2f,2026-06-18T18:30:00Z,2026-06-18T20:30:00+0200,57358.93194,MW,DE,DE_LU,actual_load,Actual Load,2026-07-14T14:11:01Z
2026-07-14T14:09:01Z,2026-07-14T16:09:01+0200,fe0b5391-87e1-42cc-91a2-4b5686b81b2f,2026-06-18T18:45:00Z,2026-06-18T20:45:00+0200,57085.8115,MW,DE,DE_LU,actual_load,Actual Load,2026-07-14T14:11:01Z
2026-07-14T14:09:01Z,2026-07-14T16:09:01+0200,fe0b5391-87e1-42cc-91a2-4b5686b81b2f,2026-06-18T19:00:00Z,2026-06-18T21:00:00+0200,56524.51254,MW,DE,DE_LU,actual_load,Actual Load,2026-07-14T14:11:01Z
2026-07-14T14:09:01Z,2026-07-14T16:09:01+0200,fe0b5391-87e1-42cc-91a2-4b5686b81b2f,2026-06-18T19:15:00Z,2026-06-18T21:15:00+0200,55957.70124,MW,DE,DE_LU,actual_load,Actual Load,2026-07-14T14:11:01Z
2026-07-14T14:09:01Z,2026-07-14T16:09:01+0200,fe0b5391-87e1-42cc-91a2-4b5686b81b2f,2026-06-18T19:30:00Z,2026-06-18T21:30:00+0200,55541.33701,MW,DE,DE_LU,actual_load,Actual Load,2026-07-14T14:11:01Z
2026-07-14T14:09:01Z,2026-07-14T16:09:01+0200,fe0b5391-87e1-42cc-91a2-4b5686b81b2f,2026-06-18T19:45:00Z,2026-06-18T21:45:00+0200,55384.14739,MW,DE,DE_LU,actual_load,Actual Load,2026-07-14T14:11:01Z
2026-07-14T14:09:01Z,2026-07-14T16:09:01+0200,fe0b5391-87e1-42cc-91a2-4b5686b81b2f,2026-06-18T20:00:00Z,2026-06-18T22:00:00+0200,55126.25897,MW,DE,DE_LU,actual_load,Actual Load,2026-07-14T14:11:01Z
2026-07-14T14:09:01Z,2026-07-14T16:09:01+0200,fe0b5391-87e1-42cc-91a2-4b5686b81b2f,2026-06-18T20:15:00Z,2026-06-18T22:15:00+0200,54463.23884,MW,DE,DE_LU,actual_load,Actual Load,2026-07-14T14:11:01Z
2026-07-14T14:09:01Z,2026-07-14T16:09:01+0200,fe0b5391-87e1-42cc-91a2-4b5686b81b2f,2026-06-18T20:30:00Z,2026-06-18T22:30:00+0200,53262.3,MW,DE,DE_LU,actual_load,Actual Load,2026-07-14T14:11:01Z
2026-07-14T14:09:01Z,2026-07-14T16:09:01+0200,fe0b5391-87e1-42cc-91a2-4b5686b81b2f,2026-06-18T20:45:00Z,2026-06-18T22:45:00+0200,52327.77519,MW,DE,DE_LU,actual_load,Actual Load,2026-07-14T14:11:01Z
2026-07-14T14:09:01Z,2026-07-14T16:09:01+0200,fe0b5391-87e1-42cc-91a2-4b5686b81b2f,2026-06-18T21:00:00Z,2026-06-18T23:00:00+0200,51195.54115,MW,DE,DE_LU,actual_load,Actual Load,2026-07-14T14:11:01Z
2026-07-14T14:09:01Z,2026-07-14T16:09:01+0200,fe0b5391-87e1-42cc-91a2-4b5686b81b2f,2026-06-18T21:15:00Z,2026-06-18T23:15:00+0200,50733.11382,MW,DE,DE_LU,actual_load,Actual Load,2026-07-14T14:11:01Z
2026-07-14T14:09:01Z,2026-07-14T16:09:01+0200,fe0b5391-87e1-42cc-91a2-4b5686b81b2f,2026-06-18T21:30:00Z,2026-06-18T23:30:00+0200,49609.80612,MW,DE,DE_LU,actual_load,Actual Load,2026-07-14T14:11:01Z
2026-07-14T14:09:01Z,2026-07-14T16:09:01+0200,fe0b5391-87e1-42cc-91a2-4b5686b81b2f,2026-06-18T21:45:00Z,2026-06-18T23:45:00+0200,48961.65732,MW,DE,DE_LU,actual_load,Actual Load,2026-07-14T14:11:01Z
2026-07-14T14:09:01Z,2026-07-14T16:09:01+0200,fe0b5391-87e1-42cc-91a2-4b5686b81b2f,2026-06-18T22:00:00Z,2026-06-19T00:00:00+0200,47768.69965,MW,DE,DE_LU,actual_load,Actual Load,2026-07-14T14:11:01Z
2026-07-14T14:09:01Z,2026-07-14T16:09:01+0200,fe0b5391-87e1-42cc-91a2-4b5686b81b2f,2026-06-18T22:15:00Z,2026-06-19T00:15:00+0200,47220.22033,MW,DE,DE_LU,actual_load,Actual Load,2026-07-14T14:11:01Z
2026-07-14T14:09:01Z,2026-07-14T16:09:01+0200,fe0b5391-87e1-42cc-91a2-4b5686b81b2f,2026-06-18T22:30:00Z,2026-06-19T00:30:00+0200,46538.36343,MW,DE,DE_LU,actual_load,Actual Load,2026-07-14T14:11:01Z
2026-07-14T14:09:01Z,2026-07-14T16:09:01+0200,fe0b5391-87e1-42cc-91a2-4b5686b81b2f,2026-06-18T22:45:00Z,2026-06-19T00:45:00+0200,45877.79073,MW,DE,DE_LU,actual_load,Actual Load,2026-07-14T14:11:01Z
2026-07-14T14:09:01Z,2026-07-14T16:09:01+0200,fe0b5391-87e1-42cc-91a2-4b5686b81b2f,2026-06-18T23:00:00Z,2026-06-19T01:00:00+0200,44915.09503,MW,DE,DE_LU,actual_load,Actual Load,2026-07-14T14:11:01Z
2026-07-14T14:09:01Z,2026-07-14T16:09:01+0200,fe0b5391-87e1-42cc-91a2-4b5686b81b2f,2026-06-18T23:15:00Z,2026-06-19T01:15:00+0200,44777.2276,MW,DE,DE_LU,actual_load,Actual Load,2026-07-14T14:11:01Z
2026-07-14T14:09:01Z,2026-07-14T16:09:01+0200,fe0b5391-87e1-42cc-91a2-4b5686b81b2f,2026-06-18T23:30:00Z,2026-06-19T01:30:00+0200,44909.60852,MW,DE,DE_LU,actual_load,Actual Load,2026-07-14T14:11:01Z
2026-07-14T14:09:01Z,2026-07-14T16:09:01+0200,fe0b5391-87e1-42cc-91a2-4b5686b81b2f,2026-06-18T23:45:00Z,2026-06-19T01:45:00+0200,44760.96265,MW,DE,DE_LU,actual_load,Actual Load,2026-07-14T14:11:01Z
2026-07-14T14:09:01Z,2026-07-14T16:09:01+0200,fe0b5391-87e1-42cc-91a2-4b5686b81b2f,2026-06-19T00:00:00Z,2026-06-19T02:00:00+0200,44641.28674,MW,DE,DE_LU,actual_load,Actual Load,2026-07-14T14:11:01Z
2026-07-14T14:09:01Z,2026-07-14T16:09:01+0200,fe0b5391-87e1-42cc-91a2-4b5686b81b2f,2026-06-19T00:15:00Z,2026-06-19T02:15:00+0200,44436.7751,MW,DE,DE_LU,actual_load,Actual Load,2026-07-14T14:11:01Z
2026-07-14T14:09:01Z,2026-07-14T16:09:01+0200,fe0b5391-87e1-42cc-91a2-4b5686b81b2f,2026-06-19T00:30:00Z,2026-06-19T02:30:00+0200,44655.51145,MW,DE,DE_LU,actual_load,Actual Load,2026-07-14T14:11:01Z
2026-07-14T14:09:01Z,2026-07-14T16:09:01+0200,fe0b5391-87e1-42cc-91a2-4b5686b81b2f,2026-06-19T00:45:00Z,2026-06-19T02:45:00+0200,44237.99935,MW,DE,DE_LU,actual_load,Actual Load,2026-07-14T14:11:01Z
2026-07-14T14:09:01Z,2026-07-14T16:09:01+0200,fe0b5391-87e1-42cc-91a2-4b5686b81b2f,2026-06-19T01:00:00Z,2026-06-19T03:00:00+0200,44262.67637,MW,DE,DE_LU,actual_load,Actual Load,2026-07-14T14:11:01Z
2026-07-14T14:09:01Z,2026-07-14T16:09:01+0200,fe0b5391-87e1-42cc-91a2-4b5686b81b2f,2026-06-19T01:15:00Z,2026-06-19T03:15:00+0200,44759.39981,MW,DE,DE_LU,actual_load,Actual Load,2026-07-14T14:11:01Z
2026-07-14T14:09:01Z,2026-07-14T16:09:01+0200,fe0b5391-87e1-42cc-91a2-4b5686b81b2f,2026-06-19T01:30:00Z,2026-06-19T03:30:00+0200,45299.95425,MW,DE,DE_LU,actual_load,Actual Load,2026-07-14T14:11:01Z
2026-07-14T14:09:01Z,2026-07-14T16:09:01+0200,fe0b5391-87e1-42cc-91a2-4b5686b81b2f,2026-06-19T01:45:00Z,2026-06-19T03:45:00+0200,45380.7945,MW,DE,DE_LU,actual_load,Actual Load,2026-07-14T14:11:01Z
2026-07-14T14:09:01Z,2026-07-14T16:09:01+0200,fe0b5391-87e1-42cc-91a2-4b5686b81b2f,2026-06-19T02:00:00Z,2026-06-19T04:00:00+0200,45858.98098,MW,DE,DE_LU,actual_load,Actual Load,2026-07-14T14:11:01Z
2026-07-14T14:09:01Z,2026-07-14T16:09:01+0200,fe0b5391-87e1-42cc-91a2-4b5686b81b2f,2026-06-19T02:15:00Z,2026-06-19T04:15:00+0200,45967.09304,MW,DE,DE_LU,actual_load,Actual Load,2026-07-14T14:11:01Z
2026-07-14T14:09:01Z,2026-07-14T16:09:01+0200,fe0b5391-87e1-42cc-91a2-4b5686b81b2f,2026-06-19T02:30:00Z,2026-06-19T04:30:00+0200,46474.11584,MW,DE,DE_LU,actual_load,Actual Load,2026-07-14T14:11:01Z
2026-07-14T14:09:01Z,2026-07-14T16:09:01+0200,fe0b5391-87e1-42cc-91a2-4b5686b81b2f,2026-06-19T02:45:00Z,2026-06-19T04:45:00+0200,47291.10436,MW,DE,DE_LU,actual_load,Actual Load,2026-07-14T14:11:01Z
2026-07-14T14:09:01Z,2026-07-14T16:09:01+0200,fe0b5391-87e1-42cc-91a2-4b5686b81b2f,2026-06-19T03:00:00Z,2026-06-19T05:00:00+0200,47674.38829,MW,DE,DE_LU,actual_load,Actual Load,2026-07-14T14:11:01Z
2026-07-14T14:09:01Z,2026-07-14T16:09:01+0200,fe0b5391-87e1-42cc-91a2-4b5686b81b2f,2026-06-19T03:15:00Z,2026-06-19T05:15:00+0200,48049.09901,MW,DE,DE_LU,actual_load,Actual Load,2026-07-14T14:11:01Z
2026-07-14T14:09:01Z,2026-07-14T16:09:01+0200,fe0b5391-87e1-42cc-91a2-4b5686b81b2f,2026-06-19T03:30:00Z,2026-06-19T05:30:00+0200,48887.42726,MW,DE,DE_LU,actual_load,Actual Load,2026-07-14T14:11:01Z
2026-07-14T14:09:01Z,2026-07-14T16:09:01+0200,fe0b5391-87e1-42cc-91a2-4b5686b81b2f,2026-06-19T03:45:00Z,2026-06-19T05:45:00+0200,50390.22871,MW,DE,DE_LU,actual_load,Actual Load,2026-07-14T14:11:01Z
2026-07-14T14:09:01Z,2026-07-14T16:09:01+0200,fe0b5391-87e1-42cc-91a2-4b5686b81b2f,2026-06-19T04:00:00Z,2026-06-19T06:00:00+0200,52152.44449,MW,DE,DE_LU,actual_load,Actual Load,2026-07-14T14:11:01Z
2026-07-14T14:09:01Z,2026-07-14T16:09:01+0200,fe0b5391-87e1-42cc-91a2-4b5686b81b2f,2026-06-19T04:15:00Z,2026-06-19T06:15:00+0200,54256.29774,MW,DE,DE_LU,actual_load,Actual Load,2026-07-14T14:11:01Z
2026-07-14T14:09:01Z,2026-07-14T16:09:01+0200,fe0b5391-87e1-42cc-91a2-4b5686b81b2f,2026-06-19T04:30:00Z,2026-06-19T06:30:00+0200,55926.16971,MW,DE,DE_LU,actual_load,Actual Load,2026-07-14T14:11:01Z
2026-07-14T14:09:01Z,2026-07-14T16:09:01+0200,fe0b5391-87e1-42cc-91a2-4b5686b81b2f,2026-06-19T04:45:00Z,2026-06-19T06:45:00+0200,56920.41372,MW,DE,DE_LU,actual_load,Actual Load,2026-07-14T14:11:01Z
2026-07-14T14:09:01Z,2026-07-14T16:09:01+0200,fe0b5391-87e1-42cc-91a2-4b5686b81b2f,2026-06-19T05:00:00Z,2026-06-19T07:00:00+0200,57400.10382,MW,DE,DE_LU,actual_load,Actual Load,2026-07-14T14:11:01Z
2026-07-14T14:09:01Z,2026-07-14T16:09:01+0200,fe0b5391-87e1-42cc-91a2-4b5686b81b2f,2026-06-19T05:15:00Z,2026-06-19T07:15:00+0200,58607.40966,MW,DE,DE_LU,actual_load,Actual Load,2026-07-14T14:11:01Z
2026-07-14T14:09:01Z,2026-07-14T16:09:01+0200,fe0b5391-87e1-42cc-91a2-4b5686b81b2f,2026-06-19T05:30:00Z,2026-06-19T07:30:00+0200,59841.31264,MW,DE,DE_LU,actual_load,Actual Load,2026-07-14T14:11:01Z
2026-07-14T14:09:01Z,2026-07-14T16:09:01+0200,fe0b5391-87e1-42cc-91a2-4b5686b81b2f,2026-06-19T05:45:00Z,2026-06-19T07:45:00+0200,60983.90434,MW,DE,DE_LU,actual_load,Actual Load,2026-07-14T14:11:01Z
2026-07-14T14:09:01Z,2026-07-14T16:09:01+0200,fe0b5391-87e1-42cc-91a2-4b5686b81b2f,2026-06-19T06:00:00Z,2026-06-19T08:00:00+0200,60851.76811,MW,DE,DE_LU,actual_load,Actual Load,2026-07-14T14:11:01Z
2026-07-14T14:09:01Z,2026-07-14T16:09:01+0200,fe0b5391-87e1-42cc-91a2-4b5686b81b2f,2026-06-19T06:15:00Z,2026-06-19T08:15:00+0200,61192.3174,MW,DE,DE_LU,actual_load,Actual Load,2026-07-14T14:11:01Z
2026-07-14T14:09:01Z,2026-07-14T16:09:01+0200,fe0b5391-87e1-42cc-91a2-4b5686b81b2f,2026-06-19T06:30:00Z,2026-06-19T08:30:00+0200,61754.83619,MW,DE,DE_LU,actual_load,Actual Load,2026-07-14T14:11:01Z
2026-07-14T14:09:01Z,2026-07-14T16:09:01+0200,fe0b5391-87e1-42cc-91a2-4b5686b81b2f,2026-06-19T06:45:00Z,2026-06-19T08:45:00+0200,62456.30771,MW,DE,DE_LU,actual_load,Actual Load,2026-07-14T14:11:01Z
2026-07-14T14:09:01Z,2026-07-14T16:09:01+0200,fe0b5391-87e1-42cc-91a2-4b5686b81b2f,2026-06-19T07:00:00Z,2026-06-19T09:00:00+0200,61146.71628,MW,DE,DE_LU,actual_load,Actual Load,2026-07-14T14:11:01Z
2026-07-14T14:09:01Z,2026-07-14T16:09:01+0200,fe0b5391-87e1-42cc-91a2-4b5686b81b2f,2026-06-19T07:15:00Z,2026-06-19T09:15:00+0200,61492.3032,MW,DE,DE_LU,actual_load,Actual Load,2026-07-14T14:11:01Z
2026-07-14T14:09:01Z,2026-07-14T16:09:01+0200,fe0b5391-87e1-42cc-91a2-4b5686b81b2f,2026-06-19T07:30:00Z,2026-06-19T09:30:00+0200,60908.29909,MW,DE,DE_LU,actual_load,Actual Load,2026-07-14T14:11:01Z
2026-07-14T14:09:01Z,2026-07-14T16:09:01+0200,fe0b5391-87e1-42cc-91a2-4b5686b81b2f,2026-06-19T07:45:00Z,2026-06-19T09:45:00+0200,60879.16344,MW,DE,DE_LU,actual_load,Actual Load,2026-07-14T14:11:01Z
2026-07-14T14:09:01Z,2026-07-14T16:09:01+0200,fe0b5391-87e1-42cc-91a2-4b5686b81b2f,2026-06-19T08:00:00Z,2026-06-19T10:00:00+0200,61409.77907,MW,DE,DE_LU,actual_load,Actual Load,2026-07-14T14:11:01Z
2026-07-14T14:09:01Z,2026-07-14T16:09:01+0200,fe0b5391-87e1-42cc-91a2-4b5686b81b2f,2026-06-19T08:15:00Z,2026-06-19T10:15:00+0200,61089.47845,MW,DE,DE_LU,actual_load,Actual Load,2026-07-14T14:11:01Z
2026-07-14T14:09:01Z,2026-07-14T16:09:01+0200,fe0b5391-87e1-42cc-91a2-4b5686b81b2f,2026-06-19T08:30:00Z,2026-06-19T10:30:00+0200,60931.67598,MW,DE,DE_LU,actual_load,Actual Load,2026-07-14T14:11:01Z
2026-07-14T14:09:01Z,2026-07-14T16:09:01+0200,fe0b5391-87e1-42cc-91a2-4b5686b81b2f,2026-06-19T08:45:00Z,2026-06-19T10:45:00+0200,60890.19286,MW,DE,DE_LU,actual_load,Actual Load,2026-07-14T14:11:01Z
2026-07-14T14:09:01Z,2026-07-14T16:09:01+0200,fe0b5391-87e1-42cc-91a2-4b5686b81b2f,2026-06-19T09:00:00Z,2026-06-19T11:00:00+0200,60787.00242,MW,DE,DE_LU,actual_load,Actual Load,2026-07-14T14:11:01Z
2026-07-14T14:09:01Z,2026-07-14T16:09:01+0200,fe0b5391-87e1-42cc-91a2-4b5686b81b2f,2026-06-19T09:15:00Z,2026-06-19T11:15:00+0200,60534.56162,MW,DE,DE_LU,actual_load,Actual Load,2026-07-14T14:11:01Z
2026-07-14T14:09:01Z,2026-07-14T16:09:01+0200,fe0b5391-87e1-42cc-91a2-4b5686b81b2f,2026-06-19T09:30:00Z,2026-06-19T11:30:00+0200,60230.13425,MW,DE,DE_LU,actual_load,Actual Load,2026-07-14T14:11:01Z
2026-07-14T14:09:01Z,2026-07-14T16:09:01+0200,fe0b5391-87e1-42cc-91a2-4b5686b81b2f,2026-06-19T09:45:00Z,2026-06-19T11:45:00+0200,60530.48777,MW,DE,DE_LU,actual_load,Actual Load,2026-07-14T14:11:01Z
2026-07-14T14:09:01Z,2026-07-14T16:09:01+0200,fe0b5391-87e1-42cc-91a2-4b5686b81b2f,2026-06-19T10:00:00Z,2026-06-19T12:00:00+0200,60437.44748,MW,DE,DE_LU,actual_load,Actual Load,2026-07-14T14:11:01Z
2026-07-14T14:09:01Z,2026-07-14T16:09:01+0200,fe0b5391-87e1-42cc-91a2-4b5686b81b2f,2026-06-19T10:15:00Z,2026-06-19T12:15:00+0200,60368.97041,MW,DE,DE_LU,actual_load,Actual Load,2026-07-14T14:11:01Z
2026-07-14T14:09:01Z,2026-07-14T16:09:01+0200,fe0b5391-87e1-42cc-91a2-4b5686b81b2f,2026-06-19T10:30:00Z,2026-06-19T12:30:00+0200,60758.1356,MW,DE,DE_LU,actual_load,Actual Load,2026-07-14T14:11:01Z
2026-07-14T14:09:01Z,2026-07-14T16:09:01+0200,fe0b5391-87e1-42cc-91a2-4b5686b81b2f,2026-06-19T10:45:00Z,2026-06-19T12:45:00+0200,60183.6083,MW,DE,DE_LU,actual_load,Actual Load,2026-07-14T14:11:01Z
2026-07-14T14:09:01Z,2026-07-14T16:09:01+0200,fe0b5391-87e1-42cc-91a2-4b5686b81b2f,2026-06-19T11:00:00Z,2026-06-19T13:00:00+0200,59328.32907,MW,DE,DE_LU,actual_load,Actual Load,2026-07-14T14:11:01Z
2026-07-14T14:09:01Z,2026-07-14T16:09:01+0200,fe0b5391-87e1-42cc-91a2-4b5686b81b2f,2026-06-19T11:15:00Z,2026-06-19T13:15:00+0200,58598.16585,MW,DE,DE_LU,actual_load,Actual Load,2026-07-14T14:11:01Z
2026-07-14T14:09:01Z,2026-07-14T16:09:01+0200,fe0b5391-87e1-42cc-91a2-4b5686b81b2f,2026-06-19T11:30:00Z,2026-06-19T13:30:00+0200,58550.29586,MW,DE,DE_LU,actual_load,Actual Load,2026-07-14T14:11:01Z
2026-07-14T14:09:01Z,2026-07-14T16:09:01+0200,fe0b5391-87e1-42cc-91a2-4b5686b81b2f,2026-06-19T11:45:00Z,2026-06-19T13:45:00+0200,58097.40956,MW,DE,DE_LU,actual_load,Actual Load,2026-07-14T14:11:01Z
2026-07-14T14:09:01Z,2026-07-14T16:09:01+0200,fe0b5391-87e1-42cc-91a2-4b5686b81b2f,2026-06-19T12:00:00Z,2026-06-19T14:00:00+0200,58567.41479,MW,DE,DE_LU,actual_load,Actual Load,2026-07-14T14:11:01Z
2026-07-14T14:09:01Z,2026-07-14T16:09:01+0200,fe0b5391-87e1-42cc-91a2-4b5686b81b2f,2026-06-19T12:15:00Z,2026-06-19T14:15:00+0200,58368.73407,MW,DE,DE_LU,actual_load,Actual Load,2026-07-14T14:11:01Z
2026-07-14T14:09:01Z,2026-07-14T16:09:01+0200,fe0b5391-87e1-42cc-91a2-4b5686b81b2f,2026-06-19T12:30:00Z,2026-06-19T14:30:00+0200,57632.61337,MW,DE,DE_LU,actual_load,Actual Load,2026-07-14T14:11:01Z
2026-07-14T14:09:01Z,2026-07-14T16:09:01+0200,fe0b5391-87e1-42cc-91a2-4b5686b81b2f,2026-06-19T12:45:00Z,2026-06-19T14:45:00+0200,56931.19179,MW,DE,DE_LU,actual_load,Actual Load,2026-07-14T14:11:01Z
2026-07-14T14:09:01Z,2026-07-14T16:09:01+0200,fe0b5391-87e1-42cc-91a2-4b5686b81b2f,2026-06-19T13:00:00Z,2026-06-19T15:00:00+0200,56519.68042,MW,DE,DE_LU,actual_load,Actual Load,2026-07-14T14:11:01Z
2026-07-14T14:09:01Z,2026-07-14T16:09:01+0200,fe0b5391-87e1-42cc-91a2-4b5686b81b2f,2026-06-19T13:15:00Z,2026-06-19T15:15:00+0200,56453.26617,MW,DE,DE_LU,actual_load,Actual Load,2026-07-14T14:11:01Z
2026-07-14T14:09:01Z,2026-07-14T16:09:01+0200,fe0b5391-87e1-42cc-91a2-4b5686b81b2f,2026-06-19T13:30:00Z,2026-06-19T15:30:00+0200,55839.71078,MW,DE,DE_LU,actual_load,Actual Load,2026-07-14T14:11:01Z
2026-07-14T14:09:01Z,2026-07-14T16:09:01+0200,fe0b5391-87e1-42cc-91a2-4b5686b81b2f,2026-06-19T13:45:00Z,2026-06-19T15:45:00+0200,55188.11209,MW,DE,DE_LU,actual_load,Actual Load,2026-07-14T14:11:01Z
2026-07-14T14:09:01Z,2026-07-14T16:09:01+0200,fe0b5391-87e1-42cc-91a2-4b5686b81b2f,2026-06-19T14:00:00Z,2026-06-19T16:00:00+0200,55638.18995,MW,DE,DE_LU,actual_load,Actual Load,2026-07-14T14:11:01Z
2026-07-14T14:09:01Z,2026-07-14T16:09:01+0200,fe0b5391-87e1-42cc-91a2-4b5686b81b2f,2026-06-19T14:15:00Z,2026-06-19T16:15:00+0200,55141.64051,MW,DE,DE_LU,actual_load,Actual Load,2026-07-14T14:11:01Z
2026-07-14T14:09:01Z,2026-07-14T16:09:01+0200,fe0b5391-87e1-42cc-91a2-4b5686b81b2f,2026-06-19T14:30:00Z,2026-06-19T16:30:00+0200,54837.24657,MW,DE,DE_LU,actual_load,Actual Load,2026-07-14T14:11:01Z
2026-07-14T14:09:01Z,2026-07-14T16:09:01+0200,fe0b5391-87e1-42cc-91a2-4b5686b81b2f,2026-06-19T14:45:00Z,2026-06-19T16:45:00+0200,55722.743,MW,DE,DE_LU,actual_load,Actual Load,2026-07-14T14:11:01Z
2026-07-14T14:09:01Z,2026-07-14T16:09:01+0200,fe0b5391-87e1-42cc-91a2-4b5686b81b2f,2026-06-19T15:00:00Z,2026-06-19T17:00:00+0200,56255.03341,MW,DE,DE_LU,actual_load,Actual Load,2026-07-14T14:11:01Z
2026-07-14T14:09:01Z,2026-07-14T16:09:01+0200,fe0b5391-87e1-42cc-91a2-4b5686b81b2f,2026-06-19T15:15:00Z,2026-06-19T17:15:00+0200,56291.70152,MW,DE,DE_LU,actual_load,Actual Load,2026-07-14T14:11:01Z
2026-07-14T14:09:01Z,2026-07-14T16:09:01+0200,fe0b5391-87e1-42cc-91a2-4b5686b81b2f,2026-06-19T15:30:00Z,2026-06-19T17:30:00+0200,57080.94878,MW,DE,DE_LU,actual_load,Actual Load,2026-07-14T14:11:01Z
2026-07-14T14:09:01Z,2026-07-14T16:09:01+0200,fe0b5391-87e1-42cc-91a2-4b5686b81b2f,2026-06-19T15:45:00Z,2026-06-19T17:45:00+0200,57755.03091,MW,DE,DE_LU,actual_load,Actual Load,2026-07-14T14:11:01Z
2026-07-14T14:09:01Z,2026-07-14T16:09:01+0200,fe0b5391-87e1-42cc-91a2-4b5686b81b2f,2026-06-19T16:00:00Z,2026-06-19T18:00:00+0200,58557.23775,MW,DE,DE_LU,actual_load,Actual Load,2026-07-14T14:11:01Z
2026-07-14T14:09:01Z,2026-07-14T16:09:01+0200,fe0b5391-87e1-42cc-91a2-4b5686b81b2f,2026-06-19T16:15:00Z,2026-06-19T18:15:00+0200,58254.68258,MW,DE,DE_LU,actual_load,Actual Load,2026-07-14T14:11:01Z
2026-07-14T14:09:01Z,2026-07-14T16:09:01+0200,fe0b5391-87e1-42cc-91a2-4b5686b81b2f,2026-06-19T16:30:00Z,2026-06-19T18:30:00+0200,58812.91302,MW,DE,DE_LU,actual_load,Actual Load,2026-07-14T14:11:01Z
2026-07-14T14:09:01Z,2026-07-14T16:09:01+0200,fe0b5391-87e1-42cc-91a2-4b5686b81b2f,2026-06-19T16:45:00Z,2026-06-19T18:45:00+0200,58408.35998,MW,DE,DE_LU,actual_load,Actual Load,2026-07-14T14:11:01Z
2026-07-14T14:09:01Z,2026-07-14T16:09:01+0200,fe0b5391-87e1-42cc-91a2-4b5686b81b2f,2026-06-19T17:00:00Z,2026-06-19T19:00:00+0200,58552.64559,MW,DE,DE_LU,actual_load,Actual Load,2026-07-14T14:11:01Z
2026-07-14T14:09:01Z,2026-07-14T16:09:01+0200,fe0b5391-87e1-42cc-91a2-4b5686b81b2f,2026-06-19T17:15:00Z,2026-06-19T19:15:00+0200,58078.01387,MW,DE,DE_LU,actual_load,Actual Load,2026-07-14T14:11:01Z
2026-07-14T14:09:01Z,2026-07-14T16:09:01+0200,fe0b5391-87e1-42cc-91a2-4b5686b81b2f,2026-06-19T17:30:00Z,2026-06-19T19:30:00+0200,57477.58769,MW,DE,DE_LU,actual_load,Actual Load,2026-07-14T14:11:01Z
2026-07-14T14:09:01Z,2026-07-14T16:09:01+0200,fe0b5391-87e1-42cc-91a2-4b5686b81b2f,2026-06-19T17:45:00Z,2026-06-19T19:45:00+0200,57191.20564,MW,DE,DE_LU,actual_load,Actual Load,2026-07-14T14:11:01Z
2026-07-14T14:09:01Z,2026-07-14T16:09:01+0200,fe0b5391-87e1-42cc-91a2-4b5686b81b2f,2026-06-19T18:00:00Z,2026-06-19T20:00:00+0200,56801.83446,MW,DE,DE_LU,actual_load,Actual Load,2026-07-14T14:11:01Z
2026-07-14T14:09:01Z,2026-07-14T16:09:01+0200,fe0b5391-87e1-42cc-91a2-4b5686b81b2f,2026-06-19T18:15:00Z,2026-06-19T20:15:00+0200,55913.18064,MW,DE,DE_LU,actual_load,Actual Load,2026-07-14T14:11:01Z
2026-07-14T14:09:01Z,2026-07-14T16:09:01+0200,fe0b5391-87e1-42cc-91a2-4b5686b81b2f,2026-06-19T18:30:00Z,2026-06-19T20:30:00+0200,54715.21404,MW,DE,DE_LU,actual_load,Actual Load,2026-07-14T14:11:01Z
2026-07-14T14:09:01Z,2026-07-14T16:09:01+0200,fe0b5391-87e1-42cc-91a2-4b5686b81b2f,2026-06-19T18:45:00Z,2026-06-19T20:45:00+0200,54180.56281,MW,DE,DE_LU,actual_load,Actual Load,2026-07-14T14:11:01Z
2026-07-14T14:09:01Z,2026-07-14T16:09:01+0200,fe0b5391-87e1-42cc-91a2-4b5686b81b2f,2026-06-19T19:00:00Z,2026-06-19T21:00:00+0200,53296.98149,MW,DE,DE_LU,actual_load,Actual Load,2026-07-14T14:11:01Z
2026-07-14T14:09:01Z,2026-07-14T16:09:01+0200,fe0b5391-87e1-42cc-91a2-4b5686b81b2f,2026-06-19T19:15:00Z,2026-06-19T21:15:00+0200,52308.66882,MW,DE,DE_LU,actual_load,Actual Load,2026-07-14T14:11:01Z
2026-07-14T14:09:01Z,2026-07-14T16:09:01+0200,fe0b5391-87e1-42cc-91a2-4b5686b81b2f,2026-06-19T19:30:00Z,2026-06-19T21:30:00+0200,52157.43085,MW,DE,DE_LU,actual_load,Actual Load,2026-07-14T14:11:01Z
2026-07-14T14:09:01Z,2026-07-14T16:09:01+0200,fe0b5391-87e1-42cc-91a2-4b5686b81b2f,2026-06-19T19:45:00Z,2026-06-19T21:45:00+0200,52491.60068,MW,DE,DE_LU,actual_load,Actual Load,2026-07-14T14:11:01Z
2026-07-14T14:09:01Z,2026-07-14T16:09:01+0200,fe0b5391-87e1-42cc-91a2-4b5686b81b2f,2026-06-19T20:00:00Z,2026-06-19T22:00:00+0200,51754.09211,MW,DE,DE_LU,actual_load,Actual Load,2026-07-14T14:11:01Z
2026-07-14T14:09:01Z,2026-07-14T16:09:01+0200,fe0b5391-87e1-42cc-91a2-4b5686b81b2f,2026-06-19T20:15:00Z,2026-06-19T22:15:00+0200,51126.67828,MW,DE,DE_LU,actual_load,Actual Load,2026-07-14T14:11:01Z
2026-07-14T14:09:01Z,2026-07-14T16:09:01+0200,fe0b5391-87e1-42cc-91a2-4b5686b81b2f,2026-06-19T20:30:00Z,2026-06-19T22:30:00+0200,50800.11502,MW,DE,DE_LU,actual_load,Actual Load,2026-07-14T14:11:01Z
2026-07-14T14:09:01Z,2026-07-14T16:09:01+0200,fe0b5391-87e1-42cc-91a2-4b5686b81b2f,2026-06-19T20:45:00Z,2026-06-19T22:45:00+0200,50210.26414,MW,DE,DE_LU,actual_load,Actual Load,2026-07-14T14:11:01Z
2026-07-14T14:09:01Z,2026-07-14T16:09:01+0200,fe0b5391-87e1-42cc-91a2-4b5686b81b2f,2026-06-19T21:00:00Z,2026-06-19T23:00:00+0200,49287.9126,MW,DE,DE_LU,actual_load,Actual Load,2026-07-14T14:11:01Z
2026-07-14T14:09:01Z,2026-07-14T16:09:01+0200,fe0b5391-87e1-42cc-91a2-4b5686b81b2f,2026-06-19T21:15:00Z,2026-06-19T23:15:00+0200,49317.26991,MW,DE,DE_LU,actual_load,Actual Load,2026-07-14T14:11:01Z
2026-07-14T14:09:01Z,2026-07-14T16:09:01+0200,fe0b5391-87e1-42cc-91a2-4b5686b81b2f,2026-06-19T21:30:00Z,2026-06-19T23:30:00+0200,48177.47188,MW,DE,DE_LU,actual_load,Actual Load,2026-07-14T14:11:01Z
2026-07-14T14:09:01Z,2026-07-14T16:09:01+0200,fe0b5391-87e1-42cc-91a2-4b5686b81b2f,2026-06-19T21:45:00Z,2026-06-19T23:45:00+0200,47119.31238,MW,DE,DE_LU,actual_load,Actual Load,2026-07-14T14:11:01Z
2026-07-14T14:09:01Z,2026-07-14T16:09:01+0200,fe0b5391-87e1-42cc-91a2-4b5686b81b2f,2026-06-19T22:00:00Z,2026-06-20T00:00:00+0200,46489.5731,MW,DE,DE_LU,actual_load,Actual Load,2026-07-14T14:11:01Z
2026-07-14T14:09:01Z,2026-07-14T16:09:01+0200,fe0b5391-87e1-42cc-91a2-4b5686b81b2f,2026-06-19T22:15:00Z,2026-06-20T00:15:00+0200,46653.50345,MW,DE,DE_LU,actual_load,Actual Load,2026-07-14T14:11:01Z
2026-07-14T14:09:01Z,2026-07-14T16:09:01+0200,fe0b5391-87e1-42cc-91a2-4b5686b81b2f,2026-06-19T22:30:00Z,2026-06-20T00:30:00+0200,46233.83141,MW,DE,DE_LU,actual_load,Actual Load,2026-07-14T14:11:01Z
2026-07-14T14:09:01Z,2026-07-14T16:09:01+0200,fe0b5391-87e1-42cc-91a2-4b5686b81b2f,2026-06-19T22:45:00Z,2026-06-20T00:45:00+0200,45949.91505,MW,DE,DE_LU,actual_load,Actual Load,2026-07-14T14:11:01Z
2026-07-14T14:09:01Z,2026-07-14T16:09:01+0200,fe0b5391-87e1-42cc-91a2-4b5686b81b2f,2026-06-19T23:00:00Z,2026-06-20T01:00:00+0200,46114.93019,MW,DE,DE_LU,actual_load,Actual Load,2026-07-14T14:11:01Z
2026-07-14T14:09:01Z,2026-07-14T16:09:01+0200,fe0b5391-87e1-42cc-91a2-4b5686b81b2f,2026-06-19T23:15:00Z,2026-06-20T01:15:00+0200,46494.38248,MW,DE,DE_LU,actual_load,Actual Load,2026-07-14T14:11:01Z
2026-07-14T14:09:01Z,2026-07-14T16:09:01+0200,fe0b5391-87e1-42cc-91a2-4b5686b81b2f,2026-06-19T23:30:00Z,2026-06-20T01:30:00+0200,45441.70659,MW,DE,DE_LU,actual_load,Actual Load,2026-07-14T14:11:01Z
2026-07-14T14:09:01Z,2026-07-14T16:09:01+0200,fe0b5391-87e1-42cc-91a2-4b5686b81b2f,2026-06-19T23:45:00Z,2026-06-20T01:45:00+0200,45025.01699,MW,DE,DE_LU,actual_load,Actual Load,2026-07-14T14:11:01Z
2026-07-14T14:09:01Z,2026-07-14T16:09:01+0200,fe0b5391-87e1-42cc-91a2-4b5686b81b2f,2026-06-20T00:00:00Z,2026-06-20T02:00:00+0200,44182.37789,MW,DE,DE_LU,actual_load,Actual Load,2026-07-14T14:11:01Z
2026-07-14T14:09:01Z,2026-07-14T16:09:01+0200,fe0b5391-87e1-42cc-91a2-4b5686b81b2f,2026-06-20T00:15:00Z,2026-06-20T02:15:00+0200,43720.40186,MW,DE,DE_LU,actual_load,Actual Load,2026-07-14T14:11:01Z
2026-07-14T14:09:01Z,2026-07-14T16:09:01+0200,fe0b5391-87e1-42cc-91a2-4b5686b81b2f,2026-06-20T00:30:00Z,2026-06-20T02:30:00+0200,43745.3438,MW,DE,DE_LU,actual_load,Actual Load,2026-07-14T14:11:01Z
2026-07-14T14:09:01Z,2026-07-14T16:09:01+0200,fe0b5391-87e1-42cc-91a2-4b5686b81b2f,2026-06-20T00:45:00Z,2026-06-20T02:45:00+0200,44779.36526,MW,DE,DE_LU,actual_load,Actual Load,2026-07-14T14:11:01Z
2026-07-14T14:09:01Z,2026-07-14T16:09:01+0200,fe0b5391-87e1-42cc-91a2-4b5686b81b2f,2026-06-20T01:00:00Z,2026-06-20T03:00:00+0200,45590.72105,MW,DE,DE_LU,actual_load,Actual Load,2026-07-14T14:11:01Z
2026-07-14T14:09:01Z,2026-07-14T16:09:01+0200,fe0b5391-87e1-42cc-91a2-4b5686b81b2f,2026-06-20T01:15:00Z,2026-06-20T03:15:00+0200,44184.3825,MW,DE,DE_LU,actual_load,Actual Load,2026-07-14T14:11:01Z
2026-07-14T14:09:01Z,2026-07-14T16:09:01+0200,fe0b5391-87e1-42cc-91a2-4b5686b81b2f,2026-06-20T01:30:00Z,2026-06-20T03:30:00+0200,43179.02304,MW,DE,DE_LU,actual_load,Actual Load,2026-07-14T14:11:01Z
2026-07-14T14:09:01Z,2026-07-14T16:09:01+0200,fe0b5391-87e1-42cc-91a2-4b5686b81b2f,2026-06-20T01:45:00Z,2026-06-20T03:45:00+0200,42607.20945,MW,DE,DE_LU,actual_load,Actual Load,2026-07-14T14:11:01Z
2026-07-14T14:09:01Z,2026-07-14T16:09:01+0200,fe0b5391-87e1-42cc-91a2-4b5686b81b2f,2026-06-20T02:00:00Z,2026-06-20T04:00:00+0200,41339.5453,MW,DE,DE_LU,actual_load,Actual Load,2026-07-14T14:11:01Z
2026-07-14T14:09:01Z,2026-07-14T16:09:01+0200,fe0b5391-87e1-42cc-91a2-4b5686b81b2f,2026-06-20T02:15:00Z,2026-06-20T04:15:00+0200,41223.29686,MW,DE,DE_LU,actual_load,Actual Load,2026-07-14T14:11:01Z
2026-07-14T14:09:01Z,2026-07-14T16:09:01+0200,fe0b5391-87e1-42cc-91a2-4b5686b81b2f,2026-06-20T02:30:00Z,2026-06-20T04:30:00+0200,41604.38626,MW,DE,DE_LU,actual_load,Actual Load,2026-07-14T14:11:01Z
2026-07-14T14:09:01Z,2026-07-14T16:09:01+0200,fe0b5391-87e1-42cc-91a2-4b5686b81b2f,2026-06-20T02:45:00Z,2026-06-20T04:45:00+0200,40608.32891,MW,DE,DE_LU,actual_load,Actual Load,2026-07-14T14:11:01Z
2026-07-14T14:09:01Z,2026-07-14T16:09:01+0200,fe0b5391-87e1-42cc-91a2-4b5686b81b2f,2026-06-20T03:00:00Z,2026-06-20T05:00:00+0200,40224.1729,MW,DE,DE_LU,actual_load,Actual Load,2026-07-14T14:11:01Z
2026-07-14T14:09:01Z,2026-07-14T16:09:01+0200,fe0b5391-87e1-42cc-91a2-4b5686b81b2f,2026-06-20T03:15:00Z,2026-06-20T05:15:00+0200,40413.0789,MW,DE,DE_LU,actual_load,Actual Load,2026-07-14T14:11:01Z
2026-07-14T14:09:01Z,2026-07-14T16:09:01+0200,fe0b5391-87e1-42cc-91a2-4b5686b81b2f,2026-06-20T03:30:00Z,2026-06-20T05:30:00+0200,41385.69092,MW,DE,DE_LU,actual_load,Actual Load,2026-07-14T14:11:01Z
2026-07-14T14:09:01Z,2026-07-14T16:09:01+0200,fe0b5391-87e1-42cc-91a2-4b5686b81b2f,2026-06-20T03:45:00Z,2026-06-20T05:45:00+0200,42514.43061,MW,DE,DE_LU,actual_load,Actual Load,2026-07-14T14:11:01Z
2026-07-14T14:09:01Z,2026-07-14T16:09:01+0200,fe0b5391-87e1-42cc-91a2-4b5686b81b2f,2026-06-20T04:00:00Z,2026-06-20T06:00:00+0200,43353.37156,MW,DE,DE_LU,actual_load,Actual Load,2026-07-14T14:11:01Z
2026-07-14T14:09:01Z,2026-07-14T16:09:01+0200,fe0b5391-87e1-42cc-91a2-4b5686b81b2f,2026-06-20T04:15:00Z,2026-06-20T06:15:00+0200,44242.41055,MW,DE,DE_LU,actual_load,Actual Load,2026-07-14T14:11:01Z
2026-07-14T14:09:01Z,2026-07-14T16:09:01+0200,fe0b5391-87e1-42cc-91a2-4b5686b81b2f,2026-06-20T04:30:00Z,2026-06-20T06:30:00+0200,45102.53812,MW,DE,DE_LU,actual_load,Actual Load,2026-07-14T14:11:01Z
2026-07-14T14:09:01Z,2026-07-14T16:09:01+0200,fe0b5391-87e1-42cc-91a2-4b5686b81b2f,2026-06-20T04:45:00Z,2026-06-20T06:45:00+0200,44618.94882,MW,DE,DE_LU,actual_load,Actual Load,2026-07-14T14:11:01Z
2026-07-14T14:09:01Z,2026-07-14T16:09:01+0200,fe0b5391-87e1-42cc-91a2-4b5686b81b2f,2026-06-20T05:00:00Z,2026-06-20T07:00:00+0200,44235.42849,MW,DE,DE_LU,actual_load,Actual Load,2026-07-14T14:11:01Z
2026-07-14T14:09:01Z,2026-07-14T16:09:01+0200,fe0b5391-87e1-42cc-91a2-4b5686b81b2f,2026-06-20T05:15:00Z,2026-06-20T07:15:00+0200,44539.11161,MW,DE,DE_LU,actual_load,Actual Load,2026-07-14T14:11:01Z
2026-07-14T14:09:01Z,2026-07-14T16:09:01+0200,fe0b5391-87e1-42cc-91a2-4b5686b81b2f,2026-06-20T05:30:00Z,2026-06-20T07:30:00+0200,45750.28991,MW,DE,DE_LU,actual_load,Actual Load,2026-07-14T14:11:01Z
2026-07-14T14:09:01Z,2026-07-14T16:09:01+0200,fe0b5391-87e1-42cc-91a2-4b5686b81b2f,2026-06-20T05:45:00Z,2026-06-20T07:45:00+0200,46256.21147,MW,DE,DE_LU,actual_load,Actual Load,2026-07-14T14:11:01Z
2026-07-14T14:09:01Z,2026-07-14T16:09:01+0200,fe0b5391-87e1-42cc-91a2-4b5686b81b2f,2026-06-20T06:00:00Z,2026-06-20T08:00:00+0200,47083.77435,MW,DE,DE_LU,actual_load,Actual Load,2026-07-14T14:11:01Z
2026-07-14T14:09:01Z,2026-07-14T16:09:01+0200,fe0b5391-87e1-42cc-91a2-4b5686b81b2f,2026-06-20T06:15:00Z,2026-06-20T08:15:00+0200,48043.5641,MW,DE,DE_LU,actual_load,Actual Load,2026-07-14T14:11:01Z
2026-07-14T14:09:01Z,2026-07-14T16:09:01+0200,fe0b5391-87e1-42cc-91a2-4b5686b81b2f,2026-06-20T06:30:00Z,2026-06-20T08:30:00+0200,48910.31571,MW,DE,DE_LU,actual_load,Actual Load,2026-07-14T14:11:01Z
2026-07-14T14:09:01Z,2026-07-14T16:09:01+0200,fe0b5391-87e1-42cc-91a2-4b5686b81b2f,2026-06-20T06:45:00Z,2026-06-20T08:45:00+0200,49190.00904,MW,DE,DE_LU,actual_load,Actual Load,2026-07-14T14:11:01Z
2026-07-14T14:09:01Z,2026-07-14T16:09:01+0200,fe0b5391-87e1-42cc-91a2-4b5686b81b2f,2026-06-20T07:00:00Z,2026-06-20T09:00:00+0200,49651.13131,MW,DE,DE_LU,actual_load,Actual Load,2026-07-14T14:11:01Z
2026-07-14T14:09:01Z,2026-07-14T16:09:01+0200,fe0b5391-87e1-42cc-91a2-4b5686b81b2f,2026-06-20T07:15:00Z,2026-06-20T09:15:00+0200,50043.08308,MW,DE,DE_LU,actual_load,Actual Load,2026-07-14T14:11:01Z
2026-07-14T14:09:01Z,2026-07-14T16:09:01+0200,fe0b5391-87e1-42cc-91a2-4b5686b81b2f,2026-06-20T07:30:00Z,2026-06-20T09:30:00+0200,50497.53158,MW,DE,DE_LU,actual_load,Actual Load,2026-07-14T14:11:01Z
2026-07-14T14:09:01Z,2026-07-14T16:09:01+0200,fe0b5391-87e1-42cc-91a2-4b5686b81b2f,2026-06-20T07:45:00Z,2026-06-20T09:45:00+0200,51247.9879,MW,DE,DE_LU,actual_load,Actual Load,2026-07-14T14:11:01Z
2026-07-14T14:09:01Z,2026-07-14T16:09:01+0200,fe0b5391-87e1-42cc-91a2-4b5686b81b2f,2026-06-20T08:00:00Z,2026-06-20T10:00:00+0200,50830.42228,MW,DE,DE_LU,actual_load,Actual Load,2026-07-14T14:11:01Z
2026-07-14T14:09:01Z,2026-07-14T16:09:01+0200,fe0b5391-87e1-42cc-91a2-4b5686b81b2f,2026-06-20T08:15:00Z,2026-06-20T10:15:00+0200,50774.39313,MW,DE,DE_LU,actual_load,Actual Load,2026-07-14T14:11:01Z
2026-07-14T14:09:01Z,2026-07-14T16:09:01+0200,fe0b5391-87e1-42cc-91a2-4b5686b81b2f,2026-06-20T08:30:00Z,2026-06-20T10:30:00+0200,50468.69167,MW,DE,DE_LU,actual_load,Actual Load,2026-07-14T14:11:01Z
2026-07-14T14:09:01Z,2026-07-14T16:09:01+0200,fe0b5391-87e1-42cc-91a2-4b5686b81b2f,2026-06-20T08:45:00Z,2026-06-20T10:45:00+0200,50974.65983,MW,DE,DE_LU,actual_load,Actual Load,2026-07-14T14:11:01Z
2026-07-14T14:09:01Z,2026-07-14T16:09:01+0200,fe0b5391-87e1-42cc-91a2-4b5686b81b2f,2026-06-20T09:00:00Z,2026-06-20T11:00:00+0200,50178.2775,MW,DE,DE_LU,actual_load,Actual Load,2026-07-14T14:11:01Z
2026-07-14T14:09:01Z,2026-07-14T16:09:01+0200,fe0b5391-87e1-42cc-91a2-4b5686b81b2f,2026-06-20T09:15:00Z,2026-06-20T11:15:00+0200,50231.16916,MW,DE,DE_LU,actual_load,Actual Load,2026-07-14T14:11:01Z
2026-07-14T14:09:01Z,2026-07-14T16:09:01+0200,fe0b5391-87e1-42cc-91a2-4b5686b81b2f,2026-06-20T09:30:00Z,2026-06-20T11:30:00+0200,51021.09949,MW,DE,DE_LU,actual_load,Actual Load,2026-07-14T14:11:01Z
2026-07-14T14:09:01Z,2026-07-14T16:09:01+0200,fe0b5391-87e1-42cc-91a2-4b5686b81b2f,2026-06-20T09:45:00Z,2026-06-20T11:45:00+0200,50113.56291,MW,DE,DE_LU,actual_load,Actual Load,2026-07-14T14:11:01Z
2026-07-14T14:09:01Z,2026-07-14T16:09:01+0200,fe0b5391-87e1-42cc-91a2-4b5686b81b2f,2026-06-20T10:00:00Z,2026-06-20T12:00:00+0200,49055.64727,MW,DE,DE_LU,actual_load,Actual Load,2026-07-14T14:11:01Z
2026-07-14T14:09:01Z,2026-07-14T16:09:01+0200,fe0b5391-87e1-42cc-91a2-4b5686b81b2f,2026-06-20T10:15:00Z,2026-06-20T12:15:00+0200,48947.71062,MW,DE,DE_LU,actual_load,Actual Load,2026-07-14T14:11:01Z
2026-07-14T14:09:01Z,2026-07-14T16:09:01+0200,fe0b5391-87e1-42cc-91a2-4b5686b81b2f,2026-06-20T10:30:00Z,2026-06-20T12:30:00+0200,49190.65546,MW,DE,DE_LU,actual_load,Actual Load,2026-07-14T14:11:01Z
2026-07-14T14:09:01Z,2026-07-14T16:09:01+0200,fe0b5391-87e1-42cc-91a2-4b5686b81b2f,2026-06-20T10:45:00Z,2026-06-20T12:45:00+0200,49047.71316,MW,DE,DE_LU,actual_load,Actual Load,2026-07-14T14:11:01Z
2026-07-14T14:09:01Z,2026-07-14T16:09:01+0200,fe0b5391-87e1-42cc-91a2-4b5686b81b2f,2026-06-20T11:00:00Z,2026-06-20T13:00:00+0200,48457.92115,MW,DE,DE_LU,actual_load,Actual Load,2026-07-14T14:11:01Z
2026-07-14T14:09:01Z,2026-07-14T16:09:01+0200,fe0b5391-87e1-42cc-91a2-4b5686b81b2f,2026-06-20T11:15:00Z,2026-06-20T13:15:00+0200,47711.9211,MW,DE,DE_LU,actual_load,Actual Load,2026-07-14T14:11:01Z
2026-07-14T14:09:01Z,2026-07-14T16:09:01+0200,fe0b5391-87e1-42cc-91a2-4b5686b81b2f,2026-06-20T11:30:00Z,2026-06-20T13:30:00+0200,47705.18624,MW,DE,DE_LU,actual_load,Actual Load,2026-07-14T14:11:01Z
2026-07-14T14:09:01Z,2026-07-14T16:09:01+0200,fe0b5391-87e1-42cc-91a2-4b5686b81b2f,2026-06-20T11:45:00Z,2026-06-20T13:45:00+0200,47493.95718,MW,DE,DE_LU,actual_load,Actual Load,2026-07-14T14:11:01Z
2026-07-14T14:09:01Z,2026-07-14T16:09:01+0200,fe0b5391-87e1-42cc-91a2-4b5686b81b2f,2026-06-20T12:00:00Z,2026-06-20T14:00:00+0200,46404.5002,MW,DE,DE_LU,actual_load,Actual Load,2026-07-14T14:11:01Z
2026-07-14T14:09:01Z,2026-07-14T16:09:01+0200,fe0b5391-87e1-42cc-91a2-4b5686b81b2f,2026-06-20T12:15:00Z,2026-06-20T14:15:00+0200,45805.7986,MW,DE,DE_LU,actual_load,Actual Load,2026-07-14T14:11:01Z
2026-07-14T14:09:01Z,2026-07-14T16:09:01+0200,fe0b5391-87e1-42cc-91a2-4b5686b81b2f,2026-06-20T12:30:00Z,2026-06-20T14:30:00+0200,45223.94242,MW,DE,DE_LU,actual_load,Actual Load,2026-07-14T14:11:01Z
2026-07-14T14:09:01Z,2026-07-14T16:09:01+0200,fe0b5391-87e1-42cc-91a2-4b5686b81b2f,2026-06-20T12:45:00Z,2026-06-20T14:45:00+0200,44853.7184,MW,DE,DE_LU,actual_load,Actual Load,2026-07-14T14:11:01Z
2026-07-14T14:09:01Z,2026-07-14T16:09:01+0200,fe0b5391-87e1-42cc-91a2-4b5686b81b2f,2026-06-20T13:00:00Z,2026-06-20T15:00:00+0200,45215.46679,MW,DE,DE_LU,actual_load,Actual Load,2026-07-14T14:11:01Z
2026-07-14T14:09:01Z,2026-07-14T16:09:01+0200,fe0b5391-87e1-42cc-91a2-4b5686b81b2f,2026-06-20T13:15:00Z,2026-06-20T15:15:00+0200,44991.11815,MW,DE,DE_LU,actual_load,Actual Load,2026-07-14T14:11:01Z
2026-07-14T14:09:01Z,2026-07-14T16:09:01+0200,fe0b5391-87e1-42cc-91a2-4b5686b81b2f,2026-06-20T13:30:00Z,2026-06-20T15:30:00+0200,44461.7263,MW,DE,DE_LU,actual_load,Actual Load,2026-07-14T14:11:01Z
2026-07-14T14:09:01Z,2026-07-14T16:09:01+0200,fe0b5391-87e1-42cc-91a2-4b5686b81b2f,2026-06-20T13:45:00Z,2026-06-20T15:45:00+0200,45310.93444,MW,DE,DE_LU,actual_load,Actual Load,2026-07-14T14:11:01Z
2026-07-14T14:09:01Z,2026-07-14T16:09:01+0200,fe0b5391-87e1-42cc-91a2-4b5686b81b2f,2026-06-20T14:00:00Z,2026-06-20T16:00:00+0200,45750.44855,MW,DE,DE_LU,actual_load,Actual Load,2026-07-14T14:11:01Z
2026-07-14T14:09:01Z,2026-07-14T16:09:01+0200,fe0b5391-87e1-42cc-91a2-4b5686b81b2f,2026-06-20T14:15:00Z,2026-06-20T16:15:00+0200,46137.37248,MW,DE,DE_LU,actual_load,Actual Load,2026-07-14T14:11:01Z
2026-07-14T14:09:01Z,2026-07-14T16:09:01+0200,fe0b5391-87e1-42cc-91a2-4b5686b81b2f,2026-06-20T14:30:00Z,2026-06-20T16:30:00+0200,45972.41334,MW,DE,DE_LU,actual_load,Actual Load,2026-07-14T14:11:01Z
2026-07-14T14:09:01Z,2026-07-14T16:09:01+0200,fe0b5391-87e1-42cc-91a2-4b5686b81b2f,2026-06-20T14:45:00Z,2026-06-20T16:45:00+0200,46186.5119,MW,DE,DE_LU,actual_load,Actual Load,2026-07-14T14:11:01Z
2026-07-14T14:09:01Z,2026-07-14T16:09:01+0200,fe0b5391-87e1-42cc-91a2-4b5686b81b2f,2026-06-20T15:00:00Z,2026-06-20T17:00:00+0200,46808.9049,MW,DE,DE_LU,actual_load,Actual Load,2026-07-14T14:11:01Z
2026-07-14T14:09:01Z,2026-07-14T16:09:01+0200,fe0b5391-87e1-42cc-91a2-4b5686b81b2f,2026-06-20T15:15:00Z,2026-06-20T17:15:00+0200,46816.41024,MW,DE,DE_LU,actual_load,Actual Load,2026-07-14T14:11:01Z
2026-07-14T14:09:01Z,2026-07-14T16:09:01+0200,fe0b5391-87e1-42cc-91a2-4b5686b81b2f,2026-06-20T15:30:00Z,2026-06-20T17:30:00+0200,46901.99405,MW,DE,DE_LU,actual_load,Actual Load,2026-07-14T14:11:01Z
2026-07-14T14:09:01Z,2026-07-14T16:09:01+0200,fe0b5391-87e1-42cc-91a2-4b5686b81b2f,2026-06-20T15:45:00Z,2026-06-20T17:45:00+0200,47214.76493,MW,DE,DE_LU,actual_load,Actual Load,2026-07-14T14:11:01Z
2026-07-14T14:09:01Z,2026-07-14T16:09:01+0200,fe0b5391-87e1-42cc-91a2-4b5686b81b2f,2026-06-20T16:00:00Z,2026-06-20T18:00:00+0200,48034.71851,MW,DE,DE_LU,actual_load,Actual Load,2026-07-14T14:11:01Z
2026-07-14T14:09:01Z,2026-07-14T16:09:01+0200,fe0b5391-87e1-42cc-91a2-4b5686b81b2f,2026-06-20T16:15:00Z,2026-06-20T18:15:00+0200,48562.27579,MW,DE,DE_LU,actual_load,Actual Load,2026-07-14T14:11:01Z
2026-07-14T14:09:01Z,2026-07-14T16:09:01+0200,fe0b5391-87e1-42cc-91a2-4b5686b81b2f,2026-06-20T16:30:00Z,2026-06-20T18:30:00+0200,48980.73194,MW,DE,DE_LU,actual_load,Actual Load,2026-07-14T14:11:01Z
2026-07-14T14:09:01Z,2026-07-14T16:09:01+0200,fe0b5391-87e1-42cc-91a2-4b5686b81b2f,2026-06-20T16:45:00Z,2026-06-20T18:45:00+0200,49364.5392,MW,DE,DE_LU,actual_load,Actual Load,2026-07-14T14:11:01Z
2026-07-14T14:09:01Z,2026-07-14T16:09:01+0200,fe0b5391-87e1-42cc-91a2-4b5686b81b2f,2026-06-20T17:00:00Z,2026-06-20T19:00:00+0200,50895.85615,MW,DE,DE_LU,actual_load,Actual Load,2026-07-14T14:11:01Z
2026-07-14T14:09:01Z,2026-07-14T16:09:01+0200,fe0b5391-87e1-42cc-91a2-4b5686b81b2f,2026-06-20T17:15:00Z,2026-06-20T19:15:00+0200,50337.41448,MW,DE,DE_LU,actual_load,Actual Load,2026-07-14T14:11:01Z
2026-07-14T14:09:01Z,2026-07-14T16:09:01+0200,fe0b5391-87e1-42cc-91a2-4b5686b81b2f,2026-06-20T17:30:00Z,2026-06-20T19:30:00+0200,50535.68154,MW,DE,DE_LU,actual_load,Actual Load,2026-07-14T14:11:01Z
2026-07-14T14:09:01Z,2026-07-14T16:09:01+0200,fe0b5391-87e1-42cc-91a2-4b5686b81b2f,2026-06-20T17:45:00Z,2026-06-20T19:45:00+0200,50284.70779,MW,DE,DE_LU,actual_load,Actual Load,2026-07-14T14:11:01Z
2026-07-14T14:09:01Z,2026-07-14T16:09:01+0200,fe0b5391-87e1-42cc-91a2-4b5686b81b2f,2026-06-20T18:00:00Z,2026-06-20T20:00:00+0200,51306.42667,MW,DE,DE_LU,actual_load,Actual Load,2026-07-14T14:11:01Z
2026-07-14T14:09:01Z,2026-07-14T16:09:01+0200,fe0b5391-87e1-42cc-91a2-4b5686b81b2f,2026-06-20T18:15:00Z,2026-06-20T20:15:00+0200,50095.18754,MW,DE,DE_LU,actual_load,Actual Load,2026-07-14T14:11:01Z
2026-07-14T14:09:01Z,2026-07-14T16:09:01+0200,fe0b5391-87e1-42cc-91a2-4b5686b81b2f,2026-06-20T18:30:00Z,2026-06-20T20:30:00+0200,49089.26842,MW,DE,DE_LU,actual_load,Actual Load,2026-07-14T14:11:01Z
2026-07-14T14:09:01Z,2026-07-14T16:09:01+0200,fe0b5391-87e1-42cc-91a2-4b5686b81b2f,2026-06-20T18:45:00Z,2026-06-20T20:45:00+0200,48462.63477,MW,DE,DE_LU,actual_load,Actual Load,2026-07-14T14:11:01Z
2026-07-14T14:09:01Z,2026-07-14T16:09:01+0200,fe0b5391-87e1-42cc-91a2-4b5686b81b2f,2026-06-20T19:00:00Z,2026-06-20T21:00:00+0200,48190.41299,MW,DE,DE_LU,actual_load,Actual Load,2026-07-14T14:11:01Z
2026-07-14T14:09:01Z,2026-07-14T16:09:01+0200,fe0b5391-87e1-42cc-91a2-4b5686b81b2f,2026-06-20T19:15:00Z,2026-06-20T21:15:00+0200,47813.52424,MW,DE,DE_LU,actual_load,Actual Load,2026-07-14T14:11:01Z
2026-07-14T14:09:01Z,2026-07-14T16:09:01+0200,fe0b5391-87e1-42cc-91a2-4b5686b81b2f,2026-06-20T19:30:00Z,2026-06-20T21:30:00+0200,47293.85327,MW,DE,DE_LU,actual_load,Actual Load,2026-07-14T14:11:01Z
2026-07-14T14:09:01Z,2026-07-14T16:09:01+0200,fe0b5391-87e1-42cc-91a2-4b5686b81b2f,2026-06-20T19:45:00Z,2026-06-20T21:45:00+0200,47198.71265,MW,DE,DE_LU,actual_load,Actual Load,2026-07-14T14:11:01Z
2026-07-14T14:09:01Z,2026-07-14T16:09:01+0200,fe0b5391-87e1-42cc-91a2-4b5686b81b2f,2026-06-20T20:00:00Z,2026-06-20T22:00:00+0200,47198.03931,MW,DE,DE_LU,actual_load,Actual Load,2026-07-14T14:11:01Z
2026-07-14T14:09:01Z,2026-07-14T16:09:01+0200,fe0b5391-87e1-42cc-91a2-4b5686b81b2f,2026-06-20T20:15:00Z,2026-06-20T22:15:00+0200,46669.80143,MW,DE,DE_LU,actual_load,Actual Load,2026-07-14T14:11:01Z
2026-07-14T14:09:01Z,2026-07-14T16:09:01+0200,fe0b5391-87e1-42cc-91a2-4b5686b81b2f,2026-06-20T20:30:00Z,2026-06-20T22:30:00+0200,46064.65776,MW,DE,DE_LU,actual_load,Actual Load,2026-07-14T14:11:01Z
2026-07-14T14:09:01Z,2026-07-14T16:09:01+0200,fe0b5391-87e1-42cc-91a2-4b5686b81b2f,2026-06-20T20:45:00Z,2026-06-20T22:45:00+0200,45980.42324,MW,DE,DE_LU,actual_load,Actual Load,2026-07-14T14:11:01Z
2026-07-14T14:09:01Z,2026-07-14T16:09:01+0200,fe0b5391-87e1-42cc-91a2-4b5686b81b2f,2026-06-20T21:00:00Z,2026-06-20T23:00:00+0200,44890.08162,MW,DE,DE_LU,actual_load,Actual Load,2026-07-14T14:11:01Z
2026-07-14T14:09:01Z,2026-07-14T16:09:01+0200,fe0b5391-87e1-42cc-91a2-4b5686b81b2f,2026-06-20T21:15:00Z,2026-06-20T23:15:00+0200,44606.37972,MW,DE,DE_LU,actual_load,Actual Load,2026-07-14T14:11:01Z
2026-07-14T14:09:01Z,2026-07-14T16:09:01+0200,fe0b5391-87e1-42cc-91a2-4b5686b81b2f,2026-06-20T21:30:00Z,2026-06-20T23:30:00+0200,43827.95213,MW,DE,DE_LU,actual_load,Actual Load,2026-07-14T14:11:01Z
2026-07-14T14:09:01Z,2026-07-14T16:09:01+0200,fe0b5391-87e1-42cc-91a2-4b5686b81b2f,2026-06-20T21:45:00Z,2026-06-20T23:45:00+0200,43473.30039,MW,DE,DE_LU,actual_load,Actual Load,2026-07-14T14:11:01Z
2026-07-14T14:09:01Z,2026-07-14T16:09:01+0200,fe0b5391-87e1-42cc-91a2-4b5686b81b2f,2026-06-20T22:00:00Z,2026-06-21T00:00:00+0200,43438.92067,MW,DE,DE_LU,actual_load,Actual Load,2026-07-14T14:11:01Z
2026-07-14T14:09:01Z,2026-07-14T16:09:01+0200,fe0b5391-87e1-42cc-91a2-4b5686b81b2f,2026-06-20T22:15:00Z,2026-06-21T00:15:00+0200,43168.24479,MW,DE,DE_LU,actual_load,Actual Load,2026-07-14T14:11:01Z
2026-07-14T14:09:01Z,2026-07-14T16:09:01+0200,fe0b5391-87e1-42cc-91a2-4b5686b81b2f,2026-06-20T22:30:00Z,2026-06-21T00:30:00+0200,43185.06648,MW,DE,DE_LU,actual_load,Actual Load,2026-07-14T14:11:01Z
2026-07-14T14:09:01Z,2026-07-14T16:09:01+0200,fe0b5391-87e1-42cc-91a2-4b5686b81b2f,2026-06-20T22:45:00Z,2026-06-21T00:45:00+0200,42785.48784,MW,DE,DE_LU,actual_load,Actual Load,2026-07-14T14:11:01Z
2026-07-14T14:09:01Z,2026-07-14T16:09:01+0200,fe0b5391-87e1-42cc-91a2-4b5686b81b2f,2026-06-20T23:00:00Z,2026-06-21T01:00:00+0200,42419.99222,MW,DE,DE_LU,actual_load,Actual Load,2026-07-14T14:11:01Z
2026-07-14T14:09:01Z,2026-07-14T16:09:01+0200,fe0b5391-87e1-42cc-91a2-4b5686b81b2f,2026-06-20T23:15:00Z,2026-06-21T01:15:00+0200,41823.75649,MW,DE,DE_LU,actual_load,Actual Load,2026-07-14T14:11:01Z
2026-07-14T14:09:01Z,2026-07-14T16:09:01+0200,fe0b5391-87e1-42cc-91a2-4b5686b81b2f,2026-06-20T23:30:00Z,2026-06-21T01:30:00+0200,41197.7815,MW,DE,DE_LU,actual_load,Actual Load,2026-07-14T14:11:01Z
2026-07-14T14:09:01Z,2026-07-14T16:09:01+0200,fe0b5391-87e1-42cc-91a2-4b5686b81b2f,2026-06-20T23:45:00Z,2026-06-21T01:45:00+0200,40475.03416,MW,DE,DE_LU,actual_load,Actual Load,2026-07-14T14:11:01Z
2026-07-14T14:09:01Z,2026-07-14T16:09:01+0200,fe0b5391-87e1-42cc-91a2-4b5686b81b2f,2026-06-21T00:00:00Z,2026-06-21T02:00:00+0200,40043.03178,MW,DE,DE_LU,actual_load,Actual Load,2026-07-14T14:11:01Z
2026-07-14T14:09:01Z,2026-07-14T16:09:01+0200,fe0b5391-87e1-42cc-91a2-4b5686b81b2f,2026-06-21T00:15:00Z,2026-06-21T02:15:00+0200,39769.26778,MW,DE,DE_LU,actual_load,Actual Load,2026-07-14T14:11:01Z
2026-07-14T14:09:01Z,2026-07-14T16:09:01+0200,fe0b5391-87e1-42cc-91a2-4b5686b81b2f,2026-06-21T00:30:00Z,2026-06-21T02:30:00+0200,39929.23206,MW,DE,DE_LU,actual_load,Actual Load,2026-07-14T14:11:01Z
2026-07-14T14:09:01Z,2026-07-14T16:09:01+0200,fe0b5391-87e1-42cc-91a2-4b5686b81b2f,2026-06-21T00:45:00Z,2026-06-21T02:45:00+0200,39591.6266,MW,DE,DE_LU,actual_load,Actual Load,2026-07-14T14:11:01Z
2026-07-14T14:09:01Z,2026-07-14T16:09:01+0200,fe0b5391-87e1-42cc-91a2-4b5686b81b2f,2026-06-21T01:00:00Z,2026-06-21T03:00:00+0200,39755.4813,MW,DE,DE_LU,actual_load,Actual Load,2026-07-14T14:11:01Z
2026-07-14T14:09:01Z,2026-07-14T16:09:01+0200,fe0b5391-87e1-42cc-91a2-4b5686b81b2f,2026-06-21T01:15:00Z,2026-06-21T03:15:00+0200,39425.27539,MW,DE,DE_LU,actual_load,Actual Load,2026-07-14T14:11:01Z
2026-07-14T14:09:01Z,2026-07-14T16:09:01+0200,fe0b5391-87e1-42cc-91a2-4b5686b81b2f,2026-06-21T01:30:00Z,2026-06-21T03:30:00+0200,38754.50851,MW,DE,DE_LU,actual_load,Actual Load,2026-07-14T14:11:01Z
2026-07-14T14:09:01Z,2026-07-14T16:09:01+0200,fe0b5391-87e1-42cc-91a2-4b5686b81b2f,2026-06-21T01:45:00Z,2026-06-21T03:45:00+0200,38696.63135,MW,DE,DE_LU,actual_load,Actual Load,2026-07-14T14:11:01Z
2026-07-14T14:09:01Z,2026-07-14T16:09:01+0200,fe0b5391-87e1-42cc-91a2-4b5686b81b2f,2026-06-21T02:00:00Z,2026-06-21T04:00:00+0200,38242.92966,MW,DE,DE_LU,actual_load,Actual Load,2026-07-14T14:11:01Z
2026-07-14T14:09:01Z,2026-07-14T16:09:01+0200,fe0b5391-87e1-42cc-91a2-4b5686b81b2f,2026-06-21T02:15:00Z,2026-06-21T04:15:00+0200,37688.40086,MW,DE,DE_LU,actual_load,Actual Load,2026-07-14T14:11:01Z
2026-07-14T14:09:01Z,2026-07-14T16:09:01+0200,fe0b5391-87e1-42cc-91a2-4b5686b81b2f,2026-06-21T02:30:00Z,2026-06-21T04:30:00+0200,37868.70749,MW,DE,DE_LU,actual_load,Actual Load,2026-07-14T14:11:01Z
2026-07-14T14:09:01Z,2026-07-14T16:09:01+0200,fe0b5391-87e1-42cc-91a2-4b5686b81b2f,2026-06-21T02:45:00Z,2026-06-21T04:45:00+0200,37946.61178,MW,DE,DE_LU,actual_load,Actual Load,2026-07-14T14:11:01Z
2026-07-14T14:09:01Z,2026-07-14T16:09:01+0200,fe0b5391-87e1-42cc-91a2-4b5686b81b2f,2026-06-21T03:00:00Z,2026-06-21T05:00:00+0200,37747.42598,MW,DE,DE_LU,actual_load,Actual Load,2026-07-14T14:11:01Z
2026-07-14T14:09:01Z,2026-07-14T16:09:01+0200,fe0b5391-87e1-42cc-91a2-4b5686b81b2f,2026-06-21T03:15:00Z,2026-06-21T05:15:00+0200,38405.28043,MW,DE,DE_LU,actual_load,Actual Load,2026-07-14T14:11:01Z
2026-07-14T14:09:01Z,2026-07-14T16:09:01+0200,fe0b5391-87e1-42cc-91a2-4b5686b81b2f,2026-06-21T03:30:00Z,2026-06-21T05:30:00+0200,39269.15509,MW,DE,DE_LU,actual_load,Actual Load,2026-07-14T14:11:01Z
2026-07-14T14:09:01Z,2026-07-14T16:09:01+0200,fe0b5391-87e1-42cc-91a2-4b5686b81b2f,2026-06-21T03:45:00Z,2026-06-21T05:45:00+0200,39106.29533,MW,DE,DE_LU,actual_load,Actual Load,2026-07-14T14:11:01Z
2026-07-14T14:09:01Z,2026-07-14T16:09:01+0200,fe0b5391-87e1-42cc-91a2-4b5686b81b2f,2026-06-21T04:00:00Z,2026-06-21T06:00:00+0200,39310.88028,MW,DE,DE_LU,actual_load,Actual Load,2026-07-14T14:11:01Z
2026-07-14T14:09:01Z,2026-07-14T16:09:01+0200,fe0b5391-87e1-42cc-91a2-4b5686b81b2f,2026-06-21T04:15:00Z,2026-06-21T06:15:00+0200,39723.35607,MW,DE,DE_LU,actual_load,Actual Load,2026-07-14T14:11:01Z
2026-07-14T14:09:01Z,2026-07-14T16:09:01+0200,fe0b5391-87e1-42cc-91a2-4b5686b81b2f,2026-06-21T04:30:00Z,2026-06-21T06:30:00+0200,39796.70627,MW,DE,DE_LU,actual_load,Actual Load,2026-07-14T14:11:01Z
2026-07-14T14:09:01Z,2026-07-14T16:09:01+0200,fe0b5391-87e1-42cc-91a2-4b5686b81b2f,2026-06-21T04:45:00Z,2026-06-21T06:45:00+0200,39751.24526,MW,DE,DE_LU,actual_load,Actual Load,2026-07-14T14:11:01Z
2026-07-14T14:09:01Z,2026-07-14T16:09:01+0200,fe0b5391-87e1-42cc-91a2-4b5686b81b2f,2026-06-21T05:00:00Z,2026-06-21T07:00:00+0200,39025.14119,MW,DE,DE_LU,actual_load,Actual Load,2026-07-14T14:11:01Z
2026-07-14T14:09:01Z,2026-07-14T16:09:01+0200,fe0b5391-87e1-42cc-91a2-4b5686b81b2f,2026-06-21T05:15:00Z,2026-06-21T07:15:00+0200,39425.47222,MW,DE,DE_LU,actual_load,Actual Load,2026-07-14T14:11:01Z
2026-07-14T14:09:01Z,2026-07-14T16:09:01+0200,fe0b5391-87e1-42cc-91a2-4b5686b81b2f,2026-06-21T05:30:00Z,2026-06-21T07:30:00+0200,39657.04885,MW,DE,DE_LU,actual_load,Actual Load,2026-07-14T14:11:01Z
2026-07-14T14:09:01Z,2026-07-14T16:09:01+0200,fe0b5391-87e1-42cc-91a2-4b5686b81b2f,2026-06-21T05:45:00Z,2026-06-21T07:45:00+0200,40504.19947,MW,DE,DE_LU,actual_load,Actual Load,2026-07-14T14:11:01Z
2026-07-14T14:09:01Z,2026-07-14T16:09:01+0200,fe0b5391-87e1-42cc-91a2-4b5686b81b2f,2026-06-21T06:00:00Z,2026-06-21T08:00:00+0200,40587.49705,MW,DE,DE_LU,actual_load,Actual Load,2026-07-14T14:11:01Z
2026-07-14T14:09:01Z,2026-07-14T16:09:01+0200,fe0b5391-87e1-42cc-91a2-4b5686b81b2f,2026-06-21T06:15:00Z,2026-06-21T08:15:00+0200,41705.39721,MW,DE,DE_LU,actual_load,Actual Load,2026-07-14T14:11:01Z
2026-07-14T14:09:01Z,2026-07-14T16:09:01+0200,fe0b5391-87e1-42cc-91a2-4b5686b81b2f,2026-06-21T06:30:00Z,2026-06-21T08:30:00+0200,43099.3801,MW,DE,DE_LU,actual_load,Actual Load,2026-07-14T14:11:01Z
2026-07-14T14:09:01Z,2026-07-14T16:09:01+0200,fe0b5391-87e1-42cc-91a2-4b5686b81b2f,2026-06-21T06:45:00Z,2026-06-21T08:45:00+0200,43623.64492,MW,DE,DE_LU,actual_load,Actual Load,2026-07-14T14:11:01Z
2026-07-14T14:09:01Z,2026-07-14T16:09:01+0200,fe0b5391-87e1-42cc-91a2-4b5686b81b2f,2026-06-21T07:00:00Z,2026-06-21T09:00:00+0200,44773.79564,MW,DE,DE_LU,actual_load,Actual Load,2026-07-14T14:11:01Z
2026-07-14T14:09:01Z,2026-07-14T16:09:01+0200,fe0b5391-87e1-42cc-91a2-4b5686b81b2f,2026-06-21T07:15:00Z,2026-06-21T09:15:00+0200,46024.67718,MW,DE,DE_LU,actual_load,Actual Load,2026-07-14T14:11:01Z
2026-07-14T14:09:01Z,2026-07-14T16:09:01+0200,fe0b5391-87e1-42cc-91a2-4b5686b81b2f,2026-06-21T07:30:00Z,2026-06-21T09:30:00+0200,46206.60982,MW,DE,DE_LU,actual_load,Actual Load,2026-07-14T14:11:01Z
2026-07-14T14:09:01Z,2026-07-14T16:09:01+0200,fe0b5391-87e1-42cc-91a2-4b5686b81b2f,2026-06-21T07:45:00Z,2026-06-21T09:45:00+0200,46648.60625,MW,DE,DE_LU,actual_load,Actual Load,2026-07-14T14:11:01Z
2026-07-14T14:09:01Z,2026-07-14T16:09:01+0200,fe0b5391-87e1-42cc-91a2-4b5686b81b2f,2026-06-21T08:00:00Z,2026-06-21T10:00:00+0200,46077.29764,MW,DE,DE_LU,actual_load,Actual Load,2026-07-14T14:11:01Z
2026-07-14T14:09:01Z,2026-07-14T16:09:01+0200,fe0b5391-87e1-42cc-91a2-4b5686b81b2f,2026-06-21T08:15:00Z,2026-06-21T10:15:00+0200,46260.02247,MW,DE,DE_LU,actual_load,Actual Load,2026-07-14T14:11:01Z
2026-07-14T14:09:01Z,2026-07-14T16:09:01+0200,fe0b5391-87e1-42cc-91a2-4b5686b81b2f,2026-06-21T08:30:00Z,2026-06-21T10:30:00+0200,46416.44699,MW,DE,DE_LU,actual_load,Actual Load,2026-07-14T14:11:01Z
2026-07-14T14:09:01Z,2026-07-14T16:09:01+0200,fe0b5391-87e1-42cc-91a2-4b5686b81b2f,2026-06-21T08:45:00Z,2026-06-21T10:45:00+0200,46328.28995,MW,DE,DE_LU,actual_load,Actual Load,2026-07-14T14:11:01Z
2026-07-14T14:09:01Z,2026-07-14T16:09:01+0200,fe0b5391-87e1-42cc-91a2-4b5686b81b2f,2026-06-21T09:00:00Z,2026-06-21T11:00:00+0200,46737.70486,MW,DE,DE_LU,actual_load,Actual Load,2026-07-14T14:11:01Z
2026-07-14T14:09:01Z,2026-07-14T16:09:01+0200,fe0b5391-87e1-42cc-91a2-4b5686b81b2f,2026-06-21T09:15:00Z,2026-06-21T11:15:00+0200,47148.14693,MW,DE,DE_LU,actual_load,Actual Load,2026-07-14T14:11:01Z
2026-07-14T14:09:01Z,2026-07-14T16:09:01+0200,fe0b5391-87e1-42cc-91a2-4b5686b81b2f,2026-06-21T09:30:00Z,2026-06-21T11:30:00+0200,47203.2967,MW,DE,DE_LU,actual_load,Actual Load,2026-07-14T14:11:01Z
2026-07-14T14:09:01Z,2026-07-14T16:09:01+0200,fe0b5391-87e1-42cc-91a2-4b5686b81b2f,2026-06-21T09:45:00Z,2026-06-21T11:45:00+0200,46640.3238,MW,DE,DE_LU,actual_load,Actual Load,2026-07-14T14:11:01Z
2026-07-14T14:09:01Z,2026-07-14T16:09:01+0200,fe0b5391-87e1-42cc-91a2-4b5686b81b2f,2026-06-21T10:00:00Z,2026-06-21T12:00:00+0200,46475.59353,MW,DE,DE_LU,actual_load,Actual Load,2026-07-14T14:11:01Z
2026-07-14T14:09:01Z,2026-07-14T16:09:01+0200,fe0b5391-87e1-42cc-91a2-4b5686b81b2f,2026-06-21T10:15:00Z,2026-06-21T12:15:00+0200,46096.02752,MW,DE,DE_LU,actual_load,Actual Load,2026-07-14T14:11:01Z
2026-07-14T14:09:01Z,2026-07-14T16:09:01+0200,fe0b5391-87e1-42cc-91a2-4b5686b81b2f,2026-06-21T10:30:00Z,2026-06-21T12:30:00+0200,45465.0858,MW,DE,DE_LU,actual_load,Actual Load,2026-07-14T14:11:01Z
2026-07-14T14:09:01Z,2026-07-14T16:09:01+0200,fe0b5391-87e1-42cc-91a2-4b5686b81b2f,2026-06-21T10:45:00Z,2026-06-21T12:45:00+0200,45416.68309,MW,DE,DE_LU,actual_load,Actual Load,2026-07-14T14:11:01Z
2026-07-14T14:09:01Z,2026-07-14T16:09:01+0200,fe0b5391-87e1-42cc-91a2-4b5686b81b2f,2026-06-21T11:00:00Z,2026-06-21T13:00:00+0200,44432.96549,MW,DE,DE_LU,actual_load,Actual Load,2026-07-14T14:11:01Z
2026-07-14T14:09:01Z,2026-07-14T16:09:01+0200,fe0b5391-87e1-42cc-91a2-4b5686b81b2f,2026-06-21T11:15:00Z,2026-06-21T13:15:00+0200,44406.04442,MW,DE,DE_LU,actual_load,Actual Load,2026-07-14T14:11:01Z
2026-07-14T14:09:01Z,2026-07-14T16:09:01+0200,fe0b5391-87e1-42cc-91a2-4b5686b81b2f,2026-06-21T11:30:00Z,2026-06-21T13:30:00+0200,44176.66148,MW,DE,DE_LU,actual_load,Actual Load,2026-07-14T14:11:01Z
2026-07-14T14:09:01Z,2026-07-14T16:09:01+0200,fe0b5391-87e1-42cc-91a2-4b5686b81b2f,2026-06-21T11:45:00Z,2026-06-21T13:45:00+0200,43578.07251,MW,DE,DE_LU,actual_load,Actual Load,2026-07-14T14:11:01Z
2026-07-14T14:09:01Z,2026-07-14T16:09:01+0200,fe0b5391-87e1-42cc-91a2-4b5686b81b2f,2026-06-21T12:00:00Z,2026-06-21T14:00:00+0200,43411.11266,MW,DE,DE_LU,actual_load,Actual Load,2026-07-14T14:11:01Z
2026-07-14T14:09:01Z,2026-07-14T16:09:01+0200,fe0b5391-87e1-42cc-91a2-4b5686b81b2f,2026-06-21T12:15:00Z,2026-06-21T14:15:00+0200,42619.44571,MW,DE,DE_LU,actual_load,Actual Load,2026-07-14T14:11:01Z
2026-07-14T14:09:01Z,2026-07-14T16:09:01+0200,fe0b5391-87e1-42cc-91a2-4b5686b81b2f,2026-06-21T12:30:00Z,2026-06-21T14:30:00+0200,42806.39336,MW,DE,DE_LU,actual_load,Actual Load,2026-07-14T14:11:01Z
2026-07-14T14:09:01Z,2026-07-14T16:09:01+0200,fe0b5391-87e1-42cc-91a2-4b5686b81b2f,2026-06-21T12:45:00Z,2026-06-21T14:45:00+0200,42954.97186,MW,DE,DE_LU,actual_load,Actual Load,2026-07-14T14:11:01Z
2026-07-14T14:09:01Z,2026-07-14T16:09:01+0200,fe0b5391-87e1-42cc-91a2-4b5686b81b2f,2026-06-21T13:00:00Z,2026-06-21T15:00:00+0200,42782.59394,MW,DE,DE_LU,actual_load,Actual Load,2026-07-14T14:11:01Z
2026-07-14T14:09:01Z,2026-07-14T16:09:01+0200,fe0b5391-87e1-42cc-91a2-4b5686b81b2f,2026-06-21T13:15:00Z,2026-06-21T15:15:00+0200,42174.06592,MW,DE,DE_LU,actual_load,Actual Load,2026-07-14T14:11:01Z
2026-07-14T14:09:01Z,2026-07-14T16:09:01+0200,fe0b5391-87e1-42cc-91a2-4b5686b81b2f,2026-06-21T13:30:00Z,2026-06-21T15:30:00+0200,41987.0603,MW,DE,DE_LU,actual_load,Actual Load,2026-07-14T14:11:01Z
2026-07-14T14:09:01Z,2026-07-14T16:09:01+0200,fe0b5391-87e1-42cc-91a2-4b5686b81b2f,2026-06-21T13:45:00Z,2026-06-21T15:45:00+0200,41546.55395,MW,DE,DE_LU,actual_load,Actual Load,2026-07-14T14:11:01Z
2026-07-14T14:09:01Z,2026-07-14T16:09:01+0200,fe0b5391-87e1-42cc-91a2-4b5686b81b2f,2026-06-21T14:00:00Z,2026-06-21T16:00:00+0200,41930.14351,MW,DE,DE_LU,actual_load,Actual Load,2026-07-14T14:11:01Z
2026-07-14T14:09:01Z,2026-07-14T16:09:01+0200,fe0b5391-87e1-42cc-91a2-4b5686b81b2f,2026-06-21T14:15:00Z,2026-06-21T16:15:00+0200,42852.96222,MW,DE,DE_LU,actual_load,Actual Load,2026-07-14T14:11:01Z
2026-07-14T14:09:01Z,2026-07-14T16:09:01+0200,fe0b5391-87e1-42cc-91a2-4b5686b81b2f,2026-06-21T14:30:00Z,2026-06-21T16:30:00+0200,43318.82236,MW,DE,DE_LU,actual_load,Actual Load,2026-07-14T14:11:01Z
2026-07-14T14:09:01Z,2026-07-14T16:09:01+0200,fe0b5391-87e1-42cc-91a2-4b5686b81b2f,2026-06-21T14:45:00Z,2026-06-21T16:45:00+0200,43611.72636,MW,DE,DE_LU,actual_load,Actual Load,2026-07-14T14:11:01Z
2026-07-14T14:09:01Z,2026-07-14T16:09:01+0200,fe0b5391-87e1-42cc-91a2-4b5686b81b2f,2026-06-21T15:00:00Z,2026-06-21T17:00:00+0200,44981.2454,MW,DE,DE_LU,actual_load,Actual Load,2026-07-14T14:11:01Z
2026-07-14T14:09:01Z,2026-07-14T16:09:01+0200,fe0b5391-87e1-42cc-91a2-4b5686b81b2f,2026-06-21T15:15:00Z,2026-06-21T17:15:00+0200,45171.06329,MW,DE,DE_LU,actual_load,Actual Load,2026-07-14T14:11:01Z
2026-07-14T14:09:01Z,2026-07-14T16:09:01+0200,fe0b5391-87e1-42cc-91a2-4b5686b81b2f,2026-06-21T15:30:00Z,2026-06-21T17:30:00+0200,45457.86232,MW,DE,DE_LU,actual_load,Actual Load,2026-07-14T14:11:01Z
2026-07-14T14:09:01Z,2026-07-14T16:09:01+0200,fe0b5391-87e1-42cc-91a2-4b5686b81b2f,2026-06-21T15:45:00Z,2026-06-21T17:45:00+0200,45890.09288,MW,DE,DE_LU,actual_load,Actual Load,2026-07-14T14:11:01Z
2026-07-14T14:09:01Z,2026-07-14T16:09:01+0200,fe0b5391-87e1-42cc-91a2-4b5686b81b2f,2026-06-21T16:00:00Z,2026-06-21T18:00:00+0200,47586.80025,MW,DE,DE_LU,actual_load,Actual Load,2026-07-14T14:11:01Z
2026-07-14T14:09:01Z,2026-07-14T16:09:01+0200,fe0b5391-87e1-42cc-91a2-4b5686b81b2f,2026-06-21T16:15:00Z,2026-06-21T18:15:00+0200,47769.98194,MW,DE,DE_LU,actual_load,Actual Load,2026-07-14T14:11:01Z
2026-07-14T14:09:01Z,2026-07-14T16:09:01+0200,fe0b5391-87e1-42cc-91a2-4b5686b81b2f,2026-06-21T16:30:00Z,2026-06-21T18:30:00+0200,48370.38331,MW,DE,DE_LU,actual_load,Actual Load,2026-07-14T14:11:01Z
2026-07-14T14:09:01Z,2026-07-14T16:09:01+0200,fe0b5391-87e1-42cc-91a2-4b5686b81b2f,2026-06-21T16:45:00Z,2026-06-21T18:45:00+0200,48824.34409,MW,DE,DE_LU,actual_load,Actual Load,2026-07-14T14:11:01Z
2026-07-14T14:09:01Z,2026-07-14T16:09:01+0200,fe0b5391-87e1-42cc-91a2-4b5686b81b2f,2026-06-21T17:00:00Z,2026-06-21T19:00:00+0200,49950.43342,MW,DE,DE_LU,actual_load,Actual Load,2026-07-14T14:11:01Z
2026-07-14T14:09:01Z,2026-07-14T16:09:01+0200,fe0b5391-87e1-42cc-91a2-4b5686b81b2f,2026-06-21T17:15:00Z,2026-06-21T19:15:00+0200,50146.8118,MW,DE,DE_LU,actual_load,Actual Load,2026-07-14T14:11:01Z
2026-07-14T14:09:01Z,2026-07-14T16:09:01+0200,fe0b5391-87e1-42cc-91a2-4b5686b81b2f,2026-06-21T17:30:00Z,2026-06-21T19:30:00+0200,49963.8753,MW,DE,DE_LU,actual_load,Actual Load,2026-07-14T14:11:01Z
2026-07-14T14:09:01Z,2026-07-14T16:09:01+0200,fe0b5391-87e1-42cc-91a2-4b5686b81b2f,2026-06-21T17:45:00Z,2026-06-21T19:45:00+0200,49952.38943,MW,DE,DE_LU,actual_load,Actual Load,2026-07-14T14:11:01Z
2026-07-14T14:09:01Z,2026-07-14T16:09:01+0200,fe0b5391-87e1-42cc-91a2-4b5686b81b2f,2026-06-21T18:00:00Z,2026-06-21T20:00:00+0200,50111.50544,MW,DE,DE_LU,actual_load,Actual Load,2026-07-14T14:11:01Z
2026-07-14T14:09:01Z,2026-07-14T16:09:01+0200,fe0b5391-87e1-42cc-91a2-4b5686b81b2f,2026-06-21T18:15:00Z,2026-06-21T20:15:00+0200,49963.76865,MW,DE,DE_LU,actual_load,Actual Load,2026-07-14T14:11:01Z
2026-07-14T14:09:01Z,2026-07-14T16:09:01+0200,fe0b5391-87e1-42cc-91a2-4b5686b81b2f,2026-06-21T18:30:00Z,2026-06-21T20:30:00+0200,49294.50613,MW,DE,DE_LU,actual_load,Actual Load,2026-07-14T14:11:01Z
2026-07-14T14:09:01Z,2026-07-14T16:09:01+0200,fe0b5391-87e1-42cc-91a2-4b5686b81b2f,2026-06-21T18:45:00Z,2026-06-21T20:45:00+0200,49519.46856,MW,DE,DE_LU,actual_load,Actual Load,2026-07-14T14:11:01Z
2026-07-14T14:09:01Z,2026-07-14T16:09:01+0200,fe0b5391-87e1-42cc-91a2-4b5686b81b2f,2026-06-21T19:00:00Z,2026-06-21T21:00:00+0200,49878.0133,MW,DE,DE_LU,actual_load,Actual Load,2026-07-14T14:11:01Z
2026-07-14T14:09:01Z,2026-07-14T16:09:01+0200,fe0b5391-87e1-42cc-91a2-4b5686b81b2f,2026-06-21T19:15:00Z,2026-06-21T21:15:00+0200,49400.53402,MW,DE,DE_LU,actual_load,Actual Load,2026-07-14T14:11:01Z
2026-07-14T14:09:01Z,2026-07-14T16:09:01+0200,fe0b5391-87e1-42cc-91a2-4b5686b81b2f,2026-06-21T19:30:00Z,2026-06-21T21:30:00+0200,48837.82805,MW,DE,DE_LU,actual_load,Actual Load,2026-07-14T14:11:01Z
2026-07-14T14:09:01Z,2026-07-14T16:09:01+0200,fe0b5391-87e1-42cc-91a2-4b5686b81b2f,2026-06-21T19:45:00Z,2026-06-21T21:45:00+0200,49102.15025,MW,DE,DE_LU,actual_load,Actual Load,2026-07-14T14:11:01Z
2026-07-14T14:09:01Z,2026-07-14T16:09:01+0200,fe0b5391-87e1-42cc-91a2-4b5686b81b2f,2026-06-21T20:00:00Z,2026-06-21T22:00:00+0200,49286.27397,MW,DE,DE_LU,actual_load,Actual Load,2026-07-14T14:11:01Z
2026-07-14T14:09:01Z,2026-07-14T16:09:01+0200,fe0b5391-87e1-42cc-91a2-4b5686b81b2f,2026-06-21T20:15:00Z,2026-06-21T22:15:00+0200,49470.25881,MW,DE,DE_LU,actual_load,Actual Load,2026-07-14T14:11:01Z
2026-07-14T14:09:01Z,2026-07-14T16:09:01+0200,fe0b5391-87e1-42cc-91a2-4b5686b81b2f,2026-06-21T20:30:00Z,2026-06-21T22:30:00+0200,49320.39105,MW,DE,DE_LU,actual_load,Actual Load,2026-07-14T14:11:01Z
2026-07-14T14:09:01Z,2026-07-14T16:09:01+0200,fe0b5391-87e1-42cc-91a2-4b5686b81b2f,2026-06-21T20:45:00Z,2026-06-21T22:45:00+0200,48858.77706,MW,DE,DE_LU,actual_load,Actual Load,2026-07-14T14:11:01Z
2026-07-14T14:09:01Z,2026-07-14T16:09:01+0200,fe0b5391-87e1-42cc-91a2-4b5686b81b2f,2026-06-21T21:00:00Z,2026-06-21T23:00:00+0200,48270.84868,MW,DE,DE_LU,actual_load,Actual Load,2026-07-14T14:11:01Z
2026-07-14T14:09:01Z,2026-07-14T16:09:01+0200,fe0b5391-87e1-42cc-91a2-4b5686b81b2f,2026-06-21T21:15:00Z,2026-06-21T23:15:00+0200,47351.63584,MW,DE,DE_LU,actual_load,Actual Load,2026-07-14T14:11:01Z
2026-07-14T14:09:01Z,2026-07-14T16:09:01+0200,fe0b5391-87e1-42cc-91a2-4b5686b81b2f,2026-06-21T21:30:00Z,2026-06-21T23:30:00+0200,46483.38069,MW,DE,DE_LU,actual_load,Actual Load,2026-07-14T14:11:01Z
2026-07-14T14:09:01Z,2026-07-14T16:09:01+0200,fe0b5391-87e1-42cc-91a2-4b5686b81b2f,2026-06-21T21:45:00Z,2026-06-21T23:45:00+0200,45779.92914,MW,DE,DE_LU,actual_load,Actual Load,2026-07-14T14:11:01Z
2026-07-14T14:09:01Z,2026-07-14T16:09:01+0200,fe0b5391-87e1-42cc-91a2-4b5686b81b2f,2026-06-21T22:00:00Z,2026-06-22T00:00:00+0200,45581.92022,MW,DE,DE_LU,actual_load,Actual Load,2026-07-14T14:11:01Z
2026-07-14T14:09:01Z,2026-07-14T16:09:01+0200,fe0b5391-87e1-42cc-91a2-4b5686b81b2f,2026-06-21T22:15:00Z,2026-06-22T00:15:00+0200,45363.30225,MW,DE,DE_LU,actual_load,Actual Load,2026-07-14T14:11:01Z
2026-07-14T14:09:01Z,2026-07-14T16:09:01+0200,fe0b5391-87e1-42cc-91a2-4b5686b81b2f,2026-06-21T22:30:00Z,2026-06-22T00:30:00+0200,44774.96901,MW,DE,DE_LU,actual_load,Actual Load,2026-07-14T14:11:01Z
2026-07-14T14:09:01Z,2026-07-14T16:09:01+0200,fe0b5391-87e1-42cc-91a2-4b5686b81b2f,2026-06-21T22:45:00Z,2026-06-22T00:45:00+0200,44656.31445,MW,DE,DE_LU,actual_load,Actual Load,2026-07-14T14:11:01Z
2026-07-14T14:09:01Z,2026-07-14T16:09:01+0200,fe0b5391-87e1-42cc-91a2-4b5686b81b2f,2026-06-21T23:00:00Z,2026-06-22T01:00:00+0200,44132.53002,MW,DE,DE_LU,actual_load,Actual Load,2026-07-14T14:11:01Z
2026-07-14T14:09:01Z,2026-07-14T16:09:01+0200,fe0b5391-87e1-42cc-91a2-4b5686b81b2f,2026-06-21T23:15:00Z,2026-06-22T01:15:00+0200,43759.92031,MW,DE,DE_LU,actual_load,Actual Load,2026-07-14T14:11:01Z
2026-07-14T14:09:01Z,2026-07-14T16:09:01+0200,fe0b5391-87e1-42cc-91a2-4b5686b81b2f,2026-06-21T23:30:00Z,2026-06-22T01:30:00+0200,43149.22375,MW,DE,DE_LU,actual_load,Actual Load,2026-07-14T14:11:01Z
2026-07-14T14:09:01Z,2026-07-14T16:09:01+0200,fe0b5391-87e1-42cc-91a2-4b5686b81b2f,2026-06-21T23:45:00Z,2026-06-22T01:45:00+0200,43014.35592,MW,DE,DE_LU,actual_load,Actual Load,2026-07-14T14:11:01Z
2026-07-14T14:09:01Z,2026-07-14T16:09:01+0200,fe0b5391-87e1-42cc-91a2-4b5686b81b2f,2026-06-22T00:00:00Z,2026-06-22T02:00:00+0200,42758.38708,MW,DE,DE_LU,actual_load,Actual Load,2026-07-14T14:11:01Z
2026-07-14T14:09:01Z,2026-07-14T16:09:01+0200,fe0b5391-87e1-42cc-91a2-4b5686b81b2f,2026-06-22T00:15:00Z,2026-06-22T02:15:00+0200,42715.88342,MW,DE,DE_LU,actual_load,Actual Load,2026-07-14T14:11:01Z
2026-07-14T14:09:01Z,2026-07-14T16:09:01+0200,fe0b5391-87e1-42cc-91a2-4b5686b81b2f,2026-06-22T00:30:00Z,2026-06-22T02:30:00+0200,43012.63667,MW,DE,DE_LU,actual_load,Actual Load,2026-07-14T14:11:01Z
2026-07-14T14:09:01Z,2026-07-14T16:09:01+0200,fe0b5391-87e1-42cc-91a2-4b5686b81b2f,2026-06-22T00:45:00Z,2026-06-22T02:45:00+0200,43490.36274,MW,DE,DE_LU,actual_load,Actual Load,2026-07-14T14:11:01Z
2026-07-14T14:09:01Z,2026-07-14T16:09:01+0200,fe0b5391-87e1-42cc-91a2-4b5686b81b2f,2026-06-22T01:00:00Z,2026-06-22T03:00:00+0200,43536.9181,MW,DE,DE_LU,actual_load,Actual Load,2026-07-14T14:11:01Z
2026-07-14T14:09:01Z,2026-07-14T16:09:01+0200,fe0b5391-87e1-42cc-91a2-4b5686b81b2f,2026-06-22T01:15:00Z,2026-06-22T03:15:00+0200,43727.33178,MW,DE,DE_LU,actual_load,Actual Load,2026-07-14T14:11:01Z
2026-07-14T14:09:01Z,2026-07-14T16:09:01+0200,fe0b5391-87e1-42cc-91a2-4b5686b81b2f,2026-06-22T01:30:00Z,2026-06-22T03:30:00+0200,44271.53524,MW,DE,DE_LU,actual_load,Actual Load,2026-07-14T14:11:01Z
2026-07-14T14:09:01Z,2026-07-14T16:09:01+0200,fe0b5391-87e1-42cc-91a2-4b5686b81b2f,2026-06-22T01:45:00Z,2026-06-22T03:45:00+0200,44340.45248,MW,DE,DE_LU,actual_load,Actual Load,2026-07-14T14:11:01Z
2026-07-14T14:09:01Z,2026-07-14T16:09:01+0200,fe0b5391-87e1-42cc-91a2-4b5686b81b2f,2026-06-22T02:00:00Z,2026-06-22T04:00:00+0200,44554.23034,MW,DE,DE_LU,actual_load,Actual Load,2026-07-14T14:11:01Z
2026-07-14T14:09:01Z,2026-07-14T16:09:01+0200,fe0b5391-87e1-42cc-91a2-4b5686b81b2f,2026-06-22T02:15:00Z,2026-06-22T04:15:00+0200,44545.46919,MW,DE,DE_LU,actual_load,Actual Load,2026-07-14T14:11:01Z
2026-07-14T14:09:01Z,2026-07-14T16:09:01+0200,fe0b5391-87e1-42cc-91a2-4b5686b81b2f,2026-06-22T02:30:00Z,2026-06-22T04:30:00+0200,44620.98585,MW,DE,DE_LU,actual_load,Actual Load,2026-07-14T14:11:01Z
2026-07-14T14:09:01Z,2026-07-14T16:09:01+0200,fe0b5391-87e1-42cc-91a2-4b5686b81b2f,2026-06-22T02:45:00Z,2026-06-22T04:45:00+0200,44726.20968,MW,DE,DE_LU,actual_load,Actual Load,2026-07-14T14:11:01Z
2026-07-14T14:09:01Z,2026-07-14T16:09:01+0200,fe0b5391-87e1-42cc-91a2-4b5686b81b2f,2026-06-22T03:00:00Z,2026-06-22T05:00:00+0200,45723.80213,MW,DE,DE_LU,actual_load,Actual Load,2026-07-14T14:11:01Z
2026-07-14T14:09:01Z,2026-07-14T16:09:01+0200,fe0b5391-87e1-42cc-91a2-4b5686b81b2f,2026-06-22T03:15:00Z,2026-06-22T05:15:00+0200,46145.66236,MW,DE,DE_LU,actual_load,Actual Load,2026-07-14T14:11:01Z
2026-07-14T14:09:01Z,2026-07-14T16:09:01+0200,fe0b5391-87e1-42cc-91a2-4b5686b81b2f,2026-06-22T03:30:00Z,2026-06-22T05:30:00+0200,47330.18275,MW,DE,DE_LU,actual_load,Actual Load,2026-07-14T14:11:01Z
2026-07-14T14:09:01Z,2026-07-14T16:09:01+0200,fe0b5391-87e1-42cc-91a2-4b5686b81b2f,2026-06-22T03:45:00Z,2026-06-22T05:45:00+0200,48650.06471,MW,DE,DE_LU,actual_load,Actual Load,2026-07-14T14:11:01Z
2026-07-14T14:09:01Z,2026-07-14T16:09:01+0200,fe0b5391-87e1-42cc-91a2-4b5686b81b2f,2026-06-22T04:00:00Z,2026-06-22T06:00:00+0200,51266.00465,MW,DE,DE_LU,actual_load,Actual Load,2026-07-14T14:11:01Z
2026-07-14T14:09:01Z,2026-07-14T16:09:01+0200,fe0b5391-87e1-42cc-91a2-4b5686b81b2f,2026-06-22T04:15:00Z,2026-06-22T06:15:00+0200,52791.05162,MW,DE,DE_LU,actual_load,Actual Load,2026-07-14T14:11:01Z
2026-07-14T14:09:01Z,2026-07-14T16:09:01+0200,fe0b5391-87e1-42cc-91a2-4b5686b81b2f,2026-06-22T04:30:00Z,2026-06-22T06:30:00+0200,54244.30338,MW,DE,DE_LU,actual_load,Actual Load,2026-07-14T14:11:01Z
2026-07-14T14:09:01Z,2026-07-14T16:09:01+0200,fe0b5391-87e1-42cc-91a2-4b5686b81b2f,2026-06-22T04:45:00Z,2026-06-22T06:45:00+0200,55822.08237,MW,DE,DE_LU,actual_load,Actual Load,2026-07-14T14:11:01Z
2026-07-14T14:09:01Z,2026-07-14T16:09:01+0200,fe0b5391-87e1-42cc-91a2-4b5686b81b2f,2026-06-22T05:00:00Z,2026-06-22T07:00:00+0200,57098.803,MW,DE,DE_LU,actual_load,Actual Load,2026-07-14T14:11:01Z
2026-07-14T14:09:01Z,2026-07-14T16:09:01+0200,fe0b5391-87e1-42cc-91a2-4b5686b81b2f,2026-06-22T05:15:00Z,2026-06-22T07:15:00+0200,58612.87109,MW,DE,DE_LU,actual_load,Actual Load,2026-07-14T14:11:01Z
2026-07-14T14:09:01Z,2026-07-14T16:09:01+0200,fe0b5391-87e1-42cc-91a2-4b5686b81b2f,2026-06-22T05:30:00Z,2026-06-22T07:30:00+0200,59377.45947,MW,DE,DE_LU,actual_load,Actual Load,2026-07-14T14:11:01Z
2026-07-14T14:09:01Z,2026-07-14T16:09:01+0200,fe0b5391-87e1-42cc-91a2-4b5686b81b2f,2026-06-22T05:45:00Z,2026-06-22T07:45:00+0200,60567.71731,MW,DE,DE_LU,actual_load,Actual Load,2026-07-14T14:11:01Z
2026-07-14T14:09:01Z,2026-07-14T16:09:01+0200,fe0b5391-87e1-42cc-91a2-4b5686b81b2f,2026-06-22T06:00:00Z,2026-06-22T08:00:00+0200,60631.34276,MW,DE,DE_LU,actual_load,Actual Load,2026-07-14T14:11:01Z
2026-07-14T14:09:01Z,2026-07-14T16:09:01+0200,fe0b5391-87e1-42cc-91a2-4b5686b81b2f,2026-06-22T06:15:00Z,2026-06-22T08:15:00+0200,61528.95563,MW,DE,DE_LU,actual_load,Actual Load,2026-07-14T14:11:01Z
2026-07-14T14:09:01Z,2026-07-14T16:09:01+0200,fe0b5391-87e1-42cc-91a2-4b5686b81b2f,2026-06-22T06:30:00Z,2026-06-22T08:30:00+0200,62486.16087,MW,DE,DE_LU,actual_load,Actual Load,2026-07-14T14:11:01Z
2026-07-14T14:09:01Z,2026-07-14T16:09:01+0200,fe0b5391-87e1-42cc-91a2-4b5686b81b2f,2026-06-22T06:45:00Z,2026-06-22T08:45:00+0200,63067.82889,MW,DE,DE_LU,actual_load,Actual Load,2026-07-14T14:11:01Z
2026-07-14T14:09:01Z,2026-07-14T16:09:01+0200,fe0b5391-87e1-42cc-91a2-4b5686b81b2f,2026-06-22T07:00:00Z,2026-06-22T09:00:00+0200,61764.18197,MW,DE,DE_LU,actual_load,Actual Load,2026-07-14T14:11:01Z
2026-07-14T14:09:01Z,2026-07-14T16:09:01+0200,fe0b5391-87e1-42cc-91a2-4b5686b81b2f,2026-06-22T07:15:00Z,2026-06-22T09:15:00+0200,61749.02668,MW,DE,DE_LU,actual_load,Actual Load,2026-07-14T14:11:01Z
2026-07-14T14:09:01Z,2026-07-14T16:09:01+0200,fe0b5391-87e1-42cc-91a2-4b5686b81b2f,2026-06-22T07:30:00Z,2026-06-22T09:30:00+0200,61201.8027,MW,DE,DE_LU,actual_load,Actual Load,2026-07-14T14:11:01Z
2026-07-14T14:09:01Z,2026-07-14T16:09:01+0200,fe0b5391-87e1-42cc-91a2-4b5686b81b2f,2026-06-22T07:45:00Z,2026-06-22T09:45:00+0200,61005.712,MW,DE,DE_LU,actual_load,Actual Load,2026-07-14T14:11:01Z
2026-07-14T14:09:01Z,2026-07-14T16:09:01+0200,fe0b5391-87e1-42cc-91a2-4b5686b81b2f,2026-06-22T08:00:00Z,2026-06-22T10:00:00+0200,60801.52145,MW,DE,DE_LU,actual_load,Actual Load,2026-07-14T14:11:01Z
2026-07-14T14:09:01Z,2026-07-14T16:09:01+0200,fe0b5391-87e1-42cc-91a2-4b5686b81b2f,2026-06-22T08:15:00Z,2026-06-22T10:15:00+0200,60951.29945,MW,DE,DE_LU,actual_load,Actual Load,2026-07-14T14:11:01Z
2026-07-14T14:09:01Z,2026-07-14T16:09:01+0200,fe0b5391-87e1-42cc-91a2-4b5686b81b2f,2026-06-22T08:30:00Z,2026-06-22T10:30:00+0200,60683.37779,MW,DE,DE_LU,actual_load,Actual Load,2026-07-14T14:11:01Z
2026-07-14T14:09:01Z,2026-07-14T16:09:01+0200,fe0b5391-87e1-42cc-91a2-4b5686b81b2f,2026-06-22T08:45:00Z,2026-06-22T10:45:00+0200,60605.4635,MW,DE,DE_LU,actual_load,Actual Load,2026-07-14T14:11:01Z
2026-07-14T14:09:01Z,2026-07-14T16:09:01+0200,fe0b5391-87e1-42cc-91a2-4b5686b81b2f,2026-06-22T09:00:00Z,2026-06-22T11:00:00+0200,60529.85743,MW,DE,DE_LU,actual_load,Actual Load,2026-07-14T14:11:01Z
2026-07-14T14:09:01Z,2026-07-14T16:09:01+0200,fe0b5391-87e1-42cc-91a2-4b5686b81b2f,2026-06-22T09:15:00Z,2026-06-22T11:15:00+0200,60614.05497,MW,DE,DE_LU,actual_load,Actual Load,2026-07-14T14:11:01Z
2026-07-14T14:09:01Z,2026-07-14T16:09:01+0200,fe0b5391-87e1-42cc-91a2-4b5686b81b2f,2026-06-22T09:30:00Z,2026-06-22T11:30:00+0200,60231.642,MW,DE,DE_LU,actual_load,Actual Load,2026-07-14T14:11:01Z
2026-07-14T14:09:01Z,2026-07-14T16:09:01+0200,fe0b5391-87e1-42cc-91a2-4b5686b81b2f,2026-06-22T09:45:00Z,2026-06-22T11:45:00+0200,59875.35316,MW,DE,DE_LU,actual_load,Actual Load,2026-07-14T14:11:01Z
2026-07-14T14:09:01Z,2026-07-14T16:09:01+0200,fe0b5391-87e1-42cc-91a2-4b5686b81b2f,2026-06-22T10:00:00Z,2026-06-22T12:00:00+0200,59737.66707,MW,DE,DE_LU,actual_load,Actual Load,2026-07-14T14:11:01Z
2026-07-14T14:09:01Z,2026-07-14T16:09:01+0200,fe0b5391-87e1-42cc-91a2-4b5686b81b2f,2026-06-22T10:15:00Z,2026-06-22T12:15:00+0200,60242.84953,MW,DE,DE_LU,actual_load,Actual Load,2026-07-14T14:11:01Z
2026-07-14T14:09:01Z,2026-07-14T16:09:01+0200,fe0b5391-87e1-42cc-91a2-4b5686b81b2f,2026-06-22T10:30:00Z,2026-06-22T12:30:00+0200,60296.78803,MW,DE,DE_LU,actual_load,Actual Load,2026-07-14T14:11:01Z
2026-07-14T14:09:01Z,2026-07-14T16:09:01+0200,fe0b5391-87e1-42cc-91a2-4b5686b81b2f,2026-06-22T10:45:00Z,2026-06-22T12:45:00+0200,60455.29894,MW,DE,DE_LU,actual_load,Actual Load,2026-07-14T14:11:01Z
2026-07-14T14:09:01Z,2026-07-14T16:09:01+0200,fe0b5391-87e1-42cc-91a2-4b5686b81b2f,2026-06-22T11:00:00Z,2026-06-22T13:00:00+0200,60177.40118,MW,DE,DE_LU,actual_load,Actual Load,2026-07-14T14:11:01Z
2026-07-14T14:09:01Z,2026-07-14T16:09:01+0200,fe0b5391-87e1-42cc-91a2-4b5686b81b2f,2026-06-22T11:15:00Z,2026-06-22T13:15:00+0200,59712.92589,MW,DE,DE_LU,actual_load,Actual Load,2026-07-14T14:11:01Z
2026-07-14T14:09:01Z,2026-07-14T16:09:01+0200,fe0b5391-87e1-42cc-91a2-4b5686b81b2f,2026-06-22T11:30:00Z,2026-06-22T13:30:00+0200,59194.49695,MW,DE,DE_LU,actual_load,Actual Load,2026-07-14T14:11:01Z
2026-07-14T14:09:01Z,2026-07-14T16:09:01+0200,fe0b5391-87e1-42cc-91a2-4b5686b81b2f,2026-06-22T11:45:00Z,2026-06-22T13:45:00+0200,58773.1338,MW,DE,DE_LU,actual_load,Actual Load,2026-07-14T14:11:01Z
2026-07-14T14:09:01Z,2026-07-14T16:09:01+0200,fe0b5391-87e1-42cc-91a2-4b5686b81b2f,2026-06-22T12:00:00Z,2026-06-22T14:00:00+0200,58481.4911,MW,DE,DE_LU,actual_load,Actual Load,2026-07-14T14:11:01Z
2026-07-14T14:09:01Z,2026-07-14T16:09:01+0200,fe0b5391-87e1-42cc-91a2-4b5686b81b2f,2026-06-22T12:15:00Z,2026-06-22T14:15:00+0200,58510.61277,MW,DE,DE_LU,actual_load,Actual Load,2026-07-14T14:11:01Z
2026-07-14T14:09:01Z,2026-07-14T16:09:01+0200,fe0b5391-87e1-42cc-91a2-4b5686b81b2f,2026-06-22T12:30:00Z,2026-06-22T14:30:00+0200,58373.41079,MW,DE,DE_LU,actual_load,Actual Load,2026-07-14T14:11:01Z
2026-07-14T14:09:01Z,2026-07-14T16:09:01+0200,fe0b5391-87e1-42cc-91a2-4b5686b81b2f,2026-06-22T12:45:00Z,2026-06-22T14:45:00+0200,57701.68678,MW,DE,DE_LU,actual_load,Actual Load,2026-07-14T14:11:01Z
2026-07-14T14:09:01Z,2026-07-14T16:09:01+0200,fe0b5391-87e1-42cc-91a2-4b5686b81b2f,2026-06-22T13:00:00Z,2026-06-22T15:00:00+0200,57377.83383,MW,DE,DE_LU,actual_load,Actual Load,2026-07-14T14:11:01Z
2026-07-14T14:09:01Z,2026-07-14T16:09:01+0200,fe0b5391-87e1-42cc-91a2-4b5686b81b2f,2026-06-22T13:15:00Z,2026-06-22T15:15:00+0200,57373.95926,MW,DE,DE_LU,actual_load,Actual Load,2026-07-14T14:11:01Z
2026-07-14T14:09:01Z,2026-07-14T16:09:01+0200,fe0b5391-87e1-42cc-91a2-4b5686b81b2f,2026-06-22T13:30:00Z,2026-06-22T15:30:00+0200,56985.24842,MW,DE,DE_LU,actual_load,Actual Load,2026-07-14T14:11:01Z
2026-07-14T14:09:01Z,2026-07-14T16:09:01+0200,fe0b5391-87e1-42cc-91a2-4b5686b81b2f,2026-06-22T13:45:00Z,2026-06-22T15:45:00+0200,56998.15268,MW,DE,DE_LU,actual_load,Actual Load,2026-07-14T14:11:01Z
2026-07-14T14:09:01Z,2026-07-14T16:09:01+0200,fe0b5391-87e1-42cc-91a2-4b5686b81b2f,2026-06-22T14:00:00Z,2026-06-22T16:00:00+0200,57784.19409,MW,DE,DE_LU,actual_load,Actual Load,2026-07-14T14:11:01Z
2026-07-14T14:09:01Z,2026-07-14T16:09:01+0200,fe0b5391-87e1-42cc-91a2-4b5686b81b2f,2026-06-22T14:15:00Z,2026-06-22T16:15:00+0200,57524.16818,MW,DE,DE_LU,actual_load,Actual Load,2026-07-14T14:11:01Z
2026-07-14T14:09:01Z,2026-07-14T16:09:01+0200,fe0b5391-87e1-42cc-91a2-4b5686b81b2f,2026-06-22T14:30:00Z,2026-06-22T16:30:00+0200,56955.04966,MW,DE,DE_LU,actual_load,Actual Load,2026-07-14T14:11:01Z
2026-07-14T14:09:01Z,2026-07-14T16:09:01+0200,fe0b5391-87e1-42cc-91a2-4b5686b81b2f,2026-06-22T14:45:00Z,2026-06-22T16:45:00+0200,56679.6123,MW,DE,DE_LU,actual_load,Actual Load,2026-07-14T14:11:01Z
2026-07-14T14:09:01Z,2026-07-14T16:09:01+0200,fe0b5391-87e1-42cc-91a2-4b5686b81b2f,2026-06-22T15:00:00Z,2026-06-22T17:00:00+0200,58286.20691,MW,DE,DE_LU,actual_load,Actual Load,2026-07-14T14:11:01Z
2026-07-14T14:09:01Z,2026-07-14T16:09:01+0200,fe0b5391-87e1-42cc-91a2-4b5686b81b2f,2026-06-22T15:15:00Z,2026-06-22T17:15:00+0200,58519.97881,MW,DE,DE_LU,actual_load,Actual Load,2026-07-14T14:11:01Z
2026-07-14T14:09:01Z,2026-07-14T16:09:01+0200,fe0b5391-87e1-42cc-91a2-4b5686b81b2f,2026-06-22T15:30:00Z,2026-06-22T17:30:00+0200,58654.86124,MW,DE,DE_LU,actual_load,Actual Load,2026-07-14T14:11:01Z
2026-07-14T14:09:01Z,2026-07-14T16:09:01+0200,fe0b5391-87e1-42cc-91a2-4b5686b81b2f,2026-06-22T15:45:00Z,2026-06-22T17:45:00+0200,59153.42317,MW,DE,DE_LU,actual_load,Actual Load,2026-07-14T14:11:01Z
2026-07-14T14:09:01Z,2026-07-14T16:09:01+0200,fe0b5391-87e1-42cc-91a2-4b5686b81b2f,2026-06-22T16:00:00Z,2026-06-22T18:00:00+0200,59657.97055,MW,DE,DE_LU,actual_load,Actual Load,2026-07-14T14:11:01Z
2026-07-14T14:09:01Z,2026-07-14T16:09:01+0200,fe0b5391-87e1-42cc-91a2-4b5686b81b2f,2026-06-22T16:15:00Z,2026-06-22T18:15:00+0200,59763.91206,MW,DE,DE_LU,actual_load,Actual Load,2026-07-14T14:11:01Z
2026-07-14T14:09:01Z,2026-07-14T16:09:01+0200,fe0b5391-87e1-42cc-91a2-4b5686b81b2f,2026-06-22T16:30:00Z,2026-06-22T18:30:00+0200,59969.42559,MW,DE,DE_LU,actual_load,Actual Load,2026-07-14T14:11:01Z
2026-07-14T14:09:01Z,2026-07-14T16:09:01+0200,fe0b5391-87e1-42cc-91a2-4b5686b81b2f,2026-06-22T16:45:00Z,2026-06-22T18:45:00+0200,59886.0125,MW,DE,DE_LU,actual_load,Actual Load,2026-07-14T14:11:01Z
2026-07-14T14:09:01Z,2026-07-14T16:09:01+0200,fe0b5391-87e1-42cc-91a2-4b5686b81b2f,2026-06-22T17:00:00Z,2026-06-22T19:00:00+0200,60505.24145,MW,DE,DE_LU,actual_load,Actual Load,2026-07-14T14:11:01Z
2026-07-14T14:09:01Z,2026-07-14T16:09:01+0200,fe0b5391-87e1-42cc-91a2-4b5686b81b2f,2026-06-22T17:15:00Z,2026-06-22T19:15:00+0200,60433.07325,MW,DE,DE_LU,actual_load,Actual Load,2026-07-14T14:11:01Z
2026-07-14T14:09:01Z,2026-07-14T16:09:01+0200,fe0b5391-87e1-42cc-91a2-4b5686b81b2f,2026-06-22T17:30:00Z,2026-06-22T19:30:00+0200,59742.18587,MW,DE,DE_LU,actual_load,Actual Load,2026-07-14T14:11:01Z
2026-07-14T14:09:01Z,2026-07-14T16:09:01+0200,fe0b5391-87e1-42cc-91a2-4b5686b81b2f,2026-06-22T17:45:00Z,2026-06-22T19:45:00+0200,59140.30939,MW,DE,DE_LU,actual_load,Actual Load,2026-07-14T14:11:01Z
2026-07-14T14:09:01Z,2026-07-14T16:09:01+0200,fe0b5391-87e1-42cc-91a2-4b5686b81b2f,2026-06-22T18:00:00Z,2026-06-22T20:00:00+0200,59720.46083,MW,DE,DE_LU,actual_load,Actual Load,2026-07-14T14:11:01Z
2026-07-14T14:09:01Z,2026-07-14T16:09:01+0200,fe0b5391-87e1-42cc-91a2-4b5686b81b2f,2026-06-22T18:15:00Z,2026-06-22T20:15:00+0200,58881.74876,MW,DE,DE_LU,actual_load,Actual Load,2026-07-14T14:11:01Z
2026-07-14T14:09:01Z,2026-07-14T16:09:01+0200,fe0b5391-87e1-42cc-91a2-4b5686b81b2f,2026-06-22T18:30:00Z,2026-06-22T20:30:00+0200,57975.30405,MW,DE,DE_LU,actual_load,Actual Load,2026-07-14T14:11:01Z
2026-07-14T14:09:01Z,2026-07-14T16:09:01+0200,fe0b5391-87e1-42cc-91a2-4b5686b81b2f,2026-06-22T18:45:00Z,2026-06-22T20:45:00+0200,57569.27268,MW,DE,DE_LU,actual_load,Actual Load,2026-07-14T14:11:01Z
2026-07-14T14:09:01Z,2026-07-14T16:09:01+0200,fe0b5391-87e1-42cc-91a2-4b5686b81b2f,2026-06-22T19:00:00Z,2026-06-22T21:00:00+0200,57057.41027,MW,DE,DE_LU,actual_load,Actual Load,2026-07-14T14:11:01Z
2026-07-14T14:09:01Z,2026-07-14T16:09:01+0200,fe0b5391-87e1-42cc-91a2-4b5686b81b2f,2026-06-22T19:15:00Z,2026-06-22T21:15:00+0200,56589.74164,MW,DE,DE_LU,actual_load,Actual Load,2026-07-14T14:11:01Z
2026-07-14T14:09:01Z,2026-07-14T16:09:01+0200,fe0b5391-87e1-42cc-91a2-4b5686b81b2f,2026-06-22T19:30:00Z,2026-06-22T21:30:00+0200,55842.7516,MW,DE,DE_LU,actual_load,Actual Load,2026-07-14T14:11:01Z
2026-07-14T14:09:01Z,2026-07-14T16:09:01+0200,fe0b5391-87e1-42cc-91a2-4b5686b81b2f,2026-06-22T19:45:00Z,2026-06-22T21:45:00+0200,55896.24282,MW,DE,DE_LU,actual_load,Actual Load,2026-07-14T14:11:01Z
2026-07-14T14:09:01Z,2026-07-14T16:09:01+0200,fe0b5391-87e1-42cc-91a2-4b5686b81b2f,2026-06-22T20:00:00Z,2026-06-22T22:00:00+0200,55180.18715,MW,DE,DE_LU,actual_load,Actual Load,2026-07-14T14:11:01Z
2026-07-14T14:09:01Z,2026-07-14T16:09:01+0200,fe0b5391-87e1-42cc-91a2-4b5686b81b2f,2026-06-22T20:15:00Z,2026-06-22T22:15:00+0200,54790.85907,MW,DE,DE_LU,actual_load,Actual Load,2026-07-14T14:11:01Z
2026-07-14T14:09:01Z,2026-07-14T16:09:01+0200,fe0b5391-87e1-42cc-91a2-4b5686b81b2f,2026-06-22T20:30:00Z,2026-06-22T22:30:00+0200,54123.03148,MW,DE,DE_LU,actual_load,Actual Load,2026-07-14T14:11:01Z
2026-07-14T14:09:01Z,2026-07-14T16:09:01+0200,fe0b5391-87e1-42cc-91a2-4b5686b81b2f,2026-06-22T20:45:00Z,2026-06-22T22:45:00+0200,53241.9577,MW,DE,DE_LU,actual_load,Actual Load,2026-07-14T14:11:01Z
2026-07-14T14:09:01Z,2026-07-14T16:09:01+0200,fe0b5391-87e1-42cc-91a2-4b5686b81b2f,2026-06-22T21:00:00Z,2026-06-22T23:00:00+0200,51929.98698,MW,DE,DE_LU,actual_load,Actual Load,2026-07-14T14:11:01Z
2026-07-14T14:09:01Z,2026-07-14T16:09:01+0200,fe0b5391-87e1-42cc-91a2-4b5686b81b2f,2026-06-22T21:15:00Z,2026-06-22T23:15:00+0200,51194.5173,MW,DE,DE_LU,actual_load,Actual Load,2026-07-14T14:11:01Z
2026-07-14T14:09:01Z,2026-07-14T16:09:01+0200,fe0b5391-87e1-42cc-91a2-4b5686b81b2f,2026-06-22T21:30:00Z,2026-06-22T23:30:00+0200,50378.68681,MW,DE,DE_LU,actual_load,Actual Load,2026-07-14T14:11:01Z
2026-07-14T14:09:01Z,2026-07-14T16:09:01+0200,fe0b5391-87e1-42cc-91a2-4b5686b81b2f,2026-06-22T21:45:00Z,2026-06-22T23:45:00+0200,49870.02785,MW,DE,DE_LU,actual_load,Actual Load,2026-07-14T14:11:01Z
2026-07-14T14:09:01Z,2026-07-14T16:09:01+0200,fe0b5391-87e1-42cc-91a2-4b5686b81b2f,2026-06-22T22:00:00Z,2026-06-23T00:00:00+0200,49801.78713,MW,DE,DE_LU,actual_load,Actual Load,2026-07-14T14:11:01Z
2026-07-14T14:09:01Z,2026-07-14T16:09:01+0200,fe0b5391-87e1-42cc-91a2-4b5686b81b2f,2026-06-22T22:15:00Z,2026-06-23T00:15:00+0200,49072.64869,MW,DE,DE_LU,actual_load,Actual Load,2026-07-14T14:11:01Z
2026-07-14T14:09:01Z,2026-07-14T16:09:01+0200,fe0b5391-87e1-42cc-91a2-4b5686b81b2f,2026-06-22T22:30:00Z,2026-06-23T00:30:00+0200,48812.98151,MW,DE,DE_LU,actual_load,Actual Load,2026-07-14T14:11:01Z
2026-07-14T14:09:01Z,2026-07-14T16:09:01+0200,fe0b5391-87e1-42cc-91a2-4b5686b81b2f,2026-06-22T22:45:00Z,2026-06-23T00:45:00+0200,48509.13941,MW,DE,DE_LU,actual_load,Actual Load,2026-07-14T14:11:01Z
2026-07-14T14:09:01Z,2026-07-14T16:09:01+0200,fe0b5391-87e1-42cc-91a2-4b5686b81b2f,2026-06-22T23:00:00Z,2026-06-23T01:00:00+0200,48014.72796,MW,DE,DE_LU,actual_load,Actual Load,2026-07-14T14:11:01Z
2026-07-14T14:09:01Z,2026-07-14T16:09:01+0200,fe0b5391-87e1-42cc-91a2-4b5686b81b2f,2026-06-22T23:15:00Z,2026-06-23T01:15:00+0200,47436.79122,MW,DE,DE_LU,actual_load,Actual Load,2026-07-14T14:11:01Z
2026-07-14T14:09:01Z,2026-07-14T16:09:01+0200,fe0b5391-87e1-42cc-91a2-4b5686b81b2f,2026-06-22T23:30:00Z,2026-06-23T01:30:00+0200,47254.46777,MW,DE,DE_LU,actual_load,Actual Load,2026-07-14T14:11:01Z
2026-07-14T14:09:01Z,2026-07-14T16:09:01+0200,fe0b5391-87e1-42cc-91a2-4b5686b81b2f,2026-06-22T23:45:00Z,2026-06-23T01:45:00+0200,47051.41726,MW,DE,DE_LU,actual_load,Actual Load,2026-07-14T14:11:01Z
2026-07-14T14:09:01Z,2026-07-14T16:09:01+0200,fe0b5391-87e1-42cc-91a2-4b5686b81b2f,2026-06-23T00:00:00Z,2026-06-23T02:00:00+0200,46771.86408,MW,DE,DE_LU,actual_load,Actual Load,2026-07-14T14:11:01Z
2026-07-14T14:09:01Z,2026-07-14T16:09:01+0200,fe0b5391-87e1-42cc-91a2-4b5686b81b2f,2026-06-23T00:15:00Z,2026-06-23T02:15:00+0200,46434.36186,MW,DE,DE_LU,actual_load,Actual Load,2026-07-14T14:11:01Z
2026-07-14T14:09:01Z,2026-07-14T16:09:01+0200,fe0b5391-87e1-42cc-91a2-4b5686b81b2f,2026-06-23T00:30:00Z,2026-06-23T02:30:00+0200,46578.91573,MW,DE,DE_LU,actual_load,Actual Load,2026-07-14T14:11:01Z
2026-07-14T14:09:01Z,2026-07-14T16:09:01+0200,fe0b5391-87e1-42cc-91a2-4b5686b81b2f,2026-06-23T00:45:00Z,2026-06-23T02:45:00+0200,46577.34241,MW,DE,DE_LU,actual_load,Actual Load,2026-07-14T14:11:01Z
2026-07-14T14:09:01Z,2026-07-14T16:09:01+0200,fe0b5391-87e1-42cc-91a2-4b5686b81b2f,2026-06-23T01:00:00Z,2026-06-23T03:00:00+0200,46291.58343,MW,DE,DE_LU,actual_load,Actual Load,2026-07-14T14:11:01Z
2026-07-14T14:09:01Z,2026-07-14T16:09:01+0200,fe0b5391-87e1-42cc-91a2-4b5686b81b2f,2026-06-23T01:15:00Z,2026-06-23T03:15:00+0200,46166.60416,MW,DE,DE_LU,actual_load,Actual Load,2026-07-14T14:11:01Z
2026-07-14T14:09:01Z,2026-07-14T16:09:01+0200,fe0b5391-87e1-42cc-91a2-4b5686b81b2f,2026-06-23T01:30:00Z,2026-06-23T03:30:00+0200,46270.18867,MW,DE,DE_LU,actual_load,Actual Load,2026-07-14T14:11:01Z
2026-07-14T14:09:01Z,2026-07-14T16:09:01+0200,fe0b5391-87e1-42cc-91a2-4b5686b81b2f,2026-06-23T01:45:00Z,2026-06-23T03:45:00+0200,46472.20824,MW,DE,DE_LU,actual_load,Actual Load,2026-07-14T14:11:01Z
2026-07-14T14:09:01Z,2026-07-14T16:09:01+0200,fe0b5391-87e1-42cc-91a2-4b5686b81b2f,2026-06-23T02:00:00Z,2026-06-23T04:00:00+0200,46802.75156,MW,DE,DE_LU,actual_load,Actual Load,2026-07-14T14:11:01Z
2026-07-14T14:09:01Z,2026-07-14T16:09:01+0200,fe0b5391-87e1-42cc-91a2-4b5686b81b2f,2026-06-23T02:15:00Z,2026-06-23T04:15:00+0200,46993.56148,MW,DE,DE_LU,actual_load,Actual Load,2026-07-14T14:11:01Z
2026-07-14T14:09:01Z,2026-07-14T16:09:01+0200,fe0b5391-87e1-42cc-91a2-4b5686b81b2f,2026-06-23T02:30:00Z,2026-06-23T04:30:00+0200,47657.84938,MW,DE,DE_LU,actual_load,Actual Load,2026-07-14T14:11:01Z
2026-07-14T14:09:01Z,2026-07-14T16:09:01+0200,fe0b5391-87e1-42cc-91a2-4b5686b81b2f,2026-06-23T02:45:00Z,2026-06-23T04:45:00+0200,47716.32142,MW,DE,DE_LU,actual_load,Actual Load,2026-07-14T14:11:01Z
2026-07-14T14:09:01Z,2026-07-14T16:09:01+0200,fe0b5391-87e1-42cc-91a2-4b5686b81b2f,2026-06-23T03:00:00Z,2026-06-23T05:00:00+0200,48523.87292,MW,DE,DE_LU,actual_load,Actual Load,2026-07-14T14:11:01Z
2026-07-14T14:09:01Z,2026-07-14T16:09:01+0200,fe0b5391-87e1-42cc-91a2-4b5686b81b2f,2026-06-23T03:15:00Z,2026-06-23T05:15:00+0200,48949.3917,MW,DE,DE_LU,actual_load,Actual Load,2026-07-14T14:11:01Z
2026-07-14T14:09:01Z,2026-07-14T16:09:01+0200,fe0b5391-87e1-42cc-91a2-4b5686b81b2f,2026-06-23T03:30:00Z,2026-06-23T05:30:00+0200,49572.4289,MW,DE,DE_LU,actual_load,Actual Load,2026-07-14T14:11:01Z
2026-07-14T14:09:01Z,2026-07-14T16:09:01+0200,fe0b5391-87e1-42cc-91a2-4b5686b81b2f,2026-06-23T03:45:00Z,2026-06-23T05:45:00+0200,50849.92448,MW,DE,DE_LU,actual_load,Actual Load,2026-07-14T14:11:01Z
2026-07-14T14:09:01Z,2026-07-14T16:09:01+0200,fe0b5391-87e1-42cc-91a2-4b5686b81b2f,2026-06-23T04:00:00Z,2026-06-23T06:00:00+0200,53183.57478,MW,DE,DE_LU,actual_load,Actual Load,2026-07-14T14:11:01Z
2026-07-14T14:09:01Z,2026-07-14T16:09:01+0200,fe0b5391-87e1-42cc-91a2-4b5686b81b2f,2026-06-23T04:15:00Z,2026-06-23T06:15:00+0200,54667.05381,MW,DE,DE_LU,actual_load,Actual Load,2026-07-14T14:11:01Z
2026-07-14T14:09:01Z,2026-07-14T16:09:01+0200,fe0b5391-87e1-42cc-91a2-4b5686b81b2f,2026-06-23T04:30:00Z,2026-06-23T06:30:00+0200,55562.73911,MW,DE,DE_LU,actual_load,Actual Load,2026-07-14T14:11:01Z
2026-07-14T14:09:01Z,2026-07-14T16:09:01+0200,fe0b5391-87e1-42cc-91a2-4b5686b81b2f,2026-06-23T04:45:00Z,2026-06-23T06:45:00+0200,56647.66638,MW,DE,DE_LU,actual_load,Actual Load,2026-07-14T14:11:01Z
2026-07-14T14:09:01Z,2026-07-14T16:09:01+0200,fe0b5391-87e1-42cc-91a2-4b5686b81b2f,2026-06-23T05:00:00Z,2026-06-23T07:00:00+0200,58409.16878,MW,DE,DE_LU,actual_load,Actual Load,2026-07-14T14:11:01Z
2026-07-14T14:09:01Z,2026-07-14T16:09:01+0200,fe0b5391-87e1-42cc-91a2-4b5686b81b2f,2026-06-23T05:15:00Z,2026-06-23T07:15:00+0200,60319.64313,MW,DE,DE_LU,actual_load,Actual Load,2026-07-14T14:11:01Z
2026-07-14T14:09:01Z,2026-07-14T16:09:01+0200,fe0b5391-87e1-42cc-91a2-4b5686b81b2f,2026-06-23T05:30:00Z,2026-06-23T07:30:00+0200,61211.52022,MW,DE,DE_LU,actual_load,Actual Load,2026-07-14T14:11:01Z
2026-07-14T14:09:01Z,2026-07-14T16:09:01+0200,fe0b5391-87e1-42cc-91a2-4b5686b81b2f,2026-06-23T05:45:00Z,2026-06-23T07:45:00+0200,62308.18275,MW,DE,DE_LU,actual_load,Actual Load,2026-07-14T14:11:01Z
2026-07-14T14:09:01Z,2026-07-14T16:09:01+0200,fe0b5391-87e1-42cc-91a2-4b5686b81b2f,2026-06-23T06:00:00Z,2026-06-23T08:00:00+0200,62550.97286,MW,DE,DE_LU,actual_load,Actual Load,2026-07-14T14:11:01Z
2026-07-14T14:09:01Z,2026-07-14T16:09:01+0200,fe0b5391-87e1-42cc-91a2-4b5686b81b2f,2026-06-23T06:15:00Z,2026-06-23T08:15:00+0200,63216.15142,MW,DE,DE_LU,actual_load,Actual Load,2026-07-14T14:11:01Z
2026-07-14T14:09:01Z,2026-07-14T16:09:01+0200,fe0b5391-87e1-42cc-91a2-4b5686b81b2f,2026-06-23T06:30:00Z,2026-06-23T08:30:00+0200,64054.5767,MW,DE,DE_LU,actual_load,Actual Load,2026-07-14T14:11:01Z
2026-07-14T14:09:01Z,2026-07-14T16:09:01+0200,fe0b5391-87e1-42cc-91a2-4b5686b81b2f,2026-06-23T06:45:00Z,2026-06-23T08:45:00+0200,63366.16113,MW,DE,DE_LU,actual_load,Actual Load,2026-07-14T14:11:01Z
2026-07-14T14:09:01Z,2026-07-14T16:09:01+0200,fe0b5391-87e1-42cc-91a2-4b5686b81b2f,2026-06-23T07:00:00Z,2026-06-23T09:00:00+0200,61664.4016,MW,DE,DE_LU,actual_load,Actual Load,2026-07-14T14:11:01Z
2026-07-14T14:09:01Z,2026-07-14T16:09:01+0200,fe0b5391-87e1-42cc-91a2-4b5686b81b2f,2026-06-23T07:15:00Z,2026-06-23T09:15:00+0200,61598.27388,MW,DE,DE_LU,actual_load,Actual Load,2026-07-14T14:11:01Z
2026-07-14T14:09:01Z,2026-07-14T16:09:01+0200,fe0b5391-87e1-42cc-91a2-4b5686b81b2f,2026-06-23T07:30:00Z,2026-06-23T09:30:00+0200,61872.95579,MW,DE,DE_LU,actual_load,Actual Load,2026-07-14T14:11:01Z
2026-07-14T14:09:01Z,2026-07-14T16:09:01+0200,fe0b5391-87e1-42cc-91a2-4b5686b81b2f,2026-06-23T07:45:00Z,2026-06-23T09:45:00+0200,62530.15384,MW,DE,DE_LU,actual_load,Actual Load,2026-07-14T14:11:01Z
2026-07-14T14:09:01Z,2026-07-14T16:09:01+0200,fe0b5391-87e1-42cc-91a2-4b5686b81b2f,2026-06-23T08:00:00Z,2026-06-23T10:00:00+0200,61889.46552,MW,DE,DE_LU,actual_load,Actual Load,2026-07-14T14:11:01Z
2026-07-14T14:09:01Z,2026-07-14T16:09:01+0200,fe0b5391-87e1-42cc-91a2-4b5686b81b2f,2026-06-23T08:15:00Z,2026-06-23T10:15:00+0200,61505.706,MW,DE,DE_LU,actual_load,Actual Load,2026-07-14T14:11:01Z
2026-07-14T14:09:01Z,2026-07-14T16:09:01+0200,fe0b5391-87e1-42cc-91a2-4b5686b81b2f,2026-06-23T08:30:00Z,2026-06-23T10:30:00+0200,61146.65585,MW,DE,DE_LU,actual_load,Actual Load,2026-07-14T14:11:01Z
2026-07-14T14:09:01Z,2026-07-14T16:09:01+0200,fe0b5391-87e1-42cc-91a2-4b5686b81b2f,2026-06-23T08:45:00Z,2026-06-23T10:45:00+0200,61336.73526,MW,DE,DE_LU,actual_load,Actual Load,2026-07-14T14:11:01Z
2026-07-14T14:09:01Z,2026-07-14T16:09:01+0200,fe0b5391-87e1-42cc-91a2-4b5686b81b2f,2026-06-23T09:00:00Z,2026-06-23T11:00:00+0200,61172.22071,MW,DE,DE_LU,actual_load,Actual Load,2026-07-14T14:11:01Z
2026-07-14T14:09:01Z,2026-07-14T16:09:01+0200,fe0b5391-87e1-42cc-91a2-4b5686b81b2f,2026-06-23T09:15:00Z,2026-06-23T11:15:00+0200,61114.98689,MW,DE,DE_LU,actual_load,Actual Load,2026-07-14T14:11:01Z
2026-07-14T14:09:01Z,2026-07-14T16:09:01+0200,fe0b5391-87e1-42cc-91a2-4b5686b81b2f,2026-06-23T09:30:00Z,2026-06-23T11:30:00+0200,61182.62819,MW,DE,DE_LU,actual_load,Actual Load,2026-07-14T14:11:01Z
2026-07-14T14:09:01Z,2026-07-14T16:09:01+0200,fe0b5391-87e1-42cc-91a2-4b5686b81b2f,2026-06-23T09:45:00Z,2026-06-23T11:45:00+0200,61791.27442,MW,DE,DE_LU,actual_load,Actual Load,2026-07-14T14:11:01Z
2026-07-14T14:09:01Z,2026-07-14T16:09:01+0200,fe0b5391-87e1-42cc-91a2-4b5686b81b2f,2026-06-23T10:00:00Z,2026-06-23T12:00:00+0200,60484.52877,MW,DE,DE_LU,actual_load,Actual Load,2026-07-14T14:11:01Z
2026-07-14T14:09:01Z,2026-07-14T16:09:01+0200,fe0b5391-87e1-42cc-91a2-4b5686b81b2f,2026-06-23T10:15:00Z,2026-06-23T12:15:00+0200,60348.83688,MW,DE,DE_LU,actual_load,Actual Load,2026-07-14T14:11:01Z
2026-07-14T14:09:01Z,2026-07-14T16:09:01+0200,fe0b5391-87e1-42cc-91a2-4b5686b81b2f,2026-06-23T10:30:00Z,2026-06-23T12:30:00+0200,59995.37861,MW,DE,DE_LU,actual_load,Actual Load,2026-07-14T14:11:01Z
2026-07-14T14:09:01Z,2026-07-14T16:09:01+0200,fe0b5391-87e1-42cc-91a2-4b5686b81b2f,2026-06-23T10:45:00Z,2026-06-23T12:45:00+0200,59963.64283,MW,DE,DE_LU,actual_load,Actual Load,2026-07-14T14:11:01Z
2026-07-14T14:09:01Z,2026-07-14T16:09:01+0200,fe0b5391-87e1-42cc-91a2-4b5686b81b2f,2026-06-23T11:00:00Z,2026-06-23T13:00:00+0200,60198.03614,MW,DE,DE_LU,actual_load,Actual Load,2026-07-14T14:11:01Z
2026-07-14T14:09:01Z,2026-07-14T16:09:01+0200,fe0b5391-87e1-42cc-91a2-4b5686b81b2f,2026-06-23T11:15:00Z,2026-06-23T13:15:00+0200,60239.09341,MW,DE,DE_LU,actual_load,Actual Load,2026-07-14T14:11:01Z
2026-07-14T14:09:01Z,2026-07-14T16:09:01+0200,fe0b5391-87e1-42cc-91a2-4b5686b81b2f,2026-06-23T11:30:00Z,2026-06-23T13:30:00+0200,59809.80724,MW,DE,DE_LU,actual_load,Actual Load,2026-07-14T14:11:01Z
2026-07-14T14:09:01Z,2026-07-14T16:09:01+0200,fe0b5391-87e1-42cc-91a2-4b5686b81b2f,2026-06-23T11:45:00Z,2026-06-23T13:45:00+0200,59491.57318,MW,DE,DE_LU,actual_load,Actual Load,2026-07-14T14:11:01Z
2026-07-14T14:09:01Z,2026-07-14T16:09:01+0200,fe0b5391-87e1-42cc-91a2-4b5686b81b2f,2026-06-23T12:00:00Z,2026-06-23T14:00:00+0200,59223.56055,MW,DE,DE_LU,actual_load,Actual Load,2026-07-14T14:11:01Z
2026-07-14T14:09:01Z,2026-07-14T16:09:01+0200,fe0b5391-87e1-42cc-91a2-4b5686b81b2f,2026-06-23T12:15:00Z,2026-06-23T14:15:00+0200,58764.44784,MW,DE,DE_LU,actual_load,Actual Load,2026-07-14T14:11:01Z
2026-07-14T14:09:01Z,2026-07-14T16:09:01+0200,fe0b5391-87e1-42cc-91a2-4b5686b81b2f,2026-06-23T12:30:00Z,2026-06-23T14:30:00+0200,58769.31896,MW,DE,DE_LU,actual_load,Actual Load,2026-07-14T14:11:01Z
2026-07-14T14:09:01Z,2026-07-14T16:09:01+0200,fe0b5391-87e1-42cc-91a2-4b5686b81b2f,2026-06-23T12:45:00Z,2026-06-23T14:45:00+0200,58102.45693,MW,DE,DE_LU,actual_load,Actual Load,2026-07-14T14:11:01Z
2026-07-14T14:09:01Z,2026-07-14T16:09:01+0200,fe0b5391-87e1-42cc-91a2-4b5686b81b2f,2026-06-23T13:00:00Z,2026-06-23T15:00:00+0200,58351.27631,MW,DE,DE_LU,actual_load,Actual Load,2026-07-14T14:11:01Z
2026-07-14T14:09:01Z,2026-07-14T16:09:01+0200,fe0b5391-87e1-42cc-91a2-4b5686b81b2f,2026-06-23T13:15:00Z,2026-06-23T15:15:00+0200,57982.18165,MW,DE,DE_LU,actual_load,Actual Load,2026-07-14T14:11:01Z
2026-07-14T14:09:01Z,2026-07-14T16:09:01+0200,fe0b5391-87e1-42cc-91a2-4b5686b81b2f,2026-06-23T13:30:00Z,2026-06-23T15:30:00+0200,57325.98253,MW,DE,DE_LU,actual_load,Actual Load,2026-07-14T14:11:01Z
2026-07-14T14:09:01Z,2026-07-14T16:09:01+0200,fe0b5391-87e1-42cc-91a2-4b5686b81b2f,2026-06-23T13:45:00Z,2026-06-23T15:45:00+0200,57201.18778,MW,DE,DE_LU,actual_load,Actual Load,2026-07-14T14:11:01Z
2026-07-14T14:09:01Z,2026-07-14T16:09:01+0200,fe0b5391-87e1-42cc-91a2-4b5686b81b2f,2026-06-23T14:00:00Z,2026-06-23T16:00:00+0200,57803.83111,MW,DE,DE_LU,actual_load,Actual Load,2026-07-14T14:11:01Z
2026-07-14T14:09:01Z,2026-07-14T16:09:01+0200,fe0b5391-87e1-42cc-91a2-4b5686b81b2f,2026-06-23T14:15:00Z,2026-06-23T16:15:00+0200,57439.34942,MW,DE,DE_LU,actual_load,Actual Load,2026-07-14T14:11:01Z
2026-07-14T14:09:01Z,2026-07-14T16:09:01+0200,fe0b5391-87e1-42cc-91a2-4b5686b81b2f,2026-06-23T14:30:00Z,2026-06-23T16:30:00+0200,56979.76467,MW,DE,DE_LU,actual_load,Actual Load,2026-07-14T14:11:01Z
2026-07-14T14:09:01Z,2026-07-14T16:09:01+0200,fe0b5391-87e1-42cc-91a2-4b5686b81b2f,2026-06-23T14:45:00Z,2026-06-23T16:45:00+0200,57207.52825,MW,DE,DE_LU,actual_load,Actual Load,2026-07-14T14:11:01Z
2026-07-14T14:09:01Z,2026-07-14T16:09:01+0200,fe0b5391-87e1-42cc-91a2-4b5686b81b2f,2026-06-23T15:00:00Z,2026-06-23T17:00:00+0200,58223.36208,MW,DE,DE_LU,actual_load,Actual Load,2026-07-14T14:11:01Z
2026-07-14T14:09:01Z,2026-07-14T16:09:01+0200,fe0b5391-87e1-42cc-91a2-4b5686b81b2f,2026-06-23T15:15:00Z,2026-06-23T17:15:00+0200,58081.42989,MW,DE,DE_LU,actual_load,Actual Load,2026-07-14T14:11:01Z
2026-07-14T14:09:01Z,2026-07-14T16:09:01+0200,fe0b5391-87e1-42cc-91a2-4b5686b81b2f,2026-06-23T15:30:00Z,2026-06-23T17:30:00+0200,58742.53795,MW,DE,DE_LU,actual_load,Actual Load,2026-07-14T14:11:01Z
2026-07-14T14:09:01Z,2026-07-14T16:09:01+0200,fe0b5391-87e1-42cc-91a2-4b5686b81b2f,2026-06-23T15:45:00Z,2026-06-23T17:45:00+0200,59077.05282,MW,DE,DE_LU,actual_load,Actual Load,2026-07-14T14:11:01Z
2026-07-14T14:09:01Z,2026-07-14T16:09:01+0200,fe0b5391-87e1-42cc-91a2-4b5686b81b2f,2026-06-23T16:00:00Z,2026-06-23T18:00:00+0200,59972.03859,MW,DE,DE_LU,actual_load,Actual Load,2026-07-14T14:11:01Z
2026-07-14T14:09:01Z,2026-07-14T16:09:01+0200,fe0b5391-87e1-42cc-91a2-4b5686b81b2f,2026-06-23T16:15:00Z,2026-06-23T18:15:00+0200,59830.23302,MW,DE,DE_LU,actual_load,Actual Load,2026-07-14T14:11:01Z
2026-07-14T14:09:01Z,2026-07-14T16:09:01+0200,fe0b5391-87e1-42cc-91a2-4b5686b81b2f,2026-06-23T16:30:00Z,2026-06-23T18:30:00+0200,60352.57343,MW,DE,DE_LU,actual_load,Actual Load,2026-07-14T14:11:01Z
2026-07-14T14:09:01Z,2026-07-14T16:09:01+0200,fe0b5391-87e1-42cc-91a2-4b5686b81b2f,2026-06-23T16:45:00Z,2026-06-23T18:45:00+0200,60561.21949,MW,DE,DE_LU,actual_load,Actual Load,2026-07-14T14:11:01Z
2026-07-14T14:09:01Z,2026-07-14T16:09:01+0200,fe0b5391-87e1-42cc-91a2-4b5686b81b2f,2026-06-23T17:00:00Z,2026-06-23T19:00:00+0200,60967.16775,MW,DE,DE_LU,actual_load,Actual Load,2026-07-14T14:11:01Z
2026-07-14T14:09:01Z,2026-07-14T16:09:01+0200,fe0b5391-87e1-42cc-91a2-4b5686b81b2f,2026-06-23T17:15:00Z,2026-06-23T19:15:00+0200,60726.7464,MW,DE,DE_LU,actual_load,Actual Load,2026-07-14T14:11:01Z
2026-07-14T14:09:01Z,2026-07-14T16:09:01+0200,fe0b5391-87e1-42cc-91a2-4b5686b81b2f,2026-06-23T17:30:00Z,2026-06-23T19:30:00+0200,60435.68965,MW,DE,DE_LU,actual_load,Actual Load,2026-07-14T14:11:01Z
2026-07-14T14:09:01Z,2026-07-14T16:09:01+0200,fe0b5391-87e1-42cc-91a2-4b5686b81b2f,2026-06-23T17:45:00Z,2026-06-23T19:45:00+0200,59637.78643,MW,DE,DE_LU,actual_load,Actual Load,2026-07-14T14:11:01Z
2026-07-14T14:09:01Z,2026-07-14T16:09:01+0200,fe0b5391-87e1-42cc-91a2-4b5686b81b2f,2026-06-23T18:00:00Z,2026-06-23T20:00:00+0200,59737.89081,MW,DE,DE_LU,actual_load,Actual Load,2026-07-14T14:11:01Z
2026-07-14T14:09:01Z,2026-07-14T16:09:01+0200,fe0b5391-87e1-42cc-91a2-4b5686b81b2f,2026-06-23T18:15:00Z,2026-06-23T20:15:00+0200,58600.18696,MW,DE,DE_LU,actual_load,Actual Load,2026-07-14T14:11:01Z
2026-07-14T14:09:01Z,2026-07-14T16:09:01+0200,fe0b5391-87e1-42cc-91a2-4b5686b81b2f,2026-06-23T18:30:00Z,2026-06-23T20:30:00+0200,57691.9665,MW,DE,DE_LU,actual_load,Actual Load,2026-07-14T14:11:01Z
2026-07-14T14:09:01Z,2026-07-14T16:09:01+0200,fe0b5391-87e1-42cc-91a2-4b5686b81b2f,2026-06-23T18:45:00Z,2026-06-23T20:45:00+0200,56931.20658,MW,DE,DE_LU,actual_load,Actual Load,2026-07-14T14:11:01Z
2026-07-14T14:09:01Z,2026-07-14T16:09:01+0200,fe0b5391-87e1-42cc-91a2-4b5686b81b2f,2026-06-23T19:00:00Z,2026-06-23T21:00:00+0200,56438.58405,MW,DE,DE_LU,actual_load,Actual Load,2026-07-14T14:11:01Z
2026-07-14T14:09:01Z,2026-07-14T16:09:01+0200,fe0b5391-87e1-42cc-91a2-4b5686b81b2f,2026-06-23T19:15:00Z,2026-06-23T21:15:00+0200,56241.78374,MW,DE,DE_LU,actual_load,Actual Load,2026-07-14T14:11:01Z
2026-07-14T14:09:01Z,2026-07-14T16:09:01+0200,fe0b5391-87e1-42cc-91a2-4b5686b81b2f,2026-06-23T19:30:00Z,2026-06-23T21:30:00+0200,55720.85409,MW,DE,DE_LU,actual_load,Actual Load,2026-07-14T14:11:01Z
2026-07-14T14:09:01Z,2026-07-14T16:09:01+0200,fe0b5391-87e1-42cc-91a2-4b5686b81b2f,2026-06-23T19:45:00Z,2026-06-23T21:45:00+0200,55421.57991,MW,DE,DE_LU,actual_load,Actual Load,2026-07-14T14:11:01Z
2026-07-14T14:09:01Z,2026-07-14T16:09:01+0200,fe0b5391-87e1-42cc-91a2-4b5686b81b2f,2026-06-23T20:00:00Z,2026-06-23T22:00:00+0200,54679.28078,MW,DE,DE_LU,actual_load,Actual Load,2026-07-14T14:11:01Z
2026-07-14T14:09:01Z,2026-07-14T16:09:01+0200,fe0b5391-87e1-42cc-91a2-4b5686b81b2f,2026-06-23T20:15:00Z,2026-06-23T22:15:00+0200,54471.32405,MW,DE,DE_LU,actual_load,Actual Load,2026-07-14T14:11:01Z
2026-07-14T14:09:01Z,2026-07-14T16:09:01+0200,fe0b5391-87e1-42cc-91a2-4b5686b81b2f,2026-06-23T20:30:00Z,2026-06-23T22:30:00+0200,54007.90163,MW,DE,DE_LU,actual_load,Actual Load,2026-07-14T14:11:01Z
2026-07-14T14:09:01Z,2026-07-14T16:09:01+0200,fe0b5391-87e1-42cc-91a2-4b5686b81b2f,2026-06-23T20:45:00Z,2026-06-23T22:45:00+0200,53388.76211,MW,DE,DE_LU,actual_load,Actual Load,2026-07-14T14:11:01Z
2026-07-14T14:09:01Z,2026-07-14T16:09:01+0200,fe0b5391-87e1-42cc-91a2-4b5686b81b2f,2026-06-23T21:00:00Z,2026-06-23T23:00:00+0200,52406.96766,MW,DE,DE_LU,actual_load,Actual Load,2026-07-14T14:11:01Z
2026-07-14T14:09:01Z,2026-07-14T16:09:01+0200,fe0b5391-87e1-42cc-91a2-4b5686b81b2f,2026-06-23T21:15:00Z,2026-06-23T23:15:00+0200,51516.00829,MW,DE,DE_LU,actual_load,Actual Load,2026-07-14T14:11:01Z
2026-07-14T14:09:01Z,2026-07-14T16:09:01+0200,fe0b5391-87e1-42cc-91a2-4b5686b81b2f,2026-06-23T21:30:00Z,2026-06-23T23:30:00+0200,50983.83993,MW,DE,DE_LU,actual_load,Actual Load,2026-07-14T14:11:01Z
2026-07-14T14:09:01Z,2026-07-14T16:09:01+0200,fe0b5391-87e1-42cc-91a2-4b5686b81b2f,2026-06-23T21:45:00Z,2026-06-23T23:45:00+0200,50781.49005,MW,DE,DE_LU,actual_load,Actual Load,2026-07-14T14:11:01Z
2026-07-14T14:09:01Z,2026-07-14T16:09:01+0200,fe0b5391-87e1-42cc-91a2-4b5686b81b2f,2026-06-23T22:00:00Z,2026-06-24T00:00:00+0200,48867.82067,MW,DE,DE_LU,actual_load,Actual Load,2026-07-14T14:11:01Z
2026-07-14T14:09:01Z,2026-07-14T16:09:01+0200,fe0b5391-87e1-42cc-91a2-4b5686b81b2f,2026-06-23T22:15:00Z,2026-06-24T00:15:00+0200,48775.16466,MW,DE,DE_LU,actual_load,Actual Load,2026-07-14T14:11:01Z
2026-07-14T14:09:01Z,2026-07-14T16:09:01+0200,fe0b5391-87e1-42cc-91a2-4b5686b81b2f,2026-06-23T22:30:00Z,2026-06-24T00:30:00+0200,48675.24564,MW,DE,DE_LU,actual_load,Actual Load,2026-07-14T14:11:01Z
2026-07-14T14:09:01Z,2026-07-14T16:09:01+0200,fe0b5391-87e1-42cc-91a2-4b5686b81b2f,2026-06-23T22:45:00Z,2026-06-24T00:45:00+0200,48277.86745,MW,DE,DE_LU,actual_load,Actual Load,2026-07-14T14:11:01Z
2026-07-14T14:09:01Z,2026-07-14T16:09:01+0200,fe0b5391-87e1-42cc-91a2-4b5686b81b2f,2026-06-23T23:00:00Z,2026-06-24T01:00:00+0200,47682.38731,MW,DE,DE_LU,actual_load,Actual Load,2026-07-14T14:11:01Z
2026-07-14T14:09:01Z,2026-07-14T16:09:01+0200,fe0b5391-87e1-42cc-91a2-4b5686b81b2f,2026-06-23T23:15:00Z,2026-06-24T01:15:00+0200,47265.27513,MW,DE,DE_LU,actual_load,Actual Load,2026-07-14T14:11:01Z
2026-07-14T14:09:01Z,2026-07-14T16:09:01+0200,fe0b5391-87e1-42cc-91a2-4b5686b81b2f,2026-06-23T23:30:00Z,2026-06-24T01:30:00+0200,47164.6491,MW,DE,DE_LU,actual_load,Actual Load,2026-07-14T14:11:01Z
2026-07-14T14:09:01Z,2026-07-14T16:09:01+0200,fe0b5391-87e1-42cc-91a2-4b5686b81b2f,2026-06-23T23:45:00Z,2026-06-24T01:45:00+0200,46994.54548,MW,DE,DE_LU,actual_load,Actual Load,2026-07-14T14:11:01Z
2026-07-14T14:09:01Z,2026-07-14T16:09:01+0200,fe0b5391-87e1-42cc-91a2-4b5686b81b2f,2026-06-24T00:00:00Z,2026-06-24T02:00:00+0200,46662.1182,MW,DE,DE_LU,actual_load,Actual Load,2026-07-14T14:11:01Z
2026-07-14T14:09:01Z,2026-07-14T16:09:01+0200,fe0b5391-87e1-42cc-91a2-4b5686b81b2f,2026-06-24T00:15:00Z,2026-06-24T02:15:00+0200,46549.99939,MW,DE,DE_LU,actual_load,Actual Load,2026-07-14T14:11:01Z
2026-07-14T14:09:01Z,2026-07-14T16:09:01+0200,fe0b5391-87e1-42cc-91a2-4b5686b81b2f,2026-06-24T00:30:00Z,2026-06-24T02:30:00+0200,46684.51202,MW,DE,DE_LU,actual_load,Actual Load,2026-07-14T14:11:01Z
2026-07-14T14:09:01Z,2026-07-14T16:09:01+0200,fe0b5391-87e1-42cc-91a2-4b5686b81b2f,2026-06-24T00:45:00Z,2026-06-24T02:45:00+0200,46925.61663,MW,DE,DE_LU,actual_load,Actual Load,2026-07-14T14:11:01Z
2026-07-14T14:09:01Z,2026-07-14T16:09:01+0200,fe0b5391-87e1-42cc-91a2-4b5686b81b2f,2026-06-24T01:00:00Z,2026-06-24T03:00:00+0200,46477.77932,MW,DE,DE_LU,actual_load,Actual Load,2026-07-14T14:11:01Z
2026-07-14T14:09:01Z,2026-07-14T16:09:01+0200,fe0b5391-87e1-42cc-91a2-4b5686b81b2f,2026-06-24T01:15:00Z,2026-06-24T03:15:00+0200,46494.91936,MW,DE,DE_LU,actual_load,Actual Load,2026-07-14T14:11:01Z
2026-07-14T14:09:01Z,2026-07-14T16:09:01+0200,fe0b5391-87e1-42cc-91a2-4b5686b81b2f,2026-06-24T01:30:00Z,2026-06-24T03:30:00+0200,46288.70742,MW,DE,DE_LU,actual_load,Actual Load,2026-07-14T14:11:01Z
2026-07-14T14:09:01Z,2026-07-14T16:09:01+0200,fe0b5391-87e1-42cc-91a2-4b5686b81b2f,2026-06-24T01:45:00Z,2026-06-24T03:45:00+0200,46600.13669,MW,DE,DE_LU,actual_load,Actual Load,2026-07-14T14:11:01Z
2026-07-14T14:09:01Z,2026-07-14T16:09:01+0200,fe0b5391-87e1-42cc-91a2-4b5686b81b2f,2026-06-24T02:00:00Z,2026-06-24T04:00:00+0200,46730.87885,MW,DE,DE_LU,actual_load,Actual Load,2026-07-14T14:11:01Z
2026-07-14T14:09:01Z,2026-07-14T16:09:01+0200,fe0b5391-87e1-42cc-91a2-4b5686b81b2f,2026-06-24T02:15:00Z,2026-06-24T04:15:00+0200,46589.15398,MW,DE,DE_LU,actual_load,Actual Load,2026-07-14T14:11:01Z
2026-07-14T14:09:01Z,2026-07-14T16:09:01+0200,fe0b5391-87e1-42cc-91a2-4b5686b81b2f,2026-06-24T02:30:00Z,2026-06-24T04:30:00+0200,46976.63053,MW,DE,DE_LU,actual_load,Actual Load,2026-07-14T14:11:01Z
2026-07-14T14:09:01Z,2026-07-14T16:09:01+0200,fe0b5391-87e1-42cc-91a2-4b5686b81b2f,2026-06-24T02:45:00Z,2026-06-24T04:45:00+0200,47512.29674,MW,DE,DE_LU,actual_load,Actual Load,2026-07-14T14:11:01Z
2026-07-14T14:09:01Z,2026-07-14T16:09:01+0200,fe0b5391-87e1-42cc-91a2-4b5686b81b2f,2026-06-24T03:00:00Z,2026-06-24T05:00:00+0200,47665.6139,MW,DE,DE_LU,actual_load,Actual Load,2026-07-14T14:11:01Z
2026-07-14T14:09:01Z,2026-07-14T16:09:01+0200,fe0b5391-87e1-42cc-91a2-4b5686b81b2f,2026-06-24T03:15:00Z,2026-06-24T05:15:00+0200,48493.54222,MW,DE,DE_LU,actual_load,Actual Load,2026-07-14T14:11:01Z
2026-07-14T14:09:01Z,2026-07-14T16:09:01+0200,fe0b5391-87e1-42cc-91a2-4b5686b81b2f,2026-06-24T03:30:00Z,2026-06-24T05:30:00+0200,49615.5457,MW,DE,DE_LU,actual_load,Actual Load,2026-07-14T14:11:01Z
2026-07-14T14:09:01Z,2026-07-14T16:09:01+0200,fe0b5391-87e1-42cc-91a2-4b5686b81b2f,2026-06-24T03:45:00Z,2026-06-24T05:45:00+0200,50736.52624,MW,DE,DE_LU,actual_load,Actual Load,2026-07-14T14:11:01Z
2026-07-14T14:09:01Z,2026-07-14T16:09:01+0200,fe0b5391-87e1-42cc-91a2-4b5686b81b2f,2026-06-24T04:00:00Z,2026-06-24T06:00:00+0200,53132.60784,MW,DE,DE_LU,actual_load,Actual Load,2026-07-14T14:11:01Z
2026-07-14T14:09:01Z,2026-07-14T16:09:01+0200,fe0b5391-87e1-42cc-91a2-4b5686b81b2f,2026-06-24T04:15:00Z,2026-06-24T06:15:00+0200,54690.84598,MW,DE,DE_LU,actual_load,Actual Load,2026-07-14T14:11:01Z
2026-07-14T14:09:01Z,2026-07-14T16:09:01+0200,fe0b5391-87e1-42cc-91a2-4b5686b81b2f,2026-06-24T04:30:00Z,2026-06-24T06:30:00+0200,55881.04273,MW,DE,DE_LU,actual_load,Actual Load,2026-07-14T14:11:01Z
2026-07-14T14:09:01Z,2026-07-14T16:09:01+0200,fe0b5391-87e1-42cc-91a2-4b5686b81b2f,2026-06-24T04:45:00Z,2026-06-24T06:45:00+0200,57110.2132,MW,DE,DE_LU,actual_load,Actual Load,2026-07-14T14:11:01Z
2026-07-14T14:09:01Z,2026-07-14T16:09:01+0200,fe0b5391-87e1-42cc-91a2-4b5686b81b2f,2026-06-24T05:00:00Z,2026-06-24T07:00:00+0200,58505.27982,MW,DE,DE_LU,actual_load,Actual Load,2026-07-14T14:11:01Z
2026-07-14T14:09:01Z,2026-07-14T16:09:01+0200,fe0b5391-87e1-42cc-91a2-4b5686b81b2f,2026-06-24T05:15:00Z,2026-06-24T07:15:00+0200,59722.81931,MW,DE,DE_LU,actual_load,Actual Load,2026-07-14T14:11:01Z
2026-07-14T14:09:01Z,2026-07-14T16:09:01+0200,fe0b5391-87e1-42cc-91a2-4b5686b81b2f,2026-06-24T05:30:00Z,2026-06-24T07:30:00+0200,60895.08508,MW,DE,DE_LU,actual_load,Actual Load,2026-07-14T14:11:01Z
2026-07-14T14:09:01Z,2026-07-14T16:09:01+0200,fe0b5391-87e1-42cc-91a2-4b5686b81b2f,2026-06-24T05:45:00Z,2026-06-24T07:45:00+0200,62162.56021,MW,DE,DE_LU,actual_load,Actual Load,2026-07-14T14:11:01Z
2026-07-14T14:09:01Z,2026-07-14T16:09:01+0200,fe0b5391-87e1-42cc-91a2-4b5686b81b2f,2026-06-24T06:00:00Z,2026-06-24T08:00:00+0200,62180.23515,MW,DE,DE_LU,actual_load,Actual Load,2026-07-14T14:11:01Z
2026-07-14T14:09:01Z,2026-07-14T16:09:01+0200,fe0b5391-87e1-42cc-91a2-4b5686b81b2f,2026-06-24T06:15:00Z,2026-06-24T08:15:00+0200,63068.75606,MW,DE,DE_LU,actual_load,Actual Load,2026-07-14T14:11:01Z
2026-07-14T14:09:01Z,2026-07-14T16:09:01+0200,fe0b5391-87e1-42cc-91a2-4b5686b81b2f,2026-06-24T06:30:00Z,2026-06-24T08:30:00+0200,62865.48605,MW,DE,DE_LU,actual_load,Actual Load,2026-07-14T14:11:01Z
2026-07-14T14:09:01Z,2026-07-14T16:09:01+0200,fe0b5391-87e1-42cc-91a2-4b5686b81b2f,2026-06-24T06:45:00Z,2026-06-24T08:45:00+0200,63246.83528,MW,DE,DE_LU,actual_load,Actual Load,2026-07-14T14:11:01Z
2026-07-14T14:09:01Z,2026-07-14T16:09:01+0200,fe0b5391-87e1-42cc-91a2-4b5686b81b2f,2026-06-24T07:00:00Z,2026-06-24T09:00:00+0200,62762.34107,MW,DE,DE_LU,actual_load,Actual Load,2026-07-14T14:11:01Z
2026-07-14T14:09:01Z,2026-07-14T16:09:01+0200,fe0b5391-87e1-42cc-91a2-4b5686b81b2f,2026-06-24T07:15:00Z,2026-06-24T09:15:00+0200,62451.56106,MW,DE,DE_LU,actual_load,Actual Load,2026-07-14T14:11:01Z
2026-07-14T14:09:01Z,2026-07-14T16:09:01+0200,fe0b5391-87e1-42cc-91a2-4b5686b81b2f,2026-06-24T07:30:00Z,2026-06-24T09:30:00+0200,62728.63746,MW,DE,DE_LU,actual_load,Actual Load,2026-07-14T14:11:01Z
2026-07-14T14:09:01Z,2026-07-14T16:09:01+0200,fe0b5391-87e1-42cc-91a2-4b5686b81b2f,2026-06-24T07:45:00Z,2026-06-24T09:45:00+0200,62599.03507,MW,DE,DE_LU,actual_load,Actual Load,2026-07-14T14:11:01Z
2026-07-14T14:09:01Z,2026-07-14T16:09:01+0200,fe0b5391-87e1-42cc-91a2-4b5686b81b2f,2026-06-24T08:00:00Z,2026-06-24T10:00:00+0200,62236.31425,MW,DE,DE_LU,actual_load,Actual Load,2026-07-14T14:11:01Z
2026-07-14T14:09:01Z,2026-07-14T16:09:01+0200,fe0b5391-87e1-42cc-91a2-4b5686b81b2f,2026-06-24T08:15:00Z,2026-06-24T10:15:00+0200,61786.94413,MW,DE,DE_LU,actual_load,Actual Load,2026-07-14T14:11:01Z
2026-07-14T14:09:01Z,2026-07-14T16:09:01+0200,fe0b5391-87e1-42cc-91a2-4b5686b81b2f,2026-06-24T08:30:00Z,2026-06-24T10:30:00+0200,61509.70993,MW,DE,DE_LU,actual_load,Actual Load,2026-07-14T14:11:01Z
2026-07-14T14:09:01Z,2026-07-14T16:09:01+0200,fe0b5391-87e1-42cc-91a2-4b5686b81b2f,2026-06-24T08:45:00Z,2026-06-24T10:45:00+0200,61400.08272,MW,DE,DE_LU,actual_load,Actual Load,2026-07-14T14:11:01Z
2026-07-14T14:09:01Z,2026-07-14T16:09:01+0200,fe0b5391-87e1-42cc-91a2-4b5686b81b2f,2026-06-24T09:00:00Z,2026-06-24T11:00:00+0200,61184.00643,MW,DE,DE_LU,actual_load,Actual Load,2026-07-14T14:11:01Z
2026-07-14T14:09:01Z,2026-07-14T16:09:01+0200,fe0b5391-87e1-42cc-91a2-4b5686b81b2f,2026-06-24T09:15:00Z,2026-06-24T11:15:00+0200,61225.09156,MW,DE,DE_LU,actual_load,Actual Load,2026-07-14T14:11:01Z
2026-07-14T14:09:01Z,2026-07-14T16:09:01+0200,fe0b5391-87e1-42cc-91a2-4b5686b81b2f,2026-06-24T09:30:00Z,2026-06-24T11:30:00+0200,60966.83354,MW,DE,DE_LU,actual_load,Actual Load,2026-07-14T14:11:01Z
2026-07-14T14:09:01Z,2026-07-14T16:09:01+0200,fe0b5391-87e1-42cc-91a2-4b5686b81b2f,2026-06-24T09:45:00Z,2026-06-24T11:45:00+0200,61165.57378,MW,DE,DE_LU,actual_load,Actual Load,2026-07-14T14:11:01Z
2026-07-14T14:09:01Z,2026-07-14T16:09:01+0200,fe0b5391-87e1-42cc-91a2-4b5686b81b2f,2026-06-24T10:00:00Z,2026-06-24T12:00:00+0200,60591.79364,MW,DE,DE_LU,actual_load,Actual Load,2026-07-14T14:11:01Z
2026-07-14T14:09:01Z,2026-07-14T16:09:01+0200,fe0b5391-87e1-42cc-91a2-4b5686b81b2f,2026-06-24T10:15:00Z,2026-06-24T12:15:00+0200,60022.19139,MW,DE,DE_LU,actual_load,Actual Load,2026-07-14T14:11:01Z
2026-07-14T14:09:01Z,2026-07-14T16:09:01+0200,fe0b5391-87e1-42cc-91a2-4b5686b81b2f,2026-06-24T10:30:00Z,2026-06-24T12:30:00+0200,60135.02647,MW,DE,DE_LU,actual_load,Actual Load,2026-07-14T14:11:01Z
2026-07-14T14:09:01Z,2026-07-14T16:09:01+0200,fe0b5391-87e1-42cc-91a2-4b5686b81b2f,2026-06-24T10:45:00Z,2026-06-24T12:45:00+0200,60817.10478,MW,DE,DE_LU,actual_load,Actual Load,2026-07-14T14:11:01Z
2026-07-14T14:09:01Z,2026-07-14T16:09:01+0200,fe0b5391-87e1-42cc-91a2-4b5686b81b2f,2026-06-24T11:00:00Z,2026-06-24T13:00:00+0200,60826.23413,MW,DE,DE_LU,actual_load,Actual Load,2026-07-14T14:11:01Z
2026-07-14T14:09:01Z,2026-07-14T16:09:01+0200,fe0b5391-87e1-42cc-91a2-4b5686b81b2f,2026-06-24T11:15:00Z,2026-06-24T13:15:00+0200,60728.99614,MW,DE,DE_LU,actual_load,Actual Load,2026-07-14T14:11:01Z
2026-07-14T14:09:01Z,2026-07-14T16:09:01+0200,fe0b5391-87e1-42cc-91a2-4b5686b81b2f,2026-06-24T11:30:00Z,2026-06-24T13:30:00+0200,60162.39377,MW,DE,DE_LU,actual_load,Actual Load,2026-07-14T14:11:01Z
2026-07-14T14:09:01Z,2026-07-14T16:09:01+0200,fe0b5391-87e1-42cc-91a2-4b5686b81b2f,2026-06-24T11:45:00Z,2026-06-24T13:45:00+0200,60100.28206,MW,DE,DE_LU,actual_load,Actual Load,2026-07-14T14:11:01Z
2026-07-14T14:09:01Z,2026-07-14T16:09:01+0200,fe0b5391-87e1-42cc-91a2-4b5686b81b2f,2026-06-24T12:00:00Z,2026-06-24T14:00:00+0200,60906.3909,MW,DE,DE_LU,actual_load,Actual Load,2026-07-14T14:11:01Z
2026-07-14T14:09:01Z,2026-07-14T16:09:01+0200,fe0b5391-87e1-42cc-91a2-4b5686b81b2f,2026-06-24T12:15:00Z,2026-06-24T14:15:00+0200,60660.4999,MW,DE,DE_LU,actual_load,Actual Load,2026-07-14T14:11:01Z
2026-07-14T14:09:01Z,2026-07-14T16:09:01+0200,fe0b5391-87e1-42cc-91a2-4b5686b81b2f,2026-06-24T12:30:00Z,2026-06-24T14:30:00+0200,60096.00986,MW,DE,DE_LU,actual_load,Actual Load,2026-07-14T14:11:01Z
2026-07-14T14:09:01Z,2026-07-14T16:09:01+0200,fe0b5391-87e1-42cc-91a2-4b5686b81b2f,2026-06-24T12:45:00Z,2026-06-24T14:45:00+0200,59727.87811,MW,DE,DE_LU,actual_load,Actual Load,2026-07-14T14:11:01Z
2026-07-14T14:09:01Z,2026-07-14T16:09:01+0200,fe0b5391-87e1-42cc-91a2-4b5686b81b2f,2026-06-24T13:00:00Z,2026-06-24T15:00:00+0200,59818.1626,MW,DE,DE_LU,actual_load,Actual Load,2026-07-14T14:11:01Z
2026-07-14T14:09:01Z,2026-07-14T16:09:01+0200,fe0b5391-87e1-42cc-91a2-4b5686b81b2f,2026-06-24T13:15:00Z,2026-06-24T15:15:00+0200,59258.26736,MW,DE,DE_LU,actual_load,Actual Load,2026-07-14T14:11:01Z
2026-07-14T14:09:01Z,2026-07-14T16:09:01+0200,fe0b5391-87e1-42cc-91a2-4b5686b81b2f,2026-06-24T13:30:00Z,2026-06-24T15:30:00+0200,59158.64961,MW,DE,DE_LU,actual_load,Actual Load,2026-07-14T14:11:01Z
2026-07-14T14:09:01Z,2026-07-14T16:09:01+0200,fe0b5391-87e1-42cc-91a2-4b5686b81b2f,2026-06-24T13:45:00Z,2026-06-24T15:45:00+0200,58427.31737,MW,DE,DE_LU,actual_load,Actual Load,2026-07-14T14:11:01Z
2026-07-14T14:09:01Z,2026-07-14T16:09:01+0200,fe0b5391-87e1-42cc-91a2-4b5686b81b2f,2026-06-24T14:00:00Z,2026-06-24T16:00:00+0200,60406.4558,MW,DE,DE_LU,actual_load,Actual Load,2026-07-14T14:11:01Z
2026-07-14T14:09:01Z,2026-07-14T16:09:01+0200,fe0b5391-87e1-42cc-91a2-4b5686b81b2f,2026-06-24T14:15:00Z,2026-06-24T16:15:00+0200,59849.53559,MW,DE,DE_LU,actual_load,Actual Load,2026-07-14T14:11:01Z
2026-07-14T14:09:01Z,2026-07-14T16:09:01+0200,fe0b5391-87e1-42cc-91a2-4b5686b81b2f,2026-06-24T14:30:00Z,2026-06-24T16:30:00+0200,59529.33512,MW,DE,DE_LU,actual_load,Actual Load,2026-07-14T14:11:01Z
2026-07-14T14:09:01Z,2026-07-14T16:09:01+0200,fe0b5391-87e1-42cc-91a2-4b5686b81b2f,2026-06-24T14:45:00Z,2026-06-24T16:45:00+0200,59128.96803,MW,DE,DE_LU,actual_load,Actual Load,2026-07-14T14:11:01Z
2026-07-14T14:09:01Z,2026-07-14T16:09:01+0200,fe0b5391-87e1-42cc-91a2-4b5686b81b2f,2026-06-24T15:00:00Z,2026-06-24T17:00:00+0200,59764.92736,MW,DE,DE_LU,actual_load,Actual Load,2026-07-14T14:11:01Z
2026-07-14T14:09:01Z,2026-07-14T16:09:01+0200,fe0b5391-87e1-42cc-91a2-4b5686b81b2f,2026-06-24T15:15:00Z,2026-06-24T17:15:00+0200,59547.53488,MW,DE,DE_LU,actual_load,Actual Load,2026-07-14T14:11:01Z
2026-07-14T14:09:01Z,2026-07-14T16:09:01+0200,fe0b5391-87e1-42cc-91a2-4b5686b81b2f,2026-06-24T15:30:00Z,2026-06-24T17:30:00+0200,59713.75092,MW,DE,DE_LU,actual_load,Actual Load,2026-07-14T14:11:01Z
2026-07-14T14:09:01Z,2026-07-14T16:09:01+0200,fe0b5391-87e1-42cc-91a2-4b5686b81b2f,2026-06-24T15:45:00Z,2026-06-24T17:45:00+0200,60171.6085,MW,DE,DE_LU,actual_load,Actual Load,2026-07-14T14:11:01Z
2026-07-14T14:09:01Z,2026-07-14T16:09:01+0200,fe0b5391-87e1-42cc-91a2-4b5686b81b2f,2026-06-24T16:00:00Z,2026-06-24T18:00:00+0200,60708.65285,MW,DE,DE_LU,actual_load,Actual Load,2026-07-14T14:11:01Z
2026-07-14T14:09:01Z,2026-07-14T16:09:01+0200,fe0b5391-87e1-42cc-91a2-4b5686b81b2f,2026-06-24T16:15:00Z,2026-06-24T18:15:00+0200,60800.96532,MW,DE,DE_LU,actual_load,Actual Load,2026-07-14T14:11:01Z
2026-07-14T14:09:01Z,2026-07-14T16:09:01+0200,fe0b5391-87e1-42cc-91a2-4b5686b81b2f,2026-06-24T16:30:00Z,2026-06-24T18:30:00+0200,61427.55342,MW,DE,DE_LU,actual_load,Actual Load,2026-07-14T14:11:01Z
2026-07-14T14:09:01Z,2026-07-14T16:09:01+0200,fe0b5391-87e1-42cc-91a2-4b5686b81b2f,2026-06-24T16:45:00Z,2026-06-24T18:45:00+0200,61468.83255,MW,DE,DE_LU,actual_load,Actual Load,2026-07-14T14:11:01Z
2026-07-14T14:09:01Z,2026-07-14T16:09:01+0200,fe0b5391-87e1-42cc-91a2-4b5686b81b2f,2026-06-24T17:00:00Z,2026-06-24T19:00:00+0200,62637.16428,MW,DE,DE_LU,actual_load,Actual Load,2026-07-14T14:11:01Z
2026-07-14T14:09:01Z,2026-07-14T16:09:01+0200,fe0b5391-87e1-42cc-91a2-4b5686b81b2f,2026-06-24T17:15:00Z,2026-06-24T19:15:00+0200,61963.60516,MW,DE,DE_LU,actual_load,Actual Load,2026-07-14T14:11:01Z
2026-07-14T14:09:01Z,2026-07-14T16:09:01+0200,fe0b5391-87e1-42cc-91a2-4b5686b81b2f,2026-06-24T17:30:00Z,2026-06-24T19:30:00+0200,61934.36187,MW,DE,DE_LU,actual_load,Actual Load,2026-07-14T14:11:01Z
2026-07-14T14:09:01Z,2026-07-14T16:09:01+0200,fe0b5391-87e1-42cc-91a2-4b5686b81b2f,2026-06-24T17:45:00Z,2026-06-24T19:45:00+0200,61401.81481,MW,DE,DE_LU,actual_load,Actual Load,2026-07-14T14:11:01Z
2026-07-14T14:09:01Z,2026-07-14T16:09:01+0200,fe0b5391-87e1-42cc-91a2-4b5686b81b2f,2026-06-24T18:00:00Z,2026-06-24T20:00:00+0200,61252.63114,MW,DE,DE_LU,actual_load,Actual Load,2026-07-14T14:11:01Z
2026-07-14T14:09:01Z,2026-07-14T16:09:01+0200,fe0b5391-87e1-42cc-91a2-4b5686b81b2f,2026-06-24T18:15:00Z,2026-06-24T20:15:00+0200,60885.43063,MW,DE,DE_LU,actual_load,Actual Load,2026-07-14T14:11:01Z
2026-07-14T14:09:01Z,2026-07-14T16:09:01+0200,fe0b5391-87e1-42cc-91a2-4b5686b81b2f,2026-06-24T18:30:00Z,2026-06-24T20:30:00+0200,60182.52793,MW,DE,DE_LU,actual_load,Actual Load,2026-07-14T14:11:01Z
2026-07-14T14:09:01Z,2026-07-14T16:09:01+0200,fe0b5391-87e1-42cc-91a2-4b5686b81b2f,2026-06-24T18:45:00Z,2026-06-24T20:45:00+0200,59569.24066,MW,DE,DE_LU,actual_load,Actual Load,2026-07-14T14:11:01Z
2026-07-14T14:09:01Z,2026-07-14T16:09:01+0200,fe0b5391-87e1-42cc-91a2-4b5686b81b2f,2026-06-24T19:00:00Z,2026-06-24T21:00:00+0200,59309.1639,MW,DE,DE_LU,actual_load,Actual Load,2026-07-14T14:11:01Z
2026-07-14T14:09:01Z,2026-07-14T16:09:01+0200,fe0b5391-87e1-42cc-91a2-4b5686b81b2f,2026-06-24T19:15:00Z,2026-06-24T21:15:00+0200,58941.10981,MW,DE,DE_LU,actual_load,Actual Load,2026-07-14T14:11:01Z
2026-07-14T14:09:01Z,2026-07-14T16:09:01+0200,fe0b5391-87e1-42cc-91a2-4b5686b81b2f,2026-06-24T19:30:00Z,2026-06-24T21:30:00+0200,58537.65611,MW,DE,DE_LU,actual_load,Actual Load,2026-07-14T14:11:01Z
2026-07-14T14:09:01Z,2026-07-14T16:09:01+0200,fe0b5391-87e1-42cc-91a2-4b5686b81b2f,2026-06-24T19:45:00Z,2026-06-24T21:45:00+0200,57906.87755,MW,DE,DE_LU,actual_load,Actual Load,2026-07-14T14:11:01Z
2026-07-14T14:09:01Z,2026-07-14T16:09:01+0200,fe0b5391-87e1-42cc-91a2-4b5686b81b2f,2026-06-24T20:00:00Z,2026-06-24T22:00:00+0200,57517.18246,MW,DE,DE_LU,actual_load,Actual Load,2026-07-14T14:11:01Z
2026-07-14T14:09:01Z,2026-07-14T16:09:01+0200,fe0b5391-87e1-42cc-91a2-4b5686b81b2f,2026-06-24T20:15:00Z,2026-06-24T22:15:00+0200,57231.00965,MW,DE,DE_LU,actual_load,Actual Load,2026-07-14T14:11:01Z
2026-07-14T14:09:01Z,2026-07-14T16:09:01+0200,fe0b5391-87e1-42cc-91a2-4b5686b81b2f,2026-06-24T20:30:00Z,2026-06-24T22:30:00+0200,56583.80828,MW,DE,DE_LU,actual_load,Actual Load,2026-07-14T14:11:01Z
2026-07-14T14:09:01Z,2026-07-14T16:09:01+0200,fe0b5391-87e1-42cc-91a2-4b5686b81b2f,2026-06-24T20:45:00Z,2026-06-24T22:45:00+0200,55357.47729,MW,DE,DE_LU,actual_load,Actual Load,2026-07-14T14:11:01Z
2026-07-14T14:09:01Z,2026-07-14T16:09:01+0200,fe0b5391-87e1-42cc-91a2-4b5686b81b2f,2026-06-24T21:00:00Z,2026-06-24T23:00:00+0200,53947.01124,MW,DE,DE_LU,actual_load,Actual Load,2026-07-14T14:11:01Z
2026-07-14T14:09:01Z,2026-07-14T16:09:01+0200,fe0b5391-87e1-42cc-91a2-4b5686b81b2f,2026-06-24T21:15:00Z,2026-06-24T23:15:00+0200,53368.457,MW,DE,DE_LU,actual_load,Actual Load,2026-07-14T14:11:01Z
2026-07-14T14:09:01Z,2026-07-14T16:09:01+0200,fe0b5391-87e1-42cc-91a2-4b5686b81b2f,2026-06-24T21:30:00Z,2026-06-24T23:30:00+0200,53004.27533,MW,DE,DE_LU,actual_load,Actual Load,2026-07-14T14:11:01Z
2026-07-14T14:09:01Z,2026-07-14T16:09:01+0200,fe0b5391-87e1-42cc-91a2-4b5686b81b2f,2026-06-24T21:45:00Z,2026-06-24T23:45:00+0200,52161.87737,MW,DE,DE_LU,actual_load,Actual Load,2026-07-14T14:11:01Z
2026-07-14T14:09:01Z,2026-07-14T16:09:01+0200,fe0b5391-87e1-42cc-91a2-4b5686b81b2f,2026-06-24T22:00:00Z,2026-06-25T00:00:00+0200,51400.24573,MW,DE,DE_LU,actual_load,Actual Load,2026-07-14T14:11:01Z
2026-07-14T14:09:01Z,2026-07-14T16:09:01+0200,fe0b5391-87e1-42cc-91a2-4b5686b81b2f,2026-06-24T22:15:00Z,2026-06-25T00:15:00+0200,51355.43078,MW,DE,DE_LU,actual_load,Actual Load,2026-07-14T14:11:01Z
2026-07-14T14:09:01Z,2026-07-14T16:09:01+0200,fe0b5391-87e1-42cc-91a2-4b5686b81b2f,2026-06-24T22:30:00Z,2026-06-25T00:30:00+0200,51055.89682,MW,DE,DE_LU,actual_load,Actual Load,2026-07-14T14:11:01Z
2026-07-14T14:09:01Z,2026-07-14T16:09:01+0200,fe0b5391-87e1-42cc-91a2-4b5686b81b2f,2026-06-24T22:45:00Z,2026-06-25T00:45:00+0200,50408.28156,MW,DE,DE_LU,actual_load,Actual Load,2026-07-14T14:11:01Z
2026-07-14T14:09:01Z,2026-07-14T16:09:01+0200,fe0b5391-87e1-42cc-91a2-4b5686b81b2f,2026-06-24T23:00:00Z,2026-06-25T01:00:00+0200,50032.50651,MW,DE,DE_LU,actual_load,Actual Load,2026-07-14T14:11:01Z
2026-07-14T14:09:01Z,2026-07-14T16:09:01+0200,fe0b5391-87e1-42cc-91a2-4b5686b81b2f,2026-06-24T23:15:00Z,2026-06-25T01:15:00+0200,49696.23395,MW,DE,DE_LU,actual_load,Actual Load,2026-07-14T14:11:01Z
2026-07-14T14:09:01Z,2026-07-14T16:09:01+0200,fe0b5391-87e1-42cc-91a2-4b5686b81b2f,2026-06-24T23:30:00Z,2026-06-25T01:30:00+0200,48725.44413,MW,DE,DE_LU,actual_load,Actual Load,2026-07-14T14:11:01Z
2026-07-14T14:09:01Z,2026-07-14T16:09:01+0200,fe0b5391-87e1-42cc-91a2-4b5686b81b2f,2026-06-24T23:45:00Z,2026-06-25T01:45:00+0200,48554.95869,MW,DE,DE_LU,actual_load,Actual Load,2026-07-14T14:11:01Z
2026-07-14T14:09:01Z,2026-07-14T16:09:01+0200,fe0b5391-87e1-42cc-91a2-4b5686b81b2f,2026-06-25T00:00:00Z,2026-06-25T02:00:00+0200,48038.70651,MW,DE,DE_LU,actual_load,Actual Load,2026-07-14T14:11:01Z
2026-07-14T14:09:01Z,2026-07-14T16:09:01+0200,fe0b5391-87e1-42cc-91a2-4b5686b81b2f,2026-06-25T00:15:00Z,2026-06-25T02:15:00+0200,47974.30787,MW,DE,DE_LU,actual_load,Actual Load,2026-07-14T14:11:01Z
2026-07-14T14:09:01Z,2026-07-14T16:09:01+0200,fe0b5391-87e1-42cc-91a2-4b5686b81b2f,2026-06-25T00:30:00Z,2026-06-25T02:30:00+0200,47853.84531,MW,DE,DE_LU,actual_load,Actual Load,2026-07-14T14:11:01Z
2026-07-14T14:09:01Z,2026-07-14T16:09:01+0200,fe0b5391-87e1-42cc-91a2-4b5686b81b2f,2026-06-25T00:45:00Z,2026-06-25T02:45:00+0200,48062.22012,MW,DE,DE_LU,actual_load,Actual Load,2026-07-14T14:11:01Z
2026-07-14T14:09:01Z,2026-07-14T16:09:01+0200,fe0b5391-87e1-42cc-91a2-4b5686b81b2f,2026-06-25T01:00:00Z,2026-06-25T03:00:00+0200,48016.31372,MW,DE,DE_LU,actual_load,Actual Load,2026-07-14T14:11:01Z
2026-07-14T14:09:01Z,2026-07-14T16:09:01+0200,fe0b5391-87e1-42cc-91a2-4b5686b81b2f,2026-06-25T01:15:00Z,2026-06-25T03:15:00+0200,47677.18225,MW,DE,DE_LU,actual_load,Actual Load,2026-07-14T14:11:01Z
2026-07-14T14:09:01Z,2026-07-14T16:09:01+0200,fe0b5391-87e1-42cc-91a2-4b5686b81b2f,2026-06-25T01:30:00Z,2026-06-25T03:30:00+0200,47727.56001,MW,DE,DE_LU,actual_load,Actual Load,2026-07-14T14:11:01Z
2026-07-14T14:09:01Z,2026-07-14T16:09:01+0200,fe0b5391-87e1-42cc-91a2-4b5686b81b2f,2026-06-25T01:45:00Z,2026-06-25T03:45:00+0200,47862.64744,MW,DE,DE_LU,actual_load,Actual Load,2026-07-14T14:11:01Z
2026-07-14T14:09:01Z,2026-07-14T16:09:01+0200,fe0b5391-87e1-42cc-91a2-4b5686b81b2f,2026-06-25T02:00:00Z,2026-06-25T04:00:00+0200,48650.04031,MW,DE,DE_LU,actual_load,Actual Load,2026-07-14T14:11:01Z
2026-07-14T14:09:01Z,2026-07-14T16:09:01+0200,fe0b5391-87e1-42cc-91a2-4b5686b81b2f,2026-06-25T02:15:00Z,2026-06-25T04:15:00+0200,48709.66207,MW,DE,DE_LU,actual_load,Actual Load,2026-07-14T14:11:01Z
2026-07-14T14:09:01Z,2026-07-14T16:09:01+0200,fe0b5391-87e1-42cc-91a2-4b5686b81b2f,2026-06-25T02:30:00Z,2026-06-25T04:30:00+0200,49070.40691,MW,DE,DE_LU,actual_load,Actual Load,2026-07-14T14:11:01Z
2026-07-14T14:09:01Z,2026-07-14T16:09:01+0200,fe0b5391-87e1-42cc-91a2-4b5686b81b2f,2026-06-25T02:45:00Z,2026-06-25T04:45:00+0200,48955.99675,MW,DE,DE_LU,actual_load,Actual Load,2026-07-14T14:11:01Z
2026-07-14T14:09:01Z,2026-07-14T16:09:01+0200,fe0b5391-87e1-42cc-91a2-4b5686b81b2f,2026-06-25T03:00:00Z,2026-06-25T05:00:00+0200,49573.70163,MW,DE,DE_LU,actual_load,Actual Load,2026-07-14T14:11:01Z
2026-07-14T14:09:01Z,2026-07-14T16:09:01+0200,fe0b5391-87e1-42cc-91a2-4b5686b81b2f,2026-06-25T03:15:00Z,2026-06-25T05:15:00+0200,50241.52796,MW,DE,DE_LU,actual_load,Actual Load,2026-07-14T14:11:01Z
2026-07-14T14:09:01Z,2026-07-14T16:09:01+0200,fe0b5391-87e1-42cc-91a2-4b5686b81b2f,2026-06-25T03:30:00Z,2026-06-25T05:30:00+0200,51307.02428,MW,DE,DE_LU,actual_load,Actual Load,2026-07-14T14:11:01Z
2026-07-14T14:09:01Z,2026-07-14T16:09:01+0200,fe0b5391-87e1-42cc-91a2-4b5686b81b2f,2026-06-25T03:45:00Z,2026-06-25T05:45:00+0200,52745.45176,MW,DE,DE_LU,actual_load,Actual Load,2026-07-14T14:11:01Z
2026-07-14T14:09:01Z,2026-07-14T16:09:01+0200,fe0b5391-87e1-42cc-91a2-4b5686b81b2f,2026-06-25T04:00:00Z,2026-06-25T06:00:00+0200,54950.15764,MW,DE,DE_LU,actual_load,Actual Load,2026-07-14T14:11:01Z
2026-07-14T14:09:01Z,2026-07-14T16:09:01+0200,fe0b5391-87e1-42cc-91a2-4b5686b81b2f,2026-06-25T04:15:00Z,2026-06-25T06:15:00+0200,56839.80676,MW,DE,DE_LU,actual_load,Actual Load,2026-07-14T14:11:01Z
2026-07-14T14:09:01Z,2026-07-14T16:09:01+0200,fe0b5391-87e1-42cc-91a2-4b5686b81b2f,2026-06-25T04:30:00Z,2026-06-25T06:30:00+0200,57697.45767,MW,DE,DE_LU,actual_load,Actual Load,2026-07-14T14:11:01Z
2026-07-14T14:09:01Z,2026-07-14T16:09:01+0200,fe0b5391-87e1-42cc-91a2-4b5686b81b2f,2026-06-25T04:45:00Z,2026-06-25T06:45:00+0200,59180.51457,MW,DE,DE_LU,actual_load,Actual Load,2026-07-14T14:11:01Z
2026-07-14T14:09:01Z,2026-07-14T16:09:01+0200,fe0b5391-87e1-42cc-91a2-4b5686b81b2f,2026-06-25T05:00:00Z,2026-06-25T07:00:00+0200,60436.4601,MW,DE,DE_LU,actual_load,Actual Load,2026-07-14T14:11:01Z
2026-07-14T14:09:01Z,2026-07-14T16:09:01+0200,fe0b5391-87e1-42cc-91a2-4b5686b81b2f,2026-06-25T05:15:00Z,2026-06-25T07:15:00+0200,61914.19082,MW,DE,DE_LU,actual_load,Actual Load,2026-07-14T14:11:01Z
2026-07-14T14:09:01Z,2026-07-14T16:09:01+0200,fe0b5391-87e1-42cc-91a2-4b5686b81b2f,2026-06-25T05:30:00Z,2026-06-25T07:30:00+0200,63340.92084,MW,DE,DE_LU,actual_load,Actual Load,2026-07-14T14:11:01Z
2026-07-14T14:09:01Z,2026-07-14T16:09:01+0200,fe0b5391-87e1-42cc-91a2-4b5686b81b2f,2026-06-25T05:45:00Z,2026-06-25T07:45:00+0200,63992.59796,MW,DE,DE_LU,actual_load,Actual Load,2026-07-14T14:11:01Z
2026-07-14T14:09:01Z,2026-07-14T16:09:01+0200,fe0b5391-87e1-42cc-91a2-4b5686b81b2f,2026-06-25T06:00:00Z,2026-06-25T08:00:00+0200,64100.99565,MW,DE,DE_LU,actual_load,Actual Load,2026-07-14T14:11:01Z
2026-07-14T14:09:01Z,2026-07-14T16:09:01+0200,fe0b5391-87e1-42cc-91a2-4b5686b81b2f,2026-06-25T06:15:00Z,2026-06-25T08:15:00+0200,64960.01142,MW,DE,DE_LU,actual_load,Actual Load,2026-07-14T14:11:01Z
2026-07-14T14:09:01Z,2026-07-14T16:09:01+0200,fe0b5391-87e1-42cc-91a2-4b5686b81b2f,2026-06-25T06:30:00Z,2026-06-25T08:30:00+0200,65945.4514,MW,DE,DE_LU,actual_load,Actual Load,2026-07-14T14:11:01Z
2026-07-14T14:09:01Z,2026-07-14T16:09:01+0200,fe0b5391-87e1-42cc-91a2-4b5686b81b2f,2026-06-25T06:45:00Z,2026-06-25T08:45:00+0200,65952.30751,MW,DE,DE_LU,actual_load,Actual Load,2026-07-14T14:11:01Z
2026-07-14T14:09:01Z,2026-07-14T16:09:01+0200,fe0b5391-87e1-42cc-91a2-4b5686b81b2f,2026-06-25T07:00:00Z,2026-06-25T09:00:00+0200,64771.78358,MW,DE,DE_LU,actual_load,Actual Load,2026-07-14T14:11:01Z
2026-07-14T14:09:01Z,2026-07-14T16:09:01+0200,fe0b5391-87e1-42cc-91a2-4b5686b81b2f,2026-06-25T07:15:00Z,2026-06-25T09:15:00+0200,64501.13105,MW,DE,DE_LU,actual_load,Actual Load,2026-07-14T14:11:01Z
2026-07-14T14:09:01Z,2026-07-14T16:09:01+0200,fe0b5391-87e1-42cc-91a2-4b5686b81b2f,2026-06-25T07:30:00Z,2026-06-25T09:30:00+0200,64609.41762,MW,DE,DE_LU,actual_load,Actual Load,2026-07-14T14:11:01Z
2026-07-14T14:09:01Z,2026-07-14T16:09:01+0200,fe0b5391-87e1-42cc-91a2-4b5686b81b2f,2026-06-25T07:45:00Z,2026-06-25T09:45:00+0200,63869.27052,MW,DE,DE_LU,actual_load,Actual Load,2026-07-14T14:11:01Z
2026-07-14T14:09:01Z,2026-07-14T16:09:01+0200,fe0b5391-87e1-42cc-91a2-4b5686b81b2f,2026-06-25T08:00:00Z,2026-06-25T10:00:00+0200,64490.49474,MW,DE,DE_LU,actual_load,Actual Load,2026-07-14T14:11:01Z
2026-07-14T14:09:01Z,2026-07-14T16:09:01+0200,fe0b5391-87e1-42cc-91a2-4b5686b81b2f,2026-06-25T08:15:00Z,2026-06-25T10:15:00+0200,64770.47247,MW,DE,DE_LU,actual_load,Actual Load,2026-07-14T14:11:01Z
2026-07-14T14:09:01Z,2026-07-14T16:09:01+0200,fe0b5391-87e1-42cc-91a2-4b5686b81b2f,2026-06-25T08:30:00Z,2026-06-25T10:30:00+0200,64701.11849,MW,DE,DE_LU,actual_load,Actual Load,2026-07-14T14:11:01Z
2026-07-14T14:09:01Z,2026-07-14T16:09:01+0200,fe0b5391-87e1-42cc-91a2-4b5686b81b2f,2026-06-25T08:45:00Z,2026-06-25T10:45:00+0200,64847.53906,MW,DE,DE_LU,actual_load,Actual Load,2026-07-14T14:11:01Z
2026-07-14T14:09:01Z,2026-07-14T16:09:01+0200,fe0b5391-87e1-42cc-91a2-4b5686b81b2f,2026-06-25T09:00:00Z,2026-06-25T11:00:00+0200,64466.79267,MW,DE,DE_LU,actual_load,Actual Load,2026-07-14T14:11:01Z
2026-07-14T14:09:01Z,2026-07-14T16:09:01+0200,fe0b5391-87e1-42cc-91a2-4b5686b81b2f,2026-06-25T09:15:00Z,2026-06-25T11:15:00+0200,64547.36223,MW,DE,DE_LU,actual_load,Actual Load,2026-07-14T14:11:01Z
2026-07-14T14:09:01Z,2026-07-14T16:09:01+0200,fe0b5391-87e1-42cc-91a2-4b5686b81b2f,2026-06-25T09:30:00Z,2026-06-25T11:30:00+0200,64311.90348,MW,DE,DE_LU,actual_load,Actual Load,2026-07-14T14:11:01Z
2026-07-14T14:09:01Z,2026-07-14T16:09:01+0200,fe0b5391-87e1-42cc-91a2-4b5686b81b2f,2026-06-25T09:45:00Z,2026-06-25T11:45:00+0200,64032.16405,MW,DE,DE_LU,actual_load,Actual Load,2026-07-14T14:11:01Z
2026-07-14T14:09:01Z,2026-07-14T16:09:01+0200,fe0b5391-87e1-42cc-91a2-4b5686b81b2f,2026-06-25T10:00:00Z,2026-06-25T12:00:00+0200,63275.61094,MW,DE,DE_LU,actual_load,Actual Load,2026-07-14T14:11:01Z
2026-07-14T14:09:01Z,2026-07-14T16:09:01+0200,fe0b5391-87e1-42cc-91a2-4b5686b81b2f,2026-06-25T10:15:00Z,2026-06-25T12:15:00+0200,63251.7074,MW,DE,DE_LU,actual_load,Actual Load,2026-07-14T14:11:01Z
2026-07-14T14:09:01Z,2026-07-14T16:09:01+0200,fe0b5391-87e1-42cc-91a2-4b5686b81b2f,2026-06-25T10:30:00Z,2026-06-25T12:30:00+0200,63493.42967,MW,DE,DE_LU,actual_load,Actual Load,2026-07-14T14:11:01Z
2026-07-14T14:09:01Z,2026-07-14T16:09:01+0200,fe0b5391-87e1-42cc-91a2-4b5686b81b2f,2026-06-25T10:45:00Z,2026-06-25T12:45:00+0200,63204.71062,MW,DE,DE_LU,actual_load,Actual Load,2026-07-14T14:11:01Z
2026-07-14T14:09:01Z,2026-07-14T16:09:01+0200,fe0b5391-87e1-42cc-91a2-4b5686b81b2f,2026-06-25T11:00:00Z,2026-06-25T13:00:00+0200,63278.93908,MW,DE,DE_LU,actual_load,Actual Load,2026-07-14T14:11:01Z
2026-07-14T14:09:01Z,2026-07-14T16:09:01+0200,fe0b5391-87e1-42cc-91a2-4b5686b81b2f,2026-06-25T11:15:00Z,2026-06-25T13:15:00+0200,63085.81674,MW,DE,DE_LU,actual_load,Actual Load,2026-07-14T14:11:01Z
2026-07-14T14:09:01Z,2026-07-14T16:09:01+0200,fe0b5391-87e1-42cc-91a2-4b5686b81b2f,2026-06-25T11:30:00Z,2026-06-25T13:30:00+0200,62588.49005,MW,DE,DE_LU,actual_load,Actual Load,2026-07-14T14:11:01Z
2026-07-14T14:09:01Z,2026-07-14T16:09:01+0200,fe0b5391-87e1-42cc-91a2-4b5686b81b2f,2026-06-25T11:45:00Z,2026-06-25T13:45:00+0200,61956.57213,MW,DE,DE_LU,actual_load,Actual Load,2026-07-14T14:11:01Z
2026-07-14T14:09:01Z,2026-07-14T16:09:01+0200,fe0b5391-87e1-42cc-91a2-4b5686b81b2f,2026-06-25T12:00:00Z,2026-06-25T14:00:00+0200,61525.90196,MW,DE,DE_LU,actual_load,Actual Load,2026-07-14T14:11:01Z
2026-07-14T14:09:01Z,2026-07-14T16:09:01+0200,fe0b5391-87e1-42cc-91a2-4b5686b81b2f,2026-06-25T12:15:00Z,2026-06-25T14:15:00+0200,61257.13565,MW,DE,DE_LU,actual_load,Actual Load,2026-07-14T14:11:01Z
2026-07-14T14:09:01Z,2026-07-14T16:09:01+0200,fe0b5391-87e1-42cc-91a2-4b5686b81b2f,2026-06-25T12:30:00Z,2026-06-25T14:30:00+0200,60571.54163,MW,DE,DE_LU,actual_load,Actual Load,2026-07-14T14:11:01Z
2026-07-14T14:09:01Z,2026-07-14T16:09:01+0200,fe0b5391-87e1-42cc-91a2-4b5686b81b2f,2026-06-25T12:45:00Z,2026-06-25T14:45:00+0200,60247.63274,MW,DE,DE_LU,actual_load,Actual Load,2026-07-14T14:11:01Z
2026-07-14T14:09:01Z,2026-07-14T16:09:01+0200,fe0b5391-87e1-42cc-91a2-4b5686b81b2f,2026-06-25T13:00:00Z,2026-06-25T15:00:00+0200,60214.05991,MW,DE,DE_LU,actual_load,Actual Load,2026-07-14T14:11:01Z
2026-07-14T14:09:01Z,2026-07-14T16:09:01+0200,fe0b5391-87e1-42cc-91a2-4b5686b81b2f,2026-06-25T13:15:00Z,2026-06-25T15:15:00+0200,59670.39362,MW,DE,DE_LU,actual_load,Actual Load,2026-07-14T14:11:01Z
2026-07-14T14:09:01Z,2026-07-14T16:09:01+0200,fe0b5391-87e1-42cc-91a2-4b5686b81b2f,2026-06-25T13:30:00Z,2026-06-25T15:30:00+0200,59137.51859,MW,DE,DE_LU,actual_load,Actual Load,2026-07-14T14:11:01Z
2026-07-14T14:09:01Z,2026-07-14T16:09:01+0200,fe0b5391-87e1-42cc-91a2-4b5686b81b2f,2026-06-25T13:45:00Z,2026-06-25T15:45:00+0200,59142.23607,MW,DE,DE_LU,actual_load,Actual Load,2026-07-14T14:11:01Z
2026-07-14T14:09:01Z,2026-07-14T16:09:01+0200,fe0b5391-87e1-42cc-91a2-4b5686b81b2f,2026-06-25T14:00:00Z,2026-06-25T16:00:00+0200,60228.67452,MW,DE,DE_LU,actual_load,Actual Load,2026-07-14T14:11:01Z
2026-07-14T14:09:01Z,2026-07-14T16:09:01+0200,fe0b5391-87e1-42cc-91a2-4b5686b81b2f,2026-06-25T14:15:00Z,2026-06-25T16:15:00+0200,59629.04084,MW,DE,DE_LU,actual_load,Actual Load,2026-07-14T14:11:01Z
2026-07-14T14:09:01Z,2026-07-14T16:09:01+0200,fe0b5391-87e1-42cc-91a2-4b5686b81b2f,2026-06-25T14:30:00Z,2026-06-25T16:30:00+0200,59778.55196,MW,DE,DE_LU,actual_load,Actual Load,2026-07-14T14:11:01Z
2026-07-14T14:09:01Z,2026-07-14T16:09:01+0200,fe0b5391-87e1-42cc-91a2-4b5686b81b2f,2026-06-25T14:45:00Z,2026-06-25T16:45:00+0200,59519.61488,MW,DE,DE_LU,actual_load,Actual Load,2026-07-14T14:11:01Z
2026-07-14T14:09:01Z,2026-07-14T16:09:01+0200,fe0b5391-87e1-42cc-91a2-4b5686b81b2f,2026-06-25T15:00:00Z,2026-06-25T17:00:00+0200,60981.49254,MW,DE,DE_LU,actual_load,Actual Load,2026-07-14T14:11:01Z
2026-07-14T14:09:01Z,2026-07-14T16:09:01+0200,fe0b5391-87e1-42cc-91a2-4b5686b81b2f,2026-06-25T15:15:00Z,2026-06-25T17:15:00+0200,60496.18366,MW,DE,DE_LU,actual_load,Actual Load,2026-07-14T14:11:01Z
2026-07-14T14:09:01Z,2026-07-14T16:09:01+0200,fe0b5391-87e1-42cc-91a2-4b5686b81b2f,2026-06-25T15:30:00Z,2026-06-25T17:30:00+0200,60587.80722,MW,DE,DE_LU,actual_load,Actual Load,2026-07-14T14:11:01Z
2026-07-14T14:09:01Z,2026-07-14T16:09:01+0200,fe0b5391-87e1-42cc-91a2-4b5686b81b2f,2026-06-25T15:45:00Z,2026-06-25T17:45:00+0200,60770.41332,MW,DE,DE_LU,actual_load,Actual Load,2026-07-14T14:11:01Z
2026-07-14T14:09:01Z,2026-07-14T16:09:01+0200,fe0b5391-87e1-42cc-91a2-4b5686b81b2f,2026-06-25T16:00:00Z,2026-06-25T18:00:00+0200,61744.5447,MW,DE,DE_LU,actual_load,Actual Load,2026-07-14T14:11:01Z
2026-07-14T14:09:01Z,2026-07-14T16:09:01+0200,fe0b5391-87e1-42cc-91a2-4b5686b81b2f,2026-06-25T16:15:00Z,2026-06-25T18:15:00+0200,62088.63486,MW,DE,DE_LU,actual_load,Actual Load,2026-07-14T14:11:01Z
2026-07-14T14:09:01Z,2026-07-14T16:09:01+0200,fe0b5391-87e1-42cc-91a2-4b5686b81b2f,2026-06-25T16:30:00Z,2026-06-25T18:30:00+0200,62496.76941,MW,DE,DE_LU,actual_load,Actual Load,2026-07-14T14:11:01Z
2026-07-14T14:09:01Z,2026-07-14T16:09:01+0200,fe0b5391-87e1-42cc-91a2-4b5686b81b2f,2026-06-25T16:45:00Z,2026-06-25T18:45:00+0200,62757.57613,MW,DE,DE_LU,actual_load,Actual Load,2026-07-14T14:11:01Z
2026-07-14T14:09:01Z,2026-07-14T16:09:01+0200,fe0b5391-87e1-42cc-91a2-4b5686b81b2f,2026-06-25T17:00:00Z,2026-06-25T19:00:00+0200,63345.25744,MW,DE,DE_LU,actual_load,Actual Load,2026-07-14T14:11:01Z
2026-07-14T14:09:01Z,2026-07-14T16:09:01+0200,fe0b5391-87e1-42cc-91a2-4b5686b81b2f,2026-06-25T17:15:00Z,2026-06-25T19:15:00+0200,63320.59328,MW,DE,DE_LU,actual_load,Actual Load,2026-07-14T14:11:01Z
2026-07-14T14:09:01Z,2026-07-14T16:09:01+0200,fe0b5391-87e1-42cc-91a2-4b5686b81b2f,2026-06-25T17:30:00Z,2026-06-25T19:30:00+0200,62729.50594,MW,DE,DE_LU,actual_load,Actual Load,2026-07-14T14:11:01Z
2026-07-14T14:09:01Z,2026-07-14T16:09:01+0200,fe0b5391-87e1-42cc-91a2-4b5686b81b2f,2026-06-25T17:45:00Z,2026-06-25T19:45:00+0200,61911.93034,MW,DE,DE_LU,actual_load,Actual Load,2026-07-14T14:11:01Z
2026-07-14T14:09:01Z,2026-07-14T16:09:01+0200,fe0b5391-87e1-42cc-91a2-4b5686b81b2f,2026-06-25T18:00:00Z,2026-06-25T20:00:00+0200,61732.04963,MW,DE,DE_LU,actual_load,Actual Load,2026-07-14T14:11:01Z
2026-07-14T14:09:01Z,2026-07-14T16:09:01+0200,fe0b5391-87e1-42cc-91a2-4b5686b81b2f,2026-06-25T18:15:00Z,2026-06-25T20:15:00+0200,61207.42583,MW,DE,DE_LU,actual_load,Actual Load,2026-07-14T14:11:01Z
2026-07-14T14:09:01Z,2026-07-14T16:09:01+0200,fe0b5391-87e1-42cc-91a2-4b5686b81b2f,2026-06-25T18:30:00Z,2026-06-25T20:30:00+0200,60482.74283,MW,DE,DE_LU,actual_load,Actual Load,2026-07-14T14:11:01Z
2026-07-14T14:09:01Z,2026-07-14T16:09:01+0200,fe0b5391-87e1-42cc-91a2-4b5686b81b2f,2026-06-25T18:45:00Z,2026-06-25T20:45:00+0200,60032.83691,MW,DE,DE_LU,actual_load,Actual Load,2026-07-14T14:11:01Z
2026-07-14T14:09:01Z,2026-07-14T16:09:01+0200,fe0b5391-87e1-42cc-91a2-4b5686b81b2f,2026-06-25T19:00:00Z,2026-06-25T21:00:00+0200,59172.05347,MW,DE,DE_LU,actual_load,Actual Load,2026-07-14T14:11:01Z
2026-07-14T14:09:01Z,2026-07-14T16:09:01+0200,fe0b5391-87e1-42cc-91a2-4b5686b81b2f,2026-06-25T19:15:00Z,2026-06-25T21:15:00+0200,58817.73341,MW,DE,DE_LU,actual_load,Actual Load,2026-07-14T14:11:01Z
2026-07-14T14:09:01Z,2026-07-14T16:09:01+0200,fe0b5391-87e1-42cc-91a2-4b5686b81b2f,2026-06-25T19:30:00Z,2026-06-25T21:30:00+0200,58484.72305,MW,DE,DE_LU,actual_load,Actual Load,2026-07-14T14:11:01Z
2026-07-14T14:09:01Z,2026-07-14T16:09:01+0200,fe0b5391-87e1-42cc-91a2-4b5686b81b2f,2026-06-25T19:45:00Z,2026-06-25T21:45:00+0200,58399.35308,MW,DE,DE_LU,actual_load,Actual Load,2026-07-14T14:11:01Z
2026-07-14T14:09:01Z,2026-07-14T16:09:01+0200,fe0b5391-87e1-42cc-91a2-4b5686b81b2f,2026-06-25T20:00:00Z,2026-06-25T22:00:00+0200,57179.45038,MW,DE,DE_LU,actual_load,Actual Load,2026-07-14T14:11:01Z
2026-07-14T14:09:01Z,2026-07-14T16:09:01+0200,fe0b5391-87e1-42cc-91a2-4b5686b81b2f,2026-06-25T20:15:00Z,2026-06-25T22:15:00+0200,56784.2551,MW,DE,DE_LU,actual_load,Actual Load,2026-07-14T14:11:01Z
2026-07-14T14:09:01Z,2026-07-14T16:09:01+0200,fe0b5391-87e1-42cc-91a2-4b5686b81b2f,2026-06-25T20:30:00Z,2026-06-25T22:30:00+0200,56343.59042,MW,DE,DE_LU,actual_load,Actual Load,2026-07-14T14:11:01Z
2026-07-14T14:09:01Z,2026-07-14T16:09:01+0200,fe0b5391-87e1-42cc-91a2-4b5686b81b2f,2026-06-25T20:45:00Z,2026-06-25T22:45:00+0200,55824.7938,MW,DE,DE_LU,actual_load,Actual Load,2026-07-14T14:11:01Z
2026-07-14T14:09:01Z,2026-07-14T16:09:01+0200,fe0b5391-87e1-42cc-91a2-4b5686b81b2f,2026-06-25T21:00:00Z,2026-06-25T23:00:00+0200,54616.62489,MW,DE,DE_LU,actual_load,Actual Load,2026-07-14T14:11:01Z
2026-07-14T14:09:01Z,2026-07-14T16:09:01+0200,fe0b5391-87e1-42cc-91a2-4b5686b81b2f,2026-06-25T21:15:00Z,2026-06-25T23:15:00+0200,53844.64842,MW,DE,DE_LU,actual_load,Actual Load,2026-07-14T14:11:01Z
2026-07-14T14:09:01Z,2026-07-14T16:09:01+0200,fe0b5391-87e1-42cc-91a2-4b5686b81b2f,2026-06-25T21:30:00Z,2026-06-25T23:30:00+0200,53205.02084,MW,DE,DE_LU,actual_load,Actual Load,2026-07-14T14:11:01Z
2026-07-14T14:09:01Z,2026-07-14T16:09:01+0200,fe0b5391-87e1-42cc-91a2-4b5686b81b2f,2026-06-25T21:45:00Z,2026-06-25T23:45:00+0200,52624.74667,MW,DE,DE_LU,actual_load,Actual Load,2026-07-14T14:11:01Z
2026-07-14T14:09:01Z,2026-07-14T16:09:01+0200,fe0b5391-87e1-42cc-91a2-4b5686b81b2f,2026-06-25T22:00:00Z,2026-06-26T00:00:00+0200,52472.7344,MW,DE,DE_LU,actual_load,Actual Load,2026-07-14T14:11:01Z
2026-07-14T14:09:01Z,2026-07-14T16:09:01+0200,fe0b5391-87e1-42cc-91a2-4b5686b81b2f,2026-06-25T22:15:00Z,2026-06-26T00:15:00+0200,51614.14632,MW,DE,DE_LU,actual_load,Actual Load,2026-07-14T14:11:01Z
2026-07-14T14:09:01Z,2026-07-14T16:09:01+0200,fe0b5391-87e1-42cc-91a2-4b5686b81b2f,2026-06-25T22:30:00Z,2026-06-26T00:30:00+0200,51152.17211,MW,DE,DE_LU,actual_load,Actual Load,2026-07-14T14:11:01Z
2026-07-14T14:09:01Z,2026-07-14T16:09:01+0200,fe0b5391-87e1-42cc-91a2-4b5686b81b2f,2026-06-25T22:45:00Z,2026-06-26T00:45:00+0200,51016.89311,MW,DE,DE_LU,actual_load,Actual Load,2026-07-14T14:11:01Z
2026-07-14T14:09:01Z,2026-07-14T16:09:01+0200,fe0b5391-87e1-42cc-91a2-4b5686b81b2f,2026-06-25T23:00:00Z,2026-06-26T01:00:00+0200,50421.21897,MW,DE,DE_LU,actual_load,Actual Load,2026-07-14T14:11:01Z
2026-07-14T14:09:01Z,2026-07-14T16:09:01+0200,fe0b5391-87e1-42cc-91a2-4b5686b81b2f,2026-06-25T23:15:00Z,2026-06-26T01:15:00+0200,49858.54243,MW,DE,DE_LU,actual_load,Actual Load,2026-07-14T14:11:01Z
2026-07-14T14:09:01Z,2026-07-14T16:09:01+0200,fe0b5391-87e1-42cc-91a2-4b5686b81b2f,2026-06-25T23:30:00Z,2026-06-26T01:30:00+0200,49379.26723,MW,DE,DE_LU,actual_load,Actual Load,2026-07-14T14:11:01Z
2026-07-14T14:09:01Z,2026-07-14T16:09:01+0200,fe0b5391-87e1-42cc-91a2-4b5686b81b2f,2026-06-25T23:45:00Z,2026-06-26T01:45:00+0200,48959.46923,MW,DE,DE_LU,actual_load,Actual Load,2026-07-14T14:11:01Z
2026-07-14T14:09:01Z,2026-07-14T16:09:01+0200,fe0b5391-87e1-42cc-91a2-4b5686b81b2f,2026-06-26T00:00:00Z,2026-06-26T02:00:00+0200,48596.63851,MW,DE,DE_LU,actual_load,Actual Load,2026-07-14T14:11:01Z
2026-07-14T14:09:01Z,2026-07-14T16:09:01+0200,fe0b5391-87e1-42cc-91a2-4b5686b81b2f,2026-06-26T00:15:00Z,2026-06-26T02:15:00+0200,48247.83797,MW,DE,DE_LU,actual_load,Actual Load,2026-07-14T14:11:01Z
2026-07-14T14:09:01Z,2026-07-14T16:09:01+0200,fe0b5391-87e1-42cc-91a2-4b5686b81b2f,2026-06-26T00:30:00Z,2026-06-26T02:30:00+0200,48144.2724,MW,DE,DE_LU,actual_load,Actual Load,2026-07-14T14:11:01Z
2026-07-14T14:09:01Z,2026-07-14T16:09:01+0200,fe0b5391-87e1-42cc-91a2-4b5686b81b2f,2026-06-26T00:45:00Z,2026-06-26T02:45:00+0200,48149.8533,MW,DE,DE_LU,actual_load,Actual Load,2026-07-14T14:11:01Z
2026-07-14T14:09:01Z,2026-07-14T16:09:01+0200,fe0b5391-87e1-42cc-91a2-4b5686b81b2f,2026-06-26T01:00:00Z,2026-06-26T03:00:00+0200,48515.54886,MW,DE,DE_LU,actual_load,Actual Load,2026-07-14T14:11:01Z
2026-07-14T14:09:01Z,2026-07-14T16:09:01+0200,fe0b5391-87e1-42cc-91a2-4b5686b81b2f,2026-06-26T01:15:00Z,2026-06-26T03:15:00+0200,48813.07976,MW,DE,DE_LU,actual_load,Actual Load,2026-07-14T14:11:01Z
2026-07-14T14:09:01Z,2026-07-14T16:09:01+0200,fe0b5391-87e1-42cc-91a2-4b5686b81b2f,2026-06-26T01:30:00Z,2026-06-26T03:30:00+0200,49017.83663,MW,DE,DE_LU,actual_load,Actual Load,2026-07-14T14:11:01Z
2026-07-14T14:09:01Z,2026-07-14T16:09:01+0200,fe0b5391-87e1-42cc-91a2-4b5686b81b2f,2026-06-26T01:45:00Z,2026-06-26T03:45:00+0200,49040.86935,MW,DE,DE_LU,actual_load,Actual Load,2026-07-14T14:11:01Z
2026-07-14T14:09:01Z,2026-07-14T16:09:01+0200,fe0b5391-87e1-42cc-91a2-4b5686b81b2f,2026-06-26T02:00:00Z,2026-06-26T04:00:00+0200,48969.24618,MW,DE,DE_LU,actual_load,Actual Load,2026-07-14T14:11:01Z
2026-07-14T14:09:01Z,2026-07-14T16:09:01+0200,fe0b5391-87e1-42cc-91a2-4b5686b81b2f,2026-06-26T02:15:00Z,2026-06-26T04:15:00+0200,49380.80092,MW,DE,DE_LU,actual_load,Actual Load,2026-07-14T14:11:01Z
2026-07-14T14:09:01Z,2026-07-14T16:09:01+0200,fe0b5391-87e1-42cc-91a2-4b5686b81b2f,2026-06-26T02:30:00Z,2026-06-26T04:30:00+0200,49734.48362,MW,DE,DE_LU,actual_load,Actual Load,2026-07-14T14:11:01Z
2026-07-14T14:09:01Z,2026-07-14T16:09:01+0200,fe0b5391-87e1-42cc-91a2-4b5686b81b2f,2026-06-26T02:45:00Z,2026-06-26T04:45:00+0200,49600.15738,MW,DE,DE_LU,actual_load,Actual Load,2026-07-14T14:11:01Z
2026-07-14T14:09:01Z,2026-07-14T16:09:01+0200,fe0b5391-87e1-42cc-91a2-4b5686b81b2f,2026-06-26T03:00:00Z,2026-06-26T05:00:00+0200,50087.39234,MW,DE,DE_LU,actual_load,Actual Load,2026-07-14T14:11:01Z
2026-07-14T14:09:01Z,2026-07-14T16:09:01+0200,fe0b5391-87e1-42cc-91a2-4b5686b81b2f,2026-06-26T03:15:00Z,2026-06-26T05:15:00+0200,50521.38959,MW,DE,DE_LU,actual_load,Actual Load,2026-07-14T14:11:01Z
2026-07-14T14:09:01Z,2026-07-14T16:09:01+0200,fe0b5391-87e1-42cc-91a2-4b5686b81b2f,2026-06-26T03:30:00Z,2026-06-26T05:30:00+0200,51618.95903,MW,DE,DE_LU,actual_load,Actual Load,2026-07-14T14:11:01Z
2026-07-14T14:09:01Z,2026-07-14T16:09:01+0200,fe0b5391-87e1-42cc-91a2-4b5686b81b2f,2026-06-26T03:45:00Z,2026-06-26T05:45:00+0200,53085.03765,MW,DE,DE_LU,actual_load,Actual Load,2026-07-14T14:11:01Z
2026-07-14T14:09:01Z,2026-07-14T16:09:01+0200,fe0b5391-87e1-42cc-91a2-4b5686b81b2f,2026-06-26T04:00:00Z,2026-06-26T06:00:00+0200,54438.31091,MW,DE,DE_LU,actual_load,Actual Load,2026-07-14T14:11:01Z
2026-07-14T14:09:01Z,2026-07-14T16:09:01+0200,fe0b5391-87e1-42cc-91a2-4b5686b81b2f,2026-06-26T04:15:00Z,2026-06-26T06:15:00+0200,56196.61912,MW,DE,DE_LU,actual_load,Actual Load,2026-07-14T14:11:01Z
2026-07-14T14:09:01Z,2026-07-14T16:09:01+0200,fe0b5391-87e1-42cc-91a2-4b5686b81b2f,2026-06-26T04:30:00Z,2026-06-26T06:30:00+0200,57870.03514,MW,DE,DE_LU,actual_load,Actual Load,2026-07-14T14:11:01Z
2026-07-14T14:09:01Z,2026-07-14T16:09:01+0200,fe0b5391-87e1-42cc-91a2-4b5686b81b2f,2026-06-26T04:45:00Z,2026-06-26T06:45:00+0200,59441.06009,MW,DE,DE_LU,actual_load,Actual Load,2026-07-14T14:11:01Z
2026-07-14T14:09:01Z,2026-07-14T16:09:01+0200,fe0b5391-87e1-42cc-91a2-4b5686b81b2f,2026-06-26T05:00:00Z,2026-06-26T07:00:00+0200,60017.15734,MW,DE,DE_LU,actual_load,Actual Load,2026-07-14T14:11:01Z
2026-07-14T14:09:01Z,2026-07-14T16:09:01+0200,fe0b5391-87e1-42cc-91a2-4b5686b81b2f,2026-06-26T05:15:00Z,2026-06-26T07:15:00+0200,61667.58157,MW,DE,DE_LU,actual_load,Actual Load,2026-07-14T14:11:01Z
2026-07-14T14:09:01Z,2026-07-14T16:09:01+0200,fe0b5391-87e1-42cc-91a2-4b5686b81b2f,2026-06-26T05:30:00Z,2026-06-26T07:30:00+0200,62999.84962,MW,DE,DE_LU,actual_load,Actual Load,2026-07-14T14:11:01Z
2026-07-14T14:09:01Z,2026-07-14T16:09:01+0200,fe0b5391-87e1-42cc-91a2-4b5686b81b2f,2026-06-26T05:45:00Z,2026-06-26T07:45:00+0200,63748.66009,MW,DE,DE_LU,actual_load,Actual Load,2026-07-14T14:11:01Z
2026-07-14T14:09:01Z,2026-07-14T16:09:01+0200,fe0b5391-87e1-42cc-91a2-4b5686b81b2f,2026-06-26T06:00:00Z,2026-06-26T08:00:00+0200,63535.13705,MW,DE,DE_LU,actual_load,Actual Load,2026-07-14T14:11:01Z
2026-07-14T14:09:01Z,2026-07-14T16:09:01+0200,fe0b5391-87e1-42cc-91a2-4b5686b81b2f,2026-06-26T06:15:00Z,2026-06-26T08:15:00+0200,64536.16716,MW,DE,DE_LU,actual_load,Actual Load,2026-07-14T14:11:01Z
2026-07-14T14:09:01Z,2026-07-14T16:09:01+0200,fe0b5391-87e1-42cc-91a2-4b5686b81b2f,2026-06-26T06:30:00Z,2026-06-26T08:30:00+0200,65536.99368,MW,DE,DE_LU,actual_load,Actual Load,2026-07-14T14:11:01Z
2026-07-14T14:09:01Z,2026-07-14T16:09:01+0200,fe0b5391-87e1-42cc-91a2-4b5686b81b2f,2026-06-26T06:45:00Z,2026-06-26T08:45:00+0200,65833.5113,MW,DE,DE_LU,actual_load,Actual Load,2026-07-14T14:11:01Z
2026-07-14T14:09:01Z,2026-07-14T16:09:01+0200,fe0b5391-87e1-42cc-91a2-4b5686b81b2f,2026-06-26T07:00:00Z,2026-06-26T09:00:00+0200,65860.78012,MW,DE,DE_LU,actual_load,Actual Load,2026-07-14T14:11:01Z
2026-07-14T14:09:01Z,2026-07-14T16:09:01+0200,fe0b5391-87e1-42cc-91a2-4b5686b81b2f,2026-06-26T07:15:00Z,2026-06-26T09:15:00+0200,65991.89836,MW,DE,DE_LU,actual_load,Actual Load,2026-07-14T14:11:01Z
2026-07-14T14:09:01Z,2026-07-14T16:09:01+0200,fe0b5391-87e1-42cc-91a2-4b5686b81b2f,2026-06-26T07:30:00Z,2026-06-26T09:30:00+0200,65404.92408,MW,DE,DE_LU,actual_load,Actual Load,2026-07-14T14:11:01Z
2026-07-14T14:09:01Z,2026-07-14T16:09:01+0200,fe0b5391-87e1-42cc-91a2-4b5686b81b2f,2026-06-26T07:45:00Z,2026-06-26T09:45:00+0200,64856.27938,MW,DE,DE_LU,actual_load,Actual Load,2026-07-14T14:11:01Z
2026-07-14T14:09:01Z,2026-07-14T16:09:01+0200,fe0b5391-87e1-42cc-91a2-4b5686b81b2f,2026-06-26T08:00:00Z,2026-06-26T10:00:00+0200,64409.22978,MW,DE,DE_LU,actual_load,Actual Load,2026-07-14T14:11:01Z
2026-07-14T14:09:01Z,2026-07-14T16:09:01+0200,fe0b5391-87e1-42cc-91a2-4b5686b81b2f,2026-06-26T08:15:00Z,2026-06-26T10:15:00+0200,64005.86168,MW,DE,DE_LU,actual_load,Actual Load,2026-07-14T14:11:01Z
2026-07-14T14:09:01Z,2026-07-14T16:09:01+0200,fe0b5391-87e1-42cc-91a2-4b5686b81b2f,2026-06-26T08:30:00Z,2026-06-26T10:30:00+0200,64135.93343,MW,DE,DE_LU,actual_load,Actual Load,2026-07-14T14:11:01Z
2026-07-14T14:09:01Z,2026-07-14T16:09:01+0200,fe0b5391-87e1-42cc-91a2-4b5686b81b2f,2026-06-26T08:45:00Z,2026-06-26T10:45:00+0200,63748.77591,MW,DE,DE_LU,actual_load,Actual Load,2026-07-14T14:11:01Z
2026-07-14T14:09:01Z,2026-07-14T16:09:01+0200,fe0b5391-87e1-42cc-91a2-4b5686b81b2f,2026-06-26T09:00:00Z,2026-06-26T11:00:00+0200,62868.71915,MW,DE,DE_LU,actual_load,Actual Load,2026-07-14T14:11:01Z
2026-07-14T14:09:01Z,2026-07-14T16:09:01+0200,fe0b5391-87e1-42cc-91a2-4b5686b81b2f,2026-06-26T09:15:00Z,2026-06-26T11:15:00+0200,62626.6578,MW,DE,DE_LU,actual_load,Actual Load,2026-07-14T14:11:01Z
2026-07-14T14:09:01Z,2026-07-14T16:09:01+0200,fe0b5391-87e1-42cc-91a2-4b5686b81b2f,2026-06-26T09:30:00Z,2026-06-26T11:30:00+0200,62508.07645,MW,DE,DE_LU,actual_load,Actual Load,2026-07-14T14:11:01Z
2026-07-14T14:09:01Z,2026-07-14T16:09:01+0200,fe0b5391-87e1-42cc-91a2-4b5686b81b2f,2026-06-26T09:45:00Z,2026-06-26T11:45:00+0200,62085.98399,MW,DE,DE_LU,actual_load,Actual Load,2026-07-14T14:11:01Z
2026-07-14T14:09:01Z,2026-07-14T16:09:01+0200,fe0b5391-87e1-42cc-91a2-4b5686b81b2f,2026-06-26T10:00:00Z,2026-06-26T12:00:00+0200,61803.70703,MW,DE,DE_LU,actual_load,Actual Load,2026-07-14T14:11:01Z
2026-07-14T14:09:01Z,2026-07-14T16:09:01+0200,fe0b5391-87e1-42cc-91a2-4b5686b81b2f,2026-06-26T10:15:00Z,2026-06-26T12:15:00+0200,61869.55653,MW,DE,DE_LU,actual_load,Actual Load,2026-07-14T14:11:01Z
2026-07-14T14:09:01Z,2026-07-14T16:09:01+0200,fe0b5391-87e1-42cc-91a2-4b5686b81b2f,2026-06-26T10:30:00Z,2026-06-26T12:30:00+0200,62067.59904,MW,DE,DE_LU,actual_load,Actual Load,2026-07-14T14:11:01Z
2026-07-14T14:09:01Z,2026-07-14T16:09:01+0200,fe0b5391-87e1-42cc-91a2-4b5686b81b2f,2026-06-26T10:45:00Z,2026-06-26T12:45:00+0200,62080.85646,MW,DE,DE_LU,actual_load,Actual Load,2026-07-14T14:11:01Z
2026-07-14T14:09:01Z,2026-07-14T16:09:01+0200,fe0b5391-87e1-42cc-91a2-4b5686b81b2f,2026-06-26T11:00:00Z,2026-06-26T13:00:00+0200,61539.91628,MW,DE,DE_LU,actual_load,Actual Load,2026-07-14T14:11:01Z
2026-07-14T14:09:01Z,2026-07-14T16:09:01+0200,fe0b5391-87e1-42cc-91a2-4b5686b81b2f,2026-06-26T11:15:00Z,2026-06-26T13:15:00+0200,60635.96747,MW,DE,DE_LU,actual_load,Actual Load,2026-07-14T14:11:01Z
2026-07-14T14:09:01Z,2026-07-14T16:09:01+0200,fe0b5391-87e1-42cc-91a2-4b5686b81b2f,2026-06-26T11:30:00Z,2026-06-26T13:30:00+0200,59778.45256,MW,DE,DE_LU,actual_load,Actual Load,2026-07-14T14:11:01Z
2026-07-14T14:09:01Z,2026-07-14T16:09:01+0200,fe0b5391-87e1-42cc-91a2-4b5686b81b2f,2026-06-26T11:45:00Z,2026-06-26T13:45:00+0200,58748.30121,MW,DE,DE_LU,actual_load,Actual Load,2026-07-14T14:11:01Z
2026-07-14T14:09:01Z,2026-07-14T16:09:01+0200,fe0b5391-87e1-42cc-91a2-4b5686b81b2f,2026-06-26T12:00:00Z,2026-06-26T14:00:00+0200,58267.7027,MW,DE,DE_LU,actual_load,Actual Load,2026-07-14T14:11:01Z
2026-07-14T14:09:01Z,2026-07-14T16:09:01+0200,fe0b5391-87e1-42cc-91a2-4b5686b81b2f,2026-06-26T12:15:00Z,2026-06-26T14:15:00+0200,58118.38948,MW,DE,DE_LU,actual_load,Actual Load,2026-07-14T14:11:01Z
2026-07-14T14:09:01Z,2026-07-14T16:09:01+0200,fe0b5391-87e1-42cc-91a2-4b5686b81b2f,2026-06-26T12:30:00Z,2026-06-26T14:30:00+0200,57638.53987,MW,DE,DE_LU,actual_load,Actual Load,2026-07-14T14:11:01Z
2026-07-14T14:09:01Z,2026-07-14T16:09:01+0200,fe0b5391-87e1-42cc-91a2-4b5686b81b2f,2026-06-26T12:45:00Z,2026-06-26T14:45:00+0200,57150.36542,MW,DE,DE_LU,actual_load,Actual Load,2026-07-14T14:11:01Z
2026-07-14T14:09:01Z,2026-07-14T16:09:01+0200,fe0b5391-87e1-42cc-91a2-4b5686b81b2f,2026-06-26T13:00:00Z,2026-06-26T15:00:00+0200,56747.95532,MW,DE,DE_LU,actual_load,Actual Load,2026-07-14T14:11:01Z
2026-07-14T14:09:01Z,2026-07-14T16:09:01+0200,fe0b5391-87e1-42cc-91a2-4b5686b81b2f,2026-06-26T13:15:00Z,2026-06-26T15:15:00+0200,56239.65638,MW,DE,DE_LU,actual_load,Actual Load,2026-07-14T14:11:01Z
2026-07-14T14:09:01Z,2026-07-14T16:09:01+0200,fe0b5391-87e1-42cc-91a2-4b5686b81b2f,2026-06-26T13:30:00Z,2026-06-26T15:30:00+0200,55815.44569,MW,DE,DE_LU,actual_load,Actual Load,2026-07-14T14:11:01Z
2026-07-14T14:09:01Z,2026-07-14T16:09:01+0200,fe0b5391-87e1-42cc-91a2-4b5686b81b2f,2026-06-26T13:45:00Z,2026-06-26T15:45:00+0200,55562.51436,MW,DE,DE_LU,actual_load,Actual Load,2026-07-14T14:11:01Z
2026-07-14T14:09:01Z,2026-07-14T16:09:01+0200,fe0b5391-87e1-42cc-91a2-4b5686b81b2f,2026-06-26T14:00:00Z,2026-06-26T16:00:00+0200,56617.40113,MW,DE,DE_LU,actual_load,Actual Load,2026-07-14T14:11:01Z
2026-07-14T14:09:01Z,2026-07-14T16:09:01+0200,fe0b5391-87e1-42cc-91a2-4b5686b81b2f,2026-06-26T14:15:00Z,2026-06-26T16:15:00+0200,56321.65841,MW,DE,DE_LU,actual_load,Actual Load,2026-07-14T14:11:01Z
2026-07-14T14:09:01Z,2026-07-14T16:09:01+0200,fe0b5391-87e1-42cc-91a2-4b5686b81b2f,2026-06-26T14:30:00Z,2026-06-26T16:30:00+0200,56804.02375,MW,DE,DE_LU,actual_load,Actual Load,2026-07-14T14:11:01Z
2026-07-14T14:09:01Z,2026-07-14T16:09:01+0200,fe0b5391-87e1-42cc-91a2-4b5686b81b2f,2026-06-26T14:45:00Z,2026-06-26T16:45:00+0200,56648.01675,MW,DE,DE_LU,actual_load,Actual Load,2026-07-14T14:11:01Z
2026-07-14T14:09:01Z,2026-07-14T16:09:01+0200,fe0b5391-87e1-42cc-91a2-4b5686b81b2f,2026-06-26T15:00:00Z,2026-06-26T17:00:00+0200,57952.95709,MW,DE,DE_LU,actual_load,Actual Load,2026-07-14T14:11:01Z
2026-07-14T14:09:01Z,2026-07-14T16:09:01+0200,fe0b5391-87e1-42cc-91a2-4b5686b81b2f,2026-06-26T15:15:00Z,2026-06-26T17:15:00+0200,58173.8328,MW,DE,DE_LU,actual_load,Actual Load,2026-07-14T14:11:01Z
2026-07-14T14:09:01Z,2026-07-14T16:09:01+0200,fe0b5391-87e1-42cc-91a2-4b5686b81b2f,2026-06-26T15:30:00Z,2026-06-26T17:30:00+0200,58597.5871,MW,DE,DE_LU,actual_load,Actual Load,2026-07-14T14:11:01Z
2026-07-14T14:09:01Z,2026-07-14T16:09:01+0200,fe0b5391-87e1-42cc-91a2-4b5686b81b2f,2026-06-26T15:45:00Z,2026-06-26T17:45:00+0200,59139.16867,MW,DE,DE_LU,actual_load,Actual Load,2026-07-14T14:11:01Z
2026-07-14T14:09:01Z,2026-07-14T16:09:01+0200,fe0b5391-87e1-42cc-91a2-4b5686b81b2f,2026-06-26T16:00:00Z,2026-06-26T18:00:00+0200,60201.38414,MW,DE,DE_LU,actual_load,Actual Load,2026-07-14T14:11:01Z
2026-07-14T14:09:01Z,2026-07-14T16:09:01+0200,fe0b5391-87e1-42cc-91a2-4b5686b81b2f,2026-06-26T16:15:00Z,2026-06-26T18:15:00+0200,60070.37043,MW,DE,DE_LU,actual_load,Actual Load,2026-07-14T14:11:01Z
2026-07-14T14:09:01Z,2026-07-14T16:09:01+0200,fe0b5391-87e1-42cc-91a2-4b5686b81b2f,2026-06-26T16:30:00Z,2026-06-26T18:30:00+0200,59990.40297,MW,DE,DE_LU,actual_load,Actual Load,2026-07-14T14:11:01Z
2026-07-14T14:09:01Z,2026-07-14T16:09:01+0200,fe0b5391-87e1-42cc-91a2-4b5686b81b2f,2026-06-26T16:45:00Z,2026-06-26T18:45:00+0200,60182.68458,MW,DE,DE_LU,actual_load,Actual Load,2026-07-14T14:11:01Z
2026-07-14T14:09:01Z,2026-07-14T16:09:01+0200,fe0b5391-87e1-42cc-91a2-4b5686b81b2f,2026-06-26T17:00:00Z,2026-06-26T19:00:00+0200,61318.51569,MW,DE,DE_LU,actual_load,Actual Load,2026-07-14T14:11:01Z
2026-07-14T14:09:01Z,2026-07-14T16:09:01+0200,fe0b5391-87e1-42cc-91a2-4b5686b81b2f,2026-06-26T17:15:00Z,2026-06-26T19:15:00+0200,60848.55381,MW,DE,DE_LU,actual_load,Actual Load,2026-07-14T14:11:01Z
2026-07-14T14:09:01Z,2026-07-14T16:09:01+0200,fe0b5391-87e1-42cc-91a2-4b5686b81b2f,2026-06-26T17:30:00Z,2026-06-26T19:30:00+0200,60190.35619,MW,DE,DE_LU,actual_load,Actual Load,2026-07-14T14:11:01Z
2026-07-14T14:09:01Z,2026-07-14T16:09:01+0200,fe0b5391-87e1-42cc-91a2-4b5686b81b2f,2026-06-26T17:45:00Z,2026-06-26T19:45:00+0200,59645.62667,MW,DE,DE_LU,actual_load,Actual Load,2026-07-14T14:11:01Z
2026-07-14T14:09:01Z,2026-07-14T16:09:01+0200,fe0b5391-87e1-42cc-91a2-4b5686b81b2f,2026-06-26T18:00:00Z,2026-06-26T20:00:00+0200,59868.87856,MW,DE,DE_LU,actual_load,Actual Load,2026-07-14T14:11:01Z
2026-07-14T14:09:01Z,2026-07-14T16:09:01+0200,fe0b5391-87e1-42cc-91a2-4b5686b81b2f,2026-06-26T18:15:00Z,2026-06-26T20:15:00+0200,59134.09193,MW,DE,DE_LU,actual_load,Actual Load,2026-07-14T14:11:01Z
2026-07-14T14:09:01Z,2026-07-14T16:09:01+0200,fe0b5391-87e1-42cc-91a2-4b5686b81b2f,2026-06-26T18:30:00Z,2026-06-26T20:30:00+0200,58732.18613,MW,DE,DE_LU,actual_load,Actual Load,2026-07-14T14:11:01Z
2026-07-14T14:09:01Z,2026-07-14T16:09:01+0200,fe0b5391-87e1-42cc-91a2-4b5686b81b2f,2026-06-26T18:45:00Z,2026-06-26T20:45:00+0200,58246.06602,MW,DE,DE_LU,actual_load,Actual Load,2026-07-14T14:11:01Z
2026-07-14T14:09:01Z,2026-07-14T16:09:01+0200,fe0b5391-87e1-42cc-91a2-4b5686b81b2f,2026-06-26T19:00:00Z,2026-06-26T21:00:00+0200,58285.49422,MW,DE,DE_LU,actual_load,Actual Load,2026-07-14T14:11:01Z
2026-07-14T14:09:01Z,2026-07-14T16:09:01+0200,fe0b5391-87e1-42cc-91a2-4b5686b81b2f,2026-06-26T19:15:00Z,2026-06-26T21:15:00+0200,58058.6137,MW,DE,DE_LU,actual_load,Actual Load,2026-07-14T14:11:01Z
2026-07-14T14:09:01Z,2026-07-14T16:09:01+0200,fe0b5391-87e1-42cc-91a2-4b5686b81b2f,2026-06-26T19:30:00Z,2026-06-26T21:30:00+0200,57940.26526,MW,DE,DE_LU,actual_load,Actual Load,2026-07-14T14:11:01Z
2026-07-14T14:09:01Z,2026-07-14T16:09:01+0200,fe0b5391-87e1-42cc-91a2-4b5686b81b2f,2026-06-26T19:45:00Z,2026-06-26T21:45:00+0200,57998.63667,MW,DE,DE_LU,actual_load,Actual Load,2026-07-14T14:11:01Z
2026-07-14T14:09:01Z,2026-07-14T16:09:01+0200,fe0b5391-87e1-42cc-91a2-4b5686b81b2f,2026-06-26T20:00:00Z,2026-06-26T22:00:00+0200,56799.28438,MW,DE,DE_LU,actual_load,Actual Load,2026-07-14T14:11:01Z
2026-07-14T14:09:01Z,2026-07-14T16:09:01+0200,fe0b5391-87e1-42cc-91a2-4b5686b81b2f,2026-06-26T20:15:00Z,2026-06-26T22:15:00+0200,56634.46712,MW,DE,DE_LU,actual_load,Actual Load,2026-07-14T14:11:01Z
2026-07-14T14:09:01Z,2026-07-14T16:09:01+0200,fe0b5391-87e1-42cc-91a2-4b5686b81b2f,2026-06-26T20:30:00Z,2026-06-26T22:30:00+0200,55750.28624,MW,DE,DE_LU,actual_load,Actual Load,2026-07-14T14:11:01Z
2026-07-14T14:09:01Z,2026-07-14T16:09:01+0200,fe0b5391-87e1-42cc-91a2-4b5686b81b2f,2026-06-26T20:45:00Z,2026-06-26T22:45:00+0200,55313.51212,MW,DE,DE_LU,actual_load,Actual Load,2026-07-14T14:11:01Z
2026-07-14T14:09:01Z,2026-07-14T16:09:01+0200,fe0b5391-87e1-42cc-91a2-4b5686b81b2f,2026-06-26T21:00:00Z,2026-06-26T23:00:00+0200,53540.67937,MW,DE,DE_LU,actual_load,Actual Load,2026-07-14T14:11:01Z
2026-07-14T14:09:01Z,2026-07-14T16:09:01+0200,fe0b5391-87e1-42cc-91a2-4b5686b81b2f,2026-06-26T21:15:00Z,2026-06-26T23:15:00+0200,53129.74752,MW,DE,DE_LU,actual_load,Actual Load,2026-07-14T14:11:01Z
2026-07-14T14:09:01Z,2026-07-14T16:09:01+0200,fe0b5391-87e1-42cc-91a2-4b5686b81b2f,2026-06-26T21:30:00Z,2026-06-26T23:30:00+0200,52975.13636,MW,DE,DE_LU,actual_load,Actual Load,2026-07-14T14:11:01Z
2026-07-14T14:09:01Z,2026-07-14T16:09:01+0200,fe0b5391-87e1-42cc-91a2-4b5686b81b2f,2026-06-26T21:45:00Z,2026-06-26T23:45:00+0200,52273.70863,MW,DE,DE_LU,actual_load,Actual Load,2026-07-14T14:11:01Z
2026-07-14T14:09:01Z,2026-07-14T16:09:01+0200,fe0b5391-87e1-42cc-91a2-4b5686b81b2f,2026-06-26T22:00:00Z,2026-06-27T00:00:00+0200,50346.04437,MW,DE,DE_LU,actual_load,Actual Load,2026-07-14T14:11:01Z
2026-07-14T14:09:01Z,2026-07-14T16:09:01+0200,fe0b5391-87e1-42cc-91a2-4b5686b81b2f,2026-06-26T22:15:00Z,2026-06-27T00:15:00+0200,49832.71388,MW,DE,DE_LU,actual_load,Actual Load,2026-07-14T14:11:01Z
2026-07-14T14:09:01Z,2026-07-14T16:09:01+0200,fe0b5391-87e1-42cc-91a2-4b5686b81b2f,2026-06-26T22:30:00Z,2026-06-27T00:30:00+0200,49232.34977,MW,DE,DE_LU,actual_load,Actual Load,2026-07-14T14:11:01Z
2026-07-14T14:09:01Z,2026-07-14T16:09:01+0200,fe0b5391-87e1-42cc-91a2-4b5686b81b2f,2026-06-26T22:45:00Z,2026-06-27T00:45:00+0200,48755.20939,MW,DE,DE_LU,actual_load,Actual Load,2026-07-14T14:11:01Z
2026-07-14T14:09:01Z,2026-07-14T16:09:01+0200,fe0b5391-87e1-42cc-91a2-4b5686b81b2f,2026-06-26T23:00:00Z,2026-06-27T01:00:00+0200,48367.57109,MW,DE,DE_LU,actual_load,Actual Load,2026-07-14T14:11:01Z
2026-07-14T14:09:01Z,2026-07-14T16:09:01+0200,fe0b5391-87e1-42cc-91a2-4b5686b81b2f,2026-06-26T23:15:00Z,2026-06-27T01:15:00+0200,48133.5777,MW,DE,DE_LU,actual_load,Actual Load,2026-07-14T14:11:01Z
2026-07-14T14:09:01Z,2026-07-14T16:09:01+0200,fe0b5391-87e1-42cc-91a2-4b5686b81b2f,2026-06-26T23:30:00Z,2026-06-27T01:30:00+0200,47684.08531,MW,DE,DE_LU,actual_load,Actual Load,2026-07-14T14:11:01Z
2026-07-14T14:09:01Z,2026-07-14T16:09:01+0200,fe0b5391-87e1-42cc-91a2-4b5686b81b2f,2026-06-26T23:45:00Z,2026-06-27T01:45:00+0200,47318.29273,MW,DE,DE_LU,actual_load,Actual Load,2026-07-14T14:11:01Z
2026-07-14T14:09:01Z,2026-07-14T16:09:01+0200,fe0b5391-87e1-42cc-91a2-4b5686b81b2f,2026-06-27T00:00:00Z,2026-06-27T02:00:00+0200,46583.74059,MW,DE,DE_LU,actual_load,Actual Load,2026-07-14T14:11:01Z
2026-07-14T14:09:01Z,2026-07-14T16:09:01+0200,fe0b5391-87e1-42cc-91a2-4b5686b81b2f,2026-06-27T00:15:00Z,2026-06-27T02:15:00+0200,46217.41509,MW,DE,DE_LU,actual_load,Actual Load,2026-07-14T14:11:01Z
2026-07-14T14:09:01Z,2026-07-14T16:09:01+0200,fe0b5391-87e1-42cc-91a2-4b5686b81b2f,2026-06-27T00:30:00Z,2026-06-27T02:30:00+0200,45979.78087,MW,DE,DE_LU,actual_load,Actual Load,2026-07-14T14:11:01Z
2026-07-14T14:09:01Z,2026-07-14T16:09:01+0200,fe0b5391-87e1-42cc-91a2-4b5686b81b2f,2026-06-27T00:45:00Z,2026-06-27T02:45:00+0200,45675.19898,MW,DE,DE_LU,actual_load,Actual Load,2026-07-14T14:11:01Z
2026-07-14T14:09:01Z,2026-07-14T16:09:01+0200,fe0b5391-87e1-42cc-91a2-4b5686b81b2f,2026-06-27T01:00:00Z,2026-06-27T03:00:00+0200,45961.69917,MW,DE,DE_LU,actual_load,Actual Load,2026-07-14T14:11:01Z
2026-07-14T14:09:01Z,2026-07-14T16:09:01+0200,fe0b5391-87e1-42cc-91a2-4b5686b81b2f,2026-06-27T01:15:00Z,2026-06-27T03:15:00+0200,45510.40323,MW,DE,DE_LU,actual_load,Actual Load,2026-07-14T14:11:01Z
2026-07-14T14:09:01Z,2026-07-14T16:09:01+0200,fe0b5391-87e1-42cc-91a2-4b5686b81b2f,2026-06-27T01:30:00Z,2026-06-27T03:30:00+0200,45415.64449,MW,DE,DE_LU,actual_load,Actual Load,2026-07-14T14:11:01Z
2026-07-14T14:09:01Z,2026-07-14T16:09:01+0200,fe0b5391-87e1-42cc-91a2-4b5686b81b2f,2026-06-27T01:45:00Z,2026-06-27T03:45:00+0200,45164.72044,MW,DE,DE_LU,actual_load,Actual Load,2026-07-14T14:11:01Z
2026-07-14T14:09:01Z,2026-07-14T16:09:01+0200,fe0b5391-87e1-42cc-91a2-4b5686b81b2f,2026-06-27T02:00:00Z,2026-06-27T04:00:00+0200,45101.6777,MW,DE,DE_LU,actual_load,Actual Load,2026-07-14T14:11:01Z
2026-07-14T14:09:01Z,2026-07-14T16:09:01+0200,fe0b5391-87e1-42cc-91a2-4b5686b81b2f,2026-06-27T02:15:00Z,2026-06-27T04:15:00+0200,44896.04625,MW,DE,DE_LU,actual_load,Actual Load,2026-07-14T14:11:01Z
2026-07-14T14:09:01Z,2026-07-14T16:09:01+0200,fe0b5391-87e1-42cc-91a2-4b5686b81b2f,2026-06-27T02:30:00Z,2026-06-27T04:30:00+0200,44741.69807,MW,DE,DE_LU,actual_load,Actual Load,2026-07-14T14:11:01Z
2026-07-14T14:09:01Z,2026-07-14T16:09:01+0200,fe0b5391-87e1-42cc-91a2-4b5686b81b2f,2026-06-27T02:45:00Z,2026-06-27T04:45:00+0200,44553.33251,MW,DE,DE_LU,actual_load,Actual Load,2026-07-14T14:11:01Z
2026-07-14T14:09:01Z,2026-07-14T16:09:01+0200,fe0b5391-87e1-42cc-91a2-4b5686b81b2f,2026-06-27T03:00:00Z,2026-06-27T05:00:00+0200,44361.46331,MW,DE,DE_LU,actual_load,Actual Load,2026-07-14T14:11:01Z
2026-07-14T14:09:01Z,2026-07-14T16:09:01+0200,fe0b5391-87e1-42cc-91a2-4b5686b81b2f,2026-06-27T03:15:00Z,2026-06-27T05:15:00+0200,44356.51598,MW,DE,DE_LU,actual_load,Actual Load,2026-07-14T14:11:01Z
2026-07-14T14:09:01Z,2026-07-14T16:09:01+0200,fe0b5391-87e1-42cc-91a2-4b5686b81b2f,2026-06-27T03:30:00Z,2026-06-27T05:30:00+0200,44564.48563,MW,DE,DE_LU,actual_load,Actual Load,2026-07-14T14:11:01Z
2026-07-14T14:09:01Z,2026-07-14T16:09:01+0200,fe0b5391-87e1-42cc-91a2-4b5686b81b2f,2026-06-27T03:45:00Z,2026-06-27T05:45:00+0200,45069.5893,MW,DE,DE_LU,actual_load,Actual Load,2026-07-14T14:11:01Z
2026-07-14T14:09:01Z,2026-07-14T16:09:01+0200,fe0b5391-87e1-42cc-91a2-4b5686b81b2f,2026-06-27T04:00:00Z,2026-06-27T06:00:00+0200,45903.78438,MW,DE,DE_LU,actual_load,Actual Load,2026-07-14T14:11:01Z
2026-07-14T14:09:01Z,2026-07-14T16:09:01+0200,fe0b5391-87e1-42cc-91a2-4b5686b81b2f,2026-06-27T04:15:00Z,2026-06-27T06:15:00+0200,46585.07977,MW,DE,DE_LU,actual_load,Actual Load,2026-07-14T14:11:01Z
2026-07-14T14:09:01Z,2026-07-14T16:09:01+0200,fe0b5391-87e1-42cc-91a2-4b5686b81b2f,2026-06-27T04:30:00Z,2026-06-27T06:30:00+0200,47045.03773,MW,DE,DE_LU,actual_load,Actual Load,2026-07-14T14:11:01Z
2026-07-14T14:09:01Z,2026-07-14T16:09:01+0200,fe0b5391-87e1-42cc-91a2-4b5686b81b2f,2026-06-27T04:45:00Z,2026-06-27T06:45:00+0200,47553.76844,MW,DE,DE_LU,actual_load,Actual Load,2026-07-14T14:11:01Z
2026-07-14T14:09:01Z,2026-07-14T16:09:01+0200,fe0b5391-87e1-42cc-91a2-4b5686b81b2f,2026-06-27T05:00:00Z,2026-06-27T07:00:00+0200,47785.24369,MW,DE,DE_LU,actual_load,Actual Load,2026-07-14T14:11:01Z
2026-07-14T14:09:01Z,2026-07-14T16:09:01+0200,fe0b5391-87e1-42cc-91a2-4b5686b81b2f,2026-06-27T05:15:00Z,2026-06-27T07:15:00+0200,48154.98645,MW,DE,DE_LU,actual_load,Actual Load,2026-07-14T14:11:01Z
2026-07-14T14:09:01Z,2026-07-14T16:09:01+0200,fe0b5391-87e1-42cc-91a2-4b5686b81b2f,2026-06-27T05:30:00Z,2026-06-27T07:30:00+0200,49126.21563,MW,DE,DE_LU,actual_load,Actual Load,2026-07-14T14:11:01Z
2026-07-14T14:09:01Z,2026-07-14T16:09:01+0200,fe0b5391-87e1-42cc-91a2-4b5686b81b2f,2026-06-27T05:45:00Z,2026-06-27T07:45:00+0200,49795.08764,MW,DE,DE_LU,actual_load,Actual Load,2026-07-14T14:11:01Z
2026-07-14T14:09:01Z,2026-07-14T16:09:01+0200,fe0b5391-87e1-42cc-91a2-4b5686b81b2f,2026-06-27T06:00:00Z,2026-06-27T08:00:00+0200,49445.99042,MW,DE,DE_LU,actual_load,Actual Load,2026-07-14T14:11:01Z
2026-07-14T14:09:01Z,2026-07-14T16:09:01+0200,fe0b5391-87e1-42cc-91a2-4b5686b81b2f,2026-06-27T06:15:00Z,2026-06-27T08:15:00+0200,49902.63009,MW,DE,DE_LU,actual_load,Actual Load,2026-07-14T14:11:01Z
2026-07-14T14:09:01Z,2026-07-14T16:09:01+0200,fe0b5391-87e1-42cc-91a2-4b5686b81b2f,2026-06-27T06:30:00Z,2026-06-27T08:30:00+0200,50371.06786,MW,DE,DE_LU,actual_load,Actual Load,2026-07-14T14:11:01Z
2026-07-14T14:09:01Z,2026-07-14T16:09:01+0200,fe0b5391-87e1-42cc-91a2-4b5686b81b2f,2026-06-27T06:45:00Z,2026-06-27T08:45:00+0200,50699.79765,MW,DE,DE_LU,actual_load,Actual Load,2026-07-14T14:11:01Z
2026-07-14T14:09:01Z,2026-07-14T16:09:01+0200,fe0b5391-87e1-42cc-91a2-4b5686b81b2f,2026-06-27T07:00:00Z,2026-06-27T09:00:00+0200,51097.19217,MW,DE,DE_LU,actual_load,Actual Load,2026-07-14T14:11:01Z
2026-07-14T14:09:01Z,2026-07-14T16:09:01+0200,fe0b5391-87e1-42cc-91a2-4b5686b81b2f,2026-06-27T07:15:00Z,2026-06-27T09:15:00+0200,51576.12638,MW,DE,DE_LU,actual_load,Actual Load,2026-07-14T14:11:01Z
2026-07-14T14:09:01Z,2026-07-14T16:09:01+0200,fe0b5391-87e1-42cc-91a2-4b5686b81b2f,2026-06-27T07:30:00Z,2026-06-27T09:30:00+0200,51872.17566,MW,DE,DE_LU,actual_load,Actual Load,2026-07-14T14:11:01Z
2026-07-14T14:09:01Z,2026-07-14T16:09:01+0200,fe0b5391-87e1-42cc-91a2-4b5686b81b2f,2026-06-27T07:45:00Z,2026-06-27T09:45:00+0200,51782.21148,MW,DE,DE_LU,actual_load,Actual Load,2026-07-14T14:11:01Z
2026-07-14T14:09:01Z,2026-07-14T16:09:01+0200,fe0b5391-87e1-42cc-91a2-4b5686b81b2f,2026-06-27T08:00:00Z,2026-06-27T10:00:00+0200,52102.48251,MW,DE,DE_LU,actual_load,Actual Load,2026-07-14T14:11:01Z
2026-07-14T14:09:01Z,2026-07-14T16:09:01+0200,fe0b5391-87e1-42cc-91a2-4b5686b81b2f,2026-06-27T08:15:00Z,2026-06-27T10:15:00+0200,52201.30011,MW,DE,DE_LU,actual_load,Actual Load,2026-07-14T14:11:01Z
2026-07-14T14:09:01Z,2026-07-14T16:09:01+0200,fe0b5391-87e1-42cc-91a2-4b5686b81b2f,2026-06-27T08:30:00Z,2026-06-27T10:30:00+0200,52457.90345,MW,DE,DE_LU,actual_load,Actual Load,2026-07-14T14:11:01Z
2026-07-14T14:09:01Z,2026-07-14T16:09:01+0200,fe0b5391-87e1-42cc-91a2-4b5686b81b2f,2026-06-27T08:45:00Z,2026-06-27T10:45:00+0200,53028.68295,MW,DE,DE_LU,actual_load,Actual Load,2026-07-14T14:11:01Z
2026-07-14T14:09:01Z,2026-07-14T16:09:01+0200,fe0b5391-87e1-42cc-91a2-4b5686b81b2f,2026-06-27T09:00:00Z,2026-06-27T11:00:00+0200,52869.48199,MW,DE,DE_LU,actual_load,Actual Load,2026-07-14T14:11:01Z
2026-07-14T14:09:01Z,2026-07-14T16:09:01+0200,fe0b5391-87e1-42cc-91a2-4b5686b81b2f,2026-06-27T09:15:00Z,2026-06-27T11:15:00+0200,53050.59098,MW,DE,DE_LU,actual_load,Actual Load,2026-07-14T14:11:01Z
2026-07-14T14:09:01Z,2026-07-14T16:09:01+0200,fe0b5391-87e1-42cc-91a2-4b5686b81b2f,2026-06-27T09:30:00Z,2026-06-27T11:30:00+0200,53051.08986,MW,DE,DE_LU,actual_load,Actual Load,2026-07-14T14:11:01Z
2026-07-14T14:09:01Z,2026-07-14T16:09:01+0200,fe0b5391-87e1-42cc-91a2-4b5686b81b2f,2026-06-27T09:45:00Z,2026-06-27T11:45:00+0200,52740.53831,MW,DE,DE_LU,actual_load,Actual Load,2026-07-14T14:11:01Z
2026-07-14T14:09:01Z,2026-07-14T16:09:01+0200,fe0b5391-87e1-42cc-91a2-4b5686b81b2f,2026-06-27T10:00:00Z,2026-06-27T12:00:00+0200,51950.15615,MW,DE,DE_LU,actual_load,Actual Load,2026-07-14T14:11:01Z
2026-07-14T14:09:01Z,2026-07-14T16:09:01+0200,fe0b5391-87e1-42cc-91a2-4b5686b81b2f,2026-06-27T10:15:00Z,2026-06-27T12:15:00+0200,51878.95062,MW,DE,DE_LU,actual_load,Actual Load,2026-07-14T14:11:01Z
2026-07-14T14:09:01Z,2026-07-14T16:09:01+0200,fe0b5391-87e1-42cc-91a2-4b5686b81b2f,2026-06-27T10:30:00Z,2026-06-27T12:30:00+0200,51666.68541,MW,DE,DE_LU,actual_load,Actual Load,2026-07-14T14:11:01Z
2026-07-14T14:09:01Z,2026-07-14T16:09:01+0200,fe0b5391-87e1-42cc-91a2-4b5686b81b2f,2026-06-27T10:45:00Z,2026-06-27T12:45:00+0200,51630.46822,MW,DE,DE_LU,actual_load,Actual Load,2026-07-14T14:11:01Z
2026-07-14T14:09:01Z,2026-07-14T16:09:01+0200,fe0b5391-87e1-42cc-91a2-4b5686b81b2f,2026-06-27T11:00:00Z,2026-06-27T13:00:00+0200,51193.35426,MW,DE,DE_LU,actual_load,Actual Load,2026-07-14T14:11:01Z
2026-07-14T14:09:01Z,2026-07-14T16:09:01+0200,fe0b5391-87e1-42cc-91a2-4b5686b81b2f,2026-06-27T11:15:00Z,2026-06-27T13:15:00+0200,50925.88966,MW,DE,DE_LU,actual_load,Actual Load,2026-07-14T14:11:01Z
2026-07-14T14:09:01Z,2026-07-14T16:09:01+0200,fe0b5391-87e1-42cc-91a2-4b5686b81b2f,2026-06-27T11:30:00Z,2026-06-27T13:30:00+0200,50859.40071,MW,DE,DE_LU,actual_load,Actual Load,2026-07-14T14:11:01Z
2026-07-14T14:09:01Z,2026-07-14T16:09:01+0200,fe0b5391-87e1-42cc-91a2-4b5686b81b2f,2026-06-27T11:45:00Z,2026-06-27T13:45:00+0200,49680.845,MW,DE,DE_LU,actual_load,Actual Load,2026-07-14T14:11:01Z
2026-07-14T14:09:01Z,2026-07-14T16:09:01+0200,fe0b5391-87e1-42cc-91a2-4b5686b81b2f,2026-06-27T12:00:00Z,2026-06-27T14:00:00+0200,49111.87745,MW,DE,DE_LU,actual_load,Actual Load,2026-07-14T14:11:01Z
2026-07-14T14:09:01Z,2026-07-14T16:09:01+0200,fe0b5391-87e1-42cc-91a2-4b5686b81b2f,2026-06-27T12:15:00Z,2026-06-27T14:15:00+0200,48907.08859,MW,DE,DE_LU,actual_load,Actual Load,2026-07-14T14:11:01Z
2026-07-14T14:09:01Z,2026-07-14T16:09:01+0200,fe0b5391-87e1-42cc-91a2-4b5686b81b2f,2026-06-27T12:30:00Z,2026-06-27T14:30:00+0200,48704.66886,MW,DE,DE_LU,actual_load,Actual Load,2026-07-14T14:11:01Z
2026-07-14T14:09:01Z,2026-07-14T16:09:01+0200,fe0b5391-87e1-42cc-91a2-4b5686b81b2f,2026-06-27T12:45:00Z,2026-06-27T14:45:00+0200,48488.29937,MW,DE,DE_LU,actual_load,Actual Load,2026-07-14T14:11:01Z
2026-07-14T14:09:01Z,2026-07-14T16:09:01+0200,fe0b5391-87e1-42cc-91a2-4b5686b81b2f,2026-06-27T13:00:00Z,2026-06-27T15:00:00+0200,48595.97755,MW,DE,DE_LU,actual_load,Actual Load,2026-07-14T14:11:01Z
2026-07-14T14:09:01Z,2026-07-14T16:09:01+0200,fe0b5391-87e1-42cc-91a2-4b5686b81b2f,2026-06-27T13:15:00Z,2026-06-27T15:15:00+0200,48354.3416,MW,DE,DE_LU,actual_load,Actual Load,2026-07-14T14:11:01Z
2026-07-14T14:09:01Z,2026-07-14T16:09:01+0200,fe0b5391-87e1-42cc-91a2-4b5686b81b2f,2026-06-27T13:30:00Z,2026-06-27T15:30:00+0200,48765.50654,MW,DE,DE_LU,actual_load,Actual Load,2026-07-14T14:11:01Z
2026-07-14T14:09:01Z,2026-07-14T16:09:01+0200,fe0b5391-87e1-42cc-91a2-4b5686b81b2f,2026-06-27T13:45:00Z,2026-06-27T15:45:00+0200,49181.64268,MW,DE,DE_LU,actual_load,Actual Load,2026-07-14T14:11:01Z
2026-07-14T14:09:01Z,2026-07-14T16:09:01+0200,fe0b5391-87e1-42cc-91a2-4b5686b81b2f,2026-06-27T14:00:00Z,2026-06-27T16:00:00+0200,50483.45874,MW,DE,DE_LU,actual_load,Actual Load,2026-07-14T14:11:01Z
2026-07-14T14:09:01Z,2026-07-14T16:09:01+0200,fe0b5391-87e1-42cc-91a2-4b5686b81b2f,2026-06-27T14:15:00Z,2026-06-27T16:15:00+0200,50054.95339,MW,DE,DE_LU,actual_load,Actual Load,2026-07-14T14:11:01Z
2026-07-14T14:09:01Z,2026-07-14T16:09:01+0200,fe0b5391-87e1-42cc-91a2-4b5686b81b2f,2026-06-27T14:30:00Z,2026-06-27T16:30:00+0200,49782.93268,MW,DE,DE_LU,actual_load,Actual Load,2026-07-14T14:11:01Z
2026-07-14T14:09:01Z,2026-07-14T16:09:01+0200,fe0b5391-87e1-42cc-91a2-4b5686b81b2f,2026-06-27T14:45:00Z,2026-06-27T16:45:00+0200,50427.54629,MW,DE,DE_LU,actual_load,Actual Load,2026-07-14T14:11:01Z
2026-07-14T14:09:01Z,2026-07-14T16:09:01+0200,fe0b5391-87e1-42cc-91a2-4b5686b81b2f,2026-06-27T15:00:00Z,2026-06-27T17:00:00+0200,51205.04923,MW,DE,DE_LU,actual_load,Actual Load,2026-07-14T14:11:01Z
2026-07-14T14:09:01Z,2026-07-14T16:09:01+0200,fe0b5391-87e1-42cc-91a2-4b5686b81b2f,2026-06-27T15:15:00Z,2026-06-27T17:15:00+0200,51021.82367,MW,DE,DE_LU,actual_load,Actual Load,2026-07-14T14:11:01Z
2026-07-14T14:09:01Z,2026-07-14T16:09:01+0200,fe0b5391-87e1-42cc-91a2-4b5686b81b2f,2026-06-27T15:30:00Z,2026-06-27T17:30:00+0200,51322.87842,MW,DE,DE_LU,actual_load,Actual Load,2026-07-14T14:11:01Z
2026-07-14T14:09:01Z,2026-07-14T16:09:01+0200,fe0b5391-87e1-42cc-91a2-4b5686b81b2f,2026-06-27T15:45:00Z,2026-06-27T17:45:00+0200,52405.72619,MW,DE,DE_LU,actual_load,Actual Load,2026-07-14T14:11:01Z
2026-07-14T14:09:01Z,2026-07-14T16:09:01+0200,fe0b5391-87e1-42cc-91a2-4b5686b81b2f,2026-06-27T16:00:00Z,2026-06-27T18:00:00+0200,53187.17478,MW,DE,DE_LU,actual_load,Actual Load,2026-07-14T14:11:01Z
2026-07-14T14:09:01Z,2026-07-14T16:09:01+0200,fe0b5391-87e1-42cc-91a2-4b5686b81b2f,2026-06-27T16:15:00Z,2026-06-27T18:15:00+0200,53171.70731,MW,DE,DE_LU,actual_load,Actual Load,2026-07-14T14:11:01Z
2026-07-14T14:09:01Z,2026-07-14T16:09:01+0200,fe0b5391-87e1-42cc-91a2-4b5686b81b2f,2026-06-27T16:30:00Z,2026-06-27T18:30:00+0200,53794.31379,MW,DE,DE_LU,actual_load,Actual Load,2026-07-14T14:11:01Z
2026-07-14T14:09:01Z,2026-07-14T16:09:01+0200,fe0b5391-87e1-42cc-91a2-4b5686b81b2f,2026-06-27T16:45:00Z,2026-06-27T18:45:00+0200,53788.06797,MW,DE,DE_LU,actual_load,Actual Load,2026-07-14T14:11:01Z
2026-07-14T14:09:01Z,2026-07-14T16:09:01+0200,fe0b5391-87e1-42cc-91a2-4b5686b81b2f,2026-06-27T17:00:00Z,2026-06-27T19:00:00+0200,53964.73232,MW,DE,DE_LU,actual_load,Actual Load,2026-07-14T14:11:01Z
2026-07-14T14:09:01Z,2026-07-14T16:09:01+0200,fe0b5391-87e1-42cc-91a2-4b5686b81b2f,2026-06-27T17:15:00Z,2026-06-27T19:15:00+0200,53949.48759,MW,DE,DE_LU,actual_load,Actual Load,2026-07-14T14:11:01Z
2026-07-14T14:09:01Z,2026-07-14T16:09:01+0200,fe0b5391-87e1-42cc-91a2-4b5686b81b2f,2026-06-27T17:30:00Z,2026-06-27T19:30:00+0200,53850.83154,MW,DE,DE_LU,actual_load,Actual Load,2026-07-14T14:11:01Z
2026-07-14T14:09:01Z,2026-07-14T16:09:01+0200,fe0b5391-87e1-42cc-91a2-4b5686b81b2f,2026-06-27T17:45:00Z,2026-06-27T19:45:00+0200,53234.71254,MW,DE,DE_LU,actual_load,Actual Load,2026-07-14T14:11:01Z
2026-07-14T14:09:01Z,2026-07-14T16:09:01+0200,fe0b5391-87e1-42cc-91a2-4b5686b81b2f,2026-06-27T18:00:00Z,2026-06-27T20:00:00+0200,53507.43402,MW,DE,DE_LU,actual_load,Actual Load,2026-07-14T14:11:01Z
2026-07-14T14:09:01Z,2026-07-14T16:09:01+0200,fe0b5391-87e1-42cc-91a2-4b5686b81b2f,2026-06-27T18:15:00Z,2026-06-27T20:15:00+0200,53230.72196,MW,DE,DE_LU,actual_load,Actual Load,2026-07-14T14:11:01Z
2026-07-14T14:09:01Z,2026-07-14T16:09:01+0200,fe0b5391-87e1-42cc-91a2-4b5686b81b2f,2026-06-27T18:30:00Z,2026-06-27T20:30:00+0200,52789.06807,MW,DE,DE_LU,actual_load,Actual Load,2026-07-14T14:11:01Z
2026-07-14T14:09:01Z,2026-07-14T16:09:01+0200,fe0b5391-87e1-42cc-91a2-4b5686b81b2f,2026-06-27T18:45:00Z,2026-06-27T20:45:00+0200,52006.58024,MW,DE,DE_LU,actual_load,Actual Load,2026-07-14T14:11:01Z
2026-07-14T14:09:01Z,2026-07-14T16:09:01+0200,fe0b5391-87e1-42cc-91a2-4b5686b81b2f,2026-06-27T19:00:00Z,2026-06-27T21:00:00+0200,51889.46141,MW,DE,DE_LU,actual_load,Actual Load,2026-07-14T14:11:01Z
2026-07-14T14:09:01Z,2026-07-14T16:09:01+0200,fe0b5391-87e1-42cc-91a2-4b5686b81b2f,2026-06-27T19:15:00Z,2026-06-27T21:15:00+0200,51355.51546,MW,DE,DE_LU,actual_load,Actual Load,2026-07-14T14:11:01Z
2026-07-14T14:09:01Z,2026-07-14T16:09:01+0200,fe0b5391-87e1-42cc-91a2-4b5686b81b2f,2026-06-27T19:30:00Z,2026-06-27T21:30:00+0200,51162.01738,MW,DE,DE_LU,actual_load,Actual Load,2026-07-14T14:11:01Z
2026-07-14T14:09:01Z,2026-07-14T16:09:01+0200,fe0b5391-87e1-42cc-91a2-4b5686b81b2f,2026-06-27T19:45:00Z,2026-06-27T21:45:00+0200,51099.06973,MW,DE,DE_LU,actual_load,Actual Load,2026-07-14T14:11:01Z
2026-07-14T14:09:01Z,2026-07-14T16:09:01+0200,fe0b5391-87e1-42cc-91a2-4b5686b81b2f,2026-06-27T20:00:00Z,2026-06-27T22:00:00+0200,50839.77926,MW,DE,DE_LU,actual_load,Actual Load,2026-07-14T14:11:01Z
2026-07-14T14:09:01Z,2026-07-14T16:09:01+0200,fe0b5391-87e1-42cc-91a2-4b5686b81b2f,2026-06-27T20:15:00Z,2026-06-27T22:15:00+0200,51002.86473,MW,DE,DE_LU,actual_load,Actual Load,2026-07-14T14:11:01Z
2026-07-14T14:09:01Z,2026-07-14T16:09:01+0200,fe0b5391-87e1-42cc-91a2-4b5686b81b2f,2026-06-27T20:30:00Z,2026-06-27T22:30:00+0200,50333.33108,MW,DE,DE_LU,actual_load,Actual Load,2026-07-14T14:11:01Z
2026-07-14T14:09:01Z,2026-07-14T16:09:01+0200,fe0b5391-87e1-42cc-91a2-4b5686b81b2f,2026-06-27T20:45:00Z,2026-06-27T22:45:00+0200,49573.1889,MW,DE,DE_LU,actual_load,Actual Load,2026-07-14T14:11:01Z
2026-07-14T14:09:01Z,2026-07-14T16:09:01+0200,fe0b5391-87e1-42cc-91a2-4b5686b81b2f,2026-06-27T21:00:00Z,2026-06-27T23:00:00+0200,49308.73972,MW,DE,DE_LU,actual_load,Actual Load,2026-07-14T14:11:01Z
2026-07-14T14:09:01Z,2026-07-14T16:09:01+0200,fe0b5391-87e1-42cc-91a2-4b5686b81b2f,2026-06-27T21:15:00Z,2026-06-27T23:15:00+0200,49162.43563,MW,DE,DE_LU,actual_load,Actual Load,2026-07-14T14:11:01Z
2026-07-14T14:09:01Z,2026-07-14T16:09:01+0200,fe0b5391-87e1-42cc-91a2-4b5686b81b2f,2026-06-27T21:30:00Z,2026-06-27T23:30:00+0200,48677.527,MW,DE,DE_LU,actual_load,Actual Load,2026-07-14T14:11:01Z
2026-07-14T14:09:01Z,2026-07-14T16:09:01+0200,fe0b5391-87e1-42cc-91a2-4b5686b81b2f,2026-06-27T21:45:00Z,2026-06-27T23:45:00+0200,48278.04903,MW,DE,DE_LU,actual_load,Actual Load,2026-07-14T14:11:01Z
2026-07-14T14:09:01Z,2026-07-14T16:09:01+0200,fe0b5391-87e1-42cc-91a2-4b5686b81b2f,2026-06-27T22:00:00Z,2026-06-28T00:00:00+0200,46816.29642,MW,DE,DE_LU,actual_load,Actual Load,2026-07-14T14:11:01Z
2026-07-14T14:09:01Z,2026-07-14T16:09:01+0200,fe0b5391-87e1-42cc-91a2-4b5686b81b2f,2026-06-27T22:15:00Z,2026-06-28T00:15:00+0200,46157.51786,MW,DE,DE_LU,actual_load,Actual Load,2026-07-14T14:11:01Z
2026-07-14T14:09:01Z,2026-07-14T16:09:01+0200,fe0b5391-87e1-42cc-91a2-4b5686b81b2f,2026-06-27T22:30:00Z,2026-06-28T00:30:00+0200,45686.26818,MW,DE,DE_LU,actual_load,Actual Load,2026-07-14T14:11:01Z
2026-07-14T14:09:01Z,2026-07-14T16:09:01+0200,fe0b5391-87e1-42cc-91a2-4b5686b81b2f,2026-06-27T22:45:00Z,2026-06-28T00:45:00+0200,45446.67755,MW,DE,DE_LU,actual_load,Actual Load,2026-07-14T14:11:01Z
2026-07-14T14:09:01Z,2026-07-14T16:09:01+0200,fe0b5391-87e1-42cc-91a2-4b5686b81b2f,2026-06-27T23:00:00Z,2026-06-28T01:00:00+0200,45562.06648,MW,DE,DE_LU,actual_load,Actual Load,2026-07-14T14:11:01Z
2026-07-14T14:09:01Z,2026-07-14T16:09:01+0200,fe0b5391-87e1-42cc-91a2-4b5686b81b2f,2026-06-27T23:15:00Z,2026-06-28T01:15:00+0200,45939.36737,MW,DE,DE_LU,actual_load,Actual Load,2026-07-14T14:11:01Z
2026-07-14T14:09:01Z,2026-07-14T16:09:01+0200,fe0b5391-87e1-42cc-91a2-4b5686b81b2f,2026-06-27T23:30:00Z,2026-06-28T01:30:00+0200,44609.16044,MW,DE,DE_LU,actual_load,Actual Load,2026-07-14T14:11:01Z
2026-07-14T14:09:01Z,2026-07-14T16:09:01+0200,fe0b5391-87e1-42cc-91a2-4b5686b81b2f,2026-06-27T23:45:00Z,2026-06-28T01:45:00+0200,44153.63761,MW,DE,DE_LU,actual_load,Actual Load,2026-07-14T14:11:01Z
2026-07-14T14:09:01Z,2026-07-14T16:09:01+0200,fe0b5391-87e1-42cc-91a2-4b5686b81b2f,2026-06-28T00:00:00Z,2026-06-28T02:00:00+0200,43410.17612,MW,DE,DE_LU,actual_load,Actual Load,2026-07-14T14:11:01Z
2026-07-14T14:09:01Z,2026-07-14T16:09:01+0200,fe0b5391-87e1-42cc-91a2-4b5686b81b2f,2026-06-28T00:15:00Z,2026-06-28T02:15:00+0200,42537.75764,MW,DE,DE_LU,actual_load,Actual Load,2026-07-14T14:11:01Z
2026-07-14T14:09:01Z,2026-07-14T16:09:01+0200,fe0b5391-87e1-42cc-91a2-4b5686b81b2f,2026-06-28T00:30:00Z,2026-06-28T02:30:00+0200,42281.5998,MW,DE,DE_LU,actual_load,Actual Load,2026-07-14T14:11:01Z
2026-07-14T14:09:01Z,2026-07-14T16:09:01+0200,fe0b5391-87e1-42cc-91a2-4b5686b81b2f,2026-06-28T00:45:00Z,2026-06-28T02:45:00+0200,43171.93654,MW,DE,DE_LU,actual_load,Actual Load,2026-07-14T14:11:01Z
2026-07-14T14:09:01Z,2026-07-14T16:09:01+0200,fe0b5391-87e1-42cc-91a2-4b5686b81b2f,2026-06-28T01:00:00Z,2026-06-28T03:00:00+0200,43423.40987,MW,DE,DE_LU,actual_load,Actual Load,2026-07-14T14:11:01Z
2026-07-14T14:09:01Z,2026-07-14T16:09:01+0200,fe0b5391-87e1-42cc-91a2-4b5686b81b2f,2026-06-28T01:15:00Z,2026-06-28T03:15:00+0200,42872.43403,MW,DE,DE_LU,actual_load,Actual Load,2026-07-14T14:11:01Z
2026-07-14T14:09:01Z,2026-07-14T16:09:01+0200,fe0b5391-87e1-42cc-91a2-4b5686b81b2f,2026-06-28T01:30:00Z,2026-06-28T03:30:00+0200,42915.17163,MW,DE,DE_LU,actual_load,Actual Load,2026-07-14T14:11:01Z
2026-07-14T14:09:01Z,2026-07-14T16:09:01+0200,fe0b5391-87e1-42cc-91a2-4b5686b81b2f,2026-06-28T01:45:00Z,2026-06-28T03:45:00+0200,42021.39235,MW,DE,DE_LU,actual_load,Actual Load,2026-07-14T14:11:01Z
2026-07-14T14:09:01Z,2026-07-14T16:09:01+0200,fe0b5391-87e1-42cc-91a2-4b5686b81b2f,2026-06-28T02:00:00Z,2026-06-28T04:00:00+0200,41616.7983,MW,DE,DE_LU,actual_load,Actual Load,2026-07-14T14:11:01Z
2026-07-14T14:09:01Z,2026-07-14T16:09:01+0200,fe0b5391-87e1-42cc-91a2-4b5686b81b2f,2026-06-28T02:15:00Z,2026-06-28T04:15:00+0200,40871.14068,MW,DE,DE_LU,actual_load,Actual Load,2026-07-14T14:11:01Z
2026-07-14T14:09:01Z,2026-07-14T16:09:01+0200,fe0b5391-87e1-42cc-91a2-4b5686b81b2f,2026-06-28T02:30:00Z,2026-06-28T04:30:00+0200,40951.48665,MW,DE,DE_LU,actual_load,Actual Load,2026-07-14T14:11:01Z
2026-07-14T14:09:01Z,2026-07-14T16:09:01+0200,fe0b5391-87e1-42cc-91a2-4b5686b81b2f,2026-06-28T02:45:00Z,2026-06-28T04:45:00+0200,41838.08536,MW,DE,DE_LU,actual_load,Actual Load,2026-07-14T14:11:01Z
2026-07-14T14:09:01Z,2026-07-14T16:09:01+0200,fe0b5391-87e1-42cc-91a2-4b5686b81b2f,2026-06-28T03:00:00Z,2026-06-28T05:00:00+0200,42382.63734,MW,DE,DE_LU,actual_load,Actual Load,2026-07-14T14:11:01Z
2026-07-14T14:09:01Z,2026-07-14T16:09:01+0200,fe0b5391-87e1-42cc-91a2-4b5686b81b2f,2026-06-28T03:15:00Z,2026-06-28T05:15:00+0200,42342.03839,MW,DE,DE_LU,actual_load,Actual Load,2026-07-14T14:11:01Z
2026-07-14T14:09:01Z,2026-07-14T16:09:01+0200,fe0b5391-87e1-42cc-91a2-4b5686b81b2f,2026-06-28T03:30:00Z,2026-06-28T05:30:00+0200,42513.53715,MW,DE,DE_LU,actual_load,Actual Load,2026-07-14T14:11:01Z
2026-07-14T14:09:01Z,2026-07-14T16:09:01+0200,fe0b5391-87e1-42cc-91a2-4b5686b81b2f,2026-06-28T03:45:00Z,2026-06-28T05:45:00+0200,43333.31519,MW,DE,DE_LU,actual_load,Actual Load,2026-07-14T14:11:01Z
2026-07-14T14:09:01Z,2026-07-14T16:09:01+0200,fe0b5391-87e1-42cc-91a2-4b5686b81b2f,2026-06-28T04:00:00Z,2026-06-28T06:00:00+0200,42748.64007,MW,DE,DE_LU,actual_load,Actual Load,2026-07-14T14:11:01Z
2026-07-14T14:09:01Z,2026-07-14T16:09:01+0200,fe0b5391-87e1-42cc-91a2-4b5686b81b2f,2026-06-28T04:15:00Z,2026-06-28T06:15:00+0200,42080.45817,MW,DE,DE_LU,actual_load,Actual Load,2026-07-14T14:11:01Z
2026-07-14T14:09:01Z,2026-07-14T16:09:01+0200,fe0b5391-87e1-42cc-91a2-4b5686b81b2f,2026-06-28T04:30:00Z,2026-06-28T06:30:00+0200,42908.78018,MW,DE,DE_LU,actual_load,Actual Load,2026-07-14T14:11:01Z
2026-07-14T14:09:01Z,2026-07-14T16:09:01+0200,fe0b5391-87e1-42cc-91a2-4b5686b81b2f,2026-06-28T04:45:00Z,2026-06-28T06:45:00+0200,43461.09153,MW,DE,DE_LU,actual_load,Actual Load,2026-07-14T14:11:01Z
2026-07-14T14:09:01Z,2026-07-14T16:09:01+0200,fe0b5391-87e1-42cc-91a2-4b5686b81b2f,2026-06-28T05:00:00Z,2026-06-28T07:00:00+0200,44222.08677,MW,DE,DE_LU,actual_load,Actual Load,2026-07-14T14:11:01Z
2026-07-14T14:09:01Z,2026-07-14T16:09:01+0200,fe0b5391-87e1-42cc-91a2-4b5686b81b2f,2026-06-28T05:15:00Z,2026-06-28T07:15:00+0200,45111.58625,MW,DE,DE_LU,actual_load,Actual Load,2026-07-14T14:11:01Z
2026-07-14T14:09:01Z,2026-07-14T16:09:01+0200,fe0b5391-87e1-42cc-91a2-4b5686b81b2f,2026-06-28T05:30:00Z,2026-06-28T07:30:00+0200,45130.76025,MW,DE,DE_LU,actual_load,Actual Load,2026-07-14T14:11:01Z
2026-07-14T14:09:01Z,2026-07-14T16:09:01+0200,fe0b5391-87e1-42cc-91a2-4b5686b81b2f,2026-06-28T05:45:00Z,2026-06-28T07:45:00+0200,44750.87794,MW,DE,DE_LU,actual_load,Actual Load,2026-07-14T14:11:01Z
2026-07-14T14:09:01Z,2026-07-14T16:09:01+0200,fe0b5391-87e1-42cc-91a2-4b5686b81b2f,2026-06-28T06:00:00Z,2026-06-28T08:00:00+0200,44190.19703,MW,DE,DE_LU,actual_load,Actual Load,2026-07-14T14:11:01Z
2026-07-14T14:09:01Z,2026-07-14T16:09:01+0200,fe0b5391-87e1-42cc-91a2-4b5686b81b2f,2026-06-28T06:15:00Z,2026-06-28T08:15:00+0200,45142.73757,MW,DE,DE_LU,actual_load,Actual Load,2026-07-14T14:11:01Z
2026-07-14T14:09:01Z,2026-07-14T16:09:01+0200,fe0b5391-87e1-42cc-91a2-4b5686b81b2f,2026-06-28T06:30:00Z,2026-06-28T08:30:00+0200,45489.51707,MW,DE,DE_LU,actual_load,Actual Load,2026-07-14T14:11:01Z
2026-07-14T14:09:01Z,2026-07-14T16:09:01+0200,fe0b5391-87e1-42cc-91a2-4b5686b81b2f,2026-06-28T06:45:00Z,2026-06-28T08:45:00+0200,46035.18436,MW,DE,DE_LU,actual_load,Actual Load,2026-07-14T14:11:01Z
2026-07-14T14:09:01Z,2026-07-14T16:09:01+0200,fe0b5391-87e1-42cc-91a2-4b5686b81b2f,2026-06-28T07:00:00Z,2026-06-28T09:00:00+0200,46427.82694,MW,DE,DE_LU,actual_load,Actual Load,2026-07-14T14:11:01Z
2026-07-14T14:09:01Z,2026-07-14T16:09:01+0200,fe0b5391-87e1-42cc-91a2-4b5686b81b2f,2026-06-28T07:15:00Z,2026-06-28T09:15:00+0200,47190.94114,MW,DE,DE_LU,actual_load,Actual Load,2026-07-14T14:11:01Z
2026-07-14T14:09:01Z,2026-07-14T16:09:01+0200,fe0b5391-87e1-42cc-91a2-4b5686b81b2f,2026-06-28T07:30:00Z,2026-06-28T09:30:00+0200,47141.56628,MW,DE,DE_LU,actual_load,Actual Load,2026-07-14T14:11:01Z
2026-07-14T14:09:01Z,2026-07-14T16:09:01+0200,fe0b5391-87e1-42cc-91a2-4b5686b81b2f,2026-06-28T07:45:00Z,2026-06-28T09:45:00+0200,46976.90078,MW,DE,DE_LU,actual_load,Actual Load,2026-07-14T14:11:01Z
2026-07-14T14:09:01Z,2026-07-14T16:09:01+0200,fe0b5391-87e1-42cc-91a2-4b5686b81b2f,2026-06-28T08:00:00Z,2026-06-28T10:00:00+0200,47518.10663,MW,DE,DE_LU,actual_load,Actual Load,2026-07-14T14:11:01Z
2026-07-14T14:09:01Z,2026-07-14T16:09:01+0200,fe0b5391-87e1-42cc-91a2-4b5686b81b2f,2026-06-28T08:15:00Z,2026-06-28T10:15:00+0200,47784.06534,MW,DE,DE_LU,actual_load,Actual Load,2026-07-14T14:11:01Z
2026-07-14T14:09:01Z,2026-07-14T16:09:01+0200,fe0b5391-87e1-42cc-91a2-4b5686b81b2f,2026-06-28T08:30:00Z,2026-06-28T10:30:00+0200,48003.2171,MW,DE,DE_LU,actual_load,Actual Load,2026-07-14T14:11:01Z
2026-07-14T14:09:01Z,2026-07-14T16:09:01+0200,fe0b5391-87e1-42cc-91a2-4b5686b81b2f,2026-06-28T08:45:00Z,2026-06-28T10:45:00+0200,48960.91486,MW,DE,DE_LU,actual_load,Actual Load,2026-07-14T14:11:01Z
2026-07-14T14:09:01Z,2026-07-14T16:09:01+0200,fe0b5391-87e1-42cc-91a2-4b5686b81b2f,2026-06-28T09:00:00Z,2026-06-28T11:00:00+0200,48322.34459,MW,DE,DE_LU,actual_load,Actual Load,2026-07-14T14:11:01Z
2026-07-14T14:09:01Z,2026-07-14T16:09:01+0200,fe0b5391-87e1-42cc-91a2-4b5686b81b2f,2026-06-28T09:15:00Z,2026-06-28T11:15:00+0200,48829.88738,MW,DE,DE_LU,actual_load,Actual Load,2026-07-14T14:11:01Z
2026-07-14T14:09:01Z,2026-07-14T16:09:01+0200,fe0b5391-87e1-42cc-91a2-4b5686b81b2f,2026-06-28T09:30:00Z,2026-06-28T11:30:00+0200,49149.4037,MW,DE,DE_LU,actual_load,Actual Load,2026-07-14T14:11:01Z
2026-07-14T14:09:01Z,2026-07-14T16:09:01+0200,fe0b5391-87e1-42cc-91a2-4b5686b81b2f,2026-06-28T09:45:00Z,2026-06-28T11:45:00+0200,49305.03293,MW,DE,DE_LU,actual_load,Actual Load,2026-07-14T14:11:01Z
2026-07-14T14:09:01Z,2026-07-14T16:09:01+0200,fe0b5391-87e1-42cc-91a2-4b5686b81b2f,2026-06-28T10:00:00Z,2026-06-28T12:00:00+0200,48735.64471,MW,DE,DE_LU,actual_load,Actual Load,2026-07-14T14:11:01Z
2026-07-14T14:09:01Z,2026-07-14T16:09:01+0200,fe0b5391-87e1-42cc-91a2-4b5686b81b2f,2026-06-28T10:15:00Z,2026-06-28T12:15:00+0200,48725.65361,MW,DE,DE_LU,actual_load,Actual Load,2026-07-14T14:11:01Z
2026-07-14T14:09:01Z,2026-07-14T16:09:01+0200,fe0b5391-87e1-42cc-91a2-4b5686b81b2f,2026-06-28T10:30:00Z,2026-06-28T12:30:00+0200,48878.12536,MW,DE,DE_LU,actual_load,Actual Load,2026-07-14T14:11:01Z
2026-07-14T14:09:01Z,2026-07-14T16:09:01+0200,fe0b5391-87e1-42cc-91a2-4b5686b81b2f,2026-06-28T10:45:00Z,2026-06-28T12:45:00+0200,48275.93454,MW,DE,DE_LU,actual_load,Actual Load,2026-07-14T14:11:01Z
2026-07-14T14:09:01Z,2026-07-14T16:09:01+0200,fe0b5391-87e1-42cc-91a2-4b5686b81b2f,2026-06-28T11:00:00Z,2026-06-28T13:00:00+0200,47777.40427,MW,DE,DE_LU,actual_load,Actual Load,2026-07-14T14:11:01Z
2026-07-14T14:09:01Z,2026-07-14T16:09:01+0200,fe0b5391-87e1-42cc-91a2-4b5686b81b2f,2026-06-28T11:15:00Z,2026-06-28T13:15:00+0200,47865.59135,MW,DE,DE_LU,actual_load,Actual Load,2026-07-14T14:11:01Z
2026-07-14T14:09:01Z,2026-07-14T16:09:01+0200,fe0b5391-87e1-42cc-91a2-4b5686b81b2f,2026-06-28T11:30:00Z,2026-06-28T13:30:00+0200,47619.74726,MW,DE,DE_LU,actual_load,Actual Load,2026-07-14T14:11:01Z
2026-07-14T14:09:01Z,2026-07-14T16:09:01+0200,fe0b5391-87e1-42cc-91a2-4b5686b81b2f,2026-06-28T11:45:00Z,2026-06-28T13:45:00+0200,47257.39495,MW,DE,DE_LU,actual_load,Actual Load,2026-07-14T14:11:01Z
2026-07-14T14:09:01Z,2026-07-14T16:09:01+0200,fe0b5391-87e1-42cc-91a2-4b5686b81b2f,2026-06-28T12:00:00Z,2026-06-28T14:00:00+0200,46962.15025,MW,DE,DE_LU,actual_load,Actual Load,2026-07-14T14:11:01Z
2026-07-14T14:09:01Z,2026-07-14T16:09:01+0200,fe0b5391-87e1-42cc-91a2-4b5686b81b2f,2026-06-28T12:15:00Z,2026-06-28T14:15:00+0200,46177.10878,MW,DE,DE_LU,actual_load,Actual Load,2026-07-14T14:11:01Z
2026-07-14T14:09:01Z,2026-07-14T16:09:01+0200,fe0b5391-87e1-42cc-91a2-4b5686b81b2f,2026-06-28T12:30:00Z,2026-06-28T14:30:00+0200,45343.87559,MW,DE,DE_LU,actual_load,Actual Load,2026-07-14T14:11:01Z
2026-07-14T14:09:01Z,2026-07-14T16:09:01+0200,fe0b5391-87e1-42cc-91a2-4b5686b81b2f,2026-06-28T12:45:00Z,2026-06-28T14:45:00+0200,45496.02781,MW,DE,DE_LU,actual_load,Actual Load,2026-07-14T14:11:01Z
2026-07-14T14:09:01Z,2026-07-14T16:09:01+0200,fe0b5391-87e1-42cc-91a2-4b5686b81b2f,2026-06-28T13:00:00Z,2026-06-28T15:00:00+0200,45532.76944,MW,DE,DE_LU,actual_load,Actual Load,2026-07-14T14:11:01Z
2026-07-14T14:09:01Z,2026-07-14T16:09:01+0200,fe0b5391-87e1-42cc-91a2-4b5686b81b2f,2026-06-28T13:15:00Z,2026-06-28T15:15:00+0200,45968.43867,MW,DE,DE_LU,actual_load,Actual Load,2026-07-14T14:11:01Z
2026-07-14T14:09:01Z,2026-07-14T16:09:01+0200,fe0b5391-87e1-42cc-91a2-4b5686b81b2f,2026-06-28T13:30:00Z,2026-06-28T15:30:00+0200,45976.98673,MW,DE,DE_LU,actual_load,Actual Load,2026-07-14T14:11:01Z
2026-07-14T14:09:01Z,2026-07-14T16:09:01+0200,fe0b5391-87e1-42cc-91a2-4b5686b81b2f,2026-06-28T13:45:00Z,2026-06-28T15:45:00+0200,46185.83688,MW,DE,DE_LU,actual_load,Actual Load,2026-07-14T14:11:01Z
2026-07-14T14:09:01Z,2026-07-14T16:09:01+0200,fe0b5391-87e1-42cc-91a2-4b5686b81b2f,2026-06-28T14:00:00Z,2026-06-28T16:00:00+0200,46734.97476,MW,DE,DE_LU,actual_load,Actual Load,2026-07-14T14:11:01Z
2026-07-14T14:09:01Z,2026-07-14T16:09:01+0200,fe0b5391-87e1-42cc-91a2-4b5686b81b2f,2026-06-28T14:15:00Z,2026-06-28T16:15:00+0200,46645.92186,MW,DE,DE_LU,actual_load,Actual Load,2026-07-14T14:11:01Z
2026-07-14T14:09:01Z,2026-07-14T16:09:01+0200,fe0b5391-87e1-42cc-91a2-4b5686b81b2f,2026-06-28T14:30:00Z,2026-06-28T16:30:00+0200,47065.70428,MW,DE,DE_LU,actual_load,Actual Load,2026-07-14T14:11:01Z
2026-07-14T14:09:01Z,2026-07-14T16:09:01+0200,fe0b5391-87e1-42cc-91a2-4b5686b81b2f,2026-06-28T14:45:00Z,2026-06-28T16:45:00+0200,47382.81561,MW,DE,DE_LU,actual_load,Actual Load,2026-07-14T14:11:01Z
2026-07-14T14:09:01Z,2026-07-14T16:09:01+0200,fe0b5391-87e1-42cc-91a2-4b5686b81b2f,2026-06-28T15:00:00Z,2026-06-28T17:00:00+0200,49270.96238,MW,DE,DE_LU,actual_load,Actual Load,2026-07-14T14:11:01Z
2026-07-14T14:09:01Z,2026-07-14T16:09:01+0200,fe0b5391-87e1-42cc-91a2-4b5686b81b2f,2026-06-28T15:15:00Z,2026-06-28T17:15:00+0200,49702.55353,MW,DE,DE_LU,actual_load,Actual Load,2026-07-14T14:11:01Z
2026-07-14T14:09:01Z,2026-07-14T16:09:01+0200,fe0b5391-87e1-42cc-91a2-4b5686b81b2f,2026-06-28T15:30:00Z,2026-06-28T17:30:00+0200,50230.4788,MW,DE,DE_LU,actual_load,Actual Load,2026-07-14T14:11:01Z
2026-07-14T14:09:01Z,2026-07-14T16:09:01+0200,fe0b5391-87e1-42cc-91a2-4b5686b81b2f,2026-06-28T15:45:00Z,2026-06-28T17:45:00+0200,50750.34,MW,DE,DE_LU,actual_load,Actual Load,2026-07-14T14:11:01Z
2026-07-14T14:09:01Z,2026-07-14T16:09:01+0200,fe0b5391-87e1-42cc-91a2-4b5686b81b2f,2026-06-28T16:00:00Z,2026-06-28T18:00:00+0200,51708.68174,MW,DE,DE_LU,actual_load,Actual Load,2026-07-14T14:11:01Z
2026-07-14T14:09:01Z,2026-07-14T16:09:01+0200,fe0b5391-87e1-42cc-91a2-4b5686b81b2f,2026-06-28T16:15:00Z,2026-06-28T18:15:00+0200,52216.67094,MW,DE,DE_LU,actual_load,Actual Load,2026-07-14T14:11:01Z
2026-07-14T14:09:01Z,2026-07-14T16:09:01+0200,fe0b5391-87e1-42cc-91a2-4b5686b81b2f,2026-06-28T16:30:00Z,2026-06-28T18:30:00+0200,52808.4053,MW,DE,DE_LU,actual_load,Actual Load,2026-07-14T14:11:01Z
2026-07-14T14:09:01Z,2026-07-14T16:09:01+0200,fe0b5391-87e1-42cc-91a2-4b5686b81b2f,2026-06-28T16:45:00Z,2026-06-28T18:45:00+0200,53361.23288,MW,DE,DE_LU,actual_load,Actual Load,2026-07-14T14:11:01Z
2026-07-14T14:09:01Z,2026-07-14T16:09:01+0200,fe0b5391-87e1-42cc-91a2-4b5686b81b2f,2026-06-28T17:00:00Z,2026-06-28T19:00:00+0200,53972.3643,MW,DE,DE_LU,actual_load,Actual Load,2026-07-14T14:11:01Z
2026-07-14T14:09:01Z,2026-07-14T16:09:01+0200,fe0b5391-87e1-42cc-91a2-4b5686b81b2f,2026-06-28T17:15:00Z,2026-06-28T19:15:00+0200,53447.10989,MW,DE,DE_LU,actual_load,Actual Load,2026-07-14T14:11:01Z
2026-07-14T14:09:01Z,2026-07-14T16:09:01+0200,fe0b5391-87e1-42cc-91a2-4b5686b81b2f,2026-06-28T17:30:00Z,2026-06-28T19:30:00+0200,53629.94464,MW,DE,DE_LU,actual_load,Actual Load,2026-07-14T14:11:01Z
2026-07-14T14:09:01Z,2026-07-14T16:09:01+0200,fe0b5391-87e1-42cc-91a2-4b5686b81b2f,2026-06-28T17:45:00Z,2026-06-28T19:45:00+0200,53691.16855,MW,DE,DE_LU,actual_load,Actual Load,2026-07-14T14:11:01Z
2026-07-14T14:09:01Z,2026-07-14T16:09:01+0200,fe0b5391-87e1-42cc-91a2-4b5686b81b2f,2026-06-28T18:00:00Z,2026-06-28T20:00:00+0200,53672.19737,MW,DE,DE_LU,actual_load,Actual Load,2026-07-14T14:11:01Z
2026-07-14T14:09:01Z,2026-07-14T16:09:01+0200,fe0b5391-87e1-42cc-91a2-4b5686b81b2f,2026-06-28T18:15:00Z,2026-06-28T20:15:00+0200,53751.90138,MW,DE,DE_LU,actual_load,Actual Load,2026-07-14T14:11:01Z
2026-07-14T14:09:01Z,2026-07-14T16:09:01+0200,fe0b5391-87e1-42cc-91a2-4b5686b81b2f,2026-06-28T18:30:00Z,2026-06-28T20:30:00+0200,53610.06132,MW,DE,DE_LU,actual_load,Actual Load,2026-07-14T14:11:01Z
2026-07-14T14:09:01Z,2026-07-14T16:09:01+0200,fe0b5391-87e1-42cc-91a2-4b5686b81b2f,2026-06-28T18:45:00Z,2026-06-28T20:45:00+0200,53013.29244,MW,DE,DE_LU,actual_load,Actual Load,2026-07-14T14:11:01Z
2026-07-14T14:09:01Z,2026-07-14T16:09:01+0200,fe0b5391-87e1-42cc-91a2-4b5686b81b2f,2026-06-28T19:00:00Z,2026-06-28T21:00:00+0200,52582.28649,MW,DE,DE_LU,actual_load,Actual Load,2026-07-14T14:11:01Z
2026-07-14T14:09:01Z,2026-07-14T16:09:01+0200,fe0b5391-87e1-42cc-91a2-4b5686b81b2f,2026-06-28T19:15:00Z,2026-06-28T21:15:00+0200,52379.48075,MW,DE,DE_LU,actual_load,Actual Load,2026-07-14T14:11:01Z
2026-07-14T14:09:01Z,2026-07-14T16:09:01+0200,fe0b5391-87e1-42cc-91a2-4b5686b81b2f,2026-06-28T19:30:00Z,2026-06-28T21:30:00+0200,52079.50436,MW,DE,DE_LU,actual_load,Actual Load,2026-07-14T14:11:01Z
2026-07-14T14:09:01Z,2026-07-14T16:09:01+0200,fe0b5391-87e1-42cc-91a2-4b5686b81b2f,2026-06-28T19:45:00Z,2026-06-28T21:45:00+0200,52591.43991,MW,DE,DE_LU,actual_load,Actual Load,2026-07-14T14:11:01Z
2026-07-14T14:09:01Z,2026-07-14T16:09:01+0200,fe0b5391-87e1-42cc-91a2-4b5686b81b2f,2026-06-28T20:00:00Z,2026-06-28T22:00:00+0200,51679.34494,MW,DE,DE_LU,actual_load,Actual Load,2026-07-14T14:11:01Z
2026-07-14T14:09:01Z,2026-07-14T16:09:01+0200,fe0b5391-87e1-42cc-91a2-4b5686b81b2f,2026-06-28T20:15:00Z,2026-06-28T22:15:00+0200,51863.86738,MW,DE,DE_LU,actual_load,Actual Load,2026-07-14T14:11:01Z
2026-07-14T14:09:01Z,2026-07-14T16:09:01+0200,fe0b5391-87e1-42cc-91a2-4b5686b81b2f,2026-06-28T20:30:00Z,2026-06-28T22:30:00+0200,51428.45893,MW,DE,DE_LU,actual_load,Actual Load,2026-07-14T14:11:01Z
2026-07-14T14:09:01Z,2026-07-14T16:09:01+0200,fe0b5391-87e1-42cc-91a2-4b5686b81b2f,2026-06-28T20:45:00Z,2026-06-28T22:45:00+0200,51019.36152,MW,DE,DE_LU,actual_load,Actual Load,2026-07-14T14:11:01Z
2026-07-14T14:09:01Z,2026-07-14T16:09:01+0200,fe0b5391-87e1-42cc-91a2-4b5686b81b2f,2026-06-28T21:00:00Z,2026-06-28T23:00:00+0200,49747.14585,MW,DE,DE_LU,actual_load,Actual Load,2026-07-14T14:11:01Z
2026-07-14T14:09:01Z,2026-07-14T16:09:01+0200,fe0b5391-87e1-42cc-91a2-4b5686b81b2f,2026-06-28T21:15:00Z,2026-06-28T23:15:00+0200,49095.14959,MW,DE,DE_LU,actual_load,Actual Load,2026-07-14T14:11:01Z
2026-07-14T14:09:01Z,2026-07-14T16:09:01+0200,fe0b5391-87e1-42cc-91a2-4b5686b81b2f,2026-06-28T21:30:00Z,2026-06-28T23:30:00+0200,48846.49512,MW,DE,DE_LU,actual_load,Actual Load,2026-07-14T14:11:01Z
2026-07-14T14:09:01Z,2026-07-14T16:09:01+0200,fe0b5391-87e1-42cc-91a2-4b5686b81b2f,2026-06-28T21:45:00Z,2026-06-28T23:45:00+0200,48348.40467,MW,DE,DE_LU,actual_load,Actual Load,2026-07-14T14:11:01Z
2026-07-14T14:09:01Z,2026-07-14T16:09:01+0200,fe0b5391-87e1-42cc-91a2-4b5686b81b2f,2026-06-28T22:00:00Z,2026-06-29T00:00:00+0200,47511.56022,MW,DE,DE_LU,actual_load,Actual Load,2026-07-14T14:11:01Z
2026-07-14T14:09:01Z,2026-07-14T16:09:01+0200,fe0b5391-87e1-42cc-91a2-4b5686b81b2f,2026-06-28T22:15:00Z,2026-06-29T00:15:00+0200,47478.28383,MW,DE,DE_LU,actual_load,Actual Load,2026-07-14T14:11:01Z
2026-07-14T14:09:01Z,2026-07-14T16:09:01+0200,fe0b5391-87e1-42cc-91a2-4b5686b81b2f,2026-06-28T22:30:00Z,2026-06-29T00:30:00+0200,47127.82384,MW,DE,DE_LU,actual_load,Actual Load,2026-07-14T14:11:01Z
2026-07-14T14:09:01Z,2026-07-14T16:09:01+0200,fe0b5391-87e1-42cc-91a2-4b5686b81b2f,2026-06-28T22:45:00Z,2026-06-29T00:45:00+0200,47045.54721,MW,DE,DE_LU,actual_load,Actual Load,2026-07-14T14:11:01Z
2026-07-14T14:09:01Z,2026-07-14T16:09:01+0200,fe0b5391-87e1-42cc-91a2-4b5686b81b2f,2026-06-28T23:00:00Z,2026-06-29T01:00:00+0200,46747.97433,MW,DE,DE_LU,actual_load,Actual Load,2026-07-14T14:11:01Z
2026-07-14T14:09:01Z,2026-07-14T16:09:01+0200,fe0b5391-87e1-42cc-91a2-4b5686b81b2f,2026-06-28T23:15:00Z,2026-06-29T01:15:00+0200,46189.10775,MW,DE,DE_LU,actual_load,Actual Load,2026-07-14T14:11:01Z
2026-07-14T14:09:01Z,2026-07-14T16:09:01+0200,fe0b5391-87e1-42cc-91a2-4b5686b81b2f,2026-06-28T23:30:00Z,2026-06-29T01:30:00+0200,45591.72984,MW,DE,DE_LU,actual_load,Actual Load,2026-07-14T14:11:01Z
2026-07-14T14:09:01Z,2026-07-14T16:09:01+0200,fe0b5391-87e1-42cc-91a2-4b5686b81b2f,2026-06-28T23:45:00Z,2026-06-29T01:45:00+0200,45093.38805,MW,DE,DE_LU,actual_load,Actual Load,2026-07-14T14:11:01Z
2026-07-14T14:09:01Z,2026-07-14T16:09:01+0200,fe0b5391-87e1-42cc-91a2-4b5686b81b2f,2026-06-29T00:00:00Z,2026-06-29T02:00:00+0200,44763.35086,MW,DE,DE_LU,actual_load,Actual Load,2026-07-14T14:11:01Z
2026-07-14T14:09:01Z,2026-07-14T16:09:01+0200,fe0b5391-87e1-42cc-91a2-4b5686b81b2f,2026-06-29T00:15:00Z,2026-06-29T02:15:00+0200,44854.71608,MW,DE,DE_LU,actual_load,Actual Load,2026-07-14T14:11:01Z
2026-07-14T14:09:01Z,2026-07-14T16:09:01+0200,fe0b5391-87e1-42cc-91a2-4b5686b81b2f,2026-06-29T00:30:00Z,2026-06-29T02:30:00+0200,44932.69963,MW,DE,DE_LU,actual_load,Actual Load,2026-07-14T14:11:01Z
2026-07-14T14:09:01Z,2026-07-14T16:09:01+0200,fe0b5391-87e1-42cc-91a2-4b5686b81b2f,2026-06-29T00:45:00Z,2026-06-29T02:45:00+0200,45070.9442,MW,DE,DE_LU,actual_load,Actual Load,2026-07-14T14:11:01Z
2026-07-14T14:09:01Z,2026-07-14T16:09:01+0200,fe0b5391-87e1-42cc-91a2-4b5686b81b2f,2026-06-29T01:00:00Z,2026-06-29T03:00:00+0200,44981.26378,MW,DE,DE_LU,actual_load,Actual Load,2026-07-14T14:11:01Z
2026-07-14T14:09:01Z,2026-07-14T16:09:01+0200,fe0b5391-87e1-42cc-91a2-4b5686b81b2f,2026-06-29T01:15:00Z,2026-06-29T03:15:00+0200,45549.548,MW,DE,DE_LU,actual_load,Actual Load,2026-07-14T14:11:01Z
2026-07-14T14:09:01Z,2026-07-14T16:09:01+0200,fe0b5391-87e1-42cc-91a2-4b5686b81b2f,2026-06-29T01:30:00Z,2026-06-29T03:30:00+0200,45442.31493,MW,DE,DE_LU,actual_load,Actual Load,2026-07-14T14:11:01Z
2026-07-14T14:09:01Z,2026-07-14T16:09:01+0200,fe0b5391-87e1-42cc-91a2-4b5686b81b2f,2026-06-29T01:45:00Z,2026-06-29T03:45:00+0200,45280.87669,MW,DE,DE_LU,actual_load,Actual Load,2026-07-14T14:11:01Z
2026-07-14T14:09:01Z,2026-07-14T16:09:01+0200,fe0b5391-87e1-42cc-91a2-4b5686b81b2f,2026-06-29T02:00:00Z,2026-06-29T04:00:00+0200,44827.70752,MW,DE,DE_LU,actual_load,Actual Load,2026-07-14T14:11:01Z
2026-07-14T14:09:01Z,2026-07-14T16:09:01+0200,fe0b5391-87e1-42cc-91a2-4b5686b81b2f,2026-06-29T02:15:00Z,2026-06-29T04:15:00+0200,44889.31697,MW,DE,DE_LU,actual_load,Actual Load,2026-07-14T14:11:01Z
2026-07-14T14:09:01Z,2026-07-14T16:09:01+0200,fe0b5391-87e1-42cc-91a2-4b5686b81b2f,2026-06-29T02:30:00Z,2026-06-29T04:30:00+0200,45498.62707,MW,DE,DE_LU,actual_load,Actual Load,2026-07-14T14:11:01Z
2026-07-14T14:09:01Z,2026-07-14T16:09:01+0200,fe0b5391-87e1-42cc-91a2-4b5686b81b2f,2026-06-29T02:45:00Z,2026-06-29T04:45:00+0200,45756.93934,MW,DE,DE_LU,actual_load,Actual Load,2026-07-14T14:11:01Z
2026-07-14T14:09:01Z,2026-07-14T16:09:01+0200,fe0b5391-87e1-42cc-91a2-4b5686b81b2f,2026-06-29T03:00:00Z,2026-06-29T05:00:00+0200,47277.65052,MW,DE,DE_LU,actual_load,Actual Load,2026-07-14T14:11:01Z
2026-07-14T14:09:01Z,2026-07-14T16:09:01+0200,fe0b5391-87e1-42cc-91a2-4b5686b81b2f,2026-06-29T03:15:00Z,2026-06-29T05:15:00+0200,47650.1453,MW,DE,DE_LU,actual_load,Actual Load,2026-07-14T14:11:01Z
2026-07-14T14:09:01Z,2026-07-14T16:09:01+0200,fe0b5391-87e1-42cc-91a2-4b5686b81b2f,2026-06-29T03:30:00Z,2026-06-29T05:30:00+0200,48601.19897,MW,DE,DE_LU,actual_load,Actual Load,2026-07-14T14:11:01Z
2026-07-14T14:09:01Z,2026-07-14T16:09:01+0200,fe0b5391-87e1-42cc-91a2-4b5686b81b2f,2026-06-29T03:45:00Z,2026-06-29T05:45:00+0200,50227.4092,MW,DE,DE_LU,actual_load,Actual Load,2026-07-14T14:11:01Z
2026-07-14T14:09:01Z,2026-07-14T16:09:01+0200,fe0b5391-87e1-42cc-91a2-4b5686b81b2f,2026-06-29T04:00:00Z,2026-06-29T06:00:00+0200,52813.96216,MW,DE,DE_LU,actual_load,Actual Load,2026-07-14T14:11:01Z
2026-07-14T14:09:01Z,2026-07-14T16:09:01+0200,fe0b5391-87e1-42cc-91a2-4b5686b81b2f,2026-06-29T04:15:00Z,2026-06-29T06:15:00+0200,54872.90154,MW,DE,DE_LU,actual_load,Actual Load,2026-07-14T14:11:01Z
2026-07-14T14:09:01Z,2026-07-14T16:09:01+0200,fe0b5391-87e1-42cc-91a2-4b5686b81b2f,2026-06-29T04:30:00Z,2026-06-29T06:30:00+0200,56186.98504,MW,DE,DE_LU,actual_load,Actual Load,2026-07-14T14:11:01Z
2026-07-14T14:09:01Z,2026-07-14T16:09:01+0200,fe0b5391-87e1-42cc-91a2-4b5686b81b2f,2026-06-29T04:45:00Z,2026-06-29T06:45:00+0200,57419.38413,MW,DE,DE_LU,actual_load,Actual Load,2026-07-14T14:11:01Z
2026-07-14T14:09:01Z,2026-07-14T16:09:01+0200,fe0b5391-87e1-42cc-91a2-4b5686b81b2f,2026-06-29T05:00:00Z,2026-06-29T07:00:00+0200,59023.36518,MW,DE,DE_LU,actual_load,Actual Load,2026-07-14T14:11:01Z
2026-07-14T14:09:01Z,2026-07-14T16:09:01+0200,fe0b5391-87e1-42cc-91a2-4b5686b81b2f,2026-06-29T05:15:00Z,2026-06-29T07:15:00+0200,60260.93907,MW,DE,DE_LU,actual_load,Actual Load,2026-07-14T14:11:01Z
2026-07-14T14:09:01Z,2026-07-14T16:09:01+0200,fe0b5391-87e1-42cc-91a2-4b5686b81b2f,2026-06-29T05:30:00Z,2026-06-29T07:30:00+0200,60923.66372,MW,DE,DE_LU,actual_load,Actual Load,2026-07-14T14:11:01Z
2026-07-14T14:09:01Z,2026-07-14T16:09:01+0200,fe0b5391-87e1-42cc-91a2-4b5686b81b2f,2026-06-29T05:45:00Z,2026-06-29T07:45:00+0200,61850.22706,MW,DE,DE_LU,actual_load,Actual Load,2026-07-14T14:11:01Z
2026-07-14T14:09:01Z,2026-07-14T16:09:01+0200,fe0b5391-87e1-42cc-91a2-4b5686b81b2f,2026-06-29T06:00:00Z,2026-06-29T08:00:00+0200,62766.83375,MW,DE,DE_LU,actual_load,Actual Load,2026-07-14T14:11:01Z
2026-07-14T14:09:01Z,2026-07-14T16:09:01+0200,fe0b5391-87e1-42cc-91a2-4b5686b81b2f,2026-06-29T06:15:00Z,2026-06-29T08:15:00+0200,63314.7734,MW,DE,DE_LU,actual_load,Actual Load,2026-07-14T14:11:01Z
2026-07-14T14:09:01Z,2026-07-14T16:09:01+0200,fe0b5391-87e1-42cc-91a2-4b5686b81b2f,2026-06-29T06:30:00Z,2026-06-29T08:30:00+0200,64772.88333,MW,DE,DE_LU,actual_load,Actual Load,2026-07-14T14:11:01Z
2026-07-14T14:09:01Z,2026-07-14T16:09:01+0200,fe0b5391-87e1-42cc-91a2-4b5686b81b2f,2026-06-29T06:45:00Z,2026-06-29T08:45:00+0200,65682.02109,MW,DE,DE_LU,actual_load,Actual Load,2026-07-14T14:11:01Z
2026-07-14T14:09:01Z,2026-07-14T16:09:01+0200,fe0b5391-87e1-42cc-91a2-4b5686b81b2f,2026-06-29T07:00:00Z,2026-06-29T09:00:00+0200,65883.34318,MW,DE,DE_LU,actual_load,Actual Load,2026-07-14T14:11:01Z
2026-07-14T14:09:01Z,2026-07-14T16:09:01+0200,fe0b5391-87e1-42cc-91a2-4b5686b81b2f,2026-06-29T07:15:00Z,2026-06-29T09:15:00+0200,66003.0776,MW,DE,DE_LU,actual_load,Actual Load,2026-07-14T14:11:01Z
2026-07-14T14:09:01Z,2026-07-14T16:09:01+0200,fe0b5391-87e1-42cc-91a2-4b5686b81b2f,2026-06-29T07:30:00Z,2026-06-29T09:30:00+0200,66696.25219,MW,DE,DE_LU,actual_load,Actual Load,2026-07-14T14:11:01Z
2026-07-14T14:09:01Z,2026-07-14T16:09:01+0200,fe0b5391-87e1-42cc-91a2-4b5686b81b2f,2026-06-29T07:45:00Z,2026-06-29T09:45:00+0200,67517.18687,MW,DE,DE_LU,actual_load,Actual Load,2026-07-14T14:11:01Z
2026-07-14T14:09:01Z,2026-07-14T16:09:01+0200,fe0b5391-87e1-42cc-91a2-4b5686b81b2f,2026-06-29T08:00:00Z,2026-06-29T10:00:00+0200,67554.87812,MW,DE,DE_LU,actual_load,Actual Load,2026-07-14T14:11:01Z
2026-07-14T14:09:01Z,2026-07-14T16:09:01+0200,fe0b5391-87e1-42cc-91a2-4b5686b81b2f,2026-06-29T08:15:00Z,2026-06-29T10:15:00+0200,67653.72479,MW,DE,DE_LU,actual_load,Actual Load,2026-07-14T14:11:01Z
2026-07-14T14:09:01Z,2026-07-14T16:09:01+0200,fe0b5391-87e1-42cc-91a2-4b5686b81b2f,2026-06-29T08:30:00Z,2026-06-29T10:30:00+0200,67143.80669,MW,DE,DE_LU,actual_load,Actual Load,2026-07-14T14:11:01Z
2026-07-14T14:09:01Z,2026-07-14T16:09:01+0200,fe0b5391-87e1-42cc-91a2-4b5686b81b2f,2026-06-29T08:45:00Z,2026-06-29T10:45:00+0200,67713.45366,MW,DE,DE_LU,actual_load,Actual Load,2026-07-14T14:11:01Z
2026-07-14T14:09:01Z,2026-07-14T16:09:01+0200,fe0b5391-87e1-42cc-91a2-4b5686b81b2f,2026-06-29T09:00:00Z,2026-06-29T11:00:00+0200,66631.76251,MW,DE,DE_LU,actual_load,Actual Load,2026-07-14T14:11:01Z
2026-07-14T14:09:01Z,2026-07-14T16:09:01+0200,fe0b5391-87e1-42cc-91a2-4b5686b81b2f,2026-06-29T09:15:00Z,2026-06-29T11:15:00+0200,66681.77493,MW,DE,DE_LU,actual_load,Actual Load,2026-07-14T14:11:01Z
2026-07-14T14:09:01Z,2026-07-14T16:09:01+0200,fe0b5391-87e1-42cc-91a2-4b5686b81b2f,2026-06-29T09:30:00Z,2026-06-29T11:30:00+0200,66613.66002,MW,DE,DE_LU,actual_load,Actual Load,2026-07-14T14:11:01Z
2026-07-14T14:09:01Z,2026-07-14T16:09:01+0200,fe0b5391-87e1-42cc-91a2-4b5686b81b2f,2026-06-29T09:45:00Z,2026-06-29T11:45:00+0200,66123.9051,MW,DE,DE_LU,actual_load,Actual Load,2026-07-14T14:11:01Z
2026-07-14T14:09:01Z,2026-07-14T16:09:01+0200,fe0b5391-87e1-42cc-91a2-4b5686b81b2f,2026-06-29T10:00:00Z,2026-06-29T12:00:00+0200,64963.81677,MW,DE,DE_LU,actual_load,Actual Load,2026-07-14T14:11:01Z
2026-07-14T14:09:01Z,2026-07-14T16:09:01+0200,fe0b5391-87e1-42cc-91a2-4b5686b81b2f,2026-06-29T10:15:00Z,2026-06-29T12:15:00+0200,65304.80771,MW,DE,DE_LU,actual_load,Actual Load,2026-07-14T14:11:01Z
2026-07-14T14:09:01Z,2026-07-14T16:09:01+0200,fe0b5391-87e1-42cc-91a2-4b5686b81b2f,2026-06-29T10:30:00Z,2026-06-29T12:30:00+0200,64759.36996,MW,DE,DE_LU,actual_load,Actual Load,2026-07-14T14:11:01Z
2026-07-14T14:09:01Z,2026-07-14T16:09:01+0200,fe0b5391-87e1-42cc-91a2-4b5686b81b2f,2026-06-29T10:45:00Z,2026-06-29T12:45:00+0200,63995.43026,MW,DE,DE_LU,actual_load,Actual Load,2026-07-14T14:11:01Z
2026-07-14T14:09:01Z,2026-07-14T16:09:01+0200,fe0b5391-87e1-42cc-91a2-4b5686b81b2f,2026-06-29T11:00:00Z,2026-06-29T13:00:00+0200,63368.35575,MW,DE,DE_LU,actual_load,Actual Load,2026-07-14T14:11:01Z
2026-07-14T14:09:01Z,2026-07-14T16:09:01+0200,fe0b5391-87e1-42cc-91a2-4b5686b81b2f,2026-06-29T11:15:00Z,2026-06-29T13:15:00+0200,63100.91505,MW,DE,DE_LU,actual_load,Actual Load,2026-07-14T14:11:01Z
2026-07-14T14:09:01Z,2026-07-14T16:09:01+0200,fe0b5391-87e1-42cc-91a2-4b5686b81b2f,2026-06-29T11:30:00Z,2026-06-29T13:30:00+0200,63302.62956,MW,DE,DE_LU,actual_load,Actual Load,2026-07-14T14:11:01Z
2026-07-14T14:09:01Z,2026-07-14T16:09:01+0200,fe0b5391-87e1-42cc-91a2-4b5686b81b2f,2026-06-29T11:45:00Z,2026-06-29T13:45:00+0200,62729.23911,MW,DE,DE_LU,actual_load,Actual Load,2026-07-14T14:11:01Z
2026-07-14T14:09:01Z,2026-07-14T16:09:01+0200,fe0b5391-87e1-42cc-91a2-4b5686b81b2f,2026-06-29T12:00:00Z,2026-06-29T14:00:00+0200,61945.72241,MW,DE,DE_LU,actual_load,Actual Load,2026-07-14T14:11:01Z
2026-07-14T14:09:01Z,2026-07-14T16:09:01+0200,fe0b5391-87e1-42cc-91a2-4b5686b81b2f,2026-06-29T12:15:00Z,2026-06-29T14:15:00+0200,61844.19523,MW,DE,DE_LU,actual_load,Actual Load,2026-07-14T14:11:01Z
2026-07-14T14:09:01Z,2026-07-14T16:09:01+0200,fe0b5391-87e1-42cc-91a2-4b5686b81b2f,2026-06-29T12:30:00Z,2026-06-29T14:30:00+0200,61245.2376,MW,DE,DE_LU,actual_load,Actual Load,2026-07-14T14:11:01Z
2026-07-14T14:09:01Z,2026-07-14T16:09:01+0200,fe0b5391-87e1-42cc-91a2-4b5686b81b2f,2026-06-29T12:45:00Z,2026-06-29T14:45:00+0200,60563.41609,MW,DE,DE_LU,actual_load,Actual Load,2026-07-14T14:11:01Z
2026-07-14T14:09:01Z,2026-07-14T16:09:01+0200,fe0b5391-87e1-42cc-91a2-4b5686b81b2f,2026-06-29T13:00:00Z,2026-06-29T15:00:00+0200,60199.84876,MW,DE,DE_LU,actual_load,Actual Load,2026-07-14T14:11:01Z
2026-07-14T14:09:01Z,2026-07-14T16:09:01+0200,fe0b5391-87e1-42cc-91a2-4b5686b81b2f,2026-06-29T13:15:00Z,2026-06-29T15:15:00+0200,59630.15308,MW,DE,DE_LU,actual_load,Actual Load,2026-07-14T14:11:01Z
2026-07-14T14:09:01Z,2026-07-14T16:09:01+0200,fe0b5391-87e1-42cc-91a2-4b5686b81b2f,2026-06-29T13:30:00Z,2026-06-29T15:30:00+0200,59366.90236,MW,DE,DE_LU,actual_load,Actual Load,2026-07-14T14:11:01Z
2026-07-14T14:09:01Z,2026-07-14T16:09:01+0200,fe0b5391-87e1-42cc-91a2-4b5686b81b2f,2026-06-29T13:45:00Z,2026-06-29T15:45:00+0200,59281.32235,MW,DE,DE_LU,actual_load,Actual Load,2026-07-14T14:11:01Z
2026-07-14T14:09:01Z,2026-07-14T16:09:01+0200,fe0b5391-87e1-42cc-91a2-4b5686b81b2f,2026-06-29T14:00:00Z,2026-06-29T16:00:00+0200,59620.09196,MW,DE,DE_LU,actual_load,Actual Load,2026-07-14T14:11:01Z
2026-07-14T14:09:01Z,2026-07-14T16:09:01+0200,fe0b5391-87e1-42cc-91a2-4b5686b81b2f,2026-06-29T14:15:00Z,2026-06-29T16:15:00+0200,59239.4921,MW,DE,DE_LU,actual_load,Actual Load,2026-07-14T14:11:01Z
2026-07-14T14:09:01Z,2026-07-14T16:09:01+0200,fe0b5391-87e1-42cc-91a2-4b5686b81b2f,2026-06-29T14:30:00Z,2026-06-29T16:30:00+0200,58992.60174,MW,DE,DE_LU,actual_load,Actual Load,2026-07-14T14:11:01Z
2026-07-14T14:09:01Z,2026-07-14T16:09:01+0200,fe0b5391-87e1-42cc-91a2-4b5686b81b2f,2026-06-29T14:45:00Z,2026-06-29T16:45:00+0200,59170.99442,MW,DE,DE_LU,actual_load,Actual Load,2026-07-14T14:11:01Z
2026-07-14T14:09:01Z,2026-07-14T16:09:01+0200,fe0b5391-87e1-42cc-91a2-4b5686b81b2f,2026-06-29T15:00:00Z,2026-06-29T17:00:00+0200,59898.13227,MW,DE,DE_LU,actual_load,Actual Load,2026-07-14T14:11:01Z
2026-07-14T14:09:01Z,2026-07-14T16:09:01+0200,fe0b5391-87e1-42cc-91a2-4b5686b81b2f,2026-06-29T15:15:00Z,2026-06-29T17:15:00+0200,60136.53493,MW,DE,DE_LU,actual_load,Actual Load,2026-07-14T14:11:01Z
2026-07-14T14:09:01Z,2026-07-14T16:09:01+0200,fe0b5391-87e1-42cc-91a2-4b5686b81b2f,2026-06-29T15:30:00Z,2026-06-29T17:30:00+0200,60379.30899,MW,DE,DE_LU,actual_load,Actual Load,2026-07-14T14:11:01Z
2026-07-14T14:09:01Z,2026-07-14T16:09:01+0200,fe0b5391-87e1-42cc-91a2-4b5686b81b2f,2026-06-29T15:45:00Z,2026-06-29T17:45:00+0200,60245.22386,MW,DE,DE_LU,actual_load,Actual Load,2026-07-14T14:11:01Z
2026-07-14T14:09:01Z,2026-07-14T16:09:01+0200,fe0b5391-87e1-42cc-91a2-4b5686b81b2f,2026-06-29T16:00:00Z,2026-06-29T18:00:00+0200,60299.22269,MW,DE,DE_LU,actual_load,Actual Load,2026-07-14T14:11:01Z
2026-07-14T14:09:01Z,2026-07-14T16:09:01+0200,fe0b5391-87e1-42cc-91a2-4b5686b81b2f,2026-06-29T16:15:00Z,2026-06-29T18:15:00+0200,60368.03963,MW,DE,DE_LU,actual_load,Actual Load,2026-07-14T14:11:01Z
2026-07-14T14:09:01Z,2026-07-14T16:09:01+0200,fe0b5391-87e1-42cc-91a2-4b5686b81b2f,2026-06-29T16:30:00Z,2026-06-29T18:30:00+0200,60721.8146,MW,DE,DE_LU,actual_load,Actual Load,2026-07-14T14:11:01Z
2026-07-14T14:09:01Z,2026-07-14T16:09:01+0200,fe0b5391-87e1-42cc-91a2-4b5686b81b2f,2026-06-29T16:45:00Z,2026-06-29T18:45:00+0200,60746.94596,MW,DE,DE_LU,actual_load,Actual Load,2026-07-14T14:11:01Z
2026-07-14T14:09:01Z,2026-07-14T16:09:01+0200,fe0b5391-87e1-42cc-91a2-4b5686b81b2f,2026-06-29T17:00:00Z,2026-06-29T19:00:00+0200,61288.47984,MW,DE,DE_LU,actual_load,Actual Load,2026-07-14T14:11:01Z
2026-07-14T14:09:01Z,2026-07-14T16:09:01+0200,fe0b5391-87e1-42cc-91a2-4b5686b81b2f,2026-06-29T17:15:00Z,2026-06-29T19:15:00+0200,61111.91242,MW,DE,DE_LU,actual_load,Actual Load,2026-07-14T14:11:01Z
2026-07-14T14:09:01Z,2026-07-14T16:09:01+0200,fe0b5391-87e1-42cc-91a2-4b5686b81b2f,2026-06-29T17:30:00Z,2026-06-29T19:30:00+0200,60355.95991,MW,DE,DE_LU,actual_load,Actual Load,2026-07-14T14:11:01Z
2026-07-14T14:09:01Z,2026-07-14T16:09:01+0200,fe0b5391-87e1-42cc-91a2-4b5686b81b2f,2026-06-29T17:45:00Z,2026-06-29T19:45:00+0200,59477.84844,MW,DE,DE_LU,actual_load,Actual Load,2026-07-14T14:11:01Z
2026-07-14T14:09:01Z,2026-07-14T16:09:01+0200,fe0b5391-87e1-42cc-91a2-4b5686b81b2f,2026-06-29T18:00:00Z,2026-06-29T20:00:00+0200,59541.55717,MW,DE,DE_LU,actual_load,Actual Load,2026-07-14T14:11:01Z
2026-07-14T14:09:01Z,2026-07-14T16:09:01+0200,fe0b5391-87e1-42cc-91a2-4b5686b81b2f,2026-06-29T18:15:00Z,2026-06-29T20:15:00+0200,58517.04625,MW,DE,DE_LU,actual_load,Actual Load,2026-07-14T14:11:01Z
2026-07-14T14:09:01Z,2026-07-14T16:09:01+0200,fe0b5391-87e1-42cc-91a2-4b5686b81b2f,2026-06-29T18:30:00Z,2026-06-29T20:30:00+0200,58368.92137,MW,DE,DE_LU,actual_load,Actual Load,2026-07-14T14:11:01Z
2026-07-14T14:09:01Z,2026-07-14T16:09:01+0200,fe0b5391-87e1-42cc-91a2-4b5686b81b2f,2026-06-29T18:45:00Z,2026-06-29T20:45:00+0200,57866.95333,MW,DE,DE_LU,actual_load,Actual Load,2026-07-14T14:11:01Z
2026-07-14T14:09:01Z,2026-07-14T16:09:01+0200,fe0b5391-87e1-42cc-91a2-4b5686b81b2f,2026-06-29T19:00:00Z,2026-06-29T21:00:00+0200,57393.19577,MW,DE,DE_LU,actual_load,Actual Load,2026-07-14T14:11:01Z
2026-07-14T14:09:01Z,2026-07-14T16:09:01+0200,fe0b5391-87e1-42cc-91a2-4b5686b81b2f,2026-06-29T19:15:00Z,2026-06-29T21:15:00+0200,56777.82644,MW,DE,DE_LU,actual_load,Actual Load,2026-07-14T14:11:01Z
2026-07-14T14:09:01Z,2026-07-14T16:09:01+0200,fe0b5391-87e1-42cc-91a2-4b5686b81b2f,2026-06-29T19:30:00Z,2026-06-29T21:30:00+0200,55864.07542,MW,DE,DE_LU,actual_load,Actual Load,2026-07-14T14:11:01Z
2026-07-14T14:09:01Z,2026-07-14T16:09:01+0200,fe0b5391-87e1-42cc-91a2-4b5686b81b2f,2026-06-29T19:45:00Z,2026-06-29T21:45:00+0200,55565.34515,MW,DE,DE_LU,actual_load,Actual Load,2026-07-14T14:11:01Z
2026-07-14T14:09:01Z,2026-07-14T16:09:01+0200,fe0b5391-87e1-42cc-91a2-4b5686b81b2f,2026-06-29T20:00:00Z,2026-06-29T22:00:00+0200,55433.17002,MW,DE,DE_LU,actual_load,Actual Load,2026-07-14T14:11:01Z
2026-07-14T14:09:01Z,2026-07-14T16:09:01+0200,fe0b5391-87e1-42cc-91a2-4b5686b81b2f,2026-06-29T20:15:00Z,2026-06-29T22:15:00+0200,55090.69838,MW,DE,DE_LU,actual_load,Actual Load,2026-07-14T14:11:01Z
2026-07-14T14:09:01Z,2026-07-14T16:09:01+0200,fe0b5391-87e1-42cc-91a2-4b5686b81b2f,2026-06-29T20:30:00Z,2026-06-29T22:30:00+0200,54464.45147,MW,DE,DE_LU,actual_load,Actual Load,2026-07-14T14:11:01Z
2026-07-14T14:09:01Z,2026-07-14T16:09:01+0200,fe0b5391-87e1-42cc-91a2-4b5686b81b2f,2026-06-29T20:45:00Z,2026-06-29T22:45:00+0200,53679.36248,MW,DE,DE_LU,actual_load,Actual Load,2026-07-14T14:11:01Z
2026-07-14T14:09:01Z,2026-07-14T16:09:01+0200,fe0b5391-87e1-42cc-91a2-4b5686b81b2f,2026-06-29T21:00:00Z,2026-06-29T23:00:00+0200,52461.04481,MW,DE,DE_LU,actual_load,Actual Load,2026-07-14T14:11:01Z
2026-07-14T14:09:01Z,2026-07-14T16:09:01+0200,fe0b5391-87e1-42cc-91a2-4b5686b81b2f,2026-06-29T21:15:00Z,2026-06-29T23:15:00+0200,51965.53731,MW,DE,DE_LU,actual_load,Actual Load,2026-07-14T14:11:01Z
2026-07-14T14:09:01Z,2026-07-14T16:09:01+0200,fe0b5391-87e1-42cc-91a2-4b5686b81b2f,2026-06-29T21:30:00Z,2026-06-29T23:30:00+0200,51451.21633,MW,DE,DE_LU,actual_load,Actual Load,2026-07-14T14:11:01Z
2026-07-14T14:09:01Z,2026-07-14T16:09:01+0200,fe0b5391-87e1-42cc-91a2-4b5686b81b2f,2026-06-29T21:45:00Z,2026-06-29T23:45:00+0200,50895.89735,MW,DE,DE_LU,actual_load,Actual Load,2026-07-14T14:11:01Z
2026-07-14T14:09:01Z,2026-07-14T16:09:01+0200,fe0b5391-87e1-42cc-91a2-4b5686b81b2f,2026-06-29T22:00:00Z,2026-06-30T00:00:00+0200,50317.56415,MW,DE,DE_LU,actual_load,Actual Load,2026-07-14T14:11:01Z
2026-07-14T14:09:01Z,2026-07-14T16:09:01+0200,fe0b5391-87e1-42cc-91a2-4b5686b81b2f,2026-06-29T22:15:00Z,2026-06-30T00:15:00+0200,49972.42321,MW,DE,DE_LU,actual_load,Actual Load,2026-07-14T14:11:01Z
2026-07-14T14:09:01Z,2026-07-14T16:09:01+0200,fe0b5391-87e1-42cc-91a2-4b5686b81b2f,2026-06-29T22:30:00Z,2026-06-30T00:30:00+0200,49678.2426,MW,DE,DE_LU,actual_load,Actual Load,2026-07-14T14:11:01Z
2026-07-14T14:09:01Z,2026-07-14T16:09:01+0200,fe0b5391-87e1-42cc-91a2-4b5686b81b2f,2026-06-29T22:45:00Z,2026-06-30T00:45:00+0200,49318.7376,MW,DE,DE_LU,actual_load,Actual Load,2026-07-14T14:11:01Z
2026-07-14T14:09:01Z,2026-07-14T16:09:01+0200,fe0b5391-87e1-42cc-91a2-4b5686b81b2f,2026-06-29T23:00:00Z,2026-06-30T01:00:00+0200,48797.39172,MW,DE,DE_LU,actual_load,Actual Load,2026-07-14T14:11:01Z
2026-07-14T14:09:01Z,2026-07-14T16:09:01+0200,fe0b5391-87e1-42cc-91a2-4b5686b81b2f,2026-06-29T23:15:00Z,2026-06-30T01:15:00+0200,48416.11538,MW,DE,DE_LU,actual_load,Actual Load,2026-07-14T14:11:01Z
2026-07-14T14:09:01Z,2026-07-14T16:09:01+0200,fe0b5391-87e1-42cc-91a2-4b5686b81b2f,2026-06-29T23:30:00Z,2026-06-30T01:30:00+0200,47841.90075,MW,DE,DE_LU,actual_load,Actual Load,2026-07-14T14:11:01Z
2026-07-14T14:09:01Z,2026-07-14T16:09:01+0200,fe0b5391-87e1-42cc-91a2-4b5686b81b2f,2026-06-29T23:45:00Z,2026-06-30T01:45:00+0200,47619.50621,MW,DE,DE_LU,actual_load,Actual Load,2026-07-14T14:11:01Z
2026-07-14T14:09:01Z,2026-07-14T16:09:01+0200,fe0b5391-87e1-42cc-91a2-4b5686b81b2f,2026-06-30T00:00:00Z,2026-06-30T02:00:00+0200,46709.82681,MW,DE,DE_LU,actual_load,Actual Load,2026-07-14T14:11:01Z
2026-07-14T14:09:01Z,2026-07-14T16:09:01+0200,fe0b5391-87e1-42cc-91a2-4b5686b81b2f,2026-06-30T00:15:00Z,2026-06-30T02:15:00+0200,46587.70275,MW,DE,DE_LU,actual_load,Actual Load,2026-07-14T14:11:01Z
2026-07-14T14:09:01Z,2026-07-14T16:09:01+0200,fe0b5391-87e1-42cc-91a2-4b5686b81b2f,2026-06-30T00:30:00Z,2026-06-30T02:30:00+0200,46622.47236,MW,DE,DE_LU,actual_load,Actual Load,2026-07-14T14:11:01Z
2026-07-14T14:09:01Z,2026-07-14T16:09:01+0200,fe0b5391-87e1-42cc-91a2-4b5686b81b2f,2026-06-30T00:45:00Z,2026-06-30T02:45:00+0200,46302.55826,MW,DE,DE_LU,actual_load,Actual Load,2026-07-14T14:11:01Z
2026-07-14T14:09:01Z,2026-07-14T16:09:01+0200,fe0b5391-87e1-42cc-91a2-4b5686b81b2f,2026-06-30T01:00:00Z,2026-06-30T03:00:00+0200,46445.14598,MW,DE,DE_LU,actual_load,Actual Load,2026-07-14T14:11:01Z
2026-07-14T14:09:01Z,2026-07-14T16:09:01+0200,fe0b5391-87e1-42cc-91a2-4b5686b81b2f,2026-06-30T01:15:00Z,2026-06-30T03:15:00+0200,46521.73297,MW,DE,DE_LU,actual_load,Actual Load,2026-07-14T14:11:01Z
2026-07-14T14:09:01Z,2026-07-14T16:09:01+0200,fe0b5391-87e1-42cc-91a2-4b5686b81b2f,2026-06-30T01:30:00Z,2026-06-30T03:30:00+0200,46288.104,MW,DE,DE_LU,actual_load,Actual Load,2026-07-14T14:11:01Z
2026-07-14T14:09:01Z,2026-07-14T16:09:01+0200,fe0b5391-87e1-42cc-91a2-4b5686b81b2f,2026-06-30T01:45:00Z,2026-06-30T03:45:00+0200,46233.56101,MW,DE,DE_LU,actual_load,Actual Load,2026-07-14T14:11:01Z
2026-07-14T14:09:01Z,2026-07-14T16:09:01+0200,fe0b5391-87e1-42cc-91a2-4b5686b81b2f,2026-06-30T02:00:00Z,2026-06-30T04:00:00+0200,46755.99851,MW,DE,DE_LU,actual_load,Actual Load,2026-07-14T14:11:01Z
2026-07-14T14:09:01Z,2026-07-14T16:09:01+0200,fe0b5391-87e1-42cc-91a2-4b5686b81b2f,2026-06-30T02:15:00Z,2026-06-30T04:15:00+0200,46831.43228,MW,DE,DE_LU,actual_load,Actual Load,2026-07-14T14:11:01Z
2026-07-14T14:09:01Z,2026-07-14T16:09:01+0200,fe0b5391-87e1-42cc-91a2-4b5686b81b2f,2026-06-30T02:30:00Z,2026-06-30T04:30:00+0200,47342.78434,MW,DE,DE_LU,actual_load,Actual Load,2026-07-14T14:11:01Z
2026-07-14T14:09:01Z,2026-07-14T16:09:01+0200,fe0b5391-87e1-42cc-91a2-4b5686b81b2f,2026-06-30T02:45:00Z,2026-06-30T04:45:00+0200,47405.6759,MW,DE,DE_LU,actual_load,Actual Load,2026-07-14T14:11:01Z
2026-07-14T14:09:01Z,2026-07-14T16:09:01+0200,fe0b5391-87e1-42cc-91a2-4b5686b81b2f,2026-06-30T03:00:00Z,2026-06-30T05:00:00+0200,48028.48602,MW,DE,DE_LU,actual_load,Actual Load,2026-07-14T14:11:01Z
2026-07-14T14:09:01Z,2026-07-14T16:09:01+0200,fe0b5391-87e1-42cc-91a2-4b5686b81b2f,2026-06-30T03:15:00Z,2026-06-30T05:15:00+0200,48184.8392,MW,DE,DE_LU,actual_load,Actual Load,2026-07-14T14:11:01Z
2026-07-14T14:09:01Z,2026-07-14T16:09:01+0200,fe0b5391-87e1-42cc-91a2-4b5686b81b2f,2026-06-30T03:30:00Z,2026-06-30T05:30:00+0200,49352.86606,MW,DE,DE_LU,actual_load,Actual Load,2026-07-14T14:11:01Z
2026-07-14T14:09:01Z,2026-07-14T16:09:01+0200,fe0b5391-87e1-42cc-91a2-4b5686b81b2f,2026-06-30T03:45:00Z,2026-06-30T05:45:00+0200,50806.92576,MW,DE,DE_LU,actual_load,Actual Load,2026-07-14T14:11:01Z
2026-07-14T14:09:01Z,2026-07-14T16:09:01+0200,fe0b5391-87e1-42cc-91a2-4b5686b81b2f,2026-06-30T04:00:00Z,2026-06-30T06:00:00+0200,52554.76383,MW,DE,DE_LU,actual_load,Actual Load,2026-07-14T14:11:01Z
2026-07-14T14:09:01Z,2026-07-14T16:09:01+0200,fe0b5391-87e1-42cc-91a2-4b5686b81b2f,2026-06-30T04:15:00Z,2026-06-30T06:15:00+0200,54234.38142,MW,DE,DE_LU,actual_load,Actual Load,2026-07-14T14:11:01Z
2026-07-14T14:09:01Z,2026-07-14T16:09:01+0200,fe0b5391-87e1-42cc-91a2-4b5686b81b2f,2026-06-30T04:30:00Z,2026-06-30T06:30:00+0200,55893.4502,MW,DE,DE_LU,actual_load,Actual Load,2026-07-14T14:11:01Z
2026-07-14T14:09:01Z,2026-07-14T16:09:01+0200,fe0b5391-87e1-42cc-91a2-4b5686b81b2f,2026-06-30T04:45:00Z,2026-06-30T06:45:00+0200,56509.79934,MW,DE,DE_LU,actual_load,Actual Load,2026-07-14T14:11:01Z
2026-07-14T14:09:01Z,2026-07-14T16:09:01+0200,fe0b5391-87e1-42cc-91a2-4b5686b81b2f,2026-06-30T05:00:00Z,2026-06-30T07:00:00+0200,57444.30185,MW,DE,DE_LU,actual_load,Actual Load,2026-07-14T14:11:01Z
2026-07-14T14:09:01Z,2026-07-14T16:09:01+0200,fe0b5391-87e1-42cc-91a2-4b5686b81b2f,2026-06-30T05:15:00Z,2026-06-30T07:15:00+0200,58302.73571,MW,DE,DE_LU,actual_load,Actual Load,2026-07-14T14:11:01Z
2026-07-14T14:09:01Z,2026-07-14T16:09:01+0200,fe0b5391-87e1-42cc-91a2-4b5686b81b2f,2026-06-30T05:30:00Z,2026-06-30T07:30:00+0200,59043.91333,MW,DE,DE_LU,actual_load,Actual Load,2026-07-14T14:11:01Z
2026-07-14T14:09:01Z,2026-07-14T16:09:01+0200,fe0b5391-87e1-42cc-91a2-4b5686b81b2f,2026-06-30T05:45:00Z,2026-06-30T07:45:00+0200,59860.80089,MW,DE,DE_LU,actual_load,Actual Load,2026-07-14T14:11:01Z
2026-07-14T14:09:01Z,2026-07-14T16:09:01+0200,fe0b5391-87e1-42cc-91a2-4b5686b81b2f,2026-06-30T06:00:00Z,2026-06-30T08:00:00+0200,60743.10425,MW,DE,DE_LU,actual_load,Actual Load,2026-07-14T14:11:01Z
2026-07-14T14:09:01Z,2026-07-14T16:09:01+0200,fe0b5391-87e1-42cc-91a2-4b5686b81b2f,2026-06-30T06:15:00Z,2026-06-30T08:15:00+0200,61068.93628,MW,DE,DE_LU,actual_load,Actual Load,2026-07-14T14:11:01Z
2026-07-14T14:09:01Z,2026-07-14T16:09:01+0200,fe0b5391-87e1-42cc-91a2-4b5686b81b2f,2026-06-30T06:30:00Z,2026-06-30T08:30:00+0200,62223.78857,MW,DE,DE_LU,actual_load,Actual Load,2026-07-14T14:11:01Z
2026-07-14T14:09:01Z,2026-07-14T16:09:01+0200,fe0b5391-87e1-42cc-91a2-4b5686b81b2f,2026-06-30T06:45:00Z,2026-06-30T08:45:00+0200,62385.30103,MW,DE,DE_LU,actual_load,Actual Load,2026-07-14T14:11:01Z
2026-07-14T14:09:01Z,2026-07-14T16:09:01+0200,fe0b5391-87e1-42cc-91a2-4b5686b81b2f,2026-06-30T07:00:00Z,2026-06-30T09:00:00+0200,61362.14065,MW,DE,DE_LU,actual_load,Actual Load,2026-07-14T14:11:01Z
2026-07-14T14:09:01Z,2026-07-14T16:09:01+0200,fe0b5391-87e1-42cc-91a2-4b5686b81b2f,2026-06-30T07:15:00Z,2026-06-30T09:15:00+0200,61384.18449,MW,DE,DE_LU,actual_load,Actual Load,2026-07-14T14:11:01Z
2026-07-14T14:09:01Z,2026-07-14T16:09:01+0200,fe0b5391-87e1-42cc-91a2-4b5686b81b2f,2026-06-30T07:30:00Z,2026-06-30T09:30:00+0200,61708.85852,MW,DE,DE_LU,actual_load,Actual Load,2026-07-14T14:11:01Z
2026-07-14T14:09:01Z,2026-07-14T16:09:01+0200,fe0b5391-87e1-42cc-91a2-4b5686b81b2f,2026-06-30T07:45:00Z,2026-06-30T09:45:00+0200,61892.50521,MW,DE,DE_LU,actual_load,Actual Load,2026-07-14T14:11:01Z
2026-07-14T14:09:01Z,2026-07-14T16:09:01+0200,fe0b5391-87e1-42cc-91a2-4b5686b81b2f,2026-06-30T08:00:00Z,2026-06-30T10:00:00+0200,61315.96427,MW,DE,DE_LU,actual_load,Actual Load,2026-07-14T14:11:01Z
2026-07-14T14:09:01Z,2026-07-14T16:09:01+0200,fe0b5391-87e1-42cc-91a2-4b5686b81b2f,2026-06-30T08:15:00Z,2026-06-30T10:15:00+0200,61164.8397,MW,DE,DE_LU,actual_load,Actual Load,2026-07-14T14:11:01Z
2026-07-14T14:09:01Z,2026-07-14T16:09:01+0200,fe0b5391-87e1-42cc-91a2-4b5686b81b2f,2026-06-30T08:30:00Z,2026-06-30T10:30:00+0200,61334.31732,MW,DE,DE_LU,actual_load,Actual Load,2026-07-14T14:11:01Z
2026-07-14T14:09:01Z,2026-07-14T16:09:01+0200,fe0b5391-87e1-42cc-91a2-4b5686b81b2f,2026-06-30T08:45:00Z,2026-06-30T10:45:00+0200,61112.07274,MW,DE,DE_LU,actual_load,Actual Load,2026-07-14T14:11:01Z
2026-07-14T14:09:01Z,2026-07-14T16:09:01+0200,fe0b5391-87e1-42cc-91a2-4b5686b81b2f,2026-06-30T09:00:00Z,2026-06-30T11:00:00+0200,60737.91089,MW,DE,DE_LU,actual_load,Actual Load,2026-07-14T14:11:01Z
2026-07-14T14:09:01Z,2026-07-14T16:09:01+0200,fe0b5391-87e1-42cc-91a2-4b5686b81b2f,2026-06-30T09:15:00Z,2026-06-30T11:15:00+0200,60867.80578,MW,DE,DE_LU,actual_load,Actual Load,2026-07-14T14:11:01Z
2026-07-14T14:09:01Z,2026-07-14T16:09:01+0200,fe0b5391-87e1-42cc-91a2-4b5686b81b2f,2026-06-30T09:30:00Z,2026-06-30T11:30:00+0200,61261.28724,MW,DE,DE_LU,actual_load,Actual Load,2026-07-14T14:11:01Z
2026-07-14T14:09:01Z,2026-07-14T16:09:01+0200,fe0b5391-87e1-42cc-91a2-4b5686b81b2f,2026-06-30T09:45:00Z,2026-06-30T11:45:00+0200,61368.29129,MW,DE,DE_LU,actual_load,Actual Load,2026-07-14T14:11:01Z
2026-07-14T14:09:01Z,2026-07-14T16:09:01+0200,fe0b5391-87e1-42cc-91a2-4b5686b81b2f,2026-06-30T10:00:00Z,2026-06-30T12:00:00+0200,60352.96881,MW,DE,DE_LU,actual_load,Actual Load,2026-07-14T14:11:01Z
2026-07-14T14:09:01Z,2026-07-14T16:09:01+0200,fe0b5391-87e1-42cc-91a2-4b5686b81b2f,2026-06-30T10:15:00Z,2026-06-30T12:15:00+0200,59725.15308,MW,DE,DE_LU,actual_load,Actual Load,2026-07-14T14:11:01Z
2026-07-14T14:09:01Z,2026-07-14T16:09:01+0200,fe0b5391-87e1-42cc-91a2-4b5686b81b2f,2026-06-30T10:30:00Z,2026-06-30T12:30:00+0200,60554.04806,MW,DE,DE_LU,actual_load,Actual Load,2026-07-14T14:11:01Z
2026-07-14T14:09:01Z,2026-07-14T16:09:01+0200,fe0b5391-87e1-42cc-91a2-4b5686b81b2f,2026-06-30T10:45:00Z,2026-06-30T12:45:00+0200,60716.65132,MW,DE,DE_LU,actual_load,Actual Load,2026-07-14T14:11:01Z
2026-07-14T14:09:01Z,2026-07-14T16:09:01+0200,fe0b5391-87e1-42cc-91a2-4b5686b81b2f,2026-06-30T11:00:00Z,2026-06-30T13:00:00+0200,60032.69003,MW,DE,DE_LU,actual_load,Actual Load,2026-07-14T14:11:01Z
2026-07-14T14:09:01Z,2026-07-14T16:09:01+0200,fe0b5391-87e1-42cc-91a2-4b5686b81b2f,2026-06-30T11:15:00Z,2026-06-30T13:15:00+0200,59929.76905,MW,DE,DE_LU,actual_load,Actual Load,2026-07-14T14:11:01Z
2026-07-14T14:09:01Z,2026-07-14T16:09:01+0200,fe0b5391-87e1-42cc-91a2-4b5686b81b2f,2026-06-30T11:30:00Z,2026-06-30T13:30:00+0200,59514.26374,MW,DE,DE_LU,actual_load,Actual Load,2026-07-14T14:11:01Z
2026-07-14T14:09:01Z,2026-07-14T16:09:01+0200,fe0b5391-87e1-42cc-91a2-4b5686b81b2f,2026-06-30T11:45:00Z,2026-06-30T13:45:00+0200,59508.07886,MW,DE,DE_LU,actual_load,Actual Load,2026-07-14T14:11:01Z
2026-07-14T14:09:01Z,2026-07-14T16:09:01+0200,fe0b5391-87e1-42cc-91a2-4b5686b81b2f,2026-06-30T12:00:00Z,2026-06-30T14:00:00+0200,59183.45909,MW,DE,DE_LU,actual_load,Actual Load,2026-07-14T14:11:01Z
2026-07-14T14:09:01Z,2026-07-14T16:09:01+0200,fe0b5391-87e1-42cc-91a2-4b5686b81b2f,2026-06-30T12:15:00Z,2026-06-30T14:15:00+0200,58963.74736,MW,DE,DE_LU,actual_load,Actual Load,2026-07-14T14:11:01Z
2026-07-14T14:09:01Z,2026-07-14T16:09:01+0200,fe0b5391-87e1-42cc-91a2-4b5686b81b2f,2026-06-30T12:30:00Z,2026-06-30T14:30:00+0200,58062.56072,MW,DE,DE_LU,actual_load,Actual Load,2026-07-14T14:11:01Z
2026-07-14T14:09:01Z,2026-07-14T16:09:01+0200,fe0b5391-87e1-42cc-91a2-4b5686b81b2f,2026-06-30T12:45:00Z,2026-06-30T14:45:00+0200,58282.09119,MW,DE,DE_LU,actual_load,Actual Load,2026-07-14T14:11:01Z
2026-07-14T14:09:01Z,2026-07-14T16:09:01+0200,fe0b5391-87e1-42cc-91a2-4b5686b81b2f,2026-06-30T13:00:00Z,2026-06-30T15:00:00+0200,59231.26976,MW,DE,DE_LU,actual_load,Actual Load,2026-07-14T14:11:01Z
2026-07-14T14:09:01Z,2026-07-14T16:09:01+0200,fe0b5391-87e1-42cc-91a2-4b5686b81b2f,2026-06-30T13:15:00Z,2026-06-30T15:15:00+0200,59646.51659,MW,DE,DE_LU,actual_load,Actual Load,2026-07-14T14:11:01Z
2026-07-14T14:09:01Z,2026-07-14T16:09:01+0200,fe0b5391-87e1-42cc-91a2-4b5686b81b2f,2026-06-30T13:30:00Z,2026-06-30T15:30:00+0200,58801.78461,MW,DE,DE_LU,actual_load,Actual Load,2026-07-14T14:11:01Z
2026-07-14T14:09:01Z,2026-07-14T16:09:01+0200,fe0b5391-87e1-42cc-91a2-4b5686b81b2f,2026-06-30T13:45:00Z,2026-06-30T15:45:00+0200,59046.48805,MW,DE,DE_LU,actual_load,Actual Load,2026-07-14T14:11:01Z
2026-07-14T14:09:01Z,2026-07-14T16:09:01+0200,fe0b5391-87e1-42cc-91a2-4b5686b81b2f,2026-06-30T14:00:00Z,2026-06-30T16:00:00+0200,60153.38535,MW,DE,DE_LU,actual_load,Actual Load,2026-07-14T14:11:01Z
2026-07-14T14:09:01Z,2026-07-14T16:09:01+0200,fe0b5391-87e1-42cc-91a2-4b5686b81b2f,2026-06-30T14:15:00Z,2026-06-30T16:15:00+0200,59470.82731,MW,DE,DE_LU,actual_load,Actual Load,2026-07-14T14:11:01Z
2026-07-14T14:09:01Z,2026-07-14T16:09:01+0200,fe0b5391-87e1-42cc-91a2-4b5686b81b2f,2026-06-30T14:30:00Z,2026-06-30T16:30:00+0200,58934.85143,MW,DE,DE_LU,actual_load,Actual Load,2026-07-14T14:11:01Z
2026-07-14T14:09:01Z,2026-07-14T16:09:01+0200,fe0b5391-87e1-42cc-91a2-4b5686b81b2f,2026-06-30T14:45:00Z,2026-06-30T16:45:00+0200,59108.36718,MW,DE,DE_LU,actual_load,Actual Load,2026-07-14T14:11:01Z
2026-07-14T14:09:01Z,2026-07-14T16:09:01+0200,fe0b5391-87e1-42cc-91a2-4b5686b81b2f,2026-06-30T15:00:00Z,2026-06-30T17:00:00+0200,59550.72395,MW,DE,DE_LU,actual_load,Actual Load,2026-07-14T14:11:01Z
2026-07-14T14:09:01Z,2026-07-14T16:09:01+0200,fe0b5391-87e1-42cc-91a2-4b5686b81b2f,2026-06-30T15:15:00Z,2026-06-30T17:15:00+0200,59728.69145,MW,DE,DE_LU,actual_load,Actual Load,2026-07-14T14:11:01Z
2026-07-14T14:09:01Z,2026-07-14T16:09:01+0200,fe0b5391-87e1-42cc-91a2-4b5686b81b2f,2026-06-30T15:30:00Z,2026-06-30T17:30:00+0200,60544.16064,MW,DE,DE_LU,actual_load,Actual Load,2026-07-14T14:11:01Z
2026-07-14T14:09:01Z,2026-07-14T16:09:01+0200,fe0b5391-87e1-42cc-91a2-4b5686b81b2f,2026-06-30T15:45:00Z,2026-06-30T17:45:00+0200,60771.69231,MW,DE,DE_LU,actual_load,Actual Load,2026-07-14T14:11:01Z
2026-07-14T14:09:01Z,2026-07-14T16:09:01+0200,fe0b5391-87e1-42cc-91a2-4b5686b81b2f,2026-06-30T16:00:00Z,2026-06-30T18:00:00+0200,60938.20308,MW,DE,DE_LU,actual_load,Actual Load,2026-07-14T14:11:01Z
2026-07-14T14:09:01Z,2026-07-14T16:09:01+0200,fe0b5391-87e1-42cc-91a2-4b5686b81b2f,2026-06-30T16:15:00Z,2026-06-30T18:15:00+0200,60529.64604,MW,DE,DE_LU,actual_load,Actual Load,2026-07-14T14:11:01Z
2026-07-14T14:09:01Z,2026-07-14T16:09:01+0200,fe0b5391-87e1-42cc-91a2-4b5686b81b2f,2026-06-30T16:30:00Z,2026-06-30T18:30:00+0200,60804.45974,MW,DE,DE_LU,actual_load,Actual Load,2026-07-14T14:11:01Z
2026-07-14T14:09:01Z,2026-07-14T16:09:01+0200,fe0b5391-87e1-42cc-91a2-4b5686b81b2f,2026-06-30T16:45:00Z,2026-06-30T18:45:00+0200,60276.24416,MW,DE,DE_LU,actual_load,Actual Load,2026-07-14T14:11:01Z
2026-07-14T14:09:01Z,2026-07-14T16:09:01+0200,fe0b5391-87e1-42cc-91a2-4b5686b81b2f,2026-06-30T17:00:00Z,2026-06-30T19:00:00+0200,61108.16422,MW,DE,DE_LU,actual_load,Actual Load,2026-07-14T14:11:01Z
2026-07-14T14:09:01Z,2026-07-14T16:09:01+0200,fe0b5391-87e1-42cc-91a2-4b5686b81b2f,2026-06-30T17:15:00Z,2026-06-30T19:15:00+0200,60799.6542,MW,DE,DE_LU,actual_load,Actual Load,2026-07-14T14:11:01Z
2026-07-14T14:09:01Z,2026-07-14T16:09:01+0200,fe0b5391-87e1-42cc-91a2-4b5686b81b2f,2026-06-30T17:30:00Z,2026-06-30T19:30:00+0200,60026.25607,MW,DE,DE_LU,actual_load,Actual Load,2026-07-14T14:11:01Z
2026-07-14T14:09:01Z,2026-07-14T16:09:01+0200,fe0b5391-87e1-42cc-91a2-4b5686b81b2f,2026-06-30T17:45:00Z,2026-06-30T19:45:00+0200,59635.92077,MW,DE,DE_LU,actual_load,Actual Load,2026-07-14T14:11:01Z
2026-07-14T14:09:01Z,2026-07-14T16:09:01+0200,fe0b5391-87e1-42cc-91a2-4b5686b81b2f,2026-06-30T18:00:00Z,2026-06-30T20:00:00+0200,59313.05448,MW,DE,DE_LU,actual_load,Actual Load,2026-07-14T14:11:01Z
2026-07-14T14:09:01Z,2026-07-14T16:09:01+0200,fe0b5391-87e1-42cc-91a2-4b5686b81b2f,2026-06-30T18:15:00Z,2026-06-30T20:15:00+0200,58668.27446,MW,DE,DE_LU,actual_load,Actual Load,2026-07-14T14:11:01Z
2026-07-14T14:09:01Z,2026-07-14T16:09:01+0200,fe0b5391-87e1-42cc-91a2-4b5686b81b2f,2026-06-30T18:30:00Z,2026-06-30T20:30:00+0200,58067.39303,MW,DE,DE_LU,actual_load,Actual Load,2026-07-14T14:11:01Z
2026-07-14T14:09:01Z,2026-07-14T16:09:01+0200,fe0b5391-87e1-42cc-91a2-4b5686b81b2f,2026-06-30T18:45:00Z,2026-06-30T20:45:00+0200,57563.15918,MW,DE,DE_LU,actual_load,Actual Load,2026-07-14T14:11:01Z
2026-07-14T14:09:01Z,2026-07-14T16:09:01+0200,fe0b5391-87e1-42cc-91a2-4b5686b81b2f,2026-06-30T19:00:00Z,2026-06-30T21:00:00+0200,56645.90998,MW,DE,DE_LU,actual_load,Actual Load,2026-07-14T14:11:01Z
2026-07-14T14:09:01Z,2026-07-14T16:09:01+0200,fe0b5391-87e1-42cc-91a2-4b5686b81b2f,2026-06-30T19:15:00Z,2026-06-30T21:15:00+0200,55917.94096,MW,DE,DE_LU,actual_load,Actual Load,2026-07-14T14:11:01Z
2026-07-14T14:09:01Z,2026-07-14T16:09:01+0200,fe0b5391-87e1-42cc-91a2-4b5686b81b2f,2026-06-30T19:30:00Z,2026-06-30T21:30:00+0200,55469.98406,MW,DE,DE_LU,actual_load,Actual Load,2026-07-14T14:11:01Z
2026-07-14T14:09:01Z,2026-07-14T16:09:01+0200,fe0b5391-87e1-42cc-91a2-4b5686b81b2f,2026-06-30T19:45:00Z,2026-06-30T21:45:00+0200,55242.1785,MW,DE,DE_LU,actual_load,Actual Load,2026-07-14T14:11:01Z
2026-07-14T14:09:01Z,2026-07-14T16:09:01+0200,fe0b5391-87e1-42cc-91a2-4b5686b81b2f,2026-06-30T20:00:00Z,2026-06-30T22:00:00+0200,54511.21667,MW,DE,DE_LU,actual_load,Actual Load,2026-07-14T14:11:01Z
2026-07-14T14:09:01Z,2026-07-14T16:09:01+0200,fe0b5391-87e1-42cc-91a2-4b5686b81b2f,2026-06-30T20:15:00Z,2026-06-30T22:15:00+0200,54328.39782,MW,DE,DE_LU,actual_load,Actual Load,2026-07-14T14:11:01Z
2026-07-14T14:09:01Z,2026-07-14T16:09:01+0200,fe0b5391-87e1-42cc-91a2-4b5686b81b2f,2026-06-30T20:30:00Z,2026-06-30T22:30:00+0200,54027.8185,MW,DE,DE_LU,actual_load,Actual Load,2026-07-14T14:11:01Z
2026-07-14T14:09:01Z,2026-07-14T16:09:01+0200,fe0b5391-87e1-42cc-91a2-4b5686b81b2f,2026-06-30T20:45:00Z,2026-06-30T22:45:00+0200,53294.83128,MW,DE,DE_LU,actual_load,Actual Load,2026-07-14T14:11:01Z
2026-07-14T14:09:01Z,2026-07-14T16:09:01+0200,fe0b5391-87e1-42cc-91a2-4b5686b81b2f,2026-06-30T21:00:00Z,2026-06-30T23:00:00+0200,51535.19937,MW,DE,DE_LU,actual_load,Actual Load,2026-07-14T14:11:01Z
2026-07-14T14:09:01Z,2026-07-14T16:09:01+0200,fe0b5391-87e1-42cc-91a2-4b5686b81b2f,2026-06-30T21:15:00Z,2026-06-30T23:15:00+0200,51446.31858,MW,DE,DE_LU,actual_load,Actual Load,2026-07-14T14:11:01Z
2026-07-14T14:09:01Z,2026-07-14T16:09:01+0200,fe0b5391-87e1-42cc-91a2-4b5686b81b2f,2026-06-30T21:30:00Z,2026-06-30T23:30:00+0200,51383.08516,MW,DE,DE_LU,actual_load,Actual Load,2026-07-14T14:11:01Z
2026-07-14T14:09:01Z,2026-07-14T16:09:01+0200,fe0b5391-87e1-42cc-91a2-4b5686b81b2f,2026-06-30T21:45:00Z,2026-06-30T23:45:00+0200,50613.27447,MW,DE,DE_LU,actual_load,Actual Load,2026-07-14T14:11:01Z
2026-07-14T14:09:01Z,2026-07-14T16:09:01+0200,fe0b5391-87e1-42cc-91a2-4b5686b81b2f,2026-06-30T22:00:00Z,2026-07-01T00:00:00+0200,49389.73104,MW,DE,DE_LU,actual_load,Actual Load,2026-07-14T14:11:01Z
2026-07-14T14:09:01Z,2026-07-14T16:09:01+0200,fe0b5391-87e1-42cc-91a2-4b5686b81b2f,2026-06-30T22:15:00Z,2026-07-01T00:15:00+0200,49119.23513,MW,DE,DE_LU,actual_load,Actual Load,2026-07-14T14:11:01Z
2026-07-14T14:09:01Z,2026-07-14T16:09:01+0200,fe0b5391-87e1-42cc-91a2-4b5686b81b2f,2026-06-30T22:30:00Z,2026-07-01T00:30:00+0200,48697.43238,MW,DE,DE_LU,actual_load,Actual Load,2026-07-14T14:11:01Z
2026-07-14T14:09:01Z,2026-07-14T16:09:01+0200,fe0b5391-87e1-42cc-91a2-4b5686b81b2f,2026-06-30T22:45:00Z,2026-07-01T00:45:00+0200,48271.26327,MW,DE,DE_LU,actual_load,Actual Load,2026-07-14T14:11:01Z
2026-07-14T14:09:01Z,2026-07-14T16:09:01+0200,fe0b5391-87e1-42cc-91a2-4b5686b81b2f,2026-06-30T23:00:00Z,2026-07-01T01:00:00+0200,47764.3672,MW,DE,DE_LU,actual_load,Actual Load,2026-07-14T14:11:01Z
2026-07-14T14:09:01Z,2026-07-14T16:09:01+0200,fe0b5391-87e1-42cc-91a2-4b5686b81b2f,2026-06-30T23:15:00Z,2026-07-01T01:15:00+0200,47355.54657,MW,DE,DE_LU,actual_load,Actual Load,2026-07-14T14:11:01Z
2026-07-14T14:09:01Z,2026-07-14T16:09:01+0200,fe0b5391-87e1-42cc-91a2-4b5686b81b2f,2026-06-30T23:30:00Z,2026-07-01T01:30:00+0200,47023.05338,MW,DE,DE_LU,actual_load,Actual Load,2026-07-14T14:11:01Z
2026-07-14T14:09:01Z,2026-07-14T16:09:01+0200,fe0b5391-87e1-42cc-91a2-4b5686b81b2f,2026-06-30T23:45:00Z,2026-07-01T01:45:00+0200,46939.39306,MW,DE,DE_LU,actual_load,Actual Load,2026-07-14T14:11:01Z
2026-07-14T14:09:01Z,2026-07-14T16:09:01+0200,fe0b5391-87e1-42cc-91a2-4b5686b81b2f,2026-07-01T00:00:00Z,2026-07-01T02:00:00+0200,46323.54891,MW,DE,DE_LU,actual_load,Actual Load,2026-07-14T14:11:01Z
2026-07-14T14:09:01Z,2026-07-14T16:09:01+0200,fe0b5391-87e1-42cc-91a2-4b5686b81b2f,2026-07-01T00:15:00Z,2026-07-01T02:15:00+0200,46263.82614,MW,DE,DE_LU,actual_load,Actual Load,2026-07-14T14:11:01Z
2026-07-14T14:09:01Z,2026-07-14T16:09:01+0200,fe0b5391-87e1-42cc-91a2-4b5686b81b2f,2026-07-01T00:30:00Z,2026-07-01T02:30:00+0200,46648.45549,MW,DE,DE_LU,actual_load,Actual Load,2026-07-14T14:11:01Z
2026-07-14T14:09:01Z,2026-07-14T16:09:01+0200,fe0b5391-87e1-42cc-91a2-4b5686b81b2f,2026-07-01T00:45:00Z,2026-07-01T02:45:00+0200,46467.05147,MW,DE,DE_LU,actual_load,Actual Load,2026-07-14T14:11:01Z
2026-07-14T14:09:01Z,2026-07-14T16:09:01+0200,fe0b5391-87e1-42cc-91a2-4b5686b81b2f,2026-07-01T01:00:00Z,2026-07-01T03:00:00+0200,45712.95026,MW,DE,DE_LU,actual_load,Actual Load,2026-07-14T14:11:01Z
2026-07-14T14:09:01Z,2026-07-14T16:09:01+0200,fe0b5391-87e1-42cc-91a2-4b5686b81b2f,2026-07-01T01:15:00Z,2026-07-01T03:15:00+0200,45623.34053,MW,DE,DE_LU,actual_load,Actual Load,2026-07-14T14:11:01Z
2026-07-14T14:09:01Z,2026-07-14T16:09:01+0200,fe0b5391-87e1-42cc-91a2-4b5686b81b2f,2026-07-01T01:30:00Z,2026-07-01T03:30:00+0200,45611.5363,MW,DE,DE_LU,actual_load,Actual Load,2026-07-14T14:11:01Z
2026-07-14T14:09:01Z,2026-07-14T16:09:01+0200,fe0b5391-87e1-42cc-91a2-4b5686b81b2f,2026-07-01T01:45:00Z,2026-07-01T03:45:00+0200,46047.88626,MW,DE,DE_LU,actual_load,Actual Load,2026-07-14T14:11:01Z
2026-07-14T14:09:01Z,2026-07-14T16:09:01+0200,fe0b5391-87e1-42cc-91a2-4b5686b81b2f,2026-07-01T02:00:00Z,2026-07-01T04:00:00+0200,46326.61733,MW,DE,DE_LU,actual_load,Actual Load,2026-07-14T14:11:01Z
2026-07-14T14:09:01Z,2026-07-14T16:09:01+0200,fe0b5391-87e1-42cc-91a2-4b5686b81b2f,2026-07-01T02:15:00Z,2026-07-01T04:15:00+0200,46212.14422,MW,DE,DE_LU,actual_load,Actual Load,2026-07-14T14:11:01Z
2026-07-14T14:09:01Z,2026-07-14T16:09:01+0200,fe0b5391-87e1-42cc-91a2-4b5686b81b2f,2026-07-01T02:30:00Z,2026-07-01T04:30:00+0200,46486.69398,MW,DE,DE_LU,actual_load,Actual Load,2026-07-14T14:11:01Z
2026-07-14T14:09:01Z,2026-07-14T16:09:01+0200,fe0b5391-87e1-42cc-91a2-4b5686b81b2f,2026-07-01T02:45:00Z,2026-07-01T04:45:00+0200,46825.48934,MW,DE,DE_LU,actual_load,Actual Load,2026-07-14T14:11:01Z
2026-07-14T14:09:01Z,2026-07-14T16:09:01+0200,fe0b5391-87e1-42cc-91a2-4b5686b81b2f,2026-07-01T03:00:00Z,2026-07-01T05:00:00+0200,48151.33176,MW,DE,DE_LU,actual_load,Actual Load,2026-07-14T14:11:01Z
2026-07-14T14:09:01Z,2026-07-14T16:09:01+0200,fe0b5391-87e1-42cc-91a2-4b5686b81b2f,2026-07-01T03:15:00Z,2026-07-01T05:15:00+0200,48574.16606,MW,DE,DE_LU,actual_load,Actual Load,2026-07-14T14:11:01Z
2026-07-14T14:09:01Z,2026-07-14T16:09:01+0200,fe0b5391-87e1-42cc-91a2-4b5686b81b2f,2026-07-01T03:30:00Z,2026-07-01T05:30:00+0200,49525.40207,MW,DE,DE_LU,actual_load,Actual Load,2026-07-14T14:11:01Z
2026-07-14T14:09:01Z,2026-07-14T16:09:01+0200,fe0b5391-87e1-42cc-91a2-4b5686b81b2f,2026-07-01T03:45:00Z,2026-07-01T05:45:00+0200,50591.76838,MW,DE,DE_LU,actual_load,Actual Load,2026-07-14T14:11:01Z
2026-07-14T14:09:01Z,2026-07-14T16:09:01+0200,fe0b5391-87e1-42cc-91a2-4b5686b81b2f,2026-07-01T04:00:00Z,2026-07-01T06:00:00+0200,52123.53016,MW,DE,DE_LU,actual_load,Actual Load,2026-07-14T14:11:01Z
2026-07-14T14:09:01Z,2026-07-14T16:09:01+0200,fe0b5391-87e1-42cc-91a2-4b5686b81b2f,2026-07-01T04:15:00Z,2026-07-01T06:15:00+0200,53871.79833,MW,DE,DE_LU,actual_load,Actual Load,2026-07-14T14:11:01Z
2026-07-14T14:09:01Z,2026-07-14T16:09:01+0200,fe0b5391-87e1-42cc-91a2-4b5686b81b2f,2026-07-01T04:30:00Z,2026-07-01T06:30:00+0200,55319.78727,MW,DE,DE_LU,actual_load,Actual Load,2026-07-14T14:11:01Z
2026-07-14T14:09:01Z,2026-07-14T16:09:01+0200,fe0b5391-87e1-42cc-91a2-4b5686b81b2f,2026-07-01T04:45:00Z,2026-07-01T06:45:00+0200,56627.90361,MW,DE,DE_LU,actual_load,Actual Load,2026-07-14T14:11:01Z
2026-07-14T14:09:01Z,2026-07-14T16:09:01+0200,fe0b5391-87e1-42cc-91a2-4b5686b81b2f,2026-07-01T05:00:00Z,2026-07-01T07:00:00+0200,58074.94326,MW,DE,DE_LU,actual_load,Actual Load,2026-07-14T14:11:01Z
2026-07-14T14:09:01Z,2026-07-14T16:09:01+0200,fe0b5391-87e1-42cc-91a2-4b5686b81b2f,2026-07-01T05:15:00Z,2026-07-01T07:15:00+0200,59301.55948,MW,DE,DE_LU,actual_load,Actual Load,2026-07-14T14:11:01Z
2026-07-14T14:09:01Z,2026-07-14T16:09:01+0200,fe0b5391-87e1-42cc-91a2-4b5686b81b2f,2026-07-01T05:30:00Z,2026-07-01T07:30:00+0200,60230.00598,MW,DE,DE_LU,actual_load,Actual Load,2026-07-14T14:11:01Z
2026-07-14T14:09:01Z,2026-07-14T16:09:01+0200,fe0b5391-87e1-42cc-91a2-4b5686b81b2f,2026-07-01T05:45:00Z,2026-07-01T07:45:00+0200,61144.88974,MW,DE,DE_LU,actual_load,Actual Load,2026-07-14T14:11:01Z
2026-07-14T14:09:01Z,2026-07-14T16:09:01+0200,fe0b5391-87e1-42cc-91a2-4b5686b81b2f,2026-07-01T06:00:00Z,2026-07-01T08:00:00+0200,62105.8054,MW,DE,DE_LU,actual_load,Actual Load,2026-07-14T14:11:01Z
2026-07-14T14:09:01Z,2026-07-14T16:09:01+0200,fe0b5391-87e1-42cc-91a2-4b5686b81b2f,2026-07-01T06:15:00Z,2026-07-01T08:15:00+0200,62965.72937,MW,DE,DE_LU,actual_load,Actual Load,2026-07-14T14:11:01Z
2026-07-14T14:09:01Z,2026-07-14T16:09:01+0200,fe0b5391-87e1-42cc-91a2-4b5686b81b2f,2026-07-01T06:30:00Z,2026-07-01T08:30:00+0200,63546.86294,MW,DE,DE_LU,actual_load,Actual Load,2026-07-14T14:11:01Z
2026-07-14T14:09:01Z,2026-07-14T16:09:01+0200,fe0b5391-87e1-42cc-91a2-4b5686b81b2f,2026-07-01T06:45:00Z,2026-07-01T08:45:00+0200,63828.19537,MW,DE,DE_LU,actual_load,Actual Load,2026-07-14T14:11:01Z
2026-07-14T14:09:01Z,2026-07-14T16:09:01+0200,fe0b5391-87e1-42cc-91a2-4b5686b81b2f,2026-07-01T07:00:00Z,2026-07-01T09:00:00+0200,63142.04954,MW,DE,DE_LU,actual_load,Actual Load,2026-07-14T14:11:01Z
2026-07-14T14:09:01Z,2026-07-14T16:09:01+0200,fe0b5391-87e1-42cc-91a2-4b5686b81b2f,2026-07-01T07:15:00Z,2026-07-01T09:15:00+0200,63725.92028,MW,DE,DE_LU,actual_load,Actual Load,2026-07-14T14:11:01Z
2026-07-14T14:09:01Z,2026-07-14T16:09:01+0200,fe0b5391-87e1-42cc-91a2-4b5686b81b2f,2026-07-01T07:30:00Z,2026-07-01T09:30:00+0200,63610.26646,MW,DE,DE_LU,actual_load,Actual Load,2026-07-14T14:11:01Z
2026-07-14T14:09:01Z,2026-07-14T16:09:01+0200,fe0b5391-87e1-42cc-91a2-4b5686b81b2f,2026-07-01T07:45:00Z,2026-07-01T09:45:00+0200,63545.34456,MW,DE,DE_LU,actual_load,Actual Load,2026-07-14T14:11:01Z
2026-07-14T14:09:01Z,2026-07-14T16:09:01+0200,fe0b5391-87e1-42cc-91a2-4b5686b81b2f,2026-07-01T08:00:00Z,2026-07-01T10:00:00+0200,63163.84599,MW,DE,DE_LU,actual_load,Actual Load,2026-07-14T14:11:01Z
2026-07-14T14:09:01Z,2026-07-14T16:09:01+0200,fe0b5391-87e1-42cc-91a2-4b5686b81b2f,2026-07-01T08:15:00Z,2026-07-01T10:15:00+0200,63152.23221,MW,DE,DE_LU,actual_load,Actual Load,2026-07-14T14:11:01Z
2026-07-14T14:09:01Z,2026-07-14T16:09:01+0200,fe0b5391-87e1-42cc-91a2-4b5686b81b2f,2026-07-01T08:30:00Z,2026-07-01T10:30:00+0200,62753.97567,MW,DE,DE_LU,actual_load,Actual Load,2026-07-14T14:11:01Z
2026-07-14T14:09:01Z,2026-07-14T16:09:01+0200,fe0b5391-87e1-42cc-91a2-4b5686b81b2f,2026-07-01T08:45:00Z,2026-07-01T10:45:00+0200,62755.16138,MW,DE,DE_LU,actual_load,Actual Load,2026-07-14T14:11:01Z
2026-07-14T14:09:01Z,2026-07-14T16:09:01+0200,fe0b5391-87e1-42cc-91a2-4b5686b81b2f,2026-07-01T09:00:00Z,2026-07-01T11:00:00+0200,62552.43089,MW,DE,DE_LU,actual_load,Actual Load,2026-07-14T14:11:01Z
2026-07-14T14:09:01Z,2026-07-14T16:09:01+0200,fe0b5391-87e1-42cc-91a2-4b5686b81b2f,2026-07-01T09:15:00Z,2026-07-01T11:15:00+0200,62540.61108,MW,DE,DE_LU,actual_load,Actual Load,2026-07-14T14:11:01Z
2026-07-14T14:09:01Z,2026-07-14T16:09:01+0200,fe0b5391-87e1-42cc-91a2-4b5686b81b2f,2026-07-01T09:30:00Z,2026-07-01T11:30:00+0200,62228.59688,MW,DE,DE_LU,actual_load,Actual Load,2026-07-14T14:11:01Z
2026-07-14T14:09:01Z,2026-07-14T16:09:01+0200,fe0b5391-87e1-42cc-91a2-4b5686b81b2f,2026-07-01T09:45:00Z,2026-07-01T11:45:00+0200,62710.6609,MW,DE,DE_LU,actual_load,Actual Load,2026-07-14T14:11:01Z
2026-07-14T14:09:01Z,2026-07-14T16:09:01+0200,fe0b5391-87e1-42cc-91a2-4b5686b81b2f,2026-07-01T10:00:00Z,2026-07-01T12:00:00+0200,62041.39059,MW,DE,DE_LU,actual_load,Actual Load,2026-07-14T14:11:01Z
2026-07-14T14:09:01Z,2026-07-14T16:09:01+0200,fe0b5391-87e1-42cc-91a2-4b5686b81b2f,2026-07-01T10:15:00Z,2026-07-01T12:15:00+0200,61284.31384,MW,DE,DE_LU,actual_load,Actual Load,2026-07-14T14:11:01Z
2026-07-14T14:09:01Z,2026-07-14T16:09:01+0200,fe0b5391-87e1-42cc-91a2-4b5686b81b2f,2026-07-01T10:30:00Z,2026-07-01T12:30:00+0200,61219.08556,MW,DE,DE_LU,actual_load,Actual Load,2026-07-14T14:11:01Z
2026-07-14T14:09:01Z,2026-07-14T16:09:01+0200,fe0b5391-87e1-42cc-91a2-4b5686b81b2f,2026-07-01T10:45:00Z,2026-07-01T12:45:00+0200,61859.77577,MW,DE,DE_LU,actual_load,Actual Load,2026-07-14T14:11:01Z
2026-07-14T14:09:01Z,2026-07-14T16:09:01+0200,fe0b5391-87e1-42cc-91a2-4b5686b81b2f,2026-07-01T11:00:00Z,2026-07-01T13:00:00+0200,60850.77236,MW,DE,DE_LU,actual_load,Actual Load,2026-07-14T14:11:01Z
2026-07-14T14:09:01Z,2026-07-14T16:09:01+0200,fe0b5391-87e1-42cc-91a2-4b5686b81b2f,2026-07-01T11:15:00Z,2026-07-01T13:15:00+0200,60542.64581,MW,DE,DE_LU,actual_load,Actual Load,2026-07-14T14:11:01Z
2026-07-14T14:09:01Z,2026-07-14T16:09:01+0200,fe0b5391-87e1-42cc-91a2-4b5686b81b2f,2026-07-01T11:30:00Z,2026-07-01T13:30:00+0200,60256.49242,MW,DE,DE_LU,actual_load,Actual Load,2026-07-14T14:11:01Z
2026-07-14T14:09:01Z,2026-07-14T16:09:01+0200,fe0b5391-87e1-42cc-91a2-4b5686b81b2f,2026-07-01T11:45:00Z,2026-07-01T13:45:00+0200,59930.2798,MW,DE,DE_LU,actual_load,Actual Load,2026-07-14T14:11:01Z
2026-07-14T14:09:01Z,2026-07-14T16:09:01+0200,fe0b5391-87e1-42cc-91a2-4b5686b81b2f,2026-07-01T12:00:00Z,2026-07-01T14:00:00+0200,59669.85932,MW,DE,DE_LU,actual_load,Actual Load,2026-07-14T14:11:01Z
2026-07-14T14:09:01Z,2026-07-14T16:09:01+0200,fe0b5391-87e1-42cc-91a2-4b5686b81b2f,2026-07-01T12:15:00Z,2026-07-01T14:15:00+0200,59292.52901,MW,DE,DE_LU,actual_load,Actual Load,2026-07-14T14:11:01Z
2026-07-14T14:09:01Z,2026-07-14T16:09:01+0200,fe0b5391-87e1-42cc-91a2-4b5686b81b2f,2026-07-01T12:30:00Z,2026-07-01T14:30:00+0200,58670.48616,MW,DE,DE_LU,actual_load,Actual Load,2026-07-14T14:11:01Z
2026-07-14T14:09:01Z,2026-07-14T16:09:01+0200,fe0b5391-87e1-42cc-91a2-4b5686b81b2f,2026-07-01T12:45:00Z,2026-07-01T14:45:00+0200,58082.28024,MW,DE,DE_LU,actual_load,Actual Load,2026-07-14T14:11:01Z
2026-07-14T14:09:01Z,2026-07-14T16:09:01+0200,fe0b5391-87e1-42cc-91a2-4b5686b81b2f,2026-07-01T13:00:00Z,2026-07-01T15:00:00+0200,58527.31037,MW,DE,DE_LU,actual_load,Actual Load,2026-07-14T14:11:01Z
2026-07-14T14:09:01Z,2026-07-14T16:09:01+0200,fe0b5391-87e1-42cc-91a2-4b5686b81b2f,2026-07-01T13:15:00Z,2026-07-01T15:15:00+0200,57393.59472,MW,DE,DE_LU,actual_load,Actual Load,2026-07-14T14:11:01Z
2026-07-14T14:09:01Z,2026-07-14T16:09:01+0200,fe0b5391-87e1-42cc-91a2-4b5686b81b2f,2026-07-01T13:30:00Z,2026-07-01T15:30:00+0200,57666.13532,MW,DE,DE_LU,actual_load,Actual Load,2026-07-14T14:11:01Z
2026-07-14T14:09:01Z,2026-07-14T16:09:01+0200,fe0b5391-87e1-42cc-91a2-4b5686b81b2f,2026-07-01T13:45:00Z,2026-07-01T15:45:00+0200,57378.69315,MW,DE,DE_LU,actual_load,Actual Load,2026-07-14T14:11:01Z
2026-07-14T14:09:01Z,2026-07-14T16:09:01+0200,fe0b5391-87e1-42cc-91a2-4b5686b81b2f,2026-07-01T14:00:00Z,2026-07-01T16:00:00+0200,58071.09304,MW,DE,DE_LU,actual_load,Actual Load,2026-07-14T14:11:01Z
2026-07-14T14:09:01Z,2026-07-14T16:09:01+0200,fe0b5391-87e1-42cc-91a2-4b5686b81b2f,2026-07-01T14:15:00Z,2026-07-01T16:15:00+0200,57657.57175,MW,DE,DE_LU,actual_load,Actual Load,2026-07-14T14:11:01Z
2026-07-14T14:09:01Z,2026-07-14T16:09:01+0200,fe0b5391-87e1-42cc-91a2-4b5686b81b2f,2026-07-01T14:30:00Z,2026-07-01T16:30:00+0200,56474.43768,MW,DE,DE_LU,actual_load,Actual Load,2026-07-14T14:11:01Z
2026-07-14T14:09:01Z,2026-07-14T16:09:01+0200,fe0b5391-87e1-42cc-91a2-4b5686b81b2f,2026-07-01T14:45:00Z,2026-07-01T16:45:00+0200,56148.75492,MW,DE,DE_LU,actual_load,Actual Load,2026-07-14T14:11:01Z
2026-07-14T14:09:01Z,2026-07-14T16:09:01+0200,fe0b5391-87e1-42cc-91a2-4b5686b81b2f,2026-07-01T15:00:00Z,2026-07-01T17:00:00+0200,57395.83111,MW,DE,DE_LU,actual_load,Actual Load,2026-07-14T14:11:01Z
2026-07-14T14:09:01Z,2026-07-14T16:09:01+0200,fe0b5391-87e1-42cc-91a2-4b5686b81b2f,2026-07-01T15:15:00Z,2026-07-01T17:15:00+0200,57433.3191,MW,DE,DE_LU,actual_load,Actual Load,2026-07-14T14:11:01Z
2026-07-14T14:09:01Z,2026-07-14T16:09:01+0200,fe0b5391-87e1-42cc-91a2-4b5686b81b2f,2026-07-01T15:30:00Z,2026-07-01T17:30:00+0200,57301.2908,MW,DE,DE_LU,actual_load,Actual Load,2026-07-14T14:11:01Z
2026-07-14T14:09:01Z,2026-07-14T16:09:01+0200,fe0b5391-87e1-42cc-91a2-4b5686b81b2f,2026-07-01T15:45:00Z,2026-07-01T17:45:00+0200,58277.57451,MW,DE,DE_LU,actual_load,Actual Load,2026-07-14T14:11:01Z
2026-07-14T14:09:01Z,2026-07-14T16:09:01+0200,fe0b5391-87e1-42cc-91a2-4b5686b81b2f,2026-07-01T16:00:00Z,2026-07-01T18:00:00+0200,60432.27892,MW,DE,DE_LU,actual_load,Actual Load,2026-07-14T14:11:01Z
2026-07-14T14:09:01Z,2026-07-14T16:09:01+0200,fe0b5391-87e1-42cc-91a2-4b5686b81b2f,2026-07-01T16:15:00Z,2026-07-01T18:15:00+0200,59814.94361,MW,DE,DE_LU,actual_load,Actual Load,2026-07-14T14:11:01Z
2026-07-14T14:09:01Z,2026-07-14T16:09:01+0200,fe0b5391-87e1-42cc-91a2-4b5686b81b2f,2026-07-01T16:30:00Z,2026-07-01T18:30:00+0200,59860.16507,MW,DE,DE_LU,actual_load,Actual Load,2026-07-14T14:11:01Z
2026-07-14T14:09:01Z,2026-07-14T16:09:01+0200,fe0b5391-87e1-42cc-91a2-4b5686b81b2f,2026-07-01T16:45:00Z,2026-07-01T18:45:00+0200,59864.68901,MW,DE,DE_LU,actual_load,Actual Load,2026-07-14T14:11:01Z
2026-07-14T14:09:01Z,2026-07-14T16:09:01+0200,fe0b5391-87e1-42cc-91a2-4b5686b81b2f,2026-07-01T17:00:00Z,2026-07-01T19:00:00+0200,60104.85599,MW,DE,DE_LU,actual_load,Actual Load,2026-07-14T14:11:01Z
2026-07-14T14:09:01Z,2026-07-14T16:09:01+0200,fe0b5391-87e1-42cc-91a2-4b5686b81b2f,2026-07-01T17:15:00Z,2026-07-01T19:15:00+0200,59750.15773,MW,DE,DE_LU,actual_load,Actual Load,2026-07-14T14:11:01Z
2026-07-14T14:09:01Z,2026-07-14T16:09:01+0200,fe0b5391-87e1-42cc-91a2-4b5686b81b2f,2026-07-01T17:30:00Z,2026-07-01T19:30:00+0200,59520.42852,MW,DE,DE_LU,actual_load,Actual Load,2026-07-14T14:11:01Z
2026-07-14T14:09:01Z,2026-07-14T16:09:01+0200,fe0b5391-87e1-42cc-91a2-4b5686b81b2f,2026-07-01T17:45:00Z,2026-07-01T19:45:00+0200,59162.63706,MW,DE,DE_LU,actual_load,Actual Load,2026-07-14T14:11:01Z
2026-07-14T14:09:01Z,2026-07-14T16:09:01+0200,fe0b5391-87e1-42cc-91a2-4b5686b81b2f,2026-07-01T18:00:00Z,2026-07-01T20:00:00+0200,58662.23488,MW,DE,DE_LU,actual_load,Actual Load,2026-07-14T14:11:01Z
2026-07-14T14:09:01Z,2026-07-14T16:09:01+0200,fe0b5391-87e1-42cc-91a2-4b5686b81b2f,2026-07-01T18:15:00Z,2026-07-01T20:15:00+0200,57988.79819,MW,DE,DE_LU,actual_load,Actual Load,2026-07-14T14:11:01Z
2026-07-14T14:09:01Z,2026-07-14T16:09:01+0200,fe0b5391-87e1-42cc-91a2-4b5686b81b2f,2026-07-01T18:30:00Z,2026-07-01T20:30:00+0200,56741.91536,MW,DE,DE_LU,actual_load,Actual Load,2026-07-14T14:11:01Z
2026-07-14T14:09:01Z,2026-07-14T16:09:01+0200,fe0b5391-87e1-42cc-91a2-4b5686b81b2f,2026-07-01T18:45:00Z,2026-07-01T20:45:00+0200,56085.30953,MW,DE,DE_LU,actual_load,Actual Load,2026-07-14T14:11:01Z
2026-07-14T14:09:01Z,2026-07-14T16:09:01+0200,fe0b5391-87e1-42cc-91a2-4b5686b81b2f,2026-07-01T19:00:00Z,2026-07-01T21:00:00+0200,55817.90854,MW,DE,DE_LU,actual_load,Actual Load,2026-07-14T14:11:01Z
2026-07-14T14:09:01Z,2026-07-14T16:09:01+0200,fe0b5391-87e1-42cc-91a2-4b5686b81b2f,2026-07-01T19:15:00Z,2026-07-01T21:15:00+0200,55698.28072,MW,DE,DE_LU,actual_load,Actual Load,2026-07-14T14:11:01Z
2026-07-14T14:09:01Z,2026-07-14T16:09:01+0200,fe0b5391-87e1-42cc-91a2-4b5686b81b2f,2026-07-01T19:30:00Z,2026-07-01T21:30:00+0200,55226.68447,MW,DE,DE_LU,actual_load,Actual Load,2026-07-14T14:11:01Z
2026-07-14T14:09:01Z,2026-07-14T16:09:01+0200,fe0b5391-87e1-42cc-91a2-4b5686b81b2f,2026-07-01T19:45:00Z,2026-07-01T21:45:00+0200,55027.24082,MW,DE,DE_LU,actual_load,Actual Load,2026-07-14T14:11:01Z
2026-07-14T14:09:01Z,2026-07-14T16:09:01+0200,fe0b5391-87e1-42cc-91a2-4b5686b81b2f,2026-07-01T20:00:00Z,2026-07-01T22:00:00+0200,53819.0837,MW,DE,DE_LU,actual_load,Actual Load,2026-07-14T14:11:01Z
2026-07-14T14:09:01Z,2026-07-14T16:09:01+0200,fe0b5391-87e1-42cc-91a2-4b5686b81b2f,2026-07-01T20:15:00Z,2026-07-01T22:15:00+0200,53193.23652,MW,DE,DE_LU,actual_load,Actual Load,2026-07-14T14:11:01Z
2026-07-14T14:09:01Z,2026-07-14T16:09:01+0200,fe0b5391-87e1-42cc-91a2-4b5686b81b2f,2026-07-01T20:30:00Z,2026-07-01T22:30:00+0200,52085.70326,MW,DE,DE_LU,actual_load,Actual Load,2026-07-14T14:11:01Z
2026-07-14T14:09:01Z,2026-07-14T16:09:01+0200,fe0b5391-87e1-42cc-91a2-4b5686b81b2f,2026-07-01T20:45:00Z,2026-07-01T22:45:00+0200,52148.67251,MW,DE,DE_LU,actual_load,Actual Load,2026-07-14T14:11:01Z
2026-07-14T14:09:01Z,2026-07-14T16:09:01+0200,fe0b5391-87e1-42cc-91a2-4b5686b81b2f,2026-07-01T21:00:00Z,2026-07-01T23:00:00+0200,50857.48031,MW,DE,DE_LU,actual_load,Actual Load,2026-07-14T14:11:01Z
2026-07-14T14:09:01Z,2026-07-14T16:09:01+0200,fe0b5391-87e1-42cc-91a2-4b5686b81b2f,2026-07-01T21:15:00Z,2026-07-01T23:15:00+0200,50122.52569,MW,DE,DE_LU,actual_load,Actual Load,2026-07-14T14:11:01Z
2026-07-14T14:09:01Z,2026-07-14T16:09:01+0200,fe0b5391-87e1-42cc-91a2-4b5686b81b2f,2026-07-01T21:30:00Z,2026-07-01T23:30:00+0200,49816.6346,MW,DE,DE_LU,actual_load,Actual Load,2026-07-14T14:11:01Z
2026-07-14T14:09:01Z,2026-07-14T16:09:01+0200,fe0b5391-87e1-42cc-91a2-4b5686b81b2f,2026-07-01T21:45:00Z,2026-07-01T23:45:00+0200,49554.979,MW,DE,DE_LU,actual_load,Actual Load,2026-07-14T14:11:01Z
2026-07-14T14:09:01Z,2026-07-14T16:09:01+0200,fe0b5391-87e1-42cc-91a2-4b5686b81b2f,2026-07-01T22:00:00Z,2026-07-02T00:00:00+0200,47967.91562,MW,DE,DE_LU,actual_load,Actual Load,2026-07-14T14:11:01Z
2026-07-14T14:09:01Z,2026-07-14T16:09:01+0200,fe0b5391-87e1-42cc-91a2-4b5686b81b2f,2026-07-01T22:15:00Z,2026-07-02T00:15:00+0200,47338.14897,MW,DE,DE_LU,actual_load,Actual Load,2026-07-14T14:11:01Z
2026-07-14T14:09:01Z,2026-07-14T16:09:01+0200,fe0b5391-87e1-42cc-91a2-4b5686b81b2f,2026-07-01T22:30:00Z,2026-07-02T00:30:00+0200,46526.28337,MW,DE,DE_LU,actual_load,Actual Load,2026-07-14T14:11:01Z
2026-07-14T14:09:01Z,2026-07-14T16:09:01+0200,fe0b5391-87e1-42cc-91a2-4b5686b81b2f,2026-07-01T22:45:00Z,2026-07-02T00:45:00+0200,46534.34981,MW,DE,DE_LU,actual_load,Actual Load,2026-07-14T14:11:01Z
2026-07-14T14:09:01Z,2026-07-14T16:09:01+0200,fe0b5391-87e1-42cc-91a2-4b5686b81b2f,2026-07-01T23:00:00Z,2026-07-02T01:00:00+0200,46121.97781,MW,DE,DE_LU,actual_load,Actual Load,2026-07-14T14:11:01Z
2026-07-14T14:09:01Z,2026-07-14T16:09:01+0200,fe0b5391-87e1-42cc-91a2-4b5686b81b2f,2026-07-01T23:15:00Z,2026-07-02T01:15:00+0200,46090.96359,MW,DE,DE_LU,actual_load,Actual Load,2026-07-14T14:11:01Z
2026-07-14T14:09:01Z,2026-07-14T16:09:01+0200,fe0b5391-87e1-42cc-91a2-4b5686b81b2f,2026-07-01T23:30:00Z,2026-07-02T01:30:00+0200,45884.77024,MW,DE,DE_LU,actual_load,Actual Load,2026-07-14T14:11:01Z
2026-07-14T14:09:01Z,2026-07-14T16:09:01+0200,fe0b5391-87e1-42cc-91a2-4b5686b81b2f,2026-07-01T23:45:00Z,2026-07-02T01:45:00+0200,45568.262,MW,DE,DE_LU,actual_load,Actual Load,2026-07-14T14:11:01Z
2026-07-14T14:09:01Z,2026-07-14T16:09:01+0200,fe0b5391-87e1-42cc-91a2-4b5686b81b2f,2026-07-02T00:00:00Z,2026-07-02T02:00:00+0200,44906.11211,MW,DE,DE_LU,actual_load,Actual Load,2026-07-14T14:11:01Z
2026-07-14T14:09:01Z,2026-07-14T16:09:01+0200,fe0b5391-87e1-42cc-91a2-4b5686b81b2f,2026-07-02T00:15:00Z,2026-07-02T02:15:00+0200,44795.10965,MW,DE,DE_LU,actual_load,Actual Load,2026-07-14T14:11:01Z
2026-07-14T14:09:01Z,2026-07-14T16:09:01+0200,fe0b5391-87e1-42cc-91a2-4b5686b81b2f,2026-07-02T00:30:00Z,2026-07-02T02:30:00+0200,44817.24772,MW,DE,DE_LU,actual_load,Actual Load,2026-07-14T14:11:01Z
2026-07-14T14:09:01Z,2026-07-14T16:09:01+0200,fe0b5391-87e1-42cc-91a2-4b5686b81b2f,2026-07-02T00:45:00Z,2026-07-02T02:45:00+0200,45183.22289,MW,DE,DE_LU,actual_load,Actual Load,2026-07-14T14:11:01Z
2026-07-14T14:09:01Z,2026-07-14T16:09:01+0200,fe0b5391-87e1-42cc-91a2-4b5686b81b2f,2026-07-02T01:00:00Z,2026-07-02T03:00:00+0200,45272.85611,MW,DE,DE_LU,actual_load,Actual Load,2026-07-14T14:11:01Z
2026-07-14T14:09:01Z,2026-07-14T16:09:01+0200,fe0b5391-87e1-42cc-91a2-4b5686b81b2f,2026-07-02T01:15:00Z,2026-07-02T03:15:00+0200,45501.72097,MW,DE,DE_LU,actual_load,Actual Load,2026-07-14T14:11:01Z
2026-07-14T14:09:01Z,2026-07-14T16:09:01+0200,fe0b5391-87e1-42cc-91a2-4b5686b81b2f,2026-07-02T01:30:00Z,2026-07-02T03:30:00+0200,45758.07379,MW,DE,DE_LU,actual_load,Actual Load,2026-07-14T14:11:01Z
2026-07-14T14:09:01Z,2026-07-14T16:09:01+0200,fe0b5391-87e1-42cc-91a2-4b5686b81b2f,2026-07-02T01:45:00Z,2026-07-02T03:45:00+0200,46136.38,MW,DE,DE_LU,actual_load,Actual Load,2026-07-14T14:11:01Z
2026-07-14T14:09:01Z,2026-07-14T16:09:01+0200,fe0b5391-87e1-42cc-91a2-4b5686b81b2f,2026-07-02T02:00:00Z,2026-07-02T04:00:00+0200,46560.93233,MW,DE,DE_LU,actual_load,Actual Load,2026-07-14T14:11:01Z
2026-07-14T14:09:01Z,2026-07-14T16:09:01+0200,fe0b5391-87e1-42cc-91a2-4b5686b81b2f,2026-07-02T02:15:00Z,2026-07-02T04:15:00+0200,46952.66024,MW,DE,DE_LU,actual_load,Actual Load,2026-07-14T14:11:01Z
2026-07-14T14:09:01Z,2026-07-14T16:09:01+0200,fe0b5391-87e1-42cc-91a2-4b5686b81b2f,2026-07-02T02:30:00Z,2026-07-02T04:30:00+0200,47471.37426,MW,DE,DE_LU,actual_load,Actual Load,2026-07-14T14:11:01Z
2026-07-14T14:09:01Z,2026-07-14T16:09:01+0200,fe0b5391-87e1-42cc-91a2-4b5686b81b2f,2026-07-02T02:45:00Z,2026-07-02T04:45:00+0200,48021.91608,MW,DE,DE_LU,actual_load,Actual Load,2026-07-14T14:11:01Z
2026-07-14T14:09:01Z,2026-07-14T16:09:01+0200,fe0b5391-87e1-42cc-91a2-4b5686b81b2f,2026-07-02T03:00:00Z,2026-07-02T05:00:00+0200,48896.34493,MW,DE,DE_LU,actual_load,Actual Load,2026-07-14T14:11:01Z
2026-07-14T14:09:01Z,2026-07-14T16:09:01+0200,fe0b5391-87e1-42cc-91a2-4b5686b81b2f,2026-07-02T03:15:00Z,2026-07-02T05:15:00+0200,49447.80417,MW,DE,DE_LU,actual_load,Actual Load,2026-07-14T14:11:01Z
2026-07-14T14:09:01Z,2026-07-14T16:09:01+0200,fe0b5391-87e1-42cc-91a2-4b5686b81b2f,2026-07-02T03:30:00Z,2026-07-02T05:30:00+0200,50517.42699,MW,DE,DE_LU,actual_load,Actual Load,2026-07-14T14:11:01Z
2026-07-14T14:09:01Z,2026-07-14T16:09:01+0200,fe0b5391-87e1-42cc-91a2-4b5686b81b2f,2026-07-02T03:45:00Z,2026-07-02T05:45:00+0200,52012.45389,MW,DE,DE_LU,actual_load,Actual Load,2026-07-14T14:11:01Z
2026-07-14T14:09:01Z,2026-07-14T16:09:01+0200,fe0b5391-87e1-42cc-91a2-4b5686b81b2f,2026-07-02T04:00:00Z,2026-07-02T06:00:00+0200,53927.63364,MW,DE,DE_LU,actual_load,Actual Load,2026-07-14T14:11:01Z
2026-07-14T14:09:01Z,2026-07-14T16:09:01+0200,fe0b5391-87e1-42cc-91a2-4b5686b81b2f,2026-07-02T04:15:00Z,2026-07-02T06:15:00+0200,55489.68189,MW,DE,DE_LU,actual_load,Actual Load,2026-07-14T14:11:01Z
2026-07-14T14:09:01Z,2026-07-14T16:09:01+0200,fe0b5391-87e1-42cc-91a2-4b5686b81b2f,2026-07-02T04:30:00Z,2026-07-02T06:30:00+0200,56990.03528,MW,DE,DE_LU,actual_load,Actual Load,2026-07-14T14:11:01Z
2026-07-14T14:09:01Z,2026-07-14T16:09:01+0200,fe0b5391-87e1-42cc-91a2-4b5686b81b2f,2026-07-02T04:45:00Z,2026-07-02T06:45:00+0200,58519.89911,MW,DE,DE_LU,actual_load,Actual Load,2026-07-14T14:11:01Z
2026-07-14T14:09:01Z,2026-07-14T16:09:01+0200,fe0b5391-87e1-42cc-91a2-4b5686b81b2f,2026-07-02T05:00:00Z,2026-07-02T07:00:00+0200,59439.22605,MW,DE,DE_LU,actual_load,Actual Load,2026-07-14T14:11:01Z
2026-07-14T14:09:01Z,2026-07-14T16:09:01+0200,fe0b5391-87e1-42cc-91a2-4b5686b81b2f,2026-07-02T05:15:00Z,2026-07-02T07:15:00+0200,60043.14967,MW,DE,DE_LU,actual_load,Actual Load,2026-07-14T14:11:01Z
2026-07-14T14:09:01Z,2026-07-14T16:09:01+0200,fe0b5391-87e1-42cc-91a2-4b5686b81b2f,2026-07-02T05:30:00Z,2026-07-02T07:30:00+0200,60744.61257,MW,DE,DE_LU,actual_load,Actual Load,2026-07-14T14:11:01Z
2026-07-14T14:09:01Z,2026-07-14T16:09:01+0200,fe0b5391-87e1-42cc-91a2-4b5686b81b2f,2026-07-02T05:45:00Z,2026-07-02T07:45:00+0200,61469.17672,MW,DE,DE_LU,actual_load,Actual Load,2026-07-14T14:11:01Z
2026-07-14T14:09:01Z,2026-07-14T16:09:01+0200,fe0b5391-87e1-42cc-91a2-4b5686b81b2f,2026-07-02T06:00:00Z,2026-07-02T08:00:00+0200,61338.77606,MW,DE,DE_LU,actual_load,Actual Load,2026-07-14T14:11:01Z
2026-07-14T14:09:01Z,2026-07-14T16:09:01+0200,fe0b5391-87e1-42cc-91a2-4b5686b81b2f,2026-07-02T06:15:00Z,2026-07-02T08:15:00+0200,61975.23594,MW,DE,DE_LU,actual_load,Actual Load,2026-07-14T14:11:01Z
2026-07-14T14:09:01Z,2026-07-14T16:09:01+0200,fe0b5391-87e1-42cc-91a2-4b5686b81b2f,2026-07-02T06:30:00Z,2026-07-02T08:30:00+0200,61690.88637,MW,DE,DE_LU,actual_load,Actual Load,2026-07-14T14:11:01Z
2026-07-14T14:09:01Z,2026-07-14T16:09:01+0200,fe0b5391-87e1-42cc-91a2-4b5686b81b2f,2026-07-02T06:45:00Z,2026-07-02T08:45:00+0200,61290.63407,MW,DE,DE_LU,actual_load,Actual Load,2026-07-14T14:11:01Z
2026-07-14T14:09:01Z,2026-07-14T16:09:01+0200,fe0b5391-87e1-42cc-91a2-4b5686b81b2f,2026-07-02T07:00:00Z,2026-07-02T09:00:00+0200,59530.6915,MW,DE,DE_LU,actual_load,Actual Load,2026-07-14T14:11:01Z
2026-07-14T14:09:01Z,2026-07-14T16:09:01+0200,fe0b5391-87e1-42cc-91a2-4b5686b81b2f,2026-07-02T07:15:00Z,2026-07-02T09:15:00+0200,59391.38162,MW,DE,DE_LU,actual_load,Actual Load,2026-07-14T14:11:01Z
2026-07-14T14:09:01Z,2026-07-14T16:09:01+0200,fe0b5391-87e1-42cc-91a2-4b5686b81b2f,2026-07-02T07:30:00Z,2026-07-02T09:30:00+0200,59929.96493,MW,DE,DE_LU,actual_load,Actual Load,2026-07-14T14:11:01Z
2026-07-14T14:09:01Z,2026-07-14T16:09:01+0200,fe0b5391-87e1-42cc-91a2-4b5686b81b2f,2026-07-02T07:45:00Z,2026-07-02T09:45:00+0200,59000.57356,MW,DE,DE_LU,actual_load,Actual Load,2026-07-14T14:11:01Z
2026-07-14T14:09:01Z,2026-07-14T16:09:01+0200,fe0b5391-87e1-42cc-91a2-4b5686b81b2f,2026-07-02T08:00:00Z,2026-07-02T10:00:00+0200,58498.3767,MW,DE,DE_LU,actual_load,Actual Load,2026-07-14T14:11:01Z
2026-07-14T14:09:01Z,2026-07-14T16:09:01+0200,fe0b5391-87e1-42cc-91a2-4b5686b81b2f,2026-07-02T08:15:00Z,2026-07-02T10:15:00+0200,59933.84154,MW,DE,DE_LU,actual_load,Actual Load,2026-07-14T14:11:01Z
2026-07-14T14:09:01Z,2026-07-14T16:09:01+0200,fe0b5391-87e1-42cc-91a2-4b5686b81b2f,2026-07-02T08:30:00Z,2026-07-02T10:30:00+0200,59939.21332,MW,DE,DE_LU,actual_load,Actual Load,2026-07-14T14:11:01Z
2026-07-14T14:09:01Z,2026-07-14T16:09:01+0200,fe0b5391-87e1-42cc-91a2-4b5686b81b2f,2026-07-02T08:45:00Z,2026-07-02T10:45:00+0200,59972.43878,MW,DE,DE_LU,actual_load,Actual Load,2026-07-14T14:11:01Z
2026-07-14T14:09:01Z,2026-07-14T16:09:01+0200,fe0b5391-87e1-42cc-91a2-4b5686b81b2f,2026-07-02T09:00:00Z,2026-07-02T11:00:00+0200,60819.72519,MW,DE,DE_LU,actual_load,Actual Load,2026-07-14T14:11:01Z
2026-07-14T14:09:01Z,2026-07-14T16:09:01+0200,fe0b5391-87e1-42cc-91a2-4b5686b81b2f,2026-07-02T09:15:00Z,2026-07-02T11:15:00+0200,60922.30912,MW,DE,DE_LU,actual_load,Actual Load,2026-07-14T14:11:01Z
2026-07-14T14:09:01Z,2026-07-14T16:09:01+0200,fe0b5391-87e1-42cc-91a2-4b5686b81b2f,2026-07-02T09:30:00Z,2026-07-02T11:30:00+0200,61168.29617,MW,DE,DE_LU,actual_load,Actual Load,2026-07-14T14:11:01Z
2026-07-14T14:09:01Z,2026-07-14T16:09:01+0200,fe0b5391-87e1-42cc-91a2-4b5686b81b2f,2026-07-02T09:45:00Z,2026-07-02T11:45:00+0200,61244.51346,MW,DE,DE_LU,actual_load,Actual Load,2026-07-14T14:11:01Z
2026-07-14T14:09:01Z,2026-07-14T16:09:01+0200,fe0b5391-87e1-42cc-91a2-4b5686b81b2f,2026-07-02T10:00:00Z,2026-07-02T12:00:00+0200,60343.20991,MW,DE,DE_LU,actual_load,Actual Load,2026-07-14T14:11:01Z
2026-07-14T14:09:01Z,2026-07-14T16:09:01+0200,fe0b5391-87e1-42cc-91a2-4b5686b81b2f,2026-07-02T10:15:00Z,2026-07-02T12:15:00+0200,59309.08758,MW,DE,DE_LU,actual_load,Actual Load,2026-07-14T14:11:01Z
2026-07-14T14:09:01Z,2026-07-14T16:09:01+0200,fe0b5391-87e1-42cc-91a2-4b5686b81b2f,2026-07-02T10:30:00Z,2026-07-02T12:30:00+0200,59374.94822,MW,DE,DE_LU,actual_load,Actual Load,2026-07-14T14:11:01Z
2026-07-14T14:09:01Z,2026-07-14T16:09:01+0200,fe0b5391-87e1-42cc-91a2-4b5686b81b2f,2026-07-02T10:45:00Z,2026-07-02T12:45:00+0200,59577.91467,MW,DE,DE_LU,actual_load,Actual Load,2026-07-14T14:11:01Z
2026-07-14T14:09:01Z,2026-07-14T16:09:01+0200,fe0b5391-87e1-42cc-91a2-4b5686b81b2f,2026-07-02T11:00:00Z,2026-07-02T13:00:00+0200,59870.65542,MW,DE,DE_LU,actual_load,Actual Load,2026-07-14T14:11:01Z
2026-07-14T14:09:01Z,2026-07-14T16:09:01+0200,fe0b5391-87e1-42cc-91a2-4b5686b81b2f,2026-07-02T11:15:00Z,2026-07-02T13:15:00+0200,59724.63946,MW,DE,DE_LU,actual_load,Actual Load,2026-07-14T14:11:01Z
2026-07-14T14:09:01Z,2026-07-14T16:09:01+0200,fe0b5391-87e1-42cc-91a2-4b5686b81b2f,2026-07-02T11:30:00Z,2026-07-02T13:30:00+0200,58909.8169,MW,DE,DE_LU,actual_load,Actual Load,2026-07-14T14:11:01Z
2026-07-14T14:09:01Z,2026-07-14T16:09:01+0200,fe0b5391-87e1-42cc-91a2-4b5686b81b2f,2026-07-02T11:45:00Z,2026-07-02T13:45:00+0200,58461.0615,MW,DE,DE_LU,actual_load,Actual Load,2026-07-14T14:11:01Z
2026-07-14T14:09:01Z,2026-07-14T16:09:01+0200,fe0b5391-87e1-42cc-91a2-4b5686b81b2f,2026-07-02T12:00:00Z,2026-07-02T14:00:00+0200,58305.74141,MW,DE,DE_LU,actual_load,Actual Load,2026-07-14T14:11:01Z
2026-07-14T14:09:01Z,2026-07-14T16:09:01+0200,fe0b5391-87e1-42cc-91a2-4b5686b81b2f,2026-07-02T12:15:00Z,2026-07-02T14:15:00+0200,58006.96755,MW,DE,DE_LU,actual_load,Actual Load,2026-07-14T14:11:01Z
2026-07-14T14:09:01Z,2026-07-14T16:09:01+0200,fe0b5391-87e1-42cc-91a2-4b5686b81b2f,2026-07-02T12:30:00Z,2026-07-02T14:30:00+0200,58004.53172,MW,DE,DE_LU,actual_load,Actual Load,2026-07-14T14:11:01Z
2026-07-14T14:09:01Z,2026-07-14T16:09:01+0200,fe0b5391-87e1-42cc-91a2-4b5686b81b2f,2026-07-02T12:45:00Z,2026-07-02T14:45:00+0200,58655.83331,MW,DE,DE_LU,actual_load,Actual Load,2026-07-14T14:11:01Z
2026-07-14T14:09:01Z,2026-07-14T16:09:01+0200,fe0b5391-87e1-42cc-91a2-4b5686b81b2f,2026-07-02T13:00:00Z,2026-07-02T15:00:00+0200,58375.45226,MW,DE,DE_LU,actual_load,Actual Load,2026-07-14T14:11:01Z
2026-07-14T14:09:01Z,2026-07-14T16:09:01+0200,fe0b5391-87e1-42cc-91a2-4b5686b81b2f,2026-07-02T13:15:00Z,2026-07-02T15:15:00+0200,57901.75296,MW,DE,DE_LU,actual_load,Actual Load,2026-07-14T14:11:01Z
2026-07-14T14:09:01Z,2026-07-14T16:09:01+0200,fe0b5391-87e1-42cc-91a2-4b5686b81b2f,2026-07-02T13:30:00Z,2026-07-02T15:30:00+0200,58273.22549,MW,DE,DE_LU,actual_load,Actual Load,2026-07-14T14:11:01Z
2026-07-14T14:09:01Z,2026-07-14T16:09:01+0200,fe0b5391-87e1-42cc-91a2-4b5686b81b2f,2026-07-02T13:45:00Z,2026-07-02T15:45:00+0200,58267.54472,MW,DE,DE_LU,actual_load,Actual Load,2026-07-14T14:11:01Z
2026-07-14T14:09:01Z,2026-07-14T16:09:01+0200,fe0b5391-87e1-42cc-91a2-4b5686b81b2f,2026-07-02T14:00:00Z,2026-07-02T16:00:00+0200,57741.50061,MW,DE,DE_LU,actual_load,Actual Load,2026-07-14T14:11:01Z
2026-07-14T14:09:01Z,2026-07-14T16:09:01+0200,fe0b5391-87e1-42cc-91a2-4b5686b81b2f,2026-07-02T14:15:00Z,2026-07-02T16:15:00+0200,57081.49894,MW,DE,DE_LU,actual_load,Actual Load,2026-07-14T14:11:01Z
2026-07-14T14:09:01Z,2026-07-14T16:09:01+0200,fe0b5391-87e1-42cc-91a2-4b5686b81b2f,2026-07-02T14:30:00Z,2026-07-02T16:30:00+0200,57218.94905,MW,DE,DE_LU,actual_load,Actual Load,2026-07-14T14:11:01Z
2026-07-14T14:09:01Z,2026-07-14T16:09:01+0200,fe0b5391-87e1-42cc-91a2-4b5686b81b2f,2026-07-02T14:45:00Z,2026-07-02T16:45:00+0200,56986.06698,MW,DE,DE_LU,actual_load,Actual Load,2026-07-14T14:11:01Z
2026-07-14T14:09:01Z,2026-07-14T16:09:01+0200,fe0b5391-87e1-42cc-91a2-4b5686b81b2f,2026-07-02T15:00:00Z,2026-07-02T17:00:00+0200,57591.4419,MW,DE,DE_LU,actual_load,Actual Load,2026-07-14T14:11:01Z
2026-07-14T14:09:01Z,2026-07-14T16:09:01+0200,fe0b5391-87e1-42cc-91a2-4b5686b81b2f,2026-07-02T15:15:00Z,2026-07-02T17:15:00+0200,57736.64665,MW,DE,DE_LU,actual_load,Actual Load,2026-07-14T14:11:01Z
2026-07-14T14:09:01Z,2026-07-14T16:09:01+0200,fe0b5391-87e1-42cc-91a2-4b5686b81b2f,2026-07-02T15:30:00Z,2026-07-02T17:30:00+0200,58118.22828,MW,DE,DE_LU,actual_load,Actual Load,2026-07-14T14:11:01Z
2026-07-14T14:09:01Z,2026-07-14T16:09:01+0200,fe0b5391-87e1-42cc-91a2-4b5686b81b2f,2026-07-02T15:45:00Z,2026-07-02T17:45:00+0200,58806.5713,MW,DE,DE_LU,actual_load,Actual Load,2026-07-14T14:11:01Z
2026-07-14T14:09:01Z,2026-07-14T16:09:01+0200,fe0b5391-87e1-42cc-91a2-4b5686b81b2f,2026-07-02T16:00:00Z,2026-07-02T18:00:00+0200,59256.69751,MW,DE,DE_LU,actual_load,Actual Load,2026-07-14T14:11:01Z
2026-07-14T14:09:01Z,2026-07-14T16:09:01+0200,fe0b5391-87e1-42cc-91a2-4b5686b81b2f,2026-07-02T16:15:00Z,2026-07-02T18:15:00+0200,59834.78491,MW,DE,DE_LU,actual_load,Actual Load,2026-07-14T14:11:01Z
2026-07-14T14:09:01Z,2026-07-14T16:09:01+0200,fe0b5391-87e1-42cc-91a2-4b5686b81b2f,2026-07-02T16:30:00Z,2026-07-02T18:30:00+0200,59221.29111,MW,DE,DE_LU,actual_load,Actual Load,2026-07-14T14:11:01Z
2026-07-14T14:09:01Z,2026-07-14T16:09:01+0200,fe0b5391-87e1-42cc-91a2-4b5686b81b2f,2026-07-02T16:45:00Z,2026-07-02T18:45:00+0200,58962.80353,MW,DE,DE_LU,actual_load,Actual Load,2026-07-14T14:11:01Z
2026-07-14T14:09:01Z,2026-07-14T16:09:01+0200,fe0b5391-87e1-42cc-91a2-4b5686b81b2f,2026-07-02T17:00:00Z,2026-07-02T19:00:00+0200,58879.02111,MW,DE,DE_LU,actual_load,Actual Load,2026-07-14T14:11:01Z
2026-07-14T14:09:01Z,2026-07-14T16:09:01+0200,fe0b5391-87e1-42cc-91a2-4b5686b81b2f,2026-07-02T17:15:00Z,2026-07-02T19:15:00+0200,57953.52357,MW,DE,DE_LU,actual_load,Actual Load,2026-07-14T14:11:01Z
2026-07-14T14:09:01Z,2026-07-14T16:09:01+0200,fe0b5391-87e1-42cc-91a2-4b5686b81b2f,2026-07-02T17:30:00Z,2026-07-02T19:30:00+0200,57325.44258,MW,DE,DE_LU,actual_load,Actual Load,2026-07-14T14:11:01Z
2026-07-14T14:09:01Z,2026-07-14T16:09:01+0200,fe0b5391-87e1-42cc-91a2-4b5686b81b2f,2026-07-02T17:45:00Z,2026-07-02T19:45:00+0200,56977.4477,MW,DE,DE_LU,actual_load,Actual Load,2026-07-14T14:11:01Z
2026-07-14T14:09:01Z,2026-07-14T16:09:01+0200,fe0b5391-87e1-42cc-91a2-4b5686b81b2f,2026-07-02T18:00:00Z,2026-07-02T20:00:00+0200,56928.12977,MW,DE,DE_LU,actual_load,Actual Load,2026-07-14T14:11:01Z
2026-07-14T14:09:01Z,2026-07-14T16:09:01+0200,fe0b5391-87e1-42cc-91a2-4b5686b81b2f,2026-07-02T18:15:00Z,2026-07-02T20:15:00+0200,56250.18848,MW,DE,DE_LU,actual_load,Actual Load,2026-07-14T14:11:01Z
2026-07-14T14:09:01Z,2026-07-14T16:09:01+0200,fe0b5391-87e1-42cc-91a2-4b5686b81b2f,2026-07-02T18:30:00Z,2026-07-02T20:30:00+0200,55707.96088,MW,DE,DE_LU,actual_load,Actual Load,2026-07-14T14:11:01Z
2026-07-14T14:09:01Z,2026-07-14T16:09:01+0200,fe0b5391-87e1-42cc-91a2-4b5686b81b2f,2026-07-02T18:45:00Z,2026-07-02T20:45:00+0200,54692.47276,MW,DE,DE_LU,actual_load,Actual Load,2026-07-14T14:11:01Z
2026-07-14T14:09:01Z,2026-07-14T16:09:01+0200,fe0b5391-87e1-42cc-91a2-4b5686b81b2f,2026-07-02T19:00:00Z,2026-07-02T21:00:00+0200,53864.25426,MW,DE,DE_LU,actual_load,Actual Load,2026-07-14T14:11:01Z
2026-07-14T14:09:01Z,2026-07-14T16:09:01+0200,fe0b5391-87e1-42cc-91a2-4b5686b81b2f,2026-07-02T19:15:00Z,2026-07-02T21:15:00+0200,53057.59629,MW,DE,DE_LU,actual_load,Actual Load,2026-07-14T14:11:01Z
2026-07-14T14:09:01Z,2026-07-14T16:09:01+0200,fe0b5391-87e1-42cc-91a2-4b5686b81b2f,2026-07-02T19:30:00Z,2026-07-02T21:30:00+0200,53176.61342,MW,DE,DE_LU,actual_load,Actual Load,2026-07-14T14:11:01Z
2026-07-14T14:09:01Z,2026-07-14T16:09:01+0200,fe0b5391-87e1-42cc-91a2-4b5686b81b2f,2026-07-02T19:45:00Z,2026-07-02T21:45:00+0200,53230.90456,MW,DE,DE_LU,actual_load,Actual Load,2026-07-14T14:11:01Z
2026-07-14T14:09:01Z,2026-07-14T16:09:01+0200,fe0b5391-87e1-42cc-91a2-4b5686b81b2f,2026-07-02T20:00:00Z,2026-07-02T22:00:00+0200,52789.30071,MW,DE,DE_LU,actual_load,Actual Load,2026-07-14T14:11:01Z
2026-07-14T14:09:01Z,2026-07-14T16:09:01+0200,fe0b5391-87e1-42cc-91a2-4b5686b81b2f,2026-07-02T20:15:00Z,2026-07-02T22:15:00+0200,52222.13497,MW,DE,DE_LU,actual_load,Actual Load,2026-07-14T14:11:01Z
2026-07-14T14:09:01Z,2026-07-14T16:09:01+0200,fe0b5391-87e1-42cc-91a2-4b5686b81b2f,2026-07-02T20:30:00Z,2026-07-02T22:30:00+0200,51466.78054,MW,DE,DE_LU,actual_load,Actual Load,2026-07-14T14:11:01Z
2026-07-14T14:09:01Z,2026-07-14T16:09:01+0200,fe0b5391-87e1-42cc-91a2-4b5686b81b2f,2026-07-02T20:45:00Z,2026-07-02T22:45:00+0200,50229.16713,MW,DE,DE_LU,actual_load,Actual Load,2026-07-14T14:11:01Z
2026-07-14T14:09:01Z,2026-07-14T16:09:01+0200,fe0b5391-87e1-42cc-91a2-4b5686b81b2f,2026-07-02T21:00:00Z,2026-07-02T23:00:00+0200,48573.40368,MW,DE,DE_LU,actual_load,Actual Load,2026-07-14T14:11:01Z
2026-07-14T14:09:01Z,2026-07-14T16:09:01+0200,fe0b5391-87e1-42cc-91a2-4b5686b81b2f,2026-07-02T21:15:00Z,2026-07-02T23:15:00+0200,47871.709,MW,DE,DE_LU,actual_load,Actual Load,2026-07-14T14:11:01Z
2026-07-14T14:09:01Z,2026-07-14T16:09:01+0200,fe0b5391-87e1-42cc-91a2-4b5686b81b2f,2026-07-02T21:30:00Z,2026-07-02T23:30:00+0200,46531.89197,MW,DE,DE_LU,actual_load,Actual Load,2026-07-14T14:11:01Z
2026-07-14T14:09:01Z,2026-07-14T16:09:01+0200,fe0b5391-87e1-42cc-91a2-4b5686b81b2f,2026-07-02T21:45:00Z,2026-07-02T23:45:00+0200,46314.66187,MW,DE,DE_LU,actual_load,Actual Load,2026-07-14T14:11:01Z
2026-07-14T14:09:01Z,2026-07-14T16:09:01+0200,fe0b5391-87e1-42cc-91a2-4b5686b81b2f,2026-07-02T22:00:00Z,2026-07-03T00:00:00+0200,45217.16032,MW,DE,DE_LU,actual_load,Actual Load,2026-07-14T14:11:01Z
2026-07-14T14:09:01Z,2026-07-14T16:09:01+0200,fe0b5391-87e1-42cc-91a2-4b5686b81b2f,2026-07-02T22:15:00Z,2026-07-03T00:15:00+0200,45070.373779,MW,DE,DE_LU,actual_load,Actual Load,2026-07-14T14:11:01Z
2026-07-14T14:09:01Z,2026-07-14T16:09:01+0200,fe0b5391-87e1-42cc-91a2-4b5686b81b2f,2026-07-02T22:30:00Z,2026-07-03T00:30:00+0200,44344.3083,MW,DE,DE_LU,actual_load,Actual Load,2026-07-14T14:11:01Z
2026-07-14T14:09:01Z,2026-07-14T16:09:01+0200,fe0b5391-87e1-42cc-91a2-4b5686b81b2f,2026-07-02T22:45:00Z,2026-07-03T00:45:00+0200,44339.56129,MW,DE,DE_LU,actual_load,Actual Load,2026-07-14T14:11:01Z
2026-07-14T14:09:01Z,2026-07-14T16:09:01+0200,fe0b5391-87e1-42cc-91a2-4b5686b81b2f,2026-07-02T23:00:00Z,2026-07-03T01:00:00+0200,43339.51147,MW,DE,DE_LU,actual_load,Actual Load,2026-07-14T14:11:01Z
2026-07-14T14:09:01Z,2026-07-14T16:09:01+0200,fe0b5391-87e1-42cc-91a2-4b5686b81b2f,2026-07-02T23:15:00Z,2026-07-03T01:15:00+0200,43274.61211,MW,DE,DE_LU,actual_load,Actual Load,2026-07-14T14:11:01Z
2026-07-14T14:09:01Z,2026-07-14T16:09:01+0200,fe0b5391-87e1-42cc-91a2-4b5686b81b2f,2026-07-02T23:30:00Z,2026-07-03T01:30:00+0200,43455.53054,MW,DE,DE_LU,actual_load,Actual Load,2026-07-14T14:11:01Z
2026-07-14T14:09:01Z,2026-07-14T16:09:01+0200,fe0b5391-87e1-42cc-91a2-4b5686b81b2f,2026-07-02T23:45:00Z,2026-07-03T01:45:00+0200,43408.16935,MW,DE,DE_LU,actual_load,Actual Load,2026-07-14T14:11:01Z
2026-07-14T14:09:01Z,2026-07-14T16:09:01+0200,fe0b5391-87e1-42cc-91a2-4b5686b81b2f,2026-07-03T00:00:00Z,2026-07-03T02:00:00+0200,42863.25299,MW,DE,DE_LU,actual_load,Actual Load,2026-07-14T14:11:01Z
2026-07-14T14:09:01Z,2026-07-14T16:09:01+0200,fe0b5391-87e1-42cc-91a2-4b5686b81b2f,2026-07-03T00:15:00Z,2026-07-03T02:15:00+0200,42406.80629,MW,DE,DE_LU,actual_load,Actual Load,2026-07-14T14:11:01Z
2026-07-14T14:09:01Z,2026-07-14T16:09:01+0200,fe0b5391-87e1-42cc-91a2-4b5686b81b2f,2026-07-03T00:30:00Z,2026-07-03T02:30:00+0200,42886.44241,MW,DE,DE_LU,actual_load,Actual Load,2026-07-14T14:11:01Z
2026-07-14T14:09:01Z,2026-07-14T16:09:01+0200,fe0b5391-87e1-42cc-91a2-4b5686b81b2f,2026-07-03T00:45:00Z,2026-07-03T02:45:00+0200,42939.43224,MW,DE,DE_LU,actual_load,Actual Load,2026-07-14T14:11:01Z
2026-07-14T14:09:01Z,2026-07-14T16:09:01+0200,fe0b5391-87e1-42cc-91a2-4b5686b81b2f,2026-07-03T01:00:00Z,2026-07-03T03:00:00+0200,42709.6116,MW,DE,DE_LU,actual_load,Actual Load,2026-07-14T14:11:01Z
2026-07-14T14:09:01Z,2026-07-14T16:09:01+0200,fe0b5391-87e1-42cc-91a2-4b5686b81b2f,2026-07-03T01:15:00Z,2026-07-03T03:15:00+0200,42830.359349,MW,DE,DE_LU,actual_load,Actual Load,2026-07-14T14:11:01Z
2026-07-14T14:09:01Z,2026-07-14T16:09:01+0200,fe0b5391-87e1-42cc-91a2-4b5686b81b2f,2026-07-03T01:30:00Z,2026-07-03T03:30:00+0200,42437.57812,MW,DE,DE_LU,actual_load,Actual Load,2026-07-14T14:11:01Z
2026-07-14T14:09:01Z,2026-07-14T16:09:01+0200,fe0b5391-87e1-42cc-91a2-4b5686b81b2f,2026-07-03T01:45:00Z,2026-07-03T03:45:00+0200,42612.468,MW,DE,DE_LU,actual_load,Actual Load,2026-07-14T14:11:01Z
2026-07-14T14:09:01Z,2026-07-14T16:09:01+0200,fe0b5391-87e1-42cc-91a2-4b5686b81b2f,2026-07-03T02:00:00Z,2026-07-03T04:00:00+0200,42793.00948,MW,DE,DE_LU,actual_load,Actual Load,2026-07-14T14:11:01Z
2026-07-14T14:09:01Z,2026-07-14T16:09:01+0200,fe0b5391-87e1-42cc-91a2-4b5686b81b2f,2026-07-03T02:15:00Z,2026-07-03T04:15:00+0200,42965.93715,MW,DE,DE_LU,actual_load,Actual Load,2026-07-14T14:11:01Z
2026-07-14T14:09:01Z,2026-07-14T16:09:01+0200,fe0b5391-87e1-42cc-91a2-4b5686b81b2f,2026-07-03T02:30:00Z,2026-07-03T04:30:00+0200,43533.33698,MW,DE,DE_LU,actual_load,Actual Load,2026-07-14T14:11:01Z
2026-07-14T14:09:01Z,2026-07-14T16:09:01+0200,fe0b5391-87e1-42cc-91a2-4b5686b81b2f,2026-07-03T02:45:00Z,2026-07-03T04:45:00+0200,43641.54343,MW,DE,DE_LU,actual_load,Actual Load,2026-07-14T14:11:01Z
2026-07-14T14:09:01Z,2026-07-14T16:09:01+0200,fe0b5391-87e1-42cc-91a2-4b5686b81b2f,2026-07-03T03:00:00Z,2026-07-03T05:00:00+0200,44675.73705,MW,DE,DE_LU,actual_load,Actual Load,2026-07-14T14:11:01Z
2026-07-14T14:09:01Z,2026-07-14T16:09:01+0200,fe0b5391-87e1-42cc-91a2-4b5686b81b2f,2026-07-03T03:15:00Z,2026-07-03T05:15:00+0200,44809.10133,MW,DE,DE_LU,actual_load,Actual Load,2026-07-14T14:11:01Z
2026-07-14T14:09:01Z,2026-07-14T16:09:01+0200,fe0b5391-87e1-42cc-91a2-4b5686b81b2f,2026-07-03T03:30:00Z,2026-07-03T05:30:00+0200,45752.31308,MW,DE,DE_LU,actual_load,Actual Load,2026-07-14T14:11:01Z
2026-07-14T14:09:01Z,2026-07-14T16:09:01+0200,fe0b5391-87e1-42cc-91a2-4b5686b81b2f,2026-07-03T03:45:00Z,2026-07-03T05:45:00+0200,46948.080679,MW,DE,DE_LU,actual_load,Actual Load,2026-07-14T14:11:01Z
2026-07-14T14:09:01Z,2026-07-14T16:09:01+0200,fe0b5391-87e1-42cc-91a2-4b5686b81b2f,2026-07-03T04:00:00Z,2026-07-03T06:00:00+0200,49322.97185,MW,DE,DE_LU,actual_load,Actual Load,2026-07-14T14:11:01Z
2026-07-14T14:09:01Z,2026-07-14T16:09:01+0200,fe0b5391-87e1-42cc-91a2-4b5686b81b2f,2026-07-03T04:15:00Z,2026-07-03T06:15:00+0200,51034.36798,MW,DE,DE_LU,actual_load,Actual Load,2026-07-14T14:11:01Z
2026-07-14T14:09:01Z,2026-07-14T16:09:01+0200,fe0b5391-87e1-42cc-91a2-4b5686b81b2f,2026-07-03T04:30:00Z,2026-07-03T06:30:00+0200,52491.24616,MW,DE,DE_LU,actual_load,Actual Load,2026-07-14T14:11:01Z
2026-07-14T14:09:01Z,2026-07-14T16:09:01+0200,fe0b5391-87e1-42cc-91a2-4b5686b81b2f,2026-07-03T04:45:00Z,2026-07-03T06:45:00+0200,53796.05256,MW,DE,DE_LU,actual_load,Actual Load,2026-07-14T14:11:01Z
2026-07-14T14:09:01Z,2026-07-14T16:09:01+0200,fe0b5391-87e1-42cc-91a2-4b5686b81b2f,2026-07-03T05:00:00Z,2026-07-03T07:00:00+0200,54805.90811,MW,DE,DE_LU,actual_load,Actual Load,2026-07-14T14:11:01Z
2026-07-14T14:09:01Z,2026-07-14T16:09:01+0200,fe0b5391-87e1-42cc-91a2-4b5686b81b2f,2026-07-03T05:15:00Z,2026-07-03T07:15:00+0200,55481.04745,MW,DE,DE_LU,actual_load,Actual Load,2026-07-14T14:11:01Z
2026-07-14T14:09:01Z,2026-07-14T16:09:01+0200,fe0b5391-87e1-42cc-91a2-4b5686b81b2f,2026-07-03T05:30:00Z,2026-07-03T07:30:00+0200,56558.6609,MW,DE,DE_LU,actual_load,Actual Load,2026-07-14T14:11:01Z
2026-07-14T14:09:01Z,2026-07-14T16:09:01+0200,fe0b5391-87e1-42cc-91a2-4b5686b81b2f,2026-07-03T05:45:00Z,2026-07-03T07:45:00+0200,57126.38908,MW,DE,DE_LU,actual_load,Actual Load,2026-07-14T14:11:01Z
2026-07-14T14:09:01Z,2026-07-14T16:09:01+0200,fe0b5391-87e1-42cc-91a2-4b5686b81b2f,2026-07-03T06:00:00Z,2026-07-03T08:00:00+0200,57795.37779,MW,DE,DE_LU,actual_load,Actual Load,2026-07-14T14:11:01Z
2026-07-14T14:09:01Z,2026-07-14T16:09:01+0200,fe0b5391-87e1-42cc-91a2-4b5686b81b2f,2026-07-03T06:15:00Z,2026-07-03T08:15:00+0200,58652.10098,MW,DE,DE_LU,actual_load,Actual Load,2026-07-14T14:11:01Z
2026-07-14T14:09:01Z,2026-07-14T16:09:01+0200,fe0b5391-87e1-42cc-91a2-4b5686b81b2f,2026-07-03T06:30:00Z,2026-07-03T08:30:00+0200,58771.74373,MW,DE,DE_LU,actual_load,Actual Load,2026-07-14T14:11:01Z
2026-07-14T14:09:01Z,2026-07-14T16:09:01+0200,fe0b5391-87e1-42cc-91a2-4b5686b81b2f,2026-07-03T06:45:00Z,2026-07-03T08:45:00+0200,58559.06148,MW,DE,DE_LU,actual_load,Actual Load,2026-07-14T14:11:01Z
2026-07-14T14:09:01Z,2026-07-14T16:09:01+0200,fe0b5391-87e1-42cc-91a2-4b5686b81b2f,2026-07-03T07:00:00Z,2026-07-03T09:00:00+0200,58186.51519,MW,DE,DE_LU,actual_load,Actual Load,2026-07-14T14:11:01Z
2026-07-14T14:09:01Z,2026-07-14T16:09:01+0200,fe0b5391-87e1-42cc-91a2-4b5686b81b2f,2026-07-03T07:15:00Z,2026-07-03T09:15:00+0200,57951.52791,MW,DE,DE_LU,actual_load,Actual Load,2026-07-14T14:11:01Z
2026-07-14T14:09:01Z,2026-07-14T16:09:01+0200,fe0b5391-87e1-42cc-91a2-4b5686b81b2f,2026-07-03T07:30:00Z,2026-07-03T09:30:00+0200,57291.68184,MW,DE,DE_LU,actual_load,Actual Load,2026-07-14T14:11:01Z
2026-07-14T14:09:01Z,2026-07-14T16:09:01+0200,fe0b5391-87e1-42cc-91a2-4b5686b81b2f,2026-07-03T07:45:00Z,2026-07-03T09:45:00+0200,57344.705369,MW,DE,DE_LU,actual_load,Actual Load,2026-07-14T14:11:01Z
2026-07-14T14:09:01Z,2026-07-14T16:09:01+0200,fe0b5391-87e1-42cc-91a2-4b5686b81b2f,2026-07-03T08:00:00Z,2026-07-03T10:00:00+0200,57220.13165,MW,DE,DE_LU,actual_load,Actual Load,2026-07-14T14:11:01Z
2026-07-14T14:09:01Z,2026-07-14T16:09:01+0200,fe0b5391-87e1-42cc-91a2-4b5686b81b2f,2026-07-03T08:15:00Z,2026-07-03T10:15:00+0200,58215.23422,MW,DE,DE_LU,actual_load,Actual Load,2026-07-14T14:11:01Z
2026-07-14T14:09:01Z,2026-07-14T16:09:01+0200,fe0b5391-87e1-42cc-91a2-4b5686b81b2f,2026-07-03T08:30:00Z,2026-07-03T10:30:00+0200,58671.32694,MW,DE,DE_LU,actual_load,Actual Load,2026-07-14T14:11:01Z
2026-07-14T14:09:01Z,2026-07-14T16:09:01+0200,fe0b5391-87e1-42cc-91a2-4b5686b81b2f,2026-07-03T08:45:00Z,2026-07-03T10:45:00+0200,58975.75151,MW,DE,DE_LU,actual_load,Actual Load,2026-07-14T14:11:01Z
2026-07-14T14:09:01Z,2026-07-14T16:09:01+0200,fe0b5391-87e1-42cc-91a2-4b5686b81b2f,2026-07-03T09:00:00Z,2026-07-03T11:00:00+0200,58934.70288,MW,DE,DE_LU,actual_load,Actual Load,2026-07-14T14:11:01Z
2026-07-14T14:09:01Z,2026-07-14T16:09:01+0200,fe0b5391-87e1-42cc-91a2-4b5686b81b2f,2026-07-03T09:15:00Z,2026-07-03T11:15:00+0200,57489.04855,MW,DE,DE_LU,actual_load,Actual Load,2026-07-14T14:11:01Z
2026-07-14T14:09:01Z,2026-07-14T16:09:01+0200,fe0b5391-87e1-42cc-91a2-4b5686b81b2f,2026-07-03T09:30:00Z,2026-07-03T11:30:00+0200,58130.47832,MW,DE,DE_LU,actual_load,Actual Load,2026-07-14T14:11:01Z
2026-07-14T14:09:01Z,2026-07-14T16:09:01+0200,fe0b5391-87e1-42cc-91a2-4b5686b81b2f,2026-07-03T09:45:00Z,2026-07-03T11:45:00+0200,58241.40249,MW,DE,DE_LU,actual_load,Actual Load,2026-07-14T14:11:01Z
2026-07-14T14:09:01Z,2026-07-14T16:09:01+0200,fe0b5391-87e1-42cc-91a2-4b5686b81b2f,2026-07-03T10:00:00Z,2026-07-03T12:00:00+0200,56648.9401,MW,DE,DE_LU,actual_load,Actual Load,2026-07-14T14:11:01Z
2026-07-14T14:09:01Z,2026-07-14T16:09:01+0200,fe0b5391-87e1-42cc-91a2-4b5686b81b2f,2026-07-03T10:15:00Z,2026-07-03T12:15:00+0200,56109.88971,MW,DE,DE_LU,actual_load,Actual Load,2026-07-14T14:11:01Z
2026-07-14T14:09:01Z,2026-07-14T16:09:01+0200,fe0b5391-87e1-42cc-91a2-4b5686b81b2f,2026-07-03T10:30:00Z,2026-07-03T12:30:00+0200,56830.71048,MW,DE,DE_LU,actual_load,Actual Load,2026-07-14T14:11:01Z
2026-07-14T14:09:01Z,2026-07-14T16:09:01+0200,fe0b5391-87e1-42cc-91a2-4b5686b81b2f,2026-07-03T10:45:00Z,2026-07-03T12:45:00+0200,57016.66628,MW,DE,DE_LU,actual_load,Actual Load,2026-07-14T14:11:01Z
2026-07-14T14:09:01Z,2026-07-14T16:09:01+0200,fe0b5391-87e1-42cc-91a2-4b5686b81b2f,2026-07-03T11:00:00Z,2026-07-03T13:00:00+0200,56452.11043,MW,DE,DE_LU,actual_load,Actual Load,2026-07-14T14:11:01Z
2026-07-14T14:09:01Z,2026-07-14T16:09:01+0200,fe0b5391-87e1-42cc-91a2-4b5686b81b2f,2026-07-03T11:15:00Z,2026-07-03T13:15:00+0200,56047.7131,MW,DE,DE_LU,actual_load,Actual Load,2026-07-14T14:11:01Z
2026-07-14T14:09:01Z,2026-07-14T16:09:01+0200,fe0b5391-87e1-42cc-91a2-4b5686b81b2f,2026-07-03T11:30:00Z,2026-07-03T13:30:00+0200,55454.01008,MW,DE,DE_LU,actual_load,Actual Load,2026-07-14T14:11:01Z
2026-07-14T14:09:01Z,2026-07-14T16:09:01+0200,fe0b5391-87e1-42cc-91a2-4b5686b81b2f,2026-07-03T11:45:00Z,2026-07-03T13:45:00+0200,55036.713459,MW,DE,DE_LU,actual_load,Actual Load,2026-07-14T14:11:01Z
2026-07-14T14:09:01Z,2026-07-14T16:09:01+0200,fe0b5391-87e1-42cc-91a2-4b5686b81b2f,2026-07-03T12:00:00Z,2026-07-03T14:00:00+0200,54595.98797,MW,DE,DE_LU,actual_load,Actual Load,2026-07-14T14:11:01Z
2026-07-14T14:09:01Z,2026-07-14T16:09:01+0200,fe0b5391-87e1-42cc-91a2-4b5686b81b2f,2026-07-03T12:15:00Z,2026-07-03T14:15:00+0200,54585.37011,MW,DE,DE_LU,actual_load,Actual Load,2026-07-14T14:11:01Z
2026-07-14T14:09:01Z,2026-07-14T16:09:01+0200,fe0b5391-87e1-42cc-91a2-4b5686b81b2f,2026-07-03T12:30:00Z,2026-07-03T14:30:00+0200,54014.990179,MW,DE,DE_LU,actual_load,Actual Load,2026-07-14T14:11:01Z
2026-07-14T14:09:01Z,2026-07-14T16:09:01+0200,fe0b5391-87e1-42cc-91a2-4b5686b81b2f,2026-07-03T12:45:00Z,2026-07-03T14:45:00+0200,53901.25612,MW,DE,DE_LU,actual_load,Actual Load,2026-07-14T14:11:01Z
2026-07-14T14:09:01Z,2026-07-14T16:09:01+0200,fe0b5391-87e1-42cc-91a2-4b5686b81b2f,2026-07-03T13:00:00Z,2026-07-03T15:00:00+0200,53650.133549,MW,DE,DE_LU,actual_load,Actual Load,2026-07-14T14:11:01Z
2026-07-14T14:09:01Z,2026-07-14T16:09:01+0200,fe0b5391-87e1-42cc-91a2-4b5686b81b2f,2026-07-03T13:15:00Z,2026-07-03T15:15:00+0200,53181.682399,MW,DE,DE_LU,actual_load,Actual Load,2026-07-14T14:11:01Z
2026-07-14T14:09:01Z,2026-07-14T16:09:01+0200,fe0b5391-87e1-42cc-91a2-4b5686b81b2f,2026-07-03T13:30:00Z,2026-07-03T15:30:00+0200,52917.033569,MW,DE,DE_LU,actual_load,Actual Load,2026-07-14T14:11:01Z
2026-07-14T14:09:01Z,2026-07-14T16:09:01+0200,fe0b5391-87e1-42cc-91a2-4b5686b81b2f,2026-07-03T13:45:00Z,2026-07-03T15:45:00+0200,52908.85947,MW,DE,DE_LU,actual_load,Actual Load,2026-07-14T14:11:01Z
2026-07-14T14:09:01Z,2026-07-14T16:09:01+0200,fe0b5391-87e1-42cc-91a2-4b5686b81b2f,2026-07-03T14:00:00Z,2026-07-03T16:00:00+0200,53056.29436,MW,DE,DE_LU,actual_load,Actual Load,2026-07-14T14:11:01Z
2026-07-14T14:09:01Z,2026-07-14T16:09:01+0200,fe0b5391-87e1-42cc-91a2-4b5686b81b2f,2026-07-03T14:15:00Z,2026-07-03T16:15:00+0200,52508.84626,MW,DE,DE_LU,actual_load,Actual Load,2026-07-14T14:11:01Z
2026-07-14T14:09:01Z,2026-07-14T16:09:01+0200,fe0b5391-87e1-42cc-91a2-4b5686b81b2f,2026-07-03T14:30:00Z,2026-07-03T16:30:00+0200,53680.308319,MW,DE,DE_LU,actual_load,Actual Load,2026-07-14T14:11:01Z
2026-07-14T14:09:01Z,2026-07-14T16:09:01+0200,fe0b5391-87e1-42cc-91a2-4b5686b81b2f,2026-07-03T14:45:00Z,2026-07-03T16:45:00+0200,53457.44624,MW,DE,DE_LU,actual_load,Actual Load,2026-07-14T14:11:01Z
2026-07-14T14:09:01Z,2026-07-14T16:09:01+0200,fe0b5391-87e1-42cc-91a2-4b5686b81b2f,2026-07-03T15:00:00Z,2026-07-03T17:00:00+0200,53125.64308,MW,DE,DE_LU,actual_load,Actual Load,2026-07-14T14:11:01Z
2026-07-14T14:09:01Z,2026-07-14T16:09:01+0200,fe0b5391-87e1-42cc-91a2-4b5686b81b2f,2026-07-03T15:15:00Z,2026-07-03T17:15:00+0200,52498.49224,MW,DE,DE_LU,actual_load,Actual Load,2026-07-14T14:11:01Z
2026-07-14T14:09:01Z,2026-07-14T16:09:01+0200,fe0b5391-87e1-42cc-91a2-4b5686b81b2f,2026-07-03T15:30:00Z,2026-07-03T17:30:00+0200,52475.05432,MW,DE,DE_LU,actual_load,Actual Load,2026-07-14T14:11:01Z
2026-07-14T14:09:01Z,2026-07-14T16:09:01+0200,fe0b5391-87e1-42cc-91a2-4b5686b81b2f,2026-07-03T15:45:00Z,2026-07-03T17:45:00+0200,52477.60574,MW,DE,DE_LU,actual_load,Actual Load,2026-07-14T14:11:01Z
2026-07-14T14:09:01Z,2026-07-14T16:09:01+0200,fe0b5391-87e1-42cc-91a2-4b5686b81b2f,2026-07-03T16:00:00Z,2026-07-03T18:00:00+0200,53236.531899,MW,DE,DE_LU,actual_load,Actual Load,2026-07-14T14:11:01Z
2026-07-14T14:09:01Z,2026-07-14T16:09:01+0200,fe0b5391-87e1-42cc-91a2-4b5686b81b2f,2026-07-03T16:15:00Z,2026-07-03T18:15:00+0200,53589.000969,MW,DE,DE_LU,actual_load,Actual Load,2026-07-14T14:11:01Z
2026-07-14T14:09:01Z,2026-07-14T16:09:01+0200,fe0b5391-87e1-42cc-91a2-4b5686b81b2f,2026-07-03T16:30:00Z,2026-07-03T18:30:00+0200,54134.65375,MW,DE,DE_LU,actual_load,Actual Load,2026-07-14T14:11:01Z
2026-07-14T14:09:01Z,2026-07-14T16:09:01+0200,fe0b5391-87e1-42cc-91a2-4b5686b81b2f,2026-07-03T16:45:00Z,2026-07-03T18:45:00+0200,54910.08735,MW,DE,DE_LU,actual_load,Actual Load,2026-07-14T14:11:01Z
2026-07-14T14:09:01Z,2026-07-14T16:09:01+0200,fe0b5391-87e1-42cc-91a2-4b5686b81b2f,2026-07-03T17:00:00Z,2026-07-03T19:00:00+0200,54552.53247,MW,DE,DE_LU,actual_load,Actual Load,2026-07-14T14:11:01Z
2026-07-14T14:09:01Z,2026-07-14T16:09:01+0200,fe0b5391-87e1-42cc-91a2-4b5686b81b2f,2026-07-03T17:15:00Z,2026-07-03T19:15:00+0200,54156.98666,MW,DE,DE_LU,actual_load,Actual Load,2026-07-14T14:11:01Z
2026-07-14T14:09:01Z,2026-07-14T16:09:01+0200,fe0b5391-87e1-42cc-91a2-4b5686b81b2f,2026-07-03T17:30:00Z,2026-07-03T19:30:00+0200,53762.70677,MW,DE,DE_LU,actual_load,Actual Load,2026-07-14T14:11:01Z
2026-07-14T14:09:01Z,2026-07-14T16:09:01+0200,fe0b5391-87e1-42cc-91a2-4b5686b81b2f,2026-07-03T17:45:00Z,2026-07-03T19:45:00+0200,53397.09029,MW,DE,DE_LU,actual_load,Actual Load,2026-07-14T14:11:01Z
2026-07-14T14:09:01Z,2026-07-14T16:09:01+0200,fe0b5391-87e1-42cc-91a2-4b5686b81b2f,2026-07-03T18:00:00Z,2026-07-03T20:00:00+0200,53320.08954,MW,DE,DE_LU,actual_load,Actual Load,2026-07-14T14:11:01Z
2026-07-14T14:09:01Z,2026-07-14T16:09:01+0200,fe0b5391-87e1-42cc-91a2-4b5686b81b2f,2026-07-03T18:15:00Z,2026-07-03T20:15:00+0200,52718.63033,MW,DE,DE_LU,actual_load,Actual Load,2026-07-14T14:11:01Z
2026-07-14T14:09:01Z,2026-07-14T16:09:01+0200,fe0b5391-87e1-42cc-91a2-4b5686b81b2f,2026-07-03T18:30:00Z,2026-07-03T20:30:00+0200,51761.72868,MW,DE,DE_LU,actual_load,Actual Load,2026-07-14T14:11:01Z
2026-07-14T14:09:01Z,2026-07-14T16:09:01+0200,fe0b5391-87e1-42cc-91a2-4b5686b81b2f,2026-07-03T18:45:00Z,2026-07-03T20:45:00+0200,51031.2075,MW,DE,DE_LU,actual_load,Actual Load,2026-07-14T14:11:01Z
2026-07-14T14:09:01Z,2026-07-14T16:09:01+0200,fe0b5391-87e1-42cc-91a2-4b5686b81b2f,2026-07-03T19:00:00Z,2026-07-03T21:00:00+0200,50401.6842,MW,DE,DE_LU,actual_load,Actual Load,2026-07-14T14:11:01Z
2026-07-14T14:09:01Z,2026-07-14T16:09:01+0200,fe0b5391-87e1-42cc-91a2-4b5686b81b2f,2026-07-03T19:15:00Z,2026-07-03T21:15:00+0200,49678.38772,MW,DE,DE_LU,actual_load,Actual Load,2026-07-14T14:11:01Z
2026-07-14T14:09:01Z,2026-07-14T16:09:01+0200,fe0b5391-87e1-42cc-91a2-4b5686b81b2f,2026-07-03T19:30:00Z,2026-07-03T21:30:00+0200,48932.9878,MW,DE,DE_LU,actual_load,Actual Load,2026-07-14T14:11:01Z
2026-07-14T14:09:01Z,2026-07-14T16:09:01+0200,fe0b5391-87e1-42cc-91a2-4b5686b81b2f,2026-07-03T19:45:00Z,2026-07-03T21:45:00+0200,49012.282609,MW,DE,DE_LU,actual_load,Actual Load,2026-07-14T14:11:01Z
2026-07-14T14:09:01Z,2026-07-14T16:09:01+0200,fe0b5391-87e1-42cc-91a2-4b5686b81b2f,2026-07-03T20:00:00Z,2026-07-03T22:00:00+0200,48761.40916,MW,DE,DE_LU,actual_load,Actual Load,2026-07-14T14:11:01Z
2026-07-14T14:09:01Z,2026-07-14T16:09:01+0200,fe0b5391-87e1-42cc-91a2-4b5686b81b2f,2026-07-03T20:15:00Z,2026-07-03T22:15:00+0200,48565.71821,MW,DE,DE_LU,actual_load,Actual Load,2026-07-14T14:11:01Z
2026-07-14T14:09:01Z,2026-07-14T16:09:01+0200,fe0b5391-87e1-42cc-91a2-4b5686b81b2f,2026-07-03T20:30:00Z,2026-07-03T22:30:00+0200,48347.39482,MW,DE,DE_LU,actual_load,Actual Load,2026-07-14T14:11:01Z
2026-07-14T14:09:01Z,2026-07-14T16:09:01+0200,fe0b5391-87e1-42cc-91a2-4b5686b81b2f,2026-07-03T20:45:00Z,2026-07-03T22:45:00+0200,47392.48226,MW,DE,DE_LU,actual_load,Actual Load,2026-07-14T14:11:01Z
2026-07-14T14:09:01Z,2026-07-14T16:09:01+0200,fe0b5391-87e1-42cc-91a2-4b5686b81b2f,2026-07-03T21:00:00Z,2026-07-03T23:00:00+0200,46878.384299,MW,DE,DE_LU,actual_load,Actual Load,2026-07-14T14:11:01Z
2026-07-14T14:09:01Z,2026-07-14T16:09:01+0200,fe0b5391-87e1-42cc-91a2-4b5686b81b2f,2026-07-03T21:15:00Z,2026-07-03T23:15:00+0200,46150.62396,MW,DE,DE_LU,actual_load,Actual Load,2026-07-14T14:11:01Z
2026-07-14T14:09:01Z,2026-07-14T16:09:01+0200,fe0b5391-87e1-42cc-91a2-4b5686b81b2f,2026-07-03T21:30:00Z,2026-07-03T23:30:00+0200,45420.23522,MW,DE,DE_LU,actual_load,Actual Load,2026-07-14T14:11:01Z
2026-07-14T14:09:01Z,2026-07-14T16:09:01+0200,fe0b5391-87e1-42cc-91a2-4b5686b81b2f,2026-07-03T21:45:00Z,2026-07-03T23:45:00+0200,44640.252379,MW,DE,DE_LU,actual_load,Actual Load,2026-07-14T14:11:01Z
2026-07-14T14:09:01Z,2026-07-14T16:09:01+0200,fe0b5391-87e1-42cc-91a2-4b5686b81b2f,2026-07-03T22:00:00Z,2026-07-04T00:00:00+0200,44196.53264,MW,DE,DE_LU,actual_load,Actual Load,2026-07-14T14:11:01Z
2026-07-14T14:09:01Z,2026-07-14T16:09:01+0200,fe0b5391-87e1-42cc-91a2-4b5686b81b2f,2026-07-03T22:15:00Z,2026-07-04T00:15:00+0200,44082.77826,MW,DE,DE_LU,actual_load,Actual Load,2026-07-14T14:11:01Z
2026-07-14T14:09:01Z,2026-07-14T16:09:01+0200,fe0b5391-87e1-42cc-91a2-4b5686b81b2f,2026-07-03T22:30:00Z,2026-07-04T00:30:00+0200,43469.81401,MW,DE,DE_LU,actual_load,Actual Load,2026-07-14T14:11:01Z
2026-07-14T14:09:01Z,2026-07-14T16:09:01+0200,fe0b5391-87e1-42cc-91a2-4b5686b81b2f,2026-07-03T22:45:00Z,2026-07-04T00:45:00+0200,43247.68716,MW,DE,DE_LU,actual_load,Actual Load,2026-07-14T14:11:01Z
2026-07-14T14:09:01Z,2026-07-14T16:09:01+0200,fe0b5391-87e1-42cc-91a2-4b5686b81b2f,2026-07-03T23:00:00Z,2026-07-04T01:00:00+0200,42855.01012,MW,DE,DE_LU,actual_load,Actual Load,2026-07-14T14:11:01Z
2026-07-14T14:09:01Z,2026-07-14T16:09:01+0200,fe0b5391-87e1-42cc-91a2-4b5686b81b2f,2026-07-03T23:15:00Z,2026-07-04T01:15:00+0200,42867.294279,MW,DE,DE_LU,actual_load,Actual Load,2026-07-14T14:11:01Z
2026-07-14T14:09:01Z,2026-07-14T16:09:01+0200,fe0b5391-87e1-42cc-91a2-4b5686b81b2f,2026-07-03T23:30:00Z,2026-07-04T01:30:00+0200,42540.72792,MW,DE,DE_LU,actual_load,Actual Load,2026-07-14T14:11:01Z
2026-07-14T14:09:01Z,2026-07-14T16:09:01+0200,fe0b5391-87e1-42cc-91a2-4b5686b81b2f,2026-07-03T23:45:00Z,2026-07-04T01:45:00+0200,42382.63711,MW,DE,DE_LU,actual_load,Actual Load,2026-07-14T14:11:01Z
2026-07-14T14:09:01Z,2026-07-14T16:09:01+0200,fe0b5391-87e1-42cc-91a2-4b5686b81b2f,2026-07-04T00:00:00Z,2026-07-04T02:00:00+0200,42126.95161,MW,DE,DE_LU,actual_load,Actual Load,2026-07-14T14:11:01Z
2026-07-14T14:09:01Z,2026-07-14T16:09:01+0200,fe0b5391-87e1-42cc-91a2-4b5686b81b2f,2026-07-04T00:15:00Z,2026-07-04T02:15:00+0200,42021.03636,MW,DE,DE_LU,actual_load,Actual Load,2026-07-14T14:11:01Z
2026-07-14T14:09:01Z,2026-07-14T16:09:01+0200,fe0b5391-87e1-42cc-91a2-4b5686b81b2f,2026-07-04T00:30:00Z,2026-07-04T02:30:00+0200,41501.76322,MW,DE,DE_LU,actual_load,Actual Load,2026-07-14T14:11:01Z
2026-07-14T14:09:01Z,2026-07-14T16:09:01+0200,fe0b5391-87e1-42cc-91a2-4b5686b81b2f,2026-07-04T00:45:00Z,2026-07-04T02:45:00+0200,41224.02911,MW,DE,DE_LU,actual_load,Actual Load,2026-07-14T14:11:01Z
2026-07-14T14:09:01Z,2026-07-14T16:09:01+0200,fe0b5391-87e1-42cc-91a2-4b5686b81b2f,2026-07-04T01:00:00Z,2026-07-04T03:00:00+0200,40998.14996,MW,DE,DE_LU,actual_load,Actual Load,2026-07-14T14:11:01Z
2026-07-14T14:09:01Z,2026-07-14T16:09:01+0200,fe0b5391-87e1-42cc-91a2-4b5686b81b2f,2026-07-04T01:15:00Z,2026-07-04T03:15:00+0200,41347.82235,MW,DE,DE_LU,actual_load,Actual Load,2026-07-14T14:11:01Z
2026-07-14T14:09:01Z,2026-07-14T16:09:01+0200,fe0b5391-87e1-42cc-91a2-4b5686b81b2f,2026-07-04T01:30:00Z,2026-07-04T03:30:00+0200,41571.91962,MW,DE,DE_LU,actual_load,Actual Load,2026-07-14T14:11:01Z
2026-07-14T14:09:01Z,2026-07-14T16:09:01+0200,fe0b5391-87e1-42cc-91a2-4b5686b81b2f,2026-07-04T01:45:00Z,2026-07-04T03:45:00+0200,41543.78378,MW,DE,DE_LU,actual_load,Actual Load,2026-07-14T14:11:01Z
2026-07-14T14:09:01Z,2026-07-14T16:09:01+0200,fe0b5391-87e1-42cc-91a2-4b5686b81b2f,2026-07-04T02:00:00Z,2026-07-04T04:00:00+0200,41719.83793,MW,DE,DE_LU,actual_load,Actual Load,2026-07-14T14:11:01Z
2026-07-14T14:09:01Z,2026-07-14T16:09:01+0200,fe0b5391-87e1-42cc-91a2-4b5686b81b2f,2026-07-04T02:15:00Z,2026-07-04T04:15:00+0200,41981.97797,MW,DE,DE_LU,actual_load,Actual Load,2026-07-14T14:11:01Z
2026-07-14T14:09:01Z,2026-07-14T16:09:01+0200,fe0b5391-87e1-42cc-91a2-4b5686b81b2f,2026-07-04T02:30:00Z,2026-07-04T04:30:00+0200,41862.80611,MW,DE,DE_LU,actual_load,Actual Load,2026-07-14T14:11:01Z
2026-07-14T14:09:01Z,2026-07-14T16:09:01+0200,fe0b5391-87e1-42cc-91a2-4b5686b81b2f,2026-07-04T02:45:00Z,2026-07-04T04:45:00+0200,41502.58971,MW,DE,DE_LU,actual_load,Actual Load,2026-07-14T14:11:01Z
2026-07-14T14:09:01Z,2026-07-14T16:09:01+0200,fe0b5391-87e1-42cc-91a2-4b5686b81b2f,2026-07-04T03:00:00Z,2026-07-04T05:00:00+0200,41145.877879,MW,DE,DE_LU,actual_load,Actual Load,2026-07-14T14:11:01Z
2026-07-14T14:09:01Z,2026-07-14T16:09:01+0200,fe0b5391-87e1-42cc-91a2-4b5686b81b2f,2026-07-04T03:15:00Z,2026-07-04T05:15:00+0200,41127.04206,MW,DE,DE_LU,actual_load,Actual Load,2026-07-14T14:11:01Z
2026-07-14T14:09:01Z,2026-07-14T16:09:01+0200,fe0b5391-87e1-42cc-91a2-4b5686b81b2f,2026-07-04T03:30:00Z,2026-07-04T05:30:00+0200,41245.47429,MW,DE,DE_LU,actual_load,Actual Load,2026-07-14T14:11:01Z
2026-07-14T14:09:01Z,2026-07-14T16:09:01+0200,fe0b5391-87e1-42cc-91a2-4b5686b81b2f,2026-07-04T03:45:00Z,2026-07-04T05:45:00+0200,41453.84197,MW,DE,DE_LU,actual_load,Actual Load,2026-07-14T14:11:01Z
2026-07-14T14:09:01Z,2026-07-14T16:09:01+0200,fe0b5391-87e1-42cc-91a2-4b5686b81b2f,2026-07-04T04:00:00Z,2026-07-04T06:00:00+0200,42847.42072,MW,DE,DE_LU,actual_load,Actual Load,2026-07-14T14:11:01Z
2026-07-14T14:09:01Z,2026-07-14T16:09:01+0200,fe0b5391-87e1-42cc-91a2-4b5686b81b2f,2026-07-04T04:15:00Z,2026-07-04T06:15:00+0200,43601.00113,MW,DE,DE_LU,actual_load,Actual Load,2026-07-14T14:11:01Z
2026-07-14T14:09:01Z,2026-07-14T16:09:01+0200,fe0b5391-87e1-42cc-91a2-4b5686b81b2f,2026-07-04T04:30:00Z,2026-07-04T06:30:00+0200,44414.41775,MW,DE,DE_LU,actual_load,Actual Load,2026-07-14T14:11:01Z
2026-07-14T14:09:01Z,2026-07-14T16:09:01+0200,fe0b5391-87e1-42cc-91a2-4b5686b81b2f,2026-07-04T04:45:00Z,2026-07-04T06:45:00+0200,44458.10632,MW,DE,DE_LU,actual_load,Actual Load,2026-07-14T14:11:01Z
2026-07-14T14:09:01Z,2026-07-14T16:09:01+0200,fe0b5391-87e1-42cc-91a2-4b5686b81b2f,2026-07-04T05:00:00Z,2026-07-04T07:00:00+0200,44022.91962,MW,DE,DE_LU,actual_load,Actual Load,2026-07-14T14:11:01Z
2026-07-14T14:09:01Z,2026-07-14T16:09:01+0200,fe0b5391-87e1-42cc-91a2-4b5686b81b2f,2026-07-04T05:15:00Z,2026-07-04T07:15:00+0200,44981.48042,MW,DE,DE_LU,actual_load,Actual Load,2026-07-14T14:11:01Z
2026-07-14T14:09:01Z,2026-07-14T16:09:01+0200,fe0b5391-87e1-42cc-91a2-4b5686b81b2f,2026-07-04T05:30:00Z,2026-07-04T07:30:00+0200,45426.377,MW,DE,DE_LU,actual_load,Actual Load,2026-07-14T14:11:01Z
2026-07-14T14:09:01Z,2026-07-14T16:09:01+0200,fe0b5391-87e1-42cc-91a2-4b5686b81b2f,2026-07-04T05:45:00Z,2026-07-04T07:45:00+0200,46029.31006,MW,DE,DE_LU,actual_load,Actual Load,2026-07-14T14:11:01Z
2026-07-14T14:09:01Z,2026-07-14T16:09:01+0200,fe0b5391-87e1-42cc-91a2-4b5686b81b2f,2026-07-04T06:00:00Z,2026-07-04T08:00:00+0200,46237.10502,MW,DE,DE_LU,actual_load,Actual Load,2026-07-14T14:11:01Z
2026-07-14T14:09:01Z,2026-07-14T16:09:01+0200,fe0b5391-87e1-42cc-91a2-4b5686b81b2f,2026-07-04T06:15:00Z,2026-07-04T08:15:00+0200,46938.131199,MW,DE,DE_LU,actual_load,Actual Load,2026-07-14T14:11:01Z
2026-07-14T14:09:01Z,2026-07-14T16:09:01+0200,fe0b5391-87e1-42cc-91a2-4b5686b81b2f,2026-07-04T06:30:00Z,2026-07-04T08:30:00+0200,47130.87954,MW,DE,DE_LU,actual_load,Actual Load,2026-07-14T14:11:01Z
2026-07-14T14:09:01Z,2026-07-14T16:09:01+0200,fe0b5391-87e1-42cc-91a2-4b5686b81b2f,2026-07-04T06:45:00Z,2026-07-04T08:45:00+0200,47761.422409,MW,DE,DE_LU,actual_load,Actual Load,2026-07-14T14:11:01Z
2026-07-14T14:09:01Z,2026-07-14T16:09:01+0200,fe0b5391-87e1-42cc-91a2-4b5686b81b2f,2026-07-04T07:00:00Z,2026-07-04T09:00:00+0200,46845.22798,MW,DE,DE_LU,actual_load,Actual Load,2026-07-14T14:11:01Z
2026-07-14T14:09:01Z,2026-07-14T16:09:01+0200,fe0b5391-87e1-42cc-91a2-4b5686b81b2f,2026-07-04T07:15:00Z,2026-07-04T09:15:00+0200,46803.73135,MW,DE,DE_LU,actual_load,Actual Load,2026-07-14T14:11:01Z
2026-07-14T14:09:01Z,2026-07-14T16:09:01+0200,fe0b5391-87e1-42cc-91a2-4b5686b81b2f,2026-07-04T07:30:00Z,2026-07-04T09:30:00+0200,47129.044459,MW,DE,DE_LU,actual_load,Actual Load,2026-07-14T14:11:01Z
2026-07-14T14:09:01Z,2026-07-14T16:09:01+0200,fe0b5391-87e1-42cc-91a2-4b5686b81b2f,2026-07-04T07:45:00Z,2026-07-04T09:45:00+0200,47631.06129,MW,DE,DE_LU,actual_load,Actual Load,2026-07-14T14:11:01Z
2026-07-14T14:09:01Z,2026-07-14T16:09:01+0200,fe0b5391-87e1-42cc-91a2-4b5686b81b2f,2026-07-04T08:00:00Z,2026-07-04T10:00:00+0200,48211.5408,MW,DE,DE_LU,actual_load,Actual Load,2026-07-14T14:11:01Z
2026-07-14T14:09:01Z,2026-07-14T16:09:01+0200,fe0b5391-87e1-42cc-91a2-4b5686b81b2f,2026-07-04T08:15:00Z,2026-07-04T10:15:00+0200,48839.53768,MW,DE,DE_LU,actual_load,Actual Load,2026-07-14T14:11:01Z
2026-07-14T14:09:01Z,2026-07-14T16:09:01+0200,fe0b5391-87e1-42cc-91a2-4b5686b81b2f,2026-07-04T08:30:00Z,2026-07-04T10:30:00+0200,49305.28832,MW,DE,DE_LU,actual_load,Actual Load,2026-07-14T14:11:01Z
2026-07-14T14:09:01Z,2026-07-14T16:09:01+0200,fe0b5391-87e1-42cc-91a2-4b5686b81b2f,2026-07-04T08:45:00Z,2026-07-04T10:45:00+0200,49291.74817,MW,DE,DE_LU,actual_load,Actual Load,2026-07-14T14:11:01Z
2026-07-14T14:09:01Z,2026-07-14T16:09:01+0200,fe0b5391-87e1-42cc-91a2-4b5686b81b2f,2026-07-04T09:00:00Z,2026-07-04T11:00:00+0200,48971.57364,MW,DE,DE_LU,actual_load,Actual Load,2026-07-14T14:11:01Z
2026-07-14T14:09:01Z,2026-07-14T16:09:01+0200,fe0b5391-87e1-42cc-91a2-4b5686b81b2f,2026-07-04T09:15:00Z,2026-07-04T11:15:00+0200,49286.26395,MW,DE,DE_LU,actual_load,Actual Load,2026-07-14T14:11:01Z
2026-07-14T14:09:01Z,2026-07-14T16:09:01+0200,fe0b5391-87e1-42cc-91a2-4b5686b81b2f,2026-07-04T09:30:00Z,2026-07-04T11:30:00+0200,49531.72648,MW,DE,DE_LU,actual_load,Actual Load,2026-07-14T14:11:01Z
2026-07-14T14:09:01Z,2026-07-14T16:09:01+0200,fe0b5391-87e1-42cc-91a2-4b5686b81b2f,2026-07-04T09:45:00Z,2026-07-04T11:45:00+0200,49788.110629,MW,DE,DE_LU,actual_load,Actual Load,2026-07-14T14:11:01Z
2026-07-14T14:09:01Z,2026-07-14T16:09:01+0200,fe0b5391-87e1-42cc-91a2-4b5686b81b2f,2026-07-04T10:00:00Z,2026-07-04T12:00:00+0200,49456.04799,MW,DE,DE_LU,actual_load,Actual Load,2026-07-14T14:11:01Z
2026-07-14T14:09:01Z,2026-07-14T16:09:01+0200,fe0b5391-87e1-42cc-91a2-4b5686b81b2f,2026-07-04T10:15:00Z,2026-07-04T12:15:00+0200,49637.17762,MW,DE,DE_LU,actual_load,Actual Load,2026-07-14T14:11:01Z
2026-07-14T14:09:01Z,2026-07-14T16:09:01+0200,fe0b5391-87e1-42cc-91a2-4b5686b81b2f,2026-07-04T10:30:00Z,2026-07-04T12:30:00+0200,49876.79377,MW,DE,DE_LU,actual_load,Actual Load,2026-07-14T14:11:01Z
2026-07-14T14:09:01Z,2026-07-14T16:09:01+0200,fe0b5391-87e1-42cc-91a2-4b5686b81b2f,2026-07-04T10:45:00Z,2026-07-04T12:45:00+0200,50022.060989,MW,DE,DE_LU,actual_load,Actual Load,2026-07-14T14:11:01Z
2026-07-14T14:09:01Z,2026-07-14T16:09:01+0200,fe0b5391-87e1-42cc-91a2-4b5686b81b2f,2026-07-04T11:00:00Z,2026-07-04T13:00:00+0200,48528.97154,MW,DE,DE_LU,actual_load,Actual Load,2026-07-14T14:11:01Z
2026-07-14T14:09:01Z,2026-07-14T16:09:01+0200,fe0b5391-87e1-42cc-91a2-4b5686b81b2f,2026-07-04T11:15:00Z,2026-07-04T13:15:00+0200,48239.53602,MW,DE,DE_LU,actual_load,Actual Load,2026-07-14T14:11:01Z
2026-07-14T14:09:01Z,2026-07-14T16:09:01+0200,fe0b5391-87e1-42cc-91a2-4b5686b81b2f,2026-07-04T11:30:00Z,2026-07-04T13:30:00+0200,47950.97084,MW,DE,DE_LU,actual_load,Actual Load,2026-07-14T14:11:01Z
2026-07-14T14:09:01Z,2026-07-14T16:09:01+0200,fe0b5391-87e1-42cc-91a2-4b5686b81b2f,2026-07-04T11:45:00Z,2026-07-04T13:45:00+0200,47944.039649,MW,DE,DE_LU,actual_load,Actual Load,2026-07-14T14:11:01Z
2026-07-14T14:09:01Z,2026-07-14T16:09:01+0200,fe0b5391-87e1-42cc-91a2-4b5686b81b2f,2026-07-04T12:00:00Z,2026-07-04T14:00:00+0200,47041.6876,MW,DE,DE_LU,actual_load,Actual Load,2026-07-14T14:11:01Z
2026-07-14T14:09:01Z,2026-07-14T16:09:01+0200,fe0b5391-87e1-42cc-91a2-4b5686b81b2f,2026-07-04T12:15:00Z,2026-07-04T14:15:00+0200,46679.36892,MW,DE,DE_LU,actual_load,Actual Load,2026-07-14T14:11:01Z
2026-07-14T14:09:01Z,2026-07-14T16:09:01+0200,fe0b5391-87e1-42cc-91a2-4b5686b81b2f,2026-07-04T12:30:00Z,2026-07-04T14:30:00+0200,46573.18303,MW,DE,DE_LU,actual_load,Actual Load,2026-07-14T14:11:01Z
2026-07-14T14:09:01Z,2026-07-14T16:09:01+0200,fe0b5391-87e1-42cc-91a2-4b5686b81b2f,2026-07-04T12:45:00Z,2026-07-04T14:45:00+0200,46232.926039,MW,DE,DE_LU,actual_load,Actual Load,2026-07-14T14:11:01Z
2026-07-14T14:09:01Z,2026-07-14T16:09:01+0200,fe0b5391-87e1-42cc-91a2-4b5686b81b2f,2026-07-04T13:00:00Z,2026-07-04T15:00:00+0200,46652.75286,MW,DE,DE_LU,actual_load,Actual Load,2026-07-14T14:11:01Z
2026-07-14T14:09:01Z,2026-07-14T16:09:01+0200,fe0b5391-87e1-42cc-91a2-4b5686b81b2f,2026-07-04T13:15:00Z,2026-07-04T15:15:00+0200,46663.97009,MW,DE,DE_LU,actual_load,Actual Load,2026-07-14T14:11:01Z
2026-07-14T14:09:01Z,2026-07-14T16:09:01+0200,fe0b5391-87e1-42cc-91a2-4b5686b81b2f,2026-07-04T13:30:00Z,2026-07-04T15:30:00+0200,45839.28976,MW,DE,DE_LU,actual_load,Actual Load,2026-07-14T14:11:01Z
2026-07-14T14:09:01Z,2026-07-14T16:09:01+0200,fe0b5391-87e1-42cc-91a2-4b5686b81b2f,2026-07-04T13:45:00Z,2026-07-04T15:45:00+0200,45691.071109,MW,DE,DE_LU,actual_load,Actual Load,2026-07-14T14:11:01Z
2026-07-14T14:09:01Z,2026-07-14T16:09:01+0200,fe0b5391-87e1-42cc-91a2-4b5686b81b2f,2026-07-04T14:00:00Z,2026-07-04T16:00:00+0200,46645.92915,MW,DE,DE_LU,actual_load,Actual Load,2026-07-14T14:11:01Z
2026-07-14T14:09:01Z,2026-07-14T16:09:01+0200,fe0b5391-87e1-42cc-91a2-4b5686b81b2f,2026-07-04T14:15:00Z,2026-07-04T16:15:00+0200,45927.170099,MW,DE,DE_LU,actual_load,Actual Load,2026-07-14T14:11:01Z
2026-07-14T14:09:01Z,2026-07-14T16:09:01+0200,fe0b5391-87e1-42cc-91a2-4b5686b81b2f,2026-07-04T14:30:00Z,2026-07-04T16:30:00+0200,45483.339199,MW,DE,DE_LU,actual_load,Actual Load,2026-07-14T14:11:01Z
2026-07-14T14:09:01Z,2026-07-14T16:09:01+0200,fe0b5391-87e1-42cc-91a2-4b5686b81b2f,2026-07-04T14:45:00Z,2026-07-04T16:45:00+0200,45346.959,MW,DE,DE_LU,actual_load,Actual Load,2026-07-14T14:11:01Z
2026-07-14T14:09:01Z,2026-07-14T16:09:01+0200,fe0b5391-87e1-42cc-91a2-4b5686b81b2f,2026-07-04T15:00:00Z,2026-07-04T17:00:00+0200,45928.72014,MW,DE,DE_LU,actual_load,Actual Load,2026-07-14T14:11:01Z
2026-07-14T14:09:01Z,2026-07-14T16:09:01+0200,fe0b5391-87e1-42cc-91a2-4b5686b81b2f,2026-07-04T15:15:00Z,2026-07-04T17:15:00+0200,45688.22284,MW,DE,DE_LU,actual_load,Actual Load,2026-07-14T14:11:01Z
2026-07-14T14:09:01Z,2026-07-14T16:09:01+0200,fe0b5391-87e1-42cc-91a2-4b5686b81b2f,2026-07-04T15:30:00Z,2026-07-04T17:30:00+0200,46327.46653,MW,DE,DE_LU,actual_load,Actual Load,2026-07-14T14:11:01Z
2026-07-14T14:09:01Z,2026-07-14T16:09:01+0200,fe0b5391-87e1-42cc-91a2-4b5686b81b2f,2026-07-04T15:45:00Z,2026-07-04T17:45:00+0200,45929.40448,MW,DE,DE_LU,actual_load,Actual Load,2026-07-14T14:11:01Z
2026-07-14T14:09:01Z,2026-07-14T16:09:01+0200,fe0b5391-87e1-42cc-91a2-4b5686b81b2f,2026-07-04T16:00:00Z,2026-07-04T18:00:00+0200,46962.56389,MW,DE,DE_LU,actual_load,Actual Load,2026-07-14T14:11:01Z
2026-07-14T14:09:01Z,2026-07-14T16:09:01+0200,fe0b5391-87e1-42cc-91a2-4b5686b81b2f,2026-07-04T16:15:00Z,2026-07-04T18:15:00+0200,47643.00849,MW,DE,DE_LU,actual_load,Actual Load,2026-07-14T14:11:01Z
2026-07-14T14:09:01Z,2026-07-14T16:09:01+0200,fe0b5391-87e1-42cc-91a2-4b5686b81b2f,2026-07-04T16:30:00Z,2026-07-04T18:30:00+0200,48428.3014,MW,DE,DE_LU,actual_load,Actual Load,2026-07-14T14:11:01Z
2026-07-14T14:09:01Z,2026-07-14T16:09:01+0200,fe0b5391-87e1-42cc-91a2-4b5686b81b2f,2026-07-04T16:45:00Z,2026-07-04T18:45:00+0200,48609.76184,MW,DE,DE_LU,actual_load,Actual Load,2026-07-14T14:11:01Z
2026-07-14T14:09:01Z,2026-07-14T16:09:01+0200,fe0b5391-87e1-42cc-91a2-4b5686b81b2f,2026-07-04T17:00:00Z,2026-07-04T19:00:00+0200,48471.63771,MW,DE,DE_LU,actual_load,Actual Load,2026-07-14T14:11:01Z
2026-07-14T14:09:01Z,2026-07-14T16:09:01+0200,fe0b5391-87e1-42cc-91a2-4b5686b81b2f,2026-07-04T17:15:00Z,2026-07-04T19:15:00+0200,48136.90378,MW,DE,DE_LU,actual_load,Actual Load,2026-07-14T14:11:01Z
2026-07-14T14:09:01Z,2026-07-14T16:09:01+0200,fe0b5391-87e1-42cc-91a2-4b5686b81b2f,2026-07-04T17:30:00Z,2026-07-04T19:30:00+0200,47651.65998,MW,DE,DE_LU,actual_load,Actual Load,2026-07-14T14:11:01Z
2026-07-14T14:09:01Z,2026-07-14T16:09:01+0200,fe0b5391-87e1-42cc-91a2-4b5686b81b2f,2026-07-04T17:45:00Z,2026-07-04T19:45:00+0200,47796.09222,MW,DE,DE_LU,actual_load,Actual Load,2026-07-14T14:11:01Z
2026-07-14T14:09:01Z,2026-07-14T16:09:01+0200,fe0b5391-87e1-42cc-91a2-4b5686b81b2f,2026-07-04T18:00:00Z,2026-07-04T20:00:00+0200,47867.01389,MW,DE,DE_LU,actual_load,Actual Load,2026-07-14T14:11:01Z
2026-07-14T14:09:01Z,2026-07-14T16:09:01+0200,fe0b5391-87e1-42cc-91a2-4b5686b81b2f,2026-07-04T18:15:00Z,2026-07-04T20:15:00+0200,46861.39967,MW,DE,DE_LU,actual_load,Actual Load,2026-07-14T14:11:01Z
2026-07-14T14:09:01Z,2026-07-14T16:09:01+0200,fe0b5391-87e1-42cc-91a2-4b5686b81b2f,2026-07-04T18:30:00Z,2026-07-04T20:30:00+0200,46532.05503,MW,DE,DE_LU,actual_load,Actual Load,2026-07-14T14:11:01Z
2026-07-14T14:09:01Z,2026-07-14T16:09:01+0200,fe0b5391-87e1-42cc-91a2-4b5686b81b2f,2026-07-04T18:45:00Z,2026-07-04T20:45:00+0200,45448.55872,MW,DE,DE_LU,actual_load,Actual Load,2026-07-14T14:11:01Z
2026-07-14T14:09:01Z,2026-07-14T16:09:01+0200,fe0b5391-87e1-42cc-91a2-4b5686b81b2f,2026-07-04T19:00:00Z,2026-07-04T21:00:00+0200,44901.66606,MW,DE,DE_LU,actual_load,Actual Load,2026-07-14T14:11:01Z
2026-07-14T14:09:01Z,2026-07-14T16:09:01+0200,fe0b5391-87e1-42cc-91a2-4b5686b81b2f,2026-07-04T19:15:00Z,2026-07-04T21:15:00+0200,44476.04278,MW,DE,DE_LU,actual_load,Actual Load,2026-07-14T14:11:01Z
2026-07-14T14:09:01Z,2026-07-14T16:09:01+0200,fe0b5391-87e1-42cc-91a2-4b5686b81b2f,2026-07-04T19:30:00Z,2026-07-04T21:30:00+0200,44351.06191,MW,DE,DE_LU,actual_load,Actual Load,2026-07-14T14:11:01Z
2026-07-14T14:09:01Z,2026-07-14T16:09:01+0200,fe0b5391-87e1-42cc-91a2-4b5686b81b2f,2026-07-04T19:45:00Z,2026-07-04T21:45:00+0200,44674.65766,MW,DE,DE_LU,actual_load,Actual Load,2026-07-14T14:11:01Z
2026-07-14T14:09:01Z,2026-07-14T16:09:01+0200,fe0b5391-87e1-42cc-91a2-4b5686b81b2f,2026-07-04T20:00:00Z,2026-07-04T22:00:00+0200,44698.68937,MW,DE,DE_LU,actual_load,Actual Load,2026-07-14T14:11:01Z
2026-07-14T14:09:01Z,2026-07-14T16:09:01+0200,fe0b5391-87e1-42cc-91a2-4b5686b81b2f,2026-07-04T20:15:00Z,2026-07-04T22:15:00+0200,43987.743799,MW,DE,DE_LU,actual_load,Actual Load,2026-07-14T14:11:01Z
2026-07-14T14:09:01Z,2026-07-14T16:09:01+0200,fe0b5391-87e1-42cc-91a2-4b5686b81b2f,2026-07-04T20:30:00Z,2026-07-04T22:30:00+0200,44009.22047,MW,DE,DE_LU,actual_load,Actual Load,2026-07-14T14:11:01Z
2026-07-14T14:09:01Z,2026-07-14T16:09:01+0200,fe0b5391-87e1-42cc-91a2-4b5686b81b2f,2026-07-04T20:45:00Z,2026-07-04T22:45:00+0200,43711.66098,MW,DE,DE_LU,actual_load,Actual Load,2026-07-14T14:11:01Z
2026-07-14T14:09:01Z,2026-07-14T16:09:01+0200,fe0b5391-87e1-42cc-91a2-4b5686b81b2f,2026-07-04T21:00:00Z,2026-07-04T23:00:00+0200,43276.47457,MW,DE,DE_LU,actual_load,Actual Load,2026-07-14T14:11:01Z
2026-07-14T14:09:01Z,2026-07-14T16:09:01+0200,fe0b5391-87e1-42cc-91a2-4b5686b81b2f,2026-07-04T21:15:00Z,2026-07-04T23:15:00+0200,42703.91956,MW,DE,DE_LU,actual_load,Actual Load,2026-07-14T14:11:01Z
2026-07-14T14:09:01Z,2026-07-14T16:09:01+0200,fe0b5391-87e1-42cc-91a2-4b5686b81b2f,2026-07-04T21:30:00Z,2026-07-04T23:30:00+0200,42558.11968,MW,DE,DE_LU,actual_load,Actual Load,2026-07-14T14:11:01Z
2026-07-14T14:09:01Z,2026-07-14T16:09:01+0200,fe0b5391-87e1-42cc-91a2-4b5686b81b2f,2026-07-04T21:45:00Z,2026-07-04T23:45:00+0200,41206.59122,MW,DE,DE_LU,actual_load,Actual Load,2026-07-14T14:11:01Z
2026-07-14T14:09:01Z,2026-07-14T16:09:01+0200,fe0b5391-87e1-42cc-91a2-4b5686b81b2f,2026-07-04T22:00:00Z,2026-07-05T00:00:00+0200,40716.53848,MW,DE,DE_LU,actual_load,Actual Load,2026-07-14T14:11:01Z
2026-07-14T14:09:01Z,2026-07-14T16:09:01+0200,fe0b5391-87e1-42cc-91a2-4b5686b81b2f,2026-07-04T22:15:00Z,2026-07-05T00:15:00+0200,40735.46912,MW,DE,DE_LU,actual_load,Actual Load,2026-07-14T14:11:01Z
2026-07-14T14:09:01Z,2026-07-14T16:09:01+0200,fe0b5391-87e1-42cc-91a2-4b5686b81b2f,2026-07-04T22:30:00Z,2026-07-05T00:30:00+0200,40576.46937,MW,DE,DE_LU,actual_load,Actual Load,2026-07-14T14:11:01Z
2026-07-14T14:09:01Z,2026-07-14T16:09:01+0200,fe0b5391-87e1-42cc-91a2-4b5686b81b2f,2026-07-04T22:45:00Z,2026-07-05T00:45:00+0200,39987.23249,MW,DE,DE_LU,actual_load,Actual Load,2026-07-14T14:11:01Z
2026-07-14T14:09:01Z,2026-07-14T16:09:01+0200,fe0b5391-87e1-42cc-91a2-4b5686b81b2f,2026-07-04T23:00:00Z,2026-07-05T01:00:00+0200,39474.96194,MW,DE,DE_LU,actual_load,Actual Load,2026-07-14T14:11:01Z
2026-07-14T14:09:01Z,2026-07-14T16:09:01+0200,fe0b5391-87e1-42cc-91a2-4b5686b81b2f,2026-07-04T23:15:00Z,2026-07-05T01:15:00+0200,39447.3963,MW,DE,DE_LU,actual_load,Actual Load,2026-07-14T14:11:01Z
2026-07-14T14:09:01Z,2026-07-14T16:09:01+0200,fe0b5391-87e1-42cc-91a2-4b5686b81b2f,2026-07-04T23:30:00Z,2026-07-05T01:30:00+0200,39013.10219,MW,DE,DE_LU,actual_load,Actual Load,2026-07-14T14:11:01Z
2026-07-14T14:09:01Z,2026-07-14T16:09:01+0200,fe0b5391-87e1-42cc-91a2-4b5686b81b2f,2026-07-04T23:45:00Z,2026-07-05T01:45:00+0200,39024.00188,MW,DE,DE_LU,actual_load,Actual Load,2026-07-14T14:11:01Z
2026-07-14T14:09:01Z,2026-07-14T16:09:01+0200,fe0b5391-87e1-42cc-91a2-4b5686b81b2f,2026-07-05T00:00:00Z,2026-07-05T02:00:00+0200,38107.32096,MW,DE,DE_LU,actual_load,Actual Load,2026-07-14T14:11:01Z
2026-07-14T14:09:01Z,2026-07-14T16:09:01+0200,fe0b5391-87e1-42cc-91a2-4b5686b81b2f,2026-07-05T00:15:00Z,2026-07-05T02:15:00+0200,37324.38604,MW,DE,DE_LU,actual_load,Actual Load,2026-07-14T14:11:01Z
2026-07-14T14:09:01Z,2026-07-14T16:09:01+0200,fe0b5391-87e1-42cc-91a2-4b5686b81b2f,2026-07-05T00:30:00Z,2026-07-05T02:30:00+0200,37135.42719,MW,DE,DE_LU,actual_load,Actual Load,2026-07-14T14:11:01Z
2026-07-14T14:09:01Z,2026-07-14T16:09:01+0200,fe0b5391-87e1-42cc-91a2-4b5686b81b2f,2026-07-05T00:45:00Z,2026-07-05T02:45:00+0200,36989.52918,MW,DE,DE_LU,actual_load,Actual Load,2026-07-14T14:11:01Z
2026-07-14T14:09:01Z,2026-07-14T16:09:01+0200,fe0b5391-87e1-42cc-91a2-4b5686b81b2f,2026-07-05T01:00:00Z,2026-07-05T03:00:00+0200,36868.9273,MW,DE,DE_LU,actual_load,Actual Load,2026-07-14T14:11:01Z
2026-07-14T14:09:01Z,2026-07-14T16:09:01+0200,fe0b5391-87e1-42cc-91a2-4b5686b81b2f,2026-07-05T01:15:00Z,2026-07-05T03:15:00+0200,36258.86796,MW,DE,DE_LU,actual_load,Actual Load,2026-07-14T14:11:01Z
2026-07-14T14:09:01Z,2026-07-14T16:09:01+0200,fe0b5391-87e1-42cc-91a2-4b5686b81b2f,2026-07-05T01:30:00Z,2026-07-05T03:30:00+0200,36353.66121,MW,DE,DE_LU,actual_load,Actual Load,2026-07-14T14:11:01Z
2026-07-14T14:09:01Z,2026-07-14T16:09:01+0200,fe0b5391-87e1-42cc-91a2-4b5686b81b2f,2026-07-05T01:45:00Z,2026-07-05T03:45:00+0200,36188.1966,MW,DE,DE_LU,actual_load,Actual Load,2026-07-14T14:11:01Z
2026-07-14T14:09:01Z,2026-07-14T16:09:01+0200,fe0b5391-87e1-42cc-91a2-4b5686b81b2f,2026-07-05T02:00:00Z,2026-07-05T04:00:00+0200,36099.6849,MW,DE,DE_LU,actual_load,Actual Load,2026-07-14T14:11:01Z
2026-07-14T14:09:01Z,2026-07-14T16:09:01+0200,fe0b5391-87e1-42cc-91a2-4b5686b81b2f,2026-07-05T02:15:00Z,2026-07-05T04:15:00+0200,36475.97513,MW,DE,DE_LU,actual_load,Actual Load,2026-07-14T14:11:01Z
2026-07-14T14:09:01Z,2026-07-14T16:09:01+0200,fe0b5391-87e1-42cc-91a2-4b5686b81b2f,2026-07-05T02:30:00Z,2026-07-05T04:30:00+0200,36871.40674,MW,DE,DE_LU,actual_load,Actual Load,2026-07-14T14:11:01Z
2026-07-14T14:09:01Z,2026-07-14T16:09:01+0200,fe0b5391-87e1-42cc-91a2-4b5686b81b2f,2026-07-05T02:45:00Z,2026-07-05T04:45:00+0200,36925.29564,MW,DE,DE_LU,actual_load,Actual Load,2026-07-14T14:11:01Z
2026-07-14T14:09:01Z,2026-07-14T16:09:01+0200,fe0b5391-87e1-42cc-91a2-4b5686b81b2f,2026-07-05T03:00:00Z,2026-07-05T05:00:00+0200,36627.27477,MW,DE,DE_LU,actual_load,Actual Load,2026-07-14T14:11:01Z
2026-07-14T14:09:01Z,2026-07-14T16:09:01+0200,fe0b5391-87e1-42cc-91a2-4b5686b81b2f,2026-07-05T03:15:00Z,2026-07-05T05:15:00+0200,36015.75829,MW,DE,DE_LU,actual_load,Actual Load,2026-07-14T14:11:01Z
2026-07-14T14:09:01Z,2026-07-14T16:09:01+0200,fe0b5391-87e1-42cc-91a2-4b5686b81b2f,2026-07-05T03:30:00Z,2026-07-05T05:30:00+0200,36007.30406,MW,DE,DE_LU,actual_load,Actual Load,2026-07-14T14:11:01Z
2026-07-14T14:09:01Z,2026-07-14T16:09:01+0200,fe0b5391-87e1-42cc-91a2-4b5686b81b2f,2026-07-05T03:45:00Z,2026-07-05T05:45:00+0200,36204.13239,MW,DE,DE_LU,actual_load,Actual Load,2026-07-14T14:11:01Z
2026-07-14T14:09:01Z,2026-07-14T16:09:01+0200,fe0b5391-87e1-42cc-91a2-4b5686b81b2f,2026-07-05T04:00:00Z,2026-07-05T06:00:00+0200,36557.77864,MW,DE,DE_LU,actual_load,Actual Load,2026-07-14T14:11:01Z
2026-07-14T14:09:01Z,2026-07-14T16:09:01+0200,fe0b5391-87e1-42cc-91a2-4b5686b81b2f,2026-07-05T04:15:00Z,2026-07-05T06:15:00+0200,36656.22144,MW,DE,DE_LU,actual_load,Actual Load,2026-07-14T14:11:01Z
2026-07-14T14:09:01Z,2026-07-14T16:09:01+0200,fe0b5391-87e1-42cc-91a2-4b5686b81b2f,2026-07-05T04:30:00Z,2026-07-05T06:30:00+0200,37468.64549,MW,DE,DE_LU,actual_load,Actual Load,2026-07-14T14:11:01Z
2026-07-14T14:09:01Z,2026-07-14T16:09:01+0200,fe0b5391-87e1-42cc-91a2-4b5686b81b2f,2026-07-05T04:45:00Z,2026-07-05T06:45:00+0200,38355.71051,MW,DE,DE_LU,actual_load,Actual Load,2026-07-14T14:11:01Z
2026-07-14T14:09:01Z,2026-07-14T16:09:01+0200,fe0b5391-87e1-42cc-91a2-4b5686b81b2f,2026-07-05T05:00:00Z,2026-07-05T07:00:00+0200,38675.96633,MW,DE,DE_LU,actual_load,Actual Load,2026-07-14T14:11:01Z
2026-07-14T14:09:01Z,2026-07-14T16:09:01+0200,fe0b5391-87e1-42cc-91a2-4b5686b81b2f,2026-07-05T05:15:00Z,2026-07-05T07:15:00+0200,39625.54224,MW,DE,DE_LU,actual_load,Actual Load,2026-07-14T14:11:01Z
2026-07-14T14:09:01Z,2026-07-14T16:09:01+0200,fe0b5391-87e1-42cc-91a2-4b5686b81b2f,2026-07-05T05:30:00Z,2026-07-05T07:30:00+0200,40633.38863,MW,DE,DE_LU,actual_load,Actual Load,2026-07-14T14:11:01Z
2026-07-14T14:09:01Z,2026-07-14T16:09:01+0200,fe0b5391-87e1-42cc-91a2-4b5686b81b2f,2026-07-05T05:45:00Z,2026-07-05T07:45:00+0200,41240.04716,MW,DE,DE_LU,actual_load,Actual Load,2026-07-14T14:11:01Z
2026-07-14T14:09:01Z,2026-07-14T16:09:01+0200,fe0b5391-87e1-42cc-91a2-4b5686b81b2f,2026-07-05T06:00:00Z,2026-07-05T08:00:00+0200,41702.31758,MW,DE,DE_LU,actual_load,Actual Load,2026-07-14T14:11:01Z
2026-07-14T14:09:01Z,2026-07-14T16:09:01+0200,fe0b5391-87e1-42cc-91a2-4b5686b81b2f,2026-07-05T06:15:00Z,2026-07-05T08:15:00+0200,42351.23802,MW,DE,DE_LU,actual_load,Actual Load,2026-07-14T14:11:01Z
2026-07-14T14:09:01Z,2026-07-14T16:09:01+0200,fe0b5391-87e1-42cc-91a2-4b5686b81b2f,2026-07-05T06:30:00Z,2026-07-05T08:30:00+0200,43205.62302,MW,DE,DE_LU,actual_load,Actual Load,2026-07-14T14:11:01Z
2026-07-14T14:09:01Z,2026-07-14T16:09:01+0200,fe0b5391-87e1-42cc-91a2-4b5686b81b2f,2026-07-05T06:45:00Z,2026-07-05T08:45:00+0200,43689.14801,MW,DE,DE_LU,actual_load,Actual Load,2026-07-14T14:11:01Z
2026-07-14T14:09:01Z,2026-07-14T16:09:01+0200,fe0b5391-87e1-42cc-91a2-4b5686b81b2f,2026-07-05T07:00:00Z,2026-07-05T09:00:00+0200,43829.27975,MW,DE,DE_LU,actual_load,Actual Load,2026-07-14T14:11:01Z
2026-07-14T14:09:01Z,2026-07-14T16:09:01+0200,fe0b5391-87e1-42cc-91a2-4b5686b81b2f,2026-07-05T07:15:00Z,2026-07-05T09:15:00+0200,43813.58911,MW,DE,DE_LU,actual_load,Actual Load,2026-07-14T14:11:01Z
2026-07-14T14:09:01Z,2026-07-14T16:09:01+0200,fe0b5391-87e1-42cc-91a2-4b5686b81b2f,2026-07-05T07:30:00Z,2026-07-05T09:30:00+0200,43950.36726,MW,DE,DE_LU,actual_load,Actual Load,2026-07-14T14:11:01Z
2026-07-14T14:09:01Z,2026-07-14T16:09:01+0200,fe0b5391-87e1-42cc-91a2-4b5686b81b2f,2026-07-05T07:45:00Z,2026-07-05T09:45:00+0200,44231.38621,MW,DE,DE_LU,actual_load,Actual Load,2026-07-14T14:11:01Z
2026-07-14T14:09:01Z,2026-07-14T16:09:01+0200,fe0b5391-87e1-42cc-91a2-4b5686b81b2f,2026-07-05T08:00:00Z,2026-07-05T10:00:00+0200,44196.88545,MW,DE,DE_LU,actual_load,Actual Load,2026-07-14T14:11:01Z
2026-07-14T14:09:01Z,2026-07-14T16:09:01+0200,fe0b5391-87e1-42cc-91a2-4b5686b81b2f,2026-07-05T08:15:00Z,2026-07-05T10:15:00+0200,44951.06123,MW,DE,DE_LU,actual_load,Actual Load,2026-07-14T14:11:01Z
2026-07-14T14:09:01Z,2026-07-14T16:09:01+0200,fe0b5391-87e1-42cc-91a2-4b5686b81b2f,2026-07-05T08:30:00Z,2026-07-05T10:30:00+0200,44917.44267,MW,DE,DE_LU,actual_load,Actual Load,2026-07-14T14:11:01Z
2026-07-14T14:09:01Z,2026-07-14T16:09:01+0200,fe0b5391-87e1-42cc-91a2-4b5686b81b2f,2026-07-05T08:45:00Z,2026-07-05T10:45:00+0200,45084.81437,MW,DE,DE_LU,actual_load,Actual Load,2026-07-14T14:11:01Z
2026-07-14T14:09:01Z,2026-07-14T16:09:01+0200,fe0b5391-87e1-42cc-91a2-4b5686b81b2f,2026-07-05T09:00:00Z,2026-07-05T11:00:00+0200,45442.02648,MW,DE,DE_LU,actual_load,Actual Load,2026-07-14T14:11:01Z
2026-07-14T14:09:01Z,2026-07-14T16:09:01+0200,fe0b5391-87e1-42cc-91a2-4b5686b81b2f,2026-07-05T09:15:00Z,2026-07-05T11:15:00+0200,46164.02508,MW,DE,DE_LU,actual_load,Actual Load,2026-07-14T14:11:01Z
2026-07-14T14:09:01Z,2026-07-14T16:09:01+0200,fe0b5391-87e1-42cc-91a2-4b5686b81b2f,2026-07-05T09:30:00Z,2026-07-05T11:30:00+0200,46320.32525,MW,DE,DE_LU,actual_load,Actual Load,2026-07-14T14:11:01Z
2026-07-14T14:09:01Z,2026-07-14T16:09:01+0200,fe0b5391-87e1-42cc-91a2-4b5686b81b2f,2026-07-05T09:45:00Z,2026-07-05T11:45:00+0200,46117.70655,MW,DE,DE_LU,actual_load,Actual Load,2026-07-14T14:11:01Z
2026-07-14T14:09:01Z,2026-07-14T16:09:01+0200,fe0b5391-87e1-42cc-91a2-4b5686b81b2f,2026-07-05T10:00:00Z,2026-07-05T12:00:00+0200,45432.08379,MW,DE,DE_LU,actual_load,Actual Load,2026-07-14T14:11:01Z
2026-07-14T14:09:01Z,2026-07-14T16:09:01+0200,fe0b5391-87e1-42cc-91a2-4b5686b81b2f,2026-07-05T10:15:00Z,2026-07-05T12:15:00+0200,45541.96354,MW,DE,DE_LU,actual_load,Actual Load,2026-07-14T14:11:01Z
2026-07-14T14:09:01Z,2026-07-14T16:09:01+0200,fe0b5391-87e1-42cc-91a2-4b5686b81b2f,2026-07-05T10:30:00Z,2026-07-05T12:30:00+0200,44787.67505,MW,DE,DE_LU,actual_load,Actual Load,2026-07-14T14:11:01Z
2026-07-14T14:09:01Z,2026-07-14T16:09:01+0200,fe0b5391-87e1-42cc-91a2-4b5686b81b2f,2026-07-05T10:45:00Z,2026-07-05T12:45:00+0200,44279.2632,MW,DE,DE_LU,actual_load,Actual Load,2026-07-14T14:11:01Z
2026-07-14T14:09:01Z,2026-07-14T16:09:01+0200,fe0b5391-87e1-42cc-91a2-4b5686b81b2f,2026-07-05T11:00:00Z,2026-07-05T13:00:00+0200,44125.77788,MW,DE,DE_LU,actual_load,Actual Load,2026-07-14T14:11:01Z
2026-07-14T14:09:01Z,2026-07-14T16:09:01+0200,fe0b5391-87e1-42cc-91a2-4b5686b81b2f,2026-07-05T11:15:00Z,2026-07-05T13:15:00+0200,44168.7905,MW,DE,DE_LU,actual_load,Actual Load,2026-07-14T14:11:01Z
2026-07-14T14:09:01Z,2026-07-14T16:09:01+0200,fe0b5391-87e1-42cc-91a2-4b5686b81b2f,2026-07-05T11:30:00Z,2026-07-05T13:30:00+0200,44269.16055,MW,DE,DE_LU,actual_load,Actual Load,2026-07-14T14:11:01Z
2026-07-14T14:09:01Z,2026-07-14T16:09:01+0200,fe0b5391-87e1-42cc-91a2-4b5686b81b2f,2026-07-05T11:45:00Z,2026-07-05T13:45:00+0200,44751.99678,MW,DE,DE_LU,actual_load,Actual Load,2026-07-14T14:11:01Z
2026-07-14T14:09:01Z,2026-07-14T16:09:01+0200,fe0b5391-87e1-42cc-91a2-4b5686b81b2f,2026-07-05T12:00:00Z,2026-07-05T14:00:00+0200,43930.8128,MW,DE,DE_LU,actual_load,Actual Load,2026-07-14T14:11:01Z
2026-07-14T14:09:01Z,2026-07-14T16:09:01+0200,fe0b5391-87e1-42cc-91a2-4b5686b81b2f,2026-07-05T12:15:00Z,2026-07-05T14:15:00+0200,43984.92204,MW,DE,DE_LU,actual_load,Actual Load,2026-07-14T14:11:01Z
2026-07-14T14:09:01Z,2026-07-14T16:09:01+0200,fe0b5391-87e1-42cc-91a2-4b5686b81b2f,2026-07-05T12:30:00Z,2026-07-05T14:30:00+0200,43159.02422,MW,DE,DE_LU,actual_load,Actual Load,2026-07-14T14:11:01Z
2026-07-14T14:09:01Z,2026-07-14T16:09:01+0200,fe0b5391-87e1-42cc-91a2-4b5686b81b2f,2026-07-05T12:45:00Z,2026-07-05T14:45:00+0200,42878.24349,MW,DE,DE_LU,actual_load,Actual Load,2026-07-14T14:11:01Z
2026-07-14T14:09:01Z,2026-07-14T16:09:01+0200,fe0b5391-87e1-42cc-91a2-4b5686b81b2f,2026-07-05T13:00:00Z,2026-07-05T15:00:00+0200,42153.84836,MW,DE,DE_LU,actual_load,Actual Load,2026-07-14T14:11:01Z
2026-07-14T14:09:01Z,2026-07-14T16:09:01+0200,fe0b5391-87e1-42cc-91a2-4b5686b81b2f,2026-07-05T13:15:00Z,2026-07-05T15:15:00+0200,42275.59765,MW,DE,DE_LU,actual_load,Actual Load,2026-07-14T14:11:01Z
2026-07-14T14:09:01Z,2026-07-14T16:09:01+0200,fe0b5391-87e1-42cc-91a2-4b5686b81b2f,2026-07-05T13:30:00Z,2026-07-05T15:30:00+0200,42132.84274,MW,DE,DE_LU,actual_load,Actual Load,2026-07-14T14:11:01Z
2026-07-14T14:09:01Z,2026-07-14T16:09:01+0200,fe0b5391-87e1-42cc-91a2-4b5686b81b2f,2026-07-05T13:45:00Z,2026-07-05T15:45:00+0200,41609.01641,MW,DE,DE_LU,actual_load,Actual Load,2026-07-14T14:11:01Z
2026-07-14T14:09:01Z,2026-07-14T16:09:01+0200,fe0b5391-87e1-42cc-91a2-4b5686b81b2f,2026-07-05T14:00:00Z,2026-07-05T16:00:00+0200,42537.96468,MW,DE,DE_LU,actual_load,Actual Load,2026-07-14T14:11:01Z
2026-07-14T14:09:01Z,2026-07-14T16:09:01+0200,fe0b5391-87e1-42cc-91a2-4b5686b81b2f,2026-07-05T14:15:00Z,2026-07-05T16:15:00+0200,43476.30734,MW,DE,DE_LU,actual_load,Actual Load,2026-07-14T14:11:01Z
2026-07-14T14:09:01Z,2026-07-14T16:09:01+0200,fe0b5391-87e1-42cc-91a2-4b5686b81b2f,2026-07-05T14:30:00Z,2026-07-05T16:30:00+0200,43890.97878,MW,DE,DE_LU,actual_load,Actual Load,2026-07-14T14:11:01Z
2026-07-14T14:09:01Z,2026-07-14T16:09:01+0200,fe0b5391-87e1-42cc-91a2-4b5686b81b2f,2026-07-05T14:45:00Z,2026-07-05T16:45:00+0200,43027.70146,MW,DE,DE_LU,actual_load,Actual Load,2026-07-14T14:11:01Z
2026-07-14T14:09:01Z,2026-07-14T16:09:01+0200,fe0b5391-87e1-42cc-91a2-4b5686b81b2f,2026-07-05T15:00:00Z,2026-07-05T17:00:00+0200,44191.02512,MW,DE,DE_LU,actual_load,Actual Load,2026-07-14T14:11:01Z
2026-07-14T14:09:01Z,2026-07-14T16:09:01+0200,fe0b5391-87e1-42cc-91a2-4b5686b81b2f,2026-07-05T15:15:00Z,2026-07-05T17:15:00+0200,44115.61107,MW,DE,DE_LU,actual_load,Actual Load,2026-07-14T14:11:01Z
2026-07-14T14:09:01Z,2026-07-14T16:09:01+0200,fe0b5391-87e1-42cc-91a2-4b5686b81b2f,2026-07-05T15:30:00Z,2026-07-05T17:30:00+0200,44375.25383,MW,DE,DE_LU,actual_load,Actual Load,2026-07-14T14:11:01Z
2026-07-14T14:09:01Z,2026-07-14T16:09:01+0200,fe0b5391-87e1-42cc-91a2-4b5686b81b2f,2026-07-05T15:45:00Z,2026-07-05T17:45:00+0200,44604.99261,MW,DE,DE_LU,actual_load,Actual Load,2026-07-14T14:11:01Z
2026-07-14T14:09:01Z,2026-07-14T16:09:01+0200,fe0b5391-87e1-42cc-91a2-4b5686b81b2f,2026-07-05T16:00:00Z,2026-07-05T18:00:00+0200,45229.19574,MW,DE,DE_LU,actual_load,Actual Load,2026-07-14T14:11:01Z
2026-07-14T14:09:01Z,2026-07-14T16:09:01+0200,fe0b5391-87e1-42cc-91a2-4b5686b81b2f,2026-07-05T16:15:00Z,2026-07-05T18:15:00+0200,45013.19124,MW,DE,DE_LU,actual_load,Actual Load,2026-07-14T14:11:01Z
2026-07-14T14:09:01Z,2026-07-14T16:09:01+0200,fe0b5391-87e1-42cc-91a2-4b5686b81b2f,2026-07-05T16:30:00Z,2026-07-05T18:30:00+0200,45846.98163,MW,DE,DE_LU,actual_load,Actual Load,2026-07-14T14:11:01Z
2026-07-14T14:09:01Z,2026-07-14T16:09:01+0200,fe0b5391-87e1-42cc-91a2-4b5686b81b2f,2026-07-05T16:45:00Z,2026-07-05T18:45:00+0200,46012.74111,MW,DE,DE_LU,actual_load,Actual Load,2026-07-14T14:11:01Z
2026-07-14T14:09:01Z,2026-07-14T16:09:01+0200,fe0b5391-87e1-42cc-91a2-4b5686b81b2f,2026-07-05T17:00:00Z,2026-07-05T19:00:00+0200,46723.41665,MW,DE,DE_LU,actual_load,Actual Load,2026-07-14T14:11:01Z
2026-07-14T14:09:01Z,2026-07-14T16:09:01+0200,fe0b5391-87e1-42cc-91a2-4b5686b81b2f,2026-07-05T17:15:00Z,2026-07-05T19:15:00+0200,46576.91934,MW,DE,DE_LU,actual_load,Actual Load,2026-07-14T14:11:01Z
2026-07-14T14:09:01Z,2026-07-14T16:09:01+0200,fe0b5391-87e1-42cc-91a2-4b5686b81b2f,2026-07-05T17:30:00Z,2026-07-05T19:30:00+0200,46338.71787,MW,DE,DE_LU,actual_load,Actual Load,2026-07-14T14:11:01Z
2026-07-14T14:09:01Z,2026-07-14T16:09:01+0200,fe0b5391-87e1-42cc-91a2-4b5686b81b2f,2026-07-05T17:45:00Z,2026-07-05T19:45:00+0200,46307.78832,MW,DE,DE_LU,actual_load,Actual Load,2026-07-14T14:11:01Z
2026-07-14T14:09:01Z,2026-07-14T16:09:01+0200,fe0b5391-87e1-42cc-91a2-4b5686b81b2f,2026-07-05T18:00:00Z,2026-07-05T20:00:00+0200,46575.83885,MW,DE,DE_LU,actual_load,Actual Load,2026-07-14T14:11:01Z
2026-07-14T14:09:01Z,2026-07-14T16:09:01+0200,fe0b5391-87e1-42cc-91a2-4b5686b81b2f,2026-07-05T18:15:00Z,2026-07-05T20:15:00+0200,46434.67556,MW,DE,DE_LU,actual_load,Actual Load,2026-07-14T14:11:01Z
2026-07-14T14:09:01Z,2026-07-14T16:09:01+0200,fe0b5391-87e1-42cc-91a2-4b5686b81b2f,2026-07-05T18:30:00Z,2026-07-05T20:30:00+0200,45879.80675,MW,DE,DE_LU,actual_load,Actual Load,2026-07-14T14:11:01Z
2026-07-14T14:09:01Z,2026-07-14T16:09:01+0200,fe0b5391-87e1-42cc-91a2-4b5686b81b2f,2026-07-05T18:45:00Z,2026-07-05T20:45:00+0200,44973.41451,MW,DE,DE_LU,actual_load,Actual Load,2026-07-14T14:11:01Z
2026-07-14T14:09:01Z,2026-07-14T16:09:01+0200,fe0b5391-87e1-42cc-91a2-4b5686b81b2f,2026-07-05T19:00:00Z,2026-07-05T21:00:00+0200,44941.2425,MW,DE,DE_LU,actual_load,Actual Load,2026-07-14T14:11:01Z
2026-07-14T14:09:01Z,2026-07-14T16:09:01+0200,fe0b5391-87e1-42cc-91a2-4b5686b81b2f,2026-07-05T19:15:00Z,2026-07-05T21:15:00+0200,45099.90681,MW,DE,DE_LU,actual_load,Actual Load,2026-07-14T14:11:01Z
2026-07-14T14:09:01Z,2026-07-14T16:09:01+0200,fe0b5391-87e1-42cc-91a2-4b5686b81b2f,2026-07-05T19:30:00Z,2026-07-05T21:30:00+0200,45810.88313,MW,DE,DE_LU,actual_load,Actual Load,2026-07-14T14:11:01Z
2026-07-14T14:09:01Z,2026-07-14T16:09:01+0200,fe0b5391-87e1-42cc-91a2-4b5686b81b2f,2026-07-05T19:45:00Z,2026-07-05T21:45:00+0200,46385.73527,MW,DE,DE_LU,actual_load,Actual Load,2026-07-14T14:11:01Z
2026-07-14T14:09:01Z,2026-07-14T16:09:01+0200,fe0b5391-87e1-42cc-91a2-4b5686b81b2f,2026-07-05T20:00:00Z,2026-07-05T22:00:00+0200,46895.28074,MW,DE,DE_LU,actual_load,Actual Load,2026-07-14T14:11:01Z
2026-07-14T14:09:01Z,2026-07-14T16:09:01+0200,fe0b5391-87e1-42cc-91a2-4b5686b81b2f,2026-07-05T20:15:00Z,2026-07-05T22:15:00+0200,46923.25836,MW,DE,DE_LU,actual_load,Actual Load,2026-07-14T14:11:01Z
2026-07-14T14:09:01Z,2026-07-14T16:09:01+0200,fe0b5391-87e1-42cc-91a2-4b5686b81b2f,2026-07-05T20:30:00Z,2026-07-05T22:30:00+0200,46609.28773,MW,DE,DE_LU,actual_load,Actual Load,2026-07-14T14:11:01Z
2026-07-14T14:09:01Z,2026-07-14T16:09:01+0200,fe0b5391-87e1-42cc-91a2-4b5686b81b2f,2026-07-05T20:45:00Z,2026-07-05T22:45:00+0200,46020.07061,MW,DE,DE_LU,actual_load,Actual Load,2026-07-14T14:11:01Z
2026-07-14T14:09:01Z,2026-07-14T16:09:01+0200,fe0b5391-87e1-42cc-91a2-4b5686b81b2f,2026-07-05T21:00:00Z,2026-07-05T23:00:00+0200,45226.84861,MW,DE,DE_LU,actual_load,Actual Load,2026-07-14T14:11:01Z
2026-07-14T14:09:01Z,2026-07-14T16:09:01+0200,fe0b5391-87e1-42cc-91a2-4b5686b81b2f,2026-07-05T21:15:00Z,2026-07-05T23:15:00+0200,45121.89064,MW,DE,DE_LU,actual_load,Actual Load,2026-07-14T14:11:01Z
2026-07-14T14:09:01Z,2026-07-14T16:09:01+0200,fe0b5391-87e1-42cc-91a2-4b5686b81b2f,2026-07-05T21:30:00Z,2026-07-05T23:30:00+0200,44623.28249,MW,DE,DE_LU,actual_load,Actual Load,2026-07-14T14:11:01Z
2026-07-14T14:09:01Z,2026-07-14T16:09:01+0200,fe0b5391-87e1-42cc-91a2-4b5686b81b2f,2026-07-05T21:45:00Z,2026-07-05T23:45:00+0200,44084.61477,MW,DE,DE_LU,actual_load,Actual Load,2026-07-14T14:11:01Z
2026-07-14T14:09:01Z,2026-07-14T16:09:01+0200,fe0b5391-87e1-42cc-91a2-4b5686b81b2f,2026-07-05T22:00:00Z,2026-07-06T00:00:00+0200,43412.36,MW,DE,DE_LU,actual_load,Actual Load,2026-07-14T14:11:01Z
2026-07-14T14:09:01Z,2026-07-14T16:09:01+0200,fe0b5391-87e1-42cc-91a2-4b5686b81b2f,2026-07-05T22:15:00Z,2026-07-06T00:15:00+0200,43791.87893,MW,DE,DE_LU,actual_load,Actual Load,2026-07-14T14:11:01Z
2026-07-14T14:09:01Z,2026-07-14T16:09:01+0200,fe0b5391-87e1-42cc-91a2-4b5686b81b2f,2026-07-05T22:30:00Z,2026-07-06T00:30:00+0200,43396.72091,MW,DE,DE_LU,actual_load,Actual Load,2026-07-14T14:11:01Z
2026-07-14T14:09:01Z,2026-07-14T16:09:01+0200,fe0b5391-87e1-42cc-91a2-4b5686b81b2f,2026-07-05T22:45:00Z,2026-07-06T00:45:00+0200,43216.00958,MW,DE,DE_LU,actual_load,Actual Load,2026-07-14T14:11:01Z
2026-07-14T14:09:01Z,2026-07-14T16:09:01+0200,fe0b5391-87e1-42cc-91a2-4b5686b81b2f,2026-07-05T23:00:00Z,2026-07-06T01:00:00+0200,42614.27398,MW,DE,DE_LU,actual_load,Actual Load,2026-07-14T14:11:01Z
2026-07-14T14:09:01Z,2026-07-14T16:09:01+0200,fe0b5391-87e1-42cc-91a2-4b5686b81b2f,2026-07-05T23:15:00Z,2026-07-06T01:15:00+0200,42284.83954,MW,DE,DE_LU,actual_load,Actual Load,2026-07-14T14:11:01Z
2026-07-14T14:09:01Z,2026-07-14T16:09:01+0200,fe0b5391-87e1-42cc-91a2-4b5686b81b2f,2026-07-05T23:30:00Z,2026-07-06T01:30:00+0200,42113.72866,MW,DE,DE_LU,actual_load,Actual Load,2026-07-14T14:11:01Z
2026-07-14T14:09:01Z,2026-07-14T16:09:01+0200,fe0b5391-87e1-42cc-91a2-4b5686b81b2f,2026-07-05T23:45:00Z,2026-07-06T01:45:00+0200,42084.85564,MW,DE,DE_LU,actual_load,Actual Load,2026-07-14T14:11:01Z
2026-07-14T14:09:01Z,2026-07-14T16:09:01+0200,fe0b5391-87e1-42cc-91a2-4b5686b81b2f,2026-07-06T00:00:00Z,2026-07-06T02:00:00+0200,41653.31604,MW,DE,DE_LU,actual_load,Actual Load,2026-07-14T14:11:01Z
2026-07-14T14:09:01Z,2026-07-14T16:09:01+0200,fe0b5391-87e1-42cc-91a2-4b5686b81b2f,2026-07-06T00:15:00Z,2026-07-06T02:15:00+0200,41590.35348,MW,DE,DE_LU,actual_load,Actual Load,2026-07-14T14:11:01Z
2026-07-14T14:09:01Z,2026-07-14T16:09:01+0200,fe0b5391-87e1-42cc-91a2-4b5686b81b2f,2026-07-06T00:30:00Z,2026-07-06T02:30:00+0200,41675.19609,MW,DE,DE_LU,actual_load,Actual Load,2026-07-14T14:11:01Z
2026-07-14T14:09:01Z,2026-07-14T16:09:01+0200,fe0b5391-87e1-42cc-91a2-4b5686b81b2f,2026-07-06T00:45:00Z,2026-07-06T02:45:00+0200,41155.8954,MW,DE,DE_LU,actual_load,Actual Load,2026-07-14T14:11:01Z
2026-07-14T14:09:01Z,2026-07-14T16:09:01+0200,fe0b5391-87e1-42cc-91a2-4b5686b81b2f,2026-07-06T01:00:00Z,2026-07-06T03:00:00+0200,40523.2161,MW,DE,DE_LU,actual_load,Actual Load,2026-07-14T14:11:01Z
2026-07-14T14:09:01Z,2026-07-14T16:09:01+0200,fe0b5391-87e1-42cc-91a2-4b5686b81b2f,2026-07-06T01:15:00Z,2026-07-06T03:15:00+0200,41059.42791,MW,DE,DE_LU,actual_load,Actual Load,2026-07-14T14:11:01Z
2026-07-14T14:09:01Z,2026-07-14T16:09:01+0200,fe0b5391-87e1-42cc-91a2-4b5686b81b2f,2026-07-06T01:30:00Z,2026-07-06T03:30:00+0200,41076.248,MW,DE,DE_LU,actual_load,Actual Load,2026-07-14T14:11:01Z
2026-07-14T14:09:01Z,2026-07-14T16:09:01+0200,fe0b5391-87e1-42cc-91a2-4b5686b81b2f,2026-07-06T01:45:00Z,2026-07-06T03:45:00+0200,41537.42879,MW,DE,DE_LU,actual_load,Actual Load,2026-07-14T14:11:01Z
2026-07-14T14:09:01Z,2026-07-14T16:09:01+0200,fe0b5391-87e1-42cc-91a2-4b5686b81b2f,2026-07-06T02:00:00Z,2026-07-06T04:00:00+0200,42300.90828,MW,DE,DE_LU,actual_load,Actual Load,2026-07-14T14:11:01Z
2026-07-14T14:09:01Z,2026-07-14T16:09:01+0200,fe0b5391-87e1-42cc-91a2-4b5686b81b2f,2026-07-06T02:15:00Z,2026-07-06T04:15:00+0200,42757.53167,MW,DE,DE_LU,actual_load,Actual Load,2026-07-14T14:11:01Z
2026-07-14T14:09:01Z,2026-07-14T16:09:01+0200,fe0b5391-87e1-42cc-91a2-4b5686b81b2f,2026-07-06T02:30:00Z,2026-07-06T04:30:00+0200,43229.73171,MW,DE,DE_LU,actual_load,Actual Load,2026-07-14T14:11:01Z
2026-07-14T14:09:01Z,2026-07-14T16:09:01+0200,fe0b5391-87e1-42cc-91a2-4b5686b81b2f,2026-07-06T02:45:00Z,2026-07-06T04:45:00+0200,43643.29514,MW,DE,DE_LU,actual_load,Actual Load,2026-07-14T14:11:01Z
2026-07-14T14:09:01Z,2026-07-14T16:09:01+0200,fe0b5391-87e1-42cc-91a2-4b5686b81b2f,2026-07-06T03:00:00Z,2026-07-06T05:00:00+0200,44670.50171,MW,DE,DE_LU,actual_load,Actual Load,2026-07-14T14:11:01Z
2026-07-14T14:09:01Z,2026-07-14T16:09:01+0200,fe0b5391-87e1-42cc-91a2-4b5686b81b2f,2026-07-06T03:15:00Z,2026-07-06T05:15:00+0200,45430.20117,MW,DE,DE_LU,actual_load,Actual Load,2026-07-14T14:11:01Z
2026-07-14T14:09:01Z,2026-07-14T16:09:01+0200,fe0b5391-87e1-42cc-91a2-4b5686b81b2f,2026-07-06T03:30:00Z,2026-07-06T05:30:00+0200,46231.53803,MW,DE,DE_LU,actual_load,Actual Load,2026-07-14T14:11:01Z
2026-07-14T14:09:01Z,2026-07-14T16:09:01+0200,fe0b5391-87e1-42cc-91a2-4b5686b81b2f,2026-07-06T03:45:00Z,2026-07-06T05:45:00+0200,47875.97425,MW,DE,DE_LU,actual_load,Actual Load,2026-07-14T14:11:01Z
2026-07-14T14:09:01Z,2026-07-14T16:09:01+0200,fe0b5391-87e1-42cc-91a2-4b5686b81b2f,2026-07-06T04:00:00Z,2026-07-06T06:00:00+0200,50401.95089,MW,DE,DE_LU,actual_load,Actual Load,2026-07-14T14:11:01Z
2026-07-14T14:09:01Z,2026-07-14T16:09:01+0200,fe0b5391-87e1-42cc-91a2-4b5686b81b2f,2026-07-06T04:15:00Z,2026-07-06T06:15:00+0200,51857.90623,MW,DE,DE_LU,actual_load,Actual Load,2026-07-14T14:11:01Z
2026-07-14T14:09:01Z,2026-07-14T16:09:01+0200,fe0b5391-87e1-42cc-91a2-4b5686b81b2f,2026-07-06T04:30:00Z,2026-07-06T06:30:00+0200,53205.45922,MW,DE,DE_LU,actual_load,Actual Load,2026-07-14T14:11:01Z
2026-07-14T14:09:01Z,2026-07-14T16:09:01+0200,fe0b5391-87e1-42cc-91a2-4b5686b81b2f,2026-07-06T04:45:00Z,2026-07-06T06:45:00+0200,54372.51867,MW,DE,DE_LU,actual_load,Actual Load,2026-07-14T14:11:01Z
2026-07-14T14:09:01Z,2026-07-14T16:09:01+0200,fe0b5391-87e1-42cc-91a2-4b5686b81b2f,2026-07-06T05:00:00Z,2026-07-06T07:00:00+0200,55133.32636,MW,DE,DE_LU,actual_load,Actual Load,2026-07-14T14:11:01Z
2026-07-14T14:09:01Z,2026-07-14T16:09:01+0200,fe0b5391-87e1-42cc-91a2-4b5686b81b2f,2026-07-06T05:15:00Z,2026-07-06T07:15:00+0200,56810.89429,MW,DE,DE_LU,actual_load,Actual Load,2026-07-14T14:11:01Z
2026-07-14T14:09:01Z,2026-07-14T16:09:01+0200,fe0b5391-87e1-42cc-91a2-4b5686b81b2f,2026-07-06T05:30:00Z,2026-07-06T07:30:00+0200,57491.66366,MW,DE,DE_LU,actual_load,Actual Load,2026-07-14T14:11:01Z
2026-07-14T14:09:01Z,2026-07-14T16:09:01+0200,fe0b5391-87e1-42cc-91a2-4b5686b81b2f,2026-07-06T05:45:00Z,2026-07-06T07:45:00+0200,58289.47127,MW,DE,DE_LU,actual_load,Actual Load,2026-07-14T14:11:01Z
2026-07-14T14:09:01Z,2026-07-14T16:09:01+0200,fe0b5391-87e1-42cc-91a2-4b5686b81b2f,2026-07-06T06:00:00Z,2026-07-06T08:00:00+0200,58009.64723,MW,DE,DE_LU,actual_load,Actual Load,2026-07-14T14:11:01Z
2026-07-14T14:09:01Z,2026-07-14T16:09:01+0200,fe0b5391-87e1-42cc-91a2-4b5686b81b2f,2026-07-06T06:15:00Z,2026-07-06T08:15:00+0200,59301.67038,MW,DE,DE_LU,actual_load,Actual Load,2026-07-14T14:11:01Z
2026-07-14T14:09:01Z,2026-07-14T16:09:01+0200,fe0b5391-87e1-42cc-91a2-4b5686b81b2f,2026-07-06T06:30:00Z,2026-07-06T08:30:00+0200,59823.73804,MW,DE,DE_LU,actual_load,Actual Load,2026-07-14T14:11:01Z
2026-07-14T14:09:01Z,2026-07-14T16:09:01+0200,fe0b5391-87e1-42cc-91a2-4b5686b81b2f,2026-07-06T06:45:00Z,2026-07-06T08:45:00+0200,60666.63459,MW,DE,DE_LU,actual_load,Actual Load,2026-07-14T14:11:01Z
2026-07-14T14:09:01Z,2026-07-14T16:09:01+0200,fe0b5391-87e1-42cc-91a2-4b5686b81b2f,2026-07-06T07:00:00Z,2026-07-06T09:00:00+0200,61336.68028,MW,DE,DE_LU,actual_load,Actual Load,2026-07-14T14:11:01Z
2026-07-14T14:09:01Z,2026-07-14T16:09:01+0200,fe0b5391-87e1-42cc-91a2-4b5686b81b2f,2026-07-06T07:15:00Z,2026-07-06T09:15:00+0200,62086.92633,MW,DE,DE_LU,actual_load,Actual Load,2026-07-14T14:11:01Z
2026-07-14T14:09:01Z,2026-07-14T16:09:01+0200,fe0b5391-87e1-42cc-91a2-4b5686b81b2f,2026-07-06T07:30:00Z,2026-07-06T09:30:00+0200,62137.34982,MW,DE,DE_LU,actual_load,Actual Load,2026-07-14T14:11:01Z
2026-07-14T14:09:01Z,2026-07-14T16:09:01+0200,fe0b5391-87e1-42cc-91a2-4b5686b81b2f,2026-07-06T07:45:00Z,2026-07-06T09:45:00+0200,62205.08688,MW,DE,DE_LU,actual_load,Actual Load,2026-07-14T14:11:01Z
2026-07-14T14:09:01Z,2026-07-14T16:09:01+0200,fe0b5391-87e1-42cc-91a2-4b5686b81b2f,2026-07-06T08:00:00Z,2026-07-06T10:00:00+0200,62154.65572,MW,DE,DE_LU,actual_load,Actual Load,2026-07-14T14:11:01Z
2026-07-14T14:09:01Z,2026-07-14T16:09:01+0200,fe0b5391-87e1-42cc-91a2-4b5686b81b2f,2026-07-06T08:15:00Z,2026-07-06T10:15:00+0200,62287.89341,MW,DE,DE_LU,actual_load,Actual Load,2026-07-14T14:11:01Z
2026-07-14T14:09:01Z,2026-07-14T16:09:01+0200,fe0b5391-87e1-42cc-91a2-4b5686b81b2f,2026-07-06T08:30:00Z,2026-07-06T10:30:00+0200,62731.84741,MW,DE,DE_LU,actual_load,Actual Load,2026-07-14T14:11:01Z
2026-07-14T14:09:01Z,2026-07-14T16:09:01+0200,fe0b5391-87e1-42cc-91a2-4b5686b81b2f,2026-07-06T08:45:00Z,2026-07-06T10:45:00+0200,62197.50634,MW,DE,DE_LU,actual_load,Actual Load,2026-07-14T14:11:01Z
2026-07-14T14:09:01Z,2026-07-14T16:09:01+0200,fe0b5391-87e1-42cc-91a2-4b5686b81b2f,2026-07-06T09:00:00Z,2026-07-06T11:00:00+0200,62353.19447,MW,DE,DE_LU,actual_load,Actual Load,2026-07-14T14:11:01Z
2026-07-14T14:09:01Z,2026-07-14T16:09:01+0200,fe0b5391-87e1-42cc-91a2-4b5686b81b2f,2026-07-06T09:15:00Z,2026-07-06T11:15:00+0200,62139.64651,MW,DE,DE_LU,actual_load,Actual Load,2026-07-14T14:11:01Z
2026-07-14T14:09:01Z,2026-07-14T16:09:01+0200,fe0b5391-87e1-42cc-91a2-4b5686b81b2f,2026-07-06T09:30:00Z,2026-07-06T11:30:00+0200,62106.65854,MW,DE,DE_LU,actual_load,Actual Load,2026-07-14T14:11:01Z
2026-07-14T14:09:01Z,2026-07-14T16:09:01+0200,fe0b5391-87e1-42cc-91a2-4b5686b81b2f,2026-07-06T09:45:00Z,2026-07-06T11:45:00+0200,61708.77827,MW,DE,DE_LU,actual_load,Actual Load,2026-07-14T14:11:01Z
2026-07-14T14:09:01Z,2026-07-14T16:09:01+0200,fe0b5391-87e1-42cc-91a2-4b5686b81b2f,2026-07-06T10:00:00Z,2026-07-06T12:00:00+0200,60113.68884,MW,DE,DE_LU,actual_load,Actual Load,2026-07-14T14:11:01Z
2026-07-14T14:09:01Z,2026-07-14T16:09:01+0200,fe0b5391-87e1-42cc-91a2-4b5686b81b2f,2026-07-06T10:15:00Z,2026-07-06T12:15:00+0200,59998.83026,MW,DE,DE_LU,actual_load,Actual Load,2026-07-14T14:11:01Z
2026-07-14T14:09:01Z,2026-07-14T16:09:01+0200,fe0b5391-87e1-42cc-91a2-4b5686b81b2f,2026-07-06T10:30:00Z,2026-07-06T12:30:00+0200,60437.03904,MW,DE,DE_LU,actual_load,Actual Load,2026-07-14T14:11:01Z
2026-07-14T14:09:01Z,2026-07-14T16:09:01+0200,fe0b5391-87e1-42cc-91a2-4b5686b81b2f,2026-07-06T10:45:00Z,2026-07-06T12:45:00+0200,60468.48779,MW,DE,DE_LU,actual_load,Actual Load,2026-07-14T14:11:01Z
2026-07-14T14:09:01Z,2026-07-14T16:09:01+0200,fe0b5391-87e1-42cc-91a2-4b5686b81b2f,2026-07-06T11:00:00Z,2026-07-06T13:00:00+0200,60203.90779,MW,DE,DE_LU,actual_load,Actual Load,2026-07-14T14:11:01Z
2026-07-14T14:09:01Z,2026-07-14T16:09:01+0200,fe0b5391-87e1-42cc-91a2-4b5686b81b2f,2026-07-06T11:15:00Z,2026-07-06T13:15:00+0200,59739.26837,MW,DE,DE_LU,actual_load,Actual Load,2026-07-14T14:11:01Z
2026-07-14T14:09:01Z,2026-07-14T16:09:01+0200,fe0b5391-87e1-42cc-91a2-4b5686b81b2f,2026-07-06T11:30:00Z,2026-07-06T13:30:00+0200,59684.37515,MW,DE,DE_LU,actual_load,Actual Load,2026-07-14T14:11:01Z
2026-07-14T14:09:01Z,2026-07-14T16:09:01+0200,fe0b5391-87e1-42cc-91a2-4b5686b81b2f,2026-07-06T11:45:00Z,2026-07-06T13:45:00+0200,59915.4024,MW,DE,DE_LU,actual_load,Actual Load,2026-07-14T14:11:01Z
2026-07-14T14:09:01Z,2026-07-14T16:09:01+0200,fe0b5391-87e1-42cc-91a2-4b5686b81b2f,2026-07-06T12:00:00Z,2026-07-06T14:00:00+0200,58986.14606,MW,DE,DE_LU,actual_load,Actual Load,2026-07-14T14:11:01Z
2026-07-14T14:09:01Z,2026-07-14T16:09:01+0200,fe0b5391-87e1-42cc-91a2-4b5686b81b2f,2026-07-06T12:15:00Z,2026-07-06T14:15:00+0200,59213.37731,MW,DE,DE_LU,actual_load,Actual Load,2026-07-14T14:11:01Z
2026-07-14T14:09:01Z,2026-07-14T16:09:01+0200,fe0b5391-87e1-42cc-91a2-4b5686b81b2f,2026-07-06T12:30:00Z,2026-07-06T14:30:00+0200,58779.4367,MW,DE,DE_LU,actual_load,Actual Load,2026-07-14T14:11:01Z
2026-07-14T14:09:01Z,2026-07-14T16:09:01+0200,fe0b5391-87e1-42cc-91a2-4b5686b81b2f,2026-07-06T12:45:00Z,2026-07-06T14:45:00+0200,58408.95258,MW,DE,DE_LU,actual_load,Actual Load,2026-07-14T14:11:01Z
2026-07-14T14:09:01Z,2026-07-14T16:09:01+0200,fe0b5391-87e1-42cc-91a2-4b5686b81b2f,2026-07-06T13:00:00Z,2026-07-06T15:00:00+0200,58186.87685,MW,DE,DE_LU,actual_load,Actual Load,2026-07-14T14:11:01Z
2026-07-14T14:09:01Z,2026-07-14T16:09:01+0200,fe0b5391-87e1-42cc-91a2-4b5686b81b2f,2026-07-06T13:15:00Z,2026-07-06T15:15:00+0200,58504.32395,MW,DE,DE_LU,actual_load,Actual Load,2026-07-14T14:11:01Z
2026-07-14T14:09:01Z,2026-07-14T16:09:01+0200,fe0b5391-87e1-42cc-91a2-4b5686b81b2f,2026-07-06T13:30:00Z,2026-07-06T15:30:00+0200,58510.19257,MW,DE,DE_LU,actual_load,Actual Load,2026-07-14T14:11:01Z
2026-07-14T14:09:01Z,2026-07-14T16:09:01+0200,fe0b5391-87e1-42cc-91a2-4b5686b81b2f,2026-07-06T13:45:00Z,2026-07-06T15:45:00+0200,58416.56992,MW,DE,DE_LU,actual_load,Actual Load,2026-07-14T14:11:01Z
2026-07-14T14:09:01Z,2026-07-14T16:09:01+0200,fe0b5391-87e1-42cc-91a2-4b5686b81b2f,2026-07-06T14:00:00Z,2026-07-06T16:00:00+0200,58954.56535,MW,DE,DE_LU,actual_load,Actual Load,2026-07-14T14:11:01Z
2026-07-14T14:09:01Z,2026-07-14T16:09:01+0200,fe0b5391-87e1-42cc-91a2-4b5686b81b2f,2026-07-06T14:15:00Z,2026-07-06T16:15:00+0200,58822.4544,MW,DE,DE_LU,actual_load,Actual Load,2026-07-14T14:11:01Z
2026-07-14T14:09:01Z,2026-07-14T16:09:01+0200,fe0b5391-87e1-42cc-91a2-4b5686b81b2f,2026-07-06T14:30:00Z,2026-07-06T16:30:00+0200,58524.77183,MW,DE,DE_LU,actual_load,Actual Load,2026-07-14T14:11:01Z
2026-07-14T14:09:01Z,2026-07-14T16:09:01+0200,fe0b5391-87e1-42cc-91a2-4b5686b81b2f,2026-07-06T14:45:00Z,2026-07-06T16:45:00+0200,58143.49117,MW,DE,DE_LU,actual_load,Actual Load,2026-07-14T14:11:01Z
2026-07-14T14:09:01Z,2026-07-14T16:09:01+0200,fe0b5391-87e1-42cc-91a2-4b5686b81b2f,2026-07-06T15:00:00Z,2026-07-06T17:00:00+0200,57436.6875,MW,DE,DE_LU,actual_load,Actual Load,2026-07-14T14:11:01Z
2026-07-14T14:09:01Z,2026-07-14T16:09:01+0200,fe0b5391-87e1-42cc-91a2-4b5686b81b2f,2026-07-06T15:15:00Z,2026-07-06T17:15:00+0200,57303.87946,MW,DE,DE_LU,actual_load,Actual Load,2026-07-14T14:11:01Z
2026-07-14T14:09:01Z,2026-07-14T16:09:01+0200,fe0b5391-87e1-42cc-91a2-4b5686b81b2f,2026-07-06T15:30:00Z,2026-07-06T17:30:00+0200,57991.89002,MW,DE,DE_LU,actual_load,Actual Load,2026-07-14T14:11:01Z
2026-07-14T14:09:01Z,2026-07-14T16:09:01+0200,fe0b5391-87e1-42cc-91a2-4b5686b81b2f,2026-07-06T15:45:00Z,2026-07-06T17:45:00+0200,57628.36369,MW,DE,DE_LU,actual_load,Actual Load,2026-07-14T14:11:01Z
2026-07-14T14:09:01Z,2026-07-14T16:09:01+0200,fe0b5391-87e1-42cc-91a2-4b5686b81b2f,2026-07-06T16:00:00Z,2026-07-06T18:00:00+0200,58363.588,MW,DE,DE_LU,actual_load,Actual Load,2026-07-14T14:11:01Z
2026-07-14T14:09:01Z,2026-07-14T16:09:01+0200,fe0b5391-87e1-42cc-91a2-4b5686b81b2f,2026-07-06T16:15:00Z,2026-07-06T18:15:00+0200,58441.94768,MW,DE,DE_LU,actual_load,Actual Load,2026-07-14T14:11:01Z
2026-07-14T14:09:01Z,2026-07-14T16:09:01+0200,fe0b5391-87e1-42cc-91a2-4b5686b81b2f,2026-07-06T16:30:00Z,2026-07-06T18:30:00+0200,58579.8806,MW,DE,DE_LU,actual_load,Actual Load,2026-07-14T14:11:01Z
2026-07-14T14:09:01Z,2026-07-14T16:09:01+0200,fe0b5391-87e1-42cc-91a2-4b5686b81b2f,2026-07-06T16:45:00Z,2026-07-06T18:45:00+0200,58475.23085,MW,DE,DE_LU,actual_load,Actual Load,2026-07-14T14:11:01Z
2026-07-14T14:09:01Z,2026-07-14T16:09:01+0200,fe0b5391-87e1-42cc-91a2-4b5686b81b2f,2026-07-06T17:00:00Z,2026-07-06T19:00:00+0200,59026.60433,MW,DE,DE_LU,actual_load,Actual Load,2026-07-14T14:11:01Z
2026-07-14T14:09:01Z,2026-07-14T16:09:01+0200,fe0b5391-87e1-42cc-91a2-4b5686b81b2f,2026-07-06T17:15:00Z,2026-07-06T19:15:00+0200,58406.27531,MW,DE,DE_LU,actual_load,Actual Load,2026-07-14T14:11:01Z
2026-07-14T14:09:01Z,2026-07-14T16:09:01+0200,fe0b5391-87e1-42cc-91a2-4b5686b81b2f,2026-07-06T17:30:00Z,2026-07-06T19:30:00+0200,58538.01179,MW,DE,DE_LU,actual_load,Actual Load,2026-07-14T14:11:01Z
2026-07-14T14:09:01Z,2026-07-14T16:09:01+0200,fe0b5391-87e1-42cc-91a2-4b5686b81b2f,2026-07-06T17:45:00Z,2026-07-06T19:45:00+0200,58183.78281,MW,DE,DE_LU,actual_load,Actual Load,2026-07-14T14:11:01Z
2026-07-14T14:09:01Z,2026-07-14T16:09:01+0200,fe0b5391-87e1-42cc-91a2-4b5686b81b2f,2026-07-06T18:00:00Z,2026-07-06T20:00:00+0200,57762.91118,MW,DE,DE_LU,actual_load,Actual Load,2026-07-14T14:11:01Z
2026-07-14T14:09:01Z,2026-07-14T16:09:01+0200,fe0b5391-87e1-42cc-91a2-4b5686b81b2f,2026-07-06T18:15:00Z,2026-07-06T20:15:00+0200,57145.33616,MW,DE,DE_LU,actual_load,Actual Load,2026-07-14T14:11:01Z
2026-07-14T14:09:01Z,2026-07-14T16:09:01+0200,fe0b5391-87e1-42cc-91a2-4b5686b81b2f,2026-07-06T18:30:00Z,2026-07-06T20:30:00+0200,56778.14529,MW,DE,DE_LU,actual_load,Actual Load,2026-07-14T14:11:01Z
2026-07-14T14:09:01Z,2026-07-14T16:09:01+0200,fe0b5391-87e1-42cc-91a2-4b5686b81b2f,2026-07-06T18:45:00Z,2026-07-06T20:45:00+0200,55579.38899,MW,DE,DE_LU,actual_load,Actual Load,2026-07-14T14:11:01Z
2026-07-14T14:09:01Z,2026-07-14T16:09:01+0200,fe0b5391-87e1-42cc-91a2-4b5686b81b2f,2026-07-06T19:00:00Z,2026-07-06T21:00:00+0200,54230.55205,MW,DE,DE_LU,actual_load,Actual Load,2026-07-14T14:11:01Z
2026-07-14T14:09:01Z,2026-07-14T16:09:01+0200,fe0b5391-87e1-42cc-91a2-4b5686b81b2f,2026-07-06T19:15:00Z,2026-07-06T21:15:00+0200,53222.13006,MW,DE,DE_LU,actual_load,Actual Load,2026-07-14T14:11:01Z
2026-07-14T14:09:01Z,2026-07-14T16:09:01+0200,fe0b5391-87e1-42cc-91a2-4b5686b81b2f,2026-07-06T19:30:00Z,2026-07-06T21:30:00+0200,53211.64444,MW,DE,DE_LU,actual_load,Actual Load,2026-07-14T14:11:01Z
2026-07-14T14:09:01Z,2026-07-14T16:09:01+0200,fe0b5391-87e1-42cc-91a2-4b5686b81b2f,2026-07-06T19:45:00Z,2026-07-06T21:45:00+0200,53121.8205,MW,DE,DE_LU,actual_load,Actual Load,2026-07-14T14:11:01Z
2026-07-14T14:09:01Z,2026-07-14T16:09:01+0200,fe0b5391-87e1-42cc-91a2-4b5686b81b2f,2026-07-06T20:00:00Z,2026-07-06T22:00:00+0200,52446.50597,MW,DE,DE_LU,actual_load,Actual Load,2026-07-14T14:11:01Z
2026-07-14T14:09:01Z,2026-07-14T16:09:01+0200,fe0b5391-87e1-42cc-91a2-4b5686b81b2f,2026-07-06T20:15:00Z,2026-07-06T22:15:00+0200,51700.90592,MW,DE,DE_LU,actual_load,Actual Load,2026-07-14T14:11:01Z
2026-07-14T14:09:01Z,2026-07-14T16:09:01+0200,fe0b5391-87e1-42cc-91a2-4b5686b81b2f,2026-07-06T20:30:00Z,2026-07-06T22:30:00+0200,50898.91659,MW,DE,DE_LU,actual_load,Actual Load,2026-07-14T14:11:01Z
2026-07-14T14:09:01Z,2026-07-14T16:09:01+0200,fe0b5391-87e1-42cc-91a2-4b5686b81b2f,2026-07-06T20:45:00Z,2026-07-06T22:45:00+0200,50579.59311,MW,DE,DE_LU,actual_load,Actual Load,2026-07-14T14:11:01Z
2026-07-14T14:09:01Z,2026-07-14T16:09:01+0200,fe0b5391-87e1-42cc-91a2-4b5686b81b2f,2026-07-06T21:00:00Z,2026-07-06T23:00:00+0200,49016.68717,MW,DE,DE_LU,actual_load,Actual Load,2026-07-14T14:11:01Z
2026-07-14T14:09:01Z,2026-07-14T16:09:01+0200,fe0b5391-87e1-42cc-91a2-4b5686b81b2f,2026-07-06T21:15:00Z,2026-07-06T23:15:00+0200,47988.5256,MW,DE,DE_LU,actual_load,Actual Load,2026-07-14T14:11:01Z
2026-07-14T14:09:01Z,2026-07-14T16:09:01+0200,fe0b5391-87e1-42cc-91a2-4b5686b81b2f,2026-07-06T21:30:00Z,2026-07-06T23:30:00+0200,47091.39749,MW,DE,DE_LU,actual_load,Actual Load,2026-07-14T14:11:01Z
2026-07-14T14:09:01Z,2026-07-14T16:09:01+0200,fe0b5391-87e1-42cc-91a2-4b5686b81b2f,2026-07-06T21:45:00Z,2026-07-06T23:45:00+0200,46731.67845,MW,DE,DE_LU,actual_load,Actual Load,2026-07-14T14:11:01Z
2026-07-14T14:09:01Z,2026-07-14T16:09:01+0200,fe0b5391-87e1-42cc-91a2-4b5686b81b2f,2026-07-06T22:00:00Z,2026-07-07T00:00:00+0200,44569.2953,MW,DE,DE_LU,actual_load,Actual Load,2026-07-14T14:11:01Z
2026-07-14T14:09:01Z,2026-07-14T16:09:01+0200,fe0b5391-87e1-42cc-91a2-4b5686b81b2f,2026-07-06T22:15:00Z,2026-07-07T00:15:00+0200,44574.90882,MW,DE,DE_LU,actual_load,Actual Load,2026-07-14T14:11:01Z
2026-07-14T14:09:01Z,2026-07-14T16:09:01+0200,fe0b5391-87e1-42cc-91a2-4b5686b81b2f,2026-07-06T22:30:00Z,2026-07-07T00:30:00+0200,44618.0651,MW,DE,DE_LU,actual_load,Actual Load,2026-07-14T14:11:01Z
2026-07-14T14:09:01Z,2026-07-14T16:09:01+0200,fe0b5391-87e1-42cc-91a2-4b5686b81b2f,2026-07-06T22:45:00Z,2026-07-07T00:45:00+0200,44554.09944,MW,DE,DE_LU,actual_load,Actual Load,2026-07-14T14:11:01Z
2026-07-14T14:09:01Z,2026-07-14T16:09:01+0200,fe0b5391-87e1-42cc-91a2-4b5686b81b2f,2026-07-06T23:00:00Z,2026-07-07T01:00:00+0200,43866.07826,MW,DE,DE_LU,actual_load,Actual Load,2026-07-14T14:11:01Z
2026-07-14T14:09:01Z,2026-07-14T16:09:01+0200,fe0b5391-87e1-42cc-91a2-4b5686b81b2f,2026-07-06T23:15:00Z,2026-07-07T01:15:00+0200,43890.11464,MW,DE,DE_LU,actual_load,Actual Load,2026-07-14T14:11:01Z
2026-07-14T14:09:01Z,2026-07-14T16:09:01+0200,fe0b5391-87e1-42cc-91a2-4b5686b81b2f,2026-07-06T23:30:00Z,2026-07-07T01:30:00+0200,43670.8081,MW,DE,DE_LU,actual_load,Actual Load,2026-07-14T14:11:01Z
2026-07-14T14:09:01Z,2026-07-14T16:09:01+0200,fe0b5391-87e1-42cc-91a2-4b5686b81b2f,2026-07-06T23:45:00Z,2026-07-07T01:45:00+0200,43629.98786,MW,DE,DE_LU,actual_load,Actual Load,2026-07-14T14:11:01Z
2026-07-14T14:09:01Z,2026-07-14T16:09:01+0200,fe0b5391-87e1-42cc-91a2-4b5686b81b2f,2026-07-07T00:00:00Z,2026-07-07T02:00:00+0200,43055.66282,MW,DE,DE_LU,actual_load,Actual Load,2026-07-14T14:11:01Z
2026-07-14T14:09:01Z,2026-07-14T16:09:01+0200,fe0b5391-87e1-42cc-91a2-4b5686b81b2f,2026-07-07T00:15:00Z,2026-07-07T02:15:00+0200,42399.70965,MW,DE,DE_LU,actual_load,Actual Load,2026-07-14T14:11:01Z
2026-07-14T14:09:01Z,2026-07-14T16:09:01+0200,fe0b5391-87e1-42cc-91a2-4b5686b81b2f,2026-07-07T00:30:00Z,2026-07-07T02:30:00+0200,42489.08354,MW,DE,DE_LU,actual_load,Actual Load,2026-07-14T14:11:01Z
2026-07-14T14:09:01Z,2026-07-14T16:09:01+0200,fe0b5391-87e1-42cc-91a2-4b5686b81b2f,2026-07-07T00:45:00Z,2026-07-07T02:45:00+0200,42816.07643,MW,DE,DE_LU,actual_load,Actual Load,2026-07-14T14:11:01Z
2026-07-14T14:09:01Z,2026-07-14T16:09:01+0200,fe0b5391-87e1-42cc-91a2-4b5686b81b2f,2026-07-07T01:00:00Z,2026-07-07T03:00:00+0200,43298.12878,MW,DE,DE_LU,actual_load,Actual Load,2026-07-14T14:11:01Z
2026-07-14T14:09:01Z,2026-07-14T16:09:01+0200,fe0b5391-87e1-42cc-91a2-4b5686b81b2f,2026-07-07T01:15:00Z,2026-07-07T03:15:00+0200,43614.3186,MW,DE,DE_LU,actual_load,Actual Load,2026-07-14T14:11:01Z
2026-07-14T14:09:01Z,2026-07-14T16:09:01+0200,fe0b5391-87e1-42cc-91a2-4b5686b81b2f,2026-07-07T01:30:00Z,2026-07-07T03:30:00+0200,43408.84696,MW,DE,DE_LU,actual_load,Actual Load,2026-07-14T14:11:01Z
2026-07-14T14:09:01Z,2026-07-14T16:09:01+0200,fe0b5391-87e1-42cc-91a2-4b5686b81b2f,2026-07-07T01:45:00Z,2026-07-07T03:45:00+0200,43433.3478,MW,DE,DE_LU,actual_load,Actual Load,2026-07-14T14:11:01Z
2026-07-14T14:09:01Z,2026-07-14T16:09:01+0200,fe0b5391-87e1-42cc-91a2-4b5686b81b2f,2026-07-07T02:00:00Z,2026-07-07T04:00:00+0200,43282.45775,MW,DE,DE_LU,actual_load,Actual Load,2026-07-14T14:11:01Z
2026-07-14T14:09:01Z,2026-07-14T16:09:01+0200,fe0b5391-87e1-42cc-91a2-4b5686b81b2f,2026-07-07T02:15:00Z,2026-07-07T04:15:00+0200,43380.34707,MW,DE,DE_LU,actual_load,Actual Load,2026-07-14T14:11:01Z
2026-07-14T14:09:01Z,2026-07-14T16:09:01+0200,fe0b5391-87e1-42cc-91a2-4b5686b81b2f,2026-07-07T02:30:00Z,2026-07-07T04:30:00+0200,44150.13909,MW,DE,DE_LU,actual_load,Actual Load,2026-07-14T14:11:01Z
2026-07-14T14:09:01Z,2026-07-14T16:09:01+0200,fe0b5391-87e1-42cc-91a2-4b5686b81b2f,2026-07-07T02:45:00Z,2026-07-07T04:45:00+0200,44837.97929,MW,DE,DE_LU,actual_load,Actual Load,2026-07-14T14:11:01Z
2026-07-14T14:09:01Z,2026-07-14T16:09:01+0200,fe0b5391-87e1-42cc-91a2-4b5686b81b2f,2026-07-07T03:00:00Z,2026-07-07T05:00:00+0200,45325.32437,MW,DE,DE_LU,actual_load,Actual Load,2026-07-14T14:11:01Z
2026-07-14T14:09:01Z,2026-07-14T16:09:01+0200,fe0b5391-87e1-42cc-91a2-4b5686b81b2f,2026-07-07T03:15:00Z,2026-07-07T05:15:00+0200,45769.71373,MW,DE,DE_LU,actual_load,Actual Load,2026-07-14T14:11:01Z
2026-07-14T14:09:01Z,2026-07-14T16:09:01+0200,fe0b5391-87e1-42cc-91a2-4b5686b81b2f,2026-07-07T03:30:00Z,2026-07-07T05:30:00+0200,46441.02465,MW,DE,DE_LU,actual_load,Actual Load,2026-07-14T14:11:01Z
2026-07-14T14:09:01Z,2026-07-14T16:09:01+0200,fe0b5391-87e1-42cc-91a2-4b5686b81b2f,2026-07-07T03:45:00Z,2026-07-07T05:45:00+0200,47752.4748,MW,DE,DE_LU,actual_load,Actual Load,2026-07-14T14:11:01Z
2026-07-14T14:09:01Z,2026-07-14T16:09:01+0200,fe0b5391-87e1-42cc-91a2-4b5686b81b2f,2026-07-07T04:00:00Z,2026-07-07T06:00:00+0200,49497.18086,MW,DE,DE_LU,actual_load,Actual Load,2026-07-14T14:11:01Z
2026-07-14T14:09:01Z,2026-07-14T16:09:01+0200,fe0b5391-87e1-42cc-91a2-4b5686b81b2f,2026-07-07T04:15:00Z,2026-07-07T06:15:00+0200,51196.86022,MW,DE,DE_LU,actual_load,Actual Load,2026-07-14T14:11:01Z
2026-07-14T14:09:01Z,2026-07-14T16:09:01+0200,fe0b5391-87e1-42cc-91a2-4b5686b81b2f,2026-07-07T04:30:00Z,2026-07-07T06:30:00+0200,52232.76427,MW,DE,DE_LU,actual_load,Actual Load,2026-07-14T14:11:01Z
2026-07-14T14:09:01Z,2026-07-14T16:09:01+0200,fe0b5391-87e1-42cc-91a2-4b5686b81b2f,2026-07-07T04:45:00Z,2026-07-07T06:45:00+0200,52861.90339,MW,DE,DE_LU,actual_load,Actual Load,2026-07-14T14:11:01Z
2026-07-14T14:09:01Z,2026-07-14T16:09:01+0200,fe0b5391-87e1-42cc-91a2-4b5686b81b2f,2026-07-07T05:00:00Z,2026-07-07T07:00:00+0200,54374.63971,MW,DE,DE_LU,actual_load,Actual Load,2026-07-14T14:11:01Z
2026-07-14T14:09:01Z,2026-07-14T16:09:01+0200,fe0b5391-87e1-42cc-91a2-4b5686b81b2f,2026-07-07T05:15:00Z,2026-07-07T07:15:00+0200,55750.38721,MW,DE,DE_LU,actual_load,Actual Load,2026-07-14T14:11:01Z
2026-07-14T14:09:01Z,2026-07-14T16:09:01+0200,fe0b5391-87e1-42cc-91a2-4b5686b81b2f,2026-07-07T05:30:00Z,2026-07-07T07:30:00+0200,56507.28614,MW,DE,DE_LU,actual_load,Actual Load,2026-07-14T14:11:01Z
2026-07-14T14:09:01Z,2026-07-14T16:09:01+0200,fe0b5391-87e1-42cc-91a2-4b5686b81b2f,2026-07-07T05:45:00Z,2026-07-07T07:45:00+0200,57458.79764,MW,DE,DE_LU,actual_load,Actual Load,2026-07-14T14:11:01Z
2026-07-14T14:09:01Z,2026-07-14T16:09:01+0200,fe0b5391-87e1-42cc-91a2-4b5686b81b2f,2026-07-07T06:00:00Z,2026-07-07T08:00:00+0200,58299.89008,MW,DE,DE_LU,actual_load,Actual Load,2026-07-14T14:11:01Z
2026-07-14T14:09:01Z,2026-07-14T16:09:01+0200,fe0b5391-87e1-42cc-91a2-4b5686b81b2f,2026-07-07T06:15:00Z,2026-07-07T08:15:00+0200,59151.78569,MW,DE,DE_LU,actual_load,Actual Load,2026-07-14T14:11:01Z
2026-07-14T14:09:01Z,2026-07-14T16:09:01+0200,fe0b5391-87e1-42cc-91a2-4b5686b81b2f,2026-07-07T06:30:00Z,2026-07-07T08:30:00+0200,60101.92908,MW,DE,DE_LU,actual_load,Actual Load,2026-07-14T14:11:01Z
2026-07-14T14:09:01Z,2026-07-14T16:09:01+0200,fe0b5391-87e1-42cc-91a2-4b5686b81b2f,2026-07-07T06:45:00Z,2026-07-07T08:45:00+0200,60093.93905,MW,DE,DE_LU,actual_load,Actual Load,2026-07-14T14:11:01Z
2026-07-14T14:09:01Z,2026-07-14T16:09:01+0200,fe0b5391-87e1-42cc-91a2-4b5686b81b2f,2026-07-07T07:00:00Z,2026-07-07T09:00:00+0200,59997.00715,MW,DE,DE_LU,actual_load,Actual Load,2026-07-14T14:11:01Z
2026-07-14T14:09:01Z,2026-07-14T16:09:01+0200,fe0b5391-87e1-42cc-91a2-4b5686b81b2f,2026-07-07T07:15:00Z,2026-07-07T09:15:00+0200,60452.48852,MW,DE,DE_LU,actual_load,Actual Load,2026-07-14T14:11:01Z
2026-07-14T14:09:01Z,2026-07-14T16:09:01+0200,fe0b5391-87e1-42cc-91a2-4b5686b81b2f,2026-07-07T07:30:00Z,2026-07-07T09:30:00+0200,61184.30915,MW,DE,DE_LU,actual_load,Actual Load,2026-07-14T14:11:01Z
2026-07-14T14:09:01Z,2026-07-14T16:09:01+0200,fe0b5391-87e1-42cc-91a2-4b5686b81b2f,2026-07-07T07:45:00Z,2026-07-07T09:45:00+0200,61405.20523,MW,DE,DE_LU,actual_load,Actual Load,2026-07-14T14:11:01Z
2026-07-14T14:09:01Z,2026-07-14T16:09:01+0200,fe0b5391-87e1-42cc-91a2-4b5686b81b2f,2026-07-07T08:00:00Z,2026-07-07T10:00:00+0200,61552.47408,MW,DE,DE_LU,actual_load,Actual Load,2026-07-14T14:11:01Z
2026-07-14T14:09:01Z,2026-07-14T16:09:01+0200,fe0b5391-87e1-42cc-91a2-4b5686b81b2f,2026-07-07T08:15:00Z,2026-07-07T10:15:00+0200,61878.34162,MW,DE,DE_LU,actual_load,Actual Load,2026-07-14T14:11:01Z
2026-07-14T14:09:01Z,2026-07-14T16:09:01+0200,fe0b5391-87e1-42cc-91a2-4b5686b81b2f,2026-07-07T08:30:00Z,2026-07-07T10:30:00+0200,62439.83302,MW,DE,DE_LU,actual_load,Actual Load,2026-07-14T14:11:01Z
2026-07-14T14:09:01Z,2026-07-14T16:09:01+0200,fe0b5391-87e1-42cc-91a2-4b5686b81b2f,2026-07-07T08:45:00Z,2026-07-07T10:45:00+0200,62796.30383,MW,DE,DE_LU,actual_load,Actual Load,2026-07-14T14:11:01Z
2026-07-14T14:09:01Z,2026-07-14T16:09:01+0200,fe0b5391-87e1-42cc-91a2-4b5686b81b2f,2026-07-07T09:00:00Z,2026-07-07T11:00:00+0200,62564.64937,MW,DE,DE_LU,actual_load,Actual Load,2026-07-14T14:11:01Z
2026-07-14T14:09:01Z,2026-07-14T16:09:01+0200,fe0b5391-87e1-42cc-91a2-4b5686b81b2f,2026-07-07T09:15:00Z,2026-07-07T11:15:00+0200,62234.50031,MW,DE,DE_LU,actual_load,Actual Load,2026-07-14T14:11:01Z
2026-07-14T14:09:01Z,2026-07-14T16:09:01+0200,fe0b5391-87e1-42cc-91a2-4b5686b81b2f,2026-07-07T09:30:00Z,2026-07-07T11:30:00+0200,62153.65829,MW,DE,DE_LU,actual_load,Actual Load,2026-07-14T14:11:01Z
2026-07-14T14:09:01Z,2026-07-14T16:09:01+0200,fe0b5391-87e1-42cc-91a2-4b5686b81b2f,2026-07-07T09:45:00Z,2026-07-07T11:45:00+0200,62387.76078,MW,DE,DE_LU,actual_load,Actual Load,2026-07-14T14:11:01Z
2026-07-14T14:09:01Z,2026-07-14T16:09:01+0200,fe0b5391-87e1-42cc-91a2-4b5686b81b2f,2026-07-07T10:00:00Z,2026-07-07T12:00:00+0200,62351.72668,MW,DE,DE_LU,actual_load,Actual Load,2026-07-14T14:11:01Z
2026-07-14T14:09:01Z,2026-07-14T16:09:01+0200,fe0b5391-87e1-42cc-91a2-4b5686b81b2f,2026-07-07T10:15:00Z,2026-07-07T12:15:00+0200,62640.59562,MW,DE,DE_LU,actual_load,Actual Load,2026-07-14T14:11:01Z
2026-07-14T14:09:01Z,2026-07-14T16:09:01+0200,fe0b5391-87e1-42cc-91a2-4b5686b81b2f,2026-07-07T10:30:00Z,2026-07-07T12:30:00+0200,63257.09752,MW,DE,DE_LU,actual_load,Actual Load,2026-07-14T14:11:01Z
2026-07-14T14:09:01Z,2026-07-14T16:09:01+0200,fe0b5391-87e1-42cc-91a2-4b5686b81b2f,2026-07-07T10:45:00Z,2026-07-07T12:45:00+0200,63185.28081,MW,DE,DE_LU,actual_load,Actual Load,2026-07-14T14:11:01Z
2026-07-14T14:09:01Z,2026-07-14T16:09:01+0200,fe0b5391-87e1-42cc-91a2-4b5686b81b2f,2026-07-07T11:00:00Z,2026-07-07T13:00:00+0200,62594.03104,MW,DE,DE_LU,actual_load,Actual Load,2026-07-14T14:11:01Z
2026-07-14T14:09:01Z,2026-07-14T16:09:01+0200,fe0b5391-87e1-42cc-91a2-4b5686b81b2f,2026-07-07T11:15:00Z,2026-07-07T13:15:00+0200,61768.46254,MW,DE,DE_LU,actual_load,Actual Load,2026-07-14T14:11:01Z
2026-07-14T14:09:01Z,2026-07-14T16:09:01+0200,fe0b5391-87e1-42cc-91a2-4b5686b81b2f,2026-07-07T11:30:00Z,2026-07-07T13:30:00+0200,61532.17819,MW,DE,DE_LU,actual_load,Actual Load,2026-07-14T14:11:01Z
2026-07-14T14:09:01Z,2026-07-14T16:09:01+0200,fe0b5391-87e1-42cc-91a2-4b5686b81b2f,2026-07-07T11:45:00Z,2026-07-07T13:45:00+0200,62005.66797,MW,DE,DE_LU,actual_load,Actual Load,2026-07-14T14:11:01Z
2026-07-14T14:09:01Z,2026-07-14T16:09:01+0200,fe0b5391-87e1-42cc-91a2-4b5686b81b2f,2026-07-07T12:00:00Z,2026-07-07T14:00:00+0200,61279.78886,MW,DE,DE_LU,actual_load,Actual Load,2026-07-14T14:11:01Z
2026-07-14T14:09:01Z,2026-07-14T16:09:01+0200,fe0b5391-87e1-42cc-91a2-4b5686b81b2f,2026-07-07T12:15:00Z,2026-07-07T14:15:00+0200,61565.71887,MW,DE,DE_LU,actual_load,Actual Load,2026-07-14T14:11:01Z
2026-07-14T14:09:01Z,2026-07-14T16:09:01+0200,fe0b5391-87e1-42cc-91a2-4b5686b81b2f,2026-07-07T12:30:00Z,2026-07-07T14:30:00+0200,61092.1802,MW,DE,DE_LU,actual_load,Actual Load,2026-07-14T14:11:01Z
2026-07-14T14:09:01Z,2026-07-14T16:09:01+0200,fe0b5391-87e1-42cc-91a2-4b5686b81b2f,2026-07-07T12:45:00Z,2026-07-07T14:45:00+0200,60956.0307,MW,DE,DE_LU,actual_load,Actual Load,2026-07-14T14:11:01Z
2026-07-14T14:09:01Z,2026-07-14T16:09:01+0200,fe0b5391-87e1-42cc-91a2-4b5686b81b2f,2026-07-07T13:00:00Z,2026-07-07T15:00:00+0200,60709.89545,MW,DE,DE_LU,actual_load,Actual Load,2026-07-14T14:11:01Z
2026-07-14T14:09:01Z,2026-07-14T16:09:01+0200,fe0b5391-87e1-42cc-91a2-4b5686b81b2f,2026-07-07T13:15:00Z,2026-07-07T15:15:00+0200,60515.76581,MW,DE,DE_LU,actual_load,Actual Load,2026-07-14T14:11:01Z
2026-07-14T14:09:01Z,2026-07-14T16:09:01+0200,fe0b5391-87e1-42cc-91a2-4b5686b81b2f,2026-07-07T13:30:00Z,2026-07-07T15:30:00+0200,61029.21447,MW,DE,DE_LU,actual_load,Actual Load,2026-07-14T14:11:01Z
2026-07-14T14:09:01Z,2026-07-14T16:09:01+0200,fe0b5391-87e1-42cc-91a2-4b5686b81b2f,2026-07-07T13:45:00Z,2026-07-07T15:45:00+0200,60758.63882,MW,DE,DE_LU,actual_load,Actual Load,2026-07-14T14:11:01Z
2026-07-14T14:09:01Z,2026-07-14T16:09:01+0200,fe0b5391-87e1-42cc-91a2-4b5686b81b2f,2026-07-07T14:00:00Z,2026-07-07T16:00:00+0200,60378.13273,MW,DE,DE_LU,actual_load,Actual Load,2026-07-14T14:11:01Z
2026-07-14T14:09:01Z,2026-07-14T16:09:01+0200,fe0b5391-87e1-42cc-91a2-4b5686b81b2f,2026-07-07T14:15:00Z,2026-07-07T16:15:00+0200,59985.97232,MW,DE,DE_LU,actual_load,Actual Load,2026-07-14T14:11:01Z
2026-07-14T14:09:01Z,2026-07-14T16:09:01+0200,fe0b5391-87e1-42cc-91a2-4b5686b81b2f,2026-07-07T14:30:00Z,2026-07-07T16:30:00+0200,59305.81788,MW,DE,DE_LU,actual_load,Actual Load,2026-07-14T14:11:01Z
2026-07-14T14:09:01Z,2026-07-14T16:09:01+0200,fe0b5391-87e1-42cc-91a2-4b5686b81b2f,2026-07-07T14:45:00Z,2026-07-07T16:45:00+0200,59474.15825,MW,DE,DE_LU,actual_load,Actual Load,2026-07-14T14:11:01Z
2026-07-14T14:09:01Z,2026-07-14T16:09:01+0200,fe0b5391-87e1-42cc-91a2-4b5686b81b2f,2026-07-07T15:00:00Z,2026-07-07T17:00:00+0200,59546.88056,MW,DE,DE_LU,actual_load,Actual Load,2026-07-14T14:11:01Z
2026-07-14T14:09:01Z,2026-07-14T16:09:01+0200,fe0b5391-87e1-42cc-91a2-4b5686b81b2f,2026-07-07T15:15:00Z,2026-07-07T17:15:00+0200,58281.03019,MW,DE,DE_LU,actual_load,Actual Load,2026-07-14T14:11:01Z
2026-07-14T14:09:01Z,2026-07-14T16:09:01+0200,fe0b5391-87e1-42cc-91a2-4b5686b81b2f,2026-07-07T15:30:00Z,2026-07-07T17:30:00+0200,59012.43894,MW,DE,DE_LU,actual_load,Actual Load,2026-07-14T14:11:01Z
2026-07-14T14:09:01Z,2026-07-14T16:09:01+0200,fe0b5391-87e1-42cc-91a2-4b5686b81b2f,2026-07-07T15:45:00Z,2026-07-07T17:45:00+0200,58826.91654,MW,DE,DE_LU,actual_load,Actual Load,2026-07-14T14:11:01Z
2026-07-14T14:09:01Z,2026-07-14T16:09:01+0200,fe0b5391-87e1-42cc-91a2-4b5686b81b2f,2026-07-07T16:00:00Z,2026-07-07T18:00:00+0200,59922.13247,MW,DE,DE_LU,actual_load,Actual Load,2026-07-14T14:11:01Z
2026-07-14T14:09:01Z,2026-07-14T16:09:01+0200,fe0b5391-87e1-42cc-91a2-4b5686b81b2f,2026-07-07T16:15:00Z,2026-07-07T18:15:00+0200,59648.45579,MW,DE,DE_LU,actual_load,Actual Load,2026-07-14T14:11:01Z
2026-07-14T14:09:01Z,2026-07-14T16:09:01+0200,fe0b5391-87e1-42cc-91a2-4b5686b81b2f,2026-07-07T16:30:00Z,2026-07-07T18:30:00+0200,58775.58373,MW,DE,DE_LU,actual_load,Actual Load,2026-07-14T14:11:01Z
2026-07-14T14:09:01Z,2026-07-14T16:09:01+0200,fe0b5391-87e1-42cc-91a2-4b5686b81b2f,2026-07-07T16:45:00Z,2026-07-07T18:45:00+0200,59245.19388,MW,DE,DE_LU,actual_load,Actual Load,2026-07-14T14:11:01Z
2026-07-14T14:09:01Z,2026-07-14T16:09:01+0200,fe0b5391-87e1-42cc-91a2-4b5686b81b2f,2026-07-07T17:00:00Z,2026-07-07T19:00:00+0200,59733.42051,MW,DE,DE_LU,actual_load,Actual Load,2026-07-14T14:11:01Z
2026-07-14T14:09:01Z,2026-07-14T16:09:01+0200,fe0b5391-87e1-42cc-91a2-4b5686b81b2f,2026-07-07T17:15:00Z,2026-07-07T19:15:00+0200,58731.85016,MW,DE,DE_LU,actual_load,Actual Load,2026-07-14T14:11:01Z
2026-07-14T14:09:01Z,2026-07-14T16:09:01+0200,fe0b5391-87e1-42cc-91a2-4b5686b81b2f,2026-07-07T17:30:00Z,2026-07-07T19:30:00+0200,57576.88363,MW,DE,DE_LU,actual_load,Actual Load,2026-07-14T14:11:01Z
2026-07-14T14:09:01Z,2026-07-14T16:09:01+0200,fe0b5391-87e1-42cc-91a2-4b5686b81b2f,2026-07-07T17:45:00Z,2026-07-07T19:45:00+0200,56822.53481,MW,DE,DE_LU,actual_load,Actual Load,2026-07-14T14:11:01Z
2026-07-14T14:09:01Z,2026-07-14T16:09:01+0200,fe0b5391-87e1-42cc-91a2-4b5686b81b2f,2026-07-07T18:00:00Z,2026-07-07T20:00:00+0200,56288.73467,MW,DE,DE_LU,actual_load,Actual Load,2026-07-14T14:11:01Z
2026-07-14T14:09:01Z,2026-07-14T16:09:01+0200,fe0b5391-87e1-42cc-91a2-4b5686b81b2f,2026-07-07T18:15:00Z,2026-07-07T20:15:00+0200,55006.8081,MW,DE,DE_LU,actual_load,Actual Load,2026-07-14T14:11:01Z
2026-07-14T14:09:01Z,2026-07-14T16:09:01+0200,fe0b5391-87e1-42cc-91a2-4b5686b81b2f,2026-07-07T18:30:00Z,2026-07-07T20:30:00+0200,54085.62541,MW,DE,DE_LU,actual_load,Actual Load,2026-07-14T14:11:01Z
2026-07-14T14:09:01Z,2026-07-14T16:09:01+0200,fe0b5391-87e1-42cc-91a2-4b5686b81b2f,2026-07-07T18:45:00Z,2026-07-07T20:45:00+0200,54099.01164,MW,DE,DE_LU,actual_load,Actual Load,2026-07-14T14:11:01Z
2026-07-14T14:09:01Z,2026-07-14T16:09:01+0200,fe0b5391-87e1-42cc-91a2-4b5686b81b2f,2026-07-07T19:00:00Z,2026-07-07T21:00:00+0200,54038.40134,MW,DE,DE_LU,actual_load,Actual Load,2026-07-14T14:11:01Z
2026-07-14T14:09:01Z,2026-07-14T16:09:01+0200,fe0b5391-87e1-42cc-91a2-4b5686b81b2f,2026-07-07T19:15:00Z,2026-07-07T21:15:00+0200,53069.11898,MW,DE,DE_LU,actual_load,Actual Load,2026-07-14T14:11:01Z
2026-07-14T14:09:01Z,2026-07-14T16:09:01+0200,fe0b5391-87e1-42cc-91a2-4b5686b81b2f,2026-07-07T19:30:00Z,2026-07-07T21:30:00+0200,52411.59035,MW,DE,DE_LU,actual_load,Actual Load,2026-07-14T14:11:01Z
2026-07-14T14:09:01Z,2026-07-14T16:09:01+0200,fe0b5391-87e1-42cc-91a2-4b5686b81b2f,2026-07-07T19:45:00Z,2026-07-07T21:45:00+0200,52284.49276,MW,DE,DE_LU,actual_load,Actual Load,2026-07-14T14:11:01Z
2026-07-14T14:09:01Z,2026-07-14T16:09:01+0200,fe0b5391-87e1-42cc-91a2-4b5686b81b2f,2026-07-07T20:00:00Z,2026-07-07T22:00:00+0200,50662.49013,MW,DE,DE_LU,actual_load,Actual Load,2026-07-14T14:11:01Z
2026-07-14T14:09:01Z,2026-07-14T16:09:01+0200,fe0b5391-87e1-42cc-91a2-4b5686b81b2f,2026-07-07T20:15:00Z,2026-07-07T22:15:00+0200,50456.47378,MW,DE,DE_LU,actual_load,Actual Load,2026-07-14T14:11:01Z
2026-07-14T14:09:01Z,2026-07-14T16:09:01+0200,fe0b5391-87e1-42cc-91a2-4b5686b81b2f,2026-07-07T20:30:00Z,2026-07-07T22:30:00+0200,49943.25934,MW,DE,DE_LU,actual_load,Actual Load,2026-07-14T14:11:01Z
2026-07-14T14:09:01Z,2026-07-14T16:09:01+0200,fe0b5391-87e1-42cc-91a2-4b5686b81b2f,2026-07-07T20:45:00Z,2026-07-07T22:45:00+0200,49043.13998,MW,DE,DE_LU,actual_load,Actual Load,2026-07-14T14:11:01Z
2026-07-14T14:09:01Z,2026-07-14T16:09:01+0200,fe0b5391-87e1-42cc-91a2-4b5686b81b2f,2026-07-07T21:00:00Z,2026-07-07T23:00:00+0200,48125.18204,MW,DE,DE_LU,actual_load,Actual Load,2026-07-14T14:11:01Z
2026-07-14T14:09:01Z,2026-07-14T16:09:01+0200,fe0b5391-87e1-42cc-91a2-4b5686b81b2f,2026-07-07T21:15:00Z,2026-07-07T23:15:00+0200,47581.57891,MW,DE,DE_LU,actual_load,Actual Load,2026-07-14T14:11:01Z
2026-07-14T14:09:01Z,2026-07-14T16:09:01+0200,fe0b5391-87e1-42cc-91a2-4b5686b81b2f,2026-07-07T21:30:00Z,2026-07-07T23:30:00+0200,47382.68412,MW,DE,DE_LU,actual_load,Actual Load,2026-07-14T14:11:01Z
2026-07-14T14:09:01Z,2026-07-14T16:09:01+0200,fe0b5391-87e1-42cc-91a2-4b5686b81b2f,2026-07-07T21:45:00Z,2026-07-07T23:45:00+0200,46705.51643,MW,DE,DE_LU,actual_load,Actual Load,2026-07-14T14:11:01Z
2026-07-14T14:09:01Z,2026-07-14T16:09:01+0200,fe0b5391-87e1-42cc-91a2-4b5686b81b2f,2026-07-07T22:00:00Z,2026-07-08T00:00:00+0200,46445.25603,MW,DE,DE_LU,actual_load,Actual Load,2026-07-14T14:11:01Z
2026-07-14T14:09:01Z,2026-07-14T16:09:01+0200,fe0b5391-87e1-42cc-91a2-4b5686b81b2f,2026-07-07T22:15:00Z,2026-07-08T00:15:00+0200,46556.21355,MW,DE,DE_LU,actual_load,Actual Load,2026-07-14T14:11:01Z
2026-07-14T14:09:01Z,2026-07-14T16:09:01+0200,fe0b5391-87e1-42cc-91a2-4b5686b81b2f,2026-07-07T22:30:00Z,2026-07-08T00:30:00+0200,46471.35208,MW,DE,DE_LU,actual_load,Actual Load,2026-07-14T14:11:01Z
2026-07-14T14:09:01Z,2026-07-14T16:09:01+0200,fe0b5391-87e1-42cc-91a2-4b5686b81b2f,2026-07-07T22:45:00Z,2026-07-08T00:45:00+0200,46159.19703,MW,DE,DE_LU,actual_load,Actual Load,2026-07-14T14:11:01Z
2026-07-14T14:09:01Z,2026-07-14T16:09:01+0200,fe0b5391-87e1-42cc-91a2-4b5686b81b2f,2026-07-07T23:00:00Z,2026-07-08T01:00:00+0200,45457.09182,MW,DE,DE_LU,actual_load,Actual Load,2026-07-14T14:11:01Z
2026-07-14T14:09:01Z,2026-07-14T16:09:01+0200,fe0b5391-87e1-42cc-91a2-4b5686b81b2f,2026-07-07T23:15:00Z,2026-07-08T01:15:00+0200,45177.22271,MW,DE,DE_LU,actual_load,Actual Load,2026-07-14T14:11:01Z
2026-07-14T14:09:01Z,2026-07-14T16:09:01+0200,fe0b5391-87e1-42cc-91a2-4b5686b81b2f,2026-07-07T23:30:00Z,2026-07-08T01:30:00+0200,44655.17497,MW,DE,DE_LU,actual_load,Actual Load,2026-07-14T14:11:01Z
2026-07-14T14:09:01Z,2026-07-14T16:09:01+0200,fe0b5391-87e1-42cc-91a2-4b5686b81b2f,2026-07-07T23:45:00Z,2026-07-08T01:45:00+0200,44282.65262,MW,DE,DE_LU,actual_load,Actual Load,2026-07-14T14:11:01Z
2026-07-14T14:09:01Z,2026-07-14T16:09:01+0200,fe0b5391-87e1-42cc-91a2-4b5686b81b2f,2026-07-08T00:00:00Z,2026-07-08T02:00:00+0200,43928.94458,MW,DE,DE_LU,actual_load,Actual Load,2026-07-14T14:11:01Z
2026-07-14T14:09:01Z,2026-07-14T16:09:01+0200,fe0b5391-87e1-42cc-91a2-4b5686b81b2f,2026-07-08T00:15:00Z,2026-07-08T02:15:00+0200,43772.48674,MW,DE,DE_LU,actual_load,Actual Load,2026-07-14T14:11:01Z
2026-07-14T14:09:01Z,2026-07-14T16:09:01+0200,fe0b5391-87e1-42cc-91a2-4b5686b81b2f,2026-07-08T00:30:00Z,2026-07-08T02:30:00+0200,43189.76029,MW,DE,DE_LU,actual_load,Actual Load,2026-07-14T14:11:01Z
2026-07-14T14:09:01Z,2026-07-14T16:09:01+0200,fe0b5391-87e1-42cc-91a2-4b5686b81b2f,2026-07-08T00:45:00Z,2026-07-08T02:45:00+0200,43245.37144,MW,DE,DE_LU,actual_load,Actual Load,2026-07-14T14:11:01Z
2026-07-14T14:09:01Z,2026-07-14T16:09:01+0200,fe0b5391-87e1-42cc-91a2-4b5686b81b2f,2026-07-08T01:00:00Z,2026-07-08T03:00:00+0200,43510.51069,MW,DE,DE_LU,actual_load,Actual Load,2026-07-14T14:11:01Z
2026-07-14T14:09:01Z,2026-07-14T16:09:01+0200,fe0b5391-87e1-42cc-91a2-4b5686b81b2f,2026-07-08T01:15:00Z,2026-07-08T03:15:00+0200,43335.43493,MW,DE,DE_LU,actual_load,Actual Load,2026-07-14T14:11:01Z
2026-07-14T14:09:01Z,2026-07-14T16:09:01+0200,fe0b5391-87e1-42cc-91a2-4b5686b81b2f,2026-07-08T01:30:00Z,2026-07-08T03:30:00+0200,42937.46646,MW,DE,DE_LU,actual_load,Actual Load,2026-07-14T14:11:01Z
2026-07-14T14:09:01Z,2026-07-14T16:09:01+0200,fe0b5391-87e1-42cc-91a2-4b5686b81b2f,2026-07-08T01:45:00Z,2026-07-08T03:45:00+0200,43166.28959,MW,DE,DE_LU,actual_load,Actual Load,2026-07-14T14:11:01Z
2026-07-14T14:09:01Z,2026-07-14T16:09:01+0200,fe0b5391-87e1-42cc-91a2-4b5686b81b2f,2026-07-08T02:00:00Z,2026-07-08T04:00:00+0200,43710.12838,MW,DE,DE_LU,actual_load,Actual Load,2026-07-14T14:11:01Z
2026-07-14T14:09:01Z,2026-07-14T16:09:01+0200,fe0b5391-87e1-42cc-91a2-4b5686b81b2f,2026-07-08T02:15:00Z,2026-07-08T04:15:00+0200,44065.63506,MW,DE,DE_LU,actual_load,Actual Load,2026-07-14T14:11:01Z
2026-07-14T14:09:01Z,2026-07-14T16:09:01+0200,fe0b5391-87e1-42cc-91a2-4b5686b81b2f,2026-07-08T02:30:00Z,2026-07-08T04:30:00+0200,44124.25037,MW,DE,DE_LU,actual_load,Actual Load,2026-07-14T14:11:01Z
2026-07-14T14:09:01Z,2026-07-14T16:09:01+0200,fe0b5391-87e1-42cc-91a2-4b5686b81b2f,2026-07-08T02:45:00Z,2026-07-08T04:45:00+0200,44301.01367,MW,DE,DE_LU,actual_load,Actual Load,2026-07-14T14:11:01Z
2026-07-14T14:09:01Z,2026-07-14T16:09:01+0200,fe0b5391-87e1-42cc-91a2-4b5686b81b2f,2026-07-08T03:00:00Z,2026-07-08T05:00:00+0200,45764.84977,MW,DE,DE_LU,actual_load,Actual Load,2026-07-14T14:11:01Z
2026-07-14T14:09:01Z,2026-07-14T16:09:01+0200,fe0b5391-87e1-42cc-91a2-4b5686b81b2f,2026-07-08T03:15:00Z,2026-07-08T05:15:00+0200,46255.27675,MW,DE,DE_LU,actual_load,Actual Load,2026-07-14T14:11:01Z
2026-07-14T14:09:01Z,2026-07-14T16:09:01+0200,fe0b5391-87e1-42cc-91a2-4b5686b81b2f,2026-07-08T03:30:00Z,2026-07-08T05:30:00+0200,47045.25572,MW,DE,DE_LU,actual_load,Actual Load,2026-07-14T14:11:01Z
2026-07-14T14:09:01Z,2026-07-14T16:09:01+0200,fe0b5391-87e1-42cc-91a2-4b5686b81b2f,2026-07-08T03:45:00Z,2026-07-08T05:45:00+0200,48328.6082,MW,DE,DE_LU,actual_load,Actual Load,2026-07-14T14:11:01Z
2026-07-14T14:09:01Z,2026-07-14T16:09:01+0200,fe0b5391-87e1-42cc-91a2-4b5686b81b2f,2026-07-08T04:00:00Z,2026-07-08T06:00:00+0200,50789.47258,MW,DE,DE_LU,actual_load,Actual Load,2026-07-14T14:11:01Z
2026-07-14T14:09:01Z,2026-07-14T16:09:01+0200,fe0b5391-87e1-42cc-91a2-4b5686b81b2f,2026-07-08T04:15:00Z,2026-07-08T06:15:00+0200,52439.32529,MW,DE,DE_LU,actual_load,Actual Load,2026-07-14T14:11:01Z
2026-07-14T14:09:01Z,2026-07-14T16:09:01+0200,fe0b5391-87e1-42cc-91a2-4b5686b81b2f,2026-07-08T04:30:00Z,2026-07-08T06:30:00+0200,53327.4649,MW,DE,DE_LU,actual_load,Actual Load,2026-07-14T14:11:01Z
2026-07-14T14:09:01Z,2026-07-14T16:09:01+0200,fe0b5391-87e1-42cc-91a2-4b5686b81b2f,2026-07-08T04:45:00Z,2026-07-08T06:45:00+0200,54410.94312,MW,DE,DE_LU,actual_load,Actual Load,2026-07-14T14:11:01Z
2026-07-14T14:09:01Z,2026-07-14T16:09:01+0200,fe0b5391-87e1-42cc-91a2-4b5686b81b2f,2026-07-08T05:00:00Z,2026-07-08T07:00:00+0200,55303.96662,MW,DE,DE_LU,actual_load,Actual Load,2026-07-14T14:11:01Z
2026-07-14T14:09:01Z,2026-07-14T16:09:01+0200,fe0b5391-87e1-42cc-91a2-4b5686b81b2f,2026-07-08T05:15:00Z,2026-07-08T07:15:00+0200,56827.07937,MW,DE,DE_LU,actual_load,Actual Load,2026-07-14T14:11:01Z
2026-07-14T14:09:01Z,2026-07-14T16:09:01+0200,fe0b5391-87e1-42cc-91a2-4b5686b81b2f,2026-07-08T05:30:00Z,2026-07-08T07:30:00+0200,57810.33254,MW,DE,DE_LU,actual_load,Actual Load,2026-07-14T14:11:01Z
2026-07-14T14:09:01Z,2026-07-14T16:09:01+0200,fe0b5391-87e1-42cc-91a2-4b5686b81b2f,2026-07-08T05:45:00Z,2026-07-08T07:45:00+0200,58428.66852,MW,DE,DE_LU,actual_load,Actual Load,2026-07-14T14:11:01Z
2026-07-14T14:09:01Z,2026-07-14T16:09:01+0200,fe0b5391-87e1-42cc-91a2-4b5686b81b2f,2026-07-08T06:00:00Z,2026-07-08T08:00:00+0200,58823.93672,MW,DE,DE_LU,actual_load,Actual Load,2026-07-14T14:11:01Z
2026-07-14T14:09:01Z,2026-07-14T16:09:01+0200,fe0b5391-87e1-42cc-91a2-4b5686b81b2f,2026-07-08T06:15:00Z,2026-07-08T08:15:00+0200,59680.87391,MW,DE,DE_LU,actual_load,Actual Load,2026-07-14T14:11:01Z
2026-07-14T14:09:01Z,2026-07-14T16:09:01+0200,fe0b5391-87e1-42cc-91a2-4b5686b81b2f,2026-07-08T06:30:00Z,2026-07-08T08:30:00+0200,60586.48773,MW,DE,DE_LU,actual_load,Actual Load,2026-07-14T14:11:01Z
2026-07-14T14:09:01Z,2026-07-14T16:09:01+0200,fe0b5391-87e1-42cc-91a2-4b5686b81b2f,2026-07-08T06:45:00Z,2026-07-08T08:45:00+0200,61002.18132,MW,DE,DE_LU,actual_load,Actual Load,2026-07-14T14:11:01Z
2026-07-14T14:09:01Z,2026-07-14T16:09:01+0200,fe0b5391-87e1-42cc-91a2-4b5686b81b2f,2026-07-08T07:00:00Z,2026-07-08T09:00:00+0200,59828.19582,MW,DE,DE_LU,actual_load,Actual Load,2026-07-14T14:11:01Z
2026-07-14T14:09:01Z,2026-07-14T16:09:01+0200,fe0b5391-87e1-42cc-91a2-4b5686b81b2f,2026-07-08T07:15:00Z,2026-07-08T09:15:00+0200,60254.54532,MW,DE,DE_LU,actual_load,Actual Load,2026-07-14T14:11:01Z
2026-07-14T14:09:01Z,2026-07-14T16:09:01+0200,fe0b5391-87e1-42cc-91a2-4b5686b81b2f,2026-07-08T07:30:00Z,2026-07-08T09:30:00+0200,60545.91376,MW,DE,DE_LU,actual_load,Actual Load,2026-07-14T14:11:01Z
2026-07-14T14:09:01Z,2026-07-14T16:09:01+0200,fe0b5391-87e1-42cc-91a2-4b5686b81b2f,2026-07-08T07:45:00Z,2026-07-08T09:45:00+0200,61015.4609,MW,DE,DE_LU,actual_load,Actual Load,2026-07-14T14:11:01Z
2026-07-14T14:09:01Z,2026-07-14T16:09:01+0200,fe0b5391-87e1-42cc-91a2-4b5686b81b2f,2026-07-08T08:00:00Z,2026-07-08T10:00:00+0200,60897.08429,MW,DE,DE_LU,actual_load,Actual Load,2026-07-14T14:11:01Z
2026-07-14T14:09:01Z,2026-07-14T16:09:01+0200,fe0b5391-87e1-42cc-91a2-4b5686b81b2f,2026-07-08T08:15:00Z,2026-07-08T10:15:00+0200,61359.63025,MW,DE,DE_LU,actual_load,Actual Load,2026-07-14T14:11:01Z
2026-07-14T14:09:01Z,2026-07-14T16:09:01+0200,fe0b5391-87e1-42cc-91a2-4b5686b81b2f,2026-07-08T08:30:00Z,2026-07-08T10:30:00+0200,61398.03055,MW,DE,DE_LU,actual_load,Actual Load,2026-07-14T14:11:01Z
2026-07-14T14:09:01Z,2026-07-14T16:09:01+0200,fe0b5391-87e1-42cc-91a2-4b5686b81b2f,2026-07-08T08:45:00Z,2026-07-08T10:45:00+0200,61495.34202,MW,DE,DE_LU,actual_load,Actual Load,2026-07-14T14:11:01Z
2026-07-14T14:09:01Z,2026-07-14T16:09:01+0200,fe0b5391-87e1-42cc-91a2-4b5686b81b2f,2026-07-08T09:00:00Z,2026-07-08T11:00:00+0200,61064.01867,MW,DE,DE_LU,actual_load,Actual Load,2026-07-14T14:11:01Z
2026-07-14T14:09:01Z,2026-07-14T16:09:01+0200,fe0b5391-87e1-42cc-91a2-4b5686b81b2f,2026-07-08T09:15:00Z,2026-07-08T11:15:00+0200,61210.60659,MW,DE,DE_LU,actual_load,Actual Load,2026-07-14T14:11:01Z
2026-07-14T14:09:01Z,2026-07-14T16:09:01+0200,fe0b5391-87e1-42cc-91a2-4b5686b81b2f,2026-07-08T09:30:00Z,2026-07-08T11:30:00+0200,61444.28461,MW,DE,DE_LU,actual_load,Actual Load,2026-07-14T14:11:01Z
2026-07-14T14:09:01Z,2026-07-14T16:09:01+0200,fe0b5391-87e1-42cc-91a2-4b5686b81b2f,2026-07-08T09:45:00Z,2026-07-08T11:45:00+0200,61246.02945,MW,DE,DE_LU,actual_load,Actual Load,2026-07-14T14:11:01Z
2026-07-14T14:09:01Z,2026-07-14T16:09:01+0200,fe0b5391-87e1-42cc-91a2-4b5686b81b2f,2026-07-08T10:00:00Z,2026-07-08T12:00:00+0200,60237.79384,MW,DE,DE_LU,actual_load,Actual Load,2026-07-14T14:11:01Z
2026-07-14T14:09:01Z,2026-07-14T16:09:01+0200,fe0b5391-87e1-42cc-91a2-4b5686b81b2f,2026-07-08T10:15:00Z,2026-07-08T12:15:00+0200,59846.49772,MW,DE,DE_LU,actual_load,Actual Load,2026-07-14T14:11:01Z
2026-07-14T14:09:01Z,2026-07-14T16:09:01+0200,fe0b5391-87e1-42cc-91a2-4b5686b81b2f,2026-07-08T10:30:00Z,2026-07-08T12:30:00+0200,60333.53578,MW,DE,DE_LU,actual_load,Actual Load,2026-07-14T14:11:01Z
2026-07-14T14:09:01Z,2026-07-14T16:09:01+0200,fe0b5391-87e1-42cc-91a2-4b5686b81b2f,2026-07-08T10:45:00Z,2026-07-08T12:45:00+0200,60537.76798,MW,DE,DE_LU,actual_load,Actual Load,2026-07-14T14:11:01Z
2026-07-14T14:09:01Z,2026-07-14T16:09:01+0200,fe0b5391-87e1-42cc-91a2-4b5686b81b2f,2026-07-08T11:00:00Z,2026-07-08T13:00:00+0200,61056.53762,MW,DE,DE_LU,actual_load,Actual Load,2026-07-14T14:11:01Z
2026-07-14T14:09:01Z,2026-07-14T16:09:01+0200,fe0b5391-87e1-42cc-91a2-4b5686b81b2f,2026-07-08T11:15:00Z,2026-07-08T13:15:00+0200,60278.0234,MW,DE,DE_LU,actual_load,Actual Load,2026-07-14T14:11:01Z
2026-07-14T14:09:01Z,2026-07-14T16:09:01+0200,fe0b5391-87e1-42cc-91a2-4b5686b81b2f,2026-07-08T11:30:00Z,2026-07-08T13:30:00+0200,59448.39749,MW,DE,DE_LU,actual_load,Actual Load,2026-07-14T14:11:01Z
2026-07-14T14:09:01Z,2026-07-14T16:09:01+0200,fe0b5391-87e1-42cc-91a2-4b5686b81b2f,2026-07-08T11:45:00Z,2026-07-08T13:45:00+0200,59236.41337,MW,DE,DE_LU,actual_load,Actual Load,2026-07-14T14:11:01Z
2026-07-14T14:09:01Z,2026-07-14T16:09:01+0200,fe0b5391-87e1-42cc-91a2-4b5686b81b2f,2026-07-08T12:00:00Z,2026-07-08T14:00:00+0200,58672.15355,MW,DE,DE_LU,actual_load,Actual Load,2026-07-14T14:11:01Z
2026-07-14T14:09:01Z,2026-07-14T16:09:01+0200,fe0b5391-87e1-42cc-91a2-4b5686b81b2f,2026-07-08T12:15:00Z,2026-07-08T14:15:00+0200,59091.79083,MW,DE,DE_LU,actual_load,Actual Load,2026-07-14T14:11:01Z
2026-07-14T14:09:01Z,2026-07-14T16:09:01+0200,fe0b5391-87e1-42cc-91a2-4b5686b81b2f,2026-07-08T12:30:00Z,2026-07-08T14:30:00+0200,58815.95405,MW,DE,DE_LU,actual_load,Actual Load,2026-07-14T14:11:01Z
2026-07-14T14:09:01Z,2026-07-14T16:09:01+0200,fe0b5391-87e1-42cc-91a2-4b5686b81b2f,2026-07-08T12:45:00Z,2026-07-08T14:45:00+0200,58634.96687,MW,DE,DE_LU,actual_load,Actual Load,2026-07-14T14:11:01Z
2026-07-14T14:09:01Z,2026-07-14T16:09:01+0200,fe0b5391-87e1-42cc-91a2-4b5686b81b2f,2026-07-08T13:00:00Z,2026-07-08T15:00:00+0200,58909.50078,MW,DE,DE_LU,actual_load,Actual Load,2026-07-14T14:11:01Z
2026-07-14T14:09:01Z,2026-07-14T16:09:01+0200,fe0b5391-87e1-42cc-91a2-4b5686b81b2f,2026-07-08T13:15:00Z,2026-07-08T15:15:00+0200,58618.008,MW,DE,DE_LU,actual_load,Actual Load,2026-07-14T14:11:01Z
2026-07-14T14:09:01Z,2026-07-14T16:09:01+0200,fe0b5391-87e1-42cc-91a2-4b5686b81b2f,2026-07-08T13:30:00Z,2026-07-08T15:30:00+0200,58787.533,MW,DE,DE_LU,actual_load,Actual Load,2026-07-14T14:11:01Z
2026-07-14T14:09:01Z,2026-07-14T16:09:01+0200,fe0b5391-87e1-42cc-91a2-4b5686b81b2f,2026-07-08T13:45:00Z,2026-07-08T15:45:00+0200,58823.40643,MW,DE,DE_LU,actual_load,Actual Load,2026-07-14T14:11:01Z
2026-07-14T14:09:01Z,2026-07-14T16:09:01+0200,fe0b5391-87e1-42cc-91a2-4b5686b81b2f,2026-07-08T14:00:00Z,2026-07-08T16:00:00+0200,58750.09622,MW,DE,DE_LU,actual_load,Actual Load,2026-07-14T14:11:01Z
2026-07-14T14:09:01Z,2026-07-14T16:09:01+0200,fe0b5391-87e1-42cc-91a2-4b5686b81b2f,2026-07-08T14:15:00Z,2026-07-08T16:15:00+0200,58309.03234,MW,DE,DE_LU,actual_load,Actual Load,2026-07-14T14:11:01Z
2026-07-14T14:09:01Z,2026-07-14T16:09:01+0200,fe0b5391-87e1-42cc-91a2-4b5686b81b2f,2026-07-08T14:30:00Z,2026-07-08T16:30:00+0200,57766.41902,MW,DE,DE_LU,actual_load,Actual Load,2026-07-14T14:11:01Z
2026-07-14T14:09:01Z,2026-07-14T16:09:01+0200,fe0b5391-87e1-42cc-91a2-4b5686b81b2f,2026-07-08T14:45:00Z,2026-07-08T16:45:00+0200,58038.39526,MW,DE,DE_LU,actual_load,Actual Load,2026-07-14T14:11:01Z
2026-07-14T14:09:01Z,2026-07-14T16:09:01+0200,fe0b5391-87e1-42cc-91a2-4b5686b81b2f,2026-07-08T15:00:00Z,2026-07-08T17:00:00+0200,58173.49516,MW,DE,DE_LU,actual_load,Actual Load,2026-07-14T14:11:01Z
2026-07-14T14:09:01Z,2026-07-14T16:09:01+0200,fe0b5391-87e1-42cc-91a2-4b5686b81b2f,2026-07-08T15:15:00Z,2026-07-08T17:15:00+0200,58293.19578,MW,DE,DE_LU,actual_load,Actual Load,2026-07-14T14:11:01Z
2026-07-14T14:09:01Z,2026-07-14T16:09:01+0200,fe0b5391-87e1-42cc-91a2-4b5686b81b2f,2026-07-08T15:30:00Z,2026-07-08T17:30:00+0200,57722.26355,MW,DE,DE_LU,actual_load,Actual Load,2026-07-14T14:11:01Z
2026-07-14T14:09:01Z,2026-07-14T16:09:01+0200,fe0b5391-87e1-42cc-91a2-4b5686b81b2f,2026-07-08T15:45:00Z,2026-07-08T17:45:00+0200,57791.50018,MW,DE,DE_LU,actual_load,Actual Load,2026-07-14T14:11:01Z
2026-07-14T14:09:01Z,2026-07-14T16:09:01+0200,fe0b5391-87e1-42cc-91a2-4b5686b81b2f,2026-07-08T16:00:00Z,2026-07-08T18:00:00+0200,58165.8579,MW,DE,DE_LU,actual_load,Actual Load,2026-07-14T14:11:01Z
2026-07-14T14:09:01Z,2026-07-14T16:09:01+0200,fe0b5391-87e1-42cc-91a2-4b5686b81b2f,2026-07-08T16:15:00Z,2026-07-08T18:15:00+0200,58441.53131,MW,DE,DE_LU,actual_load,Actual Load,2026-07-14T14:11:01Z
2026-07-14T14:09:01Z,2026-07-14T16:09:01+0200,fe0b5391-87e1-42cc-91a2-4b5686b81b2f,2026-07-08T16:30:00Z,2026-07-08T18:30:00+0200,58495.69074,MW,DE,DE_LU,actual_load,Actual Load,2026-07-14T14:11:01Z
2026-07-14T14:09:01Z,2026-07-14T16:09:01+0200,fe0b5391-87e1-42cc-91a2-4b5686b81b2f,2026-07-08T16:45:00Z,2026-07-08T18:45:00+0200,58933.60311,MW,DE,DE_LU,actual_load,Actual Load,2026-07-14T14:11:01Z
2026-07-14T14:09:01Z,2026-07-14T16:09:01+0200,fe0b5391-87e1-42cc-91a2-4b5686b81b2f,2026-07-08T17:00:00Z,2026-07-08T19:00:00+0200,59196.26834,MW,DE,DE_LU,actual_load,Actual Load,2026-07-14T14:11:01Z
2026-07-14T14:09:01Z,2026-07-14T16:09:01+0200,fe0b5391-87e1-42cc-91a2-4b5686b81b2f,2026-07-08T17:15:00Z,2026-07-08T19:15:00+0200,57842.02279,MW,DE,DE_LU,actual_load,Actual Load,2026-07-14T14:11:01Z
2026-07-14T14:09:01Z,2026-07-14T16:09:01+0200,fe0b5391-87e1-42cc-91a2-4b5686b81b2f,2026-07-08T17:30:00Z,2026-07-08T19:30:00+0200,58028.93789,MW,DE,DE_LU,actual_load,Actual Load,2026-07-14T14:11:01Z
2026-07-14T14:09:01Z,2026-07-14T16:09:01+0200,fe0b5391-87e1-42cc-91a2-4b5686b81b2f,2026-07-08T17:45:00Z,2026-07-08T19:45:00+0200,58318.74642,MW,DE,DE_LU,actual_load,Actual Load,2026-07-14T14:11:01Z
2026-07-14T14:09:01Z,2026-07-14T16:09:01+0200,fe0b5391-87e1-42cc-91a2-4b5686b81b2f,2026-07-08T18:00:00Z,2026-07-08T20:00:00+0200,57301.60676,MW,DE,DE_LU,actual_load,Actual Load,2026-07-14T14:11:01Z
2026-07-14T14:09:01Z,2026-07-14T16:09:01+0200,fe0b5391-87e1-42cc-91a2-4b5686b81b2f,2026-07-08T18:15:00Z,2026-07-08T20:15:00+0200,56138.49152,MW,DE,DE_LU,actual_load,Actual Load,2026-07-14T14:11:01Z
2026-07-14T14:09:01Z,2026-07-14T16:09:01+0200,fe0b5391-87e1-42cc-91a2-4b5686b81b2f,2026-07-08T18:30:00Z,2026-07-08T20:30:00+0200,55333.1394,MW,DE,DE_LU,actual_load,Actual Load,2026-07-14T14:11:01Z
2026-07-14T14:09:01Z,2026-07-14T16:09:01+0200,fe0b5391-87e1-42cc-91a2-4b5686b81b2f,2026-07-08T18:45:00Z,2026-07-08T20:45:00+0200,54487.28944,MW,DE,DE_LU,actual_load,Actual Load,2026-07-14T14:11:01Z
2026-07-14T14:09:01Z,2026-07-14T16:09:01+0200,fe0b5391-87e1-42cc-91a2-4b5686b81b2f,2026-07-08T19:00:00Z,2026-07-08T21:00:00+0200,54144.9083,MW,DE,DE_LU,actual_load,Actual Load,2026-07-14T14:11:01Z
2026-07-14T14:09:01Z,2026-07-14T16:09:01+0200,fe0b5391-87e1-42cc-91a2-4b5686b81b2f,2026-07-08T19:15:00Z,2026-07-08T21:15:00+0200,53559.57861,MW,DE,DE_LU,actual_load,Actual Load,2026-07-14T14:11:01Z
2026-07-14T14:09:01Z,2026-07-14T16:09:01+0200,fe0b5391-87e1-42cc-91a2-4b5686b81b2f,2026-07-08T19:30:00Z,2026-07-08T21:30:00+0200,53063.58826,MW,DE,DE_LU,actual_load,Actual Load,2026-07-14T14:11:01Z
2026-07-14T14:09:01Z,2026-07-14T16:09:01+0200,fe0b5391-87e1-42cc-91a2-4b5686b81b2f,2026-07-08T19:45:00Z,2026-07-08T21:45:00+0200,53133.34867,MW,DE,DE_LU,actual_load,Actual Load,2026-07-14T14:11:01Z
2026-07-14T14:09:01Z,2026-07-14T16:09:01+0200,fe0b5391-87e1-42cc-91a2-4b5686b81b2f,2026-07-08T20:00:00Z,2026-07-08T22:00:00+0200,53289.02344,MW,DE,DE_LU,actual_load,Actual Load,2026-07-14T14:11:01Z
2026-07-14T14:09:01Z,2026-07-14T16:09:01+0200,fe0b5391-87e1-42cc-91a2-4b5686b81b2f,2026-07-08T20:15:00Z,2026-07-08T22:15:00+0200,52989.87209,MW,DE,DE_LU,actual_load,Actual Load,2026-07-14T14:11:01Z
2026-07-14T14:09:01Z,2026-07-14T16:09:01+0200,fe0b5391-87e1-42cc-91a2-4b5686b81b2f,2026-07-08T20:30:00Z,2026-07-08T22:30:00+0200,52684.76417,MW,DE,DE_LU,actual_load,Actual Load,2026-07-14T14:11:01Z
2026-07-14T14:09:01Z,2026-07-14T16:09:01+0200,fe0b5391-87e1-42cc-91a2-4b5686b81b2f,2026-07-08T20:45:00Z,2026-07-08T22:45:00+0200,51860.0097,MW,DE,DE_LU,actual_load,Actual Load,2026-07-14T14:11:01Z
2026-07-14T14:09:01Z,2026-07-14T16:09:01+0200,fe0b5391-87e1-42cc-91a2-4b5686b81b2f,2026-07-08T21:00:00Z,2026-07-08T23:00:00+0200,51035.38069,MW,DE,DE_LU,actual_load,Actual Load,2026-07-14T14:11:01Z
2026-07-14T14:09:01Z,2026-07-14T16:09:01+0200,fe0b5391-87e1-42cc-91a2-4b5686b81b2f,2026-07-08T21:15:00Z,2026-07-08T23:15:00+0200,50541.55743,MW,DE,DE_LU,actual_load,Actual Load,2026-07-14T14:11:01Z
2026-07-14T14:09:01Z,2026-07-14T16:09:01+0200,fe0b5391-87e1-42cc-91a2-4b5686b81b2f,2026-07-08T21:30:00Z,2026-07-08T23:30:00+0200,49610.06164,MW,DE,DE_LU,actual_load,Actual Load,2026-07-14T14:11:01Z
2026-07-14T14:09:01Z,2026-07-14T16:09:01+0200,fe0b5391-87e1-42cc-91a2-4b5686b81b2f,2026-07-08T21:45:00Z,2026-07-08T23:45:00+0200,48886.41381,MW,DE,DE_LU,actual_load,Actual Load,2026-07-14T14:11:01Z
2026-07-14T14:09:01Z,2026-07-14T16:09:01+0200,fe0b5391-87e1-42cc-91a2-4b5686b81b2f,2026-07-08T22:00:00Z,2026-07-09T00:00:00+0200,48020.16957,MW,DE,DE_LU,actual_load,Actual Load,2026-07-14T14:11:01Z
2026-07-14T14:09:01Z,2026-07-14T16:09:01+0200,fe0b5391-87e1-42cc-91a2-4b5686b81b2f,2026-07-08T22:15:00Z,2026-07-09T00:15:00+0200,47570.90158,MW,DE,DE_LU,actual_load,Actual Load,2026-07-14T14:11:01Z
2026-07-14T14:09:01Z,2026-07-14T16:09:01+0200,fe0b5391-87e1-42cc-91a2-4b5686b81b2f,2026-07-08T22:30:00Z,2026-07-09T00:30:00+0200,46988.80674,MW,DE,DE_LU,actual_load,Actual Load,2026-07-14T14:11:01Z
2026-07-14T14:09:01Z,2026-07-14T16:09:01+0200,fe0b5391-87e1-42cc-91a2-4b5686b81b2f,2026-07-08T22:45:00Z,2026-07-09T00:45:00+0200,46822.94948,MW,DE,DE_LU,actual_load,Actual Load,2026-07-14T14:11:01Z
2026-07-14T14:09:01Z,2026-07-14T16:09:01+0200,fe0b5391-87e1-42cc-91a2-4b5686b81b2f,2026-07-08T23:00:00Z,2026-07-09T01:00:00+0200,45789.74131,MW,DE,DE_LU,actual_load,Actual Load,2026-07-14T14:11:01Z
2026-07-14T14:09:01Z,2026-07-14T16:09:01+0200,fe0b5391-87e1-42cc-91a2-4b5686b81b2f,2026-07-08T23:15:00Z,2026-07-09T01:15:00+0200,45803.38614,MW,DE,DE_LU,actual_load,Actual Load,2026-07-14T14:11:01Z
2026-07-14T14:09:01Z,2026-07-14T16:09:01+0200,fe0b5391-87e1-42cc-91a2-4b5686b81b2f,2026-07-08T23:30:00Z,2026-07-09T01:30:00+0200,45466.38487,MW,DE,DE_LU,actual_load,Actual Load,2026-07-14T14:11:01Z
2026-07-14T14:09:01Z,2026-07-14T16:09:01+0200,fe0b5391-87e1-42cc-91a2-4b5686b81b2f,2026-07-08T23:45:00Z,2026-07-09T01:45:00+0200,45232.53287,MW,DE,DE_LU,actual_load,Actual Load,2026-07-14T14:11:01Z
2026-07-14T14:09:01Z,2026-07-14T16:09:01+0200,fe0b5391-87e1-42cc-91a2-4b5686b81b2f,2026-07-09T00:00:00Z,2026-07-09T02:00:00+0200,45062.91065,MW,DE,DE_LU,actual_load,Actual Load,2026-07-14T14:11:01Z
2026-07-14T14:09:01Z,2026-07-14T16:09:01+0200,fe0b5391-87e1-42cc-91a2-4b5686b81b2f,2026-07-09T00:15:00Z,2026-07-09T02:15:00+0200,44765.86637,MW,DE,DE_LU,actual_load,Actual Load,2026-07-14T14:11:01Z
2026-07-14T14:09:01Z,2026-07-14T16:09:01+0200,fe0b5391-87e1-42cc-91a2-4b5686b81b2f,2026-07-09T00:30:00Z,2026-07-09T02:30:00+0200,44479.70651,MW,DE,DE_LU,actual_load,Actual Load,2026-07-14T14:11:01Z
2026-07-14T14:09:01Z,2026-07-14T16:09:01+0200,fe0b5391-87e1-42cc-91a2-4b5686b81b2f,2026-07-09T00:45:00Z,2026-07-09T02:45:00+0200,44617.73536,MW,DE,DE_LU,actual_load,Actual Load,2026-07-14T14:11:01Z
2026-07-14T14:09:01Z,2026-07-14T16:09:01+0200,fe0b5391-87e1-42cc-91a2-4b5686b81b2f,2026-07-09T01:00:00Z,2026-07-09T03:00:00+0200,44983.30005,MW,DE,DE_LU,actual_load,Actual Load,2026-07-14T14:11:01Z
2026-07-14T14:09:01Z,2026-07-14T16:09:01+0200,fe0b5391-87e1-42cc-91a2-4b5686b81b2f,2026-07-09T01:15:00Z,2026-07-09T03:15:00+0200,45270.58834,MW,DE,DE_LU,actual_load,Actual Load,2026-07-14T14:11:01Z
2026-07-14T14:09:01Z,2026-07-14T16:09:01+0200,fe0b5391-87e1-42cc-91a2-4b5686b81b2f,2026-07-09T01:30:00Z,2026-07-09T03:30:00+0200,45528.89108,MW,DE,DE_LU,actual_load,Actual Load,2026-07-14T14:11:01Z
2026-07-14T14:09:01Z,2026-07-14T16:09:01+0200,fe0b5391-87e1-42cc-91a2-4b5686b81b2f,2026-07-09T01:45:00Z,2026-07-09T03:45:00+0200,45261.23971,MW,DE,DE_LU,actual_load,Actual Load,2026-07-14T14:11:01Z
2026-07-14T14:09:01Z,2026-07-14T16:09:01+0200,fe0b5391-87e1-42cc-91a2-4b5686b81b2f,2026-07-09T02:00:00Z,2026-07-09T04:00:00+0200,45788.06344,MW,DE,DE_LU,actual_load,Actual Load,2026-07-14T14:11:01Z
2026-07-14T14:09:01Z,2026-07-14T16:09:01+0200,fe0b5391-87e1-42cc-91a2-4b5686b81b2f,2026-07-09T02:15:00Z,2026-07-09T04:15:00+0200,45513.93686,MW,DE,DE_LU,actual_load,Actual Load,2026-07-14T14:11:01Z
2026-07-14T14:09:01Z,2026-07-14T16:09:01+0200,fe0b5391-87e1-42cc-91a2-4b5686b81b2f,2026-07-09T02:30:00Z,2026-07-09T04:30:00+0200,45442.15284,MW,DE,DE_LU,actual_load,Actual Load,2026-07-14T14:11:01Z
2026-07-14T14:09:01Z,2026-07-14T16:09:01+0200,fe0b5391-87e1-42cc-91a2-4b5686b81b2f,2026-07-09T02:45:00Z,2026-07-09T04:45:00+0200,45913.28558,MW,DE,DE_LU,actual_load,Actual Load,2026-07-14T14:11:01Z
2026-07-14T14:09:01Z,2026-07-14T16:09:01+0200,fe0b5391-87e1-42cc-91a2-4b5686b81b2f,2026-07-09T03:00:00Z,2026-07-09T05:00:00+0200,46491.48313,MW,DE,DE_LU,actual_load,Actual Load,2026-07-14T14:11:01Z
2026-07-14T14:09:01Z,2026-07-14T16:09:01+0200,fe0b5391-87e1-42cc-91a2-4b5686b81b2f,2026-07-09T03:15:00Z,2026-07-09T05:15:00+0200,47213.90265,MW,DE,DE_LU,actual_load,Actual Load,2026-07-14T14:11:01Z
2026-07-14T14:09:01Z,2026-07-14T16:09:01+0200,fe0b5391-87e1-42cc-91a2-4b5686b81b2f,2026-07-09T03:30:00Z,2026-07-09T05:30:00+0200,48106.68485,MW,DE,DE_LU,actual_load,Actual Load,2026-07-14T14:11:01Z
2026-07-14T14:09:01Z,2026-07-14T16:09:01+0200,fe0b5391-87e1-42cc-91a2-4b5686b81b2f,2026-07-09T03:45:00Z,2026-07-09T05:45:00+0200,49631.23865,MW,DE,DE_LU,actual_load,Actual Load,2026-07-14T14:11:01Z
2026-07-14T14:09:01Z,2026-07-14T16:09:01+0200,fe0b5391-87e1-42cc-91a2-4b5686b81b2f,2026-07-09T04:00:00Z,2026-07-09T06:00:00+0200,51823.67134,MW,DE,DE_LU,actual_load,Actual Load,2026-07-14T14:11:01Z
2026-07-14T14:09:01Z,2026-07-14T16:09:01+0200,fe0b5391-87e1-42cc-91a2-4b5686b81b2f,2026-07-09T04:15:00Z,2026-07-09T06:15:00+0200,52911.31478,MW,DE,DE_LU,actual_load,Actual Load,2026-07-14T14:11:01Z
2026-07-14T14:09:01Z,2026-07-14T16:09:01+0200,fe0b5391-87e1-42cc-91a2-4b5686b81b2f,2026-07-09T04:30:00Z,2026-07-09T06:30:00+0200,54814.89113,MW,DE,DE_LU,actual_load,Actual Load,2026-07-14T14:11:01Z
2026-07-14T14:09:01Z,2026-07-14T16:09:01+0200,fe0b5391-87e1-42cc-91a2-4b5686b81b2f,2026-07-09T04:45:00Z,2026-07-09T06:45:00+0200,56025.08221,MW,DE,DE_LU,actual_load,Actual Load,2026-07-14T14:11:01Z
2026-07-14T14:09:01Z,2026-07-14T16:09:01+0200,fe0b5391-87e1-42cc-91a2-4b5686b81b2f,2026-07-09T05:00:00Z,2026-07-09T07:00:00+0200,56881.45525,MW,DE,DE_LU,actual_load,Actual Load,2026-07-14T14:11:01Z
2026-07-14T14:09:01Z,2026-07-14T16:09:01+0200,fe0b5391-87e1-42cc-91a2-4b5686b81b2f,2026-07-09T05:15:00Z,2026-07-09T07:15:00+0200,58406.14485,MW,DE,DE_LU,actual_load,Actual Load,2026-07-14T14:11:01Z
2026-07-14T14:09:01Z,2026-07-14T16:09:01+0200,fe0b5391-87e1-42cc-91a2-4b5686b81b2f,2026-07-09T05:30:00Z,2026-07-09T07:30:00+0200,59578.07376,MW,DE,DE_LU,actual_load,Actual Load,2026-07-14T14:11:01Z
2026-07-14T14:09:01Z,2026-07-14T16:09:01+0200,fe0b5391-87e1-42cc-91a2-4b5686b81b2f,2026-07-09T05:45:00Z,2026-07-09T07:45:00+0200,60340.64859,MW,DE,DE_LU,actual_load,Actual Load,2026-07-14T14:11:01Z
2026-07-14T14:09:01Z,2026-07-14T16:09:01+0200,fe0b5391-87e1-42cc-91a2-4b5686b81b2f,2026-07-09T06:00:00Z,2026-07-09T08:00:00+0200,60517.55072,MW,DE,DE_LU,actual_load,Actual Load,2026-07-14T14:11:01Z
2026-07-14T14:09:01Z,2026-07-14T16:09:01+0200,fe0b5391-87e1-42cc-91a2-4b5686b81b2f,2026-07-09T06:15:00Z,2026-07-09T08:15:00+0200,61539.28974,MW,DE,DE_LU,actual_load,Actual Load,2026-07-14T14:11:01Z
2026-07-14T14:09:01Z,2026-07-14T16:09:01+0200,fe0b5391-87e1-42cc-91a2-4b5686b81b2f,2026-07-09T06:30:00Z,2026-07-09T08:30:00+0200,62380.037,MW,DE,DE_LU,actual_load,Actual Load,2026-07-14T14:11:01Z
2026-07-14T14:09:01Z,2026-07-14T16:09:01+0200,fe0b5391-87e1-42cc-91a2-4b5686b81b2f,2026-07-09T06:45:00Z,2026-07-09T08:45:00+0200,62437.24026,MW,DE,DE_LU,actual_load,Actual Load,2026-07-14T14:11:01Z
2026-07-14T14:09:01Z,2026-07-14T16:09:01+0200,fe0b5391-87e1-42cc-91a2-4b5686b81b2f,2026-07-09T07:00:00Z,2026-07-09T09:00:00+0200,61973.89142,MW,DE,DE_LU,actual_load,Actual Load,2026-07-14T14:11:01Z
2026-07-14T14:09:01Z,2026-07-14T16:09:01+0200,fe0b5391-87e1-42cc-91a2-4b5686b81b2f,2026-07-09T07:15:00Z,2026-07-09T09:15:00+0200,61841.29829,MW,DE,DE_LU,actual_load,Actual Load,2026-07-14T14:11:01Z
2026-07-14T14:09:01Z,2026-07-14T16:09:01+0200,fe0b5391-87e1-42cc-91a2-4b5686b81b2f,2026-07-09T07:30:00Z,2026-07-09T09:30:00+0200,61663.33436,MW,DE,DE_LU,actual_load,Actual Load,2026-07-14T14:11:01Z
2026-07-14T14:09:01Z,2026-07-14T16:09:01+0200,fe0b5391-87e1-42cc-91a2-4b5686b81b2f,2026-07-09T07:45:00Z,2026-07-09T09:45:00+0200,61418.02697,MW,DE,DE_LU,actual_load,Actual Load,2026-07-14T14:11:01Z
2026-07-14T14:09:01Z,2026-07-14T16:09:01+0200,fe0b5391-87e1-42cc-91a2-4b5686b81b2f,2026-07-09T08:00:00Z,2026-07-09T10:00:00+0200,61991.93523,MW,DE,DE_LU,actual_load,Actual Load,2026-07-14T14:11:01Z
2026-07-14T14:09:01Z,2026-07-14T16:09:01+0200,fe0b5391-87e1-42cc-91a2-4b5686b81b2f,2026-07-09T08:15:00Z,2026-07-09T10:15:00+0200,62267.8897,MW,DE,DE_LU,actual_load,Actual Load,2026-07-14T14:11:01Z
2026-07-14T14:09:01Z,2026-07-14T16:09:01+0200,fe0b5391-87e1-42cc-91a2-4b5686b81b2f,2026-07-09T08:30:00Z,2026-07-09T10:30:00+0200,62082.4952,MW,DE,DE_LU,actual_load,Actual Load,2026-07-14T14:11:01Z
2026-07-14T14:09:01Z,2026-07-14T16:09:01+0200,fe0b5391-87e1-42cc-91a2-4b5686b81b2f,2026-07-09T08:45:00Z,2026-07-09T10:45:00+0200,62033.19263,MW,DE,DE_LU,actual_load,Actual Load,2026-07-14T14:11:01Z
2026-07-14T14:09:01Z,2026-07-14T16:09:01+0200,fe0b5391-87e1-42cc-91a2-4b5686b81b2f,2026-07-09T09:00:00Z,2026-07-09T11:00:00+0200,61767.36794,MW,DE,DE_LU,actual_load,Actual Load,2026-07-14T14:11:01Z
2026-07-14T14:09:01Z,2026-07-14T16:09:01+0200,fe0b5391-87e1-42cc-91a2-4b5686b81b2f,2026-07-09T09:15:00Z,2026-07-09T11:15:00+0200,61799.19938,MW,DE,DE_LU,actual_load,Actual Load,2026-07-14T14:11:01Z
2026-07-14T14:09:01Z,2026-07-14T16:09:01+0200,fe0b5391-87e1-42cc-91a2-4b5686b81b2f,2026-07-09T09:30:00Z,2026-07-09T11:30:00+0200,61725.69164,MW,DE,DE_LU,actual_load,Actual Load,2026-07-14T14:11:01Z
2026-07-14T14:09:01Z,2026-07-14T16:09:01+0200,fe0b5391-87e1-42cc-91a2-4b5686b81b2f,2026-07-09T09:45:00Z,2026-07-09T11:45:00+0200,61558.99907,MW,DE,DE_LU,actual_load,Actual Load,2026-07-14T14:11:01Z
2026-07-14T14:09:01Z,2026-07-14T16:09:01+0200,fe0b5391-87e1-42cc-91a2-4b5686b81b2f,2026-07-09T10:00:00Z,2026-07-09T12:00:00+0200,60660.24305,MW,DE,DE_LU,actual_load,Actual Load,2026-07-14T14:11:01Z
2026-07-14T14:09:01Z,2026-07-14T16:09:01+0200,fe0b5391-87e1-42cc-91a2-4b5686b81b2f,2026-07-09T10:15:00Z,2026-07-09T12:15:00+0200,60270.34341,MW,DE,DE_LU,actual_load,Actual Load,2026-07-14T14:11:01Z
2026-07-14T14:09:01Z,2026-07-14T16:09:01+0200,fe0b5391-87e1-42cc-91a2-4b5686b81b2f,2026-07-09T10:30:00Z,2026-07-09T12:30:00+0200,59901.38512,MW,DE,DE_LU,actual_load,Actual Load,2026-07-14T14:11:01Z
2026-07-14T14:09:01Z,2026-07-14T16:09:01+0200,fe0b5391-87e1-42cc-91a2-4b5686b81b2f,2026-07-09T10:45:00Z,2026-07-09T12:45:00+0200,60038.00265,MW,DE,DE_LU,actual_load,Actual Load,2026-07-14T14:11:01Z
2026-07-14T14:09:01Z,2026-07-14T16:09:01+0200,fe0b5391-87e1-42cc-91a2-4b5686b81b2f,2026-07-09T11:00:00Z,2026-07-09T13:00:00+0200,60470.37596,MW,DE,DE_LU,actual_load,Actual Load,2026-07-14T14:11:01Z
2026-07-14T14:09:01Z,2026-07-14T16:09:01+0200,fe0b5391-87e1-42cc-91a2-4b5686b81b2f,2026-07-09T11:15:00Z,2026-07-09T13:15:00+0200,59662.09446,MW,DE,DE_LU,actual_load,Actual Load,2026-07-14T14:11:01Z
2026-07-14T14:09:01Z,2026-07-14T16:09:01+0200,fe0b5391-87e1-42cc-91a2-4b5686b81b2f,2026-07-09T11:30:00Z,2026-07-09T13:30:00+0200,59070.59393,MW,DE,DE_LU,actual_load,Actual Load,2026-07-14T14:11:01Z
2026-07-14T14:09:01Z,2026-07-14T16:09:01+0200,fe0b5391-87e1-42cc-91a2-4b5686b81b2f,2026-07-09T11:45:00Z,2026-07-09T13:45:00+0200,58660.68054,MW,DE,DE_LU,actual_load,Actual Load,2026-07-14T14:11:01Z
2026-07-14T14:09:01Z,2026-07-14T16:09:01+0200,fe0b5391-87e1-42cc-91a2-4b5686b81b2f,2026-07-09T12:00:00Z,2026-07-09T14:00:00+0200,58039.86928,MW,DE,DE_LU,actual_load,Actual Load,2026-07-14T14:11:01Z
2026-07-14T14:09:01Z,2026-07-14T16:09:01+0200,fe0b5391-87e1-42cc-91a2-4b5686b81b2f,2026-07-09T12:15:00Z,2026-07-09T14:15:00+0200,57855.98072,MW,DE,DE_LU,actual_load,Actual Load,2026-07-14T14:11:01Z
2026-07-14T14:09:01Z,2026-07-14T16:09:01+0200,fe0b5391-87e1-42cc-91a2-4b5686b81b2f,2026-07-09T12:30:00Z,2026-07-09T14:30:00+0200,57329.88659,MW,DE,DE_LU,actual_load,Actual Load,2026-07-14T14:11:01Z
2026-07-14T14:09:01Z,2026-07-14T16:09:01+0200,fe0b5391-87e1-42cc-91a2-4b5686b81b2f,2026-07-09T12:45:00Z,2026-07-09T14:45:00+0200,56991.8531,MW,DE,DE_LU,actual_load,Actual Load,2026-07-14T14:11:01Z
2026-07-14T14:09:01Z,2026-07-14T16:09:01+0200,fe0b5391-87e1-42cc-91a2-4b5686b81b2f,2026-07-09T13:00:00Z,2026-07-09T15:00:00+0200,56848.88802,MW,DE,DE_LU,actual_load,Actual Load,2026-07-14T14:11:01Z
2026-07-14T14:09:01Z,2026-07-14T16:09:01+0200,fe0b5391-87e1-42cc-91a2-4b5686b81b2f,2026-07-09T13:15:00Z,2026-07-09T15:15:00+0200,56083.80408,MW,DE,DE_LU,actual_load,Actual Load,2026-07-14T14:11:01Z
2026-07-14T14:09:01Z,2026-07-14T16:09:01+0200,fe0b5391-87e1-42cc-91a2-4b5686b81b2f,2026-07-09T13:30:00Z,2026-07-09T15:30:00+0200,55265.16654,MW,DE,DE_LU,actual_load,Actual Load,2026-07-14T14:11:01Z
2026-07-14T14:09:01Z,2026-07-14T16:09:01+0200,fe0b5391-87e1-42cc-91a2-4b5686b81b2f,2026-07-09T13:45:00Z,2026-07-09T15:45:00+0200,55023.22527,MW,DE,DE_LU,actual_load,Actual Load,2026-07-14T14:11:01Z
2026-07-14T14:09:01Z,2026-07-14T16:09:01+0200,fe0b5391-87e1-42cc-91a2-4b5686b81b2f,2026-07-09T14:00:00Z,2026-07-09T16:00:00+0200,55123.48527,MW,DE,DE_LU,actual_load,Actual Load,2026-07-14T14:11:01Z
2026-07-14T14:09:01Z,2026-07-14T16:09:01+0200,fe0b5391-87e1-42cc-91a2-4b5686b81b2f,2026-07-09T14:15:00Z,2026-07-09T16:15:00+0200,54881.96001,MW,DE,DE_LU,actual_load,Actual Load,2026-07-14T14:11:01Z
2026-07-14T14:09:01Z,2026-07-14T16:09:01+0200,fe0b5391-87e1-42cc-91a2-4b5686b81b2f,2026-07-09T14:30:00Z,2026-07-09T16:30:00+0200,54818.95764,MW,DE,DE_LU,actual_load,Actual Load,2026-07-14T14:11:01Z
2026-07-14T14:09:01Z,2026-07-14T16:09:01+0200,fe0b5391-87e1-42cc-91a2-4b5686b81b2f,2026-07-09T14:45:00Z,2026-07-09T16:45:00+0200,54631.93713,MW,DE,DE_LU,actual_load,Actual Load,2026-07-14T14:11:01Z
2026-07-14T14:09:01Z,2026-07-14T16:09:01+0200,fe0b5391-87e1-42cc-91a2-4b5686b81b2f,2026-07-09T15:00:00Z,2026-07-09T17:00:00+0200,55562.56204,MW,DE,DE_LU,actual_load,Actual Load,2026-07-14T14:11:01Z
2026-07-14T14:09:01Z,2026-07-14T16:09:01+0200,fe0b5391-87e1-42cc-91a2-4b5686b81b2f,2026-07-09T15:15:00Z,2026-07-09T17:15:00+0200,55674.86809,MW,DE,DE_LU,actual_load,Actual Load,2026-07-14T14:11:01Z
2026-07-14T14:09:01Z,2026-07-14T16:09:01+0200,fe0b5391-87e1-42cc-91a2-4b5686b81b2f,2026-07-09T15:30:00Z,2026-07-09T17:30:00+0200,56292.36932,MW,DE,DE_LU,actual_load,Actual Load,2026-07-14T14:11:01Z
2026-07-14T14:09:01Z,2026-07-14T16:09:01+0200,fe0b5391-87e1-42cc-91a2-4b5686b81b2f,2026-07-09T15:45:00Z,2026-07-09T17:45:00+0200,56749.78114,MW,DE,DE_LU,actual_load,Actual Load,2026-07-14T14:11:01Z
2026-07-14T14:09:01Z,2026-07-14T16:09:01+0200,fe0b5391-87e1-42cc-91a2-4b5686b81b2f,2026-07-09T16:00:00Z,2026-07-09T18:00:00+0200,57048.56201,MW,DE,DE_LU,actual_load,Actual Load,2026-07-14T14:11:01Z
2026-07-14T14:09:01Z,2026-07-14T16:09:01+0200,fe0b5391-87e1-42cc-91a2-4b5686b81b2f,2026-07-09T16:15:00Z,2026-07-09T18:15:00+0200,57727.77376,MW,DE,DE_LU,actual_load,Actual Load,2026-07-14T14:11:01Z
2026-07-14T14:09:01Z,2026-07-14T16:09:01+0200,fe0b5391-87e1-42cc-91a2-4b5686b81b2f,2026-07-09T16:30:00Z,2026-07-09T18:30:00+0200,57830.95623,MW,DE,DE_LU,actual_load,Actual Load,2026-07-14T14:11:01Z
2026-07-14T14:09:01Z,2026-07-14T16:09:01+0200,fe0b5391-87e1-42cc-91a2-4b5686b81b2f,2026-07-09T16:45:00Z,2026-07-09T18:45:00+0200,58134.03153,MW,DE,DE_LU,actual_load,Actual Load,2026-07-14T14:11:01Z
2026-07-14T14:09:01Z,2026-07-14T16:09:01+0200,fe0b5391-87e1-42cc-91a2-4b5686b81b2f,2026-07-09T17:00:00Z,2026-07-09T19:00:00+0200,58769.70726,MW,DE,DE_LU,actual_load,Actual Load,2026-07-14T14:11:01Z
2026-07-14T14:09:01Z,2026-07-14T16:09:01+0200,fe0b5391-87e1-42cc-91a2-4b5686b81b2f,2026-07-09T17:15:00Z,2026-07-09T19:15:00+0200,57649.63049,MW,DE,DE_LU,actual_load,Actual Load,2026-07-14T14:11:01Z
2026-07-14T14:09:01Z,2026-07-14T16:09:01+0200,fe0b5391-87e1-42cc-91a2-4b5686b81b2f,2026-07-09T17:30:00Z,2026-07-09T19:30:00+0200,57777.78292,MW,DE,DE_LU,actual_load,Actual Load,2026-07-14T14:11:01Z
2026-07-14T14:09:01Z,2026-07-14T16:09:01+0200,fe0b5391-87e1-42cc-91a2-4b5686b81b2f,2026-07-09T17:45:00Z,2026-07-09T19:45:00+0200,57395.13058,MW,DE,DE_LU,actual_load,Actual Load,2026-07-14T14:11:01Z
2026-07-14T14:09:01Z,2026-07-14T16:09:01+0200,fe0b5391-87e1-42cc-91a2-4b5686b81b2f,2026-07-09T18:00:00Z,2026-07-09T20:00:00+0200,57657.38326,MW,DE,DE_LU,actual_load,Actual Load,2026-07-14T14:11:01Z
2026-07-14T14:09:01Z,2026-07-14T16:09:01+0200,fe0b5391-87e1-42cc-91a2-4b5686b81b2f,2026-07-09T18:15:00Z,2026-07-09T20:15:00+0200,57519.98414,MW,DE,DE_LU,actual_load,Actual Load,2026-07-14T14:11:01Z
2026-07-14T14:09:01Z,2026-07-14T16:09:01+0200,fe0b5391-87e1-42cc-91a2-4b5686b81b2f,2026-07-09T18:30:00Z,2026-07-09T20:30:00+0200,57064.17201,MW,DE,DE_LU,actual_load,Actual Load,2026-07-14T14:11:01Z
2026-07-14T14:09:01Z,2026-07-14T16:09:01+0200,fe0b5391-87e1-42cc-91a2-4b5686b81b2f,2026-07-09T18:45:00Z,2026-07-09T20:45:00+0200,56156.21493,MW,DE,DE_LU,actual_load,Actual Load,2026-07-14T14:11:01Z
2026-07-14T14:09:01Z,2026-07-14T16:09:01+0200,fe0b5391-87e1-42cc-91a2-4b5686b81b2f,2026-07-09T19:00:00Z,2026-07-09T21:00:00+0200,54888.81258,MW,DE,DE_LU,actual_load,Actual Load,2026-07-14T14:11:01Z
2026-07-14T14:09:01Z,2026-07-14T16:09:01+0200,fe0b5391-87e1-42cc-91a2-4b5686b81b2f,2026-07-09T19:15:00Z,2026-07-09T21:15:00+0200,54573.40504,MW,DE,DE_LU,actual_load,Actual Load,2026-07-14T14:11:01Z
2026-07-14T14:09:01Z,2026-07-14T16:09:01+0200,fe0b5391-87e1-42cc-91a2-4b5686b81b2f,2026-07-09T19:30:00Z,2026-07-09T21:30:00+0200,54322.92738,MW,DE,DE_LU,actual_load,Actual Load,2026-07-14T14:11:01Z
2026-07-14T14:09:01Z,2026-07-14T16:09:01+0200,fe0b5391-87e1-42cc-91a2-4b5686b81b2f,2026-07-09T19:45:00Z,2026-07-09T21:45:00+0200,54213.12053,MW,DE,DE_LU,actual_load,Actual Load,2026-07-14T14:11:01Z
2026-07-14T14:09:01Z,2026-07-14T16:09:01+0200,fe0b5391-87e1-42cc-91a2-4b5686b81b2f,2026-07-09T20:00:00Z,2026-07-09T22:00:00+0200,52802.18701,MW,DE,DE_LU,actual_load,Actual Load,2026-07-14T14:11:01Z
2026-07-14T14:09:01Z,2026-07-14T16:09:01+0200,fe0b5391-87e1-42cc-91a2-4b5686b81b2f,2026-07-09T20:15:00Z,2026-07-09T22:15:00+0200,52250.2539,MW,DE,DE_LU,actual_load,Actual Load,2026-07-14T14:11:01Z
2026-07-14T14:09:01Z,2026-07-14T16:09:01+0200,fe0b5391-87e1-42cc-91a2-4b5686b81b2f,2026-07-09T20:30:00Z,2026-07-09T22:30:00+0200,51475.85977,MW,DE,DE_LU,actual_load,Actual Load,2026-07-14T14:11:01Z
2026-07-14T14:09:01Z,2026-07-14T16:09:01+0200,fe0b5391-87e1-42cc-91a2-4b5686b81b2f,2026-07-09T20:45:00Z,2026-07-09T22:45:00+0200,51359.07036,MW,DE,DE_LU,actual_load,Actual Load,2026-07-14T14:11:01Z
2026-07-14T14:09:01Z,2026-07-14T16:09:01+0200,fe0b5391-87e1-42cc-91a2-4b5686b81b2f,2026-07-09T21:00:00Z,2026-07-09T23:00:00+0200,50161.44033,MW,DE,DE_LU,actual_load,Actual Load,2026-07-14T14:11:01Z
2026-07-14T14:09:01Z,2026-07-14T16:09:01+0200,fe0b5391-87e1-42cc-91a2-4b5686b81b2f,2026-07-09T21:15:00Z,2026-07-09T23:15:00+0200,49261.40567,MW,DE,DE_LU,actual_load,Actual Load,2026-07-14T14:11:01Z
2026-07-14T14:09:01Z,2026-07-14T16:09:01+0200,fe0b5391-87e1-42cc-91a2-4b5686b81b2f,2026-07-09T21:30:00Z,2026-07-09T23:30:00+0200,48739.60788,MW,DE,DE_LU,actual_load,Actual Load,2026-07-14T14:11:01Z
2026-07-14T14:09:01Z,2026-07-14T16:09:01+0200,fe0b5391-87e1-42cc-91a2-4b5686b81b2f,2026-07-09T21:45:00Z,2026-07-09T23:45:00+0200,48430.26628,MW,DE,DE_LU,actual_load,Actual Load,2026-07-14T14:11:01Z
2026-07-14T14:09:01Z,2026-07-14T16:09:01+0200,fe0b5391-87e1-42cc-91a2-4b5686b81b2f,2026-07-09T22:00:00Z,2026-07-10T00:00:00+0200,47448.30551,MW,DE,DE_LU,actual_load,Actual Load,2026-07-14T14:11:01Z
2026-07-14T14:09:01Z,2026-07-14T16:09:01+0200,fe0b5391-87e1-42cc-91a2-4b5686b81b2f,2026-07-09T22:15:00Z,2026-07-10T00:15:00+0200,47515.50061,MW,DE,DE_LU,actual_load,Actual Load,2026-07-14T14:11:01Z
2026-07-14T14:09:01Z,2026-07-14T16:09:01+0200,fe0b5391-87e1-42cc-91a2-4b5686b81b2f,2026-07-09T22:30:00Z,2026-07-10T00:30:00+0200,46664.69954,MW,DE,DE_LU,actual_load,Actual Load,2026-07-14T14:11:01Z
2026-07-14T14:09:01Z,2026-07-14T16:09:01+0200,fe0b5391-87e1-42cc-91a2-4b5686b81b2f,2026-07-09T22:45:00Z,2026-07-10T00:45:00+0200,46320.93876,MW,DE,DE_LU,actual_load,Actual Load,2026-07-14T14:11:01Z
2026-07-14T14:09:01Z,2026-07-14T16:09:01+0200,fe0b5391-87e1-42cc-91a2-4b5686b81b2f,2026-07-09T23:00:00Z,2026-07-10T01:00:00+0200,45737.5234,MW,DE,DE_LU,actual_load,Actual Load,2026-07-14T14:11:01Z
2026-07-14T14:09:01Z,2026-07-14T16:09:01+0200,fe0b5391-87e1-42cc-91a2-4b5686b81b2f,2026-07-09T23:15:00Z,2026-07-10T01:15:00+0200,45478.70913,MW,DE,DE_LU,actual_load,Actual Load,2026-07-14T14:11:01Z
2026-07-14T14:09:01Z,2026-07-14T16:09:01+0200,fe0b5391-87e1-42cc-91a2-4b5686b81b2f,2026-07-09T23:30:00Z,2026-07-10T01:30:00+0200,45693.20475,MW,DE,DE_LU,actual_load,Actual Load,2026-07-14T14:11:01Z
2026-07-14T14:09:01Z,2026-07-14T16:09:01+0200,fe0b5391-87e1-42cc-91a2-4b5686b81b2f,2026-07-09T23:45:00Z,2026-07-10T01:45:00+0200,44960.54601,MW,DE,DE_LU,actual_load,Actual Load,2026-07-14T14:11:01Z
2026-07-14T14:09:01Z,2026-07-14T16:09:01+0200,fe0b5391-87e1-42cc-91a2-4b5686b81b2f,2026-07-10T00:00:00Z,2026-07-10T02:00:00+0200,44875.98697,MW,DE,DE_LU,actual_load,Actual Load,2026-07-14T14:11:01Z
2026-07-14T14:09:01Z,2026-07-14T16:09:01+0200,fe0b5391-87e1-42cc-91a2-4b5686b81b2f,2026-07-10T00:15:00Z,2026-07-10T02:15:00+0200,44996.74945,MW,DE,DE_LU,actual_load,Actual Load,2026-07-14T14:11:01Z
2026-07-14T14:09:01Z,2026-07-14T16:09:01+0200,fe0b5391-87e1-42cc-91a2-4b5686b81b2f,2026-07-10T00:30:00Z,2026-07-10T02:30:00+0200,44998.36542,MW,DE,DE_LU,actual_load,Actual Load,2026-07-14T14:11:01Z
2026-07-14T14:09:01Z,2026-07-14T16:09:01+0200,fe0b5391-87e1-42cc-91a2-4b5686b81b2f,2026-07-10T00:45:00Z,2026-07-10T02:45:00+0200,44936.10979,MW,DE,DE_LU,actual_load,Actual Load,2026-07-14T14:11:01Z
2026-07-14T14:09:01Z,2026-07-14T16:09:01+0200,fe0b5391-87e1-42cc-91a2-4b5686b81b2f,2026-07-10T01:00:00Z,2026-07-10T03:00:00+0200,45238.17336,MW,DE,DE_LU,actual_load,Actual Load,2026-07-14T14:11:01Z
2026-07-14T14:09:01Z,2026-07-14T16:09:01+0200,fe0b5391-87e1-42cc-91a2-4b5686b81b2f,2026-07-10T01:15:00Z,2026-07-10T03:15:00+0200,44829.72967,MW,DE,DE_LU,actual_load,Actual Load,2026-07-14T14:11:01Z
2026-07-14T14:09:01Z,2026-07-14T16:09:01+0200,fe0b5391-87e1-42cc-91a2-4b5686b81b2f,2026-07-10T01:30:00Z,2026-07-10T03:30:00+0200,44569.8871,MW,DE,DE_LU,actual_load,Actual Load,2026-07-14T14:11:01Z
2026-07-14T14:09:01Z,2026-07-14T16:09:01+0200,fe0b5391-87e1-42cc-91a2-4b5686b81b2f,2026-07-10T01:45:00Z,2026-07-10T03:45:00+0200,44380.4752,MW,DE,DE_LU,actual_load,Actual Load,2026-07-14T14:11:01Z
2026-07-14T14:09:01Z,2026-07-14T16:09:01+0200,fe0b5391-87e1-42cc-91a2-4b5686b81b2f,2026-07-10T02:00:00Z,2026-07-10T04:00:00+0200,44737.10286,MW,DE,DE_LU,actual_load,Actual Load,2026-07-14T14:11:01Z
2026-07-14T14:09:01Z,2026-07-14T16:09:01+0200,fe0b5391-87e1-42cc-91a2-4b5686b81b2f,2026-07-10T02:15:00Z,2026-07-10T04:15:00+0200,45014.48855,MW,DE,DE_LU,actual_load,Actual Load,2026-07-14T14:11:01Z
2026-07-14T14:09:01Z,2026-07-14T16:09:01+0200,fe0b5391-87e1-42cc-91a2-4b5686b81b2f,2026-07-10T02:30:00Z,2026-07-10T04:30:00+0200,45744.86668,MW,DE,DE_LU,actual_load,Actual Load,2026-07-14T14:11:01Z
2026-07-14T14:09:01Z,2026-07-14T16:09:01+0200,fe0b5391-87e1-42cc-91a2-4b5686b81b2f,2026-07-10T02:45:00Z,2026-07-10T04:45:00+0200,45585.82791,MW,DE,DE_LU,actual_load,Actual Load,2026-07-14T14:11:01Z
2026-07-14T14:09:01Z,2026-07-14T16:09:01+0200,fe0b5391-87e1-42cc-91a2-4b5686b81b2f,2026-07-10T03:00:00Z,2026-07-10T05:00:00+0200,46224.68977,MW,DE,DE_LU,actual_load,Actual Load,2026-07-14T14:11:01Z
2026-07-14T14:09:01Z,2026-07-14T16:09:01+0200,fe0b5391-87e1-42cc-91a2-4b5686b81b2f,2026-07-10T03:15:00Z,2026-07-10T05:15:00+0200,46488.36708,MW,DE,DE_LU,actual_load,Actual Load,2026-07-14T14:11:01Z
2026-07-14T14:09:01Z,2026-07-14T16:09:01+0200,fe0b5391-87e1-42cc-91a2-4b5686b81b2f,2026-07-10T03:30:00Z,2026-07-10T05:30:00+0200,46989.62519,MW,DE,DE_LU,actual_load,Actual Load,2026-07-14T14:11:01Z
2026-07-14T14:09:01Z,2026-07-14T16:09:01+0200,fe0b5391-87e1-42cc-91a2-4b5686b81b2f,2026-07-10T03:45:00Z,2026-07-10T05:45:00+0200,48829.19087,MW,DE,DE_LU,actual_load,Actual Load,2026-07-14T14:11:01Z
2026-07-14T14:09:01Z,2026-07-14T16:09:01+0200,fe0b5391-87e1-42cc-91a2-4b5686b81b2f,2026-07-10T04:00:00Z,2026-07-10T06:00:00+0200,51460.56313,MW,DE,DE_LU,actual_load,Actual Load,2026-07-14T14:11:01Z
2026-07-14T14:09:01Z,2026-07-14T16:09:01+0200,fe0b5391-87e1-42cc-91a2-4b5686b81b2f,2026-07-10T04:15:00Z,2026-07-10T06:15:00+0200,52902.58084,MW,DE,DE_LU,actual_load,Actual Load,2026-07-14T14:11:01Z
2026-07-14T14:09:01Z,2026-07-14T16:09:01+0200,fe0b5391-87e1-42cc-91a2-4b5686b81b2f,2026-07-10T04:30:00Z,2026-07-10T06:30:00+0200,54330.58797,MW,DE,DE_LU,actual_load,Actual Load,2026-07-14T14:11:01Z
2026-07-14T14:09:01Z,2026-07-14T16:09:01+0200,fe0b5391-87e1-42cc-91a2-4b5686b81b2f,2026-07-10T04:45:00Z,2026-07-10T06:45:00+0200,56088.06737,MW,DE,DE_LU,actual_load,Actual Load,2026-07-14T14:11:01Z
2026-07-14T14:09:01Z,2026-07-14T16:09:01+0200,fe0b5391-87e1-42cc-91a2-4b5686b81b2f,2026-07-10T05:00:00Z,2026-07-10T07:00:00+0200,56243.24169,MW,DE,DE_LU,actual_load,Actual Load,2026-07-14T14:11:01Z
2026-07-14T14:09:01Z,2026-07-14T16:09:01+0200,fe0b5391-87e1-42cc-91a2-4b5686b81b2f,2026-07-10T05:15:00Z,2026-07-10T07:15:00+0200,57822.88739,MW,DE,DE_LU,actual_load,Actual Load,2026-07-14T14:11:01Z
2026-07-14T14:09:01Z,2026-07-14T16:09:01+0200,fe0b5391-87e1-42cc-91a2-4b5686b81b2f,2026-07-10T05:30:00Z,2026-07-10T07:30:00+0200,59073.11615,MW,DE,DE_LU,actual_load,Actual Load,2026-07-14T14:11:01Z
2026-07-14T14:09:01Z,2026-07-14T16:09:01+0200,fe0b5391-87e1-42cc-91a2-4b5686b81b2f,2026-07-10T05:45:00Z,2026-07-10T07:45:00+0200,60002.30221,MW,DE,DE_LU,actual_load,Actual Load,2026-07-14T14:11:01Z
2026-07-14T14:09:01Z,2026-07-14T16:09:01+0200,fe0b5391-87e1-42cc-91a2-4b5686b81b2f,2026-07-10T06:00:00Z,2026-07-10T08:00:00+0200,60213.42829,MW,DE,DE_LU,actual_load,Actual Load,2026-07-14T14:11:01Z
2026-07-14T14:09:01Z,2026-07-14T16:09:01+0200,fe0b5391-87e1-42cc-91a2-4b5686b81b2f,2026-07-10T06:15:00Z,2026-07-10T08:15:00+0200,61110.07107,MW,DE,DE_LU,actual_load,Actual Load,2026-07-14T14:11:01Z
2026-07-14T14:09:01Z,2026-07-14T16:09:01+0200,fe0b5391-87e1-42cc-91a2-4b5686b81b2f,2026-07-10T06:30:00Z,2026-07-10T08:30:00+0200,61448.22089,MW,DE,DE_LU,actual_load,Actual Load,2026-07-14T14:11:01Z
2026-07-14T14:09:01Z,2026-07-14T16:09:01+0200,fe0b5391-87e1-42cc-91a2-4b5686b81b2f,2026-07-10T06:45:00Z,2026-07-10T08:45:00+0200,61754.32974,MW,DE,DE_LU,actual_load,Actual Load,2026-07-14T14:11:01Z
2026-07-14T14:09:01Z,2026-07-14T16:09:01+0200,fe0b5391-87e1-42cc-91a2-4b5686b81b2f,2026-07-10T07:00:00Z,2026-07-10T09:00:00+0200,59709.38589,MW,DE,DE_LU,actual_load,Actual Load,2026-07-14T14:11:01Z
2026-07-14T14:09:01Z,2026-07-14T16:09:01+0200,fe0b5391-87e1-42cc-91a2-4b5686b81b2f,2026-07-10T07:15:00Z,2026-07-10T09:15:00+0200,59726.83611,MW,DE,DE_LU,actual_load,Actual Load,2026-07-14T14:11:01Z
2026-07-14T14:09:01Z,2026-07-14T16:09:01+0200,fe0b5391-87e1-42cc-91a2-4b5686b81b2f,2026-07-10T07:30:00Z,2026-07-10T09:30:00+0200,59743.34903,MW,DE,DE_LU,actual_load,Actual Load,2026-07-14T14:11:01Z
2026-07-14T14:09:01Z,2026-07-14T16:09:01+0200,fe0b5391-87e1-42cc-91a2-4b5686b81b2f,2026-07-10T07:45:00Z,2026-07-10T09:45:00+0200,59802.77684,MW,DE,DE_LU,actual_load,Actual Load,2026-07-14T14:11:01Z
2026-07-14T14:09:01Z,2026-07-14T16:09:01+0200,fe0b5391-87e1-42cc-91a2-4b5686b81b2f,2026-07-10T08:00:00Z,2026-07-10T10:00:00+0200,58633.55364,MW,DE,DE_LU,actual_load,Actual Load,2026-07-14T14:11:01Z
2026-07-14T14:09:01Z,2026-07-14T16:09:01+0200,fe0b5391-87e1-42cc-91a2-4b5686b81b2f,2026-07-10T08:15:00Z,2026-07-10T10:15:00+0200,57938.59843,MW,DE,DE_LU,actual_load,Actual Load,2026-07-14T14:11:01Z
2026-07-14T14:09:01Z,2026-07-14T16:09:01+0200,fe0b5391-87e1-42cc-91a2-4b5686b81b2f,2026-07-10T08:30:00Z,2026-07-10T10:30:00+0200,57960.70851,MW,DE,DE_LU,actual_load,Actual Load,2026-07-14T14:11:01Z
2026-07-14T14:09:01Z,2026-07-14T16:09:01+0200,fe0b5391-87e1-42cc-91a2-4b5686b81b2f,2026-07-10T08:45:00Z,2026-07-10T10:45:00+0200,57446.13586,MW,DE,DE_LU,actual_load,Actual Load,2026-07-14T14:11:01Z
2026-07-14T14:09:01Z,2026-07-14T16:09:01+0200,fe0b5391-87e1-42cc-91a2-4b5686b81b2f,2026-07-10T09:00:00Z,2026-07-10T11:00:00+0200,56613.50967,MW,DE,DE_LU,actual_load,Actual Load,2026-07-14T14:11:01Z
2026-07-14T14:09:01Z,2026-07-14T16:09:01+0200,fe0b5391-87e1-42cc-91a2-4b5686b81b2f,2026-07-10T09:15:00Z,2026-07-10T11:15:00+0200,56593.70998,MW,DE,DE_LU,actual_load,Actual Load,2026-07-14T14:11:01Z
2026-07-14T14:09:01Z,2026-07-14T16:09:01+0200,fe0b5391-87e1-42cc-91a2-4b5686b81b2f,2026-07-10T09:30:00Z,2026-07-10T11:30:00+0200,56840.29241,MW,DE,DE_LU,actual_load,Actual Load,2026-07-14T14:11:01Z
2026-07-14T14:09:01Z,2026-07-14T16:09:01+0200,fe0b5391-87e1-42cc-91a2-4b5686b81b2f,2026-07-10T09:45:00Z,2026-07-10T11:45:00+0200,56526.65208,MW,DE,DE_LU,actual_load,Actual Load,2026-07-14T14:11:01Z
2026-07-14T14:09:01Z,2026-07-14T16:09:01+0200,fe0b5391-87e1-42cc-91a2-4b5686b81b2f,2026-07-10T10:00:00Z,2026-07-10T12:00:00+0200,55304.90942,MW,DE,DE_LU,actual_load,Actual Load,2026-07-14T14:11:01Z
2026-07-14T14:09:01Z,2026-07-14T16:09:01+0200,fe0b5391-87e1-42cc-91a2-4b5686b81b2f,2026-07-10T10:15:00Z,2026-07-10T12:15:00+0200,55570.32345,MW,DE,DE_LU,actual_load,Actual Load,2026-07-14T14:11:01Z
2026-07-14T14:09:01Z,2026-07-14T16:09:01+0200,fe0b5391-87e1-42cc-91a2-4b5686b81b2f,2026-07-10T10:30:00Z,2026-07-10T12:30:00+0200,55196.85418,MW,DE,DE_LU,actual_load,Actual Load,2026-07-14T14:11:01Z
2026-07-14T14:09:01Z,2026-07-14T16:09:01+0200,fe0b5391-87e1-42cc-91a2-4b5686b81b2f,2026-07-10T10:45:00Z,2026-07-10T12:45:00+0200,55523.49233,MW,DE,DE_LU,actual_load,Actual Load,2026-07-14T14:11:01Z
2026-07-14T14:09:01Z,2026-07-14T16:09:01+0200,fe0b5391-87e1-42cc-91a2-4b5686b81b2f,2026-07-10T11:00:00Z,2026-07-10T13:00:00+0200,55273.13082,MW,DE,DE_LU,actual_load,Actual Load,2026-07-14T14:11:01Z
2026-07-14T14:09:01Z,2026-07-14T16:09:01+0200,fe0b5391-87e1-42cc-91a2-4b5686b81b2f,2026-07-10T11:15:00Z,2026-07-10T13:15:00+0200,54767.03538,MW,DE,DE_LU,actual_load,Actual Load,2026-07-14T14:11:01Z
2026-07-14T14:09:01Z,2026-07-14T16:09:01+0200,fe0b5391-87e1-42cc-91a2-4b5686b81b2f,2026-07-10T11:30:00Z,2026-07-10T13:30:00+0200,54753.66034,MW,DE,DE_LU,actual_load,Actual Load,2026-07-14T14:11:01Z
2026-07-14T14:09:01Z,2026-07-14T16:09:01+0200,fe0b5391-87e1-42cc-91a2-4b5686b81b2f,2026-07-10T11:45:00Z,2026-07-10T13:45:00+0200,54568.9161,MW,DE,DE_LU,actual_load,Actual Load,2026-07-14T14:11:01Z
2026-07-14T14:09:01Z,2026-07-14T16:09:01+0200,fe0b5391-87e1-42cc-91a2-4b5686b81b2f,2026-07-10T12:00:00Z,2026-07-10T14:00:00+0200,54059.77466,MW,DE,DE_LU,actual_load,Actual Load,2026-07-14T14:11:01Z
2026-07-14T14:09:01Z,2026-07-14T16:09:01+0200,fe0b5391-87e1-42cc-91a2-4b5686b81b2f,2026-07-10T12:15:00Z,2026-07-10T14:15:00+0200,53329.74041,MW,DE,DE_LU,actual_load,Actual Load,2026-07-14T14:11:01Z
2026-07-14T14:09:01Z,2026-07-14T16:09:01+0200,fe0b5391-87e1-42cc-91a2-4b5686b81b2f,2026-07-10T12:30:00Z,2026-07-10T14:30:00+0200,53448.53619,MW,DE,DE_LU,actual_load,Actual Load,2026-07-14T14:11:01Z
2026-07-14T14:09:01Z,2026-07-14T16:09:01+0200,fe0b5391-87e1-42cc-91a2-4b5686b81b2f,2026-07-10T12:45:00Z,2026-07-10T14:45:00+0200,53379.68429,MW,DE,DE_LU,actual_load,Actual Load,2026-07-14T14:11:01Z
2026-07-14T14:09:01Z,2026-07-14T16:09:01+0200,fe0b5391-87e1-42cc-91a2-4b5686b81b2f,2026-07-10T13:00:00Z,2026-07-10T15:00:00+0200,52809.63681,MW,DE,DE_LU,actual_load,Actual Load,2026-07-14T14:11:01Z
2026-07-14T14:09:01Z,2026-07-14T16:09:01+0200,fe0b5391-87e1-42cc-91a2-4b5686b81b2f,2026-07-10T13:15:00Z,2026-07-10T15:15:00+0200,52402.5119,MW,DE,DE_LU,actual_load,Actual Load,2026-07-14T14:11:01Z
2026-07-14T14:09:01Z,2026-07-14T16:09:01+0200,fe0b5391-87e1-42cc-91a2-4b5686b81b2f,2026-07-10T13:30:00Z,2026-07-10T15:30:00+0200,52214.45401,MW,DE,DE_LU,actual_load,Actual Load,2026-07-14T14:11:01Z
2026-07-14T14:09:01Z,2026-07-14T16:09:01+0200,fe0b5391-87e1-42cc-91a2-4b5686b81b2f,2026-07-10T13:45:00Z,2026-07-10T15:45:00+0200,51972.73901,MW,DE,DE_LU,actual_load,Actual Load,2026-07-14T14:11:01Z
2026-07-14T14:09:01Z,2026-07-14T16:09:01+0200,fe0b5391-87e1-42cc-91a2-4b5686b81b2f,2026-07-10T14:00:00Z,2026-07-10T16:00:00+0200,53042.51054,MW,DE,DE_LU,actual_load,Actual Load,2026-07-14T14:11:01Z
2026-07-14T14:09:01Z,2026-07-14T16:09:01+0200,fe0b5391-87e1-42cc-91a2-4b5686b81b2f,2026-07-10T14:15:00Z,2026-07-10T16:15:00+0200,53149.13698,MW,DE,DE_LU,actual_load,Actual Load,2026-07-14T14:11:01Z
2026-07-14T14:09:01Z,2026-07-14T16:09:01+0200,fe0b5391-87e1-42cc-91a2-4b5686b81b2f,2026-07-10T14:30:00Z,2026-07-10T16:30:00+0200,53034.96061,MW,DE,DE_LU,actual_load,Actual Load,2026-07-14T14:11:01Z
2026-07-14T14:09:01Z,2026-07-14T16:09:01+0200,fe0b5391-87e1-42cc-91a2-4b5686b81b2f,2026-07-10T14:45:00Z,2026-07-10T16:45:00+0200,53185.56914,MW,DE,DE_LU,actual_load,Actual Load,2026-07-14T14:11:01Z
2026-07-14T14:09:01Z,2026-07-14T16:09:01+0200,fe0b5391-87e1-42cc-91a2-4b5686b81b2f,2026-07-10T15:00:00Z,2026-07-10T17:00:00+0200,53943.0785,MW,DE,DE_LU,actual_load,Actual Load,2026-07-14T14:11:01Z
2026-07-14T14:09:01Z,2026-07-14T16:09:01+0200,fe0b5391-87e1-42cc-91a2-4b5686b81b2f,2026-07-10T15:15:00Z,2026-07-10T17:15:00+0200,53895.48856,MW,DE,DE_LU,actual_load,Actual Load,2026-07-14T14:11:01Z
2026-07-14T14:09:01Z,2026-07-14T16:09:01+0200,fe0b5391-87e1-42cc-91a2-4b5686b81b2f,2026-07-10T15:30:00Z,2026-07-10T17:30:00+0200,54264.29574,MW,DE,DE_LU,actual_load,Actual Load,2026-07-14T14:11:01Z
2026-07-14T14:09:01Z,2026-07-14T16:09:01+0200,fe0b5391-87e1-42cc-91a2-4b5686b81b2f,2026-07-10T15:45:00Z,2026-07-10T17:45:00+0200,54885.78802,MW,DE,DE_LU,actual_load,Actual Load,2026-07-14T14:11:01Z
2026-07-14T14:09:01Z,2026-07-14T16:09:01+0200,fe0b5391-87e1-42cc-91a2-4b5686b81b2f,2026-07-10T16:00:00Z,2026-07-10T18:00:00+0200,55461.97961,MW,DE,DE_LU,actual_load,Actual Load,2026-07-14T14:11:01Z
2026-07-14T14:09:01Z,2026-07-14T16:09:01+0200,fe0b5391-87e1-42cc-91a2-4b5686b81b2f,2026-07-10T16:15:00Z,2026-07-10T18:15:00+0200,55923.45424,MW,DE,DE_LU,actual_load,Actual Load,2026-07-14T14:11:01Z
2026-07-14T14:09:01Z,2026-07-14T16:09:01+0200,fe0b5391-87e1-42cc-91a2-4b5686b81b2f,2026-07-10T16:30:00Z,2026-07-10T18:30:00+0200,56667.62608,MW,DE,DE_LU,actual_load,Actual Load,2026-07-14T14:11:01Z
2026-07-14T14:09:01Z,2026-07-14T16:09:01+0200,fe0b5391-87e1-42cc-91a2-4b5686b81b2f,2026-07-10T16:45:00Z,2026-07-10T18:45:00+0200,56916.55928,MW,DE,DE_LU,actual_load,Actual Load,2026-07-14T14:11:01Z
2026-07-14T14:09:01Z,2026-07-14T16:09:01+0200,fe0b5391-87e1-42cc-91a2-4b5686b81b2f,2026-07-10T17:00:00Z,2026-07-10T19:00:00+0200,57223.71986,MW,DE,DE_LU,actual_load,Actual Load,2026-07-14T14:11:01Z
2026-07-14T14:09:01Z,2026-07-14T16:09:01+0200,fe0b5391-87e1-42cc-91a2-4b5686b81b2f,2026-07-10T17:15:00Z,2026-07-10T19:15:00+0200,56904.33957,MW,DE,DE_LU,actual_load,Actual Load,2026-07-14T14:11:01Z
2026-07-14T14:09:01Z,2026-07-14T16:09:01+0200,fe0b5391-87e1-42cc-91a2-4b5686b81b2f,2026-07-10T17:30:00Z,2026-07-10T19:30:00+0200,56573.24074,MW,DE,DE_LU,actual_load,Actual Load,2026-07-14T14:11:01Z
2026-07-14T14:09:01Z,2026-07-14T16:09:01+0200,fe0b5391-87e1-42cc-91a2-4b5686b81b2f,2026-07-10T17:45:00Z,2026-07-10T19:45:00+0200,56097.52457,MW,DE,DE_LU,actual_load,Actual Load,2026-07-14T14:11:01Z
2026-07-14T14:09:01Z,2026-07-14T16:09:01+0200,fe0b5391-87e1-42cc-91a2-4b5686b81b2f,2026-07-10T18:00:00Z,2026-07-10T20:00:00+0200,56510.47217,MW,DE,DE_LU,actual_load,Actual Load,2026-07-14T14:11:01Z
2026-07-14T14:09:01Z,2026-07-14T16:09:01+0200,fe0b5391-87e1-42cc-91a2-4b5686b81b2f,2026-07-10T18:15:00Z,2026-07-10T20:15:00+0200,55752.99004,MW,DE,DE_LU,actual_load,Actual Load,2026-07-14T14:11:01Z
2026-07-14T14:09:01Z,2026-07-14T16:09:01+0200,fe0b5391-87e1-42cc-91a2-4b5686b81b2f,2026-07-10T18:30:00Z,2026-07-10T20:30:00+0200,54385.24267,MW,DE,DE_LU,actual_load,Actual Load,2026-07-14T14:11:01Z
2026-07-14T14:09:01Z,2026-07-14T16:09:01+0200,fe0b5391-87e1-42cc-91a2-4b5686b81b2f,2026-07-10T18:45:00Z,2026-07-10T20:45:00+0200,54125.90066,MW,DE,DE_LU,actual_load,Actual Load,2026-07-14T14:11:01Z
2026-07-14T14:09:01Z,2026-07-14T16:09:01+0200,fe0b5391-87e1-42cc-91a2-4b5686b81b2f,2026-07-10T19:00:00Z,2026-07-10T21:00:00+0200,53585.18106,MW,DE,DE_LU,actual_load,Actual Load,2026-07-14T14:11:01Z
2026-07-14T14:09:01Z,2026-07-14T16:09:01+0200,fe0b5391-87e1-42cc-91a2-4b5686b81b2f,2026-07-10T19:15:00Z,2026-07-10T21:15:00+0200,52659.63755,MW,DE,DE_LU,actual_load,Actual Load,2026-07-14T14:11:01Z
2026-07-14T14:09:01Z,2026-07-14T16:09:01+0200,fe0b5391-87e1-42cc-91a2-4b5686b81b2f,2026-07-10T19:30:00Z,2026-07-10T21:30:00+0200,52224.64939,MW,DE,DE_LU,actual_load,Actual Load,2026-07-14T14:11:01Z
2026-07-14T14:09:01Z,2026-07-14T16:09:01+0200,fe0b5391-87e1-42cc-91a2-4b5686b81b2f,2026-07-10T19:45:00Z,2026-07-10T21:45:00+0200,52176.28544,MW,DE,DE_LU,actual_load,Actual Load,2026-07-14T14:11:01Z
2026-07-14T14:09:01Z,2026-07-14T16:09:01+0200,fe0b5391-87e1-42cc-91a2-4b5686b81b2f,2026-07-10T20:00:00Z,2026-07-10T22:00:00+0200,51084.96612,MW,DE,DE_LU,actual_load,Actual Load,2026-07-14T14:11:01Z
2026-07-14T14:09:01Z,2026-07-14T16:09:01+0200,fe0b5391-87e1-42cc-91a2-4b5686b81b2f,2026-07-10T20:15:00Z,2026-07-10T22:15:00+0200,50608.8298,MW,DE,DE_LU,actual_load,Actual Load,2026-07-14T14:11:01Z
2026-07-14T14:09:01Z,2026-07-14T16:09:01+0200,fe0b5391-87e1-42cc-91a2-4b5686b81b2f,2026-07-10T20:30:00Z,2026-07-10T22:30:00+0200,50302.37073,MW,DE,DE_LU,actual_load,Actual Load,2026-07-14T14:11:01Z
2026-07-14T14:09:01Z,2026-07-14T16:09:01+0200,fe0b5391-87e1-42cc-91a2-4b5686b81b2f,2026-07-10T20:45:00Z,2026-07-10T22:45:00+0200,49925.51507,MW,DE,DE_LU,actual_load,Actual Load,2026-07-14T14:11:01Z
2026-07-14T14:09:01Z,2026-07-14T16:09:01+0200,fe0b5391-87e1-42cc-91a2-4b5686b81b2f,2026-07-10T21:00:00Z,2026-07-10T23:00:00+0200,48689.01486,MW,DE,DE_LU,actual_load,Actual Load,2026-07-14T14:11:01Z
2026-07-14T14:09:01Z,2026-07-14T16:09:01+0200,fe0b5391-87e1-42cc-91a2-4b5686b81b2f,2026-07-10T21:15:00Z,2026-07-10T23:15:00+0200,48395.32763,MW,DE,DE_LU,actual_load,Actual Load,2026-07-14T14:11:01Z
2026-07-14T14:09:01Z,2026-07-14T16:09:01+0200,fe0b5391-87e1-42cc-91a2-4b5686b81b2f,2026-07-10T21:30:00Z,2026-07-10T23:30:00+0200,47799.75702,MW,DE,DE_LU,actual_load,Actual Load,2026-07-14T14:11:01Z
2026-07-14T14:09:01Z,2026-07-14T16:09:01+0200,fe0b5391-87e1-42cc-91a2-4b5686b81b2f,2026-07-10T21:45:00Z,2026-07-10T23:45:00+0200,47200.01287,MW,DE,DE_LU,actual_load,Actual Load,2026-07-14T14:11:01Z
2026-07-14T14:09:01Z,2026-07-14T16:09:01+0200,fe0b5391-87e1-42cc-91a2-4b5686b81b2f,2026-07-10T22:00:00Z,2026-07-11T00:00:00+0200,45721.50704,MW,DE,DE_LU,actual_load,Actual Load,2026-07-14T14:11:01Z
2026-07-14T14:09:01Z,2026-07-14T16:09:01+0200,fe0b5391-87e1-42cc-91a2-4b5686b81b2f,2026-07-10T22:15:00Z,2026-07-11T00:15:00+0200,45047.28654,MW,DE,DE_LU,actual_load,Actual Load,2026-07-14T14:11:01Z
2026-07-14T14:09:01Z,2026-07-14T16:09:01+0200,fe0b5391-87e1-42cc-91a2-4b5686b81b2f,2026-07-10T22:30:00Z,2026-07-11T00:30:00+0200,45035.60213,MW,DE,DE_LU,actual_load,Actual Load,2026-07-14T14:11:01Z
2026-07-14T14:09:01Z,2026-07-14T16:09:01+0200,fe0b5391-87e1-42cc-91a2-4b5686b81b2f,2026-07-10T22:45:00Z,2026-07-11T00:45:00+0200,44666.35729,MW,DE,DE_LU,actual_load,Actual Load,2026-07-14T14:11:01Z
2026-07-14T14:09:01Z,2026-07-14T16:09:01+0200,fe0b5391-87e1-42cc-91a2-4b5686b81b2f,2026-07-10T23:00:00Z,2026-07-11T01:00:00+0200,43590.26559,MW,DE,DE_LU,actual_load,Actual Load,2026-07-14T14:11:01Z
2026-07-14T14:09:01Z,2026-07-14T16:09:01+0200,fe0b5391-87e1-42cc-91a2-4b5686b81b2f,2026-07-10T23:15:00Z,2026-07-11T01:15:00+0200,42974.21563,MW,DE,DE_LU,actual_load,Actual Load,2026-07-14T14:11:01Z
2026-07-14T14:09:01Z,2026-07-14T16:09:01+0200,fe0b5391-87e1-42cc-91a2-4b5686b81b2f,2026-07-10T23:30:00Z,2026-07-11T01:30:00+0200,43123.03473,MW,DE,DE_LU,actual_load,Actual Load,2026-07-14T14:11:01Z
2026-07-14T14:09:01Z,2026-07-14T16:09:01+0200,fe0b5391-87e1-42cc-91a2-4b5686b81b2f,2026-07-10T23:45:00Z,2026-07-11T01:45:00+0200,42740.70882,MW,DE,DE_LU,actual_load,Actual Load,2026-07-14T14:11:01Z
2026-07-14T14:09:01Z,2026-07-14T16:09:01+0200,fe0b5391-87e1-42cc-91a2-4b5686b81b2f,2026-07-11T00:00:00Z,2026-07-11T02:00:00+0200,41947.73597,MW,DE,DE_LU,actual_load,Actual Load,2026-07-14T14:11:01Z
2026-07-14T14:09:01Z,2026-07-14T16:09:01+0200,fe0b5391-87e1-42cc-91a2-4b5686b81b2f,2026-07-11T00:15:00Z,2026-07-11T02:15:00+0200,42000.02544,MW,DE,DE_LU,actual_load,Actual Load,2026-07-14T14:11:01Z
2026-07-14T14:09:01Z,2026-07-14T16:09:01+0200,fe0b5391-87e1-42cc-91a2-4b5686b81b2f,2026-07-11T00:30:00Z,2026-07-11T02:30:00+0200,42344.78215,MW,DE,DE_LU,actual_load,Actual Load,2026-07-14T14:11:01Z
2026-07-14T14:09:01Z,2026-07-14T16:09:01+0200,fe0b5391-87e1-42cc-91a2-4b5686b81b2f,2026-07-11T00:45:00Z,2026-07-11T02:45:00+0200,42279.36164,MW,DE,DE_LU,actual_load,Actual Load,2026-07-14T14:11:01Z
2026-07-14T14:09:01Z,2026-07-14T16:09:01+0200,fe0b5391-87e1-42cc-91a2-4b5686b81b2f,2026-07-11T01:00:00Z,2026-07-11T03:00:00+0200,42588.4857,MW,DE,DE_LU,actual_load,Actual Load,2026-07-14T14:11:01Z
2026-07-14T14:09:01Z,2026-07-14T16:09:01+0200,fe0b5391-87e1-42cc-91a2-4b5686b81b2f,2026-07-11T01:15:00Z,2026-07-11T03:15:00+0200,42693.02212,MW,DE,DE_LU,actual_load,Actual Load,2026-07-14T14:11:01Z
2026-07-14T14:09:01Z,2026-07-14T16:09:01+0200,fe0b5391-87e1-42cc-91a2-4b5686b81b2f,2026-07-11T01:30:00Z,2026-07-11T03:30:00+0200,42158.84275,MW,DE,DE_LU,actual_load,Actual Load,2026-07-14T14:11:01Z
2026-07-14T14:09:01Z,2026-07-14T16:09:01+0200,fe0b5391-87e1-42cc-91a2-4b5686b81b2f,2026-07-11T01:45:00Z,2026-07-11T03:45:00+0200,42414.07524,MW,DE,DE_LU,actual_load,Actual Load,2026-07-14T14:11:01Z
2026-07-14T14:09:01Z,2026-07-14T16:09:01+0200,fe0b5391-87e1-42cc-91a2-4b5686b81b2f,2026-07-11T02:00:00Z,2026-07-11T04:00:00+0200,42117.01947,MW,DE,DE_LU,actual_load,Actual Load,2026-07-14T14:11:01Z
2026-07-14T14:09:01Z,2026-07-14T16:09:01+0200,fe0b5391-87e1-42cc-91a2-4b5686b81b2f,2026-07-11T02:15:00Z,2026-07-11T04:15:00+0200,41987.4422,MW,DE,DE_LU,actual_load,Actual Load,2026-07-14T14:11:01Z
2026-07-14T14:09:01Z,2026-07-14T16:09:01+0200,fe0b5391-87e1-42cc-91a2-4b5686b81b2f,2026-07-11T02:30:00Z,2026-07-11T04:30:00+0200,42132.87689,MW,DE,DE_LU,actual_load,Actual Load,2026-07-14T14:11:01Z
2026-07-14T14:09:01Z,2026-07-14T16:09:01+0200,fe0b5391-87e1-42cc-91a2-4b5686b81b2f,2026-07-11T02:45:00Z,2026-07-11T04:45:00+0200,41991.06319,MW,DE,DE_LU,actual_load,Actual Load,2026-07-14T14:11:01Z
2026-07-14T14:09:01Z,2026-07-14T16:09:01+0200,fe0b5391-87e1-42cc-91a2-4b5686b81b2f,2026-07-11T03:00:00Z,2026-07-11T05:00:00+0200,42048.15944,MW,DE,DE_LU,actual_load,Actual Load,2026-07-14T14:11:01Z
2026-07-14T14:09:01Z,2026-07-14T16:09:01+0200,fe0b5391-87e1-42cc-91a2-4b5686b81b2f,2026-07-11T03:15:00Z,2026-07-11T05:15:00+0200,42075.39664,MW,DE,DE_LU,actual_load,Actual Load,2026-07-14T14:11:01Z
2026-07-14T14:09:01Z,2026-07-14T16:09:01+0200,fe0b5391-87e1-42cc-91a2-4b5686b81b2f,2026-07-11T03:30:00Z,2026-07-11T05:30:00+0200,42686.55641,MW,DE,DE_LU,actual_load,Actual Load,2026-07-14T14:11:01Z
2026-07-14T14:09:01Z,2026-07-14T16:09:01+0200,fe0b5391-87e1-42cc-91a2-4b5686b81b2f,2026-07-11T03:45:00Z,2026-07-11T05:45:00+0200,43429.58143,MW,DE,DE_LU,actual_load,Actual Load,2026-07-14T14:11:01Z
2026-07-14T14:09:01Z,2026-07-14T16:09:01+0200,fe0b5391-87e1-42cc-91a2-4b5686b81b2f,2026-07-11T04:00:00Z,2026-07-11T06:00:00+0200,44265.59345,MW,DE,DE_LU,actual_load,Actual Load,2026-07-14T14:11:01Z
2026-07-14T14:09:01Z,2026-07-14T16:09:01+0200,fe0b5391-87e1-42cc-91a2-4b5686b81b2f,2026-07-11T04:15:00Z,2026-07-11T06:15:00+0200,44934.58613,MW,DE,DE_LU,actual_load,Actual Load,2026-07-14T14:11:01Z
2026-07-14T14:09:01Z,2026-07-14T16:09:01+0200,fe0b5391-87e1-42cc-91a2-4b5686b81b2f,2026-07-11T04:30:00Z,2026-07-11T06:30:00+0200,45116.96478,MW,DE,DE_LU,actual_load,Actual Load,2026-07-14T14:11:01Z
2026-07-14T14:09:01Z,2026-07-14T16:09:01+0200,fe0b5391-87e1-42cc-91a2-4b5686b81b2f,2026-07-11T04:45:00Z,2026-07-11T06:45:00+0200,45440.90074,MW,DE,DE_LU,actual_load,Actual Load,2026-07-14T14:11:01Z
2026-07-14T14:09:01Z,2026-07-14T16:09:01+0200,fe0b5391-87e1-42cc-91a2-4b5686b81b2f,2026-07-11T05:00:00Z,2026-07-11T07:00:00+0200,45617.18357,MW,DE,DE_LU,actual_load,Actual Load,2026-07-14T14:11:01Z
2026-07-14T14:09:01Z,2026-07-14T16:09:01+0200,fe0b5391-87e1-42cc-91a2-4b5686b81b2f,2026-07-11T05:15:00Z,2026-07-11T07:15:00+0200,46228.44025,MW,DE,DE_LU,actual_load,Actual Load,2026-07-14T14:11:01Z
2026-07-14T14:09:01Z,2026-07-14T16:09:01+0200,fe0b5391-87e1-42cc-91a2-4b5686b81b2f,2026-07-11T05:30:00Z,2026-07-11T07:30:00+0200,46675.36903,MW,DE,DE_LU,actual_load,Actual Load,2026-07-14T14:11:01Z
2026-07-14T14:09:01Z,2026-07-14T16:09:01+0200,fe0b5391-87e1-42cc-91a2-4b5686b81b2f,2026-07-11T05:45:00Z,2026-07-11T07:45:00+0200,47063.66433,MW,DE,DE_LU,actual_load,Actual Load,2026-07-14T14:11:01Z
2026-07-14T14:09:01Z,2026-07-14T16:09:01+0200,fe0b5391-87e1-42cc-91a2-4b5686b81b2f,2026-07-11T06:00:00Z,2026-07-11T08:00:00+0200,46549.51601,MW,DE,DE_LU,actual_load,Actual Load,2026-07-14T14:11:01Z
2026-07-14T14:09:01Z,2026-07-14T16:09:01+0200,fe0b5391-87e1-42cc-91a2-4b5686b81b2f,2026-07-11T06:15:00Z,2026-07-11T08:15:00+0200,46696.16357,MW,DE,DE_LU,actual_load,Actual Load,2026-07-14T14:11:01Z
2026-07-14T14:09:01Z,2026-07-14T16:09:01+0200,fe0b5391-87e1-42cc-91a2-4b5686b81b2f,2026-07-11T06:30:00Z,2026-07-11T08:30:00+0200,47108.96132,MW,DE,DE_LU,actual_load,Actual Load,2026-07-14T14:11:01Z
2026-07-14T14:09:01Z,2026-07-14T16:09:01+0200,fe0b5391-87e1-42cc-91a2-4b5686b81b2f,2026-07-11T06:45:00Z,2026-07-11T08:45:00+0200,47432.69381,MW,DE,DE_LU,actual_load,Actual Load,2026-07-14T14:11:01Z
2026-07-14T14:09:01Z,2026-07-14T16:09:01+0200,fe0b5391-87e1-42cc-91a2-4b5686b81b2f,2026-07-11T07:00:00Z,2026-07-11T09:00:00+0200,47412.56266,MW,DE,DE_LU,actual_load,Actual Load,2026-07-14T14:11:01Z
2026-07-14T14:09:01Z,2026-07-14T16:09:01+0200,fe0b5391-87e1-42cc-91a2-4b5686b81b2f,2026-07-11T07:15:00Z,2026-07-11T09:15:00+0200,47466.28397,MW,DE,DE_LU,actual_load,Actual Load,2026-07-14T14:11:01Z
2026-07-14T14:09:01Z,2026-07-14T16:09:01+0200,fe0b5391-87e1-42cc-91a2-4b5686b81b2f,2026-07-11T07:30:00Z,2026-07-11T09:30:00+0200,47144.07939,MW,DE,DE_LU,actual_load,Actual Load,2026-07-14T14:11:01Z
2026-07-14T14:09:01Z,2026-07-14T16:09:01+0200,fe0b5391-87e1-42cc-91a2-4b5686b81b2f,2026-07-11T07:45:00Z,2026-07-11T09:45:00+0200,47575.65128,MW,DE,DE_LU,actual_load,Actual Load,2026-07-14T14:11:01Z
2026-07-14T14:09:01Z,2026-07-14T16:09:01+0200,fe0b5391-87e1-42cc-91a2-4b5686b81b2f,2026-07-11T08:00:00Z,2026-07-11T10:00:00+0200,47635.36052,MW,DE,DE_LU,actual_load,Actual Load,2026-07-14T14:11:01Z
2026-07-14T14:09:01Z,2026-07-14T16:09:01+0200,fe0b5391-87e1-42cc-91a2-4b5686b81b2f,2026-07-11T08:15:00Z,2026-07-11T10:15:00+0200,47219.31382,MW,DE,DE_LU,actual_load,Actual Load,2026-07-14T14:11:01Z
2026-07-14T14:09:01Z,2026-07-14T16:09:01+0200,fe0b5391-87e1-42cc-91a2-4b5686b81b2f,2026-07-11T08:30:00Z,2026-07-11T10:30:00+0200,47170.22206,MW,DE,DE_LU,actual_load,Actual Load,2026-07-14T14:11:01Z
2026-07-14T14:09:01Z,2026-07-14T16:09:01+0200,fe0b5391-87e1-42cc-91a2-4b5686b81b2f,2026-07-11T08:45:00Z,2026-07-11T10:45:00+0200,46849.9626,MW,DE,DE_LU,actual_load,Actual Load,2026-07-14T14:11:01Z
2026-07-14T14:09:01Z,2026-07-14T16:09:01+0200,fe0b5391-87e1-42cc-91a2-4b5686b81b2f,2026-07-11T09:00:00Z,2026-07-11T11:00:00+0200,47324.24151,MW,DE,DE_LU,actual_load,Actual Load,2026-07-14T14:11:01Z
2026-07-14T14:09:01Z,2026-07-14T16:09:01+0200,fe0b5391-87e1-42cc-91a2-4b5686b81b2f,2026-07-11T09:15:00Z,2026-07-11T11:15:00+0200,47114.74026,MW,DE,DE_LU,actual_load,Actual Load,2026-07-14T14:11:01Z
2026-07-14T14:09:01Z,2026-07-14T16:09:01+0200,fe0b5391-87e1-42cc-91a2-4b5686b81b2f,2026-07-11T09:30:00Z,2026-07-11T11:30:00+0200,46568.85723,MW,DE,DE_LU,actual_load,Actual Load,2026-07-14T14:11:01Z
2026-07-14T14:09:01Z,2026-07-14T16:09:01+0200,fe0b5391-87e1-42cc-91a2-4b5686b81b2f,2026-07-11T09:45:00Z,2026-07-11T11:45:00+0200,46988.26705,MW,DE,DE_LU,actual_load,Actual Load,2026-07-14T14:11:01Z
2026-07-14T14:09:01Z,2026-07-14T16:09:01+0200,fe0b5391-87e1-42cc-91a2-4b5686b81b2f,2026-07-11T10:00:00Z,2026-07-11T12:00:00+0200,47239.84644,MW,DE,DE_LU,actual_load,Actual Load,2026-07-14T14:11:01Z
2026-07-14T14:09:01Z,2026-07-14T16:09:01+0200,fe0b5391-87e1-42cc-91a2-4b5686b81b2f,2026-07-11T10:15:00Z,2026-07-11T12:15:00+0200,47541.48721,MW,DE,DE_LU,actual_load,Actual Load,2026-07-14T14:11:01Z
2026-07-14T14:09:01Z,2026-07-14T16:09:01+0200,fe0b5391-87e1-42cc-91a2-4b5686b81b2f,2026-07-11T10:30:00Z,2026-07-11T12:30:00+0200,47544.05976,MW,DE,DE_LU,actual_load,Actual Load,2026-07-14T14:11:01Z
2026-07-14T14:09:01Z,2026-07-14T16:09:01+0200,fe0b5391-87e1-42cc-91a2-4b5686b81b2f,2026-07-11T10:45:00Z,2026-07-11T12:45:00+0200,47603.107,MW,DE,DE_LU,actual_load,Actual Load,2026-07-14T14:11:01Z
2026-07-14T14:09:01Z,2026-07-14T16:09:01+0200,fe0b5391-87e1-42cc-91a2-4b5686b81b2f,2026-07-11T11:00:00Z,2026-07-11T13:00:00+0200,46644.79787,MW,DE,DE_LU,actual_load,Actual Load,2026-07-14T14:11:01Z
2026-07-14T14:09:01Z,2026-07-14T16:09:01+0200,fe0b5391-87e1-42cc-91a2-4b5686b81b2f,2026-07-11T11:15:00Z,2026-07-11T13:15:00+0200,46150.05257,MW,DE,DE_LU,actual_load,Actual Load,2026-07-14T14:11:01Z
2026-07-14T14:09:01Z,2026-07-14T16:09:01+0200,fe0b5391-87e1-42cc-91a2-4b5686b81b2f,2026-07-11T11:30:00Z,2026-07-11T13:30:00+0200,45912.95704,MW,DE,DE_LU,actual_load,Actual Load,2026-07-14T14:11:01Z
2026-07-14T14:09:01Z,2026-07-14T16:09:01+0200,fe0b5391-87e1-42cc-91a2-4b5686b81b2f,2026-07-11T11:45:00Z,2026-07-11T13:45:00+0200,45900.72592,MW,DE,DE_LU,actual_load,Actual Load,2026-07-14T14:11:01Z
2026-07-14T14:09:01Z,2026-07-14T16:09:01+0200,fe0b5391-87e1-42cc-91a2-4b5686b81b2f,2026-07-11T12:00:00Z,2026-07-11T14:00:00+0200,45477.03818,MW,DE,DE_LU,actual_load,Actual Load,2026-07-14T14:11:01Z
2026-07-14T14:09:01Z,2026-07-14T16:09:01+0200,fe0b5391-87e1-42cc-91a2-4b5686b81b2f,2026-07-11T12:15:00Z,2026-07-11T14:15:00+0200,44660.79744,MW,DE,DE_LU,actual_load,Actual Load,2026-07-14T14:11:01Z
2026-07-14T14:09:01Z,2026-07-14T16:09:01+0200,fe0b5391-87e1-42cc-91a2-4b5686b81b2f,2026-07-11T12:30:00Z,2026-07-11T14:30:00+0200,44234.53883,MW,DE,DE_LU,actual_load,Actual Load,2026-07-14T14:11:01Z
2026-07-14T14:09:01Z,2026-07-14T16:09:01+0200,fe0b5391-87e1-42cc-91a2-4b5686b81b2f,2026-07-11T12:45:00Z,2026-07-11T14:45:00+0200,44128.99521,MW,DE,DE_LU,actual_load,Actual Load,2026-07-14T14:11:01Z
2026-07-14T14:09:01Z,2026-07-14T16:09:01+0200,fe0b5391-87e1-42cc-91a2-4b5686b81b2f,2026-07-11T13:00:00Z,2026-07-11T15:00:00+0200,45073.47289,MW,DE,DE_LU,actual_load,Actual Load,2026-07-14T14:11:01Z
2026-07-14T14:09:01Z,2026-07-14T16:09:01+0200,fe0b5391-87e1-42cc-91a2-4b5686b81b2f,2026-07-11T13:15:00Z,2026-07-11T15:15:00+0200,44705.58798,MW,DE,DE_LU,actual_load,Actual Load,2026-07-14T14:11:01Z
2026-07-14T14:09:01Z,2026-07-14T16:09:01+0200,fe0b5391-87e1-42cc-91a2-4b5686b81b2f,2026-07-11T13:30:00Z,2026-07-11T15:30:00+0200,43897.84029,MW,DE,DE_LU,actual_load,Actual Load,2026-07-14T14:11:01Z
2026-07-14T14:09:01Z,2026-07-14T16:09:01+0200,fe0b5391-87e1-42cc-91a2-4b5686b81b2f,2026-07-11T13:45:00Z,2026-07-11T15:45:00+0200,44318.96588,MW,DE,DE_LU,actual_load,Actual Load,2026-07-14T14:11:01Z
2026-07-14T14:09:01Z,2026-07-14T16:09:01+0200,fe0b5391-87e1-42cc-91a2-4b5686b81b2f,2026-07-11T14:00:00Z,2026-07-11T16:00:00+0200,43828.66131,MW,DE,DE_LU,actual_load,Actual Load,2026-07-14T14:11:01Z
2026-07-14T14:09:01Z,2026-07-14T16:09:01+0200,fe0b5391-87e1-42cc-91a2-4b5686b81b2f,2026-07-11T14:15:00Z,2026-07-11T16:15:00+0200,44361.71378,MW,DE,DE_LU,actual_load,Actual Load,2026-07-14T14:11:01Z
2026-07-14T14:09:01Z,2026-07-14T16:09:01+0200,fe0b5391-87e1-42cc-91a2-4b5686b81b2f,2026-07-11T14:30:00Z,2026-07-11T16:30:00+0200,44013.61706,MW,DE,DE_LU,actual_load,Actual Load,2026-07-14T14:11:01Z
2026-07-14T14:09:01Z,2026-07-14T16:09:01+0200,fe0b5391-87e1-42cc-91a2-4b5686b81b2f,2026-07-11T14:45:00Z,2026-07-11T16:45:00+0200,43963.02611,MW,DE,DE_LU,actual_load,Actual Load,2026-07-14T14:11:01Z
2026-07-14T14:09:01Z,2026-07-14T16:09:01+0200,fe0b5391-87e1-42cc-91a2-4b5686b81b2f,2026-07-11T15:00:00Z,2026-07-11T17:00:00+0200,44650.43038,MW,DE,DE_LU,actual_load,Actual Load,2026-07-14T14:11:01Z
2026-07-14T14:09:01Z,2026-07-14T16:09:01+0200,fe0b5391-87e1-42cc-91a2-4b5686b81b2f,2026-07-11T15:15:00Z,2026-07-11T17:15:00+0200,44798.40779,MW,DE,DE_LU,actual_load,Actual Load,2026-07-14T14:11:01Z
2026-07-14T14:09:01Z,2026-07-14T16:09:01+0200,fe0b5391-87e1-42cc-91a2-4b5686b81b2f,2026-07-11T15:30:00Z,2026-07-11T17:30:00+0200,45349.76835,MW,DE,DE_LU,actual_load,Actual Load,2026-07-14T14:11:01Z
2026-07-14T14:09:01Z,2026-07-14T16:09:01+0200,fe0b5391-87e1-42cc-91a2-4b5686b81b2f,2026-07-11T15:45:00Z,2026-07-11T17:45:00+0200,46213.78653,MW,DE,DE_LU,actual_load,Actual Load,2026-07-14T14:11:01Z
2026-07-14T14:09:01Z,2026-07-14T16:09:01+0200,fe0b5391-87e1-42cc-91a2-4b5686b81b2f,2026-07-11T16:00:00Z,2026-07-11T18:00:00+0200,47193.00695,MW,DE,DE_LU,actual_load,Actual Load,2026-07-14T14:11:01Z
2026-07-14T14:09:01Z,2026-07-14T16:09:01+0200,fe0b5391-87e1-42cc-91a2-4b5686b81b2f,2026-07-11T16:15:00Z,2026-07-11T18:15:00+0200,47322.77749,MW,DE,DE_LU,actual_load,Actual Load,2026-07-14T14:11:01Z
2026-07-14T14:09:01Z,2026-07-14T16:09:01+0200,fe0b5391-87e1-42cc-91a2-4b5686b81b2f,2026-07-11T16:30:00Z,2026-07-11T18:30:00+0200,48308.72969,MW,DE,DE_LU,actual_load,Actual Load,2026-07-14T14:11:01Z
2026-07-14T14:09:01Z,2026-07-14T16:09:01+0200,fe0b5391-87e1-42cc-91a2-4b5686b81b2f,2026-07-11T16:45:00Z,2026-07-11T18:45:00+0200,48928.72121,MW,DE,DE_LU,actual_load,Actual Load,2026-07-14T14:11:01Z
2026-07-14T14:09:01Z,2026-07-14T16:09:01+0200,fe0b5391-87e1-42cc-91a2-4b5686b81b2f,2026-07-11T17:00:00Z,2026-07-11T19:00:00+0200,48666.35757,MW,DE,DE_LU,actual_load,Actual Load,2026-07-14T14:11:01Z
2026-07-14T14:09:01Z,2026-07-14T16:09:01+0200,fe0b5391-87e1-42cc-91a2-4b5686b81b2f,2026-07-11T17:15:00Z,2026-07-11T19:15:00+0200,47923.21811,MW,DE,DE_LU,actual_load,Actual Load,2026-07-14T14:11:01Z
2026-07-14T14:09:01Z,2026-07-14T16:09:01+0200,fe0b5391-87e1-42cc-91a2-4b5686b81b2f,2026-07-11T17:30:00Z,2026-07-11T19:30:00+0200,48566.9213,MW,DE,DE_LU,actual_load,Actual Load,2026-07-14T14:11:01Z
2026-07-14T14:09:01Z,2026-07-14T16:09:01+0200,fe0b5391-87e1-42cc-91a2-4b5686b81b2f,2026-07-11T17:45:00Z,2026-07-11T19:45:00+0200,48650.52093,MW,DE,DE_LU,actual_load,Actual Load,2026-07-14T14:11:01Z
2026-07-14T14:09:01Z,2026-07-14T16:09:01+0200,fe0b5391-87e1-42cc-91a2-4b5686b81b2f,2026-07-11T18:00:00Z,2026-07-11T20:00:00+0200,49293.60679,MW,DE,DE_LU,actual_load,Actual Load,2026-07-14T14:11:01Z
2026-07-14T14:09:01Z,2026-07-14T16:09:01+0200,fe0b5391-87e1-42cc-91a2-4b5686b81b2f,2026-07-11T18:15:00Z,2026-07-11T20:15:00+0200,48737.56747,MW,DE,DE_LU,actual_load,Actual Load,2026-07-14T14:11:01Z
2026-07-14T14:09:01Z,2026-07-14T16:09:01+0200,fe0b5391-87e1-42cc-91a2-4b5686b81b2f,2026-07-11T18:30:00Z,2026-07-11T20:30:00+0200,48079.81124,MW,DE,DE_LU,actual_load,Actual Load,2026-07-14T14:11:01Z
2026-07-14T14:09:01Z,2026-07-14T16:09:01+0200,fe0b5391-87e1-42cc-91a2-4b5686b81b2f,2026-07-11T18:45:00Z,2026-07-11T20:45:00+0200,47619.52015,MW,DE,DE_LU,actual_load,Actual Load,2026-07-14T14:11:01Z
2026-07-14T14:09:01Z,2026-07-14T16:09:01+0200,fe0b5391-87e1-42cc-91a2-4b5686b81b2f,2026-07-11T19:00:00Z,2026-07-11T21:00:00+0200,47001.70782,MW,DE,DE_LU,actual_load,Actual Load,2026-07-14T14:11:01Z
2026-07-14T14:09:01Z,2026-07-14T16:09:01+0200,fe0b5391-87e1-42cc-91a2-4b5686b81b2f,2026-07-11T19:15:00Z,2026-07-11T21:15:00+0200,46524.92372,MW,DE,DE_LU,actual_load,Actual Load,2026-07-14T14:11:01Z
2026-07-14T14:09:01Z,2026-07-14T16:09:01+0200,fe0b5391-87e1-42cc-91a2-4b5686b81b2f,2026-07-11T19:30:00Z,2026-07-11T21:30:00+0200,46023.57043,MW,DE,DE_LU,actual_load,Actual Load,2026-07-14T14:11:01Z
2026-07-14T14:09:01Z,2026-07-14T16:09:01+0200,fe0b5391-87e1-42cc-91a2-4b5686b81b2f,2026-07-11T19:45:00Z,2026-07-11T21:45:00+0200,46397.84481,MW,DE,DE_LU,actual_load,Actual Load,2026-07-14T14:11:01Z
2026-07-14T14:09:01Z,2026-07-14T16:09:01+0200,fe0b5391-87e1-42cc-91a2-4b5686b81b2f,2026-07-11T20:00:00Z,2026-07-11T22:00:00+0200,46229.89478,MW,DE,DE_LU,actual_load,Actual Load,2026-07-14T14:11:01Z
2026-07-14T14:09:01Z,2026-07-14T16:09:01+0200,fe0b5391-87e1-42cc-91a2-4b5686b81b2f,2026-07-11T20:15:00Z,2026-07-11T22:15:00+0200,45872.82881,MW,DE,DE_LU,actual_load,Actual Load,2026-07-14T14:11:01Z
2026-07-14T14:09:01Z,2026-07-14T16:09:01+0200,fe0b5391-87e1-42cc-91a2-4b5686b81b2f,2026-07-11T20:30:00Z,2026-07-11T22:30:00+0200,45226.26297,MW,DE,DE_LU,actual_load,Actual Load,2026-07-14T14:11:01Z
2026-07-14T14:09:01Z,2026-07-14T16:09:01+0200,fe0b5391-87e1-42cc-91a2-4b5686b81b2f,2026-07-11T20:45:00Z,2026-07-11T22:45:00+0200,45497.56538,MW,DE,DE_LU,actual_load,Actual Load,2026-07-14T14:11:01Z
2026-07-14T14:09:01Z,2026-07-14T16:09:01+0200,fe0b5391-87e1-42cc-91a2-4b5686b81b2f,2026-07-11T21:00:00Z,2026-07-11T23:00:00+0200,44219.76098,MW,DE,DE_LU,actual_load,Actual Load,2026-07-14T14:11:01Z
2026-07-14T14:09:01Z,2026-07-14T16:09:01+0200,fe0b5391-87e1-42cc-91a2-4b5686b81b2f,2026-07-11T21:15:00Z,2026-07-11T23:15:00+0200,44105.10808,MW,DE,DE_LU,actual_load,Actual Load,2026-07-14T14:11:01Z
2026-07-14T14:09:01Z,2026-07-14T16:09:01+0200,fe0b5391-87e1-42cc-91a2-4b5686b81b2f,2026-07-11T21:30:00Z,2026-07-11T23:30:00+0200,43288.90425,MW,DE,DE_LU,actual_load,Actual Load,2026-07-14T14:11:01Z
2026-07-14T14:09:01Z,2026-07-14T16:09:01+0200,fe0b5391-87e1-42cc-91a2-4b5686b81b2f,2026-07-11T21:45:00Z,2026-07-11T23:45:00+0200,42529.63878,MW,DE,DE_LU,actual_load,Actual Load,2026-07-14T14:11:01Z
2026-07-14T14:09:01Z,2026-07-14T16:09:01+0200,fe0b5391-87e1-42cc-91a2-4b5686b81b2f,2026-07-11T22:00:00Z,2026-07-12T00:00:00+0200,42000.12006,MW,DE,DE_LU,actual_load,Actual Load,2026-07-14T14:11:01Z
2026-07-14T14:09:01Z,2026-07-14T16:09:01+0200,fe0b5391-87e1-42cc-91a2-4b5686b81b2f,2026-07-11T22:15:00Z,2026-07-12T00:15:00+0200,41239.97796,MW,DE,DE_LU,actual_load,Actual Load,2026-07-14T14:11:01Z
2026-07-14T14:09:01Z,2026-07-14T16:09:01+0200,fe0b5391-87e1-42cc-91a2-4b5686b81b2f,2026-07-11T22:30:00Z,2026-07-12T00:30:00+0200,40972.93083,MW,DE,DE_LU,actual_load,Actual Load,2026-07-14T14:11:01Z
2026-07-14T14:09:01Z,2026-07-14T16:09:01+0200,fe0b5391-87e1-42cc-91a2-4b5686b81b2f,2026-07-11T22:45:00Z,2026-07-12T00:45:00+0200,40548.34739,MW,DE,DE_LU,actual_load,Actual Load,2026-07-14T14:11:01Z
2026-07-14T14:09:01Z,2026-07-14T16:09:01+0200,fe0b5391-87e1-42cc-91a2-4b5686b81b2f,2026-07-11T23:00:00Z,2026-07-12T01:00:00+0200,39834.79434,MW,DE,DE_LU,actual_load,Actual Load,2026-07-14T14:11:01Z
2026-07-14T14:09:01Z,2026-07-14T16:09:01+0200,fe0b5391-87e1-42cc-91a2-4b5686b81b2f,2026-07-11T23:15:00Z,2026-07-12T01:15:00+0200,39073.31997,MW,DE,DE_LU,actual_load,Actual Load,2026-07-14T14:11:01Z
2026-07-14T14:09:01Z,2026-07-14T16:09:01+0200,fe0b5391-87e1-42cc-91a2-4b5686b81b2f,2026-07-11T23:30:00Z,2026-07-12T01:30:00+0200,38987.05069,MW,DE,DE_LU,actual_load,Actual Load,2026-07-14T14:11:01Z
2026-07-14T14:09:01Z,2026-07-14T16:09:01+0200,fe0b5391-87e1-42cc-91a2-4b5686b81b2f,2026-07-11T23:45:00Z,2026-07-12T01:45:00+0200,39151.28383,MW,DE,DE_LU,actual_load,Actual Load,2026-07-14T14:11:01Z
2026-07-14T14:09:01Z,2026-07-14T16:09:01+0200,fe0b5391-87e1-42cc-91a2-4b5686b81b2f,2026-07-12T00:00:00Z,2026-07-12T02:00:00+0200,38734.73744,MW,DE,DE_LU,actual_load,Actual Load,2026-07-14T14:11:01Z
2026-07-14T14:09:01Z,2026-07-14T16:09:01+0200,fe0b5391-87e1-42cc-91a2-4b5686b81b2f,2026-07-12T00:15:00Z,2026-07-12T02:15:00+0200,38595.84248,MW,DE,DE_LU,actual_load,Actual Load,2026-07-14T14:11:01Z
2026-07-14T14:09:01Z,2026-07-14T16:09:01+0200,fe0b5391-87e1-42cc-91a2-4b5686b81b2f,2026-07-12T00:30:00Z,2026-07-12T02:30:00+0200,38751.30575,MW,DE,DE_LU,actual_load,Actual Load,2026-07-14T14:11:01Z
2026-07-14T14:09:01Z,2026-07-14T16:09:01+0200,fe0b5391-87e1-42cc-91a2-4b5686b81b2f,2026-07-12T00:45:00Z,2026-07-12T02:45:00+0200,37880.50867,MW,DE,DE_LU,actual_load,Actual Load,2026-07-14T14:11:01Z
2026-07-14T14:09:01Z,2026-07-14T16:09:01+0200,fe0b5391-87e1-42cc-91a2-4b5686b81b2f,2026-07-12T01:00:00Z,2026-07-12T03:00:00+0200,37909.24126,MW,DE,DE_LU,actual_load,Actual Load,2026-07-14T14:11:01Z
2026-07-14T14:09:01Z,2026-07-14T16:09:01+0200,fe0b5391-87e1-42cc-91a2-4b5686b81b2f,2026-07-12T01:15:00Z,2026-07-12T03:15:00+0200,37924.8867,MW,DE,DE_LU,actual_load,Actual Load,2026-07-14T14:11:01Z
2026-07-14T14:09:01Z,2026-07-14T16:09:01+0200,fe0b5391-87e1-42cc-91a2-4b5686b81b2f,2026-07-12T01:30:00Z,2026-07-12T03:30:00+0200,37831.78381,MW,DE,DE_LU,actual_load,Actual Load,2026-07-14T14:11:01Z
2026-07-14T14:09:01Z,2026-07-14T16:09:01+0200,fe0b5391-87e1-42cc-91a2-4b5686b81b2f,2026-07-12T01:45:00Z,2026-07-12T03:45:00+0200,37553.61468,MW,DE,DE_LU,actual_load,Actual Load,2026-07-14T14:11:01Z
2026-07-14T14:09:01Z,2026-07-14T16:09:01+0200,fe0b5391-87e1-42cc-91a2-4b5686b81b2f,2026-07-12T02:00:00Z,2026-07-12T04:00:00+0200,37049.58652,MW,DE,DE_LU,actual_load,Actual Load,2026-07-14T14:11:01Z
2026-07-14T14:09:01Z,2026-07-14T16:09:01+0200,fe0b5391-87e1-42cc-91a2-4b5686b81b2f,2026-07-12T02:15:00Z,2026-07-12T04:15:00+0200,37574.52586,MW,DE,DE_LU,actual_load,Actual Load,2026-07-14T14:11:01Z
2026-07-14T14:09:01Z,2026-07-14T16:09:01+0200,fe0b5391-87e1-42cc-91a2-4b5686b81b2f,2026-07-12T02:30:00Z,2026-07-12T04:30:00+0200,37817.80541,MW,DE,DE_LU,actual_load,Actual Load,2026-07-14T14:11:01Z
2026-07-14T14:09:01Z,2026-07-14T16:09:01+0200,fe0b5391-87e1-42cc-91a2-4b5686b81b2f,2026-07-12T02:45:00Z,2026-07-12T04:45:00+0200,37624.43665,MW,DE,DE_LU,actual_load,Actual Load,2026-07-14T14:11:01Z
2026-07-14T14:09:01Z,2026-07-14T16:09:01+0200,fe0b5391-87e1-42cc-91a2-4b5686b81b2f,2026-07-12T03:00:00Z,2026-07-12T05:00:00+0200,37946.07586,MW,DE,DE_LU,actual_load,Actual Load,2026-07-14T14:11:01Z
2026-07-14T14:09:01Z,2026-07-14T16:09:01+0200,fe0b5391-87e1-42cc-91a2-4b5686b81b2f,2026-07-12T03:15:00Z,2026-07-12T05:15:00+0200,37667.53748,MW,DE,DE_LU,actual_load,Actual Load,2026-07-14T14:11:01Z
2026-07-14T14:09:01Z,2026-07-14T16:09:01+0200,fe0b5391-87e1-42cc-91a2-4b5686b81b2f,2026-07-12T03:30:00Z,2026-07-12T05:30:00+0200,37389.89695,MW,DE,DE_LU,actual_load,Actual Load,2026-07-14T14:11:01Z
2026-07-14T14:09:01Z,2026-07-14T16:09:01+0200,fe0b5391-87e1-42cc-91a2-4b5686b81b2f,2026-07-12T03:45:00Z,2026-07-12T05:45:00+0200,37196.07667,MW,DE,DE_LU,actual_load,Actual Load,2026-07-14T14:11:01Z
2026-07-14T14:09:01Z,2026-07-14T16:09:01+0200,fe0b5391-87e1-42cc-91a2-4b5686b81b2f,2026-07-12T04:00:00Z,2026-07-12T06:00:00+0200,38245.21148,MW,DE,DE_LU,actual_load,Actual Load,2026-07-14T14:11:01Z
2026-07-14T14:09:01Z,2026-07-14T16:09:01+0200,fe0b5391-87e1-42cc-91a2-4b5686b81b2f,2026-07-12T04:15:00Z,2026-07-12T06:15:00+0200,38469.55335,MW,DE,DE_LU,actual_load,Actual Load,2026-07-14T14:11:01Z
2026-07-14T14:09:01Z,2026-07-14T16:09:01+0200,fe0b5391-87e1-42cc-91a2-4b5686b81b2f,2026-07-12T04:30:00Z,2026-07-12T06:30:00+0200,38815.63725,MW,DE,DE_LU,actual_load,Actual Load,2026-07-14T14:11:01Z
2026-07-14T14:09:01Z,2026-07-14T16:09:01+0200,fe0b5391-87e1-42cc-91a2-4b5686b81b2f,2026-07-12T04:45:00Z,2026-07-12T06:45:00+0200,38835.97783,MW,DE,DE_LU,actual_load,Actual Load,2026-07-14T14:11:01Z
2026-07-14T14:09:01Z,2026-07-14T16:09:01+0200,fe0b5391-87e1-42cc-91a2-4b5686b81b2f,2026-07-12T05:00:00Z,2026-07-12T07:00:00+0200,39440.36263,MW,DE,DE_LU,actual_load,Actual Load,2026-07-14T14:11:01Z
2026-07-14T14:09:01Z,2026-07-14T16:09:01+0200,fe0b5391-87e1-42cc-91a2-4b5686b81b2f,2026-07-12T05:15:00Z,2026-07-12T07:15:00+0200,39672.29279,MW,DE,DE_LU,actual_load,Actual Load,2026-07-14T14:11:01Z
2026-07-14T14:09:01Z,2026-07-14T16:09:01+0200,fe0b5391-87e1-42cc-91a2-4b5686b81b2f,2026-07-12T05:30:00Z,2026-07-12T07:30:00+0200,40108.18643,MW,DE,DE_LU,actual_load,Actual Load,2026-07-14T14:11:01Z
2026-07-14T14:09:01Z,2026-07-14T16:09:01+0200,fe0b5391-87e1-42cc-91a2-4b5686b81b2f,2026-07-12T05:45:00Z,2026-07-12T07:45:00+0200,40795.03973,MW,DE,DE_LU,actual_load,Actual Load,2026-07-14T14:11:01Z
2026-07-14T14:09:01Z,2026-07-14T16:09:01+0200,fe0b5391-87e1-42cc-91a2-4b5686b81b2f,2026-07-12T06:00:00Z,2026-07-12T08:00:00+0200,40876.94501,MW,DE,DE_LU,actual_load,Actual Load,2026-07-14T14:11:01Z
2026-07-14T14:09:01Z,2026-07-14T16:09:01+0200,fe0b5391-87e1-42cc-91a2-4b5686b81b2f,2026-07-12T06:15:00Z,2026-07-12T08:15:00+0200,41653.11299,MW,DE,DE_LU,actual_load,Actual Load,2026-07-14T14:11:01Z
2026-07-14T14:09:01Z,2026-07-14T16:09:01+0200,fe0b5391-87e1-42cc-91a2-4b5686b81b2f,2026-07-12T06:30:00Z,2026-07-12T08:30:00+0200,41710.04374,MW,DE,DE_LU,actual_load,Actual Load,2026-07-14T14:11:01Z
2026-07-14T14:09:01Z,2026-07-14T16:09:01+0200,fe0b5391-87e1-42cc-91a2-4b5686b81b2f,2026-07-12T06:45:00Z,2026-07-12T08:45:00+0200,41237.85267,MW,DE,DE_LU,actual_load,Actual Load,2026-07-14T14:11:01Z
2026-07-14T14:09:01Z,2026-07-14T16:09:01+0200,fe0b5391-87e1-42cc-91a2-4b5686b81b2f,2026-07-12T07:00:00Z,2026-07-12T09:00:00+0200,41384.8715,MW,DE,DE_LU,actual_load,Actual Load,2026-07-14T14:11:01Z
2026-07-14T14:09:01Z,2026-07-14T16:09:01+0200,fe0b5391-87e1-42cc-91a2-4b5686b81b2f,2026-07-12T07:15:00Z,2026-07-12T09:15:00+0200,41544.47854,MW,DE,DE_LU,actual_load,Actual Load,2026-07-14T14:11:01Z
2026-07-14T14:09:01Z,2026-07-14T16:09:01+0200,fe0b5391-87e1-42cc-91a2-4b5686b81b2f,2026-07-12T07:30:00Z,2026-07-12T09:30:00+0200,41805.33458,MW,DE,DE_LU,actual_load,Actual Load,2026-07-14T14:11:01Z
2026-07-14T14:09:01Z,2026-07-14T16:09:01+0200,fe0b5391-87e1-42cc-91a2-4b5686b81b2f,2026-07-12T07:45:00Z,2026-07-12T09:45:00+0200,42344.82767,MW,DE,DE_LU,actual_load,Actual Load,2026-07-14T14:11:01Z
2026-07-14T14:09:01Z,2026-07-14T16:09:01+0200,fe0b5391-87e1-42cc-91a2-4b5686b81b2f,2026-07-12T08:00:00Z,2026-07-12T10:00:00+0200,42330.80237,MW,DE,DE_LU,actual_load,Actual Load,2026-07-14T14:11:01Z
2026-07-14T14:09:01Z,2026-07-14T16:09:01+0200,fe0b5391-87e1-42cc-91a2-4b5686b81b2f,2026-07-12T08:15:00Z,2026-07-12T10:15:00+0200,42829.95558,MW,DE,DE_LU,actual_load,Actual Load,2026-07-14T14:11:01Z
2026-07-14T14:09:01Z,2026-07-14T16:09:01+0200,fe0b5391-87e1-42cc-91a2-4b5686b81b2f,2026-07-12T08:30:00Z,2026-07-12T10:30:00+0200,43255.56767,MW,DE,DE_LU,actual_load,Actual Load,2026-07-14T14:11:01Z
2026-07-14T14:09:01Z,2026-07-14T16:09:01+0200,fe0b5391-87e1-42cc-91a2-4b5686b81b2f,2026-07-12T08:45:00Z,2026-07-12T10:45:00+0200,42596.39937,MW,DE,DE_LU,actual_load,Actual Load,2026-07-14T14:11:01Z
2026-07-14T14:09:01Z,2026-07-14T16:09:01+0200,fe0b5391-87e1-42cc-91a2-4b5686b81b2f,2026-07-12T09:00:00Z,2026-07-12T11:00:00+0200,43586.53732,MW,DE,DE_LU,actual_load,Actual Load,2026-07-14T14:11:01Z
2026-07-14T14:09:01Z,2026-07-14T16:09:01+0200,fe0b5391-87e1-42cc-91a2-4b5686b81b2f,2026-07-12T09:15:00Z,2026-07-12T11:15:00+0200,43729.12971,MW,DE,DE_LU,actual_load,Actual Load,2026-07-14T14:11:01Z
2026-07-14T14:09:01Z,2026-07-14T16:09:01+0200,fe0b5391-87e1-42cc-91a2-4b5686b81b2f,2026-07-12T09:30:00Z,2026-07-12T11:30:00+0200,44480.369,MW,DE,DE_LU,actual_load,Actual Load,2026-07-14T14:11:01Z
2026-07-14T14:09:01Z,2026-07-14T16:09:01+0200,fe0b5391-87e1-42cc-91a2-4b5686b81b2f,2026-07-12T09:45:00Z,2026-07-12T11:45:00+0200,43768.21071,MW,DE,DE_LU,actual_load,Actual Load,2026-07-14T14:11:01Z
2026-07-14T14:09:01Z,2026-07-14T16:09:01+0200,fe0b5391-87e1-42cc-91a2-4b5686b81b2f,2026-07-12T10:00:00Z,2026-07-12T12:00:00+0200,44272.407,MW,DE,DE_LU,actual_load,Actual Load,2026-07-14T14:11:01Z
2026-07-14T14:09:01Z,2026-07-14T16:09:01+0200,fe0b5391-87e1-42cc-91a2-4b5686b81b2f,2026-07-12T10:15:00Z,2026-07-12T12:15:00+0200,44392.75652,MW,DE,DE_LU,actual_load,Actual Load,2026-07-14T14:11:01Z
2026-07-14T14:09:01Z,2026-07-14T16:09:01+0200,fe0b5391-87e1-42cc-91a2-4b5686b81b2f,2026-07-12T10:30:00Z,2026-07-12T12:30:00+0200,44257.05063,MW,DE,DE_LU,actual_load,Actual Load,2026-07-14T14:11:01Z
2026-07-14T14:09:01Z,2026-07-14T16:09:01+0200,fe0b5391-87e1-42cc-91a2-4b5686b81b2f,2026-07-12T10:45:00Z,2026-07-12T12:45:00+0200,44155.35462,MW,DE,DE_LU,actual_load,Actual Load,2026-07-14T14:11:01Z
2026-07-14T14:09:01Z,2026-07-14T16:09:01+0200,fe0b5391-87e1-42cc-91a2-4b5686b81b2f,2026-07-12T11:00:00Z,2026-07-12T13:00:00+0200,43363.83038,MW,DE,DE_LU,actual_load,Actual Load,2026-07-14T14:11:01Z
2026-07-14T14:09:01Z,2026-07-14T16:09:01+0200,fe0b5391-87e1-42cc-91a2-4b5686b81b2f,2026-07-12T11:15:00Z,2026-07-12T13:15:00+0200,42607.89103,MW,DE,DE_LU,actual_load,Actual Load,2026-07-14T14:11:01Z
2026-07-14T14:09:01Z,2026-07-14T16:09:01+0200,fe0b5391-87e1-42cc-91a2-4b5686b81b2f,2026-07-12T11:30:00Z,2026-07-12T13:30:00+0200,42534.16091,MW,DE,DE_LU,actual_load,Actual Load,2026-07-14T14:11:01Z
2026-07-14T14:09:01Z,2026-07-14T16:09:01+0200,fe0b5391-87e1-42cc-91a2-4b5686b81b2f,2026-07-12T11:45:00Z,2026-07-12T13:45:00+0200,42222.66947,MW,DE,DE_LU,actual_load,Actual Load,2026-07-14T14:11:01Z
2026-07-14T14:09:01Z,2026-07-14T16:09:01+0200,fe0b5391-87e1-42cc-91a2-4b5686b81b2f,2026-07-12T12:00:00Z,2026-07-12T14:00:00+0200,41790.23812,MW,DE,DE_LU,actual_load,Actual Load,2026-07-14T14:11:01Z
2026-07-14T14:09:01Z,2026-07-14T16:09:01+0200,fe0b5391-87e1-42cc-91a2-4b5686b81b2f,2026-07-12T12:15:00Z,2026-07-12T14:15:00+0200,41756.28,MW,DE,DE_LU,actual_load,Actual Load,2026-07-14T14:11:01Z
2026-07-14T14:09:01Z,2026-07-14T16:09:01+0200,fe0b5391-87e1-42cc-91a2-4b5686b81b2f,2026-07-12T12:30:00Z,2026-07-12T14:30:00+0200,41484.8514,MW,DE,DE_LU,actual_load,Actual Load,2026-07-14T14:11:01Z
2026-07-14T14:09:01Z,2026-07-14T16:09:01+0200,fe0b5391-87e1-42cc-91a2-4b5686b81b2f,2026-07-12T12:45:00Z,2026-07-12T14:45:00+0200,41218.87494,MW,DE,DE_LU,actual_load,Actual Load,2026-07-14T14:11:01Z
2026-07-14T14:09:01Z,2026-07-14T16:09:01+0200,fe0b5391-87e1-42cc-91a2-4b5686b81b2f,2026-07-12T13:00:00Z,2026-07-12T15:00:00+0200,41656.26819,MW,DE,DE_LU,actual_load,Actual Load,2026-07-14T14:11:01Z
2026-07-14T14:09:01Z,2026-07-14T16:09:01+0200,fe0b5391-87e1-42cc-91a2-4b5686b81b2f,2026-07-12T13:15:00Z,2026-07-12T15:15:00+0200,41380.78301,MW,DE,DE_LU,actual_load,Actual Load,2026-07-14T14:11:01Z
2026-07-14T14:09:01Z,2026-07-14T16:09:01+0200,fe0b5391-87e1-42cc-91a2-4b5686b81b2f,2026-07-12T13:30:00Z,2026-07-12T15:30:00+0200,41528.18005,MW,DE,DE_LU,actual_load,Actual Load,2026-07-14T14:11:01Z
2026-07-14T14:09:01Z,2026-07-14T16:09:01+0200,fe0b5391-87e1-42cc-91a2-4b5686b81b2f,2026-07-12T13:45:00Z,2026-07-12T15:45:00+0200,41651.84486,MW,DE,DE_LU,actual_load,Actual Load,2026-07-14T14:11:01Z
2026-07-14T14:09:01Z,2026-07-14T16:09:01+0200,fe0b5391-87e1-42cc-91a2-4b5686b81b2f,2026-07-12T14:00:00Z,2026-07-12T16:00:00+0200,41008.89662,MW,DE,DE_LU,actual_load,Actual Load,2026-07-14T14:11:01Z
2026-07-14T14:09:01Z,2026-07-14T16:09:01+0200,fe0b5391-87e1-42cc-91a2-4b5686b81b2f,2026-07-12T14:15:00Z,2026-07-12T16:15:00+0200,41137.35206,MW,DE,DE_LU,actual_load,Actual Load,2026-07-14T14:11:01Z
2026-07-14T14:09:01Z,2026-07-14T16:09:01+0200,fe0b5391-87e1-42cc-91a2-4b5686b81b2f,2026-07-12T14:30:00Z,2026-07-12T16:30:00+0200,41782.85801,MW,DE,DE_LU,actual_load,Actual Load,2026-07-14T14:11:01Z
2026-07-14T14:09:01Z,2026-07-14T16:09:01+0200,fe0b5391-87e1-42cc-91a2-4b5686b81b2f,2026-07-12T14:45:00Z,2026-07-12T16:45:00+0200,42496.30862,MW,DE,DE_LU,actual_load,Actual Load,2026-07-14T14:11:01Z
2026-07-14T14:09:01Z,2026-07-14T16:09:01+0200,fe0b5391-87e1-42cc-91a2-4b5686b81b2f,2026-07-12T15:00:00Z,2026-07-12T17:00:00+0200,42991.2443,MW,DE,DE_LU,actual_load,Actual Load,2026-07-14T14:11:01Z
2026-07-14T14:09:01Z,2026-07-14T16:09:01+0200,fe0b5391-87e1-42cc-91a2-4b5686b81b2f,2026-07-12T15:15:00Z,2026-07-12T17:15:00+0200,43550.92857,MW,DE,DE_LU,actual_load,Actual Load,2026-07-14T14:11:01Z
2026-07-14T14:09:01Z,2026-07-14T16:09:01+0200,fe0b5391-87e1-42cc-91a2-4b5686b81b2f,2026-07-12T15:30:00Z,2026-07-12T17:30:00+0200,44214.08276,MW,DE,DE_LU,actual_load,Actual Load,2026-07-14T14:11:01Z
2026-07-14T14:09:01Z,2026-07-14T16:09:01+0200,fe0b5391-87e1-42cc-91a2-4b5686b81b2f,2026-07-12T15:45:00Z,2026-07-12T17:45:00+0200,44297.75879,MW,DE,DE_LU,actual_load,Actual Load,2026-07-14T14:11:01Z
2026-07-14T14:09:01Z,2026-07-14T16:09:01+0200,fe0b5391-87e1-42cc-91a2-4b5686b81b2f,2026-07-12T16:00:00Z,2026-07-12T18:00:00+0200,45297.20894,MW,DE,DE_LU,actual_load,Actual Load,2026-07-14T14:11:01Z
2026-07-14T14:09:01Z,2026-07-14T16:09:01+0200,fe0b5391-87e1-42cc-91a2-4b5686b81b2f,2026-07-12T16:15:00Z,2026-07-12T18:15:00+0200,45961.17007,MW,DE,DE_LU,actual_load,Actual Load,2026-07-14T14:11:01Z
2026-07-14T14:09:01Z,2026-07-14T16:09:01+0200,fe0b5391-87e1-42cc-91a2-4b5686b81b2f,2026-07-12T16:30:00Z,2026-07-12T18:30:00+0200,46667.82959,MW,DE,DE_LU,actual_load,Actual Load,2026-07-14T14:11:01Z
2026-07-14T14:09:01Z,2026-07-14T16:09:01+0200,fe0b5391-87e1-42cc-91a2-4b5686b81b2f,2026-07-12T16:45:00Z,2026-07-12T18:45:00+0200,47297.97689,MW,DE,DE_LU,actual_load,Actual Load,2026-07-14T14:11:01Z
2026-07-14T14:09:01Z,2026-07-14T16:09:01+0200,fe0b5391-87e1-42cc-91a2-4b5686b81b2f,2026-07-12T17:00:00Z,2026-07-12T19:00:00+0200,48703.46643,MW,DE,DE_LU,actual_load,Actual Load,2026-07-14T14:11:01Z
2026-07-14T14:09:01Z,2026-07-14T16:09:01+0200,fe0b5391-87e1-42cc-91a2-4b5686b81b2f,2026-07-12T17:15:00Z,2026-07-12T19:15:00+0200,48959.4564,MW,DE,DE_LU,actual_load,Actual Load,2026-07-14T14:11:01Z
2026-07-14T14:09:01Z,2026-07-14T16:09:01+0200,fe0b5391-87e1-42cc-91a2-4b5686b81b2f,2026-07-12T17:30:00Z,2026-07-12T19:30:00+0200,49396.14651,MW,DE,DE_LU,actual_load,Actual Load,2026-07-14T14:11:01Z
2026-07-14T14:09:01Z,2026-07-14T16:09:01+0200,fe0b5391-87e1-42cc-91a2-4b5686b81b2f,2026-07-12T17:45:00Z,2026-07-12T19:45:00+0200,49954.22322,MW,DE,DE_LU,actual_load,Actual Load,2026-07-14T14:11:01Z
2026-07-14T14:09:01Z,2026-07-14T16:09:01+0200,fe0b5391-87e1-42cc-91a2-4b5686b81b2f,2026-07-12T18:00:00Z,2026-07-12T20:00:00+0200,50427.51133,MW,DE,DE_LU,actual_load,Actual Load,2026-07-14T14:11:01Z
2026-07-14T14:09:01Z,2026-07-14T16:09:01+0200,fe0b5391-87e1-42cc-91a2-4b5686b81b2f,2026-07-12T18:15:00Z,2026-07-12T20:15:00+0200,50452.22941,MW,DE,DE_LU,actual_load,Actual Load,2026-07-14T14:11:01Z
2026-07-14T14:09:01Z,2026-07-14T16:09:01+0200,fe0b5391-87e1-42cc-91a2-4b5686b81b2f,2026-07-12T18:30:00Z,2026-07-12T20:30:00+0200,50459.1262,MW,DE,DE_LU,actual_load,Actual Load,2026-07-14T14:11:01Z
2026-07-14T14:09:01Z,2026-07-14T16:09:01+0200,fe0b5391-87e1-42cc-91a2-4b5686b81b2f,2026-07-12T18:45:00Z,2026-07-12T20:45:00+0200,49914.14043,MW,DE,DE_LU,actual_load,Actual Load,2026-07-14T14:11:01Z
2026-07-14T14:09:01Z,2026-07-14T16:09:01+0200,fe0b5391-87e1-42cc-91a2-4b5686b81b2f,2026-07-12T19:00:00Z,2026-07-12T21:00:00+0200,49907.29201,MW,DE,DE_LU,actual_load,Actual Load,2026-07-14T14:11:01Z
2026-07-14T14:09:01Z,2026-07-14T16:09:01+0200,fe0b5391-87e1-42cc-91a2-4b5686b81b2f,2026-07-12T19:15:00Z,2026-07-12T21:15:00+0200,49724.15898,MW,DE,DE_LU,actual_load,Actual Load,2026-07-14T14:11:01Z
2026-07-14T14:09:01Z,2026-07-14T16:09:01+0200,fe0b5391-87e1-42cc-91a2-4b5686b81b2f,2026-07-12T19:30:00Z,2026-07-12T21:30:00+0200,49643.42156,MW,DE,DE_LU,actual_load,Actual Load,2026-07-14T14:11:01Z
2026-07-14T14:09:01Z,2026-07-14T16:09:01+0200,fe0b5391-87e1-42cc-91a2-4b5686b81b2f,2026-07-12T19:45:00Z,2026-07-12T21:45:00+0200,49985.08318,MW,DE,DE_LU,actual_load,Actual Load,2026-07-14T14:11:01Z
2026-07-14T14:09:01Z,2026-07-14T16:09:01+0200,fe0b5391-87e1-42cc-91a2-4b5686b81b2f,2026-07-12T20:00:00Z,2026-07-12T22:00:00+0200,49755.33515,MW,DE,DE_LU,actual_load,Actual Load,2026-07-14T14:11:01Z
2026-07-14T14:09:01Z,2026-07-14T16:09:01+0200,fe0b5391-87e1-42cc-91a2-4b5686b81b2f,2026-07-12T20:15:00Z,2026-07-12T22:15:00+0200,50308.56719,MW,DE,DE_LU,actual_load,Actual Load,2026-07-14T14:11:01Z
2026-07-14T14:09:01Z,2026-07-14T16:09:01+0200,fe0b5391-87e1-42cc-91a2-4b5686b81b2f,2026-07-12T20:30:00Z,2026-07-12T22:30:00+0200,50066.82455,MW,DE,DE_LU,actual_load,Actual Load,2026-07-14T14:11:01Z
2026-07-14T14:09:01Z,2026-07-14T16:09:01+0200,fe0b5391-87e1-42cc-91a2-4b5686b81b2f,2026-07-12T20:45:00Z,2026-07-12T22:45:00+0200,49247.95071,MW,DE,DE_LU,actual_load,Actual Load,2026-07-14T14:11:01Z
2026-07-14T14:09:01Z,2026-07-14T16:09:01+0200,fe0b5391-87e1-42cc-91a2-4b5686b81b2f,2026-07-12T21:00:00Z,2026-07-12T23:00:00+0200,48130.72301,MW,DE,DE_LU,actual_load,Actual Load,2026-07-14T14:11:01Z
2026-07-14T14:09:01Z,2026-07-14T16:09:01+0200,fe0b5391-87e1-42cc-91a2-4b5686b81b2f,2026-07-12T21:15:00Z,2026-07-12T23:15:00+0200,47717.60758,MW,DE,DE_LU,actual_load,Actual Load,2026-07-14T14:11:01Z
2026-07-14T14:09:01Z,2026-07-14T16:09:01+0200,fe0b5391-87e1-42cc-91a2-4b5686b81b2f,2026-07-12T21:30:00Z,2026-07-12T23:30:00+0200,46702.9795,MW,DE,DE_LU,actual_load,Actual Load,2026-07-14T14:11:01Z
2026-07-14T14:09:01Z,2026-07-14T16:09:01+0200,fe0b5391-87e1-42cc-91a2-4b5686b81b2f,2026-07-12T21:45:00Z,2026-07-12T23:45:00+0200,46293.00301,MW,DE,DE_LU,actual_load,Actual Load,2026-07-14T14:11:01Z
2026-07-14T14:09:01Z,2026-07-14T16:09:01+0200,fe0b5391-87e1-42cc-91a2-4b5686b81b2f,2026-07-12T22:00:00Z,2026-07-13T00:00:00+0200,45648.7068,MW,DE,DE_LU,actual_load,Actual Load,2026-07-14T14:11:01Z
2026-07-14T14:09:01Z,2026-07-14T16:09:01+0200,fe0b5391-87e1-42cc-91a2-4b5686b81b2f,2026-07-12T22:15:00Z,2026-07-13T00:15:00+0200,45776.48174,MW,DE,DE_LU,actual_load,Actual Load,2026-07-14T14:11:01Z
2026-07-14T14:09:01Z,2026-07-14T16:09:01+0200,fe0b5391-87e1-42cc-91a2-4b5686b81b2f,2026-07-12T22:30:00Z,2026-07-13T00:30:00+0200,45308.25952,MW,DE,DE_LU,actual_load,Actual Load,2026-07-14T14:11:01Z
2026-07-14T14:09:01Z,2026-07-14T16:09:01+0200,fe0b5391-87e1-42cc-91a2-4b5686b81b2f,2026-07-12T22:45:00Z,2026-07-13T00:45:00+0200,44995.94342,MW,DE,DE_LU,actual_load,Actual Load,2026-07-14T14:11:01Z
2026-07-14T14:09:01Z,2026-07-14T16:09:01+0200,fe0b5391-87e1-42cc-91a2-4b5686b81b2f,2026-07-12T23:00:00Z,2026-07-13T01:00:00+0200,43973.22207,MW,DE,DE_LU,actual_load,Actual Load,2026-07-14T14:11:01Z
2026-07-14T14:09:01Z,2026-07-14T16:09:01+0200,fe0b5391-87e1-42cc-91a2-4b5686b81b2f,2026-07-12T23:15:00Z,2026-07-13T01:15:00+0200,44008.74023,MW,DE,DE_LU,actual_load,Actual Load,2026-07-14T14:11:01Z
2026-07-14T14:09:01Z,2026-07-14T16:09:01+0200,fe0b5391-87e1-42cc-91a2-4b5686b81b2f,2026-07-12T23:30:00Z,2026-07-13T01:30:00+0200,43636.53828,MW,DE,DE_LU,actual_load,Actual Load,2026-07-14T14:11:01Z
2026-07-14T14:09:01Z,2026-07-14T16:09:01+0200,fe0b5391-87e1-42cc-91a2-4b5686b81b2f,2026-07-12T23:45:00Z,2026-07-13T01:45:00+0200,43532.70028,MW,DE,DE_LU,actual_load,Actual Load,2026-07-14T14:11:01Z
2026-07-14T14:09:01Z,2026-07-14T16:09:01+0200,fe0b5391-87e1-42cc-91a2-4b5686b81b2f,2026-07-13T00:00:00Z,2026-07-13T02:00:00+0200,42609.6305,MW,DE,DE_LU,actual_load,Actual Load,2026-07-14T14:11:01Z
2026-07-14T14:09:01Z,2026-07-14T16:09:01+0200,fe0b5391-87e1-42cc-91a2-4b5686b81b2f,2026-07-13T00:15:00Z,2026-07-13T02:15:00+0200,42409.68601,MW,DE,DE_LU,actual_load,Actual Load,2026-07-14T14:11:01Z
2026-07-14T14:09:01Z,2026-07-14T16:09:01+0200,fe0b5391-87e1-42cc-91a2-4b5686b81b2f,2026-07-13T00:30:00Z,2026-07-13T02:30:00+0200,42727.16298,MW,DE,DE_LU,actual_load,Actual Load,2026-07-14T14:11:01Z
2026-07-14T14:09:01Z,2026-07-14T16:09:01+0200,fe0b5391-87e1-42cc-91a2-4b5686b81b2f,2026-07-13T00:45:00Z,2026-07-13T02:45:00+0200,42971.21089,MW,DE,DE_LU,actual_load,Actual Load,2026-07-14T14:11:01Z
2026-07-14T14:09:01Z,2026-07-14T16:09:01+0200,fe0b5391-87e1-42cc-91a2-4b5686b81b2f,2026-07-13T01:00:00Z,2026-07-13T03:00:00+0200,43250.76131,MW,DE,DE_LU,actual_load,Actual Load,2026-07-14T14:11:01Z
2026-07-14T14:09:01Z,2026-07-14T16:09:01+0200,fe0b5391-87e1-42cc-91a2-4b5686b81b2f,2026-07-13T01:15:00Z,2026-07-13T03:15:00+0200,43129.84916,MW,DE,DE_LU,actual_load,Actual Load,2026-07-14T14:11:01Z
2026-07-14T14:09:01Z,2026-07-14T16:09:01+0200,fe0b5391-87e1-42cc-91a2-4b5686b81b2f,2026-07-13T01:30:00Z,2026-07-13T03:30:00+0200,42881.20722,MW,DE,DE_LU,actual_load,Actual Load,2026-07-14T14:11:01Z
2026-07-14T14:09:01Z,2026-07-14T16:09:01+0200,fe0b5391-87e1-42cc-91a2-4b5686b81b2f,2026-07-13T01:45:00Z,2026-07-13T03:45:00+0200,43127.97304,MW,DE,DE_LU,actual_load,Actual Load,2026-07-14T14:11:01Z
2026-07-14T14:09:01Z,2026-07-14T16:09:01+0200,fe0b5391-87e1-42cc-91a2-4b5686b81b2f,2026-07-13T02:00:00Z,2026-07-13T04:00:00+0200,43784.478,MW,DE,DE_LU,actual_load,Actual Load,2026-07-14T14:11:01Z
2026-07-14T14:09:01Z,2026-07-14T16:09:01+0200,fe0b5391-87e1-42cc-91a2-4b5686b81b2f,2026-07-13T02:15:00Z,2026-07-13T04:15:00+0200,43378.1398,MW,DE,DE_LU,actual_load,Actual Load,2026-07-14T14:11:01Z
2026-07-14T14:09:01Z,2026-07-14T16:09:01+0200,fe0b5391-87e1-42cc-91a2-4b5686b81b2f,2026-07-13T02:30:00Z,2026-07-13T04:30:00+0200,43759.97274,MW,DE,DE_LU,actual_load,Actual Load,2026-07-14T14:11:01Z
2026-07-14T14:09:01Z,2026-07-14T16:09:01+0200,fe0b5391-87e1-42cc-91a2-4b5686b81b2f,2026-07-13T02:45:00Z,2026-07-13T04:45:00+0200,44098.93244,MW,DE,DE_LU,actual_load,Actual Load,2026-07-14T14:11:01Z
2026-07-14T14:09:01Z,2026-07-14T16:09:01+0200,fe0b5391-87e1-42cc-91a2-4b5686b81b2f,2026-07-13T03:00:00Z,2026-07-13T05:00:00+0200,45522.25177,MW,DE,DE_LU,actual_load,Actual Load,2026-07-14T14:11:01Z
2026-07-14T14:09:01Z,2026-07-14T16:09:01+0200,fe0b5391-87e1-42cc-91a2-4b5686b81b2f,2026-07-13T03:15:00Z,2026-07-13T05:15:00+0200,45985.47981,MW,DE,DE_LU,actual_load,Actual Load,2026-07-14T14:11:01Z
2026-07-14T14:09:01Z,2026-07-14T16:09:01+0200,fe0b5391-87e1-42cc-91a2-4b5686b81b2f,2026-07-13T03:30:00Z,2026-07-13T05:30:00+0200,46411.42681,MW,DE,DE_LU,actual_load,Actual Load,2026-07-14T14:11:01Z
2026-07-14T14:09:01Z,2026-07-14T16:09:01+0200,fe0b5391-87e1-42cc-91a2-4b5686b81b2f,2026-07-13T03:45:00Z,2026-07-13T05:45:00+0200,47809.25388,MW,DE,DE_LU,actual_load,Actual Load,2026-07-14T14:11:01Z
2026-07-14T14:09:01Z,2026-07-14T16:09:01+0200,fe0b5391-87e1-42cc-91a2-4b5686b81b2f,2026-07-13T04:00:00Z,2026-07-13T06:00:00+0200,50639.99876,MW,DE,DE_LU,actual_load,Actual Load,2026-07-14T14:11:01Z
2026-07-14T14:09:01Z,2026-07-14T16:09:01+0200,fe0b5391-87e1-42cc-91a2-4b5686b81b2f,2026-07-13T04:15:00Z,2026-07-13T06:15:00+0200,52869.22668,MW,DE,DE_LU,actual_load,Actual Load,2026-07-14T14:11:01Z
2026-07-14T14:09:01Z,2026-07-14T16:09:01+0200,fe0b5391-87e1-42cc-91a2-4b5686b81b2f,2026-07-13T04:30:00Z,2026-07-13T06:30:00+0200,54096.7787,MW,DE,DE_LU,actual_load,Actual Load,2026-07-14T14:11:01Z
2026-07-14T14:09:01Z,2026-07-14T16:09:01+0200,fe0b5391-87e1-42cc-91a2-4b5686b81b2f,2026-07-13T04:45:00Z,2026-07-13T06:45:00+0200,55610.27882,MW,DE,DE_LU,actual_load,Actual Load,2026-07-14T14:11:01Z
2026-07-14T14:09:01Z,2026-07-14T16:09:01+0200,fe0b5391-87e1-42cc-91a2-4b5686b81b2f,2026-07-13T05:00:00Z,2026-07-13T07:00:00+0200,56577.26762,MW,DE,DE_LU,actual_load,Actual Load,2026-07-14T14:11:01Z
2026-07-14T14:09:01Z,2026-07-14T16:09:01+0200,fe0b5391-87e1-42cc-91a2-4b5686b81b2f,2026-07-13T05:15:00Z,2026-07-13T07:15:00+0200,57766.73401,MW,DE,DE_LU,actual_load,Actual Load,2026-07-14T14:11:01Z
2026-07-14T14:09:01Z,2026-07-14T16:09:01+0200,fe0b5391-87e1-42cc-91a2-4b5686b81b2f,2026-07-13T05:30:00Z,2026-07-13T07:30:00+0200,58586.37938,MW,DE,DE_LU,actual_load,Actual Load,2026-07-14T14:11:01Z
2026-07-14T14:09:01Z,2026-07-14T16:09:01+0200,fe0b5391-87e1-42cc-91a2-4b5686b81b2f,2026-07-13T05:45:00Z,2026-07-13T07:45:00+0200,59741.26853,MW,DE,DE_LU,actual_load,Actual Load,2026-07-14T14:11:01Z
2026-07-14T14:09:01Z,2026-07-14T16:09:01+0200,fe0b5391-87e1-42cc-91a2-4b5686b81b2f,2026-07-13T06:00:00Z,2026-07-13T08:00:00+0200,59970.15487,MW,DE,DE_LU,actual_load,Actual Load,2026-07-14T14:11:01Z
2026-07-14T14:09:01Z,2026-07-14T16:09:01+0200,fe0b5391-87e1-42cc-91a2-4b5686b81b2f,2026-07-13T06:15:00Z,2026-07-13T08:15:00+0200,60805.94787,MW,DE,DE_LU,actual_load,Actual Load,2026-07-14T14:11:01Z
2026-07-14T14:09:01Z,2026-07-14T16:09:01+0200,fe0b5391-87e1-42cc-91a2-4b5686b81b2f,2026-07-13T06:30:00Z,2026-07-13T08:30:00+0200,62350.7721,MW,DE,DE_LU,actual_load,Actual Load,2026-07-14T14:11:01Z
2026-07-14T14:09:01Z,2026-07-14T16:09:01+0200,fe0b5391-87e1-42cc-91a2-4b5686b81b2f,2026-07-13T06:45:00Z,2026-07-13T08:45:00+0200,62489.03221,MW,DE,DE_LU,actual_load,Actual Load,2026-07-14T14:11:01Z
2026-07-14T14:09:01Z,2026-07-14T16:09:01+0200,fe0b5391-87e1-42cc-91a2-4b5686b81b2f,2026-07-13T07:00:00Z,2026-07-13T09:00:00+0200,60840.374,MW,DE,DE_LU,actual_load,Actual Load,2026-07-14T14:11:01Z
2026-07-14T14:09:01Z,2026-07-14T16:09:01+0200,fe0b5391-87e1-42cc-91a2-4b5686b81b2f,2026-07-13T07:15:00Z,2026-07-13T09:15:00+0200,60780.88774,MW,DE,DE_LU,actual_load,Actual Load,2026-07-14T14:11:01Z
2026-07-14T14:09:01Z,2026-07-14T16:09:01+0200,fe0b5391-87e1-42cc-91a2-4b5686b81b2f,2026-07-13T07:30:00Z,2026-07-13T09:30:00+0200,60335.46194,MW,DE,DE_LU,actual_load,Actual Load,2026-07-14T14:11:01Z
2026-07-14T14:09:01Z,2026-07-14T16:09:01+0200,fe0b5391-87e1-42cc-91a2-4b5686b81b2f,2026-07-13T07:45:00Z,2026-07-13T09:45:00+0200,60484.6885,MW,DE,DE_LU,actual_load,Actual Load,2026-07-14T14:11:01Z
2026-07-14T14:09:01Z,2026-07-14T16:09:01+0200,fe0b5391-87e1-42cc-91a2-4b5686b81b2f,2026-07-13T08:00:00Z,2026-07-13T10:00:00+0200,59994.89436,MW,DE,DE_LU,actual_load,Actual Load,2026-07-14T14:11:01Z
2026-07-14T14:09:01Z,2026-07-14T16:09:01+0200,fe0b5391-87e1-42cc-91a2-4b5686b81b2f,2026-07-13T08:15:00Z,2026-07-13T10:15:00+0200,59444.38183,MW,DE,DE_LU,actual_load,Actual Load,2026-07-14T14:11:01Z
2026-07-14T14:09:01Z,2026-07-14T16:09:01+0200,fe0b5391-87e1-42cc-91a2-4b5686b81b2f,2026-07-13T08:30:00Z,2026-07-13T10:30:00+0200,59555.37788,MW,DE,DE_LU,actual_load,Actual Load,2026-07-14T14:11:01Z
2026-07-14T14:09:01Z,2026-07-14T16:09:01+0200,fe0b5391-87e1-42cc-91a2-4b5686b81b2f,2026-07-13T08:45:00Z,2026-07-13T10:45:00+0200,59075.58857,MW,DE,DE_LU,actual_load,Actual Load,2026-07-14T14:11:01Z
2026-07-14T14:09:01Z,2026-07-14T16:09:01+0200,fe0b5391-87e1-42cc-91a2-4b5686b81b2f,2026-07-13T09:00:00Z,2026-07-13T11:00:00+0200,58963.19654,MW,DE,DE_LU,actual_load,Actual Load,2026-07-14T14:11:01Z
2026-07-14T14:09:01Z,2026-07-14T16:09:01+0200,fe0b5391-87e1-42cc-91a2-4b5686b81b2f,2026-07-13T09:15:00Z,2026-07-13T11:15:00+0200,58737.5299,MW,DE,DE_LU,actual_load,Actual Load,2026-07-14T14:11:01Z
2026-07-14T14:09:01Z,2026-07-14T16:09:01+0200,fe0b5391-87e1-42cc-91a2-4b5686b81b2f,2026-07-13T09:30:00Z,2026-07-13T11:30:00+0200,58375.10035,MW,DE,DE_LU,actual_load,Actual Load,2026-07-14T14:11:01Z
2026-07-14T14:09:01Z,2026-07-14T16:09:01+0200,fe0b5391-87e1-42cc-91a2-4b5686b81b2f,2026-07-13T09:45:00Z,2026-07-13T11:45:00+0200,58607.47525,MW,DE,DE_LU,actual_load,Actual Load,2026-07-14T14:11:01Z
2026-07-14T14:09:01Z,2026-07-14T16:09:01+0200,fe0b5391-87e1-42cc-91a2-4b5686b81b2f,2026-07-13T10:00:00Z,2026-07-13T12:00:00+0200,57560.91618,MW,DE,DE_LU,actual_load,Actual Load,2026-07-14T14:11:01Z
2026-07-14T14:09:01Z,2026-07-14T16:09:01+0200,fe0b5391-87e1-42cc-91a2-4b5686b81b2f,2026-07-13T10:15:00Z,2026-07-13T12:15:00+0200,57758.88101,MW,DE,DE_LU,actual_load,Actual Load,2026-07-14T14:11:01Z
2026-07-14T14:09:01Z,2026-07-14T16:09:01+0200,fe0b5391-87e1-42cc-91a2-4b5686b81b2f,2026-07-13T10:30:00Z,2026-07-13T12:30:00+0200,57682.32048,MW,DE,DE_LU,actual_load,Actual Load,2026-07-14T14:11:01Z
2026-07-14T14:09:01Z,2026-07-14T16:09:01+0200,fe0b5391-87e1-42cc-91a2-4b5686b81b2f,2026-07-13T10:45:00Z,2026-07-13T12:45:00+0200,57699.21055,MW,DE,DE_LU,actual_load,Actual Load,2026-07-14T14:11:01Z
2026-07-14T14:09:01Z,2026-07-14T16:09:01+0200,fe0b5391-87e1-42cc-91a2-4b5686b81b2f,2026-07-13T11:00:00Z,2026-07-13T13:00:00+0200,57715.00876,MW,DE,DE_LU,actual_load,Actual Load,2026-07-14T14:11:01Z
2026-07-14T14:09:01Z,2026-07-14T16:09:01+0200,fe0b5391-87e1-42cc-91a2-4b5686b81b2f,2026-07-13T11:15:00Z,2026-07-13T13:15:00+0200,57881.29173,MW,DE,DE_LU,actual_load,Actual Load,2026-07-14T14:11:01Z
2026-07-14T14:09:01Z,2026-07-14T16:09:01+0200,fe0b5391-87e1-42cc-91a2-4b5686b81b2f,2026-07-13T11:30:00Z,2026-07-13T13:30:00+0200,57651.54893,MW,DE,DE_LU,actual_load,Actual Load,2026-07-14T14:11:01Z
2026-07-14T14:09:01Z,2026-07-14T16:09:01+0200,fe0b5391-87e1-42cc-91a2-4b5686b81b2f,2026-07-13T11:45:00Z,2026-07-13T13:45:00+0200,56747.62954,MW,DE,DE_LU,actual_load,Actual Load,2026-07-14T14:11:01Z
2026-07-14T14:09:01Z,2026-07-14T16:09:01+0200,fe0b5391-87e1-42cc-91a2-4b5686b81b2f,2026-07-13T12:00:00Z,2026-07-13T14:00:00+0200,56881.48887,MW,DE,DE_LU,actual_load,Actual Load,2026-07-14T14:11:01Z
2026-07-14T14:09:01Z,2026-07-14T16:09:01+0200,fe0b5391-87e1-42cc-91a2-4b5686b81b2f,2026-07-13T12:15:00Z,2026-07-13T14:15:00+0200,56747.34274,MW,DE,DE_LU,actual_load,Actual Load,2026-07-14T14:11:01Z
2026-07-14T14:09:01Z,2026-07-14T16:09:01+0200,fe0b5391-87e1-42cc-91a2-4b5686b81b2f,2026-07-13T12:30:00Z,2026-07-13T14:30:00+0200,57004.69783,MW,DE,DE_LU,actual_load,Actual Load,2026-07-14T14:11:01Z
2026-07-14T14:09:01Z,2026-07-14T16:09:01+0200,fe0b5391-87e1-42cc-91a2-4b5686b81b2f,2026-07-13T12:45:00Z,2026-07-13T14:45:00+0200,56051.0864,MW,DE,DE_LU,actual_load,Actual Load,2026-07-14T14:11:01Z
2026-07-14T14:09:01Z,2026-07-14T16:09:01+0200,fe0b5391-87e1-42cc-91a2-4b5686b81b2f,2026-07-13T13:00:00Z,2026-07-13T15:00:00+0200,56409.43729,MW,DE,DE_LU,actual_load,Actual Load,2026-07-14T14:11:01Z
2026-07-14T14:09:01Z,2026-07-14T16:09:01+0200,fe0b5391-87e1-42cc-91a2-4b5686b81b2f,2026-07-13T13:15:00Z,2026-07-13T15:15:00+0200,56228.06668,MW,DE,DE_LU,actual_load,Actual Load,2026-07-14T14:11:01Z
2026-07-14T14:09:01Z,2026-07-14T16:09:01+0200,fe0b5391-87e1-42cc-91a2-4b5686b81b2f,2026-07-13T13:30:00Z,2026-07-13T15:30:00+0200,56186.63887,MW,DE,DE_LU,actual_load,Actual Load,2026-07-14T14:11:01Z
2026-07-14T14:09:01Z,2026-07-14T16:09:01+0200,fe0b5391-87e1-42cc-91a2-4b5686b81b2f,2026-07-13T13:45:00Z,2026-07-13T15:45:00+0200,56264.25997,MW,DE,DE_LU,actual_load,Actual Load,2026-07-14T14:11:01Z
2026-07-14T14:09:01Z,2026-07-14T16:09:01+0200,fe0b5391-87e1-42cc-91a2-4b5686b81b2f,2026-07-13T14:00:00Z,2026-07-13T16:00:00+0200,57248.05514,MW,DE,DE_LU,actual_load,Actual Load,2026-07-14T14:11:01Z
2026-07-14T14:09:01Z,2026-07-14T16:09:01+0200,fe0b5391-87e1-42cc-91a2-4b5686b81b2f,2026-07-13T14:15:00Z,2026-07-13T16:15:00+0200,56881.33657,MW,DE,DE_LU,actual_load,Actual Load,2026-07-14T14:11:01Z
2026-07-14T14:09:01Z,2026-07-14T16:09:01+0200,fe0b5391-87e1-42cc-91a2-4b5686b81b2f,2026-07-13T14:30:00Z,2026-07-13T16:30:00+0200,57588.51321,MW,DE,DE_LU,actual_load,Actual Load,2026-07-14T14:11:01Z
2026-07-14T14:09:01Z,2026-07-14T16:09:01+0200,fe0b5391-87e1-42cc-91a2-4b5686b81b2f,2026-07-13T14:45:00Z,2026-07-13T16:45:00+0200,57833.41137,MW,DE,DE_LU,actual_load,Actual Load,2026-07-14T14:11:01Z
2026-07-14T14:09:01Z,2026-07-14T16:09:01+0200,fe0b5391-87e1-42cc-91a2-4b5686b81b2f,2026-07-13T15:00:00Z,2026-07-13T17:00:00+0200,58555.44875,MW,DE,DE_LU,actual_load,Actual Load,2026-07-14T14:11:01Z
2026-07-14T14:09:01Z,2026-07-14T16:09:01+0200,fe0b5391-87e1-42cc-91a2-4b5686b81b2f,2026-07-13T15:15:00Z,2026-07-13T17:15:00+0200,58317.46758,MW,DE,DE_LU,actual_load,Actual Load,2026-07-14T14:11:01Z
2026-07-14T14:09:01Z,2026-07-14T16:09:01+0200,fe0b5391-87e1-42cc-91a2-4b5686b81b2f,2026-07-13T15:30:00Z,2026-07-13T17:30:00+0200,59183.4117,MW,DE,DE_LU,actual_load,Actual Load,2026-07-14T14:11:01Z
2026-07-14T14:09:01Z,2026-07-14T16:09:01+0200,fe0b5391-87e1-42cc-91a2-4b5686b81b2f,2026-07-13T15:45:00Z,2026-07-13T17:45:00+0200,59533.01106,MW,DE,DE_LU,actual_load,Actual Load,2026-07-14T14:11:01Z
2026-07-14T14:09:01Z,2026-07-14T16:09:01+0200,fe0b5391-87e1-42cc-91a2-4b5686b81b2f,2026-07-13T16:00:00Z,2026-07-13T18:00:00+0200,60023.25521,MW,DE,DE_LU,actual_load,Actual Load,2026-07-14T14:11:01Z
2026-07-14T14:09:01Z,2026-07-14T16:09:01+0200,fe0b5391-87e1-42cc-91a2-4b5686b81b2f,2026-07-13T16:15:00Z,2026-07-13T18:15:00+0200,60299.82384,MW,DE,DE_LU,actual_load,Actual Load,2026-07-14T14:11:01Z
2026-07-14T14:09:01Z,2026-07-14T16:09:01+0200,fe0b5391-87e1-42cc-91a2-4b5686b81b2f,2026-07-13T16:30:00Z,2026-07-13T18:30:00+0200,61629.0737,MW,DE,DE_LU,actual_load,Actual Load,2026-07-14T14:11:01Z
2026-07-14T14:09:01Z,2026-07-14T16:09:01+0200,fe0b5391-87e1-42cc-91a2-4b5686b81b2f,2026-07-13T16:45:00Z,2026-07-13T18:45:00+0200,62234.98524,MW,DE,DE_LU,actual_load,Actual Load,2026-07-14T14:11:01Z
2026-07-14T14:09:01Z,2026-07-14T16:09:01+0200,fe0b5391-87e1-42cc-91a2-4b5686b81b2f,2026-07-13T17:00:00Z,2026-07-13T19:00:00+0200,62469.31402,MW,DE,DE_LU,actual_load,Actual Load,2026-07-14T14:11:01Z
2026-07-14T14:09:01Z,2026-07-14T16:09:01+0200,fe0b5391-87e1-42cc-91a2-4b5686b81b2f,2026-07-13T17:15:00Z,2026-07-13T19:15:00+0200,62220.2443,MW,DE,DE_LU,actual_load,Actual Load,2026-07-14T14:11:01Z
2026-07-14T14:09:01Z,2026-07-14T16:09:01+0200,fe0b5391-87e1-42cc-91a2-4b5686b81b2f,2026-07-13T17:30:00Z,2026-07-13T19:30:00+0200,61998.80164,MW,DE,DE_LU,actual_load,Actual Load,2026-07-14T14:11:01Z
2026-07-14T14:09:01Z,2026-07-14T16:09:01+0200,fe0b5391-87e1-42cc-91a2-4b5686b81b2f,2026-07-13T17:45:00Z,2026-07-13T19:45:00+0200,61102.22885,MW,DE,DE_LU,actual_load,Actual Load,2026-07-14T14:11:01Z
2026-07-14T14:09:01Z,2026-07-14T16:09:01+0200,fe0b5391-87e1-42cc-91a2-4b5686b81b2f,2026-07-13T18:00:00Z,2026-07-13T20:00:00+0200,60847.36011,MW,DE,DE_LU,actual_load,Actual Load,2026-07-14T14:11:01Z
2026-07-14T14:09:01Z,2026-07-14T16:09:01+0200,fe0b5391-87e1-42cc-91a2-4b5686b81b2f,2026-07-13T18:15:00Z,2026-07-13T20:15:00+0200,60713.25084,MW,DE,DE_LU,actual_load,Actual Load,2026-07-14T14:11:01Z
2026-07-14T14:09:01Z,2026-07-14T16:09:01+0200,fe0b5391-87e1-42cc-91a2-4b5686b81b2f,2026-07-13T18:30:00Z,2026-07-13T20:30:00+0200,60751.88455,MW,DE,DE_LU,actual_load,Actual Load,2026-07-14T14:11:01Z
2026-07-14T14:09:01Z,2026-07-14T16:09:01+0200,fe0b5391-87e1-42cc-91a2-4b5686b81b2f,2026-07-13T18:45:00Z,2026-07-13T20:45:00+0200,59824.40072,MW,DE,DE_LU,actual_load,Actual Load,2026-07-14T14:11:01Z
2026-07-14T14:09:01Z,2026-07-14T16:09:01+0200,fe0b5391-87e1-42cc-91a2-4b5686b81b2f,2026-07-13T19:00:00Z,2026-07-13T21:00:00+0200,58687.99641,MW,DE,DE_LU,actual_load,Actual Load,2026-07-14T14:11:01Z
2026-07-14T14:09:01Z,2026-07-14T16:09:01+0200,fe0b5391-87e1-42cc-91a2-4b5686b81b2f,2026-07-13T19:15:00Z,2026-07-13T21:15:00+0200,57938.14879,MW,DE,DE_LU,actual_load,Actual Load,2026-07-14T14:11:01Z
2026-07-14T14:09:01Z,2026-07-14T16:09:01+0200,fe0b5391-87e1-42cc-91a2-4b5686b81b2f,2026-07-13T19:30:00Z,2026-07-13T21:30:00+0200,58515.83406,MW,DE,DE_LU,actual_load,Actual Load,2026-07-14T14:11:01Z
2026-07-14T14:09:01Z,2026-07-14T16:09:01+0200,fe0b5391-87e1-42cc-91a2-4b5686b81b2f,2026-07-13T19:45:00Z,2026-07-13T21:45:00+0200,58496.84804,MW,DE,DE_LU,actual_load,Actual Load,2026-07-14T14:11:01Z
2026-07-14T14:09:01Z,2026-07-14T16:09:01+0200,fe0b5391-87e1-42cc-91a2-4b5686b81b2f,2026-07-13T20:00:00Z,2026-07-13T22:00:00+0200,56941.77929,MW,DE,DE_LU,actual_load,Actual Load,2026-07-14T14:11:01Z
2026-07-14T14:09:01Z,2026-07-14T16:09:01+0200,fe0b5391-87e1-42cc-91a2-4b5686b81b2f,2026-07-13T20:15:00Z,2026-07-13T22:15:00+0200,56008.29025,MW,DE,DE_LU,actual_load,Actual Load,2026-07-14T14:11:01Z
2026-07-14T14:09:01Z,2026-07-14T16:09:01+0200,fe0b5391-87e1-42cc-91a2-4b5686b81b2f,2026-07-13T20:30:00Z,2026-07-13T22:30:00+0200,55010.3847,MW,DE,DE_LU,actual_load,Actual Load,2026-07-14T14:11:01Z
2026-07-14T14:09:01Z,2026-07-14T16:09:01+0200,fe0b5391-87e1-42cc-91a2-4b5686b81b2f,2026-07-13T20:45:00Z,2026-07-13T22:45:00+0200,54293.33318,MW,DE,DE_LU,actual_load,Actual Load,2026-07-14T14:11:01Z
2026-07-14T14:09:01Z,2026-07-14T16:09:01+0200,fe0b5391-87e1-42cc-91a2-4b5686b81b2f,2026-07-13T21:00:00Z,2026-07-13T23:00:00+0200,52425.42212,MW,DE,DE_LU,actual_load,Actual Load,2026-07-14T14:11:01Z
2026-07-14T14:09:01Z,2026-07-14T16:09:01+0200,fe0b5391-87e1-42cc-91a2-4b5686b81b2f,2026-07-13T21:15:00Z,2026-07-13T23:15:00+0200,51381.53823,MW,DE,DE_LU,actual_load,Actual Load,2026-07-14T14:11:01Z
2026-07-14T14:09:01Z,2026-07-14T16:09:01+0200,fe0b5391-87e1-42cc-91a2-4b5686b81b2f,2026-07-13T21:30:00Z,2026-07-13T23:30:00+0200,50647.57925,MW,DE,DE_LU,actual_load,Actual Load,2026-07-14T14:11:01Z
2026-07-14T14:09:01Z,2026-07-14T16:09:01+0200,fe0b5391-87e1-42cc-91a2-4b5686b81b2f,2026-07-13T21:45:00Z,2026-07-13T23:45:00+0200,49917.02951,MW,DE,DE_LU,actual_load,Actual Load,2026-07-14T14:11:01Z
2026-07-14T14:09:01Z,2026-07-14T16:09:01+0200,fe0b5391-87e1-42cc-91a2-4b5686b81b2f,2026-07-13T22:00:00Z,2026-07-14T00:00:00+0200,48937.06727,MW,DE,DE_LU,actual_load,Actual Load,2026-07-14T14:11:01Z
2026-07-14T14:09:01Z,2026-07-14T16:09:01+0200,fe0b5391-87e1-42cc-91a2-4b5686b81b2f,2026-07-13T22:15:00Z,2026-07-14T00:15:00+0200,48678.80588,MW,DE,DE_LU,actual_load,Actual Load,2026-07-14T14:11:01Z
2026-07-14T14:09:01Z,2026-07-14T16:09:01+0200,fe0b5391-87e1-42cc-91a2-4b5686b81b2f,2026-07-13T22:30:00Z,2026-07-14T00:30:00+0200,48412.85375,MW,DE,DE_LU,actual_load,Actual Load,2026-07-14T14:11:01Z
2026-07-14T14:09:01Z,2026-07-14T16:09:01+0200,fe0b5391-87e1-42cc-91a2-4b5686b81b2f,2026-07-13T22:45:00Z,2026-07-14T00:45:00+0200,48082.175779,MW,DE,DE_LU,actual_load,Actual Load,2026-07-14T14:11:01Z
2026-07-14T14:09:01Z,2026-07-14T16:09:01+0200,fe0b5391-87e1-42cc-91a2-4b5686b81b2f,2026-07-13T23:00:00Z,2026-07-14T01:00:00+0200,47521.804009,MW,DE,DE_LU,actual_load,Actual Load,2026-07-14T14:11:01Z
2026-07-14T14:09:01Z,2026-07-14T16:09:01+0200,fe0b5391-87e1-42cc-91a2-4b5686b81b2f,2026-07-13T23:15:00Z,2026-07-14T01:15:00+0200,47327.93295,MW,DE,DE_LU,actual_load,Actual Load,2026-07-14T14:11:01Z
2026-07-14T14:09:01Z,2026-07-14T16:09:01+0200,fe0b5391-87e1-42cc-91a2-4b5686b81b2f,2026-07-13T23:30:00Z,2026-07-14T01:30:00+0200,47497.80821,MW,DE,DE_LU,actual_load,Actual Load,2026-07-14T14:11:01Z
2026-07-14T14:09:01Z,2026-07-14T16:09:01+0200,fe0b5391-87e1-42cc-91a2-4b5686b81b2f,2026-07-13T23:45:00Z,2026-07-14T01:45:00+0200,47107.81912,MW,DE,DE_LU,actual_load,Actual Load,2026-07-14T14:11:01Z
2026-07-14T14:09:01Z,2026-07-14T16:09:01+0200,fe0b5391-87e1-42cc-91a2-4b5686b81b2f,2026-07-14T00:00:00Z,2026-07-14T02:00:00+0200,46501.00976,MW,DE,DE_LU,actual_load,Actual Load,2026-07-14T14:11:01Z
2026-07-14T14:09:01Z,2026-07-14T16:09:01+0200,fe0b5391-87e1-42cc-91a2-4b5686b81b2f,2026-07-14T00:15:00Z,2026-07-14T02:15:00+0200,46612.69094,MW,DE,DE_LU,actual_load,Actual Load,2026-07-14T14:11:01Z
2026-07-14T14:09:01Z,2026-07-14T16:09:01+0200,fe0b5391-87e1-42cc-91a2-4b5686b81b2f,2026-07-14T00:30:00Z,2026-07-14T02:30:00+0200,46602.46832,MW,DE,DE_LU,actual_load,Actual Load,2026-07-14T14:11:01Z
2026-07-14T14:09:01Z,2026-07-14T16:09:01+0200,fe0b5391-87e1-42cc-91a2-4b5686b81b2f,2026-07-14T00:45:00Z,2026-07-14T02:45:00+0200,46663.048859,MW,DE,DE_LU,actual_load,Actual Load,2026-07-14T14:11:01Z
2026-07-14T14:09:01Z,2026-07-14T16:09:01+0200,fe0b5391-87e1-42cc-91a2-4b5686b81b2f,2026-07-14T01:00:00Z,2026-07-14T03:00:00+0200,46430.51866,MW,DE,DE_LU,actual_load,Actual Load,2026-07-14T14:11:01Z
2026-07-14T14:09:01Z,2026-07-14T16:09:01+0200,fe0b5391-87e1-42cc-91a2-4b5686b81b2f,2026-07-14T01:15:00Z,2026-07-14T03:15:00+0200,46464.56794,MW,DE,DE_LU,actual_load,Actual Load,2026-07-14T14:11:01Z
2026-07-14T14:09:01Z,2026-07-14T16:09:01+0200,fe0b5391-87e1-42cc-91a2-4b5686b81b2f,2026-07-14T01:30:00Z,2026-07-14T03:30:00+0200,46756.36782,MW,DE,DE_LU,actual_load,Actual Load,2026-07-14T14:11:01Z
2026-07-14T14:09:01Z,2026-07-14T16:09:01+0200,fe0b5391-87e1-42cc-91a2-4b5686b81b2f,2026-07-14T01:45:00Z,2026-07-14T03:45:00+0200,46634.1847,MW,DE,DE_LU,actual_load,Actual Load,2026-07-14T14:11:01Z
2026-07-14T14:09:01Z,2026-07-14T16:09:01+0200,fe0b5391-87e1-42cc-91a2-4b5686b81b2f,2026-07-14T02:00:00Z,2026-07-14T04:00:00+0200,46861.14372,MW,DE,DE_LU,actual_load,Actual Load,2026-07-14T14:11:01Z
2026-07-14T14:09:01Z,2026-07-14T16:09:01+0200,fe0b5391-87e1-42cc-91a2-4b5686b81b2f,2026-07-14T02:15:00Z,2026-07-14T04:15:00+0200,46944.39258,MW,DE,DE_LU,actual_load,Actual Load,2026-07-14T14:11:01Z
2026-07-14T14:09:01Z,2026-07-14T16:09:01+0200,fe0b5391-87e1-42cc-91a2-4b5686b81b2f,2026-07-14T02:30:00Z,2026-07-14T04:30:00+0200,47426.19976,MW,DE,DE_LU,actual_load,Actual Load,2026-07-14T14:11:01Z
2026-07-14T14:09:01Z,2026-07-14T16:09:01+0200,fe0b5391-87e1-42cc-91a2-4b5686b81b2f,2026-07-14T02:45:00Z,2026-07-14T04:45:00+0200,47625.036309,MW,DE,DE_LU,actual_load,Actual Load,2026-07-14T14:11:01Z
2026-07-14T14:09:01Z,2026-07-14T16:09:01+0200,fe0b5391-87e1-42cc-91a2-4b5686b81b2f,2026-07-14T03:00:00Z,2026-07-14T05:00:00+0200,48440.29098,MW,DE,DE_LU,actual_load,Actual Load,2026-07-14T14:11:01Z
2026-07-14T14:09:01Z,2026-07-14T16:09:01+0200,fe0b5391-87e1-42cc-91a2-4b5686b81b2f,2026-07-14T03:15:00Z,2026-07-14T05:15:00+0200,48666.40688,MW,DE,DE_LU,actual_load,Actual Load,2026-07-14T14:11:01Z
2026-07-14T14:09:01Z,2026-07-14T16:09:01+0200,fe0b5391-87e1-42cc-91a2-4b5686b81b2f,2026-07-14T03:30:00Z,2026-07-14T05:30:00+0200,49283.95668,MW,DE,DE_LU,actual_load,Actual Load,2026-07-14T14:11:01Z
2026-07-14T14:09:01Z,2026-07-14T16:09:01+0200,fe0b5391-87e1-42cc-91a2-4b5686b81b2f,2026-07-14T03:45:00Z,2026-07-14T05:45:00+0200,50865.15395,MW,DE,DE_LU,actual_load,Actual Load,2026-07-14T14:11:01Z
2026-07-14T14:09:01Z,2026-07-14T16:09:01+0200,fe0b5391-87e1-42cc-91a2-4b5686b81b2f,2026-07-14T04:00:00Z,2026-07-14T06:00:00+0200,53463.67694,MW,DE,DE_LU,actual_load,Actual Load,2026-07-14T14:11:01Z
2026-07-14T14:09:01Z,2026-07-14T16:09:01+0200,fe0b5391-87e1-42cc-91a2-4b5686b81b2f,2026-07-14T04:15:00Z,2026-07-14T06:15:00+0200,55263.34662,MW,DE,DE_LU,actual_load,Actual Load,2026-07-14T14:11:01Z
2026-07-14T14:09:01Z,2026-07-14T16:09:01+0200,fe0b5391-87e1-42cc-91a2-4b5686b81b2f,2026-07-14T04:30:00Z,2026-07-14T06:30:00+0200,56394.35048,MW,DE,DE_LU,actual_load,Actual Load,2026-07-14T14:11:01Z
2026-07-14T14:09:01Z,2026-07-14T16:09:01+0200,fe0b5391-87e1-42cc-91a2-4b5686b81b2f,2026-07-14T04:45:00Z,2026-07-14T06:45:00+0200,58039.12136,MW,DE,DE_LU,actual_load,Actual Load,2026-07-14T14:11:01Z
2026-07-14T14:09:01Z,2026-07-14T16:09:01+0200,fe0b5391-87e1-42cc-91a2-4b5686b81b2f,2026-07-14T05:00:00Z,2026-07-14T07:00:00+0200,59256.76641,MW,DE,DE_LU,actual_load,Actual Load,2026-07-14T14:11:01Z
2026-07-14T14:09:01Z,2026-07-14T16:09:01+0200,fe0b5391-87e1-42cc-91a2-4b5686b81b2f,2026-07-14T05:15:00Z,2026-07-14T07:15:00+0200,60680.79598,MW,DE,DE_LU,actual_load,Actual Load,2026-07-14T14:11:01Z
2026-07-14T14:09:01Z,2026-07-14T16:09:01+0200,fe0b5391-87e1-42cc-91a2-4b5686b81b2f,2026-07-14T05:30:00Z,2026-07-14T07:30:00+0200,61653.94669,MW,DE,DE_LU,actual_load,Actual Load,2026-07-14T14:11:01Z
2026-07-14T14:09:01Z,2026-07-14T16:09:01+0200,fe0b5391-87e1-42cc-91a2-4b5686b81b2f,2026-07-14T05:45:00Z,2026-07-14T07:45:00+0200,62660.71309,MW,DE,DE_LU,actual_load,Actual Load,2026-07-14T14:11:01Z
2026-07-14T14:09:01Z,2026-07-14T16:09:01+0200,fe0b5391-87e1-42cc-91a2-4b5686b81b2f,2026-07-14T06:00:00Z,2026-07-14T08:00:00+0200,62232.53625,MW,DE,DE_LU,actual_load,Actual Load,2026-07-14T14:11:01Z
2026-07-14T14:09:01Z,2026-07-14T16:09:01+0200,fe0b5391-87e1-42cc-91a2-4b5686b81b2f,2026-07-14T06:15:00Z,2026-07-14T08:15:00+0200,63238.24348,MW,DE,DE_LU,actual_load,Actual Load,2026-07-14T14:11:01Z
2026-07-14T14:09:01Z,2026-07-14T16:09:01+0200,fe0b5391-87e1-42cc-91a2-4b5686b81b2f,2026-07-14T06:30:00Z,2026-07-14T08:30:00+0200,64104.59499,MW,DE,DE_LU,actual_load,Actual Load,2026-07-14T14:11:01Z
2026-07-14T14:09:01Z,2026-07-14T16:09:01+0200,fe0b5391-87e1-42cc-91a2-4b5686b81b2f,2026-07-14T06:45:00Z,2026-07-14T08:45:00+0200,63953.81756,MW,DE,DE_LU,actual_load,Actual Load,2026-07-14T14:11:01Z
2026-07-14T14:09:01Z,2026-07-14T16:09:01+0200,fe0b5391-87e1-42cc-91a2-4b5686b81b2f,2026-07-14T07:00:00Z,2026-07-14T09:00:00+0200,63018.12872,MW,DE,DE_LU,actual_load,Actual Load,2026-07-14T14:11:01Z
2026-07-14T14:09:01Z,2026-07-14T16:09:01+0200,fe0b5391-87e1-42cc-91a2-4b5686b81b2f,2026-07-14T07:15:00Z,2026-07-14T09:15:00+0200,62821.1765,MW,DE,DE_LU,actual_load,Actual Load,2026-07-14T14:11:01Z
2026-07-14T14:09:01Z,2026-07-14T16:09:01+0200,fe0b5391-87e1-42cc-91a2-4b5686b81b2f,2026-07-14T07:30:00Z,2026-07-14T09:30:00+0200,62547.56113,MW,DE,DE_LU,actual_load,Actual Load,2026-07-14T14:11:01Z
2026-07-14T14:09:01Z,2026-07-14T16:09:01+0200,fe0b5391-87e1-42cc-91a2-4b5686b81b2f,2026-07-14T07:45:00Z,2026-07-14T09:45:00+0200,61641.58808,MW,DE,DE_LU,actual_load,Actual Load,2026-07-14T14:11:01Z
2026-07-14T14:09:01Z,2026-07-14T16:09:01+0200,fe0b5391-87e1-42cc-91a2-4b5686b81b2f,2026-07-14T08:00:00Z,2026-07-14T10:00:00+0200,61624.62231,MW,DE,DE_LU,actual_load,Actual Load,2026-07-14T14:11:01Z
2026-07-14T14:09:01Z,2026-07-14T16:09:01+0200,fe0b5391-87e1-42cc-91a2-4b5686b81b2f,2026-07-14T08:15:00Z,2026-07-14T10:15:00+0200,61585.82387,MW,DE,DE_LU,actual_load,Actual Load,2026-07-14T14:11:01Z
2026-07-14T14:09:01Z,2026-07-14T16:09:01+0200,fe0b5391-87e1-42cc-91a2-4b5686b81b2f,2026-07-14T08:30:00Z,2026-07-14T10:30:00+0200,61290.87984,MW,DE,DE_LU,actual_load,Actual Load,2026-07-14T14:11:01Z
2026-07-14T14:09:01Z,2026-07-14T16:09:01+0200,fe0b5391-87e1-42cc-91a2-4b5686b81b2f,2026-07-14T08:45:00Z,2026-07-14T10:45:00+0200,61095.49086,MW,DE,DE_LU,actual_load,Actual Load,2026-07-14T14:11:01Z
2026-07-14T14:09:01Z,2026-07-14T16:09:01+0200,fe0b5391-87e1-42cc-91a2-4b5686b81b2f,2026-07-14T09:00:00Z,2026-07-14T11:00:00+0200,60880.21206,MW,DE,DE_LU,actual_load,Actual Load,2026-07-14T14:11:01Z
2026-07-14T14:09:01Z,2026-07-14T16:09:01+0200,fe0b5391-87e1-42cc-91a2-4b5686b81b2f,2026-07-14T09:15:00Z,2026-07-14T11:15:00+0200,60426.89879,MW,DE,DE_LU,actual_load,Actual Load,2026-07-14T14:11:01Z
2026-07-14T14:09:01Z,2026-07-14T16:09:01+0200,fe0b5391-87e1-42cc-91a2-4b5686b81b2f,2026-07-14T09:30:00Z,2026-07-14T11:30:00+0200,60067.53894,MW,DE,DE_LU,actual_load,Actual Load,2026-07-14T14:11:01Z
2026-07-14T14:09:01Z,2026-07-14T16:09:01+0200,fe0b5391-87e1-42cc-91a2-4b5686b81b2f,2026-07-14T09:45:00Z,2026-07-14T11:45:00+0200,59799.510749,MW,DE,DE_LU,actual_load,Actual Load,2026-07-14T14:11:01Z
2026-07-14T14:09:01Z,2026-07-14T16:09:01+0200,fe0b5391-87e1-42cc-91a2-4b5686b81b2f,2026-07-14T10:00:00Z,2026-07-14T12:00:00+0200,58812.94417,MW,DE,DE_LU,actual_load,Actual Load,2026-07-14T14:11:01Z
2026-07-14T14:09:01Z,2026-07-14T16:09:01+0200,fe0b5391-87e1-42cc-91a2-4b5686b81b2f,2026-07-14T10:15:00Z,2026-07-14T12:15:00+0200,58526.05548,MW,DE,DE_LU,actual_load,Actual Load,2026-07-14T14:11:01Z
2026-07-14T14:09:01Z,2026-07-14T16:09:01+0200,fe0b5391-87e1-42cc-91a2-4b5686b81b2f,2026-07-14T10:30:00Z,2026-07-14T12:30:00+0200,58349.22691,MW,DE,DE_LU,actual_load,Actual Load,2026-07-14T14:11:01Z
2026-07-14T14:09:01Z,2026-07-14T16:09:01+0200,fe0b5391-87e1-42cc-91a2-4b5686b81b2f,2026-07-14T10:45:00Z,2026-07-14T12:45:00+0200,58693.22767,MW,DE,DE_LU,actual_load,Actual Load,2026-07-14T14:11:01Z
2026-07-14T14:09:01Z,2026-07-14T16:09:01+0200,fe0b5391-87e1-42cc-91a2-4b5686b81b2f,2026-07-14T11:00:00Z,2026-07-14T13:00:00+0200,58047.78502,MW,DE,DE_LU,actual_load,Actual Load,2026-07-14T14:11:01Z
2026-07-14T14:09:01Z,2026-07-14T16:09:01+0200,fe0b5391-87e1-42cc-91a2-4b5686b81b2f,2026-07-14T11:15:00Z,2026-07-14T13:15:00+0200,57485.283169,MW,DE,DE_LU,actual_load,Actual Load,2026-07-14T14:11:01Z
2026-07-14T14:09:01Z,2026-07-14T16:09:01+0200,fe0b5391-87e1-42cc-91a2-4b5686b81b2f,2026-07-14T11:30:00Z,2026-07-14T13:30:00+0200,57189.085979,MW,DE,DE_LU,actual_load,Actual Load,2026-07-14T14:11:01Z
2026-07-14T14:09:01Z,2026-07-14T16:09:01+0200,fe0b5391-87e1-42cc-91a2-4b5686b81b2f,2026-07-14T11:45:00Z,2026-07-14T13:45:00+0200,56538.07035,MW,DE,DE_LU,actual_load,Actual Load,2026-07-14T14:11:01Z
2026-07-14T14:09:01Z,2026-07-14T16:09:01+0200,fe0b5391-87e1-42cc-91a2-4b5686b81b2f,2026-07-14T12:00:00Z,2026-07-14T14:00:00+0200,56546.19759,MW,DE,DE_LU,actual_load,Actual Load,2026-07-14T14:11:01Z
2026-07-14T14:09:01Z,2026-07-14T16:09:01+0200,fe0b5391-87e1-42cc-91a2-4b5686b81b2f,2026-07-14T12:15:00Z,2026-07-14T14:15:00+0200,56527.313599,MW,DE,DE_LU,actual_load,Actual Load,2026-07-14T14:11:01Z
2026-07-14T14:09:01Z,2026-07-14T16:09:01+0200,fe0b5391-87e1-42cc-91a2-4b5686b81b2f,2026-07-14T12:30:00Z,2026-07-14T14:30:00+0200,56075.73574,MW,DE,DE_LU,actual_load,Actual Load,2026-07-14T14:11:01Z
2026-07-14T14:09:01Z,2026-07-14T16:09:01+0200,fe0b5391-87e1-42cc-91a2-4b5686b81b2f,2026-07-14T12:45:00Z,2026-07-14T14:45:00+0200,55830.09394,MW,DE,DE_LU,actual_load,Actual Load,2026-07-14T14:11:01Z
2026-07-14T14:09:01Z,2026-07-14T16:09:01+0200,fe0b5391-87e1-42cc-91a2-4b5686b81b2f,2026-07-14T13:00:00Z,2026-07-14T15:00:00+0200,56368.12068,MW,DE,DE_LU,actual_load,Actual Load,2026-07-14T14:11:01Z
2026-07-14T14:09:01Z,2026-07-14T16:09:01+0200,fe0b5391-87e1-42cc-91a2-4b5686b81b2f,2026-07-14T13:15:00Z,2026-07-14T15:15:00+0200,55962.68772,MW,DE,DE_LU,actual_load,Actual Load,2026-07-14T14:11:01Z
