collection_time_utc,collection_time_local,run_id,timestamp_utc,timestamp_local,value,unit,country,entsoe_area,variable,source,updated_at_utc
2026-09-05T13:27:38Z,2026-09-05T15:27:38+0200,6b664628-1305-42f6-8311-642f19c849c2,2026-08-29T14:00:00Z,2026-08-29T16:00:00+0200,452.608,MW,NL,NL,actual_onshore_wind_generation,Wind Onshore | Actual Aggregated,2026-09-05T13:29:12Z
2026-09-05T13:27:38Z,2026-09-05T15:27:38+0200,6b664628-1305-42f6-8311-642f19c849c2,2026-08-29T14:00:00Z,2026-08-29T16:00:00+0200,0.0,MW,NL,NL,actual_onshore_wind_generation,Wind Onshore | Actual Consumption,2026-09-05T13:29:12Z
2026-09-05T13:27:38Z,2026-09-05T15:27:38+0200,6b664628-1305-42f6-8311-642f19c849c2,2026-08-29T14:15:00Z,2026-08-29T16:15:00+0200,495.44,MW,NL,NL,actual_onshore_wind_generation,Wind Onshore | Actual Aggregated,2026-09-05T13:29:12Z
2026-09-05T13:27:38Z,2026-09-05T15:27:38+0200,6b664628-1305-42f6-8311-642f19c849c2,2026-08-29T14:15:00Z,2026-08-29T16:15:00+0200,0.0,MW,NL,NL,actual_onshore_wind_generation,Wind Onshore | Actual Consumption,2026-09-05T13:29:12Z
2026-09-05T13:27:38Z,2026-09-05T15:27:38+0200,6b664628-1305-42f6-8311-642f19c849c2,2026-08-29T14:30:00Z,2026-08-29T16:30:00+0200,504.288,MW,NL,NL,actual_onshore_wind_generation,Wind Onshore | Actual Aggregated,2026-09-05T13:29:12Z
2026-09-05T13:27:38Z,2026-09-05T15:27:38+0200,6b664628-1305-42f6-8311-642f19c849c2,2026-08-29T14:30:00Z,2026-08-29T16:30:00+0200,0.0,MW,NL,NL,actual_onshore_wind_generation,Wind Onshore | Actual Consumption,2026-09-05T13:29:12Z
2026-09-05T13:27:38Z,2026-09-05T15:27:38+0200,6b664628-1305-42f6-8311-642f19c849c2,2026-08-29T14:45:00Z,2026-08-29T16:45:00+0200,452.625,MW,NL,NL,actual_onshore_wind_generation,Wind Onshore | Actual Aggregated,2026-09-05T13:29:12Z
2026-09-05T13:27:38Z,2026-09-05T15:27:38+0200,6b664628-1305-42f6-8311-642f19c849c2,2026-08-29T14:45:00Z,2026-08-29T16:45:00+0200,0.0,MW,NL,NL,actual_onshore_wind_generation,Wind Onshore | Actual Consumption,2026-09-05T13:29:12Z
2026-09-05T13:27:38Z,2026-09-05T15:27:38+0200,6b664628-1305-42f6-8311-642f19c849c2,2026-08-29T15:00:00Z,2026-08-29T17:00:00+0200,572.161,MW,NL,NL,actual_onshore_wind_generation,Wind Onshore | Actual Aggregated,2026-09-05T13:29:12Z
2026-09-05T13:27:38Z,2026-09-05T15:27:38+0200,6b664628-1305-42f6-8311-642f19c849c2,2026-08-29T15:00:00Z,2026-08-29T17:00:00+0200,0.0,MW,NL,NL,actual_onshore_wind_generation,Wind Onshore | Actual Consumption,2026-09-05T13:29:12Z
2026-09-05T13:27:38Z,2026-09-05T15:27:38+0200,6b664628-1305-42f6-8311-642f19c849c2,2026-08-29T15:15:00Z,2026-08-29T17:15:00+0200,586.03,MW,NL,NL,actual_onshore_wind_generation,Wind Onshore | Actual Aggregated,2026-09-05T13:29:12Z
2026-09-05T13:27:38Z,2026-09-05T15:27:38+0200,6b664628-1305-42f6-8311-642f19c849c2,2026-08-29T15:15:00Z,2026-08-29T17:15:00+0200,0.0,MW,NL,NL,actual_onshore_wind_generation,Wind Onshore | Actual Consumption,2026-09-05T13:29:12Z
2026-09-05T13:27:38Z,2026-09-05T15:27:38+0200,6b664628-1305-42f6-8311-642f19c849c2,2026-08-29T15:30:00Z,2026-08-29T17:30:00+0200,481.005,MW,NL,NL,actual_onshore_wind_generation,Wind Onshore | Actual Aggregated,2026-09-05T13:29:12Z
2026-09-05T13:27:38Z,2026-09-05T15:27:38+0200,6b664628-1305-42f6-8311-642f19c849c2,2026-08-29T15:30:00Z,2026-08-29T17:30:00+0200,0.0,MW,NL,NL,actual_onshore_wind_generation,Wind Onshore | Actual Consumption,2026-09-05T13:29:12Z
2026-09-05T13:27:38Z,2026-09-05T15:27:38+0200,6b664628-1305-42f6-8311-642f19c849c2,2026-08-29T15:45:00Z,2026-08-29T17:45:00+0200,448.281,MW,NL,NL,actual_onshore_wind_generation,Wind Onshore | Actual Aggregated,2026-09-05T13:29:12Z
2026-09-05T13:27:38Z,2026-09-05T15:27:38+0200,6b664628-1305-42f6-8311-642f19c849c2,2026-08-29T15:45:00Z,2026-08-29T17:45:00+0200,0.0,MW,NL,NL,actual_onshore_wind_generation,Wind Onshore | Actual Consumption,2026-09-05T13:29:12Z
2026-09-05T13:27:38Z,2026-09-05T15:27:38+0200,6b664628-1305-42f6-8311-642f19c849c2,2026-08-29T16:00:00Z,2026-08-29T18:00:00+0200,413.767,MW,NL,NL,actual_onshore_wind_generation,Wind Onshore | Actual Aggregated,2026-09-05T13:29:12Z
2026-09-05T13:27:38Z,2026-09-05T15:27:38+0200,6b664628-1305-42f6-8311-642f19c849c2,2026-08-29T16:00:00Z,2026-08-29T18:00:00+0200,0.0,MW,NL,NL,actual_onshore_wind_generation,Wind Onshore | Actual Consumption,2026-09-05T13:29:12Z
2026-09-05T13:27:38Z,2026-09-05T15:27:38+0200,6b664628-1305-42f6-8311-642f19c849c2,2026-08-29T16:15:00Z,2026-08-29T18:15:00+0200,453.481,MW,NL,NL,actual_onshore_wind_generation,Wind Onshore | Actual Aggregated,2026-09-05T13:29:12Z
2026-09-05T13:27:38Z,2026-09-05T15:27:38+0200,6b664628-1305-42f6-8311-642f19c849c2,2026-08-29T16:15:00Z,2026-08-29T18:15:00+0200,0.0,MW,NL,NL,actual_onshore_wind_generation,Wind Onshore | Actual Consumption,2026-09-05T13:29:12Z
2026-09-05T13:27:38Z,2026-09-05T15:27:38+0200,6b664628-1305-42f6-8311-642f19c849c2,2026-08-29T16:30:00Z,2026-08-29T18:30:00+0200,465.516,MW,NL,NL,actual_onshore_wind_generation,Wind Onshore | Actual Aggregated,2026-09-05T13:29:12Z
2026-09-05T13:27:38Z,2026-09-05T15:27:38+0200,6b664628-1305-42f6-8311-642f19c849c2,2026-08-29T16:30:00Z,2026-08-29T18:30:00+0200,0.0,MW,NL,NL,actual_onshore_wind_generation,Wind Onshore | Actual Consumption,2026-09-05T13:29:12Z
2026-09-05T13:27:38Z,2026-09-05T15:27:38+0200,6b664628-1305-42f6-8311-642f19c849c2,2026-08-29T16:45:00Z,2026-08-29T18:45:00+0200,444.735,MW,NL,NL,actual_onshore_wind_generation,Wind Onshore | Actual Aggregated,2026-09-05T13:29:12Z
2026-09-05T13:27:38Z,2026-09-05T15:27:38+0200,6b664628-1305-42f6-8311-642f19c849c2,2026-08-29T16:45:00Z,2026-08-29T18:45:00+0200,0.0,MW,NL,NL,actual_onshore_wind_generation,Wind Onshore | Actual Consumption,2026-09-05T13:29:12Z
2026-09-05T13:27:38Z,2026-09-05T15:27:38+0200,6b664628-1305-42f6-8311-642f19c849c2,2026-08-29T17:00:00Z,2026-08-29T19:00:00+0200,421.751,MW,NL,NL,actual_onshore_wind_generation,Wind Onshore | Actual Aggregated,2026-09-05T13:29:12Z
2026-09-05T13:27:38Z,2026-09-05T15:27:38+0200,6b664628-1305-42f6-8311-642f19c849c2,2026-08-29T17:00:00Z,2026-08-29T19:00:00+0200,0.0,MW,NL,NL,actual_onshore_wind_generation,Wind Onshore | Actual Consumption,2026-09-05T13:29:12Z
2026-09-05T13:27:38Z,2026-09-05T15:27:38+0200,6b664628-1305-42f6-8311-642f19c849c2,2026-08-29T17:15:00Z,2026-08-29T19:15:00+0200,437.637,MW,NL,NL,actual_onshore_wind_generation,Wind Onshore | Actual Aggregated,2026-09-05T13:29:12Z
2026-09-05T13:27:38Z,2026-09-05T15:27:38+0200,6b664628-1305-42f6-8311-642f19c849c2,2026-08-29T17:15:00Z,2026-08-29T19:15:00+0200,0.0,MW,NL,NL,actual_onshore_wind_generation,Wind Onshore | Actual Consumption,2026-09-05T13:29:12Z
2026-09-05T13:27:38Z,2026-09-05T15:27:38+0200,6b664628-1305-42f6-8311-642f19c849c2,2026-08-29T17:30:00Z,2026-08-29T19:30:00+0200,485.688,MW,NL,NL,actual_onshore_wind_generation,Wind Onshore | Actual Aggregated,2026-09-05T13:29:12Z
2026-09-05T13:27:38Z,2026-09-05T15:27:38+0200,6b664628-1305-42f6-8311-642f19c849c2,2026-08-29T17:30:00Z,2026-08-29T19:30:00+0200,0.0,MW,NL,NL,actual_onshore_wind_generation,Wind Onshore | Actual Consumption,2026-09-05T13:29:12Z
2026-09-05T13:27:38Z,2026-09-05T15:27:38+0200,6b664628-1305-42f6-8311-642f19c849c2,2026-08-29T17:45:00Z,2026-08-29T19:45:00+0200,506.058,MW,NL,NL,actual_onshore_wind_generation,Wind Onshore | Actual Aggregated,2026-09-05T13:29:12Z
2026-09-05T13:27:38Z,2026-09-05T15:27:38+0200,6b664628-1305-42f6-8311-642f19c849c2,2026-08-29T17:45:00Z,2026-08-29T19:45:00+0200,0.0,MW,NL,NL,actual_onshore_wind_generation,Wind Onshore | Actual Consumption,2026-09-05T13:29:12Z
2026-09-05T13:27:38Z,2026-09-05T15:27:38+0200,6b664628-1305-42f6-8311-642f19c849c2,2026-08-29T18:00:00Z,2026-08-29T20:00:00+0200,539.282,MW,NL,NL,actual_onshore_wind_generation,Wind Onshore | Actual Aggregated,2026-09-05T13:29:12Z
2026-09-05T13:27:38Z,2026-09-05T15:27:38+0200,6b664628-1305-42f6-8311-642f19c849c2,2026-08-29T18:00:00Z,2026-08-29T20:00:00+0200,0.0,MW,NL,NL,actual_onshore_wind_generation,Wind Onshore | Actual Consumption,2026-09-05T13:29:12Z
2026-09-05T13:27:38Z,2026-09-05T15:27:38+0200,6b664628-1305-42f6-8311-642f19c849c2,2026-08-29T18:15:00Z,2026-08-29T20:15:00+0200,595.076,MW,NL,NL,actual_onshore_wind_generation,Wind Onshore | Actual Aggregated,2026-09-05T13:29:12Z
2026-09-05T13:27:38Z,2026-09-05T15:27:38+0200,6b664628-1305-42f6-8311-642f19c849c2,2026-08-29T18:15:00Z,2026-08-29T20:15:00+0200,0.0,MW,NL,NL,actual_onshore_wind_generation,Wind Onshore | Actual Consumption,2026-09-05T13:29:12Z
2026-09-05T13:27:38Z,2026-09-05T15:27:38+0200,6b664628-1305-42f6-8311-642f19c849c2,2026-08-29T18:30:00Z,2026-08-29T20:30:00+0200,627.3,MW,NL,NL,actual_onshore_wind_generation,Wind Onshore | Actual Aggregated,2026-09-05T13:29:12Z
2026-09-05T13:27:38Z,2026-09-05T15:27:38+0200,6b664628-1305-42f6-8311-642f19c849c2,2026-08-29T18:30:00Z,2026-08-29T20:30:00+0200,0.0,MW,NL,NL,actual_onshore_wind_generation,Wind Onshore | Actual Consumption,2026-09-05T13:29:12Z
2026-09-05T13:27:38Z,2026-09-05T15:27:38+0200,6b664628-1305-42f6-8311-642f19c849c2,2026-08-29T18:45:00Z,2026-08-29T20:45:00+0200,669.588,MW,NL,NL,actual_onshore_wind_generation,Wind Onshore | Actual Aggregated,2026-09-05T13:29:12Z
2026-09-05T13:27:38Z,2026-09-05T15:27:38+0200,6b664628-1305-42f6-8311-642f19c849c2,2026-08-29T18:45:00Z,2026-08-29T20:45:00+0200,0.0,MW,NL,NL,actual_onshore_wind_generation,Wind Onshore | Actual Consumption,2026-09-05T13:29:12Z
2026-09-05T13:27:38Z,2026-09-05T15:27:38+0200,6b664628-1305-42f6-8311-642f19c849c2,2026-08-29T19:00:00Z,2026-08-29T21:00:00+0200,718.093,MW,NL,NL,actual_onshore_wind_generation,Wind Onshore | Actual Aggregated,2026-09-05T13:29:12Z
2026-09-05T13:27:38Z,2026-09-05T15:27:38+0200,6b664628-1305-42f6-8311-642f19c849c2,2026-08-29T19:00:00Z,2026-08-29T21:00:00+0200,0.0,MW,NL,NL,actual_onshore_wind_generation,Wind Onshore | Actual Consumption,2026-09-05T13:29:12Z
2026-09-05T13:27:38Z,2026-09-05T15:27:38+0200,6b664628-1305-42f6-8311-642f19c849c2,2026-08-29T19:15:00Z,2026-08-29T21:15:00+0200,706.147,MW,NL,NL,actual_onshore_wind_generation,Wind Onshore | Actual Aggregated,2026-09-05T13:29:12Z
2026-09-05T13:27:38Z,2026-09-05T15:27:38+0200,6b664628-1305-42f6-8311-642f19c849c2,2026-08-29T19:15:00Z,2026-08-29T21:15:00+0200,0.0,MW,NL,NL,actual_onshore_wind_generation,Wind Onshore | Actual Consumption,2026-09-05T13:29:12Z
2026-09-05T13:27:38Z,2026-09-05T15:27:38+0200,6b664628-1305-42f6-8311-642f19c849c2,2026-08-29T19:30:00Z,2026-08-29T21:30:00+0200,692.424,MW,NL,NL,actual_onshore_wind_generation,Wind Onshore | Actual Aggregated,2026-09-05T13:29:12Z
2026-09-05T13:27:38Z,2026-09-05T15:27:38+0200,6b664628-1305-42f6-8311-642f19c849c2,2026-08-29T19:30:00Z,2026-08-29T21:30:00+0200,0.0,MW,NL,NL,actual_onshore_wind_generation,Wind Onshore | Actual Consumption,2026-09-05T13:29:12Z
2026-09-05T13:27:38Z,2026-09-05T15:27:38+0200,6b664628-1305-42f6-8311-642f19c849c2,2026-08-29T19:45:00Z,2026-08-29T21:45:00+0200,671.32,MW,NL,NL,actual_onshore_wind_generation,Wind Onshore | Actual Aggregated,2026-09-05T13:29:12Z
2026-09-05T13:27:38Z,2026-09-05T15:27:38+0200,6b664628-1305-42f6-8311-642f19c849c2,2026-08-29T19:45:00Z,2026-08-29T21:45:00+0200,0.0,MW,NL,NL,actual_onshore_wind_generation,Wind Onshore | Actual Consumption,2026-09-05T13:29:12Z
2026-09-05T13:27:38Z,2026-09-05T15:27:38+0200,6b664628-1305-42f6-8311-642f19c849c2,2026-08-29T20:00:00Z,2026-08-29T22:00:00+0200,699.139,MW,NL,NL,actual_onshore_wind_generation,Wind Onshore | Actual Aggregated,2026-09-05T13:29:12Z
2026-09-05T13:27:38Z,2026-09-05T15:27:38+0200,6b664628-1305-42f6-8311-642f19c849c2,2026-08-29T20:00:00Z,2026-08-29T22:00:00+0200,0.0,MW,NL,NL,actual_onshore_wind_generation,Wind Onshore | Actual Consumption,2026-09-05T13:29:12Z
2026-09-05T13:27:38Z,2026-09-05T15:27:38+0200,6b664628-1305-42f6-8311-642f19c849c2,2026-08-29T20:15:00Z,2026-08-29T22:15:00+0200,719.989,MW,NL,NL,actual_onshore_wind_generation,Wind Onshore | Actual Aggregated,2026-09-05T13:29:12Z
2026-09-05T13:27:38Z,2026-09-05T15:27:38+0200,6b664628-1305-42f6-8311-642f19c849c2,2026-08-29T20:15:00Z,2026-08-29T22:15:00+0200,0.0,MW,NL,NL,actual_onshore_wind_generation,Wind Onshore | Actual Consumption,2026-09-05T13:29:12Z
2026-09-05T13:27:38Z,2026-09-05T15:27:38+0200,6b664628-1305-42f6-8311-642f19c849c2,2026-08-29T20:30:00Z,2026-08-29T22:30:00+0200,734.675,MW,NL,NL,actual_onshore_wind_generation,Wind Onshore | Actual Aggregated,2026-09-05T13:29:12Z
2026-09-05T13:27:38Z,2026-09-05T15:27:38+0200,6b664628-1305-42f6-8311-642f19c849c2,2026-08-29T20:30:00Z,2026-08-29T22:30:00+0200,0.0,MW,NL,NL,actual_onshore_wind_generation,Wind Onshore | Actual Consumption,2026-09-05T13:29:12Z
2026-09-05T13:27:38Z,2026-09-05T15:27:38+0200,6b664628-1305-42f6-8311-642f19c849c2,2026-08-29T20:45:00Z,2026-08-29T22:45:00+0200,788.622,MW,NL,NL,actual_onshore_wind_generation,Wind Onshore | Actual Aggregated,2026-09-05T13:29:12Z
2026-09-05T13:27:38Z,2026-09-05T15:27:38+0200,6b664628-1305-42f6-8311-642f19c849c2,2026-08-29T20:45:00Z,2026-08-29T22:45:00+0200,0.0,MW,NL,NL,actual_onshore_wind_generation,Wind Onshore | Actual Consumption,2026-09-05T13:29:12Z
2026-09-05T13:27:38Z,2026-09-05T15:27:38+0200,6b664628-1305-42f6-8311-642f19c849c2,2026-08-29T21:00:00Z,2026-08-29T23:00:00+0200,712.114,MW,NL,NL,actual_onshore_wind_generation,Wind Onshore | Actual Aggregated,2026-09-05T13:29:12Z
2026-09-05T13:27:38Z,2026-09-05T15:27:38+0200,6b664628-1305-42f6-8311-642f19c849c2,2026-08-29T21:00:00Z,2026-08-29T23:00:00+0200,0.0,MW,NL,NL,actual_onshore_wind_generation,Wind Onshore | Actual Consumption,2026-09-05T13:29:12Z
2026-09-05T13:27:38Z,2026-09-05T15:27:38+0200,6b664628-1305-42f6-8311-642f19c849c2,2026-08-29T21:15:00Z,2026-08-29T23:15:00+0200,702.126,MW,NL,NL,actual_onshore_wind_generation,Wind Onshore | Actual Aggregated,2026-09-05T13:29:12Z
2026-09-05T13:27:38Z,2026-09-05T15:27:38+0200,6b664628-1305-42f6-8311-642f19c849c2,2026-08-29T21:15:00Z,2026-08-29T23:15:00+0200,0.0,MW,NL,NL,actual_onshore_wind_generation,Wind Onshore | Actual Consumption,2026-09-05T13:29:12Z
2026-09-05T13:27:38Z,2026-09-05T15:27:38+0200,6b664628-1305-42f6-8311-642f19c849c2,2026-08-29T21:30:00Z,2026-08-29T23:30:00+0200,752.192,MW,NL,NL,actual_onshore_wind_generation,Wind Onshore | Actual Aggregated,2026-09-05T13:29:12Z
2026-09-05T13:27:38Z,2026-09-05T15:27:38+0200,6b664628-1305-42f6-8311-642f19c849c2,2026-08-29T21:30:00Z,2026-08-29T23:30:00+0200,0.0,MW,NL,NL,actual_onshore_wind_generation,Wind Onshore | Actual Consumption,2026-09-05T13:29:12Z
2026-09-05T13:27:38Z,2026-09-05T15:27:38+0200,6b664628-1305-42f6-8311-642f19c849c2,2026-08-29T21:45:00Z,2026-08-29T23:45:00+0200,801.566,MW,NL,NL,actual_onshore_wind_generation,Wind Onshore | Actual Aggregated,2026-09-05T13:29:12Z
2026-09-05T13:27:38Z,2026-09-05T15:27:38+0200,6b664628-1305-42f6-8311-642f19c849c2,2026-08-29T21:45:00Z,2026-08-29T23:45:00+0200,0.0,MW,NL,NL,actual_onshore_wind_generation,Wind Onshore | Actual Consumption,2026-09-05T13:29:12Z
2026-09-05T13:27:38Z,2026-09-05T15:27:38+0200,6b664628-1305-42f6-8311-642f19c849c2,2026-08-29T22:00:00Z,2026-08-30T00:00:00+0200,791.381,MW,NL,NL,actual_onshore_wind_generation,Wind Onshore | Actual Aggregated,2026-09-05T13:29:12Z
2026-09-05T13:27:38Z,2026-09-05T15:27:38+0200,6b664628-1305-42f6-8311-642f19c849c2,2026-08-29T22:00:00Z,2026-08-30T00:00:00+0200,0.0,MW,NL,NL,actual_onshore_wind_generation,Wind Onshore | Actual Consumption,2026-09-05T13:29:12Z
2026-09-05T13:27:38Z,2026-09-05T15:27:38+0200,6b664628-1305-42f6-8311-642f19c849c2,2026-08-29T22:15:00Z,2026-08-30T00:15:00+0200,832.667,MW,NL,NL,actual_onshore_wind_generation,Wind Onshore | Actual Aggregated,2026-09-05T13:29:12Z
2026-09-05T13:27:38Z,2026-09-05T15:27:38+0200,6b664628-1305-42f6-8311-642f19c849c2,2026-08-29T22:15:00Z,2026-08-30T00:15:00+0200,0.0,MW,NL,NL,actual_onshore_wind_generation,Wind Onshore | Actual Consumption,2026-09-05T13:29:12Z
2026-09-05T13:27:38Z,2026-09-05T15:27:38+0200,6b664628-1305-42f6-8311-642f19c849c2,2026-08-29T22:30:00Z,2026-08-30T00:30:00+0200,837.841,MW,NL,NL,actual_onshore_wind_generation,Wind Onshore | Actual Aggregated,2026-09-05T13:29:12Z
2026-09-05T13:27:38Z,2026-09-05T15:27:38+0200,6b664628-1305-42f6-8311-642f19c849c2,2026-08-29T22:30:00Z,2026-08-30T00:30:00+0200,0.0,MW,NL,NL,actual_onshore_wind_generation,Wind Onshore | Actual Consumption,2026-09-05T13:29:12Z
2026-09-05T13:27:38Z,2026-09-05T15:27:38+0200,6b664628-1305-42f6-8311-642f19c849c2,2026-08-29T22:45:00Z,2026-08-30T00:45:00+0200,914.408,MW,NL,NL,actual_onshore_wind_generation,Wind Onshore | Actual Aggregated,2026-09-05T13:29:12Z
2026-09-05T13:27:38Z,2026-09-05T15:27:38+0200,6b664628-1305-42f6-8311-642f19c849c2,2026-08-29T22:45:00Z,2026-08-30T00:45:00+0200,0.0,MW,NL,NL,actual_onshore_wind_generation,Wind Onshore | Actual Consumption,2026-09-05T13:29:12Z
2026-09-05T13:27:38Z,2026-09-05T15:27:38+0200,6b664628-1305-42f6-8311-642f19c849c2,2026-08-29T23:00:00Z,2026-08-30T01:00:00+0200,937.647,MW,NL,NL,actual_onshore_wind_generation,Wind Onshore | Actual Aggregated,2026-09-05T13:29:12Z
2026-09-05T13:27:38Z,2026-09-05T15:27:38+0200,6b664628-1305-42f6-8311-642f19c849c2,2026-08-29T23:00:00Z,2026-08-30T01:00:00+0200,0.0,MW,NL,NL,actual_onshore_wind_generation,Wind Onshore | Actual Consumption,2026-09-05T13:29:12Z
2026-09-05T13:27:38Z,2026-09-05T15:27:38+0200,6b664628-1305-42f6-8311-642f19c849c2,2026-08-29T23:15:00Z,2026-08-30T01:15:00+0200,956.588,MW,NL,NL,actual_onshore_wind_generation,Wind Onshore | Actual Aggregated,2026-09-05T13:29:12Z
2026-09-05T13:27:38Z,2026-09-05T15:27:38+0200,6b664628-1305-42f6-8311-642f19c849c2,2026-08-29T23:15:00Z,2026-08-30T01:15:00+0200,0.0,MW,NL,NL,actual_onshore_wind_generation,Wind Onshore | Actual Consumption,2026-09-05T13:29:12Z
2026-09-05T13:27:38Z,2026-09-05T15:27:38+0200,6b664628-1305-42f6-8311-642f19c849c2,2026-08-29T23:30:00Z,2026-08-30T01:30:00+0200,892.499,MW,NL,NL,actual_onshore_wind_generation,Wind Onshore | Actual Aggregated,2026-09-05T13:29:12Z
2026-09-05T13:27:38Z,2026-09-05T15:27:38+0200,6b664628-1305-42f6-8311-642f19c849c2,2026-08-29T23:30:00Z,2026-08-30T01:30:00+0200,0.0,MW,NL,NL,actual_onshore_wind_generation,Wind Onshore | Actual Consumption,2026-09-05T13:29:12Z
2026-09-05T13:27:38Z,2026-09-05T15:27:38+0200,6b664628-1305-42f6-8311-642f19c849c2,2026-08-29T23:45:00Z,2026-08-30T01:45:00+0200,810.374,MW,NL,NL,actual_onshore_wind_generation,Wind Onshore | Actual Aggregated,2026-09-05T13:29:12Z
2026-09-05T13:27:38Z,2026-09-05T15:27:38+0200,6b664628-1305-42f6-8311-642f19c849c2,2026-08-29T23:45:00Z,2026-08-30T01:45:00+0200,0.0,MW,NL,NL,actual_onshore_wind_generation,Wind Onshore | Actual Consumption,2026-09-05T13:29:12Z
2026-09-05T13:27:38Z,2026-09-05T15:27:38+0200,6b664628-1305-42f6-8311-642f19c849c2,2026-08-30T00:00:00Z,2026-08-30T02:00:00+0200,858.758,MW,NL,NL,actual_onshore_wind_generation,Wind Onshore | Actual Aggregated,2026-09-05T13:29:12Z
2026-09-05T13:27:38Z,2026-09-05T15:27:38+0200,6b664628-1305-42f6-8311-642f19c849c2,2026-08-30T00:00:00Z,2026-08-30T02:00:00+0200,0.0,MW,NL,NL,actual_onshore_wind_generation,Wind Onshore | Actual Consumption,2026-09-05T13:29:12Z
2026-09-05T13:27:38Z,2026-09-05T15:27:38+0200,6b664628-1305-42f6-8311-642f19c849c2,2026-08-30T00:15:00Z,2026-08-30T02:15:00+0200,938.682,MW,NL,NL,actual_onshore_wind_generation,Wind Onshore | Actual Aggregated,2026-09-05T13:29:12Z
2026-09-05T13:27:38Z,2026-09-05T15:27:38+0200,6b664628-1305-42f6-8311-642f19c849c2,2026-08-30T00:15:00Z,2026-08-30T02:15:00+0200,0.0,MW,NL,NL,actual_onshore_wind_generation,Wind Onshore | Actual Consumption,2026-09-05T13:29:12Z
2026-09-05T13:27:38Z,2026-09-05T15:27:38+0200,6b664628-1305-42f6-8311-642f19c849c2,2026-08-30T00:30:00Z,2026-08-30T02:30:00+0200,941.504,MW,NL,NL,actual_onshore_wind_generation,Wind Onshore | Actual Aggregated,2026-09-05T13:29:12Z
2026-09-05T13:27:38Z,2026-09-05T15:27:38+0200,6b664628-1305-42f6-8311-642f19c849c2,2026-08-30T00:30:00Z,2026-08-30T02:30:00+0200,0.0,MW,NL,NL,actual_onshore_wind_generation,Wind Onshore | Actual Consumption,2026-09-05T13:29:12Z
2026-09-05T13:27:38Z,2026-09-05T15:27:38+0200,6b664628-1305-42f6-8311-642f19c849c2,2026-08-30T00:45:00Z,2026-08-30T02:45:00+0200,931.337,MW,NL,NL,actual_onshore_wind_generation,Wind Onshore | Actual Aggregated,2026-09-05T13:29:12Z
2026-09-05T13:27:38Z,2026-09-05T15:27:38+0200,6b664628-1305-42f6-8311-642f19c849c2,2026-08-30T00:45:00Z,2026-08-30T02:45:00+0200,0.0,MW,NL,NL,actual_onshore_wind_generation,Wind Onshore | Actual Consumption,2026-09-05T13:29:12Z
2026-09-05T13:27:38Z,2026-09-05T15:27:38+0200,6b664628-1305-42f6-8311-642f19c849c2,2026-08-30T01:00:00Z,2026-08-30T03:00:00+0200,920.867,MW,NL,NL,actual_onshore_wind_generation,Wind Onshore | Actual Aggregated,2026-09-05T13:29:12Z
2026-09-05T13:27:38Z,2026-09-05T15:27:38+0200,6b664628-1305-42f6-8311-642f19c849c2,2026-08-30T01:00:00Z,2026-08-30T03:00:00+0200,0.0,MW,NL,NL,actual_onshore_wind_generation,Wind Onshore | Actual Consumption,2026-09-05T13:29:12Z
2026-09-05T13:27:38Z,2026-09-05T15:27:38+0200,6b664628-1305-42f6-8311-642f19c849c2,2026-08-30T01:15:00Z,2026-08-30T03:15:00+0200,917.016,MW,NL,NL,actual_onshore_wind_generation,Wind Onshore | Actual Aggregated,2026-09-05T13:29:12Z
2026-09-05T13:27:38Z,2026-09-05T15:27:38+0200,6b664628-1305-42f6-8311-642f19c849c2,2026-08-30T01:15:00Z,2026-08-30T03:15:00+0200,0.0,MW,NL,NL,actual_onshore_wind_generation,Wind Onshore | Actual Consumption,2026-09-05T13:29:12Z
2026-09-05T13:27:38Z,2026-09-05T15:27:38+0200,6b664628-1305-42f6-8311-642f19c849c2,2026-08-30T01:30:00Z,2026-08-30T03:30:00+0200,920.389,MW,NL,NL,actual_onshore_wind_generation,Wind Onshore | Actual Aggregated,2026-09-05T13:29:12Z
2026-09-05T13:27:38Z,2026-09-05T15:27:38+0200,6b664628-1305-42f6-8311-642f19c849c2,2026-08-30T01:30:00Z,2026-08-30T03:30:00+0200,0.0,MW,NL,NL,actual_onshore_wind_generation,Wind Onshore | Actual Consumption,2026-09-05T13:29:12Z
2026-09-05T13:27:38Z,2026-09-05T15:27:38+0200,6b664628-1305-42f6-8311-642f19c849c2,2026-08-30T01:45:00Z,2026-08-30T03:45:00+0200,933.563,MW,NL,NL,actual_onshore_wind_generation,Wind Onshore | Actual Aggregated,2026-09-05T13:29:12Z
2026-09-05T13:27:38Z,2026-09-05T15:27:38+0200,6b664628-1305-42f6-8311-642f19c849c2,2026-08-30T01:45:00Z,2026-08-30T03:45:00+0200,0.0,MW,NL,NL,actual_onshore_wind_generation,Wind Onshore | Actual Consumption,2026-09-05T13:29:12Z
2026-09-05T13:27:38Z,2026-09-05T15:27:38+0200,6b664628-1305-42f6-8311-642f19c849c2,2026-08-30T02:00:00Z,2026-08-30T04:00:00+0200,948.909,MW,NL,NL,actual_onshore_wind_generation,Wind Onshore | Actual Aggregated,2026-09-05T13:29:12Z
2026-09-05T13:27:38Z,2026-09-05T15:27:38+0200,6b664628-1305-42f6-8311-642f19c849c2,2026-08-30T02:00:00Z,2026-08-30T04:00:00+0200,0.0,MW,NL,NL,actual_onshore_wind_generation,Wind Onshore | Actual Consumption,2026-09-05T13:29:12Z
2026-09-05T13:27:38Z,2026-09-05T15:27:38+0200,6b664628-1305-42f6-8311-642f19c849c2,2026-08-30T02:15:00Z,2026-08-30T04:15:00+0200,949.669,MW,NL,NL,actual_onshore_wind_generation,Wind Onshore | Actual Aggregated,2026-09-05T13:29:12Z
2026-09-05T13:27:38Z,2026-09-05T15:27:38+0200,6b664628-1305-42f6-8311-642f19c849c2,2026-08-30T02:15:00Z,2026-08-30T04:15:00+0200,0.0,MW,NL,NL,actual_onshore_wind_generation,Wind Onshore | Actual Consumption,2026-09-05T13:29:12Z
2026-09-05T13:27:38Z,2026-09-05T15:27:38+0200,6b664628-1305-42f6-8311-642f19c849c2,2026-08-30T02:30:00Z,2026-08-30T04:30:00+0200,954.307,MW,NL,NL,actual_onshore_wind_generation,Wind Onshore | Actual Aggregated,2026-09-05T13:29:12Z
2026-09-05T13:27:38Z,2026-09-05T15:27:38+0200,6b664628-1305-42f6-8311-642f19c849c2,2026-08-30T02:30:00Z,2026-08-30T04:30:00+0200,0.0,MW,NL,NL,actual_onshore_wind_generation,Wind Onshore | Actual Consumption,2026-09-05T13:29:12Z
2026-09-05T13:27:38Z,2026-09-05T15:27:38+0200,6b664628-1305-42f6-8311-642f19c849c2,2026-08-30T02:45:00Z,2026-08-30T04:45:00+0200,938.229,MW,NL,NL,actual_onshore_wind_generation,Wind Onshore | Actual Aggregated,2026-09-05T13:29:12Z
2026-09-05T13:27:38Z,2026-09-05T15:27:38+0200,6b664628-1305-42f6-8311-642f19c849c2,2026-08-30T02:45:00Z,2026-08-30T04:45:00+0200,0.0,MW,NL,NL,actual_onshore_wind_generation,Wind Onshore | Actual Consumption,2026-09-05T13:29:12Z
2026-09-05T13:27:38Z,2026-09-05T15:27:38+0200,6b664628-1305-42f6-8311-642f19c849c2,2026-08-30T03:00:00Z,2026-08-30T05:00:00+0200,943.161,MW,NL,NL,actual_onshore_wind_generation,Wind Onshore | Actual Aggregated,2026-09-05T13:29:12Z
2026-09-05T13:27:38Z,2026-09-05T15:27:38+0200,6b664628-1305-42f6-8311-642f19c849c2,2026-08-30T03:00:00Z,2026-08-30T05:00:00+0200,0.0,MW,NL,NL,actual_onshore_wind_generation,Wind Onshore | Actual Consumption,2026-09-05T13:29:12Z
2026-09-05T13:27:38Z,2026-09-05T15:27:38+0200,6b664628-1305-42f6-8311-642f19c849c2,2026-08-30T03:15:00Z,2026-08-30T05:15:00+0200,928.936,MW,NL,NL,actual_onshore_wind_generation,Wind Onshore | Actual Aggregated,2026-09-05T13:29:12Z
2026-09-05T13:27:38Z,2026-09-05T15:27:38+0200,6b664628-1305-42f6-8311-642f19c849c2,2026-08-30T03:15:00Z,2026-08-30T05:15:00+0200,0.0,MW,NL,NL,actual_onshore_wind_generation,Wind Onshore | Actual Consumption,2026-09-05T13:29:12Z
2026-09-05T13:27:38Z,2026-09-05T15:27:38+0200,6b664628-1305-42f6-8311-642f19c849c2,2026-08-30T03:30:00Z,2026-08-30T05:30:00+0200,925.366,MW,NL,NL,actual_onshore_wind_generation,Wind Onshore | Actual Aggregated,2026-09-05T13:29:12Z
2026-09-05T13:27:38Z,2026-09-05T15:27:38+0200,6b664628-1305-42f6-8311-642f19c849c2,2026-08-30T03:30:00Z,2026-08-30T05:30:00+0200,0.0,MW,NL,NL,actual_onshore_wind_generation,Wind Onshore | Actual Consumption,2026-09-05T13:29:12Z
2026-09-05T13:27:38Z,2026-09-05T15:27:38+0200,6b664628-1305-42f6-8311-642f19c849c2,2026-08-30T03:45:00Z,2026-08-30T05:45:00+0200,904.273,MW,NL,NL,actual_onshore_wind_generation,Wind Onshore | Actual Aggregated,2026-09-05T13:29:12Z
2026-09-05T13:27:38Z,2026-09-05T15:27:38+0200,6b664628-1305-42f6-8311-642f19c849c2,2026-08-30T03:45:00Z,2026-08-30T05:45:00+0200,0.0,MW,NL,NL,actual_onshore_wind_generation,Wind Onshore | Actual Consumption,2026-09-05T13:29:12Z
2026-09-05T13:27:38Z,2026-09-05T15:27:38+0200,6b664628-1305-42f6-8311-642f19c849c2,2026-08-30T04:00:00Z,2026-08-30T06:00:00+0200,880.632,MW,NL,NL,actual_onshore_wind_generation,Wind Onshore | Actual Aggregated,2026-09-05T13:29:12Z
2026-09-05T13:27:38Z,2026-09-05T15:27:38+0200,6b664628-1305-42f6-8311-642f19c849c2,2026-08-30T04:00:00Z,2026-08-30T06:00:00+0200,0.0,MW,NL,NL,actual_onshore_wind_generation,Wind Onshore | Actual Consumption,2026-09-05T13:29:12Z
2026-09-05T13:27:38Z,2026-09-05T15:27:38+0200,6b664628-1305-42f6-8311-642f19c849c2,2026-08-30T04:15:00Z,2026-08-30T06:15:00+0200,879.496,MW,NL,NL,actual_onshore_wind_generation,Wind Onshore | Actual Aggregated,2026-09-05T13:29:12Z
2026-09-05T13:27:38Z,2026-09-05T15:27:38+0200,6b664628-1305-42f6-8311-642f19c849c2,2026-08-30T04:15:00Z,2026-08-30T06:15:00+0200,0.0,MW,NL,NL,actual_onshore_wind_generation,Wind Onshore | Actual Consumption,2026-09-05T13:29:12Z
2026-09-05T13:27:38Z,2026-09-05T15:27:38+0200,6b664628-1305-42f6-8311-642f19c849c2,2026-08-30T04:30:00Z,2026-08-30T06:30:00+0200,894.08,MW,NL,NL,actual_onshore_wind_generation,Wind Onshore | Actual Aggregated,2026-09-05T13:29:12Z
2026-09-05T13:27:38Z,2026-09-05T15:27:38+0200,6b664628-1305-42f6-8311-642f19c849c2,2026-08-30T04:30:00Z,2026-08-30T06:30:00+0200,0.0,MW,NL,NL,actual_onshore_wind_generation,Wind Onshore | Actual Consumption,2026-09-05T13:29:12Z
2026-09-05T13:27:38Z,2026-09-05T15:27:38+0200,6b664628-1305-42f6-8311-642f19c849c2,2026-08-30T04:45:00Z,2026-08-30T06:45:00+0200,884.139,MW,NL,NL,actual_onshore_wind_generation,Wind Onshore | Actual Aggregated,2026-09-05T13:29:12Z
2026-09-05T13:27:38Z,2026-09-05T15:27:38+0200,6b664628-1305-42f6-8311-642f19c849c2,2026-08-30T04:45:00Z,2026-08-30T06:45:00+0200,0.0,MW,NL,NL,actual_onshore_wind_generation,Wind Onshore | Actual Consumption,2026-09-05T13:29:12Z
2026-09-05T13:27:38Z,2026-09-05T15:27:38+0200,6b664628-1305-42f6-8311-642f19c849c2,2026-08-30T05:00:00Z,2026-08-30T07:00:00+0200,893.234,MW,NL,NL,actual_onshore_wind_generation,Wind Onshore | Actual Aggregated,2026-09-05T13:29:12Z
2026-09-05T13:27:38Z,2026-09-05T15:27:38+0200,6b664628-1305-42f6-8311-642f19c849c2,2026-08-30T05:00:00Z,2026-08-30T07:00:00+0200,0.0,MW,NL,NL,actual_onshore_wind_generation,Wind Onshore | Actual Consumption,2026-09-05T13:29:12Z
2026-09-05T13:27:38Z,2026-09-05T15:27:38+0200,6b664628-1305-42f6-8311-642f19c849c2,2026-08-30T05:15:00Z,2026-08-30T07:15:00+0200,842.592,MW,NL,NL,actual_onshore_wind_generation,Wind Onshore | Actual Aggregated,2026-09-05T13:29:12Z
2026-09-05T13:27:38Z,2026-09-05T15:27:38+0200,6b664628-1305-42f6-8311-642f19c849c2,2026-08-30T05:15:00Z,2026-08-30T07:15:00+0200,0.0,MW,NL,NL,actual_onshore_wind_generation,Wind Onshore | Actual Consumption,2026-09-05T13:29:12Z
2026-09-05T13:27:38Z,2026-09-05T15:27:38+0200,6b664628-1305-42f6-8311-642f19c849c2,2026-08-30T05:30:00Z,2026-08-30T07:30:00+0200,809.332,MW,NL,NL,actual_onshore_wind_generation,Wind Onshore | Actual Aggregated,2026-09-05T13:29:12Z
2026-09-05T13:27:38Z,2026-09-05T15:27:38+0200,6b664628-1305-42f6-8311-642f19c849c2,2026-08-30T05:30:00Z,2026-08-30T07:30:00+0200,0.0,MW,NL,NL,actual_onshore_wind_generation,Wind Onshore | Actual Consumption,2026-09-05T13:29:12Z
2026-09-05T13:27:38Z,2026-09-05T15:27:38+0200,6b664628-1305-42f6-8311-642f19c849c2,2026-08-30T05:45:00Z,2026-08-30T07:45:00+0200,792.669,MW,NL,NL,actual_onshore_wind_generation,Wind Onshore | Actual Aggregated,2026-09-05T13:29:12Z
2026-09-05T13:27:38Z,2026-09-05T15:27:38+0200,6b664628-1305-42f6-8311-642f19c849c2,2026-08-30T05:45:00Z,2026-08-30T07:45:00+0200,0.0,MW,NL,NL,actual_onshore_wind_generation,Wind Onshore | Actual Consumption,2026-09-05T13:29:12Z
2026-09-05T13:27:38Z,2026-09-05T15:27:38+0200,6b664628-1305-42f6-8311-642f19c849c2,2026-08-30T06:00:00Z,2026-08-30T08:00:00+0200,804.902,MW,NL,NL,actual_onshore_wind_generation,Wind Onshore | Actual Aggregated,2026-09-05T13:29:12Z
2026-09-05T13:27:38Z,2026-09-05T15:27:38+0200,6b664628-1305-42f6-8311-642f19c849c2,2026-08-30T06:00:00Z,2026-08-30T08:00:00+0200,0.0,MW,NL,NL,actual_onshore_wind_generation,Wind Onshore | Actual Consumption,2026-09-05T13:29:12Z
2026-09-05T13:27:38Z,2026-09-05T15:27:38+0200,6b664628-1305-42f6-8311-642f19c849c2,2026-08-30T06:15:00Z,2026-08-30T08:15:00+0200,764.603,MW,NL,NL,actual_onshore_wind_generation,Wind Onshore | Actual Aggregated,2026-09-05T13:29:12Z
2026-09-05T13:27:38Z,2026-09-05T15:27:38+0200,6b664628-1305-42f6-8311-642f19c849c2,2026-08-30T06:15:00Z,2026-08-30T08:15:00+0200,0.0,MW,NL,NL,actual_onshore_wind_generation,Wind Onshore | Actual Consumption,2026-09-05T13:29:12Z
2026-09-05T13:27:38Z,2026-09-05T15:27:38+0200,6b664628-1305-42f6-8311-642f19c849c2,2026-08-30T06:30:00Z,2026-08-30T08:30:00+0200,681.611,MW,NL,NL,actual_onshore_wind_generation,Wind Onshore | Actual Aggregated,2026-09-05T13:29:12Z
2026-09-05T13:27:38Z,2026-09-05T15:27:38+0200,6b664628-1305-42f6-8311-642f19c849c2,2026-08-30T06:30:00Z,2026-08-30T08:30:00+0200,0.0,MW,NL,NL,actual_onshore_wind_generation,Wind Onshore | Actual Consumption,2026-09-05T13:29:12Z
2026-09-05T13:27:38Z,2026-09-05T15:27:38+0200,6b664628-1305-42f6-8311-642f19c849c2,2026-08-30T06:45:00Z,2026-08-30T08:45:00+0200,642.198,MW,NL,NL,actual_onshore_wind_generation,Wind Onshore | Actual Aggregated,2026-09-05T13:29:12Z
2026-09-05T13:27:38Z,2026-09-05T15:27:38+0200,6b664628-1305-42f6-8311-642f19c849c2,2026-08-30T06:45:00Z,2026-08-30T08:45:00+0200,0.0,MW,NL,NL,actual_onshore_wind_generation,Wind Onshore | Actual Consumption,2026-09-05T13:29:12Z
2026-09-05T13:27:38Z,2026-09-05T15:27:38+0200,6b664628-1305-42f6-8311-642f19c849c2,2026-08-30T07:00:00Z,2026-08-30T09:00:00+0200,537.694,MW,NL,NL,actual_onshore_wind_generation,Wind Onshore | Actual Aggregated,2026-09-05T13:29:12Z
2026-09-05T13:27:38Z,2026-09-05T15:27:38+0200,6b664628-1305-42f6-8311-642f19c849c2,2026-08-30T07:00:00Z,2026-08-30T09:00:00+0200,0.0,MW,NL,NL,actual_onshore_wind_generation,Wind Onshore | Actual Consumption,2026-09-05T13:29:12Z
2026-09-05T13:27:38Z,2026-09-05T15:27:38+0200,6b664628-1305-42f6-8311-642f19c849c2,2026-08-30T07:15:00Z,2026-08-30T09:15:00+0200,517.338,MW,NL,NL,actual_onshore_wind_generation,Wind Onshore | Actual Aggregated,2026-09-05T13:29:12Z
2026-09-05T13:27:38Z,2026-09-05T15:27:38+0200,6b664628-1305-42f6-8311-642f19c849c2,2026-08-30T07:15:00Z,2026-08-30T09:15:00+0200,0.0,MW,NL,NL,actual_onshore_wind_generation,Wind Onshore | Actual Consumption,2026-09-05T13:29:12Z
2026-09-05T13:27:38Z,2026-09-05T15:27:38+0200,6b664628-1305-42f6-8311-642f19c849c2,2026-08-30T07:30:00Z,2026-08-30T09:30:00+0200,460.893,MW,NL,NL,actual_onshore_wind_generation,Wind Onshore | Actual Aggregated,2026-09-05T13:29:12Z
2026-09-05T13:27:38Z,2026-09-05T15:27:38+0200,6b664628-1305-42f6-8311-642f19c849c2,2026-08-30T07:30:00Z,2026-08-30T09:30:00+0200,0.0,MW,NL,NL,actual_onshore_wind_generation,Wind Onshore | Actual Consumption,2026-09-05T13:29:12Z
2026-09-05T13:27:38Z,2026-09-05T15:27:38+0200,6b664628-1305-42f6-8311-642f19c849c2,2026-08-30T07:45:00Z,2026-08-30T09:45:00+0200,407.318,MW,NL,NL,actual_onshore_wind_generation,Wind Onshore | Actual Aggregated,2026-09-05T13:29:12Z
2026-09-05T13:27:38Z,2026-09-05T15:27:38+0200,6b664628-1305-42f6-8311-642f19c849c2,2026-08-30T07:45:00Z,2026-08-30T09:45:00+0200,0.0,MW,NL,NL,actual_onshore_wind_generation,Wind Onshore | Actual Consumption,2026-09-05T13:29:12Z
2026-09-05T13:27:38Z,2026-09-05T15:27:38+0200,6b664628-1305-42f6-8311-642f19c849c2,2026-08-30T08:00:00Z,2026-08-30T10:00:00+0200,379.207,MW,NL,NL,actual_onshore_wind_generation,Wind Onshore | Actual Aggregated,2026-09-05T13:29:12Z
2026-09-05T13:27:38Z,2026-09-05T15:27:38+0200,6b664628-1305-42f6-8311-642f19c849c2,2026-08-30T08:00:00Z,2026-08-30T10:00:00+0200,0.0,MW,NL,NL,actual_onshore_wind_generation,Wind Onshore | Actual Consumption,2026-09-05T13:29:12Z
2026-09-05T13:27:38Z,2026-09-05T15:27:38+0200,6b664628-1305-42f6-8311-642f19c849c2,2026-08-30T08:15:00Z,2026-08-30T10:15:00+0200,369.328,MW,NL,NL,actual_onshore_wind_generation,Wind Onshore | Actual Aggregated,2026-09-05T13:29:12Z
2026-09-05T13:27:38Z,2026-09-05T15:27:38+0200,6b664628-1305-42f6-8311-642f19c849c2,2026-08-30T08:15:00Z,2026-08-30T10:15:00+0200,0.0,MW,NL,NL,actual_onshore_wind_generation,Wind Onshore | Actual Consumption,2026-09-05T13:29:12Z
2026-09-05T13:27:38Z,2026-09-05T15:27:38+0200,6b664628-1305-42f6-8311-642f19c849c2,2026-08-30T08:30:00Z,2026-08-30T10:30:00+0200,384.885,MW,NL,NL,actual_onshore_wind_generation,Wind Onshore | Actual Aggregated,2026-09-05T13:29:12Z
2026-09-05T13:27:38Z,2026-09-05T15:27:38+0200,6b664628-1305-42f6-8311-642f19c849c2,2026-08-30T08:30:00Z,2026-08-30T10:30:00+0200,0.0,MW,NL,NL,actual_onshore_wind_generation,Wind Onshore | Actual Consumption,2026-09-05T13:29:12Z
2026-09-05T13:27:38Z,2026-09-05T15:27:38+0200,6b664628-1305-42f6-8311-642f19c849c2,2026-08-30T08:45:00Z,2026-08-30T10:45:00+0200,373.089,MW,NL,NL,actual_onshore_wind_generation,Wind Onshore | Actual Aggregated,2026-09-05T13:29:12Z
2026-09-05T13:27:38Z,2026-09-05T15:27:38+0200,6b664628-1305-42f6-8311-642f19c849c2,2026-08-30T08:45:00Z,2026-08-30T10:45:00+0200,0.0,MW,NL,NL,actual_onshore_wind_generation,Wind Onshore | Actual Consumption,2026-09-05T13:29:12Z
2026-09-05T13:27:38Z,2026-09-05T15:27:38+0200,6b664628-1305-42f6-8311-642f19c849c2,2026-08-30T09:00:00Z,2026-08-30T11:00:00+0200,296.781,MW,NL,NL,actual_onshore_wind_generation,Wind Onshore | Actual Aggregated,2026-09-05T13:29:12Z
2026-09-05T13:27:38Z,2026-09-05T15:27:38+0200,6b664628-1305-42f6-8311-642f19c849c2,2026-08-30T09:00:00Z,2026-08-30T11:00:00+0200,0.0,MW,NL,NL,actual_onshore_wind_generation,Wind Onshore | Actual Consumption,2026-09-05T13:29:12Z
2026-09-05T13:27:38Z,2026-09-05T15:27:38+0200,6b664628-1305-42f6-8311-642f19c849c2,2026-08-30T09:15:00Z,2026-08-30T11:15:00+0200,307.375,MW,NL,NL,actual_onshore_wind_generation,Wind Onshore | Actual Aggregated,2026-09-05T13:29:12Z
2026-09-05T13:27:38Z,2026-09-05T15:27:38+0200,6b664628-1305-42f6-8311-642f19c849c2,2026-08-30T09:15:00Z,2026-08-30T11:15:00+0200,0.0,MW,NL,NL,actual_onshore_wind_generation,Wind Onshore | Actual Consumption,2026-09-05T13:29:12Z
2026-09-05T13:27:38Z,2026-09-05T15:27:38+0200,6b664628-1305-42f6-8311-642f19c849c2,2026-08-30T09:30:00Z,2026-08-30T11:30:00+0200,267.341,MW,NL,NL,actual_onshore_wind_generation,Wind Onshore | Actual Aggregated,2026-09-05T13:29:12Z
2026-09-05T13:27:38Z,2026-09-05T15:27:38+0200,6b664628-1305-42f6-8311-642f19c849c2,2026-08-30T09:30:00Z,2026-08-30T11:30:00+0200,0.0,MW,NL,NL,actual_onshore_wind_generation,Wind Onshore | Actual Consumption,2026-09-05T13:29:12Z
2026-09-05T13:27:38Z,2026-09-05T15:27:38+0200,6b664628-1305-42f6-8311-642f19c849c2,2026-08-30T09:45:00Z,2026-08-30T11:45:00+0200,255.538,MW,NL,NL,actual_onshore_wind_generation,Wind Onshore | Actual Aggregated,2026-09-05T13:29:12Z
2026-09-05T13:27:38Z,2026-09-05T15:27:38+0200,6b664628-1305-42f6-8311-642f19c849c2,2026-08-30T09:45:00Z,2026-08-30T11:45:00+0200,0.0,MW,NL,NL,actual_onshore_wind_generation,Wind Onshore | Actual Consumption,2026-09-05T13:29:12Z
2026-09-05T13:27:38Z,2026-09-05T15:27:38+0200,6b664628-1305-42f6-8311-642f19c849c2,2026-08-30T10:00:00Z,2026-08-30T12:00:00+0200,238.417,MW,NL,NL,actual_onshore_wind_generation,Wind Onshore | Actual Aggregated,2026-09-05T13:29:12Z
2026-09-05T13:27:38Z,2026-09-05T15:27:38+0200,6b664628-1305-42f6-8311-642f19c849c2,2026-08-30T10:00:00Z,2026-08-30T12:00:00+0200,0.0,MW,NL,NL,actual_onshore_wind_generation,Wind Onshore | Actual Consumption,2026-09-05T13:29:12Z
2026-09-05T13:27:38Z,2026-09-05T15:27:38+0200,6b664628-1305-42f6-8311-642f19c849c2,2026-08-30T10:15:00Z,2026-08-30T12:15:00+0200,230.045,MW,NL,NL,actual_onshore_wind_generation,Wind Onshore | Actual Aggregated,2026-09-05T13:29:12Z
2026-09-05T13:27:38Z,2026-09-05T15:27:38+0200,6b664628-1305-42f6-8311-642f19c849c2,2026-08-30T10:15:00Z,2026-08-30T12:15:00+0200,0.0,MW,NL,NL,actual_onshore_wind_generation,Wind Onshore | Actual Consumption,2026-09-05T13:29:12Z
2026-09-05T13:27:38Z,2026-09-05T15:27:38+0200,6b664628-1305-42f6-8311-642f19c849c2,2026-08-30T10:30:00Z,2026-08-30T12:30:00+0200,225.187,MW,NL,NL,actual_onshore_wind_generation,Wind Onshore | Actual Aggregated,2026-09-05T13:29:12Z
2026-09-05T13:27:38Z,2026-09-05T15:27:38+0200,6b664628-1305-42f6-8311-642f19c849c2,2026-08-30T10:30:00Z,2026-08-30T12:30:00+0200,0.0,MW,NL,NL,actual_onshore_wind_generation,Wind Onshore | Actual Consumption,2026-09-05T13:29:12Z
2026-09-05T13:27:38Z,2026-09-05T15:27:38+0200,6b664628-1305-42f6-8311-642f19c849c2,2026-08-30T10:45:00Z,2026-08-30T12:45:00+0200,223.306,MW,NL,NL,actual_onshore_wind_generation,Wind Onshore | Actual Aggregated,2026-09-05T13:29:12Z
2026-09-05T13:27:38Z,2026-09-05T15:27:38+0200,6b664628-1305-42f6-8311-642f19c849c2,2026-08-30T10:45:00Z,2026-08-30T12:45:00+0200,0.0,MW,NL,NL,actual_onshore_wind_generation,Wind Onshore | Actual Consumption,2026-09-05T13:29:12Z
2026-09-05T13:27:38Z,2026-09-05T15:27:38+0200,6b664628-1305-42f6-8311-642f19c849c2,2026-08-30T11:00:00Z,2026-08-30T13:00:00+0200,154.258,MW,NL,NL,actual_onshore_wind_generation,Wind Onshore | Actual Aggregated,2026-09-05T13:29:12Z
2026-09-05T13:27:38Z,2026-09-05T15:27:38+0200,6b664628-1305-42f6-8311-642f19c849c2,2026-08-30T11:00:00Z,2026-08-30T13:00:00+0200,0.0,MW,NL,NL,actual_onshore_wind_generation,Wind Onshore | Actual Consumption,2026-09-05T13:29:12Z
2026-09-05T13:27:38Z,2026-09-05T15:27:38+0200,6b664628-1305-42f6-8311-642f19c849c2,2026-08-30T11:15:00Z,2026-08-30T13:15:00+0200,141.976,MW,NL,NL,actual_onshore_wind_generation,Wind Onshore | Actual Aggregated,2026-09-05T13:29:12Z
2026-09-05T13:27:38Z,2026-09-05T15:27:38+0200,6b664628-1305-42f6-8311-642f19c849c2,2026-08-30T11:15:00Z,2026-08-30T13:15:00+0200,0.0,MW,NL,NL,actual_onshore_wind_generation,Wind Onshore | Actual Consumption,2026-09-05T13:29:12Z
2026-09-05T13:27:38Z,2026-09-05T15:27:38+0200,6b664628-1305-42f6-8311-642f19c849c2,2026-08-30T11:30:00Z,2026-08-30T13:30:00+0200,154.742,MW,NL,NL,actual_onshore_wind_generation,Wind Onshore | Actual Aggregated,2026-09-05T13:29:12Z
2026-09-05T13:27:38Z,2026-09-05T15:27:38+0200,6b664628-1305-42f6-8311-642f19c849c2,2026-08-30T11:30:00Z,2026-08-30T13:30:00+0200,0.0,MW,NL,NL,actual_onshore_wind_generation,Wind Onshore | Actual Consumption,2026-09-05T13:29:12Z
2026-09-05T13:27:38Z,2026-09-05T15:27:38+0200,6b664628-1305-42f6-8311-642f19c849c2,2026-08-30T11:45:00Z,2026-08-30T13:45:00+0200,205.325,MW,NL,NL,actual_onshore_wind_generation,Wind Onshore | Actual Aggregated,2026-09-05T13:29:12Z
2026-09-05T13:27:38Z,2026-09-05T15:27:38+0200,6b664628-1305-42f6-8311-642f19c849c2,2026-08-30T11:45:00Z,2026-08-30T13:45:00+0200,0.0,MW,NL,NL,actual_onshore_wind_generation,Wind Onshore | Actual Consumption,2026-09-05T13:29:12Z
2026-09-05T13:27:38Z,2026-09-05T15:27:38+0200,6b664628-1305-42f6-8311-642f19c849c2,2026-08-30T12:00:00Z,2026-08-30T14:00:00+0200,200.418,MW,NL,NL,actual_onshore_wind_generation,Wind Onshore | Actual Aggregated,2026-09-05T13:29:12Z
2026-09-05T13:27:38Z,2026-09-05T15:27:38+0200,6b664628-1305-42f6-8311-642f19c849c2,2026-08-30T12:00:00Z,2026-08-30T14:00:00+0200,0.0,MW,NL,NL,actual_onshore_wind_generation,Wind Onshore | Actual Consumption,2026-09-05T13:29:12Z
2026-09-05T13:27:38Z,2026-09-05T15:27:38+0200,6b664628-1305-42f6-8311-642f19c849c2,2026-08-30T12:15:00Z,2026-08-30T14:15:00+0200,171.406,MW,NL,NL,actual_onshore_wind_generation,Wind Onshore | Actual Aggregated,2026-09-05T13:29:12Z
2026-09-05T13:27:38Z,2026-09-05T15:27:38+0200,6b664628-1305-42f6-8311-642f19c849c2,2026-08-30T12:15:00Z,2026-08-30T14:15:00+0200,0.0,MW,NL,NL,actual_onshore_wind_generation,Wind Onshore | Actual Consumption,2026-09-05T13:29:12Z
2026-09-05T13:27:38Z,2026-09-05T15:27:38+0200,6b664628-1305-42f6-8311-642f19c849c2,2026-08-30T12:30:00Z,2026-08-30T14:30:00+0200,174.464,MW,NL,NL,actual_onshore_wind_generation,Wind Onshore | Actual Aggregated,2026-09-05T13:29:12Z
2026-09-05T13:27:38Z,2026-09-05T15:27:38+0200,6b664628-1305-42f6-8311-642f19c849c2,2026-08-30T12:30:00Z,2026-08-30T14:30:00+0200,0.0,MW,NL,NL,actual_onshore_wind_generation,Wind Onshore | Actual Consumption,2026-09-05T13:29:12Z
2026-09-05T13:27:38Z,2026-09-05T15:27:38+0200,6b664628-1305-42f6-8311-642f19c849c2,2026-08-30T12:45:00Z,2026-08-30T14:45:00+0200,169.922,MW,NL,NL,actual_onshore_wind_generation,Wind Onshore | Actual Aggregated,2026-09-05T13:29:12Z
2026-09-05T13:27:38Z,2026-09-05T15:27:38+0200,6b664628-1305-42f6-8311-642f19c849c2,2026-08-30T12:45:00Z,2026-08-30T14:45:00+0200,0.0,MW,NL,NL,actual_onshore_wind_generation,Wind Onshore | Actual Consumption,2026-09-05T13:29:12Z
2026-09-05T13:27:38Z,2026-09-05T15:27:38+0200,6b664628-1305-42f6-8311-642f19c849c2,2026-08-30T13:00:00Z,2026-08-30T15:00:00+0200,178.686,MW,NL,NL,actual_onshore_wind_generation,Wind Onshore | Actual Aggregated,2026-09-05T13:29:12Z
2026-09-05T13:27:38Z,2026-09-05T15:27:38+0200,6b664628-1305-42f6-8311-642f19c849c2,2026-08-30T13:00:00Z,2026-08-30T15:00:00+0200,0.0,MW,NL,NL,actual_onshore_wind_generation,Wind Onshore | Actual Consumption,2026-09-05T13:29:12Z
2026-09-05T13:27:38Z,2026-09-05T15:27:38+0200,6b664628-1305-42f6-8311-642f19c849c2,2026-08-30T13:15:00Z,2026-08-30T15:15:00+0200,184.723,MW,NL,NL,actual_onshore_wind_generation,Wind Onshore | Actual Aggregated,2026-09-05T13:29:12Z
2026-09-05T13:27:38Z,2026-09-05T15:27:38+0200,6b664628-1305-42f6-8311-642f19c849c2,2026-08-30T13:15:00Z,2026-08-30T15:15:00+0200,0.0,MW,NL,NL,actual_onshore_wind_generation,Wind Onshore | Actual Consumption,2026-09-05T13:29:12Z
2026-09-05T13:27:38Z,2026-09-05T15:27:38+0200,6b664628-1305-42f6-8311-642f19c849c2,2026-08-30T13:30:00Z,2026-08-30T15:30:00+0200,168.946,MW,NL,NL,actual_onshore_wind_generation,Wind Onshore | Actual Aggregated,2026-09-05T13:29:12Z
2026-09-05T13:27:38Z,2026-09-05T15:27:38+0200,6b664628-1305-42f6-8311-642f19c849c2,2026-08-30T13:30:00Z,2026-08-30T15:30:00+0200,0.0,MW,NL,NL,actual_onshore_wind_generation,Wind Onshore | Actual Consumption,2026-09-05T13:29:12Z
2026-09-05T13:27:38Z,2026-09-05T15:27:38+0200,6b664628-1305-42f6-8311-642f19c849c2,2026-08-30T13:45:00Z,2026-08-30T15:45:00+0200,175.857,MW,NL,NL,actual_onshore_wind_generation,Wind Onshore | Actual Aggregated,2026-09-05T13:29:12Z
2026-09-05T13:27:38Z,2026-09-05T15:27:38+0200,6b664628-1305-42f6-8311-642f19c849c2,2026-08-30T13:45:00Z,2026-08-30T15:45:00+0200,0.0,MW,NL,NL,actual_onshore_wind_generation,Wind Onshore | Actual Consumption,2026-09-05T13:29:12Z
2026-09-05T13:27:38Z,2026-09-05T15:27:38+0200,6b664628-1305-42f6-8311-642f19c849c2,2026-08-30T14:00:00Z,2026-08-30T16:00:00+0200,161.097,MW,NL,NL,actual_onshore_wind_generation,Wind Onshore | Actual Aggregated,2026-09-05T13:29:12Z
2026-09-05T13:27:38Z,2026-09-05T15:27:38+0200,6b664628-1305-42f6-8311-642f19c849c2,2026-08-30T14:00:00Z,2026-08-30T16:00:00+0200,0.0,MW,NL,NL,actual_onshore_wind_generation,Wind Onshore | Actual Consumption,2026-09-05T13:29:12Z
2026-09-05T13:27:38Z,2026-09-05T15:27:38+0200,6b664628-1305-42f6-8311-642f19c849c2,2026-08-30T14:15:00Z,2026-08-30T16:15:00+0200,214.261,MW,NL,NL,actual_onshore_wind_generation,Wind Onshore | Actual Aggregated,2026-09-05T13:29:12Z
2026-09-05T13:27:38Z,2026-09-05T15:27:38+0200,6b664628-1305-42f6-8311-642f19c849c2,2026-08-30T14:15:00Z,2026-08-30T16:15:00+0200,0.0,MW,NL,NL,actual_onshore_wind_generation,Wind Onshore | Actual Consumption,2026-09-05T13:29:12Z
2026-09-05T13:27:38Z,2026-09-05T15:27:38+0200,6b664628-1305-42f6-8311-642f19c849c2,2026-08-30T14:30:00Z,2026-08-30T16:30:00+0200,243.992,MW,NL,NL,actual_onshore_wind_generation,Wind Onshore | Actual Aggregated,2026-09-05T13:29:12Z
2026-09-05T13:27:38Z,2026-09-05T15:27:38+0200,6b664628-1305-42f6-8311-642f19c849c2,2026-08-30T14:30:00Z,2026-08-30T16:30:00+0200,0.0,MW,NL,NL,actual_onshore_wind_generation,Wind Onshore | Actual Consumption,2026-09-05T13:29:12Z
2026-09-05T13:27:38Z,2026-09-05T15:27:38+0200,6b664628-1305-42f6-8311-642f19c849c2,2026-08-30T14:45:00Z,2026-08-30T16:45:00+0200,199.04,MW,NL,NL,actual_onshore_wind_generation,Wind Onshore | Actual Aggregated,2026-09-05T13:29:12Z
2026-09-05T13:27:38Z,2026-09-05T15:27:38+0200,6b664628-1305-42f6-8311-642f19c849c2,2026-08-30T14:45:00Z,2026-08-30T16:45:00+0200,0.0,MW,NL,NL,actual_onshore_wind_generation,Wind Onshore | Actual Consumption,2026-09-05T13:29:12Z
2026-09-05T13:27:38Z,2026-09-05T15:27:38+0200,6b664628-1305-42f6-8311-642f19c849c2,2026-08-30T15:00:00Z,2026-08-30T17:00:00+0200,169.432,MW,NL,NL,actual_onshore_wind_generation,Wind Onshore | Actual Aggregated,2026-09-05T13:29:12Z
2026-09-05T13:27:38Z,2026-09-05T15:27:38+0200,6b664628-1305-42f6-8311-642f19c849c2,2026-08-30T15:00:00Z,2026-08-30T17:00:00+0200,0.0,MW,NL,NL,actual_onshore_wind_generation,Wind Onshore | Actual Consumption,2026-09-05T13:29:12Z
2026-09-05T13:27:38Z,2026-09-05T15:27:38+0200,6b664628-1305-42f6-8311-642f19c849c2,2026-08-30T15:15:00Z,2026-08-30T17:15:00+0200,144.78,MW,NL,NL,actual_onshore_wind_generation,Wind Onshore | Actual Aggregated,2026-09-05T13:29:12Z
2026-09-05T13:27:38Z,2026-09-05T15:27:38+0200,6b664628-1305-42f6-8311-642f19c849c2,2026-08-30T15:15:00Z,2026-08-30T17:15:00+0200,0.0,MW,NL,NL,actual_onshore_wind_generation,Wind Onshore | Actual Consumption,2026-09-05T13:29:12Z
2026-09-05T13:27:38Z,2026-09-05T15:27:38+0200,6b664628-1305-42f6-8311-642f19c849c2,2026-08-30T15:30:00Z,2026-08-30T17:30:00+0200,162.818,MW,NL,NL,actual_onshore_wind_generation,Wind Onshore | Actual Aggregated,2026-09-05T13:29:12Z
2026-09-05T13:27:38Z,2026-09-05T15:27:38+0200,6b664628-1305-42f6-8311-642f19c849c2,2026-08-30T15:30:00Z,2026-08-30T17:30:00+0200,0.0,MW,NL,NL,actual_onshore_wind_generation,Wind Onshore | Actual Consumption,2026-09-05T13:29:12Z
2026-09-05T13:27:38Z,2026-09-05T15:27:38+0200,6b664628-1305-42f6-8311-642f19c849c2,2026-08-30T15:45:00Z,2026-08-30T17:45:00+0200,162.884,MW,NL,NL,actual_onshore_wind_generation,Wind Onshore | Actual Aggregated,2026-09-05T13:29:12Z
2026-09-05T13:27:38Z,2026-09-05T15:27:38+0200,6b664628-1305-42f6-8311-642f19c849c2,2026-08-30T15:45:00Z,2026-08-30T17:45:00+0200,0.0,MW,NL,NL,actual_onshore_wind_generation,Wind Onshore | Actual Consumption,2026-09-05T13:29:12Z
2026-09-05T13:27:38Z,2026-09-05T15:27:38+0200,6b664628-1305-42f6-8311-642f19c849c2,2026-08-30T16:00:00Z,2026-08-30T18:00:00+0200,229.233,MW,NL,NL,actual_onshore_wind_generation,Wind Onshore | Actual Aggregated,2026-09-05T13:29:12Z
2026-09-05T13:27:38Z,2026-09-05T15:27:38+0200,6b664628-1305-42f6-8311-642f19c849c2,2026-08-30T16:00:00Z,2026-08-30T18:00:00+0200,0.0,MW,NL,NL,actual_onshore_wind_generation,Wind Onshore | Actual Consumption,2026-09-05T13:29:12Z
2026-09-05T13:27:38Z,2026-09-05T15:27:38+0200,6b664628-1305-42f6-8311-642f19c849c2,2026-08-30T16:15:00Z,2026-08-30T18:15:00+0200,257.309,MW,NL,NL,actual_onshore_wind_generation,Wind Onshore | Actual Aggregated,2026-09-05T13:29:12Z
2026-09-05T13:27:38Z,2026-09-05T15:27:38+0200,6b664628-1305-42f6-8311-642f19c849c2,2026-08-30T16:15:00Z,2026-08-30T18:15:00+0200,0.0,MW,NL,NL,actual_onshore_wind_generation,Wind Onshore | Actual Consumption,2026-09-05T13:29:12Z
2026-09-05T13:27:38Z,2026-09-05T15:27:38+0200,6b664628-1305-42f6-8311-642f19c849c2,2026-08-30T16:30:00Z,2026-08-30T18:30:00+0200,243.686,MW,NL,NL,actual_onshore_wind_generation,Wind Onshore | Actual Aggregated,2026-09-05T13:29:12Z
2026-09-05T13:27:38Z,2026-09-05T15:27:38+0200,6b664628-1305-42f6-8311-642f19c849c2,2026-08-30T16:30:00Z,2026-08-30T18:30:00+0200,0.0,MW,NL,NL,actual_onshore_wind_generation,Wind Onshore | Actual Consumption,2026-09-05T13:29:12Z
2026-09-05T13:27:38Z,2026-09-05T15:27:38+0200,6b664628-1305-42f6-8311-642f19c849c2,2026-08-30T16:45:00Z,2026-08-30T18:45:00+0200,203.671,MW,NL,NL,actual_onshore_wind_generation,Wind Onshore | Actual Aggregated,2026-09-05T13:29:12Z
2026-09-05T13:27:38Z,2026-09-05T15:27:38+0200,6b664628-1305-42f6-8311-642f19c849c2,2026-08-30T16:45:00Z,2026-08-30T18:45:00+0200,0.0,MW,NL,NL,actual_onshore_wind_generation,Wind Onshore | Actual Consumption,2026-09-05T13:29:12Z
2026-09-05T13:27:38Z,2026-09-05T15:27:38+0200,6b664628-1305-42f6-8311-642f19c849c2,2026-08-30T17:00:00Z,2026-08-30T19:00:00+0200,187.233,MW,NL,NL,actual_onshore_wind_generation,Wind Onshore | Actual Aggregated,2026-09-05T13:29:12Z
2026-09-05T13:27:38Z,2026-09-05T15:27:38+0200,6b664628-1305-42f6-8311-642f19c849c2,2026-08-30T17:00:00Z,2026-08-30T19:00:00+0200,0.0,MW,NL,NL,actual_onshore_wind_generation,Wind Onshore | Actual Consumption,2026-09-05T13:29:12Z
2026-09-05T13:27:38Z,2026-09-05T15:27:38+0200,6b664628-1305-42f6-8311-642f19c849c2,2026-08-30T17:15:00Z,2026-08-30T19:15:00+0200,172.404,MW,NL,NL,actual_onshore_wind_generation,Wind Onshore | Actual Aggregated,2026-09-05T13:29:12Z
2026-09-05T13:27:38Z,2026-09-05T15:27:38+0200,6b664628-1305-42f6-8311-642f19c849c2,2026-08-30T17:15:00Z,2026-08-30T19:15:00+0200,0.0,MW,NL,NL,actual_onshore_wind_generation,Wind Onshore | Actual Consumption,2026-09-05T13:29:12Z
2026-09-05T13:27:38Z,2026-09-05T15:27:38+0200,6b664628-1305-42f6-8311-642f19c849c2,2026-08-30T17:30:00Z,2026-08-30T19:30:00+0200,154.282,MW,NL,NL,actual_onshore_wind_generation,Wind Onshore | Actual Aggregated,2026-09-05T13:29:12Z
2026-09-05T13:27:38Z,2026-09-05T15:27:38+0200,6b664628-1305-42f6-8311-642f19c849c2,2026-08-30T17:30:00Z,2026-08-30T19:30:00+0200,0.414,MW,NL,NL,actual_onshore_wind_generation,Wind Onshore | Actual Consumption,2026-09-05T13:29:12Z
2026-09-05T13:27:38Z,2026-09-05T15:27:38+0200,6b664628-1305-42f6-8311-642f19c849c2,2026-08-30T17:45:00Z,2026-08-30T19:45:00+0200,133.823,MW,NL,NL,actual_onshore_wind_generation,Wind Onshore | Actual Aggregated,2026-09-05T13:29:12Z
2026-09-05T13:27:38Z,2026-09-05T15:27:38+0200,6b664628-1305-42f6-8311-642f19c849c2,2026-08-30T17:45:00Z,2026-08-30T19:45:00+0200,0.762,MW,NL,NL,actual_onshore_wind_generation,Wind Onshore | Actual Consumption,2026-09-05T13:29:12Z
2026-09-05T13:27:38Z,2026-09-05T15:27:38+0200,6b664628-1305-42f6-8311-642f19c849c2,2026-08-30T18:00:00Z,2026-08-30T20:00:00+0200,111.195,MW,NL,NL,actual_onshore_wind_generation,Wind Onshore | Actual Aggregated,2026-09-05T13:29:12Z
2026-09-05T13:27:38Z,2026-09-05T15:27:38+0200,6b664628-1305-42f6-8311-642f19c849c2,2026-08-30T18:00:00Z,2026-08-30T20:00:00+0200,0.913,MW,NL,NL,actual_onshore_wind_generation,Wind Onshore | Actual Consumption,2026-09-05T13:29:12Z
2026-09-05T13:27:38Z,2026-09-05T15:27:38+0200,6b664628-1305-42f6-8311-642f19c849c2,2026-08-30T18:15:00Z,2026-08-30T20:15:00+0200,108.599,MW,NL,NL,actual_onshore_wind_generation,Wind Onshore | Actual Aggregated,2026-09-05T13:29:12Z
2026-09-05T13:27:38Z,2026-09-05T15:27:38+0200,6b664628-1305-42f6-8311-642f19c849c2,2026-08-30T18:15:00Z,2026-08-30T20:15:00+0200,0.865,MW,NL,NL,actual_onshore_wind_generation,Wind Onshore | Actual Consumption,2026-09-05T13:29:12Z
2026-09-05T13:27:38Z,2026-09-05T15:27:38+0200,6b664628-1305-42f6-8311-642f19c849c2,2026-08-30T18:30:00Z,2026-08-30T20:30:00+0200,92.142,MW,NL,NL,actual_onshore_wind_generation,Wind Onshore | Actual Aggregated,2026-09-05T13:29:12Z
2026-09-05T13:27:38Z,2026-09-05T15:27:38+0200,6b664628-1305-42f6-8311-642f19c849c2,2026-08-30T18:30:00Z,2026-08-30T20:30:00+0200,0.422,MW,NL,NL,actual_onshore_wind_generation,Wind Onshore | Actual Consumption,2026-09-05T13:29:12Z
2026-09-05T13:27:38Z,2026-09-05T15:27:38+0200,6b664628-1305-42f6-8311-642f19c849c2,2026-08-30T18:45:00Z,2026-08-30T20:45:00+0200,78.66,MW,NL,NL,actual_onshore_wind_generation,Wind Onshore | Actual Aggregated,2026-09-05T13:29:12Z
2026-09-05T13:27:38Z,2026-09-05T15:27:38+0200,6b664628-1305-42f6-8311-642f19c849c2,2026-08-30T18:45:00Z,2026-08-30T20:45:00+0200,0.0,MW,NL,NL,actual_onshore_wind_generation,Wind Onshore | Actual Consumption,2026-09-05T13:29:12Z
2026-09-05T13:27:38Z,2026-09-05T15:27:38+0200,6b664628-1305-42f6-8311-642f19c849c2,2026-08-30T19:00:00Z,2026-08-30T21:00:00+0200,65.152,MW,NL,NL,actual_onshore_wind_generation,Wind Onshore | Actual Aggregated,2026-09-05T13:29:12Z
2026-09-05T13:27:38Z,2026-09-05T15:27:38+0200,6b664628-1305-42f6-8311-642f19c849c2,2026-08-30T19:00:00Z,2026-08-30T21:00:00+0200,0.005,MW,NL,NL,actual_onshore_wind_generation,Wind Onshore | Actual Consumption,2026-09-05T13:29:12Z
2026-09-05T13:27:38Z,2026-09-05T15:27:38+0200,6b664628-1305-42f6-8311-642f19c849c2,2026-08-30T19:15:00Z,2026-08-30T21:15:00+0200,70.408,MW,NL,NL,actual_onshore_wind_generation,Wind Onshore | Actual Aggregated,2026-09-05T13:29:12Z
2026-09-05T13:27:38Z,2026-09-05T15:27:38+0200,6b664628-1305-42f6-8311-642f19c849c2,2026-08-30T19:15:00Z,2026-08-30T21:15:00+0200,1.132,MW,NL,NL,actual_onshore_wind_generation,Wind Onshore | Actual Consumption,2026-09-05T13:29:12Z
2026-09-05T13:27:38Z,2026-09-05T15:27:38+0200,6b664628-1305-42f6-8311-642f19c849c2,2026-08-30T19:30:00Z,2026-08-30T21:30:00+0200,70.787,MW,NL,NL,actual_onshore_wind_generation,Wind Onshore | Actual Aggregated,2026-09-05T13:29:12Z
2026-09-05T13:27:38Z,2026-09-05T15:27:38+0200,6b664628-1305-42f6-8311-642f19c849c2,2026-08-30T19:30:00Z,2026-08-30T21:30:00+0200,0.918,MW,NL,NL,actual_onshore_wind_generation,Wind Onshore | Actual Consumption,2026-09-05T13:29:12Z
2026-09-05T13:27:38Z,2026-09-05T15:27:38+0200,6b664628-1305-42f6-8311-642f19c849c2,2026-08-30T19:45:00Z,2026-08-30T21:45:00+0200,85.262,MW,NL,NL,actual_onshore_wind_generation,Wind Onshore | Actual Aggregated,2026-09-05T13:29:12Z
2026-09-05T13:27:38Z,2026-09-05T15:27:38+0200,6b664628-1305-42f6-8311-642f19c849c2,2026-08-30T19:45:00Z,2026-08-30T21:45:00+0200,0.0,MW,NL,NL,actual_onshore_wind_generation,Wind Onshore | Actual Consumption,2026-09-05T13:29:12Z
2026-09-05T13:27:38Z,2026-09-05T15:27:38+0200,6b664628-1305-42f6-8311-642f19c849c2,2026-08-30T20:00:00Z,2026-08-30T22:00:00+0200,88.356,MW,NL,NL,actual_onshore_wind_generation,Wind Onshore | Actual Aggregated,2026-09-05T13:29:12Z
2026-09-05T13:27:38Z,2026-09-05T15:27:38+0200,6b664628-1305-42f6-8311-642f19c849c2,2026-08-30T20:00:00Z,2026-08-30T22:00:00+0200,0.0,MW,NL,NL,actual_onshore_wind_generation,Wind Onshore | Actual Consumption,2026-09-05T13:29:12Z
2026-09-05T13:27:38Z,2026-09-05T15:27:38+0200,6b664628-1305-42f6-8311-642f19c849c2,2026-08-30T20:15:00Z,2026-08-30T22:15:00+0200,108.652,MW,NL,NL,actual_onshore_wind_generation,Wind Onshore | Actual Aggregated,2026-09-05T13:29:12Z
2026-09-05T13:27:38Z,2026-09-05T15:27:38+0200,6b664628-1305-42f6-8311-642f19c849c2,2026-08-30T20:15:00Z,2026-08-30T22:15:00+0200,0.0,MW,NL,NL,actual_onshore_wind_generation,Wind Onshore | Actual Consumption,2026-09-05T13:29:12Z
2026-09-05T13:27:38Z,2026-09-05T15:27:38+0200,6b664628-1305-42f6-8311-642f19c849c2,2026-08-30T20:30:00Z,2026-08-30T22:30:00+0200,114.699,MW,NL,NL,actual_onshore_wind_generation,Wind Onshore | Actual Aggregated,2026-09-05T13:29:12Z
2026-09-05T13:27:38Z,2026-09-05T15:27:38+0200,6b664628-1305-42f6-8311-642f19c849c2,2026-08-30T20:30:00Z,2026-08-30T22:30:00+0200,0.0,MW,NL,NL,actual_onshore_wind_generation,Wind Onshore | Actual Consumption,2026-09-05T13:29:12Z
2026-09-05T13:27:38Z,2026-09-05T15:27:38+0200,6b664628-1305-42f6-8311-642f19c849c2,2026-08-30T20:45:00Z,2026-08-30T22:45:00+0200,148.574,MW,NL,NL,actual_onshore_wind_generation,Wind Onshore | Actual Aggregated,2026-09-05T13:29:12Z
2026-09-05T13:27:38Z,2026-09-05T15:27:38+0200,6b664628-1305-42f6-8311-642f19c849c2,2026-08-30T20:45:00Z,2026-08-30T22:45:00+0200,0.0,MW,NL,NL,actual_onshore_wind_generation,Wind Onshore | Actual Consumption,2026-09-05T13:29:12Z
2026-09-05T13:27:38Z,2026-09-05T15:27:38+0200,6b664628-1305-42f6-8311-642f19c849c2,2026-08-30T21:00:00Z,2026-08-30T23:00:00+0200,161.139,MW,NL,NL,actual_onshore_wind_generation,Wind Onshore | Actual Aggregated,2026-09-05T13:29:12Z
2026-09-05T13:27:38Z,2026-09-05T15:27:38+0200,6b664628-1305-42f6-8311-642f19c849c2,2026-08-30T21:00:00Z,2026-08-30T23:00:00+0200,0.0,MW,NL,NL,actual_onshore_wind_generation,Wind Onshore | Actual Consumption,2026-09-05T13:29:12Z
2026-09-05T13:27:38Z,2026-09-05T15:27:38+0200,6b664628-1305-42f6-8311-642f19c849c2,2026-08-30T21:15:00Z,2026-08-30T23:15:00+0200,196.091,MW,NL,NL,actual_onshore_wind_generation,Wind Onshore | Actual Aggregated,2026-09-05T13:29:12Z
2026-09-05T13:27:38Z,2026-09-05T15:27:38+0200,6b664628-1305-42f6-8311-642f19c849c2,2026-08-30T21:15:00Z,2026-08-30T23:15:00+0200,0.0,MW,NL,NL,actual_onshore_wind_generation,Wind Onshore | Actual Consumption,2026-09-05T13:29:12Z
2026-09-05T13:27:38Z,2026-09-05T15:27:38+0200,6b664628-1305-42f6-8311-642f19c849c2,2026-08-30T21:30:00Z,2026-08-30T23:30:00+0200,215.448,MW,NL,NL,actual_onshore_wind_generation,Wind Onshore | Actual Aggregated,2026-09-05T13:29:12Z
2026-09-05T13:27:38Z,2026-09-05T15:27:38+0200,6b664628-1305-42f6-8311-642f19c849c2,2026-08-30T21:30:00Z,2026-08-30T23:30:00+0200,0.0,MW,NL,NL,actual_onshore_wind_generation,Wind Onshore | Actual Consumption,2026-09-05T13:29:12Z
2026-09-05T13:27:38Z,2026-09-05T15:27:38+0200,6b664628-1305-42f6-8311-642f19c849c2,2026-08-30T21:45:00Z,2026-08-30T23:45:00+0200,251.507,MW,NL,NL,actual_onshore_wind_generation,Wind Onshore | Actual Aggregated,2026-09-05T13:29:12Z
2026-09-05T13:27:38Z,2026-09-05T15:27:38+0200,6b664628-1305-42f6-8311-642f19c849c2,2026-08-30T21:45:00Z,2026-08-30T23:45:00+0200,0.0,MW,NL,NL,actual_onshore_wind_generation,Wind Onshore | Actual Consumption,2026-09-05T13:29:12Z
2026-09-05T13:27:38Z,2026-09-05T15:27:38+0200,6b664628-1305-42f6-8311-642f19c849c2,2026-08-30T22:00:00Z,2026-08-31T00:00:00+0200,267.073,MW,NL,NL,actual_onshore_wind_generation,Wind Onshore | Actual Aggregated,2026-09-05T13:29:12Z
2026-09-05T13:27:38Z,2026-09-05T15:27:38+0200,6b664628-1305-42f6-8311-642f19c849c2,2026-08-30T22:00:00Z,2026-08-31T00:00:00+0200,0.0,MW,NL,NL,actual_onshore_wind_generation,Wind Onshore | Actual Consumption,2026-09-05T13:29:12Z
2026-09-05T13:27:38Z,2026-09-05T15:27:38+0200,6b664628-1305-42f6-8311-642f19c849c2,2026-08-30T22:15:00Z,2026-08-31T00:15:00+0200,302.974,MW,NL,NL,actual_onshore_wind_generation,Wind Onshore | Actual Aggregated,2026-09-05T13:29:12Z
2026-09-05T13:27:38Z,2026-09-05T15:27:38+0200,6b664628-1305-42f6-8311-642f19c849c2,2026-08-30T22:15:00Z,2026-08-31T00:15:00+0200,0.0,MW,NL,NL,actual_onshore_wind_generation,Wind Onshore | Actual Consumption,2026-09-05T13:29:12Z
2026-09-05T13:27:38Z,2026-09-05T15:27:38+0200,6b664628-1305-42f6-8311-642f19c849c2,2026-08-30T22:30:00Z,2026-08-31T00:30:00+0200,432.803,MW,NL,NL,actual_onshore_wind_generation,Wind Onshore | Actual Aggregated,2026-09-05T13:29:12Z
2026-09-05T13:27:38Z,2026-09-05T15:27:38+0200,6b664628-1305-42f6-8311-642f19c849c2,2026-08-30T22:30:00Z,2026-08-31T00:30:00+0200,0.0,MW,NL,NL,actual_onshore_wind_generation,Wind Onshore | Actual Consumption,2026-09-05T13:29:12Z
2026-09-05T13:27:38Z,2026-09-05T15:27:38+0200,6b664628-1305-42f6-8311-642f19c849c2,2026-08-30T22:45:00Z,2026-08-31T00:45:00+0200,323.091,MW,NL,NL,actual_onshore_wind_generation,Wind Onshore | Actual Aggregated,2026-09-05T13:29:12Z
2026-09-05T13:27:38Z,2026-09-05T15:27:38+0200,6b664628-1305-42f6-8311-642f19c849c2,2026-08-30T22:45:00Z,2026-08-31T00:45:00+0200,0.0,MW,NL,NL,actual_onshore_wind_generation,Wind Onshore | Actual Consumption,2026-09-05T13:29:12Z
2026-09-05T13:27:38Z,2026-09-05T15:27:38+0200,6b664628-1305-42f6-8311-642f19c849c2,2026-08-30T23:00:00Z,2026-08-31T01:00:00+0200,233.912,MW,NL,NL,actual_onshore_wind_generation,Wind Onshore | Actual Aggregated,2026-09-05T13:29:12Z
2026-09-05T13:27:38Z,2026-09-05T15:27:38+0200,6b664628-1305-42f6-8311-642f19c849c2,2026-08-30T23:00:00Z,2026-08-31T01:00:00+0200,0.0,MW,NL,NL,actual_onshore_wind_generation,Wind Onshore | Actual Consumption,2026-09-05T13:29:12Z
2026-09-05T13:27:38Z,2026-09-05T15:27:38+0200,6b664628-1305-42f6-8311-642f19c849c2,2026-08-30T23:15:00Z,2026-08-31T01:15:00+0200,251.432,MW,NL,NL,actual_onshore_wind_generation,Wind Onshore | Actual Aggregated,2026-09-05T13:29:12Z
2026-09-05T13:27:38Z,2026-09-05T15:27:38+0200,6b664628-1305-42f6-8311-642f19c849c2,2026-08-30T23:15:00Z,2026-08-31T01:15:00+0200,0.0,MW,NL,NL,actual_onshore_wind_generation,Wind Onshore | Actual Consumption,2026-09-05T13:29:12Z
2026-09-05T13:27:38Z,2026-09-05T15:27:38+0200,6b664628-1305-42f6-8311-642f19c849c2,2026-08-30T23:30:00Z,2026-08-31T01:30:00+0200,268.17,MW,NL,NL,actual_onshore_wind_generation,Wind Onshore | Actual Aggregated,2026-09-05T13:29:12Z
2026-09-05T13:27:38Z,2026-09-05T15:27:38+0200,6b664628-1305-42f6-8311-642f19c849c2,2026-08-30T23:30:00Z,2026-08-31T01:30:00+0200,0.0,MW,NL,NL,actual_onshore_wind_generation,Wind Onshore | Actual Consumption,2026-09-05T13:29:12Z
2026-09-05T13:27:38Z,2026-09-05T15:27:38+0200,6b664628-1305-42f6-8311-642f19c849c2,2026-08-30T23:45:00Z,2026-08-31T01:45:00+0200,259.378,MW,NL,NL,actual_onshore_wind_generation,Wind Onshore | Actual Aggregated,2026-09-05T13:29:12Z
2026-09-05T13:27:38Z,2026-09-05T15:27:38+0200,6b664628-1305-42f6-8311-642f19c849c2,2026-08-30T23:45:00Z,2026-08-31T01:45:00+0200,0.0,MW,NL,NL,actual_onshore_wind_generation,Wind Onshore | Actual Consumption,2026-09-05T13:29:12Z
2026-09-05T13:27:38Z,2026-09-05T15:27:38+0200,6b664628-1305-42f6-8311-642f19c849c2,2026-08-31T00:00:00Z,2026-08-31T02:00:00+0200,297.603,MW,NL,NL,actual_onshore_wind_generation,Wind Onshore | Actual Aggregated,2026-09-05T13:29:12Z
2026-09-05T13:27:38Z,2026-09-05T15:27:38+0200,6b664628-1305-42f6-8311-642f19c849c2,2026-08-31T00:00:00Z,2026-08-31T02:00:00+0200,0.0,MW,NL,NL,actual_onshore_wind_generation,Wind Onshore | Actual Consumption,2026-09-05T13:29:12Z
2026-09-05T13:27:38Z,2026-09-05T15:27:38+0200,6b664628-1305-42f6-8311-642f19c849c2,2026-08-31T00:15:00Z,2026-08-31T02:15:00+0200,310.901,MW,NL,NL,actual_onshore_wind_generation,Wind Onshore | Actual Aggregated,2026-09-05T13:29:12Z
2026-09-05T13:27:38Z,2026-09-05T15:27:38+0200,6b664628-1305-42f6-8311-642f19c849c2,2026-08-31T00:15:00Z,2026-08-31T02:15:00+0200,0.0,MW,NL,NL,actual_onshore_wind_generation,Wind Onshore | Actual Consumption,2026-09-05T13:29:12Z
2026-09-05T13:27:38Z,2026-09-05T15:27:38+0200,6b664628-1305-42f6-8311-642f19c849c2,2026-08-31T00:30:00Z,2026-08-31T02:30:00+0200,333.504,MW,NL,NL,actual_onshore_wind_generation,Wind Onshore | Actual Aggregated,2026-09-05T13:29:12Z
2026-09-05T13:27:38Z,2026-09-05T15:27:38+0200,6b664628-1305-42f6-8311-642f19c849c2,2026-08-31T00:30:00Z,2026-08-31T02:30:00+0200,0.0,MW,NL,NL,actual_onshore_wind_generation,Wind Onshore | Actual Consumption,2026-09-05T13:29:12Z
2026-09-05T13:27:38Z,2026-09-05T15:27:38+0200,6b664628-1305-42f6-8311-642f19c849c2,2026-08-31T00:45:00Z,2026-08-31T02:45:00+0200,455.37,MW,NL,NL,actual_onshore_wind_generation,Wind Onshore | Actual Aggregated,2026-09-05T13:29:12Z
2026-09-05T13:27:38Z,2026-09-05T15:27:38+0200,6b664628-1305-42f6-8311-642f19c849c2,2026-08-31T00:45:00Z,2026-08-31T02:45:00+0200,0.0,MW,NL,NL,actual_onshore_wind_generation,Wind Onshore | Actual Consumption,2026-09-05T13:29:12Z
2026-09-05T13:27:38Z,2026-09-05T15:27:38+0200,6b664628-1305-42f6-8311-642f19c849c2,2026-08-31T01:00:00Z,2026-08-31T03:00:00+0200,434.412,MW,NL,NL,actual_onshore_wind_generation,Wind Onshore | Actual Aggregated,2026-09-05T13:29:12Z
2026-09-05T13:27:38Z,2026-09-05T15:27:38+0200,6b664628-1305-42f6-8311-642f19c849c2,2026-08-31T01:00:00Z,2026-08-31T03:00:00+0200,0.0,MW,NL,NL,actual_onshore_wind_generation,Wind Onshore | Actual Consumption,2026-09-05T13:29:12Z
2026-09-05T13:27:38Z,2026-09-05T15:27:38+0200,6b664628-1305-42f6-8311-642f19c849c2,2026-08-31T01:15:00Z,2026-08-31T03:15:00+0200,278.134,MW,NL,NL,actual_onshore_wind_generation,Wind Onshore | Actual Aggregated,2026-09-05T13:29:12Z
2026-09-05T13:27:38Z,2026-09-05T15:27:38+0200,6b664628-1305-42f6-8311-642f19c849c2,2026-08-31T01:15:00Z,2026-08-31T03:15:00+0200,0.0,MW,NL,NL,actual_onshore_wind_generation,Wind Onshore | Actual Consumption,2026-09-05T13:29:12Z
2026-09-05T13:27:38Z,2026-09-05T15:27:38+0200,6b664628-1305-42f6-8311-642f19c849c2,2026-08-31T01:30:00Z,2026-08-31T03:30:00+0200,282.408,MW,NL,NL,actual_onshore_wind_generation,Wind Onshore | Actual Aggregated,2026-09-05T13:29:12Z
2026-09-05T13:27:38Z,2026-09-05T15:27:38+0200,6b664628-1305-42f6-8311-642f19c849c2,2026-08-31T01:30:00Z,2026-08-31T03:30:00+0200,0.0,MW,NL,NL,actual_onshore_wind_generation,Wind Onshore | Actual Consumption,2026-09-05T13:29:12Z
2026-09-05T13:27:38Z,2026-09-05T15:27:38+0200,6b664628-1305-42f6-8311-642f19c849c2,2026-08-31T01:45:00Z,2026-08-31T03:45:00+0200,308.116,MW,NL,NL,actual_onshore_wind_generation,Wind Onshore | Actual Aggregated,2026-09-05T13:29:12Z
2026-09-05T13:27:38Z,2026-09-05T15:27:38+0200,6b664628-1305-42f6-8311-642f19c849c2,2026-08-31T01:45:00Z,2026-08-31T03:45:00+0200,0.0,MW,NL,NL,actual_onshore_wind_generation,Wind Onshore | Actual Consumption,2026-09-05T13:29:12Z
2026-09-05T13:27:38Z,2026-09-05T15:27:38+0200,6b664628-1305-42f6-8311-642f19c849c2,2026-08-31T02:00:00Z,2026-08-31T04:00:00+0200,370.099,MW,NL,NL,actual_onshore_wind_generation,Wind Onshore | Actual Aggregated,2026-09-05T13:29:12Z
2026-09-05T13:27:38Z,2026-09-05T15:27:38+0200,6b664628-1305-42f6-8311-642f19c849c2,2026-08-31T02:00:00Z,2026-08-31T04:00:00+0200,0.0,MW,NL,NL,actual_onshore_wind_generation,Wind Onshore | Actual Consumption,2026-09-05T13:29:12Z
2026-09-05T13:27:38Z,2026-09-05T15:27:38+0200,6b664628-1305-42f6-8311-642f19c849c2,2026-08-31T02:15:00Z,2026-08-31T04:15:00+0200,409.94,MW,NL,NL,actual_onshore_wind_generation,Wind Onshore | Actual Aggregated,2026-09-05T13:29:12Z
2026-09-05T13:27:38Z,2026-09-05T15:27:38+0200,6b664628-1305-42f6-8311-642f19c849c2,2026-08-31T02:15:00Z,2026-08-31T04:15:00+0200,0.0,MW,NL,NL,actual_onshore_wind_generation,Wind Onshore | Actual Consumption,2026-09-05T13:29:12Z
2026-09-05T13:27:38Z,2026-09-05T15:27:38+0200,6b664628-1305-42f6-8311-642f19c849c2,2026-08-31T02:30:00Z,2026-08-31T04:30:00+0200,458.232,MW,NL,NL,actual_onshore_wind_generation,Wind Onshore | Actual Aggregated,2026-09-05T13:29:12Z
2026-09-05T13:27:38Z,2026-09-05T15:27:38+0200,6b664628-1305-42f6-8311-642f19c849c2,2026-08-31T02:30:00Z,2026-08-31T04:30:00+0200,0.0,MW,NL,NL,actual_onshore_wind_generation,Wind Onshore | Actual Consumption,2026-09-05T13:29:12Z
2026-09-05T13:27:38Z,2026-09-05T15:27:38+0200,6b664628-1305-42f6-8311-642f19c849c2,2026-08-31T02:45:00Z,2026-08-31T04:45:00+0200,472.662,MW,NL,NL,actual_onshore_wind_generation,Wind Onshore | Actual Aggregated,2026-09-05T13:29:12Z
2026-09-05T13:27:38Z,2026-09-05T15:27:38+0200,6b664628-1305-42f6-8311-642f19c849c2,2026-08-31T02:45:00Z,2026-08-31T04:45:00+0200,0.0,MW,NL,NL,actual_onshore_wind_generation,Wind Onshore | Actual Consumption,2026-09-05T13:29:12Z
2026-09-05T13:27:38Z,2026-09-05T15:27:38+0200,6b664628-1305-42f6-8311-642f19c849c2,2026-08-31T03:00:00Z,2026-08-31T05:00:00+0200,468.977,MW,NL,NL,actual_onshore_wind_generation,Wind Onshore | Actual Aggregated,2026-09-05T13:29:12Z
2026-09-05T13:27:38Z,2026-09-05T15:27:38+0200,6b664628-1305-42f6-8311-642f19c849c2,2026-08-31T03:00:00Z,2026-08-31T05:00:00+0200,0.0,MW,NL,NL,actual_onshore_wind_generation,Wind Onshore | Actual Consumption,2026-09-05T13:29:12Z
2026-09-05T13:27:38Z,2026-09-05T15:27:38+0200,6b664628-1305-42f6-8311-642f19c849c2,2026-08-31T03:15:00Z,2026-08-31T05:15:00+0200,487.979,MW,NL,NL,actual_onshore_wind_generation,Wind Onshore | Actual Aggregated,2026-09-05T13:29:12Z
2026-09-05T13:27:38Z,2026-09-05T15:27:38+0200,6b664628-1305-42f6-8311-642f19c849c2,2026-08-31T03:15:00Z,2026-08-31T05:15:00+0200,0.0,MW,NL,NL,actual_onshore_wind_generation,Wind Onshore | Actual Consumption,2026-09-05T13:29:12Z
2026-09-05T13:27:38Z,2026-09-05T15:27:38+0200,6b664628-1305-42f6-8311-642f19c849c2,2026-08-31T03:30:00Z,2026-08-31T05:30:00+0200,488.71,MW,NL,NL,actual_onshore_wind_generation,Wind Onshore | Actual Aggregated,2026-09-05T13:29:12Z
2026-09-05T13:27:38Z,2026-09-05T15:27:38+0200,6b664628-1305-42f6-8311-642f19c849c2,2026-08-31T03:30:00Z,2026-08-31T05:30:00+0200,0.0,MW,NL,NL,actual_onshore_wind_generation,Wind Onshore | Actual Consumption,2026-09-05T13:29:12Z
2026-09-05T13:27:38Z,2026-09-05T15:27:38+0200,6b664628-1305-42f6-8311-642f19c849c2,2026-08-31T03:45:00Z,2026-08-31T05:45:00+0200,516.666,MW,NL,NL,actual_onshore_wind_generation,Wind Onshore | Actual Aggregated,2026-09-05T13:29:12Z
2026-09-05T13:27:38Z,2026-09-05T15:27:38+0200,6b664628-1305-42f6-8311-642f19c849c2,2026-08-31T03:45:00Z,2026-08-31T05:45:00+0200,0.0,MW,NL,NL,actual_onshore_wind_generation,Wind Onshore | Actual Consumption,2026-09-05T13:29:12Z
2026-09-05T13:27:38Z,2026-09-05T15:27:38+0200,6b664628-1305-42f6-8311-642f19c849c2,2026-08-31T04:00:00Z,2026-08-31T06:00:00+0200,601.962,MW,NL,NL,actual_onshore_wind_generation,Wind Onshore | Actual Aggregated,2026-09-05T13:29:12Z
2026-09-05T13:27:38Z,2026-09-05T15:27:38+0200,6b664628-1305-42f6-8311-642f19c849c2,2026-08-31T04:00:00Z,2026-08-31T06:00:00+0200,0.0,MW,NL,NL,actual_onshore_wind_generation,Wind Onshore | Actual Consumption,2026-09-05T13:29:12Z
2026-09-05T13:27:38Z,2026-09-05T15:27:38+0200,6b664628-1305-42f6-8311-642f19c849c2,2026-08-31T04:15:00Z,2026-08-31T06:15:00+0200,556.697,MW,NL,NL,actual_onshore_wind_generation,Wind Onshore | Actual Aggregated,2026-09-05T13:29:12Z
2026-09-05T13:27:38Z,2026-09-05T15:27:38+0200,6b664628-1305-42f6-8311-642f19c849c2,2026-08-31T04:15:00Z,2026-08-31T06:15:00+0200,0.0,MW,NL,NL,actual_onshore_wind_generation,Wind Onshore | Actual Consumption,2026-09-05T13:29:12Z
2026-09-05T13:27:38Z,2026-09-05T15:27:38+0200,6b664628-1305-42f6-8311-642f19c849c2,2026-08-31T04:30:00Z,2026-08-31T06:30:00+0200,437.444,MW,NL,NL,actual_onshore_wind_generation,Wind Onshore | Actual Aggregated,2026-09-05T13:29:12Z
2026-09-05T13:27:38Z,2026-09-05T15:27:38+0200,6b664628-1305-42f6-8311-642f19c849c2,2026-08-31T04:30:00Z,2026-08-31T06:30:00+0200,0.0,MW,NL,NL,actual_onshore_wind_generation,Wind Onshore | Actual Consumption,2026-09-05T13:29:12Z
2026-09-05T13:27:38Z,2026-09-05T15:27:38+0200,6b664628-1305-42f6-8311-642f19c849c2,2026-08-31T04:45:00Z,2026-08-31T06:45:00+0200,453.848,MW,NL,NL,actual_onshore_wind_generation,Wind Onshore | Actual Aggregated,2026-09-05T13:29:12Z
2026-09-05T13:27:38Z,2026-09-05T15:27:38+0200,6b664628-1305-42f6-8311-642f19c849c2,2026-08-31T04:45:00Z,2026-08-31T06:45:00+0200,0.0,MW,NL,NL,actual_onshore_wind_generation,Wind Onshore | Actual Consumption,2026-09-05T13:29:12Z
2026-09-05T13:27:38Z,2026-09-05T15:27:38+0200,6b664628-1305-42f6-8311-642f19c849c2,2026-08-31T05:00:00Z,2026-08-31T07:00:00+0200,512.105,MW,NL,NL,actual_onshore_wind_generation,Wind Onshore | Actual Aggregated,2026-09-05T13:29:12Z
2026-09-05T13:27:38Z,2026-09-05T15:27:38+0200,6b664628-1305-42f6-8311-642f19c849c2,2026-08-31T05:00:00Z,2026-08-31T07:00:00+0200,0.0,MW,NL,NL,actual_onshore_wind_generation,Wind Onshore | Actual Consumption,2026-09-05T13:29:12Z
2026-09-05T13:27:38Z,2026-09-05T15:27:38+0200,6b664628-1305-42f6-8311-642f19c849c2,2026-08-31T05:15:00Z,2026-08-31T07:15:00+0200,559.92,MW,NL,NL,actual_onshore_wind_generation,Wind Onshore | Actual Aggregated,2026-09-05T13:29:12Z
2026-09-05T13:27:38Z,2026-09-05T15:27:38+0200,6b664628-1305-42f6-8311-642f19c849c2,2026-08-31T05:15:00Z,2026-08-31T07:15:00+0200,0.0,MW,NL,NL,actual_onshore_wind_generation,Wind Onshore | Actual Consumption,2026-09-05T13:29:12Z
2026-09-05T13:27:38Z,2026-09-05T15:27:38+0200,6b664628-1305-42f6-8311-642f19c849c2,2026-08-31T05:30:00Z,2026-08-31T07:30:00+0200,622.27,MW,NL,NL,actual_onshore_wind_generation,Wind Onshore | Actual Aggregated,2026-09-05T13:29:12Z
2026-09-05T13:27:38Z,2026-09-05T15:27:38+0200,6b664628-1305-42f6-8311-642f19c849c2,2026-08-31T05:30:00Z,2026-08-31T07:30:00+0200,0.0,MW,NL,NL,actual_onshore_wind_generation,Wind Onshore | Actual Consumption,2026-09-05T13:29:12Z
2026-09-05T13:27:38Z,2026-09-05T15:27:38+0200,6b664628-1305-42f6-8311-642f19c849c2,2026-08-31T05:45:00Z,2026-08-31T07:45:00+0200,687.643,MW,NL,NL,actual_onshore_wind_generation,Wind Onshore | Actual Aggregated,2026-09-05T13:29:12Z
2026-09-05T13:27:38Z,2026-09-05T15:27:38+0200,6b664628-1305-42f6-8311-642f19c849c2,2026-08-31T05:45:00Z,2026-08-31T07:45:00+0200,0.0,MW,NL,NL,actual_onshore_wind_generation,Wind Onshore | Actual Consumption,2026-09-05T13:29:12Z
2026-09-05T13:27:38Z,2026-09-05T15:27:38+0200,6b664628-1305-42f6-8311-642f19c849c2,2026-08-31T06:00:00Z,2026-08-31T08:00:00+0200,687.191,MW,NL,NL,actual_onshore_wind_generation,Wind Onshore | Actual Aggregated,2026-09-05T13:29:12Z
2026-09-05T13:27:38Z,2026-09-05T15:27:38+0200,6b664628-1305-42f6-8311-642f19c849c2,2026-08-31T06:00:00Z,2026-08-31T08:00:00+0200,0.0,MW,NL,NL,actual_onshore_wind_generation,Wind Onshore | Actual Consumption,2026-09-05T13:29:12Z
2026-09-05T13:27:38Z,2026-09-05T15:27:38+0200,6b664628-1305-42f6-8311-642f19c849c2,2026-08-31T06:15:00Z,2026-08-31T08:15:00+0200,693.734,MW,NL,NL,actual_onshore_wind_generation,Wind Onshore | Actual Aggregated,2026-09-05T13:29:12Z
2026-09-05T13:27:38Z,2026-09-05T15:27:38+0200,6b664628-1305-42f6-8311-642f19c849c2,2026-08-31T06:15:00Z,2026-08-31T08:15:00+0200,0.0,MW,NL,NL,actual_onshore_wind_generation,Wind Onshore | Actual Consumption,2026-09-05T13:29:12Z
2026-09-05T13:27:38Z,2026-09-05T15:27:38+0200,6b664628-1305-42f6-8311-642f19c849c2,2026-08-31T06:30:00Z,2026-08-31T08:30:00+0200,730.634,MW,NL,NL,actual_onshore_wind_generation,Wind Onshore | Actual Aggregated,2026-09-05T13:29:12Z
2026-09-05T13:27:38Z,2026-09-05T15:27:38+0200,6b664628-1305-42f6-8311-642f19c849c2,2026-08-31T06:30:00Z,2026-08-31T08:30:00+0200,0.0,MW,NL,NL,actual_onshore_wind_generation,Wind Onshore | Actual Consumption,2026-09-05T13:29:12Z
2026-09-05T13:27:38Z,2026-09-05T15:27:38+0200,6b664628-1305-42f6-8311-642f19c849c2,2026-08-31T06:45:00Z,2026-08-31T08:45:00+0200,788.766,MW,NL,NL,actual_onshore_wind_generation,Wind Onshore | Actual Aggregated,2026-09-05T13:29:12Z
2026-09-05T13:27:38Z,2026-09-05T15:27:38+0200,6b664628-1305-42f6-8311-642f19c849c2,2026-08-31T06:45:00Z,2026-08-31T08:45:00+0200,0.0,MW,NL,NL,actual_onshore_wind_generation,Wind Onshore | Actual Consumption,2026-09-05T13:29:12Z
2026-09-05T13:27:38Z,2026-09-05T15:27:38+0200,6b664628-1305-42f6-8311-642f19c849c2,2026-08-31T07:00:00Z,2026-08-31T09:00:00+0200,692.772,MW,NL,NL,actual_onshore_wind_generation,Wind Onshore | Actual Aggregated,2026-09-05T13:29:12Z
2026-09-05T13:27:38Z,2026-09-05T15:27:38+0200,6b664628-1305-42f6-8311-642f19c849c2,2026-08-31T07:00:00Z,2026-08-31T09:00:00+0200,0.0,MW,NL,NL,actual_onshore_wind_generation,Wind Onshore | Actual Consumption,2026-09-05T13:29:12Z
2026-09-05T13:27:38Z,2026-09-05T15:27:38+0200,6b664628-1305-42f6-8311-642f19c849c2,2026-08-31T07:15:00Z,2026-08-31T09:15:00+0200,638.232,MW,NL,NL,actual_onshore_wind_generation,Wind Onshore | Actual Aggregated,2026-09-05T13:29:12Z
2026-09-05T13:27:38Z,2026-09-05T15:27:38+0200,6b664628-1305-42f6-8311-642f19c849c2,2026-08-31T07:15:00Z,2026-08-31T09:15:00+0200,0.0,MW,NL,NL,actual_onshore_wind_generation,Wind Onshore | Actual Consumption,2026-09-05T13:29:12Z
2026-09-05T13:27:38Z,2026-09-05T15:27:38+0200,6b664628-1305-42f6-8311-642f19c849c2,2026-08-31T07:30:00Z,2026-08-31T09:30:00+0200,574.315,MW,NL,NL,actual_onshore_wind_generation,Wind Onshore | Actual Aggregated,2026-09-05T13:29:12Z
2026-09-05T13:27:38Z,2026-09-05T15:27:38+0200,6b664628-1305-42f6-8311-642f19c849c2,2026-08-31T07:30:00Z,2026-08-31T09:30:00+0200,0.0,MW,NL,NL,actual_onshore_wind_generation,Wind Onshore | Actual Consumption,2026-09-05T13:29:12Z
2026-09-05T13:27:38Z,2026-09-05T15:27:38+0200,6b664628-1305-42f6-8311-642f19c849c2,2026-08-31T07:45:00Z,2026-08-31T09:45:00+0200,577.102,MW,NL,NL,actual_onshore_wind_generation,Wind Onshore | Actual Aggregated,2026-09-05T13:29:12Z
2026-09-05T13:27:38Z,2026-09-05T15:27:38+0200,6b664628-1305-42f6-8311-642f19c849c2,2026-08-31T07:45:00Z,2026-08-31T09:45:00+0200,0.0,MW,NL,NL,actual_onshore_wind_generation,Wind Onshore | Actual Consumption,2026-09-05T13:29:12Z
2026-09-05T13:27:38Z,2026-09-05T15:27:38+0200,6b664628-1305-42f6-8311-642f19c849c2,2026-08-31T08:00:00Z,2026-08-31T10:00:00+0200,735.054,MW,NL,NL,actual_onshore_wind_generation,Wind Onshore | Actual Aggregated,2026-09-05T13:29:12Z
2026-09-05T13:27:38Z,2026-09-05T15:27:38+0200,6b664628-1305-42f6-8311-642f19c849c2,2026-08-31T08:00:00Z,2026-08-31T10:00:00+0200,0.0,MW,NL,NL,actual_onshore_wind_generation,Wind Onshore | Actual Consumption,2026-09-05T13:29:12Z
2026-09-05T13:27:38Z,2026-09-05T15:27:38+0200,6b664628-1305-42f6-8311-642f19c849c2,2026-08-31T08:15:00Z,2026-08-31T10:15:00+0200,756.755,MW,NL,NL,actual_onshore_wind_generation,Wind Onshore | Actual Aggregated,2026-09-05T13:29:12Z
2026-09-05T13:27:38Z,2026-09-05T15:27:38+0200,6b664628-1305-42f6-8311-642f19c849c2,2026-08-31T08:15:00Z,2026-08-31T10:15:00+0200,0.0,MW,NL,NL,actual_onshore_wind_generation,Wind Onshore | Actual Consumption,2026-09-05T13:29:12Z
2026-09-05T13:27:38Z,2026-09-05T15:27:38+0200,6b664628-1305-42f6-8311-642f19c849c2,2026-08-31T08:30:00Z,2026-08-31T10:30:00+0200,746.964,MW,NL,NL,actual_onshore_wind_generation,Wind Onshore | Actual Aggregated,2026-09-05T13:29:12Z
2026-09-05T13:27:38Z,2026-09-05T15:27:38+0200,6b664628-1305-42f6-8311-642f19c849c2,2026-08-31T08:30:00Z,2026-08-31T10:30:00+0200,0.0,MW,NL,NL,actual_onshore_wind_generation,Wind Onshore | Actual Consumption,2026-09-05T13:29:12Z
2026-09-05T13:27:38Z,2026-09-05T15:27:38+0200,6b664628-1305-42f6-8311-642f19c849c2,2026-08-31T08:45:00Z,2026-08-31T10:45:00+0200,784.337,MW,NL,NL,actual_onshore_wind_generation,Wind Onshore | Actual Aggregated,2026-09-05T13:29:12Z
2026-09-05T13:27:38Z,2026-09-05T15:27:38+0200,6b664628-1305-42f6-8311-642f19c849c2,2026-08-31T08:45:00Z,2026-08-31T10:45:00+0200,0.0,MW,NL,NL,actual_onshore_wind_generation,Wind Onshore | Actual Consumption,2026-09-05T13:29:12Z
2026-09-05T13:27:38Z,2026-09-05T15:27:38+0200,6b664628-1305-42f6-8311-642f19c849c2,2026-08-31T09:00:00Z,2026-08-31T11:00:00+0200,794.616,MW,NL,NL,actual_onshore_wind_generation,Wind Onshore | Actual Aggregated,2026-09-05T13:29:12Z
2026-09-05T13:27:38Z,2026-09-05T15:27:38+0200,6b664628-1305-42f6-8311-642f19c849c2,2026-08-31T09:00:00Z,2026-08-31T11:00:00+0200,0.0,MW,NL,NL,actual_onshore_wind_generation,Wind Onshore | Actual Consumption,2026-09-05T13:29:12Z
2026-09-05T13:27:38Z,2026-09-05T15:27:38+0200,6b664628-1305-42f6-8311-642f19c849c2,2026-08-31T09:15:00Z,2026-08-31T11:15:00+0200,813.356,MW,NL,NL,actual_onshore_wind_generation,Wind Onshore | Actual Aggregated,2026-09-05T13:29:12Z
2026-09-05T13:27:38Z,2026-09-05T15:27:38+0200,6b664628-1305-42f6-8311-642f19c849c2,2026-08-31T09:15:00Z,2026-08-31T11:15:00+0200,0.0,MW,NL,NL,actual_onshore_wind_generation,Wind Onshore | Actual Consumption,2026-09-05T13:29:12Z
2026-09-05T13:27:38Z,2026-09-05T15:27:38+0200,6b664628-1305-42f6-8311-642f19c849c2,2026-08-31T09:30:00Z,2026-08-31T11:30:00+0200,736.588,MW,NL,NL,actual_onshore_wind_generation,Wind Onshore | Actual Aggregated,2026-09-05T13:29:12Z
2026-09-05T13:27:38Z,2026-09-05T15:27:38+0200,6b664628-1305-42f6-8311-642f19c849c2,2026-08-31T09:30:00Z,2026-08-31T11:30:00+0200,0.0,MW,NL,NL,actual_onshore_wind_generation,Wind Onshore | Actual Consumption,2026-09-05T13:29:12Z
2026-09-05T13:27:38Z,2026-09-05T15:27:38+0200,6b664628-1305-42f6-8311-642f19c849c2,2026-08-31T09:45:00Z,2026-08-31T11:45:00+0200,634.438,MW,NL,NL,actual_onshore_wind_generation,Wind Onshore | Actual Aggregated,2026-09-05T13:29:12Z
2026-09-05T13:27:38Z,2026-09-05T15:27:38+0200,6b664628-1305-42f6-8311-642f19c849c2,2026-08-31T09:45:00Z,2026-08-31T11:45:00+0200,0.0,MW,NL,NL,actual_onshore_wind_generation,Wind Onshore | Actual Consumption,2026-09-05T13:29:12Z
2026-09-05T13:27:38Z,2026-09-05T15:27:38+0200,6b664628-1305-42f6-8311-642f19c849c2,2026-08-31T10:00:00Z,2026-08-31T12:00:00+0200,737.803,MW,NL,NL,actual_onshore_wind_generation,Wind Onshore | Actual Aggregated,2026-09-05T13:29:12Z
2026-09-05T13:27:38Z,2026-09-05T15:27:38+0200,6b664628-1305-42f6-8311-642f19c849c2,2026-08-31T10:00:00Z,2026-08-31T12:00:00+0200,0.0,MW,NL,NL,actual_onshore_wind_generation,Wind Onshore | Actual Consumption,2026-09-05T13:29:12Z
2026-09-05T13:27:38Z,2026-09-05T15:27:38+0200,6b664628-1305-42f6-8311-642f19c849c2,2026-08-31T10:15:00Z,2026-08-31T12:15:00+0200,699.624,MW,NL,NL,actual_onshore_wind_generation,Wind Onshore | Actual Aggregated,2026-09-05T13:29:12Z
2026-09-05T13:27:38Z,2026-09-05T15:27:38+0200,6b664628-1305-42f6-8311-642f19c849c2,2026-08-31T10:15:00Z,2026-08-31T12:15:00+0200,0.0,MW,NL,NL,actual_onshore_wind_generation,Wind Onshore | Actual Consumption,2026-09-05T13:29:12Z
2026-09-05T13:27:38Z,2026-09-05T15:27:38+0200,6b664628-1305-42f6-8311-642f19c849c2,2026-08-31T10:30:00Z,2026-08-31T12:30:00+0200,673.675,MW,NL,NL,actual_onshore_wind_generation,Wind Onshore | Actual Aggregated,2026-09-05T13:29:12Z
2026-09-05T13:27:38Z,2026-09-05T15:27:38+0200,6b664628-1305-42f6-8311-642f19c849c2,2026-08-31T10:30:00Z,2026-08-31T12:30:00+0200,0.0,MW,NL,NL,actual_onshore_wind_generation,Wind Onshore | Actual Consumption,2026-09-05T13:29:12Z
2026-09-05T13:27:38Z,2026-09-05T15:27:38+0200,6b664628-1305-42f6-8311-642f19c849c2,2026-08-31T10:45:00Z,2026-08-31T12:45:00+0200,757.211,MW,NL,NL,actual_onshore_wind_generation,Wind Onshore | Actual Aggregated,2026-09-05T13:29:12Z
2026-09-05T13:27:38Z,2026-09-05T15:27:38+0200,6b664628-1305-42f6-8311-642f19c849c2,2026-08-31T10:45:00Z,2026-08-31T12:45:00+0200,0.0,MW,NL,NL,actual_onshore_wind_generation,Wind Onshore | Actual Consumption,2026-09-05T13:29:12Z
2026-09-05T13:27:38Z,2026-09-05T15:27:38+0200,6b664628-1305-42f6-8311-642f19c849c2,2026-08-31T11:00:00Z,2026-08-31T13:00:00+0200,667.484,MW,NL,NL,actual_onshore_wind_generation,Wind Onshore | Actual Aggregated,2026-09-05T13:29:12Z
2026-09-05T13:27:38Z,2026-09-05T15:27:38+0200,6b664628-1305-42f6-8311-642f19c849c2,2026-08-31T11:00:00Z,2026-08-31T13:00:00+0200,0.0,MW,NL,NL,actual_onshore_wind_generation,Wind Onshore | Actual Consumption,2026-09-05T13:29:12Z
2026-09-05T13:27:38Z,2026-09-05T15:27:38+0200,6b664628-1305-42f6-8311-642f19c849c2,2026-08-31T11:15:00Z,2026-08-31T13:15:00+0200,622.269,MW,NL,NL,actual_onshore_wind_generation,Wind Onshore | Actual Aggregated,2026-09-05T13:29:12Z
2026-09-05T13:27:38Z,2026-09-05T15:27:38+0200,6b664628-1305-42f6-8311-642f19c849c2,2026-08-31T11:15:00Z,2026-08-31T13:15:00+0200,0.0,MW,NL,NL,actual_onshore_wind_generation,Wind Onshore | Actual Consumption,2026-09-05T13:29:12Z
2026-09-05T13:27:38Z,2026-09-05T15:27:38+0200,6b664628-1305-42f6-8311-642f19c849c2,2026-08-31T11:30:00Z,2026-08-31T13:30:00+0200,624.143,MW,NL,NL,actual_onshore_wind_generation,Wind Onshore | Actual Aggregated,2026-09-05T13:29:12Z
2026-09-05T13:27:38Z,2026-09-05T15:27:38+0200,6b664628-1305-42f6-8311-642f19c849c2,2026-08-31T11:30:00Z,2026-08-31T13:30:00+0200,0.0,MW,NL,NL,actual_onshore_wind_generation,Wind Onshore | Actual Consumption,2026-09-05T13:29:12Z
2026-09-05T13:27:38Z,2026-09-05T15:27:38+0200,6b664628-1305-42f6-8311-642f19c849c2,2026-08-31T11:45:00Z,2026-08-31T13:45:00+0200,649.402,MW,NL,NL,actual_onshore_wind_generation,Wind Onshore | Actual Aggregated,2026-09-05T13:29:12Z
2026-09-05T13:27:38Z,2026-09-05T15:27:38+0200,6b664628-1305-42f6-8311-642f19c849c2,2026-08-31T11:45:00Z,2026-08-31T13:45:00+0200,0.0,MW,NL,NL,actual_onshore_wind_generation,Wind Onshore | Actual Consumption,2026-09-05T13:29:12Z
2026-09-05T13:27:38Z,2026-09-05T15:27:38+0200,6b664628-1305-42f6-8311-642f19c849c2,2026-08-31T12:00:00Z,2026-08-31T14:00:00+0200,654.352,MW,NL,NL,actual_onshore_wind_generation,Wind Onshore | Actual Aggregated,2026-09-05T13:29:12Z
2026-09-05T13:27:38Z,2026-09-05T15:27:38+0200,6b664628-1305-42f6-8311-642f19c849c2,2026-08-31T12:00:00Z,2026-08-31T14:00:00+0200,0.0,MW,NL,NL,actual_onshore_wind_generation,Wind Onshore | Actual Consumption,2026-09-05T13:29:12Z
2026-09-05T13:27:38Z,2026-09-05T15:27:38+0200,6b664628-1305-42f6-8311-642f19c849c2,2026-08-31T12:15:00Z,2026-08-31T14:15:00+0200,643.839,MW,NL,NL,actual_onshore_wind_generation,Wind Onshore | Actual Aggregated,2026-09-05T13:29:12Z
2026-09-05T13:27:38Z,2026-09-05T15:27:38+0200,6b664628-1305-42f6-8311-642f19c849c2,2026-08-31T12:15:00Z,2026-08-31T14:15:00+0200,0.0,MW,NL,NL,actual_onshore_wind_generation,Wind Onshore | Actual Consumption,2026-09-05T13:29:12Z
2026-09-05T13:27:38Z,2026-09-05T15:27:38+0200,6b664628-1305-42f6-8311-642f19c849c2,2026-08-31T12:30:00Z,2026-08-31T14:30:00+0200,707.97,MW,NL,NL,actual_onshore_wind_generation,Wind Onshore | Actual Aggregated,2026-09-05T13:29:12Z
2026-09-05T13:27:38Z,2026-09-05T15:27:38+0200,6b664628-1305-42f6-8311-642f19c849c2,2026-08-31T12:30:00Z,2026-08-31T14:30:00+0200,0.0,MW,NL,NL,actual_onshore_wind_generation,Wind Onshore | Actual Consumption,2026-09-05T13:29:12Z
2026-09-05T13:27:38Z,2026-09-05T15:27:38+0200,6b664628-1305-42f6-8311-642f19c849c2,2026-08-31T12:45:00Z,2026-08-31T14:45:00+0200,690.023,MW,NL,NL,actual_onshore_wind_generation,Wind Onshore | Actual Aggregated,2026-09-05T13:29:12Z
2026-09-05T13:27:38Z,2026-09-05T15:27:38+0200,6b664628-1305-42f6-8311-642f19c849c2,2026-08-31T12:45:00Z,2026-08-31T14:45:00+0200,0.0,MW,NL,NL,actual_onshore_wind_generation,Wind Onshore | Actual Consumption,2026-09-05T13:29:12Z
2026-09-05T13:27:38Z,2026-09-05T15:27:38+0200,6b664628-1305-42f6-8311-642f19c849c2,2026-08-31T13:00:00Z,2026-08-31T15:00:00+0200,739.266,MW,NL,NL,actual_onshore_wind_generation,Wind Onshore | Actual Aggregated,2026-09-05T13:29:12Z
2026-09-05T13:27:38Z,2026-09-05T15:27:38+0200,6b664628-1305-42f6-8311-642f19c849c2,2026-08-31T13:00:00Z,2026-08-31T15:00:00+0200,0.0,MW,NL,NL,actual_onshore_wind_generation,Wind Onshore | Actual Consumption,2026-09-05T13:29:12Z
2026-09-05T13:27:38Z,2026-09-05T15:27:38+0200,6b664628-1305-42f6-8311-642f19c849c2,2026-08-31T13:15:00Z,2026-08-31T15:15:00+0200,728.749,MW,NL,NL,actual_onshore_wind_generation,Wind Onshore | Actual Aggregated,2026-09-05T13:29:12Z
2026-09-05T13:27:38Z,2026-09-05T15:27:38+0200,6b664628-1305-42f6-8311-642f19c849c2,2026-08-31T13:15:00Z,2026-08-31T15:15:00+0200,0.0,MW,NL,NL,actual_onshore_wind_generation,Wind Onshore | Actual Consumption,2026-09-05T13:29:12Z
2026-09-05T13:27:38Z,2026-09-05T15:27:38+0200,6b664628-1305-42f6-8311-642f19c849c2,2026-08-31T13:30:00Z,2026-08-31T15:30:00+0200,681.819,MW,NL,NL,actual_onshore_wind_generation,Wind Onshore | Actual Aggregated,2026-09-05T13:29:12Z
2026-09-05T13:27:38Z,2026-09-05T15:27:38+0200,6b664628-1305-42f6-8311-642f19c849c2,2026-08-31T13:30:00Z,2026-08-31T15:30:00+0200,0.0,MW,NL,NL,actual_onshore_wind_generation,Wind Onshore | Actual Consumption,2026-09-05T13:29:12Z
2026-09-05T13:27:38Z,2026-09-05T15:27:38+0200,6b664628-1305-42f6-8311-642f19c849c2,2026-08-31T13:45:00Z,2026-08-31T15:45:00+0200,734.943,MW,NL,NL,actual_onshore_wind_generation,Wind Onshore | Actual Aggregated,2026-09-05T13:29:12Z
2026-09-05T13:27:38Z,2026-09-05T15:27:38+0200,6b664628-1305-42f6-8311-642f19c849c2,2026-08-31T13:45:00Z,2026-08-31T15:45:00+0200,0.0,MW,NL,NL,actual_onshore_wind_generation,Wind Onshore | Actual Consumption,2026-09-05T13:29:12Z
2026-09-05T13:27:38Z,2026-09-05T15:27:38+0200,6b664628-1305-42f6-8311-642f19c849c2,2026-08-31T14:00:00Z,2026-08-31T16:00:00+0200,774.734,MW,NL,NL,actual_onshore_wind_generation,Wind Onshore | Actual Aggregated,2026-09-05T13:29:12Z
2026-09-05T13:27:38Z,2026-09-05T15:27:38+0200,6b664628-1305-42f6-8311-642f19c849c2,2026-08-31T14:00:00Z,2026-08-31T16:00:00+0200,0.0,MW,NL,NL,actual_onshore_wind_generation,Wind Onshore | Actual Consumption,2026-09-05T13:29:12Z
2026-09-05T13:27:38Z,2026-09-05T15:27:38+0200,6b664628-1305-42f6-8311-642f19c849c2,2026-08-31T14:15:00Z,2026-08-31T16:15:00+0200,834.671,MW,NL,NL,actual_onshore_wind_generation,Wind Onshore | Actual Aggregated,2026-09-05T13:29:12Z
2026-09-05T13:27:38Z,2026-09-05T15:27:38+0200,6b664628-1305-42f6-8311-642f19c849c2,2026-08-31T14:15:00Z,2026-08-31T16:15:00+0200,0.0,MW,NL,NL,actual_onshore_wind_generation,Wind Onshore | Actual Consumption,2026-09-05T13:29:12Z
2026-09-05T13:27:38Z,2026-09-05T15:27:38+0200,6b664628-1305-42f6-8311-642f19c849c2,2026-08-31T14:30:00Z,2026-08-31T16:30:00+0200,798.577,MW,NL,NL,actual_onshore_wind_generation,Wind Onshore | Actual Aggregated,2026-09-05T13:29:12Z
2026-09-05T13:27:38Z,2026-09-05T15:27:38+0200,6b664628-1305-42f6-8311-642f19c849c2,2026-08-31T14:30:00Z,2026-08-31T16:30:00+0200,0.0,MW,NL,NL,actual_onshore_wind_generation,Wind Onshore | Actual Consumption,2026-09-05T13:29:12Z
2026-09-05T13:27:38Z,2026-09-05T15:27:38+0200,6b664628-1305-42f6-8311-642f19c849c2,2026-08-31T14:45:00Z,2026-08-31T16:45:00+0200,735.186,MW,NL,NL,actual_onshore_wind_generation,Wind Onshore | Actual Aggregated,2026-09-05T13:29:12Z
2026-09-05T13:27:38Z,2026-09-05T15:27:38+0200,6b664628-1305-42f6-8311-642f19c849c2,2026-08-31T14:45:00Z,2026-08-31T16:45:00+0200,0.0,MW,NL,NL,actual_onshore_wind_generation,Wind Onshore | Actual Consumption,2026-09-05T13:29:12Z
2026-09-05T13:27:38Z,2026-09-05T15:27:38+0200,6b664628-1305-42f6-8311-642f19c849c2,2026-08-31T15:00:00Z,2026-08-31T17:00:00+0200,716.076,MW,NL,NL,actual_onshore_wind_generation,Wind Onshore | Actual Aggregated,2026-09-05T13:29:12Z
2026-09-05T13:27:38Z,2026-09-05T15:27:38+0200,6b664628-1305-42f6-8311-642f19c849c2,2026-08-31T15:00:00Z,2026-08-31T17:00:00+0200,0.0,MW,NL,NL,actual_onshore_wind_generation,Wind Onshore | Actual Consumption,2026-09-05T13:29:12Z
2026-09-05T13:27:38Z,2026-09-05T15:27:38+0200,6b664628-1305-42f6-8311-642f19c849c2,2026-08-31T15:15:00Z,2026-08-31T17:15:00+0200,844.006,MW,NL,NL,actual_onshore_wind_generation,Wind Onshore | Actual Aggregated,2026-09-05T13:29:12Z
2026-09-05T13:27:38Z,2026-09-05T15:27:38+0200,6b664628-1305-42f6-8311-642f19c849c2,2026-08-31T15:15:00Z,2026-08-31T17:15:00+0200,0.0,MW,NL,NL,actual_onshore_wind_generation,Wind Onshore | Actual Consumption,2026-09-05T13:29:12Z
2026-09-05T13:27:38Z,2026-09-05T15:27:38+0200,6b664628-1305-42f6-8311-642f19c849c2,2026-08-31T15:30:00Z,2026-08-31T17:30:00+0200,811.391,MW,NL,NL,actual_onshore_wind_generation,Wind Onshore | Actual Aggregated,2026-09-05T13:29:12Z
2026-09-05T13:27:38Z,2026-09-05T15:27:38+0200,6b664628-1305-42f6-8311-642f19c849c2,2026-08-31T15:30:00Z,2026-08-31T17:30:00+0200,0.0,MW,NL,NL,actual_onshore_wind_generation,Wind Onshore | Actual Consumption,2026-09-05T13:29:12Z
2026-09-05T13:27:38Z,2026-09-05T15:27:38+0200,6b664628-1305-42f6-8311-642f19c849c2,2026-08-31T15:45:00Z,2026-08-31T17:45:00+0200,843.189,MW,NL,NL,actual_onshore_wind_generation,Wind Onshore | Actual Aggregated,2026-09-05T13:29:12Z
2026-09-05T13:27:38Z,2026-09-05T15:27:38+0200,6b664628-1305-42f6-8311-642f19c849c2,2026-08-31T15:45:00Z,2026-08-31T17:45:00+0200,0.0,MW,NL,NL,actual_onshore_wind_generation,Wind Onshore | Actual Consumption,2026-09-05T13:29:12Z
2026-09-05T13:27:38Z,2026-09-05T15:27:38+0200,6b664628-1305-42f6-8311-642f19c849c2,2026-08-31T16:00:00Z,2026-08-31T18:00:00+0200,824.475,MW,NL,NL,actual_onshore_wind_generation,Wind Onshore | Actual Aggregated,2026-09-05T13:29:12Z
2026-09-05T13:27:38Z,2026-09-05T15:27:38+0200,6b664628-1305-42f6-8311-642f19c849c2,2026-08-31T16:00:00Z,2026-08-31T18:00:00+0200,0.0,MW,NL,NL,actual_onshore_wind_generation,Wind Onshore | Actual Consumption,2026-09-05T13:29:12Z
2026-09-05T13:27:38Z,2026-09-05T15:27:38+0200,6b664628-1305-42f6-8311-642f19c849c2,2026-08-31T16:15:00Z,2026-08-31T18:15:00+0200,849.731,MW,NL,NL,actual_onshore_wind_generation,Wind Onshore | Actual Aggregated,2026-09-05T13:29:12Z
2026-09-05T13:27:38Z,2026-09-05T15:27:38+0200,6b664628-1305-42f6-8311-642f19c849c2,2026-08-31T16:15:00Z,2026-08-31T18:15:00+0200,0.0,MW,NL,NL,actual_onshore_wind_generation,Wind Onshore | Actual Consumption,2026-09-05T13:29:12Z
2026-09-05T13:27:38Z,2026-09-05T15:27:38+0200,6b664628-1305-42f6-8311-642f19c849c2,2026-08-31T16:30:00Z,2026-08-31T18:30:00+0200,849.406,MW,NL,NL,actual_onshore_wind_generation,Wind Onshore | Actual Aggregated,2026-09-05T13:29:12Z
2026-09-05T13:27:38Z,2026-09-05T15:27:38+0200,6b664628-1305-42f6-8311-642f19c849c2,2026-08-31T16:30:00Z,2026-08-31T18:30:00+0200,0.0,MW,NL,NL,actual_onshore_wind_generation,Wind Onshore | Actual Consumption,2026-09-05T13:29:12Z
2026-09-05T13:27:38Z,2026-09-05T15:27:38+0200,6b664628-1305-42f6-8311-642f19c849c2,2026-08-31T16:45:00Z,2026-08-31T18:45:00+0200,787.456,MW,NL,NL,actual_onshore_wind_generation,Wind Onshore | Actual Aggregated,2026-09-05T13:29:12Z
2026-09-05T13:27:38Z,2026-09-05T15:27:38+0200,6b664628-1305-42f6-8311-642f19c849c2,2026-08-31T16:45:00Z,2026-08-31T18:45:00+0200,0.0,MW,NL,NL,actual_onshore_wind_generation,Wind Onshore | Actual Consumption,2026-09-05T13:29:12Z
2026-09-05T13:27:38Z,2026-09-05T15:27:38+0200,6b664628-1305-42f6-8311-642f19c849c2,2026-08-31T17:00:00Z,2026-08-31T19:00:00+0200,744.031,MW,NL,NL,actual_onshore_wind_generation,Wind Onshore | Actual Aggregated,2026-09-05T13:29:12Z
2026-09-05T13:27:38Z,2026-09-05T15:27:38+0200,6b664628-1305-42f6-8311-642f19c849c2,2026-08-31T17:00:00Z,2026-08-31T19:00:00+0200,0.0,MW,NL,NL,actual_onshore_wind_generation,Wind Onshore | Actual Consumption,2026-09-05T13:29:12Z
2026-09-05T13:27:38Z,2026-09-05T15:27:38+0200,6b664628-1305-42f6-8311-642f19c849c2,2026-08-31T17:15:00Z,2026-08-31T19:15:00+0200,778.425,MW,NL,NL,actual_onshore_wind_generation,Wind Onshore | Actual Aggregated,2026-09-05T13:29:12Z
2026-09-05T13:27:38Z,2026-09-05T15:27:38+0200,6b664628-1305-42f6-8311-642f19c849c2,2026-08-31T17:15:00Z,2026-08-31T19:15:00+0200,0.0,MW,NL,NL,actual_onshore_wind_generation,Wind Onshore | Actual Consumption,2026-09-05T13:29:12Z
2026-09-05T13:27:38Z,2026-09-05T15:27:38+0200,6b664628-1305-42f6-8311-642f19c849c2,2026-08-31T17:30:00Z,2026-08-31T19:30:00+0200,732.532,MW,NL,NL,actual_onshore_wind_generation,Wind Onshore | Actual Aggregated,2026-09-05T13:29:12Z
2026-09-05T13:27:38Z,2026-09-05T15:27:38+0200,6b664628-1305-42f6-8311-642f19c849c2,2026-08-31T17:30:00Z,2026-08-31T19:30:00+0200,0.0,MW,NL,NL,actual_onshore_wind_generation,Wind Onshore | Actual Consumption,2026-09-05T13:29:12Z
2026-09-05T13:27:38Z,2026-09-05T15:27:38+0200,6b664628-1305-42f6-8311-642f19c849c2,2026-08-31T17:45:00Z,2026-08-31T19:45:00+0200,740.465,MW,NL,NL,actual_onshore_wind_generation,Wind Onshore | Actual Aggregated,2026-09-05T13:29:12Z
2026-09-05T13:27:38Z,2026-09-05T15:27:38+0200,6b664628-1305-42f6-8311-642f19c849c2,2026-08-31T17:45:00Z,2026-08-31T19:45:00+0200,0.0,MW,NL,NL,actual_onshore_wind_generation,Wind Onshore | Actual Consumption,2026-09-05T13:29:12Z
2026-09-05T13:27:38Z,2026-09-05T15:27:38+0200,6b664628-1305-42f6-8311-642f19c849c2,2026-08-31T18:00:00Z,2026-08-31T20:00:00+0200,694.501,MW,NL,NL,actual_onshore_wind_generation,Wind Onshore | Actual Aggregated,2026-09-05T13:29:12Z
2026-09-05T13:27:38Z,2026-09-05T15:27:38+0200,6b664628-1305-42f6-8311-642f19c849c2,2026-08-31T18:00:00Z,2026-08-31T20:00:00+0200,0.0,MW,NL,NL,actual_onshore_wind_generation,Wind Onshore | Actual Consumption,2026-09-05T13:29:12Z
2026-09-05T13:27:38Z,2026-09-05T15:27:38+0200,6b664628-1305-42f6-8311-642f19c849c2,2026-08-31T18:15:00Z,2026-08-31T20:15:00+0200,664.746,MW,NL,NL,actual_onshore_wind_generation,Wind Onshore | Actual Aggregated,2026-09-05T13:29:12Z
2026-09-05T13:27:38Z,2026-09-05T15:27:38+0200,6b664628-1305-42f6-8311-642f19c849c2,2026-08-31T18:15:00Z,2026-08-31T20:15:00+0200,0.0,MW,NL,NL,actual_onshore_wind_generation,Wind Onshore | Actual Consumption,2026-09-05T13:29:12Z
2026-09-05T13:27:38Z,2026-09-05T15:27:38+0200,6b664628-1305-42f6-8311-642f19c849c2,2026-08-31T18:30:00Z,2026-08-31T20:30:00+0200,636.197,MW,NL,NL,actual_onshore_wind_generation,Wind Onshore | Actual Aggregated,2026-09-05T13:29:12Z
2026-09-05T13:27:38Z,2026-09-05T15:27:38+0200,6b664628-1305-42f6-8311-642f19c849c2,2026-08-31T18:30:00Z,2026-08-31T20:30:00+0200,0.0,MW,NL,NL,actual_onshore_wind_generation,Wind Onshore | Actual Consumption,2026-09-05T13:29:12Z
2026-09-05T13:27:38Z,2026-09-05T15:27:38+0200,6b664628-1305-42f6-8311-642f19c849c2,2026-08-31T18:45:00Z,2026-08-31T20:45:00+0200,631.759,MW,NL,NL,actual_onshore_wind_generation,Wind Onshore | Actual Aggregated,2026-09-05T13:29:12Z
2026-09-05T13:27:38Z,2026-09-05T15:27:38+0200,6b664628-1305-42f6-8311-642f19c849c2,2026-08-31T18:45:00Z,2026-08-31T20:45:00+0200,0.0,MW,NL,NL,actual_onshore_wind_generation,Wind Onshore | Actual Consumption,2026-09-05T13:29:12Z
2026-09-05T13:27:38Z,2026-09-05T15:27:38+0200,6b664628-1305-42f6-8311-642f19c849c2,2026-08-31T19:00:00Z,2026-08-31T21:00:00+0200,618.982,MW,NL,NL,actual_onshore_wind_generation,Wind Onshore | Actual Aggregated,2026-09-05T13:29:12Z
2026-09-05T13:27:38Z,2026-09-05T15:27:38+0200,6b664628-1305-42f6-8311-642f19c849c2,2026-08-31T19:00:00Z,2026-08-31T21:00:00+0200,0.0,MW,NL,NL,actual_onshore_wind_generation,Wind Onshore | Actual Consumption,2026-09-05T13:29:12Z
2026-09-05T13:27:38Z,2026-09-05T15:27:38+0200,6b664628-1305-42f6-8311-642f19c849c2,2026-08-31T19:15:00Z,2026-08-31T21:15:00+0200,579.383,MW,NL,NL,actual_onshore_wind_generation,Wind Onshore | Actual Aggregated,2026-09-05T13:29:12Z
2026-09-05T13:27:38Z,2026-09-05T15:27:38+0200,6b664628-1305-42f6-8311-642f19c849c2,2026-08-31T19:15:00Z,2026-08-31T21:15:00+0200,0.0,MW,NL,NL,actual_onshore_wind_generation,Wind Onshore | Actual Consumption,2026-09-05T13:29:12Z
2026-09-05T13:27:38Z,2026-09-05T15:27:38+0200,6b664628-1305-42f6-8311-642f19c849c2,2026-08-31T19:30:00Z,2026-08-31T21:30:00+0200,569.379,MW,NL,NL,actual_onshore_wind_generation,Wind Onshore | Actual Aggregated,2026-09-05T13:29:12Z
2026-09-05T13:27:38Z,2026-09-05T15:27:38+0200,6b664628-1305-42f6-8311-642f19c849c2,2026-08-31T19:30:00Z,2026-08-31T21:30:00+0200,0.0,MW,NL,NL,actual_onshore_wind_generation,Wind Onshore | Actual Consumption,2026-09-05T13:29:12Z
2026-09-05T13:27:38Z,2026-09-05T15:27:38+0200,6b664628-1305-42f6-8311-642f19c849c2,2026-08-31T19:45:00Z,2026-08-31T21:45:00+0200,551.458,MW,NL,NL,actual_onshore_wind_generation,Wind Onshore | Actual Aggregated,2026-09-05T13:29:12Z
2026-09-05T13:27:38Z,2026-09-05T15:27:38+0200,6b664628-1305-42f6-8311-642f19c849c2,2026-08-31T19:45:00Z,2026-08-31T21:45:00+0200,0.0,MW,NL,NL,actual_onshore_wind_generation,Wind Onshore | Actual Consumption,2026-09-05T13:29:12Z
2026-09-05T13:27:38Z,2026-09-05T15:27:38+0200,6b664628-1305-42f6-8311-642f19c849c2,2026-08-31T20:00:00Z,2026-08-31T22:00:00+0200,545.482,MW,NL,NL,actual_onshore_wind_generation,Wind Onshore | Actual Aggregated,2026-09-05T13:29:12Z
2026-09-05T13:27:38Z,2026-09-05T15:27:38+0200,6b664628-1305-42f6-8311-642f19c849c2,2026-08-31T20:00:00Z,2026-08-31T22:00:00+0200,0.0,MW,NL,NL,actual_onshore_wind_generation,Wind Onshore | Actual Consumption,2026-09-05T13:29:12Z
2026-09-05T13:27:38Z,2026-09-05T15:27:38+0200,6b664628-1305-42f6-8311-642f19c849c2,2026-08-31T20:15:00Z,2026-08-31T22:15:00+0200,491.964,MW,NL,NL,actual_onshore_wind_generation,Wind Onshore | Actual Aggregated,2026-09-05T13:29:12Z
2026-09-05T13:27:38Z,2026-09-05T15:27:38+0200,6b664628-1305-42f6-8311-642f19c849c2,2026-08-31T20:15:00Z,2026-08-31T22:15:00+0200,0.0,MW,NL,NL,actual_onshore_wind_generation,Wind Onshore | Actual Consumption,2026-09-05T13:29:12Z
2026-09-05T13:27:38Z,2026-09-05T15:27:38+0200,6b664628-1305-42f6-8311-642f19c849c2,2026-08-31T20:30:00Z,2026-08-31T22:30:00+0200,451.178,MW,NL,NL,actual_onshore_wind_generation,Wind Onshore | Actual Aggregated,2026-09-05T13:29:12Z
2026-09-05T13:27:38Z,2026-09-05T15:27:38+0200,6b664628-1305-42f6-8311-642f19c849c2,2026-08-31T20:30:00Z,2026-08-31T22:30:00+0200,0.0,MW,NL,NL,actual_onshore_wind_generation,Wind Onshore | Actual Consumption,2026-09-05T13:29:12Z
2026-09-05T13:27:38Z,2026-09-05T15:27:38+0200,6b664628-1305-42f6-8311-642f19c849c2,2026-08-31T20:45:00Z,2026-08-31T22:45:00+0200,416.581,MW,NL,NL,actual_onshore_wind_generation,Wind Onshore | Actual Aggregated,2026-09-05T13:29:12Z
2026-09-05T13:27:38Z,2026-09-05T15:27:38+0200,6b664628-1305-42f6-8311-642f19c849c2,2026-08-31T20:45:00Z,2026-08-31T22:45:00+0200,0.0,MW,NL,NL,actual_onshore_wind_generation,Wind Onshore | Actual Consumption,2026-09-05T13:29:12Z
2026-09-05T13:27:38Z,2026-09-05T15:27:38+0200,6b664628-1305-42f6-8311-642f19c849c2,2026-08-31T21:00:00Z,2026-08-31T23:00:00+0200,397.3,MW,NL,NL,actual_onshore_wind_generation,Wind Onshore | Actual Aggregated,2026-09-05T13:29:12Z
2026-09-05T13:27:38Z,2026-09-05T15:27:38+0200,6b664628-1305-42f6-8311-642f19c849c2,2026-08-31T21:00:00Z,2026-08-31T23:00:00+0200,0.0,MW,NL,NL,actual_onshore_wind_generation,Wind Onshore | Actual Consumption,2026-09-05T13:29:12Z
2026-09-05T13:27:38Z,2026-09-05T15:27:38+0200,6b664628-1305-42f6-8311-642f19c849c2,2026-08-31T21:15:00Z,2026-08-31T23:15:00+0200,410.476,MW,NL,NL,actual_onshore_wind_generation,Wind Onshore | Actual Aggregated,2026-09-05T13:29:12Z
2026-09-05T13:27:38Z,2026-09-05T15:27:38+0200,6b664628-1305-42f6-8311-642f19c849c2,2026-08-31T21:15:00Z,2026-08-31T23:15:00+0200,0.0,MW,NL,NL,actual_onshore_wind_generation,Wind Onshore | Actual Consumption,2026-09-05T13:29:12Z
2026-09-05T13:27:38Z,2026-09-05T15:27:38+0200,6b664628-1305-42f6-8311-642f19c849c2,2026-08-31T21:30:00Z,2026-08-31T23:30:00+0200,387.48,MW,NL,NL,actual_onshore_wind_generation,Wind Onshore | Actual Aggregated,2026-09-05T13:29:12Z
2026-09-05T13:27:38Z,2026-09-05T15:27:38+0200,6b664628-1305-42f6-8311-642f19c849c2,2026-08-31T21:30:00Z,2026-08-31T23:30:00+0200,0.0,MW,NL,NL,actual_onshore_wind_generation,Wind Onshore | Actual Consumption,2026-09-05T13:29:12Z
2026-09-05T13:27:38Z,2026-09-05T15:27:38+0200,6b664628-1305-42f6-8311-642f19c849c2,2026-08-31T21:45:00Z,2026-08-31T23:45:00+0200,385.117,MW,NL,NL,actual_onshore_wind_generation,Wind Onshore | Actual Aggregated,2026-09-05T13:29:12Z
2026-09-05T13:27:38Z,2026-09-05T15:27:38+0200,6b664628-1305-42f6-8311-642f19c849c2,2026-08-31T21:45:00Z,2026-08-31T23:45:00+0200,0.0,MW,NL,NL,actual_onshore_wind_generation,Wind Onshore | Actual Consumption,2026-09-05T13:29:12Z
2026-09-05T13:27:38Z,2026-09-05T15:27:38+0200,6b664628-1305-42f6-8311-642f19c849c2,2026-08-31T22:00:00Z,2026-09-01T00:00:00+0200,381.856,MW,NL,NL,actual_onshore_wind_generation,Wind Onshore | Actual Aggregated,2026-09-05T13:29:12Z
2026-09-05T13:27:38Z,2026-09-05T15:27:38+0200,6b664628-1305-42f6-8311-642f19c849c2,2026-08-31T22:00:00Z,2026-09-01T00:00:00+0200,0.0,MW,NL,NL,actual_onshore_wind_generation,Wind Onshore | Actual Consumption,2026-09-05T13:29:12Z
2026-09-05T13:27:38Z,2026-09-05T15:27:38+0200,6b664628-1305-42f6-8311-642f19c849c2,2026-08-31T22:15:00Z,2026-09-01T00:15:00+0200,365.394,MW,NL,NL,actual_onshore_wind_generation,Wind Onshore | Actual Aggregated,2026-09-05T13:29:12Z
2026-09-05T13:27:38Z,2026-09-05T15:27:38+0200,6b664628-1305-42f6-8311-642f19c849c2,2026-08-31T22:15:00Z,2026-09-01T00:15:00+0200,0.0,MW,NL,NL,actual_onshore_wind_generation,Wind Onshore | Actual Consumption,2026-09-05T13:29:12Z
2026-09-05T13:27:38Z,2026-09-05T15:27:38+0200,6b664628-1305-42f6-8311-642f19c849c2,2026-08-31T22:30:00Z,2026-09-01T00:30:00+0200,325.797,MW,NL,NL,actual_onshore_wind_generation,Wind Onshore | Actual Aggregated,2026-09-05T13:29:12Z
2026-09-05T13:27:38Z,2026-09-05T15:27:38+0200,6b664628-1305-42f6-8311-642f19c849c2,2026-08-31T22:30:00Z,2026-09-01T00:30:00+0200,0.0,MW,NL,NL,actual_onshore_wind_generation,Wind Onshore | Actual Consumption,2026-09-05T13:29:12Z
2026-09-05T13:27:38Z,2026-09-05T15:27:38+0200,6b664628-1305-42f6-8311-642f19c849c2,2026-08-31T22:45:00Z,2026-09-01T00:45:00+0200,295.021,MW,NL,NL,actual_onshore_wind_generation,Wind Onshore | Actual Aggregated,2026-09-05T13:29:12Z
2026-09-05T13:27:38Z,2026-09-05T15:27:38+0200,6b664628-1305-42f6-8311-642f19c849c2,2026-08-31T22:45:00Z,2026-09-01T00:45:00+0200,0.0,MW,NL,NL,actual_onshore_wind_generation,Wind Onshore | Actual Consumption,2026-09-05T13:29:12Z
2026-09-05T13:27:38Z,2026-09-05T15:27:38+0200,6b664628-1305-42f6-8311-642f19c849c2,2026-08-31T23:00:00Z,2026-09-01T01:00:00+0200,258.243,MW,NL,NL,actual_onshore_wind_generation,Wind Onshore | Actual Aggregated,2026-09-05T13:29:12Z
2026-09-05T13:27:38Z,2026-09-05T15:27:38+0200,6b664628-1305-42f6-8311-642f19c849c2,2026-08-31T23:00:00Z,2026-09-01T01:00:00+0200,0.0,MW,NL,NL,actual_onshore_wind_generation,Wind Onshore | Actual Consumption,2026-09-05T13:29:12Z
2026-09-05T13:27:38Z,2026-09-05T15:27:38+0200,6b664628-1305-42f6-8311-642f19c849c2,2026-08-31T23:15:00Z,2026-09-01T01:15:00+0200,239.039,MW,NL,NL,actual_onshore_wind_generation,Wind Onshore | Actual Aggregated,2026-09-05T13:29:12Z
2026-09-05T13:27:38Z,2026-09-05T15:27:38+0200,6b664628-1305-42f6-8311-642f19c849c2,2026-08-31T23:15:00Z,2026-09-01T01:15:00+0200,0.0,MW,NL,NL,actual_onshore_wind_generation,Wind Onshore | Actual Consumption,2026-09-05T13:29:12Z
2026-09-05T13:27:38Z,2026-09-05T15:27:38+0200,6b664628-1305-42f6-8311-642f19c849c2,2026-08-31T23:30:00Z,2026-09-01T01:30:00+0200,236.144,MW,NL,NL,actual_onshore_wind_generation,Wind Onshore | Actual Aggregated,2026-09-05T13:29:12Z
2026-09-05T13:27:38Z,2026-09-05T15:27:38+0200,6b664628-1305-42f6-8311-642f19c849c2,2026-08-31T23:30:00Z,2026-09-01T01:30:00+0200,0.0,MW,NL,NL,actual_onshore_wind_generation,Wind Onshore | Actual Consumption,2026-09-05T13:29:12Z
2026-09-05T13:27:38Z,2026-09-05T15:27:38+0200,6b664628-1305-42f6-8311-642f19c849c2,2026-08-31T23:45:00Z,2026-09-01T01:45:00+0200,227.458,MW,NL,NL,actual_onshore_wind_generation,Wind Onshore | Actual Aggregated,2026-09-05T13:29:12Z
2026-09-05T13:27:38Z,2026-09-05T15:27:38+0200,6b664628-1305-42f6-8311-642f19c849c2,2026-08-31T23:45:00Z,2026-09-01T01:45:00+0200,0.0,MW,NL,NL,actual_onshore_wind_generation,Wind Onshore | Actual Consumption,2026-09-05T13:29:12Z
2026-09-05T13:27:38Z,2026-09-05T15:27:38+0200,6b664628-1305-42f6-8311-642f19c849c2,2026-09-01T00:00:00Z,2026-09-01T02:00:00+0200,227.927,MW,NL,NL,actual_onshore_wind_generation,Wind Onshore | Actual Aggregated,2026-09-05T13:29:12Z
2026-09-05T13:27:38Z,2026-09-05T15:27:38+0200,6b664628-1305-42f6-8311-642f19c849c2,2026-09-01T00:00:00Z,2026-09-01T02:00:00+0200,0.0,MW,NL,NL,actual_onshore_wind_generation,Wind Onshore | Actual Consumption,2026-09-05T13:29:12Z
2026-09-05T13:27:38Z,2026-09-05T15:27:38+0200,6b664628-1305-42f6-8311-642f19c849c2,2026-09-01T00:15:00Z,2026-09-01T02:15:00+0200,238.815,MW,NL,NL,actual_onshore_wind_generation,Wind Onshore | Actual Aggregated,2026-09-05T13:29:12Z
2026-09-05T13:27:38Z,2026-09-05T15:27:38+0200,6b664628-1305-42f6-8311-642f19c849c2,2026-09-01T00:15:00Z,2026-09-01T02:15:00+0200,0.0,MW,NL,NL,actual_onshore_wind_generation,Wind Onshore | Actual Consumption,2026-09-05T13:29:12Z
2026-09-05T13:27:38Z,2026-09-05T15:27:38+0200,6b664628-1305-42f6-8311-642f19c849c2,2026-09-01T00:30:00Z,2026-09-01T02:30:00+0200,259.783,MW,NL,NL,actual_onshore_wind_generation,Wind Onshore | Actual Aggregated,2026-09-05T13:29:12Z
2026-09-05T13:27:38Z,2026-09-05T15:27:38+0200,6b664628-1305-42f6-8311-642f19c849c2,2026-09-01T00:30:00Z,2026-09-01T02:30:00+0200,0.0,MW,NL,NL,actual_onshore_wind_generation,Wind Onshore | Actual Consumption,2026-09-05T13:29:12Z
2026-09-05T13:27:38Z,2026-09-05T15:27:38+0200,6b664628-1305-42f6-8311-642f19c849c2,2026-09-01T00:45:00Z,2026-09-01T02:45:00+0200,269.448,MW,NL,NL,actual_onshore_wind_generation,Wind Onshore | Actual Aggregated,2026-09-05T13:29:12Z
2026-09-05T13:27:38Z,2026-09-05T15:27:38+0200,6b664628-1305-42f6-8311-642f19c849c2,2026-09-01T00:45:00Z,2026-09-01T02:45:00+0200,0.0,MW,NL,NL,actual_onshore_wind_generation,Wind Onshore | Actual Consumption,2026-09-05T13:29:12Z
2026-09-05T13:27:38Z,2026-09-05T15:27:38+0200,6b664628-1305-42f6-8311-642f19c849c2,2026-09-01T01:00:00Z,2026-09-01T03:00:00+0200,272.463,MW,NL,NL,actual_onshore_wind_generation,Wind Onshore | Actual Aggregated,2026-09-05T13:29:12Z
2026-09-05T13:27:38Z,2026-09-05T15:27:38+0200,6b664628-1305-42f6-8311-642f19c849c2,2026-09-01T01:00:00Z,2026-09-01T03:00:00+0200,0.0,MW,NL,NL,actual_onshore_wind_generation,Wind Onshore | Actual Consumption,2026-09-05T13:29:12Z
2026-09-05T13:27:38Z,2026-09-05T15:27:38+0200,6b664628-1305-42f6-8311-642f19c849c2,2026-09-01T01:15:00Z,2026-09-01T03:15:00+0200,270.857,MW,NL,NL,actual_onshore_wind_generation,Wind Onshore | Actual Aggregated,2026-09-05T13:29:12Z
2026-09-05T13:27:38Z,2026-09-05T15:27:38+0200,6b664628-1305-42f6-8311-642f19c849c2,2026-09-01T01:15:00Z,2026-09-01T03:15:00+0200,0.0,MW,NL,NL,actual_onshore_wind_generation,Wind Onshore | Actual Consumption,2026-09-05T13:29:12Z
2026-09-05T13:27:38Z,2026-09-05T15:27:38+0200,6b664628-1305-42f6-8311-642f19c849c2,2026-09-01T01:30:00Z,2026-09-01T03:30:00+0200,241.17,MW,NL,NL,actual_onshore_wind_generation,Wind Onshore | Actual Aggregated,2026-09-05T13:29:12Z
2026-09-05T13:27:38Z,2026-09-05T15:27:38+0200,6b664628-1305-42f6-8311-642f19c849c2,2026-09-01T01:30:00Z,2026-09-01T03:30:00+0200,0.0,MW,NL,NL,actual_onshore_wind_generation,Wind Onshore | Actual Consumption,2026-09-05T13:29:12Z
2026-09-05T13:27:38Z,2026-09-05T15:27:38+0200,6b664628-1305-42f6-8311-642f19c849c2,2026-09-01T01:45:00Z,2026-09-01T03:45:00+0200,260.594,MW,NL,NL,actual_onshore_wind_generation,Wind Onshore | Actual Aggregated,2026-09-05T13:29:12Z
2026-09-05T13:27:38Z,2026-09-05T15:27:38+0200,6b664628-1305-42f6-8311-642f19c849c2,2026-09-01T01:45:00Z,2026-09-01T03:45:00+0200,0.0,MW,NL,NL,actual_onshore_wind_generation,Wind Onshore | Actual Consumption,2026-09-05T13:29:12Z
2026-09-05T13:27:38Z,2026-09-05T15:27:38+0200,6b664628-1305-42f6-8311-642f19c849c2,2026-09-01T02:00:00Z,2026-09-01T04:00:00+0200,270.187,MW,NL,NL,actual_onshore_wind_generation,Wind Onshore | Actual Aggregated,2026-09-05T13:29:12Z
2026-09-05T13:27:38Z,2026-09-05T15:27:38+0200,6b664628-1305-42f6-8311-642f19c849c2,2026-09-01T02:00:00Z,2026-09-01T04:00:00+0200,0.0,MW,NL,NL,actual_onshore_wind_generation,Wind Onshore | Actual Consumption,2026-09-05T13:29:12Z
2026-09-05T13:27:38Z,2026-09-05T15:27:38+0200,6b664628-1305-42f6-8311-642f19c849c2,2026-09-01T02:15:00Z,2026-09-01T04:15:00+0200,268.557,MW,NL,NL,actual_onshore_wind_generation,Wind Onshore | Actual Aggregated,2026-09-05T13:29:12Z
2026-09-05T13:27:38Z,2026-09-05T15:27:38+0200,6b664628-1305-42f6-8311-642f19c849c2,2026-09-01T02:15:00Z,2026-09-01T04:15:00+0200,0.0,MW,NL,NL,actual_onshore_wind_generation,Wind Onshore | Actual Consumption,2026-09-05T13:29:12Z
2026-09-05T13:27:38Z,2026-09-05T15:27:38+0200,6b664628-1305-42f6-8311-642f19c849c2,2026-09-01T02:30:00Z,2026-09-01T04:30:00+0200,240.287,MW,NL,NL,actual_onshore_wind_generation,Wind Onshore | Actual Aggregated,2026-09-05T13:29:12Z
2026-09-05T13:27:38Z,2026-09-05T15:27:38+0200,6b664628-1305-42f6-8311-642f19c849c2,2026-09-01T02:30:00Z,2026-09-01T04:30:00+0200,0.0,MW,NL,NL,actual_onshore_wind_generation,Wind Onshore | Actual Consumption,2026-09-05T13:29:12Z
2026-09-05T13:27:38Z,2026-09-05T15:27:38+0200,6b664628-1305-42f6-8311-642f19c849c2,2026-09-01T02:45:00Z,2026-09-01T04:45:00+0200,280.399,MW,NL,NL,actual_onshore_wind_generation,Wind Onshore | Actual Aggregated,2026-09-05T13:29:12Z
2026-09-05T13:27:38Z,2026-09-05T15:27:38+0200,6b664628-1305-42f6-8311-642f19c849c2,2026-09-01T02:45:00Z,2026-09-01T04:45:00+0200,0.0,MW,NL,NL,actual_onshore_wind_generation,Wind Onshore | Actual Consumption,2026-09-05T13:29:12Z
2026-09-05T13:27:38Z,2026-09-05T15:27:38+0200,6b664628-1305-42f6-8311-642f19c849c2,2026-09-01T03:00:00Z,2026-09-01T05:00:00+0200,299.883,MW,NL,NL,actual_onshore_wind_generation,Wind Onshore | Actual Aggregated,2026-09-05T13:29:12Z
2026-09-05T13:27:38Z,2026-09-05T15:27:38+0200,6b664628-1305-42f6-8311-642f19c849c2,2026-09-01T03:00:00Z,2026-09-01T05:00:00+0200,0.0,MW,NL,NL,actual_onshore_wind_generation,Wind Onshore | Actual Consumption,2026-09-05T13:29:12Z
2026-09-05T13:27:38Z,2026-09-05T15:27:38+0200,6b664628-1305-42f6-8311-642f19c849c2,2026-09-01T03:15:00Z,2026-09-01T05:15:00+0200,330.117,MW,NL,NL,actual_onshore_wind_generation,Wind Onshore | Actual Aggregated,2026-09-05T13:29:12Z
2026-09-05T13:27:38Z,2026-09-05T15:27:38+0200,6b664628-1305-42f6-8311-642f19c849c2,2026-09-01T03:15:00Z,2026-09-01T05:15:00+0200,0.0,MW,NL,NL,actual_onshore_wind_generation,Wind Onshore | Actual Consumption,2026-09-05T13:29:12Z
2026-09-05T13:27:38Z,2026-09-05T15:27:38+0200,6b664628-1305-42f6-8311-642f19c849c2,2026-09-01T03:30:00Z,2026-09-01T05:30:00+0200,315.259,MW,NL,NL,actual_onshore_wind_generation,Wind Onshore | Actual Aggregated,2026-09-05T13:29:12Z
2026-09-05T13:27:38Z,2026-09-05T15:27:38+0200,6b664628-1305-42f6-8311-642f19c849c2,2026-09-01T03:30:00Z,2026-09-01T05:30:00+0200,0.0,MW,NL,NL,actual_onshore_wind_generation,Wind Onshore | Actual Consumption,2026-09-05T13:29:12Z
2026-09-05T13:27:38Z,2026-09-05T15:27:38+0200,6b664628-1305-42f6-8311-642f19c849c2,2026-09-01T03:45:00Z,2026-09-01T05:45:00+0200,332.856,MW,NL,NL,actual_onshore_wind_generation,Wind Onshore | Actual Aggregated,2026-09-05T13:29:12Z
2026-09-05T13:27:38Z,2026-09-05T15:27:38+0200,6b664628-1305-42f6-8311-642f19c849c2,2026-09-01T03:45:00Z,2026-09-01T05:45:00+0200,0.0,MW,NL,NL,actual_onshore_wind_generation,Wind Onshore | Actual Consumption,2026-09-05T13:29:12Z
2026-09-05T13:27:38Z,2026-09-05T15:27:38+0200,6b664628-1305-42f6-8311-642f19c849c2,2026-09-01T04:00:00Z,2026-09-01T06:00:00+0200,322.115,MW,NL,NL,actual_onshore_wind_generation,Wind Onshore | Actual Aggregated,2026-09-05T13:29:12Z
2026-09-05T13:27:38Z,2026-09-05T15:27:38+0200,6b664628-1305-42f6-8311-642f19c849c2,2026-09-01T04:00:00Z,2026-09-01T06:00:00+0200,0.0,MW,NL,NL,actual_onshore_wind_generation,Wind Onshore | Actual Consumption,2026-09-05T13:29:12Z
2026-09-05T13:27:38Z,2026-09-05T15:27:38+0200,6b664628-1305-42f6-8311-642f19c849c2,2026-09-01T04:15:00Z,2026-09-01T06:15:00+0200,319.652,MW,NL,NL,actual_onshore_wind_generation,Wind Onshore | Actual Aggregated,2026-09-05T13:29:12Z
2026-09-05T13:27:38Z,2026-09-05T15:27:38+0200,6b664628-1305-42f6-8311-642f19c849c2,2026-09-01T04:15:00Z,2026-09-01T06:15:00+0200,0.0,MW,NL,NL,actual_onshore_wind_generation,Wind Onshore | Actual Consumption,2026-09-05T13:29:12Z
2026-09-05T13:27:38Z,2026-09-05T15:27:38+0200,6b664628-1305-42f6-8311-642f19c849c2,2026-09-01T04:30:00Z,2026-09-01T06:30:00+0200,326.206,MW,NL,NL,actual_onshore_wind_generation,Wind Onshore | Actual Aggregated,2026-09-05T13:29:12Z
2026-09-05T13:27:38Z,2026-09-05T15:27:38+0200,6b664628-1305-42f6-8311-642f19c849c2,2026-09-01T04:30:00Z,2026-09-01T06:30:00+0200,0.0,MW,NL,NL,actual_onshore_wind_generation,Wind Onshore | Actual Consumption,2026-09-05T13:29:12Z
2026-09-05T13:27:38Z,2026-09-05T15:27:38+0200,6b664628-1305-42f6-8311-642f19c849c2,2026-09-01T04:45:00Z,2026-09-01T06:45:00+0200,349.575,MW,NL,NL,actual_onshore_wind_generation,Wind Onshore | Actual Aggregated,2026-09-05T13:29:12Z
2026-09-05T13:27:38Z,2026-09-05T15:27:38+0200,6b664628-1305-42f6-8311-642f19c849c2,2026-09-01T04:45:00Z,2026-09-01T06:45:00+0200,0.0,MW,NL,NL,actual_onshore_wind_generation,Wind Onshore | Actual Consumption,2026-09-05T13:29:12Z
2026-09-05T13:27:38Z,2026-09-05T15:27:38+0200,6b664628-1305-42f6-8311-642f19c849c2,2026-09-01T05:00:00Z,2026-09-01T07:00:00+0200,356.81,MW,NL,NL,actual_onshore_wind_generation,Wind Onshore | Actual Aggregated,2026-09-05T13:29:12Z
2026-09-05T13:27:38Z,2026-09-05T15:27:38+0200,6b664628-1305-42f6-8311-642f19c849c2,2026-09-01T05:00:00Z,2026-09-01T07:00:00+0200,0.0,MW,NL,NL,actual_onshore_wind_generation,Wind Onshore | Actual Consumption,2026-09-05T13:29:12Z
2026-09-05T13:27:38Z,2026-09-05T15:27:38+0200,6b664628-1305-42f6-8311-642f19c849c2,2026-09-01T05:15:00Z,2026-09-01T07:15:00+0200,393.878,MW,NL,NL,actual_onshore_wind_generation,Wind Onshore | Actual Aggregated,2026-09-05T13:29:12Z
2026-09-05T13:27:38Z,2026-09-05T15:27:38+0200,6b664628-1305-42f6-8311-642f19c849c2,2026-09-01T05:15:00Z,2026-09-01T07:15:00+0200,0.0,MW,NL,NL,actual_onshore_wind_generation,Wind Onshore | Actual Consumption,2026-09-05T13:29:12Z
2026-09-05T13:27:38Z,2026-09-05T15:27:38+0200,6b664628-1305-42f6-8311-642f19c849c2,2026-09-01T05:30:00Z,2026-09-01T07:30:00+0200,410.495,MW,NL,NL,actual_onshore_wind_generation,Wind Onshore | Actual Aggregated,2026-09-05T13:29:12Z
2026-09-05T13:27:38Z,2026-09-05T15:27:38+0200,6b664628-1305-42f6-8311-642f19c849c2,2026-09-01T05:30:00Z,2026-09-01T07:30:00+0200,0.0,MW,NL,NL,actual_onshore_wind_generation,Wind Onshore | Actual Consumption,2026-09-05T13:29:12Z
2026-09-05T13:27:38Z,2026-09-05T15:27:38+0200,6b664628-1305-42f6-8311-642f19c849c2,2026-09-01T05:45:00Z,2026-09-01T07:45:00+0200,415.409,MW,NL,NL,actual_onshore_wind_generation,Wind Onshore | Actual Aggregated,2026-09-05T13:29:12Z
2026-09-05T13:27:38Z,2026-09-05T15:27:38+0200,6b664628-1305-42f6-8311-642f19c849c2,2026-09-01T05:45:00Z,2026-09-01T07:45:00+0200,0.0,MW,NL,NL,actual_onshore_wind_generation,Wind Onshore | Actual Consumption,2026-09-05T13:29:12Z
2026-09-05T13:27:38Z,2026-09-05T15:27:38+0200,6b664628-1305-42f6-8311-642f19c849c2,2026-09-01T06:00:00Z,2026-09-01T08:00:00+0200,396.27,MW,NL,NL,actual_onshore_wind_generation,Wind Onshore | Actual Aggregated,2026-09-05T13:29:12Z
2026-09-05T13:27:38Z,2026-09-05T15:27:38+0200,6b664628-1305-42f6-8311-642f19c849c2,2026-09-01T06:00:00Z,2026-09-01T08:00:00+0200,0.0,MW,NL,NL,actual_onshore_wind_generation,Wind Onshore | Actual Consumption,2026-09-05T13:29:12Z
2026-09-05T13:27:38Z,2026-09-05T15:27:38+0200,6b664628-1305-42f6-8311-642f19c849c2,2026-09-01T06:15:00Z,2026-09-01T08:15:00+0200,370.038,MW,NL,NL,actual_onshore_wind_generation,Wind Onshore | Actual Aggregated,2026-09-05T13:29:12Z
2026-09-05T13:27:38Z,2026-09-05T15:27:38+0200,6b664628-1305-42f6-8311-642f19c849c2,2026-09-01T06:15:00Z,2026-09-01T08:15:00+0200,0.0,MW,NL,NL,actual_onshore_wind_generation,Wind Onshore | Actual Consumption,2026-09-05T13:29:12Z
2026-09-05T13:27:38Z,2026-09-05T15:27:38+0200,6b664628-1305-42f6-8311-642f19c849c2,2026-09-01T06:30:00Z,2026-09-01T08:30:00+0200,375.739,MW,NL,NL,actual_onshore_wind_generation,Wind Onshore | Actual Aggregated,2026-09-05T13:29:12Z
2026-09-05T13:27:38Z,2026-09-05T15:27:38+0200,6b664628-1305-42f6-8311-642f19c849c2,2026-09-01T06:30:00Z,2026-09-01T08:30:00+0200,0.0,MW,NL,NL,actual_onshore_wind_generation,Wind Onshore | Actual Consumption,2026-09-05T13:29:12Z
2026-09-05T13:27:38Z,2026-09-05T15:27:38+0200,6b664628-1305-42f6-8311-642f19c849c2,2026-09-01T06:45:00Z,2026-09-01T08:45:00+0200,370.222,MW,NL,NL,actual_onshore_wind_generation,Wind Onshore | Actual Aggregated,2026-09-05T13:29:12Z
2026-09-05T13:27:38Z,2026-09-05T15:27:38+0200,6b664628-1305-42f6-8311-642f19c849c2,2026-09-01T06:45:00Z,2026-09-01T08:45:00+0200,0.0,MW,NL,NL,actual_onshore_wind_generation,Wind Onshore | Actual Consumption,2026-09-05T13:29:12Z
2026-09-05T13:27:38Z,2026-09-05T15:27:38+0200,6b664628-1305-42f6-8311-642f19c849c2,2026-09-01T07:00:00Z,2026-09-01T09:00:00+0200,364.615,MW,NL,NL,actual_onshore_wind_generation,Wind Onshore | Actual Aggregated,2026-09-05T13:29:12Z
2026-09-05T13:27:38Z,2026-09-05T15:27:38+0200,6b664628-1305-42f6-8311-642f19c849c2,2026-09-01T07:00:00Z,2026-09-01T09:00:00+0200,0.0,MW,NL,NL,actual_onshore_wind_generation,Wind Onshore | Actual Consumption,2026-09-05T13:29:12Z
2026-09-05T13:27:38Z,2026-09-05T15:27:38+0200,6b664628-1305-42f6-8311-642f19c849c2,2026-09-01T07:15:00Z,2026-09-01T09:15:00+0200,380.142,MW,NL,NL,actual_onshore_wind_generation,Wind Onshore | Actual Aggregated,2026-09-05T13:29:12Z
2026-09-05T13:27:38Z,2026-09-05T15:27:38+0200,6b664628-1305-42f6-8311-642f19c849c2,2026-09-01T07:15:00Z,2026-09-01T09:15:00+0200,0.0,MW,NL,NL,actual_onshore_wind_generation,Wind Onshore | Actual Consumption,2026-09-05T13:29:12Z
2026-09-05T13:27:38Z,2026-09-05T15:27:38+0200,6b664628-1305-42f6-8311-642f19c849c2,2026-09-01T07:30:00Z,2026-09-01T09:30:00+0200,393.196,MW,NL,NL,actual_onshore_wind_generation,Wind Onshore | Actual Aggregated,2026-09-05T13:29:12Z
2026-09-05T13:27:38Z,2026-09-05T15:27:38+0200,6b664628-1305-42f6-8311-642f19c849c2,2026-09-01T07:30:00Z,2026-09-01T09:30:00+0200,0.0,MW,NL,NL,actual_onshore_wind_generation,Wind Onshore | Actual Consumption,2026-09-05T13:29:12Z
2026-09-05T13:27:38Z,2026-09-05T15:27:38+0200,6b664628-1305-42f6-8311-642f19c849c2,2026-09-01T07:45:00Z,2026-09-01T09:45:00+0200,397.578,MW,NL,NL,actual_onshore_wind_generation,Wind Onshore | Actual Aggregated,2026-09-05T13:29:12Z
2026-09-05T13:27:38Z,2026-09-05T15:27:38+0200,6b664628-1305-42f6-8311-642f19c849c2,2026-09-01T07:45:00Z,2026-09-01T09:45:00+0200,0.0,MW,NL,NL,actual_onshore_wind_generation,Wind Onshore | Actual Consumption,2026-09-05T13:29:12Z
2026-09-05T13:27:38Z,2026-09-05T15:27:38+0200,6b664628-1305-42f6-8311-642f19c849c2,2026-09-01T08:00:00Z,2026-09-01T10:00:00+0200,333.273,MW,NL,NL,actual_onshore_wind_generation,Wind Onshore | Actual Aggregated,2026-09-05T13:29:12Z
2026-09-05T13:27:38Z,2026-09-05T15:27:38+0200,6b664628-1305-42f6-8311-642f19c849c2,2026-09-01T08:00:00Z,2026-09-01T10:00:00+0200,0.0,MW,NL,NL,actual_onshore_wind_generation,Wind Onshore | Actual Consumption,2026-09-05T13:29:12Z
2026-09-05T13:27:38Z,2026-09-05T15:27:38+0200,6b664628-1305-42f6-8311-642f19c849c2,2026-09-01T08:15:00Z,2026-09-01T10:15:00+0200,242.367,MW,NL,NL,actual_onshore_wind_generation,Wind Onshore | Actual Aggregated,2026-09-05T13:29:12Z
2026-09-05T13:27:38Z,2026-09-05T15:27:38+0200,6b664628-1305-42f6-8311-642f19c849c2,2026-09-01T08:15:00Z,2026-09-01T10:15:00+0200,0.0,MW,NL,NL,actual_onshore_wind_generation,Wind Onshore | Actual Consumption,2026-09-05T13:29:12Z
2026-09-05T13:27:38Z,2026-09-05T15:27:38+0200,6b664628-1305-42f6-8311-642f19c849c2,2026-09-01T08:30:00Z,2026-09-01T10:30:00+0200,260.802,MW,NL,NL,actual_onshore_wind_generation,Wind Onshore | Actual Aggregated,2026-09-05T13:29:12Z
2026-09-05T13:27:38Z,2026-09-05T15:27:38+0200,6b664628-1305-42f6-8311-642f19c849c2,2026-09-01T08:30:00Z,2026-09-01T10:30:00+0200,0.0,MW,NL,NL,actual_onshore_wind_generation,Wind Onshore | Actual Consumption,2026-09-05T13:29:12Z
2026-09-05T13:27:38Z,2026-09-05T15:27:38+0200,6b664628-1305-42f6-8311-642f19c849c2,2026-09-01T08:45:00Z,2026-09-01T10:45:00+0200,277.835,MW,NL,NL,actual_onshore_wind_generation,Wind Onshore | Actual Aggregated,2026-09-05T13:29:12Z
2026-09-05T13:27:38Z,2026-09-05T15:27:38+0200,6b664628-1305-42f6-8311-642f19c849c2,2026-09-01T08:45:00Z,2026-09-01T10:45:00+0200,0.0,MW,NL,NL,actual_onshore_wind_generation,Wind Onshore | Actual Consumption,2026-09-05T13:29:12Z
2026-09-05T13:27:38Z,2026-09-05T15:27:38+0200,6b664628-1305-42f6-8311-642f19c849c2,2026-09-01T09:00:00Z,2026-09-01T11:00:00+0200,318.917,MW,NL,NL,actual_onshore_wind_generation,Wind Onshore | Actual Aggregated,2026-09-05T13:29:12Z
2026-09-05T13:27:38Z,2026-09-05T15:27:38+0200,6b664628-1305-42f6-8311-642f19c849c2,2026-09-01T09:00:00Z,2026-09-01T11:00:00+0200,0.0,MW,NL,NL,actual_onshore_wind_generation,Wind Onshore | Actual Consumption,2026-09-05T13:29:12Z
2026-09-05T13:27:38Z,2026-09-05T15:27:38+0200,6b664628-1305-42f6-8311-642f19c849c2,2026-09-01T09:15:00Z,2026-09-01T11:15:00+0200,346.451,MW,NL,NL,actual_onshore_wind_generation,Wind Onshore | Actual Aggregated,2026-09-05T13:29:12Z
2026-09-05T13:27:38Z,2026-09-05T15:27:38+0200,6b664628-1305-42f6-8311-642f19c849c2,2026-09-01T09:15:00Z,2026-09-01T11:15:00+0200,0.0,MW,NL,NL,actual_onshore_wind_generation,Wind Onshore | Actual Consumption,2026-09-05T13:29:12Z
2026-09-05T13:27:38Z,2026-09-05T15:27:38+0200,6b664628-1305-42f6-8311-642f19c849c2,2026-09-01T09:30:00Z,2026-09-01T11:30:00+0200,331.149,MW,NL,NL,actual_onshore_wind_generation,Wind Onshore | Actual Aggregated,2026-09-05T13:29:12Z
2026-09-05T13:27:38Z,2026-09-05T15:27:38+0200,6b664628-1305-42f6-8311-642f19c849c2,2026-09-01T09:30:00Z,2026-09-01T11:30:00+0200,0.0,MW,NL,NL,actual_onshore_wind_generation,Wind Onshore | Actual Consumption,2026-09-05T13:29:12Z
2026-09-05T13:27:38Z,2026-09-05T15:27:38+0200,6b664628-1305-42f6-8311-642f19c849c2,2026-09-01T09:45:00Z,2026-09-01T11:45:00+0200,324.748,MW,NL,NL,actual_onshore_wind_generation,Wind Onshore | Actual Aggregated,2026-09-05T13:29:12Z
2026-09-05T13:27:38Z,2026-09-05T15:27:38+0200,6b664628-1305-42f6-8311-642f19c849c2,2026-09-01T09:45:00Z,2026-09-01T11:45:00+0200,0.0,MW,NL,NL,actual_onshore_wind_generation,Wind Onshore | Actual Consumption,2026-09-05T13:29:12Z
2026-09-05T13:27:38Z,2026-09-05T15:27:38+0200,6b664628-1305-42f6-8311-642f19c849c2,2026-09-01T10:00:00Z,2026-09-01T12:00:00+0200,293.612,MW,NL,NL,actual_onshore_wind_generation,Wind Onshore | Actual Aggregated,2026-09-05T13:29:12Z
2026-09-05T13:27:38Z,2026-09-05T15:27:38+0200,6b664628-1305-42f6-8311-642f19c849c2,2026-09-01T10:00:00Z,2026-09-01T12:00:00+0200,0.0,MW,NL,NL,actual_onshore_wind_generation,Wind Onshore | Actual Consumption,2026-09-05T13:29:12Z
2026-09-05T13:27:38Z,2026-09-05T15:27:38+0200,6b664628-1305-42f6-8311-642f19c849c2,2026-09-01T10:15:00Z,2026-09-01T12:15:00+0200,228.107,MW,NL,NL,actual_onshore_wind_generation,Wind Onshore | Actual Aggregated,2026-09-05T13:29:12Z
2026-09-05T13:27:38Z,2026-09-05T15:27:38+0200,6b664628-1305-42f6-8311-642f19c849c2,2026-09-01T10:15:00Z,2026-09-01T12:15:00+0200,0.0,MW,NL,NL,actual_onshore_wind_generation,Wind Onshore | Actual Consumption,2026-09-05T13:29:12Z
2026-09-05T13:27:38Z,2026-09-05T15:27:38+0200,6b664628-1305-42f6-8311-642f19c849c2,2026-09-01T10:30:00Z,2026-09-01T12:30:00+0200,190.59,MW,NL,NL,actual_onshore_wind_generation,Wind Onshore | Actual Aggregated,2026-09-05T13:29:12Z
2026-09-05T13:27:38Z,2026-09-05T15:27:38+0200,6b664628-1305-42f6-8311-642f19c849c2,2026-09-01T10:30:00Z,2026-09-01T12:30:00+0200,0.0,MW,NL,NL,actual_onshore_wind_generation,Wind Onshore | Actual Consumption,2026-09-05T13:29:12Z
2026-09-05T13:27:38Z,2026-09-05T15:27:38+0200,6b664628-1305-42f6-8311-642f19c849c2,2026-09-01T10:45:00Z,2026-09-01T12:45:00+0200,208.42,MW,NL,NL,actual_onshore_wind_generation,Wind Onshore | Actual Aggregated,2026-09-05T13:29:12Z
2026-09-05T13:27:38Z,2026-09-05T15:27:38+0200,6b664628-1305-42f6-8311-642f19c849c2,2026-09-01T10:45:00Z,2026-09-01T12:45:00+0200,0.0,MW,NL,NL,actual_onshore_wind_generation,Wind Onshore | Actual Consumption,2026-09-05T13:29:12Z
2026-09-05T13:27:38Z,2026-09-05T15:27:38+0200,6b664628-1305-42f6-8311-642f19c849c2,2026-09-01T11:00:00Z,2026-09-01T13:00:00+0200,189.714,MW,NL,NL,actual_onshore_wind_generation,Wind Onshore | Actual Aggregated,2026-09-05T13:29:12Z
2026-09-05T13:27:38Z,2026-09-05T15:27:38+0200,6b664628-1305-42f6-8311-642f19c849c2,2026-09-01T11:00:00Z,2026-09-01T13:00:00+0200,0.0,MW,NL,NL,actual_onshore_wind_generation,Wind Onshore | Actual Consumption,2026-09-05T13:29:12Z
2026-09-05T13:27:38Z,2026-09-05T15:27:38+0200,6b664628-1305-42f6-8311-642f19c849c2,2026-09-01T11:15:00Z,2026-09-01T13:15:00+0200,226.556,MW,NL,NL,actual_onshore_wind_generation,Wind Onshore | Actual Aggregated,2026-09-05T13:29:12Z
2026-09-05T13:27:38Z,2026-09-05T15:27:38+0200,6b664628-1305-42f6-8311-642f19c849c2,2026-09-01T11:15:00Z,2026-09-01T13:15:00+0200,0.033,MW,NL,NL,actual_onshore_wind_generation,Wind Onshore | Actual Consumption,2026-09-05T13:29:12Z
2026-09-05T13:27:38Z,2026-09-05T15:27:38+0200,6b664628-1305-42f6-8311-642f19c849c2,2026-09-01T11:30:00Z,2026-09-01T13:30:00+0200,218.38,MW,NL,NL,actual_onshore_wind_generation,Wind Onshore | Actual Aggregated,2026-09-05T13:29:12Z
2026-09-05T13:27:38Z,2026-09-05T15:27:38+0200,6b664628-1305-42f6-8311-642f19c849c2,2026-09-01T11:30:00Z,2026-09-01T13:30:00+0200,0.0,MW,NL,NL,actual_onshore_wind_generation,Wind Onshore | Actual Consumption,2026-09-05T13:29:12Z
2026-09-05T13:27:38Z,2026-09-05T15:27:38+0200,6b664628-1305-42f6-8311-642f19c849c2,2026-09-01T11:45:00Z,2026-09-01T13:45:00+0200,177.316,MW,NL,NL,actual_onshore_wind_generation,Wind Onshore | Actual Aggregated,2026-09-05T13:29:12Z
2026-09-05T13:27:38Z,2026-09-05T15:27:38+0200,6b664628-1305-42f6-8311-642f19c849c2,2026-09-01T11:45:00Z,2026-09-01T13:45:00+0200,0.0,MW,NL,NL,actual_onshore_wind_generation,Wind Onshore | Actual Consumption,2026-09-05T13:29:12Z
2026-09-05T13:27:38Z,2026-09-05T15:27:38+0200,6b664628-1305-42f6-8311-642f19c849c2,2026-09-01T12:00:00Z,2026-09-01T14:00:00+0200,165.57,MW,NL,NL,actual_onshore_wind_generation,Wind Onshore | Actual Aggregated,2026-09-05T13:29:12Z
2026-09-05T13:27:38Z,2026-09-05T15:27:38+0200,6b664628-1305-42f6-8311-642f19c849c2,2026-09-01T12:00:00Z,2026-09-01T14:00:00+0200,0.0,MW,NL,NL,actual_onshore_wind_generation,Wind Onshore | Actual Consumption,2026-09-05T13:29:12Z
2026-09-05T13:27:38Z,2026-09-05T15:27:38+0200,6b664628-1305-42f6-8311-642f19c849c2,2026-09-01T12:15:00Z,2026-09-01T14:15:00+0200,153.022,MW,NL,NL,actual_onshore_wind_generation,Wind Onshore | Actual Aggregated,2026-09-05T13:29:12Z
2026-09-05T13:27:38Z,2026-09-05T15:27:38+0200,6b664628-1305-42f6-8311-642f19c849c2,2026-09-01T12:15:00Z,2026-09-01T14:15:00+0200,0.0,MW,NL,NL,actual_onshore_wind_generation,Wind Onshore | Actual Consumption,2026-09-05T13:29:12Z
2026-09-05T13:27:38Z,2026-09-05T15:27:38+0200,6b664628-1305-42f6-8311-642f19c849c2,2026-09-01T12:30:00Z,2026-09-01T14:30:00+0200,150.603,MW,NL,NL,actual_onshore_wind_generation,Wind Onshore | Actual Aggregated,2026-09-05T13:29:12Z
2026-09-05T13:27:38Z,2026-09-05T15:27:38+0200,6b664628-1305-42f6-8311-642f19c849c2,2026-09-01T12:30:00Z,2026-09-01T14:30:00+0200,0.0,MW,NL,NL,actual_onshore_wind_generation,Wind Onshore | Actual Consumption,2026-09-05T13:29:12Z
2026-09-05T13:27:38Z,2026-09-05T15:27:38+0200,6b664628-1305-42f6-8311-642f19c849c2,2026-09-01T12:45:00Z,2026-09-01T14:45:00+0200,141.54,MW,NL,NL,actual_onshore_wind_generation,Wind Onshore | Actual Aggregated,2026-09-05T13:29:12Z
2026-09-05T13:27:38Z,2026-09-05T15:27:38+0200,6b664628-1305-42f6-8311-642f19c849c2,2026-09-01T12:45:00Z,2026-09-01T14:45:00+0200,0.0,MW,NL,NL,actual_onshore_wind_generation,Wind Onshore | Actual Consumption,2026-09-05T13:29:12Z
2026-09-05T13:27:38Z,2026-09-05T15:27:38+0200,6b664628-1305-42f6-8311-642f19c849c2,2026-09-01T13:00:00Z,2026-09-01T15:00:00+0200,160.82,MW,NL,NL,actual_onshore_wind_generation,Wind Onshore | Actual Aggregated,2026-09-05T13:29:12Z
2026-09-05T13:27:38Z,2026-09-05T15:27:38+0200,6b664628-1305-42f6-8311-642f19c849c2,2026-09-01T13:00:00Z,2026-09-01T15:00:00+0200,0.0,MW,NL,NL,actual_onshore_wind_generation,Wind Onshore | Actual Consumption,2026-09-05T13:29:12Z
2026-09-05T13:27:38Z,2026-09-05T15:27:38+0200,6b664628-1305-42f6-8311-642f19c849c2,2026-09-01T13:15:00Z,2026-09-01T15:15:00+0200,162.471,MW,NL,NL,actual_onshore_wind_generation,Wind Onshore | Actual Aggregated,2026-09-05T13:29:12Z
2026-09-05T13:27:38Z,2026-09-05T15:27:38+0200,6b664628-1305-42f6-8311-642f19c849c2,2026-09-01T13:15:00Z,2026-09-01T15:15:00+0200,0.0,MW,NL,NL,actual_onshore_wind_generation,Wind Onshore | Actual Consumption,2026-09-05T13:29:12Z
2026-09-05T13:27:38Z,2026-09-05T15:27:38+0200,6b664628-1305-42f6-8311-642f19c849c2,2026-09-01T13:30:00Z,2026-09-01T15:30:00+0200,176.15,MW,NL,NL,actual_onshore_wind_generation,Wind Onshore | Actual Aggregated,2026-09-05T13:29:12Z
2026-09-05T13:27:38Z,2026-09-05T15:27:38+0200,6b664628-1305-42f6-8311-642f19c849c2,2026-09-01T13:30:00Z,2026-09-01T15:30:00+0200,0.0,MW,NL,NL,actual_onshore_wind_generation,Wind Onshore | Actual Consumption,2026-09-05T13:29:12Z
2026-09-05T13:27:38Z,2026-09-05T15:27:38+0200,6b664628-1305-42f6-8311-642f19c849c2,2026-09-01T13:45:00Z,2026-09-01T15:45:00+0200,111.835,MW,NL,NL,actual_onshore_wind_generation,Wind Onshore | Actual Aggregated,2026-09-05T13:29:12Z
2026-09-05T13:27:38Z,2026-09-05T15:27:38+0200,6b664628-1305-42f6-8311-642f19c849c2,2026-09-01T13:45:00Z,2026-09-01T15:45:00+0200,0.0,MW,NL,NL,actual_onshore_wind_generation,Wind Onshore | Actual Consumption,2026-09-05T13:29:12Z
2026-09-05T13:27:38Z,2026-09-05T15:27:38+0200,6b664628-1305-42f6-8311-642f19c849c2,2026-09-01T14:00:00Z,2026-09-01T16:00:00+0200,135.868,MW,NL,NL,actual_onshore_wind_generation,Wind Onshore | Actual Aggregated,2026-09-05T13:29:12Z
2026-09-05T13:27:38Z,2026-09-05T15:27:38+0200,6b664628-1305-42f6-8311-642f19c849c2,2026-09-01T14:00:00Z,2026-09-01T16:00:00+0200,0.0,MW,NL,NL,actual_onshore_wind_generation,Wind Onshore | Actual Consumption,2026-09-05T13:29:12Z
2026-09-05T13:27:38Z,2026-09-05T15:27:38+0200,6b664628-1305-42f6-8311-642f19c849c2,2026-09-01T14:15:00Z,2026-09-01T16:15:00+0200,99.538,MW,NL,NL,actual_onshore_wind_generation,Wind Onshore | Actual Aggregated,2026-09-05T13:29:12Z
2026-09-05T13:27:38Z,2026-09-05T15:27:38+0200,6b664628-1305-42f6-8311-642f19c849c2,2026-09-01T14:15:00Z,2026-09-01T16:15:00+0200,0.0,MW,NL,NL,actual_onshore_wind_generation,Wind Onshore | Actual Consumption,2026-09-05T13:29:12Z
2026-09-05T13:27:38Z,2026-09-05T15:27:38+0200,6b664628-1305-42f6-8311-642f19c849c2,2026-09-01T14:30:00Z,2026-09-01T16:30:00+0200,123.732,MW,NL,NL,actual_onshore_wind_generation,Wind Onshore | Actual Aggregated,2026-09-05T13:29:12Z
2026-09-05T13:27:38Z,2026-09-05T15:27:38+0200,6b664628-1305-42f6-8311-642f19c849c2,2026-09-01T14:30:00Z,2026-09-01T16:30:00+0200,0.0,MW,NL,NL,actual_onshore_wind_generation,Wind Onshore | Actual Consumption,2026-09-05T13:29:12Z
2026-09-05T13:27:38Z,2026-09-05T15:27:38+0200,6b664628-1305-42f6-8311-642f19c849c2,2026-09-01T14:45:00Z,2026-09-01T16:45:00+0200,108.664,MW,NL,NL,actual_onshore_wind_generation,Wind Onshore | Actual Aggregated,2026-09-05T13:29:12Z
2026-09-05T13:27:38Z,2026-09-05T15:27:38+0200,6b664628-1305-42f6-8311-642f19c849c2,2026-09-01T14:45:00Z,2026-09-01T16:45:00+0200,0.0,MW,NL,NL,actual_onshore_wind_generation,Wind Onshore | Actual Consumption,2026-09-05T13:29:12Z
2026-09-05T13:27:38Z,2026-09-05T15:27:38+0200,6b664628-1305-42f6-8311-642f19c849c2,2026-09-01T15:00:00Z,2026-09-01T17:00:00+0200,108.841,MW,NL,NL,actual_onshore_wind_generation,Wind Onshore | Actual Aggregated,2026-09-05T13:29:12Z
2026-09-05T13:27:38Z,2026-09-05T15:27:38+0200,6b664628-1305-42f6-8311-642f19c849c2,2026-09-01T15:00:00Z,2026-09-01T17:00:00+0200,0.0,MW,NL,NL,actual_onshore_wind_generation,Wind Onshore | Actual Consumption,2026-09-05T13:29:12Z
2026-09-05T13:27:38Z,2026-09-05T15:27:38+0200,6b664628-1305-42f6-8311-642f19c849c2,2026-09-01T15:15:00Z,2026-09-01T17:15:00+0200,109.677,MW,NL,NL,actual_onshore_wind_generation,Wind Onshore | Actual Aggregated,2026-09-05T13:29:12Z
2026-09-05T13:27:38Z,2026-09-05T15:27:38+0200,6b664628-1305-42f6-8311-642f19c849c2,2026-09-01T15:15:00Z,2026-09-01T17:15:00+0200,0.0,MW,NL,NL,actual_onshore_wind_generation,Wind Onshore | Actual Consumption,2026-09-05T13:29:12Z
2026-09-05T13:27:38Z,2026-09-05T15:27:38+0200,6b664628-1305-42f6-8311-642f19c849c2,2026-09-01T15:30:00Z,2026-09-01T17:30:00+0200,99.34,MW,NL,NL,actual_onshore_wind_generation,Wind Onshore | Actual Aggregated,2026-09-05T13:29:12Z
2026-09-05T13:27:38Z,2026-09-05T15:27:38+0200,6b664628-1305-42f6-8311-642f19c849c2,2026-09-01T15:30:00Z,2026-09-01T17:30:00+0200,0.0,MW,NL,NL,actual_onshore_wind_generation,Wind Onshore | Actual Consumption,2026-09-05T13:29:12Z
2026-09-05T13:27:38Z,2026-09-05T15:27:38+0200,6b664628-1305-42f6-8311-642f19c849c2,2026-09-01T15:45:00Z,2026-09-01T17:45:00+0200,100.575,MW,NL,NL,actual_onshore_wind_generation,Wind Onshore | Actual Aggregated,2026-09-05T13:29:12Z
2026-09-05T13:27:38Z,2026-09-05T15:27:38+0200,6b664628-1305-42f6-8311-642f19c849c2,2026-09-01T15:45:00Z,2026-09-01T17:45:00+0200,0.0,MW,NL,NL,actual_onshore_wind_generation,Wind Onshore | Actual Consumption,2026-09-05T13:29:12Z
2026-09-05T13:27:38Z,2026-09-05T15:27:38+0200,6b664628-1305-42f6-8311-642f19c849c2,2026-09-01T16:00:00Z,2026-09-01T18:00:00+0200,221.548,MW,NL,NL,actual_onshore_wind_generation,Wind Onshore | Actual Aggregated,2026-09-05T13:29:12Z
2026-09-05T13:27:38Z,2026-09-05T15:27:38+0200,6b664628-1305-42f6-8311-642f19c849c2,2026-09-01T16:00:00Z,2026-09-01T18:00:00+0200,0.0,MW,NL,NL,actual_onshore_wind_generation,Wind Onshore | Actual Consumption,2026-09-05T13:29:12Z
2026-09-05T13:27:38Z,2026-09-05T15:27:38+0200,6b664628-1305-42f6-8311-642f19c849c2,2026-09-01T16:15:00Z,2026-09-01T18:15:00+0200,217.751,MW,NL,NL,actual_onshore_wind_generation,Wind Onshore | Actual Aggregated,2026-09-05T13:29:12Z
2026-09-05T13:27:38Z,2026-09-05T15:27:38+0200,6b664628-1305-42f6-8311-642f19c849c2,2026-09-01T16:15:00Z,2026-09-01T18:15:00+0200,0.0,MW,NL,NL,actual_onshore_wind_generation,Wind Onshore | Actual Consumption,2026-09-05T13:29:12Z
2026-09-05T13:27:38Z,2026-09-05T15:27:38+0200,6b664628-1305-42f6-8311-642f19c849c2,2026-09-01T16:30:00Z,2026-09-01T18:30:00+0200,216.206,MW,NL,NL,actual_onshore_wind_generation,Wind Onshore | Actual Aggregated,2026-09-05T13:29:12Z
2026-09-05T13:27:38Z,2026-09-05T15:27:38+0200,6b664628-1305-42f6-8311-642f19c849c2,2026-09-01T16:30:00Z,2026-09-01T18:30:00+0200,0.0,MW,NL,NL,actual_onshore_wind_generation,Wind Onshore | Actual Consumption,2026-09-05T13:29:12Z
2026-09-05T13:27:38Z,2026-09-05T15:27:38+0200,6b664628-1305-42f6-8311-642f19c849c2,2026-09-01T16:45:00Z,2026-09-01T18:45:00+0200,216.551,MW,NL,NL,actual_onshore_wind_generation,Wind Onshore | Actual Aggregated,2026-09-05T13:29:12Z
2026-09-05T13:27:38Z,2026-09-05T15:27:38+0200,6b664628-1305-42f6-8311-642f19c849c2,2026-09-01T16:45:00Z,2026-09-01T18:45:00+0200,0.0,MW,NL,NL,actual_onshore_wind_generation,Wind Onshore | Actual Consumption,2026-09-05T13:29:12Z
2026-09-05T13:27:38Z,2026-09-05T15:27:38+0200,6b664628-1305-42f6-8311-642f19c849c2,2026-09-01T17:00:00Z,2026-09-01T19:00:00+0200,219.593,MW,NL,NL,actual_onshore_wind_generation,Wind Onshore | Actual Aggregated,2026-09-05T13:29:12Z
2026-09-05T13:27:38Z,2026-09-05T15:27:38+0200,6b664628-1305-42f6-8311-642f19c849c2,2026-09-01T17:00:00Z,2026-09-01T19:00:00+0200,0.0,MW,NL,NL,actual_onshore_wind_generation,Wind Onshore | Actual Consumption,2026-09-05T13:29:12Z
2026-09-05T13:27:38Z,2026-09-05T15:27:38+0200,6b664628-1305-42f6-8311-642f19c849c2,2026-09-01T17:15:00Z,2026-09-01T19:15:00+0200,212.95,MW,NL,NL,actual_onshore_wind_generation,Wind Onshore | Actual Aggregated,2026-09-05T13:29:12Z
2026-09-05T13:27:38Z,2026-09-05T15:27:38+0200,6b664628-1305-42f6-8311-642f19c849c2,2026-09-01T17:15:00Z,2026-09-01T19:15:00+0200,0.0,MW,NL,NL,actual_onshore_wind_generation,Wind Onshore | Actual Consumption,2026-09-05T13:29:12Z
2026-09-05T13:27:38Z,2026-09-05T15:27:38+0200,6b664628-1305-42f6-8311-642f19c849c2,2026-09-01T17:30:00Z,2026-09-01T19:30:00+0200,188.291,MW,NL,NL,actual_onshore_wind_generation,Wind Onshore | Actual Aggregated,2026-09-05T13:29:12Z
2026-09-05T13:27:38Z,2026-09-05T15:27:38+0200,6b664628-1305-42f6-8311-642f19c849c2,2026-09-01T17:30:00Z,2026-09-01T19:30:00+0200,0.0,MW,NL,NL,actual_onshore_wind_generation,Wind Onshore | Actual Consumption,2026-09-05T13:29:12Z
2026-09-05T13:27:38Z,2026-09-05T15:27:38+0200,6b664628-1305-42f6-8311-642f19c849c2,2026-09-01T17:45:00Z,2026-09-01T19:45:00+0200,173.647,MW,NL,NL,actual_onshore_wind_generation,Wind Onshore | Actual Aggregated,2026-09-05T13:29:12Z
2026-09-05T13:27:38Z,2026-09-05T15:27:38+0200,6b664628-1305-42f6-8311-642f19c849c2,2026-09-01T17:45:00Z,2026-09-01T19:45:00+0200,0.0,MW,NL,NL,actual_onshore_wind_generation,Wind Onshore | Actual Consumption,2026-09-05T13:29:12Z
2026-09-05T13:27:38Z,2026-09-05T15:27:38+0200,6b664628-1305-42f6-8311-642f19c849c2,2026-09-01T18:00:00Z,2026-09-01T20:00:00+0200,151.162,MW,NL,NL,actual_onshore_wind_generation,Wind Onshore | Actual Aggregated,2026-09-05T13:29:12Z
2026-09-05T13:27:38Z,2026-09-05T15:27:38+0200,6b664628-1305-42f6-8311-642f19c849c2,2026-09-01T18:00:00Z,2026-09-01T20:00:00+0200,0.0,MW,NL,NL,actual_onshore_wind_generation,Wind Onshore | Actual Consumption,2026-09-05T13:29:12Z
2026-09-05T13:27:38Z,2026-09-05T15:27:38+0200,6b664628-1305-42f6-8311-642f19c849c2,2026-09-01T18:15:00Z,2026-09-01T20:15:00+0200,136.124,MW,NL,NL,actual_onshore_wind_generation,Wind Onshore | Actual Aggregated,2026-09-05T13:29:12Z
2026-09-05T13:27:38Z,2026-09-05T15:27:38+0200,6b664628-1305-42f6-8311-642f19c849c2,2026-09-01T18:15:00Z,2026-09-01T20:15:00+0200,0.0,MW,NL,NL,actual_onshore_wind_generation,Wind Onshore | Actual Consumption,2026-09-05T13:29:12Z
2026-09-05T13:27:38Z,2026-09-05T15:27:38+0200,6b664628-1305-42f6-8311-642f19c849c2,2026-09-01T18:30:00Z,2026-09-01T20:30:00+0200,125.855,MW,NL,NL,actual_onshore_wind_generation,Wind Onshore | Actual Aggregated,2026-09-05T13:29:12Z
2026-09-05T13:27:38Z,2026-09-05T15:27:38+0200,6b664628-1305-42f6-8311-642f19c849c2,2026-09-01T18:30:00Z,2026-09-01T20:30:00+0200,0.0,MW,NL,NL,actual_onshore_wind_generation,Wind Onshore | Actual Consumption,2026-09-05T13:29:12Z
2026-09-05T13:27:38Z,2026-09-05T15:27:38+0200,6b664628-1305-42f6-8311-642f19c849c2,2026-09-01T18:45:00Z,2026-09-01T20:45:00+0200,115.031,MW,NL,NL,actual_onshore_wind_generation,Wind Onshore | Actual Aggregated,2026-09-05T13:29:12Z
2026-09-05T13:27:38Z,2026-09-05T15:27:38+0200,6b664628-1305-42f6-8311-642f19c849c2,2026-09-01T18:45:00Z,2026-09-01T20:45:00+0200,0.0,MW,NL,NL,actual_onshore_wind_generation,Wind Onshore | Actual Consumption,2026-09-05T13:29:12Z
2026-09-05T13:27:38Z,2026-09-05T15:27:38+0200,6b664628-1305-42f6-8311-642f19c849c2,2026-09-01T19:00:00Z,2026-09-01T21:00:00+0200,96.618,MW,NL,NL,actual_onshore_wind_generation,Wind Onshore | Actual Aggregated,2026-09-05T13:29:12Z
2026-09-05T13:27:38Z,2026-09-05T15:27:38+0200,6b664628-1305-42f6-8311-642f19c849c2,2026-09-01T19:00:00Z,2026-09-01T21:00:00+0200,0.0,MW,NL,NL,actual_onshore_wind_generation,Wind Onshore | Actual Consumption,2026-09-05T13:29:12Z
2026-09-05T13:27:38Z,2026-09-05T15:27:38+0200,6b664628-1305-42f6-8311-642f19c849c2,2026-09-01T19:15:00Z,2026-09-01T21:15:00+0200,92.524,MW,NL,NL,actual_onshore_wind_generation,Wind Onshore | Actual Aggregated,2026-09-05T13:29:12Z
2026-09-05T13:27:38Z,2026-09-05T15:27:38+0200,6b664628-1305-42f6-8311-642f19c849c2,2026-09-01T19:15:00Z,2026-09-01T21:15:00+0200,0.0,MW,NL,NL,actual_onshore_wind_generation,Wind Onshore | Actual Consumption,2026-09-05T13:29:12Z
2026-09-05T13:27:38Z,2026-09-05T15:27:38+0200,6b664628-1305-42f6-8311-642f19c849c2,2026-09-01T19:30:00Z,2026-09-01T21:30:00+0200,96.373,MW,NL,NL,actual_onshore_wind_generation,Wind Onshore | Actual Aggregated,2026-09-05T13:29:12Z
2026-09-05T13:27:38Z,2026-09-05T15:27:38+0200,6b664628-1305-42f6-8311-642f19c849c2,2026-09-01T19:30:00Z,2026-09-01T21:30:00+0200,0.0,MW,NL,NL,actual_onshore_wind_generation,Wind Onshore | Actual Consumption,2026-09-05T13:29:12Z
2026-09-05T13:27:38Z,2026-09-05T15:27:38+0200,6b664628-1305-42f6-8311-642f19c849c2,2026-09-01T19:45:00Z,2026-09-01T21:45:00+0200,106.657,MW,NL,NL,actual_onshore_wind_generation,Wind Onshore | Actual Aggregated,2026-09-05T13:29:12Z
2026-09-05T13:27:38Z,2026-09-05T15:27:38+0200,6b664628-1305-42f6-8311-642f19c849c2,2026-09-01T19:45:00Z,2026-09-01T21:45:00+0200,0.0,MW,NL,NL,actual_onshore_wind_generation,Wind Onshore | Actual Consumption,2026-09-05T13:29:12Z
2026-09-05T13:27:38Z,2026-09-05T15:27:38+0200,6b664628-1305-42f6-8311-642f19c849c2,2026-09-01T20:00:00Z,2026-09-01T22:00:00+0200,116.927,MW,NL,NL,actual_onshore_wind_generation,Wind Onshore | Actual Aggregated,2026-09-05T13:29:12Z
2026-09-05T13:27:38Z,2026-09-05T15:27:38+0200,6b664628-1305-42f6-8311-642f19c849c2,2026-09-01T20:00:00Z,2026-09-01T22:00:00+0200,0.0,MW,NL,NL,actual_onshore_wind_generation,Wind Onshore | Actual Consumption,2026-09-05T13:29:12Z
2026-09-05T13:27:38Z,2026-09-05T15:27:38+0200,6b664628-1305-42f6-8311-642f19c849c2,2026-09-01T20:15:00Z,2026-09-01T22:15:00+0200,128.924,MW,NL,NL,actual_onshore_wind_generation,Wind Onshore | Actual Aggregated,2026-09-05T13:29:12Z
2026-09-05T13:27:38Z,2026-09-05T15:27:38+0200,6b664628-1305-42f6-8311-642f19c849c2,2026-09-01T20:15:00Z,2026-09-01T22:15:00+0200,0.0,MW,NL,NL,actual_onshore_wind_generation,Wind Onshore | Actual Consumption,2026-09-05T13:29:12Z
2026-09-05T13:27:38Z,2026-09-05T15:27:38+0200,6b664628-1305-42f6-8311-642f19c849c2,2026-09-01T20:30:00Z,2026-09-01T22:30:00+0200,134.581,MW,NL,NL,actual_onshore_wind_generation,Wind Onshore | Actual Aggregated,2026-09-05T13:29:12Z
2026-09-05T13:27:38Z,2026-09-05T15:27:38+0200,6b664628-1305-42f6-8311-642f19c849c2,2026-09-01T20:30:00Z,2026-09-01T22:30:00+0200,0.0,MW,NL,NL,actual_onshore_wind_generation,Wind Onshore | Actual Consumption,2026-09-05T13:29:12Z
2026-09-05T13:27:38Z,2026-09-05T15:27:38+0200,6b664628-1305-42f6-8311-642f19c849c2,2026-09-01T20:45:00Z,2026-09-01T22:45:00+0200,126.245,MW,NL,NL,actual_onshore_wind_generation,Wind Onshore | Actual Aggregated,2026-09-05T13:29:12Z
2026-09-05T13:27:38Z,2026-09-05T15:27:38+0200,6b664628-1305-42f6-8311-642f19c849c2,2026-09-01T20:45:00Z,2026-09-01T22:45:00+0200,0.0,MW,NL,NL,actual_onshore_wind_generation,Wind Onshore | Actual Consumption,2026-09-05T13:29:12Z
2026-09-05T13:27:38Z,2026-09-05T15:27:38+0200,6b664628-1305-42f6-8311-642f19c849c2,2026-09-01T21:00:00Z,2026-09-01T23:00:00+0200,116.132,MW,NL,NL,actual_onshore_wind_generation,Wind Onshore | Actual Aggregated,2026-09-05T13:29:12Z
2026-09-05T13:27:38Z,2026-09-05T15:27:38+0200,6b664628-1305-42f6-8311-642f19c849c2,2026-09-01T21:00:00Z,2026-09-01T23:00:00+0200,0.0,MW,NL,NL,actual_onshore_wind_generation,Wind Onshore | Actual Consumption,2026-09-05T13:29:12Z
2026-09-05T13:27:38Z,2026-09-05T15:27:38+0200,6b664628-1305-42f6-8311-642f19c849c2,2026-09-01T21:15:00Z,2026-09-01T23:15:00+0200,99.186,MW,NL,NL,actual_onshore_wind_generation,Wind Onshore | Actual Aggregated,2026-09-05T13:29:12Z
2026-09-05T13:27:38Z,2026-09-05T15:27:38+0200,6b664628-1305-42f6-8311-642f19c849c2,2026-09-01T21:15:00Z,2026-09-01T23:15:00+0200,0.0,MW,NL,NL,actual_onshore_wind_generation,Wind Onshore | Actual Consumption,2026-09-05T13:29:12Z
2026-09-05T13:27:38Z,2026-09-05T15:27:38+0200,6b664628-1305-42f6-8311-642f19c849c2,2026-09-01T21:30:00Z,2026-09-01T23:30:00+0200,83.848,MW,NL,NL,actual_onshore_wind_generation,Wind Onshore | Actual Aggregated,2026-09-05T13:29:12Z
2026-09-05T13:27:38Z,2026-09-05T15:27:38+0200,6b664628-1305-42f6-8311-642f19c849c2,2026-09-01T21:30:00Z,2026-09-01T23:30:00+0200,0.658,MW,NL,NL,actual_onshore_wind_generation,Wind Onshore | Actual Consumption,2026-09-05T13:29:12Z
2026-09-05T13:27:38Z,2026-09-05T15:27:38+0200,6b664628-1305-42f6-8311-642f19c849c2,2026-09-01T21:45:00Z,2026-09-01T23:45:00+0200,73.63,MW,NL,NL,actual_onshore_wind_generation,Wind Onshore | Actual Aggregated,2026-09-05T13:29:12Z
2026-09-05T13:27:38Z,2026-09-05T15:27:38+0200,6b664628-1305-42f6-8311-642f19c849c2,2026-09-01T21:45:00Z,2026-09-01T23:45:00+0200,0.436,MW,NL,NL,actual_onshore_wind_generation,Wind Onshore | Actual Consumption,2026-09-05T13:29:12Z
2026-09-05T13:27:38Z,2026-09-05T15:27:38+0200,6b664628-1305-42f6-8311-642f19c849c2,2026-09-01T22:00:00Z,2026-09-02T00:00:00+0200,73.601,MW,NL,NL,actual_onshore_wind_generation,Wind Onshore | Actual Aggregated,2026-09-05T13:29:12Z
2026-09-05T13:27:38Z,2026-09-05T15:27:38+0200,6b664628-1305-42f6-8311-642f19c849c2,2026-09-01T22:00:00Z,2026-09-02T00:00:00+0200,0.0,MW,NL,NL,actual_onshore_wind_generation,Wind Onshore | Actual Consumption,2026-09-05T13:29:12Z
2026-09-05T13:27:38Z,2026-09-05T15:27:38+0200,6b664628-1305-42f6-8311-642f19c849c2,2026-09-01T22:15:00Z,2026-09-02T00:15:00+0200,85.88,MW,NL,NL,actual_onshore_wind_generation,Wind Onshore | Actual Aggregated,2026-09-05T13:29:12Z
2026-09-05T13:27:38Z,2026-09-05T15:27:38+0200,6b664628-1305-42f6-8311-642f19c849c2,2026-09-01T22:15:00Z,2026-09-02T00:15:00+0200,0.0,MW,NL,NL,actual_onshore_wind_generation,Wind Onshore | Actual Consumption,2026-09-05T13:29:12Z
2026-09-05T13:27:38Z,2026-09-05T15:27:38+0200,6b664628-1305-42f6-8311-642f19c849c2,2026-09-01T22:30:00Z,2026-09-02T00:30:00+0200,84.843,MW,NL,NL,actual_onshore_wind_generation,Wind Onshore | Actual Aggregated,2026-09-05T13:29:12Z
2026-09-05T13:27:38Z,2026-09-05T15:27:38+0200,6b664628-1305-42f6-8311-642f19c849c2,2026-09-01T22:30:00Z,2026-09-02T00:30:00+0200,0.0,MW,NL,NL,actual_onshore_wind_generation,Wind Onshore | Actual Consumption,2026-09-05T13:29:12Z
2026-09-05T13:27:38Z,2026-09-05T15:27:38+0200,6b664628-1305-42f6-8311-642f19c849c2,2026-09-01T22:45:00Z,2026-09-02T00:45:00+0200,92.191,MW,NL,NL,actual_onshore_wind_generation,Wind Onshore | Actual Aggregated,2026-09-05T13:29:12Z
2026-09-05T13:27:38Z,2026-09-05T15:27:38+0200,6b664628-1305-42f6-8311-642f19c849c2,2026-09-01T22:45:00Z,2026-09-02T00:45:00+0200,0.0,MW,NL,NL,actual_onshore_wind_generation,Wind Onshore | Actual Consumption,2026-09-05T13:29:12Z
2026-09-05T13:27:38Z,2026-09-05T15:27:38+0200,6b664628-1305-42f6-8311-642f19c849c2,2026-09-01T23:00:00Z,2026-09-02T01:00:00+0200,100.607,MW,NL,NL,actual_onshore_wind_generation,Wind Onshore | Actual Aggregated,2026-09-05T13:29:12Z
2026-09-05T13:27:38Z,2026-09-05T15:27:38+0200,6b664628-1305-42f6-8311-642f19c849c2,2026-09-01T23:00:00Z,2026-09-02T01:00:00+0200,0.0,MW,NL,NL,actual_onshore_wind_generation,Wind Onshore | Actual Consumption,2026-09-05T13:29:12Z
2026-09-05T13:27:38Z,2026-09-05T15:27:38+0200,6b664628-1305-42f6-8311-642f19c849c2,2026-09-01T23:15:00Z,2026-09-02T01:15:00+0200,111.34,MW,NL,NL,actual_onshore_wind_generation,Wind Onshore | Actual Aggregated,2026-09-05T13:29:12Z
2026-09-05T13:27:38Z,2026-09-05T15:27:38+0200,6b664628-1305-42f6-8311-642f19c849c2,2026-09-01T23:15:00Z,2026-09-02T01:15:00+0200,0.0,MW,NL,NL,actual_onshore_wind_generation,Wind Onshore | Actual Consumption,2026-09-05T13:29:12Z
2026-09-05T13:27:38Z,2026-09-05T15:27:38+0200,6b664628-1305-42f6-8311-642f19c849c2,2026-09-01T23:30:00Z,2026-09-02T01:30:00+0200,120.408,MW,NL,NL,actual_onshore_wind_generation,Wind Onshore | Actual Aggregated,2026-09-05T13:29:12Z
2026-09-05T13:27:38Z,2026-09-05T15:27:38+0200,6b664628-1305-42f6-8311-642f19c849c2,2026-09-01T23:30:00Z,2026-09-02T01:30:00+0200,0.0,MW,NL,NL,actual_onshore_wind_generation,Wind Onshore | Actual Consumption,2026-09-05T13:29:12Z
2026-09-05T13:27:38Z,2026-09-05T15:27:38+0200,6b664628-1305-42f6-8311-642f19c849c2,2026-09-01T23:45:00Z,2026-09-02T01:45:00+0200,125.799,MW,NL,NL,actual_onshore_wind_generation,Wind Onshore | Actual Aggregated,2026-09-05T13:29:12Z
2026-09-05T13:27:38Z,2026-09-05T15:27:38+0200,6b664628-1305-42f6-8311-642f19c849c2,2026-09-01T23:45:00Z,2026-09-02T01:45:00+0200,0.0,MW,NL,NL,actual_onshore_wind_generation,Wind Onshore | Actual Consumption,2026-09-05T13:29:12Z
2026-09-05T13:27:38Z,2026-09-05T15:27:38+0200,6b664628-1305-42f6-8311-642f19c849c2,2026-09-02T00:00:00Z,2026-09-02T02:00:00+0200,138.394,MW,NL,NL,actual_onshore_wind_generation,Wind Onshore | Actual Aggregated,2026-09-05T13:29:12Z
2026-09-05T13:27:38Z,2026-09-05T15:27:38+0200,6b664628-1305-42f6-8311-642f19c849c2,2026-09-02T00:00:00Z,2026-09-02T02:00:00+0200,0.0,MW,NL,NL,actual_onshore_wind_generation,Wind Onshore | Actual Consumption,2026-09-05T13:29:12Z
2026-09-05T13:27:38Z,2026-09-05T15:27:38+0200,6b664628-1305-42f6-8311-642f19c849c2,2026-09-02T00:15:00Z,2026-09-02T02:15:00+0200,141.428,MW,NL,NL,actual_onshore_wind_generation,Wind Onshore | Actual Aggregated,2026-09-05T13:29:12Z
2026-09-05T13:27:38Z,2026-09-05T15:27:38+0200,6b664628-1305-42f6-8311-642f19c849c2,2026-09-02T00:15:00Z,2026-09-02T02:15:00+0200,0.0,MW,NL,NL,actual_onshore_wind_generation,Wind Onshore | Actual Consumption,2026-09-05T13:29:12Z
2026-09-05T13:27:38Z,2026-09-05T15:27:38+0200,6b664628-1305-42f6-8311-642f19c849c2,2026-09-02T00:30:00Z,2026-09-02T02:30:00+0200,142.065,MW,NL,NL,actual_onshore_wind_generation,Wind Onshore | Actual Aggregated,2026-09-05T13:29:12Z
2026-09-05T13:27:38Z,2026-09-05T15:27:38+0200,6b664628-1305-42f6-8311-642f19c849c2,2026-09-02T00:30:00Z,2026-09-02T02:30:00+0200,0.0,MW,NL,NL,actual_onshore_wind_generation,Wind Onshore | Actual Consumption,2026-09-05T13:29:12Z
2026-09-05T13:27:38Z,2026-09-05T15:27:38+0200,6b664628-1305-42f6-8311-642f19c849c2,2026-09-02T00:45:00Z,2026-09-02T02:45:00+0200,143.869,MW,NL,NL,actual_onshore_wind_generation,Wind Onshore | Actual Aggregated,2026-09-05T13:29:12Z
2026-09-05T13:27:38Z,2026-09-05T15:27:38+0200,6b664628-1305-42f6-8311-642f19c849c2,2026-09-02T00:45:00Z,2026-09-02T02:45:00+0200,0.0,MW,NL,NL,actual_onshore_wind_generation,Wind Onshore | Actual Consumption,2026-09-05T13:29:12Z
2026-09-05T13:27:38Z,2026-09-05T15:27:38+0200,6b664628-1305-42f6-8311-642f19c849c2,2026-09-02T01:00:00Z,2026-09-02T03:00:00+0200,166.632,MW,NL,NL,actual_onshore_wind_generation,Wind Onshore | Actual Aggregated,2026-09-05T13:29:12Z
2026-09-05T13:27:38Z,2026-09-05T15:27:38+0200,6b664628-1305-42f6-8311-642f19c849c2,2026-09-02T01:00:00Z,2026-09-02T03:00:00+0200,0.0,MW,NL,NL,actual_onshore_wind_generation,Wind Onshore | Actual Consumption,2026-09-05T13:29:12Z
2026-09-05T13:27:38Z,2026-09-05T15:27:38+0200,6b664628-1305-42f6-8311-642f19c849c2,2026-09-02T01:15:00Z,2026-09-02T03:15:00+0200,193.178,MW,NL,NL,actual_onshore_wind_generation,Wind Onshore | Actual Aggregated,2026-09-05T13:29:12Z
2026-09-05T13:27:38Z,2026-09-05T15:27:38+0200,6b664628-1305-42f6-8311-642f19c849c2,2026-09-02T01:15:00Z,2026-09-02T03:15:00+0200,0.0,MW,NL,NL,actual_onshore_wind_generation,Wind Onshore | Actual Consumption,2026-09-05T13:29:12Z
2026-09-05T13:27:38Z,2026-09-05T15:27:38+0200,6b664628-1305-42f6-8311-642f19c849c2,2026-09-02T01:30:00Z,2026-09-02T03:30:00+0200,203.045,MW,NL,NL,actual_onshore_wind_generation,Wind Onshore | Actual Aggregated,2026-09-05T13:29:12Z
2026-09-05T13:27:38Z,2026-09-05T15:27:38+0200,6b664628-1305-42f6-8311-642f19c849c2,2026-09-02T01:30:00Z,2026-09-02T03:30:00+0200,0.0,MW,NL,NL,actual_onshore_wind_generation,Wind Onshore | Actual Consumption,2026-09-05T13:29:12Z
2026-09-05T13:27:38Z,2026-09-05T15:27:38+0200,6b664628-1305-42f6-8311-642f19c849c2,2026-09-02T01:45:00Z,2026-09-02T03:45:00+0200,209.651,MW,NL,NL,actual_onshore_wind_generation,Wind Onshore | Actual Aggregated,2026-09-05T13:29:12Z
2026-09-05T13:27:38Z,2026-09-05T15:27:38+0200,6b664628-1305-42f6-8311-642f19c849c2,2026-09-02T01:45:00Z,2026-09-02T03:45:00+0200,0.0,MW,NL,NL,actual_onshore_wind_generation,Wind Onshore | Actual Consumption,2026-09-05T13:29:12Z
2026-09-05T13:27:38Z,2026-09-05T15:27:38+0200,6b664628-1305-42f6-8311-642f19c849c2,2026-09-02T02:00:00Z,2026-09-02T04:00:00+0200,204.593,MW,NL,NL,actual_onshore_wind_generation,Wind Onshore | Actual Aggregated,2026-09-05T13:29:12Z
2026-09-05T13:27:38Z,2026-09-05T15:27:38+0200,6b664628-1305-42f6-8311-642f19c849c2,2026-09-02T02:00:00Z,2026-09-02T04:00:00+0200,0.0,MW,NL,NL,actual_onshore_wind_generation,Wind Onshore | Actual Consumption,2026-09-05T13:29:12Z
2026-09-05T13:27:38Z,2026-09-05T15:27:38+0200,6b664628-1305-42f6-8311-642f19c849c2,2026-09-02T02:15:00Z,2026-09-02T04:15:00+0200,199.244,MW,NL,NL,actual_onshore_wind_generation,Wind Onshore | Actual Aggregated,2026-09-05T13:29:12Z
2026-09-05T13:27:38Z,2026-09-05T15:27:38+0200,6b664628-1305-42f6-8311-642f19c849c2,2026-09-02T02:15:00Z,2026-09-02T04:15:00+0200,0.0,MW,NL,NL,actual_onshore_wind_generation,Wind Onshore | Actual Consumption,2026-09-05T13:29:12Z
2026-09-05T13:27:38Z,2026-09-05T15:27:38+0200,6b664628-1305-42f6-8311-642f19c849c2,2026-09-02T02:30:00Z,2026-09-02T04:30:00+0200,191.567,MW,NL,NL,actual_onshore_wind_generation,Wind Onshore | Actual Aggregated,2026-09-05T13:29:12Z
2026-09-05T13:27:38Z,2026-09-05T15:27:38+0200,6b664628-1305-42f6-8311-642f19c849c2,2026-09-02T02:30:00Z,2026-09-02T04:30:00+0200,0.0,MW,NL,NL,actual_onshore_wind_generation,Wind Onshore | Actual Consumption,2026-09-05T13:29:12Z
2026-09-05T13:27:38Z,2026-09-05T15:27:38+0200,6b664628-1305-42f6-8311-642f19c849c2,2026-09-02T02:45:00Z,2026-09-02T04:45:00+0200,191.875,MW,NL,NL,actual_onshore_wind_generation,Wind Onshore | Actual Aggregated,2026-09-05T13:29:12Z
2026-09-05T13:27:38Z,2026-09-05T15:27:38+0200,6b664628-1305-42f6-8311-642f19c849c2,2026-09-02T02:45:00Z,2026-09-02T04:45:00+0200,0.0,MW,NL,NL,actual_onshore_wind_generation,Wind Onshore | Actual Consumption,2026-09-05T13:29:12Z
2026-09-05T13:27:38Z,2026-09-05T15:27:38+0200,6b664628-1305-42f6-8311-642f19c849c2,2026-09-02T03:00:00Z,2026-09-02T05:00:00+0200,190.676,MW,NL,NL,actual_onshore_wind_generation,Wind Onshore | Actual Aggregated,2026-09-05T13:29:12Z
2026-09-05T13:27:38Z,2026-09-05T15:27:38+0200,6b664628-1305-42f6-8311-642f19c849c2,2026-09-02T03:00:00Z,2026-09-02T05:00:00+0200,0.0,MW,NL,NL,actual_onshore_wind_generation,Wind Onshore | Actual Consumption,2026-09-05T13:29:12Z
2026-09-05T13:27:38Z,2026-09-05T15:27:38+0200,6b664628-1305-42f6-8311-642f19c849c2,2026-09-02T03:15:00Z,2026-09-02T05:15:00+0200,208.038,MW,NL,NL,actual_onshore_wind_generation,Wind Onshore | Actual Aggregated,2026-09-05T13:29:12Z
2026-09-05T13:27:38Z,2026-09-05T15:27:38+0200,6b664628-1305-42f6-8311-642f19c849c2,2026-09-02T03:15:00Z,2026-09-02T05:15:00+0200,0.0,MW,NL,NL,actual_onshore_wind_generation,Wind Onshore | Actual Consumption,2026-09-05T13:29:12Z
2026-09-05T13:27:38Z,2026-09-05T15:27:38+0200,6b664628-1305-42f6-8311-642f19c849c2,2026-09-02T03:30:00Z,2026-09-02T05:30:00+0200,185.981,MW,NL,NL,actual_onshore_wind_generation,Wind Onshore | Actual Aggregated,2026-09-05T13:29:12Z
2026-09-05T13:27:38Z,2026-09-05T15:27:38+0200,6b664628-1305-42f6-8311-642f19c849c2,2026-09-02T03:30:00Z,2026-09-02T05:30:00+0200,0.0,MW,NL,NL,actual_onshore_wind_generation,Wind Onshore | Actual Consumption,2026-09-05T13:29:12Z
2026-09-05T13:27:38Z,2026-09-05T15:27:38+0200,6b664628-1305-42f6-8311-642f19c849c2,2026-09-02T03:45:00Z,2026-09-02T05:45:00+0200,178.583,MW,NL,NL,actual_onshore_wind_generation,Wind Onshore | Actual Aggregated,2026-09-05T13:29:12Z
2026-09-05T13:27:38Z,2026-09-05T15:27:38+0200,6b664628-1305-42f6-8311-642f19c849c2,2026-09-02T03:45:00Z,2026-09-02T05:45:00+0200,0.0,MW,NL,NL,actual_onshore_wind_generation,Wind Onshore | Actual Consumption,2026-09-05T13:29:12Z
2026-09-05T13:27:38Z,2026-09-05T15:27:38+0200,6b664628-1305-42f6-8311-642f19c849c2,2026-09-02T04:00:00Z,2026-09-02T06:00:00+0200,169.59,MW,NL,NL,actual_onshore_wind_generation,Wind Onshore | Actual Aggregated,2026-09-05T13:29:12Z
2026-09-05T13:27:38Z,2026-09-05T15:27:38+0200,6b664628-1305-42f6-8311-642f19c849c2,2026-09-02T04:00:00Z,2026-09-02T06:00:00+0200,0.0,MW,NL,NL,actual_onshore_wind_generation,Wind Onshore | Actual Consumption,2026-09-05T13:29:12Z
2026-09-05T13:27:38Z,2026-09-05T15:27:38+0200,6b664628-1305-42f6-8311-642f19c849c2,2026-09-02T04:15:00Z,2026-09-02T06:15:00+0200,172.456,MW,NL,NL,actual_onshore_wind_generation,Wind Onshore | Actual Aggregated,2026-09-05T13:29:12Z
2026-09-05T13:27:38Z,2026-09-05T15:27:38+0200,6b664628-1305-42f6-8311-642f19c849c2,2026-09-02T04:15:00Z,2026-09-02T06:15:00+0200,0.0,MW,NL,NL,actual_onshore_wind_generation,Wind Onshore | Actual Consumption,2026-09-05T13:29:12Z
2026-09-05T13:27:38Z,2026-09-05T15:27:38+0200,6b664628-1305-42f6-8311-642f19c849c2,2026-09-02T04:30:00Z,2026-09-02T06:30:00+0200,172.684,MW,NL,NL,actual_onshore_wind_generation,Wind Onshore | Actual Aggregated,2026-09-05T13:29:12Z
2026-09-05T13:27:38Z,2026-09-05T15:27:38+0200,6b664628-1305-42f6-8311-642f19c849c2,2026-09-02T04:30:00Z,2026-09-02T06:30:00+0200,0.0,MW,NL,NL,actual_onshore_wind_generation,Wind Onshore | Actual Consumption,2026-09-05T13:29:12Z
2026-09-05T13:27:38Z,2026-09-05T15:27:38+0200,6b664628-1305-42f6-8311-642f19c849c2,2026-09-02T04:45:00Z,2026-09-02T06:45:00+0200,172.837,MW,NL,NL,actual_onshore_wind_generation,Wind Onshore | Actual Aggregated,2026-09-05T13:29:12Z
2026-09-05T13:27:38Z,2026-09-05T15:27:38+0200,6b664628-1305-42f6-8311-642f19c849c2,2026-09-02T04:45:00Z,2026-09-02T06:45:00+0200,0.0,MW,NL,NL,actual_onshore_wind_generation,Wind Onshore | Actual Consumption,2026-09-05T13:29:12Z
2026-09-05T13:27:38Z,2026-09-05T15:27:38+0200,6b664628-1305-42f6-8311-642f19c849c2,2026-09-02T05:00:00Z,2026-09-02T07:00:00+0200,179.937,MW,NL,NL,actual_onshore_wind_generation,Wind Onshore | Actual Aggregated,2026-09-05T13:29:12Z
2026-09-05T13:27:38Z,2026-09-05T15:27:38+0200,6b664628-1305-42f6-8311-642f19c849c2,2026-09-02T05:00:00Z,2026-09-02T07:00:00+0200,0.53,MW,NL,NL,actual_onshore_wind_generation,Wind Onshore | Actual Consumption,2026-09-05T13:29:12Z
2026-09-05T13:27:38Z,2026-09-05T15:27:38+0200,6b664628-1305-42f6-8311-642f19c849c2,2026-09-02T05:15:00Z,2026-09-02T07:15:00+0200,162.585,MW,NL,NL,actual_onshore_wind_generation,Wind Onshore | Actual Aggregated,2026-09-05T13:29:12Z
2026-09-05T13:27:38Z,2026-09-05T15:27:38+0200,6b664628-1305-42f6-8311-642f19c849c2,2026-09-02T05:15:00Z,2026-09-02T07:15:00+0200,0.096,MW,NL,NL,actual_onshore_wind_generation,Wind Onshore | Actual Consumption,2026-09-05T13:29:12Z
2026-09-05T13:27:38Z,2026-09-05T15:27:38+0200,6b664628-1305-42f6-8311-642f19c849c2,2026-09-02T05:30:00Z,2026-09-02T07:30:00+0200,166.591,MW,NL,NL,actual_onshore_wind_generation,Wind Onshore | Actual Aggregated,2026-09-05T13:29:12Z
2026-09-05T13:27:38Z,2026-09-05T15:27:38+0200,6b664628-1305-42f6-8311-642f19c849c2,2026-09-02T05:30:00Z,2026-09-02T07:30:00+0200,0.009,MW,NL,NL,actual_onshore_wind_generation,Wind Onshore | Actual Consumption,2026-09-05T13:29:12Z
2026-09-05T13:27:38Z,2026-09-05T15:27:38+0200,6b664628-1305-42f6-8311-642f19c849c2,2026-09-02T05:45:00Z,2026-09-02T07:45:00+0200,161.715,MW,NL,NL,actual_onshore_wind_generation,Wind Onshore | Actual Aggregated,2026-09-05T13:29:12Z
2026-09-05T13:27:38Z,2026-09-05T15:27:38+0200,6b664628-1305-42f6-8311-642f19c849c2,2026-09-02T05:45:00Z,2026-09-02T07:45:00+0200,0.009,MW,NL,NL,actual_onshore_wind_generation,Wind Onshore | Actual Consumption,2026-09-05T13:29:12Z
2026-09-05T13:27:38Z,2026-09-05T15:27:38+0200,6b664628-1305-42f6-8311-642f19c849c2,2026-09-02T06:00:00Z,2026-09-02T08:00:00+0200,149.201,MW,NL,NL,actual_onshore_wind_generation,Wind Onshore | Actual Aggregated,2026-09-05T13:29:12Z
2026-09-05T13:27:38Z,2026-09-05T15:27:38+0200,6b664628-1305-42f6-8311-642f19c849c2,2026-09-02T06:00:00Z,2026-09-02T08:00:00+0200,0.009,MW,NL,NL,actual_onshore_wind_generation,Wind Onshore | Actual Consumption,2026-09-05T13:29:12Z
2026-09-05T13:27:38Z,2026-09-05T15:27:38+0200,6b664628-1305-42f6-8311-642f19c849c2,2026-09-02T06:15:00Z,2026-09-02T08:15:00+0200,144.843,MW,NL,NL,actual_onshore_wind_generation,Wind Onshore | Actual Aggregated,2026-09-05T13:29:12Z
2026-09-05T13:27:38Z,2026-09-05T15:27:38+0200,6b664628-1305-42f6-8311-642f19c849c2,2026-09-02T06:15:00Z,2026-09-02T08:15:00+0200,0.009,MW,NL,NL,actual_onshore_wind_generation,Wind Onshore | Actual Consumption,2026-09-05T13:29:12Z
2026-09-05T13:27:38Z,2026-09-05T15:27:38+0200,6b664628-1305-42f6-8311-642f19c849c2,2026-09-02T06:30:00Z,2026-09-02T08:30:00+0200,142.603,MW,NL,NL,actual_onshore_wind_generation,Wind Onshore | Actual Aggregated,2026-09-05T13:29:12Z
2026-09-05T13:27:38Z,2026-09-05T15:27:38+0200,6b664628-1305-42f6-8311-642f19c849c2,2026-09-02T06:30:00Z,2026-09-02T08:30:00+0200,0.009,MW,NL,NL,actual_onshore_wind_generation,Wind Onshore | Actual Consumption,2026-09-05T13:29:12Z
2026-09-05T13:27:38Z,2026-09-05T15:27:38+0200,6b664628-1305-42f6-8311-642f19c849c2,2026-09-02T06:45:00Z,2026-09-02T08:45:00+0200,134.012,MW,NL,NL,actual_onshore_wind_generation,Wind Onshore | Actual Aggregated,2026-09-05T13:29:12Z
2026-09-05T13:27:38Z,2026-09-05T15:27:38+0200,6b664628-1305-42f6-8311-642f19c849c2,2026-09-02T06:45:00Z,2026-09-02T08:45:00+0200,0.009,MW,NL,NL,actual_onshore_wind_generation,Wind Onshore | Actual Consumption,2026-09-05T13:29:12Z
2026-09-05T13:27:38Z,2026-09-05T15:27:38+0200,6b664628-1305-42f6-8311-642f19c849c2,2026-09-02T07:00:00Z,2026-09-02T09:00:00+0200,80.053,MW,NL,NL,actual_onshore_wind_generation,Wind Onshore | Actual Aggregated,2026-09-05T13:29:12Z
2026-09-05T13:27:38Z,2026-09-05T15:27:38+0200,6b664628-1305-42f6-8311-642f19c849c2,2026-09-02T07:00:00Z,2026-09-02T09:00:00+0200,0.009,MW,NL,NL,actual_onshore_wind_generation,Wind Onshore | Actual Consumption,2026-09-05T13:29:12Z
2026-09-05T13:27:38Z,2026-09-05T15:27:38+0200,6b664628-1305-42f6-8311-642f19c849c2,2026-09-02T07:15:00Z,2026-09-02T09:15:00+0200,76.857,MW,NL,NL,actual_onshore_wind_generation,Wind Onshore | Actual Aggregated,2026-09-05T13:29:12Z
2026-09-05T13:27:38Z,2026-09-05T15:27:38+0200,6b664628-1305-42f6-8311-642f19c849c2,2026-09-02T07:15:00Z,2026-09-02T09:15:00+0200,0.009,MW,NL,NL,actual_onshore_wind_generation,Wind Onshore | Actual Consumption,2026-09-05T13:29:12Z
2026-09-05T13:27:38Z,2026-09-05T15:27:38+0200,6b664628-1305-42f6-8311-642f19c849c2,2026-09-02T07:30:00Z,2026-09-02T09:30:00+0200,80.385,MW,NL,NL,actual_onshore_wind_generation,Wind Onshore | Actual Aggregated,2026-09-05T13:29:12Z
2026-09-05T13:27:38Z,2026-09-05T15:27:38+0200,6b664628-1305-42f6-8311-642f19c849c2,2026-09-02T07:30:00Z,2026-09-02T09:30:00+0200,0.009,MW,NL,NL,actual_onshore_wind_generation,Wind Onshore | Actual Consumption,2026-09-05T13:29:12Z
2026-09-05T13:27:38Z,2026-09-05T15:27:38+0200,6b664628-1305-42f6-8311-642f19c849c2,2026-09-02T07:45:00Z,2026-09-02T09:45:00+0200,85.977,MW,NL,NL,actual_onshore_wind_generation,Wind Onshore | Actual Aggregated,2026-09-05T13:29:12Z
2026-09-05T13:27:38Z,2026-09-05T15:27:38+0200,6b664628-1305-42f6-8311-642f19c849c2,2026-09-02T07:45:00Z,2026-09-02T09:45:00+0200,0.009,MW,NL,NL,actual_onshore_wind_generation,Wind Onshore | Actual Consumption,2026-09-05T13:29:12Z
2026-09-05T13:27:38Z,2026-09-05T15:27:38+0200,6b664628-1305-42f6-8311-642f19c849c2,2026-09-02T08:00:00Z,2026-09-02T10:00:00+0200,82.018,MW,NL,NL,actual_onshore_wind_generation,Wind Onshore | Actual Aggregated,2026-09-05T13:29:12Z
2026-09-05T13:27:38Z,2026-09-05T15:27:38+0200,6b664628-1305-42f6-8311-642f19c849c2,2026-09-02T08:00:00Z,2026-09-02T10:00:00+0200,0.009,MW,NL,NL,actual_onshore_wind_generation,Wind Onshore | Actual Consumption,2026-09-05T13:29:12Z
2026-09-05T13:27:38Z,2026-09-05T15:27:38+0200,6b664628-1305-42f6-8311-642f19c849c2,2026-09-02T08:15:00Z,2026-09-02T10:15:00+0200,81.258,MW,NL,NL,actual_onshore_wind_generation,Wind Onshore | Actual Aggregated,2026-09-05T13:29:12Z
2026-09-05T13:27:38Z,2026-09-05T15:27:38+0200,6b664628-1305-42f6-8311-642f19c849c2,2026-09-02T08:15:00Z,2026-09-02T10:15:00+0200,0.009,MW,NL,NL,actual_onshore_wind_generation,Wind Onshore | Actual Consumption,2026-09-05T13:29:12Z
2026-09-05T13:27:38Z,2026-09-05T15:27:38+0200,6b664628-1305-42f6-8311-642f19c849c2,2026-09-02T08:30:00Z,2026-09-02T10:30:00+0200,94.426,MW,NL,NL,actual_onshore_wind_generation,Wind Onshore | Actual Aggregated,2026-09-05T13:29:12Z
2026-09-05T13:27:38Z,2026-09-05T15:27:38+0200,6b664628-1305-42f6-8311-642f19c849c2,2026-09-02T08:30:00Z,2026-09-02T10:30:00+0200,0.009,MW,NL,NL,actual_onshore_wind_generation,Wind Onshore | Actual Consumption,2026-09-05T13:29:12Z
2026-09-05T13:27:38Z,2026-09-05T15:27:38+0200,6b664628-1305-42f6-8311-642f19c849c2,2026-09-02T08:45:00Z,2026-09-02T10:45:00+0200,95.169,MW,NL,NL,actual_onshore_wind_generation,Wind Onshore | Actual Aggregated,2026-09-05T13:29:12Z
2026-09-05T13:27:38Z,2026-09-05T15:27:38+0200,6b664628-1305-42f6-8311-642f19c849c2,2026-09-02T08:45:00Z,2026-09-02T10:45:00+0200,0.095,MW,NL,NL,actual_onshore_wind_generation,Wind Onshore | Actual Consumption,2026-09-05T13:29:12Z
2026-09-05T13:27:38Z,2026-09-05T15:27:38+0200,6b664628-1305-42f6-8311-642f19c849c2,2026-09-02T09:00:00Z,2026-09-02T11:00:00+0200,93.709,MW,NL,NL,actual_onshore_wind_generation,Wind Onshore | Actual Aggregated,2026-09-05T13:29:12Z
2026-09-05T13:27:38Z,2026-09-05T15:27:38+0200,6b664628-1305-42f6-8311-642f19c849c2,2026-09-02T09:00:00Z,2026-09-02T11:00:00+0200,0.054,MW,NL,NL,actual_onshore_wind_generation,Wind Onshore | Actual Consumption,2026-09-05T13:29:12Z
2026-09-05T13:27:38Z,2026-09-05T15:27:38+0200,6b664628-1305-42f6-8311-642f19c849c2,2026-09-02T09:15:00Z,2026-09-02T11:15:00+0200,85.662,MW,NL,NL,actual_onshore_wind_generation,Wind Onshore | Actual Aggregated,2026-09-05T13:29:12Z
2026-09-05T13:27:38Z,2026-09-05T15:27:38+0200,6b664628-1305-42f6-8311-642f19c849c2,2026-09-02T09:15:00Z,2026-09-02T11:15:00+0200,0.011,MW,NL,NL,actual_onshore_wind_generation,Wind Onshore | Actual Consumption,2026-09-05T13:29:12Z
2026-09-05T13:27:38Z,2026-09-05T15:27:38+0200,6b664628-1305-42f6-8311-642f19c849c2,2026-09-02T09:30:00Z,2026-09-02T11:30:00+0200,93.767,MW,NL,NL,actual_onshore_wind_generation,Wind Onshore | Actual Aggregated,2026-09-05T13:29:12Z
2026-09-05T13:27:38Z,2026-09-05T15:27:38+0200,6b664628-1305-42f6-8311-642f19c849c2,2026-09-02T09:30:00Z,2026-09-02T11:30:00+0200,0.009,MW,NL,NL,actual_onshore_wind_generation,Wind Onshore | Actual Consumption,2026-09-05T13:29:12Z
2026-09-05T13:27:38Z,2026-09-05T15:27:38+0200,6b664628-1305-42f6-8311-642f19c849c2,2026-09-02T09:45:00Z,2026-09-02T11:45:00+0200,111.933,MW,NL,NL,actual_onshore_wind_generation,Wind Onshore | Actual Aggregated,2026-09-05T13:29:12Z
2026-09-05T13:27:38Z,2026-09-05T15:27:38+0200,6b664628-1305-42f6-8311-642f19c849c2,2026-09-02T09:45:00Z,2026-09-02T11:45:00+0200,0.009,MW,NL,NL,actual_onshore_wind_generation,Wind Onshore | Actual Consumption,2026-09-05T13:29:12Z
2026-09-05T13:27:38Z,2026-09-05T15:27:38+0200,6b664628-1305-42f6-8311-642f19c849c2,2026-09-02T10:00:00Z,2026-09-02T12:00:00+0200,120.089,MW,NL,NL,actual_onshore_wind_generation,Wind Onshore | Actual Aggregated,2026-09-05T13:29:12Z
2026-09-05T13:27:38Z,2026-09-05T15:27:38+0200,6b664628-1305-42f6-8311-642f19c849c2,2026-09-02T10:00:00Z,2026-09-02T12:00:00+0200,0.009,MW,NL,NL,actual_onshore_wind_generation,Wind Onshore | Actual Consumption,2026-09-05T13:29:12Z
2026-09-05T13:27:38Z,2026-09-05T15:27:38+0200,6b664628-1305-42f6-8311-642f19c849c2,2026-09-02T10:15:00Z,2026-09-02T12:15:00+0200,133.658,MW,NL,NL,actual_onshore_wind_generation,Wind Onshore | Actual Aggregated,2026-09-05T13:29:12Z
2026-09-05T13:27:38Z,2026-09-05T15:27:38+0200,6b664628-1305-42f6-8311-642f19c849c2,2026-09-02T10:15:00Z,2026-09-02T12:15:00+0200,0.009,MW,NL,NL,actual_onshore_wind_generation,Wind Onshore | Actual Consumption,2026-09-05T13:29:12Z
2026-09-05T13:27:38Z,2026-09-05T15:27:38+0200,6b664628-1305-42f6-8311-642f19c849c2,2026-09-02T10:30:00Z,2026-09-02T12:30:00+0200,150.857,MW,NL,NL,actual_onshore_wind_generation,Wind Onshore | Actual Aggregated,2026-09-05T13:29:12Z
2026-09-05T13:27:38Z,2026-09-05T15:27:38+0200,6b664628-1305-42f6-8311-642f19c849c2,2026-09-02T10:30:00Z,2026-09-02T12:30:00+0200,0.009,MW,NL,NL,actual_onshore_wind_generation,Wind Onshore | Actual Consumption,2026-09-05T13:29:12Z
2026-09-05T13:27:38Z,2026-09-05T15:27:38+0200,6b664628-1305-42f6-8311-642f19c849c2,2026-09-02T10:45:00Z,2026-09-02T12:45:00+0200,159.157,MW,NL,NL,actual_onshore_wind_generation,Wind Onshore | Actual Aggregated,2026-09-05T13:29:12Z
2026-09-05T13:27:38Z,2026-09-05T15:27:38+0200,6b664628-1305-42f6-8311-642f19c849c2,2026-09-02T10:45:00Z,2026-09-02T12:45:00+0200,0.009,MW,NL,NL,actual_onshore_wind_generation,Wind Onshore | Actual Consumption,2026-09-05T13:29:12Z
2026-09-05T13:27:38Z,2026-09-05T15:27:38+0200,6b664628-1305-42f6-8311-642f19c849c2,2026-09-02T11:00:00Z,2026-09-02T13:00:00+0200,151.26,MW,NL,NL,actual_onshore_wind_generation,Wind Onshore | Actual Aggregated,2026-09-05T13:29:12Z
2026-09-05T13:27:38Z,2026-09-05T15:27:38+0200,6b664628-1305-42f6-8311-642f19c849c2,2026-09-02T11:00:00Z,2026-09-02T13:00:00+0200,0.009,MW,NL,NL,actual_onshore_wind_generation,Wind Onshore | Actual Consumption,2026-09-05T13:29:12Z
2026-09-05T13:27:38Z,2026-09-05T15:27:38+0200,6b664628-1305-42f6-8311-642f19c849c2,2026-09-02T11:15:00Z,2026-09-02T13:15:00+0200,144.465,MW,NL,NL,actual_onshore_wind_generation,Wind Onshore | Actual Aggregated,2026-09-05T13:29:12Z
2026-09-05T13:27:38Z,2026-09-05T15:27:38+0200,6b664628-1305-42f6-8311-642f19c849c2,2026-09-02T11:15:00Z,2026-09-02T13:15:00+0200,0.009,MW,NL,NL,actual_onshore_wind_generation,Wind Onshore | Actual Consumption,2026-09-05T13:29:12Z
2026-09-05T13:27:38Z,2026-09-05T15:27:38+0200,6b664628-1305-42f6-8311-642f19c849c2,2026-09-02T11:30:00Z,2026-09-02T13:30:00+0200,168.772,MW,NL,NL,actual_onshore_wind_generation,Wind Onshore | Actual Aggregated,2026-09-05T13:29:12Z
2026-09-05T13:27:38Z,2026-09-05T15:27:38+0200,6b664628-1305-42f6-8311-642f19c849c2,2026-09-02T11:30:00Z,2026-09-02T13:30:00+0200,0.009,MW,NL,NL,actual_onshore_wind_generation,Wind Onshore | Actual Consumption,2026-09-05T13:29:12Z
2026-09-05T13:27:38Z,2026-09-05T15:27:38+0200,6b664628-1305-42f6-8311-642f19c849c2,2026-09-02T11:45:00Z,2026-09-02T13:45:00+0200,131.368,MW,NL,NL,actual_onshore_wind_generation,Wind Onshore | Actual Aggregated,2026-09-05T13:29:12Z
2026-09-05T13:27:38Z,2026-09-05T15:27:38+0200,6b664628-1305-42f6-8311-642f19c849c2,2026-09-02T11:45:00Z,2026-09-02T13:45:00+0200,0.009,MW,NL,NL,actual_onshore_wind_generation,Wind Onshore | Actual Consumption,2026-09-05T13:29:12Z
2026-09-05T13:27:38Z,2026-09-05T15:27:38+0200,6b664628-1305-42f6-8311-642f19c849c2,2026-09-02T12:00:00Z,2026-09-02T14:00:00+0200,110.968,MW,NL,NL,actual_onshore_wind_generation,Wind Onshore | Actual Aggregated,2026-09-05T13:29:12Z
2026-09-05T13:27:38Z,2026-09-05T15:27:38+0200,6b664628-1305-42f6-8311-642f19c849c2,2026-09-02T12:00:00Z,2026-09-02T14:00:00+0200,0.703,MW,NL,NL,actual_onshore_wind_generation,Wind Onshore | Actual Consumption,2026-09-05T13:29:12Z
2026-09-05T13:27:38Z,2026-09-05T15:27:38+0200,6b664628-1305-42f6-8311-642f19c849c2,2026-09-02T12:15:00Z,2026-09-02T14:15:00+0200,188.321,MW,NL,NL,actual_onshore_wind_generation,Wind Onshore | Actual Aggregated,2026-09-05T13:29:12Z
2026-09-05T13:27:38Z,2026-09-05T15:27:38+0200,6b664628-1305-42f6-8311-642f19c849c2,2026-09-02T12:15:00Z,2026-09-02T14:15:00+0200,1.149,MW,NL,NL,actual_onshore_wind_generation,Wind Onshore | Actual Consumption,2026-09-05T13:29:12Z
2026-09-05T13:27:38Z,2026-09-05T15:27:38+0200,6b664628-1305-42f6-8311-642f19c849c2,2026-09-02T12:30:00Z,2026-09-02T14:30:00+0200,201.404,MW,NL,NL,actual_onshore_wind_generation,Wind Onshore | Actual Aggregated,2026-09-05T13:29:12Z
2026-09-05T13:27:38Z,2026-09-05T15:27:38+0200,6b664628-1305-42f6-8311-642f19c849c2,2026-09-02T12:30:00Z,2026-09-02T14:30:00+0200,1.348,MW,NL,NL,actual_onshore_wind_generation,Wind Onshore | Actual Consumption,2026-09-05T13:29:12Z
2026-09-05T13:27:38Z,2026-09-05T15:27:38+0200,6b664628-1305-42f6-8311-642f19c849c2,2026-09-02T12:45:00Z,2026-09-02T14:45:00+0200,143.301,MW,NL,NL,actual_onshore_wind_generation,Wind Onshore | Actual Aggregated,2026-09-05T13:29:12Z
2026-09-05T13:27:38Z,2026-09-05T15:27:38+0200,6b664628-1305-42f6-8311-642f19c849c2,2026-09-02T12:45:00Z,2026-09-02T14:45:00+0200,1.329,MW,NL,NL,actual_onshore_wind_generation,Wind Onshore | Actual Consumption,2026-09-05T13:29:12Z
2026-09-05T13:27:38Z,2026-09-05T15:27:38+0200,6b664628-1305-42f6-8311-642f19c849c2,2026-09-02T13:00:00Z,2026-09-02T15:00:00+0200,156.498,MW,NL,NL,actual_onshore_wind_generation,Wind Onshore | Actual Aggregated,2026-09-05T13:29:12Z
2026-09-05T13:27:38Z,2026-09-05T15:27:38+0200,6b664628-1305-42f6-8311-642f19c849c2,2026-09-02T13:00:00Z,2026-09-02T15:00:00+0200,0.0,MW,NL,NL,actual_onshore_wind_generation,Wind Onshore | Actual Consumption,2026-09-05T13:29:12Z
2026-09-05T13:27:38Z,2026-09-05T15:27:38+0200,6b664628-1305-42f6-8311-642f19c849c2,2026-09-02T13:15:00Z,2026-09-02T15:15:00+0200,145.843,MW,NL,NL,actual_onshore_wind_generation,Wind Onshore | Actual Aggregated,2026-09-05T13:29:12Z
2026-09-05T13:27:38Z,2026-09-05T15:27:38+0200,6b664628-1305-42f6-8311-642f19c849c2,2026-09-02T13:15:00Z,2026-09-02T15:15:00+0200,0.0,MW,NL,NL,actual_onshore_wind_generation,Wind Onshore | Actual Consumption,2026-09-05T13:29:12Z
2026-09-05T13:27:38Z,2026-09-05T15:27:38+0200,6b664628-1305-42f6-8311-642f19c849c2,2026-09-02T13:30:00Z,2026-09-02T15:30:00+0200,124.725,MW,NL,NL,actual_onshore_wind_generation,Wind Onshore | Actual Aggregated,2026-09-05T13:29:12Z
2026-09-05T13:27:38Z,2026-09-05T15:27:38+0200,6b664628-1305-42f6-8311-642f19c849c2,2026-09-02T13:30:00Z,2026-09-02T15:30:00+0200,0.0,MW,NL,NL,actual_onshore_wind_generation,Wind Onshore | Actual Consumption,2026-09-05T13:29:12Z
2026-09-05T13:27:38Z,2026-09-05T15:27:38+0200,6b664628-1305-42f6-8311-642f19c849c2,2026-09-02T13:45:00Z,2026-09-02T15:45:00+0200,133.724,MW,NL,NL,actual_onshore_wind_generation,Wind Onshore | Actual Aggregated,2026-09-05T13:29:12Z
2026-09-05T13:27:38Z,2026-09-05T15:27:38+0200,6b664628-1305-42f6-8311-642f19c849c2,2026-09-02T13:45:00Z,2026-09-02T15:45:00+0200,0.0,MW,NL,NL,actual_onshore_wind_generation,Wind Onshore | Actual Consumption,2026-09-05T13:29:12Z
2026-09-05T13:27:38Z,2026-09-05T15:27:38+0200,6b664628-1305-42f6-8311-642f19c849c2,2026-09-02T14:00:00Z,2026-09-02T16:00:00+0200,200.576,MW,NL,NL,actual_onshore_wind_generation,Wind Onshore | Actual Aggregated,2026-09-05T13:29:12Z
2026-09-05T13:27:38Z,2026-09-05T15:27:38+0200,6b664628-1305-42f6-8311-642f19c849c2,2026-09-02T14:00:00Z,2026-09-02T16:00:00+0200,0.0,MW,NL,NL,actual_onshore_wind_generation,Wind Onshore | Actual Consumption,2026-09-05T13:29:12Z
2026-09-05T13:27:38Z,2026-09-05T15:27:38+0200,6b664628-1305-42f6-8311-642f19c849c2,2026-09-02T14:15:00Z,2026-09-02T16:15:00+0200,215.638,MW,NL,NL,actual_onshore_wind_generation,Wind Onshore | Actual Aggregated,2026-09-05T13:29:12Z
2026-09-05T13:27:38Z,2026-09-05T15:27:38+0200,6b664628-1305-42f6-8311-642f19c849c2,2026-09-02T14:15:00Z,2026-09-02T16:15:00+0200,0.0,MW,NL,NL,actual_onshore_wind_generation,Wind Onshore | Actual Consumption,2026-09-05T13:29:12Z
2026-09-05T13:27:38Z,2026-09-05T15:27:38+0200,6b664628-1305-42f6-8311-642f19c849c2,2026-09-02T14:30:00Z,2026-09-02T16:30:00+0200,200.114,MW,NL,NL,actual_onshore_wind_generation,Wind Onshore | Actual Aggregated,2026-09-05T13:29:12Z
2026-09-05T13:27:38Z,2026-09-05T15:27:38+0200,6b664628-1305-42f6-8311-642f19c849c2,2026-09-02T14:30:00Z,2026-09-02T16:30:00+0200,0.0,MW,NL,NL,actual_onshore_wind_generation,Wind Onshore | Actual Consumption,2026-09-05T13:29:12Z
2026-09-05T13:27:38Z,2026-09-05T15:27:38+0200,6b664628-1305-42f6-8311-642f19c849c2,2026-09-02T14:45:00Z,2026-09-02T16:45:00+0200,203.892,MW,NL,NL,actual_onshore_wind_generation,Wind Onshore | Actual Aggregated,2026-09-05T13:29:12Z
2026-09-05T13:27:38Z,2026-09-05T15:27:38+0200,6b664628-1305-42f6-8311-642f19c849c2,2026-09-02T14:45:00Z,2026-09-02T16:45:00+0200,0.0,MW,NL,NL,actual_onshore_wind_generation,Wind Onshore | Actual Consumption,2026-09-05T13:29:12Z
2026-09-05T13:27:38Z,2026-09-05T15:27:38+0200,6b664628-1305-42f6-8311-642f19c849c2,2026-09-02T15:00:00Z,2026-09-02T17:00:00+0200,378.337,MW,NL,NL,actual_onshore_wind_generation,Wind Onshore | Actual Aggregated,2026-09-05T13:29:12Z
2026-09-05T13:27:38Z,2026-09-05T15:27:38+0200,6b664628-1305-42f6-8311-642f19c849c2,2026-09-02T15:00:00Z,2026-09-02T17:00:00+0200,0.0,MW,NL,NL,actual_onshore_wind_generation,Wind Onshore | Actual Consumption,2026-09-05T13:29:12Z
2026-09-05T13:27:38Z,2026-09-05T15:27:38+0200,6b664628-1305-42f6-8311-642f19c849c2,2026-09-02T15:15:00Z,2026-09-02T17:15:00+0200,363.9,MW,NL,NL,actual_onshore_wind_generation,Wind Onshore | Actual Aggregated,2026-09-05T13:29:12Z
2026-09-05T13:27:38Z,2026-09-05T15:27:38+0200,6b664628-1305-42f6-8311-642f19c849c2,2026-09-02T15:15:00Z,2026-09-02T17:15:00+0200,0.0,MW,NL,NL,actual_onshore_wind_generation,Wind Onshore | Actual Consumption,2026-09-05T13:29:12Z
2026-09-05T13:27:38Z,2026-09-05T15:27:38+0200,6b664628-1305-42f6-8311-642f19c849c2,2026-09-02T15:30:00Z,2026-09-02T17:30:00+0200,346.05,MW,NL,NL,actual_onshore_wind_generation,Wind Onshore | Actual Aggregated,2026-09-05T13:29:12Z
2026-09-05T13:27:38Z,2026-09-05T15:27:38+0200,6b664628-1305-42f6-8311-642f19c849c2,2026-09-02T15:30:00Z,2026-09-02T17:30:00+0200,0.0,MW,NL,NL,actual_onshore_wind_generation,Wind Onshore | Actual Consumption,2026-09-05T13:29:12Z
2026-09-05T13:27:38Z,2026-09-05T15:27:38+0200,6b664628-1305-42f6-8311-642f19c849c2,2026-09-02T15:45:00Z,2026-09-02T17:45:00+0200,283.405,MW,NL,NL,actual_onshore_wind_generation,Wind Onshore | Actual Aggregated,2026-09-05T13:29:12Z
2026-09-05T13:27:38Z,2026-09-05T15:27:38+0200,6b664628-1305-42f6-8311-642f19c849c2,2026-09-02T15:45:00Z,2026-09-02T17:45:00+0200,0.0,MW,NL,NL,actual_onshore_wind_generation,Wind Onshore | Actual Consumption,2026-09-05T13:29:12Z
2026-09-05T13:27:38Z,2026-09-05T15:27:38+0200,6b664628-1305-42f6-8311-642f19c849c2,2026-09-02T16:00:00Z,2026-09-02T18:00:00+0200,250.867,MW,NL,NL,actual_onshore_wind_generation,Wind Onshore | Actual Aggregated,2026-09-05T13:29:12Z
2026-09-05T13:27:38Z,2026-09-05T15:27:38+0200,6b664628-1305-42f6-8311-642f19c849c2,2026-09-02T16:00:00Z,2026-09-02T18:00:00+0200,0.0,MW,NL,NL,actual_onshore_wind_generation,Wind Onshore | Actual Consumption,2026-09-05T13:29:12Z
2026-09-05T13:27:38Z,2026-09-05T15:27:38+0200,6b664628-1305-42f6-8311-642f19c849c2,2026-09-02T16:15:00Z,2026-09-02T18:15:00+0200,226.218,MW,NL,NL,actual_onshore_wind_generation,Wind Onshore | Actual Aggregated,2026-09-05T13:29:12Z
2026-09-05T13:27:38Z,2026-09-05T15:27:38+0200,6b664628-1305-42f6-8311-642f19c849c2,2026-09-02T16:15:00Z,2026-09-02T18:15:00+0200,0.0,MW,NL,NL,actual_onshore_wind_generation,Wind Onshore | Actual Consumption,2026-09-05T13:29:12Z
2026-09-05T13:27:38Z,2026-09-05T15:27:38+0200,6b664628-1305-42f6-8311-642f19c849c2,2026-09-02T16:30:00Z,2026-09-02T18:30:00+0200,253.763,MW,NL,NL,actual_onshore_wind_generation,Wind Onshore | Actual Aggregated,2026-09-05T13:29:12Z
2026-09-05T13:27:38Z,2026-09-05T15:27:38+0200,6b664628-1305-42f6-8311-642f19c849c2,2026-09-02T16:30:00Z,2026-09-02T18:30:00+0200,0.0,MW,NL,NL,actual_onshore_wind_generation,Wind Onshore | Actual Consumption,2026-09-05T13:29:12Z
2026-09-05T13:27:38Z,2026-09-05T15:27:38+0200,6b664628-1305-42f6-8311-642f19c849c2,2026-09-02T16:45:00Z,2026-09-02T18:45:00+0200,227.513,MW,NL,NL,actual_onshore_wind_generation,Wind Onshore | Actual Aggregated,2026-09-05T13:29:12Z
2026-09-05T13:27:38Z,2026-09-05T15:27:38+0200,6b664628-1305-42f6-8311-642f19c849c2,2026-09-02T16:45:00Z,2026-09-02T18:45:00+0200,0.0,MW,NL,NL,actual_onshore_wind_generation,Wind Onshore | Actual Consumption,2026-09-05T13:29:12Z
2026-09-05T13:27:38Z,2026-09-05T15:27:38+0200,6b664628-1305-42f6-8311-642f19c849c2,2026-09-02T17:00:00Z,2026-09-02T19:00:00+0200,237.892,MW,NL,NL,actual_onshore_wind_generation,Wind Onshore | Actual Aggregated,2026-09-05T13:29:12Z
2026-09-05T13:27:38Z,2026-09-05T15:27:38+0200,6b664628-1305-42f6-8311-642f19c849c2,2026-09-02T17:00:00Z,2026-09-02T19:00:00+0200,0.0,MW,NL,NL,actual_onshore_wind_generation,Wind Onshore | Actual Consumption,2026-09-05T13:29:12Z
2026-09-05T13:27:38Z,2026-09-05T15:27:38+0200,6b664628-1305-42f6-8311-642f19c849c2,2026-09-02T17:15:00Z,2026-09-02T19:15:00+0200,279.843,MW,NL,NL,actual_onshore_wind_generation,Wind Onshore | Actual Aggregated,2026-09-05T13:29:12Z
2026-09-05T13:27:38Z,2026-09-05T15:27:38+0200,6b664628-1305-42f6-8311-642f19c849c2,2026-09-02T17:15:00Z,2026-09-02T19:15:00+0200,0.0,MW,NL,NL,actual_onshore_wind_generation,Wind Onshore | Actual Consumption,2026-09-05T13:29:12Z
2026-09-05T13:27:38Z,2026-09-05T15:27:38+0200,6b664628-1305-42f6-8311-642f19c849c2,2026-09-02T17:30:00Z,2026-09-02T19:30:00+0200,242.077,MW,NL,NL,actual_onshore_wind_generation,Wind Onshore | Actual Aggregated,2026-09-05T13:29:12Z
2026-09-05T13:27:38Z,2026-09-05T15:27:38+0200,6b664628-1305-42f6-8311-642f19c849c2,2026-09-02T17:30:00Z,2026-09-02T19:30:00+0200,0.0,MW,NL,NL,actual_onshore_wind_generation,Wind Onshore | Actual Consumption,2026-09-05T13:29:12Z
2026-09-05T13:27:38Z,2026-09-05T15:27:38+0200,6b664628-1305-42f6-8311-642f19c849c2,2026-09-02T17:45:00Z,2026-09-02T19:45:00+0200,223.814,MW,NL,NL,actual_onshore_wind_generation,Wind Onshore | Actual Aggregated,2026-09-05T13:29:12Z
2026-09-05T13:27:38Z,2026-09-05T15:27:38+0200,6b664628-1305-42f6-8311-642f19c849c2,2026-09-02T17:45:00Z,2026-09-02T19:45:00+0200,0.0,MW,NL,NL,actual_onshore_wind_generation,Wind Onshore | Actual Consumption,2026-09-05T13:29:12Z
2026-09-05T13:27:38Z,2026-09-05T15:27:38+0200,6b664628-1305-42f6-8311-642f19c849c2,2026-09-02T18:00:00Z,2026-09-02T20:00:00+0200,215.866,MW,NL,NL,actual_onshore_wind_generation,Wind Onshore | Actual Aggregated,2026-09-05T13:29:12Z
2026-09-05T13:27:38Z,2026-09-05T15:27:38+0200,6b664628-1305-42f6-8311-642f19c849c2,2026-09-02T18:00:00Z,2026-09-02T20:00:00+0200,0.0,MW,NL,NL,actual_onshore_wind_generation,Wind Onshore | Actual Consumption,2026-09-05T13:29:12Z
2026-09-05T13:27:38Z,2026-09-05T15:27:38+0200,6b664628-1305-42f6-8311-642f19c849c2,2026-09-02T18:15:00Z,2026-09-02T20:15:00+0200,233.579,MW,NL,NL,actual_onshore_wind_generation,Wind Onshore | Actual Aggregated,2026-09-05T13:29:12Z
2026-09-05T13:27:38Z,2026-09-05T15:27:38+0200,6b664628-1305-42f6-8311-642f19c849c2,2026-09-02T18:15:00Z,2026-09-02T20:15:00+0200,0.0,MW,NL,NL,actual_onshore_wind_generation,Wind Onshore | Actual Consumption,2026-09-05T13:29:12Z
2026-09-05T13:27:38Z,2026-09-05T15:27:38+0200,6b664628-1305-42f6-8311-642f19c849c2,2026-09-02T18:30:00Z,2026-09-02T20:30:00+0200,239.768,MW,NL,NL,actual_onshore_wind_generation,Wind Onshore | Actual Aggregated,2026-09-05T13:29:12Z
2026-09-05T13:27:38Z,2026-09-05T15:27:38+0200,6b664628-1305-42f6-8311-642f19c849c2,2026-09-02T18:30:00Z,2026-09-02T20:30:00+0200,0.0,MW,NL,NL,actual_onshore_wind_generation,Wind Onshore | Actual Consumption,2026-09-05T13:29:12Z
2026-09-05T13:27:38Z,2026-09-05T15:27:38+0200,6b664628-1305-42f6-8311-642f19c849c2,2026-09-02T18:45:00Z,2026-09-02T20:45:00+0200,309.477,MW,NL,NL,actual_onshore_wind_generation,Wind Onshore | Actual Aggregated,2026-09-05T13:29:12Z
2026-09-05T13:27:38Z,2026-09-05T15:27:38+0200,6b664628-1305-42f6-8311-642f19c849c2,2026-09-02T18:45:00Z,2026-09-02T20:45:00+0200,0.0,MW,NL,NL,actual_onshore_wind_generation,Wind Onshore | Actual Consumption,2026-09-05T13:29:12Z
2026-09-05T13:27:38Z,2026-09-05T15:27:38+0200,6b664628-1305-42f6-8311-642f19c849c2,2026-09-02T19:00:00Z,2026-09-02T21:00:00+0200,505.323,MW,NL,NL,actual_onshore_wind_generation,Wind Onshore | Actual Aggregated,2026-09-05T13:29:12Z
2026-09-05T13:27:38Z,2026-09-05T15:27:38+0200,6b664628-1305-42f6-8311-642f19c849c2,2026-09-02T19:00:00Z,2026-09-02T21:00:00+0200,0.0,MW,NL,NL,actual_onshore_wind_generation,Wind Onshore | Actual Consumption,2026-09-05T13:29:12Z
2026-09-05T13:27:38Z,2026-09-05T15:27:38+0200,6b664628-1305-42f6-8311-642f19c849c2,2026-09-02T19:15:00Z,2026-09-02T21:15:00+0200,535.363,MW,NL,NL,actual_onshore_wind_generation,Wind Onshore | Actual Aggregated,2026-09-05T13:29:12Z
2026-09-05T13:27:38Z,2026-09-05T15:27:38+0200,6b664628-1305-42f6-8311-642f19c849c2,2026-09-02T19:15:00Z,2026-09-02T21:15:00+0200,0.0,MW,NL,NL,actual_onshore_wind_generation,Wind Onshore | Actual Consumption,2026-09-05T13:29:12Z
2026-09-05T13:27:38Z,2026-09-05T15:27:38+0200,6b664628-1305-42f6-8311-642f19c849c2,2026-09-02T19:30:00Z,2026-09-02T21:30:00+0200,378.672,MW,NL,NL,actual_onshore_wind_generation,Wind Onshore | Actual Aggregated,2026-09-05T13:29:12Z
2026-09-05T13:27:38Z,2026-09-05T15:27:38+0200,6b664628-1305-42f6-8311-642f19c849c2,2026-09-02T19:30:00Z,2026-09-02T21:30:00+0200,0.0,MW,NL,NL,actual_onshore_wind_generation,Wind Onshore | Actual Consumption,2026-09-05T13:29:12Z
2026-09-05T13:27:38Z,2026-09-05T15:27:38+0200,6b664628-1305-42f6-8311-642f19c849c2,2026-09-02T19:45:00Z,2026-09-02T21:45:00+0200,299.551,MW,NL,NL,actual_onshore_wind_generation,Wind Onshore | Actual Aggregated,2026-09-05T13:29:12Z
2026-09-05T13:27:38Z,2026-09-05T15:27:38+0200,6b664628-1305-42f6-8311-642f19c849c2,2026-09-02T19:45:00Z,2026-09-02T21:45:00+0200,0.0,MW,NL,NL,actual_onshore_wind_generation,Wind Onshore | Actual Consumption,2026-09-05T13:29:12Z
2026-09-05T13:27:38Z,2026-09-05T15:27:38+0200,6b664628-1305-42f6-8311-642f19c849c2,2026-09-02T20:00:00Z,2026-09-02T22:00:00+0200,351.202,MW,NL,NL,actual_onshore_wind_generation,Wind Onshore | Actual Aggregated,2026-09-05T13:29:12Z
2026-09-05T13:27:38Z,2026-09-05T15:27:38+0200,6b664628-1305-42f6-8311-642f19c849c2,2026-09-02T20:00:00Z,2026-09-02T22:00:00+0200,0.0,MW,NL,NL,actual_onshore_wind_generation,Wind Onshore | Actual Consumption,2026-09-05T13:29:12Z
2026-09-05T13:27:38Z,2026-09-05T15:27:38+0200,6b664628-1305-42f6-8311-642f19c849c2,2026-09-02T20:15:00Z,2026-09-02T22:15:00+0200,331.571,MW,NL,NL,actual_onshore_wind_generation,Wind Onshore | Actual Aggregated,2026-09-05T13:29:12Z
2026-09-05T13:27:38Z,2026-09-05T15:27:38+0200,6b664628-1305-42f6-8311-642f19c849c2,2026-09-02T20:15:00Z,2026-09-02T22:15:00+0200,0.0,MW,NL,NL,actual_onshore_wind_generation,Wind Onshore | Actual Consumption,2026-09-05T13:29:12Z
2026-09-05T13:27:38Z,2026-09-05T15:27:38+0200,6b664628-1305-42f6-8311-642f19c849c2,2026-09-02T20:30:00Z,2026-09-02T22:30:00+0200,351.815,MW,NL,NL,actual_onshore_wind_generation,Wind Onshore | Actual Aggregated,2026-09-05T13:29:12Z
2026-09-05T13:27:38Z,2026-09-05T15:27:38+0200,6b664628-1305-42f6-8311-642f19c849c2,2026-09-02T20:30:00Z,2026-09-02T22:30:00+0200,0.0,MW,NL,NL,actual_onshore_wind_generation,Wind Onshore | Actual Consumption,2026-09-05T13:29:12Z
2026-09-05T13:27:38Z,2026-09-05T15:27:38+0200,6b664628-1305-42f6-8311-642f19c849c2,2026-09-02T20:45:00Z,2026-09-02T22:45:00+0200,396.931,MW,NL,NL,actual_onshore_wind_generation,Wind Onshore | Actual Aggregated,2026-09-05T13:29:12Z
2026-09-05T13:27:38Z,2026-09-05T15:27:38+0200,6b664628-1305-42f6-8311-642f19c849c2,2026-09-02T20:45:00Z,2026-09-02T22:45:00+0200,0.0,MW,NL,NL,actual_onshore_wind_generation,Wind Onshore | Actual Consumption,2026-09-05T13:29:12Z
2026-09-05T13:27:38Z,2026-09-05T15:27:38+0200,6b664628-1305-42f6-8311-642f19c849c2,2026-09-02T21:00:00Z,2026-09-02T23:00:00+0200,454.625,MW,NL,NL,actual_onshore_wind_generation,Wind Onshore | Actual Aggregated,2026-09-05T13:29:12Z
2026-09-05T13:27:38Z,2026-09-05T15:27:38+0200,6b664628-1305-42f6-8311-642f19c849c2,2026-09-02T21:00:00Z,2026-09-02T23:00:00+0200,0.0,MW,NL,NL,actual_onshore_wind_generation,Wind Onshore | Actual Consumption,2026-09-05T13:29:12Z
2026-09-05T13:27:38Z,2026-09-05T15:27:38+0200,6b664628-1305-42f6-8311-642f19c849c2,2026-09-02T21:15:00Z,2026-09-02T23:15:00+0200,555.317,MW,NL,NL,actual_onshore_wind_generation,Wind Onshore | Actual Aggregated,2026-09-05T13:29:12Z
2026-09-05T13:27:38Z,2026-09-05T15:27:38+0200,6b664628-1305-42f6-8311-642f19c849c2,2026-09-02T21:15:00Z,2026-09-02T23:15:00+0200,0.0,MW,NL,NL,actual_onshore_wind_generation,Wind Onshore | Actual Consumption,2026-09-05T13:29:12Z
2026-09-05T13:27:38Z,2026-09-05T15:27:38+0200,6b664628-1305-42f6-8311-642f19c849c2,2026-09-02T21:30:00Z,2026-09-02T23:30:00+0200,657.321,MW,NL,NL,actual_onshore_wind_generation,Wind Onshore | Actual Aggregated,2026-09-05T13:29:12Z
2026-09-05T13:27:38Z,2026-09-05T15:27:38+0200,6b664628-1305-42f6-8311-642f19c849c2,2026-09-02T21:30:00Z,2026-09-02T23:30:00+0200,0.0,MW,NL,NL,actual_onshore_wind_generation,Wind Onshore | Actual Consumption,2026-09-05T13:29:12Z
2026-09-05T13:27:38Z,2026-09-05T15:27:38+0200,6b664628-1305-42f6-8311-642f19c849c2,2026-09-02T21:45:00Z,2026-09-02T23:45:00+0200,696.084,MW,NL,NL,actual_onshore_wind_generation,Wind Onshore | Actual Aggregated,2026-09-05T13:29:12Z
2026-09-05T13:27:38Z,2026-09-05T15:27:38+0200,6b664628-1305-42f6-8311-642f19c849c2,2026-09-02T21:45:00Z,2026-09-02T23:45:00+0200,0.0,MW,NL,NL,actual_onshore_wind_generation,Wind Onshore | Actual Consumption,2026-09-05T13:29:12Z
2026-09-05T13:27:38Z,2026-09-05T15:27:38+0200,6b664628-1305-42f6-8311-642f19c849c2,2026-09-02T22:00:00Z,2026-09-03T00:00:00+0200,537.889,MW,NL,NL,actual_onshore_wind_generation,Wind Onshore | Actual Aggregated,2026-09-05T13:29:12Z
2026-09-05T13:27:38Z,2026-09-05T15:27:38+0200,6b664628-1305-42f6-8311-642f19c849c2,2026-09-02T22:00:00Z,2026-09-03T00:00:00+0200,0.0,MW,NL,NL,actual_onshore_wind_generation,Wind Onshore | Actual Consumption,2026-09-05T13:29:12Z
2026-09-05T13:27:38Z,2026-09-05T15:27:38+0200,6b664628-1305-42f6-8311-642f19c849c2,2026-09-02T22:15:00Z,2026-09-03T00:15:00+0200,507.828,MW,NL,NL,actual_onshore_wind_generation,Wind Onshore | Actual Aggregated,2026-09-05T13:29:12Z
2026-09-05T13:27:38Z,2026-09-05T15:27:38+0200,6b664628-1305-42f6-8311-642f19c849c2,2026-09-02T22:15:00Z,2026-09-03T00:15:00+0200,0.0,MW,NL,NL,actual_onshore_wind_generation,Wind Onshore | Actual Consumption,2026-09-05T13:29:12Z
2026-09-05T13:27:38Z,2026-09-05T15:27:38+0200,6b664628-1305-42f6-8311-642f19c849c2,2026-09-02T22:30:00Z,2026-09-03T00:30:00+0200,522.11,MW,NL,NL,actual_onshore_wind_generation,Wind Onshore | Actual Aggregated,2026-09-05T13:29:12Z
2026-09-05T13:27:38Z,2026-09-05T15:27:38+0200,6b664628-1305-42f6-8311-642f19c849c2,2026-09-02T22:30:00Z,2026-09-03T00:30:00+0200,0.0,MW,NL,NL,actual_onshore_wind_generation,Wind Onshore | Actual Consumption,2026-09-05T13:29:12Z
2026-09-05T13:27:38Z,2026-09-05T15:27:38+0200,6b664628-1305-42f6-8311-642f19c849c2,2026-09-02T22:45:00Z,2026-09-03T00:45:00+0200,516.983,MW,NL,NL,actual_onshore_wind_generation,Wind Onshore | Actual Aggregated,2026-09-05T13:29:12Z
2026-09-05T13:27:38Z,2026-09-05T15:27:38+0200,6b664628-1305-42f6-8311-642f19c849c2,2026-09-02T22:45:00Z,2026-09-03T00:45:00+0200,0.0,MW,NL,NL,actual_onshore_wind_generation,Wind Onshore | Actual Consumption,2026-09-05T13:29:12Z
2026-09-05T13:27:38Z,2026-09-05T15:27:38+0200,6b664628-1305-42f6-8311-642f19c849c2,2026-09-02T23:00:00Z,2026-09-03T01:00:00+0200,604.229,MW,NL,NL,actual_onshore_wind_generation,Wind Onshore | Actual Aggregated,2026-09-05T13:29:12Z
2026-09-05T13:27:38Z,2026-09-05T15:27:38+0200,6b664628-1305-42f6-8311-642f19c849c2,2026-09-02T23:00:00Z,2026-09-03T01:00:00+0200,0.0,MW,NL,NL,actual_onshore_wind_generation,Wind Onshore | Actual Consumption,2026-09-05T13:29:12Z
2026-09-05T13:27:38Z,2026-09-05T15:27:38+0200,6b664628-1305-42f6-8311-642f19c849c2,2026-09-02T23:15:00Z,2026-09-03T01:15:00+0200,633.163,MW,NL,NL,actual_onshore_wind_generation,Wind Onshore | Actual Aggregated,2026-09-05T13:29:12Z
2026-09-05T13:27:38Z,2026-09-05T15:27:38+0200,6b664628-1305-42f6-8311-642f19c849c2,2026-09-02T23:15:00Z,2026-09-03T01:15:00+0200,0.0,MW,NL,NL,actual_onshore_wind_generation,Wind Onshore | Actual Consumption,2026-09-05T13:29:12Z
2026-09-05T13:27:38Z,2026-09-05T15:27:38+0200,6b664628-1305-42f6-8311-642f19c849c2,2026-09-02T23:30:00Z,2026-09-03T01:30:00+0200,662.433,MW,NL,NL,actual_onshore_wind_generation,Wind Onshore | Actual Aggregated,2026-09-05T13:29:12Z
2026-09-05T13:27:38Z,2026-09-05T15:27:38+0200,6b664628-1305-42f6-8311-642f19c849c2,2026-09-02T23:30:00Z,2026-09-03T01:30:00+0200,0.0,MW,NL,NL,actual_onshore_wind_generation,Wind Onshore | Actual Consumption,2026-09-05T13:29:12Z
2026-09-05T13:27:38Z,2026-09-05T15:27:38+0200,6b664628-1305-42f6-8311-642f19c849c2,2026-09-02T23:45:00Z,2026-09-03T01:45:00+0200,670.283,MW,NL,NL,actual_onshore_wind_generation,Wind Onshore | Actual Aggregated,2026-09-05T13:29:12Z
2026-09-05T13:27:38Z,2026-09-05T15:27:38+0200,6b664628-1305-42f6-8311-642f19c849c2,2026-09-02T23:45:00Z,2026-09-03T01:45:00+0200,0.0,MW,NL,NL,actual_onshore_wind_generation,Wind Onshore | Actual Consumption,2026-09-05T13:29:12Z
2026-09-05T13:27:38Z,2026-09-05T15:27:38+0200,6b664628-1305-42f6-8311-642f19c849c2,2026-09-03T00:00:00Z,2026-09-03T02:00:00+0200,654.541,MW,NL,NL,actual_onshore_wind_generation,Wind Onshore | Actual Aggregated,2026-09-05T13:29:12Z
2026-09-05T13:27:38Z,2026-09-05T15:27:38+0200,6b664628-1305-42f6-8311-642f19c849c2,2026-09-03T00:00:00Z,2026-09-03T02:00:00+0200,0.0,MW,NL,NL,actual_onshore_wind_generation,Wind Onshore | Actual Consumption,2026-09-05T13:29:12Z
2026-09-05T13:27:38Z,2026-09-05T15:27:38+0200,6b664628-1305-42f6-8311-642f19c849c2,2026-09-03T00:15:00Z,2026-09-03T02:15:00+0200,657.536,MW,NL,NL,actual_onshore_wind_generation,Wind Onshore | Actual Aggregated,2026-09-05T13:29:12Z
2026-09-05T13:27:38Z,2026-09-05T15:27:38+0200,6b664628-1305-42f6-8311-642f19c849c2,2026-09-03T00:15:00Z,2026-09-03T02:15:00+0200,0.0,MW,NL,NL,actual_onshore_wind_generation,Wind Onshore | Actual Consumption,2026-09-05T13:29:12Z
2026-09-05T13:27:38Z,2026-09-05T15:27:38+0200,6b664628-1305-42f6-8311-642f19c849c2,2026-09-03T00:30:00Z,2026-09-03T02:30:00+0200,728.501,MW,NL,NL,actual_onshore_wind_generation,Wind Onshore | Actual Aggregated,2026-09-05T13:29:12Z
2026-09-05T13:27:38Z,2026-09-05T15:27:38+0200,6b664628-1305-42f6-8311-642f19c849c2,2026-09-03T00:30:00Z,2026-09-03T02:30:00+0200,0.0,MW,NL,NL,actual_onshore_wind_generation,Wind Onshore | Actual Consumption,2026-09-05T13:29:12Z
2026-09-05T13:27:38Z,2026-09-05T15:27:38+0200,6b664628-1305-42f6-8311-642f19c849c2,2026-09-03T00:45:00Z,2026-09-03T02:45:00+0200,776.403,MW,NL,NL,actual_onshore_wind_generation,Wind Onshore | Actual Aggregated,2026-09-05T13:29:12Z
2026-09-05T13:27:38Z,2026-09-05T15:27:38+0200,6b664628-1305-42f6-8311-642f19c849c2,2026-09-03T00:45:00Z,2026-09-03T02:45:00+0200,0.0,MW,NL,NL,actual_onshore_wind_generation,Wind Onshore | Actual Consumption,2026-09-05T13:29:12Z
2026-09-05T13:27:38Z,2026-09-05T15:27:38+0200,6b664628-1305-42f6-8311-642f19c849c2,2026-09-03T01:00:00Z,2026-09-03T03:00:00+0200,796.582,MW,NL,NL,actual_onshore_wind_generation,Wind Onshore | Actual Aggregated,2026-09-05T13:29:12Z
2026-09-05T13:27:38Z,2026-09-05T15:27:38+0200,6b664628-1305-42f6-8311-642f19c849c2,2026-09-03T01:00:00Z,2026-09-03T03:00:00+0200,0.0,MW,NL,NL,actual_onshore_wind_generation,Wind Onshore | Actual Consumption,2026-09-05T13:29:12Z
2026-09-05T13:27:38Z,2026-09-05T15:27:38+0200,6b664628-1305-42f6-8311-642f19c849c2,2026-09-03T01:15:00Z,2026-09-03T03:15:00+0200,782.771,MW,NL,NL,actual_onshore_wind_generation,Wind Onshore | Actual Aggregated,2026-09-05T13:29:12Z
2026-09-05T13:27:38Z,2026-09-05T15:27:38+0200,6b664628-1305-42f6-8311-642f19c849c2,2026-09-03T01:15:00Z,2026-09-03T03:15:00+0200,0.0,MW,NL,NL,actual_onshore_wind_generation,Wind Onshore | Actual Consumption,2026-09-05T13:29:12Z
2026-09-05T13:27:38Z,2026-09-05T15:27:38+0200,6b664628-1305-42f6-8311-642f19c849c2,2026-09-03T01:30:00Z,2026-09-03T03:30:00+0200,733.631,MW,NL,NL,actual_onshore_wind_generation,Wind Onshore | Actual Aggregated,2026-09-05T13:29:12Z
2026-09-05T13:27:38Z,2026-09-05T15:27:38+0200,6b664628-1305-42f6-8311-642f19c849c2,2026-09-03T01:30:00Z,2026-09-03T03:30:00+0200,0.0,MW,NL,NL,actual_onshore_wind_generation,Wind Onshore | Actual Consumption,2026-09-05T13:29:12Z
2026-09-05T13:27:38Z,2026-09-05T15:27:38+0200,6b664628-1305-42f6-8311-642f19c849c2,2026-09-03T01:45:00Z,2026-09-03T03:45:00+0200,730.017,MW,NL,NL,actual_onshore_wind_generation,Wind Onshore | Actual Aggregated,2026-09-05T13:29:12Z
2026-09-05T13:27:38Z,2026-09-05T15:27:38+0200,6b664628-1305-42f6-8311-642f19c849c2,2026-09-03T01:45:00Z,2026-09-03T03:45:00+0200,0.0,MW,NL,NL,actual_onshore_wind_generation,Wind Onshore | Actual Consumption,2026-09-05T13:29:12Z
2026-09-05T13:27:38Z,2026-09-05T15:27:38+0200,6b664628-1305-42f6-8311-642f19c849c2,2026-09-03T02:00:00Z,2026-09-03T04:00:00+0200,737.024,MW,NL,NL,actual_onshore_wind_generation,Wind Onshore | Actual Aggregated,2026-09-05T13:29:12Z
2026-09-05T13:27:38Z,2026-09-05T15:27:38+0200,6b664628-1305-42f6-8311-642f19c849c2,2026-09-03T02:00:00Z,2026-09-03T04:00:00+0200,0.0,MW,NL,NL,actual_onshore_wind_generation,Wind Onshore | Actual Consumption,2026-09-05T13:29:12Z
2026-09-05T13:27:38Z,2026-09-05T15:27:38+0200,6b664628-1305-42f6-8311-642f19c849c2,2026-09-03T02:15:00Z,2026-09-03T04:15:00+0200,781.645,MW,NL,NL,actual_onshore_wind_generation,Wind Onshore | Actual Aggregated,2026-09-05T13:29:12Z
2026-09-05T13:27:38Z,2026-09-05T15:27:38+0200,6b664628-1305-42f6-8311-642f19c849c2,2026-09-03T02:15:00Z,2026-09-03T04:15:00+0200,0.0,MW,NL,NL,actual_onshore_wind_generation,Wind Onshore | Actual Consumption,2026-09-05T13:29:12Z
2026-09-05T13:27:38Z,2026-09-05T15:27:38+0200,6b664628-1305-42f6-8311-642f19c849c2,2026-09-03T02:30:00Z,2026-09-03T04:30:00+0200,727.597,MW,NL,NL,actual_onshore_wind_generation,Wind Onshore | Actual Aggregated,2026-09-05T13:29:12Z
2026-09-05T13:27:38Z,2026-09-05T15:27:38+0200,6b664628-1305-42f6-8311-642f19c849c2,2026-09-03T02:30:00Z,2026-09-03T04:30:00+0200,0.0,MW,NL,NL,actual_onshore_wind_generation,Wind Onshore | Actual Consumption,2026-09-05T13:29:12Z
2026-09-05T13:27:38Z,2026-09-05T15:27:38+0200,6b664628-1305-42f6-8311-642f19c849c2,2026-09-03T02:45:00Z,2026-09-03T04:45:00+0200,679.399,MW,NL,NL,actual_onshore_wind_generation,Wind Onshore | Actual Aggregated,2026-09-05T13:29:12Z
2026-09-05T13:27:38Z,2026-09-05T15:27:38+0200,6b664628-1305-42f6-8311-642f19c849c2,2026-09-03T02:45:00Z,2026-09-03T04:45:00+0200,0.0,MW,NL,NL,actual_onshore_wind_generation,Wind Onshore | Actual Consumption,2026-09-05T13:29:12Z
2026-09-05T13:27:38Z,2026-09-05T15:27:38+0200,6b664628-1305-42f6-8311-642f19c849c2,2026-09-03T03:00:00Z,2026-09-03T05:00:00+0200,667.307,MW,NL,NL,actual_onshore_wind_generation,Wind Onshore | Actual Aggregated,2026-09-05T13:29:12Z
2026-09-05T13:27:38Z,2026-09-05T15:27:38+0200,6b664628-1305-42f6-8311-642f19c849c2,2026-09-03T03:00:00Z,2026-09-03T05:00:00+0200,0.0,MW,NL,NL,actual_onshore_wind_generation,Wind Onshore | Actual Consumption,2026-09-05T13:29:12Z
2026-09-05T13:27:38Z,2026-09-05T15:27:38+0200,6b664628-1305-42f6-8311-642f19c849c2,2026-09-03T03:15:00Z,2026-09-03T05:15:00+0200,718.598,MW,NL,NL,actual_onshore_wind_generation,Wind Onshore | Actual Aggregated,2026-09-05T13:29:12Z
2026-09-05T13:27:38Z,2026-09-05T15:27:38+0200,6b664628-1305-42f6-8311-642f19c849c2,2026-09-03T03:15:00Z,2026-09-03T05:15:00+0200,0.0,MW,NL,NL,actual_onshore_wind_generation,Wind Onshore | Actual Consumption,2026-09-05T13:29:12Z
2026-09-05T13:27:38Z,2026-09-05T15:27:38+0200,6b664628-1305-42f6-8311-642f19c849c2,2026-09-03T03:30:00Z,2026-09-03T05:30:00+0200,725.312,MW,NL,NL,actual_onshore_wind_generation,Wind Onshore | Actual Aggregated,2026-09-05T13:29:12Z
2026-09-05T13:27:38Z,2026-09-05T15:27:38+0200,6b664628-1305-42f6-8311-642f19c849c2,2026-09-03T03:30:00Z,2026-09-03T05:30:00+0200,0.0,MW,NL,NL,actual_onshore_wind_generation,Wind Onshore | Actual Consumption,2026-09-05T13:29:12Z
2026-09-05T13:27:38Z,2026-09-05T15:27:38+0200,6b664628-1305-42f6-8311-642f19c849c2,2026-09-03T03:45:00Z,2026-09-03T05:45:00+0200,735.817,MW,NL,NL,actual_onshore_wind_generation,Wind Onshore | Actual Aggregated,2026-09-05T13:29:12Z
2026-09-05T13:27:38Z,2026-09-05T15:27:38+0200,6b664628-1305-42f6-8311-642f19c849c2,2026-09-03T03:45:00Z,2026-09-03T05:45:00+0200,0.0,MW,NL,NL,actual_onshore_wind_generation,Wind Onshore | Actual Consumption,2026-09-05T13:29:12Z
2026-09-05T13:27:38Z,2026-09-05T15:27:38+0200,6b664628-1305-42f6-8311-642f19c849c2,2026-09-03T04:00:00Z,2026-09-03T06:00:00+0200,741.277,MW,NL,NL,actual_onshore_wind_generation,Wind Onshore | Actual Aggregated,2026-09-05T13:29:12Z
2026-09-05T13:27:38Z,2026-09-05T15:27:38+0200,6b664628-1305-42f6-8311-642f19c849c2,2026-09-03T04:00:00Z,2026-09-03T06:00:00+0200,0.0,MW,NL,NL,actual_onshore_wind_generation,Wind Onshore | Actual Consumption,2026-09-05T13:29:12Z
2026-09-05T13:27:38Z,2026-09-05T15:27:38+0200,6b664628-1305-42f6-8311-642f19c849c2,2026-09-03T04:15:00Z,2026-09-03T06:15:00+0200,737.559,MW,NL,NL,actual_onshore_wind_generation,Wind Onshore | Actual Aggregated,2026-09-05T13:29:12Z
2026-09-05T13:27:38Z,2026-09-05T15:27:38+0200,6b664628-1305-42f6-8311-642f19c849c2,2026-09-03T04:15:00Z,2026-09-03T06:15:00+0200,0.0,MW,NL,NL,actual_onshore_wind_generation,Wind Onshore | Actual Consumption,2026-09-05T13:29:12Z
2026-09-05T13:27:38Z,2026-09-05T15:27:38+0200,6b664628-1305-42f6-8311-642f19c849c2,2026-09-03T04:30:00Z,2026-09-03T06:30:00+0200,738.998,MW,NL,NL,actual_onshore_wind_generation,Wind Onshore | Actual Aggregated,2026-09-05T13:29:12Z
2026-09-05T13:27:38Z,2026-09-05T15:27:38+0200,6b664628-1305-42f6-8311-642f19c849c2,2026-09-03T04:30:00Z,2026-09-03T06:30:00+0200,0.0,MW,NL,NL,actual_onshore_wind_generation,Wind Onshore | Actual Consumption,2026-09-05T13:29:12Z
2026-09-05T13:27:38Z,2026-09-05T15:27:38+0200,6b664628-1305-42f6-8311-642f19c849c2,2026-09-03T04:45:00Z,2026-09-03T06:45:00+0200,811.175,MW,NL,NL,actual_onshore_wind_generation,Wind Onshore | Actual Aggregated,2026-09-05T13:29:12Z
2026-09-05T13:27:38Z,2026-09-05T15:27:38+0200,6b664628-1305-42f6-8311-642f19c849c2,2026-09-03T04:45:00Z,2026-09-03T06:45:00+0200,0.0,MW,NL,NL,actual_onshore_wind_generation,Wind Onshore | Actual Consumption,2026-09-05T13:29:12Z
2026-09-05T13:27:38Z,2026-09-05T15:27:38+0200,6b664628-1305-42f6-8311-642f19c849c2,2026-09-03T05:00:00Z,2026-09-03T07:00:00+0200,835.485,MW,NL,NL,actual_onshore_wind_generation,Wind Onshore | Actual Aggregated,2026-09-05T13:29:12Z
2026-09-05T13:27:38Z,2026-09-05T15:27:38+0200,6b664628-1305-42f6-8311-642f19c849c2,2026-09-03T05:00:00Z,2026-09-03T07:00:00+0200,0.0,MW,NL,NL,actual_onshore_wind_generation,Wind Onshore | Actual Consumption,2026-09-05T13:29:12Z
2026-09-05T13:27:38Z,2026-09-05T15:27:38+0200,6b664628-1305-42f6-8311-642f19c849c2,2026-09-03T05:15:00Z,2026-09-03T07:15:00+0200,809.439,MW,NL,NL,actual_onshore_wind_generation,Wind Onshore | Actual Aggregated,2026-09-05T13:29:12Z
2026-09-05T13:27:38Z,2026-09-05T15:27:38+0200,6b664628-1305-42f6-8311-642f19c849c2,2026-09-03T05:15:00Z,2026-09-03T07:15:00+0200,0.0,MW,NL,NL,actual_onshore_wind_generation,Wind Onshore | Actual Consumption,2026-09-05T13:29:12Z
2026-09-05T13:27:38Z,2026-09-05T15:27:38+0200,6b664628-1305-42f6-8311-642f19c849c2,2026-09-03T05:30:00Z,2026-09-03T07:30:00+0200,829.892,MW,NL,NL,actual_onshore_wind_generation,Wind Onshore | Actual Aggregated,2026-09-05T13:29:12Z
2026-09-05T13:27:38Z,2026-09-05T15:27:38+0200,6b664628-1305-42f6-8311-642f19c849c2,2026-09-03T05:30:00Z,2026-09-03T07:30:00+0200,0.0,MW,NL,NL,actual_onshore_wind_generation,Wind Onshore | Actual Consumption,2026-09-05T13:29:12Z
2026-09-05T13:27:38Z,2026-09-05T15:27:38+0200,6b664628-1305-42f6-8311-642f19c849c2,2026-09-03T05:45:00Z,2026-09-03T07:45:00+0200,825.467,MW,NL,NL,actual_onshore_wind_generation,Wind Onshore | Actual Aggregated,2026-09-05T13:29:12Z
2026-09-05T13:27:38Z,2026-09-05T15:27:38+0200,6b664628-1305-42f6-8311-642f19c849c2,2026-09-03T05:45:00Z,2026-09-03T07:45:00+0200,0.0,MW,NL,NL,actual_onshore_wind_generation,Wind Onshore | Actual Consumption,2026-09-05T13:29:12Z
2026-09-05T13:27:38Z,2026-09-05T15:27:38+0200,6b664628-1305-42f6-8311-642f19c849c2,2026-09-03T06:00:00Z,2026-09-03T08:00:00+0200,808.577,MW,NL,NL,actual_onshore_wind_generation,Wind Onshore | Actual Aggregated,2026-09-05T13:29:12Z
2026-09-05T13:27:38Z,2026-09-05T15:27:38+0200,6b664628-1305-42f6-8311-642f19c849c2,2026-09-03T06:00:00Z,2026-09-03T08:00:00+0200,0.0,MW,NL,NL,actual_onshore_wind_generation,Wind Onshore | Actual Consumption,2026-09-05T13:29:12Z
2026-09-05T13:27:38Z,2026-09-05T15:27:38+0200,6b664628-1305-42f6-8311-642f19c849c2,2026-09-03T06:15:00Z,2026-09-03T08:15:00+0200,798.115,MW,NL,NL,actual_onshore_wind_generation,Wind Onshore | Actual Aggregated,2026-09-05T13:29:12Z
2026-09-05T13:27:38Z,2026-09-05T15:27:38+0200,6b664628-1305-42f6-8311-642f19c849c2,2026-09-03T06:15:00Z,2026-09-03T08:15:00+0200,0.0,MW,NL,NL,actual_onshore_wind_generation,Wind Onshore | Actual Consumption,2026-09-05T13:29:12Z
2026-09-05T13:27:38Z,2026-09-05T15:27:38+0200,6b664628-1305-42f6-8311-642f19c849c2,2026-09-03T06:30:00Z,2026-09-03T08:30:00+0200,776.275,MW,NL,NL,actual_onshore_wind_generation,Wind Onshore | Actual Aggregated,2026-09-05T13:29:12Z
2026-09-05T13:27:38Z,2026-09-05T15:27:38+0200,6b664628-1305-42f6-8311-642f19c849c2,2026-09-03T06:30:00Z,2026-09-03T08:30:00+0200,0.0,MW,NL,NL,actual_onshore_wind_generation,Wind Onshore | Actual Consumption,2026-09-05T13:29:12Z
2026-09-05T13:27:38Z,2026-09-05T15:27:38+0200,6b664628-1305-42f6-8311-642f19c849c2,2026-09-03T06:45:00Z,2026-09-03T08:45:00+0200,785.179,MW,NL,NL,actual_onshore_wind_generation,Wind Onshore | Actual Aggregated,2026-09-05T13:29:12Z
2026-09-05T13:27:38Z,2026-09-05T15:27:38+0200,6b664628-1305-42f6-8311-642f19c849c2,2026-09-03T06:45:00Z,2026-09-03T08:45:00+0200,0.0,MW,NL,NL,actual_onshore_wind_generation,Wind Onshore | Actual Consumption,2026-09-05T13:29:12Z
2026-09-05T13:27:38Z,2026-09-05T15:27:38+0200,6b664628-1305-42f6-8311-642f19c849c2,2026-09-03T07:00:00Z,2026-09-03T09:00:00+0200,781.779,MW,NL,NL,actual_onshore_wind_generation,Wind Onshore | Actual Aggregated,2026-09-05T13:29:12Z
2026-09-05T13:27:38Z,2026-09-05T15:27:38+0200,6b664628-1305-42f6-8311-642f19c849c2,2026-09-03T07:00:00Z,2026-09-03T09:00:00+0200,0.0,MW,NL,NL,actual_onshore_wind_generation,Wind Onshore | Actual Consumption,2026-09-05T13:29:12Z
2026-09-05T13:27:38Z,2026-09-05T15:27:38+0200,6b664628-1305-42f6-8311-642f19c849c2,2026-09-03T07:15:00Z,2026-09-03T09:15:00+0200,755.998,MW,NL,NL,actual_onshore_wind_generation,Wind Onshore | Actual Aggregated,2026-09-05T13:29:12Z
2026-09-05T13:27:38Z,2026-09-05T15:27:38+0200,6b664628-1305-42f6-8311-642f19c849c2,2026-09-03T07:15:00Z,2026-09-03T09:15:00+0200,0.0,MW,NL,NL,actual_onshore_wind_generation,Wind Onshore | Actual Consumption,2026-09-05T13:29:12Z
2026-09-05T13:27:38Z,2026-09-05T15:27:38+0200,6b664628-1305-42f6-8311-642f19c849c2,2026-09-03T07:30:00Z,2026-09-03T09:30:00+0200,722.929,MW,NL,NL,actual_onshore_wind_generation,Wind Onshore | Actual Aggregated,2026-09-05T13:29:12Z
2026-09-05T13:27:38Z,2026-09-05T15:27:38+0200,6b664628-1305-42f6-8311-642f19c849c2,2026-09-03T07:30:00Z,2026-09-03T09:30:00+0200,0.0,MW,NL,NL,actual_onshore_wind_generation,Wind Onshore | Actual Consumption,2026-09-05T13:29:12Z
2026-09-05T13:27:38Z,2026-09-05T15:27:38+0200,6b664628-1305-42f6-8311-642f19c849c2,2026-09-03T07:45:00Z,2026-09-03T09:45:00+0200,746.348,MW,NL,NL,actual_onshore_wind_generation,Wind Onshore | Actual Aggregated,2026-09-05T13:29:12Z
2026-09-05T13:27:38Z,2026-09-05T15:27:38+0200,6b664628-1305-42f6-8311-642f19c849c2,2026-09-03T07:45:00Z,2026-09-03T09:45:00+0200,0.0,MW,NL,NL,actual_onshore_wind_generation,Wind Onshore | Actual Consumption,2026-09-05T13:29:12Z
2026-09-05T13:27:38Z,2026-09-05T15:27:38+0200,6b664628-1305-42f6-8311-642f19c849c2,2026-09-03T08:00:00Z,2026-09-03T10:00:00+0200,436.777,MW,NL,NL,actual_onshore_wind_generation,Wind Onshore | Actual Aggregated,2026-09-05T13:29:12Z
2026-09-05T13:27:38Z,2026-09-05T15:27:38+0200,6b664628-1305-42f6-8311-642f19c849c2,2026-09-03T08:00:00Z,2026-09-03T10:00:00+0200,0.0,MW,NL,NL,actual_onshore_wind_generation,Wind Onshore | Actual Consumption,2026-09-05T13:29:12Z
2026-09-05T13:27:38Z,2026-09-05T15:27:38+0200,6b664628-1305-42f6-8311-642f19c849c2,2026-09-03T08:15:00Z,2026-09-03T10:15:00+0200,406.983,MW,NL,NL,actual_onshore_wind_generation,Wind Onshore | Actual Aggregated,2026-09-05T13:29:12Z
2026-09-05T13:27:38Z,2026-09-05T15:27:38+0200,6b664628-1305-42f6-8311-642f19c849c2,2026-09-03T08:15:00Z,2026-09-03T10:15:00+0200,0.0,MW,NL,NL,actual_onshore_wind_generation,Wind Onshore | Actual Consumption,2026-09-05T13:29:12Z
2026-09-05T13:27:38Z,2026-09-05T15:27:38+0200,6b664628-1305-42f6-8311-642f19c849c2,2026-09-03T08:30:00Z,2026-09-03T10:30:00+0200,398.037,MW,NL,NL,actual_onshore_wind_generation,Wind Onshore | Actual Aggregated,2026-09-05T13:29:12Z
2026-09-05T13:27:38Z,2026-09-05T15:27:38+0200,6b664628-1305-42f6-8311-642f19c849c2,2026-09-03T08:30:00Z,2026-09-03T10:30:00+0200,0.0,MW,NL,NL,actual_onshore_wind_generation,Wind Onshore | Actual Consumption,2026-09-05T13:29:12Z
2026-09-05T13:27:38Z,2026-09-05T15:27:38+0200,6b664628-1305-42f6-8311-642f19c849c2,2026-09-03T08:45:00Z,2026-09-03T10:45:00+0200,452.227,MW,NL,NL,actual_onshore_wind_generation,Wind Onshore | Actual Aggregated,2026-09-05T13:29:12Z
2026-09-05T13:27:38Z,2026-09-05T15:27:38+0200,6b664628-1305-42f6-8311-642f19c849c2,2026-09-03T08:45:00Z,2026-09-03T10:45:00+0200,0.0,MW,NL,NL,actual_onshore_wind_generation,Wind Onshore | Actual Consumption,2026-09-05T13:29:12Z
2026-09-05T13:27:38Z,2026-09-05T15:27:38+0200,6b664628-1305-42f6-8311-642f19c849c2,2026-09-03T09:00:00Z,2026-09-03T11:00:00+0200,482.675,MW,NL,NL,actual_onshore_wind_generation,Wind Onshore | Actual Aggregated,2026-09-05T13:29:12Z
2026-09-05T13:27:38Z,2026-09-05T15:27:38+0200,6b664628-1305-42f6-8311-642f19c849c2,2026-09-03T09:00:00Z,2026-09-03T11:00:00+0200,0.0,MW,NL,NL,actual_onshore_wind_generation,Wind Onshore | Actual Consumption,2026-09-05T13:29:12Z
2026-09-05T13:27:38Z,2026-09-05T15:27:38+0200,6b664628-1305-42f6-8311-642f19c849c2,2026-09-03T09:15:00Z,2026-09-03T11:15:00+0200,487.963,MW,NL,NL,actual_onshore_wind_generation,Wind Onshore | Actual Aggregated,2026-09-05T13:29:12Z
2026-09-05T13:27:38Z,2026-09-05T15:27:38+0200,6b664628-1305-42f6-8311-642f19c849c2,2026-09-03T09:15:00Z,2026-09-03T11:15:00+0200,0.0,MW,NL,NL,actual_onshore_wind_generation,Wind Onshore | Actual Consumption,2026-09-05T13:29:12Z
2026-09-05T13:27:38Z,2026-09-05T15:27:38+0200,6b664628-1305-42f6-8311-642f19c849c2,2026-09-03T09:30:00Z,2026-09-03T11:30:00+0200,521.981,MW,NL,NL,actual_onshore_wind_generation,Wind Onshore | Actual Aggregated,2026-09-05T13:29:12Z
2026-09-05T13:27:38Z,2026-09-05T15:27:38+0200,6b664628-1305-42f6-8311-642f19c849c2,2026-09-03T09:30:00Z,2026-09-03T11:30:00+0200,0.0,MW,NL,NL,actual_onshore_wind_generation,Wind Onshore | Actual Consumption,2026-09-05T13:29:12Z
2026-09-05T13:27:38Z,2026-09-05T15:27:38+0200,6b664628-1305-42f6-8311-642f19c849c2,2026-09-03T09:45:00Z,2026-09-03T11:45:00+0200,539.752,MW,NL,NL,actual_onshore_wind_generation,Wind Onshore | Actual Aggregated,2026-09-05T13:29:12Z
2026-09-05T13:27:38Z,2026-09-05T15:27:38+0200,6b664628-1305-42f6-8311-642f19c849c2,2026-09-03T09:45:00Z,2026-09-03T11:45:00+0200,0.0,MW,NL,NL,actual_onshore_wind_generation,Wind Onshore | Actual Consumption,2026-09-05T13:29:12Z
2026-09-05T13:27:38Z,2026-09-05T15:27:38+0200,6b664628-1305-42f6-8311-642f19c849c2,2026-09-03T10:00:00Z,2026-09-03T12:00:00+0200,554.222,MW,NL,NL,actual_onshore_wind_generation,Wind Onshore | Actual Aggregated,2026-09-05T13:29:12Z
2026-09-05T13:27:38Z,2026-09-05T15:27:38+0200,6b664628-1305-42f6-8311-642f19c849c2,2026-09-03T10:00:00Z,2026-09-03T12:00:00+0200,0.0,MW,NL,NL,actual_onshore_wind_generation,Wind Onshore | Actual Consumption,2026-09-05T13:29:12Z
2026-09-05T13:27:38Z,2026-09-05T15:27:38+0200,6b664628-1305-42f6-8311-642f19c849c2,2026-09-03T10:15:00Z,2026-09-03T12:15:00+0200,581.054,MW,NL,NL,actual_onshore_wind_generation,Wind Onshore | Actual Aggregated,2026-09-05T13:29:12Z
2026-09-05T13:27:38Z,2026-09-05T15:27:38+0200,6b664628-1305-42f6-8311-642f19c849c2,2026-09-03T10:15:00Z,2026-09-03T12:15:00+0200,0.0,MW,NL,NL,actual_onshore_wind_generation,Wind Onshore | Actual Consumption,2026-09-05T13:29:12Z
2026-09-05T13:27:38Z,2026-09-05T15:27:38+0200,6b664628-1305-42f6-8311-642f19c849c2,2026-09-03T10:30:00Z,2026-09-03T12:30:00+0200,572.042,MW,NL,NL,actual_onshore_wind_generation,Wind Onshore | Actual Aggregated,2026-09-05T13:29:12Z
2026-09-05T13:27:38Z,2026-09-05T15:27:38+0200,6b664628-1305-42f6-8311-642f19c849c2,2026-09-03T10:30:00Z,2026-09-03T12:30:00+0200,0.0,MW,NL,NL,actual_onshore_wind_generation,Wind Onshore | Actual Consumption,2026-09-05T13:29:12Z
2026-09-05T13:27:38Z,2026-09-05T15:27:38+0200,6b664628-1305-42f6-8311-642f19c849c2,2026-09-03T10:45:00Z,2026-09-03T12:45:00+0200,579.615,MW,NL,NL,actual_onshore_wind_generation,Wind Onshore | Actual Aggregated,2026-09-05T13:29:12Z
2026-09-05T13:27:38Z,2026-09-05T15:27:38+0200,6b664628-1305-42f6-8311-642f19c849c2,2026-09-03T10:45:00Z,2026-09-03T12:45:00+0200,0.0,MW,NL,NL,actual_onshore_wind_generation,Wind Onshore | Actual Consumption,2026-09-05T13:29:12Z
2026-09-05T13:27:38Z,2026-09-05T15:27:38+0200,6b664628-1305-42f6-8311-642f19c849c2,2026-09-03T11:00:00Z,2026-09-03T13:00:00+0200,562.078,MW,NL,NL,actual_onshore_wind_generation,Wind Onshore | Actual Aggregated,2026-09-05T13:29:12Z
2026-09-05T13:27:38Z,2026-09-05T15:27:38+0200,6b664628-1305-42f6-8311-642f19c849c2,2026-09-03T11:00:00Z,2026-09-03T13:00:00+0200,0.0,MW,NL,NL,actual_onshore_wind_generation,Wind Onshore | Actual Consumption,2026-09-05T13:29:12Z
2026-09-05T13:27:38Z,2026-09-05T15:27:38+0200,6b664628-1305-42f6-8311-642f19c849c2,2026-09-03T11:15:00Z,2026-09-03T13:15:00+0200,570.48,MW,NL,NL,actual_onshore_wind_generation,Wind Onshore | Actual Aggregated,2026-09-05T13:29:12Z
2026-09-05T13:27:38Z,2026-09-05T15:27:38+0200,6b664628-1305-42f6-8311-642f19c849c2,2026-09-03T11:15:00Z,2026-09-03T13:15:00+0200,0.0,MW,NL,NL,actual_onshore_wind_generation,Wind Onshore | Actual Consumption,2026-09-05T13:29:12Z
2026-09-05T13:27:38Z,2026-09-05T15:27:38+0200,6b664628-1305-42f6-8311-642f19c849c2,2026-09-03T11:30:00Z,2026-09-03T13:30:00+0200,572.631,MW,NL,NL,actual_onshore_wind_generation,Wind Onshore | Actual Aggregated,2026-09-05T13:29:12Z
2026-09-05T13:27:38Z,2026-09-05T15:27:38+0200,6b664628-1305-42f6-8311-642f19c849c2,2026-09-03T11:30:00Z,2026-09-03T13:30:00+0200,0.0,MW,NL,NL,actual_onshore_wind_generation,Wind Onshore | Actual Consumption,2026-09-05T13:29:12Z
2026-09-05T13:27:38Z,2026-09-05T15:27:38+0200,6b664628-1305-42f6-8311-642f19c849c2,2026-09-03T11:45:00Z,2026-09-03T13:45:00+0200,557.036,MW,NL,NL,actual_onshore_wind_generation,Wind Onshore | Actual Aggregated,2026-09-05T13:29:12Z
2026-09-05T13:27:38Z,2026-09-05T15:27:38+0200,6b664628-1305-42f6-8311-642f19c849c2,2026-09-03T11:45:00Z,2026-09-03T13:45:00+0200,0.0,MW,NL,NL,actual_onshore_wind_generation,Wind Onshore | Actual Consumption,2026-09-05T13:29:12Z
2026-09-05T13:27:38Z,2026-09-05T15:27:38+0200,6b664628-1305-42f6-8311-642f19c849c2,2026-09-03T12:00:00Z,2026-09-03T14:00:00+0200,554.644,MW,NL,NL,actual_onshore_wind_generation,Wind Onshore | Actual Aggregated,2026-09-05T13:29:12Z
2026-09-05T13:27:38Z,2026-09-05T15:27:38+0200,6b664628-1305-42f6-8311-642f19c849c2,2026-09-03T12:00:00Z,2026-09-03T14:00:00+0200,0.0,MW,NL,NL,actual_onshore_wind_generation,Wind Onshore | Actual Consumption,2026-09-05T13:29:12Z
2026-09-05T13:27:38Z,2026-09-05T15:27:38+0200,6b664628-1305-42f6-8311-642f19c849c2,2026-09-03T12:15:00Z,2026-09-03T14:15:00+0200,550.722,MW,NL,NL,actual_onshore_wind_generation,Wind Onshore | Actual Aggregated,2026-09-05T13:29:12Z
2026-09-05T13:27:38Z,2026-09-05T15:27:38+0200,6b664628-1305-42f6-8311-642f19c849c2,2026-09-03T12:15:00Z,2026-09-03T14:15:00+0200,0.0,MW,NL,NL,actual_onshore_wind_generation,Wind Onshore | Actual Consumption,2026-09-05T13:29:12Z
2026-09-05T13:27:38Z,2026-09-05T15:27:38+0200,6b664628-1305-42f6-8311-642f19c849c2,2026-09-03T12:30:00Z,2026-09-03T14:30:00+0200,593.822,MW,NL,NL,actual_onshore_wind_generation,Wind Onshore | Actual Aggregated,2026-09-05T13:29:12Z
2026-09-05T13:27:38Z,2026-09-05T15:27:38+0200,6b664628-1305-42f6-8311-642f19c849c2,2026-09-03T12:30:00Z,2026-09-03T14:30:00+0200,0.0,MW,NL,NL,actual_onshore_wind_generation,Wind Onshore | Actual Consumption,2026-09-05T13:29:12Z
2026-09-05T13:27:38Z,2026-09-05T15:27:38+0200,6b664628-1305-42f6-8311-642f19c849c2,2026-09-03T12:45:00Z,2026-09-03T14:45:00+0200,581.059,MW,NL,NL,actual_onshore_wind_generation,Wind Onshore | Actual Aggregated,2026-09-05T13:29:12Z
2026-09-05T13:27:38Z,2026-09-05T15:27:38+0200,6b664628-1305-42f6-8311-642f19c849c2,2026-09-03T12:45:00Z,2026-09-03T14:45:00+0200,0.0,MW,NL,NL,actual_onshore_wind_generation,Wind Onshore | Actual Consumption,2026-09-05T13:29:12Z
2026-09-05T13:27:38Z,2026-09-05T15:27:38+0200,6b664628-1305-42f6-8311-642f19c849c2,2026-09-03T13:00:00Z,2026-09-03T15:00:00+0200,547.093,MW,NL,NL,actual_onshore_wind_generation,Wind Onshore | Actual Aggregated,2026-09-05T13:29:12Z
2026-09-05T13:27:38Z,2026-09-05T15:27:38+0200,6b664628-1305-42f6-8311-642f19c849c2,2026-09-03T13:00:00Z,2026-09-03T15:00:00+0200,0.0,MW,NL,NL,actual_onshore_wind_generation,Wind Onshore | Actual Consumption,2026-09-05T13:29:12Z
2026-09-05T13:27:38Z,2026-09-05T15:27:38+0200,6b664628-1305-42f6-8311-642f19c849c2,2026-09-03T13:15:00Z,2026-09-03T15:15:00+0200,484.506,MW,NL,NL,actual_onshore_wind_generation,Wind Onshore | Actual Aggregated,2026-09-05T13:29:12Z
2026-09-05T13:27:38Z,2026-09-05T15:27:38+0200,6b664628-1305-42f6-8311-642f19c849c2,2026-09-03T13:15:00Z,2026-09-03T15:15:00+0200,0.0,MW,NL,NL,actual_onshore_wind_generation,Wind Onshore | Actual Consumption,2026-09-05T13:29:12Z
2026-09-05T13:27:38Z,2026-09-05T15:27:38+0200,6b664628-1305-42f6-8311-642f19c849c2,2026-09-03T13:30:00Z,2026-09-03T15:30:00+0200,528.867,MW,NL,NL,actual_onshore_wind_generation,Wind Onshore | Actual Aggregated,2026-09-05T13:29:12Z
2026-09-05T13:27:38Z,2026-09-05T15:27:38+0200,6b664628-1305-42f6-8311-642f19c849c2,2026-09-03T13:30:00Z,2026-09-03T15:30:00+0200,0.0,MW,NL,NL,actual_onshore_wind_generation,Wind Onshore | Actual Consumption,2026-09-05T13:29:12Z
2026-09-05T13:27:38Z,2026-09-05T15:27:38+0200,6b664628-1305-42f6-8311-642f19c849c2,2026-09-03T13:45:00Z,2026-09-03T15:45:00+0200,536.008,MW,NL,NL,actual_onshore_wind_generation,Wind Onshore | Actual Aggregated,2026-09-05T13:29:12Z
2026-09-05T13:27:38Z,2026-09-05T15:27:38+0200,6b664628-1305-42f6-8311-642f19c849c2,2026-09-03T13:45:00Z,2026-09-03T15:45:00+0200,0.0,MW,NL,NL,actual_onshore_wind_generation,Wind Onshore | Actual Consumption,2026-09-05T13:29:12Z
2026-09-05T13:27:38Z,2026-09-05T15:27:38+0200,6b664628-1305-42f6-8311-642f19c849c2,2026-09-03T14:00:00Z,2026-09-03T16:00:00+0200,549.547,MW,NL,NL,actual_onshore_wind_generation,Wind Onshore | Actual Aggregated,2026-09-05T13:29:12Z
2026-09-05T13:27:38Z,2026-09-05T15:27:38+0200,6b664628-1305-42f6-8311-642f19c849c2,2026-09-03T14:00:00Z,2026-09-03T16:00:00+0200,0.0,MW,NL,NL,actual_onshore_wind_generation,Wind Onshore | Actual Consumption,2026-09-05T13:29:12Z
2026-09-05T13:27:38Z,2026-09-05T15:27:38+0200,6b664628-1305-42f6-8311-642f19c849c2,2026-09-03T14:15:00Z,2026-09-03T16:15:00+0200,563.857,MW,NL,NL,actual_onshore_wind_generation,Wind Onshore | Actual Aggregated,2026-09-05T13:29:12Z
2026-09-05T13:27:38Z,2026-09-05T15:27:38+0200,6b664628-1305-42f6-8311-642f19c849c2,2026-09-03T14:15:00Z,2026-09-03T16:15:00+0200,0.0,MW,NL,NL,actual_onshore_wind_generation,Wind Onshore | Actual Consumption,2026-09-05T13:29:12Z
2026-09-05T13:27:38Z,2026-09-05T15:27:38+0200,6b664628-1305-42f6-8311-642f19c849c2,2026-09-03T14:30:00Z,2026-09-03T16:30:00+0200,501.213,MW,NL,NL,actual_onshore_wind_generation,Wind Onshore | Actual Aggregated,2026-09-05T13:29:12Z
2026-09-05T13:27:38Z,2026-09-05T15:27:38+0200,6b664628-1305-42f6-8311-642f19c849c2,2026-09-03T14:30:00Z,2026-09-03T16:30:00+0200,0.0,MW,NL,NL,actual_onshore_wind_generation,Wind Onshore | Actual Consumption,2026-09-05T13:29:12Z
2026-09-05T13:27:38Z,2026-09-05T15:27:38+0200,6b664628-1305-42f6-8311-642f19c849c2,2026-09-03T14:45:00Z,2026-09-03T16:45:00+0200,476.752,MW,NL,NL,actual_onshore_wind_generation,Wind Onshore | Actual Aggregated,2026-09-05T13:29:12Z
2026-09-05T13:27:38Z,2026-09-05T15:27:38+0200,6b664628-1305-42f6-8311-642f19c849c2,2026-09-03T14:45:00Z,2026-09-03T16:45:00+0200,0.0,MW,NL,NL,actual_onshore_wind_generation,Wind Onshore | Actual Consumption,2026-09-05T13:29:12Z
2026-09-05T13:27:38Z,2026-09-05T15:27:38+0200,6b664628-1305-42f6-8311-642f19c849c2,2026-09-03T15:00:00Z,2026-09-03T17:00:00+0200,770.696,MW,NL,NL,actual_onshore_wind_generation,Wind Onshore | Actual Aggregated,2026-09-05T13:29:12Z
2026-09-05T13:27:38Z,2026-09-05T15:27:38+0200,6b664628-1305-42f6-8311-642f19c849c2,2026-09-03T15:00:00Z,2026-09-03T17:00:00+0200,0.0,MW,NL,NL,actual_onshore_wind_generation,Wind Onshore | Actual Consumption,2026-09-05T13:29:12Z
2026-09-05T13:27:38Z,2026-09-05T15:27:38+0200,6b664628-1305-42f6-8311-642f19c849c2,2026-09-03T15:15:00Z,2026-09-03T17:15:00+0200,753.926,MW,NL,NL,actual_onshore_wind_generation,Wind Onshore | Actual Aggregated,2026-09-05T13:29:12Z
2026-09-05T13:27:38Z,2026-09-05T15:27:38+0200,6b664628-1305-42f6-8311-642f19c849c2,2026-09-03T15:15:00Z,2026-09-03T17:15:00+0200,0.0,MW,NL,NL,actual_onshore_wind_generation,Wind Onshore | Actual Consumption,2026-09-05T13:29:12Z
2026-09-05T13:27:38Z,2026-09-05T15:27:38+0200,6b664628-1305-42f6-8311-642f19c849c2,2026-09-03T15:30:00Z,2026-09-03T17:30:00+0200,737.509,MW,NL,NL,actual_onshore_wind_generation,Wind Onshore | Actual Aggregated,2026-09-05T13:29:12Z
2026-09-05T13:27:38Z,2026-09-05T15:27:38+0200,6b664628-1305-42f6-8311-642f19c849c2,2026-09-03T15:30:00Z,2026-09-03T17:30:00+0200,0.0,MW,NL,NL,actual_onshore_wind_generation,Wind Onshore | Actual Consumption,2026-09-05T13:29:12Z
2026-09-05T13:27:38Z,2026-09-05T15:27:38+0200,6b664628-1305-42f6-8311-642f19c849c2,2026-09-03T15:45:00Z,2026-09-03T17:45:00+0200,656.387,MW,NL,NL,actual_onshore_wind_generation,Wind Onshore | Actual Aggregated,2026-09-05T13:29:12Z
2026-09-05T13:27:38Z,2026-09-05T15:27:38+0200,6b664628-1305-42f6-8311-642f19c849c2,2026-09-03T15:45:00Z,2026-09-03T17:45:00+0200,0.0,MW,NL,NL,actual_onshore_wind_generation,Wind Onshore | Actual Consumption,2026-09-05T13:29:12Z
2026-09-05T13:27:38Z,2026-09-05T15:27:38+0200,6b664628-1305-42f6-8311-642f19c849c2,2026-09-03T16:00:00Z,2026-09-03T18:00:00+0200,633.821,MW,NL,NL,actual_onshore_wind_generation,Wind Onshore | Actual Aggregated,2026-09-05T13:29:12Z
2026-09-05T13:27:38Z,2026-09-05T15:27:38+0200,6b664628-1305-42f6-8311-642f19c849c2,2026-09-03T16:00:00Z,2026-09-03T18:00:00+0200,0.0,MW,NL,NL,actual_onshore_wind_generation,Wind Onshore | Actual Consumption,2026-09-05T13:29:12Z
2026-09-05T13:27:38Z,2026-09-05T15:27:38+0200,6b664628-1305-42f6-8311-642f19c849c2,2026-09-03T16:15:00Z,2026-09-03T18:15:00+0200,588.319,MW,NL,NL,actual_onshore_wind_generation,Wind Onshore | Actual Aggregated,2026-09-05T13:29:12Z
2026-09-05T13:27:38Z,2026-09-05T15:27:38+0200,6b664628-1305-42f6-8311-642f19c849c2,2026-09-03T16:15:00Z,2026-09-03T18:15:00+0200,0.0,MW,NL,NL,actual_onshore_wind_generation,Wind Onshore | Actual Consumption,2026-09-05T13:29:12Z
2026-09-05T13:27:38Z,2026-09-05T15:27:38+0200,6b664628-1305-42f6-8311-642f19c849c2,2026-09-03T16:30:00Z,2026-09-03T18:30:00+0200,543.618,MW,NL,NL,actual_onshore_wind_generation,Wind Onshore | Actual Aggregated,2026-09-05T13:29:12Z
2026-09-05T13:27:38Z,2026-09-05T15:27:38+0200,6b664628-1305-42f6-8311-642f19c849c2,2026-09-03T16:30:00Z,2026-09-03T18:30:00+0200,0.0,MW,NL,NL,actual_onshore_wind_generation,Wind Onshore | Actual Consumption,2026-09-05T13:29:12Z
2026-09-05T13:27:38Z,2026-09-05T15:27:38+0200,6b664628-1305-42f6-8311-642f19c849c2,2026-09-03T16:45:00Z,2026-09-03T18:45:00+0200,496.565,MW,NL,NL,actual_onshore_wind_generation,Wind Onshore | Actual Aggregated,2026-09-05T13:29:12Z
2026-09-05T13:27:38Z,2026-09-05T15:27:38+0200,6b664628-1305-42f6-8311-642f19c849c2,2026-09-03T16:45:00Z,2026-09-03T18:45:00+0200,0.0,MW,NL,NL,actual_onshore_wind_generation,Wind Onshore | Actual Consumption,2026-09-05T13:29:12Z
2026-09-05T13:27:38Z,2026-09-05T15:27:38+0200,6b664628-1305-42f6-8311-642f19c849c2,2026-09-03T17:00:00Z,2026-09-03T19:00:00+0200,530.252,MW,NL,NL,actual_onshore_wind_generation,Wind Onshore | Actual Aggregated,2026-09-05T13:29:12Z
2026-09-05T13:27:38Z,2026-09-05T15:27:38+0200,6b664628-1305-42f6-8311-642f19c849c2,2026-09-03T17:00:00Z,2026-09-03T19:00:00+0200,0.0,MW,NL,NL,actual_onshore_wind_generation,Wind Onshore | Actual Consumption,2026-09-05T13:29:12Z
2026-09-05T13:27:38Z,2026-09-05T15:27:38+0200,6b664628-1305-42f6-8311-642f19c849c2,2026-09-03T17:15:00Z,2026-09-03T19:15:00+0200,542.654,MW,NL,NL,actual_onshore_wind_generation,Wind Onshore | Actual Aggregated,2026-09-05T13:29:12Z
2026-09-05T13:27:38Z,2026-09-05T15:27:38+0200,6b664628-1305-42f6-8311-642f19c849c2,2026-09-03T17:15:00Z,2026-09-03T19:15:00+0200,0.0,MW,NL,NL,actual_onshore_wind_generation,Wind Onshore | Actual Consumption,2026-09-05T13:29:12Z
2026-09-05T13:27:38Z,2026-09-05T15:27:38+0200,6b664628-1305-42f6-8311-642f19c849c2,2026-09-03T17:30:00Z,2026-09-03T19:30:00+0200,528.886,MW,NL,NL,actual_onshore_wind_generation,Wind Onshore | Actual Aggregated,2026-09-05T13:29:12Z
2026-09-05T13:27:38Z,2026-09-05T15:27:38+0200,6b664628-1305-42f6-8311-642f19c849c2,2026-09-03T17:30:00Z,2026-09-03T19:30:00+0200,0.0,MW,NL,NL,actual_onshore_wind_generation,Wind Onshore | Actual Consumption,2026-09-05T13:29:12Z
2026-09-05T13:27:38Z,2026-09-05T15:27:38+0200,6b664628-1305-42f6-8311-642f19c849c2,2026-09-03T17:45:00Z,2026-09-03T19:45:00+0200,446.1,MW,NL,NL,actual_onshore_wind_generation,Wind Onshore | Actual Aggregated,2026-09-05T13:29:12Z
2026-09-05T13:27:38Z,2026-09-05T15:27:38+0200,6b664628-1305-42f6-8311-642f19c849c2,2026-09-03T17:45:00Z,2026-09-03T19:45:00+0200,0.0,MW,NL,NL,actual_onshore_wind_generation,Wind Onshore | Actual Consumption,2026-09-05T13:29:12Z
2026-09-05T13:27:38Z,2026-09-05T15:27:38+0200,6b664628-1305-42f6-8311-642f19c849c2,2026-09-03T18:00:00Z,2026-09-03T20:00:00+0200,400.414,MW,NL,NL,actual_onshore_wind_generation,Wind Onshore | Actual Aggregated,2026-09-05T13:29:12Z
2026-09-05T13:27:38Z,2026-09-05T15:27:38+0200,6b664628-1305-42f6-8311-642f19c849c2,2026-09-03T18:00:00Z,2026-09-03T20:00:00+0200,0.0,MW,NL,NL,actual_onshore_wind_generation,Wind Onshore | Actual Consumption,2026-09-05T13:29:12Z
2026-09-05T13:27:38Z,2026-09-05T15:27:38+0200,6b664628-1305-42f6-8311-642f19c849c2,2026-09-03T18:15:00Z,2026-09-03T20:15:00+0200,354.336,MW,NL,NL,actual_onshore_wind_generation,Wind Onshore | Actual Aggregated,2026-09-05T13:29:12Z
2026-09-05T13:27:38Z,2026-09-05T15:27:38+0200,6b664628-1305-42f6-8311-642f19c849c2,2026-09-03T18:15:00Z,2026-09-03T20:15:00+0200,0.0,MW,NL,NL,actual_onshore_wind_generation,Wind Onshore | Actual Consumption,2026-09-05T13:29:12Z
2026-09-05T13:27:38Z,2026-09-05T15:27:38+0200,6b664628-1305-42f6-8311-642f19c849c2,2026-09-03T18:30:00Z,2026-09-03T20:30:00+0200,361.945,MW,NL,NL,actual_onshore_wind_generation,Wind Onshore | Actual Aggregated,2026-09-05T13:29:12Z
2026-09-05T13:27:38Z,2026-09-05T15:27:38+0200,6b664628-1305-42f6-8311-642f19c849c2,2026-09-03T18:30:00Z,2026-09-03T20:30:00+0200,0.0,MW,NL,NL,actual_onshore_wind_generation,Wind Onshore | Actual Consumption,2026-09-05T13:29:12Z
2026-09-05T13:27:38Z,2026-09-05T15:27:38+0200,6b664628-1305-42f6-8311-642f19c849c2,2026-09-03T18:45:00Z,2026-09-03T20:45:00+0200,411.208,MW,NL,NL,actual_onshore_wind_generation,Wind Onshore | Actual Aggregated,2026-09-05T13:29:12Z
2026-09-05T13:27:38Z,2026-09-05T15:27:38+0200,6b664628-1305-42f6-8311-642f19c849c2,2026-09-03T18:45:00Z,2026-09-03T20:45:00+0200,0.0,MW,NL,NL,actual_onshore_wind_generation,Wind Onshore | Actual Consumption,2026-09-05T13:29:12Z
2026-09-05T13:27:38Z,2026-09-05T15:27:38+0200,6b664628-1305-42f6-8311-642f19c849c2,2026-09-03T19:00:00Z,2026-09-03T21:00:00+0200,401.963,MW,NL,NL,actual_onshore_wind_generation,Wind Onshore | Actual Aggregated,2026-09-05T13:29:12Z
2026-09-05T13:27:38Z,2026-09-05T15:27:38+0200,6b664628-1305-42f6-8311-642f19c849c2,2026-09-03T19:00:00Z,2026-09-03T21:00:00+0200,0.0,MW,NL,NL,actual_onshore_wind_generation,Wind Onshore | Actual Consumption,2026-09-05T13:29:12Z
2026-09-05T13:27:38Z,2026-09-05T15:27:38+0200,6b664628-1305-42f6-8311-642f19c849c2,2026-09-03T19:15:00Z,2026-09-03T21:15:00+0200,422.876,MW,NL,NL,actual_onshore_wind_generation,Wind Onshore | Actual Aggregated,2026-09-05T13:29:12Z
2026-09-05T13:27:38Z,2026-09-05T15:27:38+0200,6b664628-1305-42f6-8311-642f19c849c2,2026-09-03T19:15:00Z,2026-09-03T21:15:00+0200,0.0,MW,NL,NL,actual_onshore_wind_generation,Wind Onshore | Actual Consumption,2026-09-05T13:29:12Z
2026-09-05T13:27:38Z,2026-09-05T15:27:38+0200,6b664628-1305-42f6-8311-642f19c849c2,2026-09-03T19:30:00Z,2026-09-03T21:30:00+0200,383.9,MW,NL,NL,actual_onshore_wind_generation,Wind Onshore | Actual Aggregated,2026-09-05T13:29:12Z
2026-09-05T13:27:38Z,2026-09-05T15:27:38+0200,6b664628-1305-42f6-8311-642f19c849c2,2026-09-03T19:30:00Z,2026-09-03T21:30:00+0200,0.0,MW,NL,NL,actual_onshore_wind_generation,Wind Onshore | Actual Consumption,2026-09-05T13:29:12Z
2026-09-05T13:27:38Z,2026-09-05T15:27:38+0200,6b664628-1305-42f6-8311-642f19c849c2,2026-09-03T19:45:00Z,2026-09-03T21:45:00+0200,351.752,MW,NL,NL,actual_onshore_wind_generation,Wind Onshore | Actual Aggregated,2026-09-05T13:29:12Z
2026-09-05T13:27:38Z,2026-09-05T15:27:38+0200,6b664628-1305-42f6-8311-642f19c849c2,2026-09-03T19:45:00Z,2026-09-03T21:45:00+0200,0.0,MW,NL,NL,actual_onshore_wind_generation,Wind Onshore | Actual Consumption,2026-09-05T13:29:12Z
2026-09-05T13:27:38Z,2026-09-05T15:27:38+0200,6b664628-1305-42f6-8311-642f19c849c2,2026-09-03T20:00:00Z,2026-09-03T22:00:00+0200,368.89,MW,NL,NL,actual_onshore_wind_generation,Wind Onshore | Actual Aggregated,2026-09-05T13:29:12Z
2026-09-05T13:27:38Z,2026-09-05T15:27:38+0200,6b664628-1305-42f6-8311-642f19c849c2,2026-09-03T20:00:00Z,2026-09-03T22:00:00+0200,0.0,MW,NL,NL,actual_onshore_wind_generation,Wind Onshore | Actual Consumption,2026-09-05T13:29:12Z
2026-09-05T13:27:38Z,2026-09-05T15:27:38+0200,6b664628-1305-42f6-8311-642f19c849c2,2026-09-03T20:15:00Z,2026-09-03T22:15:00+0200,426.282,MW,NL,NL,actual_onshore_wind_generation,Wind Onshore | Actual Aggregated,2026-09-05T13:29:12Z
2026-09-05T13:27:38Z,2026-09-05T15:27:38+0200,6b664628-1305-42f6-8311-642f19c849c2,2026-09-03T20:15:00Z,2026-09-03T22:15:00+0200,0.0,MW,NL,NL,actual_onshore_wind_generation,Wind Onshore | Actual Consumption,2026-09-05T13:29:12Z
2026-09-05T13:27:38Z,2026-09-05T15:27:38+0200,6b664628-1305-42f6-8311-642f19c849c2,2026-09-03T20:30:00Z,2026-09-03T22:30:00+0200,459.372,MW,NL,NL,actual_onshore_wind_generation,Wind Onshore | Actual Aggregated,2026-09-05T13:29:12Z
2026-09-05T13:27:38Z,2026-09-05T15:27:38+0200,6b664628-1305-42f6-8311-642f19c849c2,2026-09-03T20:30:00Z,2026-09-03T22:30:00+0200,0.0,MW,NL,NL,actual_onshore_wind_generation,Wind Onshore | Actual Consumption,2026-09-05T13:29:12Z
2026-09-05T13:27:38Z,2026-09-05T15:27:38+0200,6b664628-1305-42f6-8311-642f19c849c2,2026-09-03T20:45:00Z,2026-09-03T22:45:00+0200,480.095,MW,NL,NL,actual_onshore_wind_generation,Wind Onshore | Actual Aggregated,2026-09-05T13:29:12Z
2026-09-05T13:27:38Z,2026-09-05T15:27:38+0200,6b664628-1305-42f6-8311-642f19c849c2,2026-09-03T20:45:00Z,2026-09-03T22:45:00+0200,0.0,MW,NL,NL,actual_onshore_wind_generation,Wind Onshore | Actual Consumption,2026-09-05T13:29:12Z
2026-09-05T13:27:38Z,2026-09-05T15:27:38+0200,6b664628-1305-42f6-8311-642f19c849c2,2026-09-03T21:00:00Z,2026-09-03T23:00:00+0200,516.758,MW,NL,NL,actual_onshore_wind_generation,Wind Onshore | Actual Aggregated,2026-09-05T13:29:12Z
2026-09-05T13:27:38Z,2026-09-05T15:27:38+0200,6b664628-1305-42f6-8311-642f19c849c2,2026-09-03T21:00:00Z,2026-09-03T23:00:00+0200,0.0,MW,NL,NL,actual_onshore_wind_generation,Wind Onshore | Actual Consumption,2026-09-05T13:29:12Z
2026-09-05T13:27:38Z,2026-09-05T15:27:38+0200,6b664628-1305-42f6-8311-642f19c849c2,2026-09-03T21:15:00Z,2026-09-03T23:15:00+0200,510.216,MW,NL,NL,actual_onshore_wind_generation,Wind Onshore | Actual Aggregated,2026-09-05T13:29:12Z
2026-09-05T13:27:38Z,2026-09-05T15:27:38+0200,6b664628-1305-42f6-8311-642f19c849c2,2026-09-03T21:15:00Z,2026-09-03T23:15:00+0200,0.0,MW,NL,NL,actual_onshore_wind_generation,Wind Onshore | Actual Consumption,2026-09-05T13:29:12Z
2026-09-05T13:27:38Z,2026-09-05T15:27:38+0200,6b664628-1305-42f6-8311-642f19c849c2,2026-09-03T21:30:00Z,2026-09-03T23:30:00+0200,465.341,MW,NL,NL,actual_onshore_wind_generation,Wind Onshore | Actual Aggregated,2026-09-05T13:29:12Z
2026-09-05T13:27:38Z,2026-09-05T15:27:38+0200,6b664628-1305-42f6-8311-642f19c849c2,2026-09-03T21:30:00Z,2026-09-03T23:30:00+0200,0.0,MW,NL,NL,actual_onshore_wind_generation,Wind Onshore | Actual Consumption,2026-09-05T13:29:12Z
2026-09-05T13:27:38Z,2026-09-05T15:27:38+0200,6b664628-1305-42f6-8311-642f19c849c2,2026-09-03T21:45:00Z,2026-09-03T23:45:00+0200,531.063,MW,NL,NL,actual_onshore_wind_generation,Wind Onshore | Actual Aggregated,2026-09-05T13:29:12Z
2026-09-05T13:27:38Z,2026-09-05T15:27:38+0200,6b664628-1305-42f6-8311-642f19c849c2,2026-09-03T21:45:00Z,2026-09-03T23:45:00+0200,0.0,MW,NL,NL,actual_onshore_wind_generation,Wind Onshore | Actual Consumption,2026-09-05T13:29:12Z
2026-09-05T13:27:38Z,2026-09-05T15:27:38+0200,6b664628-1305-42f6-8311-642f19c849c2,2026-09-03T22:00:00Z,2026-09-04T00:00:00+0200,550.89,MW,NL,NL,actual_onshore_wind_generation,Wind Onshore | Actual Aggregated,2026-09-05T13:29:12Z
2026-09-05T13:27:38Z,2026-09-05T15:27:38+0200,6b664628-1305-42f6-8311-642f19c849c2,2026-09-03T22:00:00Z,2026-09-04T00:00:00+0200,0.0,MW,NL,NL,actual_onshore_wind_generation,Wind Onshore | Actual Consumption,2026-09-05T13:29:12Z
2026-09-05T13:27:38Z,2026-09-05T15:27:38+0200,6b664628-1305-42f6-8311-642f19c849c2,2026-09-03T22:15:00Z,2026-09-04T00:15:00+0200,624.335,MW,NL,NL,actual_onshore_wind_generation,Wind Onshore | Actual Aggregated,2026-09-05T13:29:12Z
2026-09-05T13:27:38Z,2026-09-05T15:27:38+0200,6b664628-1305-42f6-8311-642f19c849c2,2026-09-03T22:15:00Z,2026-09-04T00:15:00+0200,0.0,MW,NL,NL,actual_onshore_wind_generation,Wind Onshore | Actual Consumption,2026-09-05T13:29:12Z
2026-09-05T13:27:38Z,2026-09-05T15:27:38+0200,6b664628-1305-42f6-8311-642f19c849c2,2026-09-03T22:30:00Z,2026-09-04T00:30:00+0200,672.316,MW,NL,NL,actual_onshore_wind_generation,Wind Onshore | Actual Aggregated,2026-09-05T13:29:12Z
2026-09-05T13:27:38Z,2026-09-05T15:27:38+0200,6b664628-1305-42f6-8311-642f19c849c2,2026-09-03T22:30:00Z,2026-09-04T00:30:00+0200,0.0,MW,NL,NL,actual_onshore_wind_generation,Wind Onshore | Actual Consumption,2026-09-05T13:29:12Z
2026-09-05T13:27:38Z,2026-09-05T15:27:38+0200,6b664628-1305-42f6-8311-642f19c849c2,2026-09-03T22:45:00Z,2026-09-04T00:45:00+0200,709.86,MW,NL,NL,actual_onshore_wind_generation,Wind Onshore | Actual Aggregated,2026-09-05T13:29:12Z
2026-09-05T13:27:38Z,2026-09-05T15:27:38+0200,6b664628-1305-42f6-8311-642f19c849c2,2026-09-03T22:45:00Z,2026-09-04T00:45:00+0200,0.0,MW,NL,NL,actual_onshore_wind_generation,Wind Onshore | Actual Consumption,2026-09-05T13:29:12Z
2026-09-05T13:27:38Z,2026-09-05T15:27:38+0200,6b664628-1305-42f6-8311-642f19c849c2,2026-09-03T23:00:00Z,2026-09-04T01:00:00+0200,749.866,MW,NL,NL,actual_onshore_wind_generation,Wind Onshore | Actual Aggregated,2026-09-05T13:29:12Z
2026-09-05T13:27:38Z,2026-09-05T15:27:38+0200,6b664628-1305-42f6-8311-642f19c849c2,2026-09-03T23:00:00Z,2026-09-04T01:00:00+0200,0.0,MW,NL,NL,actual_onshore_wind_generation,Wind Onshore | Actual Consumption,2026-09-05T13:29:12Z
2026-09-05T13:27:38Z,2026-09-05T15:27:38+0200,6b664628-1305-42f6-8311-642f19c849c2,2026-09-03T23:15:00Z,2026-09-04T01:15:00+0200,712.252,MW,NL,NL,actual_onshore_wind_generation,Wind Onshore | Actual Aggregated,2026-09-05T13:29:12Z
2026-09-05T13:27:38Z,2026-09-05T15:27:38+0200,6b664628-1305-42f6-8311-642f19c849c2,2026-09-03T23:15:00Z,2026-09-04T01:15:00+0200,0.0,MW,NL,NL,actual_onshore_wind_generation,Wind Onshore | Actual Consumption,2026-09-05T13:29:12Z
2026-09-05T13:27:38Z,2026-09-05T15:27:38+0200,6b664628-1305-42f6-8311-642f19c849c2,2026-09-03T23:30:00Z,2026-09-04T01:30:00+0200,707.725,MW,NL,NL,actual_onshore_wind_generation,Wind Onshore | Actual Aggregated,2026-09-05T13:29:12Z
2026-09-05T13:27:38Z,2026-09-05T15:27:38+0200,6b664628-1305-42f6-8311-642f19c849c2,2026-09-03T23:30:00Z,2026-09-04T01:30:00+0200,0.0,MW,NL,NL,actual_onshore_wind_generation,Wind Onshore | Actual Consumption,2026-09-05T13:29:12Z
2026-09-05T13:27:38Z,2026-09-05T15:27:38+0200,6b664628-1305-42f6-8311-642f19c849c2,2026-09-03T23:45:00Z,2026-09-04T01:45:00+0200,733.06,MW,NL,NL,actual_onshore_wind_generation,Wind Onshore | Actual Aggregated,2026-09-05T13:29:12Z
2026-09-05T13:27:38Z,2026-09-05T15:27:38+0200,6b664628-1305-42f6-8311-642f19c849c2,2026-09-03T23:45:00Z,2026-09-04T01:45:00+0200,0.0,MW,NL,NL,actual_onshore_wind_generation,Wind Onshore | Actual Consumption,2026-09-05T13:29:12Z
2026-09-05T13:27:38Z,2026-09-05T15:27:38+0200,6b664628-1305-42f6-8311-642f19c849c2,2026-09-04T00:00:00Z,2026-09-04T02:00:00+0200,800.021,MW,NL,NL,actual_onshore_wind_generation,Wind Onshore | Actual Aggregated,2026-09-05T13:29:12Z
2026-09-05T13:27:38Z,2026-09-05T15:27:38+0200,6b664628-1305-42f6-8311-642f19c849c2,2026-09-04T00:00:00Z,2026-09-04T02:00:00+0200,0.0,MW,NL,NL,actual_onshore_wind_generation,Wind Onshore | Actual Consumption,2026-09-05T13:29:12Z
2026-09-05T13:27:38Z,2026-09-05T15:27:38+0200,6b664628-1305-42f6-8311-642f19c849c2,2026-09-04T00:15:00Z,2026-09-04T02:15:00+0200,847.3,MW,NL,NL,actual_onshore_wind_generation,Wind Onshore | Actual Aggregated,2026-09-05T13:29:12Z
2026-09-05T13:27:38Z,2026-09-05T15:27:38+0200,6b664628-1305-42f6-8311-642f19c849c2,2026-09-04T00:15:00Z,2026-09-04T02:15:00+0200,0.0,MW,NL,NL,actual_onshore_wind_generation,Wind Onshore | Actual Consumption,2026-09-05T13:29:12Z
2026-09-05T13:27:38Z,2026-09-05T15:27:38+0200,6b664628-1305-42f6-8311-642f19c849c2,2026-09-04T00:30:00Z,2026-09-04T02:30:00+0200,906.485,MW,NL,NL,actual_onshore_wind_generation,Wind Onshore | Actual Aggregated,2026-09-05T13:29:12Z
2026-09-05T13:27:38Z,2026-09-05T15:27:38+0200,6b664628-1305-42f6-8311-642f19c849c2,2026-09-04T00:30:00Z,2026-09-04T02:30:00+0200,0.0,MW,NL,NL,actual_onshore_wind_generation,Wind Onshore | Actual Consumption,2026-09-05T13:29:12Z
2026-09-05T13:27:38Z,2026-09-05T15:27:38+0200,6b664628-1305-42f6-8311-642f19c849c2,2026-09-04T00:45:00Z,2026-09-04T02:45:00+0200,934.388,MW,NL,NL,actual_onshore_wind_generation,Wind Onshore | Actual Aggregated,2026-09-05T13:29:12Z
2026-09-05T13:27:38Z,2026-09-05T15:27:38+0200,6b664628-1305-42f6-8311-642f19c849c2,2026-09-04T00:45:00Z,2026-09-04T02:45:00+0200,0.0,MW,NL,NL,actual_onshore_wind_generation,Wind Onshore | Actual Consumption,2026-09-05T13:29:12Z
2026-09-05T13:27:38Z,2026-09-05T15:27:38+0200,6b664628-1305-42f6-8311-642f19c849c2,2026-09-04T01:00:00Z,2026-09-04T03:00:00+0200,926.314,MW,NL,NL,actual_onshore_wind_generation,Wind Onshore | Actual Aggregated,2026-09-05T13:29:12Z
2026-09-05T13:27:38Z,2026-09-05T15:27:38+0200,6b664628-1305-42f6-8311-642f19c849c2,2026-09-04T01:00:00Z,2026-09-04T03:00:00+0200,0.0,MW,NL,NL,actual_onshore_wind_generation,Wind Onshore | Actual Consumption,2026-09-05T13:29:12Z
2026-09-05T13:27:38Z,2026-09-05T15:27:38+0200,6b664628-1305-42f6-8311-642f19c849c2,2026-09-04T01:15:00Z,2026-09-04T03:15:00+0200,915.878,MW,NL,NL,actual_onshore_wind_generation,Wind Onshore | Actual Aggregated,2026-09-05T13:29:12Z
2026-09-05T13:27:38Z,2026-09-05T15:27:38+0200,6b664628-1305-42f6-8311-642f19c849c2,2026-09-04T01:15:00Z,2026-09-04T03:15:00+0200,0.0,MW,NL,NL,actual_onshore_wind_generation,Wind Onshore | Actual Consumption,2026-09-05T13:29:12Z
2026-09-05T13:27:38Z,2026-09-05T15:27:38+0200,6b664628-1305-42f6-8311-642f19c849c2,2026-09-04T01:30:00Z,2026-09-04T03:30:00+0200,897.79,MW,NL,NL,actual_onshore_wind_generation,Wind Onshore | Actual Aggregated,2026-09-05T13:29:12Z
2026-09-05T13:27:38Z,2026-09-05T15:27:38+0200,6b664628-1305-42f6-8311-642f19c849c2,2026-09-04T01:30:00Z,2026-09-04T03:30:00+0200,0.0,MW,NL,NL,actual_onshore_wind_generation,Wind Onshore | Actual Consumption,2026-09-05T13:29:12Z
2026-09-05T13:27:38Z,2026-09-05T15:27:38+0200,6b664628-1305-42f6-8311-642f19c849c2,2026-09-04T01:45:00Z,2026-09-04T03:45:00+0200,902.874,MW,NL,NL,actual_onshore_wind_generation,Wind Onshore | Actual Aggregated,2026-09-05T13:29:12Z
2026-09-05T13:27:38Z,2026-09-05T15:27:38+0200,6b664628-1305-42f6-8311-642f19c849c2,2026-09-04T01:45:00Z,2026-09-04T03:45:00+0200,0.0,MW,NL,NL,actual_onshore_wind_generation,Wind Onshore | Actual Consumption,2026-09-05T13:29:12Z
2026-09-05T13:27:38Z,2026-09-05T15:27:38+0200,6b664628-1305-42f6-8311-642f19c849c2,2026-09-04T02:00:00Z,2026-09-04T04:00:00+0200,891.151,MW,NL,NL,actual_onshore_wind_generation,Wind Onshore | Actual Aggregated,2026-09-05T13:29:12Z
2026-09-05T13:27:38Z,2026-09-05T15:27:38+0200,6b664628-1305-42f6-8311-642f19c849c2,2026-09-04T02:00:00Z,2026-09-04T04:00:00+0200,0.0,MW,NL,NL,actual_onshore_wind_generation,Wind Onshore | Actual Consumption,2026-09-05T13:29:12Z
2026-09-05T13:27:38Z,2026-09-05T15:27:38+0200,6b664628-1305-42f6-8311-642f19c849c2,2026-09-04T02:15:00Z,2026-09-04T04:15:00+0200,851.503,MW,NL,NL,actual_onshore_wind_generation,Wind Onshore | Actual Aggregated,2026-09-05T13:29:12Z
2026-09-05T13:27:38Z,2026-09-05T15:27:38+0200,6b664628-1305-42f6-8311-642f19c849c2,2026-09-04T02:15:00Z,2026-09-04T04:15:00+0200,0.0,MW,NL,NL,actual_onshore_wind_generation,Wind Onshore | Actual Consumption,2026-09-05T13:29:12Z
2026-09-05T13:27:38Z,2026-09-05T15:27:38+0200,6b664628-1305-42f6-8311-642f19c849c2,2026-09-04T02:30:00Z,2026-09-04T04:30:00+0200,853.553,MW,NL,NL,actual_onshore_wind_generation,Wind Onshore | Actual Aggregated,2026-09-05T13:29:12Z
2026-09-05T13:27:38Z,2026-09-05T15:27:38+0200,6b664628-1305-42f6-8311-642f19c849c2,2026-09-04T02:30:00Z,2026-09-04T04:30:00+0200,0.0,MW,NL,NL,actual_onshore_wind_generation,Wind Onshore | Actual Consumption,2026-09-05T13:29:12Z
2026-09-05T13:27:38Z,2026-09-05T15:27:38+0200,6b664628-1305-42f6-8311-642f19c849c2,2026-09-04T02:45:00Z,2026-09-04T04:45:00+0200,894.406,MW,NL,NL,actual_onshore_wind_generation,Wind Onshore | Actual Aggregated,2026-09-05T13:29:12Z
2026-09-05T13:27:38Z,2026-09-05T15:27:38+0200,6b664628-1305-42f6-8311-642f19c849c2,2026-09-04T02:45:00Z,2026-09-04T04:45:00+0200,0.0,MW,NL,NL,actual_onshore_wind_generation,Wind Onshore | Actual Consumption,2026-09-05T13:29:12Z
2026-09-05T13:27:38Z,2026-09-05T15:27:38+0200,6b664628-1305-42f6-8311-642f19c849c2,2026-09-04T03:00:00Z,2026-09-04T05:00:00+0200,906.127,MW,NL,NL,actual_onshore_wind_generation,Wind Onshore | Actual Aggregated,2026-09-05T13:29:12Z
2026-09-05T13:27:38Z,2026-09-05T15:27:38+0200,6b664628-1305-42f6-8311-642f19c849c2,2026-09-04T03:00:00Z,2026-09-04T05:00:00+0200,0.0,MW,NL,NL,actual_onshore_wind_generation,Wind Onshore | Actual Consumption,2026-09-05T13:29:12Z
2026-09-05T13:27:38Z,2026-09-05T15:27:38+0200,6b664628-1305-42f6-8311-642f19c849c2,2026-09-04T03:15:00Z,2026-09-04T05:15:00+0200,913.162,MW,NL,NL,actual_onshore_wind_generation,Wind Onshore | Actual Aggregated,2026-09-05T13:29:12Z
2026-09-05T13:27:38Z,2026-09-05T15:27:38+0200,6b664628-1305-42f6-8311-642f19c849c2,2026-09-04T03:15:00Z,2026-09-04T05:15:00+0200,0.0,MW,NL,NL,actual_onshore_wind_generation,Wind Onshore | Actual Consumption,2026-09-05T13:29:12Z
2026-09-05T13:27:38Z,2026-09-05T15:27:38+0200,6b664628-1305-42f6-8311-642f19c849c2,2026-09-04T03:30:00Z,2026-09-04T05:30:00+0200,946.002,MW,NL,NL,actual_onshore_wind_generation,Wind Onshore | Actual Aggregated,2026-09-05T13:29:12Z
2026-09-05T13:27:38Z,2026-09-05T15:27:38+0200,6b664628-1305-42f6-8311-642f19c849c2,2026-09-04T03:30:00Z,2026-09-04T05:30:00+0200,0.0,MW,NL,NL,actual_onshore_wind_generation,Wind Onshore | Actual Consumption,2026-09-05T13:29:12Z
2026-09-05T13:27:38Z,2026-09-05T15:27:38+0200,6b664628-1305-42f6-8311-642f19c849c2,2026-09-04T03:45:00Z,2026-09-04T05:45:00+0200,947.746,MW,NL,NL,actual_onshore_wind_generation,Wind Onshore | Actual Aggregated,2026-09-05T13:29:12Z
2026-09-05T13:27:38Z,2026-09-05T15:27:38+0200,6b664628-1305-42f6-8311-642f19c849c2,2026-09-04T03:45:00Z,2026-09-04T05:45:00+0200,0.0,MW,NL,NL,actual_onshore_wind_generation,Wind Onshore | Actual Consumption,2026-09-05T13:29:12Z
2026-09-05T13:27:38Z,2026-09-05T15:27:38+0200,6b664628-1305-42f6-8311-642f19c849c2,2026-09-04T04:00:00Z,2026-09-04T06:00:00+0200,933.617,MW,NL,NL,actual_onshore_wind_generation,Wind Onshore | Actual Aggregated,2026-09-05T13:29:12Z
2026-09-05T13:27:38Z,2026-09-05T15:27:38+0200,6b664628-1305-42f6-8311-642f19c849c2,2026-09-04T04:00:00Z,2026-09-04T06:00:00+0200,0.0,MW,NL,NL,actual_onshore_wind_generation,Wind Onshore | Actual Consumption,2026-09-05T13:29:12Z
2026-09-05T13:27:38Z,2026-09-05T15:27:38+0200,6b664628-1305-42f6-8311-642f19c849c2,2026-09-04T04:15:00Z,2026-09-04T06:15:00+0200,923.932,MW,NL,NL,actual_onshore_wind_generation,Wind Onshore | Actual Aggregated,2026-09-05T13:29:12Z
2026-09-05T13:27:38Z,2026-09-05T15:27:38+0200,6b664628-1305-42f6-8311-642f19c849c2,2026-09-04T04:15:00Z,2026-09-04T06:15:00+0200,0.0,MW,NL,NL,actual_onshore_wind_generation,Wind Onshore | Actual Consumption,2026-09-05T13:29:12Z
2026-09-05T13:27:38Z,2026-09-05T15:27:38+0200,6b664628-1305-42f6-8311-642f19c849c2,2026-09-04T04:30:00Z,2026-09-04T06:30:00+0200,922.423,MW,NL,NL,actual_onshore_wind_generation,Wind Onshore | Actual Aggregated,2026-09-05T13:29:12Z
2026-09-05T13:27:38Z,2026-09-05T15:27:38+0200,6b664628-1305-42f6-8311-642f19c849c2,2026-09-04T04:30:00Z,2026-09-04T06:30:00+0200,0.0,MW,NL,NL,actual_onshore_wind_generation,Wind Onshore | Actual Consumption,2026-09-05T13:29:12Z
2026-09-05T13:27:38Z,2026-09-05T15:27:38+0200,6b664628-1305-42f6-8311-642f19c849c2,2026-09-04T04:45:00Z,2026-09-04T06:45:00+0200,953.846,MW,NL,NL,actual_onshore_wind_generation,Wind Onshore | Actual Aggregated,2026-09-05T13:29:12Z
2026-09-05T13:27:38Z,2026-09-05T15:27:38+0200,6b664628-1305-42f6-8311-642f19c849c2,2026-09-04T04:45:00Z,2026-09-04T06:45:00+0200,0.0,MW,NL,NL,actual_onshore_wind_generation,Wind Onshore | Actual Consumption,2026-09-05T13:29:12Z
2026-09-05T13:27:38Z,2026-09-05T15:27:38+0200,6b664628-1305-42f6-8311-642f19c849c2,2026-09-04T05:00:00Z,2026-09-04T07:00:00+0200,971.381,MW,NL,NL,actual_onshore_wind_generation,Wind Onshore | Actual Aggregated,2026-09-05T13:29:12Z
2026-09-05T13:27:38Z,2026-09-05T15:27:38+0200,6b664628-1305-42f6-8311-642f19c849c2,2026-09-04T05:00:00Z,2026-09-04T07:00:00+0200,0.0,MW,NL,NL,actual_onshore_wind_generation,Wind Onshore | Actual Consumption,2026-09-05T13:29:12Z
2026-09-05T13:27:38Z,2026-09-05T15:27:38+0200,6b664628-1305-42f6-8311-642f19c849c2,2026-09-04T05:15:00Z,2026-09-04T07:15:00+0200,949.699,MW,NL,NL,actual_onshore_wind_generation,Wind Onshore | Actual Aggregated,2026-09-05T13:29:12Z
2026-09-05T13:27:38Z,2026-09-05T15:27:38+0200,6b664628-1305-42f6-8311-642f19c849c2,2026-09-04T05:15:00Z,2026-09-04T07:15:00+0200,0.0,MW,NL,NL,actual_onshore_wind_generation,Wind Onshore | Actual Consumption,2026-09-05T13:29:12Z
2026-09-05T13:27:38Z,2026-09-05T15:27:38+0200,6b664628-1305-42f6-8311-642f19c849c2,2026-09-04T05:30:00Z,2026-09-04T07:30:00+0200,958.414,MW,NL,NL,actual_onshore_wind_generation,Wind Onshore | Actual Aggregated,2026-09-05T13:29:12Z
2026-09-05T13:27:38Z,2026-09-05T15:27:38+0200,6b664628-1305-42f6-8311-642f19c849c2,2026-09-04T05:30:00Z,2026-09-04T07:30:00+0200,0.0,MW,NL,NL,actual_onshore_wind_generation,Wind Onshore | Actual Consumption,2026-09-05T13:29:12Z
2026-09-05T13:27:38Z,2026-09-05T15:27:38+0200,6b664628-1305-42f6-8311-642f19c849c2,2026-09-04T05:45:00Z,2026-09-04T07:45:00+0200,991.118,MW,NL,NL,actual_onshore_wind_generation,Wind Onshore | Actual Aggregated,2026-09-05T13:29:12Z
2026-09-05T13:27:38Z,2026-09-05T15:27:38+0200,6b664628-1305-42f6-8311-642f19c849c2,2026-09-04T05:45:00Z,2026-09-04T07:45:00+0200,0.0,MW,NL,NL,actual_onshore_wind_generation,Wind Onshore | Actual Consumption,2026-09-05T13:29:12Z
2026-09-05T13:27:38Z,2026-09-05T15:27:38+0200,6b664628-1305-42f6-8311-642f19c849c2,2026-09-04T06:00:00Z,2026-09-04T08:00:00+0200,962.612,MW,NL,NL,actual_onshore_wind_generation,Wind Onshore | Actual Aggregated,2026-09-05T13:29:12Z
2026-09-05T13:27:38Z,2026-09-05T15:27:38+0200,6b664628-1305-42f6-8311-642f19c849c2,2026-09-04T06:00:00Z,2026-09-04T08:00:00+0200,0.0,MW,NL,NL,actual_onshore_wind_generation,Wind Onshore | Actual Consumption,2026-09-05T13:29:12Z
2026-09-05T13:27:38Z,2026-09-05T15:27:38+0200,6b664628-1305-42f6-8311-642f19c849c2,2026-09-04T06:15:00Z,2026-09-04T08:15:00+0200,975.061,MW,NL,NL,actual_onshore_wind_generation,Wind Onshore | Actual Aggregated,2026-09-05T13:29:12Z
2026-09-05T13:27:38Z,2026-09-05T15:27:38+0200,6b664628-1305-42f6-8311-642f19c849c2,2026-09-04T06:15:00Z,2026-09-04T08:15:00+0200,0.0,MW,NL,NL,actual_onshore_wind_generation,Wind Onshore | Actual Consumption,2026-09-05T13:29:12Z
2026-09-05T13:27:38Z,2026-09-05T15:27:38+0200,6b664628-1305-42f6-8311-642f19c849c2,2026-09-04T06:30:00Z,2026-09-04T08:30:00+0200,975.687,MW,NL,NL,actual_onshore_wind_generation,Wind Onshore | Actual Aggregated,2026-09-05T13:29:12Z
2026-09-05T13:27:38Z,2026-09-05T15:27:38+0200,6b664628-1305-42f6-8311-642f19c849c2,2026-09-04T06:30:00Z,2026-09-04T08:30:00+0200,0.0,MW,NL,NL,actual_onshore_wind_generation,Wind Onshore | Actual Consumption,2026-09-05T13:29:12Z
2026-09-05T13:27:38Z,2026-09-05T15:27:38+0200,6b664628-1305-42f6-8311-642f19c849c2,2026-09-04T06:45:00Z,2026-09-04T08:45:00+0200,976.937,MW,NL,NL,actual_onshore_wind_generation,Wind Onshore | Actual Aggregated,2026-09-05T13:29:12Z
2026-09-05T13:27:38Z,2026-09-05T15:27:38+0200,6b664628-1305-42f6-8311-642f19c849c2,2026-09-04T06:45:00Z,2026-09-04T08:45:00+0200,0.0,MW,NL,NL,actual_onshore_wind_generation,Wind Onshore | Actual Consumption,2026-09-05T13:29:12Z
2026-09-05T13:27:38Z,2026-09-05T15:27:38+0200,6b664628-1305-42f6-8311-642f19c849c2,2026-09-04T07:00:00Z,2026-09-04T09:00:00+0200,974.635,MW,NL,NL,actual_onshore_wind_generation,Wind Onshore | Actual Aggregated,2026-09-05T13:29:12Z
2026-09-05T13:27:38Z,2026-09-05T15:27:38+0200,6b664628-1305-42f6-8311-642f19c849c2,2026-09-04T07:00:00Z,2026-09-04T09:00:00+0200,0.0,MW,NL,NL,actual_onshore_wind_generation,Wind Onshore | Actual Consumption,2026-09-05T13:29:12Z
2026-09-05T13:27:38Z,2026-09-05T15:27:38+0200,6b664628-1305-42f6-8311-642f19c849c2,2026-09-04T07:15:00Z,2026-09-04T09:15:00+0200,981.948,MW,NL,NL,actual_onshore_wind_generation,Wind Onshore | Actual Aggregated,2026-09-05T13:29:12Z
2026-09-05T13:27:38Z,2026-09-05T15:27:38+0200,6b664628-1305-42f6-8311-642f19c849c2,2026-09-04T07:15:00Z,2026-09-04T09:15:00+0200,0.0,MW,NL,NL,actual_onshore_wind_generation,Wind Onshore | Actual Consumption,2026-09-05T13:29:12Z
2026-09-05T13:27:38Z,2026-09-05T15:27:38+0200,6b664628-1305-42f6-8311-642f19c849c2,2026-09-04T07:30:00Z,2026-09-04T09:30:00+0200,1010.831,MW,NL,NL,actual_onshore_wind_generation,Wind Onshore | Actual Aggregated,2026-09-05T13:29:12Z
2026-09-05T13:27:38Z,2026-09-05T15:27:38+0200,6b664628-1305-42f6-8311-642f19c849c2,2026-09-04T07:30:00Z,2026-09-04T09:30:00+0200,0.0,MW,NL,NL,actual_onshore_wind_generation,Wind Onshore | Actual Consumption,2026-09-05T13:29:12Z
2026-09-05T13:27:38Z,2026-09-05T15:27:38+0200,6b664628-1305-42f6-8311-642f19c849c2,2026-09-04T07:45:00Z,2026-09-04T09:45:00+0200,1013.798,MW,NL,NL,actual_onshore_wind_generation,Wind Onshore | Actual Aggregated,2026-09-05T13:29:12Z
2026-09-05T13:27:38Z,2026-09-05T15:27:38+0200,6b664628-1305-42f6-8311-642f19c849c2,2026-09-04T07:45:00Z,2026-09-04T09:45:00+0200,0.0,MW,NL,NL,actual_onshore_wind_generation,Wind Onshore | Actual Consumption,2026-09-05T13:29:12Z
2026-09-05T13:27:38Z,2026-09-05T15:27:38+0200,6b664628-1305-42f6-8311-642f19c849c2,2026-09-04T08:00:00Z,2026-09-04T10:00:00+0200,702.824,MW,NL,NL,actual_onshore_wind_generation,Wind Onshore | Actual Aggregated,2026-09-05T13:29:12Z
2026-09-05T13:27:38Z,2026-09-05T15:27:38+0200,6b664628-1305-42f6-8311-642f19c849c2,2026-09-04T08:00:00Z,2026-09-04T10:00:00+0200,0.0,MW,NL,NL,actual_onshore_wind_generation,Wind Onshore | Actual Consumption,2026-09-05T13:29:12Z
2026-09-05T13:27:38Z,2026-09-05T15:27:38+0200,6b664628-1305-42f6-8311-642f19c849c2,2026-09-04T08:15:00Z,2026-09-04T10:15:00+0200,716.167,MW,NL,NL,actual_onshore_wind_generation,Wind Onshore | Actual Aggregated,2026-09-05T13:29:12Z
2026-09-05T13:27:38Z,2026-09-05T15:27:38+0200,6b664628-1305-42f6-8311-642f19c849c2,2026-09-04T08:15:00Z,2026-09-04T10:15:00+0200,0.0,MW,NL,NL,actual_onshore_wind_generation,Wind Onshore | Actual Consumption,2026-09-05T13:29:12Z
2026-09-05T13:27:38Z,2026-09-05T15:27:38+0200,6b664628-1305-42f6-8311-642f19c849c2,2026-09-04T08:30:00Z,2026-09-04T10:30:00+0200,682.878,MW,NL,NL,actual_onshore_wind_generation,Wind Onshore | Actual Aggregated,2026-09-05T13:29:12Z
2026-09-05T13:27:38Z,2026-09-05T15:27:38+0200,6b664628-1305-42f6-8311-642f19c849c2,2026-09-04T08:30:00Z,2026-09-04T10:30:00+0200,0.0,MW,NL,NL,actual_onshore_wind_generation,Wind Onshore | Actual Consumption,2026-09-05T13:29:12Z
2026-09-05T13:27:38Z,2026-09-05T15:27:38+0200,6b664628-1305-42f6-8311-642f19c849c2,2026-09-04T08:45:00Z,2026-09-04T10:45:00+0200,693.617,MW,NL,NL,actual_onshore_wind_generation,Wind Onshore | Actual Aggregated,2026-09-05T13:29:12Z
2026-09-05T13:27:38Z,2026-09-05T15:27:38+0200,6b664628-1305-42f6-8311-642f19c849c2,2026-09-04T08:45:00Z,2026-09-04T10:45:00+0200,0.0,MW,NL,NL,actual_onshore_wind_generation,Wind Onshore | Actual Consumption,2026-09-05T13:29:12Z
2026-09-05T13:27:38Z,2026-09-05T15:27:38+0200,6b664628-1305-42f6-8311-642f19c849c2,2026-09-04T09:00:00Z,2026-09-04T11:00:00+0200,693.631,MW,NL,NL,actual_onshore_wind_generation,Wind Onshore | Actual Aggregated,2026-09-05T13:29:12Z
2026-09-05T13:27:38Z,2026-09-05T15:27:38+0200,6b664628-1305-42f6-8311-642f19c849c2,2026-09-04T09:00:00Z,2026-09-04T11:00:00+0200,0.0,MW,NL,NL,actual_onshore_wind_generation,Wind Onshore | Actual Consumption,2026-09-05T13:29:12Z
2026-09-05T13:27:38Z,2026-09-05T15:27:38+0200,6b664628-1305-42f6-8311-642f19c849c2,2026-09-04T09:15:00Z,2026-09-04T11:15:00+0200,656.988,MW,NL,NL,actual_onshore_wind_generation,Wind Onshore | Actual Aggregated,2026-09-05T13:29:12Z
2026-09-05T13:27:38Z,2026-09-05T15:27:38+0200,6b664628-1305-42f6-8311-642f19c849c2,2026-09-04T09:15:00Z,2026-09-04T11:15:00+0200,0.0,MW,NL,NL,actual_onshore_wind_generation,Wind Onshore | Actual Consumption,2026-09-05T13:29:12Z
2026-09-05T13:27:38Z,2026-09-05T15:27:38+0200,6b664628-1305-42f6-8311-642f19c849c2,2026-09-04T09:30:00Z,2026-09-04T11:30:00+0200,615.224,MW,NL,NL,actual_onshore_wind_generation,Wind Onshore | Actual Aggregated,2026-09-05T13:29:12Z
2026-09-05T13:27:38Z,2026-09-05T15:27:38+0200,6b664628-1305-42f6-8311-642f19c849c2,2026-09-04T09:30:00Z,2026-09-04T11:30:00+0200,0.0,MW,NL,NL,actual_onshore_wind_generation,Wind Onshore | Actual Consumption,2026-09-05T13:29:12Z
2026-09-05T13:27:38Z,2026-09-05T15:27:38+0200,6b664628-1305-42f6-8311-642f19c849c2,2026-09-04T09:45:00Z,2026-09-04T11:45:00+0200,602.329,MW,NL,NL,actual_onshore_wind_generation,Wind Onshore | Actual Aggregated,2026-09-05T13:29:12Z
2026-09-05T13:27:38Z,2026-09-05T15:27:38+0200,6b664628-1305-42f6-8311-642f19c849c2,2026-09-04T09:45:00Z,2026-09-04T11:45:00+0200,0.0,MW,NL,NL,actual_onshore_wind_generation,Wind Onshore | Actual Consumption,2026-09-05T13:29:12Z
2026-09-05T13:27:38Z,2026-09-05T15:27:38+0200,6b664628-1305-42f6-8311-642f19c849c2,2026-09-04T10:00:00Z,2026-09-04T12:00:00+0200,597.962,MW,NL,NL,actual_onshore_wind_generation,Wind Onshore | Actual Aggregated,2026-09-05T13:29:12Z
2026-09-05T13:27:38Z,2026-09-05T15:27:38+0200,6b664628-1305-42f6-8311-642f19c849c2,2026-09-04T10:00:00Z,2026-09-04T12:00:00+0200,0.0,MW,NL,NL,actual_onshore_wind_generation,Wind Onshore | Actual Consumption,2026-09-05T13:29:12Z
2026-09-05T13:27:38Z,2026-09-05T15:27:38+0200,6b664628-1305-42f6-8311-642f19c849c2,2026-09-04T10:15:00Z,2026-09-04T12:15:00+0200,581.575,MW,NL,NL,actual_onshore_wind_generation,Wind Onshore | Actual Aggregated,2026-09-05T13:29:12Z
2026-09-05T13:27:38Z,2026-09-05T15:27:38+0200,6b664628-1305-42f6-8311-642f19c849c2,2026-09-04T10:15:00Z,2026-09-04T12:15:00+0200,0.0,MW,NL,NL,actual_onshore_wind_generation,Wind Onshore | Actual Consumption,2026-09-05T13:29:12Z
2026-09-05T13:27:38Z,2026-09-05T15:27:38+0200,6b664628-1305-42f6-8311-642f19c849c2,2026-09-04T10:30:00Z,2026-09-04T12:30:00+0200,534.822,MW,NL,NL,actual_onshore_wind_generation,Wind Onshore | Actual Aggregated,2026-09-05T13:29:12Z
2026-09-05T13:27:38Z,2026-09-05T15:27:38+0200,6b664628-1305-42f6-8311-642f19c849c2,2026-09-04T10:30:00Z,2026-09-04T12:30:00+0200,0.0,MW,NL,NL,actual_onshore_wind_generation,Wind Onshore | Actual Consumption,2026-09-05T13:29:12Z
2026-09-05T13:27:38Z,2026-09-05T15:27:38+0200,6b664628-1305-42f6-8311-642f19c849c2,2026-09-04T10:45:00Z,2026-09-04T12:45:00+0200,445.228,MW,NL,NL,actual_onshore_wind_generation,Wind Onshore | Actual Aggregated,2026-09-05T13:29:12Z
2026-09-05T13:27:38Z,2026-09-05T15:27:38+0200,6b664628-1305-42f6-8311-642f19c849c2,2026-09-04T10:45:00Z,2026-09-04T12:45:00+0200,0.0,MW,NL,NL,actual_onshore_wind_generation,Wind Onshore | Actual Consumption,2026-09-05T13:29:12Z
2026-09-05T13:27:38Z,2026-09-05T15:27:38+0200,6b664628-1305-42f6-8311-642f19c849c2,2026-09-04T11:00:00Z,2026-09-04T13:00:00+0200,459.123,MW,NL,NL,actual_onshore_wind_generation,Wind Onshore | Actual Aggregated,2026-09-05T13:29:12Z
2026-09-05T13:27:38Z,2026-09-05T15:27:38+0200,6b664628-1305-42f6-8311-642f19c849c2,2026-09-04T11:00:00Z,2026-09-04T13:00:00+0200,0.0,MW,NL,NL,actual_onshore_wind_generation,Wind Onshore | Actual Consumption,2026-09-05T13:29:12Z
2026-09-05T13:27:38Z,2026-09-05T15:27:38+0200,6b664628-1305-42f6-8311-642f19c849c2,2026-09-04T11:15:00Z,2026-09-04T13:15:00+0200,567.321,MW,NL,NL,actual_onshore_wind_generation,Wind Onshore | Actual Aggregated,2026-09-05T13:29:12Z
2026-09-05T13:27:38Z,2026-09-05T15:27:38+0200,6b664628-1305-42f6-8311-642f19c849c2,2026-09-04T11:15:00Z,2026-09-04T13:15:00+0200,0.0,MW,NL,NL,actual_onshore_wind_generation,Wind Onshore | Actual Consumption,2026-09-05T13:29:12Z
2026-09-05T13:27:38Z,2026-09-05T15:27:38+0200,6b664628-1305-42f6-8311-642f19c849c2,2026-09-04T11:30:00Z,2026-09-04T13:30:00+0200,600.662,MW,NL,NL,actual_onshore_wind_generation,Wind Onshore | Actual Aggregated,2026-09-05T13:29:12Z
2026-09-05T13:27:38Z,2026-09-05T15:27:38+0200,6b664628-1305-42f6-8311-642f19c849c2,2026-09-04T11:30:00Z,2026-09-04T13:30:00+0200,0.0,MW,NL,NL,actual_onshore_wind_generation,Wind Onshore | Actual Consumption,2026-09-05T13:29:12Z
2026-09-05T13:27:38Z,2026-09-05T15:27:38+0200,6b664628-1305-42f6-8311-642f19c849c2,2026-09-04T11:45:00Z,2026-09-04T13:45:00+0200,657.35,MW,NL,NL,actual_onshore_wind_generation,Wind Onshore | Actual Aggregated,2026-09-05T13:29:12Z
2026-09-05T13:27:38Z,2026-09-05T15:27:38+0200,6b664628-1305-42f6-8311-642f19c849c2,2026-09-04T11:45:00Z,2026-09-04T13:45:00+0200,0.0,MW,NL,NL,actual_onshore_wind_generation,Wind Onshore | Actual Consumption,2026-09-05T13:29:12Z
2026-09-05T13:27:38Z,2026-09-05T15:27:38+0200,6b664628-1305-42f6-8311-642f19c849c2,2026-09-04T12:00:00Z,2026-09-04T14:00:00+0200,611.772,MW,NL,NL,actual_onshore_wind_generation,Wind Onshore | Actual Aggregated,2026-09-05T13:29:12Z
2026-09-05T13:27:38Z,2026-09-05T15:27:38+0200,6b664628-1305-42f6-8311-642f19c849c2,2026-09-04T12:00:00Z,2026-09-04T14:00:00+0200,0.0,MW,NL,NL,actual_onshore_wind_generation,Wind Onshore | Actual Consumption,2026-09-05T13:29:12Z
2026-09-05T13:27:38Z,2026-09-05T15:27:38+0200,6b664628-1305-42f6-8311-642f19c849c2,2026-09-04T12:15:00Z,2026-09-04T14:15:00+0200,625.717,MW,NL,NL,actual_onshore_wind_generation,Wind Onshore | Actual Aggregated,2026-09-05T13:29:12Z
2026-09-05T13:27:38Z,2026-09-05T15:27:38+0200,6b664628-1305-42f6-8311-642f19c849c2,2026-09-04T12:15:00Z,2026-09-04T14:15:00+0200,0.0,MW,NL,NL,actual_onshore_wind_generation,Wind Onshore | Actual Consumption,2026-09-05T13:29:12Z
2026-09-05T13:27:38Z,2026-09-05T15:27:38+0200,6b664628-1305-42f6-8311-642f19c849c2,2026-09-04T12:30:00Z,2026-09-04T14:30:00+0200,608.668,MW,NL,NL,actual_onshore_wind_generation,Wind Onshore | Actual Aggregated,2026-09-05T13:29:12Z
2026-09-05T13:27:38Z,2026-09-05T15:27:38+0200,6b664628-1305-42f6-8311-642f19c849c2,2026-09-04T12:30:00Z,2026-09-04T14:30:00+0200,0.0,MW,NL,NL,actual_onshore_wind_generation,Wind Onshore | Actual Consumption,2026-09-05T13:29:12Z
2026-09-05T13:27:38Z,2026-09-05T15:27:38+0200,6b664628-1305-42f6-8311-642f19c849c2,2026-09-04T12:45:00Z,2026-09-04T14:45:00+0200,666.801,MW,NL,NL,actual_onshore_wind_generation,Wind Onshore | Actual Aggregated,2026-09-05T13:29:12Z
2026-09-05T13:27:38Z,2026-09-05T15:27:38+0200,6b664628-1305-42f6-8311-642f19c849c2,2026-09-04T12:45:00Z,2026-09-04T14:45:00+0200,0.0,MW,NL,NL,actual_onshore_wind_generation,Wind Onshore | Actual Consumption,2026-09-05T13:29:12Z
2026-09-05T13:27:38Z,2026-09-05T15:27:38+0200,6b664628-1305-42f6-8311-642f19c849c2,2026-09-04T13:00:00Z,2026-09-04T15:00:00+0200,649.279,MW,NL,NL,actual_onshore_wind_generation,Wind Onshore | Actual Aggregated,2026-09-05T13:29:12Z
2026-09-05T13:27:38Z,2026-09-05T15:27:38+0200,6b664628-1305-42f6-8311-642f19c849c2,2026-09-04T13:00:00Z,2026-09-04T15:00:00+0200,0.0,MW,NL,NL,actual_onshore_wind_generation,Wind Onshore | Actual Consumption,2026-09-05T13:29:12Z
2026-09-05T13:27:38Z,2026-09-05T15:27:38+0200,6b664628-1305-42f6-8311-642f19c849c2,2026-09-04T13:15:00Z,2026-09-04T15:15:00+0200,620.225,MW,NL,NL,actual_onshore_wind_generation,Wind Onshore | Actual Aggregated,2026-09-05T13:29:12Z
2026-09-05T13:27:38Z,2026-09-05T15:27:38+0200,6b664628-1305-42f6-8311-642f19c849c2,2026-09-04T13:15:00Z,2026-09-04T15:15:00+0200,0.0,MW,NL,NL,actual_onshore_wind_generation,Wind Onshore | Actual Consumption,2026-09-05T13:29:12Z
2026-09-05T13:27:38Z,2026-09-05T15:27:38+0200,6b664628-1305-42f6-8311-642f19c849c2,2026-09-04T13:30:00Z,2026-09-04T15:30:00+0200,583.489,MW,NL,NL,actual_onshore_wind_generation,Wind Onshore | Actual Aggregated,2026-09-05T13:29:12Z
2026-09-05T13:27:38Z,2026-09-05T15:27:38+0200,6b664628-1305-42f6-8311-642f19c849c2,2026-09-04T13:30:00Z,2026-09-04T15:30:00+0200,0.0,MW,NL,NL,actual_onshore_wind_generation,Wind Onshore | Actual Consumption,2026-09-05T13:29:12Z
2026-09-05T13:27:38Z,2026-09-05T15:27:38+0200,6b664628-1305-42f6-8311-642f19c849c2,2026-09-04T13:45:00Z,2026-09-04T15:45:00+0200,527.114,MW,NL,NL,actual_onshore_wind_generation,Wind Onshore | Actual Aggregated,2026-09-05T13:29:12Z
2026-09-05T13:27:38Z,2026-09-05T15:27:38+0200,6b664628-1305-42f6-8311-642f19c849c2,2026-09-04T13:45:00Z,2026-09-04T15:45:00+0200,0.0,MW,NL,NL,actual_onshore_wind_generation,Wind Onshore | Actual Consumption,2026-09-05T13:29:12Z
2026-09-05T13:27:38Z,2026-09-05T15:27:38+0200,6b664628-1305-42f6-8311-642f19c849c2,2026-09-04T14:00:00Z,2026-09-04T16:00:00+0200,516.007,MW,NL,NL,actual_onshore_wind_generation,Wind Onshore | Actual Aggregated,2026-09-05T13:29:12Z
2026-09-05T13:27:38Z,2026-09-05T15:27:38+0200,6b664628-1305-42f6-8311-642f19c849c2,2026-09-04T14:00:00Z,2026-09-04T16:00:00+0200,0.0,MW,NL,NL,actual_onshore_wind_generation,Wind Onshore | Actual Consumption,2026-09-05T13:29:12Z
2026-09-05T13:27:38Z,2026-09-05T15:27:38+0200,6b664628-1305-42f6-8311-642f19c849c2,2026-09-04T14:15:00Z,2026-09-04T16:15:00+0200,501.665,MW,NL,NL,actual_onshore_wind_generation,Wind Onshore | Actual Aggregated,2026-09-05T13:29:12Z
2026-09-05T13:27:38Z,2026-09-05T15:27:38+0200,6b664628-1305-42f6-8311-642f19c849c2,2026-09-04T14:15:00Z,2026-09-04T16:15:00+0200,0.0,MW,NL,NL,actual_onshore_wind_generation,Wind Onshore | Actual Consumption,2026-09-05T13:29:12Z
2026-09-05T13:27:38Z,2026-09-05T15:27:38+0200,6b664628-1305-42f6-8311-642f19c849c2,2026-09-04T14:30:00Z,2026-09-04T16:30:00+0200,497.813,MW,NL,NL,actual_onshore_wind_generation,Wind Onshore | Actual Aggregated,2026-09-05T13:29:12Z
2026-09-05T13:27:38Z,2026-09-05T15:27:38+0200,6b664628-1305-42f6-8311-642f19c849c2,2026-09-04T14:30:00Z,2026-09-04T16:30:00+0200,0.0,MW,NL,NL,actual_onshore_wind_generation,Wind Onshore | Actual Consumption,2026-09-05T13:29:12Z
2026-09-05T13:27:38Z,2026-09-05T15:27:38+0200,6b664628-1305-42f6-8311-642f19c849c2,2026-09-04T14:45:00Z,2026-09-04T16:45:00+0200,479.027,MW,NL,NL,actual_onshore_wind_generation,Wind Onshore | Actual Aggregated,2026-09-05T13:29:12Z
2026-09-05T13:27:38Z,2026-09-05T15:27:38+0200,6b664628-1305-42f6-8311-642f19c849c2,2026-09-04T14:45:00Z,2026-09-04T16:45:00+0200,0.0,MW,NL,NL,actual_onshore_wind_generation,Wind Onshore | Actual Consumption,2026-09-05T13:29:12Z
2026-09-05T13:27:38Z,2026-09-05T15:27:38+0200,6b664628-1305-42f6-8311-642f19c849c2,2026-09-04T15:00:00Z,2026-09-04T17:00:00+0200,824.601,MW,NL,NL,actual_onshore_wind_generation,Wind Onshore | Actual Aggregated,2026-09-05T13:29:12Z
2026-09-05T13:27:38Z,2026-09-05T15:27:38+0200,6b664628-1305-42f6-8311-642f19c849c2,2026-09-04T15:00:00Z,2026-09-04T17:00:00+0200,0.0,MW,NL,NL,actual_onshore_wind_generation,Wind Onshore | Actual Consumption,2026-09-05T13:29:12Z
2026-09-05T13:27:38Z,2026-09-05T15:27:38+0200,6b664628-1305-42f6-8311-642f19c849c2,2026-09-04T15:15:00Z,2026-09-04T17:15:00+0200,881.246,MW,NL,NL,actual_onshore_wind_generation,Wind Onshore | Actual Aggregated,2026-09-05T13:29:12Z
2026-09-05T13:27:38Z,2026-09-05T15:27:38+0200,6b664628-1305-42f6-8311-642f19c849c2,2026-09-04T15:15:00Z,2026-09-04T17:15:00+0200,0.0,MW,NL,NL,actual_onshore_wind_generation,Wind Onshore | Actual Consumption,2026-09-05T13:29:12Z
2026-09-05T13:27:38Z,2026-09-05T15:27:38+0200,6b664628-1305-42f6-8311-642f19c849c2,2026-09-04T15:30:00Z,2026-09-04T17:30:00+0200,916.2,MW,NL,NL,actual_onshore_wind_generation,Wind Onshore | Actual Aggregated,2026-09-05T13:29:12Z
2026-09-05T13:27:38Z,2026-09-05T15:27:38+0200,6b664628-1305-42f6-8311-642f19c849c2,2026-09-04T15:30:00Z,2026-09-04T17:30:00+0200,0.0,MW,NL,NL,actual_onshore_wind_generation,Wind Onshore | Actual Consumption,2026-09-05T13:29:12Z
2026-09-05T13:27:38Z,2026-09-05T15:27:38+0200,6b664628-1305-42f6-8311-642f19c849c2,2026-09-04T15:45:00Z,2026-09-04T17:45:00+0200,968.551,MW,NL,NL,actual_onshore_wind_generation,Wind Onshore | Actual Aggregated,2026-09-05T13:29:12Z
2026-09-05T13:27:38Z,2026-09-05T15:27:38+0200,6b664628-1305-42f6-8311-642f19c849c2,2026-09-04T15:45:00Z,2026-09-04T17:45:00+0200,0.0,MW,NL,NL,actual_onshore_wind_generation,Wind Onshore | Actual Consumption,2026-09-05T13:29:12Z
2026-09-05T13:27:38Z,2026-09-05T15:27:38+0200,6b664628-1305-42f6-8311-642f19c849c2,2026-09-04T16:00:00Z,2026-09-04T18:00:00+0200,1010.628,MW,NL,NL,actual_onshore_wind_generation,Wind Onshore | Actual Aggregated,2026-09-05T13:29:12Z
2026-09-05T13:27:38Z,2026-09-05T15:27:38+0200,6b664628-1305-42f6-8311-642f19c849c2,2026-09-04T16:00:00Z,2026-09-04T18:00:00+0200,0.0,MW,NL,NL,actual_onshore_wind_generation,Wind Onshore | Actual Consumption,2026-09-05T13:29:12Z
2026-09-05T13:27:38Z,2026-09-05T15:27:38+0200,6b664628-1305-42f6-8311-642f19c849c2,2026-09-04T16:15:00Z,2026-09-04T18:15:00+0200,986.974,MW,NL,NL,actual_onshore_wind_generation,Wind Onshore | Actual Aggregated,2026-09-05T13:29:12Z
2026-09-05T13:27:38Z,2026-09-05T15:27:38+0200,6b664628-1305-42f6-8311-642f19c849c2,2026-09-04T16:15:00Z,2026-09-04T18:15:00+0200,0.0,MW,NL,NL,actual_onshore_wind_generation,Wind Onshore | Actual Consumption,2026-09-05T13:29:12Z
2026-09-05T13:27:38Z,2026-09-05T15:27:38+0200,6b664628-1305-42f6-8311-642f19c849c2,2026-09-04T16:30:00Z,2026-09-04T18:30:00+0200,970.541,MW,NL,NL,actual_onshore_wind_generation,Wind Onshore | Actual Aggregated,2026-09-05T13:29:12Z
2026-09-05T13:27:38Z,2026-09-05T15:27:38+0200,6b664628-1305-42f6-8311-642f19c849c2,2026-09-04T16:30:00Z,2026-09-04T18:30:00+0200,0.0,MW,NL,NL,actual_onshore_wind_generation,Wind Onshore | Actual Consumption,2026-09-05T13:29:12Z
2026-09-05T13:27:38Z,2026-09-05T15:27:38+0200,6b664628-1305-42f6-8311-642f19c849c2,2026-09-04T16:45:00Z,2026-09-04T18:45:00+0200,978.553,MW,NL,NL,actual_onshore_wind_generation,Wind Onshore | Actual Aggregated,2026-09-05T13:29:12Z
2026-09-05T13:27:38Z,2026-09-05T15:27:38+0200,6b664628-1305-42f6-8311-642f19c849c2,2026-09-04T16:45:00Z,2026-09-04T18:45:00+0200,0.0,MW,NL,NL,actual_onshore_wind_generation,Wind Onshore | Actual Consumption,2026-09-05T13:29:12Z
2026-09-05T13:27:38Z,2026-09-05T15:27:38+0200,6b664628-1305-42f6-8311-642f19c849c2,2026-09-04T17:00:00Z,2026-09-04T19:00:00+0200,978.728,MW,NL,NL,actual_onshore_wind_generation,Wind Onshore | Actual Aggregated,2026-09-05T13:29:12Z
2026-09-05T13:27:38Z,2026-09-05T15:27:38+0200,6b664628-1305-42f6-8311-642f19c849c2,2026-09-04T17:00:00Z,2026-09-04T19:00:00+0200,0.0,MW,NL,NL,actual_onshore_wind_generation,Wind Onshore | Actual Consumption,2026-09-05T13:29:12Z
2026-09-05T13:27:38Z,2026-09-05T15:27:38+0200,6b664628-1305-42f6-8311-642f19c849c2,2026-09-04T17:15:00Z,2026-09-04T19:15:00+0200,934.046,MW,NL,NL,actual_onshore_wind_generation,Wind Onshore | Actual Aggregated,2026-09-05T13:29:12Z
2026-09-05T13:27:38Z,2026-09-05T15:27:38+0200,6b664628-1305-42f6-8311-642f19c849c2,2026-09-04T17:15:00Z,2026-09-04T19:15:00+0200,0.0,MW,NL,NL,actual_onshore_wind_generation,Wind Onshore | Actual Consumption,2026-09-05T13:29:12Z
2026-09-05T13:27:38Z,2026-09-05T15:27:38+0200,6b664628-1305-42f6-8311-642f19c849c2,2026-09-04T17:30:00Z,2026-09-04T19:30:00+0200,927.916,MW,NL,NL,actual_onshore_wind_generation,Wind Onshore | Actual Aggregated,2026-09-05T13:29:12Z
2026-09-05T13:27:38Z,2026-09-05T15:27:38+0200,6b664628-1305-42f6-8311-642f19c849c2,2026-09-04T17:30:00Z,2026-09-04T19:30:00+0200,0.0,MW,NL,NL,actual_onshore_wind_generation,Wind Onshore | Actual Consumption,2026-09-05T13:29:12Z
2026-09-05T13:27:38Z,2026-09-05T15:27:38+0200,6b664628-1305-42f6-8311-642f19c849c2,2026-09-04T17:45:00Z,2026-09-04T19:45:00+0200,876.688,MW,NL,NL,actual_onshore_wind_generation,Wind Onshore | Actual Aggregated,2026-09-05T13:29:12Z
2026-09-05T13:27:38Z,2026-09-05T15:27:38+0200,6b664628-1305-42f6-8311-642f19c849c2,2026-09-04T17:45:00Z,2026-09-04T19:45:00+0200,0.0,MW,NL,NL,actual_onshore_wind_generation,Wind Onshore | Actual Consumption,2026-09-05T13:29:12Z
2026-09-05T13:27:38Z,2026-09-05T15:27:38+0200,6b664628-1305-42f6-8311-642f19c849c2,2026-09-04T18:00:00Z,2026-09-04T20:00:00+0200,922.134,MW,NL,NL,actual_onshore_wind_generation,Wind Onshore | Actual Aggregated,2026-09-05T13:29:12Z
2026-09-05T13:27:38Z,2026-09-05T15:27:38+0200,6b664628-1305-42f6-8311-642f19c849c2,2026-09-04T18:00:00Z,2026-09-04T20:00:00+0200,0.0,MW,NL,NL,actual_onshore_wind_generation,Wind Onshore | Actual Consumption,2026-09-05T13:29:12Z
2026-09-05T13:27:38Z,2026-09-05T15:27:38+0200,6b664628-1305-42f6-8311-642f19c849c2,2026-09-04T18:15:00Z,2026-09-04T20:15:00+0200,915.753,MW,NL,NL,actual_onshore_wind_generation,Wind Onshore | Actual Aggregated,2026-09-05T13:29:12Z
2026-09-05T13:27:38Z,2026-09-05T15:27:38+0200,6b664628-1305-42f6-8311-642f19c849c2,2026-09-04T18:15:00Z,2026-09-04T20:15:00+0200,0.0,MW,NL,NL,actual_onshore_wind_generation,Wind Onshore | Actual Consumption,2026-09-05T13:29:12Z
2026-09-05T13:27:38Z,2026-09-05T15:27:38+0200,6b664628-1305-42f6-8311-642f19c849c2,2026-09-04T18:30:00Z,2026-09-04T20:30:00+0200,903.124,MW,NL,NL,actual_onshore_wind_generation,Wind Onshore | Actual Aggregated,2026-09-05T13:29:12Z
2026-09-05T13:27:38Z,2026-09-05T15:27:38+0200,6b664628-1305-42f6-8311-642f19c849c2,2026-09-04T18:30:00Z,2026-09-04T20:30:00+0200,0.0,MW,NL,NL,actual_onshore_wind_generation,Wind Onshore | Actual Consumption,2026-09-05T13:29:12Z
2026-09-05T13:27:38Z,2026-09-05T15:27:38+0200,6b664628-1305-42f6-8311-642f19c849c2,2026-09-04T18:45:00Z,2026-09-04T20:45:00+0200,859.978,MW,NL,NL,actual_onshore_wind_generation,Wind Onshore | Actual Aggregated,2026-09-05T13:29:12Z
2026-09-05T13:27:38Z,2026-09-05T15:27:38+0200,6b664628-1305-42f6-8311-642f19c849c2,2026-09-04T18:45:00Z,2026-09-04T20:45:00+0200,0.0,MW,NL,NL,actual_onshore_wind_generation,Wind Onshore | Actual Consumption,2026-09-05T13:29:12Z
2026-09-05T13:27:38Z,2026-09-05T15:27:38+0200,6b664628-1305-42f6-8311-642f19c849c2,2026-09-04T19:00:00Z,2026-09-04T21:00:00+0200,849.202,MW,NL,NL,actual_onshore_wind_generation,Wind Onshore | Actual Aggregated,2026-09-05T13:29:12Z
2026-09-05T13:27:38Z,2026-09-05T15:27:38+0200,6b664628-1305-42f6-8311-642f19c849c2,2026-09-04T19:00:00Z,2026-09-04T21:00:00+0200,0.0,MW,NL,NL,actual_onshore_wind_generation,Wind Onshore | Actual Consumption,2026-09-05T13:29:12Z
2026-09-05T13:27:38Z,2026-09-05T15:27:38+0200,6b664628-1305-42f6-8311-642f19c849c2,2026-09-04T19:15:00Z,2026-09-04T21:15:00+0200,851.101,MW,NL,NL,actual_onshore_wind_generation,Wind Onshore | Actual Aggregated,2026-09-05T13:29:12Z
2026-09-05T13:27:38Z,2026-09-05T15:27:38+0200,6b664628-1305-42f6-8311-642f19c849c2,2026-09-04T19:15:00Z,2026-09-04T21:15:00+0200,0.0,MW,NL,NL,actual_onshore_wind_generation,Wind Onshore | Actual Consumption,2026-09-05T13:29:12Z
2026-09-05T13:27:38Z,2026-09-05T15:27:38+0200,6b664628-1305-42f6-8311-642f19c849c2,2026-09-04T19:30:00Z,2026-09-04T21:30:00+0200,840.471,MW,NL,NL,actual_onshore_wind_generation,Wind Onshore | Actual Aggregated,2026-09-05T13:29:12Z
2026-09-05T13:27:38Z,2026-09-05T15:27:38+0200,6b664628-1305-42f6-8311-642f19c849c2,2026-09-04T19:30:00Z,2026-09-04T21:30:00+0200,0.0,MW,NL,NL,actual_onshore_wind_generation,Wind Onshore | Actual Consumption,2026-09-05T13:29:12Z
2026-09-05T13:27:38Z,2026-09-05T15:27:38+0200,6b664628-1305-42f6-8311-642f19c849c2,2026-09-04T19:45:00Z,2026-09-04T21:45:00+0200,821.716,MW,NL,NL,actual_onshore_wind_generation,Wind Onshore | Actual Aggregated,2026-09-05T13:29:12Z
2026-09-05T13:27:38Z,2026-09-05T15:27:38+0200,6b664628-1305-42f6-8311-642f19c849c2,2026-09-04T19:45:00Z,2026-09-04T21:45:00+0200,0.0,MW,NL,NL,actual_onshore_wind_generation,Wind Onshore | Actual Consumption,2026-09-05T13:29:12Z
2026-09-05T13:27:38Z,2026-09-05T15:27:38+0200,6b664628-1305-42f6-8311-642f19c849c2,2026-09-04T20:00:00Z,2026-09-04T22:00:00+0200,845.871,MW,NL,NL,actual_onshore_wind_generation,Wind Onshore | Actual Aggregated,2026-09-05T13:29:12Z
2026-09-05T13:27:38Z,2026-09-05T15:27:38+0200,6b664628-1305-42f6-8311-642f19c849c2,2026-09-04T20:00:00Z,2026-09-04T22:00:00+0200,0.0,MW,NL,NL,actual_onshore_wind_generation,Wind Onshore | Actual Consumption,2026-09-05T13:29:12Z
2026-09-05T13:27:38Z,2026-09-05T15:27:38+0200,6b664628-1305-42f6-8311-642f19c849c2,2026-09-04T20:15:00Z,2026-09-04T22:15:00+0200,873.884,MW,NL,NL,actual_onshore_wind_generation,Wind Onshore | Actual Aggregated,2026-09-05T13:29:12Z
2026-09-05T13:27:38Z,2026-09-05T15:27:38+0200,6b664628-1305-42f6-8311-642f19c849c2,2026-09-04T20:15:00Z,2026-09-04T22:15:00+0200,0.0,MW,NL,NL,actual_onshore_wind_generation,Wind Onshore | Actual Consumption,2026-09-05T13:29:12Z
2026-09-05T13:27:38Z,2026-09-05T15:27:38+0200,6b664628-1305-42f6-8311-642f19c849c2,2026-09-04T20:30:00Z,2026-09-04T22:30:00+0200,829.048,MW,NL,NL,actual_onshore_wind_generation,Wind Onshore | Actual Aggregated,2026-09-05T13:29:12Z
2026-09-05T13:27:38Z,2026-09-05T15:27:38+0200,6b664628-1305-42f6-8311-642f19c849c2,2026-09-04T20:30:00Z,2026-09-04T22:30:00+0200,0.0,MW,NL,NL,actual_onshore_wind_generation,Wind Onshore | Actual Consumption,2026-09-05T13:29:12Z
2026-09-05T13:27:38Z,2026-09-05T15:27:38+0200,6b664628-1305-42f6-8311-642f19c849c2,2026-09-04T20:45:00Z,2026-09-04T22:45:00+0200,891.766,MW,NL,NL,actual_onshore_wind_generation,Wind Onshore | Actual Aggregated,2026-09-05T13:29:12Z
2026-09-05T13:27:38Z,2026-09-05T15:27:38+0200,6b664628-1305-42f6-8311-642f19c849c2,2026-09-04T20:45:00Z,2026-09-04T22:45:00+0200,0.0,MW,NL,NL,actual_onshore_wind_generation,Wind Onshore | Actual Consumption,2026-09-05T13:29:12Z
2026-09-05T13:27:38Z,2026-09-05T15:27:38+0200,6b664628-1305-42f6-8311-642f19c849c2,2026-09-04T21:00:00Z,2026-09-04T23:00:00+0200,897.207,MW,NL,NL,actual_onshore_wind_generation,Wind Onshore | Actual Aggregated,2026-09-05T13:29:12Z
2026-09-05T13:27:38Z,2026-09-05T15:27:38+0200,6b664628-1305-42f6-8311-642f19c849c2,2026-09-04T21:00:00Z,2026-09-04T23:00:00+0200,0.0,MW,NL,NL,actual_onshore_wind_generation,Wind Onshore | Actual Consumption,2026-09-05T13:29:12Z
2026-09-05T13:27:38Z,2026-09-05T15:27:38+0200,6b664628-1305-42f6-8311-642f19c849c2,2026-09-04T21:15:00Z,2026-09-04T23:15:00+0200,899.646,MW,NL,NL,actual_onshore_wind_generation,Wind Onshore | Actual Aggregated,2026-09-05T13:29:12Z
2026-09-05T13:27:38Z,2026-09-05T15:27:38+0200,6b664628-1305-42f6-8311-642f19c849c2,2026-09-04T21:15:00Z,2026-09-04T23:15:00+0200,0.0,MW,NL,NL,actual_onshore_wind_generation,Wind Onshore | Actual Consumption,2026-09-05T13:29:12Z
2026-09-05T13:27:38Z,2026-09-05T15:27:38+0200,6b664628-1305-42f6-8311-642f19c849c2,2026-09-04T21:30:00Z,2026-09-04T23:30:00+0200,908.246,MW,NL,NL,actual_onshore_wind_generation,Wind Onshore | Actual Aggregated,2026-09-05T13:29:12Z
2026-09-05T13:27:38Z,2026-09-05T15:27:38+0200,6b664628-1305-42f6-8311-642f19c849c2,2026-09-04T21:30:00Z,2026-09-04T23:30:00+0200,0.0,MW,NL,NL,actual_onshore_wind_generation,Wind Onshore | Actual Consumption,2026-09-05T13:29:12Z
2026-09-05T13:27:38Z,2026-09-05T15:27:38+0200,6b664628-1305-42f6-8311-642f19c849c2,2026-09-04T21:45:00Z,2026-09-04T23:45:00+0200,905.867,MW,NL,NL,actual_onshore_wind_generation,Wind Onshore | Actual Aggregated,2026-09-05T13:29:12Z
2026-09-05T13:27:38Z,2026-09-05T15:27:38+0200,6b664628-1305-42f6-8311-642f19c849c2,2026-09-04T21:45:00Z,2026-09-04T23:45:00+0200,0.0,MW,NL,NL,actual_onshore_wind_generation,Wind Onshore | Actual Consumption,2026-09-05T13:29:12Z
2026-09-05T13:27:38Z,2026-09-05T15:27:38+0200,6b664628-1305-42f6-8311-642f19c849c2,2026-09-04T22:00:00Z,2026-09-05T00:00:00+0200,906.029,MW,NL,NL,actual_onshore_wind_generation,Wind Onshore | Actual Aggregated,2026-09-05T13:29:12Z
2026-09-05T13:27:38Z,2026-09-05T15:27:38+0200,6b664628-1305-42f6-8311-642f19c849c2,2026-09-04T22:00:00Z,2026-09-05T00:00:00+0200,0.0,MW,NL,NL,actual_onshore_wind_generation,Wind Onshore | Actual Consumption,2026-09-05T13:29:12Z
2026-09-05T13:27:38Z,2026-09-05T15:27:38+0200,6b664628-1305-42f6-8311-642f19c849c2,2026-09-04T22:15:00Z,2026-09-05T00:15:00+0200,894.942,MW,NL,NL,actual_onshore_wind_generation,Wind Onshore | Actual Aggregated,2026-09-05T13:29:12Z
2026-09-05T13:27:38Z,2026-09-05T15:27:38+0200,6b664628-1305-42f6-8311-642f19c849c2,2026-09-04T22:15:00Z,2026-09-05T00:15:00+0200,0.0,MW,NL,NL,actual_onshore_wind_generation,Wind Onshore | Actual Consumption,2026-09-05T13:29:12Z
2026-09-05T13:27:38Z,2026-09-05T15:27:38+0200,6b664628-1305-42f6-8311-642f19c849c2,2026-09-04T22:30:00Z,2026-09-05T00:30:00+0200,856.893,MW,NL,NL,actual_onshore_wind_generation,Wind Onshore | Actual Aggregated,2026-09-05T13:29:12Z
2026-09-05T13:27:38Z,2026-09-05T15:27:38+0200,6b664628-1305-42f6-8311-642f19c849c2,2026-09-04T22:30:00Z,2026-09-05T00:30:00+0200,0.0,MW,NL,NL,actual_onshore_wind_generation,Wind Onshore | Actual Consumption,2026-09-05T13:29:12Z
2026-09-05T13:27:38Z,2026-09-05T15:27:38+0200,6b664628-1305-42f6-8311-642f19c849c2,2026-09-04T22:45:00Z,2026-09-05T00:45:00+0200,812.638,MW,NL,NL,actual_onshore_wind_generation,Wind Onshore | Actual Aggregated,2026-09-05T13:29:12Z
2026-09-05T13:27:38Z,2026-09-05T15:27:38+0200,6b664628-1305-42f6-8311-642f19c849c2,2026-09-04T22:45:00Z,2026-09-05T00:45:00+0200,0.0,MW,NL,NL,actual_onshore_wind_generation,Wind Onshore | Actual Consumption,2026-09-05T13:29:12Z
2026-09-05T13:27:38Z,2026-09-05T15:27:38+0200,6b664628-1305-42f6-8311-642f19c849c2,2026-09-04T23:00:00Z,2026-09-05T01:00:00+0200,809.781,MW,NL,NL,actual_onshore_wind_generation,Wind Onshore | Actual Aggregated,2026-09-05T13:29:12Z
2026-09-05T13:27:38Z,2026-09-05T15:27:38+0200,6b664628-1305-42f6-8311-642f19c849c2,2026-09-04T23:00:00Z,2026-09-05T01:00:00+0200,0.0,MW,NL,NL,actual_onshore_wind_generation,Wind Onshore | Actual Consumption,2026-09-05T13:29:12Z
2026-09-05T13:27:38Z,2026-09-05T15:27:38+0200,6b664628-1305-42f6-8311-642f19c849c2,2026-09-04T23:15:00Z,2026-09-05T01:15:00+0200,797.259,MW,NL,NL,actual_onshore_wind_generation,Wind Onshore | Actual Aggregated,2026-09-05T13:29:12Z
2026-09-05T13:27:38Z,2026-09-05T15:27:38+0200,6b664628-1305-42f6-8311-642f19c849c2,2026-09-04T23:15:00Z,2026-09-05T01:15:00+0200,0.0,MW,NL,NL,actual_onshore_wind_generation,Wind Onshore | Actual Consumption,2026-09-05T13:29:12Z
2026-09-05T13:27:38Z,2026-09-05T15:27:38+0200,6b664628-1305-42f6-8311-642f19c849c2,2026-09-04T23:30:00Z,2026-09-05T01:30:00+0200,755.584,MW,NL,NL,actual_onshore_wind_generation,Wind Onshore | Actual Aggregated,2026-09-05T13:29:12Z
2026-09-05T13:27:38Z,2026-09-05T15:27:38+0200,6b664628-1305-42f6-8311-642f19c849c2,2026-09-04T23:30:00Z,2026-09-05T01:30:00+0200,0.0,MW,NL,NL,actual_onshore_wind_generation,Wind Onshore | Actual Consumption,2026-09-05T13:29:12Z
2026-09-05T13:27:38Z,2026-09-05T15:27:38+0200,6b664628-1305-42f6-8311-642f19c849c2,2026-09-04T23:45:00Z,2026-09-05T01:45:00+0200,766.939,MW,NL,NL,actual_onshore_wind_generation,Wind Onshore | Actual Aggregated,2026-09-05T13:29:12Z
2026-09-05T13:27:38Z,2026-09-05T15:27:38+0200,6b664628-1305-42f6-8311-642f19c849c2,2026-09-04T23:45:00Z,2026-09-05T01:45:00+0200,0.0,MW,NL,NL,actual_onshore_wind_generation,Wind Onshore | Actual Consumption,2026-09-05T13:29:12Z
2026-09-05T13:27:38Z,2026-09-05T15:27:38+0200,6b664628-1305-42f6-8311-642f19c849c2,2026-09-05T00:00:00Z,2026-09-05T02:00:00+0200,728.155,MW,NL,NL,actual_onshore_wind_generation,Wind Onshore | Actual Aggregated,2026-09-05T13:29:12Z
2026-09-05T13:27:38Z,2026-09-05T15:27:38+0200,6b664628-1305-42f6-8311-642f19c849c2,2026-09-05T00:00:00Z,2026-09-05T02:00:00+0200,0.0,MW,NL,NL,actual_onshore_wind_generation,Wind Onshore | Actual Consumption,2026-09-05T13:29:12Z
2026-09-05T13:27:38Z,2026-09-05T15:27:38+0200,6b664628-1305-42f6-8311-642f19c849c2,2026-09-05T00:15:00Z,2026-09-05T02:15:00+0200,710.791,MW,NL,NL,actual_onshore_wind_generation,Wind Onshore | Actual Aggregated,2026-09-05T13:29:12Z
2026-09-05T13:27:38Z,2026-09-05T15:27:38+0200,6b664628-1305-42f6-8311-642f19c849c2,2026-09-05T00:15:00Z,2026-09-05T02:15:00+0200,0.0,MW,NL,NL,actual_onshore_wind_generation,Wind Onshore | Actual Consumption,2026-09-05T13:29:12Z
2026-09-05T13:27:38Z,2026-09-05T15:27:38+0200,6b664628-1305-42f6-8311-642f19c849c2,2026-09-05T00:30:00Z,2026-09-05T02:30:00+0200,714.221,MW,NL,NL,actual_onshore_wind_generation,Wind Onshore | Actual Aggregated,2026-09-05T13:29:12Z
2026-09-05T13:27:38Z,2026-09-05T15:27:38+0200,6b664628-1305-42f6-8311-642f19c849c2,2026-09-05T00:30:00Z,2026-09-05T02:30:00+0200,0.0,MW,NL,NL,actual_onshore_wind_generation,Wind Onshore | Actual Consumption,2026-09-05T13:29:12Z
2026-09-05T13:27:38Z,2026-09-05T15:27:38+0200,6b664628-1305-42f6-8311-642f19c849c2,2026-09-05T00:45:00Z,2026-09-05T02:45:00+0200,699.227,MW,NL,NL,actual_onshore_wind_generation,Wind Onshore | Actual Aggregated,2026-09-05T13:29:12Z
2026-09-05T13:27:38Z,2026-09-05T15:27:38+0200,6b664628-1305-42f6-8311-642f19c849c2,2026-09-05T00:45:00Z,2026-09-05T02:45:00+0200,0.0,MW,NL,NL,actual_onshore_wind_generation,Wind Onshore | Actual Consumption,2026-09-05T13:29:12Z
2026-09-05T13:27:38Z,2026-09-05T15:27:38+0200,6b664628-1305-42f6-8311-642f19c849c2,2026-09-05T01:00:00Z,2026-09-05T03:00:00+0200,699.826,MW,NL,NL,actual_onshore_wind_generation,Wind Onshore | Actual Aggregated,2026-09-05T13:29:12Z
2026-09-05T13:27:38Z,2026-09-05T15:27:38+0200,6b664628-1305-42f6-8311-642f19c849c2,2026-09-05T01:00:00Z,2026-09-05T03:00:00+0200,0.0,MW,NL,NL,actual_onshore_wind_generation,Wind Onshore | Actual Consumption,2026-09-05T13:29:12Z
2026-09-05T13:27:38Z,2026-09-05T15:27:38+0200,6b664628-1305-42f6-8311-642f19c849c2,2026-09-05T01:15:00Z,2026-09-05T03:15:00+0200,669.988,MW,NL,NL,actual_onshore_wind_generation,Wind Onshore | Actual Aggregated,2026-09-05T13:29:12Z
2026-09-05T13:27:38Z,2026-09-05T15:27:38+0200,6b664628-1305-42f6-8311-642f19c849c2,2026-09-05T01:15:00Z,2026-09-05T03:15:00+0200,0.0,MW,NL,NL,actual_onshore_wind_generation,Wind Onshore | Actual Consumption,2026-09-05T13:29:12Z
2026-09-05T13:27:38Z,2026-09-05T15:27:38+0200,6b664628-1305-42f6-8311-642f19c849c2,2026-09-05T01:30:00Z,2026-09-05T03:30:00+0200,657.75,MW,NL,NL,actual_onshore_wind_generation,Wind Onshore | Actual Aggregated,2026-09-05T13:29:12Z
2026-09-05T13:27:38Z,2026-09-05T15:27:38+0200,6b664628-1305-42f6-8311-642f19c849c2,2026-09-05T01:30:00Z,2026-09-05T03:30:00+0200,0.0,MW,NL,NL,actual_onshore_wind_generation,Wind Onshore | Actual Consumption,2026-09-05T13:29:12Z
2026-09-05T13:27:38Z,2026-09-05T15:27:38+0200,6b664628-1305-42f6-8311-642f19c849c2,2026-09-05T01:45:00Z,2026-09-05T03:45:00+0200,627.629,MW,NL,NL,actual_onshore_wind_generation,Wind Onshore | Actual Aggregated,2026-09-05T13:29:12Z
2026-09-05T13:27:38Z,2026-09-05T15:27:38+0200,6b664628-1305-42f6-8311-642f19c849c2,2026-09-05T01:45:00Z,2026-09-05T03:45:00+0200,0.0,MW,NL,NL,actual_onshore_wind_generation,Wind Onshore | Actual Consumption,2026-09-05T13:29:12Z
2026-09-05T13:27:38Z,2026-09-05T15:27:38+0200,6b664628-1305-42f6-8311-642f19c849c2,2026-09-05T02:00:00Z,2026-09-05T04:00:00+0200,621.386,MW,NL,NL,actual_onshore_wind_generation,Wind Onshore | Actual Aggregated,2026-09-05T13:29:12Z
2026-09-05T13:27:38Z,2026-09-05T15:27:38+0200,6b664628-1305-42f6-8311-642f19c849c2,2026-09-05T02:00:00Z,2026-09-05T04:00:00+0200,0.0,MW,NL,NL,actual_onshore_wind_generation,Wind Onshore | Actual Consumption,2026-09-05T13:29:12Z
2026-09-05T13:27:38Z,2026-09-05T15:27:38+0200,6b664628-1305-42f6-8311-642f19c849c2,2026-09-05T02:15:00Z,2026-09-05T04:15:00+0200,640.942,MW,NL,NL,actual_onshore_wind_generation,Wind Onshore | Actual Aggregated,2026-09-05T13:29:12Z
2026-09-05T13:27:38Z,2026-09-05T15:27:38+0200,6b664628-1305-42f6-8311-642f19c849c2,2026-09-05T02:15:00Z,2026-09-05T04:15:00+0200,0.0,MW,NL,NL,actual_onshore_wind_generation,Wind Onshore | Actual Consumption,2026-09-05T13:29:12Z
2026-09-05T13:27:38Z,2026-09-05T15:27:38+0200,6b664628-1305-42f6-8311-642f19c849c2,2026-09-05T02:30:00Z,2026-09-05T04:30:00+0200,706.789,MW,NL,NL,actual_onshore_wind_generation,Wind Onshore | Actual Aggregated,2026-09-05T13:29:12Z
2026-09-05T13:27:38Z,2026-09-05T15:27:38+0200,6b664628-1305-42f6-8311-642f19c849c2,2026-09-05T02:30:00Z,2026-09-05T04:30:00+0200,0.0,MW,NL,NL,actual_onshore_wind_generation,Wind Onshore | Actual Consumption,2026-09-05T13:29:12Z
2026-09-05T13:27:38Z,2026-09-05T15:27:38+0200,6b664628-1305-42f6-8311-642f19c849c2,2026-09-05T02:45:00Z,2026-09-05T04:45:00+0200,726.34,MW,NL,NL,actual_onshore_wind_generation,Wind Onshore | Actual Aggregated,2026-09-05T13:29:12Z
2026-09-05T13:27:38Z,2026-09-05T15:27:38+0200,6b664628-1305-42f6-8311-642f19c849c2,2026-09-05T02:45:00Z,2026-09-05T04:45:00+0200,0.0,MW,NL,NL,actual_onshore_wind_generation,Wind Onshore | Actual Consumption,2026-09-05T13:29:12Z
2026-09-05T13:27:38Z,2026-09-05T15:27:38+0200,6b664628-1305-42f6-8311-642f19c849c2,2026-09-05T03:00:00Z,2026-09-05T05:00:00+0200,764.757,MW,NL,NL,actual_onshore_wind_generation,Wind Onshore | Actual Aggregated,2026-09-05T13:29:12Z
2026-09-05T13:27:38Z,2026-09-05T15:27:38+0200,6b664628-1305-42f6-8311-642f19c849c2,2026-09-05T03:00:00Z,2026-09-05T05:00:00+0200,0.0,MW,NL,NL,actual_onshore_wind_generation,Wind Onshore | Actual Consumption,2026-09-05T13:29:12Z
2026-09-05T13:27:38Z,2026-09-05T15:27:38+0200,6b664628-1305-42f6-8311-642f19c849c2,2026-09-05T03:15:00Z,2026-09-05T05:15:00+0200,767.038,MW,NL,NL,actual_onshore_wind_generation,Wind Onshore | Actual Aggregated,2026-09-05T13:29:12Z
2026-09-05T13:27:38Z,2026-09-05T15:27:38+0200,6b664628-1305-42f6-8311-642f19c849c2,2026-09-05T03:15:00Z,2026-09-05T05:15:00+0200,0.0,MW,NL,NL,actual_onshore_wind_generation,Wind Onshore | Actual Consumption,2026-09-05T13:29:12Z
2026-09-05T13:27:38Z,2026-09-05T15:27:38+0200,6b664628-1305-42f6-8311-642f19c849c2,2026-09-05T03:30:00Z,2026-09-05T05:30:00+0200,765.976,MW,NL,NL,actual_onshore_wind_generation,Wind Onshore | Actual Aggregated,2026-09-05T13:29:12Z
2026-09-05T13:27:38Z,2026-09-05T15:27:38+0200,6b664628-1305-42f6-8311-642f19c849c2,2026-09-05T03:30:00Z,2026-09-05T05:30:00+0200,0.0,MW,NL,NL,actual_onshore_wind_generation,Wind Onshore | Actual Consumption,2026-09-05T13:29:12Z
2026-09-05T13:27:38Z,2026-09-05T15:27:38+0200,6b664628-1305-42f6-8311-642f19c849c2,2026-09-05T03:45:00Z,2026-09-05T05:45:00+0200,753.377,MW,NL,NL,actual_onshore_wind_generation,Wind Onshore | Actual Aggregated,2026-09-05T13:29:12Z
2026-09-05T13:27:38Z,2026-09-05T15:27:38+0200,6b664628-1305-42f6-8311-642f19c849c2,2026-09-05T03:45:00Z,2026-09-05T05:45:00+0200,0.0,MW,NL,NL,actual_onshore_wind_generation,Wind Onshore | Actual Consumption,2026-09-05T13:29:12Z
2026-09-05T13:27:38Z,2026-09-05T15:27:38+0200,6b664628-1305-42f6-8311-642f19c849c2,2026-09-05T04:00:00Z,2026-09-05T06:00:00+0200,783.726,MW,NL,NL,actual_onshore_wind_generation,Wind Onshore | Actual Aggregated,2026-09-05T13:29:12Z
2026-09-05T13:27:38Z,2026-09-05T15:27:38+0200,6b664628-1305-42f6-8311-642f19c849c2,2026-09-05T04:00:00Z,2026-09-05T06:00:00+0200,0.0,MW,NL,NL,actual_onshore_wind_generation,Wind Onshore | Actual Consumption,2026-09-05T13:29:12Z
2026-09-05T13:27:38Z,2026-09-05T15:27:38+0200,6b664628-1305-42f6-8311-642f19c849c2,2026-09-05T04:15:00Z,2026-09-05T06:15:00+0200,815.827,MW,NL,NL,actual_onshore_wind_generation,Wind Onshore | Actual Aggregated,2026-09-05T13:29:12Z
2026-09-05T13:27:38Z,2026-09-05T15:27:38+0200,6b664628-1305-42f6-8311-642f19c849c2,2026-09-05T04:15:00Z,2026-09-05T06:15:00+0200,0.0,MW,NL,NL,actual_onshore_wind_generation,Wind Onshore | Actual Consumption,2026-09-05T13:29:12Z
2026-09-05T13:27:38Z,2026-09-05T15:27:38+0200,6b664628-1305-42f6-8311-642f19c849c2,2026-09-05T04:30:00Z,2026-09-05T06:30:00+0200,789.995,MW,NL,NL,actual_onshore_wind_generation,Wind Onshore | Actual Aggregated,2026-09-05T13:29:12Z
2026-09-05T13:27:38Z,2026-09-05T15:27:38+0200,6b664628-1305-42f6-8311-642f19c849c2,2026-09-05T04:30:00Z,2026-09-05T06:30:00+0200,0.0,MW,NL,NL,actual_onshore_wind_generation,Wind Onshore | Actual Consumption,2026-09-05T13:29:12Z
2026-09-05T13:27:38Z,2026-09-05T15:27:38+0200,6b664628-1305-42f6-8311-642f19c849c2,2026-09-05T04:45:00Z,2026-09-05T06:45:00+0200,767.428,MW,NL,NL,actual_onshore_wind_generation,Wind Onshore | Actual Aggregated,2026-09-05T13:29:12Z
2026-09-05T13:27:38Z,2026-09-05T15:27:38+0200,6b664628-1305-42f6-8311-642f19c849c2,2026-09-05T04:45:00Z,2026-09-05T06:45:00+0200,0.0,MW,NL,NL,actual_onshore_wind_generation,Wind Onshore | Actual Consumption,2026-09-05T13:29:12Z
2026-09-05T13:27:38Z,2026-09-05T15:27:38+0200,6b664628-1305-42f6-8311-642f19c849c2,2026-09-05T05:00:00Z,2026-09-05T07:00:00+0200,755.939,MW,NL,NL,actual_onshore_wind_generation,Wind Onshore | Actual Aggregated,2026-09-05T13:29:12Z
2026-09-05T13:27:38Z,2026-09-05T15:27:38+0200,6b664628-1305-42f6-8311-642f19c849c2,2026-09-05T05:00:00Z,2026-09-05T07:00:00+0200,0.0,MW,NL,NL,actual_onshore_wind_generation,Wind Onshore | Actual Consumption,2026-09-05T13:29:12Z
2026-09-05T13:27:38Z,2026-09-05T15:27:38+0200,6b664628-1305-42f6-8311-642f19c849c2,2026-09-05T05:15:00Z,2026-09-05T07:15:00+0200,736.528,MW,NL,NL,actual_onshore_wind_generation,Wind Onshore | Actual Aggregated,2026-09-05T13:29:12Z
2026-09-05T13:27:38Z,2026-09-05T15:27:38+0200,6b664628-1305-42f6-8311-642f19c849c2,2026-09-05T05:15:00Z,2026-09-05T07:15:00+0200,0.0,MW,NL,NL,actual_onshore_wind_generation,Wind Onshore | Actual Consumption,2026-09-05T13:29:12Z
2026-09-05T13:27:38Z,2026-09-05T15:27:38+0200,6b664628-1305-42f6-8311-642f19c849c2,2026-09-05T05:30:00Z,2026-09-05T07:30:00+0200,737.155,MW,NL,NL,actual_onshore_wind_generation,Wind Onshore | Actual Aggregated,2026-09-05T13:29:12Z
2026-09-05T13:27:38Z,2026-09-05T15:27:38+0200,6b664628-1305-42f6-8311-642f19c849c2,2026-09-05T05:30:00Z,2026-09-05T07:30:00+0200,0.0,MW,NL,NL,actual_onshore_wind_generation,Wind Onshore | Actual Consumption,2026-09-05T13:29:12Z
2026-09-05T13:27:38Z,2026-09-05T15:27:38+0200,6b664628-1305-42f6-8311-642f19c849c2,2026-09-05T05:45:00Z,2026-09-05T07:45:00+0200,772.86,MW,NL,NL,actual_onshore_wind_generation,Wind Onshore | Actual Aggregated,2026-09-05T13:29:12Z
2026-09-05T13:27:38Z,2026-09-05T15:27:38+0200,6b664628-1305-42f6-8311-642f19c849c2,2026-09-05T05:45:00Z,2026-09-05T07:45:00+0200,0.0,MW,NL,NL,actual_onshore_wind_generation,Wind Onshore | Actual Consumption,2026-09-05T13:29:12Z
2026-09-05T13:27:38Z,2026-09-05T15:27:38+0200,6b664628-1305-42f6-8311-642f19c849c2,2026-09-05T06:00:00Z,2026-09-05T08:00:00+0200,775.253,MW,NL,NL,actual_onshore_wind_generation,Wind Onshore | Actual Aggregated,2026-09-05T13:29:12Z
2026-09-05T13:27:38Z,2026-09-05T15:27:38+0200,6b664628-1305-42f6-8311-642f19c849c2,2026-09-05T06:00:00Z,2026-09-05T08:00:00+0200,0.0,MW,NL,NL,actual_onshore_wind_generation,Wind Onshore | Actual Consumption,2026-09-05T13:29:12Z
2026-09-05T13:27:38Z,2026-09-05T15:27:38+0200,6b664628-1305-42f6-8311-642f19c849c2,2026-09-05T06:15:00Z,2026-09-05T08:15:00+0200,796.733,MW,NL,NL,actual_onshore_wind_generation,Wind Onshore | Actual Aggregated,2026-09-05T13:29:12Z
2026-09-05T13:27:38Z,2026-09-05T15:27:38+0200,6b664628-1305-42f6-8311-642f19c849c2,2026-09-05T06:15:00Z,2026-09-05T08:15:00+0200,0.0,MW,NL,NL,actual_onshore_wind_generation,Wind Onshore | Actual Consumption,2026-09-05T13:29:12Z
2026-09-05T13:27:38Z,2026-09-05T15:27:38+0200,6b664628-1305-42f6-8311-642f19c849c2,2026-09-05T06:30:00Z,2026-09-05T08:30:00+0200,780.008,MW,NL,NL,actual_onshore_wind_generation,Wind Onshore | Actual Aggregated,2026-09-05T13:29:12Z
2026-09-05T13:27:38Z,2026-09-05T15:27:38+0200,6b664628-1305-42f6-8311-642f19c849c2,2026-09-05T06:30:00Z,2026-09-05T08:30:00+0200,0.0,MW,NL,NL,actual_onshore_wind_generation,Wind Onshore | Actual Consumption,2026-09-05T13:29:12Z
2026-09-05T13:27:38Z,2026-09-05T15:27:38+0200,6b664628-1305-42f6-8311-642f19c849c2,2026-09-05T06:45:00Z,2026-09-05T08:45:00+0200,815.422,MW,NL,NL,actual_onshore_wind_generation,Wind Onshore | Actual Aggregated,2026-09-05T13:29:12Z
2026-09-05T13:27:38Z,2026-09-05T15:27:38+0200,6b664628-1305-42f6-8311-642f19c849c2,2026-09-05T06:45:00Z,2026-09-05T08:45:00+0200,0.0,MW,NL,NL,actual_onshore_wind_generation,Wind Onshore | Actual Consumption,2026-09-05T13:29:12Z
2026-09-05T13:27:38Z,2026-09-05T15:27:38+0200,6b664628-1305-42f6-8311-642f19c849c2,2026-09-05T07:00:00Z,2026-09-05T09:00:00+0200,861.996,MW,NL,NL,actual_onshore_wind_generation,Wind Onshore | Actual Aggregated,2026-09-05T13:29:12Z
2026-09-05T13:27:38Z,2026-09-05T15:27:38+0200,6b664628-1305-42f6-8311-642f19c849c2,2026-09-05T07:00:00Z,2026-09-05T09:00:00+0200,0.0,MW,NL,NL,actual_onshore_wind_generation,Wind Onshore | Actual Consumption,2026-09-05T13:29:12Z
2026-09-05T13:27:38Z,2026-09-05T15:27:38+0200,6b664628-1305-42f6-8311-642f19c849c2,2026-09-05T07:15:00Z,2026-09-05T09:15:00+0200,808.137,MW,NL,NL,actual_onshore_wind_generation,Wind Onshore | Actual Aggregated,2026-09-05T13:29:12Z
2026-09-05T13:27:38Z,2026-09-05T15:27:38+0200,6b664628-1305-42f6-8311-642f19c849c2,2026-09-05T07:15:00Z,2026-09-05T09:15:00+0200,0.0,MW,NL,NL,actual_onshore_wind_generation,Wind Onshore | Actual Consumption,2026-09-05T13:29:12Z
2026-09-05T13:27:38Z,2026-09-05T15:27:38+0200,6b664628-1305-42f6-8311-642f19c849c2,2026-09-05T07:30:00Z,2026-09-05T09:30:00+0200,813.62,MW,NL,NL,actual_onshore_wind_generation,Wind Onshore | Actual Aggregated,2026-09-05T13:29:12Z
2026-09-05T13:27:38Z,2026-09-05T15:27:38+0200,6b664628-1305-42f6-8311-642f19c849c2,2026-09-05T07:30:00Z,2026-09-05T09:30:00+0200,0.0,MW,NL,NL,actual_onshore_wind_generation,Wind Onshore | Actual Consumption,2026-09-05T13:29:12Z
2026-09-05T13:27:38Z,2026-09-05T15:27:38+0200,6b664628-1305-42f6-8311-642f19c849c2,2026-09-05T07:45:00Z,2026-09-05T09:45:00+0200,696.832,MW,NL,NL,actual_onshore_wind_generation,Wind Onshore | Actual Aggregated,2026-09-05T13:29:12Z
2026-09-05T13:27:38Z,2026-09-05T15:27:38+0200,6b664628-1305-42f6-8311-642f19c849c2,2026-09-05T07:45:00Z,2026-09-05T09:45:00+0200,0.0,MW,NL,NL,actual_onshore_wind_generation,Wind Onshore | Actual Consumption,2026-09-05T13:29:12Z
2026-09-05T13:27:38Z,2026-09-05T15:27:38+0200,6b664628-1305-42f6-8311-642f19c849c2,2026-09-05T08:00:00Z,2026-09-05T10:00:00+0200,574.626,MW,NL,NL,actual_onshore_wind_generation,Wind Onshore | Actual Aggregated,2026-09-05T13:29:12Z
2026-09-05T13:27:38Z,2026-09-05T15:27:38+0200,6b664628-1305-42f6-8311-642f19c849c2,2026-09-05T08:00:00Z,2026-09-05T10:00:00+0200,0.043,MW,NL,NL,actual_onshore_wind_generation,Wind Onshore | Actual Consumption,2026-09-05T13:29:12Z
2026-09-05T13:27:38Z,2026-09-05T15:27:38+0200,6b664628-1305-42f6-8311-642f19c849c2,2026-09-05T08:15:00Z,2026-09-05T10:15:00+0200,609.6,MW,NL,NL,actual_onshore_wind_generation,Wind Onshore | Actual Aggregated,2026-09-05T13:29:12Z
2026-09-05T13:27:38Z,2026-09-05T15:27:38+0200,6b664628-1305-42f6-8311-642f19c849c2,2026-09-05T08:15:00Z,2026-09-05T10:15:00+0200,0.0,MW,NL,NL,actual_onshore_wind_generation,Wind Onshore | Actual Consumption,2026-09-05T13:29:12Z
2026-09-05T13:27:38Z,2026-09-05T15:27:38+0200,6b664628-1305-42f6-8311-642f19c849c2,2026-09-05T08:30:00Z,2026-09-05T10:30:00+0200,610.872,MW,NL,NL,actual_onshore_wind_generation,Wind Onshore | Actual Aggregated,2026-09-05T13:29:12Z
2026-09-05T13:27:38Z,2026-09-05T15:27:38+0200,6b664628-1305-42f6-8311-642f19c849c2,2026-09-05T08:30:00Z,2026-09-05T10:30:00+0200,0.0,MW,NL,NL,actual_onshore_wind_generation,Wind Onshore | Actual Consumption,2026-09-05T13:29:12Z
2026-09-05T13:27:38Z,2026-09-05T15:27:38+0200,6b664628-1305-42f6-8311-642f19c849c2,2026-09-05T08:45:00Z,2026-09-05T10:45:00+0200,617.42,MW,NL,NL,actual_onshore_wind_generation,Wind Onshore | Actual Aggregated,2026-09-05T13:29:12Z
2026-09-05T13:27:38Z,2026-09-05T15:27:38+0200,6b664628-1305-42f6-8311-642f19c849c2,2026-09-05T08:45:00Z,2026-09-05T10:45:00+0200,0.0,MW,NL,NL,actual_onshore_wind_generation,Wind Onshore | Actual Consumption,2026-09-05T13:29:12Z
2026-09-05T13:27:38Z,2026-09-05T15:27:38+0200,6b664628-1305-42f6-8311-642f19c849c2,2026-09-05T09:00:00Z,2026-09-05T11:00:00+0200,689.219,MW,NL,NL,actual_onshore_wind_generation,Wind Onshore | Actual Aggregated,2026-09-05T13:29:12Z
2026-09-05T13:27:38Z,2026-09-05T15:27:38+0200,6b664628-1305-42f6-8311-642f19c849c2,2026-09-05T09:00:00Z,2026-09-05T11:00:00+0200,0.051,MW,NL,NL,actual_onshore_wind_generation,Wind Onshore | Actual Consumption,2026-09-05T13:29:12Z
2026-09-05T13:27:38Z,2026-09-05T15:27:38+0200,6b664628-1305-42f6-8311-642f19c849c2,2026-09-05T09:15:00Z,2026-09-05T11:15:00+0200,676.266,MW,NL,NL,actual_onshore_wind_generation,Wind Onshore | Actual Aggregated,2026-09-05T13:29:12Z
2026-09-05T13:27:38Z,2026-09-05T15:27:38+0200,6b664628-1305-42f6-8311-642f19c849c2,2026-09-05T09:15:00Z,2026-09-05T11:15:00+0200,0.018,MW,NL,NL,actual_onshore_wind_generation,Wind Onshore | Actual Consumption,2026-09-05T13:29:12Z
2026-09-05T13:27:38Z,2026-09-05T15:27:38+0200,6b664628-1305-42f6-8311-642f19c849c2,2026-09-05T09:30:00Z,2026-09-05T11:30:00+0200,631.77,MW,NL,NL,actual_onshore_wind_generation,Wind Onshore | Actual Aggregated,2026-09-05T13:29:12Z
2026-09-05T13:27:38Z,2026-09-05T15:27:38+0200,6b664628-1305-42f6-8311-642f19c849c2,2026-09-05T09:30:00Z,2026-09-05T11:30:00+0200,0.038,MW,NL,NL,actual_onshore_wind_generation,Wind Onshore | Actual Consumption,2026-09-05T13:29:12Z
2026-09-05T13:27:38Z,2026-09-05T15:27:38+0200,6b664628-1305-42f6-8311-642f19c849c2,2026-09-05T09:45:00Z,2026-09-05T11:45:00+0200,586.079,MW,NL,NL,actual_onshore_wind_generation,Wind Onshore | Actual Aggregated,2026-09-05T13:29:12Z
2026-09-05T13:27:38Z,2026-09-05T15:27:38+0200,6b664628-1305-42f6-8311-642f19c849c2,2026-09-05T09:45:00Z,2026-09-05T11:45:00+0200,0.0,MW,NL,NL,actual_onshore_wind_generation,Wind Onshore | Actual Consumption,2026-09-05T13:29:12Z
2026-09-05T13:27:38Z,2026-09-05T15:27:38+0200,6b664628-1305-42f6-8311-642f19c849c2,2026-09-05T10:00:00Z,2026-09-05T12:00:00+0200,600.191,MW,NL,NL,actual_onshore_wind_generation,Wind Onshore | Actual Aggregated,2026-09-05T13:29:12Z
2026-09-05T13:27:38Z,2026-09-05T15:27:38+0200,6b664628-1305-42f6-8311-642f19c849c2,2026-09-05T10:00:00Z,2026-09-05T12:00:00+0200,0.0,MW,NL,NL,actual_onshore_wind_generation,Wind Onshore | Actual Consumption,2026-09-05T13:29:12Z
2026-09-05T13:27:38Z,2026-09-05T15:27:38+0200,6b664628-1305-42f6-8311-642f19c849c2,2026-09-05T10:15:00Z,2026-09-05T12:15:00+0200,584.272,MW,NL,NL,actual_onshore_wind_generation,Wind Onshore | Actual Aggregated,2026-09-05T13:29:12Z
2026-09-05T13:27:38Z,2026-09-05T15:27:38+0200,6b664628-1305-42f6-8311-642f19c849c2,2026-09-05T10:15:00Z,2026-09-05T12:15:00+0200,0.0,MW,NL,NL,actual_onshore_wind_generation,Wind Onshore | Actual Consumption,2026-09-05T13:29:12Z
2026-09-05T13:27:38Z,2026-09-05T15:27:38+0200,6b664628-1305-42f6-8311-642f19c849c2,2026-09-05T10:30:00Z,2026-09-05T12:30:00+0200,581.048,MW,NL,NL,actual_onshore_wind_generation,Wind Onshore | Actual Aggregated,2026-09-05T13:29:12Z
2026-09-05T13:27:38Z,2026-09-05T15:27:38+0200,6b664628-1305-42f6-8311-642f19c849c2,2026-09-05T10:30:00Z,2026-09-05T12:30:00+0200,0.0,MW,NL,NL,actual_onshore_wind_generation,Wind Onshore | Actual Consumption,2026-09-05T13:29:12Z
2026-09-05T13:27:38Z,2026-09-05T15:27:38+0200,6b664628-1305-42f6-8311-642f19c849c2,2026-09-05T10:45:00Z,2026-09-05T12:45:00+0200,556.821,MW,NL,NL,actual_onshore_wind_generation,Wind Onshore | Actual Aggregated,2026-09-05T13:29:12Z
2026-09-05T13:27:38Z,2026-09-05T15:27:38+0200,6b664628-1305-42f6-8311-642f19c849c2,2026-09-05T10:45:00Z,2026-09-05T12:45:00+0200,0.0,MW,NL,NL,actual_onshore_wind_generation,Wind Onshore | Actual Consumption,2026-09-05T13:29:12Z
2026-09-05T13:27:38Z,2026-09-05T15:27:38+0200,6b664628-1305-42f6-8311-642f19c849c2,2026-09-05T11:00:00Z,2026-09-05T13:00:00+0200,537.651,MW,NL,NL,actual_onshore_wind_generation,Wind Onshore | Actual Aggregated,2026-09-05T13:29:12Z
2026-09-05T13:27:38Z,2026-09-05T15:27:38+0200,6b664628-1305-42f6-8311-642f19c849c2,2026-09-05T11:00:00Z,2026-09-05T13:00:00+0200,0.0,MW,NL,NL,actual_onshore_wind_generation,Wind Onshore | Actual Consumption,2026-09-05T13:29:12Z
2026-09-05T13:27:38Z,2026-09-05T15:27:38+0200,6b664628-1305-42f6-8311-642f19c849c2,2026-09-05T11:15:00Z,2026-09-05T13:15:00+0200,495.059,MW,NL,NL,actual_onshore_wind_generation,Wind Onshore | Actual Aggregated,2026-09-05T13:29:12Z
2026-09-05T13:27:38Z,2026-09-05T15:27:38+0200,6b664628-1305-42f6-8311-642f19c849c2,2026-09-05T11:15:00Z,2026-09-05T13:15:00+0200,0.0,MW,NL,NL,actual_onshore_wind_generation,Wind Onshore | Actual Consumption,2026-09-05T13:29:12Z
2026-09-05T13:27:38Z,2026-09-05T15:27:38+0200,6b664628-1305-42f6-8311-642f19c849c2,2026-09-05T11:30:00Z,2026-09-05T13:30:00+0200,519.196,MW,NL,NL,actual_onshore_wind_generation,Wind Onshore | Actual Aggregated,2026-09-05T13:29:12Z
2026-09-05T13:27:38Z,2026-09-05T15:27:38+0200,6b664628-1305-42f6-8311-642f19c849c2,2026-09-05T11:30:00Z,2026-09-05T13:30:00+0200,0.098,MW,NL,NL,actual_onshore_wind_generation,Wind Onshore | Actual Consumption,2026-09-05T13:29:12Z
2026-09-05T13:27:38Z,2026-09-05T15:27:38+0200,6b664628-1305-42f6-8311-642f19c849c2,2026-09-05T11:45:00Z,2026-09-05T13:45:00+0200,532.531,MW,NL,NL,actual_onshore_wind_generation,Wind Onshore | Actual Aggregated,2026-09-05T13:29:12Z
2026-09-05T13:27:38Z,2026-09-05T15:27:38+0200,6b664628-1305-42f6-8311-642f19c849c2,2026-09-05T11:45:00Z,2026-09-05T13:45:00+0200,0.076,MW,NL,NL,actual_onshore_wind_generation,Wind Onshore | Actual Consumption,2026-09-05T13:29:12Z
2026-09-05T13:27:38Z,2026-09-05T15:27:38+0200,6b664628-1305-42f6-8311-642f19c849c2,2026-09-05T12:00:00Z,2026-09-05T14:00:00+0200,477.539,MW,NL,NL,actual_onshore_wind_generation,Wind Onshore | Actual Aggregated,2026-09-05T13:29:12Z
2026-09-05T13:27:38Z,2026-09-05T15:27:38+0200,6b664628-1305-42f6-8311-642f19c849c2,2026-09-05T12:00:00Z,2026-09-05T14:00:00+0200,0.011,MW,NL,NL,actual_onshore_wind_generation,Wind Onshore | Actual Consumption,2026-09-05T13:29:12Z
2026-09-05T13:27:38Z,2026-09-05T15:27:38+0200,6b664628-1305-42f6-8311-642f19c849c2,2026-09-05T12:15:00Z,2026-09-05T14:15:00+0200,502.874,MW,NL,NL,actual_onshore_wind_generation,Wind Onshore | Actual Aggregated,2026-09-05T13:29:12Z
2026-09-05T13:27:38Z,2026-09-05T15:27:38+0200,6b664628-1305-42f6-8311-642f19c849c2,2026-09-05T12:15:00Z,2026-09-05T14:15:00+0200,0.097,MW,NL,NL,actual_onshore_wind_generation,Wind Onshore | Actual Consumption,2026-09-05T13:29:12Z
2026-09-05T13:27:38Z,2026-09-05T15:27:38+0200,6b664628-1305-42f6-8311-642f19c849c2,2026-09-05T12:30:00Z,2026-09-05T14:30:00+0200,559.505,MW,NL,NL,actual_onshore_wind_generation,Wind Onshore | Actual Aggregated,2026-09-05T13:29:12Z
2026-09-05T13:27:38Z,2026-09-05T15:27:38+0200,6b664628-1305-42f6-8311-642f19c849c2,2026-09-05T12:30:00Z,2026-09-05T14:30:00+0200,0.001,MW,NL,NL,actual_onshore_wind_generation,Wind Onshore | Actual Consumption,2026-09-05T13:29:12Z
