collection_time_utc,collection_time_local,run_id,timestamp_utc,timestamp_local,value,unit,country,entsoe_area,variable,source,updated_at_utc
2026-08-08T20:49:31Z,2026-08-08T22:49:31+0200,011d730b-fef6-42d6-8ac6-798e5ff3262c,2026-07-08T21:00:00Z,2026-07-08T23:00:00+0200,9.7,MW,PT,PT,forecast_offshore_wind_generation,Wind Offshore,2026-08-08T20:54:52Z
2026-08-08T20:49:31Z,2026-08-08T22:49:31+0200,011d730b-fef6-42d6-8ac6-798e5ff3262c,2026-07-08T22:00:00Z,2026-07-09T00:00:00+0200,7.3,MW,PT,PT,forecast_offshore_wind_generation,Wind Offshore,2026-08-08T20:54:52Z
2026-08-08T20:49:31Z,2026-08-08T22:49:31+0200,011d730b-fef6-42d6-8ac6-798e5ff3262c,2026-07-08T23:00:00Z,2026-07-09T01:00:00+0200,5.1,MW,PT,PT,forecast_offshore_wind_generation,Wind Offshore,2026-08-08T20:54:52Z
2026-08-08T20:49:31Z,2026-08-08T22:49:31+0200,011d730b-fef6-42d6-8ac6-798e5ff3262c,2026-07-09T00:00:00Z,2026-07-09T02:00:00+0200,3.4,MW,PT,PT,forecast_offshore_wind_generation,Wind Offshore,2026-08-08T20:54:52Z
2026-08-08T20:49:31Z,2026-08-08T22:49:31+0200,011d730b-fef6-42d6-8ac6-798e5ff3262c,2026-07-09T01:00:00Z,2026-07-09T03:00:00+0200,2.1,MW,PT,PT,forecast_offshore_wind_generation,Wind Offshore,2026-08-08T20:54:52Z
2026-08-08T20:49:31Z,2026-08-08T22:49:31+0200,011d730b-fef6-42d6-8ac6-798e5ff3262c,2026-07-09T02:00:00Z,2026-07-09T04:00:00+0200,1.3,MW,PT,PT,forecast_offshore_wind_generation,Wind Offshore,2026-08-08T20:54:52Z
2026-08-08T20:49:31Z,2026-08-08T22:49:31+0200,011d730b-fef6-42d6-8ac6-798e5ff3262c,2026-07-09T03:00:00Z,2026-07-09T05:00:00+0200,1.1,MW,PT,PT,forecast_offshore_wind_generation,Wind Offshore,2026-08-08T20:54:52Z
2026-08-08T20:49:31Z,2026-08-08T22:49:31+0200,011d730b-fef6-42d6-8ac6-798e5ff3262c,2026-07-09T04:00:00Z,2026-07-09T06:00:00+0200,0.9,MW,PT,PT,forecast_offshore_wind_generation,Wind Offshore,2026-08-08T20:54:52Z
2026-08-08T20:49:31Z,2026-08-08T22:49:31+0200,011d730b-fef6-42d6-8ac6-798e5ff3262c,2026-07-09T05:00:00Z,2026-07-09T07:00:00+0200,0.7,MW,PT,PT,forecast_offshore_wind_generation,Wind Offshore,2026-08-08T20:54:52Z
2026-08-08T20:49:31Z,2026-08-08T22:49:31+0200,011d730b-fef6-42d6-8ac6-798e5ff3262c,2026-07-09T06:00:00Z,2026-07-09T08:00:00+0200,0.5,MW,PT,PT,forecast_offshore_wind_generation,Wind Offshore,2026-08-08T20:54:52Z
2026-08-08T20:49:31Z,2026-08-08T22:49:31+0200,011d730b-fef6-42d6-8ac6-798e5ff3262c,2026-07-09T07:00:00Z,2026-07-09T09:00:00+0200,0.4,MW,PT,PT,forecast_offshore_wind_generation,Wind Offshore,2026-08-08T20:54:52Z
2026-08-08T20:49:31Z,2026-08-08T22:49:31+0200,011d730b-fef6-42d6-8ac6-798e5ff3262c,2026-07-09T08:00:00Z,2026-07-09T10:00:00+0200,0.2,MW,PT,PT,forecast_offshore_wind_generation,Wind Offshore,2026-08-08T20:54:52Z
2026-08-08T20:49:31Z,2026-08-08T22:49:31+0200,011d730b-fef6-42d6-8ac6-798e5ff3262c,2026-07-09T09:00:00Z,2026-07-09T11:00:00+0200,0.3,MW,PT,PT,forecast_offshore_wind_generation,Wind Offshore,2026-08-08T20:54:52Z
2026-08-08T20:49:31Z,2026-08-08T22:49:31+0200,011d730b-fef6-42d6-8ac6-798e5ff3262c,2026-07-09T10:00:00Z,2026-07-09T12:00:00+0200,0.6,MW,PT,PT,forecast_offshore_wind_generation,Wind Offshore,2026-08-08T20:54:52Z
2026-08-08T20:49:31Z,2026-08-08T22:49:31+0200,011d730b-fef6-42d6-8ac6-798e5ff3262c,2026-07-09T11:00:00Z,2026-07-09T13:00:00+0200,1.1,MW,PT,PT,forecast_offshore_wind_generation,Wind Offshore,2026-08-08T20:54:52Z
2026-08-08T20:49:31Z,2026-08-08T22:49:31+0200,011d730b-fef6-42d6-8ac6-798e5ff3262c,2026-07-09T12:00:00Z,2026-07-09T14:00:00+0200,1.6,MW,PT,PT,forecast_offshore_wind_generation,Wind Offshore,2026-08-08T20:54:52Z
2026-08-08T20:49:31Z,2026-08-08T22:49:31+0200,011d730b-fef6-42d6-8ac6-798e5ff3262c,2026-07-09T13:00:00Z,2026-07-09T15:00:00+0200,1.9,MW,PT,PT,forecast_offshore_wind_generation,Wind Offshore,2026-08-08T20:54:52Z
2026-08-08T20:49:31Z,2026-08-08T22:49:31+0200,011d730b-fef6-42d6-8ac6-798e5ff3262c,2026-07-09T14:00:00Z,2026-07-09T16:00:00+0200,2.0,MW,PT,PT,forecast_offshore_wind_generation,Wind Offshore,2026-08-08T20:54:52Z
2026-08-08T20:49:31Z,2026-08-08T22:49:31+0200,011d730b-fef6-42d6-8ac6-798e5ff3262c,2026-07-09T15:00:00Z,2026-07-09T17:00:00+0200,2.1,MW,PT,PT,forecast_offshore_wind_generation,Wind Offshore,2026-08-08T20:54:52Z
2026-08-08T20:49:31Z,2026-08-08T22:49:31+0200,011d730b-fef6-42d6-8ac6-798e5ff3262c,2026-07-09T16:00:00Z,2026-07-09T18:00:00+0200,2.2,MW,PT,PT,forecast_offshore_wind_generation,Wind Offshore,2026-08-08T20:54:52Z
2026-08-08T20:49:31Z,2026-08-08T22:49:31+0200,011d730b-fef6-42d6-8ac6-798e5ff3262c,2026-07-09T17:00:00Z,2026-07-09T19:00:00+0200,2.3,MW,PT,PT,forecast_offshore_wind_generation,Wind Offshore,2026-08-08T20:54:52Z
2026-08-08T20:49:31Z,2026-08-08T22:49:31+0200,011d730b-fef6-42d6-8ac6-798e5ff3262c,2026-07-09T18:00:00Z,2026-07-09T20:00:00+0200,2.3,MW,PT,PT,forecast_offshore_wind_generation,Wind Offshore,2026-08-08T20:54:52Z
2026-08-08T20:49:31Z,2026-08-08T22:49:31+0200,011d730b-fef6-42d6-8ac6-798e5ff3262c,2026-07-09T19:00:00Z,2026-07-09T21:00:00+0200,2.3,MW,PT,PT,forecast_offshore_wind_generation,Wind Offshore,2026-08-08T20:54:52Z
2026-08-08T20:49:31Z,2026-08-08T22:49:31+0200,011d730b-fef6-42d6-8ac6-798e5ff3262c,2026-07-09T20:00:00Z,2026-07-09T22:00:00+0200,2.3,MW,PT,PT,forecast_offshore_wind_generation,Wind Offshore,2026-08-08T20:54:52Z
2026-08-08T20:49:31Z,2026-08-08T22:49:31+0200,011d730b-fef6-42d6-8ac6-798e5ff3262c,2026-07-09T21:00:00Z,2026-07-09T23:00:00+0200,2.0,MW,PT,PT,forecast_offshore_wind_generation,Wind Offshore,2026-08-08T20:54:52Z
2026-08-08T20:49:31Z,2026-08-08T22:49:31+0200,011d730b-fef6-42d6-8ac6-798e5ff3262c,2026-07-09T22:00:00Z,2026-07-10T00:00:00+0200,1.5,MW,PT,PT,forecast_offshore_wind_generation,Wind Offshore,2026-08-08T20:54:52Z
2026-08-08T20:49:31Z,2026-08-08T22:49:31+0200,011d730b-fef6-42d6-8ac6-798e5ff3262c,2026-07-09T23:00:00Z,2026-07-10T01:00:00+0200,1.3,MW,PT,PT,forecast_offshore_wind_generation,Wind Offshore,2026-08-08T20:54:52Z
2026-08-08T20:49:31Z,2026-08-08T22:49:31+0200,011d730b-fef6-42d6-8ac6-798e5ff3262c,2026-07-10T00:00:00Z,2026-07-10T02:00:00+0200,1.0,MW,PT,PT,forecast_offshore_wind_generation,Wind Offshore,2026-08-08T20:54:52Z
2026-08-08T20:49:31Z,2026-08-08T22:49:31+0200,011d730b-fef6-42d6-8ac6-798e5ff3262c,2026-07-10T01:00:00Z,2026-07-10T03:00:00+0200,0.8,MW,PT,PT,forecast_offshore_wind_generation,Wind Offshore,2026-08-08T20:54:52Z
2026-08-08T20:49:31Z,2026-08-08T22:49:31+0200,011d730b-fef6-42d6-8ac6-798e5ff3262c,2026-07-10T02:00:00Z,2026-07-10T04:00:00+0200,0.6,MW,PT,PT,forecast_offshore_wind_generation,Wind Offshore,2026-08-08T20:54:52Z
2026-08-08T20:49:31Z,2026-08-08T22:49:31+0200,011d730b-fef6-42d6-8ac6-798e5ff3262c,2026-07-10T03:00:00Z,2026-07-10T05:00:00+0200,0.5,MW,PT,PT,forecast_offshore_wind_generation,Wind Offshore,2026-08-08T20:54:52Z
2026-08-08T20:49:31Z,2026-08-08T22:49:31+0200,011d730b-fef6-42d6-8ac6-798e5ff3262c,2026-07-10T04:00:00Z,2026-07-10T06:00:00+0200,0.4,MW,PT,PT,forecast_offshore_wind_generation,Wind Offshore,2026-08-08T20:54:52Z
2026-08-08T20:49:31Z,2026-08-08T22:49:31+0200,011d730b-fef6-42d6-8ac6-798e5ff3262c,2026-07-10T05:00:00Z,2026-07-10T07:00:00+0200,0.4,MW,PT,PT,forecast_offshore_wind_generation,Wind Offshore,2026-08-08T20:54:52Z
2026-08-08T20:49:31Z,2026-08-08T22:49:31+0200,011d730b-fef6-42d6-8ac6-798e5ff3262c,2026-07-10T06:00:00Z,2026-07-10T08:00:00+0200,0.4,MW,PT,PT,forecast_offshore_wind_generation,Wind Offshore,2026-08-08T20:54:52Z
2026-08-08T20:49:31Z,2026-08-08T22:49:31+0200,011d730b-fef6-42d6-8ac6-798e5ff3262c,2026-07-10T07:00:00Z,2026-07-10T09:00:00+0200,0.4,MW,PT,PT,forecast_offshore_wind_generation,Wind Offshore,2026-08-08T20:54:52Z
2026-08-08T20:49:31Z,2026-08-08T22:49:31+0200,011d730b-fef6-42d6-8ac6-798e5ff3262c,2026-07-10T08:00:00Z,2026-07-10T10:00:00+0200,0.4,MW,PT,PT,forecast_offshore_wind_generation,Wind Offshore,2026-08-08T20:54:52Z
2026-08-08T20:49:31Z,2026-08-08T22:49:31+0200,011d730b-fef6-42d6-8ac6-798e5ff3262c,2026-07-10T09:00:00Z,2026-07-10T11:00:00+0200,0.3,MW,PT,PT,forecast_offshore_wind_generation,Wind Offshore,2026-08-08T20:54:52Z
2026-08-08T20:49:31Z,2026-08-08T22:49:31+0200,011d730b-fef6-42d6-8ac6-798e5ff3262c,2026-07-10T10:00:00Z,2026-07-10T12:00:00+0200,0.4,MW,PT,PT,forecast_offshore_wind_generation,Wind Offshore,2026-08-08T20:54:52Z
2026-08-08T20:49:31Z,2026-08-08T22:49:31+0200,011d730b-fef6-42d6-8ac6-798e5ff3262c,2026-07-10T11:00:00Z,2026-07-10T13:00:00+0200,0.5,MW,PT,PT,forecast_offshore_wind_generation,Wind Offshore,2026-08-08T20:54:52Z
2026-08-08T20:49:31Z,2026-08-08T22:49:31+0200,011d730b-fef6-42d6-8ac6-798e5ff3262c,2026-07-10T12:00:00Z,2026-07-10T14:00:00+0200,0.8,MW,PT,PT,forecast_offshore_wind_generation,Wind Offshore,2026-08-08T20:54:52Z
2026-08-08T20:49:31Z,2026-08-08T22:49:31+0200,011d730b-fef6-42d6-8ac6-798e5ff3262c,2026-07-10T13:00:00Z,2026-07-10T15:00:00+0200,1.2,MW,PT,PT,forecast_offshore_wind_generation,Wind Offshore,2026-08-08T20:54:52Z
2026-08-08T20:49:31Z,2026-08-08T22:49:31+0200,011d730b-fef6-42d6-8ac6-798e5ff3262c,2026-07-10T14:00:00Z,2026-07-10T16:00:00+0200,1.6,MW,PT,PT,forecast_offshore_wind_generation,Wind Offshore,2026-08-08T20:54:52Z
2026-08-08T20:49:31Z,2026-08-08T22:49:31+0200,011d730b-fef6-42d6-8ac6-798e5ff3262c,2026-07-10T15:00:00Z,2026-07-10T17:00:00+0200,2.0,MW,PT,PT,forecast_offshore_wind_generation,Wind Offshore,2026-08-08T20:54:52Z
2026-08-08T20:49:31Z,2026-08-08T22:49:31+0200,011d730b-fef6-42d6-8ac6-798e5ff3262c,2026-07-10T16:00:00Z,2026-07-10T18:00:00+0200,2.4,MW,PT,PT,forecast_offshore_wind_generation,Wind Offshore,2026-08-08T20:54:52Z
2026-08-08T20:49:31Z,2026-08-08T22:49:31+0200,011d730b-fef6-42d6-8ac6-798e5ff3262c,2026-07-10T17:00:00Z,2026-07-10T19:00:00+0200,3.2,MW,PT,PT,forecast_offshore_wind_generation,Wind Offshore,2026-08-08T20:54:52Z
2026-08-08T20:49:31Z,2026-08-08T22:49:31+0200,011d730b-fef6-42d6-8ac6-798e5ff3262c,2026-07-10T18:00:00Z,2026-07-10T20:00:00+0200,4.3,MW,PT,PT,forecast_offshore_wind_generation,Wind Offshore,2026-08-08T20:54:52Z
2026-08-08T20:49:31Z,2026-08-08T22:49:31+0200,011d730b-fef6-42d6-8ac6-798e5ff3262c,2026-07-10T19:00:00Z,2026-07-10T21:00:00+0200,4.9,MW,PT,PT,forecast_offshore_wind_generation,Wind Offshore,2026-08-08T20:54:52Z
2026-08-08T20:49:31Z,2026-08-08T22:49:31+0200,011d730b-fef6-42d6-8ac6-798e5ff3262c,2026-07-10T20:00:00Z,2026-07-10T22:00:00+0200,5.1,MW,PT,PT,forecast_offshore_wind_generation,Wind Offshore,2026-08-08T20:54:52Z
2026-08-08T20:49:31Z,2026-08-08T22:49:31+0200,011d730b-fef6-42d6-8ac6-798e5ff3262c,2026-07-10T21:00:00Z,2026-07-10T23:00:00+0200,5.0,MW,PT,PT,forecast_offshore_wind_generation,Wind Offshore,2026-08-08T20:54:52Z
2026-08-08T20:49:31Z,2026-08-08T22:49:31+0200,011d730b-fef6-42d6-8ac6-798e5ff3262c,2026-07-10T22:00:00Z,2026-07-11T00:00:00+0200,6.0,MW,PT,PT,forecast_offshore_wind_generation,Wind Offshore,2026-08-08T20:54:52Z
2026-08-08T20:49:31Z,2026-08-08T22:49:31+0200,011d730b-fef6-42d6-8ac6-798e5ff3262c,2026-07-10T23:00:00Z,2026-07-11T01:00:00+0200,6.0,MW,PT,PT,forecast_offshore_wind_generation,Wind Offshore,2026-08-08T20:54:52Z
2026-08-08T20:49:31Z,2026-08-08T22:49:31+0200,011d730b-fef6-42d6-8ac6-798e5ff3262c,2026-07-11T00:00:00Z,2026-07-11T02:00:00+0200,5.6,MW,PT,PT,forecast_offshore_wind_generation,Wind Offshore,2026-08-08T20:54:52Z
2026-08-08T20:49:31Z,2026-08-08T22:49:31+0200,011d730b-fef6-42d6-8ac6-798e5ff3262c,2026-07-11T01:00:00Z,2026-07-11T03:00:00+0200,4.8,MW,PT,PT,forecast_offshore_wind_generation,Wind Offshore,2026-08-08T20:54:52Z
2026-08-08T20:49:31Z,2026-08-08T22:49:31+0200,011d730b-fef6-42d6-8ac6-798e5ff3262c,2026-07-11T02:00:00Z,2026-07-11T04:00:00+0200,3.6,MW,PT,PT,forecast_offshore_wind_generation,Wind Offshore,2026-08-08T20:54:52Z
2026-08-08T20:49:31Z,2026-08-08T22:49:31+0200,011d730b-fef6-42d6-8ac6-798e5ff3262c,2026-07-11T03:00:00Z,2026-07-11T05:00:00+0200,2.5,MW,PT,PT,forecast_offshore_wind_generation,Wind Offshore,2026-08-08T20:54:52Z
2026-08-08T20:49:31Z,2026-08-08T22:49:31+0200,011d730b-fef6-42d6-8ac6-798e5ff3262c,2026-07-11T04:00:00Z,2026-07-11T06:00:00+0200,1.7,MW,PT,PT,forecast_offshore_wind_generation,Wind Offshore,2026-08-08T20:54:52Z
2026-08-08T20:49:31Z,2026-08-08T22:49:31+0200,011d730b-fef6-42d6-8ac6-798e5ff3262c,2026-07-11T05:00:00Z,2026-07-11T07:00:00+0200,1.1,MW,PT,PT,forecast_offshore_wind_generation,Wind Offshore,2026-08-08T20:54:52Z
2026-08-08T20:49:31Z,2026-08-08T22:49:31+0200,011d730b-fef6-42d6-8ac6-798e5ff3262c,2026-07-11T06:00:00Z,2026-07-11T08:00:00+0200,0.7,MW,PT,PT,forecast_offshore_wind_generation,Wind Offshore,2026-08-08T20:54:52Z
2026-08-08T20:49:31Z,2026-08-08T22:49:31+0200,011d730b-fef6-42d6-8ac6-798e5ff3262c,2026-07-11T07:00:00Z,2026-07-11T09:00:00+0200,0.4,MW,PT,PT,forecast_offshore_wind_generation,Wind Offshore,2026-08-08T20:54:52Z
2026-08-08T20:49:31Z,2026-08-08T22:49:31+0200,011d730b-fef6-42d6-8ac6-798e5ff3262c,2026-07-11T08:00:00Z,2026-07-11T10:00:00+0200,0.3,MW,PT,PT,forecast_offshore_wind_generation,Wind Offshore,2026-08-08T20:54:52Z
2026-08-08T20:49:31Z,2026-08-08T22:49:31+0200,011d730b-fef6-42d6-8ac6-798e5ff3262c,2026-07-11T09:00:00Z,2026-07-11T11:00:00+0200,0.2,MW,PT,PT,forecast_offshore_wind_generation,Wind Offshore,2026-08-08T20:54:52Z
2026-08-08T20:49:31Z,2026-08-08T22:49:31+0200,011d730b-fef6-42d6-8ac6-798e5ff3262c,2026-07-11T10:00:00Z,2026-07-11T12:00:00+0200,0.3,MW,PT,PT,forecast_offshore_wind_generation,Wind Offshore,2026-08-08T20:54:52Z
2026-08-08T20:49:31Z,2026-08-08T22:49:31+0200,011d730b-fef6-42d6-8ac6-798e5ff3262c,2026-07-11T11:00:00Z,2026-07-11T13:00:00+0200,0.4,MW,PT,PT,forecast_offshore_wind_generation,Wind Offshore,2026-08-08T20:54:52Z
2026-08-08T20:49:31Z,2026-08-08T22:49:31+0200,011d730b-fef6-42d6-8ac6-798e5ff3262c,2026-07-11T12:00:00Z,2026-07-11T14:00:00+0200,0.7,MW,PT,PT,forecast_offshore_wind_generation,Wind Offshore,2026-08-08T20:54:52Z
2026-08-08T20:49:31Z,2026-08-08T22:49:31+0200,011d730b-fef6-42d6-8ac6-798e5ff3262c,2026-07-11T13:00:00Z,2026-07-11T15:00:00+0200,1.2,MW,PT,PT,forecast_offshore_wind_generation,Wind Offshore,2026-08-08T20:54:52Z
2026-08-08T20:49:31Z,2026-08-08T22:49:31+0200,011d730b-fef6-42d6-8ac6-798e5ff3262c,2026-07-11T14:00:00Z,2026-07-11T16:00:00+0200,1.9,MW,PT,PT,forecast_offshore_wind_generation,Wind Offshore,2026-08-08T20:54:52Z
2026-08-08T20:49:31Z,2026-08-08T22:49:31+0200,011d730b-fef6-42d6-8ac6-798e5ff3262c,2026-07-11T15:00:00Z,2026-07-11T17:00:00+0200,2.6,MW,PT,PT,forecast_offshore_wind_generation,Wind Offshore,2026-08-08T20:54:52Z
2026-08-08T20:49:31Z,2026-08-08T22:49:31+0200,011d730b-fef6-42d6-8ac6-798e5ff3262c,2026-07-11T16:00:00Z,2026-07-11T18:00:00+0200,2.8,MW,PT,PT,forecast_offshore_wind_generation,Wind Offshore,2026-08-08T20:54:52Z
2026-08-08T20:49:31Z,2026-08-08T22:49:31+0200,011d730b-fef6-42d6-8ac6-798e5ff3262c,2026-07-11T17:00:00Z,2026-07-11T19:00:00+0200,2.9,MW,PT,PT,forecast_offshore_wind_generation,Wind Offshore,2026-08-08T20:54:52Z
2026-08-08T20:49:31Z,2026-08-08T22:49:31+0200,011d730b-fef6-42d6-8ac6-798e5ff3262c,2026-07-11T18:00:00Z,2026-07-11T20:00:00+0200,3.7,MW,PT,PT,forecast_offshore_wind_generation,Wind Offshore,2026-08-08T20:54:52Z
2026-08-08T20:49:31Z,2026-08-08T22:49:31+0200,011d730b-fef6-42d6-8ac6-798e5ff3262c,2026-07-11T19:00:00Z,2026-07-11T21:00:00+0200,5.7,MW,PT,PT,forecast_offshore_wind_generation,Wind Offshore,2026-08-08T20:54:52Z
2026-08-08T20:49:31Z,2026-08-08T22:49:31+0200,011d730b-fef6-42d6-8ac6-798e5ff3262c,2026-07-11T20:00:00Z,2026-07-11T22:00:00+0200,7.5,MW,PT,PT,forecast_offshore_wind_generation,Wind Offshore,2026-08-08T20:54:52Z
2026-08-08T20:49:31Z,2026-08-08T22:49:31+0200,011d730b-fef6-42d6-8ac6-798e5ff3262c,2026-07-11T21:00:00Z,2026-07-11T23:00:00+0200,7.7,MW,PT,PT,forecast_offshore_wind_generation,Wind Offshore,2026-08-08T20:54:52Z
2026-08-08T20:49:31Z,2026-08-08T22:49:31+0200,011d730b-fef6-42d6-8ac6-798e5ff3262c,2026-07-11T22:00:00Z,2026-07-12T00:00:00+0200,12.5,MW,PT,PT,forecast_offshore_wind_generation,Wind Offshore,2026-08-08T20:54:52Z
2026-08-08T20:49:31Z,2026-08-08T22:49:31+0200,011d730b-fef6-42d6-8ac6-798e5ff3262c,2026-07-11T23:00:00Z,2026-07-12T01:00:00+0200,11.8,MW,PT,PT,forecast_offshore_wind_generation,Wind Offshore,2026-08-08T20:54:52Z
2026-08-08T20:49:31Z,2026-08-08T22:49:31+0200,011d730b-fef6-42d6-8ac6-798e5ff3262c,2026-07-12T00:00:00Z,2026-07-12T02:00:00+0200,11.0,MW,PT,PT,forecast_offshore_wind_generation,Wind Offshore,2026-08-08T20:54:52Z
2026-08-08T20:49:31Z,2026-08-08T22:49:31+0200,011d730b-fef6-42d6-8ac6-798e5ff3262c,2026-07-12T01:00:00Z,2026-07-12T03:00:00+0200,11.5,MW,PT,PT,forecast_offshore_wind_generation,Wind Offshore,2026-08-08T20:54:52Z
2026-08-08T20:49:31Z,2026-08-08T22:49:31+0200,011d730b-fef6-42d6-8ac6-798e5ff3262c,2026-07-12T02:00:00Z,2026-07-12T04:00:00+0200,12.9,MW,PT,PT,forecast_offshore_wind_generation,Wind Offshore,2026-08-08T20:54:52Z
2026-08-08T20:49:31Z,2026-08-08T22:49:31+0200,011d730b-fef6-42d6-8ac6-798e5ff3262c,2026-07-12T03:00:00Z,2026-07-12T05:00:00+0200,14.4,MW,PT,PT,forecast_offshore_wind_generation,Wind Offshore,2026-08-08T20:54:52Z
2026-08-08T20:49:31Z,2026-08-08T22:49:31+0200,011d730b-fef6-42d6-8ac6-798e5ff3262c,2026-07-12T04:00:00Z,2026-07-12T06:00:00+0200,14.8,MW,PT,PT,forecast_offshore_wind_generation,Wind Offshore,2026-08-08T20:54:52Z
2026-08-08T20:49:31Z,2026-08-08T22:49:31+0200,011d730b-fef6-42d6-8ac6-798e5ff3262c,2026-07-12T05:00:00Z,2026-07-12T07:00:00+0200,14.5,MW,PT,PT,forecast_offshore_wind_generation,Wind Offshore,2026-08-08T20:54:52Z
2026-08-08T20:49:31Z,2026-08-08T22:49:31+0200,011d730b-fef6-42d6-8ac6-798e5ff3262c,2026-07-12T06:00:00Z,2026-07-12T08:00:00+0200,14.5,MW,PT,PT,forecast_offshore_wind_generation,Wind Offshore,2026-08-08T20:54:52Z
2026-08-08T20:49:31Z,2026-08-08T22:49:31+0200,011d730b-fef6-42d6-8ac6-798e5ff3262c,2026-07-12T07:00:00Z,2026-07-12T09:00:00+0200,15.5,MW,PT,PT,forecast_offshore_wind_generation,Wind Offshore,2026-08-08T20:54:52Z
2026-08-08T20:49:31Z,2026-08-08T22:49:31+0200,011d730b-fef6-42d6-8ac6-798e5ff3262c,2026-07-12T08:00:00Z,2026-07-12T10:00:00+0200,17.1,MW,PT,PT,forecast_offshore_wind_generation,Wind Offshore,2026-08-08T20:54:52Z
2026-08-08T20:49:31Z,2026-08-08T22:49:31+0200,011d730b-fef6-42d6-8ac6-798e5ff3262c,2026-07-12T09:00:00Z,2026-07-12T11:00:00+0200,18.0,MW,PT,PT,forecast_offshore_wind_generation,Wind Offshore,2026-08-08T20:54:52Z
2026-08-08T20:49:31Z,2026-08-08T22:49:31+0200,011d730b-fef6-42d6-8ac6-798e5ff3262c,2026-07-12T10:00:00Z,2026-07-12T12:00:00+0200,18.3,MW,PT,PT,forecast_offshore_wind_generation,Wind Offshore,2026-08-08T20:54:52Z
2026-08-08T20:49:31Z,2026-08-08T22:49:31+0200,011d730b-fef6-42d6-8ac6-798e5ff3262c,2026-07-12T11:00:00Z,2026-07-12T13:00:00+0200,18.3,MW,PT,PT,forecast_offshore_wind_generation,Wind Offshore,2026-08-08T20:54:52Z
2026-08-08T20:49:31Z,2026-08-08T22:49:31+0200,011d730b-fef6-42d6-8ac6-798e5ff3262c,2026-07-12T12:00:00Z,2026-07-12T14:00:00+0200,17.3,MW,PT,PT,forecast_offshore_wind_generation,Wind Offshore,2026-08-08T20:54:52Z
2026-08-08T20:49:31Z,2026-08-08T22:49:31+0200,011d730b-fef6-42d6-8ac6-798e5ff3262c,2026-07-12T13:00:00Z,2026-07-12T15:00:00+0200,15.4,MW,PT,PT,forecast_offshore_wind_generation,Wind Offshore,2026-08-08T20:54:52Z
2026-08-08T20:49:31Z,2026-08-08T22:49:31+0200,011d730b-fef6-42d6-8ac6-798e5ff3262c,2026-07-12T14:00:00Z,2026-07-12T16:00:00+0200,13.0,MW,PT,PT,forecast_offshore_wind_generation,Wind Offshore,2026-08-08T20:54:52Z
2026-08-08T20:49:31Z,2026-08-08T22:49:31+0200,011d730b-fef6-42d6-8ac6-798e5ff3262c,2026-07-12T15:00:00Z,2026-07-12T17:00:00+0200,10.0,MW,PT,PT,forecast_offshore_wind_generation,Wind Offshore,2026-08-08T20:54:52Z
2026-08-08T20:49:31Z,2026-08-08T22:49:31+0200,011d730b-fef6-42d6-8ac6-798e5ff3262c,2026-07-12T16:00:00Z,2026-07-12T18:00:00+0200,7.3,MW,PT,PT,forecast_offshore_wind_generation,Wind Offshore,2026-08-08T20:54:52Z
2026-08-08T20:49:31Z,2026-08-08T22:49:31+0200,011d730b-fef6-42d6-8ac6-798e5ff3262c,2026-07-12T17:00:00Z,2026-07-12T19:00:00+0200,5.6,MW,PT,PT,forecast_offshore_wind_generation,Wind Offshore,2026-08-08T20:54:52Z
2026-08-08T20:49:31Z,2026-08-08T22:49:31+0200,011d730b-fef6-42d6-8ac6-798e5ff3262c,2026-07-12T18:00:00Z,2026-07-12T20:00:00+0200,5.1,MW,PT,PT,forecast_offshore_wind_generation,Wind Offshore,2026-08-08T20:54:52Z
2026-08-08T20:49:31Z,2026-08-08T22:49:31+0200,011d730b-fef6-42d6-8ac6-798e5ff3262c,2026-07-12T19:00:00Z,2026-07-12T21:00:00+0200,5.8,MW,PT,PT,forecast_offshore_wind_generation,Wind Offshore,2026-08-08T20:54:52Z
2026-08-08T20:49:31Z,2026-08-08T22:49:31+0200,011d730b-fef6-42d6-8ac6-798e5ff3262c,2026-07-12T20:00:00Z,2026-07-12T22:00:00+0200,7.1,MW,PT,PT,forecast_offshore_wind_generation,Wind Offshore,2026-08-08T20:54:52Z
2026-08-08T20:49:31Z,2026-08-08T22:49:31+0200,011d730b-fef6-42d6-8ac6-798e5ff3262c,2026-07-12T21:00:00Z,2026-07-12T23:00:00+0200,8.6,MW,PT,PT,forecast_offshore_wind_generation,Wind Offshore,2026-08-08T20:54:52Z
2026-08-08T20:49:31Z,2026-08-08T22:49:31+0200,011d730b-fef6-42d6-8ac6-798e5ff3262c,2026-07-12T22:00:00Z,2026-07-13T00:00:00+0200,9.9,MW,PT,PT,forecast_offshore_wind_generation,Wind Offshore,2026-08-08T20:54:52Z
2026-08-08T20:49:31Z,2026-08-08T22:49:31+0200,011d730b-fef6-42d6-8ac6-798e5ff3262c,2026-07-12T23:00:00Z,2026-07-13T01:00:00+0200,10.7,MW,PT,PT,forecast_offshore_wind_generation,Wind Offshore,2026-08-08T20:54:52Z
2026-08-08T20:49:31Z,2026-08-08T22:49:31+0200,011d730b-fef6-42d6-8ac6-798e5ff3262c,2026-07-13T00:00:00Z,2026-07-13T02:00:00+0200,10.8,MW,PT,PT,forecast_offshore_wind_generation,Wind Offshore,2026-08-08T20:54:52Z
2026-08-08T20:49:31Z,2026-08-08T22:49:31+0200,011d730b-fef6-42d6-8ac6-798e5ff3262c,2026-07-13T01:00:00Z,2026-07-13T03:00:00+0200,10.5,MW,PT,PT,forecast_offshore_wind_generation,Wind Offshore,2026-08-08T20:54:52Z
2026-08-08T20:49:31Z,2026-08-08T22:49:31+0200,011d730b-fef6-42d6-8ac6-798e5ff3262c,2026-07-13T02:00:00Z,2026-07-13T04:00:00+0200,11.2,MW,PT,PT,forecast_offshore_wind_generation,Wind Offshore,2026-08-08T20:54:52Z
2026-08-08T20:49:31Z,2026-08-08T22:49:31+0200,011d730b-fef6-42d6-8ac6-798e5ff3262c,2026-07-13T03:00:00Z,2026-07-13T05:00:00+0200,12.5,MW,PT,PT,forecast_offshore_wind_generation,Wind Offshore,2026-08-08T20:54:52Z
2026-08-08T20:49:31Z,2026-08-08T22:49:31+0200,011d730b-fef6-42d6-8ac6-798e5ff3262c,2026-07-13T04:00:00Z,2026-07-13T06:00:00+0200,13.1,MW,PT,PT,forecast_offshore_wind_generation,Wind Offshore,2026-08-08T20:54:52Z
2026-08-08T20:49:31Z,2026-08-08T22:49:31+0200,011d730b-fef6-42d6-8ac6-798e5ff3262c,2026-07-13T05:00:00Z,2026-07-13T07:00:00+0200,13.2,MW,PT,PT,forecast_offshore_wind_generation,Wind Offshore,2026-08-08T20:54:52Z
2026-08-08T20:49:31Z,2026-08-08T22:49:31+0200,011d730b-fef6-42d6-8ac6-798e5ff3262c,2026-07-13T06:00:00Z,2026-07-13T08:00:00+0200,13.5,MW,PT,PT,forecast_offshore_wind_generation,Wind Offshore,2026-08-08T20:54:52Z
2026-08-08T20:49:31Z,2026-08-08T22:49:31+0200,011d730b-fef6-42d6-8ac6-798e5ff3262c,2026-07-13T07:00:00Z,2026-07-13T09:00:00+0200,14.3,MW,PT,PT,forecast_offshore_wind_generation,Wind Offshore,2026-08-08T20:54:52Z
2026-08-08T20:49:31Z,2026-08-08T22:49:31+0200,011d730b-fef6-42d6-8ac6-798e5ff3262c,2026-07-13T08:00:00Z,2026-07-13T10:00:00+0200,15.7,MW,PT,PT,forecast_offshore_wind_generation,Wind Offshore,2026-08-08T20:54:52Z
2026-08-08T20:49:31Z,2026-08-08T22:49:31+0200,011d730b-fef6-42d6-8ac6-798e5ff3262c,2026-07-13T09:00:00Z,2026-07-13T11:00:00+0200,16.7,MW,PT,PT,forecast_offshore_wind_generation,Wind Offshore,2026-08-08T20:54:52Z
2026-08-08T20:49:31Z,2026-08-08T22:49:31+0200,011d730b-fef6-42d6-8ac6-798e5ff3262c,2026-07-13T10:00:00Z,2026-07-13T12:00:00+0200,16.8,MW,PT,PT,forecast_offshore_wind_generation,Wind Offshore,2026-08-08T20:54:52Z
2026-08-08T20:49:31Z,2026-08-08T22:49:31+0200,011d730b-fef6-42d6-8ac6-798e5ff3262c,2026-07-13T11:00:00Z,2026-07-13T13:00:00+0200,16.6,MW,PT,PT,forecast_offshore_wind_generation,Wind Offshore,2026-08-08T20:54:52Z
2026-08-08T20:49:31Z,2026-08-08T22:49:31+0200,011d730b-fef6-42d6-8ac6-798e5ff3262c,2026-07-13T12:00:00Z,2026-07-13T14:00:00+0200,16.0,MW,PT,PT,forecast_offshore_wind_generation,Wind Offshore,2026-08-08T20:54:52Z
2026-08-08T20:49:31Z,2026-08-08T22:49:31+0200,011d730b-fef6-42d6-8ac6-798e5ff3262c,2026-07-13T13:00:00Z,2026-07-13T15:00:00+0200,14.4,MW,PT,PT,forecast_offshore_wind_generation,Wind Offshore,2026-08-08T20:54:52Z
2026-08-08T20:49:31Z,2026-08-08T22:49:31+0200,011d730b-fef6-42d6-8ac6-798e5ff3262c,2026-07-13T14:00:00Z,2026-07-13T16:00:00+0200,12.1,MW,PT,PT,forecast_offshore_wind_generation,Wind Offshore,2026-08-08T20:54:52Z
2026-08-08T20:49:31Z,2026-08-08T22:49:31+0200,011d730b-fef6-42d6-8ac6-798e5ff3262c,2026-07-13T15:00:00Z,2026-07-13T17:00:00+0200,10.5,MW,PT,PT,forecast_offshore_wind_generation,Wind Offshore,2026-08-08T20:54:52Z
2026-08-08T20:49:31Z,2026-08-08T22:49:31+0200,011d730b-fef6-42d6-8ac6-798e5ff3262c,2026-07-13T16:00:00Z,2026-07-13T18:00:00+0200,8.4,MW,PT,PT,forecast_offshore_wind_generation,Wind Offshore,2026-08-08T20:54:52Z
2026-08-08T20:49:31Z,2026-08-08T22:49:31+0200,011d730b-fef6-42d6-8ac6-798e5ff3262c,2026-07-13T17:00:00Z,2026-07-13T19:00:00+0200,6.2,MW,PT,PT,forecast_offshore_wind_generation,Wind Offshore,2026-08-08T20:54:52Z
2026-08-08T20:49:31Z,2026-08-08T22:49:31+0200,011d730b-fef6-42d6-8ac6-798e5ff3262c,2026-07-13T18:00:00Z,2026-07-13T20:00:00+0200,4.5,MW,PT,PT,forecast_offshore_wind_generation,Wind Offshore,2026-08-08T20:54:52Z
2026-08-08T20:49:31Z,2026-08-08T22:49:31+0200,011d730b-fef6-42d6-8ac6-798e5ff3262c,2026-07-13T19:00:00Z,2026-07-13T21:00:00+0200,3.2,MW,PT,PT,forecast_offshore_wind_generation,Wind Offshore,2026-08-08T20:54:52Z
2026-08-08T20:49:31Z,2026-08-08T22:49:31+0200,011d730b-fef6-42d6-8ac6-798e5ff3262c,2026-07-13T20:00:00Z,2026-07-13T22:00:00+0200,2.9,MW,PT,PT,forecast_offshore_wind_generation,Wind Offshore,2026-08-08T20:54:52Z
2026-08-08T20:49:31Z,2026-08-08T22:49:31+0200,011d730b-fef6-42d6-8ac6-798e5ff3262c,2026-07-13T21:00:00Z,2026-07-13T23:00:00+0200,2.8,MW,PT,PT,forecast_offshore_wind_generation,Wind Offshore,2026-08-08T20:54:52Z
2026-08-08T20:49:31Z,2026-08-08T22:49:31+0200,011d730b-fef6-42d6-8ac6-798e5ff3262c,2026-07-13T22:00:00Z,2026-07-14T00:00:00+0200,2.3,MW,PT,PT,forecast_offshore_wind_generation,Wind Offshore,2026-08-08T20:54:52Z
2026-08-08T20:49:31Z,2026-08-08T22:49:31+0200,011d730b-fef6-42d6-8ac6-798e5ff3262c,2026-07-13T23:00:00Z,2026-07-14T01:00:00+0200,1.9,MW,PT,PT,forecast_offshore_wind_generation,Wind Offshore,2026-08-08T20:54:52Z
2026-08-08T20:49:31Z,2026-08-08T22:49:31+0200,011d730b-fef6-42d6-8ac6-798e5ff3262c,2026-07-14T00:00:00Z,2026-07-14T02:00:00+0200,1.6,MW,PT,PT,forecast_offshore_wind_generation,Wind Offshore,2026-08-08T20:54:52Z
2026-08-08T20:49:31Z,2026-08-08T22:49:31+0200,011d730b-fef6-42d6-8ac6-798e5ff3262c,2026-07-14T01:00:00Z,2026-07-14T03:00:00+0200,1.1,MW,PT,PT,forecast_offshore_wind_generation,Wind Offshore,2026-08-08T20:54:52Z
2026-08-08T20:49:31Z,2026-08-08T22:49:31+0200,011d730b-fef6-42d6-8ac6-798e5ff3262c,2026-07-14T02:00:00Z,2026-07-14T04:00:00+0200,0.8,MW,PT,PT,forecast_offshore_wind_generation,Wind Offshore,2026-08-08T20:54:52Z
2026-08-08T20:49:31Z,2026-08-08T22:49:31+0200,011d730b-fef6-42d6-8ac6-798e5ff3262c,2026-07-14T03:00:00Z,2026-07-14T05:00:00+0200,0.7,MW,PT,PT,forecast_offshore_wind_generation,Wind Offshore,2026-08-08T20:54:52Z
2026-08-08T20:49:31Z,2026-08-08T22:49:31+0200,011d730b-fef6-42d6-8ac6-798e5ff3262c,2026-07-14T04:00:00Z,2026-07-14T06:00:00+0200,0.6,MW,PT,PT,forecast_offshore_wind_generation,Wind Offshore,2026-08-08T20:54:52Z
2026-08-08T20:49:31Z,2026-08-08T22:49:31+0200,011d730b-fef6-42d6-8ac6-798e5ff3262c,2026-07-14T05:00:00Z,2026-07-14T07:00:00+0200,0.6,MW,PT,PT,forecast_offshore_wind_generation,Wind Offshore,2026-08-08T20:54:52Z
2026-08-08T20:49:31Z,2026-08-08T22:49:31+0200,011d730b-fef6-42d6-8ac6-798e5ff3262c,2026-07-14T06:00:00Z,2026-07-14T08:00:00+0200,0.6,MW,PT,PT,forecast_offshore_wind_generation,Wind Offshore,2026-08-08T20:54:52Z
2026-08-08T20:49:31Z,2026-08-08T22:49:31+0200,011d730b-fef6-42d6-8ac6-798e5ff3262c,2026-07-14T07:00:00Z,2026-07-14T09:00:00+0200,0.6,MW,PT,PT,forecast_offshore_wind_generation,Wind Offshore,2026-08-08T20:54:52Z
2026-08-08T20:49:31Z,2026-08-08T22:49:31+0200,011d730b-fef6-42d6-8ac6-798e5ff3262c,2026-07-14T08:00:00Z,2026-07-14T10:00:00+0200,0.7,MW,PT,PT,forecast_offshore_wind_generation,Wind Offshore,2026-08-08T20:54:52Z
2026-08-08T20:49:31Z,2026-08-08T22:49:31+0200,011d730b-fef6-42d6-8ac6-798e5ff3262c,2026-07-14T09:00:00Z,2026-07-14T11:00:00+0200,0.7,MW,PT,PT,forecast_offshore_wind_generation,Wind Offshore,2026-08-08T20:54:52Z
2026-08-08T20:49:31Z,2026-08-08T22:49:31+0200,011d730b-fef6-42d6-8ac6-798e5ff3262c,2026-07-14T10:00:00Z,2026-07-14T12:00:00+0200,0.7,MW,PT,PT,forecast_offshore_wind_generation,Wind Offshore,2026-08-08T20:54:52Z
2026-08-08T20:49:31Z,2026-08-08T22:49:31+0200,011d730b-fef6-42d6-8ac6-798e5ff3262c,2026-07-14T11:00:00Z,2026-07-14T13:00:00+0200,0.8,MW,PT,PT,forecast_offshore_wind_generation,Wind Offshore,2026-08-08T20:54:52Z
2026-08-08T20:49:31Z,2026-08-08T22:49:31+0200,011d730b-fef6-42d6-8ac6-798e5ff3262c,2026-07-14T12:00:00Z,2026-07-14T14:00:00+0200,0.8,MW,PT,PT,forecast_offshore_wind_generation,Wind Offshore,2026-08-08T20:54:52Z
2026-08-08T20:49:31Z,2026-08-08T22:49:31+0200,011d730b-fef6-42d6-8ac6-798e5ff3262c,2026-07-14T13:00:00Z,2026-07-14T15:00:00+0200,0.8,MW,PT,PT,forecast_offshore_wind_generation,Wind Offshore,2026-08-08T20:54:52Z
2026-08-08T20:49:31Z,2026-08-08T22:49:31+0200,011d730b-fef6-42d6-8ac6-798e5ff3262c,2026-07-14T14:00:00Z,2026-07-14T16:00:00+0200,0.5,MW,PT,PT,forecast_offshore_wind_generation,Wind Offshore,2026-08-08T20:54:52Z
2026-08-08T20:49:31Z,2026-08-08T22:49:31+0200,011d730b-fef6-42d6-8ac6-798e5ff3262c,2026-07-14T15:00:00Z,2026-07-14T17:00:00+0200,0.4,MW,PT,PT,forecast_offshore_wind_generation,Wind Offshore,2026-08-08T20:54:52Z
2026-08-08T20:49:31Z,2026-08-08T22:49:31+0200,011d730b-fef6-42d6-8ac6-798e5ff3262c,2026-07-14T16:00:00Z,2026-07-14T18:00:00+0200,0.3,MW,PT,PT,forecast_offshore_wind_generation,Wind Offshore,2026-08-08T20:54:52Z
2026-08-08T20:49:31Z,2026-08-08T22:49:31+0200,011d730b-fef6-42d6-8ac6-798e5ff3262c,2026-07-14T17:00:00Z,2026-07-14T19:00:00+0200,0.2,MW,PT,PT,forecast_offshore_wind_generation,Wind Offshore,2026-08-08T20:54:52Z
2026-08-08T20:49:31Z,2026-08-08T22:49:31+0200,011d730b-fef6-42d6-8ac6-798e5ff3262c,2026-07-14T18:00:00Z,2026-07-14T20:00:00+0200,0.2,MW,PT,PT,forecast_offshore_wind_generation,Wind Offshore,2026-08-08T20:54:52Z
2026-08-08T20:49:31Z,2026-08-08T22:49:31+0200,011d730b-fef6-42d6-8ac6-798e5ff3262c,2026-07-14T19:00:00Z,2026-07-14T21:00:00+0200,0.2,MW,PT,PT,forecast_offshore_wind_generation,Wind Offshore,2026-08-08T20:54:52Z
2026-08-08T20:49:31Z,2026-08-08T22:49:31+0200,011d730b-fef6-42d6-8ac6-798e5ff3262c,2026-07-14T20:00:00Z,2026-07-14T22:00:00+0200,0.2,MW,PT,PT,forecast_offshore_wind_generation,Wind Offshore,2026-08-08T20:54:52Z
2026-08-08T20:49:31Z,2026-08-08T22:49:31+0200,011d730b-fef6-42d6-8ac6-798e5ff3262c,2026-07-14T21:00:00Z,2026-07-14T23:00:00+0200,0.3,MW,PT,PT,forecast_offshore_wind_generation,Wind Offshore,2026-08-08T20:54:52Z
2026-08-08T20:49:31Z,2026-08-08T22:49:31+0200,011d730b-fef6-42d6-8ac6-798e5ff3262c,2026-07-14T22:00:00Z,2026-07-15T00:00:00+0200,0.2,MW,PT,PT,forecast_offshore_wind_generation,Wind Offshore,2026-08-08T20:54:52Z
2026-08-08T20:49:31Z,2026-08-08T22:49:31+0200,011d730b-fef6-42d6-8ac6-798e5ff3262c,2026-07-14T23:00:00Z,2026-07-15T01:00:00+0200,0.2,MW,PT,PT,forecast_offshore_wind_generation,Wind Offshore,2026-08-08T20:54:52Z
2026-08-08T20:49:31Z,2026-08-08T22:49:31+0200,011d730b-fef6-42d6-8ac6-798e5ff3262c,2026-07-15T00:00:00Z,2026-07-15T02:00:00+0200,0.2,MW,PT,PT,forecast_offshore_wind_generation,Wind Offshore,2026-08-08T20:54:52Z
2026-08-08T20:49:31Z,2026-08-08T22:49:31+0200,011d730b-fef6-42d6-8ac6-798e5ff3262c,2026-07-15T01:00:00Z,2026-07-15T03:00:00+0200,0.3,MW,PT,PT,forecast_offshore_wind_generation,Wind Offshore,2026-08-08T20:54:52Z
2026-08-08T20:49:31Z,2026-08-08T22:49:31+0200,011d730b-fef6-42d6-8ac6-798e5ff3262c,2026-07-15T02:00:00Z,2026-07-15T04:00:00+0200,0.3,MW,PT,PT,forecast_offshore_wind_generation,Wind Offshore,2026-08-08T20:54:52Z
2026-08-08T20:49:31Z,2026-08-08T22:49:31+0200,011d730b-fef6-42d6-8ac6-798e5ff3262c,2026-07-15T03:00:00Z,2026-07-15T05:00:00+0200,0.3,MW,PT,PT,forecast_offshore_wind_generation,Wind Offshore,2026-08-08T20:54:52Z
2026-08-08T20:49:31Z,2026-08-08T22:49:31+0200,011d730b-fef6-42d6-8ac6-798e5ff3262c,2026-07-15T04:00:00Z,2026-07-15T06:00:00+0200,0.4,MW,PT,PT,forecast_offshore_wind_generation,Wind Offshore,2026-08-08T20:54:52Z
2026-08-08T20:49:31Z,2026-08-08T22:49:31+0200,011d730b-fef6-42d6-8ac6-798e5ff3262c,2026-07-15T05:00:00Z,2026-07-15T07:00:00+0200,0.6,MW,PT,PT,forecast_offshore_wind_generation,Wind Offshore,2026-08-08T20:54:52Z
2026-08-08T20:49:31Z,2026-08-08T22:49:31+0200,011d730b-fef6-42d6-8ac6-798e5ff3262c,2026-07-15T06:00:00Z,2026-07-15T08:00:00+0200,0.7,MW,PT,PT,forecast_offshore_wind_generation,Wind Offshore,2026-08-08T20:54:52Z
2026-08-08T20:49:31Z,2026-08-08T22:49:31+0200,011d730b-fef6-42d6-8ac6-798e5ff3262c,2026-07-15T07:00:00Z,2026-07-15T09:00:00+0200,0.8,MW,PT,PT,forecast_offshore_wind_generation,Wind Offshore,2026-08-08T20:54:52Z
2026-08-08T20:49:31Z,2026-08-08T22:49:31+0200,011d730b-fef6-42d6-8ac6-798e5ff3262c,2026-07-15T08:00:00Z,2026-07-15T10:00:00+0200,0.8,MW,PT,PT,forecast_offshore_wind_generation,Wind Offshore,2026-08-08T20:54:52Z
2026-08-08T20:49:31Z,2026-08-08T22:49:31+0200,011d730b-fef6-42d6-8ac6-798e5ff3262c,2026-07-15T09:00:00Z,2026-07-15T11:00:00+0200,0.7,MW,PT,PT,forecast_offshore_wind_generation,Wind Offshore,2026-08-08T20:54:52Z
2026-08-08T20:49:31Z,2026-08-08T22:49:31+0200,011d730b-fef6-42d6-8ac6-798e5ff3262c,2026-07-15T10:00:00Z,2026-07-15T12:00:00+0200,0.7,MW,PT,PT,forecast_offshore_wind_generation,Wind Offshore,2026-08-08T20:54:52Z
2026-08-08T20:49:31Z,2026-08-08T22:49:31+0200,011d730b-fef6-42d6-8ac6-798e5ff3262c,2026-07-15T11:00:00Z,2026-07-15T13:00:00+0200,0.6,MW,PT,PT,forecast_offshore_wind_generation,Wind Offshore,2026-08-08T20:54:52Z
2026-08-08T20:49:31Z,2026-08-08T22:49:31+0200,011d730b-fef6-42d6-8ac6-798e5ff3262c,2026-07-15T12:00:00Z,2026-07-15T14:00:00+0200,0.7,MW,PT,PT,forecast_offshore_wind_generation,Wind Offshore,2026-08-08T20:54:52Z
2026-08-08T20:49:31Z,2026-08-08T22:49:31+0200,011d730b-fef6-42d6-8ac6-798e5ff3262c,2026-07-15T13:00:00Z,2026-07-15T15:00:00+0200,0.8,MW,PT,PT,forecast_offshore_wind_generation,Wind Offshore,2026-08-08T20:54:52Z
2026-08-08T20:49:31Z,2026-08-08T22:49:31+0200,011d730b-fef6-42d6-8ac6-798e5ff3262c,2026-07-15T14:00:00Z,2026-07-15T16:00:00+0200,0.8,MW,PT,PT,forecast_offshore_wind_generation,Wind Offshore,2026-08-08T20:54:52Z
2026-08-08T20:49:31Z,2026-08-08T22:49:31+0200,011d730b-fef6-42d6-8ac6-798e5ff3262c,2026-07-15T15:00:00Z,2026-07-15T17:00:00+0200,0.5,MW,PT,PT,forecast_offshore_wind_generation,Wind Offshore,2026-08-08T20:54:52Z
2026-08-08T20:49:31Z,2026-08-08T22:49:31+0200,011d730b-fef6-42d6-8ac6-798e5ff3262c,2026-07-15T16:00:00Z,2026-07-15T18:00:00+0200,0.3,MW,PT,PT,forecast_offshore_wind_generation,Wind Offshore,2026-08-08T20:54:52Z
2026-08-08T20:49:31Z,2026-08-08T22:49:31+0200,011d730b-fef6-42d6-8ac6-798e5ff3262c,2026-07-15T17:00:00Z,2026-07-15T19:00:00+0200,0.2,MW,PT,PT,forecast_offshore_wind_generation,Wind Offshore,2026-08-08T20:54:52Z
2026-08-08T20:49:31Z,2026-08-08T22:49:31+0200,011d730b-fef6-42d6-8ac6-798e5ff3262c,2026-07-15T18:00:00Z,2026-07-15T20:00:00+0200,0.1,MW,PT,PT,forecast_offshore_wind_generation,Wind Offshore,2026-08-08T20:54:52Z
2026-08-08T20:49:31Z,2026-08-08T22:49:31+0200,011d730b-fef6-42d6-8ac6-798e5ff3262c,2026-07-15T19:00:00Z,2026-07-15T21:00:00+0200,0.2,MW,PT,PT,forecast_offshore_wind_generation,Wind Offshore,2026-08-08T20:54:52Z
2026-08-08T20:49:31Z,2026-08-08T22:49:31+0200,011d730b-fef6-42d6-8ac6-798e5ff3262c,2026-07-15T20:00:00Z,2026-07-15T22:00:00+0200,0.2,MW,PT,PT,forecast_offshore_wind_generation,Wind Offshore,2026-08-08T20:54:52Z
2026-08-08T20:49:31Z,2026-08-08T22:49:31+0200,011d730b-fef6-42d6-8ac6-798e5ff3262c,2026-07-15T21:00:00Z,2026-07-15T23:00:00+0200,0.3,MW,PT,PT,forecast_offshore_wind_generation,Wind Offshore,2026-08-08T20:54:52Z
2026-08-08T20:49:31Z,2026-08-08T22:49:31+0200,011d730b-fef6-42d6-8ac6-798e5ff3262c,2026-07-15T22:00:00Z,2026-07-16T00:00:00+0200,0.3,MW,PT,PT,forecast_offshore_wind_generation,Wind Offshore,2026-08-08T20:54:52Z
2026-08-08T20:49:31Z,2026-08-08T22:49:31+0200,011d730b-fef6-42d6-8ac6-798e5ff3262c,2026-07-15T23:00:00Z,2026-07-16T01:00:00+0200,0.3,MW,PT,PT,forecast_offshore_wind_generation,Wind Offshore,2026-08-08T20:54:52Z
2026-08-08T20:49:31Z,2026-08-08T22:49:31+0200,011d730b-fef6-42d6-8ac6-798e5ff3262c,2026-07-16T00:00:00Z,2026-07-16T02:00:00+0200,0.2,MW,PT,PT,forecast_offshore_wind_generation,Wind Offshore,2026-08-08T20:54:52Z
2026-08-08T20:49:31Z,2026-08-08T22:49:31+0200,011d730b-fef6-42d6-8ac6-798e5ff3262c,2026-07-16T01:00:00Z,2026-07-16T03:00:00+0200,0.2,MW,PT,PT,forecast_offshore_wind_generation,Wind Offshore,2026-08-08T20:54:52Z
2026-08-08T20:49:31Z,2026-08-08T22:49:31+0200,011d730b-fef6-42d6-8ac6-798e5ff3262c,2026-07-16T02:00:00Z,2026-07-16T04:00:00+0200,0.1,MW,PT,PT,forecast_offshore_wind_generation,Wind Offshore,2026-08-08T20:54:52Z
2026-08-08T20:49:31Z,2026-08-08T22:49:31+0200,011d730b-fef6-42d6-8ac6-798e5ff3262c,2026-07-16T03:00:00Z,2026-07-16T05:00:00+0200,0.1,MW,PT,PT,forecast_offshore_wind_generation,Wind Offshore,2026-08-08T20:54:52Z
2026-08-08T20:49:31Z,2026-08-08T22:49:31+0200,011d730b-fef6-42d6-8ac6-798e5ff3262c,2026-07-16T04:00:00Z,2026-07-16T06:00:00+0200,0.1,MW,PT,PT,forecast_offshore_wind_generation,Wind Offshore,2026-08-08T20:54:52Z
2026-08-08T20:49:31Z,2026-08-08T22:49:31+0200,011d730b-fef6-42d6-8ac6-798e5ff3262c,2026-07-16T05:00:00Z,2026-07-16T07:00:00+0200,0.2,MW,PT,PT,forecast_offshore_wind_generation,Wind Offshore,2026-08-08T20:54:52Z
2026-08-08T20:49:31Z,2026-08-08T22:49:31+0200,011d730b-fef6-42d6-8ac6-798e5ff3262c,2026-07-16T06:00:00Z,2026-07-16T08:00:00+0200,0.2,MW,PT,PT,forecast_offshore_wind_generation,Wind Offshore,2026-08-08T20:54:52Z
2026-08-08T20:49:31Z,2026-08-08T22:49:31+0200,011d730b-fef6-42d6-8ac6-798e5ff3262c,2026-07-16T07:00:00Z,2026-07-16T09:00:00+0200,0.2,MW,PT,PT,forecast_offshore_wind_generation,Wind Offshore,2026-08-08T20:54:52Z
2026-08-08T20:49:31Z,2026-08-08T22:49:31+0200,011d730b-fef6-42d6-8ac6-798e5ff3262c,2026-07-16T08:00:00Z,2026-07-16T10:00:00+0200,0.3,MW,PT,PT,forecast_offshore_wind_generation,Wind Offshore,2026-08-08T20:54:52Z
2026-08-08T20:49:31Z,2026-08-08T22:49:31+0200,011d730b-fef6-42d6-8ac6-798e5ff3262c,2026-07-16T09:00:00Z,2026-07-16T11:00:00+0200,0.3,MW,PT,PT,forecast_offshore_wind_generation,Wind Offshore,2026-08-08T20:54:52Z
2026-08-08T20:49:31Z,2026-08-08T22:49:31+0200,011d730b-fef6-42d6-8ac6-798e5ff3262c,2026-07-16T10:00:00Z,2026-07-16T12:00:00+0200,0.5,MW,PT,PT,forecast_offshore_wind_generation,Wind Offshore,2026-08-08T20:54:52Z
2026-08-08T20:49:31Z,2026-08-08T22:49:31+0200,011d730b-fef6-42d6-8ac6-798e5ff3262c,2026-07-16T11:00:00Z,2026-07-16T13:00:00+0200,0.6,MW,PT,PT,forecast_offshore_wind_generation,Wind Offshore,2026-08-08T20:54:52Z
2026-08-08T20:49:31Z,2026-08-08T22:49:31+0200,011d730b-fef6-42d6-8ac6-798e5ff3262c,2026-07-16T12:00:00Z,2026-07-16T14:00:00+0200,0.5,MW,PT,PT,forecast_offshore_wind_generation,Wind Offshore,2026-08-08T20:54:52Z
2026-08-08T20:49:31Z,2026-08-08T22:49:31+0200,011d730b-fef6-42d6-8ac6-798e5ff3262c,2026-07-16T13:00:00Z,2026-07-16T15:00:00+0200,0.5,MW,PT,PT,forecast_offshore_wind_generation,Wind Offshore,2026-08-08T20:54:52Z
2026-08-08T20:49:31Z,2026-08-08T22:49:31+0200,011d730b-fef6-42d6-8ac6-798e5ff3262c,2026-07-16T14:00:00Z,2026-07-16T16:00:00+0200,0.4,MW,PT,PT,forecast_offshore_wind_generation,Wind Offshore,2026-08-08T20:54:52Z
2026-08-08T20:49:31Z,2026-08-08T22:49:31+0200,011d730b-fef6-42d6-8ac6-798e5ff3262c,2026-07-16T15:00:00Z,2026-07-16T17:00:00+0200,0.4,MW,PT,PT,forecast_offshore_wind_generation,Wind Offshore,2026-08-08T20:54:52Z
2026-08-08T20:49:31Z,2026-08-08T22:49:31+0200,011d730b-fef6-42d6-8ac6-798e5ff3262c,2026-07-16T16:00:00Z,2026-07-16T18:00:00+0200,0.3,MW,PT,PT,forecast_offshore_wind_generation,Wind Offshore,2026-08-08T20:54:52Z
2026-08-08T20:49:31Z,2026-08-08T22:49:31+0200,011d730b-fef6-42d6-8ac6-798e5ff3262c,2026-07-16T17:00:00Z,2026-07-16T19:00:00+0200,0.3,MW,PT,PT,forecast_offshore_wind_generation,Wind Offshore,2026-08-08T20:54:52Z
2026-08-08T20:49:31Z,2026-08-08T22:49:31+0200,011d730b-fef6-42d6-8ac6-798e5ff3262c,2026-07-16T18:00:00Z,2026-07-16T20:00:00+0200,0.3,MW,PT,PT,forecast_offshore_wind_generation,Wind Offshore,2026-08-08T20:54:52Z
2026-08-08T20:49:31Z,2026-08-08T22:49:31+0200,011d730b-fef6-42d6-8ac6-798e5ff3262c,2026-07-16T19:00:00Z,2026-07-16T21:00:00+0200,0.2,MW,PT,PT,forecast_offshore_wind_generation,Wind Offshore,2026-08-08T20:54:52Z
2026-08-08T20:49:31Z,2026-08-08T22:49:31+0200,011d730b-fef6-42d6-8ac6-798e5ff3262c,2026-07-16T20:00:00Z,2026-07-16T22:00:00+0200,0.2,MW,PT,PT,forecast_offshore_wind_generation,Wind Offshore,2026-08-08T20:54:52Z
2026-08-08T20:49:31Z,2026-08-08T22:49:31+0200,011d730b-fef6-42d6-8ac6-798e5ff3262c,2026-07-16T21:00:00Z,2026-07-16T23:00:00+0200,0.2,MW,PT,PT,forecast_offshore_wind_generation,Wind Offshore,2026-08-08T20:54:52Z
2026-08-08T20:49:31Z,2026-08-08T22:49:31+0200,011d730b-fef6-42d6-8ac6-798e5ff3262c,2026-07-16T22:00:00Z,2026-07-17T00:00:00+0200,0.3,MW,PT,PT,forecast_offshore_wind_generation,Wind Offshore,2026-08-08T20:54:52Z
2026-08-08T20:49:31Z,2026-08-08T22:49:31+0200,011d730b-fef6-42d6-8ac6-798e5ff3262c,2026-07-16T23:00:00Z,2026-07-17T01:00:00+0200,0.3,MW,PT,PT,forecast_offshore_wind_generation,Wind Offshore,2026-08-08T20:54:52Z
2026-08-08T20:49:31Z,2026-08-08T22:49:31+0200,011d730b-fef6-42d6-8ac6-798e5ff3262c,2026-07-17T00:00:00Z,2026-07-17T02:00:00+0200,0.3,MW,PT,PT,forecast_offshore_wind_generation,Wind Offshore,2026-08-08T20:54:52Z
2026-08-08T20:49:31Z,2026-08-08T22:49:31+0200,011d730b-fef6-42d6-8ac6-798e5ff3262c,2026-07-17T01:00:00Z,2026-07-17T03:00:00+0200,0.4,MW,PT,PT,forecast_offshore_wind_generation,Wind Offshore,2026-08-08T20:54:52Z
2026-08-08T20:49:31Z,2026-08-08T22:49:31+0200,011d730b-fef6-42d6-8ac6-798e5ff3262c,2026-07-17T02:00:00Z,2026-07-17T04:00:00+0200,0.7,MW,PT,PT,forecast_offshore_wind_generation,Wind Offshore,2026-08-08T20:54:52Z
2026-08-08T20:49:31Z,2026-08-08T22:49:31+0200,011d730b-fef6-42d6-8ac6-798e5ff3262c,2026-07-17T03:00:00Z,2026-07-17T05:00:00+0200,0.9,MW,PT,PT,forecast_offshore_wind_generation,Wind Offshore,2026-08-08T20:54:52Z
2026-08-08T20:49:31Z,2026-08-08T22:49:31+0200,011d730b-fef6-42d6-8ac6-798e5ff3262c,2026-07-17T04:00:00Z,2026-07-17T06:00:00+0200,1.1,MW,PT,PT,forecast_offshore_wind_generation,Wind Offshore,2026-08-08T20:54:52Z
2026-08-08T20:49:31Z,2026-08-08T22:49:31+0200,011d730b-fef6-42d6-8ac6-798e5ff3262c,2026-07-17T05:00:00Z,2026-07-17T07:00:00+0200,1.1,MW,PT,PT,forecast_offshore_wind_generation,Wind Offshore,2026-08-08T20:54:52Z
2026-08-08T20:49:31Z,2026-08-08T22:49:31+0200,011d730b-fef6-42d6-8ac6-798e5ff3262c,2026-07-17T06:00:00Z,2026-07-17T08:00:00+0200,1.0,MW,PT,PT,forecast_offshore_wind_generation,Wind Offshore,2026-08-08T20:54:52Z
2026-08-08T20:49:31Z,2026-08-08T22:49:31+0200,011d730b-fef6-42d6-8ac6-798e5ff3262c,2026-07-17T07:00:00Z,2026-07-17T09:00:00+0200,0.9,MW,PT,PT,forecast_offshore_wind_generation,Wind Offshore,2026-08-08T20:54:52Z
2026-08-08T20:49:31Z,2026-08-08T22:49:31+0200,011d730b-fef6-42d6-8ac6-798e5ff3262c,2026-07-17T08:00:00Z,2026-07-17T10:00:00+0200,0.7,MW,PT,PT,forecast_offshore_wind_generation,Wind Offshore,2026-08-08T20:54:52Z
2026-08-08T20:49:31Z,2026-08-08T22:49:31+0200,011d730b-fef6-42d6-8ac6-798e5ff3262c,2026-07-17T09:00:00Z,2026-07-17T11:00:00+0200,0.6,MW,PT,PT,forecast_offshore_wind_generation,Wind Offshore,2026-08-08T20:54:52Z
2026-08-08T20:49:31Z,2026-08-08T22:49:31+0200,011d730b-fef6-42d6-8ac6-798e5ff3262c,2026-07-17T10:00:00Z,2026-07-17T12:00:00+0200,0.8,MW,PT,PT,forecast_offshore_wind_generation,Wind Offshore,2026-08-08T20:54:52Z
2026-08-08T20:49:31Z,2026-08-08T22:49:31+0200,011d730b-fef6-42d6-8ac6-798e5ff3262c,2026-07-17T11:00:00Z,2026-07-17T13:00:00+0200,1.2,MW,PT,PT,forecast_offshore_wind_generation,Wind Offshore,2026-08-08T20:54:52Z
2026-08-08T20:49:31Z,2026-08-08T22:49:31+0200,011d730b-fef6-42d6-8ac6-798e5ff3262c,2026-07-17T12:00:00Z,2026-07-17T14:00:00+0200,2.0,MW,PT,PT,forecast_offshore_wind_generation,Wind Offshore,2026-08-08T20:54:52Z
2026-08-08T20:49:31Z,2026-08-08T22:49:31+0200,011d730b-fef6-42d6-8ac6-798e5ff3262c,2026-07-17T13:00:00Z,2026-07-17T15:00:00+0200,2.9,MW,PT,PT,forecast_offshore_wind_generation,Wind Offshore,2026-08-08T20:54:52Z
2026-08-08T20:49:31Z,2026-08-08T22:49:31+0200,011d730b-fef6-42d6-8ac6-798e5ff3262c,2026-07-17T14:00:00Z,2026-07-17T16:00:00+0200,3.9,MW,PT,PT,forecast_offshore_wind_generation,Wind Offshore,2026-08-08T20:54:52Z
2026-08-08T20:49:31Z,2026-08-08T22:49:31+0200,011d730b-fef6-42d6-8ac6-798e5ff3262c,2026-07-17T15:00:00Z,2026-07-17T17:00:00+0200,5.6,MW,PT,PT,forecast_offshore_wind_generation,Wind Offshore,2026-08-08T20:54:52Z
2026-08-08T20:49:31Z,2026-08-08T22:49:31+0200,011d730b-fef6-42d6-8ac6-798e5ff3262c,2026-07-17T16:00:00Z,2026-07-17T18:00:00+0200,8.5,MW,PT,PT,forecast_offshore_wind_generation,Wind Offshore,2026-08-08T20:54:52Z
2026-08-08T20:49:31Z,2026-08-08T22:49:31+0200,011d730b-fef6-42d6-8ac6-798e5ff3262c,2026-07-17T17:00:00Z,2026-07-17T19:00:00+0200,11.3,MW,PT,PT,forecast_offshore_wind_generation,Wind Offshore,2026-08-08T20:54:52Z
2026-08-08T20:49:31Z,2026-08-08T22:49:31+0200,011d730b-fef6-42d6-8ac6-798e5ff3262c,2026-07-17T18:00:00Z,2026-07-17T20:00:00+0200,12.7,MW,PT,PT,forecast_offshore_wind_generation,Wind Offshore,2026-08-08T20:54:52Z
2026-08-08T20:49:31Z,2026-08-08T22:49:31+0200,011d730b-fef6-42d6-8ac6-798e5ff3262c,2026-07-17T19:00:00Z,2026-07-17T21:00:00+0200,13.1,MW,PT,PT,forecast_offshore_wind_generation,Wind Offshore,2026-08-08T20:54:52Z
2026-08-08T20:49:31Z,2026-08-08T22:49:31+0200,011d730b-fef6-42d6-8ac6-798e5ff3262c,2026-07-17T20:00:00Z,2026-07-17T22:00:00+0200,12.9,MW,PT,PT,forecast_offshore_wind_generation,Wind Offshore,2026-08-08T20:54:52Z
2026-08-08T20:49:31Z,2026-08-08T22:49:31+0200,011d730b-fef6-42d6-8ac6-798e5ff3262c,2026-07-17T21:00:00Z,2026-07-17T23:00:00+0200,12.7,MW,PT,PT,forecast_offshore_wind_generation,Wind Offshore,2026-08-08T20:54:52Z
2026-08-08T20:49:31Z,2026-08-08T22:49:31+0200,011d730b-fef6-42d6-8ac6-798e5ff3262c,2026-07-17T22:00:00Z,2026-07-18T00:00:00+0200,11.1,MW,PT,PT,forecast_offshore_wind_generation,Wind Offshore,2026-08-08T20:54:52Z
2026-08-08T20:49:31Z,2026-08-08T22:49:31+0200,011d730b-fef6-42d6-8ac6-798e5ff3262c,2026-07-17T23:00:00Z,2026-07-18T01:00:00+0200,11.4,MW,PT,PT,forecast_offshore_wind_generation,Wind Offshore,2026-08-08T20:54:52Z
2026-08-08T20:49:31Z,2026-08-08T22:49:31+0200,011d730b-fef6-42d6-8ac6-798e5ff3262c,2026-07-18T00:00:00Z,2026-07-18T02:00:00+0200,11.8,MW,PT,PT,forecast_offshore_wind_generation,Wind Offshore,2026-08-08T20:54:52Z
2026-08-08T20:49:31Z,2026-08-08T22:49:31+0200,011d730b-fef6-42d6-8ac6-798e5ff3262c,2026-07-18T01:00:00Z,2026-07-18T03:00:00+0200,12.0,MW,PT,PT,forecast_offshore_wind_generation,Wind Offshore,2026-08-08T20:54:52Z
2026-08-08T20:49:31Z,2026-08-08T22:49:31+0200,011d730b-fef6-42d6-8ac6-798e5ff3262c,2026-07-18T02:00:00Z,2026-07-18T04:00:00+0200,10.8,MW,PT,PT,forecast_offshore_wind_generation,Wind Offshore,2026-08-08T20:54:52Z
2026-08-08T20:49:31Z,2026-08-08T22:49:31+0200,011d730b-fef6-42d6-8ac6-798e5ff3262c,2026-07-18T03:00:00Z,2026-07-18T05:00:00+0200,8.7,MW,PT,PT,forecast_offshore_wind_generation,Wind Offshore,2026-08-08T20:54:52Z
2026-08-08T20:49:31Z,2026-08-08T22:49:31+0200,011d730b-fef6-42d6-8ac6-798e5ff3262c,2026-07-18T04:00:00Z,2026-07-18T06:00:00+0200,6.5,MW,PT,PT,forecast_offshore_wind_generation,Wind Offshore,2026-08-08T20:54:52Z
2026-08-08T20:49:31Z,2026-08-08T22:49:31+0200,011d730b-fef6-42d6-8ac6-798e5ff3262c,2026-07-18T05:00:00Z,2026-07-18T07:00:00+0200,4.6,MW,PT,PT,forecast_offshore_wind_generation,Wind Offshore,2026-08-08T20:54:52Z
2026-08-08T20:49:31Z,2026-08-08T22:49:31+0200,011d730b-fef6-42d6-8ac6-798e5ff3262c,2026-07-18T06:00:00Z,2026-07-18T08:00:00+0200,3.1,MW,PT,PT,forecast_offshore_wind_generation,Wind Offshore,2026-08-08T20:54:52Z
2026-08-08T20:49:31Z,2026-08-08T22:49:31+0200,011d730b-fef6-42d6-8ac6-798e5ff3262c,2026-07-18T07:00:00Z,2026-07-18T09:00:00+0200,1.8,MW,PT,PT,forecast_offshore_wind_generation,Wind Offshore,2026-08-08T20:54:52Z
2026-08-08T20:49:31Z,2026-08-08T22:49:31+0200,011d730b-fef6-42d6-8ac6-798e5ff3262c,2026-07-18T08:00:00Z,2026-07-18T10:00:00+0200,1.1,MW,PT,PT,forecast_offshore_wind_generation,Wind Offshore,2026-08-08T20:54:52Z
2026-08-08T20:49:31Z,2026-08-08T22:49:31+0200,011d730b-fef6-42d6-8ac6-798e5ff3262c,2026-07-18T09:00:00Z,2026-07-18T11:00:00+0200,1.0,MW,PT,PT,forecast_offshore_wind_generation,Wind Offshore,2026-08-08T20:54:52Z
2026-08-08T20:49:31Z,2026-08-08T22:49:31+0200,011d730b-fef6-42d6-8ac6-798e5ff3262c,2026-07-18T10:00:00Z,2026-07-18T12:00:00+0200,1.1,MW,PT,PT,forecast_offshore_wind_generation,Wind Offshore,2026-08-08T20:54:52Z
2026-08-08T20:49:31Z,2026-08-08T22:49:31+0200,011d730b-fef6-42d6-8ac6-798e5ff3262c,2026-07-18T11:00:00Z,2026-07-18T13:00:00+0200,1.5,MW,PT,PT,forecast_offshore_wind_generation,Wind Offshore,2026-08-08T20:54:52Z
2026-08-08T20:49:31Z,2026-08-08T22:49:31+0200,011d730b-fef6-42d6-8ac6-798e5ff3262c,2026-07-18T12:00:00Z,2026-07-18T14:00:00+0200,2.2,MW,PT,PT,forecast_offshore_wind_generation,Wind Offshore,2026-08-08T20:54:52Z
2026-08-08T20:49:31Z,2026-08-08T22:49:31+0200,011d730b-fef6-42d6-8ac6-798e5ff3262c,2026-07-18T13:00:00Z,2026-07-18T15:00:00+0200,3.9,MW,PT,PT,forecast_offshore_wind_generation,Wind Offshore,2026-08-08T20:54:52Z
2026-08-08T20:49:31Z,2026-08-08T22:49:31+0200,011d730b-fef6-42d6-8ac6-798e5ff3262c,2026-07-18T14:00:00Z,2026-07-18T16:00:00+0200,5.9,MW,PT,PT,forecast_offshore_wind_generation,Wind Offshore,2026-08-08T20:54:52Z
2026-08-08T20:49:31Z,2026-08-08T22:49:31+0200,011d730b-fef6-42d6-8ac6-798e5ff3262c,2026-07-18T15:00:00Z,2026-07-18T17:00:00+0200,8.0,MW,PT,PT,forecast_offshore_wind_generation,Wind Offshore,2026-08-08T20:54:52Z
2026-08-08T20:49:31Z,2026-08-08T22:49:31+0200,011d730b-fef6-42d6-8ac6-798e5ff3262c,2026-07-18T16:00:00Z,2026-07-18T18:00:00+0200,10.1,MW,PT,PT,forecast_offshore_wind_generation,Wind Offshore,2026-08-08T20:54:52Z
2026-08-08T20:49:31Z,2026-08-08T22:49:31+0200,011d730b-fef6-42d6-8ac6-798e5ff3262c,2026-07-18T17:00:00Z,2026-07-18T19:00:00+0200,12.1,MW,PT,PT,forecast_offshore_wind_generation,Wind Offshore,2026-08-08T20:54:52Z
2026-08-08T20:49:31Z,2026-08-08T22:49:31+0200,011d730b-fef6-42d6-8ac6-798e5ff3262c,2026-07-18T18:00:00Z,2026-07-18T20:00:00+0200,13.4,MW,PT,PT,forecast_offshore_wind_generation,Wind Offshore,2026-08-08T20:54:52Z
2026-08-08T20:49:31Z,2026-08-08T22:49:31+0200,011d730b-fef6-42d6-8ac6-798e5ff3262c,2026-07-18T19:00:00Z,2026-07-18T21:00:00+0200,15.2,MW,PT,PT,forecast_offshore_wind_generation,Wind Offshore,2026-08-08T20:54:52Z
2026-08-08T20:49:31Z,2026-08-08T22:49:31+0200,011d730b-fef6-42d6-8ac6-798e5ff3262c,2026-07-18T20:00:00Z,2026-07-18T22:00:00+0200,16.0,MW,PT,PT,forecast_offshore_wind_generation,Wind Offshore,2026-08-08T20:54:52Z
2026-08-08T20:49:31Z,2026-08-08T22:49:31+0200,011d730b-fef6-42d6-8ac6-798e5ff3262c,2026-07-18T21:00:00Z,2026-07-18T23:00:00+0200,14.9,MW,PT,PT,forecast_offshore_wind_generation,Wind Offshore,2026-08-08T20:54:52Z
2026-08-08T20:49:31Z,2026-08-08T22:49:31+0200,011d730b-fef6-42d6-8ac6-798e5ff3262c,2026-07-18T22:00:00Z,2026-07-19T00:00:00+0200,7.5,MW,PT,PT,forecast_offshore_wind_generation,Wind Offshore,2026-08-08T20:54:52Z
2026-08-08T20:49:31Z,2026-08-08T22:49:31+0200,011d730b-fef6-42d6-8ac6-798e5ff3262c,2026-07-18T23:00:00Z,2026-07-19T01:00:00+0200,4.5,MW,PT,PT,forecast_offshore_wind_generation,Wind Offshore,2026-08-08T20:54:52Z
2026-08-08T20:49:31Z,2026-08-08T22:49:31+0200,011d730b-fef6-42d6-8ac6-798e5ff3262c,2026-07-19T00:00:00Z,2026-07-19T02:00:00+0200,2.9,MW,PT,PT,forecast_offshore_wind_generation,Wind Offshore,2026-08-08T20:54:52Z
2026-08-08T20:49:31Z,2026-08-08T22:49:31+0200,011d730b-fef6-42d6-8ac6-798e5ff3262c,2026-07-19T01:00:00Z,2026-07-19T03:00:00+0200,2.8,MW,PT,PT,forecast_offshore_wind_generation,Wind Offshore,2026-08-08T20:54:52Z
2026-08-08T20:49:31Z,2026-08-08T22:49:31+0200,011d730b-fef6-42d6-8ac6-798e5ff3262c,2026-07-19T02:00:00Z,2026-07-19T04:00:00+0200,3.1,MW,PT,PT,forecast_offshore_wind_generation,Wind Offshore,2026-08-08T20:54:52Z
2026-08-08T20:49:31Z,2026-08-08T22:49:31+0200,011d730b-fef6-42d6-8ac6-798e5ff3262c,2026-07-19T03:00:00Z,2026-07-19T05:00:00+0200,3.2,MW,PT,PT,forecast_offshore_wind_generation,Wind Offshore,2026-08-08T20:54:52Z
2026-08-08T20:49:31Z,2026-08-08T22:49:31+0200,011d730b-fef6-42d6-8ac6-798e5ff3262c,2026-07-19T04:00:00Z,2026-07-19T06:00:00+0200,3.7,MW,PT,PT,forecast_offshore_wind_generation,Wind Offshore,2026-08-08T20:54:52Z
2026-08-08T20:49:31Z,2026-08-08T22:49:31+0200,011d730b-fef6-42d6-8ac6-798e5ff3262c,2026-07-19T05:00:00Z,2026-07-19T07:00:00+0200,4.7,MW,PT,PT,forecast_offshore_wind_generation,Wind Offshore,2026-08-08T20:54:52Z
2026-08-08T20:49:31Z,2026-08-08T22:49:31+0200,011d730b-fef6-42d6-8ac6-798e5ff3262c,2026-07-19T06:00:00Z,2026-07-19T08:00:00+0200,5.2,MW,PT,PT,forecast_offshore_wind_generation,Wind Offshore,2026-08-08T20:54:52Z
2026-08-08T20:49:31Z,2026-08-08T22:49:31+0200,011d730b-fef6-42d6-8ac6-798e5ff3262c,2026-07-19T07:00:00Z,2026-07-19T09:00:00+0200,5.4,MW,PT,PT,forecast_offshore_wind_generation,Wind Offshore,2026-08-08T20:54:52Z
2026-08-08T20:49:31Z,2026-08-08T22:49:31+0200,011d730b-fef6-42d6-8ac6-798e5ff3262c,2026-07-19T08:00:00Z,2026-07-19T10:00:00+0200,5.4,MW,PT,PT,forecast_offshore_wind_generation,Wind Offshore,2026-08-08T20:54:52Z
2026-08-08T20:49:31Z,2026-08-08T22:49:31+0200,011d730b-fef6-42d6-8ac6-798e5ff3262c,2026-07-19T09:00:00Z,2026-07-19T11:00:00+0200,5.1,MW,PT,PT,forecast_offshore_wind_generation,Wind Offshore,2026-08-08T20:54:52Z
2026-08-08T20:49:31Z,2026-08-08T22:49:31+0200,011d730b-fef6-42d6-8ac6-798e5ff3262c,2026-07-19T10:00:00Z,2026-07-19T12:00:00+0200,4.8,MW,PT,PT,forecast_offshore_wind_generation,Wind Offshore,2026-08-08T20:54:52Z
2026-08-08T20:49:31Z,2026-08-08T22:49:31+0200,011d730b-fef6-42d6-8ac6-798e5ff3262c,2026-07-19T11:00:00Z,2026-07-19T13:00:00+0200,4.1,MW,PT,PT,forecast_offshore_wind_generation,Wind Offshore,2026-08-08T20:54:52Z
2026-08-08T20:49:31Z,2026-08-08T22:49:31+0200,011d730b-fef6-42d6-8ac6-798e5ff3262c,2026-07-19T12:00:00Z,2026-07-19T14:00:00+0200,2.9,MW,PT,PT,forecast_offshore_wind_generation,Wind Offshore,2026-08-08T20:54:52Z
2026-08-08T20:49:31Z,2026-08-08T22:49:31+0200,011d730b-fef6-42d6-8ac6-798e5ff3262c,2026-07-19T13:00:00Z,2026-07-19T15:00:00+0200,1.9,MW,PT,PT,forecast_offshore_wind_generation,Wind Offshore,2026-08-08T20:54:52Z
2026-08-08T20:49:31Z,2026-08-08T22:49:31+0200,011d730b-fef6-42d6-8ac6-798e5ff3262c,2026-07-19T14:00:00Z,2026-07-19T16:00:00+0200,1.0,MW,PT,PT,forecast_offshore_wind_generation,Wind Offshore,2026-08-08T20:54:52Z
2026-08-08T20:49:31Z,2026-08-08T22:49:31+0200,011d730b-fef6-42d6-8ac6-798e5ff3262c,2026-07-19T15:00:00Z,2026-07-19T17:00:00+0200,0.5,MW,PT,PT,forecast_offshore_wind_generation,Wind Offshore,2026-08-08T20:54:52Z
2026-08-08T20:49:31Z,2026-08-08T22:49:31+0200,011d730b-fef6-42d6-8ac6-798e5ff3262c,2026-07-19T16:00:00Z,2026-07-19T18:00:00+0200,0.3,MW,PT,PT,forecast_offshore_wind_generation,Wind Offshore,2026-08-08T20:54:52Z
2026-08-08T20:49:31Z,2026-08-08T22:49:31+0200,011d730b-fef6-42d6-8ac6-798e5ff3262c,2026-07-19T17:00:00Z,2026-07-19T19:00:00+0200,0.2,MW,PT,PT,forecast_offshore_wind_generation,Wind Offshore,2026-08-08T20:54:52Z
2026-08-08T20:49:31Z,2026-08-08T22:49:31+0200,011d730b-fef6-42d6-8ac6-798e5ff3262c,2026-07-19T18:00:00Z,2026-07-19T20:00:00+0200,0.2,MW,PT,PT,forecast_offshore_wind_generation,Wind Offshore,2026-08-08T20:54:52Z
2026-08-08T20:49:31Z,2026-08-08T22:49:31+0200,011d730b-fef6-42d6-8ac6-798e5ff3262c,2026-07-19T19:00:00Z,2026-07-19T21:00:00+0200,0.3,MW,PT,PT,forecast_offshore_wind_generation,Wind Offshore,2026-08-08T20:54:52Z
2026-08-08T20:49:31Z,2026-08-08T22:49:31+0200,011d730b-fef6-42d6-8ac6-798e5ff3262c,2026-07-19T20:00:00Z,2026-07-19T22:00:00+0200,0.4,MW,PT,PT,forecast_offshore_wind_generation,Wind Offshore,2026-08-08T20:54:52Z
2026-08-08T20:49:31Z,2026-08-08T22:49:31+0200,011d730b-fef6-42d6-8ac6-798e5ff3262c,2026-07-19T21:00:00Z,2026-07-19T23:00:00+0200,0.7,MW,PT,PT,forecast_offshore_wind_generation,Wind Offshore,2026-08-08T20:54:52Z
2026-08-08T20:49:31Z,2026-08-08T22:49:31+0200,011d730b-fef6-42d6-8ac6-798e5ff3262c,2026-07-19T22:00:00Z,2026-07-20T00:00:00+0200,0.7,MW,PT,PT,forecast_offshore_wind_generation,Wind Offshore,2026-08-08T20:54:52Z
2026-08-08T20:49:31Z,2026-08-08T22:49:31+0200,011d730b-fef6-42d6-8ac6-798e5ff3262c,2026-07-19T23:00:00Z,2026-07-20T01:00:00+0200,1.0,MW,PT,PT,forecast_offshore_wind_generation,Wind Offshore,2026-08-08T20:54:52Z
2026-08-08T20:49:31Z,2026-08-08T22:49:31+0200,011d730b-fef6-42d6-8ac6-798e5ff3262c,2026-07-20T00:00:00Z,2026-07-20T02:00:00+0200,1.3,MW,PT,PT,forecast_offshore_wind_generation,Wind Offshore,2026-08-08T20:54:52Z
2026-08-08T20:49:31Z,2026-08-08T22:49:31+0200,011d730b-fef6-42d6-8ac6-798e5ff3262c,2026-07-20T01:00:00Z,2026-07-20T03:00:00+0200,1.6,MW,PT,PT,forecast_offshore_wind_generation,Wind Offshore,2026-08-08T20:54:52Z
2026-08-08T20:49:31Z,2026-08-08T22:49:31+0200,011d730b-fef6-42d6-8ac6-798e5ff3262c,2026-07-20T02:00:00Z,2026-07-20T04:00:00+0200,2.0,MW,PT,PT,forecast_offshore_wind_generation,Wind Offshore,2026-08-08T20:54:52Z
2026-08-08T20:49:31Z,2026-08-08T22:49:31+0200,011d730b-fef6-42d6-8ac6-798e5ff3262c,2026-07-20T03:00:00Z,2026-07-20T05:00:00+0200,2.6,MW,PT,PT,forecast_offshore_wind_generation,Wind Offshore,2026-08-08T20:54:52Z
2026-08-08T20:49:31Z,2026-08-08T22:49:31+0200,011d730b-fef6-42d6-8ac6-798e5ff3262c,2026-07-20T04:00:00Z,2026-07-20T06:00:00+0200,3.2,MW,PT,PT,forecast_offshore_wind_generation,Wind Offshore,2026-08-08T20:54:52Z
2026-08-08T20:49:31Z,2026-08-08T22:49:31+0200,011d730b-fef6-42d6-8ac6-798e5ff3262c,2026-07-20T05:00:00Z,2026-07-20T07:00:00+0200,3.8,MW,PT,PT,forecast_offshore_wind_generation,Wind Offshore,2026-08-08T20:54:52Z
2026-08-08T20:49:31Z,2026-08-08T22:49:31+0200,011d730b-fef6-42d6-8ac6-798e5ff3262c,2026-07-20T06:00:00Z,2026-07-20T08:00:00+0200,4.2,MW,PT,PT,forecast_offshore_wind_generation,Wind Offshore,2026-08-08T20:54:52Z
2026-08-08T20:49:31Z,2026-08-08T22:49:31+0200,011d730b-fef6-42d6-8ac6-798e5ff3262c,2026-07-20T07:00:00Z,2026-07-20T09:00:00+0200,4.7,MW,PT,PT,forecast_offshore_wind_generation,Wind Offshore,2026-08-08T20:54:52Z
2026-08-08T20:49:31Z,2026-08-08T22:49:31+0200,011d730b-fef6-42d6-8ac6-798e5ff3262c,2026-07-20T08:00:00Z,2026-07-20T10:00:00+0200,5.1,MW,PT,PT,forecast_offshore_wind_generation,Wind Offshore,2026-08-08T20:54:52Z
2026-08-08T20:49:31Z,2026-08-08T22:49:31+0200,011d730b-fef6-42d6-8ac6-798e5ff3262c,2026-07-20T09:00:00Z,2026-07-20T11:00:00+0200,5.3,MW,PT,PT,forecast_offshore_wind_generation,Wind Offshore,2026-08-08T20:54:52Z
2026-08-08T20:49:31Z,2026-08-08T22:49:31+0200,011d730b-fef6-42d6-8ac6-798e5ff3262c,2026-07-20T10:00:00Z,2026-07-20T12:00:00+0200,5.2,MW,PT,PT,forecast_offshore_wind_generation,Wind Offshore,2026-08-08T20:54:52Z
2026-08-08T20:49:31Z,2026-08-08T22:49:31+0200,011d730b-fef6-42d6-8ac6-798e5ff3262c,2026-07-20T11:00:00Z,2026-07-20T13:00:00+0200,4.6,MW,PT,PT,forecast_offshore_wind_generation,Wind Offshore,2026-08-08T20:54:52Z
2026-08-08T20:49:31Z,2026-08-08T22:49:31+0200,011d730b-fef6-42d6-8ac6-798e5ff3262c,2026-07-20T12:00:00Z,2026-07-20T14:00:00+0200,3.8,MW,PT,PT,forecast_offshore_wind_generation,Wind Offshore,2026-08-08T20:54:52Z
2026-08-08T20:49:31Z,2026-08-08T22:49:31+0200,011d730b-fef6-42d6-8ac6-798e5ff3262c,2026-07-20T13:00:00Z,2026-07-20T15:00:00+0200,2.7,MW,PT,PT,forecast_offshore_wind_generation,Wind Offshore,2026-08-08T20:54:52Z
2026-08-08T20:49:31Z,2026-08-08T22:49:31+0200,011d730b-fef6-42d6-8ac6-798e5ff3262c,2026-07-20T14:00:00Z,2026-07-20T16:00:00+0200,1.9,MW,PT,PT,forecast_offshore_wind_generation,Wind Offshore,2026-08-08T20:54:52Z
2026-08-08T20:49:31Z,2026-08-08T22:49:31+0200,011d730b-fef6-42d6-8ac6-798e5ff3262c,2026-07-20T15:00:00Z,2026-07-20T17:00:00+0200,1.2,MW,PT,PT,forecast_offshore_wind_generation,Wind Offshore,2026-08-08T20:54:52Z
2026-08-08T20:49:31Z,2026-08-08T22:49:31+0200,011d730b-fef6-42d6-8ac6-798e5ff3262c,2026-07-20T16:00:00Z,2026-07-20T18:00:00+0200,0.7,MW,PT,PT,forecast_offshore_wind_generation,Wind Offshore,2026-08-08T20:54:52Z
2026-08-08T20:49:31Z,2026-08-08T22:49:31+0200,011d730b-fef6-42d6-8ac6-798e5ff3262c,2026-07-20T17:00:00Z,2026-07-20T19:00:00+0200,0.4,MW,PT,PT,forecast_offshore_wind_generation,Wind Offshore,2026-08-08T20:54:52Z
2026-08-08T20:49:31Z,2026-08-08T22:49:31+0200,011d730b-fef6-42d6-8ac6-798e5ff3262c,2026-07-20T18:00:00Z,2026-07-20T20:00:00+0200,0.3,MW,PT,PT,forecast_offshore_wind_generation,Wind Offshore,2026-08-08T20:54:52Z
2026-08-08T20:49:31Z,2026-08-08T22:49:31+0200,011d730b-fef6-42d6-8ac6-798e5ff3262c,2026-07-20T19:00:00Z,2026-07-20T21:00:00+0200,0.3,MW,PT,PT,forecast_offshore_wind_generation,Wind Offshore,2026-08-08T20:54:52Z
2026-08-08T20:49:31Z,2026-08-08T22:49:31+0200,011d730b-fef6-42d6-8ac6-798e5ff3262c,2026-07-20T20:00:00Z,2026-07-20T22:00:00+0200,0.3,MW,PT,PT,forecast_offshore_wind_generation,Wind Offshore,2026-08-08T20:54:52Z
2026-08-08T20:49:31Z,2026-08-08T22:49:31+0200,011d730b-fef6-42d6-8ac6-798e5ff3262c,2026-07-20T21:00:00Z,2026-07-20T23:00:00+0200,0.4,MW,PT,PT,forecast_offshore_wind_generation,Wind Offshore,2026-08-08T20:54:52Z
2026-08-08T20:49:31Z,2026-08-08T22:49:31+0200,011d730b-fef6-42d6-8ac6-798e5ff3262c,2026-07-20T22:00:00Z,2026-07-21T00:00:00+0200,0.3,MW,PT,PT,forecast_offshore_wind_generation,Wind Offshore,2026-08-08T20:54:52Z
2026-08-08T20:49:31Z,2026-08-08T22:49:31+0200,011d730b-fef6-42d6-8ac6-798e5ff3262c,2026-07-20T23:00:00Z,2026-07-21T01:00:00+0200,0.3,MW,PT,PT,forecast_offshore_wind_generation,Wind Offshore,2026-08-08T20:54:52Z
2026-08-08T20:49:31Z,2026-08-08T22:49:31+0200,011d730b-fef6-42d6-8ac6-798e5ff3262c,2026-07-21T00:00:00Z,2026-07-21T02:00:00+0200,0.3,MW,PT,PT,forecast_offshore_wind_generation,Wind Offshore,2026-08-08T20:54:52Z
2026-08-08T20:49:31Z,2026-08-08T22:49:31+0200,011d730b-fef6-42d6-8ac6-798e5ff3262c,2026-07-21T01:00:00Z,2026-07-21T03:00:00+0200,0.3,MW,PT,PT,forecast_offshore_wind_generation,Wind Offshore,2026-08-08T20:54:52Z
2026-08-08T20:49:31Z,2026-08-08T22:49:31+0200,011d730b-fef6-42d6-8ac6-798e5ff3262c,2026-07-21T02:00:00Z,2026-07-21T04:00:00+0200,0.2,MW,PT,PT,forecast_offshore_wind_generation,Wind Offshore,2026-08-08T20:54:52Z
2026-08-08T20:49:31Z,2026-08-08T22:49:31+0200,011d730b-fef6-42d6-8ac6-798e5ff3262c,2026-07-21T03:00:00Z,2026-07-21T05:00:00+0200,0.2,MW,PT,PT,forecast_offshore_wind_generation,Wind Offshore,2026-08-08T20:54:52Z
2026-08-08T20:49:31Z,2026-08-08T22:49:31+0200,011d730b-fef6-42d6-8ac6-798e5ff3262c,2026-07-21T04:00:00Z,2026-07-21T06:00:00+0200,0.3,MW,PT,PT,forecast_offshore_wind_generation,Wind Offshore,2026-08-08T20:54:52Z
2026-08-08T20:49:31Z,2026-08-08T22:49:31+0200,011d730b-fef6-42d6-8ac6-798e5ff3262c,2026-07-21T05:00:00Z,2026-07-21T07:00:00+0200,0.3,MW,PT,PT,forecast_offshore_wind_generation,Wind Offshore,2026-08-08T20:54:52Z
2026-08-08T20:49:31Z,2026-08-08T22:49:31+0200,011d730b-fef6-42d6-8ac6-798e5ff3262c,2026-07-21T06:00:00Z,2026-07-21T08:00:00+0200,0.3,MW,PT,PT,forecast_offshore_wind_generation,Wind Offshore,2026-08-08T20:54:52Z
2026-08-08T20:49:31Z,2026-08-08T22:49:31+0200,011d730b-fef6-42d6-8ac6-798e5ff3262c,2026-07-21T07:00:00Z,2026-07-21T09:00:00+0200,0.3,MW,PT,PT,forecast_offshore_wind_generation,Wind Offshore,2026-08-08T20:54:52Z
2026-08-08T20:49:31Z,2026-08-08T22:49:31+0200,011d730b-fef6-42d6-8ac6-798e5ff3262c,2026-07-21T08:00:00Z,2026-07-21T10:00:00+0200,0.3,MW,PT,PT,forecast_offshore_wind_generation,Wind Offshore,2026-08-08T20:54:52Z
2026-08-08T20:49:31Z,2026-08-08T22:49:31+0200,011d730b-fef6-42d6-8ac6-798e5ff3262c,2026-07-21T09:00:00Z,2026-07-21T11:00:00+0200,0.3,MW,PT,PT,forecast_offshore_wind_generation,Wind Offshore,2026-08-08T20:54:52Z
2026-08-08T20:49:31Z,2026-08-08T22:49:31+0200,011d730b-fef6-42d6-8ac6-798e5ff3262c,2026-07-21T10:00:00Z,2026-07-21T12:00:00+0200,0.3,MW,PT,PT,forecast_offshore_wind_generation,Wind Offshore,2026-08-08T20:54:52Z
2026-08-08T20:49:31Z,2026-08-08T22:49:31+0200,011d730b-fef6-42d6-8ac6-798e5ff3262c,2026-07-21T11:00:00Z,2026-07-21T13:00:00+0200,0.3,MW,PT,PT,forecast_offshore_wind_generation,Wind Offshore,2026-08-08T20:54:52Z
2026-08-08T20:49:31Z,2026-08-08T22:49:31+0200,011d730b-fef6-42d6-8ac6-798e5ff3262c,2026-07-21T12:00:00Z,2026-07-21T14:00:00+0200,0.3,MW,PT,PT,forecast_offshore_wind_generation,Wind Offshore,2026-08-08T20:54:52Z
2026-08-08T20:49:31Z,2026-08-08T22:49:31+0200,011d730b-fef6-42d6-8ac6-798e5ff3262c,2026-07-21T13:00:00Z,2026-07-21T15:00:00+0200,0.3,MW,PT,PT,forecast_offshore_wind_generation,Wind Offshore,2026-08-08T20:54:52Z
2026-08-08T20:49:31Z,2026-08-08T22:49:31+0200,011d730b-fef6-42d6-8ac6-798e5ff3262c,2026-07-21T14:00:00Z,2026-07-21T16:00:00+0200,0.3,MW,PT,PT,forecast_offshore_wind_generation,Wind Offshore,2026-08-08T20:54:52Z
2026-08-08T20:49:31Z,2026-08-08T22:49:31+0200,011d730b-fef6-42d6-8ac6-798e5ff3262c,2026-07-21T15:00:00Z,2026-07-21T17:00:00+0200,0.3,MW,PT,PT,forecast_offshore_wind_generation,Wind Offshore,2026-08-08T20:54:52Z
2026-08-08T20:49:31Z,2026-08-08T22:49:31+0200,011d730b-fef6-42d6-8ac6-798e5ff3262c,2026-07-21T16:00:00Z,2026-07-21T18:00:00+0200,0.3,MW,PT,PT,forecast_offshore_wind_generation,Wind Offshore,2026-08-08T20:54:52Z
2026-08-08T20:49:31Z,2026-08-08T22:49:31+0200,011d730b-fef6-42d6-8ac6-798e5ff3262c,2026-07-21T17:00:00Z,2026-07-21T19:00:00+0200,0.4,MW,PT,PT,forecast_offshore_wind_generation,Wind Offshore,2026-08-08T20:54:52Z
2026-08-08T20:49:31Z,2026-08-08T22:49:31+0200,011d730b-fef6-42d6-8ac6-798e5ff3262c,2026-07-21T18:00:00Z,2026-07-21T20:00:00+0200,0.4,MW,PT,PT,forecast_offshore_wind_generation,Wind Offshore,2026-08-08T20:54:52Z
2026-08-08T20:49:31Z,2026-08-08T22:49:31+0200,011d730b-fef6-42d6-8ac6-798e5ff3262c,2026-07-21T19:00:00Z,2026-07-21T21:00:00+0200,0.4,MW,PT,PT,forecast_offshore_wind_generation,Wind Offshore,2026-08-08T20:54:52Z
2026-08-08T20:49:31Z,2026-08-08T22:49:31+0200,011d730b-fef6-42d6-8ac6-798e5ff3262c,2026-07-21T20:00:00Z,2026-07-21T22:00:00+0200,0.4,MW,PT,PT,forecast_offshore_wind_generation,Wind Offshore,2026-08-08T20:54:52Z
2026-08-08T20:49:31Z,2026-08-08T22:49:31+0200,011d730b-fef6-42d6-8ac6-798e5ff3262c,2026-07-21T21:00:00Z,2026-07-21T23:00:00+0200,0.4,MW,PT,PT,forecast_offshore_wind_generation,Wind Offshore,2026-08-08T20:54:52Z
2026-08-08T20:49:31Z,2026-08-08T22:49:31+0200,011d730b-fef6-42d6-8ac6-798e5ff3262c,2026-07-21T22:00:00Z,2026-07-22T00:00:00+0200,0.3,MW,PT,PT,forecast_offshore_wind_generation,Wind Offshore,2026-08-08T20:54:52Z
2026-08-08T20:49:31Z,2026-08-08T22:49:31+0200,011d730b-fef6-42d6-8ac6-798e5ff3262c,2026-07-21T23:00:00Z,2026-07-22T01:00:00+0200,0.2,MW,PT,PT,forecast_offshore_wind_generation,Wind Offshore,2026-08-08T20:54:52Z
2026-08-08T20:49:31Z,2026-08-08T22:49:31+0200,011d730b-fef6-42d6-8ac6-798e5ff3262c,2026-07-22T00:00:00Z,2026-07-22T02:00:00+0200,0.2,MW,PT,PT,forecast_offshore_wind_generation,Wind Offshore,2026-08-08T20:54:52Z
2026-08-08T20:49:31Z,2026-08-08T22:49:31+0200,011d730b-fef6-42d6-8ac6-798e5ff3262c,2026-07-22T01:00:00Z,2026-07-22T03:00:00+0200,0.2,MW,PT,PT,forecast_offshore_wind_generation,Wind Offshore,2026-08-08T20:54:52Z
2026-08-08T20:49:31Z,2026-08-08T22:49:31+0200,011d730b-fef6-42d6-8ac6-798e5ff3262c,2026-07-22T02:00:00Z,2026-07-22T04:00:00+0200,0.2,MW,PT,PT,forecast_offshore_wind_generation,Wind Offshore,2026-08-08T20:54:52Z
2026-08-08T20:49:31Z,2026-08-08T22:49:31+0200,011d730b-fef6-42d6-8ac6-798e5ff3262c,2026-07-22T03:00:00Z,2026-07-22T05:00:00+0200,0.2,MW,PT,PT,forecast_offshore_wind_generation,Wind Offshore,2026-08-08T20:54:52Z
2026-08-08T20:49:31Z,2026-08-08T22:49:31+0200,011d730b-fef6-42d6-8ac6-798e5ff3262c,2026-07-22T04:00:00Z,2026-07-22T06:00:00+0200,0.2,MW,PT,PT,forecast_offshore_wind_generation,Wind Offshore,2026-08-08T20:54:52Z
2026-08-08T20:49:31Z,2026-08-08T22:49:31+0200,011d730b-fef6-42d6-8ac6-798e5ff3262c,2026-07-22T05:00:00Z,2026-07-22T07:00:00+0200,0.2,MW,PT,PT,forecast_offshore_wind_generation,Wind Offshore,2026-08-08T20:54:52Z
2026-08-08T20:49:31Z,2026-08-08T22:49:31+0200,011d730b-fef6-42d6-8ac6-798e5ff3262c,2026-07-22T06:00:00Z,2026-07-22T08:00:00+0200,0.2,MW,PT,PT,forecast_offshore_wind_generation,Wind Offshore,2026-08-08T20:54:52Z
2026-08-08T20:49:31Z,2026-08-08T22:49:31+0200,011d730b-fef6-42d6-8ac6-798e5ff3262c,2026-07-22T07:00:00Z,2026-07-22T09:00:00+0200,0.2,MW,PT,PT,forecast_offshore_wind_generation,Wind Offshore,2026-08-08T20:54:52Z
2026-08-08T20:49:31Z,2026-08-08T22:49:31+0200,011d730b-fef6-42d6-8ac6-798e5ff3262c,2026-07-22T08:00:00Z,2026-07-22T10:00:00+0200,0.2,MW,PT,PT,forecast_offshore_wind_generation,Wind Offshore,2026-08-08T20:54:52Z
2026-08-08T20:49:31Z,2026-08-08T22:49:31+0200,011d730b-fef6-42d6-8ac6-798e5ff3262c,2026-07-22T09:00:00Z,2026-07-22T11:00:00+0200,0.2,MW,PT,PT,forecast_offshore_wind_generation,Wind Offshore,2026-08-08T20:54:52Z
2026-08-08T20:49:31Z,2026-08-08T22:49:31+0200,011d730b-fef6-42d6-8ac6-798e5ff3262c,2026-07-22T10:00:00Z,2026-07-22T12:00:00+0200,0.2,MW,PT,PT,forecast_offshore_wind_generation,Wind Offshore,2026-08-08T20:54:52Z
2026-08-08T20:49:31Z,2026-08-08T22:49:31+0200,011d730b-fef6-42d6-8ac6-798e5ff3262c,2026-07-22T11:00:00Z,2026-07-22T13:00:00+0200,0.2,MW,PT,PT,forecast_offshore_wind_generation,Wind Offshore,2026-08-08T20:54:52Z
2026-08-08T20:49:31Z,2026-08-08T22:49:31+0200,011d730b-fef6-42d6-8ac6-798e5ff3262c,2026-07-22T12:00:00Z,2026-07-22T14:00:00+0200,0.2,MW,PT,PT,forecast_offshore_wind_generation,Wind Offshore,2026-08-08T20:54:52Z
2026-08-08T20:49:31Z,2026-08-08T22:49:31+0200,011d730b-fef6-42d6-8ac6-798e5ff3262c,2026-07-22T13:00:00Z,2026-07-22T15:00:00+0200,0.2,MW,PT,PT,forecast_offshore_wind_generation,Wind Offshore,2026-08-08T20:54:52Z
2026-08-08T20:49:31Z,2026-08-08T22:49:31+0200,011d730b-fef6-42d6-8ac6-798e5ff3262c,2026-07-22T14:00:00Z,2026-07-22T16:00:00+0200,0.2,MW,PT,PT,forecast_offshore_wind_generation,Wind Offshore,2026-08-08T20:54:52Z
2026-08-08T20:49:31Z,2026-08-08T22:49:31+0200,011d730b-fef6-42d6-8ac6-798e5ff3262c,2026-07-22T15:00:00Z,2026-07-22T17:00:00+0200,0.3,MW,PT,PT,forecast_offshore_wind_generation,Wind Offshore,2026-08-08T20:54:52Z
2026-08-08T20:49:31Z,2026-08-08T22:49:31+0200,011d730b-fef6-42d6-8ac6-798e5ff3262c,2026-07-22T16:00:00Z,2026-07-22T18:00:00+0200,0.4,MW,PT,PT,forecast_offshore_wind_generation,Wind Offshore,2026-08-08T20:54:52Z
2026-08-08T20:49:31Z,2026-08-08T22:49:31+0200,011d730b-fef6-42d6-8ac6-798e5ff3262c,2026-07-22T17:00:00Z,2026-07-22T19:00:00+0200,0.5,MW,PT,PT,forecast_offshore_wind_generation,Wind Offshore,2026-08-08T20:54:52Z
2026-08-08T20:49:31Z,2026-08-08T22:49:31+0200,011d730b-fef6-42d6-8ac6-798e5ff3262c,2026-07-22T18:00:00Z,2026-07-22T20:00:00+0200,0.6,MW,PT,PT,forecast_offshore_wind_generation,Wind Offshore,2026-08-08T20:54:52Z
2026-08-08T20:49:31Z,2026-08-08T22:49:31+0200,011d730b-fef6-42d6-8ac6-798e5ff3262c,2026-07-22T19:00:00Z,2026-07-22T21:00:00+0200,0.6,MW,PT,PT,forecast_offshore_wind_generation,Wind Offshore,2026-08-08T20:54:52Z
2026-08-08T20:49:31Z,2026-08-08T22:49:31+0200,011d730b-fef6-42d6-8ac6-798e5ff3262c,2026-07-22T20:00:00Z,2026-07-22T22:00:00+0200,0.6,MW,PT,PT,forecast_offshore_wind_generation,Wind Offshore,2026-08-08T20:54:52Z
2026-08-08T20:49:31Z,2026-08-08T22:49:31+0200,011d730b-fef6-42d6-8ac6-798e5ff3262c,2026-07-22T21:00:00Z,2026-07-22T23:00:00+0200,0.5,MW,PT,PT,forecast_offshore_wind_generation,Wind Offshore,2026-08-08T20:54:52Z
2026-08-08T20:49:31Z,2026-08-08T22:49:31+0200,011d730b-fef6-42d6-8ac6-798e5ff3262c,2026-07-22T22:00:00Z,2026-07-23T00:00:00+0200,0.2,MW,PT,PT,forecast_offshore_wind_generation,Wind Offshore,2026-08-08T20:54:52Z
2026-08-08T20:49:31Z,2026-08-08T22:49:31+0200,011d730b-fef6-42d6-8ac6-798e5ff3262c,2026-07-22T23:00:00Z,2026-07-23T01:00:00+0200,0.4,MW,PT,PT,forecast_offshore_wind_generation,Wind Offshore,2026-08-08T20:54:52Z
2026-08-08T20:49:31Z,2026-08-08T22:49:31+0200,011d730b-fef6-42d6-8ac6-798e5ff3262c,2026-07-23T00:00:00Z,2026-07-23T02:00:00+0200,0.6,MW,PT,PT,forecast_offshore_wind_generation,Wind Offshore,2026-08-08T20:54:52Z
2026-08-08T20:49:31Z,2026-08-08T22:49:31+0200,011d730b-fef6-42d6-8ac6-798e5ff3262c,2026-07-23T01:00:00Z,2026-07-23T03:00:00+0200,0.9,MW,PT,PT,forecast_offshore_wind_generation,Wind Offshore,2026-08-08T20:54:52Z
2026-08-08T20:49:31Z,2026-08-08T22:49:31+0200,011d730b-fef6-42d6-8ac6-798e5ff3262c,2026-07-23T02:00:00Z,2026-07-23T04:00:00+0200,1.2,MW,PT,PT,forecast_offshore_wind_generation,Wind Offshore,2026-08-08T20:54:52Z
2026-08-08T20:49:31Z,2026-08-08T22:49:31+0200,011d730b-fef6-42d6-8ac6-798e5ff3262c,2026-07-23T03:00:00Z,2026-07-23T05:00:00+0200,1.3,MW,PT,PT,forecast_offshore_wind_generation,Wind Offshore,2026-08-08T20:54:52Z
2026-08-08T20:49:31Z,2026-08-08T22:49:31+0200,011d730b-fef6-42d6-8ac6-798e5ff3262c,2026-07-23T04:00:00Z,2026-07-23T06:00:00+0200,1.3,MW,PT,PT,forecast_offshore_wind_generation,Wind Offshore,2026-08-08T20:54:52Z
2026-08-08T20:49:31Z,2026-08-08T22:49:31+0200,011d730b-fef6-42d6-8ac6-798e5ff3262c,2026-07-23T05:00:00Z,2026-07-23T07:00:00+0200,1.5,MW,PT,PT,forecast_offshore_wind_generation,Wind Offshore,2026-08-08T20:54:52Z
2026-08-08T20:49:31Z,2026-08-08T22:49:31+0200,011d730b-fef6-42d6-8ac6-798e5ff3262c,2026-07-23T06:00:00Z,2026-07-23T08:00:00+0200,1.9,MW,PT,PT,forecast_offshore_wind_generation,Wind Offshore,2026-08-08T20:54:52Z
2026-08-08T20:49:31Z,2026-08-08T22:49:31+0200,011d730b-fef6-42d6-8ac6-798e5ff3262c,2026-07-23T07:00:00Z,2026-07-23T09:00:00+0200,2.2,MW,PT,PT,forecast_offshore_wind_generation,Wind Offshore,2026-08-08T20:54:52Z
2026-08-08T20:49:31Z,2026-08-08T22:49:31+0200,011d730b-fef6-42d6-8ac6-798e5ff3262c,2026-07-23T08:00:00Z,2026-07-23T10:00:00+0200,2.6,MW,PT,PT,forecast_offshore_wind_generation,Wind Offshore,2026-08-08T20:54:52Z
2026-08-08T20:49:31Z,2026-08-08T22:49:31+0200,011d730b-fef6-42d6-8ac6-798e5ff3262c,2026-07-23T09:00:00Z,2026-07-23T11:00:00+0200,2.8,MW,PT,PT,forecast_offshore_wind_generation,Wind Offshore,2026-08-08T20:54:52Z
2026-08-08T20:49:31Z,2026-08-08T22:49:31+0200,011d730b-fef6-42d6-8ac6-798e5ff3262c,2026-07-23T10:00:00Z,2026-07-23T12:00:00+0200,2.8,MW,PT,PT,forecast_offshore_wind_generation,Wind Offshore,2026-08-08T20:54:52Z
2026-08-08T20:49:31Z,2026-08-08T22:49:31+0200,011d730b-fef6-42d6-8ac6-798e5ff3262c,2026-07-23T11:00:00Z,2026-07-23T13:00:00+0200,2.9,MW,PT,PT,forecast_offshore_wind_generation,Wind Offshore,2026-08-08T20:54:52Z
2026-08-08T20:49:31Z,2026-08-08T22:49:31+0200,011d730b-fef6-42d6-8ac6-798e5ff3262c,2026-07-23T12:00:00Z,2026-07-23T14:00:00+0200,2.5,MW,PT,PT,forecast_offshore_wind_generation,Wind Offshore,2026-08-08T20:54:52Z
2026-08-08T20:49:31Z,2026-08-08T22:49:31+0200,011d730b-fef6-42d6-8ac6-798e5ff3262c,2026-07-23T13:00:00Z,2026-07-23T15:00:00+0200,2.3,MW,PT,PT,forecast_offshore_wind_generation,Wind Offshore,2026-08-08T20:54:52Z
2026-08-08T20:49:31Z,2026-08-08T22:49:31+0200,011d730b-fef6-42d6-8ac6-798e5ff3262c,2026-07-23T14:00:00Z,2026-07-23T16:00:00+0200,2.2,MW,PT,PT,forecast_offshore_wind_generation,Wind Offshore,2026-08-08T20:54:52Z
2026-08-08T20:49:31Z,2026-08-08T22:49:31+0200,011d730b-fef6-42d6-8ac6-798e5ff3262c,2026-07-23T15:00:00Z,2026-07-23T17:00:00+0200,2.0,MW,PT,PT,forecast_offshore_wind_generation,Wind Offshore,2026-08-08T20:54:52Z
2026-08-08T20:49:31Z,2026-08-08T22:49:31+0200,011d730b-fef6-42d6-8ac6-798e5ff3262c,2026-07-23T16:00:00Z,2026-07-23T18:00:00+0200,1.7,MW,PT,PT,forecast_offshore_wind_generation,Wind Offshore,2026-08-08T20:54:52Z
2026-08-08T20:49:31Z,2026-08-08T22:49:31+0200,011d730b-fef6-42d6-8ac6-798e5ff3262c,2026-07-23T17:00:00Z,2026-07-23T19:00:00+0200,1.4,MW,PT,PT,forecast_offshore_wind_generation,Wind Offshore,2026-08-08T20:54:52Z
2026-08-08T20:49:31Z,2026-08-08T22:49:31+0200,011d730b-fef6-42d6-8ac6-798e5ff3262c,2026-07-23T18:00:00Z,2026-07-23T20:00:00+0200,1.1,MW,PT,PT,forecast_offshore_wind_generation,Wind Offshore,2026-08-08T20:54:52Z
2026-08-08T20:49:31Z,2026-08-08T22:49:31+0200,011d730b-fef6-42d6-8ac6-798e5ff3262c,2026-07-23T19:00:00Z,2026-07-23T21:00:00+0200,0.7,MW,PT,PT,forecast_offshore_wind_generation,Wind Offshore,2026-08-08T20:54:52Z
2026-08-08T20:49:31Z,2026-08-08T22:49:31+0200,011d730b-fef6-42d6-8ac6-798e5ff3262c,2026-07-23T20:00:00Z,2026-07-23T22:00:00+0200,0.5,MW,PT,PT,forecast_offshore_wind_generation,Wind Offshore,2026-08-08T20:54:52Z
2026-08-08T20:49:31Z,2026-08-08T22:49:31+0200,011d730b-fef6-42d6-8ac6-798e5ff3262c,2026-07-23T21:00:00Z,2026-07-23T23:00:00+0200,0.4,MW,PT,PT,forecast_offshore_wind_generation,Wind Offshore,2026-08-08T20:54:52Z
2026-08-08T20:49:31Z,2026-08-08T22:49:31+0200,011d730b-fef6-42d6-8ac6-798e5ff3262c,2026-07-23T22:00:00Z,2026-07-24T00:00:00+0200,0.5,MW,PT,PT,forecast_offshore_wind_generation,Wind Offshore,2026-08-08T20:54:52Z
2026-08-08T20:49:31Z,2026-08-08T22:49:31+0200,011d730b-fef6-42d6-8ac6-798e5ff3262c,2026-07-23T23:00:00Z,2026-07-24T01:00:00+0200,0.6,MW,PT,PT,forecast_offshore_wind_generation,Wind Offshore,2026-08-08T20:54:52Z
2026-08-08T20:49:31Z,2026-08-08T22:49:31+0200,011d730b-fef6-42d6-8ac6-798e5ff3262c,2026-07-24T00:00:00Z,2026-07-24T02:00:00+0200,0.7,MW,PT,PT,forecast_offshore_wind_generation,Wind Offshore,2026-08-08T20:54:52Z
2026-08-08T20:49:31Z,2026-08-08T22:49:31+0200,011d730b-fef6-42d6-8ac6-798e5ff3262c,2026-07-24T01:00:00Z,2026-07-24T03:00:00+0200,0.9,MW,PT,PT,forecast_offshore_wind_generation,Wind Offshore,2026-08-08T20:54:52Z
2026-08-08T20:49:31Z,2026-08-08T22:49:31+0200,011d730b-fef6-42d6-8ac6-798e5ff3262c,2026-07-24T02:00:00Z,2026-07-24T04:00:00+0200,1.1,MW,PT,PT,forecast_offshore_wind_generation,Wind Offshore,2026-08-08T20:54:52Z
2026-08-08T20:49:31Z,2026-08-08T22:49:31+0200,011d730b-fef6-42d6-8ac6-798e5ff3262c,2026-07-24T03:00:00Z,2026-07-24T05:00:00+0200,1.2,MW,PT,PT,forecast_offshore_wind_generation,Wind Offshore,2026-08-08T20:54:52Z
2026-08-08T20:49:31Z,2026-08-08T22:49:31+0200,011d730b-fef6-42d6-8ac6-798e5ff3262c,2026-07-24T04:00:00Z,2026-07-24T06:00:00+0200,1.3,MW,PT,PT,forecast_offshore_wind_generation,Wind Offshore,2026-08-08T20:54:52Z
2026-08-08T20:49:31Z,2026-08-08T22:49:31+0200,011d730b-fef6-42d6-8ac6-798e5ff3262c,2026-07-24T05:00:00Z,2026-07-24T07:00:00+0200,1.4,MW,PT,PT,forecast_offshore_wind_generation,Wind Offshore,2026-08-08T20:54:52Z
2026-08-08T20:49:31Z,2026-08-08T22:49:31+0200,011d730b-fef6-42d6-8ac6-798e5ff3262c,2026-07-24T06:00:00Z,2026-07-24T08:00:00+0200,1.4,MW,PT,PT,forecast_offshore_wind_generation,Wind Offshore,2026-08-08T20:54:52Z
2026-08-08T20:49:31Z,2026-08-08T22:49:31+0200,011d730b-fef6-42d6-8ac6-798e5ff3262c,2026-07-24T07:00:00Z,2026-07-24T09:00:00+0200,1.5,MW,PT,PT,forecast_offshore_wind_generation,Wind Offshore,2026-08-08T20:54:52Z
2026-08-08T20:49:31Z,2026-08-08T22:49:31+0200,011d730b-fef6-42d6-8ac6-798e5ff3262c,2026-07-24T08:00:00Z,2026-07-24T10:00:00+0200,1.6,MW,PT,PT,forecast_offshore_wind_generation,Wind Offshore,2026-08-08T20:54:52Z
2026-08-08T20:49:31Z,2026-08-08T22:49:31+0200,011d730b-fef6-42d6-8ac6-798e5ff3262c,2026-07-24T09:00:00Z,2026-07-24T11:00:00+0200,1.6,MW,PT,PT,forecast_offshore_wind_generation,Wind Offshore,2026-08-08T20:54:52Z
2026-08-08T20:49:31Z,2026-08-08T22:49:31+0200,011d730b-fef6-42d6-8ac6-798e5ff3262c,2026-07-24T10:00:00Z,2026-07-24T12:00:00+0200,1.4,MW,PT,PT,forecast_offshore_wind_generation,Wind Offshore,2026-08-08T20:54:52Z
2026-08-08T20:49:31Z,2026-08-08T22:49:31+0200,011d730b-fef6-42d6-8ac6-798e5ff3262c,2026-07-24T11:00:00Z,2026-07-24T13:00:00+0200,1.4,MW,PT,PT,forecast_offshore_wind_generation,Wind Offshore,2026-08-08T20:54:52Z
2026-08-08T20:49:31Z,2026-08-08T22:49:31+0200,011d730b-fef6-42d6-8ac6-798e5ff3262c,2026-07-24T12:00:00Z,2026-07-24T14:00:00+0200,1.4,MW,PT,PT,forecast_offshore_wind_generation,Wind Offshore,2026-08-08T20:54:52Z
2026-08-08T20:49:31Z,2026-08-08T22:49:31+0200,011d730b-fef6-42d6-8ac6-798e5ff3262c,2026-07-24T13:00:00Z,2026-07-24T15:00:00+0200,1.5,MW,PT,PT,forecast_offshore_wind_generation,Wind Offshore,2026-08-08T20:54:52Z
2026-08-08T20:49:31Z,2026-08-08T22:49:31+0200,011d730b-fef6-42d6-8ac6-798e5ff3262c,2026-07-24T14:00:00Z,2026-07-24T16:00:00+0200,1.5,MW,PT,PT,forecast_offshore_wind_generation,Wind Offshore,2026-08-08T20:54:52Z
2026-08-08T20:49:31Z,2026-08-08T22:49:31+0200,011d730b-fef6-42d6-8ac6-798e5ff3262c,2026-07-24T15:00:00Z,2026-07-24T17:00:00+0200,1.4,MW,PT,PT,forecast_offshore_wind_generation,Wind Offshore,2026-08-08T20:54:52Z
2026-08-08T20:49:31Z,2026-08-08T22:49:31+0200,011d730b-fef6-42d6-8ac6-798e5ff3262c,2026-07-24T16:00:00Z,2026-07-24T18:00:00+0200,1.1,MW,PT,PT,forecast_offshore_wind_generation,Wind Offshore,2026-08-08T20:54:52Z
2026-08-08T20:49:31Z,2026-08-08T22:49:31+0200,011d730b-fef6-42d6-8ac6-798e5ff3262c,2026-07-24T17:00:00Z,2026-07-24T19:00:00+0200,0.8,MW,PT,PT,forecast_offshore_wind_generation,Wind Offshore,2026-08-08T20:54:52Z
2026-08-08T20:49:31Z,2026-08-08T22:49:31+0200,011d730b-fef6-42d6-8ac6-798e5ff3262c,2026-07-24T18:00:00Z,2026-07-24T20:00:00+0200,0.6,MW,PT,PT,forecast_offshore_wind_generation,Wind Offshore,2026-08-08T20:54:52Z
2026-08-08T20:49:31Z,2026-08-08T22:49:31+0200,011d730b-fef6-42d6-8ac6-798e5ff3262c,2026-07-24T19:00:00Z,2026-07-24T21:00:00+0200,0.7,MW,PT,PT,forecast_offshore_wind_generation,Wind Offshore,2026-08-08T20:54:52Z
2026-08-08T20:49:31Z,2026-08-08T22:49:31+0200,011d730b-fef6-42d6-8ac6-798e5ff3262c,2026-07-24T20:00:00Z,2026-07-24T22:00:00+0200,1.0,MW,PT,PT,forecast_offshore_wind_generation,Wind Offshore,2026-08-08T20:54:52Z
2026-08-08T20:49:31Z,2026-08-08T22:49:31+0200,011d730b-fef6-42d6-8ac6-798e5ff3262c,2026-07-24T21:00:00Z,2026-07-24T23:00:00+0200,1.3,MW,PT,PT,forecast_offshore_wind_generation,Wind Offshore,2026-08-08T20:54:52Z
2026-08-08T20:49:31Z,2026-08-08T22:49:31+0200,011d730b-fef6-42d6-8ac6-798e5ff3262c,2026-07-24T22:00:00Z,2026-07-25T00:00:00+0200,1.6,MW,PT,PT,forecast_offshore_wind_generation,Wind Offshore,2026-08-08T20:54:52Z
2026-08-08T20:49:31Z,2026-08-08T22:49:31+0200,011d730b-fef6-42d6-8ac6-798e5ff3262c,2026-07-24T23:00:00Z,2026-07-25T01:00:00+0200,1.9,MW,PT,PT,forecast_offshore_wind_generation,Wind Offshore,2026-08-08T20:54:52Z
2026-08-08T20:49:31Z,2026-08-08T22:49:31+0200,011d730b-fef6-42d6-8ac6-798e5ff3262c,2026-07-25T00:00:00Z,2026-07-25T02:00:00+0200,2.0,MW,PT,PT,forecast_offshore_wind_generation,Wind Offshore,2026-08-08T20:54:52Z
2026-08-08T20:49:31Z,2026-08-08T22:49:31+0200,011d730b-fef6-42d6-8ac6-798e5ff3262c,2026-07-25T01:00:00Z,2026-07-25T03:00:00+0200,1.9,MW,PT,PT,forecast_offshore_wind_generation,Wind Offshore,2026-08-08T20:54:52Z
2026-08-08T20:49:31Z,2026-08-08T22:49:31+0200,011d730b-fef6-42d6-8ac6-798e5ff3262c,2026-07-25T02:00:00Z,2026-07-25T04:00:00+0200,1.9,MW,PT,PT,forecast_offshore_wind_generation,Wind Offshore,2026-08-08T20:54:52Z
2026-08-08T20:49:31Z,2026-08-08T22:49:31+0200,011d730b-fef6-42d6-8ac6-798e5ff3262c,2026-07-25T03:00:00Z,2026-07-25T05:00:00+0200,2.1,MW,PT,PT,forecast_offshore_wind_generation,Wind Offshore,2026-08-08T20:54:52Z
2026-08-08T20:49:31Z,2026-08-08T22:49:31+0200,011d730b-fef6-42d6-8ac6-798e5ff3262c,2026-07-25T04:00:00Z,2026-07-25T06:00:00+0200,2.5,MW,PT,PT,forecast_offshore_wind_generation,Wind Offshore,2026-08-08T20:54:52Z
2026-08-08T20:49:31Z,2026-08-08T22:49:31+0200,011d730b-fef6-42d6-8ac6-798e5ff3262c,2026-07-25T05:00:00Z,2026-07-25T07:00:00+0200,2.7,MW,PT,PT,forecast_offshore_wind_generation,Wind Offshore,2026-08-08T20:54:52Z
2026-08-08T20:49:31Z,2026-08-08T22:49:31+0200,011d730b-fef6-42d6-8ac6-798e5ff3262c,2026-07-25T06:00:00Z,2026-07-25T08:00:00+0200,2.9,MW,PT,PT,forecast_offshore_wind_generation,Wind Offshore,2026-08-08T20:54:52Z
2026-08-08T20:49:31Z,2026-08-08T22:49:31+0200,011d730b-fef6-42d6-8ac6-798e5ff3262c,2026-07-25T07:00:00Z,2026-07-25T09:00:00+0200,3.3,MW,PT,PT,forecast_offshore_wind_generation,Wind Offshore,2026-08-08T20:54:52Z
2026-08-08T20:49:31Z,2026-08-08T22:49:31+0200,011d730b-fef6-42d6-8ac6-798e5ff3262c,2026-07-25T08:00:00Z,2026-07-25T10:00:00+0200,3.8,MW,PT,PT,forecast_offshore_wind_generation,Wind Offshore,2026-08-08T20:54:52Z
2026-08-08T20:49:31Z,2026-08-08T22:49:31+0200,011d730b-fef6-42d6-8ac6-798e5ff3262c,2026-07-25T09:00:00Z,2026-07-25T11:00:00+0200,4.6,MW,PT,PT,forecast_offshore_wind_generation,Wind Offshore,2026-08-08T20:54:52Z
2026-08-08T20:49:31Z,2026-08-08T22:49:31+0200,011d730b-fef6-42d6-8ac6-798e5ff3262c,2026-07-25T10:00:00Z,2026-07-25T12:00:00+0200,6.5,MW,PT,PT,forecast_offshore_wind_generation,Wind Offshore,2026-08-08T20:54:52Z
2026-08-08T20:49:31Z,2026-08-08T22:49:31+0200,011d730b-fef6-42d6-8ac6-798e5ff3262c,2026-07-25T11:00:00Z,2026-07-25T13:00:00+0200,9.9,MW,PT,PT,forecast_offshore_wind_generation,Wind Offshore,2026-08-08T20:54:52Z
2026-08-08T20:49:31Z,2026-08-08T22:49:31+0200,011d730b-fef6-42d6-8ac6-798e5ff3262c,2026-07-25T12:00:00Z,2026-07-25T14:00:00+0200,13.8,MW,PT,PT,forecast_offshore_wind_generation,Wind Offshore,2026-08-08T20:54:52Z
2026-08-08T20:49:31Z,2026-08-08T22:49:31+0200,011d730b-fef6-42d6-8ac6-798e5ff3262c,2026-07-25T13:00:00Z,2026-07-25T15:00:00+0200,17.7,MW,PT,PT,forecast_offshore_wind_generation,Wind Offshore,2026-08-08T20:54:52Z
2026-08-08T20:49:31Z,2026-08-08T22:49:31+0200,011d730b-fef6-42d6-8ac6-798e5ff3262c,2026-07-25T14:00:00Z,2026-07-25T16:00:00+0200,20.6,MW,PT,PT,forecast_offshore_wind_generation,Wind Offshore,2026-08-08T20:54:52Z
2026-08-08T20:49:31Z,2026-08-08T22:49:31+0200,011d730b-fef6-42d6-8ac6-798e5ff3262c,2026-07-25T15:00:00Z,2026-07-25T17:00:00+0200,22.1,MW,PT,PT,forecast_offshore_wind_generation,Wind Offshore,2026-08-08T20:54:52Z
2026-08-08T20:49:31Z,2026-08-08T22:49:31+0200,011d730b-fef6-42d6-8ac6-798e5ff3262c,2026-07-25T16:00:00Z,2026-07-25T18:00:00+0200,23.0,MW,PT,PT,forecast_offshore_wind_generation,Wind Offshore,2026-08-08T20:54:52Z
2026-08-08T20:49:31Z,2026-08-08T22:49:31+0200,011d730b-fef6-42d6-8ac6-798e5ff3262c,2026-07-25T17:00:00Z,2026-07-25T19:00:00+0200,23.3,MW,PT,PT,forecast_offshore_wind_generation,Wind Offshore,2026-08-08T20:54:52Z
2026-08-08T20:49:31Z,2026-08-08T22:49:31+0200,011d730b-fef6-42d6-8ac6-798e5ff3262c,2026-07-25T18:00:00Z,2026-07-25T20:00:00+0200,23.6,MW,PT,PT,forecast_offshore_wind_generation,Wind Offshore,2026-08-08T20:54:52Z
2026-08-08T20:49:31Z,2026-08-08T22:49:31+0200,011d730b-fef6-42d6-8ac6-798e5ff3262c,2026-07-25T19:00:00Z,2026-07-25T21:00:00+0200,23.8,MW,PT,PT,forecast_offshore_wind_generation,Wind Offshore,2026-08-08T20:54:52Z
2026-08-08T20:49:31Z,2026-08-08T22:49:31+0200,011d730b-fef6-42d6-8ac6-798e5ff3262c,2026-07-25T20:00:00Z,2026-07-25T22:00:00+0200,24.0,MW,PT,PT,forecast_offshore_wind_generation,Wind Offshore,2026-08-08T20:54:52Z
2026-08-08T20:49:31Z,2026-08-08T22:49:31+0200,011d730b-fef6-42d6-8ac6-798e5ff3262c,2026-07-25T21:00:00Z,2026-07-25T23:00:00+0200,24.0,MW,PT,PT,forecast_offshore_wind_generation,Wind Offshore,2026-08-08T20:54:52Z
2026-08-08T20:49:31Z,2026-08-08T22:49:31+0200,011d730b-fef6-42d6-8ac6-798e5ff3262c,2026-07-25T22:00:00Z,2026-07-26T00:00:00+0200,23.5,MW,PT,PT,forecast_offshore_wind_generation,Wind Offshore,2026-08-08T20:54:52Z
2026-08-08T20:49:31Z,2026-08-08T22:49:31+0200,011d730b-fef6-42d6-8ac6-798e5ff3262c,2026-07-25T23:00:00Z,2026-07-26T01:00:00+0200,23.5,MW,PT,PT,forecast_offshore_wind_generation,Wind Offshore,2026-08-08T20:54:52Z
2026-08-08T20:49:31Z,2026-08-08T22:49:31+0200,011d730b-fef6-42d6-8ac6-798e5ff3262c,2026-07-26T00:00:00Z,2026-07-26T02:00:00+0200,23.2,MW,PT,PT,forecast_offshore_wind_generation,Wind Offshore,2026-08-08T20:54:52Z
2026-08-08T20:49:31Z,2026-08-08T22:49:31+0200,011d730b-fef6-42d6-8ac6-798e5ff3262c,2026-07-26T01:00:00Z,2026-07-26T03:00:00+0200,23.1,MW,PT,PT,forecast_offshore_wind_generation,Wind Offshore,2026-08-08T20:54:52Z
2026-08-08T20:49:31Z,2026-08-08T22:49:31+0200,011d730b-fef6-42d6-8ac6-798e5ff3262c,2026-07-26T02:00:00Z,2026-07-26T04:00:00+0200,22.4,MW,PT,PT,forecast_offshore_wind_generation,Wind Offshore,2026-08-08T20:54:52Z
2026-08-08T20:49:31Z,2026-08-08T22:49:31+0200,011d730b-fef6-42d6-8ac6-798e5ff3262c,2026-07-26T03:00:00Z,2026-07-26T05:00:00+0200,21.6,MW,PT,PT,forecast_offshore_wind_generation,Wind Offshore,2026-08-08T20:54:52Z
2026-08-08T20:49:31Z,2026-08-08T22:49:31+0200,011d730b-fef6-42d6-8ac6-798e5ff3262c,2026-07-26T04:00:00Z,2026-07-26T06:00:00+0200,21.1,MW,PT,PT,forecast_offshore_wind_generation,Wind Offshore,2026-08-08T20:54:52Z
2026-08-08T20:49:31Z,2026-08-08T22:49:31+0200,011d730b-fef6-42d6-8ac6-798e5ff3262c,2026-07-26T05:00:00Z,2026-07-26T07:00:00+0200,20.6,MW,PT,PT,forecast_offshore_wind_generation,Wind Offshore,2026-08-08T20:54:52Z
2026-08-08T20:49:31Z,2026-08-08T22:49:31+0200,011d730b-fef6-42d6-8ac6-798e5ff3262c,2026-07-26T06:00:00Z,2026-07-26T08:00:00+0200,20.2,MW,PT,PT,forecast_offshore_wind_generation,Wind Offshore,2026-08-08T20:54:52Z
2026-08-08T20:49:31Z,2026-08-08T22:49:31+0200,011d730b-fef6-42d6-8ac6-798e5ff3262c,2026-07-26T07:00:00Z,2026-07-26T09:00:00+0200,20.3,MW,PT,PT,forecast_offshore_wind_generation,Wind Offshore,2026-08-08T20:54:52Z
2026-08-08T20:49:31Z,2026-08-08T22:49:31+0200,011d730b-fef6-42d6-8ac6-798e5ff3262c,2026-07-26T08:00:00Z,2026-07-26T10:00:00+0200,20.6,MW,PT,PT,forecast_offshore_wind_generation,Wind Offshore,2026-08-08T20:54:52Z
2026-08-08T20:49:31Z,2026-08-08T22:49:31+0200,011d730b-fef6-42d6-8ac6-798e5ff3262c,2026-07-26T09:00:00Z,2026-07-26T11:00:00+0200,21.5,MW,PT,PT,forecast_offshore_wind_generation,Wind Offshore,2026-08-08T20:54:52Z
2026-08-08T20:49:31Z,2026-08-08T22:49:31+0200,011d730b-fef6-42d6-8ac6-798e5ff3262c,2026-07-26T10:00:00Z,2026-07-26T12:00:00+0200,22.2,MW,PT,PT,forecast_offshore_wind_generation,Wind Offshore,2026-08-08T20:54:52Z
2026-08-08T20:49:31Z,2026-08-08T22:49:31+0200,011d730b-fef6-42d6-8ac6-798e5ff3262c,2026-07-26T11:00:00Z,2026-07-26T13:00:00+0200,22.6,MW,PT,PT,forecast_offshore_wind_generation,Wind Offshore,2026-08-08T20:54:52Z
2026-08-08T20:49:31Z,2026-08-08T22:49:31+0200,011d730b-fef6-42d6-8ac6-798e5ff3262c,2026-07-26T12:00:00Z,2026-07-26T14:00:00+0200,23.0,MW,PT,PT,forecast_offshore_wind_generation,Wind Offshore,2026-08-08T20:54:52Z
2026-08-08T20:49:31Z,2026-08-08T22:49:31+0200,011d730b-fef6-42d6-8ac6-798e5ff3262c,2026-07-26T13:00:00Z,2026-07-26T15:00:00+0200,23.3,MW,PT,PT,forecast_offshore_wind_generation,Wind Offshore,2026-08-08T20:54:52Z
2026-08-08T20:49:31Z,2026-08-08T22:49:31+0200,011d730b-fef6-42d6-8ac6-798e5ff3262c,2026-07-26T14:00:00Z,2026-07-26T16:00:00+0200,23.5,MW,PT,PT,forecast_offshore_wind_generation,Wind Offshore,2026-08-08T20:54:52Z
2026-08-08T20:49:31Z,2026-08-08T22:49:31+0200,011d730b-fef6-42d6-8ac6-798e5ff3262c,2026-07-26T15:00:00Z,2026-07-26T17:00:00+0200,23.6,MW,PT,PT,forecast_offshore_wind_generation,Wind Offshore,2026-08-08T20:54:52Z
2026-08-08T20:49:31Z,2026-08-08T22:49:31+0200,011d730b-fef6-42d6-8ac6-798e5ff3262c,2026-07-26T16:00:00Z,2026-07-26T18:00:00+0200,23.6,MW,PT,PT,forecast_offshore_wind_generation,Wind Offshore,2026-08-08T20:54:52Z
2026-08-08T20:49:31Z,2026-08-08T22:49:31+0200,011d730b-fef6-42d6-8ac6-798e5ff3262c,2026-07-26T17:00:00Z,2026-07-26T19:00:00+0200,23.7,MW,PT,PT,forecast_offshore_wind_generation,Wind Offshore,2026-08-08T20:54:52Z
2026-08-08T20:49:31Z,2026-08-08T22:49:31+0200,011d730b-fef6-42d6-8ac6-798e5ff3262c,2026-07-26T18:00:00Z,2026-07-26T20:00:00+0200,23.8,MW,PT,PT,forecast_offshore_wind_generation,Wind Offshore,2026-08-08T20:54:52Z
2026-08-08T20:49:31Z,2026-08-08T22:49:31+0200,011d730b-fef6-42d6-8ac6-798e5ff3262c,2026-07-26T19:00:00Z,2026-07-26T21:00:00+0200,23.9,MW,PT,PT,forecast_offshore_wind_generation,Wind Offshore,2026-08-08T20:54:52Z
2026-08-08T20:49:31Z,2026-08-08T22:49:31+0200,011d730b-fef6-42d6-8ac6-798e5ff3262c,2026-07-26T20:00:00Z,2026-07-26T22:00:00+0200,23.9,MW,PT,PT,forecast_offshore_wind_generation,Wind Offshore,2026-08-08T20:54:52Z
2026-08-08T20:49:31Z,2026-08-08T22:49:31+0200,011d730b-fef6-42d6-8ac6-798e5ff3262c,2026-07-26T21:00:00Z,2026-07-26T23:00:00+0200,23.8,MW,PT,PT,forecast_offshore_wind_generation,Wind Offshore,2026-08-08T20:54:52Z
2026-08-08T20:49:31Z,2026-08-08T22:49:31+0200,011d730b-fef6-42d6-8ac6-798e5ff3262c,2026-07-26T22:00:00Z,2026-07-27T00:00:00+0200,22.7,MW,PT,PT,forecast_offshore_wind_generation,Wind Offshore,2026-08-08T20:54:52Z
2026-08-08T20:49:31Z,2026-08-08T22:49:31+0200,011d730b-fef6-42d6-8ac6-798e5ff3262c,2026-07-26T23:00:00Z,2026-07-27T01:00:00+0200,21.6,MW,PT,PT,forecast_offshore_wind_generation,Wind Offshore,2026-08-08T20:54:52Z
2026-08-08T20:49:31Z,2026-08-08T22:49:31+0200,011d730b-fef6-42d6-8ac6-798e5ff3262c,2026-07-27T00:00:00Z,2026-07-27T02:00:00+0200,19.0,MW,PT,PT,forecast_offshore_wind_generation,Wind Offshore,2026-08-08T20:54:52Z
2026-08-08T20:49:31Z,2026-08-08T22:49:31+0200,011d730b-fef6-42d6-8ac6-798e5ff3262c,2026-07-27T01:00:00Z,2026-07-27T03:00:00+0200,15.7,MW,PT,PT,forecast_offshore_wind_generation,Wind Offshore,2026-08-08T20:54:52Z
2026-08-08T20:49:31Z,2026-08-08T22:49:31+0200,011d730b-fef6-42d6-8ac6-798e5ff3262c,2026-07-27T02:00:00Z,2026-07-27T04:00:00+0200,12.3,MW,PT,PT,forecast_offshore_wind_generation,Wind Offshore,2026-08-08T20:54:52Z
2026-08-08T20:49:31Z,2026-08-08T22:49:31+0200,011d730b-fef6-42d6-8ac6-798e5ff3262c,2026-07-27T03:00:00Z,2026-07-27T05:00:00+0200,8.7,MW,PT,PT,forecast_offshore_wind_generation,Wind Offshore,2026-08-08T20:54:52Z
2026-08-08T20:49:31Z,2026-08-08T22:49:31+0200,011d730b-fef6-42d6-8ac6-798e5ff3262c,2026-07-27T04:00:00Z,2026-07-27T06:00:00+0200,5.1,MW,PT,PT,forecast_offshore_wind_generation,Wind Offshore,2026-08-08T20:54:52Z
2026-08-08T20:49:31Z,2026-08-08T22:49:31+0200,011d730b-fef6-42d6-8ac6-798e5ff3262c,2026-07-27T05:00:00Z,2026-07-27T07:00:00+0200,3.0,MW,PT,PT,forecast_offshore_wind_generation,Wind Offshore,2026-08-08T20:54:52Z
2026-08-08T20:49:31Z,2026-08-08T22:49:31+0200,011d730b-fef6-42d6-8ac6-798e5ff3262c,2026-07-27T06:00:00Z,2026-07-27T08:00:00+0200,1.6,MW,PT,PT,forecast_offshore_wind_generation,Wind Offshore,2026-08-08T20:54:52Z
2026-08-08T20:49:31Z,2026-08-08T22:49:31+0200,011d730b-fef6-42d6-8ac6-798e5ff3262c,2026-07-27T07:00:00Z,2026-07-27T09:00:00+0200,1.1,MW,PT,PT,forecast_offshore_wind_generation,Wind Offshore,2026-08-08T20:54:52Z
2026-08-08T20:49:31Z,2026-08-08T22:49:31+0200,011d730b-fef6-42d6-8ac6-798e5ff3262c,2026-07-27T08:00:00Z,2026-07-27T10:00:00+0200,0.7,MW,PT,PT,forecast_offshore_wind_generation,Wind Offshore,2026-08-08T20:54:52Z
2026-08-08T20:49:31Z,2026-08-08T22:49:31+0200,011d730b-fef6-42d6-8ac6-798e5ff3262c,2026-07-27T09:00:00Z,2026-07-27T11:00:00+0200,0.4,MW,PT,PT,forecast_offshore_wind_generation,Wind Offshore,2026-08-08T20:54:52Z
2026-08-08T20:49:31Z,2026-08-08T22:49:31+0200,011d730b-fef6-42d6-8ac6-798e5ff3262c,2026-07-27T10:00:00Z,2026-07-27T12:00:00+0200,0.3,MW,PT,PT,forecast_offshore_wind_generation,Wind Offshore,2026-08-08T20:54:52Z
2026-08-08T20:49:31Z,2026-08-08T22:49:31+0200,011d730b-fef6-42d6-8ac6-798e5ff3262c,2026-07-27T11:00:00Z,2026-07-27T13:00:00+0200,0.3,MW,PT,PT,forecast_offshore_wind_generation,Wind Offshore,2026-08-08T20:54:52Z
2026-08-08T20:49:31Z,2026-08-08T22:49:31+0200,011d730b-fef6-42d6-8ac6-798e5ff3262c,2026-07-27T12:00:00Z,2026-07-27T14:00:00+0200,0.3,MW,PT,PT,forecast_offshore_wind_generation,Wind Offshore,2026-08-08T20:54:52Z
2026-08-08T20:49:31Z,2026-08-08T22:49:31+0200,011d730b-fef6-42d6-8ac6-798e5ff3262c,2026-07-27T13:00:00Z,2026-07-27T15:00:00+0200,0.4,MW,PT,PT,forecast_offshore_wind_generation,Wind Offshore,2026-08-08T20:54:52Z
2026-08-08T20:49:31Z,2026-08-08T22:49:31+0200,011d730b-fef6-42d6-8ac6-798e5ff3262c,2026-07-27T14:00:00Z,2026-07-27T16:00:00+0200,0.5,MW,PT,PT,forecast_offshore_wind_generation,Wind Offshore,2026-08-08T20:54:52Z
2026-08-08T20:49:31Z,2026-08-08T22:49:31+0200,011d730b-fef6-42d6-8ac6-798e5ff3262c,2026-07-27T15:00:00Z,2026-07-27T17:00:00+0200,0.8,MW,PT,PT,forecast_offshore_wind_generation,Wind Offshore,2026-08-08T20:54:52Z
2026-08-08T20:49:31Z,2026-08-08T22:49:31+0200,011d730b-fef6-42d6-8ac6-798e5ff3262c,2026-07-27T16:00:00Z,2026-07-27T18:00:00+0200,1.4,MW,PT,PT,forecast_offshore_wind_generation,Wind Offshore,2026-08-08T20:54:52Z
2026-08-08T20:49:31Z,2026-08-08T22:49:31+0200,011d730b-fef6-42d6-8ac6-798e5ff3262c,2026-07-27T17:00:00Z,2026-07-27T19:00:00+0200,2.1,MW,PT,PT,forecast_offshore_wind_generation,Wind Offshore,2026-08-08T20:54:52Z
2026-08-08T20:49:31Z,2026-08-08T22:49:31+0200,011d730b-fef6-42d6-8ac6-798e5ff3262c,2026-07-27T18:00:00Z,2026-07-27T20:00:00+0200,2.5,MW,PT,PT,forecast_offshore_wind_generation,Wind Offshore,2026-08-08T20:54:52Z
2026-08-08T20:49:31Z,2026-08-08T22:49:31+0200,011d730b-fef6-42d6-8ac6-798e5ff3262c,2026-07-27T19:00:00Z,2026-07-27T21:00:00+0200,2.5,MW,PT,PT,forecast_offshore_wind_generation,Wind Offshore,2026-08-08T20:54:52Z
2026-08-08T20:49:31Z,2026-08-08T22:49:31+0200,011d730b-fef6-42d6-8ac6-798e5ff3262c,2026-07-27T20:00:00Z,2026-07-27T22:00:00+0200,2.1,MW,PT,PT,forecast_offshore_wind_generation,Wind Offshore,2026-08-08T20:54:52Z
2026-08-08T20:49:31Z,2026-08-08T22:49:31+0200,011d730b-fef6-42d6-8ac6-798e5ff3262c,2026-07-27T21:00:00Z,2026-07-27T23:00:00+0200,1.5,MW,PT,PT,forecast_offshore_wind_generation,Wind Offshore,2026-08-08T20:54:52Z
2026-08-08T20:49:31Z,2026-08-08T22:49:31+0200,011d730b-fef6-42d6-8ac6-798e5ff3262c,2026-07-27T22:00:00Z,2026-07-28T00:00:00+0200,1.5,MW,PT,PT,forecast_offshore_wind_generation,Wind Offshore,2026-08-08T20:54:52Z
2026-08-08T20:49:31Z,2026-08-08T22:49:31+0200,011d730b-fef6-42d6-8ac6-798e5ff3262c,2026-07-27T23:00:00Z,2026-07-28T01:00:00+0200,0.8,MW,PT,PT,forecast_offshore_wind_generation,Wind Offshore,2026-08-08T20:54:52Z
2026-08-08T20:49:31Z,2026-08-08T22:49:31+0200,011d730b-fef6-42d6-8ac6-798e5ff3262c,2026-07-28T00:00:00Z,2026-07-28T02:00:00+0200,0.5,MW,PT,PT,forecast_offshore_wind_generation,Wind Offshore,2026-08-08T20:54:52Z
2026-08-08T20:49:31Z,2026-08-08T22:49:31+0200,011d730b-fef6-42d6-8ac6-798e5ff3262c,2026-07-28T01:00:00Z,2026-07-28T03:00:00+0200,0.7,MW,PT,PT,forecast_offshore_wind_generation,Wind Offshore,2026-08-08T20:54:52Z
2026-08-08T20:49:31Z,2026-08-08T22:49:31+0200,011d730b-fef6-42d6-8ac6-798e5ff3262c,2026-07-28T02:00:00Z,2026-07-28T04:00:00+0200,0.7,MW,PT,PT,forecast_offshore_wind_generation,Wind Offshore,2026-08-08T20:54:52Z
2026-08-08T20:49:31Z,2026-08-08T22:49:31+0200,011d730b-fef6-42d6-8ac6-798e5ff3262c,2026-07-28T03:00:00Z,2026-07-28T05:00:00+0200,0.6,MW,PT,PT,forecast_offshore_wind_generation,Wind Offshore,2026-08-08T20:54:52Z
2026-08-08T20:49:31Z,2026-08-08T22:49:31+0200,011d730b-fef6-42d6-8ac6-798e5ff3262c,2026-07-28T04:00:00Z,2026-07-28T06:00:00+0200,0.3,MW,PT,PT,forecast_offshore_wind_generation,Wind Offshore,2026-08-08T20:54:52Z
2026-08-08T20:49:31Z,2026-08-08T22:49:31+0200,011d730b-fef6-42d6-8ac6-798e5ff3262c,2026-07-28T05:00:00Z,2026-07-28T07:00:00+0200,0.2,MW,PT,PT,forecast_offshore_wind_generation,Wind Offshore,2026-08-08T20:54:52Z
2026-08-08T20:49:31Z,2026-08-08T22:49:31+0200,011d730b-fef6-42d6-8ac6-798e5ff3262c,2026-07-28T06:00:00Z,2026-07-28T08:00:00+0200,0.1,MW,PT,PT,forecast_offshore_wind_generation,Wind Offshore,2026-08-08T20:54:52Z
2026-08-08T20:49:31Z,2026-08-08T22:49:31+0200,011d730b-fef6-42d6-8ac6-798e5ff3262c,2026-07-28T07:00:00Z,2026-07-28T09:00:00+0200,0.1,MW,PT,PT,forecast_offshore_wind_generation,Wind Offshore,2026-08-08T20:54:52Z
2026-08-08T20:49:31Z,2026-08-08T22:49:31+0200,011d730b-fef6-42d6-8ac6-798e5ff3262c,2026-07-28T08:00:00Z,2026-07-28T10:00:00+0200,0.1,MW,PT,PT,forecast_offshore_wind_generation,Wind Offshore,2026-08-08T20:54:52Z
2026-08-08T20:49:31Z,2026-08-08T22:49:31+0200,011d730b-fef6-42d6-8ac6-798e5ff3262c,2026-07-28T09:00:00Z,2026-07-28T11:00:00+0200,0.2,MW,PT,PT,forecast_offshore_wind_generation,Wind Offshore,2026-08-08T20:54:52Z
2026-08-08T20:49:31Z,2026-08-08T22:49:31+0200,011d730b-fef6-42d6-8ac6-798e5ff3262c,2026-07-28T10:00:00Z,2026-07-28T12:00:00+0200,0.2,MW,PT,PT,forecast_offshore_wind_generation,Wind Offshore,2026-08-08T20:54:52Z
2026-08-08T20:49:31Z,2026-08-08T22:49:31+0200,011d730b-fef6-42d6-8ac6-798e5ff3262c,2026-07-28T11:00:00Z,2026-07-28T13:00:00+0200,0.3,MW,PT,PT,forecast_offshore_wind_generation,Wind Offshore,2026-08-08T20:54:52Z
2026-08-08T20:49:31Z,2026-08-08T22:49:31+0200,011d730b-fef6-42d6-8ac6-798e5ff3262c,2026-07-28T12:00:00Z,2026-07-28T14:00:00+0200,0.5,MW,PT,PT,forecast_offshore_wind_generation,Wind Offshore,2026-08-08T20:54:52Z
2026-08-08T20:49:31Z,2026-08-08T22:49:31+0200,011d730b-fef6-42d6-8ac6-798e5ff3262c,2026-07-28T13:00:00Z,2026-07-28T15:00:00+0200,0.6,MW,PT,PT,forecast_offshore_wind_generation,Wind Offshore,2026-08-08T20:54:52Z
2026-08-08T20:49:31Z,2026-08-08T22:49:31+0200,011d730b-fef6-42d6-8ac6-798e5ff3262c,2026-07-28T14:00:00Z,2026-07-28T16:00:00+0200,0.7,MW,PT,PT,forecast_offshore_wind_generation,Wind Offshore,2026-08-08T20:54:52Z
2026-08-08T20:49:31Z,2026-08-08T22:49:31+0200,011d730b-fef6-42d6-8ac6-798e5ff3262c,2026-07-28T15:00:00Z,2026-07-28T17:00:00+0200,0.8,MW,PT,PT,forecast_offshore_wind_generation,Wind Offshore,2026-08-08T20:54:52Z
2026-08-08T20:49:31Z,2026-08-08T22:49:31+0200,011d730b-fef6-42d6-8ac6-798e5ff3262c,2026-07-28T16:00:00Z,2026-07-28T18:00:00+0200,1.0,MW,PT,PT,forecast_offshore_wind_generation,Wind Offshore,2026-08-08T20:54:52Z
2026-08-08T20:49:31Z,2026-08-08T22:49:31+0200,011d730b-fef6-42d6-8ac6-798e5ff3262c,2026-07-28T17:00:00Z,2026-07-28T19:00:00+0200,1.1,MW,PT,PT,forecast_offshore_wind_generation,Wind Offshore,2026-08-08T20:54:52Z
2026-08-08T20:49:31Z,2026-08-08T22:49:31+0200,011d730b-fef6-42d6-8ac6-798e5ff3262c,2026-07-28T18:00:00Z,2026-07-28T20:00:00+0200,1.3,MW,PT,PT,forecast_offshore_wind_generation,Wind Offshore,2026-08-08T20:54:52Z
2026-08-08T20:49:31Z,2026-08-08T22:49:31+0200,011d730b-fef6-42d6-8ac6-798e5ff3262c,2026-07-28T19:00:00Z,2026-07-28T21:00:00+0200,1.5,MW,PT,PT,forecast_offshore_wind_generation,Wind Offshore,2026-08-08T20:54:52Z
2026-08-08T20:49:31Z,2026-08-08T22:49:31+0200,011d730b-fef6-42d6-8ac6-798e5ff3262c,2026-07-28T20:00:00Z,2026-07-28T22:00:00+0200,1.6,MW,PT,PT,forecast_offshore_wind_generation,Wind Offshore,2026-08-08T20:54:52Z
2026-08-08T20:49:31Z,2026-08-08T22:49:31+0200,011d730b-fef6-42d6-8ac6-798e5ff3262c,2026-07-28T21:00:00Z,2026-07-28T23:00:00+0200,1.7,MW,PT,PT,forecast_offshore_wind_generation,Wind Offshore,2026-08-08T20:54:52Z
2026-08-08T20:49:31Z,2026-08-08T22:49:31+0200,011d730b-fef6-42d6-8ac6-798e5ff3262c,2026-07-28T22:00:00Z,2026-07-29T00:00:00+0200,1.1,MW,PT,PT,forecast_offshore_wind_generation,Wind Offshore,2026-08-08T20:54:52Z
2026-08-08T20:49:31Z,2026-08-08T22:49:31+0200,011d730b-fef6-42d6-8ac6-798e5ff3262c,2026-07-28T23:00:00Z,2026-07-29T01:00:00+0200,1.0,MW,PT,PT,forecast_offshore_wind_generation,Wind Offshore,2026-08-08T20:54:52Z
2026-08-08T20:49:31Z,2026-08-08T22:49:31+0200,011d730b-fef6-42d6-8ac6-798e5ff3262c,2026-07-29T00:00:00Z,2026-07-29T02:00:00+0200,1.1,MW,PT,PT,forecast_offshore_wind_generation,Wind Offshore,2026-08-08T20:54:52Z
2026-08-08T20:49:31Z,2026-08-08T22:49:31+0200,011d730b-fef6-42d6-8ac6-798e5ff3262c,2026-07-29T01:00:00Z,2026-07-29T03:00:00+0200,1.3,MW,PT,PT,forecast_offshore_wind_generation,Wind Offshore,2026-08-08T20:54:52Z
2026-08-08T20:49:31Z,2026-08-08T22:49:31+0200,011d730b-fef6-42d6-8ac6-798e5ff3262c,2026-07-29T02:00:00Z,2026-07-29T04:00:00+0200,1.3,MW,PT,PT,forecast_offshore_wind_generation,Wind Offshore,2026-08-08T20:54:52Z
2026-08-08T20:49:31Z,2026-08-08T22:49:31+0200,011d730b-fef6-42d6-8ac6-798e5ff3262c,2026-07-29T03:00:00Z,2026-07-29T05:00:00+0200,1.2,MW,PT,PT,forecast_offshore_wind_generation,Wind Offshore,2026-08-08T20:54:52Z
2026-08-08T20:49:31Z,2026-08-08T22:49:31+0200,011d730b-fef6-42d6-8ac6-798e5ff3262c,2026-07-29T04:00:00Z,2026-07-29T06:00:00+0200,1.1,MW,PT,PT,forecast_offshore_wind_generation,Wind Offshore,2026-08-08T20:54:52Z
2026-08-08T20:49:31Z,2026-08-08T22:49:31+0200,011d730b-fef6-42d6-8ac6-798e5ff3262c,2026-07-29T05:00:00Z,2026-07-29T07:00:00+0200,1.0,MW,PT,PT,forecast_offshore_wind_generation,Wind Offshore,2026-08-08T20:54:52Z
2026-08-08T20:49:31Z,2026-08-08T22:49:31+0200,011d730b-fef6-42d6-8ac6-798e5ff3262c,2026-07-29T06:00:00Z,2026-07-29T08:00:00+0200,0.9,MW,PT,PT,forecast_offshore_wind_generation,Wind Offshore,2026-08-08T20:54:52Z
2026-08-08T20:49:31Z,2026-08-08T22:49:31+0200,011d730b-fef6-42d6-8ac6-798e5ff3262c,2026-07-29T07:00:00Z,2026-07-29T09:00:00+0200,0.7,MW,PT,PT,forecast_offshore_wind_generation,Wind Offshore,2026-08-08T20:54:52Z
2026-08-08T20:49:31Z,2026-08-08T22:49:31+0200,011d730b-fef6-42d6-8ac6-798e5ff3262c,2026-07-29T08:00:00Z,2026-07-29T10:00:00+0200,0.6,MW,PT,PT,forecast_offshore_wind_generation,Wind Offshore,2026-08-08T20:54:52Z
2026-08-08T20:49:31Z,2026-08-08T22:49:31+0200,011d730b-fef6-42d6-8ac6-798e5ff3262c,2026-07-29T09:00:00Z,2026-07-29T11:00:00+0200,0.5,MW,PT,PT,forecast_offshore_wind_generation,Wind Offshore,2026-08-08T20:54:52Z
2026-08-08T20:49:31Z,2026-08-08T22:49:31+0200,011d730b-fef6-42d6-8ac6-798e5ff3262c,2026-07-29T10:00:00Z,2026-07-29T12:00:00+0200,0.4,MW,PT,PT,forecast_offshore_wind_generation,Wind Offshore,2026-08-08T20:54:52Z
2026-08-08T20:49:31Z,2026-08-08T22:49:31+0200,011d730b-fef6-42d6-8ac6-798e5ff3262c,2026-07-29T11:00:00Z,2026-07-29T13:00:00+0200,0.4,MW,PT,PT,forecast_offshore_wind_generation,Wind Offshore,2026-08-08T20:54:52Z
2026-08-08T20:49:31Z,2026-08-08T22:49:31+0200,011d730b-fef6-42d6-8ac6-798e5ff3262c,2026-07-29T12:00:00Z,2026-07-29T14:00:00+0200,0.6,MW,PT,PT,forecast_offshore_wind_generation,Wind Offshore,2026-08-08T20:54:52Z
2026-08-08T20:49:31Z,2026-08-08T22:49:31+0200,011d730b-fef6-42d6-8ac6-798e5ff3262c,2026-07-29T13:00:00Z,2026-07-29T15:00:00+0200,0.7,MW,PT,PT,forecast_offshore_wind_generation,Wind Offshore,2026-08-08T20:54:52Z
2026-08-08T20:49:31Z,2026-08-08T22:49:31+0200,011d730b-fef6-42d6-8ac6-798e5ff3262c,2026-07-29T14:00:00Z,2026-07-29T16:00:00+0200,0.7,MW,PT,PT,forecast_offshore_wind_generation,Wind Offshore,2026-08-08T20:54:52Z
2026-08-08T20:49:31Z,2026-08-08T22:49:31+0200,011d730b-fef6-42d6-8ac6-798e5ff3262c,2026-07-29T15:00:00Z,2026-07-29T17:00:00+0200,0.9,MW,PT,PT,forecast_offshore_wind_generation,Wind Offshore,2026-08-08T20:54:52Z
2026-08-08T20:49:31Z,2026-08-08T22:49:31+0200,011d730b-fef6-42d6-8ac6-798e5ff3262c,2026-07-29T16:00:00Z,2026-07-29T18:00:00+0200,1.2,MW,PT,PT,forecast_offshore_wind_generation,Wind Offshore,2026-08-08T20:54:52Z
2026-08-08T20:49:31Z,2026-08-08T22:49:31+0200,011d730b-fef6-42d6-8ac6-798e5ff3262c,2026-07-29T17:00:00Z,2026-07-29T19:00:00+0200,1.5,MW,PT,PT,forecast_offshore_wind_generation,Wind Offshore,2026-08-08T20:54:52Z
2026-08-08T20:49:31Z,2026-08-08T22:49:31+0200,011d730b-fef6-42d6-8ac6-798e5ff3262c,2026-07-29T18:00:00Z,2026-07-29T20:00:00+0200,1.7,MW,PT,PT,forecast_offshore_wind_generation,Wind Offshore,2026-08-08T20:54:52Z
2026-08-08T20:49:31Z,2026-08-08T22:49:31+0200,011d730b-fef6-42d6-8ac6-798e5ff3262c,2026-07-29T19:00:00Z,2026-07-29T21:00:00+0200,2.0,MW,PT,PT,forecast_offshore_wind_generation,Wind Offshore,2026-08-08T20:54:52Z
2026-08-08T20:49:31Z,2026-08-08T22:49:31+0200,011d730b-fef6-42d6-8ac6-798e5ff3262c,2026-07-29T20:00:00Z,2026-07-29T22:00:00+0200,2.3,MW,PT,PT,forecast_offshore_wind_generation,Wind Offshore,2026-08-08T20:54:52Z
2026-08-08T20:49:31Z,2026-08-08T22:49:31+0200,011d730b-fef6-42d6-8ac6-798e5ff3262c,2026-07-29T21:00:00Z,2026-07-29T23:00:00+0200,2.5,MW,PT,PT,forecast_offshore_wind_generation,Wind Offshore,2026-08-08T20:54:52Z
2026-08-08T20:49:31Z,2026-08-08T22:49:31+0200,011d730b-fef6-42d6-8ac6-798e5ff3262c,2026-07-29T22:00:00Z,2026-07-30T00:00:00+0200,0.9,MW,PT,PT,forecast_offshore_wind_generation,Wind Offshore,2026-08-08T20:54:52Z
2026-08-08T20:49:31Z,2026-08-08T22:49:31+0200,011d730b-fef6-42d6-8ac6-798e5ff3262c,2026-07-29T23:00:00Z,2026-07-30T01:00:00+0200,0.8,MW,PT,PT,forecast_offshore_wind_generation,Wind Offshore,2026-08-08T20:54:52Z
2026-08-08T20:49:31Z,2026-08-08T22:49:31+0200,011d730b-fef6-42d6-8ac6-798e5ff3262c,2026-07-30T00:00:00Z,2026-07-30T02:00:00+0200,0.7,MW,PT,PT,forecast_offshore_wind_generation,Wind Offshore,2026-08-08T20:54:52Z
2026-08-08T20:49:31Z,2026-08-08T22:49:31+0200,011d730b-fef6-42d6-8ac6-798e5ff3262c,2026-07-30T01:00:00Z,2026-07-30T03:00:00+0200,0.6,MW,PT,PT,forecast_offshore_wind_generation,Wind Offshore,2026-08-08T20:54:52Z
2026-08-08T20:49:31Z,2026-08-08T22:49:31+0200,011d730b-fef6-42d6-8ac6-798e5ff3262c,2026-07-30T02:00:00Z,2026-07-30T04:00:00+0200,0.6,MW,PT,PT,forecast_offshore_wind_generation,Wind Offshore,2026-08-08T20:54:52Z
2026-08-08T20:49:31Z,2026-08-08T22:49:31+0200,011d730b-fef6-42d6-8ac6-798e5ff3262c,2026-07-30T03:00:00Z,2026-07-30T05:00:00+0200,0.5,MW,PT,PT,forecast_offshore_wind_generation,Wind Offshore,2026-08-08T20:54:52Z
2026-08-08T20:49:31Z,2026-08-08T22:49:31+0200,011d730b-fef6-42d6-8ac6-798e5ff3262c,2026-07-30T04:00:00Z,2026-07-30T06:00:00+0200,0.4,MW,PT,PT,forecast_offshore_wind_generation,Wind Offshore,2026-08-08T20:54:52Z
2026-08-08T20:49:31Z,2026-08-08T22:49:31+0200,011d730b-fef6-42d6-8ac6-798e5ff3262c,2026-07-30T05:00:00Z,2026-07-30T07:00:00+0200,0.4,MW,PT,PT,forecast_offshore_wind_generation,Wind Offshore,2026-08-08T20:54:52Z
2026-08-08T20:49:31Z,2026-08-08T22:49:31+0200,011d730b-fef6-42d6-8ac6-798e5ff3262c,2026-07-30T06:00:00Z,2026-07-30T08:00:00+0200,0.4,MW,PT,PT,forecast_offshore_wind_generation,Wind Offshore,2026-08-08T20:54:52Z
2026-08-08T20:49:31Z,2026-08-08T22:49:31+0200,011d730b-fef6-42d6-8ac6-798e5ff3262c,2026-07-30T07:00:00Z,2026-07-30T09:00:00+0200,0.4,MW,PT,PT,forecast_offshore_wind_generation,Wind Offshore,2026-08-08T20:54:52Z
2026-08-08T20:49:31Z,2026-08-08T22:49:31+0200,011d730b-fef6-42d6-8ac6-798e5ff3262c,2026-07-30T08:00:00Z,2026-07-30T10:00:00+0200,0.3,MW,PT,PT,forecast_offshore_wind_generation,Wind Offshore,2026-08-08T20:54:52Z
2026-08-08T20:49:31Z,2026-08-08T22:49:31+0200,011d730b-fef6-42d6-8ac6-798e5ff3262c,2026-07-30T09:00:00Z,2026-07-30T11:00:00+0200,0.4,MW,PT,PT,forecast_offshore_wind_generation,Wind Offshore,2026-08-08T20:54:52Z
2026-08-08T20:49:31Z,2026-08-08T22:49:31+0200,011d730b-fef6-42d6-8ac6-798e5ff3262c,2026-07-30T10:00:00Z,2026-07-30T12:00:00+0200,0.4,MW,PT,PT,forecast_offshore_wind_generation,Wind Offshore,2026-08-08T20:54:52Z
2026-08-08T20:49:31Z,2026-08-08T22:49:31+0200,011d730b-fef6-42d6-8ac6-798e5ff3262c,2026-07-30T11:00:00Z,2026-07-30T13:00:00+0200,0.4,MW,PT,PT,forecast_offshore_wind_generation,Wind Offshore,2026-08-08T20:54:52Z
2026-08-08T20:49:31Z,2026-08-08T22:49:31+0200,011d730b-fef6-42d6-8ac6-798e5ff3262c,2026-07-30T12:00:00Z,2026-07-30T14:00:00+0200,0.7,MW,PT,PT,forecast_offshore_wind_generation,Wind Offshore,2026-08-08T20:54:52Z
2026-08-08T20:49:31Z,2026-08-08T22:49:31+0200,011d730b-fef6-42d6-8ac6-798e5ff3262c,2026-07-30T13:00:00Z,2026-07-30T15:00:00+0200,1.0,MW,PT,PT,forecast_offshore_wind_generation,Wind Offshore,2026-08-08T20:54:52Z
2026-08-08T20:49:31Z,2026-08-08T22:49:31+0200,011d730b-fef6-42d6-8ac6-798e5ff3262c,2026-07-30T14:00:00Z,2026-07-30T16:00:00+0200,1.3,MW,PT,PT,forecast_offshore_wind_generation,Wind Offshore,2026-08-08T20:54:52Z
2026-08-08T20:49:31Z,2026-08-08T22:49:31+0200,011d730b-fef6-42d6-8ac6-798e5ff3262c,2026-07-30T15:00:00Z,2026-07-30T17:00:00+0200,1.8,MW,PT,PT,forecast_offshore_wind_generation,Wind Offshore,2026-08-08T20:54:52Z
2026-08-08T20:49:31Z,2026-08-08T22:49:31+0200,011d730b-fef6-42d6-8ac6-798e5ff3262c,2026-07-30T16:00:00Z,2026-07-30T18:00:00+0200,2.3,MW,PT,PT,forecast_offshore_wind_generation,Wind Offshore,2026-08-08T20:54:52Z
2026-08-08T20:49:31Z,2026-08-08T22:49:31+0200,011d730b-fef6-42d6-8ac6-798e5ff3262c,2026-07-30T17:00:00Z,2026-07-30T19:00:00+0200,2.8,MW,PT,PT,forecast_offshore_wind_generation,Wind Offshore,2026-08-08T20:54:52Z
2026-08-08T20:49:31Z,2026-08-08T22:49:31+0200,011d730b-fef6-42d6-8ac6-798e5ff3262c,2026-07-30T18:00:00Z,2026-07-30T20:00:00+0200,3.5,MW,PT,PT,forecast_offshore_wind_generation,Wind Offshore,2026-08-08T20:54:52Z
2026-08-08T20:49:31Z,2026-08-08T22:49:31+0200,011d730b-fef6-42d6-8ac6-798e5ff3262c,2026-07-30T19:00:00Z,2026-07-30T21:00:00+0200,4.2,MW,PT,PT,forecast_offshore_wind_generation,Wind Offshore,2026-08-08T20:54:52Z
2026-08-08T20:49:31Z,2026-08-08T22:49:31+0200,011d730b-fef6-42d6-8ac6-798e5ff3262c,2026-07-30T20:00:00Z,2026-07-30T22:00:00+0200,4.2,MW,PT,PT,forecast_offshore_wind_generation,Wind Offshore,2026-08-08T20:54:52Z
2026-08-08T20:49:31Z,2026-08-08T22:49:31+0200,011d730b-fef6-42d6-8ac6-798e5ff3262c,2026-07-30T21:00:00Z,2026-07-30T23:00:00+0200,3.9,MW,PT,PT,forecast_offshore_wind_generation,Wind Offshore,2026-08-08T20:54:52Z
2026-08-08T20:49:31Z,2026-08-08T22:49:31+0200,011d730b-fef6-42d6-8ac6-798e5ff3262c,2026-07-30T22:00:00Z,2026-07-31T00:00:00+0200,2.4,MW,PT,PT,forecast_offshore_wind_generation,Wind Offshore,2026-08-08T20:54:52Z
2026-08-08T20:49:31Z,2026-08-08T22:49:31+0200,011d730b-fef6-42d6-8ac6-798e5ff3262c,2026-07-30T23:00:00Z,2026-07-31T01:00:00+0200,2.2,MW,PT,PT,forecast_offshore_wind_generation,Wind Offshore,2026-08-08T20:54:52Z
2026-08-08T20:49:31Z,2026-08-08T22:49:31+0200,011d730b-fef6-42d6-8ac6-798e5ff3262c,2026-07-31T00:00:00Z,2026-07-31T02:00:00+0200,1.9,MW,PT,PT,forecast_offshore_wind_generation,Wind Offshore,2026-08-08T20:54:52Z
2026-08-08T20:49:31Z,2026-08-08T22:49:31+0200,011d730b-fef6-42d6-8ac6-798e5ff3262c,2026-07-31T01:00:00Z,2026-07-31T03:00:00+0200,2.0,MW,PT,PT,forecast_offshore_wind_generation,Wind Offshore,2026-08-08T20:54:52Z
2026-08-08T20:49:31Z,2026-08-08T22:49:31+0200,011d730b-fef6-42d6-8ac6-798e5ff3262c,2026-07-31T02:00:00Z,2026-07-31T04:00:00+0200,2.3,MW,PT,PT,forecast_offshore_wind_generation,Wind Offshore,2026-08-08T20:54:52Z
2026-08-08T20:49:31Z,2026-08-08T22:49:31+0200,011d730b-fef6-42d6-8ac6-798e5ff3262c,2026-07-31T03:00:00Z,2026-07-31T05:00:00+0200,2.5,MW,PT,PT,forecast_offshore_wind_generation,Wind Offshore,2026-08-08T20:54:52Z
2026-08-08T20:49:31Z,2026-08-08T22:49:31+0200,011d730b-fef6-42d6-8ac6-798e5ff3262c,2026-07-31T04:00:00Z,2026-07-31T06:00:00+0200,2.5,MW,PT,PT,forecast_offshore_wind_generation,Wind Offshore,2026-08-08T20:54:52Z
2026-08-08T20:49:31Z,2026-08-08T22:49:31+0200,011d730b-fef6-42d6-8ac6-798e5ff3262c,2026-07-31T05:00:00Z,2026-07-31T07:00:00+0200,2.6,MW,PT,PT,forecast_offshore_wind_generation,Wind Offshore,2026-08-08T20:54:52Z
2026-08-08T20:49:31Z,2026-08-08T22:49:31+0200,011d730b-fef6-42d6-8ac6-798e5ff3262c,2026-07-31T06:00:00Z,2026-07-31T08:00:00+0200,2.6,MW,PT,PT,forecast_offshore_wind_generation,Wind Offshore,2026-08-08T20:54:52Z
2026-08-08T20:49:31Z,2026-08-08T22:49:31+0200,011d730b-fef6-42d6-8ac6-798e5ff3262c,2026-07-31T07:00:00Z,2026-07-31T09:00:00+0200,3.0,MW,PT,PT,forecast_offshore_wind_generation,Wind Offshore,2026-08-08T20:54:52Z
2026-08-08T20:49:31Z,2026-08-08T22:49:31+0200,011d730b-fef6-42d6-8ac6-798e5ff3262c,2026-07-31T08:00:00Z,2026-07-31T10:00:00+0200,3.6,MW,PT,PT,forecast_offshore_wind_generation,Wind Offshore,2026-08-08T20:54:52Z
2026-08-08T20:49:31Z,2026-08-08T22:49:31+0200,011d730b-fef6-42d6-8ac6-798e5ff3262c,2026-07-31T09:00:00Z,2026-07-31T11:00:00+0200,4.5,MW,PT,PT,forecast_offshore_wind_generation,Wind Offshore,2026-08-08T20:54:52Z
2026-08-08T20:49:31Z,2026-08-08T22:49:31+0200,011d730b-fef6-42d6-8ac6-798e5ff3262c,2026-07-31T10:00:00Z,2026-07-31T12:00:00+0200,5.8,MW,PT,PT,forecast_offshore_wind_generation,Wind Offshore,2026-08-08T20:54:52Z
2026-08-08T20:49:31Z,2026-08-08T22:49:31+0200,011d730b-fef6-42d6-8ac6-798e5ff3262c,2026-07-31T11:00:00Z,2026-07-31T13:00:00+0200,8.5,MW,PT,PT,forecast_offshore_wind_generation,Wind Offshore,2026-08-08T20:54:52Z
2026-08-08T20:49:31Z,2026-08-08T22:49:31+0200,011d730b-fef6-42d6-8ac6-798e5ff3262c,2026-07-31T12:00:00Z,2026-07-31T14:00:00+0200,11.3,MW,PT,PT,forecast_offshore_wind_generation,Wind Offshore,2026-08-08T20:54:52Z
2026-08-08T20:49:31Z,2026-08-08T22:49:31+0200,011d730b-fef6-42d6-8ac6-798e5ff3262c,2026-07-31T13:00:00Z,2026-07-31T15:00:00+0200,14.1,MW,PT,PT,forecast_offshore_wind_generation,Wind Offshore,2026-08-08T20:54:52Z
2026-08-08T20:49:31Z,2026-08-08T22:49:31+0200,011d730b-fef6-42d6-8ac6-798e5ff3262c,2026-07-31T14:00:00Z,2026-07-31T16:00:00+0200,16.3,MW,PT,PT,forecast_offshore_wind_generation,Wind Offshore,2026-08-08T20:54:52Z
2026-08-08T20:49:31Z,2026-08-08T22:49:31+0200,011d730b-fef6-42d6-8ac6-798e5ff3262c,2026-07-31T15:00:00Z,2026-07-31T17:00:00+0200,17.2,MW,PT,PT,forecast_offshore_wind_generation,Wind Offshore,2026-08-08T20:54:52Z
2026-08-08T20:49:31Z,2026-08-08T22:49:31+0200,011d730b-fef6-42d6-8ac6-798e5ff3262c,2026-07-31T16:00:00Z,2026-07-31T18:00:00+0200,17.4,MW,PT,PT,forecast_offshore_wind_generation,Wind Offshore,2026-08-08T20:54:52Z
2026-08-08T20:49:31Z,2026-08-08T22:49:31+0200,011d730b-fef6-42d6-8ac6-798e5ff3262c,2026-07-31T17:00:00Z,2026-07-31T19:00:00+0200,16.9,MW,PT,PT,forecast_offshore_wind_generation,Wind Offshore,2026-08-08T20:54:52Z
2026-08-08T20:49:31Z,2026-08-08T22:49:31+0200,011d730b-fef6-42d6-8ac6-798e5ff3262c,2026-07-31T18:00:00Z,2026-07-31T20:00:00+0200,16.5,MW,PT,PT,forecast_offshore_wind_generation,Wind Offshore,2026-08-08T20:54:52Z
2026-08-08T20:49:31Z,2026-08-08T22:49:31+0200,011d730b-fef6-42d6-8ac6-798e5ff3262c,2026-07-31T19:00:00Z,2026-07-31T21:00:00+0200,17.7,MW,PT,PT,forecast_offshore_wind_generation,Wind Offshore,2026-08-08T20:54:52Z
2026-08-08T20:49:31Z,2026-08-08T22:49:31+0200,011d730b-fef6-42d6-8ac6-798e5ff3262c,2026-07-31T20:00:00Z,2026-07-31T22:00:00+0200,18.8,MW,PT,PT,forecast_offshore_wind_generation,Wind Offshore,2026-08-08T20:54:52Z
2026-08-08T20:49:31Z,2026-08-08T22:49:31+0200,011d730b-fef6-42d6-8ac6-798e5ff3262c,2026-07-31T21:00:00Z,2026-07-31T23:00:00+0200,17.8,MW,PT,PT,forecast_offshore_wind_generation,Wind Offshore,2026-08-08T20:54:52Z
2026-08-08T20:49:31Z,2026-08-08T22:49:31+0200,011d730b-fef6-42d6-8ac6-798e5ff3262c,2026-07-31T22:00:00Z,2026-08-01T00:00:00+0200,12.1,MW,PT,PT,forecast_offshore_wind_generation,Wind Offshore,2026-08-08T20:54:52Z
2026-08-08T20:49:31Z,2026-08-08T22:49:31+0200,011d730b-fef6-42d6-8ac6-798e5ff3262c,2026-07-31T23:00:00Z,2026-08-01T01:00:00+0200,8.6,MW,PT,PT,forecast_offshore_wind_generation,Wind Offshore,2026-08-08T20:54:52Z
2026-08-08T20:49:31Z,2026-08-08T22:49:31+0200,011d730b-fef6-42d6-8ac6-798e5ff3262c,2026-08-01T00:00:00Z,2026-08-01T02:00:00+0200,5.1,MW,PT,PT,forecast_offshore_wind_generation,Wind Offshore,2026-08-08T20:54:52Z
2026-08-08T20:49:31Z,2026-08-08T22:49:31+0200,011d730b-fef6-42d6-8ac6-798e5ff3262c,2026-08-01T01:00:00Z,2026-08-01T03:00:00+0200,2.9,MW,PT,PT,forecast_offshore_wind_generation,Wind Offshore,2026-08-08T20:54:52Z
2026-08-08T20:49:31Z,2026-08-08T22:49:31+0200,011d730b-fef6-42d6-8ac6-798e5ff3262c,2026-08-01T02:00:00Z,2026-08-01T04:00:00+0200,1.8,MW,PT,PT,forecast_offshore_wind_generation,Wind Offshore,2026-08-08T20:54:52Z
2026-08-08T20:49:31Z,2026-08-08T22:49:31+0200,011d730b-fef6-42d6-8ac6-798e5ff3262c,2026-08-01T03:00:00Z,2026-08-01T05:00:00+0200,1.3,MW,PT,PT,forecast_offshore_wind_generation,Wind Offshore,2026-08-08T20:54:52Z
2026-08-08T20:49:31Z,2026-08-08T22:49:31+0200,011d730b-fef6-42d6-8ac6-798e5ff3262c,2026-08-01T04:00:00Z,2026-08-01T06:00:00+0200,1.3,MW,PT,PT,forecast_offshore_wind_generation,Wind Offshore,2026-08-08T20:54:52Z
2026-08-08T20:49:31Z,2026-08-08T22:49:31+0200,011d730b-fef6-42d6-8ac6-798e5ff3262c,2026-08-01T05:00:00Z,2026-08-01T07:00:00+0200,1.3,MW,PT,PT,forecast_offshore_wind_generation,Wind Offshore,2026-08-08T20:54:52Z
2026-08-08T20:49:31Z,2026-08-08T22:49:31+0200,011d730b-fef6-42d6-8ac6-798e5ff3262c,2026-08-01T06:00:00Z,2026-08-01T08:00:00+0200,1.2,MW,PT,PT,forecast_offshore_wind_generation,Wind Offshore,2026-08-08T20:54:52Z
2026-08-08T20:49:31Z,2026-08-08T22:49:31+0200,011d730b-fef6-42d6-8ac6-798e5ff3262c,2026-08-01T07:00:00Z,2026-08-01T09:00:00+0200,1.0,MW,PT,PT,forecast_offshore_wind_generation,Wind Offshore,2026-08-08T20:54:52Z
2026-08-08T20:49:31Z,2026-08-08T22:49:31+0200,011d730b-fef6-42d6-8ac6-798e5ff3262c,2026-08-01T08:00:00Z,2026-08-01T10:00:00+0200,0.8,MW,PT,PT,forecast_offshore_wind_generation,Wind Offshore,2026-08-08T20:54:52Z
2026-08-08T20:49:31Z,2026-08-08T22:49:31+0200,011d730b-fef6-42d6-8ac6-798e5ff3262c,2026-08-01T09:00:00Z,2026-08-01T11:00:00+0200,0.6,MW,PT,PT,forecast_offshore_wind_generation,Wind Offshore,2026-08-08T20:54:52Z
2026-08-08T20:49:31Z,2026-08-08T22:49:31+0200,011d730b-fef6-42d6-8ac6-798e5ff3262c,2026-08-01T10:00:00Z,2026-08-01T12:00:00+0200,0.4,MW,PT,PT,forecast_offshore_wind_generation,Wind Offshore,2026-08-08T20:54:52Z
2026-08-08T20:49:31Z,2026-08-08T22:49:31+0200,011d730b-fef6-42d6-8ac6-798e5ff3262c,2026-08-01T11:00:00Z,2026-08-01T13:00:00+0200,0.3,MW,PT,PT,forecast_offshore_wind_generation,Wind Offshore,2026-08-08T20:54:52Z
2026-08-08T20:49:31Z,2026-08-08T22:49:31+0200,011d730b-fef6-42d6-8ac6-798e5ff3262c,2026-08-01T12:00:00Z,2026-08-01T14:00:00+0200,0.3,MW,PT,PT,forecast_offshore_wind_generation,Wind Offshore,2026-08-08T20:54:52Z
2026-08-08T20:49:31Z,2026-08-08T22:49:31+0200,011d730b-fef6-42d6-8ac6-798e5ff3262c,2026-08-01T13:00:00Z,2026-08-01T15:00:00+0200,0.5,MW,PT,PT,forecast_offshore_wind_generation,Wind Offshore,2026-08-08T20:54:52Z
2026-08-08T20:49:31Z,2026-08-08T22:49:31+0200,011d730b-fef6-42d6-8ac6-798e5ff3262c,2026-08-01T14:00:00Z,2026-08-01T16:00:00+0200,0.9,MW,PT,PT,forecast_offshore_wind_generation,Wind Offshore,2026-08-08T20:54:52Z
2026-08-08T20:49:31Z,2026-08-08T22:49:31+0200,011d730b-fef6-42d6-8ac6-798e5ff3262c,2026-08-01T15:00:00Z,2026-08-01T17:00:00+0200,1.2,MW,PT,PT,forecast_offshore_wind_generation,Wind Offshore,2026-08-08T20:54:52Z
2026-08-08T20:49:31Z,2026-08-08T22:49:31+0200,011d730b-fef6-42d6-8ac6-798e5ff3262c,2026-08-01T16:00:00Z,2026-08-01T18:00:00+0200,1.3,MW,PT,PT,forecast_offshore_wind_generation,Wind Offshore,2026-08-08T20:54:52Z
2026-08-08T20:49:31Z,2026-08-08T22:49:31+0200,011d730b-fef6-42d6-8ac6-798e5ff3262c,2026-08-01T17:00:00Z,2026-08-01T19:00:00+0200,1.3,MW,PT,PT,forecast_offshore_wind_generation,Wind Offshore,2026-08-08T20:54:52Z
2026-08-08T20:49:31Z,2026-08-08T22:49:31+0200,011d730b-fef6-42d6-8ac6-798e5ff3262c,2026-08-01T18:00:00Z,2026-08-01T20:00:00+0200,1.3,MW,PT,PT,forecast_offshore_wind_generation,Wind Offshore,2026-08-08T20:54:52Z
2026-08-08T20:49:31Z,2026-08-08T22:49:31+0200,011d730b-fef6-42d6-8ac6-798e5ff3262c,2026-08-01T19:00:00Z,2026-08-01T21:00:00+0200,1.4,MW,PT,PT,forecast_offshore_wind_generation,Wind Offshore,2026-08-08T20:54:52Z
2026-08-08T20:49:31Z,2026-08-08T22:49:31+0200,011d730b-fef6-42d6-8ac6-798e5ff3262c,2026-08-01T20:00:00Z,2026-08-01T22:00:00+0200,1.5,MW,PT,PT,forecast_offshore_wind_generation,Wind Offshore,2026-08-08T20:54:52Z
2026-08-08T20:49:31Z,2026-08-08T22:49:31+0200,011d730b-fef6-42d6-8ac6-798e5ff3262c,2026-08-01T21:00:00Z,2026-08-01T23:00:00+0200,1.5,MW,PT,PT,forecast_offshore_wind_generation,Wind Offshore,2026-08-08T20:54:52Z
2026-08-08T20:49:31Z,2026-08-08T22:49:31+0200,011d730b-fef6-42d6-8ac6-798e5ff3262c,2026-08-01T22:00:00Z,2026-08-02T00:00:00+0200,0.8,MW,PT,PT,forecast_offshore_wind_generation,Wind Offshore,2026-08-08T20:54:52Z
2026-08-08T20:49:31Z,2026-08-08T22:49:31+0200,011d730b-fef6-42d6-8ac6-798e5ff3262c,2026-08-01T23:00:00Z,2026-08-02T01:00:00+0200,0.6,MW,PT,PT,forecast_offshore_wind_generation,Wind Offshore,2026-08-08T20:54:52Z
2026-08-08T20:49:31Z,2026-08-08T22:49:31+0200,011d730b-fef6-42d6-8ac6-798e5ff3262c,2026-08-02T00:00:00Z,2026-08-02T02:00:00+0200,0.6,MW,PT,PT,forecast_offshore_wind_generation,Wind Offshore,2026-08-08T20:54:52Z
2026-08-08T20:49:31Z,2026-08-08T22:49:31+0200,011d730b-fef6-42d6-8ac6-798e5ff3262c,2026-08-02T01:00:00Z,2026-08-02T03:00:00+0200,0.6,MW,PT,PT,forecast_offshore_wind_generation,Wind Offshore,2026-08-08T20:54:52Z
2026-08-08T20:49:31Z,2026-08-08T22:49:31+0200,011d730b-fef6-42d6-8ac6-798e5ff3262c,2026-08-02T02:00:00Z,2026-08-02T04:00:00+0200,0.5,MW,PT,PT,forecast_offshore_wind_generation,Wind Offshore,2026-08-08T20:54:52Z
2026-08-08T20:49:31Z,2026-08-08T22:49:31+0200,011d730b-fef6-42d6-8ac6-798e5ff3262c,2026-08-02T03:00:00Z,2026-08-02T05:00:00+0200,0.5,MW,PT,PT,forecast_offshore_wind_generation,Wind Offshore,2026-08-08T20:54:52Z
2026-08-08T20:49:31Z,2026-08-08T22:49:31+0200,011d730b-fef6-42d6-8ac6-798e5ff3262c,2026-08-02T04:00:00Z,2026-08-02T06:00:00+0200,0.5,MW,PT,PT,forecast_offshore_wind_generation,Wind Offshore,2026-08-08T20:54:52Z
2026-08-08T20:49:31Z,2026-08-08T22:49:31+0200,011d730b-fef6-42d6-8ac6-798e5ff3262c,2026-08-02T05:00:00Z,2026-08-02T07:00:00+0200,0.5,MW,PT,PT,forecast_offshore_wind_generation,Wind Offshore,2026-08-08T20:54:52Z
2026-08-08T20:49:31Z,2026-08-08T22:49:31+0200,011d730b-fef6-42d6-8ac6-798e5ff3262c,2026-08-02T06:00:00Z,2026-08-02T08:00:00+0200,0.4,MW,PT,PT,forecast_offshore_wind_generation,Wind Offshore,2026-08-08T20:54:52Z
2026-08-08T20:49:31Z,2026-08-08T22:49:31+0200,011d730b-fef6-42d6-8ac6-798e5ff3262c,2026-08-02T07:00:00Z,2026-08-02T09:00:00+0200,0.3,MW,PT,PT,forecast_offshore_wind_generation,Wind Offshore,2026-08-08T20:54:52Z
2026-08-08T20:49:31Z,2026-08-08T22:49:31+0200,011d730b-fef6-42d6-8ac6-798e5ff3262c,2026-08-02T08:00:00Z,2026-08-02T10:00:00+0200,0.3,MW,PT,PT,forecast_offshore_wind_generation,Wind Offshore,2026-08-08T20:54:52Z
2026-08-08T20:49:31Z,2026-08-08T22:49:31+0200,011d730b-fef6-42d6-8ac6-798e5ff3262c,2026-08-02T09:00:00Z,2026-08-02T11:00:00+0200,0.2,MW,PT,PT,forecast_offshore_wind_generation,Wind Offshore,2026-08-08T20:54:52Z
2026-08-08T20:49:31Z,2026-08-08T22:49:31+0200,011d730b-fef6-42d6-8ac6-798e5ff3262c,2026-08-02T10:00:00Z,2026-08-02T12:00:00+0200,0.2,MW,PT,PT,forecast_offshore_wind_generation,Wind Offshore,2026-08-08T20:54:52Z
2026-08-08T20:49:31Z,2026-08-08T22:49:31+0200,011d730b-fef6-42d6-8ac6-798e5ff3262c,2026-08-02T11:00:00Z,2026-08-02T13:00:00+0200,0.2,MW,PT,PT,forecast_offshore_wind_generation,Wind Offshore,2026-08-08T20:54:52Z
2026-08-08T20:49:31Z,2026-08-08T22:49:31+0200,011d730b-fef6-42d6-8ac6-798e5ff3262c,2026-08-02T12:00:00Z,2026-08-02T14:00:00+0200,0.2,MW,PT,PT,forecast_offshore_wind_generation,Wind Offshore,2026-08-08T20:54:52Z
2026-08-08T20:49:31Z,2026-08-08T22:49:31+0200,011d730b-fef6-42d6-8ac6-798e5ff3262c,2026-08-02T13:00:00Z,2026-08-02T15:00:00+0200,0.2,MW,PT,PT,forecast_offshore_wind_generation,Wind Offshore,2026-08-08T20:54:52Z
2026-08-08T20:49:31Z,2026-08-08T22:49:31+0200,011d730b-fef6-42d6-8ac6-798e5ff3262c,2026-08-02T14:00:00Z,2026-08-02T16:00:00+0200,0.2,MW,PT,PT,forecast_offshore_wind_generation,Wind Offshore,2026-08-08T20:54:52Z
2026-08-08T20:49:31Z,2026-08-08T22:49:31+0200,011d730b-fef6-42d6-8ac6-798e5ff3262c,2026-08-02T15:00:00Z,2026-08-02T17:00:00+0200,0.3,MW,PT,PT,forecast_offshore_wind_generation,Wind Offshore,2026-08-08T20:54:52Z
2026-08-08T20:49:31Z,2026-08-08T22:49:31+0200,011d730b-fef6-42d6-8ac6-798e5ff3262c,2026-08-02T16:00:00Z,2026-08-02T18:00:00+0200,0.3,MW,PT,PT,forecast_offshore_wind_generation,Wind Offshore,2026-08-08T20:54:52Z
2026-08-08T20:49:31Z,2026-08-08T22:49:31+0200,011d730b-fef6-42d6-8ac6-798e5ff3262c,2026-08-02T17:00:00Z,2026-08-02T19:00:00+0200,0.2,MW,PT,PT,forecast_offshore_wind_generation,Wind Offshore,2026-08-08T20:54:52Z
2026-08-08T20:49:31Z,2026-08-08T22:49:31+0200,011d730b-fef6-42d6-8ac6-798e5ff3262c,2026-08-02T18:00:00Z,2026-08-02T20:00:00+0200,0.2,MW,PT,PT,forecast_offshore_wind_generation,Wind Offshore,2026-08-08T20:54:52Z
2026-08-08T20:49:31Z,2026-08-08T22:49:31+0200,011d730b-fef6-42d6-8ac6-798e5ff3262c,2026-08-02T19:00:00Z,2026-08-02T21:00:00+0200,0.2,MW,PT,PT,forecast_offshore_wind_generation,Wind Offshore,2026-08-08T20:54:52Z
2026-08-08T20:49:31Z,2026-08-08T22:49:31+0200,011d730b-fef6-42d6-8ac6-798e5ff3262c,2026-08-02T20:00:00Z,2026-08-02T22:00:00+0200,0.2,MW,PT,PT,forecast_offshore_wind_generation,Wind Offshore,2026-08-08T20:54:52Z
2026-08-08T20:49:31Z,2026-08-08T22:49:31+0200,011d730b-fef6-42d6-8ac6-798e5ff3262c,2026-08-02T21:00:00Z,2026-08-02T23:00:00+0200,0.2,MW,PT,PT,forecast_offshore_wind_generation,Wind Offshore,2026-08-08T20:54:52Z
2026-08-08T20:49:31Z,2026-08-08T22:49:31+0200,011d730b-fef6-42d6-8ac6-798e5ff3262c,2026-08-02T22:00:00Z,2026-08-03T00:00:00+0200,0.2,MW,PT,PT,forecast_offshore_wind_generation,Wind Offshore,2026-08-08T20:54:52Z
2026-08-08T20:49:31Z,2026-08-08T22:49:31+0200,011d730b-fef6-42d6-8ac6-798e5ff3262c,2026-08-02T23:00:00Z,2026-08-03T01:00:00+0200,0.4,MW,PT,PT,forecast_offshore_wind_generation,Wind Offshore,2026-08-08T20:54:52Z
2026-08-08T20:49:31Z,2026-08-08T22:49:31+0200,011d730b-fef6-42d6-8ac6-798e5ff3262c,2026-08-03T00:00:00Z,2026-08-03T02:00:00+0200,0.8,MW,PT,PT,forecast_offshore_wind_generation,Wind Offshore,2026-08-08T20:54:52Z
2026-08-08T20:49:31Z,2026-08-08T22:49:31+0200,011d730b-fef6-42d6-8ac6-798e5ff3262c,2026-08-03T01:00:00Z,2026-08-03T03:00:00+0200,1.7,MW,PT,PT,forecast_offshore_wind_generation,Wind Offshore,2026-08-08T20:54:52Z
2026-08-08T20:49:31Z,2026-08-08T22:49:31+0200,011d730b-fef6-42d6-8ac6-798e5ff3262c,2026-08-03T02:00:00Z,2026-08-03T04:00:00+0200,2.7,MW,PT,PT,forecast_offshore_wind_generation,Wind Offshore,2026-08-08T20:54:52Z
2026-08-08T20:49:31Z,2026-08-08T22:49:31+0200,011d730b-fef6-42d6-8ac6-798e5ff3262c,2026-08-03T03:00:00Z,2026-08-03T05:00:00+0200,3.9,MW,PT,PT,forecast_offshore_wind_generation,Wind Offshore,2026-08-08T20:54:52Z
2026-08-08T20:49:31Z,2026-08-08T22:49:31+0200,011d730b-fef6-42d6-8ac6-798e5ff3262c,2026-08-03T04:00:00Z,2026-08-03T06:00:00+0200,5.5,MW,PT,PT,forecast_offshore_wind_generation,Wind Offshore,2026-08-08T20:54:52Z
2026-08-08T20:49:31Z,2026-08-08T22:49:31+0200,011d730b-fef6-42d6-8ac6-798e5ff3262c,2026-08-03T05:00:00Z,2026-08-03T07:00:00+0200,6.8,MW,PT,PT,forecast_offshore_wind_generation,Wind Offshore,2026-08-08T20:54:52Z
2026-08-08T20:49:31Z,2026-08-08T22:49:31+0200,011d730b-fef6-42d6-8ac6-798e5ff3262c,2026-08-03T06:00:00Z,2026-08-03T08:00:00+0200,8.2,MW,PT,PT,forecast_offshore_wind_generation,Wind Offshore,2026-08-08T20:54:52Z
2026-08-08T20:49:31Z,2026-08-08T22:49:31+0200,011d730b-fef6-42d6-8ac6-798e5ff3262c,2026-08-03T07:00:00Z,2026-08-03T09:00:00+0200,9.5,MW,PT,PT,forecast_offshore_wind_generation,Wind Offshore,2026-08-08T20:54:52Z
2026-08-08T20:49:31Z,2026-08-08T22:49:31+0200,011d730b-fef6-42d6-8ac6-798e5ff3262c,2026-08-03T08:00:00Z,2026-08-03T10:00:00+0200,10.9,MW,PT,PT,forecast_offshore_wind_generation,Wind Offshore,2026-08-08T20:54:52Z
2026-08-08T20:49:31Z,2026-08-08T22:49:31+0200,011d730b-fef6-42d6-8ac6-798e5ff3262c,2026-08-03T09:00:00Z,2026-08-03T11:00:00+0200,12.7,MW,PT,PT,forecast_offshore_wind_generation,Wind Offshore,2026-08-08T20:54:52Z
2026-08-08T20:49:31Z,2026-08-08T22:49:31+0200,011d730b-fef6-42d6-8ac6-798e5ff3262c,2026-08-03T10:00:00Z,2026-08-03T12:00:00+0200,14.2,MW,PT,PT,forecast_offshore_wind_generation,Wind Offshore,2026-08-08T20:54:52Z
2026-08-08T20:49:31Z,2026-08-08T22:49:31+0200,011d730b-fef6-42d6-8ac6-798e5ff3262c,2026-08-03T11:00:00Z,2026-08-03T13:00:00+0200,14.9,MW,PT,PT,forecast_offshore_wind_generation,Wind Offshore,2026-08-08T20:54:52Z
2026-08-08T20:49:31Z,2026-08-08T22:49:31+0200,011d730b-fef6-42d6-8ac6-798e5ff3262c,2026-08-03T12:00:00Z,2026-08-03T14:00:00+0200,14.2,MW,PT,PT,forecast_offshore_wind_generation,Wind Offshore,2026-08-08T20:54:52Z
2026-08-08T20:49:31Z,2026-08-08T22:49:31+0200,011d730b-fef6-42d6-8ac6-798e5ff3262c,2026-08-03T13:00:00Z,2026-08-03T15:00:00+0200,12.2,MW,PT,PT,forecast_offshore_wind_generation,Wind Offshore,2026-08-08T20:54:52Z
2026-08-08T20:49:31Z,2026-08-08T22:49:31+0200,011d730b-fef6-42d6-8ac6-798e5ff3262c,2026-08-03T14:00:00Z,2026-08-03T16:00:00+0200,9.3,MW,PT,PT,forecast_offshore_wind_generation,Wind Offshore,2026-08-08T20:54:52Z
2026-08-08T20:49:31Z,2026-08-08T22:49:31+0200,011d730b-fef6-42d6-8ac6-798e5ff3262c,2026-08-03T15:00:00Z,2026-08-03T17:00:00+0200,6.0,MW,PT,PT,forecast_offshore_wind_generation,Wind Offshore,2026-08-08T20:54:52Z
2026-08-08T20:49:31Z,2026-08-08T22:49:31+0200,011d730b-fef6-42d6-8ac6-798e5ff3262c,2026-08-03T16:00:00Z,2026-08-03T18:00:00+0200,3.5,MW,PT,PT,forecast_offshore_wind_generation,Wind Offshore,2026-08-08T20:54:52Z
2026-08-08T20:49:31Z,2026-08-08T22:49:31+0200,011d730b-fef6-42d6-8ac6-798e5ff3262c,2026-08-03T17:00:00Z,2026-08-03T19:00:00+0200,1.4,MW,PT,PT,forecast_offshore_wind_generation,Wind Offshore,2026-08-08T20:54:52Z
2026-08-08T20:49:31Z,2026-08-08T22:49:31+0200,011d730b-fef6-42d6-8ac6-798e5ff3262c,2026-08-03T18:00:00Z,2026-08-03T20:00:00+0200,0.6,MW,PT,PT,forecast_offshore_wind_generation,Wind Offshore,2026-08-08T20:54:52Z
2026-08-08T20:49:31Z,2026-08-08T22:49:31+0200,011d730b-fef6-42d6-8ac6-798e5ff3262c,2026-08-03T19:00:00Z,2026-08-03T21:00:00+0200,0.3,MW,PT,PT,forecast_offshore_wind_generation,Wind Offshore,2026-08-08T20:54:52Z
2026-08-08T20:49:31Z,2026-08-08T22:49:31+0200,011d730b-fef6-42d6-8ac6-798e5ff3262c,2026-08-03T20:00:00Z,2026-08-03T22:00:00+0200,0.2,MW,PT,PT,forecast_offshore_wind_generation,Wind Offshore,2026-08-08T20:54:52Z
2026-08-08T20:49:31Z,2026-08-08T22:49:31+0200,011d730b-fef6-42d6-8ac6-798e5ff3262c,2026-08-03T21:00:00Z,2026-08-03T23:00:00+0200,0.2,MW,PT,PT,forecast_offshore_wind_generation,Wind Offshore,2026-08-08T20:54:52Z
2026-08-08T20:49:31Z,2026-08-08T22:49:31+0200,011d730b-fef6-42d6-8ac6-798e5ff3262c,2026-08-03T22:00:00Z,2026-08-04T00:00:00+0200,0.8,MW,PT,PT,forecast_offshore_wind_generation,Wind Offshore,2026-08-08T20:54:52Z
2026-08-08T20:49:31Z,2026-08-08T22:49:31+0200,011d730b-fef6-42d6-8ac6-798e5ff3262c,2026-08-03T23:00:00Z,2026-08-04T01:00:00+0200,0.9,MW,PT,PT,forecast_offshore_wind_generation,Wind Offshore,2026-08-08T20:54:52Z
2026-08-08T20:49:31Z,2026-08-08T22:49:31+0200,011d730b-fef6-42d6-8ac6-798e5ff3262c,2026-08-04T00:00:00Z,2026-08-04T02:00:00+0200,1.1,MW,PT,PT,forecast_offshore_wind_generation,Wind Offshore,2026-08-08T20:54:52Z
2026-08-08T20:49:31Z,2026-08-08T22:49:31+0200,011d730b-fef6-42d6-8ac6-798e5ff3262c,2026-08-04T01:00:00Z,2026-08-04T03:00:00+0200,1.4,MW,PT,PT,forecast_offshore_wind_generation,Wind Offshore,2026-08-08T20:54:52Z
2026-08-08T20:49:31Z,2026-08-08T22:49:31+0200,011d730b-fef6-42d6-8ac6-798e5ff3262c,2026-08-04T02:00:00Z,2026-08-04T04:00:00+0200,1.8,MW,PT,PT,forecast_offshore_wind_generation,Wind Offshore,2026-08-08T20:54:52Z
2026-08-08T20:49:31Z,2026-08-08T22:49:31+0200,011d730b-fef6-42d6-8ac6-798e5ff3262c,2026-08-04T03:00:00Z,2026-08-04T05:00:00+0200,2.1,MW,PT,PT,forecast_offshore_wind_generation,Wind Offshore,2026-08-08T20:54:52Z
2026-08-08T20:49:31Z,2026-08-08T22:49:31+0200,011d730b-fef6-42d6-8ac6-798e5ff3262c,2026-08-04T04:00:00Z,2026-08-04T06:00:00+0200,2.4,MW,PT,PT,forecast_offshore_wind_generation,Wind Offshore,2026-08-08T20:54:52Z
2026-08-08T20:49:31Z,2026-08-08T22:49:31+0200,011d730b-fef6-42d6-8ac6-798e5ff3262c,2026-08-04T05:00:00Z,2026-08-04T07:00:00+0200,2.6,MW,PT,PT,forecast_offshore_wind_generation,Wind Offshore,2026-08-08T20:54:52Z
2026-08-08T20:49:31Z,2026-08-08T22:49:31+0200,011d730b-fef6-42d6-8ac6-798e5ff3262c,2026-08-04T06:00:00Z,2026-08-04T08:00:00+0200,2.8,MW,PT,PT,forecast_offshore_wind_generation,Wind Offshore,2026-08-08T20:54:52Z
2026-08-08T20:49:31Z,2026-08-08T22:49:31+0200,011d730b-fef6-42d6-8ac6-798e5ff3262c,2026-08-04T07:00:00Z,2026-08-04T09:00:00+0200,2.9,MW,PT,PT,forecast_offshore_wind_generation,Wind Offshore,2026-08-08T20:54:52Z
2026-08-08T20:49:31Z,2026-08-08T22:49:31+0200,011d730b-fef6-42d6-8ac6-798e5ff3262c,2026-08-04T08:00:00Z,2026-08-04T10:00:00+0200,2.9,MW,PT,PT,forecast_offshore_wind_generation,Wind Offshore,2026-08-08T20:54:52Z
2026-08-08T20:49:31Z,2026-08-08T22:49:31+0200,011d730b-fef6-42d6-8ac6-798e5ff3262c,2026-08-04T09:00:00Z,2026-08-04T11:00:00+0200,2.9,MW,PT,PT,forecast_offshore_wind_generation,Wind Offshore,2026-08-08T20:54:52Z
2026-08-08T20:49:31Z,2026-08-08T22:49:31+0200,011d730b-fef6-42d6-8ac6-798e5ff3262c,2026-08-04T10:00:00Z,2026-08-04T12:00:00+0200,2.7,MW,PT,PT,forecast_offshore_wind_generation,Wind Offshore,2026-08-08T20:54:52Z
2026-08-08T20:49:31Z,2026-08-08T22:49:31+0200,011d730b-fef6-42d6-8ac6-798e5ff3262c,2026-08-04T11:00:00Z,2026-08-04T13:00:00+0200,2.3,MW,PT,PT,forecast_offshore_wind_generation,Wind Offshore,2026-08-08T20:54:52Z
2026-08-08T20:49:31Z,2026-08-08T22:49:31+0200,011d730b-fef6-42d6-8ac6-798e5ff3262c,2026-08-04T12:00:00Z,2026-08-04T14:00:00+0200,1.9,MW,PT,PT,forecast_offshore_wind_generation,Wind Offshore,2026-08-08T20:54:52Z
2026-08-08T20:49:31Z,2026-08-08T22:49:31+0200,011d730b-fef6-42d6-8ac6-798e5ff3262c,2026-08-04T13:00:00Z,2026-08-04T15:00:00+0200,1.4,MW,PT,PT,forecast_offshore_wind_generation,Wind Offshore,2026-08-08T20:54:52Z
2026-08-08T20:49:31Z,2026-08-08T22:49:31+0200,011d730b-fef6-42d6-8ac6-798e5ff3262c,2026-08-04T14:00:00Z,2026-08-04T16:00:00+0200,0.9,MW,PT,PT,forecast_offshore_wind_generation,Wind Offshore,2026-08-08T20:54:52Z
2026-08-08T20:49:31Z,2026-08-08T22:49:31+0200,011d730b-fef6-42d6-8ac6-798e5ff3262c,2026-08-04T15:00:00Z,2026-08-04T17:00:00+0200,0.5,MW,PT,PT,forecast_offshore_wind_generation,Wind Offshore,2026-08-08T20:54:52Z
2026-08-08T20:49:31Z,2026-08-08T22:49:31+0200,011d730b-fef6-42d6-8ac6-798e5ff3262c,2026-08-04T16:00:00Z,2026-08-04T18:00:00+0200,0.4,MW,PT,PT,forecast_offshore_wind_generation,Wind Offshore,2026-08-08T20:54:52Z
2026-08-08T20:49:31Z,2026-08-08T22:49:31+0200,011d730b-fef6-42d6-8ac6-798e5ff3262c,2026-08-04T17:00:00Z,2026-08-04T19:00:00+0200,0.4,MW,PT,PT,forecast_offshore_wind_generation,Wind Offshore,2026-08-08T20:54:52Z
2026-08-08T20:49:31Z,2026-08-08T22:49:31+0200,011d730b-fef6-42d6-8ac6-798e5ff3262c,2026-08-04T18:00:00Z,2026-08-04T20:00:00+0200,0.5,MW,PT,PT,forecast_offshore_wind_generation,Wind Offshore,2026-08-08T20:54:52Z
2026-08-08T20:49:31Z,2026-08-08T22:49:31+0200,011d730b-fef6-42d6-8ac6-798e5ff3262c,2026-08-04T19:00:00Z,2026-08-04T21:00:00+0200,0.8,MW,PT,PT,forecast_offshore_wind_generation,Wind Offshore,2026-08-08T20:54:52Z
2026-08-08T20:49:31Z,2026-08-08T22:49:31+0200,011d730b-fef6-42d6-8ac6-798e5ff3262c,2026-08-04T20:00:00Z,2026-08-04T22:00:00+0200,1.2,MW,PT,PT,forecast_offshore_wind_generation,Wind Offshore,2026-08-08T20:54:52Z
2026-08-08T20:49:31Z,2026-08-08T22:49:31+0200,011d730b-fef6-42d6-8ac6-798e5ff3262c,2026-08-04T21:00:00Z,2026-08-04T23:00:00+0200,1.5,MW,PT,PT,forecast_offshore_wind_generation,Wind Offshore,2026-08-08T20:54:52Z
2026-08-08T20:49:31Z,2026-08-08T22:49:31+0200,011d730b-fef6-42d6-8ac6-798e5ff3262c,2026-08-04T22:00:00Z,2026-08-05T00:00:00+0200,2.4,MW,PT,PT,forecast_offshore_wind_generation,Wind Offshore,2026-08-08T20:54:52Z
2026-08-08T20:49:31Z,2026-08-08T22:49:31+0200,011d730b-fef6-42d6-8ac6-798e5ff3262c,2026-08-04T23:00:00Z,2026-08-05T01:00:00+0200,2.9,MW,PT,PT,forecast_offshore_wind_generation,Wind Offshore,2026-08-08T20:54:52Z
2026-08-08T20:49:31Z,2026-08-08T22:49:31+0200,011d730b-fef6-42d6-8ac6-798e5ff3262c,2026-08-05T00:00:00Z,2026-08-05T02:00:00+0200,3.5,MW,PT,PT,forecast_offshore_wind_generation,Wind Offshore,2026-08-08T20:54:52Z
2026-08-08T20:49:31Z,2026-08-08T22:49:31+0200,011d730b-fef6-42d6-8ac6-798e5ff3262c,2026-08-05T01:00:00Z,2026-08-05T03:00:00+0200,3.9,MW,PT,PT,forecast_offshore_wind_generation,Wind Offshore,2026-08-08T20:54:52Z
2026-08-08T20:49:31Z,2026-08-08T22:49:31+0200,011d730b-fef6-42d6-8ac6-798e5ff3262c,2026-08-05T02:00:00Z,2026-08-05T04:00:00+0200,4.2,MW,PT,PT,forecast_offshore_wind_generation,Wind Offshore,2026-08-08T20:54:52Z
2026-08-08T20:49:31Z,2026-08-08T22:49:31+0200,011d730b-fef6-42d6-8ac6-798e5ff3262c,2026-08-05T03:00:00Z,2026-08-05T05:00:00+0200,4.5,MW,PT,PT,forecast_offshore_wind_generation,Wind Offshore,2026-08-08T20:54:52Z
2026-08-08T20:49:31Z,2026-08-08T22:49:31+0200,011d730b-fef6-42d6-8ac6-798e5ff3262c,2026-08-05T04:00:00Z,2026-08-05T06:00:00+0200,4.8,MW,PT,PT,forecast_offshore_wind_generation,Wind Offshore,2026-08-08T20:54:52Z
2026-08-08T20:49:31Z,2026-08-08T22:49:31+0200,011d730b-fef6-42d6-8ac6-798e5ff3262c,2026-08-05T05:00:00Z,2026-08-05T07:00:00+0200,5.1,MW,PT,PT,forecast_offshore_wind_generation,Wind Offshore,2026-08-08T20:54:52Z
2026-08-08T20:49:31Z,2026-08-08T22:49:31+0200,011d730b-fef6-42d6-8ac6-798e5ff3262c,2026-08-05T06:00:00Z,2026-08-05T08:00:00+0200,5.3,MW,PT,PT,forecast_offshore_wind_generation,Wind Offshore,2026-08-08T20:54:52Z
2026-08-08T20:49:31Z,2026-08-08T22:49:31+0200,011d730b-fef6-42d6-8ac6-798e5ff3262c,2026-08-05T07:00:00Z,2026-08-05T09:00:00+0200,5.3,MW,PT,PT,forecast_offshore_wind_generation,Wind Offshore,2026-08-08T20:54:52Z
2026-08-08T20:49:31Z,2026-08-08T22:49:31+0200,011d730b-fef6-42d6-8ac6-798e5ff3262c,2026-08-05T08:00:00Z,2026-08-05T10:00:00+0200,5.4,MW,PT,PT,forecast_offshore_wind_generation,Wind Offshore,2026-08-08T20:54:52Z
2026-08-08T20:49:31Z,2026-08-08T22:49:31+0200,011d730b-fef6-42d6-8ac6-798e5ff3262c,2026-08-05T09:00:00Z,2026-08-05T11:00:00+0200,6.2,MW,PT,PT,forecast_offshore_wind_generation,Wind Offshore,2026-08-08T20:54:52Z
2026-08-08T20:49:31Z,2026-08-08T22:49:31+0200,011d730b-fef6-42d6-8ac6-798e5ff3262c,2026-08-05T10:00:00Z,2026-08-05T12:00:00+0200,7.5,MW,PT,PT,forecast_offshore_wind_generation,Wind Offshore,2026-08-08T20:54:52Z
2026-08-08T20:49:31Z,2026-08-08T22:49:31+0200,011d730b-fef6-42d6-8ac6-798e5ff3262c,2026-08-05T11:00:00Z,2026-08-05T13:00:00+0200,9.0,MW,PT,PT,forecast_offshore_wind_generation,Wind Offshore,2026-08-08T20:54:52Z
2026-08-08T20:49:31Z,2026-08-08T22:49:31+0200,011d730b-fef6-42d6-8ac6-798e5ff3262c,2026-08-05T12:00:00Z,2026-08-05T14:00:00+0200,11.2,MW,PT,PT,forecast_offshore_wind_generation,Wind Offshore,2026-08-08T20:54:52Z
2026-08-08T20:49:31Z,2026-08-08T22:49:31+0200,011d730b-fef6-42d6-8ac6-798e5ff3262c,2026-08-05T13:00:00Z,2026-08-05T15:00:00+0200,13.6,MW,PT,PT,forecast_offshore_wind_generation,Wind Offshore,2026-08-08T20:54:52Z
2026-08-08T20:49:31Z,2026-08-08T22:49:31+0200,011d730b-fef6-42d6-8ac6-798e5ff3262c,2026-08-05T14:00:00Z,2026-08-05T16:00:00+0200,15.8,MW,PT,PT,forecast_offshore_wind_generation,Wind Offshore,2026-08-08T20:54:52Z
2026-08-08T20:49:31Z,2026-08-08T22:49:31+0200,011d730b-fef6-42d6-8ac6-798e5ff3262c,2026-08-05T15:00:00Z,2026-08-05T17:00:00+0200,18.0,MW,PT,PT,forecast_offshore_wind_generation,Wind Offshore,2026-08-08T20:54:52Z
2026-08-08T20:49:31Z,2026-08-08T22:49:31+0200,011d730b-fef6-42d6-8ac6-798e5ff3262c,2026-08-05T16:00:00Z,2026-08-05T18:00:00+0200,19.2,MW,PT,PT,forecast_offshore_wind_generation,Wind Offshore,2026-08-08T20:54:52Z
2026-08-08T20:49:31Z,2026-08-08T22:49:31+0200,011d730b-fef6-42d6-8ac6-798e5ff3262c,2026-08-05T17:00:00Z,2026-08-05T19:00:00+0200,19.9,MW,PT,PT,forecast_offshore_wind_generation,Wind Offshore,2026-08-08T20:54:52Z
2026-08-08T20:49:31Z,2026-08-08T22:49:31+0200,011d730b-fef6-42d6-8ac6-798e5ff3262c,2026-08-05T18:00:00Z,2026-08-05T20:00:00+0200,19.8,MW,PT,PT,forecast_offshore_wind_generation,Wind Offshore,2026-08-08T20:54:52Z
2026-08-08T20:49:31Z,2026-08-08T22:49:31+0200,011d730b-fef6-42d6-8ac6-798e5ff3262c,2026-08-05T19:00:00Z,2026-08-05T21:00:00+0200,19.8,MW,PT,PT,forecast_offshore_wind_generation,Wind Offshore,2026-08-08T20:54:52Z
2026-08-08T20:49:31Z,2026-08-08T22:49:31+0200,011d730b-fef6-42d6-8ac6-798e5ff3262c,2026-08-05T20:00:00Z,2026-08-05T22:00:00+0200,19.7,MW,PT,PT,forecast_offshore_wind_generation,Wind Offshore,2026-08-08T20:54:52Z
2026-08-08T20:49:31Z,2026-08-08T22:49:31+0200,011d730b-fef6-42d6-8ac6-798e5ff3262c,2026-08-05T21:00:00Z,2026-08-05T23:00:00+0200,19.8,MW,PT,PT,forecast_offshore_wind_generation,Wind Offshore,2026-08-08T20:54:52Z
2026-08-08T20:49:31Z,2026-08-08T22:49:31+0200,011d730b-fef6-42d6-8ac6-798e5ff3262c,2026-08-05T22:00:00Z,2026-08-06T00:00:00+0200,13.2,MW,PT,PT,forecast_offshore_wind_generation,Wind Offshore,2026-08-08T20:54:52Z
2026-08-08T20:49:31Z,2026-08-08T22:49:31+0200,011d730b-fef6-42d6-8ac6-798e5ff3262c,2026-08-05T23:00:00Z,2026-08-06T01:00:00+0200,11.5,MW,PT,PT,forecast_offshore_wind_generation,Wind Offshore,2026-08-08T20:54:52Z
2026-08-08T20:49:31Z,2026-08-08T22:49:31+0200,011d730b-fef6-42d6-8ac6-798e5ff3262c,2026-08-06T00:00:00Z,2026-08-06T02:00:00+0200,9.0,MW,PT,PT,forecast_offshore_wind_generation,Wind Offshore,2026-08-08T20:54:52Z
2026-08-08T20:49:31Z,2026-08-08T22:49:31+0200,011d730b-fef6-42d6-8ac6-798e5ff3262c,2026-08-06T01:00:00Z,2026-08-06T03:00:00+0200,6.8,MW,PT,PT,forecast_offshore_wind_generation,Wind Offshore,2026-08-08T20:54:52Z
2026-08-08T20:49:31Z,2026-08-08T22:49:31+0200,011d730b-fef6-42d6-8ac6-798e5ff3262c,2026-08-06T02:00:00Z,2026-08-06T04:00:00+0200,5.8,MW,PT,PT,forecast_offshore_wind_generation,Wind Offshore,2026-08-08T20:54:52Z
2026-08-08T20:49:31Z,2026-08-08T22:49:31+0200,011d730b-fef6-42d6-8ac6-798e5ff3262c,2026-08-06T03:00:00Z,2026-08-06T05:00:00+0200,5.3,MW,PT,PT,forecast_offshore_wind_generation,Wind Offshore,2026-08-08T20:54:52Z
2026-08-08T20:49:31Z,2026-08-08T22:49:31+0200,011d730b-fef6-42d6-8ac6-798e5ff3262c,2026-08-06T04:00:00Z,2026-08-06T06:00:00+0200,4.7,MW,PT,PT,forecast_offshore_wind_generation,Wind Offshore,2026-08-08T20:54:52Z
2026-08-08T20:49:31Z,2026-08-08T22:49:31+0200,011d730b-fef6-42d6-8ac6-798e5ff3262c,2026-08-06T05:00:00Z,2026-08-06T07:00:00+0200,3.7,MW,PT,PT,forecast_offshore_wind_generation,Wind Offshore,2026-08-08T20:54:52Z
2026-08-08T20:49:31Z,2026-08-08T22:49:31+0200,011d730b-fef6-42d6-8ac6-798e5ff3262c,2026-08-06T06:00:00Z,2026-08-06T08:00:00+0200,2.8,MW,PT,PT,forecast_offshore_wind_generation,Wind Offshore,2026-08-08T20:54:52Z
2026-08-08T20:49:31Z,2026-08-08T22:49:31+0200,011d730b-fef6-42d6-8ac6-798e5ff3262c,2026-08-06T07:00:00Z,2026-08-06T09:00:00+0200,2.2,MW,PT,PT,forecast_offshore_wind_generation,Wind Offshore,2026-08-08T20:54:52Z
2026-08-08T20:49:31Z,2026-08-08T22:49:31+0200,011d730b-fef6-42d6-8ac6-798e5ff3262c,2026-08-06T08:00:00Z,2026-08-06T10:00:00+0200,2.1,MW,PT,PT,forecast_offshore_wind_generation,Wind Offshore,2026-08-08T20:54:52Z
2026-08-08T20:49:31Z,2026-08-08T22:49:31+0200,011d730b-fef6-42d6-8ac6-798e5ff3262c,2026-08-06T09:00:00Z,2026-08-06T11:00:00+0200,2.1,MW,PT,PT,forecast_offshore_wind_generation,Wind Offshore,2026-08-08T20:54:52Z
2026-08-08T20:49:31Z,2026-08-08T22:49:31+0200,011d730b-fef6-42d6-8ac6-798e5ff3262c,2026-08-06T10:00:00Z,2026-08-06T12:00:00+0200,2.5,MW,PT,PT,forecast_offshore_wind_generation,Wind Offshore,2026-08-08T20:54:52Z
2026-08-08T20:49:31Z,2026-08-08T22:49:31+0200,011d730b-fef6-42d6-8ac6-798e5ff3262c,2026-08-06T11:00:00Z,2026-08-06T13:00:00+0200,3.3,MW,PT,PT,forecast_offshore_wind_generation,Wind Offshore,2026-08-08T20:54:52Z
2026-08-08T20:49:31Z,2026-08-08T22:49:31+0200,011d730b-fef6-42d6-8ac6-798e5ff3262c,2026-08-06T12:00:00Z,2026-08-06T14:00:00+0200,4.5,MW,PT,PT,forecast_offshore_wind_generation,Wind Offshore,2026-08-08T20:54:52Z
2026-08-08T20:49:31Z,2026-08-08T22:49:31+0200,011d730b-fef6-42d6-8ac6-798e5ff3262c,2026-08-06T13:00:00Z,2026-08-06T15:00:00+0200,5.8,MW,PT,PT,forecast_offshore_wind_generation,Wind Offshore,2026-08-08T20:54:52Z
2026-08-08T20:49:31Z,2026-08-08T22:49:31+0200,011d730b-fef6-42d6-8ac6-798e5ff3262c,2026-08-06T14:00:00Z,2026-08-06T16:00:00+0200,7.5,MW,PT,PT,forecast_offshore_wind_generation,Wind Offshore,2026-08-08T20:54:52Z
2026-08-08T20:49:31Z,2026-08-08T22:49:31+0200,011d730b-fef6-42d6-8ac6-798e5ff3262c,2026-08-06T15:00:00Z,2026-08-06T17:00:00+0200,8.7,MW,PT,PT,forecast_offshore_wind_generation,Wind Offshore,2026-08-08T20:54:52Z
2026-08-08T20:49:31Z,2026-08-08T22:49:31+0200,011d730b-fef6-42d6-8ac6-798e5ff3262c,2026-08-06T16:00:00Z,2026-08-06T18:00:00+0200,9.5,MW,PT,PT,forecast_offshore_wind_generation,Wind Offshore,2026-08-08T20:54:52Z
2026-08-08T20:49:31Z,2026-08-08T22:49:31+0200,011d730b-fef6-42d6-8ac6-798e5ff3262c,2026-08-06T17:00:00Z,2026-08-06T19:00:00+0200,9.3,MW,PT,PT,forecast_offshore_wind_generation,Wind Offshore,2026-08-08T20:54:52Z
2026-08-08T20:49:31Z,2026-08-08T22:49:31+0200,011d730b-fef6-42d6-8ac6-798e5ff3262c,2026-08-06T18:00:00Z,2026-08-06T20:00:00+0200,8.8,MW,PT,PT,forecast_offshore_wind_generation,Wind Offshore,2026-08-08T20:54:52Z
2026-08-08T20:49:31Z,2026-08-08T22:49:31+0200,011d730b-fef6-42d6-8ac6-798e5ff3262c,2026-08-06T19:00:00Z,2026-08-06T21:00:00+0200,7.9,MW,PT,PT,forecast_offshore_wind_generation,Wind Offshore,2026-08-08T20:54:52Z
2026-08-08T20:49:31Z,2026-08-08T22:49:31+0200,011d730b-fef6-42d6-8ac6-798e5ff3262c,2026-08-06T20:00:00Z,2026-08-06T22:00:00+0200,7.0,MW,PT,PT,forecast_offshore_wind_generation,Wind Offshore,2026-08-08T20:54:52Z
2026-08-08T20:49:31Z,2026-08-08T22:49:31+0200,011d730b-fef6-42d6-8ac6-798e5ff3262c,2026-08-06T21:00:00Z,2026-08-06T23:00:00+0200,6.4,MW,PT,PT,forecast_offshore_wind_generation,Wind Offshore,2026-08-08T20:54:52Z
2026-08-08T20:49:31Z,2026-08-08T22:49:31+0200,011d730b-fef6-42d6-8ac6-798e5ff3262c,2026-08-06T22:00:00Z,2026-08-07T00:00:00+0200,3.0,MW,PT,PT,forecast_offshore_wind_generation,Wind Offshore,2026-08-08T20:54:52Z
2026-08-08T20:49:31Z,2026-08-08T22:49:31+0200,011d730b-fef6-42d6-8ac6-798e5ff3262c,2026-08-06T23:00:00Z,2026-08-07T01:00:00+0200,2.3,MW,PT,PT,forecast_offshore_wind_generation,Wind Offshore,2026-08-08T20:54:52Z
2026-08-08T20:49:31Z,2026-08-08T22:49:31+0200,011d730b-fef6-42d6-8ac6-798e5ff3262c,2026-08-07T00:00:00Z,2026-08-07T02:00:00+0200,1.6,MW,PT,PT,forecast_offshore_wind_generation,Wind Offshore,2026-08-08T20:54:52Z
2026-08-08T20:49:31Z,2026-08-08T22:49:31+0200,011d730b-fef6-42d6-8ac6-798e5ff3262c,2026-08-07T01:00:00Z,2026-08-07T03:00:00+0200,1.0,MW,PT,PT,forecast_offshore_wind_generation,Wind Offshore,2026-08-08T20:54:52Z
2026-08-08T20:49:31Z,2026-08-08T22:49:31+0200,011d730b-fef6-42d6-8ac6-798e5ff3262c,2026-08-07T02:00:00Z,2026-08-07T04:00:00+0200,0.6,MW,PT,PT,forecast_offshore_wind_generation,Wind Offshore,2026-08-08T20:54:52Z
2026-08-08T20:49:31Z,2026-08-08T22:49:31+0200,011d730b-fef6-42d6-8ac6-798e5ff3262c,2026-08-07T03:00:00Z,2026-08-07T05:00:00+0200,0.4,MW,PT,PT,forecast_offshore_wind_generation,Wind Offshore,2026-08-08T20:54:52Z
2026-08-08T20:49:31Z,2026-08-08T22:49:31+0200,011d730b-fef6-42d6-8ac6-798e5ff3262c,2026-08-07T04:00:00Z,2026-08-07T06:00:00+0200,0.3,MW,PT,PT,forecast_offshore_wind_generation,Wind Offshore,2026-08-08T20:54:52Z
2026-08-08T20:49:31Z,2026-08-08T22:49:31+0200,011d730b-fef6-42d6-8ac6-798e5ff3262c,2026-08-07T05:00:00Z,2026-08-07T07:00:00+0200,0.4,MW,PT,PT,forecast_offshore_wind_generation,Wind Offshore,2026-08-08T20:54:52Z
2026-08-08T20:49:31Z,2026-08-08T22:49:31+0200,011d730b-fef6-42d6-8ac6-798e5ff3262c,2026-08-07T06:00:00Z,2026-08-07T08:00:00+0200,0.5,MW,PT,PT,forecast_offshore_wind_generation,Wind Offshore,2026-08-08T20:54:52Z
2026-08-08T20:49:31Z,2026-08-08T22:49:31+0200,011d730b-fef6-42d6-8ac6-798e5ff3262c,2026-08-07T07:00:00Z,2026-08-07T09:00:00+0200,0.6,MW,PT,PT,forecast_offshore_wind_generation,Wind Offshore,2026-08-08T20:54:52Z
2026-08-08T20:49:31Z,2026-08-08T22:49:31+0200,011d730b-fef6-42d6-8ac6-798e5ff3262c,2026-08-07T08:00:00Z,2026-08-07T10:00:00+0200,0.6,MW,PT,PT,forecast_offshore_wind_generation,Wind Offshore,2026-08-08T20:54:52Z
2026-08-08T20:49:31Z,2026-08-08T22:49:31+0200,011d730b-fef6-42d6-8ac6-798e5ff3262c,2026-08-07T09:00:00Z,2026-08-07T11:00:00+0200,0.7,MW,PT,PT,forecast_offshore_wind_generation,Wind Offshore,2026-08-08T20:54:52Z
2026-08-08T20:49:31Z,2026-08-08T22:49:31+0200,011d730b-fef6-42d6-8ac6-798e5ff3262c,2026-08-07T10:00:00Z,2026-08-07T12:00:00+0200,0.7,MW,PT,PT,forecast_offshore_wind_generation,Wind Offshore,2026-08-08T20:54:52Z
2026-08-08T20:49:31Z,2026-08-08T22:49:31+0200,011d730b-fef6-42d6-8ac6-798e5ff3262c,2026-08-07T11:00:00Z,2026-08-07T13:00:00+0200,0.5,MW,PT,PT,forecast_offshore_wind_generation,Wind Offshore,2026-08-08T20:54:52Z
2026-08-08T20:49:31Z,2026-08-08T22:49:31+0200,011d730b-fef6-42d6-8ac6-798e5ff3262c,2026-08-07T12:00:00Z,2026-08-07T14:00:00+0200,0.4,MW,PT,PT,forecast_offshore_wind_generation,Wind Offshore,2026-08-08T20:54:52Z
2026-08-08T20:49:31Z,2026-08-08T22:49:31+0200,011d730b-fef6-42d6-8ac6-798e5ff3262c,2026-08-07T13:00:00Z,2026-08-07T15:00:00+0200,0.4,MW,PT,PT,forecast_offshore_wind_generation,Wind Offshore,2026-08-08T20:54:52Z
2026-08-08T20:49:31Z,2026-08-08T22:49:31+0200,011d730b-fef6-42d6-8ac6-798e5ff3262c,2026-08-07T14:00:00Z,2026-08-07T16:00:00+0200,0.5,MW,PT,PT,forecast_offshore_wind_generation,Wind Offshore,2026-08-08T20:54:52Z
2026-08-08T20:49:31Z,2026-08-08T22:49:31+0200,011d730b-fef6-42d6-8ac6-798e5ff3262c,2026-08-07T15:00:00Z,2026-08-07T17:00:00+0200,0.5,MW,PT,PT,forecast_offshore_wind_generation,Wind Offshore,2026-08-08T20:54:52Z
2026-08-08T20:49:31Z,2026-08-08T22:49:31+0200,011d730b-fef6-42d6-8ac6-798e5ff3262c,2026-08-07T16:00:00Z,2026-08-07T18:00:00+0200,0.5,MW,PT,PT,forecast_offshore_wind_generation,Wind Offshore,2026-08-08T20:54:52Z
2026-08-08T20:49:31Z,2026-08-08T22:49:31+0200,011d730b-fef6-42d6-8ac6-798e5ff3262c,2026-08-07T17:00:00Z,2026-08-07T19:00:00+0200,0.5,MW,PT,PT,forecast_offshore_wind_generation,Wind Offshore,2026-08-08T20:54:52Z
2026-08-08T20:49:31Z,2026-08-08T22:49:31+0200,011d730b-fef6-42d6-8ac6-798e5ff3262c,2026-08-07T18:00:00Z,2026-08-07T20:00:00+0200,0.5,MW,PT,PT,forecast_offshore_wind_generation,Wind Offshore,2026-08-08T20:54:52Z
2026-08-08T20:49:31Z,2026-08-08T22:49:31+0200,011d730b-fef6-42d6-8ac6-798e5ff3262c,2026-08-07T19:00:00Z,2026-08-07T21:00:00+0200,0.5,MW,PT,PT,forecast_offshore_wind_generation,Wind Offshore,2026-08-08T20:54:52Z
2026-08-08T20:49:31Z,2026-08-08T22:49:31+0200,011d730b-fef6-42d6-8ac6-798e5ff3262c,2026-08-07T20:00:00Z,2026-08-07T22:00:00+0200,0.5,MW,PT,PT,forecast_offshore_wind_generation,Wind Offshore,2026-08-08T20:54:52Z
2026-08-08T20:49:31Z,2026-08-08T22:49:31+0200,011d730b-fef6-42d6-8ac6-798e5ff3262c,2026-08-07T21:00:00Z,2026-08-07T23:00:00+0200,0.5,MW,PT,PT,forecast_offshore_wind_generation,Wind Offshore,2026-08-08T20:54:52Z
2026-08-08T20:49:31Z,2026-08-08T22:49:31+0200,011d730b-fef6-42d6-8ac6-798e5ff3262c,2026-08-07T22:00:00Z,2026-08-08T00:00:00+0200,0.4,MW,PT,PT,forecast_offshore_wind_generation,Wind Offshore,2026-08-08T20:54:52Z
2026-08-08T20:49:31Z,2026-08-08T22:49:31+0200,011d730b-fef6-42d6-8ac6-798e5ff3262c,2026-08-07T23:00:00Z,2026-08-08T01:00:00+0200,0.4,MW,PT,PT,forecast_offshore_wind_generation,Wind Offshore,2026-08-08T20:54:52Z
2026-08-08T20:49:31Z,2026-08-08T22:49:31+0200,011d730b-fef6-42d6-8ac6-798e5ff3262c,2026-08-08T00:00:00Z,2026-08-08T02:00:00+0200,0.4,MW,PT,PT,forecast_offshore_wind_generation,Wind Offshore,2026-08-08T20:54:52Z
2026-08-08T20:49:31Z,2026-08-08T22:49:31+0200,011d730b-fef6-42d6-8ac6-798e5ff3262c,2026-08-08T01:00:00Z,2026-08-08T03:00:00+0200,0.4,MW,PT,PT,forecast_offshore_wind_generation,Wind Offshore,2026-08-08T20:54:52Z
2026-08-08T20:49:31Z,2026-08-08T22:49:31+0200,011d730b-fef6-42d6-8ac6-798e5ff3262c,2026-08-08T02:00:00Z,2026-08-08T04:00:00+0200,0.4,MW,PT,PT,forecast_offshore_wind_generation,Wind Offshore,2026-08-08T20:54:52Z
2026-08-08T20:49:31Z,2026-08-08T22:49:31+0200,011d730b-fef6-42d6-8ac6-798e5ff3262c,2026-08-08T03:00:00Z,2026-08-08T05:00:00+0200,0.4,MW,PT,PT,forecast_offshore_wind_generation,Wind Offshore,2026-08-08T20:54:52Z
2026-08-08T20:49:31Z,2026-08-08T22:49:31+0200,011d730b-fef6-42d6-8ac6-798e5ff3262c,2026-08-08T04:00:00Z,2026-08-08T06:00:00+0200,0.5,MW,PT,PT,forecast_offshore_wind_generation,Wind Offshore,2026-08-08T20:54:52Z
2026-08-08T20:49:31Z,2026-08-08T22:49:31+0200,011d730b-fef6-42d6-8ac6-798e5ff3262c,2026-08-08T05:00:00Z,2026-08-08T07:00:00+0200,0.6,MW,PT,PT,forecast_offshore_wind_generation,Wind Offshore,2026-08-08T20:54:52Z
2026-08-08T20:49:31Z,2026-08-08T22:49:31+0200,011d730b-fef6-42d6-8ac6-798e5ff3262c,2026-08-08T06:00:00Z,2026-08-08T08:00:00+0200,0.7,MW,PT,PT,forecast_offshore_wind_generation,Wind Offshore,2026-08-08T20:54:52Z
2026-08-08T20:49:31Z,2026-08-08T22:49:31+0200,011d730b-fef6-42d6-8ac6-798e5ff3262c,2026-08-08T07:00:00Z,2026-08-08T09:00:00+0200,0.9,MW,PT,PT,forecast_offshore_wind_generation,Wind Offshore,2026-08-08T20:54:52Z
2026-08-08T20:49:31Z,2026-08-08T22:49:31+0200,011d730b-fef6-42d6-8ac6-798e5ff3262c,2026-08-08T08:00:00Z,2026-08-08T10:00:00+0200,1.2,MW,PT,PT,forecast_offshore_wind_generation,Wind Offshore,2026-08-08T20:54:52Z
2026-08-08T20:49:31Z,2026-08-08T22:49:31+0200,011d730b-fef6-42d6-8ac6-798e5ff3262c,2026-08-08T09:00:00Z,2026-08-08T11:00:00+0200,1.8,MW,PT,PT,forecast_offshore_wind_generation,Wind Offshore,2026-08-08T20:54:52Z
2026-08-08T20:49:31Z,2026-08-08T22:49:31+0200,011d730b-fef6-42d6-8ac6-798e5ff3262c,2026-08-08T10:00:00Z,2026-08-08T12:00:00+0200,2.2,MW,PT,PT,forecast_offshore_wind_generation,Wind Offshore,2026-08-08T20:54:52Z
2026-08-08T20:49:31Z,2026-08-08T22:49:31+0200,011d730b-fef6-42d6-8ac6-798e5ff3262c,2026-08-08T11:00:00Z,2026-08-08T13:00:00+0200,2.5,MW,PT,PT,forecast_offshore_wind_generation,Wind Offshore,2026-08-08T20:54:52Z
2026-08-08T20:49:31Z,2026-08-08T22:49:31+0200,011d730b-fef6-42d6-8ac6-798e5ff3262c,2026-08-08T12:00:00Z,2026-08-08T14:00:00+0200,2.7,MW,PT,PT,forecast_offshore_wind_generation,Wind Offshore,2026-08-08T20:54:52Z
2026-08-08T20:49:31Z,2026-08-08T22:49:31+0200,011d730b-fef6-42d6-8ac6-798e5ff3262c,2026-08-08T13:00:00Z,2026-08-08T15:00:00+0200,2.9,MW,PT,PT,forecast_offshore_wind_generation,Wind Offshore,2026-08-08T20:54:52Z
2026-08-08T20:49:31Z,2026-08-08T22:49:31+0200,011d730b-fef6-42d6-8ac6-798e5ff3262c,2026-08-08T14:00:00Z,2026-08-08T16:00:00+0200,2.8,MW,PT,PT,forecast_offshore_wind_generation,Wind Offshore,2026-08-08T20:54:52Z
2026-08-08T20:49:31Z,2026-08-08T22:49:31+0200,011d730b-fef6-42d6-8ac6-798e5ff3262c,2026-08-08T15:00:00Z,2026-08-08T17:00:00+0200,2.2,MW,PT,PT,forecast_offshore_wind_generation,Wind Offshore,2026-08-08T20:54:52Z
2026-08-08T20:49:31Z,2026-08-08T22:49:31+0200,011d730b-fef6-42d6-8ac6-798e5ff3262c,2026-08-08T16:00:00Z,2026-08-08T18:00:00+0200,1.6,MW,PT,PT,forecast_offshore_wind_generation,Wind Offshore,2026-08-08T20:54:52Z
2026-08-08T20:49:31Z,2026-08-08T22:49:31+0200,011d730b-fef6-42d6-8ac6-798e5ff3262c,2026-08-08T17:00:00Z,2026-08-08T19:00:00+0200,1.0,MW,PT,PT,forecast_offshore_wind_generation,Wind Offshore,2026-08-08T20:54:52Z
2026-08-08T20:49:31Z,2026-08-08T22:49:31+0200,011d730b-fef6-42d6-8ac6-798e5ff3262c,2026-08-08T18:00:00Z,2026-08-08T20:00:00+0200,0.7,MW,PT,PT,forecast_offshore_wind_generation,Wind Offshore,2026-08-08T20:54:52Z
2026-08-08T20:49:31Z,2026-08-08T22:49:31+0200,011d730b-fef6-42d6-8ac6-798e5ff3262c,2026-08-08T19:00:00Z,2026-08-08T21:00:00+0200,0.6,MW,PT,PT,forecast_offshore_wind_generation,Wind Offshore,2026-08-08T20:54:52Z
2026-08-08T20:49:31Z,2026-08-08T22:49:31+0200,011d730b-fef6-42d6-8ac6-798e5ff3262c,2026-08-08T20:00:00Z,2026-08-08T22:00:00+0200,0.6,MW,PT,PT,forecast_offshore_wind_generation,Wind Offshore,2026-08-08T20:54:52Z
