collection_time_utc,collection_time_local,run_id,timestamp_utc,timestamp_local,value,unit,country,entsoe_area,variable,source,updated_at_utc
2026-08-26T22:50:57Z,2026-08-27T00:50:57+0200,397a6afe-2e74-43ab-941a-f6b3142ba16a,2026-07-26T23:00:00Z,2026-07-27T01:00:00+0200,21.6,MW,PT,PT,forecast_offshore_wind_generation,Wind Offshore,2026-08-26T22:57:21Z
2026-08-26T22:50:57Z,2026-08-27T00:50:57+0200,397a6afe-2e74-43ab-941a-f6b3142ba16a,2026-07-27T00:00:00Z,2026-07-27T02:00:00+0200,19.0,MW,PT,PT,forecast_offshore_wind_generation,Wind Offshore,2026-08-26T22:57:21Z
2026-08-26T22:50:57Z,2026-08-27T00:50:57+0200,397a6afe-2e74-43ab-941a-f6b3142ba16a,2026-07-27T01:00:00Z,2026-07-27T03:00:00+0200,15.7,MW,PT,PT,forecast_offshore_wind_generation,Wind Offshore,2026-08-26T22:57:21Z
2026-08-26T22:50:57Z,2026-08-27T00:50:57+0200,397a6afe-2e74-43ab-941a-f6b3142ba16a,2026-07-27T02:00:00Z,2026-07-27T04:00:00+0200,12.3,MW,PT,PT,forecast_offshore_wind_generation,Wind Offshore,2026-08-26T22:57:21Z
2026-08-26T22:50:57Z,2026-08-27T00:50:57+0200,397a6afe-2e74-43ab-941a-f6b3142ba16a,2026-07-27T03:00:00Z,2026-07-27T05:00:00+0200,8.7,MW,PT,PT,forecast_offshore_wind_generation,Wind Offshore,2026-08-26T22:57:21Z
2026-08-26T22:50:57Z,2026-08-27T00:50:57+0200,397a6afe-2e74-43ab-941a-f6b3142ba16a,2026-07-27T04:00:00Z,2026-07-27T06:00:00+0200,5.1,MW,PT,PT,forecast_offshore_wind_generation,Wind Offshore,2026-08-26T22:57:21Z
2026-08-26T22:50:57Z,2026-08-27T00:50:57+0200,397a6afe-2e74-43ab-941a-f6b3142ba16a,2026-07-27T05:00:00Z,2026-07-27T07:00:00+0200,3.0,MW,PT,PT,forecast_offshore_wind_generation,Wind Offshore,2026-08-26T22:57:21Z
2026-08-26T22:50:57Z,2026-08-27T00:50:57+0200,397a6afe-2e74-43ab-941a-f6b3142ba16a,2026-07-27T06:00:00Z,2026-07-27T08:00:00+0200,1.6,MW,PT,PT,forecast_offshore_wind_generation,Wind Offshore,2026-08-26T22:57:21Z
2026-08-26T22:50:57Z,2026-08-27T00:50:57+0200,397a6afe-2e74-43ab-941a-f6b3142ba16a,2026-07-27T07:00:00Z,2026-07-27T09:00:00+0200,1.1,MW,PT,PT,forecast_offshore_wind_generation,Wind Offshore,2026-08-26T22:57:21Z
2026-08-26T22:50:57Z,2026-08-27T00:50:57+0200,397a6afe-2e74-43ab-941a-f6b3142ba16a,2026-07-27T08:00:00Z,2026-07-27T10:00:00+0200,0.7,MW,PT,PT,forecast_offshore_wind_generation,Wind Offshore,2026-08-26T22:57:21Z
2026-08-26T22:50:57Z,2026-08-27T00:50:57+0200,397a6afe-2e74-43ab-941a-f6b3142ba16a,2026-07-27T09:00:00Z,2026-07-27T11:00:00+0200,0.4,MW,PT,PT,forecast_offshore_wind_generation,Wind Offshore,2026-08-26T22:57:21Z
2026-08-26T22:50:57Z,2026-08-27T00:50:57+0200,397a6afe-2e74-43ab-941a-f6b3142ba16a,2026-07-27T10:00:00Z,2026-07-27T12:00:00+0200,0.3,MW,PT,PT,forecast_offshore_wind_generation,Wind Offshore,2026-08-26T22:57:21Z
2026-08-26T22:50:57Z,2026-08-27T00:50:57+0200,397a6afe-2e74-43ab-941a-f6b3142ba16a,2026-07-27T11:00:00Z,2026-07-27T13:00:00+0200,0.3,MW,PT,PT,forecast_offshore_wind_generation,Wind Offshore,2026-08-26T22:57:21Z
2026-08-26T22:50:57Z,2026-08-27T00:50:57+0200,397a6afe-2e74-43ab-941a-f6b3142ba16a,2026-07-27T12:00:00Z,2026-07-27T14:00:00+0200,0.3,MW,PT,PT,forecast_offshore_wind_generation,Wind Offshore,2026-08-26T22:57:21Z
2026-08-26T22:50:57Z,2026-08-27T00:50:57+0200,397a6afe-2e74-43ab-941a-f6b3142ba16a,2026-07-27T13:00:00Z,2026-07-27T15:00:00+0200,0.4,MW,PT,PT,forecast_offshore_wind_generation,Wind Offshore,2026-08-26T22:57:21Z
2026-08-26T22:50:57Z,2026-08-27T00:50:57+0200,397a6afe-2e74-43ab-941a-f6b3142ba16a,2026-07-27T14:00:00Z,2026-07-27T16:00:00+0200,0.5,MW,PT,PT,forecast_offshore_wind_generation,Wind Offshore,2026-08-26T22:57:21Z
2026-08-26T22:50:57Z,2026-08-27T00:50:57+0200,397a6afe-2e74-43ab-941a-f6b3142ba16a,2026-07-27T15:00:00Z,2026-07-27T17:00:00+0200,0.8,MW,PT,PT,forecast_offshore_wind_generation,Wind Offshore,2026-08-26T22:57:21Z
2026-08-26T22:50:57Z,2026-08-27T00:50:57+0200,397a6afe-2e74-43ab-941a-f6b3142ba16a,2026-07-27T16:00:00Z,2026-07-27T18:00:00+0200,1.4,MW,PT,PT,forecast_offshore_wind_generation,Wind Offshore,2026-08-26T22:57:21Z
2026-08-26T22:50:57Z,2026-08-27T00:50:57+0200,397a6afe-2e74-43ab-941a-f6b3142ba16a,2026-07-27T17:00:00Z,2026-07-27T19:00:00+0200,2.1,MW,PT,PT,forecast_offshore_wind_generation,Wind Offshore,2026-08-26T22:57:21Z
2026-08-26T22:50:57Z,2026-08-27T00:50:57+0200,397a6afe-2e74-43ab-941a-f6b3142ba16a,2026-07-27T18:00:00Z,2026-07-27T20:00:00+0200,2.5,MW,PT,PT,forecast_offshore_wind_generation,Wind Offshore,2026-08-26T22:57:21Z
2026-08-26T22:50:57Z,2026-08-27T00:50:57+0200,397a6afe-2e74-43ab-941a-f6b3142ba16a,2026-07-27T19:00:00Z,2026-07-27T21:00:00+0200,2.5,MW,PT,PT,forecast_offshore_wind_generation,Wind Offshore,2026-08-26T22:57:21Z
2026-08-26T22:50:57Z,2026-08-27T00:50:57+0200,397a6afe-2e74-43ab-941a-f6b3142ba16a,2026-07-27T20:00:00Z,2026-07-27T22:00:00+0200,2.1,MW,PT,PT,forecast_offshore_wind_generation,Wind Offshore,2026-08-26T22:57:21Z
2026-08-26T22:50:57Z,2026-08-27T00:50:57+0200,397a6afe-2e74-43ab-941a-f6b3142ba16a,2026-07-27T21:00:00Z,2026-07-27T23:00:00+0200,1.5,MW,PT,PT,forecast_offshore_wind_generation,Wind Offshore,2026-08-26T22:57:21Z
2026-08-26T22:50:57Z,2026-08-27T00:50:57+0200,397a6afe-2e74-43ab-941a-f6b3142ba16a,2026-07-27T22:00:00Z,2026-07-28T00:00:00+0200,1.5,MW,PT,PT,forecast_offshore_wind_generation,Wind Offshore,2026-08-26T22:57:21Z
2026-08-26T22:50:57Z,2026-08-27T00:50:57+0200,397a6afe-2e74-43ab-941a-f6b3142ba16a,2026-07-27T23:00:00Z,2026-07-28T01:00:00+0200,0.8,MW,PT,PT,forecast_offshore_wind_generation,Wind Offshore,2026-08-26T22:57:21Z
2026-08-26T22:50:57Z,2026-08-27T00:50:57+0200,397a6afe-2e74-43ab-941a-f6b3142ba16a,2026-07-28T00:00:00Z,2026-07-28T02:00:00+0200,0.5,MW,PT,PT,forecast_offshore_wind_generation,Wind Offshore,2026-08-26T22:57:21Z
2026-08-26T22:50:57Z,2026-08-27T00:50:57+0200,397a6afe-2e74-43ab-941a-f6b3142ba16a,2026-07-28T01:00:00Z,2026-07-28T03:00:00+0200,0.7,MW,PT,PT,forecast_offshore_wind_generation,Wind Offshore,2026-08-26T22:57:21Z
2026-08-26T22:50:57Z,2026-08-27T00:50:57+0200,397a6afe-2e74-43ab-941a-f6b3142ba16a,2026-07-28T02:00:00Z,2026-07-28T04:00:00+0200,0.7,MW,PT,PT,forecast_offshore_wind_generation,Wind Offshore,2026-08-26T22:57:21Z
2026-08-26T22:50:57Z,2026-08-27T00:50:57+0200,397a6afe-2e74-43ab-941a-f6b3142ba16a,2026-07-28T03:00:00Z,2026-07-28T05:00:00+0200,0.6,MW,PT,PT,forecast_offshore_wind_generation,Wind Offshore,2026-08-26T22:57:21Z
2026-08-26T22:50:57Z,2026-08-27T00:50:57+0200,397a6afe-2e74-43ab-941a-f6b3142ba16a,2026-07-28T04:00:00Z,2026-07-28T06:00:00+0200,0.3,MW,PT,PT,forecast_offshore_wind_generation,Wind Offshore,2026-08-26T22:57:21Z
2026-08-26T22:50:57Z,2026-08-27T00:50:57+0200,397a6afe-2e74-43ab-941a-f6b3142ba16a,2026-07-28T05:00:00Z,2026-07-28T07:00:00+0200,0.2,MW,PT,PT,forecast_offshore_wind_generation,Wind Offshore,2026-08-26T22:57:21Z
2026-08-26T22:50:57Z,2026-08-27T00:50:57+0200,397a6afe-2e74-43ab-941a-f6b3142ba16a,2026-07-28T06:00:00Z,2026-07-28T08:00:00+0200,0.1,MW,PT,PT,forecast_offshore_wind_generation,Wind Offshore,2026-08-26T22:57:21Z
2026-08-26T22:50:57Z,2026-08-27T00:50:57+0200,397a6afe-2e74-43ab-941a-f6b3142ba16a,2026-07-28T07:00:00Z,2026-07-28T09:00:00+0200,0.1,MW,PT,PT,forecast_offshore_wind_generation,Wind Offshore,2026-08-26T22:57:21Z
2026-08-26T22:50:57Z,2026-08-27T00:50:57+0200,397a6afe-2e74-43ab-941a-f6b3142ba16a,2026-07-28T08:00:00Z,2026-07-28T10:00:00+0200,0.1,MW,PT,PT,forecast_offshore_wind_generation,Wind Offshore,2026-08-26T22:57:21Z
2026-08-26T22:50:57Z,2026-08-27T00:50:57+0200,397a6afe-2e74-43ab-941a-f6b3142ba16a,2026-07-28T09:00:00Z,2026-07-28T11:00:00+0200,0.2,MW,PT,PT,forecast_offshore_wind_generation,Wind Offshore,2026-08-26T22:57:21Z
2026-08-26T22:50:57Z,2026-08-27T00:50:57+0200,397a6afe-2e74-43ab-941a-f6b3142ba16a,2026-07-28T10:00:00Z,2026-07-28T12:00:00+0200,0.2,MW,PT,PT,forecast_offshore_wind_generation,Wind Offshore,2026-08-26T22:57:21Z
2026-08-26T22:50:57Z,2026-08-27T00:50:57+0200,397a6afe-2e74-43ab-941a-f6b3142ba16a,2026-07-28T11:00:00Z,2026-07-28T13:00:00+0200,0.3,MW,PT,PT,forecast_offshore_wind_generation,Wind Offshore,2026-08-26T22:57:21Z
2026-08-26T22:50:57Z,2026-08-27T00:50:57+0200,397a6afe-2e74-43ab-941a-f6b3142ba16a,2026-07-28T12:00:00Z,2026-07-28T14:00:00+0200,0.5,MW,PT,PT,forecast_offshore_wind_generation,Wind Offshore,2026-08-26T22:57:21Z
2026-08-26T22:50:57Z,2026-08-27T00:50:57+0200,397a6afe-2e74-43ab-941a-f6b3142ba16a,2026-07-28T13:00:00Z,2026-07-28T15:00:00+0200,0.6,MW,PT,PT,forecast_offshore_wind_generation,Wind Offshore,2026-08-26T22:57:21Z
2026-08-26T22:50:57Z,2026-08-27T00:50:57+0200,397a6afe-2e74-43ab-941a-f6b3142ba16a,2026-07-28T14:00:00Z,2026-07-28T16:00:00+0200,0.7,MW,PT,PT,forecast_offshore_wind_generation,Wind Offshore,2026-08-26T22:57:21Z
2026-08-26T22:50:57Z,2026-08-27T00:50:57+0200,397a6afe-2e74-43ab-941a-f6b3142ba16a,2026-07-28T15:00:00Z,2026-07-28T17:00:00+0200,0.8,MW,PT,PT,forecast_offshore_wind_generation,Wind Offshore,2026-08-26T22:57:21Z
2026-08-26T22:50:57Z,2026-08-27T00:50:57+0200,397a6afe-2e74-43ab-941a-f6b3142ba16a,2026-07-28T16:00:00Z,2026-07-28T18:00:00+0200,1.0,MW,PT,PT,forecast_offshore_wind_generation,Wind Offshore,2026-08-26T22:57:21Z
2026-08-26T22:50:57Z,2026-08-27T00:50:57+0200,397a6afe-2e74-43ab-941a-f6b3142ba16a,2026-07-28T17:00:00Z,2026-07-28T19:00:00+0200,1.1,MW,PT,PT,forecast_offshore_wind_generation,Wind Offshore,2026-08-26T22:57:21Z
2026-08-26T22:50:57Z,2026-08-27T00:50:57+0200,397a6afe-2e74-43ab-941a-f6b3142ba16a,2026-07-28T18:00:00Z,2026-07-28T20:00:00+0200,1.3,MW,PT,PT,forecast_offshore_wind_generation,Wind Offshore,2026-08-26T22:57:21Z
2026-08-26T22:50:57Z,2026-08-27T00:50:57+0200,397a6afe-2e74-43ab-941a-f6b3142ba16a,2026-07-28T19:00:00Z,2026-07-28T21:00:00+0200,1.5,MW,PT,PT,forecast_offshore_wind_generation,Wind Offshore,2026-08-26T22:57:21Z
2026-08-26T22:50:57Z,2026-08-27T00:50:57+0200,397a6afe-2e74-43ab-941a-f6b3142ba16a,2026-07-28T20:00:00Z,2026-07-28T22:00:00+0200,1.6,MW,PT,PT,forecast_offshore_wind_generation,Wind Offshore,2026-08-26T22:57:21Z
2026-08-26T22:50:57Z,2026-08-27T00:50:57+0200,397a6afe-2e74-43ab-941a-f6b3142ba16a,2026-07-28T21:00:00Z,2026-07-28T23:00:00+0200,1.7,MW,PT,PT,forecast_offshore_wind_generation,Wind Offshore,2026-08-26T22:57:21Z
2026-08-26T22:50:57Z,2026-08-27T00:50:57+0200,397a6afe-2e74-43ab-941a-f6b3142ba16a,2026-07-28T22:00:00Z,2026-07-29T00:00:00+0200,1.1,MW,PT,PT,forecast_offshore_wind_generation,Wind Offshore,2026-08-26T22:57:21Z
2026-08-26T22:50:57Z,2026-08-27T00:50:57+0200,397a6afe-2e74-43ab-941a-f6b3142ba16a,2026-07-28T23:00:00Z,2026-07-29T01:00:00+0200,1.0,MW,PT,PT,forecast_offshore_wind_generation,Wind Offshore,2026-08-26T22:57:21Z
2026-08-26T22:50:57Z,2026-08-27T00:50:57+0200,397a6afe-2e74-43ab-941a-f6b3142ba16a,2026-07-29T00:00:00Z,2026-07-29T02:00:00+0200,1.1,MW,PT,PT,forecast_offshore_wind_generation,Wind Offshore,2026-08-26T22:57:21Z
2026-08-26T22:50:57Z,2026-08-27T00:50:57+0200,397a6afe-2e74-43ab-941a-f6b3142ba16a,2026-07-29T01:00:00Z,2026-07-29T03:00:00+0200,1.3,MW,PT,PT,forecast_offshore_wind_generation,Wind Offshore,2026-08-26T22:57:21Z
2026-08-26T22:50:57Z,2026-08-27T00:50:57+0200,397a6afe-2e74-43ab-941a-f6b3142ba16a,2026-07-29T02:00:00Z,2026-07-29T04:00:00+0200,1.3,MW,PT,PT,forecast_offshore_wind_generation,Wind Offshore,2026-08-26T22:57:21Z
2026-08-26T22:50:57Z,2026-08-27T00:50:57+0200,397a6afe-2e74-43ab-941a-f6b3142ba16a,2026-07-29T03:00:00Z,2026-07-29T05:00:00+0200,1.2,MW,PT,PT,forecast_offshore_wind_generation,Wind Offshore,2026-08-26T22:57:21Z
2026-08-26T22:50:57Z,2026-08-27T00:50:57+0200,397a6afe-2e74-43ab-941a-f6b3142ba16a,2026-07-29T04:00:00Z,2026-07-29T06:00:00+0200,1.1,MW,PT,PT,forecast_offshore_wind_generation,Wind Offshore,2026-08-26T22:57:21Z
2026-08-26T22:50:57Z,2026-08-27T00:50:57+0200,397a6afe-2e74-43ab-941a-f6b3142ba16a,2026-07-29T05:00:00Z,2026-07-29T07:00:00+0200,1.0,MW,PT,PT,forecast_offshore_wind_generation,Wind Offshore,2026-08-26T22:57:21Z
2026-08-26T22:50:57Z,2026-08-27T00:50:57+0200,397a6afe-2e74-43ab-941a-f6b3142ba16a,2026-07-29T06:00:00Z,2026-07-29T08:00:00+0200,0.9,MW,PT,PT,forecast_offshore_wind_generation,Wind Offshore,2026-08-26T22:57:21Z
2026-08-26T22:50:57Z,2026-08-27T00:50:57+0200,397a6afe-2e74-43ab-941a-f6b3142ba16a,2026-07-29T07:00:00Z,2026-07-29T09:00:00+0200,0.7,MW,PT,PT,forecast_offshore_wind_generation,Wind Offshore,2026-08-26T22:57:21Z
2026-08-26T22:50:57Z,2026-08-27T00:50:57+0200,397a6afe-2e74-43ab-941a-f6b3142ba16a,2026-07-29T08:00:00Z,2026-07-29T10:00:00+0200,0.6,MW,PT,PT,forecast_offshore_wind_generation,Wind Offshore,2026-08-26T22:57:21Z
2026-08-26T22:50:57Z,2026-08-27T00:50:57+0200,397a6afe-2e74-43ab-941a-f6b3142ba16a,2026-07-29T09:00:00Z,2026-07-29T11:00:00+0200,0.5,MW,PT,PT,forecast_offshore_wind_generation,Wind Offshore,2026-08-26T22:57:21Z
2026-08-26T22:50:57Z,2026-08-27T00:50:57+0200,397a6afe-2e74-43ab-941a-f6b3142ba16a,2026-07-29T10:00:00Z,2026-07-29T12:00:00+0200,0.4,MW,PT,PT,forecast_offshore_wind_generation,Wind Offshore,2026-08-26T22:57:21Z
2026-08-26T22:50:57Z,2026-08-27T00:50:57+0200,397a6afe-2e74-43ab-941a-f6b3142ba16a,2026-07-29T11:00:00Z,2026-07-29T13:00:00+0200,0.4,MW,PT,PT,forecast_offshore_wind_generation,Wind Offshore,2026-08-26T22:57:21Z
2026-08-26T22:50:57Z,2026-08-27T00:50:57+0200,397a6afe-2e74-43ab-941a-f6b3142ba16a,2026-07-29T12:00:00Z,2026-07-29T14:00:00+0200,0.6,MW,PT,PT,forecast_offshore_wind_generation,Wind Offshore,2026-08-26T22:57:21Z
2026-08-26T22:50:57Z,2026-08-27T00:50:57+0200,397a6afe-2e74-43ab-941a-f6b3142ba16a,2026-07-29T13:00:00Z,2026-07-29T15:00:00+0200,0.7,MW,PT,PT,forecast_offshore_wind_generation,Wind Offshore,2026-08-26T22:57:21Z
2026-08-26T22:50:57Z,2026-08-27T00:50:57+0200,397a6afe-2e74-43ab-941a-f6b3142ba16a,2026-07-29T14:00:00Z,2026-07-29T16:00:00+0200,0.7,MW,PT,PT,forecast_offshore_wind_generation,Wind Offshore,2026-08-26T22:57:21Z
2026-08-26T22:50:57Z,2026-08-27T00:50:57+0200,397a6afe-2e74-43ab-941a-f6b3142ba16a,2026-07-29T15:00:00Z,2026-07-29T17:00:00+0200,0.9,MW,PT,PT,forecast_offshore_wind_generation,Wind Offshore,2026-08-26T22:57:21Z
2026-08-26T22:50:57Z,2026-08-27T00:50:57+0200,397a6afe-2e74-43ab-941a-f6b3142ba16a,2026-07-29T16:00:00Z,2026-07-29T18:00:00+0200,1.2,MW,PT,PT,forecast_offshore_wind_generation,Wind Offshore,2026-08-26T22:57:21Z
2026-08-26T22:50:57Z,2026-08-27T00:50:57+0200,397a6afe-2e74-43ab-941a-f6b3142ba16a,2026-07-29T17:00:00Z,2026-07-29T19:00:00+0200,1.5,MW,PT,PT,forecast_offshore_wind_generation,Wind Offshore,2026-08-26T22:57:21Z
2026-08-26T22:50:57Z,2026-08-27T00:50:57+0200,397a6afe-2e74-43ab-941a-f6b3142ba16a,2026-07-29T18:00:00Z,2026-07-29T20:00:00+0200,1.7,MW,PT,PT,forecast_offshore_wind_generation,Wind Offshore,2026-08-26T22:57:21Z
2026-08-26T22:50:57Z,2026-08-27T00:50:57+0200,397a6afe-2e74-43ab-941a-f6b3142ba16a,2026-07-29T19:00:00Z,2026-07-29T21:00:00+0200,2.0,MW,PT,PT,forecast_offshore_wind_generation,Wind Offshore,2026-08-26T22:57:21Z
2026-08-26T22:50:57Z,2026-08-27T00:50:57+0200,397a6afe-2e74-43ab-941a-f6b3142ba16a,2026-07-29T20:00:00Z,2026-07-29T22:00:00+0200,2.3,MW,PT,PT,forecast_offshore_wind_generation,Wind Offshore,2026-08-26T22:57:21Z
2026-08-26T22:50:57Z,2026-08-27T00:50:57+0200,397a6afe-2e74-43ab-941a-f6b3142ba16a,2026-07-29T21:00:00Z,2026-07-29T23:00:00+0200,2.5,MW,PT,PT,forecast_offshore_wind_generation,Wind Offshore,2026-08-26T22:57:21Z
2026-08-26T22:50:57Z,2026-08-27T00:50:57+0200,397a6afe-2e74-43ab-941a-f6b3142ba16a,2026-07-29T22:00:00Z,2026-07-30T00:00:00+0200,0.9,MW,PT,PT,forecast_offshore_wind_generation,Wind Offshore,2026-08-26T22:57:21Z
2026-08-26T22:50:57Z,2026-08-27T00:50:57+0200,397a6afe-2e74-43ab-941a-f6b3142ba16a,2026-07-29T23:00:00Z,2026-07-30T01:00:00+0200,0.8,MW,PT,PT,forecast_offshore_wind_generation,Wind Offshore,2026-08-26T22:57:21Z
2026-08-26T22:50:57Z,2026-08-27T00:50:57+0200,397a6afe-2e74-43ab-941a-f6b3142ba16a,2026-07-30T00:00:00Z,2026-07-30T02:00:00+0200,0.7,MW,PT,PT,forecast_offshore_wind_generation,Wind Offshore,2026-08-26T22:57:21Z
2026-08-26T22:50:57Z,2026-08-27T00:50:57+0200,397a6afe-2e74-43ab-941a-f6b3142ba16a,2026-07-30T01:00:00Z,2026-07-30T03:00:00+0200,0.6,MW,PT,PT,forecast_offshore_wind_generation,Wind Offshore,2026-08-26T22:57:21Z
2026-08-26T22:50:57Z,2026-08-27T00:50:57+0200,397a6afe-2e74-43ab-941a-f6b3142ba16a,2026-07-30T02:00:00Z,2026-07-30T04:00:00+0200,0.6,MW,PT,PT,forecast_offshore_wind_generation,Wind Offshore,2026-08-26T22:57:21Z
2026-08-26T22:50:57Z,2026-08-27T00:50:57+0200,397a6afe-2e74-43ab-941a-f6b3142ba16a,2026-07-30T03:00:00Z,2026-07-30T05:00:00+0200,0.5,MW,PT,PT,forecast_offshore_wind_generation,Wind Offshore,2026-08-26T22:57:21Z
2026-08-26T22:50:57Z,2026-08-27T00:50:57+0200,397a6afe-2e74-43ab-941a-f6b3142ba16a,2026-07-30T04:00:00Z,2026-07-30T06:00:00+0200,0.4,MW,PT,PT,forecast_offshore_wind_generation,Wind Offshore,2026-08-26T22:57:21Z
2026-08-26T22:50:57Z,2026-08-27T00:50:57+0200,397a6afe-2e74-43ab-941a-f6b3142ba16a,2026-07-30T05:00:00Z,2026-07-30T07:00:00+0200,0.4,MW,PT,PT,forecast_offshore_wind_generation,Wind Offshore,2026-08-26T22:57:21Z
2026-08-26T22:50:57Z,2026-08-27T00:50:57+0200,397a6afe-2e74-43ab-941a-f6b3142ba16a,2026-07-30T06:00:00Z,2026-07-30T08:00:00+0200,0.4,MW,PT,PT,forecast_offshore_wind_generation,Wind Offshore,2026-08-26T22:57:21Z
2026-08-26T22:50:57Z,2026-08-27T00:50:57+0200,397a6afe-2e74-43ab-941a-f6b3142ba16a,2026-07-30T07:00:00Z,2026-07-30T09:00:00+0200,0.4,MW,PT,PT,forecast_offshore_wind_generation,Wind Offshore,2026-08-26T22:57:21Z
2026-08-26T22:50:57Z,2026-08-27T00:50:57+0200,397a6afe-2e74-43ab-941a-f6b3142ba16a,2026-07-30T08:00:00Z,2026-07-30T10:00:00+0200,0.3,MW,PT,PT,forecast_offshore_wind_generation,Wind Offshore,2026-08-26T22:57:21Z
2026-08-26T22:50:57Z,2026-08-27T00:50:57+0200,397a6afe-2e74-43ab-941a-f6b3142ba16a,2026-07-30T09:00:00Z,2026-07-30T11:00:00+0200,0.4,MW,PT,PT,forecast_offshore_wind_generation,Wind Offshore,2026-08-26T22:57:21Z
2026-08-26T22:50:57Z,2026-08-27T00:50:57+0200,397a6afe-2e74-43ab-941a-f6b3142ba16a,2026-07-30T10:00:00Z,2026-07-30T12:00:00+0200,0.4,MW,PT,PT,forecast_offshore_wind_generation,Wind Offshore,2026-08-26T22:57:21Z
2026-08-26T22:50:57Z,2026-08-27T00:50:57+0200,397a6afe-2e74-43ab-941a-f6b3142ba16a,2026-07-30T11:00:00Z,2026-07-30T13:00:00+0200,0.4,MW,PT,PT,forecast_offshore_wind_generation,Wind Offshore,2026-08-26T22:57:21Z
2026-08-26T22:50:57Z,2026-08-27T00:50:57+0200,397a6afe-2e74-43ab-941a-f6b3142ba16a,2026-07-30T12:00:00Z,2026-07-30T14:00:00+0200,0.7,MW,PT,PT,forecast_offshore_wind_generation,Wind Offshore,2026-08-26T22:57:21Z
2026-08-26T22:50:57Z,2026-08-27T00:50:57+0200,397a6afe-2e74-43ab-941a-f6b3142ba16a,2026-07-30T13:00:00Z,2026-07-30T15:00:00+0200,1.0,MW,PT,PT,forecast_offshore_wind_generation,Wind Offshore,2026-08-26T22:57:21Z
2026-08-26T22:50:57Z,2026-08-27T00:50:57+0200,397a6afe-2e74-43ab-941a-f6b3142ba16a,2026-07-30T14:00:00Z,2026-07-30T16:00:00+0200,1.3,MW,PT,PT,forecast_offshore_wind_generation,Wind Offshore,2026-08-26T22:57:21Z
2026-08-26T22:50:57Z,2026-08-27T00:50:57+0200,397a6afe-2e74-43ab-941a-f6b3142ba16a,2026-07-30T15:00:00Z,2026-07-30T17:00:00+0200,1.8,MW,PT,PT,forecast_offshore_wind_generation,Wind Offshore,2026-08-26T22:57:21Z
2026-08-26T22:50:57Z,2026-08-27T00:50:57+0200,397a6afe-2e74-43ab-941a-f6b3142ba16a,2026-07-30T16:00:00Z,2026-07-30T18:00:00+0200,2.3,MW,PT,PT,forecast_offshore_wind_generation,Wind Offshore,2026-08-26T22:57:21Z
2026-08-26T22:50:57Z,2026-08-27T00:50:57+0200,397a6afe-2e74-43ab-941a-f6b3142ba16a,2026-07-30T17:00:00Z,2026-07-30T19:00:00+0200,2.8,MW,PT,PT,forecast_offshore_wind_generation,Wind Offshore,2026-08-26T22:57:21Z
2026-08-26T22:50:57Z,2026-08-27T00:50:57+0200,397a6afe-2e74-43ab-941a-f6b3142ba16a,2026-07-30T18:00:00Z,2026-07-30T20:00:00+0200,3.5,MW,PT,PT,forecast_offshore_wind_generation,Wind Offshore,2026-08-26T22:57:21Z
2026-08-26T22:50:57Z,2026-08-27T00:50:57+0200,397a6afe-2e74-43ab-941a-f6b3142ba16a,2026-07-30T19:00:00Z,2026-07-30T21:00:00+0200,4.2,MW,PT,PT,forecast_offshore_wind_generation,Wind Offshore,2026-08-26T22:57:21Z
2026-08-26T22:50:57Z,2026-08-27T00:50:57+0200,397a6afe-2e74-43ab-941a-f6b3142ba16a,2026-07-30T20:00:00Z,2026-07-30T22:00:00+0200,4.2,MW,PT,PT,forecast_offshore_wind_generation,Wind Offshore,2026-08-26T22:57:21Z
2026-08-26T22:50:57Z,2026-08-27T00:50:57+0200,397a6afe-2e74-43ab-941a-f6b3142ba16a,2026-07-30T21:00:00Z,2026-07-30T23:00:00+0200,3.9,MW,PT,PT,forecast_offshore_wind_generation,Wind Offshore,2026-08-26T22:57:21Z
2026-08-26T22:50:57Z,2026-08-27T00:50:57+0200,397a6afe-2e74-43ab-941a-f6b3142ba16a,2026-07-30T22:00:00Z,2026-07-31T00:00:00+0200,2.4,MW,PT,PT,forecast_offshore_wind_generation,Wind Offshore,2026-08-26T22:57:21Z
2026-08-26T22:50:57Z,2026-08-27T00:50:57+0200,397a6afe-2e74-43ab-941a-f6b3142ba16a,2026-07-30T23:00:00Z,2026-07-31T01:00:00+0200,2.2,MW,PT,PT,forecast_offshore_wind_generation,Wind Offshore,2026-08-26T22:57:21Z
2026-08-26T22:50:57Z,2026-08-27T00:50:57+0200,397a6afe-2e74-43ab-941a-f6b3142ba16a,2026-07-31T00:00:00Z,2026-07-31T02:00:00+0200,1.9,MW,PT,PT,forecast_offshore_wind_generation,Wind Offshore,2026-08-26T22:57:21Z
2026-08-26T22:50:57Z,2026-08-27T00:50:57+0200,397a6afe-2e74-43ab-941a-f6b3142ba16a,2026-07-31T01:00:00Z,2026-07-31T03:00:00+0200,2.0,MW,PT,PT,forecast_offshore_wind_generation,Wind Offshore,2026-08-26T22:57:21Z
2026-08-26T22:50:57Z,2026-08-27T00:50:57+0200,397a6afe-2e74-43ab-941a-f6b3142ba16a,2026-07-31T02:00:00Z,2026-07-31T04:00:00+0200,2.3,MW,PT,PT,forecast_offshore_wind_generation,Wind Offshore,2026-08-26T22:57:21Z
2026-08-26T22:50:57Z,2026-08-27T00:50:57+0200,397a6afe-2e74-43ab-941a-f6b3142ba16a,2026-07-31T03:00:00Z,2026-07-31T05:00:00+0200,2.5,MW,PT,PT,forecast_offshore_wind_generation,Wind Offshore,2026-08-26T22:57:21Z
2026-08-26T22:50:57Z,2026-08-27T00:50:57+0200,397a6afe-2e74-43ab-941a-f6b3142ba16a,2026-07-31T04:00:00Z,2026-07-31T06:00:00+0200,2.5,MW,PT,PT,forecast_offshore_wind_generation,Wind Offshore,2026-08-26T22:57:21Z
2026-08-26T22:50:57Z,2026-08-27T00:50:57+0200,397a6afe-2e74-43ab-941a-f6b3142ba16a,2026-07-31T05:00:00Z,2026-07-31T07:00:00+0200,2.6,MW,PT,PT,forecast_offshore_wind_generation,Wind Offshore,2026-08-26T22:57:21Z
2026-08-26T22:50:57Z,2026-08-27T00:50:57+0200,397a6afe-2e74-43ab-941a-f6b3142ba16a,2026-07-31T06:00:00Z,2026-07-31T08:00:00+0200,2.6,MW,PT,PT,forecast_offshore_wind_generation,Wind Offshore,2026-08-26T22:57:21Z
2026-08-26T22:50:57Z,2026-08-27T00:50:57+0200,397a6afe-2e74-43ab-941a-f6b3142ba16a,2026-07-31T07:00:00Z,2026-07-31T09:00:00+0200,3.0,MW,PT,PT,forecast_offshore_wind_generation,Wind Offshore,2026-08-26T22:57:21Z
2026-08-26T22:50:57Z,2026-08-27T00:50:57+0200,397a6afe-2e74-43ab-941a-f6b3142ba16a,2026-07-31T08:00:00Z,2026-07-31T10:00:00+0200,3.6,MW,PT,PT,forecast_offshore_wind_generation,Wind Offshore,2026-08-26T22:57:21Z
2026-08-26T22:50:57Z,2026-08-27T00:50:57+0200,397a6afe-2e74-43ab-941a-f6b3142ba16a,2026-07-31T09:00:00Z,2026-07-31T11:00:00+0200,4.5,MW,PT,PT,forecast_offshore_wind_generation,Wind Offshore,2026-08-26T22:57:21Z
2026-08-26T22:50:57Z,2026-08-27T00:50:57+0200,397a6afe-2e74-43ab-941a-f6b3142ba16a,2026-07-31T10:00:00Z,2026-07-31T12:00:00+0200,5.8,MW,PT,PT,forecast_offshore_wind_generation,Wind Offshore,2026-08-26T22:57:21Z
2026-08-26T22:50:57Z,2026-08-27T00:50:57+0200,397a6afe-2e74-43ab-941a-f6b3142ba16a,2026-07-31T11:00:00Z,2026-07-31T13:00:00+0200,8.5,MW,PT,PT,forecast_offshore_wind_generation,Wind Offshore,2026-08-26T22:57:21Z
2026-08-26T22:50:57Z,2026-08-27T00:50:57+0200,397a6afe-2e74-43ab-941a-f6b3142ba16a,2026-07-31T12:00:00Z,2026-07-31T14:00:00+0200,11.3,MW,PT,PT,forecast_offshore_wind_generation,Wind Offshore,2026-08-26T22:57:21Z
2026-08-26T22:50:57Z,2026-08-27T00:50:57+0200,397a6afe-2e74-43ab-941a-f6b3142ba16a,2026-07-31T13:00:00Z,2026-07-31T15:00:00+0200,14.1,MW,PT,PT,forecast_offshore_wind_generation,Wind Offshore,2026-08-26T22:57:21Z
2026-08-26T22:50:57Z,2026-08-27T00:50:57+0200,397a6afe-2e74-43ab-941a-f6b3142ba16a,2026-07-31T14:00:00Z,2026-07-31T16:00:00+0200,16.3,MW,PT,PT,forecast_offshore_wind_generation,Wind Offshore,2026-08-26T22:57:21Z
2026-08-26T22:50:57Z,2026-08-27T00:50:57+0200,397a6afe-2e74-43ab-941a-f6b3142ba16a,2026-07-31T15:00:00Z,2026-07-31T17:00:00+0200,17.2,MW,PT,PT,forecast_offshore_wind_generation,Wind Offshore,2026-08-26T22:57:21Z
2026-08-26T22:50:57Z,2026-08-27T00:50:57+0200,397a6afe-2e74-43ab-941a-f6b3142ba16a,2026-07-31T16:00:00Z,2026-07-31T18:00:00+0200,17.4,MW,PT,PT,forecast_offshore_wind_generation,Wind Offshore,2026-08-26T22:57:21Z
2026-08-26T22:50:57Z,2026-08-27T00:50:57+0200,397a6afe-2e74-43ab-941a-f6b3142ba16a,2026-07-31T17:00:00Z,2026-07-31T19:00:00+0200,16.9,MW,PT,PT,forecast_offshore_wind_generation,Wind Offshore,2026-08-26T22:57:21Z
2026-08-26T22:50:57Z,2026-08-27T00:50:57+0200,397a6afe-2e74-43ab-941a-f6b3142ba16a,2026-07-31T18:00:00Z,2026-07-31T20:00:00+0200,16.5,MW,PT,PT,forecast_offshore_wind_generation,Wind Offshore,2026-08-26T22:57:21Z
2026-08-26T22:50:57Z,2026-08-27T00:50:57+0200,397a6afe-2e74-43ab-941a-f6b3142ba16a,2026-07-31T19:00:00Z,2026-07-31T21:00:00+0200,17.7,MW,PT,PT,forecast_offshore_wind_generation,Wind Offshore,2026-08-26T22:57:21Z
2026-08-26T22:50:57Z,2026-08-27T00:50:57+0200,397a6afe-2e74-43ab-941a-f6b3142ba16a,2026-07-31T20:00:00Z,2026-07-31T22:00:00+0200,18.8,MW,PT,PT,forecast_offshore_wind_generation,Wind Offshore,2026-08-26T22:57:21Z
2026-08-26T22:50:57Z,2026-08-27T00:50:57+0200,397a6afe-2e74-43ab-941a-f6b3142ba16a,2026-07-31T21:00:00Z,2026-07-31T23:00:00+0200,17.8,MW,PT,PT,forecast_offshore_wind_generation,Wind Offshore,2026-08-26T22:57:21Z
2026-08-26T22:50:57Z,2026-08-27T00:50:57+0200,397a6afe-2e74-43ab-941a-f6b3142ba16a,2026-07-31T22:00:00Z,2026-08-01T00:00:00+0200,12.1,MW,PT,PT,forecast_offshore_wind_generation,Wind Offshore,2026-08-26T22:57:21Z
2026-08-26T22:50:57Z,2026-08-27T00:50:57+0200,397a6afe-2e74-43ab-941a-f6b3142ba16a,2026-07-31T23:00:00Z,2026-08-01T01:00:00+0200,8.6,MW,PT,PT,forecast_offshore_wind_generation,Wind Offshore,2026-08-26T22:57:21Z
2026-08-26T22:50:57Z,2026-08-27T00:50:57+0200,397a6afe-2e74-43ab-941a-f6b3142ba16a,2026-08-01T00:00:00Z,2026-08-01T02:00:00+0200,5.1,MW,PT,PT,forecast_offshore_wind_generation,Wind Offshore,2026-08-26T22:57:21Z
2026-08-26T22:50:57Z,2026-08-27T00:50:57+0200,397a6afe-2e74-43ab-941a-f6b3142ba16a,2026-08-01T01:00:00Z,2026-08-01T03:00:00+0200,2.9,MW,PT,PT,forecast_offshore_wind_generation,Wind Offshore,2026-08-26T22:57:21Z
2026-08-26T22:50:57Z,2026-08-27T00:50:57+0200,397a6afe-2e74-43ab-941a-f6b3142ba16a,2026-08-01T02:00:00Z,2026-08-01T04:00:00+0200,1.8,MW,PT,PT,forecast_offshore_wind_generation,Wind Offshore,2026-08-26T22:57:21Z
2026-08-26T22:50:57Z,2026-08-27T00:50:57+0200,397a6afe-2e74-43ab-941a-f6b3142ba16a,2026-08-01T03:00:00Z,2026-08-01T05:00:00+0200,1.3,MW,PT,PT,forecast_offshore_wind_generation,Wind Offshore,2026-08-26T22:57:21Z
2026-08-26T22:50:57Z,2026-08-27T00:50:57+0200,397a6afe-2e74-43ab-941a-f6b3142ba16a,2026-08-01T04:00:00Z,2026-08-01T06:00:00+0200,1.3,MW,PT,PT,forecast_offshore_wind_generation,Wind Offshore,2026-08-26T22:57:21Z
2026-08-26T22:50:57Z,2026-08-27T00:50:57+0200,397a6afe-2e74-43ab-941a-f6b3142ba16a,2026-08-01T05:00:00Z,2026-08-01T07:00:00+0200,1.3,MW,PT,PT,forecast_offshore_wind_generation,Wind Offshore,2026-08-26T22:57:21Z
2026-08-26T22:50:57Z,2026-08-27T00:50:57+0200,397a6afe-2e74-43ab-941a-f6b3142ba16a,2026-08-01T06:00:00Z,2026-08-01T08:00:00+0200,1.2,MW,PT,PT,forecast_offshore_wind_generation,Wind Offshore,2026-08-26T22:57:21Z
2026-08-26T22:50:57Z,2026-08-27T00:50:57+0200,397a6afe-2e74-43ab-941a-f6b3142ba16a,2026-08-01T07:00:00Z,2026-08-01T09:00:00+0200,1.0,MW,PT,PT,forecast_offshore_wind_generation,Wind Offshore,2026-08-26T22:57:21Z
2026-08-26T22:50:57Z,2026-08-27T00:50:57+0200,397a6afe-2e74-43ab-941a-f6b3142ba16a,2026-08-01T08:00:00Z,2026-08-01T10:00:00+0200,0.8,MW,PT,PT,forecast_offshore_wind_generation,Wind Offshore,2026-08-26T22:57:21Z
2026-08-26T22:50:57Z,2026-08-27T00:50:57+0200,397a6afe-2e74-43ab-941a-f6b3142ba16a,2026-08-01T09:00:00Z,2026-08-01T11:00:00+0200,0.6,MW,PT,PT,forecast_offshore_wind_generation,Wind Offshore,2026-08-26T22:57:21Z
2026-08-26T22:50:57Z,2026-08-27T00:50:57+0200,397a6afe-2e74-43ab-941a-f6b3142ba16a,2026-08-01T10:00:00Z,2026-08-01T12:00:00+0200,0.4,MW,PT,PT,forecast_offshore_wind_generation,Wind Offshore,2026-08-26T22:57:21Z
2026-08-26T22:50:57Z,2026-08-27T00:50:57+0200,397a6afe-2e74-43ab-941a-f6b3142ba16a,2026-08-01T11:00:00Z,2026-08-01T13:00:00+0200,0.3,MW,PT,PT,forecast_offshore_wind_generation,Wind Offshore,2026-08-26T22:57:21Z
2026-08-26T22:50:57Z,2026-08-27T00:50:57+0200,397a6afe-2e74-43ab-941a-f6b3142ba16a,2026-08-01T12:00:00Z,2026-08-01T14:00:00+0200,0.3,MW,PT,PT,forecast_offshore_wind_generation,Wind Offshore,2026-08-26T22:57:21Z
2026-08-26T22:50:57Z,2026-08-27T00:50:57+0200,397a6afe-2e74-43ab-941a-f6b3142ba16a,2026-08-01T13:00:00Z,2026-08-01T15:00:00+0200,0.5,MW,PT,PT,forecast_offshore_wind_generation,Wind Offshore,2026-08-26T22:57:21Z
2026-08-26T22:50:57Z,2026-08-27T00:50:57+0200,397a6afe-2e74-43ab-941a-f6b3142ba16a,2026-08-01T14:00:00Z,2026-08-01T16:00:00+0200,0.9,MW,PT,PT,forecast_offshore_wind_generation,Wind Offshore,2026-08-26T22:57:21Z
2026-08-26T22:50:57Z,2026-08-27T00:50:57+0200,397a6afe-2e74-43ab-941a-f6b3142ba16a,2026-08-01T15:00:00Z,2026-08-01T17:00:00+0200,1.2,MW,PT,PT,forecast_offshore_wind_generation,Wind Offshore,2026-08-26T22:57:21Z
2026-08-26T22:50:57Z,2026-08-27T00:50:57+0200,397a6afe-2e74-43ab-941a-f6b3142ba16a,2026-08-01T16:00:00Z,2026-08-01T18:00:00+0200,1.3,MW,PT,PT,forecast_offshore_wind_generation,Wind Offshore,2026-08-26T22:57:21Z
2026-08-26T22:50:57Z,2026-08-27T00:50:57+0200,397a6afe-2e74-43ab-941a-f6b3142ba16a,2026-08-01T17:00:00Z,2026-08-01T19:00:00+0200,1.3,MW,PT,PT,forecast_offshore_wind_generation,Wind Offshore,2026-08-26T22:57:21Z
2026-08-26T22:50:57Z,2026-08-27T00:50:57+0200,397a6afe-2e74-43ab-941a-f6b3142ba16a,2026-08-01T18:00:00Z,2026-08-01T20:00:00+0200,1.3,MW,PT,PT,forecast_offshore_wind_generation,Wind Offshore,2026-08-26T22:57:21Z
2026-08-26T22:50:57Z,2026-08-27T00:50:57+0200,397a6afe-2e74-43ab-941a-f6b3142ba16a,2026-08-01T19:00:00Z,2026-08-01T21:00:00+0200,1.4,MW,PT,PT,forecast_offshore_wind_generation,Wind Offshore,2026-08-26T22:57:21Z
2026-08-26T22:50:57Z,2026-08-27T00:50:57+0200,397a6afe-2e74-43ab-941a-f6b3142ba16a,2026-08-01T20:00:00Z,2026-08-01T22:00:00+0200,1.5,MW,PT,PT,forecast_offshore_wind_generation,Wind Offshore,2026-08-26T22:57:21Z
2026-08-26T22:50:57Z,2026-08-27T00:50:57+0200,397a6afe-2e74-43ab-941a-f6b3142ba16a,2026-08-01T21:00:00Z,2026-08-01T23:00:00+0200,1.5,MW,PT,PT,forecast_offshore_wind_generation,Wind Offshore,2026-08-26T22:57:21Z
2026-08-26T22:50:57Z,2026-08-27T00:50:57+0200,397a6afe-2e74-43ab-941a-f6b3142ba16a,2026-08-01T22:00:00Z,2026-08-02T00:00:00+0200,0.8,MW,PT,PT,forecast_offshore_wind_generation,Wind Offshore,2026-08-26T22:57:21Z
2026-08-26T22:50:57Z,2026-08-27T00:50:57+0200,397a6afe-2e74-43ab-941a-f6b3142ba16a,2026-08-01T23:00:00Z,2026-08-02T01:00:00+0200,0.6,MW,PT,PT,forecast_offshore_wind_generation,Wind Offshore,2026-08-26T22:57:21Z
2026-08-26T22:50:57Z,2026-08-27T00:50:57+0200,397a6afe-2e74-43ab-941a-f6b3142ba16a,2026-08-02T00:00:00Z,2026-08-02T02:00:00+0200,0.6,MW,PT,PT,forecast_offshore_wind_generation,Wind Offshore,2026-08-26T22:57:21Z
2026-08-26T22:50:57Z,2026-08-27T00:50:57+0200,397a6afe-2e74-43ab-941a-f6b3142ba16a,2026-08-02T01:00:00Z,2026-08-02T03:00:00+0200,0.6,MW,PT,PT,forecast_offshore_wind_generation,Wind Offshore,2026-08-26T22:57:21Z
2026-08-26T22:50:57Z,2026-08-27T00:50:57+0200,397a6afe-2e74-43ab-941a-f6b3142ba16a,2026-08-02T02:00:00Z,2026-08-02T04:00:00+0200,0.5,MW,PT,PT,forecast_offshore_wind_generation,Wind Offshore,2026-08-26T22:57:21Z
2026-08-26T22:50:57Z,2026-08-27T00:50:57+0200,397a6afe-2e74-43ab-941a-f6b3142ba16a,2026-08-02T03:00:00Z,2026-08-02T05:00:00+0200,0.5,MW,PT,PT,forecast_offshore_wind_generation,Wind Offshore,2026-08-26T22:57:21Z
2026-08-26T22:50:57Z,2026-08-27T00:50:57+0200,397a6afe-2e74-43ab-941a-f6b3142ba16a,2026-08-02T04:00:00Z,2026-08-02T06:00:00+0200,0.5,MW,PT,PT,forecast_offshore_wind_generation,Wind Offshore,2026-08-26T22:57:21Z
2026-08-26T22:50:57Z,2026-08-27T00:50:57+0200,397a6afe-2e74-43ab-941a-f6b3142ba16a,2026-08-02T05:00:00Z,2026-08-02T07:00:00+0200,0.5,MW,PT,PT,forecast_offshore_wind_generation,Wind Offshore,2026-08-26T22:57:21Z
2026-08-26T22:50:57Z,2026-08-27T00:50:57+0200,397a6afe-2e74-43ab-941a-f6b3142ba16a,2026-08-02T06:00:00Z,2026-08-02T08:00:00+0200,0.4,MW,PT,PT,forecast_offshore_wind_generation,Wind Offshore,2026-08-26T22:57:21Z
2026-08-26T22:50:57Z,2026-08-27T00:50:57+0200,397a6afe-2e74-43ab-941a-f6b3142ba16a,2026-08-02T07:00:00Z,2026-08-02T09:00:00+0200,0.3,MW,PT,PT,forecast_offshore_wind_generation,Wind Offshore,2026-08-26T22:57:21Z
2026-08-26T22:50:57Z,2026-08-27T00:50:57+0200,397a6afe-2e74-43ab-941a-f6b3142ba16a,2026-08-02T08:00:00Z,2026-08-02T10:00:00+0200,0.3,MW,PT,PT,forecast_offshore_wind_generation,Wind Offshore,2026-08-26T22:57:21Z
2026-08-26T22:50:57Z,2026-08-27T00:50:57+0200,397a6afe-2e74-43ab-941a-f6b3142ba16a,2026-08-02T09:00:00Z,2026-08-02T11:00:00+0200,0.2,MW,PT,PT,forecast_offshore_wind_generation,Wind Offshore,2026-08-26T22:57:21Z
2026-08-26T22:50:57Z,2026-08-27T00:50:57+0200,397a6afe-2e74-43ab-941a-f6b3142ba16a,2026-08-02T10:00:00Z,2026-08-02T12:00:00+0200,0.2,MW,PT,PT,forecast_offshore_wind_generation,Wind Offshore,2026-08-26T22:57:21Z
2026-08-26T22:50:57Z,2026-08-27T00:50:57+0200,397a6afe-2e74-43ab-941a-f6b3142ba16a,2026-08-02T11:00:00Z,2026-08-02T13:00:00+0200,0.2,MW,PT,PT,forecast_offshore_wind_generation,Wind Offshore,2026-08-26T22:57:21Z
2026-08-26T22:50:57Z,2026-08-27T00:50:57+0200,397a6afe-2e74-43ab-941a-f6b3142ba16a,2026-08-02T12:00:00Z,2026-08-02T14:00:00+0200,0.2,MW,PT,PT,forecast_offshore_wind_generation,Wind Offshore,2026-08-26T22:57:21Z
2026-08-26T22:50:57Z,2026-08-27T00:50:57+0200,397a6afe-2e74-43ab-941a-f6b3142ba16a,2026-08-02T13:00:00Z,2026-08-02T15:00:00+0200,0.2,MW,PT,PT,forecast_offshore_wind_generation,Wind Offshore,2026-08-26T22:57:21Z
2026-08-26T22:50:57Z,2026-08-27T00:50:57+0200,397a6afe-2e74-43ab-941a-f6b3142ba16a,2026-08-02T14:00:00Z,2026-08-02T16:00:00+0200,0.2,MW,PT,PT,forecast_offshore_wind_generation,Wind Offshore,2026-08-26T22:57:21Z
2026-08-26T22:50:57Z,2026-08-27T00:50:57+0200,397a6afe-2e74-43ab-941a-f6b3142ba16a,2026-08-02T15:00:00Z,2026-08-02T17:00:00+0200,0.3,MW,PT,PT,forecast_offshore_wind_generation,Wind Offshore,2026-08-26T22:57:21Z
2026-08-26T22:50:57Z,2026-08-27T00:50:57+0200,397a6afe-2e74-43ab-941a-f6b3142ba16a,2026-08-02T16:00:00Z,2026-08-02T18:00:00+0200,0.3,MW,PT,PT,forecast_offshore_wind_generation,Wind Offshore,2026-08-26T22:57:21Z
2026-08-26T22:50:57Z,2026-08-27T00:50:57+0200,397a6afe-2e74-43ab-941a-f6b3142ba16a,2026-08-02T17:00:00Z,2026-08-02T19:00:00+0200,0.2,MW,PT,PT,forecast_offshore_wind_generation,Wind Offshore,2026-08-26T22:57:21Z
2026-08-26T22:50:57Z,2026-08-27T00:50:57+0200,397a6afe-2e74-43ab-941a-f6b3142ba16a,2026-08-02T18:00:00Z,2026-08-02T20:00:00+0200,0.2,MW,PT,PT,forecast_offshore_wind_generation,Wind Offshore,2026-08-26T22:57:21Z
2026-08-26T22:50:57Z,2026-08-27T00:50:57+0200,397a6afe-2e74-43ab-941a-f6b3142ba16a,2026-08-02T19:00:00Z,2026-08-02T21:00:00+0200,0.2,MW,PT,PT,forecast_offshore_wind_generation,Wind Offshore,2026-08-26T22:57:21Z
2026-08-26T22:50:57Z,2026-08-27T00:50:57+0200,397a6afe-2e74-43ab-941a-f6b3142ba16a,2026-08-02T20:00:00Z,2026-08-02T22:00:00+0200,0.2,MW,PT,PT,forecast_offshore_wind_generation,Wind Offshore,2026-08-26T22:57:21Z
2026-08-26T22:50:57Z,2026-08-27T00:50:57+0200,397a6afe-2e74-43ab-941a-f6b3142ba16a,2026-08-02T21:00:00Z,2026-08-02T23:00:00+0200,0.2,MW,PT,PT,forecast_offshore_wind_generation,Wind Offshore,2026-08-26T22:57:21Z
2026-08-26T22:50:57Z,2026-08-27T00:50:57+0200,397a6afe-2e74-43ab-941a-f6b3142ba16a,2026-08-02T22:00:00Z,2026-08-03T00:00:00+0200,0.2,MW,PT,PT,forecast_offshore_wind_generation,Wind Offshore,2026-08-26T22:57:21Z
2026-08-26T22:50:57Z,2026-08-27T00:50:57+0200,397a6afe-2e74-43ab-941a-f6b3142ba16a,2026-08-02T23:00:00Z,2026-08-03T01:00:00+0200,0.4,MW,PT,PT,forecast_offshore_wind_generation,Wind Offshore,2026-08-26T22:57:21Z
2026-08-26T22:50:57Z,2026-08-27T00:50:57+0200,397a6afe-2e74-43ab-941a-f6b3142ba16a,2026-08-03T00:00:00Z,2026-08-03T02:00:00+0200,0.8,MW,PT,PT,forecast_offshore_wind_generation,Wind Offshore,2026-08-26T22:57:21Z
2026-08-26T22:50:57Z,2026-08-27T00:50:57+0200,397a6afe-2e74-43ab-941a-f6b3142ba16a,2026-08-03T01:00:00Z,2026-08-03T03:00:00+0200,1.7,MW,PT,PT,forecast_offshore_wind_generation,Wind Offshore,2026-08-26T22:57:21Z
2026-08-26T22:50:57Z,2026-08-27T00:50:57+0200,397a6afe-2e74-43ab-941a-f6b3142ba16a,2026-08-03T02:00:00Z,2026-08-03T04:00:00+0200,2.7,MW,PT,PT,forecast_offshore_wind_generation,Wind Offshore,2026-08-26T22:57:21Z
2026-08-26T22:50:57Z,2026-08-27T00:50:57+0200,397a6afe-2e74-43ab-941a-f6b3142ba16a,2026-08-03T03:00:00Z,2026-08-03T05:00:00+0200,3.9,MW,PT,PT,forecast_offshore_wind_generation,Wind Offshore,2026-08-26T22:57:21Z
2026-08-26T22:50:57Z,2026-08-27T00:50:57+0200,397a6afe-2e74-43ab-941a-f6b3142ba16a,2026-08-03T04:00:00Z,2026-08-03T06:00:00+0200,5.5,MW,PT,PT,forecast_offshore_wind_generation,Wind Offshore,2026-08-26T22:57:21Z
2026-08-26T22:50:57Z,2026-08-27T00:50:57+0200,397a6afe-2e74-43ab-941a-f6b3142ba16a,2026-08-03T05:00:00Z,2026-08-03T07:00:00+0200,6.8,MW,PT,PT,forecast_offshore_wind_generation,Wind Offshore,2026-08-26T22:57:21Z
2026-08-26T22:50:57Z,2026-08-27T00:50:57+0200,397a6afe-2e74-43ab-941a-f6b3142ba16a,2026-08-03T06:00:00Z,2026-08-03T08:00:00+0200,8.2,MW,PT,PT,forecast_offshore_wind_generation,Wind Offshore,2026-08-26T22:57:21Z
2026-08-26T22:50:57Z,2026-08-27T00:50:57+0200,397a6afe-2e74-43ab-941a-f6b3142ba16a,2026-08-03T07:00:00Z,2026-08-03T09:00:00+0200,9.5,MW,PT,PT,forecast_offshore_wind_generation,Wind Offshore,2026-08-26T22:57:21Z
2026-08-26T22:50:57Z,2026-08-27T00:50:57+0200,397a6afe-2e74-43ab-941a-f6b3142ba16a,2026-08-03T08:00:00Z,2026-08-03T10:00:00+0200,10.9,MW,PT,PT,forecast_offshore_wind_generation,Wind Offshore,2026-08-26T22:57:21Z
2026-08-26T22:50:57Z,2026-08-27T00:50:57+0200,397a6afe-2e74-43ab-941a-f6b3142ba16a,2026-08-03T09:00:00Z,2026-08-03T11:00:00+0200,12.7,MW,PT,PT,forecast_offshore_wind_generation,Wind Offshore,2026-08-26T22:57:21Z
2026-08-26T22:50:57Z,2026-08-27T00:50:57+0200,397a6afe-2e74-43ab-941a-f6b3142ba16a,2026-08-03T10:00:00Z,2026-08-03T12:00:00+0200,14.2,MW,PT,PT,forecast_offshore_wind_generation,Wind Offshore,2026-08-26T22:57:21Z
2026-08-26T22:50:57Z,2026-08-27T00:50:57+0200,397a6afe-2e74-43ab-941a-f6b3142ba16a,2026-08-03T11:00:00Z,2026-08-03T13:00:00+0200,14.9,MW,PT,PT,forecast_offshore_wind_generation,Wind Offshore,2026-08-26T22:57:21Z
2026-08-26T22:50:57Z,2026-08-27T00:50:57+0200,397a6afe-2e74-43ab-941a-f6b3142ba16a,2026-08-03T12:00:00Z,2026-08-03T14:00:00+0200,14.2,MW,PT,PT,forecast_offshore_wind_generation,Wind Offshore,2026-08-26T22:57:21Z
2026-08-26T22:50:57Z,2026-08-27T00:50:57+0200,397a6afe-2e74-43ab-941a-f6b3142ba16a,2026-08-03T13:00:00Z,2026-08-03T15:00:00+0200,12.2,MW,PT,PT,forecast_offshore_wind_generation,Wind Offshore,2026-08-26T22:57:21Z
2026-08-26T22:50:57Z,2026-08-27T00:50:57+0200,397a6afe-2e74-43ab-941a-f6b3142ba16a,2026-08-03T14:00:00Z,2026-08-03T16:00:00+0200,9.3,MW,PT,PT,forecast_offshore_wind_generation,Wind Offshore,2026-08-26T22:57:21Z
2026-08-26T22:50:57Z,2026-08-27T00:50:57+0200,397a6afe-2e74-43ab-941a-f6b3142ba16a,2026-08-03T15:00:00Z,2026-08-03T17:00:00+0200,6.0,MW,PT,PT,forecast_offshore_wind_generation,Wind Offshore,2026-08-26T22:57:21Z
2026-08-26T22:50:57Z,2026-08-27T00:50:57+0200,397a6afe-2e74-43ab-941a-f6b3142ba16a,2026-08-03T16:00:00Z,2026-08-03T18:00:00+0200,3.5,MW,PT,PT,forecast_offshore_wind_generation,Wind Offshore,2026-08-26T22:57:21Z
2026-08-26T22:50:57Z,2026-08-27T00:50:57+0200,397a6afe-2e74-43ab-941a-f6b3142ba16a,2026-08-03T17:00:00Z,2026-08-03T19:00:00+0200,1.4,MW,PT,PT,forecast_offshore_wind_generation,Wind Offshore,2026-08-26T22:57:21Z
2026-08-26T22:50:57Z,2026-08-27T00:50:57+0200,397a6afe-2e74-43ab-941a-f6b3142ba16a,2026-08-03T18:00:00Z,2026-08-03T20:00:00+0200,0.6,MW,PT,PT,forecast_offshore_wind_generation,Wind Offshore,2026-08-26T22:57:21Z
2026-08-26T22:50:57Z,2026-08-27T00:50:57+0200,397a6afe-2e74-43ab-941a-f6b3142ba16a,2026-08-03T19:00:00Z,2026-08-03T21:00:00+0200,0.3,MW,PT,PT,forecast_offshore_wind_generation,Wind Offshore,2026-08-26T22:57:21Z
2026-08-26T22:50:57Z,2026-08-27T00:50:57+0200,397a6afe-2e74-43ab-941a-f6b3142ba16a,2026-08-03T20:00:00Z,2026-08-03T22:00:00+0200,0.2,MW,PT,PT,forecast_offshore_wind_generation,Wind Offshore,2026-08-26T22:57:21Z
2026-08-26T22:50:57Z,2026-08-27T00:50:57+0200,397a6afe-2e74-43ab-941a-f6b3142ba16a,2026-08-03T21:00:00Z,2026-08-03T23:00:00+0200,0.2,MW,PT,PT,forecast_offshore_wind_generation,Wind Offshore,2026-08-26T22:57:21Z
2026-08-26T22:50:57Z,2026-08-27T00:50:57+0200,397a6afe-2e74-43ab-941a-f6b3142ba16a,2026-08-03T22:00:00Z,2026-08-04T00:00:00+0200,0.8,MW,PT,PT,forecast_offshore_wind_generation,Wind Offshore,2026-08-26T22:57:21Z
2026-08-26T22:50:57Z,2026-08-27T00:50:57+0200,397a6afe-2e74-43ab-941a-f6b3142ba16a,2026-08-03T23:00:00Z,2026-08-04T01:00:00+0200,0.9,MW,PT,PT,forecast_offshore_wind_generation,Wind Offshore,2026-08-26T22:57:21Z
2026-08-26T22:50:57Z,2026-08-27T00:50:57+0200,397a6afe-2e74-43ab-941a-f6b3142ba16a,2026-08-04T00:00:00Z,2026-08-04T02:00:00+0200,1.1,MW,PT,PT,forecast_offshore_wind_generation,Wind Offshore,2026-08-26T22:57:21Z
2026-08-26T22:50:57Z,2026-08-27T00:50:57+0200,397a6afe-2e74-43ab-941a-f6b3142ba16a,2026-08-04T01:00:00Z,2026-08-04T03:00:00+0200,1.4,MW,PT,PT,forecast_offshore_wind_generation,Wind Offshore,2026-08-26T22:57:21Z
2026-08-26T22:50:57Z,2026-08-27T00:50:57+0200,397a6afe-2e74-43ab-941a-f6b3142ba16a,2026-08-04T02:00:00Z,2026-08-04T04:00:00+0200,1.8,MW,PT,PT,forecast_offshore_wind_generation,Wind Offshore,2026-08-26T22:57:21Z
2026-08-26T22:50:57Z,2026-08-27T00:50:57+0200,397a6afe-2e74-43ab-941a-f6b3142ba16a,2026-08-04T03:00:00Z,2026-08-04T05:00:00+0200,2.1,MW,PT,PT,forecast_offshore_wind_generation,Wind Offshore,2026-08-26T22:57:21Z
2026-08-26T22:50:57Z,2026-08-27T00:50:57+0200,397a6afe-2e74-43ab-941a-f6b3142ba16a,2026-08-04T04:00:00Z,2026-08-04T06:00:00+0200,2.4,MW,PT,PT,forecast_offshore_wind_generation,Wind Offshore,2026-08-26T22:57:21Z
2026-08-26T22:50:57Z,2026-08-27T00:50:57+0200,397a6afe-2e74-43ab-941a-f6b3142ba16a,2026-08-04T05:00:00Z,2026-08-04T07:00:00+0200,2.6,MW,PT,PT,forecast_offshore_wind_generation,Wind Offshore,2026-08-26T22:57:21Z
2026-08-26T22:50:57Z,2026-08-27T00:50:57+0200,397a6afe-2e74-43ab-941a-f6b3142ba16a,2026-08-04T06:00:00Z,2026-08-04T08:00:00+0200,2.8,MW,PT,PT,forecast_offshore_wind_generation,Wind Offshore,2026-08-26T22:57:21Z
2026-08-26T22:50:57Z,2026-08-27T00:50:57+0200,397a6afe-2e74-43ab-941a-f6b3142ba16a,2026-08-04T07:00:00Z,2026-08-04T09:00:00+0200,2.9,MW,PT,PT,forecast_offshore_wind_generation,Wind Offshore,2026-08-26T22:57:21Z
2026-08-26T22:50:57Z,2026-08-27T00:50:57+0200,397a6afe-2e74-43ab-941a-f6b3142ba16a,2026-08-04T08:00:00Z,2026-08-04T10:00:00+0200,2.9,MW,PT,PT,forecast_offshore_wind_generation,Wind Offshore,2026-08-26T22:57:21Z
2026-08-26T22:50:57Z,2026-08-27T00:50:57+0200,397a6afe-2e74-43ab-941a-f6b3142ba16a,2026-08-04T09:00:00Z,2026-08-04T11:00:00+0200,2.9,MW,PT,PT,forecast_offshore_wind_generation,Wind Offshore,2026-08-26T22:57:21Z
2026-08-26T22:50:57Z,2026-08-27T00:50:57+0200,397a6afe-2e74-43ab-941a-f6b3142ba16a,2026-08-04T10:00:00Z,2026-08-04T12:00:00+0200,2.7,MW,PT,PT,forecast_offshore_wind_generation,Wind Offshore,2026-08-26T22:57:21Z
2026-08-26T22:50:57Z,2026-08-27T00:50:57+0200,397a6afe-2e74-43ab-941a-f6b3142ba16a,2026-08-04T11:00:00Z,2026-08-04T13:00:00+0200,2.3,MW,PT,PT,forecast_offshore_wind_generation,Wind Offshore,2026-08-26T22:57:21Z
2026-08-26T22:50:57Z,2026-08-27T00:50:57+0200,397a6afe-2e74-43ab-941a-f6b3142ba16a,2026-08-04T12:00:00Z,2026-08-04T14:00:00+0200,1.9,MW,PT,PT,forecast_offshore_wind_generation,Wind Offshore,2026-08-26T22:57:21Z
2026-08-26T22:50:57Z,2026-08-27T00:50:57+0200,397a6afe-2e74-43ab-941a-f6b3142ba16a,2026-08-04T13:00:00Z,2026-08-04T15:00:00+0200,1.4,MW,PT,PT,forecast_offshore_wind_generation,Wind Offshore,2026-08-26T22:57:21Z
2026-08-26T22:50:57Z,2026-08-27T00:50:57+0200,397a6afe-2e74-43ab-941a-f6b3142ba16a,2026-08-04T14:00:00Z,2026-08-04T16:00:00+0200,0.9,MW,PT,PT,forecast_offshore_wind_generation,Wind Offshore,2026-08-26T22:57:21Z
2026-08-26T22:50:57Z,2026-08-27T00:50:57+0200,397a6afe-2e74-43ab-941a-f6b3142ba16a,2026-08-04T15:00:00Z,2026-08-04T17:00:00+0200,0.5,MW,PT,PT,forecast_offshore_wind_generation,Wind Offshore,2026-08-26T22:57:21Z
2026-08-26T22:50:57Z,2026-08-27T00:50:57+0200,397a6afe-2e74-43ab-941a-f6b3142ba16a,2026-08-04T16:00:00Z,2026-08-04T18:00:00+0200,0.4,MW,PT,PT,forecast_offshore_wind_generation,Wind Offshore,2026-08-26T22:57:21Z
2026-08-26T22:50:57Z,2026-08-27T00:50:57+0200,397a6afe-2e74-43ab-941a-f6b3142ba16a,2026-08-04T17:00:00Z,2026-08-04T19:00:00+0200,0.4,MW,PT,PT,forecast_offshore_wind_generation,Wind Offshore,2026-08-26T22:57:21Z
2026-08-26T22:50:57Z,2026-08-27T00:50:57+0200,397a6afe-2e74-43ab-941a-f6b3142ba16a,2026-08-04T18:00:00Z,2026-08-04T20:00:00+0200,0.5,MW,PT,PT,forecast_offshore_wind_generation,Wind Offshore,2026-08-26T22:57:21Z
2026-08-26T22:50:57Z,2026-08-27T00:50:57+0200,397a6afe-2e74-43ab-941a-f6b3142ba16a,2026-08-04T19:00:00Z,2026-08-04T21:00:00+0200,0.8,MW,PT,PT,forecast_offshore_wind_generation,Wind Offshore,2026-08-26T22:57:21Z
2026-08-26T22:50:57Z,2026-08-27T00:50:57+0200,397a6afe-2e74-43ab-941a-f6b3142ba16a,2026-08-04T20:00:00Z,2026-08-04T22:00:00+0200,1.2,MW,PT,PT,forecast_offshore_wind_generation,Wind Offshore,2026-08-26T22:57:21Z
2026-08-26T22:50:57Z,2026-08-27T00:50:57+0200,397a6afe-2e74-43ab-941a-f6b3142ba16a,2026-08-04T21:00:00Z,2026-08-04T23:00:00+0200,1.5,MW,PT,PT,forecast_offshore_wind_generation,Wind Offshore,2026-08-26T22:57:21Z
2026-08-26T22:50:57Z,2026-08-27T00:50:57+0200,397a6afe-2e74-43ab-941a-f6b3142ba16a,2026-08-04T22:00:00Z,2026-08-05T00:00:00+0200,2.4,MW,PT,PT,forecast_offshore_wind_generation,Wind Offshore,2026-08-26T22:57:21Z
2026-08-26T22:50:57Z,2026-08-27T00:50:57+0200,397a6afe-2e74-43ab-941a-f6b3142ba16a,2026-08-04T23:00:00Z,2026-08-05T01:00:00+0200,2.9,MW,PT,PT,forecast_offshore_wind_generation,Wind Offshore,2026-08-26T22:57:21Z
2026-08-26T22:50:57Z,2026-08-27T00:50:57+0200,397a6afe-2e74-43ab-941a-f6b3142ba16a,2026-08-05T00:00:00Z,2026-08-05T02:00:00+0200,3.5,MW,PT,PT,forecast_offshore_wind_generation,Wind Offshore,2026-08-26T22:57:21Z
2026-08-26T22:50:57Z,2026-08-27T00:50:57+0200,397a6afe-2e74-43ab-941a-f6b3142ba16a,2026-08-05T01:00:00Z,2026-08-05T03:00:00+0200,3.9,MW,PT,PT,forecast_offshore_wind_generation,Wind Offshore,2026-08-26T22:57:21Z
2026-08-26T22:50:57Z,2026-08-27T00:50:57+0200,397a6afe-2e74-43ab-941a-f6b3142ba16a,2026-08-05T02:00:00Z,2026-08-05T04:00:00+0200,4.2,MW,PT,PT,forecast_offshore_wind_generation,Wind Offshore,2026-08-26T22:57:21Z
2026-08-26T22:50:57Z,2026-08-27T00:50:57+0200,397a6afe-2e74-43ab-941a-f6b3142ba16a,2026-08-05T03:00:00Z,2026-08-05T05:00:00+0200,4.5,MW,PT,PT,forecast_offshore_wind_generation,Wind Offshore,2026-08-26T22:57:21Z
2026-08-26T22:50:57Z,2026-08-27T00:50:57+0200,397a6afe-2e74-43ab-941a-f6b3142ba16a,2026-08-05T04:00:00Z,2026-08-05T06:00:00+0200,4.8,MW,PT,PT,forecast_offshore_wind_generation,Wind Offshore,2026-08-26T22:57:21Z
2026-08-26T22:50:57Z,2026-08-27T00:50:57+0200,397a6afe-2e74-43ab-941a-f6b3142ba16a,2026-08-05T05:00:00Z,2026-08-05T07:00:00+0200,5.1,MW,PT,PT,forecast_offshore_wind_generation,Wind Offshore,2026-08-26T22:57:21Z
2026-08-26T22:50:57Z,2026-08-27T00:50:57+0200,397a6afe-2e74-43ab-941a-f6b3142ba16a,2026-08-05T06:00:00Z,2026-08-05T08:00:00+0200,5.3,MW,PT,PT,forecast_offshore_wind_generation,Wind Offshore,2026-08-26T22:57:21Z
2026-08-26T22:50:57Z,2026-08-27T00:50:57+0200,397a6afe-2e74-43ab-941a-f6b3142ba16a,2026-08-05T07:00:00Z,2026-08-05T09:00:00+0200,5.3,MW,PT,PT,forecast_offshore_wind_generation,Wind Offshore,2026-08-26T22:57:21Z
2026-08-26T22:50:57Z,2026-08-27T00:50:57+0200,397a6afe-2e74-43ab-941a-f6b3142ba16a,2026-08-05T08:00:00Z,2026-08-05T10:00:00+0200,5.4,MW,PT,PT,forecast_offshore_wind_generation,Wind Offshore,2026-08-26T22:57:21Z
2026-08-26T22:50:57Z,2026-08-27T00:50:57+0200,397a6afe-2e74-43ab-941a-f6b3142ba16a,2026-08-05T09:00:00Z,2026-08-05T11:00:00+0200,6.2,MW,PT,PT,forecast_offshore_wind_generation,Wind Offshore,2026-08-26T22:57:21Z
2026-08-26T22:50:57Z,2026-08-27T00:50:57+0200,397a6afe-2e74-43ab-941a-f6b3142ba16a,2026-08-05T10:00:00Z,2026-08-05T12:00:00+0200,7.5,MW,PT,PT,forecast_offshore_wind_generation,Wind Offshore,2026-08-26T22:57:21Z
2026-08-26T22:50:57Z,2026-08-27T00:50:57+0200,397a6afe-2e74-43ab-941a-f6b3142ba16a,2026-08-05T11:00:00Z,2026-08-05T13:00:00+0200,9.0,MW,PT,PT,forecast_offshore_wind_generation,Wind Offshore,2026-08-26T22:57:21Z
2026-08-26T22:50:57Z,2026-08-27T00:50:57+0200,397a6afe-2e74-43ab-941a-f6b3142ba16a,2026-08-05T12:00:00Z,2026-08-05T14:00:00+0200,11.2,MW,PT,PT,forecast_offshore_wind_generation,Wind Offshore,2026-08-26T22:57:21Z
2026-08-26T22:50:57Z,2026-08-27T00:50:57+0200,397a6afe-2e74-43ab-941a-f6b3142ba16a,2026-08-05T13:00:00Z,2026-08-05T15:00:00+0200,13.6,MW,PT,PT,forecast_offshore_wind_generation,Wind Offshore,2026-08-26T22:57:21Z
2026-08-26T22:50:57Z,2026-08-27T00:50:57+0200,397a6afe-2e74-43ab-941a-f6b3142ba16a,2026-08-05T14:00:00Z,2026-08-05T16:00:00+0200,15.8,MW,PT,PT,forecast_offshore_wind_generation,Wind Offshore,2026-08-26T22:57:21Z
2026-08-26T22:50:57Z,2026-08-27T00:50:57+0200,397a6afe-2e74-43ab-941a-f6b3142ba16a,2026-08-05T15:00:00Z,2026-08-05T17:00:00+0200,18.0,MW,PT,PT,forecast_offshore_wind_generation,Wind Offshore,2026-08-26T22:57:21Z
2026-08-26T22:50:57Z,2026-08-27T00:50:57+0200,397a6afe-2e74-43ab-941a-f6b3142ba16a,2026-08-05T16:00:00Z,2026-08-05T18:00:00+0200,19.2,MW,PT,PT,forecast_offshore_wind_generation,Wind Offshore,2026-08-26T22:57:21Z
2026-08-26T22:50:57Z,2026-08-27T00:50:57+0200,397a6afe-2e74-43ab-941a-f6b3142ba16a,2026-08-05T17:00:00Z,2026-08-05T19:00:00+0200,19.9,MW,PT,PT,forecast_offshore_wind_generation,Wind Offshore,2026-08-26T22:57:21Z
2026-08-26T22:50:57Z,2026-08-27T00:50:57+0200,397a6afe-2e74-43ab-941a-f6b3142ba16a,2026-08-05T18:00:00Z,2026-08-05T20:00:00+0200,19.8,MW,PT,PT,forecast_offshore_wind_generation,Wind Offshore,2026-08-26T22:57:21Z
2026-08-26T22:50:57Z,2026-08-27T00:50:57+0200,397a6afe-2e74-43ab-941a-f6b3142ba16a,2026-08-05T19:00:00Z,2026-08-05T21:00:00+0200,19.8,MW,PT,PT,forecast_offshore_wind_generation,Wind Offshore,2026-08-26T22:57:21Z
2026-08-26T22:50:57Z,2026-08-27T00:50:57+0200,397a6afe-2e74-43ab-941a-f6b3142ba16a,2026-08-05T20:00:00Z,2026-08-05T22:00:00+0200,19.7,MW,PT,PT,forecast_offshore_wind_generation,Wind Offshore,2026-08-26T22:57:21Z
2026-08-26T22:50:57Z,2026-08-27T00:50:57+0200,397a6afe-2e74-43ab-941a-f6b3142ba16a,2026-08-05T21:00:00Z,2026-08-05T23:00:00+0200,19.8,MW,PT,PT,forecast_offshore_wind_generation,Wind Offshore,2026-08-26T22:57:21Z
2026-08-26T22:50:57Z,2026-08-27T00:50:57+0200,397a6afe-2e74-43ab-941a-f6b3142ba16a,2026-08-05T22:00:00Z,2026-08-06T00:00:00+0200,13.2,MW,PT,PT,forecast_offshore_wind_generation,Wind Offshore,2026-08-26T22:57:21Z
2026-08-26T22:50:57Z,2026-08-27T00:50:57+0200,397a6afe-2e74-43ab-941a-f6b3142ba16a,2026-08-05T23:00:00Z,2026-08-06T01:00:00+0200,11.5,MW,PT,PT,forecast_offshore_wind_generation,Wind Offshore,2026-08-26T22:57:21Z
2026-08-26T22:50:57Z,2026-08-27T00:50:57+0200,397a6afe-2e74-43ab-941a-f6b3142ba16a,2026-08-06T00:00:00Z,2026-08-06T02:00:00+0200,9.0,MW,PT,PT,forecast_offshore_wind_generation,Wind Offshore,2026-08-26T22:57:21Z
2026-08-26T22:50:57Z,2026-08-27T00:50:57+0200,397a6afe-2e74-43ab-941a-f6b3142ba16a,2026-08-06T01:00:00Z,2026-08-06T03:00:00+0200,6.8,MW,PT,PT,forecast_offshore_wind_generation,Wind Offshore,2026-08-26T22:57:21Z
2026-08-26T22:50:57Z,2026-08-27T00:50:57+0200,397a6afe-2e74-43ab-941a-f6b3142ba16a,2026-08-06T02:00:00Z,2026-08-06T04:00:00+0200,5.8,MW,PT,PT,forecast_offshore_wind_generation,Wind Offshore,2026-08-26T22:57:21Z
2026-08-26T22:50:57Z,2026-08-27T00:50:57+0200,397a6afe-2e74-43ab-941a-f6b3142ba16a,2026-08-06T03:00:00Z,2026-08-06T05:00:00+0200,5.3,MW,PT,PT,forecast_offshore_wind_generation,Wind Offshore,2026-08-26T22:57:21Z
2026-08-26T22:50:57Z,2026-08-27T00:50:57+0200,397a6afe-2e74-43ab-941a-f6b3142ba16a,2026-08-06T04:00:00Z,2026-08-06T06:00:00+0200,4.7,MW,PT,PT,forecast_offshore_wind_generation,Wind Offshore,2026-08-26T22:57:21Z
2026-08-26T22:50:57Z,2026-08-27T00:50:57+0200,397a6afe-2e74-43ab-941a-f6b3142ba16a,2026-08-06T05:00:00Z,2026-08-06T07:00:00+0200,3.7,MW,PT,PT,forecast_offshore_wind_generation,Wind Offshore,2026-08-26T22:57:21Z
2026-08-26T22:50:57Z,2026-08-27T00:50:57+0200,397a6afe-2e74-43ab-941a-f6b3142ba16a,2026-08-06T06:00:00Z,2026-08-06T08:00:00+0200,2.8,MW,PT,PT,forecast_offshore_wind_generation,Wind Offshore,2026-08-26T22:57:21Z
2026-08-26T22:50:57Z,2026-08-27T00:50:57+0200,397a6afe-2e74-43ab-941a-f6b3142ba16a,2026-08-06T07:00:00Z,2026-08-06T09:00:00+0200,2.2,MW,PT,PT,forecast_offshore_wind_generation,Wind Offshore,2026-08-26T22:57:21Z
2026-08-26T22:50:57Z,2026-08-27T00:50:57+0200,397a6afe-2e74-43ab-941a-f6b3142ba16a,2026-08-06T08:00:00Z,2026-08-06T10:00:00+0200,2.1,MW,PT,PT,forecast_offshore_wind_generation,Wind Offshore,2026-08-26T22:57:21Z
2026-08-26T22:50:57Z,2026-08-27T00:50:57+0200,397a6afe-2e74-43ab-941a-f6b3142ba16a,2026-08-06T09:00:00Z,2026-08-06T11:00:00+0200,2.1,MW,PT,PT,forecast_offshore_wind_generation,Wind Offshore,2026-08-26T22:57:21Z
2026-08-26T22:50:57Z,2026-08-27T00:50:57+0200,397a6afe-2e74-43ab-941a-f6b3142ba16a,2026-08-06T10:00:00Z,2026-08-06T12:00:00+0200,2.5,MW,PT,PT,forecast_offshore_wind_generation,Wind Offshore,2026-08-26T22:57:21Z
2026-08-26T22:50:57Z,2026-08-27T00:50:57+0200,397a6afe-2e74-43ab-941a-f6b3142ba16a,2026-08-06T11:00:00Z,2026-08-06T13:00:00+0200,3.3,MW,PT,PT,forecast_offshore_wind_generation,Wind Offshore,2026-08-26T22:57:21Z
2026-08-26T22:50:57Z,2026-08-27T00:50:57+0200,397a6afe-2e74-43ab-941a-f6b3142ba16a,2026-08-06T12:00:00Z,2026-08-06T14:00:00+0200,4.5,MW,PT,PT,forecast_offshore_wind_generation,Wind Offshore,2026-08-26T22:57:21Z
2026-08-26T22:50:57Z,2026-08-27T00:50:57+0200,397a6afe-2e74-43ab-941a-f6b3142ba16a,2026-08-06T13:00:00Z,2026-08-06T15:00:00+0200,5.8,MW,PT,PT,forecast_offshore_wind_generation,Wind Offshore,2026-08-26T22:57:21Z
2026-08-26T22:50:57Z,2026-08-27T00:50:57+0200,397a6afe-2e74-43ab-941a-f6b3142ba16a,2026-08-06T14:00:00Z,2026-08-06T16:00:00+0200,7.5,MW,PT,PT,forecast_offshore_wind_generation,Wind Offshore,2026-08-26T22:57:21Z
2026-08-26T22:50:57Z,2026-08-27T00:50:57+0200,397a6afe-2e74-43ab-941a-f6b3142ba16a,2026-08-06T15:00:00Z,2026-08-06T17:00:00+0200,8.7,MW,PT,PT,forecast_offshore_wind_generation,Wind Offshore,2026-08-26T22:57:21Z
2026-08-26T22:50:57Z,2026-08-27T00:50:57+0200,397a6afe-2e74-43ab-941a-f6b3142ba16a,2026-08-06T16:00:00Z,2026-08-06T18:00:00+0200,9.5,MW,PT,PT,forecast_offshore_wind_generation,Wind Offshore,2026-08-26T22:57:21Z
2026-08-26T22:50:57Z,2026-08-27T00:50:57+0200,397a6afe-2e74-43ab-941a-f6b3142ba16a,2026-08-06T17:00:00Z,2026-08-06T19:00:00+0200,9.3,MW,PT,PT,forecast_offshore_wind_generation,Wind Offshore,2026-08-26T22:57:21Z
2026-08-26T22:50:57Z,2026-08-27T00:50:57+0200,397a6afe-2e74-43ab-941a-f6b3142ba16a,2026-08-06T18:00:00Z,2026-08-06T20:00:00+0200,8.8,MW,PT,PT,forecast_offshore_wind_generation,Wind Offshore,2026-08-26T22:57:21Z
2026-08-26T22:50:57Z,2026-08-27T00:50:57+0200,397a6afe-2e74-43ab-941a-f6b3142ba16a,2026-08-06T19:00:00Z,2026-08-06T21:00:00+0200,7.9,MW,PT,PT,forecast_offshore_wind_generation,Wind Offshore,2026-08-26T22:57:21Z
2026-08-26T22:50:57Z,2026-08-27T00:50:57+0200,397a6afe-2e74-43ab-941a-f6b3142ba16a,2026-08-06T20:00:00Z,2026-08-06T22:00:00+0200,7.0,MW,PT,PT,forecast_offshore_wind_generation,Wind Offshore,2026-08-26T22:57:21Z
2026-08-26T22:50:57Z,2026-08-27T00:50:57+0200,397a6afe-2e74-43ab-941a-f6b3142ba16a,2026-08-06T21:00:00Z,2026-08-06T23:00:00+0200,6.4,MW,PT,PT,forecast_offshore_wind_generation,Wind Offshore,2026-08-26T22:57:21Z
2026-08-26T22:50:57Z,2026-08-27T00:50:57+0200,397a6afe-2e74-43ab-941a-f6b3142ba16a,2026-08-06T22:00:00Z,2026-08-07T00:00:00+0200,3.0,MW,PT,PT,forecast_offshore_wind_generation,Wind Offshore,2026-08-26T22:57:21Z
2026-08-26T22:50:57Z,2026-08-27T00:50:57+0200,397a6afe-2e74-43ab-941a-f6b3142ba16a,2026-08-06T23:00:00Z,2026-08-07T01:00:00+0200,2.3,MW,PT,PT,forecast_offshore_wind_generation,Wind Offshore,2026-08-26T22:57:21Z
2026-08-26T22:50:57Z,2026-08-27T00:50:57+0200,397a6afe-2e74-43ab-941a-f6b3142ba16a,2026-08-07T00:00:00Z,2026-08-07T02:00:00+0200,1.6,MW,PT,PT,forecast_offshore_wind_generation,Wind Offshore,2026-08-26T22:57:21Z
2026-08-26T22:50:57Z,2026-08-27T00:50:57+0200,397a6afe-2e74-43ab-941a-f6b3142ba16a,2026-08-07T01:00:00Z,2026-08-07T03:00:00+0200,1.0,MW,PT,PT,forecast_offshore_wind_generation,Wind Offshore,2026-08-26T22:57:21Z
2026-08-26T22:50:57Z,2026-08-27T00:50:57+0200,397a6afe-2e74-43ab-941a-f6b3142ba16a,2026-08-07T02:00:00Z,2026-08-07T04:00:00+0200,0.6,MW,PT,PT,forecast_offshore_wind_generation,Wind Offshore,2026-08-26T22:57:21Z
2026-08-26T22:50:57Z,2026-08-27T00:50:57+0200,397a6afe-2e74-43ab-941a-f6b3142ba16a,2026-08-07T03:00:00Z,2026-08-07T05:00:00+0200,0.4,MW,PT,PT,forecast_offshore_wind_generation,Wind Offshore,2026-08-26T22:57:21Z
2026-08-26T22:50:57Z,2026-08-27T00:50:57+0200,397a6afe-2e74-43ab-941a-f6b3142ba16a,2026-08-07T04:00:00Z,2026-08-07T06:00:00+0200,0.3,MW,PT,PT,forecast_offshore_wind_generation,Wind Offshore,2026-08-26T22:57:21Z
2026-08-26T22:50:57Z,2026-08-27T00:50:57+0200,397a6afe-2e74-43ab-941a-f6b3142ba16a,2026-08-07T05:00:00Z,2026-08-07T07:00:00+0200,0.4,MW,PT,PT,forecast_offshore_wind_generation,Wind Offshore,2026-08-26T22:57:21Z
2026-08-26T22:50:57Z,2026-08-27T00:50:57+0200,397a6afe-2e74-43ab-941a-f6b3142ba16a,2026-08-07T06:00:00Z,2026-08-07T08:00:00+0200,0.5,MW,PT,PT,forecast_offshore_wind_generation,Wind Offshore,2026-08-26T22:57:21Z
2026-08-26T22:50:57Z,2026-08-27T00:50:57+0200,397a6afe-2e74-43ab-941a-f6b3142ba16a,2026-08-07T07:00:00Z,2026-08-07T09:00:00+0200,0.6,MW,PT,PT,forecast_offshore_wind_generation,Wind Offshore,2026-08-26T22:57:21Z
2026-08-26T22:50:57Z,2026-08-27T00:50:57+0200,397a6afe-2e74-43ab-941a-f6b3142ba16a,2026-08-07T08:00:00Z,2026-08-07T10:00:00+0200,0.6,MW,PT,PT,forecast_offshore_wind_generation,Wind Offshore,2026-08-26T22:57:21Z
2026-08-26T22:50:57Z,2026-08-27T00:50:57+0200,397a6afe-2e74-43ab-941a-f6b3142ba16a,2026-08-07T09:00:00Z,2026-08-07T11:00:00+0200,0.7,MW,PT,PT,forecast_offshore_wind_generation,Wind Offshore,2026-08-26T22:57:21Z
2026-08-26T22:50:57Z,2026-08-27T00:50:57+0200,397a6afe-2e74-43ab-941a-f6b3142ba16a,2026-08-07T10:00:00Z,2026-08-07T12:00:00+0200,0.7,MW,PT,PT,forecast_offshore_wind_generation,Wind Offshore,2026-08-26T22:57:21Z
2026-08-26T22:50:57Z,2026-08-27T00:50:57+0200,397a6afe-2e74-43ab-941a-f6b3142ba16a,2026-08-07T11:00:00Z,2026-08-07T13:00:00+0200,0.5,MW,PT,PT,forecast_offshore_wind_generation,Wind Offshore,2026-08-26T22:57:21Z
2026-08-26T22:50:57Z,2026-08-27T00:50:57+0200,397a6afe-2e74-43ab-941a-f6b3142ba16a,2026-08-07T12:00:00Z,2026-08-07T14:00:00+0200,0.4,MW,PT,PT,forecast_offshore_wind_generation,Wind Offshore,2026-08-26T22:57:21Z
2026-08-26T22:50:57Z,2026-08-27T00:50:57+0200,397a6afe-2e74-43ab-941a-f6b3142ba16a,2026-08-07T13:00:00Z,2026-08-07T15:00:00+0200,0.4,MW,PT,PT,forecast_offshore_wind_generation,Wind Offshore,2026-08-26T22:57:21Z
2026-08-26T22:50:57Z,2026-08-27T00:50:57+0200,397a6afe-2e74-43ab-941a-f6b3142ba16a,2026-08-07T14:00:00Z,2026-08-07T16:00:00+0200,0.5,MW,PT,PT,forecast_offshore_wind_generation,Wind Offshore,2026-08-26T22:57:21Z
2026-08-26T22:50:57Z,2026-08-27T00:50:57+0200,397a6afe-2e74-43ab-941a-f6b3142ba16a,2026-08-07T15:00:00Z,2026-08-07T17:00:00+0200,0.5,MW,PT,PT,forecast_offshore_wind_generation,Wind Offshore,2026-08-26T22:57:21Z
2026-08-26T22:50:57Z,2026-08-27T00:50:57+0200,397a6afe-2e74-43ab-941a-f6b3142ba16a,2026-08-07T16:00:00Z,2026-08-07T18:00:00+0200,0.5,MW,PT,PT,forecast_offshore_wind_generation,Wind Offshore,2026-08-26T22:57:21Z
2026-08-26T22:50:57Z,2026-08-27T00:50:57+0200,397a6afe-2e74-43ab-941a-f6b3142ba16a,2026-08-07T17:00:00Z,2026-08-07T19:00:00+0200,0.5,MW,PT,PT,forecast_offshore_wind_generation,Wind Offshore,2026-08-26T22:57:21Z
2026-08-26T22:50:57Z,2026-08-27T00:50:57+0200,397a6afe-2e74-43ab-941a-f6b3142ba16a,2026-08-07T18:00:00Z,2026-08-07T20:00:00+0200,0.5,MW,PT,PT,forecast_offshore_wind_generation,Wind Offshore,2026-08-26T22:57:21Z
2026-08-26T22:50:57Z,2026-08-27T00:50:57+0200,397a6afe-2e74-43ab-941a-f6b3142ba16a,2026-08-07T19:00:00Z,2026-08-07T21:00:00+0200,0.5,MW,PT,PT,forecast_offshore_wind_generation,Wind Offshore,2026-08-26T22:57:21Z
2026-08-26T22:50:57Z,2026-08-27T00:50:57+0200,397a6afe-2e74-43ab-941a-f6b3142ba16a,2026-08-07T20:00:00Z,2026-08-07T22:00:00+0200,0.5,MW,PT,PT,forecast_offshore_wind_generation,Wind Offshore,2026-08-26T22:57:21Z
2026-08-26T22:50:57Z,2026-08-27T00:50:57+0200,397a6afe-2e74-43ab-941a-f6b3142ba16a,2026-08-07T21:00:00Z,2026-08-07T23:00:00+0200,0.5,MW,PT,PT,forecast_offshore_wind_generation,Wind Offshore,2026-08-26T22:57:21Z
2026-08-26T22:50:57Z,2026-08-27T00:50:57+0200,397a6afe-2e74-43ab-941a-f6b3142ba16a,2026-08-07T22:00:00Z,2026-08-08T00:00:00+0200,0.4,MW,PT,PT,forecast_offshore_wind_generation,Wind Offshore,2026-08-26T22:57:21Z
2026-08-26T22:50:57Z,2026-08-27T00:50:57+0200,397a6afe-2e74-43ab-941a-f6b3142ba16a,2026-08-07T23:00:00Z,2026-08-08T01:00:00+0200,0.4,MW,PT,PT,forecast_offshore_wind_generation,Wind Offshore,2026-08-26T22:57:21Z
2026-08-26T22:50:57Z,2026-08-27T00:50:57+0200,397a6afe-2e74-43ab-941a-f6b3142ba16a,2026-08-08T00:00:00Z,2026-08-08T02:00:00+0200,0.4,MW,PT,PT,forecast_offshore_wind_generation,Wind Offshore,2026-08-26T22:57:21Z
2026-08-26T22:50:57Z,2026-08-27T00:50:57+0200,397a6afe-2e74-43ab-941a-f6b3142ba16a,2026-08-08T01:00:00Z,2026-08-08T03:00:00+0200,0.4,MW,PT,PT,forecast_offshore_wind_generation,Wind Offshore,2026-08-26T22:57:21Z
2026-08-26T22:50:57Z,2026-08-27T00:50:57+0200,397a6afe-2e74-43ab-941a-f6b3142ba16a,2026-08-08T02:00:00Z,2026-08-08T04:00:00+0200,0.4,MW,PT,PT,forecast_offshore_wind_generation,Wind Offshore,2026-08-26T22:57:21Z
2026-08-26T22:50:57Z,2026-08-27T00:50:57+0200,397a6afe-2e74-43ab-941a-f6b3142ba16a,2026-08-08T03:00:00Z,2026-08-08T05:00:00+0200,0.4,MW,PT,PT,forecast_offshore_wind_generation,Wind Offshore,2026-08-26T22:57:21Z
2026-08-26T22:50:57Z,2026-08-27T00:50:57+0200,397a6afe-2e74-43ab-941a-f6b3142ba16a,2026-08-08T04:00:00Z,2026-08-08T06:00:00+0200,0.5,MW,PT,PT,forecast_offshore_wind_generation,Wind Offshore,2026-08-26T22:57:21Z
2026-08-26T22:50:57Z,2026-08-27T00:50:57+0200,397a6afe-2e74-43ab-941a-f6b3142ba16a,2026-08-08T05:00:00Z,2026-08-08T07:00:00+0200,0.6,MW,PT,PT,forecast_offshore_wind_generation,Wind Offshore,2026-08-26T22:57:21Z
2026-08-26T22:50:57Z,2026-08-27T00:50:57+0200,397a6afe-2e74-43ab-941a-f6b3142ba16a,2026-08-08T06:00:00Z,2026-08-08T08:00:00+0200,0.7,MW,PT,PT,forecast_offshore_wind_generation,Wind Offshore,2026-08-26T22:57:21Z
2026-08-26T22:50:57Z,2026-08-27T00:50:57+0200,397a6afe-2e74-43ab-941a-f6b3142ba16a,2026-08-08T07:00:00Z,2026-08-08T09:00:00+0200,0.9,MW,PT,PT,forecast_offshore_wind_generation,Wind Offshore,2026-08-26T22:57:21Z
2026-08-26T22:50:57Z,2026-08-27T00:50:57+0200,397a6afe-2e74-43ab-941a-f6b3142ba16a,2026-08-08T08:00:00Z,2026-08-08T10:00:00+0200,1.2,MW,PT,PT,forecast_offshore_wind_generation,Wind Offshore,2026-08-26T22:57:21Z
2026-08-26T22:50:57Z,2026-08-27T00:50:57+0200,397a6afe-2e74-43ab-941a-f6b3142ba16a,2026-08-08T09:00:00Z,2026-08-08T11:00:00+0200,1.8,MW,PT,PT,forecast_offshore_wind_generation,Wind Offshore,2026-08-26T22:57:21Z
2026-08-26T22:50:57Z,2026-08-27T00:50:57+0200,397a6afe-2e74-43ab-941a-f6b3142ba16a,2026-08-08T10:00:00Z,2026-08-08T12:00:00+0200,2.2,MW,PT,PT,forecast_offshore_wind_generation,Wind Offshore,2026-08-26T22:57:21Z
2026-08-26T22:50:57Z,2026-08-27T00:50:57+0200,397a6afe-2e74-43ab-941a-f6b3142ba16a,2026-08-08T11:00:00Z,2026-08-08T13:00:00+0200,2.5,MW,PT,PT,forecast_offshore_wind_generation,Wind Offshore,2026-08-26T22:57:21Z
2026-08-26T22:50:57Z,2026-08-27T00:50:57+0200,397a6afe-2e74-43ab-941a-f6b3142ba16a,2026-08-08T12:00:00Z,2026-08-08T14:00:00+0200,2.7,MW,PT,PT,forecast_offshore_wind_generation,Wind Offshore,2026-08-26T22:57:21Z
2026-08-26T22:50:57Z,2026-08-27T00:50:57+0200,397a6afe-2e74-43ab-941a-f6b3142ba16a,2026-08-08T13:00:00Z,2026-08-08T15:00:00+0200,2.9,MW,PT,PT,forecast_offshore_wind_generation,Wind Offshore,2026-08-26T22:57:21Z
2026-08-26T22:50:57Z,2026-08-27T00:50:57+0200,397a6afe-2e74-43ab-941a-f6b3142ba16a,2026-08-08T14:00:00Z,2026-08-08T16:00:00+0200,2.8,MW,PT,PT,forecast_offshore_wind_generation,Wind Offshore,2026-08-26T22:57:21Z
2026-08-26T22:50:57Z,2026-08-27T00:50:57+0200,397a6afe-2e74-43ab-941a-f6b3142ba16a,2026-08-08T15:00:00Z,2026-08-08T17:00:00+0200,2.2,MW,PT,PT,forecast_offshore_wind_generation,Wind Offshore,2026-08-26T22:57:21Z
2026-08-26T22:50:57Z,2026-08-27T00:50:57+0200,397a6afe-2e74-43ab-941a-f6b3142ba16a,2026-08-08T16:00:00Z,2026-08-08T18:00:00+0200,1.6,MW,PT,PT,forecast_offshore_wind_generation,Wind Offshore,2026-08-26T22:57:21Z
2026-08-26T22:50:57Z,2026-08-27T00:50:57+0200,397a6afe-2e74-43ab-941a-f6b3142ba16a,2026-08-08T17:00:00Z,2026-08-08T19:00:00+0200,1.0,MW,PT,PT,forecast_offshore_wind_generation,Wind Offshore,2026-08-26T22:57:21Z
2026-08-26T22:50:57Z,2026-08-27T00:50:57+0200,397a6afe-2e74-43ab-941a-f6b3142ba16a,2026-08-08T18:00:00Z,2026-08-08T20:00:00+0200,0.7,MW,PT,PT,forecast_offshore_wind_generation,Wind Offshore,2026-08-26T22:57:21Z
2026-08-26T22:50:57Z,2026-08-27T00:50:57+0200,397a6afe-2e74-43ab-941a-f6b3142ba16a,2026-08-08T19:00:00Z,2026-08-08T21:00:00+0200,0.6,MW,PT,PT,forecast_offshore_wind_generation,Wind Offshore,2026-08-26T22:57:21Z
2026-08-26T22:50:57Z,2026-08-27T00:50:57+0200,397a6afe-2e74-43ab-941a-f6b3142ba16a,2026-08-08T20:00:00Z,2026-08-08T22:00:00+0200,0.6,MW,PT,PT,forecast_offshore_wind_generation,Wind Offshore,2026-08-26T22:57:21Z
2026-08-26T22:50:57Z,2026-08-27T00:50:57+0200,397a6afe-2e74-43ab-941a-f6b3142ba16a,2026-08-08T21:00:00Z,2026-08-08T23:00:00+0200,0.6,MW,PT,PT,forecast_offshore_wind_generation,Wind Offshore,2026-08-26T22:57:21Z
2026-08-26T22:50:57Z,2026-08-27T00:50:57+0200,397a6afe-2e74-43ab-941a-f6b3142ba16a,2026-08-08T22:00:00Z,2026-08-09T00:00:00+0200,0.3,MW,PT,PT,forecast_offshore_wind_generation,Wind Offshore,2026-08-26T22:57:21Z
2026-08-26T22:50:57Z,2026-08-27T00:50:57+0200,397a6afe-2e74-43ab-941a-f6b3142ba16a,2026-08-08T23:00:00Z,2026-08-09T01:00:00+0200,0.2,MW,PT,PT,forecast_offshore_wind_generation,Wind Offshore,2026-08-26T22:57:21Z
2026-08-26T22:50:57Z,2026-08-27T00:50:57+0200,397a6afe-2e74-43ab-941a-f6b3142ba16a,2026-08-09T00:00:00Z,2026-08-09T02:00:00+0200,0.2,MW,PT,PT,forecast_offshore_wind_generation,Wind Offshore,2026-08-26T22:57:21Z
2026-08-26T22:50:57Z,2026-08-27T00:50:57+0200,397a6afe-2e74-43ab-941a-f6b3142ba16a,2026-08-09T01:00:00Z,2026-08-09T03:00:00+0200,0.2,MW,PT,PT,forecast_offshore_wind_generation,Wind Offshore,2026-08-26T22:57:21Z
2026-08-26T22:50:57Z,2026-08-27T00:50:57+0200,397a6afe-2e74-43ab-941a-f6b3142ba16a,2026-08-09T02:00:00Z,2026-08-09T04:00:00+0200,0.2,MW,PT,PT,forecast_offshore_wind_generation,Wind Offshore,2026-08-26T22:57:21Z
2026-08-26T22:50:57Z,2026-08-27T00:50:57+0200,397a6afe-2e74-43ab-941a-f6b3142ba16a,2026-08-09T03:00:00Z,2026-08-09T05:00:00+0200,0.2,MW,PT,PT,forecast_offshore_wind_generation,Wind Offshore,2026-08-26T22:57:21Z
2026-08-26T22:50:57Z,2026-08-27T00:50:57+0200,397a6afe-2e74-43ab-941a-f6b3142ba16a,2026-08-09T04:00:00Z,2026-08-09T06:00:00+0200,0.2,MW,PT,PT,forecast_offshore_wind_generation,Wind Offshore,2026-08-26T22:57:21Z
2026-08-26T22:50:57Z,2026-08-27T00:50:57+0200,397a6afe-2e74-43ab-941a-f6b3142ba16a,2026-08-09T05:00:00Z,2026-08-09T07:00:00+0200,0.2,MW,PT,PT,forecast_offshore_wind_generation,Wind Offshore,2026-08-26T22:57:21Z
2026-08-26T22:50:57Z,2026-08-27T00:50:57+0200,397a6afe-2e74-43ab-941a-f6b3142ba16a,2026-08-09T06:00:00Z,2026-08-09T08:00:00+0200,0.2,MW,PT,PT,forecast_offshore_wind_generation,Wind Offshore,2026-08-26T22:57:21Z
2026-08-26T22:50:57Z,2026-08-27T00:50:57+0200,397a6afe-2e74-43ab-941a-f6b3142ba16a,2026-08-09T07:00:00Z,2026-08-09T09:00:00+0200,0.1,MW,PT,PT,forecast_offshore_wind_generation,Wind Offshore,2026-08-26T22:57:21Z
2026-08-26T22:50:57Z,2026-08-27T00:50:57+0200,397a6afe-2e74-43ab-941a-f6b3142ba16a,2026-08-09T08:00:00Z,2026-08-09T10:00:00+0200,0.2,MW,PT,PT,forecast_offshore_wind_generation,Wind Offshore,2026-08-26T22:57:21Z
2026-08-26T22:50:57Z,2026-08-27T00:50:57+0200,397a6afe-2e74-43ab-941a-f6b3142ba16a,2026-08-09T09:00:00Z,2026-08-09T11:00:00+0200,0.2,MW,PT,PT,forecast_offshore_wind_generation,Wind Offshore,2026-08-26T22:57:21Z
2026-08-26T22:50:57Z,2026-08-27T00:50:57+0200,397a6afe-2e74-43ab-941a-f6b3142ba16a,2026-08-09T10:00:00Z,2026-08-09T12:00:00+0200,0.2,MW,PT,PT,forecast_offshore_wind_generation,Wind Offshore,2026-08-26T22:57:21Z
2026-08-26T22:50:57Z,2026-08-27T00:50:57+0200,397a6afe-2e74-43ab-941a-f6b3142ba16a,2026-08-09T11:00:00Z,2026-08-09T13:00:00+0200,0.1,MW,PT,PT,forecast_offshore_wind_generation,Wind Offshore,2026-08-26T22:57:21Z
2026-08-26T22:50:57Z,2026-08-27T00:50:57+0200,397a6afe-2e74-43ab-941a-f6b3142ba16a,2026-08-09T12:00:00Z,2026-08-09T14:00:00+0200,0.2,MW,PT,PT,forecast_offshore_wind_generation,Wind Offshore,2026-08-26T22:57:21Z
2026-08-26T22:50:57Z,2026-08-27T00:50:57+0200,397a6afe-2e74-43ab-941a-f6b3142ba16a,2026-08-09T13:00:00Z,2026-08-09T15:00:00+0200,0.4,MW,PT,PT,forecast_offshore_wind_generation,Wind Offshore,2026-08-26T22:57:21Z
2026-08-26T22:50:57Z,2026-08-27T00:50:57+0200,397a6afe-2e74-43ab-941a-f6b3142ba16a,2026-08-09T14:00:00Z,2026-08-09T16:00:00+0200,0.7,MW,PT,PT,forecast_offshore_wind_generation,Wind Offshore,2026-08-26T22:57:21Z
2026-08-26T22:50:57Z,2026-08-27T00:50:57+0200,397a6afe-2e74-43ab-941a-f6b3142ba16a,2026-08-09T15:00:00Z,2026-08-09T17:00:00+0200,1.0,MW,PT,PT,forecast_offshore_wind_generation,Wind Offshore,2026-08-26T22:57:21Z
2026-08-26T22:50:57Z,2026-08-27T00:50:57+0200,397a6afe-2e74-43ab-941a-f6b3142ba16a,2026-08-09T16:00:00Z,2026-08-09T18:00:00+0200,1.3,MW,PT,PT,forecast_offshore_wind_generation,Wind Offshore,2026-08-26T22:57:21Z
2026-08-26T22:50:57Z,2026-08-27T00:50:57+0200,397a6afe-2e74-43ab-941a-f6b3142ba16a,2026-08-09T17:00:00Z,2026-08-09T19:00:00+0200,1.6,MW,PT,PT,forecast_offshore_wind_generation,Wind Offshore,2026-08-26T22:57:21Z
2026-08-26T22:50:57Z,2026-08-27T00:50:57+0200,397a6afe-2e74-43ab-941a-f6b3142ba16a,2026-08-09T18:00:00Z,2026-08-09T20:00:00+0200,1.9,MW,PT,PT,forecast_offshore_wind_generation,Wind Offshore,2026-08-26T22:57:21Z
2026-08-26T22:50:57Z,2026-08-27T00:50:57+0200,397a6afe-2e74-43ab-941a-f6b3142ba16a,2026-08-09T19:00:00Z,2026-08-09T21:00:00+0200,2.3,MW,PT,PT,forecast_offshore_wind_generation,Wind Offshore,2026-08-26T22:57:21Z
2026-08-26T22:50:57Z,2026-08-27T00:50:57+0200,397a6afe-2e74-43ab-941a-f6b3142ba16a,2026-08-09T20:00:00Z,2026-08-09T22:00:00+0200,2.6,MW,PT,PT,forecast_offshore_wind_generation,Wind Offshore,2026-08-26T22:57:21Z
2026-08-26T22:50:57Z,2026-08-27T00:50:57+0200,397a6afe-2e74-43ab-941a-f6b3142ba16a,2026-08-09T21:00:00Z,2026-08-09T23:00:00+0200,2.9,MW,PT,PT,forecast_offshore_wind_generation,Wind Offshore,2026-08-26T22:57:21Z
2026-08-26T22:50:57Z,2026-08-27T00:50:57+0200,397a6afe-2e74-43ab-941a-f6b3142ba16a,2026-08-09T22:00:00Z,2026-08-10T00:00:00+0200,3.0,MW,PT,PT,forecast_offshore_wind_generation,Wind Offshore,2026-08-26T22:57:21Z
2026-08-26T22:50:57Z,2026-08-27T00:50:57+0200,397a6afe-2e74-43ab-941a-f6b3142ba16a,2026-08-09T23:00:00Z,2026-08-10T01:00:00+0200,3.0,MW,PT,PT,forecast_offshore_wind_generation,Wind Offshore,2026-08-26T22:57:21Z
2026-08-26T22:50:57Z,2026-08-27T00:50:57+0200,397a6afe-2e74-43ab-941a-f6b3142ba16a,2026-08-10T00:00:00Z,2026-08-10T02:00:00+0200,2.9,MW,PT,PT,forecast_offshore_wind_generation,Wind Offshore,2026-08-26T22:57:21Z
2026-08-26T22:50:57Z,2026-08-27T00:50:57+0200,397a6afe-2e74-43ab-941a-f6b3142ba16a,2026-08-10T01:00:00Z,2026-08-10T03:00:00+0200,3.1,MW,PT,PT,forecast_offshore_wind_generation,Wind Offshore,2026-08-26T22:57:21Z
2026-08-26T22:50:57Z,2026-08-27T00:50:57+0200,397a6afe-2e74-43ab-941a-f6b3142ba16a,2026-08-10T02:00:00Z,2026-08-10T04:00:00+0200,3.3,MW,PT,PT,forecast_offshore_wind_generation,Wind Offshore,2026-08-26T22:57:21Z
2026-08-26T22:50:57Z,2026-08-27T00:50:57+0200,397a6afe-2e74-43ab-941a-f6b3142ba16a,2026-08-10T03:00:00Z,2026-08-10T05:00:00+0200,3.4,MW,PT,PT,forecast_offshore_wind_generation,Wind Offshore,2026-08-26T22:57:21Z
2026-08-26T22:50:57Z,2026-08-27T00:50:57+0200,397a6afe-2e74-43ab-941a-f6b3142ba16a,2026-08-10T04:00:00Z,2026-08-10T06:00:00+0200,3.6,MW,PT,PT,forecast_offshore_wind_generation,Wind Offshore,2026-08-26T22:57:21Z
2026-08-26T22:50:57Z,2026-08-27T00:50:57+0200,397a6afe-2e74-43ab-941a-f6b3142ba16a,2026-08-10T05:00:00Z,2026-08-10T07:00:00+0200,3.5,MW,PT,PT,forecast_offshore_wind_generation,Wind Offshore,2026-08-26T22:57:21Z
2026-08-26T22:50:57Z,2026-08-27T00:50:57+0200,397a6afe-2e74-43ab-941a-f6b3142ba16a,2026-08-10T06:00:00Z,2026-08-10T08:00:00+0200,2.8,MW,PT,PT,forecast_offshore_wind_generation,Wind Offshore,2026-08-26T22:57:21Z
2026-08-26T22:50:57Z,2026-08-27T00:50:57+0200,397a6afe-2e74-43ab-941a-f6b3142ba16a,2026-08-10T07:00:00Z,2026-08-10T09:00:00+0200,2.3,MW,PT,PT,forecast_offshore_wind_generation,Wind Offshore,2026-08-26T22:57:21Z
2026-08-26T22:50:57Z,2026-08-27T00:50:57+0200,397a6afe-2e74-43ab-941a-f6b3142ba16a,2026-08-10T08:00:00Z,2026-08-10T10:00:00+0200,1.9,MW,PT,PT,forecast_offshore_wind_generation,Wind Offshore,2026-08-26T22:57:21Z
2026-08-26T22:50:57Z,2026-08-27T00:50:57+0200,397a6afe-2e74-43ab-941a-f6b3142ba16a,2026-08-10T09:00:00Z,2026-08-10T11:00:00+0200,1.7,MW,PT,PT,forecast_offshore_wind_generation,Wind Offshore,2026-08-26T22:57:21Z
2026-08-26T22:50:57Z,2026-08-27T00:50:57+0200,397a6afe-2e74-43ab-941a-f6b3142ba16a,2026-08-10T10:00:00Z,2026-08-10T12:00:00+0200,2.3,MW,PT,PT,forecast_offshore_wind_generation,Wind Offshore,2026-08-26T22:57:21Z
2026-08-26T22:50:57Z,2026-08-27T00:50:57+0200,397a6afe-2e74-43ab-941a-f6b3142ba16a,2026-08-10T11:00:00Z,2026-08-10T13:00:00+0200,3.5,MW,PT,PT,forecast_offshore_wind_generation,Wind Offshore,2026-08-26T22:57:21Z
2026-08-26T22:50:57Z,2026-08-27T00:50:57+0200,397a6afe-2e74-43ab-941a-f6b3142ba16a,2026-08-10T12:00:00Z,2026-08-10T14:00:00+0200,4.8,MW,PT,PT,forecast_offshore_wind_generation,Wind Offshore,2026-08-26T22:57:21Z
2026-08-26T22:50:57Z,2026-08-27T00:50:57+0200,397a6afe-2e74-43ab-941a-f6b3142ba16a,2026-08-10T13:00:00Z,2026-08-10T15:00:00+0200,6.2,MW,PT,PT,forecast_offshore_wind_generation,Wind Offshore,2026-08-26T22:57:21Z
2026-08-26T22:50:57Z,2026-08-27T00:50:57+0200,397a6afe-2e74-43ab-941a-f6b3142ba16a,2026-08-10T14:00:00Z,2026-08-10T16:00:00+0200,7.7,MW,PT,PT,forecast_offshore_wind_generation,Wind Offshore,2026-08-26T22:57:21Z
2026-08-26T22:50:57Z,2026-08-27T00:50:57+0200,397a6afe-2e74-43ab-941a-f6b3142ba16a,2026-08-10T15:00:00Z,2026-08-10T17:00:00+0200,9.3,MW,PT,PT,forecast_offshore_wind_generation,Wind Offshore,2026-08-26T22:57:21Z
2026-08-26T22:50:57Z,2026-08-27T00:50:57+0200,397a6afe-2e74-43ab-941a-f6b3142ba16a,2026-08-10T16:00:00Z,2026-08-10T18:00:00+0200,10.7,MW,PT,PT,forecast_offshore_wind_generation,Wind Offshore,2026-08-26T22:57:21Z
2026-08-26T22:50:57Z,2026-08-27T00:50:57+0200,397a6afe-2e74-43ab-941a-f6b3142ba16a,2026-08-10T17:00:00Z,2026-08-10T19:00:00+0200,11.4,MW,PT,PT,forecast_offshore_wind_generation,Wind Offshore,2026-08-26T22:57:21Z
2026-08-26T22:50:57Z,2026-08-27T00:50:57+0200,397a6afe-2e74-43ab-941a-f6b3142ba16a,2026-08-10T18:00:00Z,2026-08-10T20:00:00+0200,11.4,MW,PT,PT,forecast_offshore_wind_generation,Wind Offshore,2026-08-26T22:57:21Z
2026-08-26T22:50:57Z,2026-08-27T00:50:57+0200,397a6afe-2e74-43ab-941a-f6b3142ba16a,2026-08-10T19:00:00Z,2026-08-10T21:00:00+0200,10.6,MW,PT,PT,forecast_offshore_wind_generation,Wind Offshore,2026-08-26T22:57:21Z
2026-08-26T22:50:57Z,2026-08-27T00:50:57+0200,397a6afe-2e74-43ab-941a-f6b3142ba16a,2026-08-10T20:00:00Z,2026-08-10T22:00:00+0200,9.3,MW,PT,PT,forecast_offshore_wind_generation,Wind Offshore,2026-08-26T22:57:21Z
2026-08-26T22:50:57Z,2026-08-27T00:50:57+0200,397a6afe-2e74-43ab-941a-f6b3142ba16a,2026-08-10T21:00:00Z,2026-08-10T23:00:00+0200,8.1,MW,PT,PT,forecast_offshore_wind_generation,Wind Offshore,2026-08-26T22:57:21Z
2026-08-26T22:50:57Z,2026-08-27T00:50:57+0200,397a6afe-2e74-43ab-941a-f6b3142ba16a,2026-08-10T22:00:00Z,2026-08-11T00:00:00+0200,8.7,MW,PT,PT,forecast_offshore_wind_generation,Wind Offshore,2026-08-26T22:57:21Z
2026-08-26T22:50:57Z,2026-08-27T00:50:57+0200,397a6afe-2e74-43ab-941a-f6b3142ba16a,2026-08-10T23:00:00Z,2026-08-11T01:00:00+0200,7.8,MW,PT,PT,forecast_offshore_wind_generation,Wind Offshore,2026-08-26T22:57:21Z
2026-08-26T22:50:57Z,2026-08-27T00:50:57+0200,397a6afe-2e74-43ab-941a-f6b3142ba16a,2026-08-11T00:00:00Z,2026-08-11T02:00:00+0200,7.6,MW,PT,PT,forecast_offshore_wind_generation,Wind Offshore,2026-08-26T22:57:21Z
2026-08-26T22:50:57Z,2026-08-27T00:50:57+0200,397a6afe-2e74-43ab-941a-f6b3142ba16a,2026-08-11T01:00:00Z,2026-08-11T03:00:00+0200,7.4,MW,PT,PT,forecast_offshore_wind_generation,Wind Offshore,2026-08-26T22:57:21Z
2026-08-26T22:50:57Z,2026-08-27T00:50:57+0200,397a6afe-2e74-43ab-941a-f6b3142ba16a,2026-08-11T02:00:00Z,2026-08-11T04:00:00+0200,6.7,MW,PT,PT,forecast_offshore_wind_generation,Wind Offshore,2026-08-26T22:57:21Z
2026-08-26T22:50:57Z,2026-08-27T00:50:57+0200,397a6afe-2e74-43ab-941a-f6b3142ba16a,2026-08-11T03:00:00Z,2026-08-11T05:00:00+0200,5.5,MW,PT,PT,forecast_offshore_wind_generation,Wind Offshore,2026-08-26T22:57:21Z
2026-08-26T22:50:57Z,2026-08-27T00:50:57+0200,397a6afe-2e74-43ab-941a-f6b3142ba16a,2026-08-11T04:00:00Z,2026-08-11T06:00:00+0200,4.0,MW,PT,PT,forecast_offshore_wind_generation,Wind Offshore,2026-08-26T22:57:21Z
2026-08-26T22:50:57Z,2026-08-27T00:50:57+0200,397a6afe-2e74-43ab-941a-f6b3142ba16a,2026-08-11T05:00:00Z,2026-08-11T07:00:00+0200,2.5,MW,PT,PT,forecast_offshore_wind_generation,Wind Offshore,2026-08-26T22:57:21Z
2026-08-26T22:50:57Z,2026-08-27T00:50:57+0200,397a6afe-2e74-43ab-941a-f6b3142ba16a,2026-08-11T06:00:00Z,2026-08-11T08:00:00+0200,1.5,MW,PT,PT,forecast_offshore_wind_generation,Wind Offshore,2026-08-26T22:57:21Z
2026-08-26T22:50:57Z,2026-08-27T00:50:57+0200,397a6afe-2e74-43ab-941a-f6b3142ba16a,2026-08-11T07:00:00Z,2026-08-11T09:00:00+0200,1.2,MW,PT,PT,forecast_offshore_wind_generation,Wind Offshore,2026-08-26T22:57:21Z
2026-08-26T22:50:57Z,2026-08-27T00:50:57+0200,397a6afe-2e74-43ab-941a-f6b3142ba16a,2026-08-11T08:00:00Z,2026-08-11T10:00:00+0200,1.0,MW,PT,PT,forecast_offshore_wind_generation,Wind Offshore,2026-08-26T22:57:21Z
2026-08-26T22:50:57Z,2026-08-27T00:50:57+0200,397a6afe-2e74-43ab-941a-f6b3142ba16a,2026-08-11T09:00:00Z,2026-08-11T11:00:00+0200,1.0,MW,PT,PT,forecast_offshore_wind_generation,Wind Offshore,2026-08-26T22:57:21Z
2026-08-26T22:50:57Z,2026-08-27T00:50:57+0200,397a6afe-2e74-43ab-941a-f6b3142ba16a,2026-08-11T10:00:00Z,2026-08-11T12:00:00+0200,1.4,MW,PT,PT,forecast_offshore_wind_generation,Wind Offshore,2026-08-26T22:57:21Z
2026-08-26T22:50:57Z,2026-08-27T00:50:57+0200,397a6afe-2e74-43ab-941a-f6b3142ba16a,2026-08-11T11:00:00Z,2026-08-11T13:00:00+0200,2.4,MW,PT,PT,forecast_offshore_wind_generation,Wind Offshore,2026-08-26T22:57:21Z
2026-08-26T22:50:57Z,2026-08-27T00:50:57+0200,397a6afe-2e74-43ab-941a-f6b3142ba16a,2026-08-11T12:00:00Z,2026-08-11T14:00:00+0200,4.5,MW,PT,PT,forecast_offshore_wind_generation,Wind Offshore,2026-08-26T22:57:21Z
2026-08-26T22:50:57Z,2026-08-27T00:50:57+0200,397a6afe-2e74-43ab-941a-f6b3142ba16a,2026-08-11T13:00:00Z,2026-08-11T15:00:00+0200,6.8,MW,PT,PT,forecast_offshore_wind_generation,Wind Offshore,2026-08-26T22:57:21Z
2026-08-26T22:50:57Z,2026-08-27T00:50:57+0200,397a6afe-2e74-43ab-941a-f6b3142ba16a,2026-08-11T14:00:00Z,2026-08-11T16:00:00+0200,9.6,MW,PT,PT,forecast_offshore_wind_generation,Wind Offshore,2026-08-26T22:57:21Z
2026-08-26T22:50:57Z,2026-08-27T00:50:57+0200,397a6afe-2e74-43ab-941a-f6b3142ba16a,2026-08-11T15:00:00Z,2026-08-11T17:00:00+0200,12.7,MW,PT,PT,forecast_offshore_wind_generation,Wind Offshore,2026-08-26T22:57:21Z
2026-08-26T22:50:57Z,2026-08-27T00:50:57+0200,397a6afe-2e74-43ab-941a-f6b3142ba16a,2026-08-11T16:00:00Z,2026-08-11T18:00:00+0200,15.0,MW,PT,PT,forecast_offshore_wind_generation,Wind Offshore,2026-08-26T22:57:21Z
2026-08-26T22:50:57Z,2026-08-27T00:50:57+0200,397a6afe-2e74-43ab-941a-f6b3142ba16a,2026-08-11T17:00:00Z,2026-08-11T19:00:00+0200,16.2,MW,PT,PT,forecast_offshore_wind_generation,Wind Offshore,2026-08-26T22:57:21Z
2026-08-26T22:50:57Z,2026-08-27T00:50:57+0200,397a6afe-2e74-43ab-941a-f6b3142ba16a,2026-08-11T18:00:00Z,2026-08-11T20:00:00+0200,16.4,MW,PT,PT,forecast_offshore_wind_generation,Wind Offshore,2026-08-26T22:57:21Z
2026-08-26T22:50:57Z,2026-08-27T00:50:57+0200,397a6afe-2e74-43ab-941a-f6b3142ba16a,2026-08-11T19:00:00Z,2026-08-11T21:00:00+0200,15.5,MW,PT,PT,forecast_offshore_wind_generation,Wind Offshore,2026-08-26T22:57:21Z
2026-08-26T22:50:57Z,2026-08-27T00:50:57+0200,397a6afe-2e74-43ab-941a-f6b3142ba16a,2026-08-11T20:00:00Z,2026-08-11T22:00:00+0200,13.6,MW,PT,PT,forecast_offshore_wind_generation,Wind Offshore,2026-08-26T22:57:21Z
2026-08-26T22:50:57Z,2026-08-27T00:50:57+0200,397a6afe-2e74-43ab-941a-f6b3142ba16a,2026-08-11T21:00:00Z,2026-08-11T23:00:00+0200,10.8,MW,PT,PT,forecast_offshore_wind_generation,Wind Offshore,2026-08-26T22:57:21Z
2026-08-26T22:50:57Z,2026-08-27T00:50:57+0200,397a6afe-2e74-43ab-941a-f6b3142ba16a,2026-08-11T22:00:00Z,2026-08-12T00:00:00+0200,6.0,MW,PT,PT,forecast_offshore_wind_generation,Wind Offshore,2026-08-26T22:57:21Z
2026-08-26T22:50:57Z,2026-08-27T00:50:57+0200,397a6afe-2e74-43ab-941a-f6b3142ba16a,2026-08-11T23:00:00Z,2026-08-12T01:00:00+0200,4.3,MW,PT,PT,forecast_offshore_wind_generation,Wind Offshore,2026-08-26T22:57:21Z
2026-08-26T22:50:57Z,2026-08-27T00:50:57+0200,397a6afe-2e74-43ab-941a-f6b3142ba16a,2026-08-12T00:00:00Z,2026-08-12T02:00:00+0200,3.2,MW,PT,PT,forecast_offshore_wind_generation,Wind Offshore,2026-08-26T22:57:21Z
2026-08-26T22:50:57Z,2026-08-27T00:50:57+0200,397a6afe-2e74-43ab-941a-f6b3142ba16a,2026-08-12T01:00:00Z,2026-08-12T03:00:00+0200,2.8,MW,PT,PT,forecast_offshore_wind_generation,Wind Offshore,2026-08-26T22:57:21Z
2026-08-26T22:50:57Z,2026-08-27T00:50:57+0200,397a6afe-2e74-43ab-941a-f6b3142ba16a,2026-08-12T02:00:00Z,2026-08-12T04:00:00+0200,2.5,MW,PT,PT,forecast_offshore_wind_generation,Wind Offshore,2026-08-26T22:57:21Z
2026-08-26T22:50:57Z,2026-08-27T00:50:57+0200,397a6afe-2e74-43ab-941a-f6b3142ba16a,2026-08-12T03:00:00Z,2026-08-12T05:00:00+0200,2.2,MW,PT,PT,forecast_offshore_wind_generation,Wind Offshore,2026-08-26T22:57:21Z
2026-08-26T22:50:57Z,2026-08-27T00:50:57+0200,397a6afe-2e74-43ab-941a-f6b3142ba16a,2026-08-12T04:00:00Z,2026-08-12T06:00:00+0200,1.8,MW,PT,PT,forecast_offshore_wind_generation,Wind Offshore,2026-08-26T22:57:21Z
2026-08-26T22:50:57Z,2026-08-27T00:50:57+0200,397a6afe-2e74-43ab-941a-f6b3142ba16a,2026-08-12T05:00:00Z,2026-08-12T07:00:00+0200,1.4,MW,PT,PT,forecast_offshore_wind_generation,Wind Offshore,2026-08-26T22:57:21Z
2026-08-26T22:50:57Z,2026-08-27T00:50:57+0200,397a6afe-2e74-43ab-941a-f6b3142ba16a,2026-08-12T06:00:00Z,2026-08-12T08:00:00+0200,1.0,MW,PT,PT,forecast_offshore_wind_generation,Wind Offshore,2026-08-26T22:57:21Z
2026-08-26T22:50:57Z,2026-08-27T00:50:57+0200,397a6afe-2e74-43ab-941a-f6b3142ba16a,2026-08-12T07:00:00Z,2026-08-12T09:00:00+0200,0.7,MW,PT,PT,forecast_offshore_wind_generation,Wind Offshore,2026-08-26T22:57:21Z
2026-08-26T22:50:57Z,2026-08-27T00:50:57+0200,397a6afe-2e74-43ab-941a-f6b3142ba16a,2026-08-12T08:00:00Z,2026-08-12T10:00:00+0200,0.5,MW,PT,PT,forecast_offshore_wind_generation,Wind Offshore,2026-08-26T22:57:21Z
2026-08-26T22:50:57Z,2026-08-27T00:50:57+0200,397a6afe-2e74-43ab-941a-f6b3142ba16a,2026-08-12T09:00:00Z,2026-08-12T11:00:00+0200,0.3,MW,PT,PT,forecast_offshore_wind_generation,Wind Offshore,2026-08-26T22:57:21Z
2026-08-26T22:50:57Z,2026-08-27T00:50:57+0200,397a6afe-2e74-43ab-941a-f6b3142ba16a,2026-08-12T10:00:00Z,2026-08-12T12:00:00+0200,0.3,MW,PT,PT,forecast_offshore_wind_generation,Wind Offshore,2026-08-26T22:57:21Z
2026-08-26T22:50:57Z,2026-08-27T00:50:57+0200,397a6afe-2e74-43ab-941a-f6b3142ba16a,2026-08-12T11:00:00Z,2026-08-12T13:00:00+0200,0.6,MW,PT,PT,forecast_offshore_wind_generation,Wind Offshore,2026-08-26T22:57:21Z
2026-08-26T22:50:57Z,2026-08-27T00:50:57+0200,397a6afe-2e74-43ab-941a-f6b3142ba16a,2026-08-12T12:00:00Z,2026-08-12T14:00:00+0200,1.3,MW,PT,PT,forecast_offshore_wind_generation,Wind Offshore,2026-08-26T22:57:21Z
2026-08-26T22:50:57Z,2026-08-27T00:50:57+0200,397a6afe-2e74-43ab-941a-f6b3142ba16a,2026-08-12T13:00:00Z,2026-08-12T15:00:00+0200,2.6,MW,PT,PT,forecast_offshore_wind_generation,Wind Offshore,2026-08-26T22:57:21Z
2026-08-26T22:50:57Z,2026-08-27T00:50:57+0200,397a6afe-2e74-43ab-941a-f6b3142ba16a,2026-08-12T14:00:00Z,2026-08-12T16:00:00+0200,4.5,MW,PT,PT,forecast_offshore_wind_generation,Wind Offshore,2026-08-26T22:57:21Z
2026-08-26T22:50:57Z,2026-08-27T00:50:57+0200,397a6afe-2e74-43ab-941a-f6b3142ba16a,2026-08-12T15:00:00Z,2026-08-12T17:00:00+0200,6.8,MW,PT,PT,forecast_offshore_wind_generation,Wind Offshore,2026-08-26T22:57:21Z
2026-08-26T22:50:57Z,2026-08-27T00:50:57+0200,397a6afe-2e74-43ab-941a-f6b3142ba16a,2026-08-12T16:00:00Z,2026-08-12T18:00:00+0200,9.5,MW,PT,PT,forecast_offshore_wind_generation,Wind Offshore,2026-08-26T22:57:21Z
2026-08-26T22:50:57Z,2026-08-27T00:50:57+0200,397a6afe-2e74-43ab-941a-f6b3142ba16a,2026-08-12T17:00:00Z,2026-08-12T19:00:00+0200,11.6,MW,PT,PT,forecast_offshore_wind_generation,Wind Offshore,2026-08-26T22:57:21Z
2026-08-26T22:50:57Z,2026-08-27T00:50:57+0200,397a6afe-2e74-43ab-941a-f6b3142ba16a,2026-08-12T18:00:00Z,2026-08-12T20:00:00+0200,13.2,MW,PT,PT,forecast_offshore_wind_generation,Wind Offshore,2026-08-26T22:57:21Z
2026-08-26T22:50:57Z,2026-08-27T00:50:57+0200,397a6afe-2e74-43ab-941a-f6b3142ba16a,2026-08-12T19:00:00Z,2026-08-12T21:00:00+0200,14.3,MW,PT,PT,forecast_offshore_wind_generation,Wind Offshore,2026-08-26T22:57:21Z
2026-08-26T22:50:57Z,2026-08-27T00:50:57+0200,397a6afe-2e74-43ab-941a-f6b3142ba16a,2026-08-12T20:00:00Z,2026-08-12T22:00:00+0200,14.5,MW,PT,PT,forecast_offshore_wind_generation,Wind Offshore,2026-08-26T22:57:21Z
2026-08-26T22:50:57Z,2026-08-27T00:50:57+0200,397a6afe-2e74-43ab-941a-f6b3142ba16a,2026-08-12T21:00:00Z,2026-08-12T23:00:00+0200,13.8,MW,PT,PT,forecast_offshore_wind_generation,Wind Offshore,2026-08-26T22:57:21Z
2026-08-26T22:50:57Z,2026-08-27T00:50:57+0200,397a6afe-2e74-43ab-941a-f6b3142ba16a,2026-08-12T22:00:00Z,2026-08-13T00:00:00+0200,8.1,MW,PT,PT,forecast_offshore_wind_generation,Wind Offshore,2026-08-26T22:57:21Z
2026-08-26T22:50:57Z,2026-08-27T00:50:57+0200,397a6afe-2e74-43ab-941a-f6b3142ba16a,2026-08-12T23:00:00Z,2026-08-13T01:00:00+0200,7.0,MW,PT,PT,forecast_offshore_wind_generation,Wind Offshore,2026-08-26T22:57:21Z
2026-08-26T22:50:57Z,2026-08-27T00:50:57+0200,397a6afe-2e74-43ab-941a-f6b3142ba16a,2026-08-13T00:00:00Z,2026-08-13T02:00:00+0200,5.8,MW,PT,PT,forecast_offshore_wind_generation,Wind Offshore,2026-08-26T22:57:21Z
2026-08-26T22:50:57Z,2026-08-27T00:50:57+0200,397a6afe-2e74-43ab-941a-f6b3142ba16a,2026-08-13T01:00:00Z,2026-08-13T03:00:00+0200,4.6,MW,PT,PT,forecast_offshore_wind_generation,Wind Offshore,2026-08-26T22:57:21Z
2026-08-26T22:50:57Z,2026-08-27T00:50:57+0200,397a6afe-2e74-43ab-941a-f6b3142ba16a,2026-08-13T02:00:00Z,2026-08-13T04:00:00+0200,3.4,MW,PT,PT,forecast_offshore_wind_generation,Wind Offshore,2026-08-26T22:57:21Z
2026-08-26T22:50:57Z,2026-08-27T00:50:57+0200,397a6afe-2e74-43ab-941a-f6b3142ba16a,2026-08-13T03:00:00Z,2026-08-13T05:00:00+0200,2.2,MW,PT,PT,forecast_offshore_wind_generation,Wind Offshore,2026-08-26T22:57:21Z
2026-08-26T22:50:57Z,2026-08-27T00:50:57+0200,397a6afe-2e74-43ab-941a-f6b3142ba16a,2026-08-13T04:00:00Z,2026-08-13T06:00:00+0200,1.4,MW,PT,PT,forecast_offshore_wind_generation,Wind Offshore,2026-08-26T22:57:21Z
2026-08-26T22:50:57Z,2026-08-27T00:50:57+0200,397a6afe-2e74-43ab-941a-f6b3142ba16a,2026-08-13T05:00:00Z,2026-08-13T07:00:00+0200,1.1,MW,PT,PT,forecast_offshore_wind_generation,Wind Offshore,2026-08-26T22:57:21Z
2026-08-26T22:50:57Z,2026-08-27T00:50:57+0200,397a6afe-2e74-43ab-941a-f6b3142ba16a,2026-08-13T06:00:00Z,2026-08-13T08:00:00+0200,0.9,MW,PT,PT,forecast_offshore_wind_generation,Wind Offshore,2026-08-26T22:57:21Z
2026-08-26T22:50:57Z,2026-08-27T00:50:57+0200,397a6afe-2e74-43ab-941a-f6b3142ba16a,2026-08-13T07:00:00Z,2026-08-13T09:00:00+0200,0.9,MW,PT,PT,forecast_offshore_wind_generation,Wind Offshore,2026-08-26T22:57:21Z
2026-08-26T22:50:57Z,2026-08-27T00:50:57+0200,397a6afe-2e74-43ab-941a-f6b3142ba16a,2026-08-13T08:00:00Z,2026-08-13T10:00:00+0200,0.9,MW,PT,PT,forecast_offshore_wind_generation,Wind Offshore,2026-08-26T22:57:21Z
2026-08-26T22:50:57Z,2026-08-27T00:50:57+0200,397a6afe-2e74-43ab-941a-f6b3142ba16a,2026-08-13T09:00:00Z,2026-08-13T11:00:00+0200,1.3,MW,PT,PT,forecast_offshore_wind_generation,Wind Offshore,2026-08-26T22:57:21Z
2026-08-26T22:50:57Z,2026-08-27T00:50:57+0200,397a6afe-2e74-43ab-941a-f6b3142ba16a,2026-08-13T10:00:00Z,2026-08-13T12:00:00+0200,1.8,MW,PT,PT,forecast_offshore_wind_generation,Wind Offshore,2026-08-26T22:57:21Z
2026-08-26T22:50:57Z,2026-08-27T00:50:57+0200,397a6afe-2e74-43ab-941a-f6b3142ba16a,2026-08-13T11:00:00Z,2026-08-13T13:00:00+0200,2.7,MW,PT,PT,forecast_offshore_wind_generation,Wind Offshore,2026-08-26T22:57:21Z
2026-08-26T22:50:57Z,2026-08-27T00:50:57+0200,397a6afe-2e74-43ab-941a-f6b3142ba16a,2026-08-13T12:00:00Z,2026-08-13T14:00:00+0200,4.9,MW,PT,PT,forecast_offshore_wind_generation,Wind Offshore,2026-08-26T22:57:21Z
2026-08-26T22:50:57Z,2026-08-27T00:50:57+0200,397a6afe-2e74-43ab-941a-f6b3142ba16a,2026-08-13T13:00:00Z,2026-08-13T15:00:00+0200,8.8,MW,PT,PT,forecast_offshore_wind_generation,Wind Offshore,2026-08-26T22:57:21Z
2026-08-26T22:50:57Z,2026-08-27T00:50:57+0200,397a6afe-2e74-43ab-941a-f6b3142ba16a,2026-08-13T14:00:00Z,2026-08-13T16:00:00+0200,13.7,MW,PT,PT,forecast_offshore_wind_generation,Wind Offshore,2026-08-26T22:57:21Z
2026-08-26T22:50:57Z,2026-08-27T00:50:57+0200,397a6afe-2e74-43ab-941a-f6b3142ba16a,2026-08-13T15:00:00Z,2026-08-13T17:00:00+0200,17.3,MW,PT,PT,forecast_offshore_wind_generation,Wind Offshore,2026-08-26T22:57:21Z
2026-08-26T22:50:57Z,2026-08-27T00:50:57+0200,397a6afe-2e74-43ab-941a-f6b3142ba16a,2026-08-13T16:00:00Z,2026-08-13T18:00:00+0200,19.7,MW,PT,PT,forecast_offshore_wind_generation,Wind Offshore,2026-08-26T22:57:21Z
2026-08-26T22:50:57Z,2026-08-27T00:50:57+0200,397a6afe-2e74-43ab-941a-f6b3142ba16a,2026-08-13T17:00:00Z,2026-08-13T19:00:00+0200,20.7,MW,PT,PT,forecast_offshore_wind_generation,Wind Offshore,2026-08-26T22:57:21Z
2026-08-26T22:50:57Z,2026-08-27T00:50:57+0200,397a6afe-2e74-43ab-941a-f6b3142ba16a,2026-08-13T18:00:00Z,2026-08-13T20:00:00+0200,21.2,MW,PT,PT,forecast_offshore_wind_generation,Wind Offshore,2026-08-26T22:57:21Z
2026-08-26T22:50:57Z,2026-08-27T00:50:57+0200,397a6afe-2e74-43ab-941a-f6b3142ba16a,2026-08-13T19:00:00Z,2026-08-13T21:00:00+0200,22.0,MW,PT,PT,forecast_offshore_wind_generation,Wind Offshore,2026-08-26T22:57:21Z
2026-08-26T22:50:57Z,2026-08-27T00:50:57+0200,397a6afe-2e74-43ab-941a-f6b3142ba16a,2026-08-13T20:00:00Z,2026-08-13T22:00:00+0200,22.6,MW,PT,PT,forecast_offshore_wind_generation,Wind Offshore,2026-08-26T22:57:21Z
2026-08-26T22:50:57Z,2026-08-27T00:50:57+0200,397a6afe-2e74-43ab-941a-f6b3142ba16a,2026-08-13T21:00:00Z,2026-08-13T23:00:00+0200,22.8,MW,PT,PT,forecast_offshore_wind_generation,Wind Offshore,2026-08-26T22:57:21Z
2026-08-26T22:50:57Z,2026-08-27T00:50:57+0200,397a6afe-2e74-43ab-941a-f6b3142ba16a,2026-08-13T22:00:00Z,2026-08-14T00:00:00+0200,15.0,MW,PT,PT,forecast_offshore_wind_generation,Wind Offshore,2026-08-26T22:57:21Z
2026-08-26T22:50:57Z,2026-08-27T00:50:57+0200,397a6afe-2e74-43ab-941a-f6b3142ba16a,2026-08-13T23:00:00Z,2026-08-14T01:00:00+0200,15.2,MW,PT,PT,forecast_offshore_wind_generation,Wind Offshore,2026-08-26T22:57:21Z
2026-08-26T22:50:57Z,2026-08-27T00:50:57+0200,397a6afe-2e74-43ab-941a-f6b3142ba16a,2026-08-14T00:00:00Z,2026-08-14T02:00:00+0200,15.3,MW,PT,PT,forecast_offshore_wind_generation,Wind Offshore,2026-08-26T22:57:21Z
2026-08-26T22:50:57Z,2026-08-27T00:50:57+0200,397a6afe-2e74-43ab-941a-f6b3142ba16a,2026-08-14T01:00:00Z,2026-08-14T03:00:00+0200,15.6,MW,PT,PT,forecast_offshore_wind_generation,Wind Offshore,2026-08-26T22:57:21Z
2026-08-26T22:50:57Z,2026-08-27T00:50:57+0200,397a6afe-2e74-43ab-941a-f6b3142ba16a,2026-08-14T02:00:00Z,2026-08-14T04:00:00+0200,15.5,MW,PT,PT,forecast_offshore_wind_generation,Wind Offshore,2026-08-26T22:57:21Z
2026-08-26T22:50:57Z,2026-08-27T00:50:57+0200,397a6afe-2e74-43ab-941a-f6b3142ba16a,2026-08-14T03:00:00Z,2026-08-14T05:00:00+0200,15.2,MW,PT,PT,forecast_offshore_wind_generation,Wind Offshore,2026-08-26T22:57:21Z
2026-08-26T22:50:57Z,2026-08-27T00:50:57+0200,397a6afe-2e74-43ab-941a-f6b3142ba16a,2026-08-14T04:00:00Z,2026-08-14T06:00:00+0200,14.9,MW,PT,PT,forecast_offshore_wind_generation,Wind Offshore,2026-08-26T22:57:21Z
2026-08-26T22:50:57Z,2026-08-27T00:50:57+0200,397a6afe-2e74-43ab-941a-f6b3142ba16a,2026-08-14T05:00:00Z,2026-08-14T07:00:00+0200,14.6,MW,PT,PT,forecast_offshore_wind_generation,Wind Offshore,2026-08-26T22:57:21Z
2026-08-26T22:50:57Z,2026-08-27T00:50:57+0200,397a6afe-2e74-43ab-941a-f6b3142ba16a,2026-08-14T06:00:00Z,2026-08-14T08:00:00+0200,14.1,MW,PT,PT,forecast_offshore_wind_generation,Wind Offshore,2026-08-26T22:57:21Z
2026-08-26T22:50:57Z,2026-08-27T00:50:57+0200,397a6afe-2e74-43ab-941a-f6b3142ba16a,2026-08-14T07:00:00Z,2026-08-14T09:00:00+0200,13.7,MW,PT,PT,forecast_offshore_wind_generation,Wind Offshore,2026-08-26T22:57:21Z
2026-08-26T22:50:57Z,2026-08-27T00:50:57+0200,397a6afe-2e74-43ab-941a-f6b3142ba16a,2026-08-14T08:00:00Z,2026-08-14T10:00:00+0200,13.5,MW,PT,PT,forecast_offshore_wind_generation,Wind Offshore,2026-08-26T22:57:21Z
2026-08-26T22:50:57Z,2026-08-27T00:50:57+0200,397a6afe-2e74-43ab-941a-f6b3142ba16a,2026-08-14T09:00:00Z,2026-08-14T11:00:00+0200,14.3,MW,PT,PT,forecast_offshore_wind_generation,Wind Offshore,2026-08-26T22:57:21Z
2026-08-26T22:50:57Z,2026-08-27T00:50:57+0200,397a6afe-2e74-43ab-941a-f6b3142ba16a,2026-08-14T10:00:00Z,2026-08-14T12:00:00+0200,17.0,MW,PT,PT,forecast_offshore_wind_generation,Wind Offshore,2026-08-26T22:57:21Z
2026-08-26T22:50:57Z,2026-08-27T00:50:57+0200,397a6afe-2e74-43ab-941a-f6b3142ba16a,2026-08-14T11:00:00Z,2026-08-14T13:00:00+0200,20.2,MW,PT,PT,forecast_offshore_wind_generation,Wind Offshore,2026-08-26T22:57:21Z
2026-08-26T22:50:57Z,2026-08-27T00:50:57+0200,397a6afe-2e74-43ab-941a-f6b3142ba16a,2026-08-14T12:00:00Z,2026-08-14T14:00:00+0200,21.9,MW,PT,PT,forecast_offshore_wind_generation,Wind Offshore,2026-08-26T22:57:21Z
2026-08-26T22:50:57Z,2026-08-27T00:50:57+0200,397a6afe-2e74-43ab-941a-f6b3142ba16a,2026-08-14T13:00:00Z,2026-08-14T15:00:00+0200,22.6,MW,PT,PT,forecast_offshore_wind_generation,Wind Offshore,2026-08-26T22:57:21Z
2026-08-26T22:50:57Z,2026-08-27T00:50:57+0200,397a6afe-2e74-43ab-941a-f6b3142ba16a,2026-08-14T14:00:00Z,2026-08-14T16:00:00+0200,23.1,MW,PT,PT,forecast_offshore_wind_generation,Wind Offshore,2026-08-26T22:57:21Z
2026-08-26T22:50:57Z,2026-08-27T00:50:57+0200,397a6afe-2e74-43ab-941a-f6b3142ba16a,2026-08-14T15:00:00Z,2026-08-14T17:00:00+0200,23.3,MW,PT,PT,forecast_offshore_wind_generation,Wind Offshore,2026-08-26T22:57:21Z
2026-08-26T22:50:57Z,2026-08-27T00:50:57+0200,397a6afe-2e74-43ab-941a-f6b3142ba16a,2026-08-14T16:00:00Z,2026-08-14T18:00:00+0200,23.5,MW,PT,PT,forecast_offshore_wind_generation,Wind Offshore,2026-08-26T22:57:21Z
2026-08-26T22:50:57Z,2026-08-27T00:50:57+0200,397a6afe-2e74-43ab-941a-f6b3142ba16a,2026-08-14T17:00:00Z,2026-08-14T19:00:00+0200,23.6,MW,PT,PT,forecast_offshore_wind_generation,Wind Offshore,2026-08-26T22:57:21Z
2026-08-26T22:50:57Z,2026-08-27T00:50:57+0200,397a6afe-2e74-43ab-941a-f6b3142ba16a,2026-08-14T18:00:00Z,2026-08-14T20:00:00+0200,23.7,MW,PT,PT,forecast_offshore_wind_generation,Wind Offshore,2026-08-26T22:57:21Z
2026-08-26T22:50:57Z,2026-08-27T00:50:57+0200,397a6afe-2e74-43ab-941a-f6b3142ba16a,2026-08-14T19:00:00Z,2026-08-14T21:00:00+0200,23.6,MW,PT,PT,forecast_offshore_wind_generation,Wind Offshore,2026-08-26T22:57:21Z
2026-08-26T22:50:57Z,2026-08-27T00:50:57+0200,397a6afe-2e74-43ab-941a-f6b3142ba16a,2026-08-14T20:00:00Z,2026-08-14T22:00:00+0200,23.9,MW,PT,PT,forecast_offshore_wind_generation,Wind Offshore,2026-08-26T22:57:21Z
2026-08-26T22:50:57Z,2026-08-27T00:50:57+0200,397a6afe-2e74-43ab-941a-f6b3142ba16a,2026-08-14T21:00:00Z,2026-08-14T23:00:00+0200,24.0,MW,PT,PT,forecast_offshore_wind_generation,Wind Offshore,2026-08-26T22:57:21Z
2026-08-26T22:50:57Z,2026-08-27T00:50:57+0200,397a6afe-2e74-43ab-941a-f6b3142ba16a,2026-08-14T22:00:00Z,2026-08-15T00:00:00+0200,24.0,MW,PT,PT,forecast_offshore_wind_generation,Wind Offshore,2026-08-26T22:57:21Z
2026-08-26T22:50:57Z,2026-08-27T00:50:57+0200,397a6afe-2e74-43ab-941a-f6b3142ba16a,2026-08-14T23:00:00Z,2026-08-15T01:00:00+0200,23.8,MW,PT,PT,forecast_offshore_wind_generation,Wind Offshore,2026-08-26T22:57:21Z
2026-08-26T22:50:57Z,2026-08-27T00:50:57+0200,397a6afe-2e74-43ab-941a-f6b3142ba16a,2026-08-15T00:00:00Z,2026-08-15T02:00:00+0200,23.7,MW,PT,PT,forecast_offshore_wind_generation,Wind Offshore,2026-08-26T22:57:21Z
2026-08-26T22:50:57Z,2026-08-27T00:50:57+0200,397a6afe-2e74-43ab-941a-f6b3142ba16a,2026-08-15T01:00:00Z,2026-08-15T03:00:00+0200,23.7,MW,PT,PT,forecast_offshore_wind_generation,Wind Offshore,2026-08-26T22:57:21Z
2026-08-26T22:50:57Z,2026-08-27T00:50:57+0200,397a6afe-2e74-43ab-941a-f6b3142ba16a,2026-08-15T02:00:00Z,2026-08-15T04:00:00+0200,23.7,MW,PT,PT,forecast_offshore_wind_generation,Wind Offshore,2026-08-26T22:57:21Z
2026-08-26T22:50:57Z,2026-08-27T00:50:57+0200,397a6afe-2e74-43ab-941a-f6b3142ba16a,2026-08-15T03:00:00Z,2026-08-15T05:00:00+0200,23.8,MW,PT,PT,forecast_offshore_wind_generation,Wind Offshore,2026-08-26T22:57:21Z
2026-08-26T22:50:57Z,2026-08-27T00:50:57+0200,397a6afe-2e74-43ab-941a-f6b3142ba16a,2026-08-15T04:00:00Z,2026-08-15T06:00:00+0200,23.8,MW,PT,PT,forecast_offshore_wind_generation,Wind Offshore,2026-08-26T22:57:21Z
2026-08-26T22:50:57Z,2026-08-27T00:50:57+0200,397a6afe-2e74-43ab-941a-f6b3142ba16a,2026-08-15T05:00:00Z,2026-08-15T07:00:00+0200,23.8,MW,PT,PT,forecast_offshore_wind_generation,Wind Offshore,2026-08-26T22:57:21Z
2026-08-26T22:50:57Z,2026-08-27T00:50:57+0200,397a6afe-2e74-43ab-941a-f6b3142ba16a,2026-08-15T06:00:00Z,2026-08-15T08:00:00+0200,23.7,MW,PT,PT,forecast_offshore_wind_generation,Wind Offshore,2026-08-26T22:57:21Z
2026-08-26T22:50:57Z,2026-08-27T00:50:57+0200,397a6afe-2e74-43ab-941a-f6b3142ba16a,2026-08-15T07:00:00Z,2026-08-15T09:00:00+0200,23.5,MW,PT,PT,forecast_offshore_wind_generation,Wind Offshore,2026-08-26T22:57:21Z
2026-08-26T22:50:57Z,2026-08-27T00:50:57+0200,397a6afe-2e74-43ab-941a-f6b3142ba16a,2026-08-15T08:00:00Z,2026-08-15T10:00:00+0200,23.3,MW,PT,PT,forecast_offshore_wind_generation,Wind Offshore,2026-08-26T22:57:21Z
2026-08-26T22:50:57Z,2026-08-27T00:50:57+0200,397a6afe-2e74-43ab-941a-f6b3142ba16a,2026-08-15T09:00:00Z,2026-08-15T11:00:00+0200,23.0,MW,PT,PT,forecast_offshore_wind_generation,Wind Offshore,2026-08-26T22:57:21Z
2026-08-26T22:50:57Z,2026-08-27T00:50:57+0200,397a6afe-2e74-43ab-941a-f6b3142ba16a,2026-08-15T10:00:00Z,2026-08-15T12:00:00+0200,23.1,MW,PT,PT,forecast_offshore_wind_generation,Wind Offshore,2026-08-26T22:57:21Z
2026-08-26T22:50:57Z,2026-08-27T00:50:57+0200,397a6afe-2e74-43ab-941a-f6b3142ba16a,2026-08-15T11:00:00Z,2026-08-15T13:00:00+0200,23.6,MW,PT,PT,forecast_offshore_wind_generation,Wind Offshore,2026-08-26T22:57:21Z
2026-08-26T22:50:57Z,2026-08-27T00:50:57+0200,397a6afe-2e74-43ab-941a-f6b3142ba16a,2026-08-15T12:00:00Z,2026-08-15T14:00:00+0200,23.6,MW,PT,PT,forecast_offshore_wind_generation,Wind Offshore,2026-08-26T22:57:21Z
2026-08-26T22:50:57Z,2026-08-27T00:50:57+0200,397a6afe-2e74-43ab-941a-f6b3142ba16a,2026-08-15T13:00:00Z,2026-08-15T15:00:00+0200,23.5,MW,PT,PT,forecast_offshore_wind_generation,Wind Offshore,2026-08-26T22:57:21Z
2026-08-26T22:50:57Z,2026-08-27T00:50:57+0200,397a6afe-2e74-43ab-941a-f6b3142ba16a,2026-08-15T14:00:00Z,2026-08-15T16:00:00+0200,23.5,MW,PT,PT,forecast_offshore_wind_generation,Wind Offshore,2026-08-26T22:57:21Z
2026-08-26T22:50:57Z,2026-08-27T00:50:57+0200,397a6afe-2e74-43ab-941a-f6b3142ba16a,2026-08-15T15:00:00Z,2026-08-15T17:00:00+0200,23.5,MW,PT,PT,forecast_offshore_wind_generation,Wind Offshore,2026-08-26T22:57:21Z
2026-08-26T22:50:57Z,2026-08-27T00:50:57+0200,397a6afe-2e74-43ab-941a-f6b3142ba16a,2026-08-15T16:00:00Z,2026-08-15T18:00:00+0200,23.6,MW,PT,PT,forecast_offshore_wind_generation,Wind Offshore,2026-08-26T22:57:21Z
2026-08-26T22:50:57Z,2026-08-27T00:50:57+0200,397a6afe-2e74-43ab-941a-f6b3142ba16a,2026-08-15T17:00:00Z,2026-08-15T19:00:00+0200,23.4,MW,PT,PT,forecast_offshore_wind_generation,Wind Offshore,2026-08-26T22:57:21Z
2026-08-26T22:50:57Z,2026-08-27T00:50:57+0200,397a6afe-2e74-43ab-941a-f6b3142ba16a,2026-08-15T18:00:00Z,2026-08-15T20:00:00+0200,23.1,MW,PT,PT,forecast_offshore_wind_generation,Wind Offshore,2026-08-26T22:57:21Z
2026-08-26T22:50:57Z,2026-08-27T00:50:57+0200,397a6afe-2e74-43ab-941a-f6b3142ba16a,2026-08-15T19:00:00Z,2026-08-15T21:00:00+0200,23.4,MW,PT,PT,forecast_offshore_wind_generation,Wind Offshore,2026-08-26T22:57:21Z
2026-08-26T22:50:57Z,2026-08-27T00:50:57+0200,397a6afe-2e74-43ab-941a-f6b3142ba16a,2026-08-15T20:00:00Z,2026-08-15T22:00:00+0200,23.8,MW,PT,PT,forecast_offshore_wind_generation,Wind Offshore,2026-08-26T22:57:21Z
2026-08-26T22:50:57Z,2026-08-27T00:50:57+0200,397a6afe-2e74-43ab-941a-f6b3142ba16a,2026-08-15T21:00:00Z,2026-08-15T23:00:00+0200,23.2,MW,PT,PT,forecast_offshore_wind_generation,Wind Offshore,2026-08-26T22:57:21Z
2026-08-26T22:50:57Z,2026-08-27T00:50:57+0200,397a6afe-2e74-43ab-941a-f6b3142ba16a,2026-08-15T22:00:00Z,2026-08-16T00:00:00+0200,23.7,MW,PT,PT,forecast_offshore_wind_generation,Wind Offshore,2026-08-26T22:57:21Z
2026-08-26T22:50:57Z,2026-08-27T00:50:57+0200,397a6afe-2e74-43ab-941a-f6b3142ba16a,2026-08-15T23:00:00Z,2026-08-16T01:00:00+0200,23.2,MW,PT,PT,forecast_offshore_wind_generation,Wind Offshore,2026-08-26T22:57:21Z
2026-08-26T22:50:57Z,2026-08-27T00:50:57+0200,397a6afe-2e74-43ab-941a-f6b3142ba16a,2026-08-16T00:00:00Z,2026-08-16T02:00:00+0200,22.7,MW,PT,PT,forecast_offshore_wind_generation,Wind Offshore,2026-08-26T22:57:21Z
2026-08-26T22:50:57Z,2026-08-27T00:50:57+0200,397a6afe-2e74-43ab-941a-f6b3142ba16a,2026-08-16T01:00:00Z,2026-08-16T03:00:00+0200,21.7,MW,PT,PT,forecast_offshore_wind_generation,Wind Offshore,2026-08-26T22:57:21Z
2026-08-26T22:50:57Z,2026-08-27T00:50:57+0200,397a6afe-2e74-43ab-941a-f6b3142ba16a,2026-08-16T02:00:00Z,2026-08-16T04:00:00+0200,18.6,MW,PT,PT,forecast_offshore_wind_generation,Wind Offshore,2026-08-26T22:57:21Z
2026-08-26T22:50:57Z,2026-08-27T00:50:57+0200,397a6afe-2e74-43ab-941a-f6b3142ba16a,2026-08-16T03:00:00Z,2026-08-16T05:00:00+0200,14.2,MW,PT,PT,forecast_offshore_wind_generation,Wind Offshore,2026-08-26T22:57:21Z
2026-08-26T22:50:57Z,2026-08-27T00:50:57+0200,397a6afe-2e74-43ab-941a-f6b3142ba16a,2026-08-16T04:00:00Z,2026-08-16T06:00:00+0200,10.9,MW,PT,PT,forecast_offshore_wind_generation,Wind Offshore,2026-08-26T22:57:21Z
2026-08-26T22:50:57Z,2026-08-27T00:50:57+0200,397a6afe-2e74-43ab-941a-f6b3142ba16a,2026-08-16T05:00:00Z,2026-08-16T07:00:00+0200,8.3,MW,PT,PT,forecast_offshore_wind_generation,Wind Offshore,2026-08-26T22:57:21Z
2026-08-26T22:50:57Z,2026-08-27T00:50:57+0200,397a6afe-2e74-43ab-941a-f6b3142ba16a,2026-08-16T06:00:00Z,2026-08-16T08:00:00+0200,6.4,MW,PT,PT,forecast_offshore_wind_generation,Wind Offshore,2026-08-26T22:57:21Z
2026-08-26T22:50:57Z,2026-08-27T00:50:57+0200,397a6afe-2e74-43ab-941a-f6b3142ba16a,2026-08-16T07:00:00Z,2026-08-16T09:00:00+0200,5.1,MW,PT,PT,forecast_offshore_wind_generation,Wind Offshore,2026-08-26T22:57:21Z
2026-08-26T22:50:57Z,2026-08-27T00:50:57+0200,397a6afe-2e74-43ab-941a-f6b3142ba16a,2026-08-16T08:00:00Z,2026-08-16T10:00:00+0200,4.1,MW,PT,PT,forecast_offshore_wind_generation,Wind Offshore,2026-08-26T22:57:21Z
2026-08-26T22:50:57Z,2026-08-27T00:50:57+0200,397a6afe-2e74-43ab-941a-f6b3142ba16a,2026-08-16T09:00:00Z,2026-08-16T11:00:00+0200,3.5,MW,PT,PT,forecast_offshore_wind_generation,Wind Offshore,2026-08-26T22:57:21Z
2026-08-26T22:50:57Z,2026-08-27T00:50:57+0200,397a6afe-2e74-43ab-941a-f6b3142ba16a,2026-08-16T10:00:00Z,2026-08-16T12:00:00+0200,3.4,MW,PT,PT,forecast_offshore_wind_generation,Wind Offshore,2026-08-26T22:57:21Z
2026-08-26T22:50:57Z,2026-08-27T00:50:57+0200,397a6afe-2e74-43ab-941a-f6b3142ba16a,2026-08-16T11:00:00Z,2026-08-16T13:00:00+0200,4.0,MW,PT,PT,forecast_offshore_wind_generation,Wind Offshore,2026-08-26T22:57:21Z
2026-08-26T22:50:57Z,2026-08-27T00:50:57+0200,397a6afe-2e74-43ab-941a-f6b3142ba16a,2026-08-16T12:00:00Z,2026-08-16T14:00:00+0200,5.7,MW,PT,PT,forecast_offshore_wind_generation,Wind Offshore,2026-08-26T22:57:21Z
2026-08-26T22:50:57Z,2026-08-27T00:50:57+0200,397a6afe-2e74-43ab-941a-f6b3142ba16a,2026-08-16T13:00:00Z,2026-08-16T15:00:00+0200,8.1,MW,PT,PT,forecast_offshore_wind_generation,Wind Offshore,2026-08-26T22:57:21Z
2026-08-26T22:50:57Z,2026-08-27T00:50:57+0200,397a6afe-2e74-43ab-941a-f6b3142ba16a,2026-08-16T14:00:00Z,2026-08-16T16:00:00+0200,10.8,MW,PT,PT,forecast_offshore_wind_generation,Wind Offshore,2026-08-26T22:57:21Z
2026-08-26T22:50:57Z,2026-08-27T00:50:57+0200,397a6afe-2e74-43ab-941a-f6b3142ba16a,2026-08-16T15:00:00Z,2026-08-16T17:00:00+0200,12.8,MW,PT,PT,forecast_offshore_wind_generation,Wind Offshore,2026-08-26T22:57:21Z
2026-08-26T22:50:57Z,2026-08-27T00:50:57+0200,397a6afe-2e74-43ab-941a-f6b3142ba16a,2026-08-16T16:00:00Z,2026-08-16T18:00:00+0200,14.5,MW,PT,PT,forecast_offshore_wind_generation,Wind Offshore,2026-08-26T22:57:21Z
2026-08-26T22:50:57Z,2026-08-27T00:50:57+0200,397a6afe-2e74-43ab-941a-f6b3142ba16a,2026-08-16T17:00:00Z,2026-08-16T19:00:00+0200,16.0,MW,PT,PT,forecast_offshore_wind_generation,Wind Offshore,2026-08-26T22:57:21Z
2026-08-26T22:50:57Z,2026-08-27T00:50:57+0200,397a6afe-2e74-43ab-941a-f6b3142ba16a,2026-08-16T18:00:00Z,2026-08-16T20:00:00+0200,17.3,MW,PT,PT,forecast_offshore_wind_generation,Wind Offshore,2026-08-26T22:57:21Z
2026-08-26T22:50:57Z,2026-08-27T00:50:57+0200,397a6afe-2e74-43ab-941a-f6b3142ba16a,2026-08-16T19:00:00Z,2026-08-16T21:00:00+0200,18.7,MW,PT,PT,forecast_offshore_wind_generation,Wind Offshore,2026-08-26T22:57:21Z
2026-08-26T22:50:57Z,2026-08-27T00:50:57+0200,397a6afe-2e74-43ab-941a-f6b3142ba16a,2026-08-16T20:00:00Z,2026-08-16T22:00:00+0200,20.1,MW,PT,PT,forecast_offshore_wind_generation,Wind Offshore,2026-08-26T22:57:21Z
2026-08-26T22:50:57Z,2026-08-27T00:50:57+0200,397a6afe-2e74-43ab-941a-f6b3142ba16a,2026-08-16T21:00:00Z,2026-08-16T23:00:00+0200,19.1,MW,PT,PT,forecast_offshore_wind_generation,Wind Offshore,2026-08-26T22:57:21Z
2026-08-26T22:50:57Z,2026-08-27T00:50:57+0200,397a6afe-2e74-43ab-941a-f6b3142ba16a,2026-08-16T22:00:00Z,2026-08-17T00:00:00+0200,18.0,MW,PT,PT,forecast_offshore_wind_generation,Wind Offshore,2026-08-26T22:57:21Z
2026-08-26T22:50:57Z,2026-08-27T00:50:57+0200,397a6afe-2e74-43ab-941a-f6b3142ba16a,2026-08-16T23:00:00Z,2026-08-17T01:00:00+0200,14.6,MW,PT,PT,forecast_offshore_wind_generation,Wind Offshore,2026-08-26T22:57:21Z
2026-08-26T22:50:57Z,2026-08-27T00:50:57+0200,397a6afe-2e74-43ab-941a-f6b3142ba16a,2026-08-17T00:00:00Z,2026-08-17T02:00:00+0200,12.1,MW,PT,PT,forecast_offshore_wind_generation,Wind Offshore,2026-08-26T22:57:21Z
2026-08-26T22:50:57Z,2026-08-27T00:50:57+0200,397a6afe-2e74-43ab-941a-f6b3142ba16a,2026-08-17T01:00:00Z,2026-08-17T03:00:00+0200,10.8,MW,PT,PT,forecast_offshore_wind_generation,Wind Offshore,2026-08-26T22:57:21Z
2026-08-26T22:50:57Z,2026-08-27T00:50:57+0200,397a6afe-2e74-43ab-941a-f6b3142ba16a,2026-08-17T02:00:00Z,2026-08-17T04:00:00+0200,10.2,MW,PT,PT,forecast_offshore_wind_generation,Wind Offshore,2026-08-26T22:57:21Z
2026-08-26T22:50:57Z,2026-08-27T00:50:57+0200,397a6afe-2e74-43ab-941a-f6b3142ba16a,2026-08-17T03:00:00Z,2026-08-17T05:00:00+0200,9.9,MW,PT,PT,forecast_offshore_wind_generation,Wind Offshore,2026-08-26T22:57:21Z
2026-08-26T22:50:57Z,2026-08-27T00:50:57+0200,397a6afe-2e74-43ab-941a-f6b3142ba16a,2026-08-17T04:00:00Z,2026-08-17T06:00:00+0200,9.5,MW,PT,PT,forecast_offshore_wind_generation,Wind Offshore,2026-08-26T22:57:21Z
2026-08-26T22:50:57Z,2026-08-27T00:50:57+0200,397a6afe-2e74-43ab-941a-f6b3142ba16a,2026-08-17T05:00:00Z,2026-08-17T07:00:00+0200,8.1,MW,PT,PT,forecast_offshore_wind_generation,Wind Offshore,2026-08-26T22:57:21Z
2026-08-26T22:50:57Z,2026-08-27T00:50:57+0200,397a6afe-2e74-43ab-941a-f6b3142ba16a,2026-08-17T06:00:00Z,2026-08-17T08:00:00+0200,6.3,MW,PT,PT,forecast_offshore_wind_generation,Wind Offshore,2026-08-26T22:57:21Z
2026-08-26T22:50:57Z,2026-08-27T00:50:57+0200,397a6afe-2e74-43ab-941a-f6b3142ba16a,2026-08-17T07:00:00Z,2026-08-17T09:00:00+0200,5.4,MW,PT,PT,forecast_offshore_wind_generation,Wind Offshore,2026-08-26T22:57:21Z
2026-08-26T22:50:57Z,2026-08-27T00:50:57+0200,397a6afe-2e74-43ab-941a-f6b3142ba16a,2026-08-17T08:00:00Z,2026-08-17T10:00:00+0200,5.3,MW,PT,PT,forecast_offshore_wind_generation,Wind Offshore,2026-08-26T22:57:21Z
2026-08-26T22:50:57Z,2026-08-27T00:50:57+0200,397a6afe-2e74-43ab-941a-f6b3142ba16a,2026-08-17T09:00:00Z,2026-08-17T11:00:00+0200,5.2,MW,PT,PT,forecast_offshore_wind_generation,Wind Offshore,2026-08-26T22:57:21Z
2026-08-26T22:50:57Z,2026-08-27T00:50:57+0200,397a6afe-2e74-43ab-941a-f6b3142ba16a,2026-08-17T10:00:00Z,2026-08-17T12:00:00+0200,5.8,MW,PT,PT,forecast_offshore_wind_generation,Wind Offshore,2026-08-26T22:57:21Z
2026-08-26T22:50:57Z,2026-08-27T00:50:57+0200,397a6afe-2e74-43ab-941a-f6b3142ba16a,2026-08-17T11:00:00Z,2026-08-17T13:00:00+0200,7.7,MW,PT,PT,forecast_offshore_wind_generation,Wind Offshore,2026-08-26T22:57:21Z
2026-08-26T22:50:57Z,2026-08-27T00:50:57+0200,397a6afe-2e74-43ab-941a-f6b3142ba16a,2026-08-17T12:00:00Z,2026-08-17T14:00:00+0200,10.5,MW,PT,PT,forecast_offshore_wind_generation,Wind Offshore,2026-08-26T22:57:21Z
2026-08-26T22:50:57Z,2026-08-27T00:50:57+0200,397a6afe-2e74-43ab-941a-f6b3142ba16a,2026-08-17T13:00:00Z,2026-08-17T15:00:00+0200,13.2,MW,PT,PT,forecast_offshore_wind_generation,Wind Offshore,2026-08-26T22:57:21Z
2026-08-26T22:50:57Z,2026-08-27T00:50:57+0200,397a6afe-2e74-43ab-941a-f6b3142ba16a,2026-08-17T14:00:00Z,2026-08-17T16:00:00+0200,15.7,MW,PT,PT,forecast_offshore_wind_generation,Wind Offshore,2026-08-26T22:57:21Z
2026-08-26T22:50:57Z,2026-08-27T00:50:57+0200,397a6afe-2e74-43ab-941a-f6b3142ba16a,2026-08-17T15:00:00Z,2026-08-17T17:00:00+0200,18.1,MW,PT,PT,forecast_offshore_wind_generation,Wind Offshore,2026-08-26T22:57:21Z
2026-08-26T22:50:57Z,2026-08-27T00:50:57+0200,397a6afe-2e74-43ab-941a-f6b3142ba16a,2026-08-17T16:00:00Z,2026-08-17T18:00:00+0200,19.5,MW,PT,PT,forecast_offshore_wind_generation,Wind Offshore,2026-08-26T22:57:21Z
2026-08-26T22:50:57Z,2026-08-27T00:50:57+0200,397a6afe-2e74-43ab-941a-f6b3142ba16a,2026-08-17T17:00:00Z,2026-08-17T19:00:00+0200,19.6,MW,PT,PT,forecast_offshore_wind_generation,Wind Offshore,2026-08-26T22:57:21Z
2026-08-26T22:50:57Z,2026-08-27T00:50:57+0200,397a6afe-2e74-43ab-941a-f6b3142ba16a,2026-08-17T18:00:00Z,2026-08-17T20:00:00+0200,19.6,MW,PT,PT,forecast_offshore_wind_generation,Wind Offshore,2026-08-26T22:57:21Z
2026-08-26T22:50:57Z,2026-08-27T00:50:57+0200,397a6afe-2e74-43ab-941a-f6b3142ba16a,2026-08-17T19:00:00Z,2026-08-17T21:00:00+0200,19.2,MW,PT,PT,forecast_offshore_wind_generation,Wind Offshore,2026-08-26T22:57:21Z
2026-08-26T22:50:57Z,2026-08-27T00:50:57+0200,397a6afe-2e74-43ab-941a-f6b3142ba16a,2026-08-17T20:00:00Z,2026-08-17T22:00:00+0200,17.3,MW,PT,PT,forecast_offshore_wind_generation,Wind Offshore,2026-08-26T22:57:21Z
2026-08-26T22:50:57Z,2026-08-27T00:50:57+0200,397a6afe-2e74-43ab-941a-f6b3142ba16a,2026-08-17T21:00:00Z,2026-08-17T23:00:00+0200,14.9,MW,PT,PT,forecast_offshore_wind_generation,Wind Offshore,2026-08-26T22:57:21Z
2026-08-26T22:50:57Z,2026-08-27T00:50:57+0200,397a6afe-2e74-43ab-941a-f6b3142ba16a,2026-08-17T22:00:00Z,2026-08-18T00:00:00+0200,13.4,MW,PT,PT,forecast_offshore_wind_generation,Wind Offshore,2026-08-26T22:57:21Z
2026-08-26T22:50:57Z,2026-08-27T00:50:57+0200,397a6afe-2e74-43ab-941a-f6b3142ba16a,2026-08-17T23:00:00Z,2026-08-18T01:00:00+0200,12.7,MW,PT,PT,forecast_offshore_wind_generation,Wind Offshore,2026-08-26T22:57:21Z
2026-08-26T22:50:57Z,2026-08-27T00:50:57+0200,397a6afe-2e74-43ab-941a-f6b3142ba16a,2026-08-18T00:00:00Z,2026-08-18T02:00:00+0200,12.4,MW,PT,PT,forecast_offshore_wind_generation,Wind Offshore,2026-08-26T22:57:21Z
2026-08-26T22:50:57Z,2026-08-27T00:50:57+0200,397a6afe-2e74-43ab-941a-f6b3142ba16a,2026-08-18T01:00:00Z,2026-08-18T03:00:00+0200,11.1,MW,PT,PT,forecast_offshore_wind_generation,Wind Offshore,2026-08-26T22:57:21Z
2026-08-26T22:50:57Z,2026-08-27T00:50:57+0200,397a6afe-2e74-43ab-941a-f6b3142ba16a,2026-08-18T02:00:00Z,2026-08-18T04:00:00+0200,8.3,MW,PT,PT,forecast_offshore_wind_generation,Wind Offshore,2026-08-26T22:57:21Z
2026-08-26T22:50:57Z,2026-08-27T00:50:57+0200,397a6afe-2e74-43ab-941a-f6b3142ba16a,2026-08-18T03:00:00Z,2026-08-18T05:00:00+0200,5.9,MW,PT,PT,forecast_offshore_wind_generation,Wind Offshore,2026-08-26T22:57:21Z
2026-08-26T22:50:57Z,2026-08-27T00:50:57+0200,397a6afe-2e74-43ab-941a-f6b3142ba16a,2026-08-18T04:00:00Z,2026-08-18T06:00:00+0200,4.0,MW,PT,PT,forecast_offshore_wind_generation,Wind Offshore,2026-08-26T22:57:21Z
2026-08-26T22:50:57Z,2026-08-27T00:50:57+0200,397a6afe-2e74-43ab-941a-f6b3142ba16a,2026-08-18T05:00:00Z,2026-08-18T07:00:00+0200,2.8,MW,PT,PT,forecast_offshore_wind_generation,Wind Offshore,2026-08-26T22:57:21Z
2026-08-26T22:50:57Z,2026-08-27T00:50:57+0200,397a6afe-2e74-43ab-941a-f6b3142ba16a,2026-08-18T06:00:00Z,2026-08-18T08:00:00+0200,2.0,MW,PT,PT,forecast_offshore_wind_generation,Wind Offshore,2026-08-26T22:57:21Z
2026-08-26T22:50:57Z,2026-08-27T00:50:57+0200,397a6afe-2e74-43ab-941a-f6b3142ba16a,2026-08-18T07:00:00Z,2026-08-18T09:00:00+0200,1.8,MW,PT,PT,forecast_offshore_wind_generation,Wind Offshore,2026-08-26T22:57:21Z
2026-08-26T22:50:57Z,2026-08-27T00:50:57+0200,397a6afe-2e74-43ab-941a-f6b3142ba16a,2026-08-18T08:00:00Z,2026-08-18T10:00:00+0200,1.9,MW,PT,PT,forecast_offshore_wind_generation,Wind Offshore,2026-08-26T22:57:21Z
2026-08-26T22:50:57Z,2026-08-27T00:50:57+0200,397a6afe-2e74-43ab-941a-f6b3142ba16a,2026-08-18T09:00:00Z,2026-08-18T11:00:00+0200,1.9,MW,PT,PT,forecast_offshore_wind_generation,Wind Offshore,2026-08-26T22:57:21Z
2026-08-26T22:50:57Z,2026-08-27T00:50:57+0200,397a6afe-2e74-43ab-941a-f6b3142ba16a,2026-08-18T10:00:00Z,2026-08-18T12:00:00+0200,2.2,MW,PT,PT,forecast_offshore_wind_generation,Wind Offshore,2026-08-26T22:57:21Z
2026-08-26T22:50:57Z,2026-08-27T00:50:57+0200,397a6afe-2e74-43ab-941a-f6b3142ba16a,2026-08-18T11:00:00Z,2026-08-18T13:00:00+0200,2.5,MW,PT,PT,forecast_offshore_wind_generation,Wind Offshore,2026-08-26T22:57:21Z
2026-08-26T22:50:57Z,2026-08-27T00:50:57+0200,397a6afe-2e74-43ab-941a-f6b3142ba16a,2026-08-18T12:00:00Z,2026-08-18T14:00:00+0200,2.7,MW,PT,PT,forecast_offshore_wind_generation,Wind Offshore,2026-08-26T22:57:21Z
2026-08-26T22:50:57Z,2026-08-27T00:50:57+0200,397a6afe-2e74-43ab-941a-f6b3142ba16a,2026-08-18T13:00:00Z,2026-08-18T15:00:00+0200,2.9,MW,PT,PT,forecast_offshore_wind_generation,Wind Offshore,2026-08-26T22:57:21Z
2026-08-26T22:50:57Z,2026-08-27T00:50:57+0200,397a6afe-2e74-43ab-941a-f6b3142ba16a,2026-08-18T14:00:00Z,2026-08-18T16:00:00+0200,2.9,MW,PT,PT,forecast_offshore_wind_generation,Wind Offshore,2026-08-26T22:57:21Z
2026-08-26T22:50:57Z,2026-08-27T00:50:57+0200,397a6afe-2e74-43ab-941a-f6b3142ba16a,2026-08-18T15:00:00Z,2026-08-18T17:00:00+0200,2.8,MW,PT,PT,forecast_offshore_wind_generation,Wind Offshore,2026-08-26T22:57:21Z
2026-08-26T22:50:57Z,2026-08-27T00:50:57+0200,397a6afe-2e74-43ab-941a-f6b3142ba16a,2026-08-18T16:00:00Z,2026-08-18T18:00:00+0200,2.8,MW,PT,PT,forecast_offshore_wind_generation,Wind Offshore,2026-08-26T22:57:21Z
2026-08-26T22:50:57Z,2026-08-27T00:50:57+0200,397a6afe-2e74-43ab-941a-f6b3142ba16a,2026-08-18T17:00:00Z,2026-08-18T19:00:00+0200,2.8,MW,PT,PT,forecast_offshore_wind_generation,Wind Offshore,2026-08-26T22:57:21Z
2026-08-26T22:50:57Z,2026-08-27T00:50:57+0200,397a6afe-2e74-43ab-941a-f6b3142ba16a,2026-08-18T18:00:00Z,2026-08-18T20:00:00+0200,3.2,MW,PT,PT,forecast_offshore_wind_generation,Wind Offshore,2026-08-26T22:57:21Z
2026-08-26T22:50:57Z,2026-08-27T00:50:57+0200,397a6afe-2e74-43ab-941a-f6b3142ba16a,2026-08-18T19:00:00Z,2026-08-18T21:00:00+0200,3.8,MW,PT,PT,forecast_offshore_wind_generation,Wind Offshore,2026-08-26T22:57:21Z
2026-08-26T22:50:57Z,2026-08-27T00:50:57+0200,397a6afe-2e74-43ab-941a-f6b3142ba16a,2026-08-18T20:00:00Z,2026-08-18T22:00:00+0200,4.2,MW,PT,PT,forecast_offshore_wind_generation,Wind Offshore,2026-08-26T22:57:21Z
2026-08-26T22:50:57Z,2026-08-27T00:50:57+0200,397a6afe-2e74-43ab-941a-f6b3142ba16a,2026-08-18T21:00:00Z,2026-08-18T23:00:00+0200,4.5,MW,PT,PT,forecast_offshore_wind_generation,Wind Offshore,2026-08-26T22:57:21Z
2026-08-26T22:50:57Z,2026-08-27T00:50:57+0200,397a6afe-2e74-43ab-941a-f6b3142ba16a,2026-08-18T22:00:00Z,2026-08-19T00:00:00+0200,6.8,MW,PT,PT,forecast_offshore_wind_generation,Wind Offshore,2026-08-26T22:57:21Z
2026-08-26T22:50:57Z,2026-08-27T00:50:57+0200,397a6afe-2e74-43ab-941a-f6b3142ba16a,2026-08-18T23:00:00Z,2026-08-19T01:00:00+0200,6.2,MW,PT,PT,forecast_offshore_wind_generation,Wind Offshore,2026-08-26T22:57:21Z
2026-08-26T22:50:57Z,2026-08-27T00:50:57+0200,397a6afe-2e74-43ab-941a-f6b3142ba16a,2026-08-19T00:00:00Z,2026-08-19T02:00:00+0200,5.1,MW,PT,PT,forecast_offshore_wind_generation,Wind Offshore,2026-08-26T22:57:21Z
2026-08-26T22:50:57Z,2026-08-27T00:50:57+0200,397a6afe-2e74-43ab-941a-f6b3142ba16a,2026-08-19T01:00:00Z,2026-08-19T03:00:00+0200,4.0,MW,PT,PT,forecast_offshore_wind_generation,Wind Offshore,2026-08-26T22:57:21Z
2026-08-26T22:50:57Z,2026-08-27T00:50:57+0200,397a6afe-2e74-43ab-941a-f6b3142ba16a,2026-08-19T02:00:00Z,2026-08-19T04:00:00+0200,3.3,MW,PT,PT,forecast_offshore_wind_generation,Wind Offshore,2026-08-26T22:57:21Z
2026-08-26T22:50:57Z,2026-08-27T00:50:57+0200,397a6afe-2e74-43ab-941a-f6b3142ba16a,2026-08-19T03:00:00Z,2026-08-19T05:00:00+0200,3.0,MW,PT,PT,forecast_offshore_wind_generation,Wind Offshore,2026-08-26T22:57:21Z
2026-08-26T22:50:57Z,2026-08-27T00:50:57+0200,397a6afe-2e74-43ab-941a-f6b3142ba16a,2026-08-19T04:00:00Z,2026-08-19T06:00:00+0200,3.0,MW,PT,PT,forecast_offshore_wind_generation,Wind Offshore,2026-08-26T22:57:21Z
2026-08-26T22:50:57Z,2026-08-27T00:50:57+0200,397a6afe-2e74-43ab-941a-f6b3142ba16a,2026-08-19T05:00:00Z,2026-08-19T07:00:00+0200,3.3,MW,PT,PT,forecast_offshore_wind_generation,Wind Offshore,2026-08-26T22:57:21Z
2026-08-26T22:50:57Z,2026-08-27T00:50:57+0200,397a6afe-2e74-43ab-941a-f6b3142ba16a,2026-08-19T06:00:00Z,2026-08-19T08:00:00+0200,3.8,MW,PT,PT,forecast_offshore_wind_generation,Wind Offshore,2026-08-26T22:57:21Z
2026-08-26T22:50:57Z,2026-08-27T00:50:57+0200,397a6afe-2e74-43ab-941a-f6b3142ba16a,2026-08-19T07:00:00Z,2026-08-19T09:00:00+0200,4.1,MW,PT,PT,forecast_offshore_wind_generation,Wind Offshore,2026-08-26T22:57:21Z
2026-08-26T22:50:57Z,2026-08-27T00:50:57+0200,397a6afe-2e74-43ab-941a-f6b3142ba16a,2026-08-19T08:00:00Z,2026-08-19T10:00:00+0200,3.9,MW,PT,PT,forecast_offshore_wind_generation,Wind Offshore,2026-08-26T22:57:21Z
2026-08-26T22:50:57Z,2026-08-27T00:50:57+0200,397a6afe-2e74-43ab-941a-f6b3142ba16a,2026-08-19T09:00:00Z,2026-08-19T11:00:00+0200,3.4,MW,PT,PT,forecast_offshore_wind_generation,Wind Offshore,2026-08-26T22:57:21Z
2026-08-26T22:50:57Z,2026-08-27T00:50:57+0200,397a6afe-2e74-43ab-941a-f6b3142ba16a,2026-08-19T10:00:00Z,2026-08-19T12:00:00+0200,3.1,MW,PT,PT,forecast_offshore_wind_generation,Wind Offshore,2026-08-26T22:57:21Z
2026-08-26T22:50:57Z,2026-08-27T00:50:57+0200,397a6afe-2e74-43ab-941a-f6b3142ba16a,2026-08-19T11:00:00Z,2026-08-19T13:00:00+0200,2.8,MW,PT,PT,forecast_offshore_wind_generation,Wind Offshore,2026-08-26T22:57:21Z
2026-08-26T22:50:57Z,2026-08-27T00:50:57+0200,397a6afe-2e74-43ab-941a-f6b3142ba16a,2026-08-19T12:00:00Z,2026-08-19T14:00:00+0200,2.3,MW,PT,PT,forecast_offshore_wind_generation,Wind Offshore,2026-08-26T22:57:21Z
2026-08-26T22:50:57Z,2026-08-27T00:50:57+0200,397a6afe-2e74-43ab-941a-f6b3142ba16a,2026-08-19T13:00:00Z,2026-08-19T15:00:00+0200,1.9,MW,PT,PT,forecast_offshore_wind_generation,Wind Offshore,2026-08-26T22:57:21Z
2026-08-26T22:50:57Z,2026-08-27T00:50:57+0200,397a6afe-2e74-43ab-941a-f6b3142ba16a,2026-08-19T14:00:00Z,2026-08-19T16:00:00+0200,1.6,MW,PT,PT,forecast_offshore_wind_generation,Wind Offshore,2026-08-26T22:57:21Z
2026-08-26T22:50:57Z,2026-08-27T00:50:57+0200,397a6afe-2e74-43ab-941a-f6b3142ba16a,2026-08-19T15:00:00Z,2026-08-19T17:00:00+0200,1.3,MW,PT,PT,forecast_offshore_wind_generation,Wind Offshore,2026-08-26T22:57:21Z
2026-08-26T22:50:57Z,2026-08-27T00:50:57+0200,397a6afe-2e74-43ab-941a-f6b3142ba16a,2026-08-19T16:00:00Z,2026-08-19T18:00:00+0200,1.1,MW,PT,PT,forecast_offshore_wind_generation,Wind Offshore,2026-08-26T22:57:21Z
2026-08-26T22:50:57Z,2026-08-27T00:50:57+0200,397a6afe-2e74-43ab-941a-f6b3142ba16a,2026-08-19T17:00:00Z,2026-08-19T19:00:00+0200,1.2,MW,PT,PT,forecast_offshore_wind_generation,Wind Offshore,2026-08-26T22:57:21Z
2026-08-26T22:50:57Z,2026-08-27T00:50:57+0200,397a6afe-2e74-43ab-941a-f6b3142ba16a,2026-08-19T18:00:00Z,2026-08-19T20:00:00+0200,1.9,MW,PT,PT,forecast_offshore_wind_generation,Wind Offshore,2026-08-26T22:57:21Z
2026-08-26T22:50:57Z,2026-08-27T00:50:57+0200,397a6afe-2e74-43ab-941a-f6b3142ba16a,2026-08-19T19:00:00Z,2026-08-19T21:00:00+0200,2.5,MW,PT,PT,forecast_offshore_wind_generation,Wind Offshore,2026-08-26T22:57:21Z
2026-08-26T22:50:57Z,2026-08-27T00:50:57+0200,397a6afe-2e74-43ab-941a-f6b3142ba16a,2026-08-19T20:00:00Z,2026-08-19T22:00:00+0200,3.0,MW,PT,PT,forecast_offshore_wind_generation,Wind Offshore,2026-08-26T22:57:21Z
2026-08-26T22:50:57Z,2026-08-27T00:50:57+0200,397a6afe-2e74-43ab-941a-f6b3142ba16a,2026-08-19T21:00:00Z,2026-08-19T23:00:00+0200,3.2,MW,PT,PT,forecast_offshore_wind_generation,Wind Offshore,2026-08-26T22:57:21Z
2026-08-26T22:50:57Z,2026-08-27T00:50:57+0200,397a6afe-2e74-43ab-941a-f6b3142ba16a,2026-08-19T22:00:00Z,2026-08-20T00:00:00+0200,2.9,MW,PT,PT,forecast_offshore_wind_generation,Wind Offshore,2026-08-26T22:57:21Z
2026-08-26T22:50:57Z,2026-08-27T00:50:57+0200,397a6afe-2e74-43ab-941a-f6b3142ba16a,2026-08-19T23:00:00Z,2026-08-20T01:00:00+0200,3.0,MW,PT,PT,forecast_offshore_wind_generation,Wind Offshore,2026-08-26T22:57:21Z
2026-08-26T22:50:57Z,2026-08-27T00:50:57+0200,397a6afe-2e74-43ab-941a-f6b3142ba16a,2026-08-20T00:00:00Z,2026-08-20T02:00:00+0200,2.7,MW,PT,PT,forecast_offshore_wind_generation,Wind Offshore,2026-08-26T22:57:21Z
2026-08-26T22:50:57Z,2026-08-27T00:50:57+0200,397a6afe-2e74-43ab-941a-f6b3142ba16a,2026-08-20T01:00:00Z,2026-08-20T03:00:00+0200,2.4,MW,PT,PT,forecast_offshore_wind_generation,Wind Offshore,2026-08-26T22:57:21Z
2026-08-26T22:50:57Z,2026-08-27T00:50:57+0200,397a6afe-2e74-43ab-941a-f6b3142ba16a,2026-08-20T02:00:00Z,2026-08-20T04:00:00+0200,2.2,MW,PT,PT,forecast_offshore_wind_generation,Wind Offshore,2026-08-26T22:57:21Z
2026-08-26T22:50:57Z,2026-08-27T00:50:57+0200,397a6afe-2e74-43ab-941a-f6b3142ba16a,2026-08-20T03:00:00Z,2026-08-20T05:00:00+0200,2.3,MW,PT,PT,forecast_offshore_wind_generation,Wind Offshore,2026-08-26T22:57:21Z
2026-08-26T22:50:57Z,2026-08-27T00:50:57+0200,397a6afe-2e74-43ab-941a-f6b3142ba16a,2026-08-20T04:00:00Z,2026-08-20T06:00:00+0200,2.7,MW,PT,PT,forecast_offshore_wind_generation,Wind Offshore,2026-08-26T22:57:21Z
2026-08-26T22:50:57Z,2026-08-27T00:50:57+0200,397a6afe-2e74-43ab-941a-f6b3142ba16a,2026-08-20T05:00:00Z,2026-08-20T07:00:00+0200,4.4,MW,PT,PT,forecast_offshore_wind_generation,Wind Offshore,2026-08-26T22:57:21Z
2026-08-26T22:50:57Z,2026-08-27T00:50:57+0200,397a6afe-2e74-43ab-941a-f6b3142ba16a,2026-08-20T06:00:00Z,2026-08-20T08:00:00+0200,8.6,MW,PT,PT,forecast_offshore_wind_generation,Wind Offshore,2026-08-26T22:57:21Z
2026-08-26T22:50:57Z,2026-08-27T00:50:57+0200,397a6afe-2e74-43ab-941a-f6b3142ba16a,2026-08-20T07:00:00Z,2026-08-20T09:00:00+0200,14.1,MW,PT,PT,forecast_offshore_wind_generation,Wind Offshore,2026-08-26T22:57:21Z
2026-08-26T22:50:57Z,2026-08-27T00:50:57+0200,397a6afe-2e74-43ab-941a-f6b3142ba16a,2026-08-20T08:00:00Z,2026-08-20T10:00:00+0200,18.1,MW,PT,PT,forecast_offshore_wind_generation,Wind Offshore,2026-08-26T22:57:21Z
2026-08-26T22:50:57Z,2026-08-27T00:50:57+0200,397a6afe-2e74-43ab-941a-f6b3142ba16a,2026-08-20T09:00:00Z,2026-08-20T11:00:00+0200,20.5,MW,PT,PT,forecast_offshore_wind_generation,Wind Offshore,2026-08-26T22:57:21Z
2026-08-26T22:50:57Z,2026-08-27T00:50:57+0200,397a6afe-2e74-43ab-941a-f6b3142ba16a,2026-08-20T10:00:00Z,2026-08-20T12:00:00+0200,21.8,MW,PT,PT,forecast_offshore_wind_generation,Wind Offshore,2026-08-26T22:57:21Z
2026-08-26T22:50:57Z,2026-08-27T00:50:57+0200,397a6afe-2e74-43ab-941a-f6b3142ba16a,2026-08-20T11:00:00Z,2026-08-20T13:00:00+0200,22.3,MW,PT,PT,forecast_offshore_wind_generation,Wind Offshore,2026-08-26T22:57:21Z
2026-08-26T22:50:57Z,2026-08-27T00:50:57+0200,397a6afe-2e74-43ab-941a-f6b3142ba16a,2026-08-20T12:00:00Z,2026-08-20T14:00:00+0200,22.3,MW,PT,PT,forecast_offshore_wind_generation,Wind Offshore,2026-08-26T22:57:21Z
2026-08-26T22:50:57Z,2026-08-27T00:50:57+0200,397a6afe-2e74-43ab-941a-f6b3142ba16a,2026-08-20T13:00:00Z,2026-08-20T15:00:00+0200,22.3,MW,PT,PT,forecast_offshore_wind_generation,Wind Offshore,2026-08-26T22:57:21Z
2026-08-26T22:50:57Z,2026-08-27T00:50:57+0200,397a6afe-2e74-43ab-941a-f6b3142ba16a,2026-08-20T14:00:00Z,2026-08-20T16:00:00+0200,22.5,MW,PT,PT,forecast_offshore_wind_generation,Wind Offshore,2026-08-26T22:57:21Z
2026-08-26T22:50:57Z,2026-08-27T00:50:57+0200,397a6afe-2e74-43ab-941a-f6b3142ba16a,2026-08-20T15:00:00Z,2026-08-20T17:00:00+0200,22.6,MW,PT,PT,forecast_offshore_wind_generation,Wind Offshore,2026-08-26T22:57:21Z
2026-08-26T22:50:57Z,2026-08-27T00:50:57+0200,397a6afe-2e74-43ab-941a-f6b3142ba16a,2026-08-20T16:00:00Z,2026-08-20T18:00:00+0200,22.7,MW,PT,PT,forecast_offshore_wind_generation,Wind Offshore,2026-08-26T22:57:21Z
2026-08-26T22:50:57Z,2026-08-27T00:50:57+0200,397a6afe-2e74-43ab-941a-f6b3142ba16a,2026-08-20T17:00:00Z,2026-08-20T19:00:00+0200,22.8,MW,PT,PT,forecast_offshore_wind_generation,Wind Offshore,2026-08-26T22:57:21Z
2026-08-26T22:50:57Z,2026-08-27T00:50:57+0200,397a6afe-2e74-43ab-941a-f6b3142ba16a,2026-08-20T18:00:00Z,2026-08-20T20:00:00+0200,23.0,MW,PT,PT,forecast_offshore_wind_generation,Wind Offshore,2026-08-26T22:57:21Z
2026-08-26T22:50:57Z,2026-08-27T00:50:57+0200,397a6afe-2e74-43ab-941a-f6b3142ba16a,2026-08-20T19:00:00Z,2026-08-20T21:00:00+0200,23.2,MW,PT,PT,forecast_offshore_wind_generation,Wind Offshore,2026-08-26T22:57:21Z
2026-08-26T22:50:57Z,2026-08-27T00:50:57+0200,397a6afe-2e74-43ab-941a-f6b3142ba16a,2026-08-20T20:00:00Z,2026-08-20T22:00:00+0200,23.4,MW,PT,PT,forecast_offshore_wind_generation,Wind Offshore,2026-08-26T22:57:21Z
2026-08-26T22:50:57Z,2026-08-27T00:50:57+0200,397a6afe-2e74-43ab-941a-f6b3142ba16a,2026-08-20T21:00:00Z,2026-08-20T23:00:00+0200,23.7,MW,PT,PT,forecast_offshore_wind_generation,Wind Offshore,2026-08-26T22:57:21Z
2026-08-26T22:50:57Z,2026-08-27T00:50:57+0200,397a6afe-2e74-43ab-941a-f6b3142ba16a,2026-08-20T22:00:00Z,2026-08-21T00:00:00+0200,23.3,MW,PT,PT,forecast_offshore_wind_generation,Wind Offshore,2026-08-26T22:57:21Z
2026-08-26T22:50:57Z,2026-08-27T00:50:57+0200,397a6afe-2e74-43ab-941a-f6b3142ba16a,2026-08-20T23:00:00Z,2026-08-21T01:00:00+0200,23.0,MW,PT,PT,forecast_offshore_wind_generation,Wind Offshore,2026-08-26T22:57:21Z
2026-08-26T22:50:57Z,2026-08-27T00:50:57+0200,397a6afe-2e74-43ab-941a-f6b3142ba16a,2026-08-21T00:00:00Z,2026-08-21T02:00:00+0200,21.9,MW,PT,PT,forecast_offshore_wind_generation,Wind Offshore,2026-08-26T22:57:21Z
2026-08-26T22:50:57Z,2026-08-27T00:50:57+0200,397a6afe-2e74-43ab-941a-f6b3142ba16a,2026-08-21T01:00:00Z,2026-08-21T03:00:00+0200,20.5,MW,PT,PT,forecast_offshore_wind_generation,Wind Offshore,2026-08-26T22:57:21Z
2026-08-26T22:50:57Z,2026-08-27T00:50:57+0200,397a6afe-2e74-43ab-941a-f6b3142ba16a,2026-08-21T02:00:00Z,2026-08-21T04:00:00+0200,19.6,MW,PT,PT,forecast_offshore_wind_generation,Wind Offshore,2026-08-26T22:57:21Z
2026-08-26T22:50:57Z,2026-08-27T00:50:57+0200,397a6afe-2e74-43ab-941a-f6b3142ba16a,2026-08-21T03:00:00Z,2026-08-21T05:00:00+0200,19.0,MW,PT,PT,forecast_offshore_wind_generation,Wind Offshore,2026-08-26T22:57:21Z
2026-08-26T22:50:57Z,2026-08-27T00:50:57+0200,397a6afe-2e74-43ab-941a-f6b3142ba16a,2026-08-21T04:00:00Z,2026-08-21T06:00:00+0200,18.3,MW,PT,PT,forecast_offshore_wind_generation,Wind Offshore,2026-08-26T22:57:21Z
2026-08-26T22:50:57Z,2026-08-27T00:50:57+0200,397a6afe-2e74-43ab-941a-f6b3142ba16a,2026-08-21T05:00:00Z,2026-08-21T07:00:00+0200,17.0,MW,PT,PT,forecast_offshore_wind_generation,Wind Offshore,2026-08-26T22:57:21Z
2026-08-26T22:50:57Z,2026-08-27T00:50:57+0200,397a6afe-2e74-43ab-941a-f6b3142ba16a,2026-08-21T06:00:00Z,2026-08-21T08:00:00+0200,15.0,MW,PT,PT,forecast_offshore_wind_generation,Wind Offshore,2026-08-26T22:57:21Z
2026-08-26T22:50:57Z,2026-08-27T00:50:57+0200,397a6afe-2e74-43ab-941a-f6b3142ba16a,2026-08-21T07:00:00Z,2026-08-21T09:00:00+0200,13.1,MW,PT,PT,forecast_offshore_wind_generation,Wind Offshore,2026-08-26T22:57:21Z
2026-08-26T22:50:57Z,2026-08-27T00:50:57+0200,397a6afe-2e74-43ab-941a-f6b3142ba16a,2026-08-21T08:00:00Z,2026-08-21T10:00:00+0200,12.3,MW,PT,PT,forecast_offshore_wind_generation,Wind Offshore,2026-08-26T22:57:21Z
2026-08-26T22:50:57Z,2026-08-27T00:50:57+0200,397a6afe-2e74-43ab-941a-f6b3142ba16a,2026-08-21T09:00:00Z,2026-08-21T11:00:00+0200,13.2,MW,PT,PT,forecast_offshore_wind_generation,Wind Offshore,2026-08-26T22:57:21Z
2026-08-26T22:50:57Z,2026-08-27T00:50:57+0200,397a6afe-2e74-43ab-941a-f6b3142ba16a,2026-08-21T10:00:00Z,2026-08-21T12:00:00+0200,15.2,MW,PT,PT,forecast_offshore_wind_generation,Wind Offshore,2026-08-26T22:57:21Z
2026-08-26T22:50:57Z,2026-08-27T00:50:57+0200,397a6afe-2e74-43ab-941a-f6b3142ba16a,2026-08-21T11:00:00Z,2026-08-21T13:00:00+0200,17.5,MW,PT,PT,forecast_offshore_wind_generation,Wind Offshore,2026-08-26T22:57:21Z
2026-08-26T22:50:57Z,2026-08-27T00:50:57+0200,397a6afe-2e74-43ab-941a-f6b3142ba16a,2026-08-21T12:00:00Z,2026-08-21T14:00:00+0200,19.8,MW,PT,PT,forecast_offshore_wind_generation,Wind Offshore,2026-08-26T22:57:21Z
2026-08-26T22:50:57Z,2026-08-27T00:50:57+0200,397a6afe-2e74-43ab-941a-f6b3142ba16a,2026-08-21T13:00:00Z,2026-08-21T15:00:00+0200,21.5,MW,PT,PT,forecast_offshore_wind_generation,Wind Offshore,2026-08-26T22:57:21Z
2026-08-26T22:50:57Z,2026-08-27T00:50:57+0200,397a6afe-2e74-43ab-941a-f6b3142ba16a,2026-08-21T14:00:00Z,2026-08-21T16:00:00+0200,22.4,MW,PT,PT,forecast_offshore_wind_generation,Wind Offshore,2026-08-26T22:57:21Z
2026-08-26T22:50:57Z,2026-08-27T00:50:57+0200,397a6afe-2e74-43ab-941a-f6b3142ba16a,2026-08-21T15:00:00Z,2026-08-21T17:00:00+0200,22.8,MW,PT,PT,forecast_offshore_wind_generation,Wind Offshore,2026-08-26T22:57:21Z
2026-08-26T22:50:57Z,2026-08-27T00:50:57+0200,397a6afe-2e74-43ab-941a-f6b3142ba16a,2026-08-21T16:00:00Z,2026-08-21T18:00:00+0200,23.0,MW,PT,PT,forecast_offshore_wind_generation,Wind Offshore,2026-08-26T22:57:21Z
2026-08-26T22:50:57Z,2026-08-27T00:50:57+0200,397a6afe-2e74-43ab-941a-f6b3142ba16a,2026-08-21T17:00:00Z,2026-08-21T19:00:00+0200,22.8,MW,PT,PT,forecast_offshore_wind_generation,Wind Offshore,2026-08-26T22:57:21Z
2026-08-26T22:50:57Z,2026-08-27T00:50:57+0200,397a6afe-2e74-43ab-941a-f6b3142ba16a,2026-08-21T18:00:00Z,2026-08-21T20:00:00+0200,23.1,MW,PT,PT,forecast_offshore_wind_generation,Wind Offshore,2026-08-26T22:57:21Z
2026-08-26T22:50:57Z,2026-08-27T00:50:57+0200,397a6afe-2e74-43ab-941a-f6b3142ba16a,2026-08-21T19:00:00Z,2026-08-21T21:00:00+0200,23.2,MW,PT,PT,forecast_offshore_wind_generation,Wind Offshore,2026-08-26T22:57:21Z
2026-08-26T22:50:57Z,2026-08-27T00:50:57+0200,397a6afe-2e74-43ab-941a-f6b3142ba16a,2026-08-21T20:00:00Z,2026-08-21T22:00:00+0200,22.9,MW,PT,PT,forecast_offshore_wind_generation,Wind Offshore,2026-08-26T22:57:21Z
2026-08-26T22:50:57Z,2026-08-27T00:50:57+0200,397a6afe-2e74-43ab-941a-f6b3142ba16a,2026-08-21T21:00:00Z,2026-08-21T23:00:00+0200,21.6,MW,PT,PT,forecast_offshore_wind_generation,Wind Offshore,2026-08-26T22:57:21Z
2026-08-26T22:50:57Z,2026-08-27T00:50:57+0200,397a6afe-2e74-43ab-941a-f6b3142ba16a,2026-08-21T22:00:00Z,2026-08-22T00:00:00+0200,14.8,MW,PT,PT,forecast_offshore_wind_generation,Wind Offshore,2026-08-26T22:57:21Z
2026-08-26T22:50:57Z,2026-08-27T00:50:57+0200,397a6afe-2e74-43ab-941a-f6b3142ba16a,2026-08-21T23:00:00Z,2026-08-22T01:00:00+0200,10.4,MW,PT,PT,forecast_offshore_wind_generation,Wind Offshore,2026-08-26T22:57:21Z
2026-08-26T22:50:57Z,2026-08-27T00:50:57+0200,397a6afe-2e74-43ab-941a-f6b3142ba16a,2026-08-22T00:00:00Z,2026-08-22T02:00:00+0200,6.2,MW,PT,PT,forecast_offshore_wind_generation,Wind Offshore,2026-08-26T22:57:21Z
2026-08-26T22:50:57Z,2026-08-27T00:50:57+0200,397a6afe-2e74-43ab-941a-f6b3142ba16a,2026-08-22T01:00:00Z,2026-08-22T03:00:00+0200,3.1,MW,PT,PT,forecast_offshore_wind_generation,Wind Offshore,2026-08-26T22:57:21Z
2026-08-26T22:50:57Z,2026-08-27T00:50:57+0200,397a6afe-2e74-43ab-941a-f6b3142ba16a,2026-08-22T02:00:00Z,2026-08-22T04:00:00+0200,1.9,MW,PT,PT,forecast_offshore_wind_generation,Wind Offshore,2026-08-26T22:57:21Z
2026-08-26T22:50:57Z,2026-08-27T00:50:57+0200,397a6afe-2e74-43ab-941a-f6b3142ba16a,2026-08-22T03:00:00Z,2026-08-22T05:00:00+0200,1.8,MW,PT,PT,forecast_offshore_wind_generation,Wind Offshore,2026-08-26T22:57:21Z
2026-08-26T22:50:57Z,2026-08-27T00:50:57+0200,397a6afe-2e74-43ab-941a-f6b3142ba16a,2026-08-22T04:00:00Z,2026-08-22T06:00:00+0200,2.5,MW,PT,PT,forecast_offshore_wind_generation,Wind Offshore,2026-08-26T22:57:21Z
2026-08-26T22:50:57Z,2026-08-27T00:50:57+0200,397a6afe-2e74-43ab-941a-f6b3142ba16a,2026-08-22T05:00:00Z,2026-08-22T07:00:00+0200,3.5,MW,PT,PT,forecast_offshore_wind_generation,Wind Offshore,2026-08-26T22:57:21Z
2026-08-26T22:50:57Z,2026-08-27T00:50:57+0200,397a6afe-2e74-43ab-941a-f6b3142ba16a,2026-08-22T06:00:00Z,2026-08-22T08:00:00+0200,4.6,MW,PT,PT,forecast_offshore_wind_generation,Wind Offshore,2026-08-26T22:57:21Z
2026-08-26T22:50:57Z,2026-08-27T00:50:57+0200,397a6afe-2e74-43ab-941a-f6b3142ba16a,2026-08-22T07:00:00Z,2026-08-22T09:00:00+0200,5.8,MW,PT,PT,forecast_offshore_wind_generation,Wind Offshore,2026-08-26T22:57:21Z
2026-08-26T22:50:57Z,2026-08-27T00:50:57+0200,397a6afe-2e74-43ab-941a-f6b3142ba16a,2026-08-22T08:00:00Z,2026-08-22T10:00:00+0200,6.0,MW,PT,PT,forecast_offshore_wind_generation,Wind Offshore,2026-08-26T22:57:21Z
2026-08-26T22:50:57Z,2026-08-27T00:50:57+0200,397a6afe-2e74-43ab-941a-f6b3142ba16a,2026-08-22T09:00:00Z,2026-08-22T11:00:00+0200,5.4,MW,PT,PT,forecast_offshore_wind_generation,Wind Offshore,2026-08-26T22:57:21Z
2026-08-26T22:50:57Z,2026-08-27T00:50:57+0200,397a6afe-2e74-43ab-941a-f6b3142ba16a,2026-08-22T10:00:00Z,2026-08-22T12:00:00+0200,4.2,MW,PT,PT,forecast_offshore_wind_generation,Wind Offshore,2026-08-26T22:57:21Z
2026-08-26T22:50:57Z,2026-08-27T00:50:57+0200,397a6afe-2e74-43ab-941a-f6b3142ba16a,2026-08-22T11:00:00Z,2026-08-22T13:00:00+0200,3.0,MW,PT,PT,forecast_offshore_wind_generation,Wind Offshore,2026-08-26T22:57:21Z
2026-08-26T22:50:57Z,2026-08-27T00:50:57+0200,397a6afe-2e74-43ab-941a-f6b3142ba16a,2026-08-22T12:00:00Z,2026-08-22T14:00:00+0200,2.2,MW,PT,PT,forecast_offshore_wind_generation,Wind Offshore,2026-08-26T22:57:21Z
2026-08-26T22:50:57Z,2026-08-27T00:50:57+0200,397a6afe-2e74-43ab-941a-f6b3142ba16a,2026-08-22T13:00:00Z,2026-08-22T15:00:00+0200,1.6,MW,PT,PT,forecast_offshore_wind_generation,Wind Offshore,2026-08-26T22:57:21Z
2026-08-26T22:50:57Z,2026-08-27T00:50:57+0200,397a6afe-2e74-43ab-941a-f6b3142ba16a,2026-08-22T14:00:00Z,2026-08-22T16:00:00+0200,1.1,MW,PT,PT,forecast_offshore_wind_generation,Wind Offshore,2026-08-26T22:57:21Z
2026-08-26T22:50:57Z,2026-08-27T00:50:57+0200,397a6afe-2e74-43ab-941a-f6b3142ba16a,2026-08-22T15:00:00Z,2026-08-22T17:00:00+0200,0.7,MW,PT,PT,forecast_offshore_wind_generation,Wind Offshore,2026-08-26T22:57:21Z
2026-08-26T22:50:57Z,2026-08-27T00:50:57+0200,397a6afe-2e74-43ab-941a-f6b3142ba16a,2026-08-22T16:00:00Z,2026-08-22T18:00:00+0200,0.4,MW,PT,PT,forecast_offshore_wind_generation,Wind Offshore,2026-08-26T22:57:21Z
2026-08-26T22:50:57Z,2026-08-27T00:50:57+0200,397a6afe-2e74-43ab-941a-f6b3142ba16a,2026-08-22T17:00:00Z,2026-08-22T19:00:00+0200,0.3,MW,PT,PT,forecast_offshore_wind_generation,Wind Offshore,2026-08-26T22:57:21Z
2026-08-26T22:50:57Z,2026-08-27T00:50:57+0200,397a6afe-2e74-43ab-941a-f6b3142ba16a,2026-08-22T18:00:00Z,2026-08-22T20:00:00+0200,0.2,MW,PT,PT,forecast_offshore_wind_generation,Wind Offshore,2026-08-26T22:57:21Z
2026-08-26T22:50:57Z,2026-08-27T00:50:57+0200,397a6afe-2e74-43ab-941a-f6b3142ba16a,2026-08-22T19:00:00Z,2026-08-22T21:00:00+0200,0.3,MW,PT,PT,forecast_offshore_wind_generation,Wind Offshore,2026-08-26T22:57:21Z
2026-08-26T22:50:57Z,2026-08-27T00:50:57+0200,397a6afe-2e74-43ab-941a-f6b3142ba16a,2026-08-22T20:00:00Z,2026-08-22T22:00:00+0200,0.3,MW,PT,PT,forecast_offshore_wind_generation,Wind Offshore,2026-08-26T22:57:21Z
2026-08-26T22:50:57Z,2026-08-27T00:50:57+0200,397a6afe-2e74-43ab-941a-f6b3142ba16a,2026-08-22T21:00:00Z,2026-08-22T23:00:00+0200,0.3,MW,PT,PT,forecast_offshore_wind_generation,Wind Offshore,2026-08-26T22:57:21Z
2026-08-26T22:50:57Z,2026-08-27T00:50:57+0200,397a6afe-2e74-43ab-941a-f6b3142ba16a,2026-08-22T22:00:00Z,2026-08-23T00:00:00+0200,0.6,MW,PT,PT,forecast_offshore_wind_generation,Wind Offshore,2026-08-26T22:57:21Z
2026-08-26T22:50:57Z,2026-08-27T00:50:57+0200,397a6afe-2e74-43ab-941a-f6b3142ba16a,2026-08-22T23:00:00Z,2026-08-23T01:00:00+0200,0.7,MW,PT,PT,forecast_offshore_wind_generation,Wind Offshore,2026-08-26T22:57:21Z
2026-08-26T22:50:57Z,2026-08-27T00:50:57+0200,397a6afe-2e74-43ab-941a-f6b3142ba16a,2026-08-23T00:00:00Z,2026-08-23T02:00:00+0200,0.9,MW,PT,PT,forecast_offshore_wind_generation,Wind Offshore,2026-08-26T22:57:21Z
2026-08-26T22:50:57Z,2026-08-27T00:50:57+0200,397a6afe-2e74-43ab-941a-f6b3142ba16a,2026-08-23T01:00:00Z,2026-08-23T03:00:00+0200,1.3,MW,PT,PT,forecast_offshore_wind_generation,Wind Offshore,2026-08-26T22:57:21Z
2026-08-26T22:50:57Z,2026-08-27T00:50:57+0200,397a6afe-2e74-43ab-941a-f6b3142ba16a,2026-08-23T02:00:00Z,2026-08-23T04:00:00+0200,1.7,MW,PT,PT,forecast_offshore_wind_generation,Wind Offshore,2026-08-26T22:57:21Z
2026-08-26T22:50:57Z,2026-08-27T00:50:57+0200,397a6afe-2e74-43ab-941a-f6b3142ba16a,2026-08-23T03:00:00Z,2026-08-23T05:00:00+0200,2.1,MW,PT,PT,forecast_offshore_wind_generation,Wind Offshore,2026-08-26T22:57:21Z
2026-08-26T22:50:57Z,2026-08-27T00:50:57+0200,397a6afe-2e74-43ab-941a-f6b3142ba16a,2026-08-23T04:00:00Z,2026-08-23T06:00:00+0200,2.5,MW,PT,PT,forecast_offshore_wind_generation,Wind Offshore,2026-08-26T22:57:21Z
2026-08-26T22:50:57Z,2026-08-27T00:50:57+0200,397a6afe-2e74-43ab-941a-f6b3142ba16a,2026-08-23T05:00:00Z,2026-08-23T07:00:00+0200,2.8,MW,PT,PT,forecast_offshore_wind_generation,Wind Offshore,2026-08-26T22:57:21Z
2026-08-26T22:50:57Z,2026-08-27T00:50:57+0200,397a6afe-2e74-43ab-941a-f6b3142ba16a,2026-08-23T06:00:00Z,2026-08-23T08:00:00+0200,3.5,MW,PT,PT,forecast_offshore_wind_generation,Wind Offshore,2026-08-26T22:57:21Z
2026-08-26T22:50:57Z,2026-08-27T00:50:57+0200,397a6afe-2e74-43ab-941a-f6b3142ba16a,2026-08-23T07:00:00Z,2026-08-23T09:00:00+0200,4.8,MW,PT,PT,forecast_offshore_wind_generation,Wind Offshore,2026-08-26T22:57:21Z
2026-08-26T22:50:57Z,2026-08-27T00:50:57+0200,397a6afe-2e74-43ab-941a-f6b3142ba16a,2026-08-23T08:00:00Z,2026-08-23T10:00:00+0200,6.2,MW,PT,PT,forecast_offshore_wind_generation,Wind Offshore,2026-08-26T22:57:21Z
2026-08-26T22:50:57Z,2026-08-27T00:50:57+0200,397a6afe-2e74-43ab-941a-f6b3142ba16a,2026-08-23T09:00:00Z,2026-08-23T11:00:00+0200,7.0,MW,PT,PT,forecast_offshore_wind_generation,Wind Offshore,2026-08-26T22:57:21Z
2026-08-26T22:50:57Z,2026-08-27T00:50:57+0200,397a6afe-2e74-43ab-941a-f6b3142ba16a,2026-08-23T10:00:00Z,2026-08-23T12:00:00+0200,7.8,MW,PT,PT,forecast_offshore_wind_generation,Wind Offshore,2026-08-26T22:57:21Z
2026-08-26T22:50:57Z,2026-08-27T00:50:57+0200,397a6afe-2e74-43ab-941a-f6b3142ba16a,2026-08-23T11:00:00Z,2026-08-23T13:00:00+0200,8.4,MW,PT,PT,forecast_offshore_wind_generation,Wind Offshore,2026-08-26T22:57:21Z
2026-08-26T22:50:57Z,2026-08-27T00:50:57+0200,397a6afe-2e74-43ab-941a-f6b3142ba16a,2026-08-23T12:00:00Z,2026-08-23T14:00:00+0200,8.6,MW,PT,PT,forecast_offshore_wind_generation,Wind Offshore,2026-08-26T22:57:21Z
2026-08-26T22:50:57Z,2026-08-27T00:50:57+0200,397a6afe-2e74-43ab-941a-f6b3142ba16a,2026-08-23T13:00:00Z,2026-08-23T15:00:00+0200,9.2,MW,PT,PT,forecast_offshore_wind_generation,Wind Offshore,2026-08-26T22:57:21Z
2026-08-26T22:50:57Z,2026-08-27T00:50:57+0200,397a6afe-2e74-43ab-941a-f6b3142ba16a,2026-08-23T14:00:00Z,2026-08-23T16:00:00+0200,9.1,MW,PT,PT,forecast_offshore_wind_generation,Wind Offshore,2026-08-26T22:57:21Z
2026-08-26T22:50:57Z,2026-08-27T00:50:57+0200,397a6afe-2e74-43ab-941a-f6b3142ba16a,2026-08-23T15:00:00Z,2026-08-23T17:00:00+0200,8.7,MW,PT,PT,forecast_offshore_wind_generation,Wind Offshore,2026-08-26T22:57:21Z
2026-08-26T22:50:57Z,2026-08-27T00:50:57+0200,397a6afe-2e74-43ab-941a-f6b3142ba16a,2026-08-23T16:00:00Z,2026-08-23T18:00:00+0200,8.5,MW,PT,PT,forecast_offshore_wind_generation,Wind Offshore,2026-08-26T22:57:21Z
2026-08-26T22:50:57Z,2026-08-27T00:50:57+0200,397a6afe-2e74-43ab-941a-f6b3142ba16a,2026-08-23T17:00:00Z,2026-08-23T19:00:00+0200,9.2,MW,PT,PT,forecast_offshore_wind_generation,Wind Offshore,2026-08-26T22:57:21Z
2026-08-26T22:50:57Z,2026-08-27T00:50:57+0200,397a6afe-2e74-43ab-941a-f6b3142ba16a,2026-08-23T18:00:00Z,2026-08-23T20:00:00+0200,9.8,MW,PT,PT,forecast_offshore_wind_generation,Wind Offshore,2026-08-26T22:57:21Z
2026-08-26T22:50:57Z,2026-08-27T00:50:57+0200,397a6afe-2e74-43ab-941a-f6b3142ba16a,2026-08-23T19:00:00Z,2026-08-23T21:00:00+0200,9.9,MW,PT,PT,forecast_offshore_wind_generation,Wind Offshore,2026-08-26T22:57:21Z
2026-08-26T22:50:57Z,2026-08-27T00:50:57+0200,397a6afe-2e74-43ab-941a-f6b3142ba16a,2026-08-23T20:00:00Z,2026-08-23T22:00:00+0200,10.4,MW,PT,PT,forecast_offshore_wind_generation,Wind Offshore,2026-08-26T22:57:21Z
2026-08-26T22:50:57Z,2026-08-27T00:50:57+0200,397a6afe-2e74-43ab-941a-f6b3142ba16a,2026-08-23T21:00:00Z,2026-08-23T23:00:00+0200,11.3,MW,PT,PT,forecast_offshore_wind_generation,Wind Offshore,2026-08-26T22:57:21Z
2026-08-26T22:50:57Z,2026-08-27T00:50:57+0200,397a6afe-2e74-43ab-941a-f6b3142ba16a,2026-08-23T22:00:00Z,2026-08-24T00:00:00+0200,18.2,MW,PT,PT,forecast_offshore_wind_generation,Wind Offshore,2026-08-26T22:57:21Z
2026-08-26T22:50:57Z,2026-08-27T00:50:57+0200,397a6afe-2e74-43ab-941a-f6b3142ba16a,2026-08-23T23:00:00Z,2026-08-24T01:00:00+0200,18.4,MW,PT,PT,forecast_offshore_wind_generation,Wind Offshore,2026-08-26T22:57:21Z
2026-08-26T22:50:57Z,2026-08-27T00:50:57+0200,397a6afe-2e74-43ab-941a-f6b3142ba16a,2026-08-24T00:00:00Z,2026-08-24T02:00:00+0200,19.4,MW,PT,PT,forecast_offshore_wind_generation,Wind Offshore,2026-08-26T22:57:21Z
2026-08-26T22:50:57Z,2026-08-27T00:50:57+0200,397a6afe-2e74-43ab-941a-f6b3142ba16a,2026-08-24T01:00:00Z,2026-08-24T03:00:00+0200,21.0,MW,PT,PT,forecast_offshore_wind_generation,Wind Offshore,2026-08-26T22:57:21Z
2026-08-26T22:50:57Z,2026-08-27T00:50:57+0200,397a6afe-2e74-43ab-941a-f6b3142ba16a,2026-08-24T02:00:00Z,2026-08-24T04:00:00+0200,22.1,MW,PT,PT,forecast_offshore_wind_generation,Wind Offshore,2026-08-26T22:57:21Z
2026-08-26T22:50:57Z,2026-08-27T00:50:57+0200,397a6afe-2e74-43ab-941a-f6b3142ba16a,2026-08-24T03:00:00Z,2026-08-24T05:00:00+0200,22.4,MW,PT,PT,forecast_offshore_wind_generation,Wind Offshore,2026-08-26T22:57:21Z
2026-08-26T22:50:57Z,2026-08-27T00:50:57+0200,397a6afe-2e74-43ab-941a-f6b3142ba16a,2026-08-24T04:00:00Z,2026-08-24T06:00:00+0200,22.5,MW,PT,PT,forecast_offshore_wind_generation,Wind Offshore,2026-08-26T22:57:21Z
2026-08-26T22:50:57Z,2026-08-27T00:50:57+0200,397a6afe-2e74-43ab-941a-f6b3142ba16a,2026-08-24T05:00:00Z,2026-08-24T07:00:00+0200,22.5,MW,PT,PT,forecast_offshore_wind_generation,Wind Offshore,2026-08-26T22:57:21Z
2026-08-26T22:50:57Z,2026-08-27T00:50:57+0200,397a6afe-2e74-43ab-941a-f6b3142ba16a,2026-08-24T06:00:00Z,2026-08-24T08:00:00+0200,22.5,MW,PT,PT,forecast_offshore_wind_generation,Wind Offshore,2026-08-26T22:57:21Z
2026-08-26T22:50:57Z,2026-08-27T00:50:57+0200,397a6afe-2e74-43ab-941a-f6b3142ba16a,2026-08-24T07:00:00Z,2026-08-24T09:00:00+0200,22.5,MW,PT,PT,forecast_offshore_wind_generation,Wind Offshore,2026-08-26T22:57:21Z
2026-08-26T22:50:57Z,2026-08-27T00:50:57+0200,397a6afe-2e74-43ab-941a-f6b3142ba16a,2026-08-24T08:00:00Z,2026-08-24T10:00:00+0200,22.6,MW,PT,PT,forecast_offshore_wind_generation,Wind Offshore,2026-08-26T22:57:21Z
2026-08-26T22:50:57Z,2026-08-27T00:50:57+0200,397a6afe-2e74-43ab-941a-f6b3142ba16a,2026-08-24T09:00:00Z,2026-08-24T11:00:00+0200,22.6,MW,PT,PT,forecast_offshore_wind_generation,Wind Offshore,2026-08-26T22:57:21Z
2026-08-26T22:50:57Z,2026-08-27T00:50:57+0200,397a6afe-2e74-43ab-941a-f6b3142ba16a,2026-08-24T10:00:00Z,2026-08-24T12:00:00+0200,22.5,MW,PT,PT,forecast_offshore_wind_generation,Wind Offshore,2026-08-26T22:57:21Z
2026-08-26T22:50:57Z,2026-08-27T00:50:57+0200,397a6afe-2e74-43ab-941a-f6b3142ba16a,2026-08-24T11:00:00Z,2026-08-24T13:00:00+0200,22.1,MW,PT,PT,forecast_offshore_wind_generation,Wind Offshore,2026-08-26T22:57:21Z
2026-08-26T22:50:57Z,2026-08-27T00:50:57+0200,397a6afe-2e74-43ab-941a-f6b3142ba16a,2026-08-24T12:00:00Z,2026-08-24T14:00:00+0200,20.6,MW,PT,PT,forecast_offshore_wind_generation,Wind Offshore,2026-08-26T22:57:21Z
2026-08-26T22:50:57Z,2026-08-27T00:50:57+0200,397a6afe-2e74-43ab-941a-f6b3142ba16a,2026-08-24T13:00:00Z,2026-08-24T15:00:00+0200,17.9,MW,PT,PT,forecast_offshore_wind_generation,Wind Offshore,2026-08-26T22:57:21Z
2026-08-26T22:50:57Z,2026-08-27T00:50:57+0200,397a6afe-2e74-43ab-941a-f6b3142ba16a,2026-08-24T14:00:00Z,2026-08-24T16:00:00+0200,14.0,MW,PT,PT,forecast_offshore_wind_generation,Wind Offshore,2026-08-26T22:57:21Z
2026-08-26T22:50:57Z,2026-08-27T00:50:57+0200,397a6afe-2e74-43ab-941a-f6b3142ba16a,2026-08-24T15:00:00Z,2026-08-24T17:00:00+0200,12.2,MW,PT,PT,forecast_offshore_wind_generation,Wind Offshore,2026-08-26T22:57:21Z
2026-08-26T22:50:57Z,2026-08-27T00:50:57+0200,397a6afe-2e74-43ab-941a-f6b3142ba16a,2026-08-24T16:00:00Z,2026-08-24T18:00:00+0200,10.9,MW,PT,PT,forecast_offshore_wind_generation,Wind Offshore,2026-08-26T22:57:21Z
2026-08-26T22:50:57Z,2026-08-27T00:50:57+0200,397a6afe-2e74-43ab-941a-f6b3142ba16a,2026-08-24T17:00:00Z,2026-08-24T19:00:00+0200,8.8,MW,PT,PT,forecast_offshore_wind_generation,Wind Offshore,2026-08-26T22:57:21Z
2026-08-26T22:50:57Z,2026-08-27T00:50:57+0200,397a6afe-2e74-43ab-941a-f6b3142ba16a,2026-08-24T18:00:00Z,2026-08-24T20:00:00+0200,7.5,MW,PT,PT,forecast_offshore_wind_generation,Wind Offshore,2026-08-26T22:57:21Z
2026-08-26T22:50:57Z,2026-08-27T00:50:57+0200,397a6afe-2e74-43ab-941a-f6b3142ba16a,2026-08-24T19:00:00Z,2026-08-24T21:00:00+0200,6.4,MW,PT,PT,forecast_offshore_wind_generation,Wind Offshore,2026-08-26T22:57:21Z
2026-08-26T22:50:57Z,2026-08-27T00:50:57+0200,397a6afe-2e74-43ab-941a-f6b3142ba16a,2026-08-24T20:00:00Z,2026-08-24T22:00:00+0200,5.3,MW,PT,PT,forecast_offshore_wind_generation,Wind Offshore,2026-08-26T22:57:21Z
2026-08-26T22:50:57Z,2026-08-27T00:50:57+0200,397a6afe-2e74-43ab-941a-f6b3142ba16a,2026-08-24T21:00:00Z,2026-08-24T23:00:00+0200,4.0,MW,PT,PT,forecast_offshore_wind_generation,Wind Offshore,2026-08-26T22:57:21Z
2026-08-26T22:50:57Z,2026-08-27T00:50:57+0200,397a6afe-2e74-43ab-941a-f6b3142ba16a,2026-08-24T22:00:00Z,2026-08-25T00:00:00+0200,2.7,MW,PT,PT,forecast_offshore_wind_generation,Wind Offshore,2026-08-26T22:57:21Z
2026-08-26T22:50:57Z,2026-08-27T00:50:57+0200,397a6afe-2e74-43ab-941a-f6b3142ba16a,2026-08-24T23:00:00Z,2026-08-25T01:00:00+0200,2.8,MW,PT,PT,forecast_offshore_wind_generation,Wind Offshore,2026-08-26T22:57:21Z
2026-08-26T22:50:57Z,2026-08-27T00:50:57+0200,397a6afe-2e74-43ab-941a-f6b3142ba16a,2026-08-25T00:00:00Z,2026-08-25T02:00:00+0200,3.4,MW,PT,PT,forecast_offshore_wind_generation,Wind Offshore,2026-08-26T22:57:21Z
2026-08-26T22:50:57Z,2026-08-27T00:50:57+0200,397a6afe-2e74-43ab-941a-f6b3142ba16a,2026-08-25T01:00:00Z,2026-08-25T03:00:00+0200,3.7,MW,PT,PT,forecast_offshore_wind_generation,Wind Offshore,2026-08-26T22:57:21Z
2026-08-26T22:50:57Z,2026-08-27T00:50:57+0200,397a6afe-2e74-43ab-941a-f6b3142ba16a,2026-08-25T02:00:00Z,2026-08-25T04:00:00+0200,4.0,MW,PT,PT,forecast_offshore_wind_generation,Wind Offshore,2026-08-26T22:57:21Z
2026-08-26T22:50:57Z,2026-08-27T00:50:57+0200,397a6afe-2e74-43ab-941a-f6b3142ba16a,2026-08-25T03:00:00Z,2026-08-25T05:00:00+0200,4.4,MW,PT,PT,forecast_offshore_wind_generation,Wind Offshore,2026-08-26T22:57:21Z
2026-08-26T22:50:57Z,2026-08-27T00:50:57+0200,397a6afe-2e74-43ab-941a-f6b3142ba16a,2026-08-25T04:00:00Z,2026-08-25T06:00:00+0200,4.6,MW,PT,PT,forecast_offshore_wind_generation,Wind Offshore,2026-08-26T22:57:21Z
2026-08-26T22:50:57Z,2026-08-27T00:50:57+0200,397a6afe-2e74-43ab-941a-f6b3142ba16a,2026-08-25T05:00:00Z,2026-08-25T07:00:00+0200,4.6,MW,PT,PT,forecast_offshore_wind_generation,Wind Offshore,2026-08-26T22:57:21Z
2026-08-26T22:50:57Z,2026-08-27T00:50:57+0200,397a6afe-2e74-43ab-941a-f6b3142ba16a,2026-08-25T06:00:00Z,2026-08-25T08:00:00+0200,4.3,MW,PT,PT,forecast_offshore_wind_generation,Wind Offshore,2026-08-26T22:57:21Z
2026-08-26T22:50:57Z,2026-08-27T00:50:57+0200,397a6afe-2e74-43ab-941a-f6b3142ba16a,2026-08-25T07:00:00Z,2026-08-25T09:00:00+0200,4.0,MW,PT,PT,forecast_offshore_wind_generation,Wind Offshore,2026-08-26T22:57:21Z
2026-08-26T22:50:57Z,2026-08-27T00:50:57+0200,397a6afe-2e74-43ab-941a-f6b3142ba16a,2026-08-25T08:00:00Z,2026-08-25T10:00:00+0200,3.6,MW,PT,PT,forecast_offshore_wind_generation,Wind Offshore,2026-08-26T22:57:21Z
2026-08-26T22:50:57Z,2026-08-27T00:50:57+0200,397a6afe-2e74-43ab-941a-f6b3142ba16a,2026-08-25T09:00:00Z,2026-08-25T11:00:00+0200,3.4,MW,PT,PT,forecast_offshore_wind_generation,Wind Offshore,2026-08-26T22:57:21Z
2026-08-26T22:50:57Z,2026-08-27T00:50:57+0200,397a6afe-2e74-43ab-941a-f6b3142ba16a,2026-08-25T10:00:00Z,2026-08-25T12:00:00+0200,2.6,MW,PT,PT,forecast_offshore_wind_generation,Wind Offshore,2026-08-26T22:57:21Z
2026-08-26T22:50:57Z,2026-08-27T00:50:57+0200,397a6afe-2e74-43ab-941a-f6b3142ba16a,2026-08-25T11:00:00Z,2026-08-25T13:00:00+0200,2.1,MW,PT,PT,forecast_offshore_wind_generation,Wind Offshore,2026-08-26T22:57:21Z
2026-08-26T22:50:57Z,2026-08-27T00:50:57+0200,397a6afe-2e74-43ab-941a-f6b3142ba16a,2026-08-25T12:00:00Z,2026-08-25T14:00:00+0200,2.0,MW,PT,PT,forecast_offshore_wind_generation,Wind Offshore,2026-08-26T22:57:21Z
2026-08-26T22:50:57Z,2026-08-27T00:50:57+0200,397a6afe-2e74-43ab-941a-f6b3142ba16a,2026-08-25T13:00:00Z,2026-08-25T15:00:00+0200,2.0,MW,PT,PT,forecast_offshore_wind_generation,Wind Offshore,2026-08-26T22:57:21Z
2026-08-26T22:50:57Z,2026-08-27T00:50:57+0200,397a6afe-2e74-43ab-941a-f6b3142ba16a,2026-08-25T14:00:00Z,2026-08-25T16:00:00+0200,2.2,MW,PT,PT,forecast_offshore_wind_generation,Wind Offshore,2026-08-26T22:57:21Z
2026-08-26T22:50:57Z,2026-08-27T00:50:57+0200,397a6afe-2e74-43ab-941a-f6b3142ba16a,2026-08-25T15:00:00Z,2026-08-25T17:00:00+0200,2.2,MW,PT,PT,forecast_offshore_wind_generation,Wind Offshore,2026-08-26T22:57:21Z
2026-08-26T22:50:57Z,2026-08-27T00:50:57+0200,397a6afe-2e74-43ab-941a-f6b3142ba16a,2026-08-25T16:00:00Z,2026-08-25T18:00:00+0200,2.1,MW,PT,PT,forecast_offshore_wind_generation,Wind Offshore,2026-08-26T22:57:21Z
2026-08-26T22:50:57Z,2026-08-27T00:50:57+0200,397a6afe-2e74-43ab-941a-f6b3142ba16a,2026-08-25T17:00:00Z,2026-08-25T19:00:00+0200,1.8,MW,PT,PT,forecast_offshore_wind_generation,Wind Offshore,2026-08-26T22:57:21Z
2026-08-26T22:50:57Z,2026-08-27T00:50:57+0200,397a6afe-2e74-43ab-941a-f6b3142ba16a,2026-08-25T18:00:00Z,2026-08-25T20:00:00+0200,1.8,MW,PT,PT,forecast_offshore_wind_generation,Wind Offshore,2026-08-26T22:57:21Z
2026-08-26T22:50:57Z,2026-08-27T00:50:57+0200,397a6afe-2e74-43ab-941a-f6b3142ba16a,2026-08-25T19:00:00Z,2026-08-25T21:00:00+0200,2.2,MW,PT,PT,forecast_offshore_wind_generation,Wind Offshore,2026-08-26T22:57:21Z
2026-08-26T22:50:57Z,2026-08-27T00:50:57+0200,397a6afe-2e74-43ab-941a-f6b3142ba16a,2026-08-25T20:00:00Z,2026-08-25T22:00:00+0200,3.6,MW,PT,PT,forecast_offshore_wind_generation,Wind Offshore,2026-08-26T22:57:21Z
2026-08-26T22:50:57Z,2026-08-27T00:50:57+0200,397a6afe-2e74-43ab-941a-f6b3142ba16a,2026-08-25T21:00:00Z,2026-08-25T23:00:00+0200,6.2,MW,PT,PT,forecast_offshore_wind_generation,Wind Offshore,2026-08-26T22:57:21Z
2026-08-26T22:50:57Z,2026-08-27T00:50:57+0200,397a6afe-2e74-43ab-941a-f6b3142ba16a,2026-08-25T22:00:00Z,2026-08-26T00:00:00+0200,9.0,MW,PT,PT,forecast_offshore_wind_generation,Wind Offshore,2026-08-26T22:57:21Z
2026-08-26T22:50:57Z,2026-08-27T00:50:57+0200,397a6afe-2e74-43ab-941a-f6b3142ba16a,2026-08-25T23:00:00Z,2026-08-26T01:00:00+0200,12.4,MW,PT,PT,forecast_offshore_wind_generation,Wind Offshore,2026-08-26T22:57:21Z
2026-08-26T22:50:57Z,2026-08-27T00:50:57+0200,397a6afe-2e74-43ab-941a-f6b3142ba16a,2026-08-26T00:00:00Z,2026-08-26T02:00:00+0200,15.4,MW,PT,PT,forecast_offshore_wind_generation,Wind Offshore,2026-08-26T22:57:21Z
2026-08-26T22:50:57Z,2026-08-27T00:50:57+0200,397a6afe-2e74-43ab-941a-f6b3142ba16a,2026-08-26T01:00:00Z,2026-08-26T03:00:00+0200,18.4,MW,PT,PT,forecast_offshore_wind_generation,Wind Offshore,2026-08-26T22:57:21Z
2026-08-26T22:50:57Z,2026-08-27T00:50:57+0200,397a6afe-2e74-43ab-941a-f6b3142ba16a,2026-08-26T02:00:00Z,2026-08-26T04:00:00+0200,20.6,MW,PT,PT,forecast_offshore_wind_generation,Wind Offshore,2026-08-26T22:57:21Z
2026-08-26T22:50:57Z,2026-08-27T00:50:57+0200,397a6afe-2e74-43ab-941a-f6b3142ba16a,2026-08-26T03:00:00Z,2026-08-26T05:00:00+0200,22.0,MW,PT,PT,forecast_offshore_wind_generation,Wind Offshore,2026-08-26T22:57:21Z
2026-08-26T22:50:57Z,2026-08-27T00:50:57+0200,397a6afe-2e74-43ab-941a-f6b3142ba16a,2026-08-26T04:00:00Z,2026-08-26T06:00:00+0200,22.7,MW,PT,PT,forecast_offshore_wind_generation,Wind Offshore,2026-08-26T22:57:21Z
2026-08-26T22:50:57Z,2026-08-27T00:50:57+0200,397a6afe-2e74-43ab-941a-f6b3142ba16a,2026-08-26T05:00:00Z,2026-08-26T07:00:00+0200,22.8,MW,PT,PT,forecast_offshore_wind_generation,Wind Offshore,2026-08-26T22:57:21Z
2026-08-26T22:50:57Z,2026-08-27T00:50:57+0200,397a6afe-2e74-43ab-941a-f6b3142ba16a,2026-08-26T06:00:00Z,2026-08-26T08:00:00+0200,23.0,MW,PT,PT,forecast_offshore_wind_generation,Wind Offshore,2026-08-26T22:57:21Z
2026-08-26T22:50:57Z,2026-08-27T00:50:57+0200,397a6afe-2e74-43ab-941a-f6b3142ba16a,2026-08-26T07:00:00Z,2026-08-26T09:00:00+0200,22.9,MW,PT,PT,forecast_offshore_wind_generation,Wind Offshore,2026-08-26T22:57:21Z
2026-08-26T22:50:57Z,2026-08-27T00:50:57+0200,397a6afe-2e74-43ab-941a-f6b3142ba16a,2026-08-26T08:00:00Z,2026-08-26T10:00:00+0200,22.6,MW,PT,PT,forecast_offshore_wind_generation,Wind Offshore,2026-08-26T22:57:21Z
2026-08-26T22:50:57Z,2026-08-27T00:50:57+0200,397a6afe-2e74-43ab-941a-f6b3142ba16a,2026-08-26T09:00:00Z,2026-08-26T11:00:00+0200,21.7,MW,PT,PT,forecast_offshore_wind_generation,Wind Offshore,2026-08-26T22:57:21Z
2026-08-26T22:50:57Z,2026-08-27T00:50:57+0200,397a6afe-2e74-43ab-941a-f6b3142ba16a,2026-08-26T10:00:00Z,2026-08-26T12:00:00+0200,19.5,MW,PT,PT,forecast_offshore_wind_generation,Wind Offshore,2026-08-26T22:57:21Z
2026-08-26T22:50:57Z,2026-08-27T00:50:57+0200,397a6afe-2e74-43ab-941a-f6b3142ba16a,2026-08-26T11:00:00Z,2026-08-26T13:00:00+0200,15.4,MW,PT,PT,forecast_offshore_wind_generation,Wind Offshore,2026-08-26T22:57:21Z
2026-08-26T22:50:57Z,2026-08-27T00:50:57+0200,397a6afe-2e74-43ab-941a-f6b3142ba16a,2026-08-26T12:00:00Z,2026-08-26T14:00:00+0200,12.1,MW,PT,PT,forecast_offshore_wind_generation,Wind Offshore,2026-08-26T22:57:21Z
2026-08-26T22:50:57Z,2026-08-27T00:50:57+0200,397a6afe-2e74-43ab-941a-f6b3142ba16a,2026-08-26T13:00:00Z,2026-08-26T15:00:00+0200,9.5,MW,PT,PT,forecast_offshore_wind_generation,Wind Offshore,2026-08-26T22:57:21Z
2026-08-26T22:50:57Z,2026-08-27T00:50:57+0200,397a6afe-2e74-43ab-941a-f6b3142ba16a,2026-08-26T14:00:00Z,2026-08-26T16:00:00+0200,7.2,MW,PT,PT,forecast_offshore_wind_generation,Wind Offshore,2026-08-26T22:57:21Z
2026-08-26T22:50:57Z,2026-08-27T00:50:57+0200,397a6afe-2e74-43ab-941a-f6b3142ba16a,2026-08-26T15:00:00Z,2026-08-26T17:00:00+0200,6.0,MW,PT,PT,forecast_offshore_wind_generation,Wind Offshore,2026-08-26T22:57:21Z
2026-08-26T22:50:57Z,2026-08-27T00:50:57+0200,397a6afe-2e74-43ab-941a-f6b3142ba16a,2026-08-26T16:00:00Z,2026-08-26T18:00:00+0200,5.6,MW,PT,PT,forecast_offshore_wind_generation,Wind Offshore,2026-08-26T22:57:21Z
2026-08-26T22:50:57Z,2026-08-27T00:50:57+0200,397a6afe-2e74-43ab-941a-f6b3142ba16a,2026-08-26T17:00:00Z,2026-08-26T19:00:00+0200,5.3,MW,PT,PT,forecast_offshore_wind_generation,Wind Offshore,2026-08-26T22:57:21Z
2026-08-26T22:50:57Z,2026-08-27T00:50:57+0200,397a6afe-2e74-43ab-941a-f6b3142ba16a,2026-08-26T18:00:00Z,2026-08-26T20:00:00+0200,5.6,MW,PT,PT,forecast_offshore_wind_generation,Wind Offshore,2026-08-26T22:57:21Z
2026-08-26T22:50:57Z,2026-08-27T00:50:57+0200,397a6afe-2e74-43ab-941a-f6b3142ba16a,2026-08-26T19:00:00Z,2026-08-26T21:00:00+0200,6.2,MW,PT,PT,forecast_offshore_wind_generation,Wind Offshore,2026-08-26T22:57:21Z
2026-08-26T22:50:57Z,2026-08-27T00:50:57+0200,397a6afe-2e74-43ab-941a-f6b3142ba16a,2026-08-26T20:00:00Z,2026-08-26T22:00:00+0200,7.2,MW,PT,PT,forecast_offshore_wind_generation,Wind Offshore,2026-08-26T22:57:21Z
2026-08-26T22:50:57Z,2026-08-27T00:50:57+0200,397a6afe-2e74-43ab-941a-f6b3142ba16a,2026-08-26T21:00:00Z,2026-08-26T23:00:00+0200,9.4,MW,PT,PT,forecast_offshore_wind_generation,Wind Offshore,2026-08-26T22:57:21Z
2026-08-26T22:50:57Z,2026-08-27T00:50:57+0200,397a6afe-2e74-43ab-941a-f6b3142ba16a,2026-08-26T22:00:00Z,2026-08-27T00:00:00+0200,7.4,MW,PT,PT,forecast_offshore_wind_generation,Wind Offshore,2026-08-26T22:57:21Z
