collection_time_utc,collection_time_local,run_id,timestamp_utc,timestamp_local,value,unit,country,entsoe_area,variable,source,updated_at_utc
2026-06-20T23:36:01Z,2026-06-21T01:36:01+0200,a960294c-15ac-429a-a83c-19bebfd529f7,2026-05-21T00:00:00Z,2026-05-21T02:00:00+0200,10725.8949,MW,DE,DE_LU,forecast_onshore_wind_generation,Wind Onshore,2026-06-20T23:37:13Z
2026-06-20T23:36:01Z,2026-06-21T01:36:01+0200,a960294c-15ac-429a-a83c-19bebfd529f7,2026-05-21T00:15:00Z,2026-05-21T02:15:00+0200,10796.93857,MW,DE,DE_LU,forecast_onshore_wind_generation,Wind Onshore,2026-06-20T23:37:13Z
2026-06-20T23:36:01Z,2026-06-21T01:36:01+0200,a960294c-15ac-429a-a83c-19bebfd529f7,2026-05-21T00:30:00Z,2026-05-21T02:30:00+0200,10866.71991,MW,DE,DE_LU,forecast_onshore_wind_generation,Wind Onshore,2026-06-20T23:37:13Z
2026-06-20T23:36:01Z,2026-06-21T01:36:01+0200,a960294c-15ac-429a-a83c-19bebfd529f7,2026-05-21T00:45:00Z,2026-05-21T02:45:00+0200,10940.91616,MW,DE,DE_LU,forecast_onshore_wind_generation,Wind Onshore,2026-06-20T23:37:13Z
2026-06-20T23:36:01Z,2026-06-21T01:36:01+0200,a960294c-15ac-429a-a83c-19bebfd529f7,2026-05-21T01:00:00Z,2026-05-21T03:00:00+0200,10999.50593,MW,DE,DE_LU,forecast_onshore_wind_generation,Wind Onshore,2026-06-20T23:37:13Z
2026-06-20T23:36:01Z,2026-06-21T01:36:01+0200,a960294c-15ac-429a-a83c-19bebfd529f7,2026-05-21T01:15:00Z,2026-05-21T03:15:00+0200,10950.23878,MW,DE,DE_LU,forecast_onshore_wind_generation,Wind Onshore,2026-06-20T23:37:13Z
2026-06-20T23:36:01Z,2026-06-21T01:36:01+0200,a960294c-15ac-429a-a83c-19bebfd529f7,2026-05-21T01:30:00Z,2026-05-21T03:30:00+0200,10900.45208,MW,DE,DE_LU,forecast_onshore_wind_generation,Wind Onshore,2026-06-20T23:37:13Z
2026-06-20T23:36:01Z,2026-06-21T01:36:01+0200,a960294c-15ac-429a-a83c-19bebfd529f7,2026-05-21T01:45:00Z,2026-05-21T03:45:00+0200,10847.83784,MW,DE,DE_LU,forecast_onshore_wind_generation,Wind Onshore,2026-06-20T23:37:13Z
2026-06-20T23:36:01Z,2026-06-21T01:36:01+0200,a960294c-15ac-429a-a83c-19bebfd529f7,2026-05-21T02:00:00Z,2026-05-21T04:00:00+0200,10789.27037,MW,DE,DE_LU,forecast_onshore_wind_generation,Wind Onshore,2026-06-20T23:37:13Z
2026-06-20T23:36:01Z,2026-06-21T01:36:01+0200,a960294c-15ac-429a-a83c-19bebfd529f7,2026-05-21T02:15:00Z,2026-05-21T04:15:00+0200,10616.85381,MW,DE,DE_LU,forecast_onshore_wind_generation,Wind Onshore,2026-06-20T23:37:13Z
2026-06-20T23:36:01Z,2026-06-21T01:36:01+0200,a960294c-15ac-429a-a83c-19bebfd529f7,2026-05-21T02:30:00Z,2026-05-21T04:30:00+0200,10443.96161,MW,DE,DE_LU,forecast_onshore_wind_generation,Wind Onshore,2026-06-20T23:37:13Z
2026-06-20T23:36:01Z,2026-06-21T01:36:01+0200,a960294c-15ac-429a-a83c-19bebfd529f7,2026-05-21T02:45:00Z,2026-05-21T04:45:00+0200,10270.6402,MW,DE,DE_LU,forecast_onshore_wind_generation,Wind Onshore,2026-06-20T23:37:13Z
2026-06-20T23:36:01Z,2026-06-21T01:36:01+0200,a960294c-15ac-429a-a83c-19bebfd529f7,2026-05-21T03:00:00Z,2026-05-21T05:00:00+0200,10086.72675,MW,DE,DE_LU,forecast_onshore_wind_generation,Wind Onshore,2026-06-20T23:37:13Z
2026-06-20T23:36:01Z,2026-06-21T01:36:01+0200,a960294c-15ac-429a-a83c-19bebfd529f7,2026-05-21T03:15:00Z,2026-05-21T05:15:00+0200,9799.31906,MW,DE,DE_LU,forecast_onshore_wind_generation,Wind Onshore,2026-06-20T23:37:13Z
2026-06-20T23:36:01Z,2026-06-21T01:36:01+0200,a960294c-15ac-429a-a83c-19bebfd529f7,2026-05-21T03:30:00Z,2026-05-21T05:30:00+0200,9507.87429,MW,DE,DE_LU,forecast_onshore_wind_generation,Wind Onshore,2026-06-20T23:37:13Z
2026-06-20T23:36:01Z,2026-06-21T01:36:01+0200,a960294c-15ac-429a-a83c-19bebfd529f7,2026-05-21T03:45:00Z,2026-05-21T05:45:00+0200,9213.12517,MW,DE,DE_LU,forecast_onshore_wind_generation,Wind Onshore,2026-06-20T23:37:13Z
2026-06-20T23:36:01Z,2026-06-21T01:36:01+0200,a960294c-15ac-429a-a83c-19bebfd529f7,2026-05-21T04:00:00Z,2026-05-21T06:00:00+0200,8984.2664,MW,DE,DE_LU,forecast_onshore_wind_generation,Wind Onshore,2026-06-20T23:37:13Z
2026-06-20T23:36:01Z,2026-06-21T01:36:01+0200,a960294c-15ac-429a-a83c-19bebfd529f7,2026-05-21T04:15:00Z,2026-05-21T06:15:00+0200,8520.43645,MW,DE,DE_LU,forecast_onshore_wind_generation,Wind Onshore,2026-06-20T23:37:13Z
2026-06-20T23:36:01Z,2026-06-21T01:36:01+0200,a960294c-15ac-429a-a83c-19bebfd529f7,2026-05-21T04:30:00Z,2026-05-21T06:30:00+0200,8062.67806,MW,DE,DE_LU,forecast_onshore_wind_generation,Wind Onshore,2026-06-20T23:37:13Z
2026-06-20T23:36:01Z,2026-06-21T01:36:01+0200,a960294c-15ac-429a-a83c-19bebfd529f7,2026-05-21T04:45:00Z,2026-05-21T06:45:00+0200,7601.8629,MW,DE,DE_LU,forecast_onshore_wind_generation,Wind Onshore,2026-06-20T23:37:13Z
2026-06-20T23:36:01Z,2026-06-21T01:36:01+0200,a960294c-15ac-429a-a83c-19bebfd529f7,2026-05-21T05:00:00Z,2026-05-21T07:00:00+0200,7133.09231,MW,DE,DE_LU,forecast_onshore_wind_generation,Wind Onshore,2026-06-20T23:37:13Z
2026-06-20T23:36:01Z,2026-06-21T01:36:01+0200,a960294c-15ac-429a-a83c-19bebfd529f7,2026-05-21T05:15:00Z,2026-05-21T07:15:00+0200,6579.55411,MW,DE,DE_LU,forecast_onshore_wind_generation,Wind Onshore,2026-06-20T23:37:13Z
2026-06-20T23:36:01Z,2026-06-21T01:36:01+0200,a960294c-15ac-429a-a83c-19bebfd529f7,2026-05-21T05:30:00Z,2026-05-21T07:30:00+0200,6004.199,MW,DE,DE_LU,forecast_onshore_wind_generation,Wind Onshore,2026-06-20T23:37:13Z
2026-06-20T23:36:01Z,2026-06-21T01:36:01+0200,a960294c-15ac-429a-a83c-19bebfd529f7,2026-05-21T05:45:00Z,2026-05-21T07:45:00+0200,5467.61313,MW,DE,DE_LU,forecast_onshore_wind_generation,Wind Onshore,2026-06-20T23:37:13Z
2026-06-20T23:36:01Z,2026-06-21T01:36:01+0200,a960294c-15ac-429a-a83c-19bebfd529f7,2026-05-21T06:00:00Z,2026-05-21T08:00:00+0200,5092.84863,MW,DE,DE_LU,forecast_onshore_wind_generation,Wind Onshore,2026-06-20T23:37:13Z
2026-06-20T23:36:01Z,2026-06-21T01:36:01+0200,a960294c-15ac-429a-a83c-19bebfd529f7,2026-05-21T06:15:00Z,2026-05-21T08:15:00+0200,4906.7628,MW,DE,DE_LU,forecast_onshore_wind_generation,Wind Onshore,2026-06-20T23:37:13Z
2026-06-20T23:36:01Z,2026-06-21T01:36:01+0200,a960294c-15ac-429a-a83c-19bebfd529f7,2026-05-21T06:30:00Z,2026-05-21T08:30:00+0200,4730.86603,MW,DE,DE_LU,forecast_onshore_wind_generation,Wind Onshore,2026-06-20T23:37:13Z
2026-06-20T23:36:01Z,2026-06-21T01:36:01+0200,a960294c-15ac-429a-a83c-19bebfd529f7,2026-05-21T06:45:00Z,2026-05-21T08:45:00+0200,4562.62022,MW,DE,DE_LU,forecast_onshore_wind_generation,Wind Onshore,2026-06-20T23:37:13Z
2026-06-20T23:36:01Z,2026-06-21T01:36:01+0200,a960294c-15ac-429a-a83c-19bebfd529f7,2026-05-21T07:00:00Z,2026-05-21T09:00:00+0200,4462.54019,MW,DE,DE_LU,forecast_onshore_wind_generation,Wind Onshore,2026-06-20T23:37:13Z
2026-06-20T23:36:01Z,2026-06-21T01:36:01+0200,a960294c-15ac-429a-a83c-19bebfd529f7,2026-05-21T07:15:00Z,2026-05-21T09:15:00+0200,4422.86504,MW,DE,DE_LU,forecast_onshore_wind_generation,Wind Onshore,2026-06-20T23:37:13Z
2026-06-20T23:36:01Z,2026-06-21T01:36:01+0200,a960294c-15ac-429a-a83c-19bebfd529f7,2026-05-21T07:30:00Z,2026-05-21T09:30:00+0200,4372.73582,MW,DE,DE_LU,forecast_onshore_wind_generation,Wind Onshore,2026-06-20T23:37:13Z
2026-06-20T23:36:01Z,2026-06-21T01:36:01+0200,a960294c-15ac-429a-a83c-19bebfd529f7,2026-05-21T07:45:00Z,2026-05-21T09:45:00+0200,4341.44045,MW,DE,DE_LU,forecast_onshore_wind_generation,Wind Onshore,2026-06-20T23:37:13Z
2026-06-20T23:36:01Z,2026-06-21T01:36:01+0200,a960294c-15ac-429a-a83c-19bebfd529f7,2026-05-21T08:00:00Z,2026-05-21T10:00:00+0200,4321.79422,MW,DE,DE_LU,forecast_onshore_wind_generation,Wind Onshore,2026-06-20T23:37:13Z
2026-06-20T23:36:01Z,2026-06-21T01:36:01+0200,a960294c-15ac-429a-a83c-19bebfd529f7,2026-05-21T08:15:00Z,2026-05-21T10:15:00+0200,4407.20704,MW,DE,DE_LU,forecast_onshore_wind_generation,Wind Onshore,2026-06-20T23:37:13Z
2026-06-20T23:36:01Z,2026-06-21T01:36:01+0200,a960294c-15ac-429a-a83c-19bebfd529f7,2026-05-21T08:30:00Z,2026-05-21T10:30:00+0200,4495.39644,MW,DE,DE_LU,forecast_onshore_wind_generation,Wind Onshore,2026-06-20T23:37:13Z
2026-06-20T23:36:01Z,2026-06-21T01:36:01+0200,a960294c-15ac-429a-a83c-19bebfd529f7,2026-05-21T08:45:00Z,2026-05-21T10:45:00+0200,4585.69914,MW,DE,DE_LU,forecast_onshore_wind_generation,Wind Onshore,2026-06-20T23:37:13Z
2026-06-20T23:36:01Z,2026-06-21T01:36:01+0200,a960294c-15ac-429a-a83c-19bebfd529f7,2026-05-21T09:00:00Z,2026-05-21T11:00:00+0200,4687.43713,MW,DE,DE_LU,forecast_onshore_wind_generation,Wind Onshore,2026-06-20T23:37:13Z
2026-06-20T23:36:01Z,2026-06-21T01:36:01+0200,a960294c-15ac-429a-a83c-19bebfd529f7,2026-05-21T09:15:00Z,2026-05-21T11:15:00+0200,4858.5209,MW,DE,DE_LU,forecast_onshore_wind_generation,Wind Onshore,2026-06-20T23:37:13Z
2026-06-20T23:36:01Z,2026-06-21T01:36:01+0200,a960294c-15ac-429a-a83c-19bebfd529f7,2026-05-21T09:30:00Z,2026-05-21T11:30:00+0200,5031.265,MW,DE,DE_LU,forecast_onshore_wind_generation,Wind Onshore,2026-06-20T23:37:13Z
2026-06-20T23:36:01Z,2026-06-21T01:36:01+0200,a960294c-15ac-429a-a83c-19bebfd529f7,2026-05-21T09:45:00Z,2026-05-21T11:45:00+0200,5199.28062,MW,DE,DE_LU,forecast_onshore_wind_generation,Wind Onshore,2026-06-20T23:37:13Z
2026-06-20T23:36:01Z,2026-06-21T01:36:01+0200,a960294c-15ac-429a-a83c-19bebfd529f7,2026-05-21T10:00:00Z,2026-05-21T12:00:00+0200,5352.71334,MW,DE,DE_LU,forecast_onshore_wind_generation,Wind Onshore,2026-06-20T23:37:13Z
2026-06-20T23:36:01Z,2026-06-21T01:36:01+0200,a960294c-15ac-429a-a83c-19bebfd529f7,2026-05-21T10:15:00Z,2026-05-21T12:15:00+0200,5462.77404,MW,DE,DE_LU,forecast_onshore_wind_generation,Wind Onshore,2026-06-20T23:37:13Z
2026-06-20T23:36:01Z,2026-06-21T01:36:01+0200,a960294c-15ac-429a-a83c-19bebfd529f7,2026-05-21T10:30:00Z,2026-05-21T12:30:00+0200,5569.68852,MW,DE,DE_LU,forecast_onshore_wind_generation,Wind Onshore,2026-06-20T23:37:13Z
2026-06-20T23:36:01Z,2026-06-21T01:36:01+0200,a960294c-15ac-429a-a83c-19bebfd529f7,2026-05-21T10:45:00Z,2026-05-21T12:45:00+0200,5675.60684,MW,DE,DE_LU,forecast_onshore_wind_generation,Wind Onshore,2026-06-20T23:37:13Z
2026-06-20T23:36:01Z,2026-06-21T01:36:01+0200,a960294c-15ac-429a-a83c-19bebfd529f7,2026-05-21T11:00:00Z,2026-05-21T13:00:00+0200,5782.26127,MW,DE,DE_LU,forecast_onshore_wind_generation,Wind Onshore,2026-06-20T23:37:13Z
2026-06-20T23:36:01Z,2026-06-21T01:36:01+0200,a960294c-15ac-429a-a83c-19bebfd529f7,2026-05-21T11:15:00Z,2026-05-21T13:15:00+0200,5863.70003,MW,DE,DE_LU,forecast_onshore_wind_generation,Wind Onshore,2026-06-20T23:37:13Z
2026-06-20T23:36:01Z,2026-06-21T01:36:01+0200,a960294c-15ac-429a-a83c-19bebfd529f7,2026-05-21T11:30:00Z,2026-05-21T13:30:00+0200,5954.80173,MW,DE,DE_LU,forecast_onshore_wind_generation,Wind Onshore,2026-06-20T23:37:13Z
2026-06-20T23:36:01Z,2026-06-21T01:36:01+0200,a960294c-15ac-429a-a83c-19bebfd529f7,2026-05-21T11:45:00Z,2026-05-21T13:45:00+0200,6070.18512,MW,DE,DE_LU,forecast_onshore_wind_generation,Wind Onshore,2026-06-20T23:37:13Z
2026-06-20T23:36:01Z,2026-06-21T01:36:01+0200,a960294c-15ac-429a-a83c-19bebfd529f7,2026-05-21T12:00:00Z,2026-05-21T14:00:00+0200,6196.15034,MW,DE,DE_LU,forecast_onshore_wind_generation,Wind Onshore,2026-06-20T23:37:13Z
2026-06-20T23:36:01Z,2026-06-21T01:36:01+0200,a960294c-15ac-429a-a83c-19bebfd529f7,2026-05-21T12:15:00Z,2026-05-21T14:15:00+0200,6268.03128,MW,DE,DE_LU,forecast_onshore_wind_generation,Wind Onshore,2026-06-20T23:37:13Z
2026-06-20T23:36:01Z,2026-06-21T01:36:01+0200,a960294c-15ac-429a-a83c-19bebfd529f7,2026-05-21T12:30:00Z,2026-05-21T14:30:00+0200,6306.90635,MW,DE,DE_LU,forecast_onshore_wind_generation,Wind Onshore,2026-06-20T23:37:13Z
2026-06-20T23:36:01Z,2026-06-21T01:36:01+0200,a960294c-15ac-429a-a83c-19bebfd529f7,2026-05-21T12:45:00Z,2026-05-21T14:45:00+0200,6331.53262,MW,DE,DE_LU,forecast_onshore_wind_generation,Wind Onshore,2026-06-20T23:37:13Z
2026-06-20T23:36:01Z,2026-06-21T01:36:01+0200,a960294c-15ac-429a-a83c-19bebfd529f7,2026-05-21T13:00:00Z,2026-05-21T15:00:00+0200,6331.87828,MW,DE,DE_LU,forecast_onshore_wind_generation,Wind Onshore,2026-06-20T23:37:13Z
2026-06-20T23:36:01Z,2026-06-21T01:36:01+0200,a960294c-15ac-429a-a83c-19bebfd529f7,2026-05-21T13:15:00Z,2026-05-21T15:15:00+0200,6274.02388,MW,DE,DE_LU,forecast_onshore_wind_generation,Wind Onshore,2026-06-20T23:37:13Z
2026-06-20T23:36:01Z,2026-06-21T01:36:01+0200,a960294c-15ac-429a-a83c-19bebfd529f7,2026-05-21T13:30:00Z,2026-05-21T15:30:00+0200,6214.82463,MW,DE,DE_LU,forecast_onshore_wind_generation,Wind Onshore,2026-06-20T23:37:13Z
2026-06-20T23:36:01Z,2026-06-21T01:36:01+0200,a960294c-15ac-429a-a83c-19bebfd529f7,2026-05-21T13:45:00Z,2026-05-21T15:45:00+0200,6152.40851,MW,DE,DE_LU,forecast_onshore_wind_generation,Wind Onshore,2026-06-20T23:37:13Z
2026-06-20T23:36:01Z,2026-06-21T01:36:01+0200,a960294c-15ac-429a-a83c-19bebfd529f7,2026-05-21T14:00:00Z,2026-05-21T16:00:00+0200,6085.14694,MW,DE,DE_LU,forecast_onshore_wind_generation,Wind Onshore,2026-06-20T23:37:13Z
2026-06-20T23:36:01Z,2026-06-21T01:36:01+0200,a960294c-15ac-429a-a83c-19bebfd529f7,2026-05-21T14:15:00Z,2026-05-21T16:15:00+0200,5991.07215,MW,DE,DE_LU,forecast_onshore_wind_generation,Wind Onshore,2026-06-20T23:37:13Z
2026-06-20T23:36:01Z,2026-06-21T01:36:01+0200,a960294c-15ac-429a-a83c-19bebfd529f7,2026-05-21T14:30:00Z,2026-05-21T16:30:00+0200,5896.15906,MW,DE,DE_LU,forecast_onshore_wind_generation,Wind Onshore,2026-06-20T23:37:13Z
2026-06-20T23:36:01Z,2026-06-21T01:36:01+0200,a960294c-15ac-429a-a83c-19bebfd529f7,2026-05-21T14:45:00Z,2026-05-21T16:45:00+0200,5803.57061,MW,DE,DE_LU,forecast_onshore_wind_generation,Wind Onshore,2026-06-20T23:37:13Z
2026-06-20T23:36:01Z,2026-06-21T01:36:01+0200,a960294c-15ac-429a-a83c-19bebfd529f7,2026-05-21T15:00:00Z,2026-05-21T17:00:00+0200,5697.79199,MW,DE,DE_LU,forecast_onshore_wind_generation,Wind Onshore,2026-06-20T23:37:13Z
2026-06-20T23:36:01Z,2026-06-21T01:36:01+0200,a960294c-15ac-429a-a83c-19bebfd529f7,2026-05-21T15:15:00Z,2026-05-21T17:15:00+0200,5508.23996,MW,DE,DE_LU,forecast_onshore_wind_generation,Wind Onshore,2026-06-20T23:37:13Z
2026-06-20T23:36:01Z,2026-06-21T01:36:01+0200,a960294c-15ac-429a-a83c-19bebfd529f7,2026-05-21T15:30:00Z,2026-05-21T17:30:00+0200,5318.78352,MW,DE,DE_LU,forecast_onshore_wind_generation,Wind Onshore,2026-06-20T23:37:13Z
2026-06-20T23:36:01Z,2026-06-21T01:36:01+0200,a960294c-15ac-429a-a83c-19bebfd529f7,2026-05-21T15:45:00Z,2026-05-21T17:45:00+0200,5125.13335,MW,DE,DE_LU,forecast_onshore_wind_generation,Wind Onshore,2026-06-20T23:37:13Z
2026-06-20T23:36:01Z,2026-06-21T01:36:01+0200,a960294c-15ac-429a-a83c-19bebfd529f7,2026-05-21T16:00:00Z,2026-05-21T18:00:00+0200,4914.52653,MW,DE,DE_LU,forecast_onshore_wind_generation,Wind Onshore,2026-06-20T23:37:13Z
2026-06-20T23:36:01Z,2026-06-21T01:36:01+0200,a960294c-15ac-429a-a83c-19bebfd529f7,2026-05-21T16:15:00Z,2026-05-21T18:15:00+0200,4625.47801,MW,DE,DE_LU,forecast_onshore_wind_generation,Wind Onshore,2026-06-20T23:37:13Z
2026-06-20T23:36:01Z,2026-06-21T01:36:01+0200,a960294c-15ac-429a-a83c-19bebfd529f7,2026-05-21T16:30:00Z,2026-05-21T18:30:00+0200,4330.94281,MW,DE,DE_LU,forecast_onshore_wind_generation,Wind Onshore,2026-06-20T23:37:13Z
2026-06-20T23:36:01Z,2026-06-21T01:36:01+0200,a960294c-15ac-429a-a83c-19bebfd529f7,2026-05-21T16:45:00Z,2026-05-21T18:45:00+0200,4030.17223,MW,DE,DE_LU,forecast_onshore_wind_generation,Wind Onshore,2026-06-20T23:37:13Z
2026-06-20T23:36:01Z,2026-06-21T01:36:01+0200,a960294c-15ac-429a-a83c-19bebfd529f7,2026-05-21T17:00:00Z,2026-05-21T19:00:00+0200,3723.52721,MW,DE,DE_LU,forecast_onshore_wind_generation,Wind Onshore,2026-06-20T23:37:13Z
2026-06-20T23:36:01Z,2026-06-21T01:36:01+0200,a960294c-15ac-429a-a83c-19bebfd529f7,2026-05-21T17:15:00Z,2026-05-21T19:15:00+0200,3478.31291,MW,DE,DE_LU,forecast_onshore_wind_generation,Wind Onshore,2026-06-20T23:37:13Z
2026-06-20T23:36:01Z,2026-06-21T01:36:01+0200,a960294c-15ac-429a-a83c-19bebfd529f7,2026-05-21T17:30:00Z,2026-05-21T19:30:00+0200,3240.82626,MW,DE,DE_LU,forecast_onshore_wind_generation,Wind Onshore,2026-06-20T23:37:13Z
2026-06-20T23:36:01Z,2026-06-21T01:36:01+0200,a960294c-15ac-429a-a83c-19bebfd529f7,2026-05-21T17:45:00Z,2026-05-21T19:45:00+0200,3026.25308,MW,DE,DE_LU,forecast_onshore_wind_generation,Wind Onshore,2026-06-20T23:37:13Z
2026-06-20T23:36:01Z,2026-06-21T01:36:01+0200,a960294c-15ac-429a-a83c-19bebfd529f7,2026-05-21T18:00:00Z,2026-05-21T20:00:00+0200,2836.13478,MW,DE,DE_LU,forecast_onshore_wind_generation,Wind Onshore,2026-06-20T23:37:13Z
2026-06-20T23:36:01Z,2026-06-21T01:36:01+0200,a960294c-15ac-429a-a83c-19bebfd529f7,2026-05-21T18:15:00Z,2026-05-21T20:15:00+0200,2737.82077,MW,DE,DE_LU,forecast_onshore_wind_generation,Wind Onshore,2026-06-20T23:37:13Z
2026-06-20T23:36:01Z,2026-06-21T01:36:01+0200,a960294c-15ac-429a-a83c-19bebfd529f7,2026-05-21T18:30:00Z,2026-05-21T20:30:00+0200,2665.11991,MW,DE,DE_LU,forecast_onshore_wind_generation,Wind Onshore,2026-06-20T23:37:13Z
2026-06-20T23:36:01Z,2026-06-21T01:36:01+0200,a960294c-15ac-429a-a83c-19bebfd529f7,2026-05-21T18:45:00Z,2026-05-21T20:45:00+0200,2577.06333,MW,DE,DE_LU,forecast_onshore_wind_generation,Wind Onshore,2026-06-20T23:37:13Z
2026-06-20T23:36:01Z,2026-06-21T01:36:01+0200,a960294c-15ac-429a-a83c-19bebfd529f7,2026-05-21T19:00:00Z,2026-05-21T21:00:00+0200,2481.30568,MW,DE,DE_LU,forecast_onshore_wind_generation,Wind Onshore,2026-06-20T23:37:13Z
2026-06-20T23:36:01Z,2026-06-21T01:36:01+0200,a960294c-15ac-429a-a83c-19bebfd529f7,2026-05-21T19:15:00Z,2026-05-21T21:15:00+0200,2446.20686,MW,DE,DE_LU,forecast_onshore_wind_generation,Wind Onshore,2026-06-20T23:37:13Z
2026-06-20T23:36:01Z,2026-06-21T01:36:01+0200,a960294c-15ac-429a-a83c-19bebfd529f7,2026-05-21T19:30:00Z,2026-05-21T21:30:00+0200,2436.56813,MW,DE,DE_LU,forecast_onshore_wind_generation,Wind Onshore,2026-06-20T23:37:13Z
2026-06-20T23:36:01Z,2026-06-21T01:36:01+0200,a960294c-15ac-429a-a83c-19bebfd529f7,2026-05-21T19:45:00Z,2026-05-21T21:45:00+0200,2441.22172,MW,DE,DE_LU,forecast_onshore_wind_generation,Wind Onshore,2026-06-20T23:37:13Z
2026-06-20T23:36:01Z,2026-06-21T01:36:01+0200,a960294c-15ac-429a-a83c-19bebfd529f7,2026-05-21T20:00:00Z,2026-05-21T22:00:00+0200,2443.83213,MW,DE,DE_LU,forecast_onshore_wind_generation,Wind Onshore,2026-06-20T23:37:13Z
2026-06-20T23:36:01Z,2026-06-21T01:36:01+0200,a960294c-15ac-429a-a83c-19bebfd529f7,2026-05-21T20:15:00Z,2026-05-21T22:15:00+0200,2462.81893,MW,DE,DE_LU,forecast_onshore_wind_generation,Wind Onshore,2026-06-20T23:37:13Z
2026-06-20T23:36:01Z,2026-06-21T01:36:01+0200,a960294c-15ac-429a-a83c-19bebfd529f7,2026-05-21T20:30:00Z,2026-05-21T22:30:00+0200,2481.26405,MW,DE,DE_LU,forecast_onshore_wind_generation,Wind Onshore,2026-06-20T23:37:13Z
2026-06-20T23:36:01Z,2026-06-21T01:36:01+0200,a960294c-15ac-429a-a83c-19bebfd529f7,2026-05-21T20:45:00Z,2026-05-21T22:45:00+0200,2497.42517,MW,DE,DE_LU,forecast_onshore_wind_generation,Wind Onshore,2026-06-20T23:37:13Z
2026-06-20T23:36:01Z,2026-06-21T01:36:01+0200,a960294c-15ac-429a-a83c-19bebfd529f7,2026-05-21T21:00:00Z,2026-05-21T23:00:00+0200,2515.0907,MW,DE,DE_LU,forecast_onshore_wind_generation,Wind Onshore,2026-06-20T23:37:13Z
2026-06-20T23:36:01Z,2026-06-21T01:36:01+0200,a960294c-15ac-429a-a83c-19bebfd529f7,2026-05-21T21:15:00Z,2026-05-21T23:15:00+0200,2482.71411,MW,DE,DE_LU,forecast_onshore_wind_generation,Wind Onshore,2026-06-20T23:37:13Z
2026-06-20T23:36:01Z,2026-06-21T01:36:01+0200,a960294c-15ac-429a-a83c-19bebfd529f7,2026-05-21T21:30:00Z,2026-05-21T23:30:00+0200,2451.54915,MW,DE,DE_LU,forecast_onshore_wind_generation,Wind Onshore,2026-06-20T23:37:13Z
2026-06-20T23:36:01Z,2026-06-21T01:36:01+0200,a960294c-15ac-429a-a83c-19bebfd529f7,2026-05-21T21:45:00Z,2026-05-21T23:45:00+0200,2419.21812,MW,DE,DE_LU,forecast_onshore_wind_generation,Wind Onshore,2026-06-20T23:37:13Z
2026-06-20T23:36:01Z,2026-06-21T01:36:01+0200,a960294c-15ac-429a-a83c-19bebfd529f7,2026-05-21T22:00:00Z,2026-05-22T00:00:00+0200,2328.75539,MW,DE,DE_LU,forecast_onshore_wind_generation,Wind Onshore,2026-06-20T23:37:13Z
2026-06-20T23:36:01Z,2026-06-21T01:36:01+0200,a960294c-15ac-429a-a83c-19bebfd529f7,2026-05-21T22:15:00Z,2026-05-22T00:15:00+0200,2265.98392,MW,DE,DE_LU,forecast_onshore_wind_generation,Wind Onshore,2026-06-20T23:37:13Z
2026-06-20T23:36:01Z,2026-06-21T01:36:01+0200,a960294c-15ac-429a-a83c-19bebfd529f7,2026-05-21T22:30:00Z,2026-05-22T00:30:00+0200,2200.68873,MW,DE,DE_LU,forecast_onshore_wind_generation,Wind Onshore,2026-06-20T23:37:13Z
2026-06-20T23:36:01Z,2026-06-21T01:36:01+0200,a960294c-15ac-429a-a83c-19bebfd529f7,2026-05-21T22:45:00Z,2026-05-22T00:45:00+0200,2146.85448,MW,DE,DE_LU,forecast_onshore_wind_generation,Wind Onshore,2026-06-20T23:37:13Z
2026-06-20T23:36:01Z,2026-06-21T01:36:01+0200,a960294c-15ac-429a-a83c-19bebfd529f7,2026-05-21T23:00:00Z,2026-05-22T01:00:00+0200,2092.86633,MW,DE,DE_LU,forecast_onshore_wind_generation,Wind Onshore,2026-06-20T23:37:13Z
2026-06-20T23:36:01Z,2026-06-21T01:36:01+0200,a960294c-15ac-429a-a83c-19bebfd529f7,2026-05-21T23:15:00Z,2026-05-22T01:15:00+0200,2038.77067,MW,DE,DE_LU,forecast_onshore_wind_generation,Wind Onshore,2026-06-20T23:37:13Z
2026-06-20T23:36:01Z,2026-06-21T01:36:01+0200,a960294c-15ac-429a-a83c-19bebfd529f7,2026-05-21T23:30:00Z,2026-05-22T01:30:00+0200,1991.93791,MW,DE,DE_LU,forecast_onshore_wind_generation,Wind Onshore,2026-06-20T23:37:13Z
2026-06-20T23:36:01Z,2026-06-21T01:36:01+0200,a960294c-15ac-429a-a83c-19bebfd529f7,2026-05-21T23:45:00Z,2026-05-22T01:45:00+0200,1957.2192,MW,DE,DE_LU,forecast_onshore_wind_generation,Wind Onshore,2026-06-20T23:37:13Z
2026-06-20T23:36:01Z,2026-06-21T01:36:01+0200,a960294c-15ac-429a-a83c-19bebfd529f7,2026-05-22T00:00:00Z,2026-05-22T02:00:00+0200,1940.18097,MW,DE,DE_LU,forecast_onshore_wind_generation,Wind Onshore,2026-06-20T23:37:13Z
2026-06-20T23:36:01Z,2026-06-21T01:36:01+0200,a960294c-15ac-429a-a83c-19bebfd529f7,2026-05-22T00:15:00Z,2026-05-22T02:15:00+0200,1917.08232,MW,DE,DE_LU,forecast_onshore_wind_generation,Wind Onshore,2026-06-20T23:37:13Z
2026-06-20T23:36:01Z,2026-06-21T01:36:01+0200,a960294c-15ac-429a-a83c-19bebfd529f7,2026-05-22T00:30:00Z,2026-05-22T02:30:00+0200,1889.41654,MW,DE,DE_LU,forecast_onshore_wind_generation,Wind Onshore,2026-06-20T23:37:13Z
2026-06-20T23:36:01Z,2026-06-21T01:36:01+0200,a960294c-15ac-429a-a83c-19bebfd529f7,2026-05-22T00:45:00Z,2026-05-22T02:45:00+0200,1859.85335,MW,DE,DE_LU,forecast_onshore_wind_generation,Wind Onshore,2026-06-20T23:37:13Z
2026-06-20T23:36:01Z,2026-06-21T01:36:01+0200,a960294c-15ac-429a-a83c-19bebfd529f7,2026-05-22T01:00:00Z,2026-05-22T03:00:00+0200,1829.83233,MW,DE,DE_LU,forecast_onshore_wind_generation,Wind Onshore,2026-06-20T23:37:13Z
2026-06-20T23:36:01Z,2026-06-21T01:36:01+0200,a960294c-15ac-429a-a83c-19bebfd529f7,2026-05-22T01:15:00Z,2026-05-22T03:15:00+0200,1828.56136,MW,DE,DE_LU,forecast_onshore_wind_generation,Wind Onshore,2026-06-20T23:37:13Z
2026-06-20T23:36:01Z,2026-06-21T01:36:01+0200,a960294c-15ac-429a-a83c-19bebfd529f7,2026-05-22T01:30:00Z,2026-05-22T03:30:00+0200,1823.95719,MW,DE,DE_LU,forecast_onshore_wind_generation,Wind Onshore,2026-06-20T23:37:13Z
2026-06-20T23:36:01Z,2026-06-21T01:36:01+0200,a960294c-15ac-429a-a83c-19bebfd529f7,2026-05-22T01:45:00Z,2026-05-22T03:45:00+0200,1819.00874,MW,DE,DE_LU,forecast_onshore_wind_generation,Wind Onshore,2026-06-20T23:37:13Z
2026-06-20T23:36:01Z,2026-06-21T01:36:01+0200,a960294c-15ac-429a-a83c-19bebfd529f7,2026-05-22T02:00:00Z,2026-05-22T04:00:00+0200,1818.13237,MW,DE,DE_LU,forecast_onshore_wind_generation,Wind Onshore,2026-06-20T23:37:13Z
2026-06-20T23:36:01Z,2026-06-21T01:36:01+0200,a960294c-15ac-429a-a83c-19bebfd529f7,2026-05-22T02:15:00Z,2026-05-22T04:15:00+0200,1859.33662,MW,DE,DE_LU,forecast_onshore_wind_generation,Wind Onshore,2026-06-20T23:37:13Z
2026-06-20T23:36:01Z,2026-06-21T01:36:01+0200,a960294c-15ac-429a-a83c-19bebfd529f7,2026-05-22T02:30:00Z,2026-05-22T04:30:00+0200,1896.13471,MW,DE,DE_LU,forecast_onshore_wind_generation,Wind Onshore,2026-06-20T23:37:13Z
2026-06-20T23:36:01Z,2026-06-21T01:36:01+0200,a960294c-15ac-429a-a83c-19bebfd529f7,2026-05-22T02:45:00Z,2026-05-22T04:45:00+0200,1932.91036,MW,DE,DE_LU,forecast_onshore_wind_generation,Wind Onshore,2026-06-20T23:37:13Z
2026-06-20T23:36:01Z,2026-06-21T01:36:01+0200,a960294c-15ac-429a-a83c-19bebfd529f7,2026-05-22T03:00:00Z,2026-05-22T05:00:00+0200,1969.53748,MW,DE,DE_LU,forecast_onshore_wind_generation,Wind Onshore,2026-06-20T23:37:13Z
2026-06-20T23:36:01Z,2026-06-21T01:36:01+0200,a960294c-15ac-429a-a83c-19bebfd529f7,2026-05-22T03:15:00Z,2026-05-22T05:15:00+0200,2020.25358,MW,DE,DE_LU,forecast_onshore_wind_generation,Wind Onshore,2026-06-20T23:37:13Z
2026-06-20T23:36:01Z,2026-06-21T01:36:01+0200,a960294c-15ac-429a-a83c-19bebfd529f7,2026-05-22T03:30:00Z,2026-05-22T05:30:00+0200,2068.94208,MW,DE,DE_LU,forecast_onshore_wind_generation,Wind Onshore,2026-06-20T23:37:13Z
2026-06-20T23:36:01Z,2026-06-21T01:36:01+0200,a960294c-15ac-429a-a83c-19bebfd529f7,2026-05-22T03:45:00Z,2026-05-22T05:45:00+0200,2118.61979,MW,DE,DE_LU,forecast_onshore_wind_generation,Wind Onshore,2026-06-20T23:37:13Z
2026-06-20T23:36:01Z,2026-06-21T01:36:01+0200,a960294c-15ac-429a-a83c-19bebfd529f7,2026-05-22T04:00:00Z,2026-05-22T06:00:00+0200,2172.33341,MW,DE,DE_LU,forecast_onshore_wind_generation,Wind Onshore,2026-06-20T23:37:13Z
2026-06-20T23:36:01Z,2026-06-21T01:36:01+0200,a960294c-15ac-429a-a83c-19bebfd529f7,2026-05-22T04:15:00Z,2026-05-22T06:15:00+0200,2190.62337,MW,DE,DE_LU,forecast_onshore_wind_generation,Wind Onshore,2026-06-20T23:37:13Z
2026-06-20T23:36:01Z,2026-06-21T01:36:01+0200,a960294c-15ac-429a-a83c-19bebfd529f7,2026-05-22T04:30:00Z,2026-05-22T06:30:00+0200,2207.19351,MW,DE,DE_LU,forecast_onshore_wind_generation,Wind Onshore,2026-06-20T23:37:13Z
2026-06-20T23:36:01Z,2026-06-21T01:36:01+0200,a960294c-15ac-429a-a83c-19bebfd529f7,2026-05-22T04:45:00Z,2026-05-22T06:45:00+0200,2223.64583,MW,DE,DE_LU,forecast_onshore_wind_generation,Wind Onshore,2026-06-20T23:37:13Z
2026-06-20T23:36:01Z,2026-06-21T01:36:01+0200,a960294c-15ac-429a-a83c-19bebfd529f7,2026-05-22T05:00:00Z,2026-05-22T07:00:00+0200,2225.65841,MW,DE,DE_LU,forecast_onshore_wind_generation,Wind Onshore,2026-06-20T23:37:13Z
2026-06-20T23:36:01Z,2026-06-21T01:36:01+0200,a960294c-15ac-429a-a83c-19bebfd529f7,2026-05-22T05:15:00Z,2026-05-22T07:15:00+0200,2137.70314,MW,DE,DE_LU,forecast_onshore_wind_generation,Wind Onshore,2026-06-20T23:37:13Z
2026-06-20T23:36:01Z,2026-06-21T01:36:01+0200,a960294c-15ac-429a-a83c-19bebfd529f7,2026-05-22T05:30:00Z,2026-05-22T07:30:00+0200,2051.03631,MW,DE,DE_LU,forecast_onshore_wind_generation,Wind Onshore,2026-06-20T23:37:13Z
2026-06-20T23:36:01Z,2026-06-21T01:36:01+0200,a960294c-15ac-429a-a83c-19bebfd529f7,2026-05-22T05:45:00Z,2026-05-22T07:45:00+0200,1970.00371,MW,DE,DE_LU,forecast_onshore_wind_generation,Wind Onshore,2026-06-20T23:37:13Z
2026-06-20T23:36:01Z,2026-06-21T01:36:01+0200,a960294c-15ac-429a-a83c-19bebfd529f7,2026-05-22T06:00:00Z,2026-05-22T08:00:00+0200,1865.21631,MW,DE,DE_LU,forecast_onshore_wind_generation,Wind Onshore,2026-06-20T23:37:13Z
2026-06-20T23:36:01Z,2026-06-21T01:36:01+0200,a960294c-15ac-429a-a83c-19bebfd529f7,2026-05-22T06:15:00Z,2026-05-22T08:15:00+0200,1718.94268,MW,DE,DE_LU,forecast_onshore_wind_generation,Wind Onshore,2026-06-20T23:37:13Z
2026-06-20T23:36:01Z,2026-06-21T01:36:01+0200,a960294c-15ac-429a-a83c-19bebfd529f7,2026-05-22T06:30:00Z,2026-05-22T08:30:00+0200,1561.53601,MW,DE,DE_LU,forecast_onshore_wind_generation,Wind Onshore,2026-06-20T23:37:13Z
2026-06-20T23:36:01Z,2026-06-21T01:36:01+0200,a960294c-15ac-429a-a83c-19bebfd529f7,2026-05-22T06:45:00Z,2026-05-22T08:45:00+0200,1396.93067,MW,DE,DE_LU,forecast_onshore_wind_generation,Wind Onshore,2026-06-20T23:37:13Z
2026-06-20T23:36:01Z,2026-06-21T01:36:01+0200,a960294c-15ac-429a-a83c-19bebfd529f7,2026-05-22T07:00:00Z,2026-05-22T09:00:00+0200,1238.06332,MW,DE,DE_LU,forecast_onshore_wind_generation,Wind Onshore,2026-06-20T23:37:13Z
2026-06-20T23:36:01Z,2026-06-21T01:36:01+0200,a960294c-15ac-429a-a83c-19bebfd529f7,2026-05-22T07:15:00Z,2026-05-22T09:15:00+0200,1224.18987,MW,DE,DE_LU,forecast_onshore_wind_generation,Wind Onshore,2026-06-20T23:37:13Z
2026-06-20T23:36:01Z,2026-06-21T01:36:01+0200,a960294c-15ac-429a-a83c-19bebfd529f7,2026-05-22T07:30:00Z,2026-05-22T09:30:00+0200,1210.07738,MW,DE,DE_LU,forecast_onshore_wind_generation,Wind Onshore,2026-06-20T23:37:13Z
2026-06-20T23:36:01Z,2026-06-21T01:36:01+0200,a960294c-15ac-429a-a83c-19bebfd529f7,2026-05-22T07:45:00Z,2026-05-22T09:45:00+0200,1195.8163,MW,DE,DE_LU,forecast_onshore_wind_generation,Wind Onshore,2026-06-20T23:37:13Z
2026-06-20T23:36:01Z,2026-06-21T01:36:01+0200,a960294c-15ac-429a-a83c-19bebfd529f7,2026-05-22T08:00:00Z,2026-05-22T10:00:00+0200,1187.54444,MW,DE,DE_LU,forecast_onshore_wind_generation,Wind Onshore,2026-06-20T23:37:13Z
2026-06-20T23:36:01Z,2026-06-21T01:36:01+0200,a960294c-15ac-429a-a83c-19bebfd529f7,2026-05-22T08:15:00Z,2026-05-22T10:15:00+0200,1221.97393,MW,DE,DE_LU,forecast_onshore_wind_generation,Wind Onshore,2026-06-20T23:37:13Z
2026-06-20T23:36:01Z,2026-06-21T01:36:01+0200,a960294c-15ac-429a-a83c-19bebfd529f7,2026-05-22T08:30:00Z,2026-05-22T10:30:00+0200,1254.66913,MW,DE,DE_LU,forecast_onshore_wind_generation,Wind Onshore,2026-06-20T23:37:13Z
2026-06-20T23:36:01Z,2026-06-21T01:36:01+0200,a960294c-15ac-429a-a83c-19bebfd529f7,2026-05-22T08:45:00Z,2026-05-22T10:45:00+0200,1287.24619,MW,DE,DE_LU,forecast_onshore_wind_generation,Wind Onshore,2026-06-20T23:37:13Z
2026-06-20T23:36:01Z,2026-06-21T01:36:01+0200,a960294c-15ac-429a-a83c-19bebfd529f7,2026-05-22T09:00:00Z,2026-05-22T11:00:00+0200,1316.86401,MW,DE,DE_LU,forecast_onshore_wind_generation,Wind Onshore,2026-06-20T23:37:13Z
2026-06-20T23:36:01Z,2026-06-21T01:36:01+0200,a960294c-15ac-429a-a83c-19bebfd529f7,2026-05-22T09:15:00Z,2026-05-22T11:15:00+0200,1313.82832,MW,DE,DE_LU,forecast_onshore_wind_generation,Wind Onshore,2026-06-20T23:37:13Z
2026-06-20T23:36:01Z,2026-06-21T01:36:01+0200,a960294c-15ac-429a-a83c-19bebfd529f7,2026-05-22T09:30:00Z,2026-05-22T11:30:00+0200,1309.50691,MW,DE,DE_LU,forecast_onshore_wind_generation,Wind Onshore,2026-06-20T23:37:13Z
2026-06-20T23:36:01Z,2026-06-21T01:36:01+0200,a960294c-15ac-429a-a83c-19bebfd529f7,2026-05-22T09:45:00Z,2026-05-22T11:45:00+0200,1303.80572,MW,DE,DE_LU,forecast_onshore_wind_generation,Wind Onshore,2026-06-20T23:37:13Z
2026-06-20T23:36:01Z,2026-06-21T01:36:01+0200,a960294c-15ac-429a-a83c-19bebfd529f7,2026-05-22T10:00:00Z,2026-05-22T12:00:00+0200,1289.63991,MW,DE,DE_LU,forecast_onshore_wind_generation,Wind Onshore,2026-06-20T23:37:13Z
2026-06-20T23:36:01Z,2026-06-21T01:36:01+0200,a960294c-15ac-429a-a83c-19bebfd529f7,2026-05-22T10:15:00Z,2026-05-22T12:15:00+0200,1259.21449,MW,DE,DE_LU,forecast_onshore_wind_generation,Wind Onshore,2026-06-20T23:37:13Z
2026-06-20T23:36:01Z,2026-06-21T01:36:01+0200,a960294c-15ac-429a-a83c-19bebfd529f7,2026-05-22T10:30:00Z,2026-05-22T12:30:00+0200,1232.01588,MW,DE,DE_LU,forecast_onshore_wind_generation,Wind Onshore,2026-06-20T23:37:13Z
2026-06-20T23:36:01Z,2026-06-21T01:36:01+0200,a960294c-15ac-429a-a83c-19bebfd529f7,2026-05-22T10:45:00Z,2026-05-22T12:45:00+0200,1204.11661,MW,DE,DE_LU,forecast_onshore_wind_generation,Wind Onshore,2026-06-20T23:37:13Z
2026-06-20T23:36:01Z,2026-06-21T01:36:01+0200,a960294c-15ac-429a-a83c-19bebfd529f7,2026-05-22T11:00:00Z,2026-05-22T13:00:00+0200,1174.85275,MW,DE,DE_LU,forecast_onshore_wind_generation,Wind Onshore,2026-06-20T23:37:13Z
2026-06-20T23:36:01Z,2026-06-21T01:36:01+0200,a960294c-15ac-429a-a83c-19bebfd529f7,2026-05-22T11:15:00Z,2026-05-22T13:15:00+0200,1166.75575,MW,DE,DE_LU,forecast_onshore_wind_generation,Wind Onshore,2026-06-20T23:37:13Z
2026-06-20T23:36:01Z,2026-06-21T01:36:01+0200,a960294c-15ac-429a-a83c-19bebfd529f7,2026-05-22T11:30:00Z,2026-05-22T13:30:00+0200,1156.07422,MW,DE,DE_LU,forecast_onshore_wind_generation,Wind Onshore,2026-06-20T23:37:13Z
2026-06-20T23:36:01Z,2026-06-21T01:36:01+0200,a960294c-15ac-429a-a83c-19bebfd529f7,2026-05-22T11:45:00Z,2026-05-22T13:45:00+0200,1142.35025,MW,DE,DE_LU,forecast_onshore_wind_generation,Wind Onshore,2026-06-20T23:37:13Z
2026-06-20T23:36:01Z,2026-06-21T01:36:01+0200,a960294c-15ac-429a-a83c-19bebfd529f7,2026-05-22T12:00:00Z,2026-05-22T14:00:00+0200,1133.25974,MW,DE,DE_LU,forecast_onshore_wind_generation,Wind Onshore,2026-06-20T23:37:13Z
2026-06-20T23:36:01Z,2026-06-21T01:36:01+0200,a960294c-15ac-429a-a83c-19bebfd529f7,2026-05-22T12:15:00Z,2026-05-22T14:15:00+0200,1133.74172,MW,DE,DE_LU,forecast_onshore_wind_generation,Wind Onshore,2026-06-20T23:37:13Z
2026-06-20T23:36:01Z,2026-06-21T01:36:01+0200,a960294c-15ac-429a-a83c-19bebfd529f7,2026-05-22T12:30:00Z,2026-05-22T14:30:00+0200,1130.6949,MW,DE,DE_LU,forecast_onshore_wind_generation,Wind Onshore,2026-06-20T23:37:13Z
2026-06-20T23:36:01Z,2026-06-21T01:36:01+0200,a960294c-15ac-429a-a83c-19bebfd529f7,2026-05-22T12:45:00Z,2026-05-22T14:45:00+0200,1125.59203,MW,DE,DE_LU,forecast_onshore_wind_generation,Wind Onshore,2026-06-20T23:37:13Z
2026-06-20T23:36:01Z,2026-06-21T01:36:01+0200,a960294c-15ac-429a-a83c-19bebfd529f7,2026-05-22T13:00:00Z,2026-05-22T15:00:00+0200,1120.02755,MW,DE,DE_LU,forecast_onshore_wind_generation,Wind Onshore,2026-06-20T23:37:13Z
2026-06-20T23:36:01Z,2026-06-21T01:36:01+0200,a960294c-15ac-429a-a83c-19bebfd529f7,2026-05-22T13:15:00Z,2026-05-22T15:15:00+0200,1103.26539,MW,DE,DE_LU,forecast_onshore_wind_generation,Wind Onshore,2026-06-20T23:37:13Z
2026-06-20T23:36:01Z,2026-06-21T01:36:01+0200,a960294c-15ac-429a-a83c-19bebfd529f7,2026-05-22T13:30:00Z,2026-05-22T15:30:00+0200,1078.99089,MW,DE,DE_LU,forecast_onshore_wind_generation,Wind Onshore,2026-06-20T23:37:13Z
2026-06-20T23:36:01Z,2026-06-21T01:36:01+0200,a960294c-15ac-429a-a83c-19bebfd529f7,2026-05-22T13:45:00Z,2026-05-22T15:45:00+0200,1051.67444,MW,DE,DE_LU,forecast_onshore_wind_generation,Wind Onshore,2026-06-20T23:37:13Z
2026-06-20T23:36:01Z,2026-06-21T01:36:01+0200,a960294c-15ac-429a-a83c-19bebfd529f7,2026-05-22T14:00:00Z,2026-05-22T16:00:00+0200,1028.36986,MW,DE,DE_LU,forecast_onshore_wind_generation,Wind Onshore,2026-06-20T23:37:13Z
2026-06-20T23:36:01Z,2026-06-21T01:36:01+0200,a960294c-15ac-429a-a83c-19bebfd529f7,2026-05-22T14:15:00Z,2026-05-22T16:15:00+0200,999.62407,MW,DE,DE_LU,forecast_onshore_wind_generation,Wind Onshore,2026-06-20T23:37:13Z
2026-06-20T23:36:01Z,2026-06-21T01:36:01+0200,a960294c-15ac-429a-a83c-19bebfd529f7,2026-05-22T14:30:00Z,2026-05-22T16:30:00+0200,969.10704,MW,DE,DE_LU,forecast_onshore_wind_generation,Wind Onshore,2026-06-20T23:37:13Z
2026-06-20T23:36:01Z,2026-06-21T01:36:01+0200,a960294c-15ac-429a-a83c-19bebfd529f7,2026-05-22T14:45:00Z,2026-05-22T16:45:00+0200,939.00151,MW,DE,DE_LU,forecast_onshore_wind_generation,Wind Onshore,2026-06-20T23:37:13Z
2026-06-20T23:36:01Z,2026-06-21T01:36:01+0200,a960294c-15ac-429a-a83c-19bebfd529f7,2026-05-22T15:00:00Z,2026-05-22T17:00:00+0200,910.91719,MW,DE,DE_LU,forecast_onshore_wind_generation,Wind Onshore,2026-06-20T23:37:13Z
2026-06-20T23:36:01Z,2026-06-21T01:36:01+0200,a960294c-15ac-429a-a83c-19bebfd529f7,2026-05-22T15:15:00Z,2026-05-22T17:15:00+0200,907.5199,MW,DE,DE_LU,forecast_onshore_wind_generation,Wind Onshore,2026-06-20T23:37:13Z
2026-06-20T23:36:01Z,2026-06-21T01:36:01+0200,a960294c-15ac-429a-a83c-19bebfd529f7,2026-05-22T15:30:00Z,2026-05-22T17:30:00+0200,902.58665,MW,DE,DE_LU,forecast_onshore_wind_generation,Wind Onshore,2026-06-20T23:37:13Z
2026-06-20T23:36:01Z,2026-06-21T01:36:01+0200,a960294c-15ac-429a-a83c-19bebfd529f7,2026-05-22T15:45:00Z,2026-05-22T17:45:00+0200,899.75754,MW,DE,DE_LU,forecast_onshore_wind_generation,Wind Onshore,2026-06-20T23:37:13Z
2026-06-20T23:36:01Z,2026-06-21T01:36:01+0200,a960294c-15ac-429a-a83c-19bebfd529f7,2026-05-22T16:00:00Z,2026-05-22T18:00:00+0200,893.24894,MW,DE,DE_LU,forecast_onshore_wind_generation,Wind Onshore,2026-06-20T23:37:13Z
2026-06-20T23:36:01Z,2026-06-21T01:36:01+0200,a960294c-15ac-429a-a83c-19bebfd529f7,2026-05-22T16:15:00Z,2026-05-22T18:15:00+0200,898.5571,MW,DE,DE_LU,forecast_onshore_wind_generation,Wind Onshore,2026-06-20T23:37:13Z
2026-06-20T23:36:01Z,2026-06-21T01:36:01+0200,a960294c-15ac-429a-a83c-19bebfd529f7,2026-05-22T16:30:00Z,2026-05-22T18:30:00+0200,894.05176,MW,DE,DE_LU,forecast_onshore_wind_generation,Wind Onshore,2026-06-20T23:37:13Z
2026-06-20T23:36:01Z,2026-06-21T01:36:01+0200,a960294c-15ac-429a-a83c-19bebfd529f7,2026-05-22T16:45:00Z,2026-05-22T18:45:00+0200,889.22699,MW,DE,DE_LU,forecast_onshore_wind_generation,Wind Onshore,2026-06-20T23:37:13Z
2026-06-20T23:36:01Z,2026-06-21T01:36:01+0200,a960294c-15ac-429a-a83c-19bebfd529f7,2026-05-22T17:00:00Z,2026-05-22T19:00:00+0200,882.95415,MW,DE,DE_LU,forecast_onshore_wind_generation,Wind Onshore,2026-06-20T23:37:13Z
2026-06-20T23:36:01Z,2026-06-21T01:36:01+0200,a960294c-15ac-429a-a83c-19bebfd529f7,2026-05-22T17:15:00Z,2026-05-22T19:15:00+0200,962.25724,MW,DE,DE_LU,forecast_onshore_wind_generation,Wind Onshore,2026-06-20T23:37:13Z
2026-06-20T23:36:01Z,2026-06-21T01:36:01+0200,a960294c-15ac-429a-a83c-19bebfd529f7,2026-05-22T17:30:00Z,2026-05-22T19:30:00+0200,1040.78444,MW,DE,DE_LU,forecast_onshore_wind_generation,Wind Onshore,2026-06-20T23:37:13Z
2026-06-20T23:36:01Z,2026-06-21T01:36:01+0200,a960294c-15ac-429a-a83c-19bebfd529f7,2026-05-22T17:45:00Z,2026-05-22T19:45:00+0200,1118.25527,MW,DE,DE_LU,forecast_onshore_wind_generation,Wind Onshore,2026-06-20T23:37:13Z
2026-06-20T23:36:01Z,2026-06-21T01:36:01+0200,a960294c-15ac-429a-a83c-19bebfd529f7,2026-05-22T18:00:00Z,2026-05-22T20:00:00+0200,1201.04588,MW,DE,DE_LU,forecast_onshore_wind_generation,Wind Onshore,2026-06-20T23:37:13Z
2026-06-20T23:36:01Z,2026-06-21T01:36:01+0200,a960294c-15ac-429a-a83c-19bebfd529f7,2026-05-22T18:15:00Z,2026-05-22T20:15:00+0200,1387.58262,MW,DE,DE_LU,forecast_onshore_wind_generation,Wind Onshore,2026-06-20T23:37:13Z
2026-06-20T23:36:01Z,2026-06-21T01:36:01+0200,a960294c-15ac-429a-a83c-19bebfd529f7,2026-05-22T18:30:00Z,2026-05-22T20:30:00+0200,1551.78958,MW,DE,DE_LU,forecast_onshore_wind_generation,Wind Onshore,2026-06-20T23:37:13Z
2026-06-20T23:36:01Z,2026-06-21T01:36:01+0200,a960294c-15ac-429a-a83c-19bebfd529f7,2026-05-22T18:45:00Z,2026-05-22T20:45:00+0200,1693.33388,MW,DE,DE_LU,forecast_onshore_wind_generation,Wind Onshore,2026-06-20T23:37:13Z
2026-06-20T23:36:01Z,2026-06-21T01:36:01+0200,a960294c-15ac-429a-a83c-19bebfd529f7,2026-05-22T19:00:00Z,2026-05-22T21:00:00+0200,1814.02997,MW,DE,DE_LU,forecast_onshore_wind_generation,Wind Onshore,2026-06-20T23:37:13Z
2026-06-20T23:36:01Z,2026-06-21T01:36:01+0200,a960294c-15ac-429a-a83c-19bebfd529f7,2026-05-22T19:15:00Z,2026-05-22T21:15:00+0200,1970.09362,MW,DE,DE_LU,forecast_onshore_wind_generation,Wind Onshore,2026-06-20T23:37:13Z
2026-06-20T23:36:01Z,2026-06-21T01:36:01+0200,a960294c-15ac-429a-a83c-19bebfd529f7,2026-05-22T19:30:00Z,2026-05-22T21:30:00+0200,2154.49314,MW,DE,DE_LU,forecast_onshore_wind_generation,Wind Onshore,2026-06-20T23:37:13Z
2026-06-20T23:36:01Z,2026-06-21T01:36:01+0200,a960294c-15ac-429a-a83c-19bebfd529f7,2026-05-22T19:45:00Z,2026-05-22T21:45:00+0200,2354.82935,MW,DE,DE_LU,forecast_onshore_wind_generation,Wind Onshore,2026-06-20T23:37:13Z
2026-06-20T23:36:01Z,2026-06-21T01:36:01+0200,a960294c-15ac-429a-a83c-19bebfd529f7,2026-05-22T20:00:00Z,2026-05-22T22:00:00+0200,2559.78915,MW,DE,DE_LU,forecast_onshore_wind_generation,Wind Onshore,2026-06-20T23:37:13Z
2026-06-20T23:36:01Z,2026-06-21T01:36:01+0200,a960294c-15ac-429a-a83c-19bebfd529f7,2026-05-22T20:15:00Z,2026-05-22T22:15:00+0200,2717.27668,MW,DE,DE_LU,forecast_onshore_wind_generation,Wind Onshore,2026-06-20T23:37:13Z
2026-06-20T23:36:01Z,2026-06-21T01:36:01+0200,a960294c-15ac-429a-a83c-19bebfd529f7,2026-05-22T20:30:00Z,2026-05-22T22:30:00+0200,2873.30131,MW,DE,DE_LU,forecast_onshore_wind_generation,Wind Onshore,2026-06-20T23:37:13Z
2026-06-20T23:36:01Z,2026-06-21T01:36:01+0200,a960294c-15ac-429a-a83c-19bebfd529f7,2026-05-22T20:45:00Z,2026-05-22T22:45:00+0200,3025.33013,MW,DE,DE_LU,forecast_onshore_wind_generation,Wind Onshore,2026-06-20T23:37:13Z
2026-06-20T23:36:01Z,2026-06-21T01:36:01+0200,a960294c-15ac-429a-a83c-19bebfd529f7,2026-05-22T21:00:00Z,2026-05-22T23:00:00+0200,3161.02587,MW,DE,DE_LU,forecast_onshore_wind_generation,Wind Onshore,2026-06-20T23:37:13Z
2026-06-20T23:36:01Z,2026-06-21T01:36:01+0200,a960294c-15ac-429a-a83c-19bebfd529f7,2026-05-22T21:15:00Z,2026-05-22T23:15:00+0200,3237.75528,MW,DE,DE_LU,forecast_onshore_wind_generation,Wind Onshore,2026-06-20T23:37:13Z
2026-06-20T23:36:01Z,2026-06-21T01:36:01+0200,a960294c-15ac-429a-a83c-19bebfd529f7,2026-05-22T21:30:00Z,2026-05-22T23:30:00+0200,3310.76264,MW,DE,DE_LU,forecast_onshore_wind_generation,Wind Onshore,2026-06-20T23:37:13Z
2026-06-20T23:36:01Z,2026-06-21T01:36:01+0200,a960294c-15ac-429a-a83c-19bebfd529f7,2026-05-22T21:45:00Z,2026-05-22T23:45:00+0200,3382.33381,MW,DE,DE_LU,forecast_onshore_wind_generation,Wind Onshore,2026-06-20T23:37:13Z
2026-06-20T23:36:01Z,2026-06-21T01:36:01+0200,a960294c-15ac-429a-a83c-19bebfd529f7,2026-05-22T22:00:00Z,2026-05-23T00:00:00+0200,3479.09633,MW,DE,DE_LU,forecast_onshore_wind_generation,Wind Onshore,2026-06-20T23:37:13Z
2026-06-20T23:36:01Z,2026-06-21T01:36:01+0200,a960294c-15ac-429a-a83c-19bebfd529f7,2026-05-22T22:15:00Z,2026-05-23T00:15:00+0200,3535.25596,MW,DE,DE_LU,forecast_onshore_wind_generation,Wind Onshore,2026-06-20T23:37:13Z
2026-06-20T23:36:01Z,2026-06-21T01:36:01+0200,a960294c-15ac-429a-a83c-19bebfd529f7,2026-05-22T22:30:00Z,2026-05-23T00:30:00+0200,3601.58104,MW,DE,DE_LU,forecast_onshore_wind_generation,Wind Onshore,2026-06-20T23:37:13Z
2026-06-20T23:36:01Z,2026-06-21T01:36:01+0200,a960294c-15ac-429a-a83c-19bebfd529f7,2026-05-22T22:45:00Z,2026-05-23T00:45:00+0200,3657.28589,MW,DE,DE_LU,forecast_onshore_wind_generation,Wind Onshore,2026-06-20T23:37:13Z
2026-06-20T23:36:01Z,2026-06-21T01:36:01+0200,a960294c-15ac-429a-a83c-19bebfd529f7,2026-05-22T23:00:00Z,2026-05-23T01:00:00+0200,3717.4215,MW,DE,DE_LU,forecast_onshore_wind_generation,Wind Onshore,2026-06-20T23:37:13Z
2026-06-20T23:36:01Z,2026-06-21T01:36:01+0200,a960294c-15ac-429a-a83c-19bebfd529f7,2026-05-22T23:15:00Z,2026-05-23T01:15:00+0200,3781.18245,MW,DE,DE_LU,forecast_onshore_wind_generation,Wind Onshore,2026-06-20T23:37:13Z
2026-06-20T23:36:01Z,2026-06-21T01:36:01+0200,a960294c-15ac-429a-a83c-19bebfd529f7,2026-05-22T23:30:00Z,2026-05-23T01:30:00+0200,3853.98283,MW,DE,DE_LU,forecast_onshore_wind_generation,Wind Onshore,2026-06-20T23:37:13Z
2026-06-20T23:36:01Z,2026-06-21T01:36:01+0200,a960294c-15ac-429a-a83c-19bebfd529f7,2026-05-22T23:45:00Z,2026-05-23T01:45:00+0200,3942.21874,MW,DE,DE_LU,forecast_onshore_wind_generation,Wind Onshore,2026-06-20T23:37:13Z
2026-06-20T23:36:01Z,2026-06-21T01:36:01+0200,a960294c-15ac-429a-a83c-19bebfd529f7,2026-05-23T00:00:00Z,2026-05-23T02:00:00+0200,4056.3622,MW,DE,DE_LU,forecast_onshore_wind_generation,Wind Onshore,2026-06-20T23:37:13Z
2026-06-20T23:36:01Z,2026-06-21T01:36:01+0200,a960294c-15ac-429a-a83c-19bebfd529f7,2026-05-23T00:15:00Z,2026-05-23T02:15:00+0200,4151.58779,MW,DE,DE_LU,forecast_onshore_wind_generation,Wind Onshore,2026-06-20T23:37:13Z
2026-06-20T23:36:01Z,2026-06-21T01:36:01+0200,a960294c-15ac-429a-a83c-19bebfd529f7,2026-05-23T00:30:00Z,2026-05-23T02:30:00+0200,4230.27144,MW,DE,DE_LU,forecast_onshore_wind_generation,Wind Onshore,2026-06-20T23:37:13Z
2026-06-20T23:36:01Z,2026-06-21T01:36:01+0200,a960294c-15ac-429a-a83c-19bebfd529f7,2026-05-23T00:45:00Z,2026-05-23T02:45:00+0200,4299.36711,MW,DE,DE_LU,forecast_onshore_wind_generation,Wind Onshore,2026-06-20T23:37:13Z
2026-06-20T23:36:01Z,2026-06-21T01:36:01+0200,a960294c-15ac-429a-a83c-19bebfd529f7,2026-05-23T01:00:00Z,2026-05-23T03:00:00+0200,4365.02863,MW,DE,DE_LU,forecast_onshore_wind_generation,Wind Onshore,2026-06-20T23:37:13Z
2026-06-20T23:36:01Z,2026-06-21T01:36:01+0200,a960294c-15ac-429a-a83c-19bebfd529f7,2026-05-23T01:15:00Z,2026-05-23T03:15:00+0200,4434.25815,MW,DE,DE_LU,forecast_onshore_wind_generation,Wind Onshore,2026-06-20T23:37:13Z
2026-06-20T23:36:01Z,2026-06-21T01:36:01+0200,a960294c-15ac-429a-a83c-19bebfd529f7,2026-05-23T01:30:00Z,2026-05-23T03:30:00+0200,4499.81771,MW,DE,DE_LU,forecast_onshore_wind_generation,Wind Onshore,2026-06-20T23:37:13Z
2026-06-20T23:36:01Z,2026-06-21T01:36:01+0200,a960294c-15ac-429a-a83c-19bebfd529f7,2026-05-23T01:45:00Z,2026-05-23T03:45:00+0200,4568.04125,MW,DE,DE_LU,forecast_onshore_wind_generation,Wind Onshore,2026-06-20T23:37:13Z
2026-06-20T23:36:01Z,2026-06-21T01:36:01+0200,a960294c-15ac-429a-a83c-19bebfd529f7,2026-05-23T02:00:00Z,2026-05-23T04:00:00+0200,4631.79977,MW,DE,DE_LU,forecast_onshore_wind_generation,Wind Onshore,2026-06-20T23:37:13Z
2026-06-20T23:36:01Z,2026-06-21T01:36:01+0200,a960294c-15ac-429a-a83c-19bebfd529f7,2026-05-23T02:15:00Z,2026-05-23T04:15:00+0200,4675.34182,MW,DE,DE_LU,forecast_onshore_wind_generation,Wind Onshore,2026-06-20T23:37:13Z
2026-06-20T23:36:01Z,2026-06-21T01:36:01+0200,a960294c-15ac-429a-a83c-19bebfd529f7,2026-05-23T02:30:00Z,2026-05-23T04:30:00+0200,4728.37565,MW,DE,DE_LU,forecast_onshore_wind_generation,Wind Onshore,2026-06-20T23:37:13Z
2026-06-20T23:36:01Z,2026-06-21T01:36:01+0200,a960294c-15ac-429a-a83c-19bebfd529f7,2026-05-23T02:45:00Z,2026-05-23T04:45:00+0200,4780.94314,MW,DE,DE_LU,forecast_onshore_wind_generation,Wind Onshore,2026-06-20T23:37:13Z
2026-06-20T23:36:01Z,2026-06-21T01:36:01+0200,a960294c-15ac-429a-a83c-19bebfd529f7,2026-05-23T03:00:00Z,2026-05-23T05:00:00+0200,4839.48441,MW,DE,DE_LU,forecast_onshore_wind_generation,Wind Onshore,2026-06-20T23:37:13Z
2026-06-20T23:36:01Z,2026-06-21T01:36:01+0200,a960294c-15ac-429a-a83c-19bebfd529f7,2026-05-23T03:15:00Z,2026-05-23T05:15:00+0200,4878.80326,MW,DE,DE_LU,forecast_onshore_wind_generation,Wind Onshore,2026-06-20T23:37:13Z
2026-06-20T23:36:01Z,2026-06-21T01:36:01+0200,a960294c-15ac-429a-a83c-19bebfd529f7,2026-05-23T03:30:00Z,2026-05-23T05:30:00+0200,4920.6492,MW,DE,DE_LU,forecast_onshore_wind_generation,Wind Onshore,2026-06-20T23:37:13Z
2026-06-20T23:36:01Z,2026-06-21T01:36:01+0200,a960294c-15ac-429a-a83c-19bebfd529f7,2026-05-23T03:45:00Z,2026-05-23T05:45:00+0200,4962.99717,MW,DE,DE_LU,forecast_onshore_wind_generation,Wind Onshore,2026-06-20T23:37:13Z
2026-06-20T23:36:01Z,2026-06-21T01:36:01+0200,a960294c-15ac-429a-a83c-19bebfd529f7,2026-05-23T04:00:00Z,2026-05-23T06:00:00+0200,5032.36451,MW,DE,DE_LU,forecast_onshore_wind_generation,Wind Onshore,2026-06-20T23:37:13Z
2026-06-20T23:36:01Z,2026-06-21T01:36:01+0200,a960294c-15ac-429a-a83c-19bebfd529f7,2026-05-23T04:15:00Z,2026-05-23T06:15:00+0200,4964.87279,MW,DE,DE_LU,forecast_onshore_wind_generation,Wind Onshore,2026-06-20T23:37:13Z
2026-06-20T23:36:01Z,2026-06-21T01:36:01+0200,a960294c-15ac-429a-a83c-19bebfd529f7,2026-05-23T04:30:00Z,2026-05-23T06:30:00+0200,4900.92217,MW,DE,DE_LU,forecast_onshore_wind_generation,Wind Onshore,2026-06-20T23:37:13Z
2026-06-20T23:36:01Z,2026-06-21T01:36:01+0200,a960294c-15ac-429a-a83c-19bebfd529f7,2026-05-23T04:45:00Z,2026-05-23T06:45:00+0200,4829.87278,MW,DE,DE_LU,forecast_onshore_wind_generation,Wind Onshore,2026-06-20T23:37:13Z
2026-06-20T23:36:01Z,2026-06-21T01:36:01+0200,a960294c-15ac-429a-a83c-19bebfd529f7,2026-05-23T05:00:00Z,2026-05-23T07:00:00+0200,4718.60865,MW,DE,DE_LU,forecast_onshore_wind_generation,Wind Onshore,2026-06-20T23:37:13Z
2026-06-20T23:36:01Z,2026-06-21T01:36:01+0200,a960294c-15ac-429a-a83c-19bebfd529f7,2026-05-23T05:15:00Z,2026-05-23T07:15:00+0200,4456.39617,MW,DE,DE_LU,forecast_onshore_wind_generation,Wind Onshore,2026-06-20T23:37:13Z
2026-06-20T23:36:01Z,2026-06-21T01:36:01+0200,a960294c-15ac-429a-a83c-19bebfd529f7,2026-05-23T05:30:00Z,2026-05-23T07:30:00+0200,4230.3936,MW,DE,DE_LU,forecast_onshore_wind_generation,Wind Onshore,2026-06-20T23:37:13Z
2026-06-20T23:36:01Z,2026-06-21T01:36:01+0200,a960294c-15ac-429a-a83c-19bebfd529f7,2026-05-23T05:45:00Z,2026-05-23T07:45:00+0200,4056.68735,MW,DE,DE_LU,forecast_onshore_wind_generation,Wind Onshore,2026-06-20T23:37:13Z
2026-06-20T23:36:01Z,2026-06-21T01:36:01+0200,a960294c-15ac-429a-a83c-19bebfd529f7,2026-05-23T06:00:00Z,2026-05-23T08:00:00+0200,3829.55342,MW,DE,DE_LU,forecast_onshore_wind_generation,Wind Onshore,2026-06-20T23:37:13Z
2026-06-20T23:36:01Z,2026-06-21T01:36:01+0200,a960294c-15ac-429a-a83c-19bebfd529f7,2026-05-23T06:15:00Z,2026-05-23T08:15:00+0200,3436.79937,MW,DE,DE_LU,forecast_onshore_wind_generation,Wind Onshore,2026-06-20T23:37:13Z
2026-06-20T23:36:01Z,2026-06-21T01:36:01+0200,a960294c-15ac-429a-a83c-19bebfd529f7,2026-05-23T06:30:00Z,2026-05-23T08:30:00+0200,2975.4095,MW,DE,DE_LU,forecast_onshore_wind_generation,Wind Onshore,2026-06-20T23:37:13Z
2026-06-20T23:36:01Z,2026-06-21T01:36:01+0200,a960294c-15ac-429a-a83c-19bebfd529f7,2026-05-23T06:45:00Z,2026-05-23T08:45:00+0200,2335.15537,MW,DE,DE_LU,forecast_onshore_wind_generation,Wind Onshore,2026-06-20T23:37:13Z
2026-06-20T23:36:01Z,2026-06-21T01:36:01+0200,a960294c-15ac-429a-a83c-19bebfd529f7,2026-05-23T07:00:00Z,2026-05-23T09:00:00+0200,1874.29578,MW,DE,DE_LU,forecast_onshore_wind_generation,Wind Onshore,2026-06-20T23:37:13Z
2026-06-20T23:36:01Z,2026-06-21T01:36:01+0200,a960294c-15ac-429a-a83c-19bebfd529f7,2026-05-23T07:15:00Z,2026-05-23T09:15:00+0200,1671.36125,MW,DE,DE_LU,forecast_onshore_wind_generation,Wind Onshore,2026-06-20T23:37:13Z
2026-06-20T23:36:01Z,2026-06-21T01:36:01+0200,a960294c-15ac-429a-a83c-19bebfd529f7,2026-05-23T07:30:00Z,2026-05-23T09:30:00+0200,1528.2078,MW,DE,DE_LU,forecast_onshore_wind_generation,Wind Onshore,2026-06-20T23:37:13Z
2026-06-20T23:36:01Z,2026-06-21T01:36:01+0200,a960294c-15ac-429a-a83c-19bebfd529f7,2026-05-23T07:45:00Z,2026-05-23T09:45:00+0200,1353.4533,MW,DE,DE_LU,forecast_onshore_wind_generation,Wind Onshore,2026-06-20T23:37:13Z
2026-06-20T23:36:01Z,2026-06-21T01:36:01+0200,a960294c-15ac-429a-a83c-19bebfd529f7,2026-05-23T08:00:00Z,2026-05-23T10:00:00+0200,1204.69879,MW,DE,DE_LU,forecast_onshore_wind_generation,Wind Onshore,2026-06-20T23:37:13Z
2026-06-20T23:36:01Z,2026-06-21T01:36:01+0200,a960294c-15ac-429a-a83c-19bebfd529f7,2026-05-23T08:15:00Z,2026-05-23T10:15:00+0200,1106.6121,MW,DE,DE_LU,forecast_onshore_wind_generation,Wind Onshore,2026-06-20T23:37:13Z
2026-06-20T23:36:01Z,2026-06-21T01:36:01+0200,a960294c-15ac-429a-a83c-19bebfd529f7,2026-05-23T08:30:00Z,2026-05-23T10:30:00+0200,1047.89068,MW,DE,DE_LU,forecast_onshore_wind_generation,Wind Onshore,2026-06-20T23:37:13Z
2026-06-20T23:36:01Z,2026-06-21T01:36:01+0200,a960294c-15ac-429a-a83c-19bebfd529f7,2026-05-23T08:45:00Z,2026-05-23T10:45:00+0200,1009.80271,MW,DE,DE_LU,forecast_onshore_wind_generation,Wind Onshore,2026-06-20T23:37:13Z
2026-06-20T23:36:01Z,2026-06-21T01:36:01+0200,a960294c-15ac-429a-a83c-19bebfd529f7,2026-05-23T09:00:00Z,2026-05-23T11:00:00+0200,985.87724,MW,DE,DE_LU,forecast_onshore_wind_generation,Wind Onshore,2026-06-20T23:37:13Z
2026-06-20T23:36:01Z,2026-06-21T01:36:01+0200,a960294c-15ac-429a-a83c-19bebfd529f7,2026-05-23T09:15:00Z,2026-05-23T11:15:00+0200,987.7554,MW,DE,DE_LU,forecast_onshore_wind_generation,Wind Onshore,2026-06-20T23:37:13Z
2026-06-20T23:36:01Z,2026-06-21T01:36:01+0200,a960294c-15ac-429a-a83c-19bebfd529f7,2026-05-23T09:30:00Z,2026-05-23T11:30:00+0200,996.32546,MW,DE,DE_LU,forecast_onshore_wind_generation,Wind Onshore,2026-06-20T23:37:13Z
2026-06-20T23:36:01Z,2026-06-21T01:36:01+0200,a960294c-15ac-429a-a83c-19bebfd529f7,2026-05-23T09:45:00Z,2026-05-23T11:45:00+0200,1007.71507,MW,DE,DE_LU,forecast_onshore_wind_generation,Wind Onshore,2026-06-20T23:37:13Z
2026-06-20T23:36:01Z,2026-06-21T01:36:01+0200,a960294c-15ac-429a-a83c-19bebfd529f7,2026-05-23T10:00:00Z,2026-05-23T12:00:00+0200,1015.53119,MW,DE,DE_LU,forecast_onshore_wind_generation,Wind Onshore,2026-06-20T23:37:13Z
2026-06-20T23:36:01Z,2026-06-21T01:36:01+0200,a960294c-15ac-429a-a83c-19bebfd529f7,2026-05-23T10:15:00Z,2026-05-23T12:15:00+0200,1023.1133,MW,DE,DE_LU,forecast_onshore_wind_generation,Wind Onshore,2026-06-20T23:37:13Z
2026-06-20T23:36:01Z,2026-06-21T01:36:01+0200,a960294c-15ac-429a-a83c-19bebfd529f7,2026-05-23T10:30:00Z,2026-05-23T12:30:00+0200,1042.87946,MW,DE,DE_LU,forecast_onshore_wind_generation,Wind Onshore,2026-06-20T23:37:13Z
2026-06-20T23:36:01Z,2026-06-21T01:36:01+0200,a960294c-15ac-429a-a83c-19bebfd529f7,2026-05-23T10:45:00Z,2026-05-23T12:45:00+0200,1061.94162,MW,DE,DE_LU,forecast_onshore_wind_generation,Wind Onshore,2026-06-20T23:37:13Z
2026-06-20T23:36:01Z,2026-06-21T01:36:01+0200,a960294c-15ac-429a-a83c-19bebfd529f7,2026-05-23T11:00:00Z,2026-05-23T13:00:00+0200,1072.32787,MW,DE,DE_LU,forecast_onshore_wind_generation,Wind Onshore,2026-06-20T23:37:13Z
2026-06-20T23:36:01Z,2026-06-21T01:36:01+0200,a960294c-15ac-429a-a83c-19bebfd529f7,2026-05-23T11:15:00Z,2026-05-23T13:15:00+0200,1059.58681,MW,DE,DE_LU,forecast_onshore_wind_generation,Wind Onshore,2026-06-20T23:37:13Z
2026-06-20T23:36:01Z,2026-06-21T01:36:01+0200,a960294c-15ac-429a-a83c-19bebfd529f7,2026-05-23T11:30:00Z,2026-05-23T13:30:00+0200,1052.62437,MW,DE,DE_LU,forecast_onshore_wind_generation,Wind Onshore,2026-06-20T23:37:13Z
2026-06-20T23:36:01Z,2026-06-21T01:36:01+0200,a960294c-15ac-429a-a83c-19bebfd529f7,2026-05-23T11:45:00Z,2026-05-23T13:45:00+0200,1046.31602,MW,DE,DE_LU,forecast_onshore_wind_generation,Wind Onshore,2026-06-20T23:37:13Z
2026-06-20T23:36:01Z,2026-06-21T01:36:01+0200,a960294c-15ac-429a-a83c-19bebfd529f7,2026-05-23T12:00:00Z,2026-05-23T14:00:00+0200,1063.74864,MW,DE,DE_LU,forecast_onshore_wind_generation,Wind Onshore,2026-06-20T23:37:13Z
2026-06-20T23:36:01Z,2026-06-21T01:36:01+0200,a960294c-15ac-429a-a83c-19bebfd529f7,2026-05-23T12:15:00Z,2026-05-23T14:15:00+0200,1077.90373,MW,DE,DE_LU,forecast_onshore_wind_generation,Wind Onshore,2026-06-20T23:37:13Z
2026-06-20T23:36:01Z,2026-06-21T01:36:01+0200,a960294c-15ac-429a-a83c-19bebfd529f7,2026-05-23T12:30:00Z,2026-05-23T14:30:00+0200,1099.97785,MW,DE,DE_LU,forecast_onshore_wind_generation,Wind Onshore,2026-06-20T23:37:13Z
2026-06-20T23:36:01Z,2026-06-21T01:36:01+0200,a960294c-15ac-429a-a83c-19bebfd529f7,2026-05-23T12:45:00Z,2026-05-23T14:45:00+0200,1093.25448,MW,DE,DE_LU,forecast_onshore_wind_generation,Wind Onshore,2026-06-20T23:37:13Z
2026-06-20T23:36:01Z,2026-06-21T01:36:01+0200,a960294c-15ac-429a-a83c-19bebfd529f7,2026-05-23T13:00:00Z,2026-05-23T15:00:00+0200,1105.22054,MW,DE,DE_LU,forecast_onshore_wind_generation,Wind Onshore,2026-06-20T23:37:13Z
2026-06-20T23:36:01Z,2026-06-21T01:36:01+0200,a960294c-15ac-429a-a83c-19bebfd529f7,2026-05-23T13:15:00Z,2026-05-23T15:15:00+0200,1123.13319,MW,DE,DE_LU,forecast_onshore_wind_generation,Wind Onshore,2026-06-20T23:37:13Z
2026-06-20T23:36:01Z,2026-06-21T01:36:01+0200,a960294c-15ac-429a-a83c-19bebfd529f7,2026-05-23T13:30:00Z,2026-05-23T15:30:00+0200,1150.85604,MW,DE,DE_LU,forecast_onshore_wind_generation,Wind Onshore,2026-06-20T23:37:13Z
2026-06-20T23:36:01Z,2026-06-21T01:36:01+0200,a960294c-15ac-429a-a83c-19bebfd529f7,2026-05-23T13:45:00Z,2026-05-23T15:45:00+0200,1167.20166,MW,DE,DE_LU,forecast_onshore_wind_generation,Wind Onshore,2026-06-20T23:37:13Z
2026-06-20T23:36:01Z,2026-06-21T01:36:01+0200,a960294c-15ac-429a-a83c-19bebfd529f7,2026-05-23T14:00:00Z,2026-05-23T16:00:00+0200,1211.14154,MW,DE,DE_LU,forecast_onshore_wind_generation,Wind Onshore,2026-06-20T23:37:13Z
2026-06-20T23:36:01Z,2026-06-21T01:36:01+0200,a960294c-15ac-429a-a83c-19bebfd529f7,2026-05-23T14:15:00Z,2026-05-23T16:15:00+0200,1282.78938,MW,DE,DE_LU,forecast_onshore_wind_generation,Wind Onshore,2026-06-20T23:37:13Z
2026-06-20T23:36:01Z,2026-06-21T01:36:01+0200,a960294c-15ac-429a-a83c-19bebfd529f7,2026-05-23T14:30:00Z,2026-05-23T16:30:00+0200,1412.32076,MW,DE,DE_LU,forecast_onshore_wind_generation,Wind Onshore,2026-06-20T23:37:13Z
2026-06-20T23:36:01Z,2026-06-21T01:36:01+0200,a960294c-15ac-429a-a83c-19bebfd529f7,2026-05-23T14:45:00Z,2026-05-23T16:45:00+0200,1538.19908,MW,DE,DE_LU,forecast_onshore_wind_generation,Wind Onshore,2026-06-20T23:37:13Z
2026-06-20T23:36:01Z,2026-06-21T01:36:01+0200,a960294c-15ac-429a-a83c-19bebfd529f7,2026-05-23T15:00:00Z,2026-05-23T17:00:00+0200,1663.67714,MW,DE,DE_LU,forecast_onshore_wind_generation,Wind Onshore,2026-06-20T23:37:13Z
2026-06-20T23:36:01Z,2026-06-21T01:36:01+0200,a960294c-15ac-429a-a83c-19bebfd529f7,2026-05-23T15:15:00Z,2026-05-23T17:15:00+0200,1796.91478,MW,DE,DE_LU,forecast_onshore_wind_generation,Wind Onshore,2026-06-20T23:37:13Z
2026-06-20T23:36:01Z,2026-06-21T01:36:01+0200,a960294c-15ac-429a-a83c-19bebfd529f7,2026-05-23T15:30:00Z,2026-05-23T17:30:00+0200,1899.01624,MW,DE,DE_LU,forecast_onshore_wind_generation,Wind Onshore,2026-06-20T23:37:13Z
2026-06-20T23:36:01Z,2026-06-21T01:36:01+0200,a960294c-15ac-429a-a83c-19bebfd529f7,2026-05-23T15:45:00Z,2026-05-23T17:45:00+0200,2030.27212,MW,DE,DE_LU,forecast_onshore_wind_generation,Wind Onshore,2026-06-20T23:37:13Z
2026-06-20T23:36:01Z,2026-06-21T01:36:01+0200,a960294c-15ac-429a-a83c-19bebfd529f7,2026-05-23T16:00:00Z,2026-05-23T18:00:00+0200,2075.98521,MW,DE,DE_LU,forecast_onshore_wind_generation,Wind Onshore,2026-06-20T23:37:13Z
2026-06-20T23:36:01Z,2026-06-21T01:36:01+0200,a960294c-15ac-429a-a83c-19bebfd529f7,2026-05-23T16:15:00Z,2026-05-23T18:15:00+0200,2116.61852,MW,DE,DE_LU,forecast_onshore_wind_generation,Wind Onshore,2026-06-20T23:37:13Z
2026-06-20T23:36:01Z,2026-06-21T01:36:01+0200,a960294c-15ac-429a-a83c-19bebfd529f7,2026-05-23T16:30:00Z,2026-05-23T18:30:00+0200,2110.10079,MW,DE,DE_LU,forecast_onshore_wind_generation,Wind Onshore,2026-06-20T23:37:13Z
2026-06-20T23:36:01Z,2026-06-21T01:36:01+0200,a960294c-15ac-429a-a83c-19bebfd529f7,2026-05-23T16:45:00Z,2026-05-23T18:45:00+0200,2094.4114,MW,DE,DE_LU,forecast_onshore_wind_generation,Wind Onshore,2026-06-20T23:37:13Z
2026-06-20T23:36:01Z,2026-06-21T01:36:01+0200,a960294c-15ac-429a-a83c-19bebfd529f7,2026-05-23T17:00:00Z,2026-05-23T19:00:00+0200,2077.14756,MW,DE,DE_LU,forecast_onshore_wind_generation,Wind Onshore,2026-06-20T23:37:13Z
2026-06-20T23:36:01Z,2026-06-21T01:36:01+0200,a960294c-15ac-429a-a83c-19bebfd529f7,2026-05-23T17:15:00Z,2026-05-23T19:15:00+0200,2143.17208,MW,DE,DE_LU,forecast_onshore_wind_generation,Wind Onshore,2026-06-20T23:37:13Z
2026-06-20T23:36:01Z,2026-06-21T01:36:01+0200,a960294c-15ac-429a-a83c-19bebfd529f7,2026-05-23T17:30:00Z,2026-05-23T19:30:00+0200,2213.74306,MW,DE,DE_LU,forecast_onshore_wind_generation,Wind Onshore,2026-06-20T23:37:13Z
2026-06-20T23:36:01Z,2026-06-21T01:36:01+0200,a960294c-15ac-429a-a83c-19bebfd529f7,2026-05-23T17:45:00Z,2026-05-23T19:45:00+0200,2282.45808,MW,DE,DE_LU,forecast_onshore_wind_generation,Wind Onshore,2026-06-20T23:37:13Z
2026-06-20T23:36:01Z,2026-06-21T01:36:01+0200,a960294c-15ac-429a-a83c-19bebfd529f7,2026-05-23T18:00:00Z,2026-05-23T20:00:00+0200,2352.39874,MW,DE,DE_LU,forecast_onshore_wind_generation,Wind Onshore,2026-06-20T23:37:13Z
2026-06-20T23:36:01Z,2026-06-21T01:36:01+0200,a960294c-15ac-429a-a83c-19bebfd529f7,2026-05-23T18:15:00Z,2026-05-23T20:15:00+0200,2479.32208,MW,DE,DE_LU,forecast_onshore_wind_generation,Wind Onshore,2026-06-20T23:37:13Z
2026-06-20T23:36:01Z,2026-06-21T01:36:01+0200,a960294c-15ac-429a-a83c-19bebfd529f7,2026-05-23T18:30:00Z,2026-05-23T20:30:00+0200,2588.79902,MW,DE,DE_LU,forecast_onshore_wind_generation,Wind Onshore,2026-06-20T23:37:13Z
2026-06-20T23:36:01Z,2026-06-21T01:36:01+0200,a960294c-15ac-429a-a83c-19bebfd529f7,2026-05-23T18:45:00Z,2026-05-23T20:45:00+0200,2658.55185,MW,DE,DE_LU,forecast_onshore_wind_generation,Wind Onshore,2026-06-20T23:37:13Z
2026-06-20T23:36:01Z,2026-06-21T01:36:01+0200,a960294c-15ac-429a-a83c-19bebfd529f7,2026-05-23T19:00:00Z,2026-05-23T21:00:00+0200,2709.73858,MW,DE,DE_LU,forecast_onshore_wind_generation,Wind Onshore,2026-06-20T23:37:13Z
2026-06-20T23:36:01Z,2026-06-21T01:36:01+0200,a960294c-15ac-429a-a83c-19bebfd529f7,2026-05-23T19:15:00Z,2026-05-23T21:15:00+0200,2852.08237,MW,DE,DE_LU,forecast_onshore_wind_generation,Wind Onshore,2026-06-20T23:37:13Z
2026-06-20T23:36:01Z,2026-06-21T01:36:01+0200,a960294c-15ac-429a-a83c-19bebfd529f7,2026-05-23T19:30:00Z,2026-05-23T21:30:00+0200,3032.6026,MW,DE,DE_LU,forecast_onshore_wind_generation,Wind Onshore,2026-06-20T23:37:13Z
2026-06-20T23:36:01Z,2026-06-21T01:36:01+0200,a960294c-15ac-429a-a83c-19bebfd529f7,2026-05-23T19:45:00Z,2026-05-23T21:45:00+0200,3230.1899,MW,DE,DE_LU,forecast_onshore_wind_generation,Wind Onshore,2026-06-20T23:37:13Z
2026-06-20T23:36:01Z,2026-06-21T01:36:01+0200,a960294c-15ac-429a-a83c-19bebfd529f7,2026-05-23T20:00:00Z,2026-05-23T22:00:00+0200,3418.03611,MW,DE,DE_LU,forecast_onshore_wind_generation,Wind Onshore,2026-06-20T23:37:13Z
2026-06-20T23:36:01Z,2026-06-21T01:36:01+0200,a960294c-15ac-429a-a83c-19bebfd529f7,2026-05-23T20:15:00Z,2026-05-23T22:15:00+0200,3554.91131,MW,DE,DE_LU,forecast_onshore_wind_generation,Wind Onshore,2026-06-20T23:37:13Z
2026-06-20T23:36:01Z,2026-06-21T01:36:01+0200,a960294c-15ac-429a-a83c-19bebfd529f7,2026-05-23T20:30:00Z,2026-05-23T22:30:00+0200,3689.27021,MW,DE,DE_LU,forecast_onshore_wind_generation,Wind Onshore,2026-06-20T23:37:13Z
2026-06-20T23:36:01Z,2026-06-21T01:36:01+0200,a960294c-15ac-429a-a83c-19bebfd529f7,2026-05-23T20:45:00Z,2026-05-23T22:45:00+0200,3823.41393,MW,DE,DE_LU,forecast_onshore_wind_generation,Wind Onshore,2026-06-20T23:37:13Z
2026-06-20T23:36:01Z,2026-06-21T01:36:01+0200,a960294c-15ac-429a-a83c-19bebfd529f7,2026-05-23T21:00:00Z,2026-05-23T23:00:00+0200,3942.45111,MW,DE,DE_LU,forecast_onshore_wind_generation,Wind Onshore,2026-06-20T23:37:13Z
2026-06-20T23:36:01Z,2026-06-21T01:36:01+0200,a960294c-15ac-429a-a83c-19bebfd529f7,2026-05-23T21:15:00Z,2026-05-23T23:15:00+0200,3990.26483,MW,DE,DE_LU,forecast_onshore_wind_generation,Wind Onshore,2026-06-20T23:37:13Z
2026-06-20T23:36:01Z,2026-06-21T01:36:01+0200,a960294c-15ac-429a-a83c-19bebfd529f7,2026-05-23T21:30:00Z,2026-05-23T23:30:00+0200,4039.27911,MW,DE,DE_LU,forecast_onshore_wind_generation,Wind Onshore,2026-06-20T23:37:13Z
2026-06-20T23:36:01Z,2026-06-21T01:36:01+0200,a960294c-15ac-429a-a83c-19bebfd529f7,2026-05-23T21:45:00Z,2026-05-23T23:45:00+0200,4088.45203,MW,DE,DE_LU,forecast_onshore_wind_generation,Wind Onshore,2026-06-20T23:37:13Z
2026-06-20T23:36:01Z,2026-06-21T01:36:01+0200,a960294c-15ac-429a-a83c-19bebfd529f7,2026-05-23T22:00:00Z,2026-05-24T00:00:00+0200,2906.1854,MW,DE,DE_LU,forecast_onshore_wind_generation,Wind Onshore,2026-06-20T23:37:13Z
2026-06-20T23:36:01Z,2026-06-21T01:36:01+0200,a960294c-15ac-429a-a83c-19bebfd529f7,2026-05-23T22:15:00Z,2026-05-24T00:15:00+0200,2991.50631,MW,DE,DE_LU,forecast_onshore_wind_generation,Wind Onshore,2026-06-20T23:37:13Z
2026-06-20T23:36:01Z,2026-06-21T01:36:01+0200,a960294c-15ac-429a-a83c-19bebfd529f7,2026-05-23T22:30:00Z,2026-05-24T00:30:00+0200,3080.28343,MW,DE,DE_LU,forecast_onshore_wind_generation,Wind Onshore,2026-06-20T23:37:13Z
2026-06-20T23:36:01Z,2026-06-21T01:36:01+0200,a960294c-15ac-429a-a83c-19bebfd529f7,2026-05-23T22:45:00Z,2026-05-24T00:45:00+0200,3169.36735,MW,DE,DE_LU,forecast_onshore_wind_generation,Wind Onshore,2026-06-20T23:37:13Z
2026-06-20T23:36:01Z,2026-06-21T01:36:01+0200,a960294c-15ac-429a-a83c-19bebfd529f7,2026-05-23T23:00:00Z,2026-05-24T01:00:00+0200,3263.94682,MW,DE,DE_LU,forecast_onshore_wind_generation,Wind Onshore,2026-06-20T23:37:13Z
2026-06-20T23:36:01Z,2026-06-21T01:36:01+0200,a960294c-15ac-429a-a83c-19bebfd529f7,2026-05-23T23:15:00Z,2026-05-24T01:15:00+0200,3346.75928,MW,DE,DE_LU,forecast_onshore_wind_generation,Wind Onshore,2026-06-20T23:37:13Z
2026-06-20T23:36:01Z,2026-06-21T01:36:01+0200,a960294c-15ac-429a-a83c-19bebfd529f7,2026-05-23T23:30:00Z,2026-05-24T01:30:00+0200,3438.98897,MW,DE,DE_LU,forecast_onshore_wind_generation,Wind Onshore,2026-06-20T23:37:13Z
2026-06-20T23:36:01Z,2026-06-21T01:36:01+0200,a960294c-15ac-429a-a83c-19bebfd529f7,2026-05-23T23:45:00Z,2026-05-24T01:45:00+0200,3550.07548,MW,DE,DE_LU,forecast_onshore_wind_generation,Wind Onshore,2026-06-20T23:37:13Z
2026-06-20T23:36:01Z,2026-06-21T01:36:01+0200,a960294c-15ac-429a-a83c-19bebfd529f7,2026-05-24T00:00:00Z,2026-05-24T02:00:00+0200,3695.95554,MW,DE,DE_LU,forecast_onshore_wind_generation,Wind Onshore,2026-06-20T23:37:13Z
2026-06-20T23:36:01Z,2026-06-21T01:36:01+0200,a960294c-15ac-429a-a83c-19bebfd529f7,2026-05-24T00:15:00Z,2026-05-24T02:15:00+0200,3836.98409,MW,DE,DE_LU,forecast_onshore_wind_generation,Wind Onshore,2026-06-20T23:37:13Z
2026-06-20T23:36:01Z,2026-06-21T01:36:01+0200,a960294c-15ac-429a-a83c-19bebfd529f7,2026-05-24T00:30:00Z,2026-05-24T02:30:00+0200,3965.12347,MW,DE,DE_LU,forecast_onshore_wind_generation,Wind Onshore,2026-06-20T23:37:13Z
2026-06-20T23:36:01Z,2026-06-21T01:36:01+0200,a960294c-15ac-429a-a83c-19bebfd529f7,2026-05-24T00:45:00Z,2026-05-24T02:45:00+0200,4090.1369,MW,DE,DE_LU,forecast_onshore_wind_generation,Wind Onshore,2026-06-20T23:37:13Z
2026-06-20T23:36:01Z,2026-06-21T01:36:01+0200,a960294c-15ac-429a-a83c-19bebfd529f7,2026-05-24T01:00:00Z,2026-05-24T03:00:00+0200,4214.1109,MW,DE,DE_LU,forecast_onshore_wind_generation,Wind Onshore,2026-06-20T23:37:13Z
2026-06-20T23:36:01Z,2026-06-21T01:36:01+0200,a960294c-15ac-429a-a83c-19bebfd529f7,2026-05-24T01:15:00Z,2026-05-24T03:15:00+0200,4277.92125,MW,DE,DE_LU,forecast_onshore_wind_generation,Wind Onshore,2026-06-20T23:37:13Z
2026-06-20T23:36:01Z,2026-06-21T01:36:01+0200,a960294c-15ac-429a-a83c-19bebfd529f7,2026-05-24T01:30:00Z,2026-05-24T03:30:00+0200,4343.84979,MW,DE,DE_LU,forecast_onshore_wind_generation,Wind Onshore,2026-06-20T23:37:13Z
2026-06-20T23:36:01Z,2026-06-21T01:36:01+0200,a960294c-15ac-429a-a83c-19bebfd529f7,2026-05-24T01:45:00Z,2026-05-24T03:45:00+0200,4407.46369,MW,DE,DE_LU,forecast_onshore_wind_generation,Wind Onshore,2026-06-20T23:37:13Z
2026-06-20T23:36:01Z,2026-06-21T01:36:01+0200,a960294c-15ac-429a-a83c-19bebfd529f7,2026-05-24T02:00:00Z,2026-05-24T04:00:00+0200,4457.42842,MW,DE,DE_LU,forecast_onshore_wind_generation,Wind Onshore,2026-06-20T23:37:13Z
2026-06-20T23:36:01Z,2026-06-21T01:36:01+0200,a960294c-15ac-429a-a83c-19bebfd529f7,2026-05-24T02:15:00Z,2026-05-24T04:15:00+0200,4472.50889,MW,DE,DE_LU,forecast_onshore_wind_generation,Wind Onshore,2026-06-20T23:37:13Z
2026-06-20T23:36:01Z,2026-06-21T01:36:01+0200,a960294c-15ac-429a-a83c-19bebfd529f7,2026-05-24T02:30:00Z,2026-05-24T04:30:00+0200,4485.46037,MW,DE,DE_LU,forecast_onshore_wind_generation,Wind Onshore,2026-06-20T23:37:13Z
2026-06-20T23:36:01Z,2026-06-21T01:36:01+0200,a960294c-15ac-429a-a83c-19bebfd529f7,2026-05-24T02:45:00Z,2026-05-24T04:45:00+0200,4500.47673,MW,DE,DE_LU,forecast_onshore_wind_generation,Wind Onshore,2026-06-20T23:37:13Z
2026-06-20T23:36:01Z,2026-06-21T01:36:01+0200,a960294c-15ac-429a-a83c-19bebfd529f7,2026-05-24T03:00:00Z,2026-05-24T05:00:00+0200,4502.93848,MW,DE,DE_LU,forecast_onshore_wind_generation,Wind Onshore,2026-06-20T23:37:13Z
2026-06-20T23:36:01Z,2026-06-21T01:36:01+0200,a960294c-15ac-429a-a83c-19bebfd529f7,2026-05-24T03:15:00Z,2026-05-24T05:15:00+0200,4444.4244,MW,DE,DE_LU,forecast_onshore_wind_generation,Wind Onshore,2026-06-20T23:37:13Z
2026-06-20T23:36:01Z,2026-06-21T01:36:01+0200,a960294c-15ac-429a-a83c-19bebfd529f7,2026-05-24T03:30:00Z,2026-05-24T05:30:00+0200,4383.78094,MW,DE,DE_LU,forecast_onshore_wind_generation,Wind Onshore,2026-06-20T23:37:13Z
2026-06-20T23:36:01Z,2026-06-21T01:36:01+0200,a960294c-15ac-429a-a83c-19bebfd529f7,2026-05-24T03:45:00Z,2026-05-24T05:45:00+0200,4322.12027,MW,DE,DE_LU,forecast_onshore_wind_generation,Wind Onshore,2026-06-20T23:37:13Z
2026-06-20T23:36:01Z,2026-06-21T01:36:01+0200,a960294c-15ac-429a-a83c-19bebfd529f7,2026-05-24T04:00:00Z,2026-05-24T06:00:00+0200,4261.1238,MW,DE,DE_LU,forecast_onshore_wind_generation,Wind Onshore,2026-06-20T23:37:13Z
2026-06-20T23:36:01Z,2026-06-21T01:36:01+0200,a960294c-15ac-429a-a83c-19bebfd529f7,2026-05-24T04:15:00Z,2026-05-24T06:15:00+0200,4059.70803,MW,DE,DE_LU,forecast_onshore_wind_generation,Wind Onshore,2026-06-20T23:37:13Z
2026-06-20T23:36:01Z,2026-06-21T01:36:01+0200,a960294c-15ac-429a-a83c-19bebfd529f7,2026-05-24T04:30:00Z,2026-05-24T06:30:00+0200,3861.27423,MW,DE,DE_LU,forecast_onshore_wind_generation,Wind Onshore,2026-06-20T23:37:13Z
2026-06-20T23:36:01Z,2026-06-21T01:36:01+0200,a960294c-15ac-429a-a83c-19bebfd529f7,2026-05-24T04:45:00Z,2026-05-24T06:45:00+0200,3662.54383,MW,DE,DE_LU,forecast_onshore_wind_generation,Wind Onshore,2026-06-20T23:37:13Z
2026-06-20T23:36:01Z,2026-06-21T01:36:01+0200,a960294c-15ac-429a-a83c-19bebfd529f7,2026-05-24T05:00:00Z,2026-05-24T07:00:00+0200,3465.62748,MW,DE,DE_LU,forecast_onshore_wind_generation,Wind Onshore,2026-06-20T23:37:13Z
2026-06-20T23:36:01Z,2026-06-21T01:36:01+0200,a960294c-15ac-429a-a83c-19bebfd529f7,2026-05-24T05:15:00Z,2026-05-24T07:15:00+0200,3159.52338,MW,DE,DE_LU,forecast_onshore_wind_generation,Wind Onshore,2026-06-20T23:37:13Z
2026-06-20T23:36:01Z,2026-06-21T01:36:01+0200,a960294c-15ac-429a-a83c-19bebfd529f7,2026-05-24T05:30:00Z,2026-05-24T07:30:00+0200,2858.25997,MW,DE,DE_LU,forecast_onshore_wind_generation,Wind Onshore,2026-06-20T23:37:13Z
2026-06-20T23:36:01Z,2026-06-21T01:36:01+0200,a960294c-15ac-429a-a83c-19bebfd529f7,2026-05-24T05:45:00Z,2026-05-24T07:45:00+0200,2553.78851,MW,DE,DE_LU,forecast_onshore_wind_generation,Wind Onshore,2026-06-20T23:37:13Z
2026-06-20T23:36:01Z,2026-06-21T01:36:01+0200,a960294c-15ac-429a-a83c-19bebfd529f7,2026-05-24T06:00:00Z,2026-05-24T08:00:00+0200,2333.08362,MW,DE,DE_LU,forecast_onshore_wind_generation,Wind Onshore,2026-06-20T23:37:13Z
2026-06-20T23:36:01Z,2026-06-21T01:36:01+0200,a960294c-15ac-429a-a83c-19bebfd529f7,2026-05-24T06:15:00Z,2026-05-24T08:15:00+0200,2205.84257,MW,DE,DE_LU,forecast_onshore_wind_generation,Wind Onshore,2026-06-20T23:37:13Z
2026-06-20T23:36:01Z,2026-06-21T01:36:01+0200,a960294c-15ac-429a-a83c-19bebfd529f7,2026-05-24T06:30:00Z,2026-05-24T08:30:00+0200,2074.41569,MW,DE,DE_LU,forecast_onshore_wind_generation,Wind Onshore,2026-06-20T23:37:13Z
2026-06-20T23:36:01Z,2026-06-21T01:36:01+0200,a960294c-15ac-429a-a83c-19bebfd529f7,2026-05-24T06:45:00Z,2026-05-24T08:45:00+0200,1891.64454,MW,DE,DE_LU,forecast_onshore_wind_generation,Wind Onshore,2026-06-20T23:37:13Z
2026-06-20T23:36:01Z,2026-06-21T01:36:01+0200,a960294c-15ac-429a-a83c-19bebfd529f7,2026-05-24T07:00:00Z,2026-05-24T09:00:00+0200,1799.32327,MW,DE,DE_LU,forecast_onshore_wind_generation,Wind Onshore,2026-06-20T23:37:13Z
2026-06-20T23:36:01Z,2026-06-21T01:36:01+0200,a960294c-15ac-429a-a83c-19bebfd529f7,2026-05-24T07:15:00Z,2026-05-24T09:15:00+0200,1791.17327,MW,DE,DE_LU,forecast_onshore_wind_generation,Wind Onshore,2026-06-20T23:37:13Z
2026-06-20T23:36:01Z,2026-06-21T01:36:01+0200,a960294c-15ac-429a-a83c-19bebfd529f7,2026-05-24T07:30:00Z,2026-05-24T09:30:00+0200,1776.82552,MW,DE,DE_LU,forecast_onshore_wind_generation,Wind Onshore,2026-06-20T23:37:13Z
2026-06-20T23:36:01Z,2026-06-21T01:36:01+0200,a960294c-15ac-429a-a83c-19bebfd529f7,2026-05-24T07:45:00Z,2026-05-24T09:45:00+0200,1764.22454,MW,DE,DE_LU,forecast_onshore_wind_generation,Wind Onshore,2026-06-20T23:37:13Z
2026-06-20T23:36:01Z,2026-06-21T01:36:01+0200,a960294c-15ac-429a-a83c-19bebfd529f7,2026-05-24T08:00:00Z,2026-05-24T10:00:00+0200,1759.32956,MW,DE,DE_LU,forecast_onshore_wind_generation,Wind Onshore,2026-06-20T23:37:13Z
2026-06-20T23:36:01Z,2026-06-21T01:36:01+0200,a960294c-15ac-429a-a83c-19bebfd529f7,2026-05-24T08:15:00Z,2026-05-24T10:15:00+0200,1821.48589,MW,DE,DE_LU,forecast_onshore_wind_generation,Wind Onshore,2026-06-20T23:37:13Z
2026-06-20T23:36:01Z,2026-06-21T01:36:01+0200,a960294c-15ac-429a-a83c-19bebfd529f7,2026-05-24T08:30:00Z,2026-05-24T10:30:00+0200,1871.5157,MW,DE,DE_LU,forecast_onshore_wind_generation,Wind Onshore,2026-06-20T23:37:13Z
2026-06-20T23:36:01Z,2026-06-21T01:36:01+0200,a960294c-15ac-429a-a83c-19bebfd529f7,2026-05-24T08:45:00Z,2026-05-24T10:45:00+0200,1925.79106,MW,DE,DE_LU,forecast_onshore_wind_generation,Wind Onshore,2026-06-20T23:37:13Z
2026-06-20T23:36:01Z,2026-06-21T01:36:01+0200,a960294c-15ac-429a-a83c-19bebfd529f7,2026-05-24T09:00:00Z,2026-05-24T11:00:00+0200,1978.57062,MW,DE,DE_LU,forecast_onshore_wind_generation,Wind Onshore,2026-06-20T23:37:13Z
2026-06-20T23:36:01Z,2026-06-21T01:36:01+0200,a960294c-15ac-429a-a83c-19bebfd529f7,2026-05-24T09:15:00Z,2026-05-24T11:15:00+0200,2080.57141,MW,DE,DE_LU,forecast_onshore_wind_generation,Wind Onshore,2026-06-20T23:37:13Z
2026-06-20T23:36:01Z,2026-06-21T01:36:01+0200,a960294c-15ac-429a-a83c-19bebfd529f7,2026-05-24T09:30:00Z,2026-05-24T11:30:00+0200,2178.06815,MW,DE,DE_LU,forecast_onshore_wind_generation,Wind Onshore,2026-06-20T23:37:13Z
2026-06-20T23:36:01Z,2026-06-21T01:36:01+0200,a960294c-15ac-429a-a83c-19bebfd529f7,2026-05-24T09:45:00Z,2026-05-24T11:45:00+0200,2288.43445,MW,DE,DE_LU,forecast_onshore_wind_generation,Wind Onshore,2026-06-20T23:37:13Z
2026-06-20T23:36:01Z,2026-06-21T01:36:01+0200,a960294c-15ac-429a-a83c-19bebfd529f7,2026-05-24T10:00:00Z,2026-05-24T12:00:00+0200,2403.4475,MW,DE,DE_LU,forecast_onshore_wind_generation,Wind Onshore,2026-06-20T23:37:13Z
2026-06-20T23:36:01Z,2026-06-21T01:36:01+0200,a960294c-15ac-429a-a83c-19bebfd529f7,2026-05-24T10:15:00Z,2026-05-24T12:15:00+0200,2527.83717,MW,DE,DE_LU,forecast_onshore_wind_generation,Wind Onshore,2026-06-20T23:37:13Z
2026-06-20T23:36:01Z,2026-06-21T01:36:01+0200,a960294c-15ac-429a-a83c-19bebfd529f7,2026-05-24T10:30:00Z,2026-05-24T12:30:00+0200,2645.77197,MW,DE,DE_LU,forecast_onshore_wind_generation,Wind Onshore,2026-06-20T23:37:13Z
2026-06-20T23:36:01Z,2026-06-21T01:36:01+0200,a960294c-15ac-429a-a83c-19bebfd529f7,2026-05-24T10:45:00Z,2026-05-24T12:45:00+0200,2779.06074,MW,DE,DE_LU,forecast_onshore_wind_generation,Wind Onshore,2026-06-20T23:37:13Z
2026-06-20T23:36:01Z,2026-06-21T01:36:01+0200,a960294c-15ac-429a-a83c-19bebfd529f7,2026-05-24T11:00:00Z,2026-05-24T13:00:00+0200,2969.97594,MW,DE,DE_LU,forecast_onshore_wind_generation,Wind Onshore,2026-06-20T23:37:13Z
2026-06-20T23:36:01Z,2026-06-21T01:36:01+0200,a960294c-15ac-429a-a83c-19bebfd529f7,2026-05-24T11:15:00Z,2026-05-24T13:15:00+0200,3155.39618,MW,DE,DE_LU,forecast_onshore_wind_generation,Wind Onshore,2026-06-20T23:37:13Z
2026-06-20T23:36:01Z,2026-06-21T01:36:01+0200,a960294c-15ac-429a-a83c-19bebfd529f7,2026-05-24T11:30:00Z,2026-05-24T13:30:00+0200,3295.13433,MW,DE,DE_LU,forecast_onshore_wind_generation,Wind Onshore,2026-06-20T23:37:13Z
2026-06-20T23:36:01Z,2026-06-21T01:36:01+0200,a960294c-15ac-429a-a83c-19bebfd529f7,2026-05-24T11:45:00Z,2026-05-24T13:45:00+0200,3539.44082,MW,DE,DE_LU,forecast_onshore_wind_generation,Wind Onshore,2026-06-20T23:37:13Z
2026-06-20T23:36:01Z,2026-06-21T01:36:01+0200,a960294c-15ac-429a-a83c-19bebfd529f7,2026-05-24T12:00:00Z,2026-05-24T14:00:00+0200,3819.59884,MW,DE,DE_LU,forecast_onshore_wind_generation,Wind Onshore,2026-06-20T23:37:13Z
2026-06-20T23:36:01Z,2026-06-21T01:36:01+0200,a960294c-15ac-429a-a83c-19bebfd529f7,2026-05-24T12:15:00Z,2026-05-24T14:15:00+0200,4036.94328,MW,DE,DE_LU,forecast_onshore_wind_generation,Wind Onshore,2026-06-20T23:37:13Z
2026-06-20T23:36:01Z,2026-06-21T01:36:01+0200,a960294c-15ac-429a-a83c-19bebfd529f7,2026-05-24T12:30:00Z,2026-05-24T14:30:00+0200,4295.27664,MW,DE,DE_LU,forecast_onshore_wind_generation,Wind Onshore,2026-06-20T23:37:13Z
2026-06-20T23:36:01Z,2026-06-21T01:36:01+0200,a960294c-15ac-429a-a83c-19bebfd529f7,2026-05-24T12:45:00Z,2026-05-24T14:45:00+0200,4509.55209,MW,DE,DE_LU,forecast_onshore_wind_generation,Wind Onshore,2026-06-20T23:37:13Z
2026-06-20T23:36:01Z,2026-06-21T01:36:01+0200,a960294c-15ac-429a-a83c-19bebfd529f7,2026-05-24T13:00:00Z,2026-05-24T15:00:00+0200,4776.96037,MW,DE,DE_LU,forecast_onshore_wind_generation,Wind Onshore,2026-06-20T23:37:13Z
2026-06-20T23:36:01Z,2026-06-21T01:36:01+0200,a960294c-15ac-429a-a83c-19bebfd529f7,2026-05-24T13:15:00Z,2026-05-24T15:15:00+0200,5060.1964,MW,DE,DE_LU,forecast_onshore_wind_generation,Wind Onshore,2026-06-20T23:37:13Z
2026-06-20T23:36:01Z,2026-06-21T01:36:01+0200,a960294c-15ac-429a-a83c-19bebfd529f7,2026-05-24T13:30:00Z,2026-05-24T15:30:00+0200,5299.35374,MW,DE,DE_LU,forecast_onshore_wind_generation,Wind Onshore,2026-06-20T23:37:13Z
2026-06-20T23:36:01Z,2026-06-21T01:36:01+0200,a960294c-15ac-429a-a83c-19bebfd529f7,2026-05-24T13:45:00Z,2026-05-24T15:45:00+0200,5454.27333,MW,DE,DE_LU,forecast_onshore_wind_generation,Wind Onshore,2026-06-20T23:37:13Z
2026-06-20T23:36:01Z,2026-06-21T01:36:01+0200,a960294c-15ac-429a-a83c-19bebfd529f7,2026-05-24T14:00:00Z,2026-05-24T16:00:00+0200,5776.26458,MW,DE,DE_LU,forecast_onshore_wind_generation,Wind Onshore,2026-06-20T23:37:13Z
2026-06-20T23:36:01Z,2026-06-21T01:36:01+0200,a960294c-15ac-429a-a83c-19bebfd529f7,2026-05-24T14:15:00Z,2026-05-24T16:15:00+0200,6165.40273,MW,DE,DE_LU,forecast_onshore_wind_generation,Wind Onshore,2026-06-20T23:37:13Z
2026-06-20T23:36:01Z,2026-06-21T01:36:01+0200,a960294c-15ac-429a-a83c-19bebfd529f7,2026-05-24T14:30:00Z,2026-05-24T16:30:00+0200,6364.329,MW,DE,DE_LU,forecast_onshore_wind_generation,Wind Onshore,2026-06-20T23:37:13Z
2026-06-20T23:36:01Z,2026-06-21T01:36:01+0200,a960294c-15ac-429a-a83c-19bebfd529f7,2026-05-24T14:45:00Z,2026-05-24T16:45:00+0200,6578.5489,MW,DE,DE_LU,forecast_onshore_wind_generation,Wind Onshore,2026-06-20T23:37:13Z
2026-06-20T23:36:01Z,2026-06-21T01:36:01+0200,a960294c-15ac-429a-a83c-19bebfd529f7,2026-05-24T15:00:00Z,2026-05-24T17:00:00+0200,6674.71497,MW,DE,DE_LU,forecast_onshore_wind_generation,Wind Onshore,2026-06-20T23:37:13Z
2026-06-20T23:36:01Z,2026-06-21T01:36:01+0200,a960294c-15ac-429a-a83c-19bebfd529f7,2026-05-24T15:15:00Z,2026-05-24T17:15:00+0200,6666.27065,MW,DE,DE_LU,forecast_onshore_wind_generation,Wind Onshore,2026-06-20T23:37:13Z
2026-06-20T23:36:01Z,2026-06-21T01:36:01+0200,a960294c-15ac-429a-a83c-19bebfd529f7,2026-05-24T15:30:00Z,2026-05-24T17:30:00+0200,6628.20317,MW,DE,DE_LU,forecast_onshore_wind_generation,Wind Onshore,2026-06-20T23:37:13Z
2026-06-20T23:36:01Z,2026-06-21T01:36:01+0200,a960294c-15ac-429a-a83c-19bebfd529f7,2026-05-24T15:45:00Z,2026-05-24T17:45:00+0200,6581.84327,MW,DE,DE_LU,forecast_onshore_wind_generation,Wind Onshore,2026-06-20T23:37:13Z
2026-06-20T23:36:01Z,2026-06-21T01:36:01+0200,a960294c-15ac-429a-a83c-19bebfd529f7,2026-05-24T16:00:00Z,2026-05-24T18:00:00+0200,6509.66594,MW,DE,DE_LU,forecast_onshore_wind_generation,Wind Onshore,2026-06-20T23:37:13Z
2026-06-20T23:36:01Z,2026-06-21T01:36:01+0200,a960294c-15ac-429a-a83c-19bebfd529f7,2026-05-24T16:15:00Z,2026-05-24T18:15:00+0200,6456.30533,MW,DE,DE_LU,forecast_onshore_wind_generation,Wind Onshore,2026-06-20T23:37:13Z
2026-06-20T23:36:01Z,2026-06-21T01:36:01+0200,a960294c-15ac-429a-a83c-19bebfd529f7,2026-05-24T16:30:00Z,2026-05-24T18:30:00+0200,6368.93684,MW,DE,DE_LU,forecast_onshore_wind_generation,Wind Onshore,2026-06-20T23:37:13Z
2026-06-20T23:36:01Z,2026-06-21T01:36:01+0200,a960294c-15ac-429a-a83c-19bebfd529f7,2026-05-24T16:45:00Z,2026-05-24T18:45:00+0200,6279.00262,MW,DE,DE_LU,forecast_onshore_wind_generation,Wind Onshore,2026-06-20T23:37:13Z
2026-06-20T23:36:01Z,2026-06-21T01:36:01+0200,a960294c-15ac-429a-a83c-19bebfd529f7,2026-05-24T17:00:00Z,2026-05-24T19:00:00+0200,6196.82507,MW,DE,DE_LU,forecast_onshore_wind_generation,Wind Onshore,2026-06-20T23:37:13Z
2026-06-20T23:36:01Z,2026-06-21T01:36:01+0200,a960294c-15ac-429a-a83c-19bebfd529f7,2026-05-24T17:15:00Z,2026-05-24T19:15:00+0200,6174.5082,MW,DE,DE_LU,forecast_onshore_wind_generation,Wind Onshore,2026-06-20T23:37:13Z
2026-06-20T23:36:01Z,2026-06-21T01:36:01+0200,a960294c-15ac-429a-a83c-19bebfd529f7,2026-05-24T17:30:00Z,2026-05-24T19:30:00+0200,6154.05942,MW,DE,DE_LU,forecast_onshore_wind_generation,Wind Onshore,2026-06-20T23:37:13Z
2026-06-20T23:36:01Z,2026-06-21T01:36:01+0200,a960294c-15ac-429a-a83c-19bebfd529f7,2026-05-24T17:45:00Z,2026-05-24T19:45:00+0200,6131.10989,MW,DE,DE_LU,forecast_onshore_wind_generation,Wind Onshore,2026-06-20T23:37:13Z
2026-06-20T23:36:01Z,2026-06-21T01:36:01+0200,a960294c-15ac-429a-a83c-19bebfd529f7,2026-05-24T18:00:00Z,2026-05-24T20:00:00+0200,6123.44312,MW,DE,DE_LU,forecast_onshore_wind_generation,Wind Onshore,2026-06-20T23:37:13Z
2026-06-20T23:36:01Z,2026-06-21T01:36:01+0200,a960294c-15ac-429a-a83c-19bebfd529f7,2026-05-24T18:15:00Z,2026-05-24T20:15:00+0200,6316.16736,MW,DE,DE_LU,forecast_onshore_wind_generation,Wind Onshore,2026-06-20T23:37:13Z
2026-06-20T23:36:01Z,2026-06-21T01:36:01+0200,a960294c-15ac-429a-a83c-19bebfd529f7,2026-05-24T18:30:00Z,2026-05-24T20:30:00+0200,6513.12092,MW,DE,DE_LU,forecast_onshore_wind_generation,Wind Onshore,2026-06-20T23:37:13Z
2026-06-20T23:36:01Z,2026-06-21T01:36:01+0200,a960294c-15ac-429a-a83c-19bebfd529f7,2026-05-24T18:45:00Z,2026-05-24T20:45:00+0200,6716.85003,MW,DE,DE_LU,forecast_onshore_wind_generation,Wind Onshore,2026-06-20T23:37:13Z
2026-06-20T23:36:01Z,2026-06-21T01:36:01+0200,a960294c-15ac-429a-a83c-19bebfd529f7,2026-05-24T19:00:00Z,2026-05-24T21:00:00+0200,6916.26254,MW,DE,DE_LU,forecast_onshore_wind_generation,Wind Onshore,2026-06-20T23:37:13Z
2026-06-20T23:36:01Z,2026-06-21T01:36:01+0200,a960294c-15ac-429a-a83c-19bebfd529f7,2026-05-24T19:15:00Z,2026-05-24T21:15:00+0200,7115.02312,MW,DE,DE_LU,forecast_onshore_wind_generation,Wind Onshore,2026-06-20T23:37:13Z
2026-06-20T23:36:01Z,2026-06-21T01:36:01+0200,a960294c-15ac-429a-a83c-19bebfd529f7,2026-05-24T19:30:00Z,2026-05-24T21:30:00+0200,7315.3595,MW,DE,DE_LU,forecast_onshore_wind_generation,Wind Onshore,2026-06-20T23:37:13Z
2026-06-20T23:36:01Z,2026-06-21T01:36:01+0200,a960294c-15ac-429a-a83c-19bebfd529f7,2026-05-24T19:45:00Z,2026-05-24T21:45:00+0200,7518.04688,MW,DE,DE_LU,forecast_onshore_wind_generation,Wind Onshore,2026-06-20T23:37:13Z
2026-06-20T23:36:01Z,2026-06-21T01:36:01+0200,a960294c-15ac-429a-a83c-19bebfd529f7,2026-05-24T20:00:00Z,2026-05-24T22:00:00+0200,7656.67252,MW,DE,DE_LU,forecast_onshore_wind_generation,Wind Onshore,2026-06-20T23:37:13Z
2026-06-20T23:36:01Z,2026-06-21T01:36:01+0200,a960294c-15ac-429a-a83c-19bebfd529f7,2026-05-24T20:15:00Z,2026-05-24T22:15:00+0200,7635.69276,MW,DE,DE_LU,forecast_onshore_wind_generation,Wind Onshore,2026-06-20T23:37:13Z
2026-06-20T23:36:01Z,2026-06-21T01:36:01+0200,a960294c-15ac-429a-a83c-19bebfd529f7,2026-05-24T20:30:00Z,2026-05-24T22:30:00+0200,7611.07234,MW,DE,DE_LU,forecast_onshore_wind_generation,Wind Onshore,2026-06-20T23:37:13Z
2026-06-20T23:36:01Z,2026-06-21T01:36:01+0200,a960294c-15ac-429a-a83c-19bebfd529f7,2026-05-24T20:45:00Z,2026-05-24T22:45:00+0200,7584.9093,MW,DE,DE_LU,forecast_onshore_wind_generation,Wind Onshore,2026-06-20T23:37:13Z
2026-06-20T23:36:01Z,2026-06-21T01:36:01+0200,a960294c-15ac-429a-a83c-19bebfd529f7,2026-05-24T21:00:00Z,2026-05-24T23:00:00+0200,7540.26145,MW,DE,DE_LU,forecast_onshore_wind_generation,Wind Onshore,2026-06-20T23:37:13Z
2026-06-20T23:36:01Z,2026-06-21T01:36:01+0200,a960294c-15ac-429a-a83c-19bebfd529f7,2026-05-24T21:15:00Z,2026-05-24T23:15:00+0200,7354.95328,MW,DE,DE_LU,forecast_onshore_wind_generation,Wind Onshore,2026-06-20T23:37:13Z
2026-06-20T23:36:01Z,2026-06-21T01:36:01+0200,a960294c-15ac-429a-a83c-19bebfd529f7,2026-05-24T21:30:00Z,2026-05-24T23:30:00+0200,7166.99893,MW,DE,DE_LU,forecast_onshore_wind_generation,Wind Onshore,2026-06-20T23:37:13Z
2026-06-20T23:36:01Z,2026-06-21T01:36:01+0200,a960294c-15ac-429a-a83c-19bebfd529f7,2026-05-24T21:45:00Z,2026-05-24T23:45:00+0200,6973.02466,MW,DE,DE_LU,forecast_onshore_wind_generation,Wind Onshore,2026-06-20T23:37:13Z
2026-06-20T23:36:01Z,2026-06-21T01:36:01+0200,a960294c-15ac-429a-a83c-19bebfd529f7,2026-05-24T22:00:00Z,2026-05-25T00:00:00+0200,6830.16461,MW,DE,DE_LU,forecast_onshore_wind_generation,Wind Onshore,2026-06-20T23:37:13Z
2026-06-20T23:36:01Z,2026-06-21T01:36:01+0200,a960294c-15ac-429a-a83c-19bebfd529f7,2026-05-24T22:15:00Z,2026-05-25T00:15:00+0200,6556.6506,MW,DE,DE_LU,forecast_onshore_wind_generation,Wind Onshore,2026-06-20T23:37:13Z
2026-06-20T23:36:01Z,2026-06-21T01:36:01+0200,a960294c-15ac-429a-a83c-19bebfd529f7,2026-05-24T22:30:00Z,2026-05-25T00:30:00+0200,6282.94215,MW,DE,DE_LU,forecast_onshore_wind_generation,Wind Onshore,2026-06-20T23:37:13Z
2026-06-20T23:36:01Z,2026-06-21T01:36:01+0200,a960294c-15ac-429a-a83c-19bebfd529f7,2026-05-24T22:45:00Z,2026-05-25T00:45:00+0200,5993.34014,MW,DE,DE_LU,forecast_onshore_wind_generation,Wind Onshore,2026-06-20T23:37:13Z
2026-06-20T23:36:01Z,2026-06-21T01:36:01+0200,a960294c-15ac-429a-a83c-19bebfd529f7,2026-05-24T23:00:00Z,2026-05-25T01:00:00+0200,5715.66395,MW,DE,DE_LU,forecast_onshore_wind_generation,Wind Onshore,2026-06-20T23:37:13Z
2026-06-20T23:36:01Z,2026-06-21T01:36:01+0200,a960294c-15ac-429a-a83c-19bebfd529f7,2026-05-24T23:15:00Z,2026-05-25T01:15:00+0200,5472.89727,MW,DE,DE_LU,forecast_onshore_wind_generation,Wind Onshore,2026-06-20T23:37:13Z
2026-06-20T23:36:01Z,2026-06-21T01:36:01+0200,a960294c-15ac-429a-a83c-19bebfd529f7,2026-05-24T23:30:00Z,2026-05-25T01:30:00+0200,5230.12404,MW,DE,DE_LU,forecast_onshore_wind_generation,Wind Onshore,2026-06-20T23:37:13Z
2026-06-20T23:36:01Z,2026-06-21T01:36:01+0200,a960294c-15ac-429a-a83c-19bebfd529f7,2026-05-24T23:45:00Z,2026-05-25T01:45:00+0200,4996.90681,MW,DE,DE_LU,forecast_onshore_wind_generation,Wind Onshore,2026-06-20T23:37:13Z
2026-06-20T23:36:01Z,2026-06-21T01:36:01+0200,a960294c-15ac-429a-a83c-19bebfd529f7,2026-05-25T00:00:00Z,2026-05-25T02:00:00+0200,4793.12401,MW,DE,DE_LU,forecast_onshore_wind_generation,Wind Onshore,2026-06-20T23:37:13Z
2026-06-20T23:36:01Z,2026-06-21T01:36:01+0200,a960294c-15ac-429a-a83c-19bebfd529f7,2026-05-25T00:15:00Z,2026-05-25T02:15:00+0200,4601.10197,MW,DE,DE_LU,forecast_onshore_wind_generation,Wind Onshore,2026-06-20T23:37:13Z
2026-06-20T23:36:01Z,2026-06-21T01:36:01+0200,a960294c-15ac-429a-a83c-19bebfd529f7,2026-05-25T00:30:00Z,2026-05-25T02:30:00+0200,4404.07895,MW,DE,DE_LU,forecast_onshore_wind_generation,Wind Onshore,2026-06-20T23:37:13Z
2026-06-20T23:36:01Z,2026-06-21T01:36:01+0200,a960294c-15ac-429a-a83c-19bebfd529f7,2026-05-25T00:45:00Z,2026-05-25T02:45:00+0200,4197.11186,MW,DE,DE_LU,forecast_onshore_wind_generation,Wind Onshore,2026-06-20T23:37:13Z
2026-06-20T23:36:01Z,2026-06-21T01:36:01+0200,a960294c-15ac-429a-a83c-19bebfd529f7,2026-05-25T01:00:00Z,2026-05-25T03:00:00+0200,3998.58996,MW,DE,DE_LU,forecast_onshore_wind_generation,Wind Onshore,2026-06-20T23:37:13Z
2026-06-20T23:36:01Z,2026-06-21T01:36:01+0200,a960294c-15ac-429a-a83c-19bebfd529f7,2026-05-25T01:15:00Z,2026-05-25T03:15:00+0200,3830.8821,MW,DE,DE_LU,forecast_onshore_wind_generation,Wind Onshore,2026-06-20T23:37:13Z
2026-06-20T23:36:01Z,2026-06-21T01:36:01+0200,a960294c-15ac-429a-a83c-19bebfd529f7,2026-05-25T01:30:00Z,2026-05-25T03:30:00+0200,3663.53067,MW,DE,DE_LU,forecast_onshore_wind_generation,Wind Onshore,2026-06-20T23:37:13Z
2026-06-20T23:36:01Z,2026-06-21T01:36:01+0200,a960294c-15ac-429a-a83c-19bebfd529f7,2026-05-25T01:45:00Z,2026-05-25T03:45:00+0200,3496.87731,MW,DE,DE_LU,forecast_onshore_wind_generation,Wind Onshore,2026-06-20T23:37:13Z
2026-06-20T23:36:01Z,2026-06-21T01:36:01+0200,a960294c-15ac-429a-a83c-19bebfd529f7,2026-05-25T02:00:00Z,2026-05-25T04:00:00+0200,3333.72168,MW,DE,DE_LU,forecast_onshore_wind_generation,Wind Onshore,2026-06-20T23:37:13Z
2026-06-20T23:36:01Z,2026-06-21T01:36:01+0200,a960294c-15ac-429a-a83c-19bebfd529f7,2026-05-25T02:15:00Z,2026-05-25T04:15:00+0200,3206.29553,MW,DE,DE_LU,forecast_onshore_wind_generation,Wind Onshore,2026-06-20T23:37:13Z
2026-06-20T23:36:01Z,2026-06-21T01:36:01+0200,a960294c-15ac-429a-a83c-19bebfd529f7,2026-05-25T02:30:00Z,2026-05-25T04:30:00+0200,3079.50122,MW,DE,DE_LU,forecast_onshore_wind_generation,Wind Onshore,2026-06-20T23:37:13Z
2026-06-20T23:36:01Z,2026-06-21T01:36:01+0200,a960294c-15ac-429a-a83c-19bebfd529f7,2026-05-25T02:45:00Z,2026-05-25T04:45:00+0200,2959.68316,MW,DE,DE_LU,forecast_onshore_wind_generation,Wind Onshore,2026-06-20T23:37:13Z
2026-06-20T23:36:01Z,2026-06-21T01:36:01+0200,a960294c-15ac-429a-a83c-19bebfd529f7,2026-05-25T03:00:00Z,2026-05-25T05:00:00+0200,2844.47272,MW,DE,DE_LU,forecast_onshore_wind_generation,Wind Onshore,2026-06-20T23:37:13Z
2026-06-20T23:36:01Z,2026-06-21T01:36:01+0200,a960294c-15ac-429a-a83c-19bebfd529f7,2026-05-25T03:15:00Z,2026-05-25T05:15:00+0200,2748.66259,MW,DE,DE_LU,forecast_onshore_wind_generation,Wind Onshore,2026-06-20T23:37:13Z
2026-06-20T23:36:01Z,2026-06-21T01:36:01+0200,a960294c-15ac-429a-a83c-19bebfd529f7,2026-05-25T03:30:00Z,2026-05-25T05:30:00+0200,2657.76742,MW,DE,DE_LU,forecast_onshore_wind_generation,Wind Onshore,2026-06-20T23:37:13Z
2026-06-20T23:36:01Z,2026-06-21T01:36:01+0200,a960294c-15ac-429a-a83c-19bebfd529f7,2026-05-25T03:45:00Z,2026-05-25T05:45:00+0200,2564.08653,MW,DE,DE_LU,forecast_onshore_wind_generation,Wind Onshore,2026-06-20T23:37:13Z
2026-06-20T23:36:01Z,2026-06-21T01:36:01+0200,a960294c-15ac-429a-a83c-19bebfd529f7,2026-05-25T04:00:00Z,2026-05-25T06:00:00+0200,2478.53353,MW,DE,DE_LU,forecast_onshore_wind_generation,Wind Onshore,2026-06-20T23:37:13Z
2026-06-20T23:36:01Z,2026-06-21T01:36:01+0200,a960294c-15ac-429a-a83c-19bebfd529f7,2026-05-25T04:15:00Z,2026-05-25T06:15:00+0200,2353.95024,MW,DE,DE_LU,forecast_onshore_wind_generation,Wind Onshore,2026-06-20T23:37:13Z
2026-06-20T23:36:01Z,2026-06-21T01:36:01+0200,a960294c-15ac-429a-a83c-19bebfd529f7,2026-05-25T04:30:00Z,2026-05-25T06:30:00+0200,2232.24024,MW,DE,DE_LU,forecast_onshore_wind_generation,Wind Onshore,2026-06-20T23:37:13Z
2026-06-20T23:36:01Z,2026-06-21T01:36:01+0200,a960294c-15ac-429a-a83c-19bebfd529f7,2026-05-25T04:45:00Z,2026-05-25T06:45:00+0200,2107.02822,MW,DE,DE_LU,forecast_onshore_wind_generation,Wind Onshore,2026-06-20T23:37:13Z
2026-06-20T23:36:01Z,2026-06-21T01:36:01+0200,a960294c-15ac-429a-a83c-19bebfd529f7,2026-05-25T05:00:00Z,2026-05-25T07:00:00+0200,1975.09783,MW,DE,DE_LU,forecast_onshore_wind_generation,Wind Onshore,2026-06-20T23:37:13Z
2026-06-20T23:36:01Z,2026-06-21T01:36:01+0200,a960294c-15ac-429a-a83c-19bebfd529f7,2026-05-25T05:15:00Z,2026-05-25T07:15:00+0200,1773.09456,MW,DE,DE_LU,forecast_onshore_wind_generation,Wind Onshore,2026-06-20T23:37:13Z
2026-06-20T23:36:01Z,2026-06-21T01:36:01+0200,a960294c-15ac-429a-a83c-19bebfd529f7,2026-05-25T05:30:00Z,2026-05-25T07:30:00+0200,1560.09188,MW,DE,DE_LU,forecast_onshore_wind_generation,Wind Onshore,2026-06-20T23:37:13Z
2026-06-20T23:36:01Z,2026-06-21T01:36:01+0200,a960294c-15ac-429a-a83c-19bebfd529f7,2026-05-25T05:45:00Z,2026-05-25T07:45:00+0200,1347.23437,MW,DE,DE_LU,forecast_onshore_wind_generation,Wind Onshore,2026-06-20T23:37:13Z
2026-06-20T23:36:01Z,2026-06-21T01:36:01+0200,a960294c-15ac-429a-a83c-19bebfd529f7,2026-05-25T06:00:00Z,2026-05-25T08:00:00+0200,1161.91711,MW,DE,DE_LU,forecast_onshore_wind_generation,Wind Onshore,2026-06-20T23:37:13Z
2026-06-20T23:36:01Z,2026-06-21T01:36:01+0200,a960294c-15ac-429a-a83c-19bebfd529f7,2026-05-25T06:15:00Z,2026-05-25T08:15:00+0200,1024.79645,MW,DE,DE_LU,forecast_onshore_wind_generation,Wind Onshore,2026-06-20T23:37:13Z
2026-06-20T23:36:01Z,2026-06-21T01:36:01+0200,a960294c-15ac-429a-a83c-19bebfd529f7,2026-05-25T06:30:00Z,2026-05-25T08:30:00+0200,889.40965,MW,DE,DE_LU,forecast_onshore_wind_generation,Wind Onshore,2026-06-20T23:37:13Z
2026-06-20T23:36:01Z,2026-06-21T01:36:01+0200,a960294c-15ac-429a-a83c-19bebfd529f7,2026-05-25T06:45:00Z,2026-05-25T08:45:00+0200,749.54181,MW,DE,DE_LU,forecast_onshore_wind_generation,Wind Onshore,2026-06-20T23:37:13Z
2026-06-20T23:36:01Z,2026-06-21T01:36:01+0200,a960294c-15ac-429a-a83c-19bebfd529f7,2026-05-25T07:00:00Z,2026-05-25T09:00:00+0200,611.62421,MW,DE,DE_LU,forecast_onshore_wind_generation,Wind Onshore,2026-06-20T23:37:13Z
2026-06-20T23:36:01Z,2026-06-21T01:36:01+0200,a960294c-15ac-429a-a83c-19bebfd529f7,2026-05-25T07:15:00Z,2026-05-25T09:15:00+0200,622.50822,MW,DE,DE_LU,forecast_onshore_wind_generation,Wind Onshore,2026-06-20T23:37:13Z
2026-06-20T23:36:01Z,2026-06-21T01:36:01+0200,a960294c-15ac-429a-a83c-19bebfd529f7,2026-05-25T07:30:00Z,2026-05-25T09:30:00+0200,628.63414,MW,DE,DE_LU,forecast_onshore_wind_generation,Wind Onshore,2026-06-20T23:37:13Z
2026-06-20T23:36:01Z,2026-06-21T01:36:01+0200,a960294c-15ac-429a-a83c-19bebfd529f7,2026-05-25T07:45:00Z,2026-05-25T09:45:00+0200,620.52665,MW,DE,DE_LU,forecast_onshore_wind_generation,Wind Onshore,2026-06-20T23:37:13Z
2026-06-20T23:36:01Z,2026-06-21T01:36:01+0200,a960294c-15ac-429a-a83c-19bebfd529f7,2026-05-25T08:00:00Z,2026-05-25T10:00:00+0200,634.55744,MW,DE,DE_LU,forecast_onshore_wind_generation,Wind Onshore,2026-06-20T23:37:13Z
2026-06-20T23:36:01Z,2026-06-21T01:36:01+0200,a960294c-15ac-429a-a83c-19bebfd529f7,2026-05-25T08:15:00Z,2026-05-25T10:15:00+0200,689.1536,MW,DE,DE_LU,forecast_onshore_wind_generation,Wind Onshore,2026-06-20T23:37:13Z
2026-06-20T23:36:01Z,2026-06-21T01:36:01+0200,a960294c-15ac-429a-a83c-19bebfd529f7,2026-05-25T08:30:00Z,2026-05-25T10:30:00+0200,716.67576,MW,DE,DE_LU,forecast_onshore_wind_generation,Wind Onshore,2026-06-20T23:37:13Z
2026-06-20T23:36:01Z,2026-06-21T01:36:01+0200,a960294c-15ac-429a-a83c-19bebfd529f7,2026-05-25T08:45:00Z,2026-05-25T10:45:00+0200,748.0405,MW,DE,DE_LU,forecast_onshore_wind_generation,Wind Onshore,2026-06-20T23:37:13Z
2026-06-20T23:36:01Z,2026-06-21T01:36:01+0200,a960294c-15ac-429a-a83c-19bebfd529f7,2026-05-25T09:00:00Z,2026-05-25T11:00:00+0200,784.97481,MW,DE,DE_LU,forecast_onshore_wind_generation,Wind Onshore,2026-06-20T23:37:13Z
2026-06-20T23:36:01Z,2026-06-21T01:36:01+0200,a960294c-15ac-429a-a83c-19bebfd529f7,2026-05-25T09:15:00Z,2026-05-25T11:15:00+0200,818.06214,MW,DE,DE_LU,forecast_onshore_wind_generation,Wind Onshore,2026-06-20T23:37:13Z
2026-06-20T23:36:01Z,2026-06-21T01:36:01+0200,a960294c-15ac-429a-a83c-19bebfd529f7,2026-05-25T09:30:00Z,2026-05-25T11:30:00+0200,840.6245,MW,DE,DE_LU,forecast_onshore_wind_generation,Wind Onshore,2026-06-20T23:37:13Z
2026-06-20T23:36:01Z,2026-06-21T01:36:01+0200,a960294c-15ac-429a-a83c-19bebfd529f7,2026-05-25T09:45:00Z,2026-05-25T11:45:00+0200,855.76199,MW,DE,DE_LU,forecast_onshore_wind_generation,Wind Onshore,2026-06-20T23:37:13Z
2026-06-20T23:36:01Z,2026-06-21T01:36:01+0200,a960294c-15ac-429a-a83c-19bebfd529f7,2026-05-25T10:00:00Z,2026-05-25T12:00:00+0200,880.32467,MW,DE,DE_LU,forecast_onshore_wind_generation,Wind Onshore,2026-06-20T23:37:13Z
2026-06-20T23:36:01Z,2026-06-21T01:36:01+0200,a960294c-15ac-429a-a83c-19bebfd529f7,2026-05-25T10:15:00Z,2026-05-25T12:15:00+0200,897.3563,MW,DE,DE_LU,forecast_onshore_wind_generation,Wind Onshore,2026-06-20T23:37:13Z
2026-06-20T23:36:01Z,2026-06-21T01:36:01+0200,a960294c-15ac-429a-a83c-19bebfd529f7,2026-05-25T10:30:00Z,2026-05-25T12:30:00+0200,924.14425,MW,DE,DE_LU,forecast_onshore_wind_generation,Wind Onshore,2026-06-20T23:37:13Z
2026-06-20T23:36:01Z,2026-06-21T01:36:01+0200,a960294c-15ac-429a-a83c-19bebfd529f7,2026-05-25T10:45:00Z,2026-05-25T12:45:00+0200,933.73075,MW,DE,DE_LU,forecast_onshore_wind_generation,Wind Onshore,2026-06-20T23:37:13Z
2026-06-20T23:36:01Z,2026-06-21T01:36:01+0200,a960294c-15ac-429a-a83c-19bebfd529f7,2026-05-25T11:00:00Z,2026-05-25T13:00:00+0200,957.49307,MW,DE,DE_LU,forecast_onshore_wind_generation,Wind Onshore,2026-06-20T23:37:13Z
2026-06-20T23:36:01Z,2026-06-21T01:36:01+0200,a960294c-15ac-429a-a83c-19bebfd529f7,2026-05-25T11:15:00Z,2026-05-25T13:15:00+0200,980.50869,MW,DE,DE_LU,forecast_onshore_wind_generation,Wind Onshore,2026-06-20T23:37:13Z
2026-06-20T23:36:01Z,2026-06-21T01:36:01+0200,a960294c-15ac-429a-a83c-19bebfd529f7,2026-05-25T11:30:00Z,2026-05-25T13:30:00+0200,1026.85558,MW,DE,DE_LU,forecast_onshore_wind_generation,Wind Onshore,2026-06-20T23:37:13Z
2026-06-20T23:36:01Z,2026-06-21T01:36:01+0200,a960294c-15ac-429a-a83c-19bebfd529f7,2026-05-25T11:45:00Z,2026-05-25T13:45:00+0200,1071.87902,MW,DE,DE_LU,forecast_onshore_wind_generation,Wind Onshore,2026-06-20T23:37:13Z
2026-06-20T23:36:01Z,2026-06-21T01:36:01+0200,a960294c-15ac-429a-a83c-19bebfd529f7,2026-05-25T12:00:00Z,2026-05-25T14:00:00+0200,1120.18598,MW,DE,DE_LU,forecast_onshore_wind_generation,Wind Onshore,2026-06-20T23:37:13Z
2026-06-20T23:36:01Z,2026-06-21T01:36:01+0200,a960294c-15ac-429a-a83c-19bebfd529f7,2026-05-25T12:15:00Z,2026-05-25T14:15:00+0200,1176.8731,MW,DE,DE_LU,forecast_onshore_wind_generation,Wind Onshore,2026-06-20T23:37:13Z
2026-06-20T23:36:01Z,2026-06-21T01:36:01+0200,a960294c-15ac-429a-a83c-19bebfd529f7,2026-05-25T12:30:00Z,2026-05-25T14:30:00+0200,1258.40399,MW,DE,DE_LU,forecast_onshore_wind_generation,Wind Onshore,2026-06-20T23:37:13Z
2026-06-20T23:36:01Z,2026-06-21T01:36:01+0200,a960294c-15ac-429a-a83c-19bebfd529f7,2026-05-25T12:45:00Z,2026-05-25T14:45:00+0200,1361.89445,MW,DE,DE_LU,forecast_onshore_wind_generation,Wind Onshore,2026-06-20T23:37:13Z
2026-06-20T23:36:01Z,2026-06-21T01:36:01+0200,a960294c-15ac-429a-a83c-19bebfd529f7,2026-05-25T13:00:00Z,2026-05-25T15:00:00+0200,1492.14281,MW,DE,DE_LU,forecast_onshore_wind_generation,Wind Onshore,2026-06-20T23:37:13Z
2026-06-20T23:36:01Z,2026-06-21T01:36:01+0200,a960294c-15ac-429a-a83c-19bebfd529f7,2026-05-25T13:15:00Z,2026-05-25T15:15:00+0200,1608.80648,MW,DE,DE_LU,forecast_onshore_wind_generation,Wind Onshore,2026-06-20T23:37:13Z
2026-06-20T23:36:01Z,2026-06-21T01:36:01+0200,a960294c-15ac-429a-a83c-19bebfd529f7,2026-05-25T13:30:00Z,2026-05-25T15:30:00+0200,1748.02402,MW,DE,DE_LU,forecast_onshore_wind_generation,Wind Onshore,2026-06-20T23:37:13Z
2026-06-20T23:36:01Z,2026-06-21T01:36:01+0200,a960294c-15ac-429a-a83c-19bebfd529f7,2026-05-25T13:45:00Z,2026-05-25T15:45:00+0200,1861.70649,MW,DE,DE_LU,forecast_onshore_wind_generation,Wind Onshore,2026-06-20T23:37:13Z
2026-06-20T23:36:01Z,2026-06-21T01:36:01+0200,a960294c-15ac-429a-a83c-19bebfd529f7,2026-05-25T14:00:00Z,2026-05-25T16:00:00+0200,1982.27009,MW,DE,DE_LU,forecast_onshore_wind_generation,Wind Onshore,2026-06-20T23:37:13Z
2026-06-20T23:36:01Z,2026-06-21T01:36:01+0200,a960294c-15ac-429a-a83c-19bebfd529f7,2026-05-25T14:15:00Z,2026-05-25T16:15:00+0200,2163.81975,MW,DE,DE_LU,forecast_onshore_wind_generation,Wind Onshore,2026-06-20T23:37:13Z
2026-06-20T23:36:01Z,2026-06-21T01:36:01+0200,a960294c-15ac-429a-a83c-19bebfd529f7,2026-05-25T14:30:00Z,2026-05-25T16:30:00+0200,2337.35086,MW,DE,DE_LU,forecast_onshore_wind_generation,Wind Onshore,2026-06-20T23:37:13Z
2026-06-20T23:36:01Z,2026-06-21T01:36:01+0200,a960294c-15ac-429a-a83c-19bebfd529f7,2026-05-25T14:45:00Z,2026-05-25T16:45:00+0200,2481.47482,MW,DE,DE_LU,forecast_onshore_wind_generation,Wind Onshore,2026-06-20T23:37:13Z
2026-06-20T23:36:01Z,2026-06-21T01:36:01+0200,a960294c-15ac-429a-a83c-19bebfd529f7,2026-05-25T15:00:00Z,2026-05-25T17:00:00+0200,2603.73097,MW,DE,DE_LU,forecast_onshore_wind_generation,Wind Onshore,2026-06-20T23:37:13Z
2026-06-20T23:36:01Z,2026-06-21T01:36:01+0200,a960294c-15ac-429a-a83c-19bebfd529f7,2026-05-25T15:15:00Z,2026-05-25T17:15:00+0200,2688.44812,MW,DE,DE_LU,forecast_onshore_wind_generation,Wind Onshore,2026-06-20T23:37:13Z
2026-06-20T23:36:01Z,2026-06-21T01:36:01+0200,a960294c-15ac-429a-a83c-19bebfd529f7,2026-05-25T15:30:00Z,2026-05-25T17:30:00+0200,2749.0982,MW,DE,DE_LU,forecast_onshore_wind_generation,Wind Onshore,2026-06-20T23:37:13Z
2026-06-20T23:36:01Z,2026-06-21T01:36:01+0200,a960294c-15ac-429a-a83c-19bebfd529f7,2026-05-25T15:45:00Z,2026-05-25T17:45:00+0200,2814.71669,MW,DE,DE_LU,forecast_onshore_wind_generation,Wind Onshore,2026-06-20T23:37:13Z
2026-06-20T23:36:01Z,2026-06-21T01:36:01+0200,a960294c-15ac-429a-a83c-19bebfd529f7,2026-05-25T16:00:00Z,2026-05-25T18:00:00+0200,2869.54766,MW,DE,DE_LU,forecast_onshore_wind_generation,Wind Onshore,2026-06-20T23:37:13Z
2026-06-20T23:36:01Z,2026-06-21T01:36:01+0200,a960294c-15ac-429a-a83c-19bebfd529f7,2026-05-25T16:15:00Z,2026-05-25T18:15:00+0200,2891.25174,MW,DE,DE_LU,forecast_onshore_wind_generation,Wind Onshore,2026-06-20T23:37:13Z
2026-06-20T23:36:01Z,2026-06-21T01:36:01+0200,a960294c-15ac-429a-a83c-19bebfd529f7,2026-05-25T16:30:00Z,2026-05-25T18:30:00+0200,2914.17095,MW,DE,DE_LU,forecast_onshore_wind_generation,Wind Onshore,2026-06-20T23:37:13Z
2026-06-20T23:36:01Z,2026-06-21T01:36:01+0200,a960294c-15ac-429a-a83c-19bebfd529f7,2026-05-25T16:45:00Z,2026-05-25T18:45:00+0200,2940.54944,MW,DE,DE_LU,forecast_onshore_wind_generation,Wind Onshore,2026-06-20T23:37:13Z
2026-06-20T23:36:01Z,2026-06-21T01:36:01+0200,a960294c-15ac-429a-a83c-19bebfd529f7,2026-05-25T17:00:00Z,2026-05-25T19:00:00+0200,2965.61755,MW,DE,DE_LU,forecast_onshore_wind_generation,Wind Onshore,2026-06-20T23:37:13Z
2026-06-20T23:36:01Z,2026-06-21T01:36:01+0200,a960294c-15ac-429a-a83c-19bebfd529f7,2026-05-25T17:15:00Z,2026-05-25T19:15:00+0200,3062.39788,MW,DE,DE_LU,forecast_onshore_wind_generation,Wind Onshore,2026-06-20T23:37:13Z
2026-06-20T23:36:01Z,2026-06-21T01:36:01+0200,a960294c-15ac-429a-a83c-19bebfd529f7,2026-05-25T17:30:00Z,2026-05-25T19:30:00+0200,3156.29642,MW,DE,DE_LU,forecast_onshore_wind_generation,Wind Onshore,2026-06-20T23:37:13Z
2026-06-20T23:36:01Z,2026-06-21T01:36:01+0200,a960294c-15ac-429a-a83c-19bebfd529f7,2026-05-25T17:45:00Z,2026-05-25T19:45:00+0200,3255.84174,MW,DE,DE_LU,forecast_onshore_wind_generation,Wind Onshore,2026-06-20T23:37:13Z
2026-06-20T23:36:01Z,2026-06-21T01:36:01+0200,a960294c-15ac-429a-a83c-19bebfd529f7,2026-05-25T18:00:00Z,2026-05-25T20:00:00+0200,3361.73188,MW,DE,DE_LU,forecast_onshore_wind_generation,Wind Onshore,2026-06-20T23:37:13Z
2026-06-20T23:36:01Z,2026-06-21T01:36:01+0200,a960294c-15ac-429a-a83c-19bebfd529f7,2026-05-25T18:15:00Z,2026-05-25T20:15:00+0200,3601.14434,MW,DE,DE_LU,forecast_onshore_wind_generation,Wind Onshore,2026-06-20T23:37:13Z
2026-06-20T23:36:01Z,2026-06-21T01:36:01+0200,a960294c-15ac-429a-a83c-19bebfd529f7,2026-05-25T18:30:00Z,2026-05-25T20:30:00+0200,3834.81641,MW,DE,DE_LU,forecast_onshore_wind_generation,Wind Onshore,2026-06-20T23:37:13Z
2026-06-20T23:36:01Z,2026-06-21T01:36:01+0200,a960294c-15ac-429a-a83c-19bebfd529f7,2026-05-25T18:45:00Z,2026-05-25T20:45:00+0200,4058.24911,MW,DE,DE_LU,forecast_onshore_wind_generation,Wind Onshore,2026-06-20T23:37:13Z
2026-06-20T23:36:01Z,2026-06-21T01:36:01+0200,a960294c-15ac-429a-a83c-19bebfd529f7,2026-05-25T19:00:00Z,2026-05-25T21:00:00+0200,4258.15892,MW,DE,DE_LU,forecast_onshore_wind_generation,Wind Onshore,2026-06-20T23:37:13Z
2026-06-20T23:36:01Z,2026-06-21T01:36:01+0200,a960294c-15ac-429a-a83c-19bebfd529f7,2026-05-25T19:15:00Z,2026-05-25T21:15:00+0200,4491.83217,MW,DE,DE_LU,forecast_onshore_wind_generation,Wind Onshore,2026-06-20T23:37:13Z
2026-06-20T23:36:01Z,2026-06-21T01:36:01+0200,a960294c-15ac-429a-a83c-19bebfd529f7,2026-05-25T19:30:00Z,2026-05-25T21:30:00+0200,4750.0677,MW,DE,DE_LU,forecast_onshore_wind_generation,Wind Onshore,2026-06-20T23:37:13Z
2026-06-20T23:36:01Z,2026-06-21T01:36:01+0200,a960294c-15ac-429a-a83c-19bebfd529f7,2026-05-25T19:45:00Z,2026-05-25T21:45:00+0200,5021.776,MW,DE,DE_LU,forecast_onshore_wind_generation,Wind Onshore,2026-06-20T23:37:13Z
2026-06-20T23:36:01Z,2026-06-21T01:36:01+0200,a960294c-15ac-429a-a83c-19bebfd529f7,2026-05-25T20:00:00Z,2026-05-25T22:00:00+0200,5283.88065,MW,DE,DE_LU,forecast_onshore_wind_generation,Wind Onshore,2026-06-20T23:37:13Z
2026-06-20T23:36:01Z,2026-06-21T01:36:01+0200,a960294c-15ac-429a-a83c-19bebfd529f7,2026-05-25T20:15:00Z,2026-05-25T22:15:00+0200,5445.84331,MW,DE,DE_LU,forecast_onshore_wind_generation,Wind Onshore,2026-06-20T23:37:13Z
2026-06-20T23:36:01Z,2026-06-21T01:36:01+0200,a960294c-15ac-429a-a83c-19bebfd529f7,2026-05-25T20:30:00Z,2026-05-25T22:30:00+0200,5608.73913,MW,DE,DE_LU,forecast_onshore_wind_generation,Wind Onshore,2026-06-20T23:37:13Z
2026-06-20T23:36:01Z,2026-06-21T01:36:01+0200,a960294c-15ac-429a-a83c-19bebfd529f7,2026-05-25T20:45:00Z,2026-05-25T22:45:00+0200,5767.14877,MW,DE,DE_LU,forecast_onshore_wind_generation,Wind Onshore,2026-06-20T23:37:13Z
2026-06-20T23:36:01Z,2026-06-21T01:36:01+0200,a960294c-15ac-429a-a83c-19bebfd529f7,2026-05-25T21:00:00Z,2026-05-25T23:00:00+0200,5903.09559,MW,DE,DE_LU,forecast_onshore_wind_generation,Wind Onshore,2026-06-20T23:37:13Z
2026-06-20T23:36:01Z,2026-06-21T01:36:01+0200,a960294c-15ac-429a-a83c-19bebfd529f7,2026-05-25T21:15:00Z,2026-05-25T23:15:00+0200,5912.52033,MW,DE,DE_LU,forecast_onshore_wind_generation,Wind Onshore,2026-06-20T23:37:13Z
2026-06-20T23:36:01Z,2026-06-21T01:36:01+0200,a960294c-15ac-429a-a83c-19bebfd529f7,2026-05-25T21:30:00Z,2026-05-25T23:30:00+0200,5921.10745,MW,DE,DE_LU,forecast_onshore_wind_generation,Wind Onshore,2026-06-20T23:37:13Z
2026-06-20T23:36:01Z,2026-06-21T01:36:01+0200,a960294c-15ac-429a-a83c-19bebfd529f7,2026-05-25T21:45:00Z,2026-05-25T23:45:00+0200,5926.86014,MW,DE,DE_LU,forecast_onshore_wind_generation,Wind Onshore,2026-06-20T23:37:13Z
2026-06-20T23:36:01Z,2026-06-21T01:36:01+0200,a960294c-15ac-429a-a83c-19bebfd529f7,2026-05-25T22:00:00Z,2026-05-26T00:00:00+0200,6174.03768,MW,DE,DE_LU,forecast_onshore_wind_generation,Wind Onshore,2026-06-20T23:37:13Z
2026-06-20T23:36:01Z,2026-06-21T01:36:01+0200,a960294c-15ac-429a-a83c-19bebfd529f7,2026-05-25T22:15:00Z,2026-05-26T00:15:00+0200,6210.31723,MW,DE,DE_LU,forecast_onshore_wind_generation,Wind Onshore,2026-06-20T23:37:13Z
2026-06-20T23:36:01Z,2026-06-21T01:36:01+0200,a960294c-15ac-429a-a83c-19bebfd529f7,2026-05-25T22:30:00Z,2026-05-26T00:30:00+0200,6239.51566,MW,DE,DE_LU,forecast_onshore_wind_generation,Wind Onshore,2026-06-20T23:37:13Z
2026-06-20T23:36:01Z,2026-06-21T01:36:01+0200,a960294c-15ac-429a-a83c-19bebfd529f7,2026-05-25T22:45:00Z,2026-05-26T00:45:00+0200,6272.94386,MW,DE,DE_LU,forecast_onshore_wind_generation,Wind Onshore,2026-06-20T23:37:13Z
2026-06-20T23:36:01Z,2026-06-21T01:36:01+0200,a960294c-15ac-429a-a83c-19bebfd529f7,2026-05-25T23:00:00Z,2026-05-26T01:00:00+0200,6307.23015,MW,DE,DE_LU,forecast_onshore_wind_generation,Wind Onshore,2026-06-20T23:37:13Z
2026-06-20T23:36:01Z,2026-06-21T01:36:01+0200,a960294c-15ac-429a-a83c-19bebfd529f7,2026-05-25T23:15:00Z,2026-05-26T01:15:00+0200,6291.54118,MW,DE,DE_LU,forecast_onshore_wind_generation,Wind Onshore,2026-06-20T23:37:13Z
2026-06-20T23:36:01Z,2026-06-21T01:36:01+0200,a960294c-15ac-429a-a83c-19bebfd529f7,2026-05-25T23:30:00Z,2026-05-26T01:30:00+0200,6278.42166,MW,DE,DE_LU,forecast_onshore_wind_generation,Wind Onshore,2026-06-20T23:37:13Z
2026-06-20T23:36:01Z,2026-06-21T01:36:01+0200,a960294c-15ac-429a-a83c-19bebfd529f7,2026-05-25T23:45:00Z,2026-05-26T01:45:00+0200,6280.74103,MW,DE,DE_LU,forecast_onshore_wind_generation,Wind Onshore,2026-06-20T23:37:13Z
2026-06-20T23:36:01Z,2026-06-21T01:36:01+0200,a960294c-15ac-429a-a83c-19bebfd529f7,2026-05-26T00:00:00Z,2026-05-26T02:00:00+0200,6268.30819,MW,DE,DE_LU,forecast_onshore_wind_generation,Wind Onshore,2026-06-20T23:37:13Z
2026-06-20T23:36:01Z,2026-06-21T01:36:01+0200,a960294c-15ac-429a-a83c-19bebfd529f7,2026-05-26T00:15:00Z,2026-05-26T02:15:00+0200,6232.99532,MW,DE,DE_LU,forecast_onshore_wind_generation,Wind Onshore,2026-06-20T23:37:13Z
2026-06-20T23:36:01Z,2026-06-21T01:36:01+0200,a960294c-15ac-429a-a83c-19bebfd529f7,2026-05-26T00:30:00Z,2026-05-26T02:30:00+0200,6185.50789,MW,DE,DE_LU,forecast_onshore_wind_generation,Wind Onshore,2026-06-20T23:37:13Z
2026-06-20T23:36:01Z,2026-06-21T01:36:01+0200,a960294c-15ac-429a-a83c-19bebfd529f7,2026-05-26T00:45:00Z,2026-05-26T02:45:00+0200,6134.39615,MW,DE,DE_LU,forecast_onshore_wind_generation,Wind Onshore,2026-06-20T23:37:13Z
2026-06-20T23:36:01Z,2026-06-21T01:36:01+0200,a960294c-15ac-429a-a83c-19bebfd529f7,2026-05-26T01:00:00Z,2026-05-26T03:00:00+0200,6077.87486,MW,DE,DE_LU,forecast_onshore_wind_generation,Wind Onshore,2026-06-20T23:37:13Z
2026-06-20T23:36:01Z,2026-06-21T01:36:01+0200,a960294c-15ac-429a-a83c-19bebfd529f7,2026-05-26T01:15:00Z,2026-05-26T03:15:00+0200,6006.35664,MW,DE,DE_LU,forecast_onshore_wind_generation,Wind Onshore,2026-06-20T23:37:13Z
2026-06-20T23:36:01Z,2026-06-21T01:36:01+0200,a960294c-15ac-429a-a83c-19bebfd529f7,2026-05-26T01:30:00Z,2026-05-26T03:30:00+0200,5930.39271,MW,DE,DE_LU,forecast_onshore_wind_generation,Wind Onshore,2026-06-20T23:37:13Z
2026-06-20T23:36:01Z,2026-06-21T01:36:01+0200,a960294c-15ac-429a-a83c-19bebfd529f7,2026-05-26T01:45:00Z,2026-05-26T03:45:00+0200,5856.7529,MW,DE,DE_LU,forecast_onshore_wind_generation,Wind Onshore,2026-06-20T23:37:13Z
2026-06-20T23:36:01Z,2026-06-21T01:36:01+0200,a960294c-15ac-429a-a83c-19bebfd529f7,2026-05-26T02:00:00Z,2026-05-26T04:00:00+0200,5765.35863,MW,DE,DE_LU,forecast_onshore_wind_generation,Wind Onshore,2026-06-20T23:37:13Z
2026-06-20T23:36:01Z,2026-06-21T01:36:01+0200,a960294c-15ac-429a-a83c-19bebfd529f7,2026-05-26T02:15:00Z,2026-05-26T04:15:00+0200,5689.96859,MW,DE,DE_LU,forecast_onshore_wind_generation,Wind Onshore,2026-06-20T23:37:13Z
2026-06-20T23:36:01Z,2026-06-21T01:36:01+0200,a960294c-15ac-429a-a83c-19bebfd529f7,2026-05-26T02:30:00Z,2026-05-26T04:30:00+0200,5625.42906,MW,DE,DE_LU,forecast_onshore_wind_generation,Wind Onshore,2026-06-20T23:37:13Z
2026-06-20T23:36:01Z,2026-06-21T01:36:01+0200,a960294c-15ac-429a-a83c-19bebfd529f7,2026-05-26T02:45:00Z,2026-05-26T04:45:00+0200,5561.53209,MW,DE,DE_LU,forecast_onshore_wind_generation,Wind Onshore,2026-06-20T23:37:13Z
2026-06-20T23:36:01Z,2026-06-21T01:36:01+0200,a960294c-15ac-429a-a83c-19bebfd529f7,2026-05-26T03:00:00Z,2026-05-26T05:00:00+0200,5492.72258,MW,DE,DE_LU,forecast_onshore_wind_generation,Wind Onshore,2026-06-20T23:37:13Z
2026-06-20T23:36:01Z,2026-06-21T01:36:01+0200,a960294c-15ac-429a-a83c-19bebfd529f7,2026-05-26T03:15:00Z,2026-05-26T05:15:00+0200,5408.47119,MW,DE,DE_LU,forecast_onshore_wind_generation,Wind Onshore,2026-06-20T23:37:13Z
2026-06-20T23:36:01Z,2026-06-21T01:36:01+0200,a960294c-15ac-429a-a83c-19bebfd529f7,2026-05-26T03:30:00Z,2026-05-26T05:30:00+0200,5313.96584,MW,DE,DE_LU,forecast_onshore_wind_generation,Wind Onshore,2026-06-20T23:37:13Z
2026-06-20T23:36:01Z,2026-06-21T01:36:01+0200,a960294c-15ac-429a-a83c-19bebfd529f7,2026-05-26T03:45:00Z,2026-05-26T05:45:00+0200,5222.99903,MW,DE,DE_LU,forecast_onshore_wind_generation,Wind Onshore,2026-06-20T23:37:13Z
2026-06-20T23:36:01Z,2026-06-21T01:36:01+0200,a960294c-15ac-429a-a83c-19bebfd529f7,2026-05-26T04:00:00Z,2026-05-26T06:00:00+0200,5176.70046,MW,DE,DE_LU,forecast_onshore_wind_generation,Wind Onshore,2026-06-20T23:37:13Z
2026-06-20T23:36:01Z,2026-06-21T01:36:01+0200,a960294c-15ac-429a-a83c-19bebfd529f7,2026-05-26T04:15:00Z,2026-05-26T06:15:00+0200,5017.09986,MW,DE,DE_LU,forecast_onshore_wind_generation,Wind Onshore,2026-06-20T23:37:13Z
2026-06-20T23:36:01Z,2026-06-21T01:36:01+0200,a960294c-15ac-429a-a83c-19bebfd529f7,2026-05-26T04:30:00Z,2026-05-26T06:30:00+0200,4849.70638,MW,DE,DE_LU,forecast_onshore_wind_generation,Wind Onshore,2026-06-20T23:37:13Z
2026-06-20T23:36:01Z,2026-06-21T01:36:01+0200,a960294c-15ac-429a-a83c-19bebfd529f7,2026-05-26T04:45:00Z,2026-05-26T06:45:00+0200,4668.16278,MW,DE,DE_LU,forecast_onshore_wind_generation,Wind Onshore,2026-06-20T23:37:13Z
2026-06-20T23:36:01Z,2026-06-21T01:36:01+0200,a960294c-15ac-429a-a83c-19bebfd529f7,2026-05-26T05:00:00Z,2026-05-26T07:00:00+0200,4382.39025,MW,DE,DE_LU,forecast_onshore_wind_generation,Wind Onshore,2026-06-20T23:37:13Z
2026-06-20T23:36:01Z,2026-06-21T01:36:01+0200,a960294c-15ac-429a-a83c-19bebfd529f7,2026-05-26T05:15:00Z,2026-05-26T07:15:00+0200,3983.08293,MW,DE,DE_LU,forecast_onshore_wind_generation,Wind Onshore,2026-06-20T23:37:13Z
2026-06-20T23:36:01Z,2026-06-21T01:36:01+0200,a960294c-15ac-429a-a83c-19bebfd529f7,2026-05-26T05:30:00Z,2026-05-26T07:30:00+0200,3570.02303,MW,DE,DE_LU,forecast_onshore_wind_generation,Wind Onshore,2026-06-20T23:37:13Z
2026-06-20T23:36:01Z,2026-06-21T01:36:01+0200,a960294c-15ac-429a-a83c-19bebfd529f7,2026-05-26T05:45:00Z,2026-05-26T07:45:00+0200,3179.70079,MW,DE,DE_LU,forecast_onshore_wind_generation,Wind Onshore,2026-06-20T23:37:13Z
2026-06-20T23:36:01Z,2026-06-21T01:36:01+0200,a960294c-15ac-429a-a83c-19bebfd529f7,2026-05-26T06:00:00Z,2026-05-26T08:00:00+0200,2858.83572,MW,DE,DE_LU,forecast_onshore_wind_generation,Wind Onshore,2026-06-20T23:37:13Z
2026-06-20T23:36:01Z,2026-06-21T01:36:01+0200,a960294c-15ac-429a-a83c-19bebfd529f7,2026-05-26T06:15:00Z,2026-05-26T08:15:00+0200,2559.25753,MW,DE,DE_LU,forecast_onshore_wind_generation,Wind Onshore,2026-06-20T23:37:13Z
2026-06-20T23:36:01Z,2026-06-21T01:36:01+0200,a960294c-15ac-429a-a83c-19bebfd529f7,2026-05-26T06:30:00Z,2026-05-26T08:30:00+0200,2282.60302,MW,DE,DE_LU,forecast_onshore_wind_generation,Wind Onshore,2026-06-20T23:37:13Z
2026-06-20T23:36:01Z,2026-06-21T01:36:01+0200,a960294c-15ac-429a-a83c-19bebfd529f7,2026-05-26T06:45:00Z,2026-05-26T08:45:00+0200,2017.51695,MW,DE,DE_LU,forecast_onshore_wind_generation,Wind Onshore,2026-06-20T23:37:13Z
2026-06-20T23:36:01Z,2026-06-21T01:36:01+0200,a960294c-15ac-429a-a83c-19bebfd529f7,2026-05-26T07:00:00Z,2026-05-26T09:00:00+0200,1777.67424,MW,DE,DE_LU,forecast_onshore_wind_generation,Wind Onshore,2026-06-20T23:37:13Z
2026-06-20T23:36:01Z,2026-06-21T01:36:01+0200,a960294c-15ac-429a-a83c-19bebfd529f7,2026-05-26T07:15:00Z,2026-05-26T09:15:00+0200,1756.19106,MW,DE,DE_LU,forecast_onshore_wind_generation,Wind Onshore,2026-06-20T23:37:13Z
2026-06-20T23:36:01Z,2026-06-21T01:36:01+0200,a960294c-15ac-429a-a83c-19bebfd529f7,2026-05-26T07:30:00Z,2026-05-26T09:30:00+0200,1737.17009,MW,DE,DE_LU,forecast_onshore_wind_generation,Wind Onshore,2026-06-20T23:37:13Z
2026-06-20T23:36:01Z,2026-06-21T01:36:01+0200,a960294c-15ac-429a-a83c-19bebfd529f7,2026-05-26T07:45:00Z,2026-05-26T09:45:00+0200,1718.24813,MW,DE,DE_LU,forecast_onshore_wind_generation,Wind Onshore,2026-06-20T23:37:13Z
2026-06-20T23:36:01Z,2026-06-21T01:36:01+0200,a960294c-15ac-429a-a83c-19bebfd529f7,2026-05-26T08:00:00Z,2026-05-26T10:00:00+0200,1725.85658,MW,DE,DE_LU,forecast_onshore_wind_generation,Wind Onshore,2026-06-20T23:37:13Z
2026-06-20T23:36:01Z,2026-06-21T01:36:01+0200,a960294c-15ac-429a-a83c-19bebfd529f7,2026-05-26T08:15:00Z,2026-05-26T10:15:00+0200,1889.02132,MW,DE,DE_LU,forecast_onshore_wind_generation,Wind Onshore,2026-06-20T23:37:13Z
2026-06-20T23:36:01Z,2026-06-21T01:36:01+0200,a960294c-15ac-429a-a83c-19bebfd529f7,2026-05-26T08:30:00Z,2026-05-26T10:30:00+0200,2011.90619,MW,DE,DE_LU,forecast_onshore_wind_generation,Wind Onshore,2026-06-20T23:37:13Z
2026-06-20T23:36:01Z,2026-06-21T01:36:01+0200,a960294c-15ac-429a-a83c-19bebfd529f7,2026-05-26T08:45:00Z,2026-05-26T10:45:00+0200,2155.43837,MW,DE,DE_LU,forecast_onshore_wind_generation,Wind Onshore,2026-06-20T23:37:13Z
2026-06-20T23:36:01Z,2026-06-21T01:36:01+0200,a960294c-15ac-429a-a83c-19bebfd529f7,2026-05-26T09:00:00Z,2026-05-26T11:00:00+0200,2253.1141,MW,DE,DE_LU,forecast_onshore_wind_generation,Wind Onshore,2026-06-20T23:37:13Z
2026-06-20T23:36:01Z,2026-06-21T01:36:01+0200,a960294c-15ac-429a-a83c-19bebfd529f7,2026-05-26T09:15:00Z,2026-05-26T11:15:00+0200,2388.00218,MW,DE,DE_LU,forecast_onshore_wind_generation,Wind Onshore,2026-06-20T23:37:13Z
2026-06-20T23:36:01Z,2026-06-21T01:36:01+0200,a960294c-15ac-429a-a83c-19bebfd529f7,2026-05-26T09:30:00Z,2026-05-26T11:30:00+0200,2533.18875,MW,DE,DE_LU,forecast_onshore_wind_generation,Wind Onshore,2026-06-20T23:37:13Z
2026-06-20T23:36:01Z,2026-06-21T01:36:01+0200,a960294c-15ac-429a-a83c-19bebfd529f7,2026-05-26T09:45:00Z,2026-05-26T11:45:00+0200,2677.38875,MW,DE,DE_LU,forecast_onshore_wind_generation,Wind Onshore,2026-06-20T23:37:13Z
2026-06-20T23:36:01Z,2026-06-21T01:36:01+0200,a960294c-15ac-429a-a83c-19bebfd529f7,2026-05-26T10:00:00Z,2026-05-26T12:00:00+0200,2819.90746,MW,DE,DE_LU,forecast_onshore_wind_generation,Wind Onshore,2026-06-20T23:37:13Z
2026-06-20T23:36:01Z,2026-06-21T01:36:01+0200,a960294c-15ac-429a-a83c-19bebfd529f7,2026-05-26T10:15:00Z,2026-05-26T12:15:00+0200,2963.52949,MW,DE,DE_LU,forecast_onshore_wind_generation,Wind Onshore,2026-06-20T23:37:13Z
2026-06-20T23:36:01Z,2026-06-21T01:36:01+0200,a960294c-15ac-429a-a83c-19bebfd529f7,2026-05-26T10:30:00Z,2026-05-26T12:30:00+0200,3120.50894,MW,DE,DE_LU,forecast_onshore_wind_generation,Wind Onshore,2026-06-20T23:37:13Z
2026-06-20T23:36:01Z,2026-06-21T01:36:01+0200,a960294c-15ac-429a-a83c-19bebfd529f7,2026-05-26T10:45:00Z,2026-05-26T12:45:00+0200,3237.66499,MW,DE,DE_LU,forecast_onshore_wind_generation,Wind Onshore,2026-06-20T23:37:13Z
2026-06-20T23:36:01Z,2026-06-21T01:36:01+0200,a960294c-15ac-429a-a83c-19bebfd529f7,2026-05-26T11:00:00Z,2026-05-26T13:00:00+0200,3422.0938,MW,DE,DE_LU,forecast_onshore_wind_generation,Wind Onshore,2026-06-20T23:37:13Z
2026-06-20T23:36:01Z,2026-06-21T01:36:01+0200,a960294c-15ac-429a-a83c-19bebfd529f7,2026-05-26T11:15:00Z,2026-05-26T13:15:00+0200,3576.85951,MW,DE,DE_LU,forecast_onshore_wind_generation,Wind Onshore,2026-06-20T23:37:13Z
2026-06-20T23:36:01Z,2026-06-21T01:36:01+0200,a960294c-15ac-429a-a83c-19bebfd529f7,2026-05-26T11:30:00Z,2026-05-26T13:30:00+0200,3734.10648,MW,DE,DE_LU,forecast_onshore_wind_generation,Wind Onshore,2026-06-20T23:37:13Z
2026-06-20T23:36:01Z,2026-06-21T01:36:01+0200,a960294c-15ac-429a-a83c-19bebfd529f7,2026-05-26T11:45:00Z,2026-05-26T13:45:00+0200,3913.78032,MW,DE,DE_LU,forecast_onshore_wind_generation,Wind Onshore,2026-06-20T23:37:13Z
2026-06-20T23:36:01Z,2026-06-21T01:36:01+0200,a960294c-15ac-429a-a83c-19bebfd529f7,2026-05-26T12:00:00Z,2026-05-26T14:00:00+0200,4165.92974,MW,DE,DE_LU,forecast_onshore_wind_generation,Wind Onshore,2026-06-20T23:37:13Z
2026-06-20T23:36:01Z,2026-06-21T01:36:01+0200,a960294c-15ac-429a-a83c-19bebfd529f7,2026-05-26T12:15:00Z,2026-05-26T14:15:00+0200,4471.34127,MW,DE,DE_LU,forecast_onshore_wind_generation,Wind Onshore,2026-06-20T23:37:13Z
2026-06-20T23:36:01Z,2026-06-21T01:36:01+0200,a960294c-15ac-429a-a83c-19bebfd529f7,2026-05-26T12:30:00Z,2026-05-26T14:30:00+0200,4854.99218,MW,DE,DE_LU,forecast_onshore_wind_generation,Wind Onshore,2026-06-20T23:37:13Z
2026-06-20T23:36:01Z,2026-06-21T01:36:01+0200,a960294c-15ac-429a-a83c-19bebfd529f7,2026-05-26T12:45:00Z,2026-05-26T14:45:00+0200,5196.04426,MW,DE,DE_LU,forecast_onshore_wind_generation,Wind Onshore,2026-06-20T23:37:13Z
2026-06-20T23:36:01Z,2026-06-21T01:36:01+0200,a960294c-15ac-429a-a83c-19bebfd529f7,2026-05-26T13:00:00Z,2026-05-26T15:00:00+0200,5550.50201,MW,DE,DE_LU,forecast_onshore_wind_generation,Wind Onshore,2026-06-20T23:37:13Z
2026-06-20T23:36:01Z,2026-06-21T01:36:01+0200,a960294c-15ac-429a-a83c-19bebfd529f7,2026-05-26T13:15:00Z,2026-05-26T15:15:00+0200,5978.36284,MW,DE,DE_LU,forecast_onshore_wind_generation,Wind Onshore,2026-06-20T23:37:13Z
2026-06-20T23:36:01Z,2026-06-21T01:36:01+0200,a960294c-15ac-429a-a83c-19bebfd529f7,2026-05-26T13:30:00Z,2026-05-26T15:30:00+0200,6439.32303,MW,DE,DE_LU,forecast_onshore_wind_generation,Wind Onshore,2026-06-20T23:37:13Z
2026-06-20T23:36:01Z,2026-06-21T01:36:01+0200,a960294c-15ac-429a-a83c-19bebfd529f7,2026-05-26T13:45:00Z,2026-05-26T15:45:00+0200,6829.62393,MW,DE,DE_LU,forecast_onshore_wind_generation,Wind Onshore,2026-06-20T23:37:13Z
2026-06-20T23:36:01Z,2026-06-21T01:36:01+0200,a960294c-15ac-429a-a83c-19bebfd529f7,2026-05-26T14:00:00Z,2026-05-26T16:00:00+0200,7248.71654,MW,DE,DE_LU,forecast_onshore_wind_generation,Wind Onshore,2026-06-20T23:37:13Z
2026-06-20T23:36:01Z,2026-06-21T01:36:01+0200,a960294c-15ac-429a-a83c-19bebfd529f7,2026-05-26T14:15:00Z,2026-05-26T16:15:00+0200,7506.4443,MW,DE,DE_LU,forecast_onshore_wind_generation,Wind Onshore,2026-06-20T23:37:13Z
2026-06-20T23:36:01Z,2026-06-21T01:36:01+0200,a960294c-15ac-429a-a83c-19bebfd529f7,2026-05-26T14:30:00Z,2026-05-26T16:30:00+0200,7580.20485,MW,DE,DE_LU,forecast_onshore_wind_generation,Wind Onshore,2026-06-20T23:37:13Z
2026-06-20T23:36:01Z,2026-06-21T01:36:01+0200,a960294c-15ac-429a-a83c-19bebfd529f7,2026-05-26T14:45:00Z,2026-05-26T16:45:00+0200,7647.009,MW,DE,DE_LU,forecast_onshore_wind_generation,Wind Onshore,2026-06-20T23:37:13Z
2026-06-20T23:36:01Z,2026-06-21T01:36:01+0200,a960294c-15ac-429a-a83c-19bebfd529f7,2026-05-26T15:00:00Z,2026-05-26T17:00:00+0200,7740.68701,MW,DE,DE_LU,forecast_onshore_wind_generation,Wind Onshore,2026-06-20T23:37:13Z
2026-06-20T23:36:01Z,2026-06-21T01:36:01+0200,a960294c-15ac-429a-a83c-19bebfd529f7,2026-05-26T15:15:00Z,2026-05-26T17:15:00+0200,7644.14582,MW,DE,DE_LU,forecast_onshore_wind_generation,Wind Onshore,2026-06-20T23:37:13Z
2026-06-20T23:36:01Z,2026-06-21T01:36:01+0200,a960294c-15ac-429a-a83c-19bebfd529f7,2026-05-26T15:30:00Z,2026-05-26T17:30:00+0200,7552.13655,MW,DE,DE_LU,forecast_onshore_wind_generation,Wind Onshore,2026-06-20T23:37:13Z
2026-06-20T23:36:01Z,2026-06-21T01:36:01+0200,a960294c-15ac-429a-a83c-19bebfd529f7,2026-05-26T15:45:00Z,2026-05-26T17:45:00+0200,7470.33262,MW,DE,DE_LU,forecast_onshore_wind_generation,Wind Onshore,2026-06-20T23:37:13Z
2026-06-20T23:36:01Z,2026-06-21T01:36:01+0200,a960294c-15ac-429a-a83c-19bebfd529f7,2026-05-26T16:00:00Z,2026-05-26T18:00:00+0200,7394.7428,MW,DE,DE_LU,forecast_onshore_wind_generation,Wind Onshore,2026-06-20T23:37:13Z
2026-06-20T23:36:01Z,2026-06-21T01:36:01+0200,a960294c-15ac-429a-a83c-19bebfd529f7,2026-05-26T16:15:00Z,2026-05-26T18:15:00+0200,7336.52499,MW,DE,DE_LU,forecast_onshore_wind_generation,Wind Onshore,2026-06-20T23:37:13Z
2026-06-20T23:36:01Z,2026-06-21T01:36:01+0200,a960294c-15ac-429a-a83c-19bebfd529f7,2026-05-26T16:30:00Z,2026-05-26T18:30:00+0200,7280.37571,MW,DE,DE_LU,forecast_onshore_wind_generation,Wind Onshore,2026-06-20T23:37:13Z
2026-06-20T23:36:01Z,2026-06-21T01:36:01+0200,a960294c-15ac-429a-a83c-19bebfd529f7,2026-05-26T16:45:00Z,2026-05-26T18:45:00+0200,7212.08977,MW,DE,DE_LU,forecast_onshore_wind_generation,Wind Onshore,2026-06-20T23:37:13Z
2026-06-20T23:36:01Z,2026-06-21T01:36:01+0200,a960294c-15ac-429a-a83c-19bebfd529f7,2026-05-26T17:00:00Z,2026-05-26T19:00:00+0200,7150.89554,MW,DE,DE_LU,forecast_onshore_wind_generation,Wind Onshore,2026-06-20T23:37:13Z
2026-06-20T23:36:01Z,2026-06-21T01:36:01+0200,a960294c-15ac-429a-a83c-19bebfd529f7,2026-05-26T17:15:00Z,2026-05-26T19:15:00+0200,7249.69769,MW,DE,DE_LU,forecast_onshore_wind_generation,Wind Onshore,2026-06-20T23:37:13Z
2026-06-20T23:36:01Z,2026-06-21T01:36:01+0200,a960294c-15ac-429a-a83c-19bebfd529f7,2026-05-26T17:30:00Z,2026-05-26T19:30:00+0200,7349.12985,MW,DE,DE_LU,forecast_onshore_wind_generation,Wind Onshore,2026-06-20T23:37:13Z
2026-06-20T23:36:01Z,2026-06-21T01:36:01+0200,a960294c-15ac-429a-a83c-19bebfd529f7,2026-05-26T17:45:00Z,2026-05-26T19:45:00+0200,7442.74993,MW,DE,DE_LU,forecast_onshore_wind_generation,Wind Onshore,2026-06-20T23:37:13Z
2026-06-20T23:36:01Z,2026-06-21T01:36:01+0200,a960294c-15ac-429a-a83c-19bebfd529f7,2026-05-26T18:00:00Z,2026-05-26T20:00:00+0200,7542.43608,MW,DE,DE_LU,forecast_onshore_wind_generation,Wind Onshore,2026-06-20T23:37:13Z
2026-06-20T23:36:01Z,2026-06-21T01:36:01+0200,a960294c-15ac-429a-a83c-19bebfd529f7,2026-05-26T18:15:00Z,2026-05-26T20:15:00+0200,7849.47318,MW,DE,DE_LU,forecast_onshore_wind_generation,Wind Onshore,2026-06-20T23:37:13Z
2026-06-20T23:36:01Z,2026-06-21T01:36:01+0200,a960294c-15ac-429a-a83c-19bebfd529f7,2026-05-26T18:30:00Z,2026-05-26T20:30:00+0200,8131.75184,MW,DE,DE_LU,forecast_onshore_wind_generation,Wind Onshore,2026-06-20T23:37:13Z
2026-06-20T23:36:01Z,2026-06-21T01:36:01+0200,a960294c-15ac-429a-a83c-19bebfd529f7,2026-05-26T18:45:00Z,2026-05-26T20:45:00+0200,8367.88123,MW,DE,DE_LU,forecast_onshore_wind_generation,Wind Onshore,2026-06-20T23:37:13Z
2026-06-20T23:36:01Z,2026-06-21T01:36:01+0200,a960294c-15ac-429a-a83c-19bebfd529f7,2026-05-26T19:00:00Z,2026-05-26T21:00:00+0200,8600.52483,MW,DE,DE_LU,forecast_onshore_wind_generation,Wind Onshore,2026-06-20T23:37:13Z
2026-06-20T23:36:01Z,2026-06-21T01:36:01+0200,a960294c-15ac-429a-a83c-19bebfd529f7,2026-05-26T19:15:00Z,2026-05-26T21:15:00+0200,8967.3722,MW,DE,DE_LU,forecast_onshore_wind_generation,Wind Onshore,2026-06-20T23:37:13Z
2026-06-20T23:36:01Z,2026-06-21T01:36:01+0200,a960294c-15ac-429a-a83c-19bebfd529f7,2026-05-26T19:30:00Z,2026-05-26T21:30:00+0200,9383.35574,MW,DE,DE_LU,forecast_onshore_wind_generation,Wind Onshore,2026-06-20T23:37:13Z
2026-06-20T23:36:01Z,2026-06-21T01:36:01+0200,a960294c-15ac-429a-a83c-19bebfd529f7,2026-05-26T19:45:00Z,2026-05-26T21:45:00+0200,9810.97887,MW,DE,DE_LU,forecast_onshore_wind_generation,Wind Onshore,2026-06-20T23:37:13Z
2026-06-20T23:36:01Z,2026-06-21T01:36:01+0200,a960294c-15ac-429a-a83c-19bebfd529f7,2026-05-26T20:00:00Z,2026-05-26T22:00:00+0200,10097.85989,MW,DE,DE_LU,forecast_onshore_wind_generation,Wind Onshore,2026-06-20T23:37:13Z
2026-06-20T23:36:01Z,2026-06-21T01:36:01+0200,a960294c-15ac-429a-a83c-19bebfd529f7,2026-05-26T20:15:00Z,2026-05-26T22:15:00+0200,10396.7451,MW,DE,DE_LU,forecast_onshore_wind_generation,Wind Onshore,2026-06-20T23:37:13Z
2026-06-20T23:36:01Z,2026-06-21T01:36:01+0200,a960294c-15ac-429a-a83c-19bebfd529f7,2026-05-26T20:30:00Z,2026-05-26T22:30:00+0200,10695.61146,MW,DE,DE_LU,forecast_onshore_wind_generation,Wind Onshore,2026-06-20T23:37:13Z
2026-06-20T23:36:01Z,2026-06-21T01:36:01+0200,a960294c-15ac-429a-a83c-19bebfd529f7,2026-05-26T20:45:00Z,2026-05-26T22:45:00+0200,10989.18262,MW,DE,DE_LU,forecast_onshore_wind_generation,Wind Onshore,2026-06-20T23:37:13Z
2026-06-20T23:36:01Z,2026-06-21T01:36:01+0200,a960294c-15ac-429a-a83c-19bebfd529f7,2026-05-26T21:00:00Z,2026-05-26T23:00:00+0200,11255.03345,MW,DE,DE_LU,forecast_onshore_wind_generation,Wind Onshore,2026-06-20T23:37:13Z
2026-06-20T23:36:01Z,2026-06-21T01:36:01+0200,a960294c-15ac-429a-a83c-19bebfd529f7,2026-05-26T21:15:00Z,2026-05-26T23:15:00+0200,11358.03225,MW,DE,DE_LU,forecast_onshore_wind_generation,Wind Onshore,2026-06-20T23:37:13Z
2026-06-20T23:36:01Z,2026-06-21T01:36:01+0200,a960294c-15ac-429a-a83c-19bebfd529f7,2026-05-26T21:30:00Z,2026-05-26T23:30:00+0200,11462.90374,MW,DE,DE_LU,forecast_onshore_wind_generation,Wind Onshore,2026-06-20T23:37:13Z
2026-06-20T23:36:01Z,2026-06-21T01:36:01+0200,a960294c-15ac-429a-a83c-19bebfd529f7,2026-05-26T21:45:00Z,2026-05-26T23:45:00+0200,11573.92218,MW,DE,DE_LU,forecast_onshore_wind_generation,Wind Onshore,2026-06-20T23:37:13Z
2026-06-20T23:36:01Z,2026-06-21T01:36:01+0200,a960294c-15ac-429a-a83c-19bebfd529f7,2026-05-26T22:00:00Z,2026-05-27T00:00:00+0200,12166.35535,MW,DE,DE_LU,forecast_onshore_wind_generation,Wind Onshore,2026-06-20T23:37:13Z
2026-06-20T23:36:01Z,2026-06-21T01:36:01+0200,a960294c-15ac-429a-a83c-19bebfd529f7,2026-05-26T22:15:00Z,2026-05-27T00:15:00+0200,12220.28678,MW,DE,DE_LU,forecast_onshore_wind_generation,Wind Onshore,2026-06-20T23:37:13Z
2026-06-20T23:36:01Z,2026-06-21T01:36:01+0200,a960294c-15ac-429a-a83c-19bebfd529f7,2026-05-26T22:30:00Z,2026-05-27T00:30:00+0200,12272.37096,MW,DE,DE_LU,forecast_onshore_wind_generation,Wind Onshore,2026-06-20T23:37:13Z
2026-06-20T23:36:01Z,2026-06-21T01:36:01+0200,a960294c-15ac-429a-a83c-19bebfd529f7,2026-05-26T22:45:00Z,2026-05-27T00:45:00+0200,12321.67883,MW,DE,DE_LU,forecast_onshore_wind_generation,Wind Onshore,2026-06-20T23:37:13Z
2026-06-20T23:36:01Z,2026-06-21T01:36:01+0200,a960294c-15ac-429a-a83c-19bebfd529f7,2026-05-26T23:00:00Z,2026-05-27T01:00:00+0200,12366.33197,MW,DE,DE_LU,forecast_onshore_wind_generation,Wind Onshore,2026-06-20T23:37:13Z
2026-06-20T23:36:01Z,2026-06-21T01:36:01+0200,a960294c-15ac-429a-a83c-19bebfd529f7,2026-05-26T23:15:00Z,2026-05-27T01:15:00+0200,12375.84569,MW,DE,DE_LU,forecast_onshore_wind_generation,Wind Onshore,2026-06-20T23:37:13Z
2026-06-20T23:36:01Z,2026-06-21T01:36:01+0200,a960294c-15ac-429a-a83c-19bebfd529f7,2026-05-26T23:30:00Z,2026-05-27T01:30:00+0200,12387.22938,MW,DE,DE_LU,forecast_onshore_wind_generation,Wind Onshore,2026-06-20T23:37:13Z
2026-06-20T23:36:01Z,2026-06-21T01:36:01+0200,a960294c-15ac-429a-a83c-19bebfd529f7,2026-05-26T23:45:00Z,2026-05-27T01:45:00+0200,12398.83337,MW,DE,DE_LU,forecast_onshore_wind_generation,Wind Onshore,2026-06-20T23:37:13Z
2026-06-20T23:36:01Z,2026-06-21T01:36:01+0200,a960294c-15ac-429a-a83c-19bebfd529f7,2026-05-27T00:00:00Z,2026-05-27T02:00:00+0200,12405.16702,MW,DE,DE_LU,forecast_onshore_wind_generation,Wind Onshore,2026-06-20T23:37:13Z
2026-06-20T23:36:01Z,2026-06-21T01:36:01+0200,a960294c-15ac-429a-a83c-19bebfd529f7,2026-05-27T00:15:00Z,2026-05-27T02:15:00+0200,12398.03131,MW,DE,DE_LU,forecast_onshore_wind_generation,Wind Onshore,2026-06-20T23:37:13Z
2026-06-20T23:36:01Z,2026-06-21T01:36:01+0200,a960294c-15ac-429a-a83c-19bebfd529f7,2026-05-27T00:30:00Z,2026-05-27T02:30:00+0200,12387.48869,MW,DE,DE_LU,forecast_onshore_wind_generation,Wind Onshore,2026-06-20T23:37:13Z
2026-06-20T23:36:01Z,2026-06-21T01:36:01+0200,a960294c-15ac-429a-a83c-19bebfd529f7,2026-05-27T00:45:00Z,2026-05-27T02:45:00+0200,12375.30477,MW,DE,DE_LU,forecast_onshore_wind_generation,Wind Onshore,2026-06-20T23:37:13Z
2026-06-20T23:36:01Z,2026-06-21T01:36:01+0200,a960294c-15ac-429a-a83c-19bebfd529f7,2026-05-27T01:00:00Z,2026-05-27T03:00:00+0200,12367.62621,MW,DE,DE_LU,forecast_onshore_wind_generation,Wind Onshore,2026-06-20T23:37:13Z
2026-06-20T23:36:01Z,2026-06-21T01:36:01+0200,a960294c-15ac-429a-a83c-19bebfd529f7,2026-05-27T01:15:00Z,2026-05-27T03:15:00+0200,12386.1645,MW,DE,DE_LU,forecast_onshore_wind_generation,Wind Onshore,2026-06-20T23:37:13Z
2026-06-20T23:36:01Z,2026-06-21T01:36:01+0200,a960294c-15ac-429a-a83c-19bebfd529f7,2026-05-27T01:30:00Z,2026-05-27T03:30:00+0200,12407.70715,MW,DE,DE_LU,forecast_onshore_wind_generation,Wind Onshore,2026-06-20T23:37:13Z
2026-06-20T23:36:01Z,2026-06-21T01:36:01+0200,a960294c-15ac-429a-a83c-19bebfd529f7,2026-05-27T01:45:00Z,2026-05-27T03:45:00+0200,12426.65872,MW,DE,DE_LU,forecast_onshore_wind_generation,Wind Onshore,2026-06-20T23:37:13Z
2026-06-20T23:36:01Z,2026-06-21T01:36:01+0200,a960294c-15ac-429a-a83c-19bebfd529f7,2026-05-27T02:00:00Z,2026-05-27T04:00:00+0200,12442.25613,MW,DE,DE_LU,forecast_onshore_wind_generation,Wind Onshore,2026-06-20T23:37:13Z
2026-06-20T23:36:01Z,2026-06-21T01:36:01+0200,a960294c-15ac-429a-a83c-19bebfd529f7,2026-05-27T02:15:00Z,2026-05-27T04:15:00+0200,12477.30216,MW,DE,DE_LU,forecast_onshore_wind_generation,Wind Onshore,2026-06-20T23:37:13Z
2026-06-20T23:36:01Z,2026-06-21T01:36:01+0200,a960294c-15ac-429a-a83c-19bebfd529f7,2026-05-27T02:30:00Z,2026-05-27T04:30:00+0200,12535.02036,MW,DE,DE_LU,forecast_onshore_wind_generation,Wind Onshore,2026-06-20T23:37:13Z
2026-06-20T23:36:01Z,2026-06-21T01:36:01+0200,a960294c-15ac-429a-a83c-19bebfd529f7,2026-05-27T02:45:00Z,2026-05-27T04:45:00+0200,12593.59696,MW,DE,DE_LU,forecast_onshore_wind_generation,Wind Onshore,2026-06-20T23:37:13Z
2026-06-20T23:36:01Z,2026-06-21T01:36:01+0200,a960294c-15ac-429a-a83c-19bebfd529f7,2026-05-27T03:00:00Z,2026-05-27T05:00:00+0200,12619.77624,MW,DE,DE_LU,forecast_onshore_wind_generation,Wind Onshore,2026-06-20T23:37:13Z
2026-06-20T23:36:01Z,2026-06-21T01:36:01+0200,a960294c-15ac-429a-a83c-19bebfd529f7,2026-05-27T03:15:00Z,2026-05-27T05:15:00+0200,12504.11699,MW,DE,DE_LU,forecast_onshore_wind_generation,Wind Onshore,2026-06-20T23:37:13Z
2026-06-20T23:36:01Z,2026-06-21T01:36:01+0200,a960294c-15ac-429a-a83c-19bebfd529f7,2026-05-27T03:30:00Z,2026-05-27T05:30:00+0200,12374.83113,MW,DE,DE_LU,forecast_onshore_wind_generation,Wind Onshore,2026-06-20T23:37:13Z
2026-06-20T23:36:01Z,2026-06-21T01:36:01+0200,a960294c-15ac-429a-a83c-19bebfd529f7,2026-05-27T03:45:00Z,2026-05-27T05:45:00+0200,12252.54412,MW,DE,DE_LU,forecast_onshore_wind_generation,Wind Onshore,2026-06-20T23:37:13Z
2026-06-20T23:36:01Z,2026-06-21T01:36:01+0200,a960294c-15ac-429a-a83c-19bebfd529f7,2026-05-27T04:00:00Z,2026-05-27T06:00:00+0200,12265.93584,MW,DE,DE_LU,forecast_onshore_wind_generation,Wind Onshore,2026-06-20T23:37:13Z
2026-06-20T23:36:01Z,2026-06-21T01:36:01+0200,a960294c-15ac-429a-a83c-19bebfd529f7,2026-05-27T04:15:00Z,2026-05-27T06:15:00+0200,11865.49762,MW,DE,DE_LU,forecast_onshore_wind_generation,Wind Onshore,2026-06-20T23:37:13Z
2026-06-20T23:36:01Z,2026-06-21T01:36:01+0200,a960294c-15ac-429a-a83c-19bebfd529f7,2026-05-27T04:30:00Z,2026-05-27T06:30:00+0200,11491.27326,MW,DE,DE_LU,forecast_onshore_wind_generation,Wind Onshore,2026-06-20T23:37:13Z
2026-06-20T23:36:01Z,2026-06-21T01:36:01+0200,a960294c-15ac-429a-a83c-19bebfd529f7,2026-05-27T04:45:00Z,2026-05-27T06:45:00+0200,11117.93306,MW,DE,DE_LU,forecast_onshore_wind_generation,Wind Onshore,2026-06-20T23:37:13Z
2026-06-20T23:36:01Z,2026-06-21T01:36:01+0200,a960294c-15ac-429a-a83c-19bebfd529f7,2026-05-27T05:00:00Z,2026-05-27T07:00:00+0200,10753.47481,MW,DE,DE_LU,forecast_onshore_wind_generation,Wind Onshore,2026-06-20T23:37:13Z
2026-06-20T23:36:01Z,2026-06-21T01:36:01+0200,a960294c-15ac-429a-a83c-19bebfd529f7,2026-05-27T05:15:00Z,2026-05-27T07:15:00+0200,10442.81494,MW,DE,DE_LU,forecast_onshore_wind_generation,Wind Onshore,2026-06-20T23:37:13Z
2026-06-20T23:36:01Z,2026-06-21T01:36:01+0200,a960294c-15ac-429a-a83c-19bebfd529f7,2026-05-27T05:30:00Z,2026-05-27T07:30:00+0200,10157.45947,MW,DE,DE_LU,forecast_onshore_wind_generation,Wind Onshore,2026-06-20T23:37:13Z
2026-06-20T23:36:01Z,2026-06-21T01:36:01+0200,a960294c-15ac-429a-a83c-19bebfd529f7,2026-05-27T05:45:00Z,2026-05-27T07:45:00+0200,9855.98418,MW,DE,DE_LU,forecast_onshore_wind_generation,Wind Onshore,2026-06-20T23:37:13Z
2026-06-20T23:36:01Z,2026-06-21T01:36:01+0200,a960294c-15ac-429a-a83c-19bebfd529f7,2026-05-27T06:00:00Z,2026-05-27T08:00:00+0200,9499.10163,MW,DE,DE_LU,forecast_onshore_wind_generation,Wind Onshore,2026-06-20T23:37:13Z
2026-06-20T23:36:01Z,2026-06-21T01:36:01+0200,a960294c-15ac-429a-a83c-19bebfd529f7,2026-05-27T06:15:00Z,2026-05-27T08:15:00+0200,9053.03526,MW,DE,DE_LU,forecast_onshore_wind_generation,Wind Onshore,2026-06-20T23:37:13Z
2026-06-20T23:36:01Z,2026-06-21T01:36:01+0200,a960294c-15ac-429a-a83c-19bebfd529f7,2026-05-27T06:30:00Z,2026-05-27T08:30:00+0200,8623.31252,MW,DE,DE_LU,forecast_onshore_wind_generation,Wind Onshore,2026-06-20T23:37:13Z
2026-06-20T23:36:01Z,2026-06-21T01:36:01+0200,a960294c-15ac-429a-a83c-19bebfd529f7,2026-05-27T06:45:00Z,2026-05-27T08:45:00+0200,8202.2409,MW,DE,DE_LU,forecast_onshore_wind_generation,Wind Onshore,2026-06-20T23:37:13Z
2026-06-20T23:36:01Z,2026-06-21T01:36:01+0200,a960294c-15ac-429a-a83c-19bebfd529f7,2026-05-27T07:00:00Z,2026-05-27T09:00:00+0200,7810.38686,MW,DE,DE_LU,forecast_onshore_wind_generation,Wind Onshore,2026-06-20T23:37:13Z
2026-06-20T23:36:01Z,2026-06-21T01:36:01+0200,a960294c-15ac-429a-a83c-19bebfd529f7,2026-05-27T07:15:00Z,2026-05-27T09:15:00+0200,7655.07555,MW,DE,DE_LU,forecast_onshore_wind_generation,Wind Onshore,2026-06-20T23:37:13Z
2026-06-20T23:36:01Z,2026-06-21T01:36:01+0200,a960294c-15ac-429a-a83c-19bebfd529f7,2026-05-27T07:30:00Z,2026-05-27T09:30:00+0200,7514.09743,MW,DE,DE_LU,forecast_onshore_wind_generation,Wind Onshore,2026-06-20T23:37:13Z
2026-06-20T23:36:01Z,2026-06-21T01:36:01+0200,a960294c-15ac-429a-a83c-19bebfd529f7,2026-05-27T07:45:00Z,2026-05-27T09:45:00+0200,7379.45527,MW,DE,DE_LU,forecast_onshore_wind_generation,Wind Onshore,2026-06-20T23:37:13Z
2026-06-20T23:36:01Z,2026-06-21T01:36:01+0200,a960294c-15ac-429a-a83c-19bebfd529f7,2026-05-27T08:00:00Z,2026-05-27T10:00:00+0200,7172.64952,MW,DE,DE_LU,forecast_onshore_wind_generation,Wind Onshore,2026-06-20T23:37:13Z
2026-06-20T23:36:01Z,2026-06-21T01:36:01+0200,a960294c-15ac-429a-a83c-19bebfd529f7,2026-05-27T08:15:00Z,2026-05-27T10:15:00+0200,7025.12584,MW,DE,DE_LU,forecast_onshore_wind_generation,Wind Onshore,2026-06-20T23:37:13Z
2026-06-20T23:36:01Z,2026-06-21T01:36:01+0200,a960294c-15ac-429a-a83c-19bebfd529f7,2026-05-27T08:30:00Z,2026-05-27T10:30:00+0200,6819.14599,MW,DE,DE_LU,forecast_onshore_wind_generation,Wind Onshore,2026-06-20T23:37:13Z
2026-06-20T23:36:01Z,2026-06-21T01:36:01+0200,a960294c-15ac-429a-a83c-19bebfd529f7,2026-05-27T08:45:00Z,2026-05-27T10:45:00+0200,6616.36546,MW,DE,DE_LU,forecast_onshore_wind_generation,Wind Onshore,2026-06-20T23:37:13Z
2026-06-20T23:36:01Z,2026-06-21T01:36:01+0200,a960294c-15ac-429a-a83c-19bebfd529f7,2026-05-27T09:00:00Z,2026-05-27T11:00:00+0200,6492.67514,MW,DE,DE_LU,forecast_onshore_wind_generation,Wind Onshore,2026-06-20T23:37:13Z
2026-06-20T23:36:01Z,2026-06-21T01:36:01+0200,a960294c-15ac-429a-a83c-19bebfd529f7,2026-05-27T09:15:00Z,2026-05-27T11:15:00+0200,6477.92199,MW,DE,DE_LU,forecast_onshore_wind_generation,Wind Onshore,2026-06-20T23:37:13Z
2026-06-20T23:36:01Z,2026-06-21T01:36:01+0200,a960294c-15ac-429a-a83c-19bebfd529f7,2026-05-27T09:30:00Z,2026-05-27T11:30:00+0200,6501.38755,MW,DE,DE_LU,forecast_onshore_wind_generation,Wind Onshore,2026-06-20T23:37:13Z
2026-06-20T23:36:01Z,2026-06-21T01:36:01+0200,a960294c-15ac-429a-a83c-19bebfd529f7,2026-05-27T09:45:00Z,2026-05-27T11:45:00+0200,6521.06853,MW,DE,DE_LU,forecast_onshore_wind_generation,Wind Onshore,2026-06-20T23:37:13Z
2026-06-20T23:36:01Z,2026-06-21T01:36:01+0200,a960294c-15ac-429a-a83c-19bebfd529f7,2026-05-27T10:00:00Z,2026-05-27T12:00:00+0200,6534.97436,MW,DE,DE_LU,forecast_onshore_wind_generation,Wind Onshore,2026-06-20T23:37:13Z
2026-06-20T23:36:01Z,2026-06-21T01:36:01+0200,a960294c-15ac-429a-a83c-19bebfd529f7,2026-05-27T10:15:00Z,2026-05-27T12:15:00+0200,6658.12339,MW,DE,DE_LU,forecast_onshore_wind_generation,Wind Onshore,2026-06-20T23:37:13Z
2026-06-20T23:36:01Z,2026-06-21T01:36:01+0200,a960294c-15ac-429a-a83c-19bebfd529f7,2026-05-27T10:30:00Z,2026-05-27T12:30:00+0200,6705.64927,MW,DE,DE_LU,forecast_onshore_wind_generation,Wind Onshore,2026-06-20T23:37:13Z
2026-06-20T23:36:01Z,2026-06-21T01:36:01+0200,a960294c-15ac-429a-a83c-19bebfd529f7,2026-05-27T10:45:00Z,2026-05-27T12:45:00+0200,6806.07773,MW,DE,DE_LU,forecast_onshore_wind_generation,Wind Onshore,2026-06-20T23:37:13Z
2026-06-20T23:36:01Z,2026-06-21T01:36:01+0200,a960294c-15ac-429a-a83c-19bebfd529f7,2026-05-27T11:00:00Z,2026-05-27T13:00:00+0200,6955.13382,MW,DE,DE_LU,forecast_onshore_wind_generation,Wind Onshore,2026-06-20T23:37:13Z
2026-06-20T23:36:01Z,2026-06-21T01:36:01+0200,a960294c-15ac-429a-a83c-19bebfd529f7,2026-05-27T11:15:00Z,2026-05-27T13:15:00+0200,7167.39121,MW,DE,DE_LU,forecast_onshore_wind_generation,Wind Onshore,2026-06-20T23:37:13Z
2026-06-20T23:36:01Z,2026-06-21T01:36:01+0200,a960294c-15ac-429a-a83c-19bebfd529f7,2026-05-27T11:30:00Z,2026-05-27T13:30:00+0200,7413.03984,MW,DE,DE_LU,forecast_onshore_wind_generation,Wind Onshore,2026-06-20T23:37:13Z
2026-06-20T23:36:01Z,2026-06-21T01:36:01+0200,a960294c-15ac-429a-a83c-19bebfd529f7,2026-05-27T11:45:00Z,2026-05-27T13:45:00+0200,7709.60732,MW,DE,DE_LU,forecast_onshore_wind_generation,Wind Onshore,2026-06-20T23:37:13Z
2026-06-20T23:36:01Z,2026-06-21T01:36:01+0200,a960294c-15ac-429a-a83c-19bebfd529f7,2026-05-27T12:00:00Z,2026-05-27T14:00:00+0200,8068.39872,MW,DE,DE_LU,forecast_onshore_wind_generation,Wind Onshore,2026-06-20T23:37:13Z
2026-06-20T23:36:01Z,2026-06-21T01:36:01+0200,a960294c-15ac-429a-a83c-19bebfd529f7,2026-05-27T12:15:00Z,2026-05-27T14:15:00+0200,8396.37172,MW,DE,DE_LU,forecast_onshore_wind_generation,Wind Onshore,2026-06-20T23:37:13Z
2026-06-20T23:36:01Z,2026-06-21T01:36:01+0200,a960294c-15ac-429a-a83c-19bebfd529f7,2026-05-27T12:30:00Z,2026-05-27T14:30:00+0200,8687.49727,MW,DE,DE_LU,forecast_onshore_wind_generation,Wind Onshore,2026-06-20T23:37:13Z
2026-06-20T23:36:01Z,2026-06-21T01:36:01+0200,a960294c-15ac-429a-a83c-19bebfd529f7,2026-05-27T12:45:00Z,2026-05-27T14:45:00+0200,9004.63265,MW,DE,DE_LU,forecast_onshore_wind_generation,Wind Onshore,2026-06-20T23:37:13Z
2026-06-20T23:36:01Z,2026-06-21T01:36:01+0200,a960294c-15ac-429a-a83c-19bebfd529f7,2026-05-27T13:00:00Z,2026-05-27T15:00:00+0200,9373.1993,MW,DE,DE_LU,forecast_onshore_wind_generation,Wind Onshore,2026-06-20T23:37:13Z
2026-06-20T23:36:01Z,2026-06-21T01:36:01+0200,a960294c-15ac-429a-a83c-19bebfd529f7,2026-05-27T13:15:00Z,2026-05-27T15:15:00+0200,9945.79691,MW,DE,DE_LU,forecast_onshore_wind_generation,Wind Onshore,2026-06-20T23:37:13Z
2026-06-20T23:36:01Z,2026-06-21T01:36:01+0200,a960294c-15ac-429a-a83c-19bebfd529f7,2026-05-27T13:30:00Z,2026-05-27T15:30:00+0200,10615.21629,MW,DE,DE_LU,forecast_onshore_wind_generation,Wind Onshore,2026-06-20T23:37:13Z
2026-06-20T23:36:01Z,2026-06-21T01:36:01+0200,a960294c-15ac-429a-a83c-19bebfd529f7,2026-05-27T13:45:00Z,2026-05-27T15:45:00+0200,11140.53884,MW,DE,DE_LU,forecast_onshore_wind_generation,Wind Onshore,2026-06-20T23:37:13Z
2026-06-20T23:36:01Z,2026-06-21T01:36:01+0200,a960294c-15ac-429a-a83c-19bebfd529f7,2026-05-27T14:00:00Z,2026-05-27T16:00:00+0200,11603.24816,MW,DE,DE_LU,forecast_onshore_wind_generation,Wind Onshore,2026-06-20T23:37:13Z
2026-06-20T23:36:01Z,2026-06-21T01:36:01+0200,a960294c-15ac-429a-a83c-19bebfd529f7,2026-05-27T14:15:00Z,2026-05-27T16:15:00+0200,12088.13072,MW,DE,DE_LU,forecast_onshore_wind_generation,Wind Onshore,2026-06-20T23:37:13Z
2026-06-20T23:36:01Z,2026-06-21T01:36:01+0200,a960294c-15ac-429a-a83c-19bebfd529f7,2026-05-27T14:30:00Z,2026-05-27T16:30:00+0200,12654.84929,MW,DE,DE_LU,forecast_onshore_wind_generation,Wind Onshore,2026-06-20T23:37:13Z
2026-06-20T23:36:01Z,2026-06-21T01:36:01+0200,a960294c-15ac-429a-a83c-19bebfd529f7,2026-05-27T14:45:00Z,2026-05-27T16:45:00+0200,13301.69755,MW,DE,DE_LU,forecast_onshore_wind_generation,Wind Onshore,2026-06-20T23:37:13Z
2026-06-20T23:36:01Z,2026-06-21T01:36:01+0200,a960294c-15ac-429a-a83c-19bebfd529f7,2026-05-27T15:00:00Z,2026-05-27T17:00:00+0200,14068.55087,MW,DE,DE_LU,forecast_onshore_wind_generation,Wind Onshore,2026-06-20T23:37:13Z
2026-06-20T23:36:01Z,2026-06-21T01:36:01+0200,a960294c-15ac-429a-a83c-19bebfd529f7,2026-05-27T15:15:00Z,2026-05-27T17:15:00+0200,14575.35108,MW,DE,DE_LU,forecast_onshore_wind_generation,Wind Onshore,2026-06-20T23:37:13Z
2026-06-20T23:36:01Z,2026-06-21T01:36:01+0200,a960294c-15ac-429a-a83c-19bebfd529f7,2026-05-27T15:30:00Z,2026-05-27T17:30:00+0200,14916.3277,MW,DE,DE_LU,forecast_onshore_wind_generation,Wind Onshore,2026-06-20T23:37:13Z
2026-06-20T23:36:01Z,2026-06-21T01:36:01+0200,a960294c-15ac-429a-a83c-19bebfd529f7,2026-05-27T15:45:00Z,2026-05-27T17:45:00+0200,15063.74502,MW,DE,DE_LU,forecast_onshore_wind_generation,Wind Onshore,2026-06-20T23:37:13Z
2026-06-20T23:36:01Z,2026-06-21T01:36:01+0200,a960294c-15ac-429a-a83c-19bebfd529f7,2026-05-27T16:00:00Z,2026-05-27T18:00:00+0200,15199.21687,MW,DE,DE_LU,forecast_onshore_wind_generation,Wind Onshore,2026-06-20T23:37:13Z
2026-06-20T23:36:01Z,2026-06-21T01:36:01+0200,a960294c-15ac-429a-a83c-19bebfd529f7,2026-05-27T16:15:00Z,2026-05-27T18:15:00+0200,15205.48311,MW,DE,DE_LU,forecast_onshore_wind_generation,Wind Onshore,2026-06-20T23:37:13Z
2026-06-20T23:36:01Z,2026-06-21T01:36:01+0200,a960294c-15ac-429a-a83c-19bebfd529f7,2026-05-27T16:30:00Z,2026-05-27T18:30:00+0200,15213.65839,MW,DE,DE_LU,forecast_onshore_wind_generation,Wind Onshore,2026-06-20T23:37:13Z
2026-06-20T23:36:01Z,2026-06-21T01:36:01+0200,a960294c-15ac-429a-a83c-19bebfd529f7,2026-05-27T16:45:00Z,2026-05-27T18:45:00+0200,15220.93421,MW,DE,DE_LU,forecast_onshore_wind_generation,Wind Onshore,2026-06-20T23:37:13Z
2026-06-20T23:36:01Z,2026-06-21T01:36:01+0200,a960294c-15ac-429a-a83c-19bebfd529f7,2026-05-27T17:00:00Z,2026-05-27T19:00:00+0200,15194.82618,MW,DE,DE_LU,forecast_onshore_wind_generation,Wind Onshore,2026-06-20T23:37:13Z
2026-06-20T23:36:01Z,2026-06-21T01:36:01+0200,a960294c-15ac-429a-a83c-19bebfd529f7,2026-05-27T17:15:00Z,2026-05-27T19:15:00+0200,14968.87114,MW,DE,DE_LU,forecast_onshore_wind_generation,Wind Onshore,2026-06-20T23:37:13Z
2026-06-20T23:36:01Z,2026-06-21T01:36:01+0200,a960294c-15ac-429a-a83c-19bebfd529f7,2026-05-27T17:30:00Z,2026-05-27T19:30:00+0200,14734.09616,MW,DE,DE_LU,forecast_onshore_wind_generation,Wind Onshore,2026-06-20T23:37:13Z
2026-06-20T23:36:01Z,2026-06-21T01:36:01+0200,a960294c-15ac-429a-a83c-19bebfd529f7,2026-05-27T17:45:00Z,2026-05-27T19:45:00+0200,14491.41745,MW,DE,DE_LU,forecast_onshore_wind_generation,Wind Onshore,2026-06-20T23:37:13Z
2026-06-20T23:36:01Z,2026-06-21T01:36:01+0200,a960294c-15ac-429a-a83c-19bebfd529f7,2026-05-27T18:00:00Z,2026-05-27T20:00:00+0200,14243.75719,MW,DE,DE_LU,forecast_onshore_wind_generation,Wind Onshore,2026-06-20T23:37:13Z
2026-06-20T23:36:01Z,2026-06-21T01:36:01+0200,a960294c-15ac-429a-a83c-19bebfd529f7,2026-05-27T18:15:00Z,2026-05-27T20:15:00+0200,14113.55902,MW,DE,DE_LU,forecast_onshore_wind_generation,Wind Onshore,2026-06-20T23:37:13Z
2026-06-20T23:36:01Z,2026-06-21T01:36:01+0200,a960294c-15ac-429a-a83c-19bebfd529f7,2026-05-27T18:30:00Z,2026-05-27T20:30:00+0200,13976.14572,MW,DE,DE_LU,forecast_onshore_wind_generation,Wind Onshore,2026-06-20T23:37:13Z
2026-06-20T23:36:01Z,2026-06-21T01:36:01+0200,a960294c-15ac-429a-a83c-19bebfd529f7,2026-05-27T18:45:00Z,2026-05-27T20:45:00+0200,13821.57717,MW,DE,DE_LU,forecast_onshore_wind_generation,Wind Onshore,2026-06-20T23:37:13Z
2026-06-20T23:36:01Z,2026-06-21T01:36:01+0200,a960294c-15ac-429a-a83c-19bebfd529f7,2026-05-27T19:00:00Z,2026-05-27T21:00:00+0200,13654.28149,MW,DE,DE_LU,forecast_onshore_wind_generation,Wind Onshore,2026-06-20T23:37:13Z
2026-06-20T23:36:01Z,2026-06-21T01:36:01+0200,a960294c-15ac-429a-a83c-19bebfd529f7,2026-05-27T19:15:00Z,2026-05-27T21:15:00+0200,13549.06901,MW,DE,DE_LU,forecast_onshore_wind_generation,Wind Onshore,2026-06-20T23:37:13Z
2026-06-20T23:36:01Z,2026-06-21T01:36:01+0200,a960294c-15ac-429a-a83c-19bebfd529f7,2026-05-27T19:30:00Z,2026-05-27T21:30:00+0200,13470.77259,MW,DE,DE_LU,forecast_onshore_wind_generation,Wind Onshore,2026-06-20T23:37:13Z
2026-06-20T23:36:01Z,2026-06-21T01:36:01+0200,a960294c-15ac-429a-a83c-19bebfd529f7,2026-05-27T19:45:00Z,2026-05-27T21:45:00+0200,13399.80554,MW,DE,DE_LU,forecast_onshore_wind_generation,Wind Onshore,2026-06-20T23:37:13Z
2026-06-20T23:36:01Z,2026-06-21T01:36:01+0200,a960294c-15ac-429a-a83c-19bebfd529f7,2026-05-27T20:00:00Z,2026-05-27T22:00:00+0200,13185.83992,MW,DE,DE_LU,forecast_onshore_wind_generation,Wind Onshore,2026-06-20T23:37:13Z
2026-06-20T23:36:01Z,2026-06-21T01:36:01+0200,a960294c-15ac-429a-a83c-19bebfd529f7,2026-05-27T20:15:00Z,2026-05-27T22:15:00+0200,12944.82642,MW,DE,DE_LU,forecast_onshore_wind_generation,Wind Onshore,2026-06-20T23:37:13Z
2026-06-20T23:36:01Z,2026-06-21T01:36:01+0200,a960294c-15ac-429a-a83c-19bebfd529f7,2026-05-27T20:30:00Z,2026-05-27T22:30:00+0200,12704.12044,MW,DE,DE_LU,forecast_onshore_wind_generation,Wind Onshore,2026-06-20T23:37:13Z
2026-06-20T23:36:01Z,2026-06-21T01:36:01+0200,a960294c-15ac-429a-a83c-19bebfd529f7,2026-05-27T20:45:00Z,2026-05-27T22:45:00+0200,12456.60869,MW,DE,DE_LU,forecast_onshore_wind_generation,Wind Onshore,2026-06-20T23:37:13Z
2026-06-20T23:36:01Z,2026-06-21T01:36:01+0200,a960294c-15ac-429a-a83c-19bebfd529f7,2026-05-27T21:00:00Z,2026-05-27T23:00:00+0200,12190.28358,MW,DE,DE_LU,forecast_onshore_wind_generation,Wind Onshore,2026-06-20T23:37:13Z
2026-06-20T23:36:01Z,2026-06-21T01:36:01+0200,a960294c-15ac-429a-a83c-19bebfd529f7,2026-05-27T21:15:00Z,2026-05-27T23:15:00+0200,11826.59469,MW,DE,DE_LU,forecast_onshore_wind_generation,Wind Onshore,2026-06-20T23:37:13Z
2026-06-20T23:36:01Z,2026-06-21T01:36:01+0200,a960294c-15ac-429a-a83c-19bebfd529f7,2026-05-27T21:30:00Z,2026-05-27T23:30:00+0200,11459.41351,MW,DE,DE_LU,forecast_onshore_wind_generation,Wind Onshore,2026-06-20T23:37:13Z
2026-06-20T23:36:01Z,2026-06-21T01:36:01+0200,a960294c-15ac-429a-a83c-19bebfd529f7,2026-05-27T21:45:00Z,2026-05-27T23:45:00+0200,11090.48255,MW,DE,DE_LU,forecast_onshore_wind_generation,Wind Onshore,2026-06-20T23:37:13Z
2026-06-20T23:36:01Z,2026-06-21T01:36:01+0200,a960294c-15ac-429a-a83c-19bebfd529f7,2026-05-27T22:00:00Z,2026-05-28T00:00:00+0200,10139.10834,MW,DE,DE_LU,forecast_onshore_wind_generation,Wind Onshore,2026-06-20T23:37:13Z
2026-06-20T23:36:01Z,2026-06-21T01:36:01+0200,a960294c-15ac-429a-a83c-19bebfd529f7,2026-05-27T22:15:00Z,2026-05-28T00:15:00+0200,9766.33919,MW,DE,DE_LU,forecast_onshore_wind_generation,Wind Onshore,2026-06-20T23:37:13Z
2026-06-20T23:36:01Z,2026-06-21T01:36:01+0200,a960294c-15ac-429a-a83c-19bebfd529f7,2026-05-27T22:30:00Z,2026-05-28T00:30:00+0200,9390.59644,MW,DE,DE_LU,forecast_onshore_wind_generation,Wind Onshore,2026-06-20T23:37:13Z
2026-06-20T23:36:01Z,2026-06-21T01:36:01+0200,a960294c-15ac-429a-a83c-19bebfd529f7,2026-05-27T22:45:00Z,2026-05-28T00:45:00+0200,9016.52308,MW,DE,DE_LU,forecast_onshore_wind_generation,Wind Onshore,2026-06-20T23:37:13Z
2026-06-20T23:36:01Z,2026-06-21T01:36:01+0200,a960294c-15ac-429a-a83c-19bebfd529f7,2026-05-27T23:00:00Z,2026-05-28T01:00:00+0200,8649.29282,MW,DE,DE_LU,forecast_onshore_wind_generation,Wind Onshore,2026-06-20T23:37:13Z
2026-06-20T23:36:01Z,2026-06-21T01:36:01+0200,a960294c-15ac-429a-a83c-19bebfd529f7,2026-05-27T23:15:00Z,2026-05-28T01:15:00+0200,8332.70513,MW,DE,DE_LU,forecast_onshore_wind_generation,Wind Onshore,2026-06-20T23:37:13Z
2026-06-20T23:36:01Z,2026-06-21T01:36:01+0200,a960294c-15ac-429a-a83c-19bebfd529f7,2026-05-27T23:30:00Z,2026-05-28T01:30:00+0200,8016.13744,MW,DE,DE_LU,forecast_onshore_wind_generation,Wind Onshore,2026-06-20T23:37:13Z
2026-06-20T23:36:01Z,2026-06-21T01:36:01+0200,a960294c-15ac-429a-a83c-19bebfd529f7,2026-05-27T23:45:00Z,2026-05-28T01:45:00+0200,7710.66167,MW,DE,DE_LU,forecast_onshore_wind_generation,Wind Onshore,2026-06-20T23:37:13Z
2026-06-20T23:36:01Z,2026-06-21T01:36:01+0200,a960294c-15ac-429a-a83c-19bebfd529f7,2026-05-28T00:00:00Z,2026-05-28T02:00:00+0200,7459.26241,MW,DE,DE_LU,forecast_onshore_wind_generation,Wind Onshore,2026-06-20T23:37:13Z
2026-06-20T23:36:01Z,2026-06-21T01:36:01+0200,a960294c-15ac-429a-a83c-19bebfd529f7,2026-05-28T00:15:00Z,2026-05-28T02:15:00+0200,7248.9932,MW,DE,DE_LU,forecast_onshore_wind_generation,Wind Onshore,2026-06-20T23:37:13Z
2026-06-20T23:36:01Z,2026-06-21T01:36:01+0200,a960294c-15ac-429a-a83c-19bebfd529f7,2026-05-28T00:30:00Z,2026-05-28T02:30:00+0200,7033.82937,MW,DE,DE_LU,forecast_onshore_wind_generation,Wind Onshore,2026-06-20T23:37:13Z
2026-06-20T23:36:01Z,2026-06-21T01:36:01+0200,a960294c-15ac-429a-a83c-19bebfd529f7,2026-05-28T00:45:00Z,2026-05-28T02:45:00+0200,6815.94615,MW,DE,DE_LU,forecast_onshore_wind_generation,Wind Onshore,2026-06-20T23:37:13Z
2026-06-20T23:36:01Z,2026-06-21T01:36:01+0200,a960294c-15ac-429a-a83c-19bebfd529f7,2026-05-28T01:00:00Z,2026-05-28T03:00:00+0200,6602.27067,MW,DE,DE_LU,forecast_onshore_wind_generation,Wind Onshore,2026-06-20T23:37:13Z
2026-06-20T23:36:01Z,2026-06-21T01:36:01+0200,a960294c-15ac-429a-a83c-19bebfd529f7,2026-05-28T01:15:00Z,2026-05-28T03:15:00+0200,6427.19385,MW,DE,DE_LU,forecast_onshore_wind_generation,Wind Onshore,2026-06-20T23:37:13Z
2026-06-20T23:36:01Z,2026-06-21T01:36:01+0200,a960294c-15ac-429a-a83c-19bebfd529f7,2026-05-28T01:30:00Z,2026-05-28T03:30:00+0200,6253.35427,MW,DE,DE_LU,forecast_onshore_wind_generation,Wind Onshore,2026-06-20T23:37:13Z
2026-06-20T23:36:01Z,2026-06-21T01:36:01+0200,a960294c-15ac-429a-a83c-19bebfd529f7,2026-05-28T01:45:00Z,2026-05-28T03:45:00+0200,6080.76092,MW,DE,DE_LU,forecast_onshore_wind_generation,Wind Onshore,2026-06-20T23:37:13Z
2026-06-20T23:36:01Z,2026-06-21T01:36:01+0200,a960294c-15ac-429a-a83c-19bebfd529f7,2026-05-28T02:00:00Z,2026-05-28T04:00:00+0200,5906.75057,MW,DE,DE_LU,forecast_onshore_wind_generation,Wind Onshore,2026-06-20T23:37:13Z
2026-06-20T23:36:01Z,2026-06-21T01:36:01+0200,a960294c-15ac-429a-a83c-19bebfd529f7,2026-05-28T02:15:00Z,2026-05-28T04:15:00+0200,5798.91014,MW,DE,DE_LU,forecast_onshore_wind_generation,Wind Onshore,2026-06-20T23:37:13Z
2026-06-20T23:36:01Z,2026-06-21T01:36:01+0200,a960294c-15ac-429a-a83c-19bebfd529f7,2026-05-28T02:30:00Z,2026-05-28T04:30:00+0200,5693.54638,MW,DE,DE_LU,forecast_onshore_wind_generation,Wind Onshore,2026-06-20T23:37:13Z
2026-06-20T23:36:01Z,2026-06-21T01:36:01+0200,a960294c-15ac-429a-a83c-19bebfd529f7,2026-05-28T02:45:00Z,2026-05-28T04:45:00+0200,5582.72897,MW,DE,DE_LU,forecast_onshore_wind_generation,Wind Onshore,2026-06-20T23:37:13Z
2026-06-20T23:36:01Z,2026-06-21T01:36:01+0200,a960294c-15ac-429a-a83c-19bebfd529f7,2026-05-28T03:00:00Z,2026-05-28T05:00:00+0200,5452.61669,MW,DE,DE_LU,forecast_onshore_wind_generation,Wind Onshore,2026-06-20T23:37:13Z
2026-06-20T23:36:01Z,2026-06-21T01:36:01+0200,a960294c-15ac-429a-a83c-19bebfd529f7,2026-05-28T03:15:00Z,2026-05-28T05:15:00+0200,5308.95079,MW,DE,DE_LU,forecast_onshore_wind_generation,Wind Onshore,2026-06-20T23:37:13Z
2026-06-20T23:36:01Z,2026-06-21T01:36:01+0200,a960294c-15ac-429a-a83c-19bebfd529f7,2026-05-28T03:30:00Z,2026-05-28T05:30:00+0200,5153.76851,MW,DE,DE_LU,forecast_onshore_wind_generation,Wind Onshore,2026-06-20T23:37:13Z
2026-06-20T23:36:01Z,2026-06-21T01:36:01+0200,a960294c-15ac-429a-a83c-19bebfd529f7,2026-05-28T03:45:00Z,2026-05-28T05:45:00+0200,4999.10256,MW,DE,DE_LU,forecast_onshore_wind_generation,Wind Onshore,2026-06-20T23:37:13Z
2026-06-20T23:36:01Z,2026-06-21T01:36:01+0200,a960294c-15ac-429a-a83c-19bebfd529f7,2026-05-28T04:00:00Z,2026-05-28T06:00:00+0200,4828.29715,MW,DE,DE_LU,forecast_onshore_wind_generation,Wind Onshore,2026-06-20T23:37:13Z
2026-06-20T23:36:01Z,2026-06-21T01:36:01+0200,a960294c-15ac-429a-a83c-19bebfd529f7,2026-05-28T04:15:00Z,2026-05-28T06:15:00+0200,4441.03088,MW,DE,DE_LU,forecast_onshore_wind_generation,Wind Onshore,2026-06-20T23:37:13Z
2026-06-20T23:36:01Z,2026-06-21T01:36:01+0200,a960294c-15ac-429a-a83c-19bebfd529f7,2026-05-28T04:30:00Z,2026-05-28T06:30:00+0200,4048.26575,MW,DE,DE_LU,forecast_onshore_wind_generation,Wind Onshore,2026-06-20T23:37:13Z
2026-06-20T23:36:01Z,2026-06-21T01:36:01+0200,a960294c-15ac-429a-a83c-19bebfd529f7,2026-05-28T04:45:00Z,2026-05-28T06:45:00+0200,3639.95404,MW,DE,DE_LU,forecast_onshore_wind_generation,Wind Onshore,2026-06-20T23:37:13Z
2026-06-20T23:36:01Z,2026-06-21T01:36:01+0200,a960294c-15ac-429a-a83c-19bebfd529f7,2026-05-28T05:00:00Z,2026-05-28T07:00:00+0200,3265.16922,MW,DE,DE_LU,forecast_onshore_wind_generation,Wind Onshore,2026-06-20T23:37:13Z
2026-06-20T23:36:01Z,2026-06-21T01:36:01+0200,a960294c-15ac-429a-a83c-19bebfd529f7,2026-05-28T05:15:00Z,2026-05-28T07:15:00+0200,2844.21808,MW,DE,DE_LU,forecast_onshore_wind_generation,Wind Onshore,2026-06-20T23:37:13Z
2026-06-20T23:36:01Z,2026-06-21T01:36:01+0200,a960294c-15ac-429a-a83c-19bebfd529f7,2026-05-28T05:30:00Z,2026-05-28T07:30:00+0200,2436.75377,MW,DE,DE_LU,forecast_onshore_wind_generation,Wind Onshore,2026-06-20T23:37:13Z
2026-06-20T23:36:01Z,2026-06-21T01:36:01+0200,a960294c-15ac-429a-a83c-19bebfd529f7,2026-05-28T05:45:00Z,2026-05-28T07:45:00+0200,2039.56341,MW,DE,DE_LU,forecast_onshore_wind_generation,Wind Onshore,2026-06-20T23:37:13Z
2026-06-20T23:36:01Z,2026-06-21T01:36:01+0200,a960294c-15ac-429a-a83c-19bebfd529f7,2026-05-28T06:00:00Z,2026-05-28T08:00:00+0200,1776.70248,MW,DE,DE_LU,forecast_onshore_wind_generation,Wind Onshore,2026-06-20T23:37:13Z
2026-06-20T23:36:01Z,2026-06-21T01:36:01+0200,a960294c-15ac-429a-a83c-19bebfd529f7,2026-05-28T06:15:00Z,2026-05-28T08:15:00+0200,1600.57804,MW,DE,DE_LU,forecast_onshore_wind_generation,Wind Onshore,2026-06-20T23:37:13Z
2026-06-20T23:36:01Z,2026-06-21T01:36:01+0200,a960294c-15ac-429a-a83c-19bebfd529f7,2026-05-28T06:30:00Z,2026-05-28T08:30:00+0200,1441.9622,MW,DE,DE_LU,forecast_onshore_wind_generation,Wind Onshore,2026-06-20T23:37:13Z
2026-06-20T23:36:01Z,2026-06-21T01:36:01+0200,a960294c-15ac-429a-a83c-19bebfd529f7,2026-05-28T06:45:00Z,2026-05-28T08:45:00+0200,1294.42729,MW,DE,DE_LU,forecast_onshore_wind_generation,Wind Onshore,2026-06-20T23:37:13Z
2026-06-20T23:36:01Z,2026-06-21T01:36:01+0200,a960294c-15ac-429a-a83c-19bebfd529f7,2026-05-28T07:00:00Z,2026-05-28T09:00:00+0200,1165.24666,MW,DE,DE_LU,forecast_onshore_wind_generation,Wind Onshore,2026-06-20T23:37:13Z
2026-06-20T23:36:01Z,2026-06-21T01:36:01+0200,a960294c-15ac-429a-a83c-19bebfd529f7,2026-05-28T07:15:00Z,2026-05-28T09:15:00+0200,1120.01449,MW,DE,DE_LU,forecast_onshore_wind_generation,Wind Onshore,2026-06-20T23:37:13Z
2026-06-20T23:36:01Z,2026-06-21T01:36:01+0200,a960294c-15ac-429a-a83c-19bebfd529f7,2026-05-28T07:30:00Z,2026-05-28T09:30:00+0200,1056.13833,MW,DE,DE_LU,forecast_onshore_wind_generation,Wind Onshore,2026-06-20T23:37:13Z
2026-06-20T23:36:01Z,2026-06-21T01:36:01+0200,a960294c-15ac-429a-a83c-19bebfd529f7,2026-05-28T07:45:00Z,2026-05-28T09:45:00+0200,992.8714,MW,DE,DE_LU,forecast_onshore_wind_generation,Wind Onshore,2026-06-20T23:37:13Z
2026-06-20T23:36:01Z,2026-06-21T01:36:01+0200,a960294c-15ac-429a-a83c-19bebfd529f7,2026-05-28T08:00:00Z,2026-05-28T10:00:00+0200,937.84092,MW,DE,DE_LU,forecast_onshore_wind_generation,Wind Onshore,2026-06-20T23:37:13Z
2026-06-20T23:36:01Z,2026-06-21T01:36:01+0200,a960294c-15ac-429a-a83c-19bebfd529f7,2026-05-28T08:15:00Z,2026-05-28T10:15:00+0200,916.47578,MW,DE,DE_LU,forecast_onshore_wind_generation,Wind Onshore,2026-06-20T23:37:13Z
2026-06-20T23:36:01Z,2026-06-21T01:36:01+0200,a960294c-15ac-429a-a83c-19bebfd529f7,2026-05-28T08:30:00Z,2026-05-28T10:30:00+0200,900.41448,MW,DE,DE_LU,forecast_onshore_wind_generation,Wind Onshore,2026-06-20T23:37:13Z
2026-06-20T23:36:01Z,2026-06-21T01:36:01+0200,a960294c-15ac-429a-a83c-19bebfd529f7,2026-05-28T08:45:00Z,2026-05-28T10:45:00+0200,874.18896,MW,DE,DE_LU,forecast_onshore_wind_generation,Wind Onshore,2026-06-20T23:37:13Z
2026-06-20T23:36:01Z,2026-06-21T01:36:01+0200,a960294c-15ac-429a-a83c-19bebfd529f7,2026-05-28T09:00:00Z,2026-05-28T11:00:00+0200,824.31659,MW,DE,DE_LU,forecast_onshore_wind_generation,Wind Onshore,2026-06-20T23:37:13Z
2026-06-20T23:36:01Z,2026-06-21T01:36:01+0200,a960294c-15ac-429a-a83c-19bebfd529f7,2026-05-28T09:15:00Z,2026-05-28T11:15:00+0200,771.33469,MW,DE,DE_LU,forecast_onshore_wind_generation,Wind Onshore,2026-06-20T23:37:13Z
2026-06-20T23:36:01Z,2026-06-21T01:36:01+0200,a960294c-15ac-429a-a83c-19bebfd529f7,2026-05-28T09:30:00Z,2026-05-28T11:30:00+0200,722.67808,MW,DE,DE_LU,forecast_onshore_wind_generation,Wind Onshore,2026-06-20T23:37:13Z
2026-06-20T23:36:01Z,2026-06-21T01:36:01+0200,a960294c-15ac-429a-a83c-19bebfd529f7,2026-05-28T09:45:00Z,2026-05-28T11:45:00+0200,688.57597,MW,DE,DE_LU,forecast_onshore_wind_generation,Wind Onshore,2026-06-20T23:37:13Z
2026-06-20T23:36:01Z,2026-06-21T01:36:01+0200,a960294c-15ac-429a-a83c-19bebfd529f7,2026-05-28T10:00:00Z,2026-05-28T12:00:00+0200,669.58848,MW,DE,DE_LU,forecast_onshore_wind_generation,Wind Onshore,2026-06-20T23:37:13Z
2026-06-20T23:36:01Z,2026-06-21T01:36:01+0200,a960294c-15ac-429a-a83c-19bebfd529f7,2026-05-28T10:15:00Z,2026-05-28T12:15:00+0200,667.50255,MW,DE,DE_LU,forecast_onshore_wind_generation,Wind Onshore,2026-06-20T23:37:13Z
2026-06-20T23:36:01Z,2026-06-21T01:36:01+0200,a960294c-15ac-429a-a83c-19bebfd529f7,2026-05-28T10:30:00Z,2026-05-28T12:30:00+0200,669.4271,MW,DE,DE_LU,forecast_onshore_wind_generation,Wind Onshore,2026-06-20T23:37:13Z
2026-06-20T23:36:01Z,2026-06-21T01:36:01+0200,a960294c-15ac-429a-a83c-19bebfd529f7,2026-05-28T10:45:00Z,2026-05-28T12:45:00+0200,676.10422,MW,DE,DE_LU,forecast_onshore_wind_generation,Wind Onshore,2026-06-20T23:37:13Z
2026-06-20T23:36:01Z,2026-06-21T01:36:01+0200,a960294c-15ac-429a-a83c-19bebfd529f7,2026-05-28T11:00:00Z,2026-05-28T13:00:00+0200,684.77288,MW,DE,DE_LU,forecast_onshore_wind_generation,Wind Onshore,2026-06-20T23:37:13Z
2026-06-20T23:36:01Z,2026-06-21T01:36:01+0200,a960294c-15ac-429a-a83c-19bebfd529f7,2026-05-28T11:15:00Z,2026-05-28T13:15:00+0200,705.50238,MW,DE,DE_LU,forecast_onshore_wind_generation,Wind Onshore,2026-06-20T23:37:13Z
2026-06-20T23:36:01Z,2026-06-21T01:36:01+0200,a960294c-15ac-429a-a83c-19bebfd529f7,2026-05-28T11:30:00Z,2026-05-28T13:30:00+0200,728.85009,MW,DE,DE_LU,forecast_onshore_wind_generation,Wind Onshore,2026-06-20T23:37:13Z
2026-06-20T23:36:01Z,2026-06-21T01:36:01+0200,a960294c-15ac-429a-a83c-19bebfd529f7,2026-05-28T11:45:00Z,2026-05-28T13:45:00+0200,756.31391,MW,DE,DE_LU,forecast_onshore_wind_generation,Wind Onshore,2026-06-20T23:37:13Z
2026-06-20T23:36:01Z,2026-06-21T01:36:01+0200,a960294c-15ac-429a-a83c-19bebfd529f7,2026-05-28T12:00:00Z,2026-05-28T14:00:00+0200,790.08745,MW,DE,DE_LU,forecast_onshore_wind_generation,Wind Onshore,2026-06-20T23:37:13Z
2026-06-20T23:36:01Z,2026-06-21T01:36:01+0200,a960294c-15ac-429a-a83c-19bebfd529f7,2026-05-28T12:15:00Z,2026-05-28T14:15:00+0200,837.12523,MW,DE,DE_LU,forecast_onshore_wind_generation,Wind Onshore,2026-06-20T23:37:13Z
2026-06-20T23:36:01Z,2026-06-21T01:36:01+0200,a960294c-15ac-429a-a83c-19bebfd529f7,2026-05-28T12:30:00Z,2026-05-28T14:30:00+0200,892.41299,MW,DE,DE_LU,forecast_onshore_wind_generation,Wind Onshore,2026-06-20T23:37:13Z
2026-06-20T23:36:01Z,2026-06-21T01:36:01+0200,a960294c-15ac-429a-a83c-19bebfd529f7,2026-05-28T12:45:00Z,2026-05-28T14:45:00+0200,962.74613,MW,DE,DE_LU,forecast_onshore_wind_generation,Wind Onshore,2026-06-20T23:37:13Z
2026-06-20T23:36:01Z,2026-06-21T01:36:01+0200,a960294c-15ac-429a-a83c-19bebfd529f7,2026-05-28T13:00:00Z,2026-05-28T15:00:00+0200,1042.08629,MW,DE,DE_LU,forecast_onshore_wind_generation,Wind Onshore,2026-06-20T23:37:13Z
2026-06-20T23:36:01Z,2026-06-21T01:36:01+0200,a960294c-15ac-429a-a83c-19bebfd529f7,2026-05-28T13:15:00Z,2026-05-28T15:15:00+0200,1120.65111,MW,DE,DE_LU,forecast_onshore_wind_generation,Wind Onshore,2026-06-20T23:37:13Z
2026-06-20T23:36:01Z,2026-06-21T01:36:01+0200,a960294c-15ac-429a-a83c-19bebfd529f7,2026-05-28T13:30:00Z,2026-05-28T15:30:00+0200,1185.34179,MW,DE,DE_LU,forecast_onshore_wind_generation,Wind Onshore,2026-06-20T23:37:13Z
2026-06-20T23:36:01Z,2026-06-21T01:36:01+0200,a960294c-15ac-429a-a83c-19bebfd529f7,2026-05-28T13:45:00Z,2026-05-28T15:45:00+0200,1244.36798,MW,DE,DE_LU,forecast_onshore_wind_generation,Wind Onshore,2026-06-20T23:37:13Z
2026-06-20T23:36:01Z,2026-06-21T01:36:01+0200,a960294c-15ac-429a-a83c-19bebfd529f7,2026-05-28T14:00:00Z,2026-05-28T16:00:00+0200,1295.22208,MW,DE,DE_LU,forecast_onshore_wind_generation,Wind Onshore,2026-06-20T23:37:13Z
2026-06-20T23:36:01Z,2026-06-21T01:36:01+0200,a960294c-15ac-429a-a83c-19bebfd529f7,2026-05-28T14:15:00Z,2026-05-28T16:15:00+0200,1339.27106,MW,DE,DE_LU,forecast_onshore_wind_generation,Wind Onshore,2026-06-20T23:37:13Z
2026-06-20T23:36:01Z,2026-06-21T01:36:01+0200,a960294c-15ac-429a-a83c-19bebfd529f7,2026-05-28T14:30:00Z,2026-05-28T16:30:00+0200,1378.5204,MW,DE,DE_LU,forecast_onshore_wind_generation,Wind Onshore,2026-06-20T23:37:13Z
2026-06-20T23:36:01Z,2026-06-21T01:36:01+0200,a960294c-15ac-429a-a83c-19bebfd529f7,2026-05-28T14:45:00Z,2026-05-28T16:45:00+0200,1412.50113,MW,DE,DE_LU,forecast_onshore_wind_generation,Wind Onshore,2026-06-20T23:37:13Z
2026-06-20T23:36:01Z,2026-06-21T01:36:01+0200,a960294c-15ac-429a-a83c-19bebfd529f7,2026-05-28T15:00:00Z,2026-05-28T17:00:00+0200,1445.83,MW,DE,DE_LU,forecast_onshore_wind_generation,Wind Onshore,2026-06-20T23:37:13Z
2026-06-20T23:36:01Z,2026-06-21T01:36:01+0200,a960294c-15ac-429a-a83c-19bebfd529f7,2026-05-28T15:15:00Z,2026-05-28T17:15:00+0200,1461.1987,MW,DE,DE_LU,forecast_onshore_wind_generation,Wind Onshore,2026-06-20T23:37:13Z
2026-06-20T23:36:01Z,2026-06-21T01:36:01+0200,a960294c-15ac-429a-a83c-19bebfd529f7,2026-05-28T15:30:00Z,2026-05-28T17:30:00+0200,1479.08174,MW,DE,DE_LU,forecast_onshore_wind_generation,Wind Onshore,2026-06-20T23:37:13Z
2026-06-20T23:36:01Z,2026-06-21T01:36:01+0200,a960294c-15ac-429a-a83c-19bebfd529f7,2026-05-28T15:45:00Z,2026-05-28T17:45:00+0200,1493.90342,MW,DE,DE_LU,forecast_onshore_wind_generation,Wind Onshore,2026-06-20T23:37:13Z
2026-06-20T23:36:01Z,2026-06-21T01:36:01+0200,a960294c-15ac-429a-a83c-19bebfd529f7,2026-05-28T16:00:00Z,2026-05-28T18:00:00+0200,1510.51354,MW,DE,DE_LU,forecast_onshore_wind_generation,Wind Onshore,2026-06-20T23:37:13Z
2026-06-20T23:36:01Z,2026-06-21T01:36:01+0200,a960294c-15ac-429a-a83c-19bebfd529f7,2026-05-28T16:15:00Z,2026-05-28T18:15:00+0200,1509.30923,MW,DE,DE_LU,forecast_onshore_wind_generation,Wind Onshore,2026-06-20T23:37:13Z
2026-06-20T23:36:01Z,2026-06-21T01:36:01+0200,a960294c-15ac-429a-a83c-19bebfd529f7,2026-05-28T16:30:00Z,2026-05-28T18:30:00+0200,1507.47728,MW,DE,DE_LU,forecast_onshore_wind_generation,Wind Onshore,2026-06-20T23:37:13Z
2026-06-20T23:36:01Z,2026-06-21T01:36:01+0200,a960294c-15ac-429a-a83c-19bebfd529f7,2026-05-28T16:45:00Z,2026-05-28T18:45:00+0200,1505.38715,MW,DE,DE_LU,forecast_onshore_wind_generation,Wind Onshore,2026-06-20T23:37:13Z
2026-06-20T23:36:01Z,2026-06-21T01:36:01+0200,a960294c-15ac-429a-a83c-19bebfd529f7,2026-05-28T17:00:00Z,2026-05-28T19:00:00+0200,1497.80093,MW,DE,DE_LU,forecast_onshore_wind_generation,Wind Onshore,2026-06-20T23:37:13Z
2026-06-20T23:36:01Z,2026-06-21T01:36:01+0200,a960294c-15ac-429a-a83c-19bebfd529f7,2026-05-28T17:15:00Z,2026-05-28T19:15:00+0200,1526.71846,MW,DE,DE_LU,forecast_onshore_wind_generation,Wind Onshore,2026-06-20T23:37:13Z
2026-06-20T23:36:01Z,2026-06-21T01:36:01+0200,a960294c-15ac-429a-a83c-19bebfd529f7,2026-05-28T17:30:00Z,2026-05-28T19:30:00+0200,1552.62577,MW,DE,DE_LU,forecast_onshore_wind_generation,Wind Onshore,2026-06-20T23:37:13Z
2026-06-20T23:36:01Z,2026-06-21T01:36:01+0200,a960294c-15ac-429a-a83c-19bebfd529f7,2026-05-28T17:45:00Z,2026-05-28T19:45:00+0200,1580.73569,MW,DE,DE_LU,forecast_onshore_wind_generation,Wind Onshore,2026-06-20T23:37:13Z
2026-06-20T23:36:01Z,2026-06-21T01:36:01+0200,a960294c-15ac-429a-a83c-19bebfd529f7,2026-05-28T18:00:00Z,2026-05-28T20:00:00+0200,1611.3295,MW,DE,DE_LU,forecast_onshore_wind_generation,Wind Onshore,2026-06-20T23:37:13Z
2026-06-20T23:36:01Z,2026-06-21T01:36:01+0200,a960294c-15ac-429a-a83c-19bebfd529f7,2026-05-28T18:15:00Z,2026-05-28T20:15:00+0200,1725.48842,MW,DE,DE_LU,forecast_onshore_wind_generation,Wind Onshore,2026-06-20T23:37:13Z
2026-06-20T23:36:01Z,2026-06-21T01:36:01+0200,a960294c-15ac-429a-a83c-19bebfd529f7,2026-05-28T18:30:00Z,2026-05-28T20:30:00+0200,1831.62917,MW,DE,DE_LU,forecast_onshore_wind_generation,Wind Onshore,2026-06-20T23:37:13Z
2026-06-20T23:36:01Z,2026-06-21T01:36:01+0200,a960294c-15ac-429a-a83c-19bebfd529f7,2026-05-28T18:45:00Z,2026-05-28T20:45:00+0200,1920.63355,MW,DE,DE_LU,forecast_onshore_wind_generation,Wind Onshore,2026-06-20T23:37:13Z
2026-06-20T23:36:01Z,2026-06-21T01:36:01+0200,a960294c-15ac-429a-a83c-19bebfd529f7,2026-05-28T19:00:00Z,2026-05-28T21:00:00+0200,1965.60535,MW,DE,DE_LU,forecast_onshore_wind_generation,Wind Onshore,2026-06-20T23:37:13Z
2026-06-20T23:36:01Z,2026-06-21T01:36:01+0200,a960294c-15ac-429a-a83c-19bebfd529f7,2026-05-28T19:15:00Z,2026-05-28T21:15:00+0200,2000.00527,MW,DE,DE_LU,forecast_onshore_wind_generation,Wind Onshore,2026-06-20T23:37:13Z
2026-06-20T23:36:01Z,2026-06-21T01:36:01+0200,a960294c-15ac-429a-a83c-19bebfd529f7,2026-05-28T19:30:00Z,2026-05-28T21:30:00+0200,2051.39046,MW,DE,DE_LU,forecast_onshore_wind_generation,Wind Onshore,2026-06-20T23:37:13Z
2026-06-20T23:36:01Z,2026-06-21T01:36:01+0200,a960294c-15ac-429a-a83c-19bebfd529f7,2026-05-28T19:45:00Z,2026-05-28T21:45:00+0200,2111.30727,MW,DE,DE_LU,forecast_onshore_wind_generation,Wind Onshore,2026-06-20T23:37:13Z
2026-06-20T23:36:01Z,2026-06-21T01:36:01+0200,a960294c-15ac-429a-a83c-19bebfd529f7,2026-05-28T20:00:00Z,2026-05-28T22:00:00+0200,2178.21515,MW,DE,DE_LU,forecast_onshore_wind_generation,Wind Onshore,2026-06-20T23:37:13Z
2026-06-20T23:36:01Z,2026-06-21T01:36:01+0200,a960294c-15ac-429a-a83c-19bebfd529f7,2026-05-28T20:15:00Z,2026-05-28T22:15:00+0200,2184.334,MW,DE,DE_LU,forecast_onshore_wind_generation,Wind Onshore,2026-06-20T23:37:13Z
2026-06-20T23:36:01Z,2026-06-21T01:36:01+0200,a960294c-15ac-429a-a83c-19bebfd529f7,2026-05-28T20:30:00Z,2026-05-28T22:30:00+0200,2192.37873,MW,DE,DE_LU,forecast_onshore_wind_generation,Wind Onshore,2026-06-20T23:37:13Z
2026-06-20T23:36:01Z,2026-06-21T01:36:01+0200,a960294c-15ac-429a-a83c-19bebfd529f7,2026-05-28T20:45:00Z,2026-05-28T22:45:00+0200,2195.5063,MW,DE,DE_LU,forecast_onshore_wind_generation,Wind Onshore,2026-06-20T23:37:13Z
2026-06-20T23:36:01Z,2026-06-21T01:36:01+0200,a960294c-15ac-429a-a83c-19bebfd529f7,2026-05-28T21:00:00Z,2026-05-28T23:00:00+0200,2197.80536,MW,DE,DE_LU,forecast_onshore_wind_generation,Wind Onshore,2026-06-20T23:37:13Z
2026-06-20T23:36:01Z,2026-06-21T01:36:01+0200,a960294c-15ac-429a-a83c-19bebfd529f7,2026-05-28T21:15:00Z,2026-05-28T23:15:00+0200,2192.66653,MW,DE,DE_LU,forecast_onshore_wind_generation,Wind Onshore,2026-06-20T23:37:13Z
2026-06-20T23:36:01Z,2026-06-21T01:36:01+0200,a960294c-15ac-429a-a83c-19bebfd529f7,2026-05-28T21:30:00Z,2026-05-28T23:30:00+0200,2186.36091,MW,DE,DE_LU,forecast_onshore_wind_generation,Wind Onshore,2026-06-20T23:37:13Z
2026-06-20T23:36:01Z,2026-06-21T01:36:01+0200,a960294c-15ac-429a-a83c-19bebfd529f7,2026-05-28T21:45:00Z,2026-05-28T23:45:00+0200,2182.18807,MW,DE,DE_LU,forecast_onshore_wind_generation,Wind Onshore,2026-06-20T23:37:13Z
2026-06-20T23:36:01Z,2026-06-21T01:36:01+0200,a960294c-15ac-429a-a83c-19bebfd529f7,2026-05-28T22:00:00Z,2026-05-29T00:00:00+0200,2151.09347,MW,DE,DE_LU,forecast_onshore_wind_generation,Wind Onshore,2026-06-20T23:37:13Z
2026-06-20T23:36:01Z,2026-06-21T01:36:01+0200,a960294c-15ac-429a-a83c-19bebfd529f7,2026-05-28T22:15:00Z,2026-05-29T00:15:00+0200,2176.61895,MW,DE,DE_LU,forecast_onshore_wind_generation,Wind Onshore,2026-06-20T23:37:13Z
2026-06-20T23:36:01Z,2026-06-21T01:36:01+0200,a960294c-15ac-429a-a83c-19bebfd529f7,2026-05-28T22:30:00Z,2026-05-29T00:30:00+0200,2201.43031,MW,DE,DE_LU,forecast_onshore_wind_generation,Wind Onshore,2026-06-20T23:37:13Z
2026-06-20T23:36:01Z,2026-06-21T01:36:01+0200,a960294c-15ac-429a-a83c-19bebfd529f7,2026-05-28T22:45:00Z,2026-05-29T00:45:00+0200,2224.86752,MW,DE,DE_LU,forecast_onshore_wind_generation,Wind Onshore,2026-06-20T23:37:13Z
2026-06-20T23:36:01Z,2026-06-21T01:36:01+0200,a960294c-15ac-429a-a83c-19bebfd529f7,2026-05-28T23:00:00Z,2026-05-29T01:00:00+0200,2265.16933,MW,DE,DE_LU,forecast_onshore_wind_generation,Wind Onshore,2026-06-20T23:37:13Z
2026-06-20T23:36:01Z,2026-06-21T01:36:01+0200,a960294c-15ac-429a-a83c-19bebfd529f7,2026-05-28T23:15:00Z,2026-05-29T01:15:00+0200,2349.54124,MW,DE,DE_LU,forecast_onshore_wind_generation,Wind Onshore,2026-06-20T23:37:13Z
2026-06-20T23:36:01Z,2026-06-21T01:36:01+0200,a960294c-15ac-429a-a83c-19bebfd529f7,2026-05-28T23:30:00Z,2026-05-29T01:30:00+0200,2446.80696,MW,DE,DE_LU,forecast_onshore_wind_generation,Wind Onshore,2026-06-20T23:37:13Z
2026-06-20T23:36:01Z,2026-06-21T01:36:01+0200,a960294c-15ac-429a-a83c-19bebfd529f7,2026-05-28T23:45:00Z,2026-05-29T01:45:00+0200,2558.93238,MW,DE,DE_LU,forecast_onshore_wind_generation,Wind Onshore,2026-06-20T23:37:13Z
2026-06-20T23:36:01Z,2026-06-21T01:36:01+0200,a960294c-15ac-429a-a83c-19bebfd529f7,2026-05-29T00:00:00Z,2026-05-29T02:00:00+0200,2699.05621,MW,DE,DE_LU,forecast_onshore_wind_generation,Wind Onshore,2026-06-20T23:37:13Z
2026-06-20T23:36:01Z,2026-06-21T01:36:01+0200,a960294c-15ac-429a-a83c-19bebfd529f7,2026-05-29T00:15:00Z,2026-05-29T02:15:00+0200,2829.75139,MW,DE,DE_LU,forecast_onshore_wind_generation,Wind Onshore,2026-06-20T23:37:13Z
2026-06-20T23:36:01Z,2026-06-21T01:36:01+0200,a960294c-15ac-429a-a83c-19bebfd529f7,2026-05-29T00:30:00Z,2026-05-29T02:30:00+0200,2943.83184,MW,DE,DE_LU,forecast_onshore_wind_generation,Wind Onshore,2026-06-20T23:37:13Z
2026-06-20T23:36:01Z,2026-06-21T01:36:01+0200,a960294c-15ac-429a-a83c-19bebfd529f7,2026-05-29T00:45:00Z,2026-05-29T02:45:00+0200,3052.63701,MW,DE,DE_LU,forecast_onshore_wind_generation,Wind Onshore,2026-06-20T23:37:13Z
2026-06-20T23:36:01Z,2026-06-21T01:36:01+0200,a960294c-15ac-429a-a83c-19bebfd529f7,2026-05-29T01:00:00Z,2026-05-29T03:00:00+0200,3157.38532,MW,DE,DE_LU,forecast_onshore_wind_generation,Wind Onshore,2026-06-20T23:37:13Z
2026-06-20T23:36:01Z,2026-06-21T01:36:01+0200,a960294c-15ac-429a-a83c-19bebfd529f7,2026-05-29T01:15:00Z,2026-05-29T03:15:00+0200,3281.7798,MW,DE,DE_LU,forecast_onshore_wind_generation,Wind Onshore,2026-06-20T23:37:13Z
2026-06-20T23:36:01Z,2026-06-21T01:36:01+0200,a960294c-15ac-429a-a83c-19bebfd529f7,2026-05-29T01:30:00Z,2026-05-29T03:30:00+0200,3407.76052,MW,DE,DE_LU,forecast_onshore_wind_generation,Wind Onshore,2026-06-20T23:37:13Z
2026-06-20T23:36:01Z,2026-06-21T01:36:01+0200,a960294c-15ac-429a-a83c-19bebfd529f7,2026-05-29T01:45:00Z,2026-05-29T03:45:00+0200,3535.0236,MW,DE,DE_LU,forecast_onshore_wind_generation,Wind Onshore,2026-06-20T23:37:13Z
2026-06-20T23:36:01Z,2026-06-21T01:36:01+0200,a960294c-15ac-429a-a83c-19bebfd529f7,2026-05-29T02:00:00Z,2026-05-29T04:00:00+0200,3667.44896,MW,DE,DE_LU,forecast_onshore_wind_generation,Wind Onshore,2026-06-20T23:37:13Z
2026-06-20T23:36:01Z,2026-06-21T01:36:01+0200,a960294c-15ac-429a-a83c-19bebfd529f7,2026-05-29T02:15:00Z,2026-05-29T04:15:00+0200,3805.54929,MW,DE,DE_LU,forecast_onshore_wind_generation,Wind Onshore,2026-06-20T23:37:13Z
2026-06-20T23:36:01Z,2026-06-21T01:36:01+0200,a960294c-15ac-429a-a83c-19bebfd529f7,2026-05-29T02:30:00Z,2026-05-29T04:30:00+0200,3942.50729,MW,DE,DE_LU,forecast_onshore_wind_generation,Wind Onshore,2026-06-20T23:37:13Z
2026-06-20T23:36:01Z,2026-06-21T01:36:01+0200,a960294c-15ac-429a-a83c-19bebfd529f7,2026-05-29T02:45:00Z,2026-05-29T04:45:00+0200,4078.6298,MW,DE,DE_LU,forecast_onshore_wind_generation,Wind Onshore,2026-06-20T23:37:13Z
2026-06-20T23:36:01Z,2026-06-21T01:36:01+0200,a960294c-15ac-429a-a83c-19bebfd529f7,2026-05-29T03:00:00Z,2026-05-29T05:00:00+0200,4207.00986,MW,DE,DE_LU,forecast_onshore_wind_generation,Wind Onshore,2026-06-20T23:37:13Z
2026-06-20T23:36:01Z,2026-06-21T01:36:01+0200,a960294c-15ac-429a-a83c-19bebfd529f7,2026-05-29T03:15:00Z,2026-05-29T05:15:00+0200,4308.0294,MW,DE,DE_LU,forecast_onshore_wind_generation,Wind Onshore,2026-06-20T23:37:13Z
2026-06-20T23:36:01Z,2026-06-21T01:36:01+0200,a960294c-15ac-429a-a83c-19bebfd529f7,2026-05-29T03:30:00Z,2026-05-29T05:30:00+0200,4409.53805,MW,DE,DE_LU,forecast_onshore_wind_generation,Wind Onshore,2026-06-20T23:37:13Z
2026-06-20T23:36:01Z,2026-06-21T01:36:01+0200,a960294c-15ac-429a-a83c-19bebfd529f7,2026-05-29T03:45:00Z,2026-05-29T05:45:00+0200,4511.87856,MW,DE,DE_LU,forecast_onshore_wind_generation,Wind Onshore,2026-06-20T23:37:13Z
2026-06-20T23:36:01Z,2026-06-21T01:36:01+0200,a960294c-15ac-429a-a83c-19bebfd529f7,2026-05-29T04:00:00Z,2026-05-29T06:00:00+0200,4630.00671,MW,DE,DE_LU,forecast_onshore_wind_generation,Wind Onshore,2026-06-20T23:37:13Z
2026-06-20T23:36:01Z,2026-06-21T01:36:01+0200,a960294c-15ac-429a-a83c-19bebfd529f7,2026-05-29T04:15:00Z,2026-05-29T06:15:00+0200,4665.99379,MW,DE,DE_LU,forecast_onshore_wind_generation,Wind Onshore,2026-06-20T23:37:13Z
2026-06-20T23:36:01Z,2026-06-21T01:36:01+0200,a960294c-15ac-429a-a83c-19bebfd529f7,2026-05-29T04:30:00Z,2026-05-29T06:30:00+0200,4701.99532,MW,DE,DE_LU,forecast_onshore_wind_generation,Wind Onshore,2026-06-20T23:37:13Z
2026-06-20T23:36:01Z,2026-06-21T01:36:01+0200,a960294c-15ac-429a-a83c-19bebfd529f7,2026-05-29T04:45:00Z,2026-05-29T06:45:00+0200,4740.82232,MW,DE,DE_LU,forecast_onshore_wind_generation,Wind Onshore,2026-06-20T23:37:13Z
2026-06-20T23:36:01Z,2026-06-21T01:36:01+0200,a960294c-15ac-429a-a83c-19bebfd529f7,2026-05-29T05:00:00Z,2026-05-29T07:00:00+0200,4771.98492,MW,DE,DE_LU,forecast_onshore_wind_generation,Wind Onshore,2026-06-20T23:37:13Z
2026-06-20T23:36:01Z,2026-06-21T01:36:01+0200,a960294c-15ac-429a-a83c-19bebfd529f7,2026-05-29T05:15:00Z,2026-05-29T07:15:00+0200,4595.06511,MW,DE,DE_LU,forecast_onshore_wind_generation,Wind Onshore,2026-06-20T23:37:13Z
2026-06-20T23:36:01Z,2026-06-21T01:36:01+0200,a960294c-15ac-429a-a83c-19bebfd529f7,2026-05-29T05:30:00Z,2026-05-29T07:30:00+0200,4450.48802,MW,DE,DE_LU,forecast_onshore_wind_generation,Wind Onshore,2026-06-20T23:37:13Z
2026-06-20T23:36:01Z,2026-06-21T01:36:01+0200,a960294c-15ac-429a-a83c-19bebfd529f7,2026-05-29T05:45:00Z,2026-05-29T07:45:00+0200,4355.44387,MW,DE,DE_LU,forecast_onshore_wind_generation,Wind Onshore,2026-06-20T23:37:13Z
2026-06-20T23:36:01Z,2026-06-21T01:36:01+0200,a960294c-15ac-429a-a83c-19bebfd529f7,2026-05-29T06:00:00Z,2026-05-29T08:00:00+0200,4202.02283,MW,DE,DE_LU,forecast_onshore_wind_generation,Wind Onshore,2026-06-20T23:37:13Z
2026-06-20T23:36:01Z,2026-06-21T01:36:01+0200,a960294c-15ac-429a-a83c-19bebfd529f7,2026-05-29T06:15:00Z,2026-05-29T08:15:00+0200,3867.76855,MW,DE,DE_LU,forecast_onshore_wind_generation,Wind Onshore,2026-06-20T23:37:13Z
2026-06-20T23:36:01Z,2026-06-21T01:36:01+0200,a960294c-15ac-429a-a83c-19bebfd529f7,2026-05-29T06:30:00Z,2026-05-29T08:30:00+0200,3479.40662,MW,DE,DE_LU,forecast_onshore_wind_generation,Wind Onshore,2026-06-20T23:37:13Z
2026-06-20T23:36:01Z,2026-06-21T01:36:01+0200,a960294c-15ac-429a-a83c-19bebfd529f7,2026-05-29T06:45:00Z,2026-05-29T08:45:00+0200,3066.92312,MW,DE,DE_LU,forecast_onshore_wind_generation,Wind Onshore,2026-06-20T23:37:13Z
2026-06-20T23:36:01Z,2026-06-21T01:36:01+0200,a960294c-15ac-429a-a83c-19bebfd529f7,2026-05-29T07:00:00Z,2026-05-29T09:00:00+0200,2672.96367,MW,DE,DE_LU,forecast_onshore_wind_generation,Wind Onshore,2026-06-20T23:37:13Z
2026-06-20T23:36:01Z,2026-06-21T01:36:01+0200,a960294c-15ac-429a-a83c-19bebfd529f7,2026-05-29T07:15:00Z,2026-05-29T09:15:00+0200,2570.86259,MW,DE,DE_LU,forecast_onshore_wind_generation,Wind Onshore,2026-06-20T23:37:13Z
2026-06-20T23:36:01Z,2026-06-21T01:36:01+0200,a960294c-15ac-429a-a83c-19bebfd529f7,2026-05-29T07:30:00Z,2026-05-29T09:30:00+0200,2469.37941,MW,DE,DE_LU,forecast_onshore_wind_generation,Wind Onshore,2026-06-20T23:37:13Z
2026-06-20T23:36:01Z,2026-06-21T01:36:01+0200,a960294c-15ac-429a-a83c-19bebfd529f7,2026-05-29T07:45:00Z,2026-05-29T09:45:00+0200,2363.99944,MW,DE,DE_LU,forecast_onshore_wind_generation,Wind Onshore,2026-06-20T23:37:13Z
2026-06-20T23:36:01Z,2026-06-21T01:36:01+0200,a960294c-15ac-429a-a83c-19bebfd529f7,2026-05-29T08:00:00Z,2026-05-29T10:00:00+0200,2266.41203,MW,DE,DE_LU,forecast_onshore_wind_generation,Wind Onshore,2026-06-20T23:37:13Z
2026-06-20T23:36:01Z,2026-06-21T01:36:01+0200,a960294c-15ac-429a-a83c-19bebfd529f7,2026-05-29T08:15:00Z,2026-05-29T10:15:00+0200,2249.3614,MW,DE,DE_LU,forecast_onshore_wind_generation,Wind Onshore,2026-06-20T23:37:13Z
2026-06-20T23:36:01Z,2026-06-21T01:36:01+0200,a960294c-15ac-429a-a83c-19bebfd529f7,2026-05-29T08:30:00Z,2026-05-29T10:30:00+0200,2227.61557,MW,DE,DE_LU,forecast_onshore_wind_generation,Wind Onshore,2026-06-20T23:37:13Z
2026-06-20T23:36:01Z,2026-06-21T01:36:01+0200,a960294c-15ac-429a-a83c-19bebfd529f7,2026-05-29T08:45:00Z,2026-05-29T10:45:00+0200,2187.54095,MW,DE,DE_LU,forecast_onshore_wind_generation,Wind Onshore,2026-06-20T23:37:13Z
2026-06-20T23:36:01Z,2026-06-21T01:36:01+0200,a960294c-15ac-429a-a83c-19bebfd529f7,2026-05-29T09:00:00Z,2026-05-29T11:00:00+0200,2136.32269,MW,DE,DE_LU,forecast_onshore_wind_generation,Wind Onshore,2026-06-20T23:37:13Z
2026-06-20T23:36:01Z,2026-06-21T01:36:01+0200,a960294c-15ac-429a-a83c-19bebfd529f7,2026-05-29T09:15:00Z,2026-05-29T11:15:00+0200,2097.26107,MW,DE,DE_LU,forecast_onshore_wind_generation,Wind Onshore,2026-06-20T23:37:13Z
2026-06-20T23:36:01Z,2026-06-21T01:36:01+0200,a960294c-15ac-429a-a83c-19bebfd529f7,2026-05-29T09:30:00Z,2026-05-29T11:30:00+0200,2058.99382,MW,DE,DE_LU,forecast_onshore_wind_generation,Wind Onshore,2026-06-20T23:37:13Z
2026-06-20T23:36:01Z,2026-06-21T01:36:01+0200,a960294c-15ac-429a-a83c-19bebfd529f7,2026-05-29T09:45:00Z,2026-05-29T11:45:00+0200,2041.50371,MW,DE,DE_LU,forecast_onshore_wind_generation,Wind Onshore,2026-06-20T23:37:13Z
2026-06-20T23:36:01Z,2026-06-21T01:36:01+0200,a960294c-15ac-429a-a83c-19bebfd529f7,2026-05-29T10:00:00Z,2026-05-29T12:00:00+0200,2064.04612,MW,DE,DE_LU,forecast_onshore_wind_generation,Wind Onshore,2026-06-20T23:37:13Z
2026-06-20T23:36:01Z,2026-06-21T01:36:01+0200,a960294c-15ac-429a-a83c-19bebfd529f7,2026-05-29T10:15:00Z,2026-05-29T12:15:00+0200,2100.81728,MW,DE,DE_LU,forecast_onshore_wind_generation,Wind Onshore,2026-06-20T23:37:13Z
2026-06-20T23:36:01Z,2026-06-21T01:36:01+0200,a960294c-15ac-429a-a83c-19bebfd529f7,2026-05-29T10:30:00Z,2026-05-29T12:30:00+0200,2134.89758,MW,DE,DE_LU,forecast_onshore_wind_generation,Wind Onshore,2026-06-20T23:37:13Z
2026-06-20T23:36:01Z,2026-06-21T01:36:01+0200,a960294c-15ac-429a-a83c-19bebfd529f7,2026-05-29T10:45:00Z,2026-05-29T12:45:00+0200,2172.8775,MW,DE,DE_LU,forecast_onshore_wind_generation,Wind Onshore,2026-06-20T23:37:13Z
2026-06-20T23:36:01Z,2026-06-21T01:36:01+0200,a960294c-15ac-429a-a83c-19bebfd529f7,2026-05-29T11:00:00Z,2026-05-29T13:00:00+0200,2227.59177,MW,DE,DE_LU,forecast_onshore_wind_generation,Wind Onshore,2026-06-20T23:37:13Z
2026-06-20T23:36:01Z,2026-06-21T01:36:01+0200,a960294c-15ac-429a-a83c-19bebfd529f7,2026-05-29T11:15:00Z,2026-05-29T13:15:00+0200,2275.33733,MW,DE,DE_LU,forecast_onshore_wind_generation,Wind Onshore,2026-06-20T23:37:13Z
2026-06-20T23:36:01Z,2026-06-21T01:36:01+0200,a960294c-15ac-429a-a83c-19bebfd529f7,2026-05-29T11:30:00Z,2026-05-29T13:30:00+0200,2329.8335,MW,DE,DE_LU,forecast_onshore_wind_generation,Wind Onshore,2026-06-20T23:37:13Z
2026-06-20T23:36:01Z,2026-06-21T01:36:01+0200,a960294c-15ac-429a-a83c-19bebfd529f7,2026-05-29T11:45:00Z,2026-05-29T13:45:00+0200,2392.50635,MW,DE,DE_LU,forecast_onshore_wind_generation,Wind Onshore,2026-06-20T23:37:13Z
2026-06-20T23:36:01Z,2026-06-21T01:36:01+0200,a960294c-15ac-429a-a83c-19bebfd529f7,2026-05-29T12:00:00Z,2026-05-29T14:00:00+0200,2540.73666,MW,DE,DE_LU,forecast_onshore_wind_generation,Wind Onshore,2026-06-20T23:37:13Z
2026-06-20T23:36:01Z,2026-06-21T01:36:01+0200,a960294c-15ac-429a-a83c-19bebfd529f7,2026-05-29T12:15:00Z,2026-05-29T14:15:00+0200,2695.0021,MW,DE,DE_LU,forecast_onshore_wind_generation,Wind Onshore,2026-06-20T23:37:13Z
2026-06-20T23:36:01Z,2026-06-21T01:36:01+0200,a960294c-15ac-429a-a83c-19bebfd529f7,2026-05-29T12:30:00Z,2026-05-29T14:30:00+0200,2855.15242,MW,DE,DE_LU,forecast_onshore_wind_generation,Wind Onshore,2026-06-20T23:37:13Z
2026-06-20T23:36:01Z,2026-06-21T01:36:01+0200,a960294c-15ac-429a-a83c-19bebfd529f7,2026-05-29T12:45:00Z,2026-05-29T14:45:00+0200,3027.63476,MW,DE,DE_LU,forecast_onshore_wind_generation,Wind Onshore,2026-06-20T23:37:13Z
2026-06-20T23:36:01Z,2026-06-21T01:36:01+0200,a960294c-15ac-429a-a83c-19bebfd529f7,2026-05-29T13:00:00Z,2026-05-29T15:00:00+0200,3209.02599,MW,DE,DE_LU,forecast_onshore_wind_generation,Wind Onshore,2026-06-20T23:37:13Z
2026-06-20T23:36:01Z,2026-06-21T01:36:01+0200,a960294c-15ac-429a-a83c-19bebfd529f7,2026-05-29T13:15:00Z,2026-05-29T15:15:00+0200,3457.37757,MW,DE,DE_LU,forecast_onshore_wind_generation,Wind Onshore,2026-06-20T23:37:13Z
2026-06-20T23:36:01Z,2026-06-21T01:36:01+0200,a960294c-15ac-429a-a83c-19bebfd529f7,2026-05-29T13:30:00Z,2026-05-29T15:30:00+0200,3790.71341,MW,DE,DE_LU,forecast_onshore_wind_generation,Wind Onshore,2026-06-20T23:37:13Z
2026-06-20T23:36:01Z,2026-06-21T01:36:01+0200,a960294c-15ac-429a-a83c-19bebfd529f7,2026-05-29T13:45:00Z,2026-05-29T15:45:00+0200,4088.0385,MW,DE,DE_LU,forecast_onshore_wind_generation,Wind Onshore,2026-06-20T23:37:13Z
2026-06-20T23:36:01Z,2026-06-21T01:36:01+0200,a960294c-15ac-429a-a83c-19bebfd529f7,2026-05-29T14:00:00Z,2026-05-29T16:00:00+0200,4394.97747,MW,DE,DE_LU,forecast_onshore_wind_generation,Wind Onshore,2026-06-20T23:37:13Z
2026-06-20T23:36:01Z,2026-06-21T01:36:01+0200,a960294c-15ac-429a-a83c-19bebfd529f7,2026-05-29T14:15:00Z,2026-05-29T16:15:00+0200,4630.46495,MW,DE,DE_LU,forecast_onshore_wind_generation,Wind Onshore,2026-06-20T23:37:13Z
2026-06-20T23:36:01Z,2026-06-21T01:36:01+0200,a960294c-15ac-429a-a83c-19bebfd529f7,2026-05-29T14:30:00Z,2026-05-29T16:30:00+0200,4798.65469,MW,DE,DE_LU,forecast_onshore_wind_generation,Wind Onshore,2026-06-20T23:37:13Z
2026-06-20T23:36:01Z,2026-06-21T01:36:01+0200,a960294c-15ac-429a-a83c-19bebfd529f7,2026-05-29T14:45:00Z,2026-05-29T16:45:00+0200,4948.74125,MW,DE,DE_LU,forecast_onshore_wind_generation,Wind Onshore,2026-06-20T23:37:13Z
2026-06-20T23:36:01Z,2026-06-21T01:36:01+0200,a960294c-15ac-429a-a83c-19bebfd529f7,2026-05-29T15:00:00Z,2026-05-29T17:00:00+0200,5083.79202,MW,DE,DE_LU,forecast_onshore_wind_generation,Wind Onshore,2026-06-20T23:37:13Z
2026-06-20T23:36:01Z,2026-06-21T01:36:01+0200,a960294c-15ac-429a-a83c-19bebfd529f7,2026-05-29T15:15:00Z,2026-05-29T17:15:00+0200,5262.39034,MW,DE,DE_LU,forecast_onshore_wind_generation,Wind Onshore,2026-06-20T23:37:13Z
2026-06-20T23:36:01Z,2026-06-21T01:36:01+0200,a960294c-15ac-429a-a83c-19bebfd529f7,2026-05-29T15:30:00Z,2026-05-29T17:30:00+0200,5411.89399,MW,DE,DE_LU,forecast_onshore_wind_generation,Wind Onshore,2026-06-20T23:37:13Z
2026-06-20T23:36:01Z,2026-06-21T01:36:01+0200,a960294c-15ac-429a-a83c-19bebfd529f7,2026-05-29T15:45:00Z,2026-05-29T17:45:00+0200,5552.29569,MW,DE,DE_LU,forecast_onshore_wind_generation,Wind Onshore,2026-06-20T23:37:13Z
2026-06-20T23:36:01Z,2026-06-21T01:36:01+0200,a960294c-15ac-429a-a83c-19bebfd529f7,2026-05-29T16:00:00Z,2026-05-29T18:00:00+0200,5669.25658,MW,DE,DE_LU,forecast_onshore_wind_generation,Wind Onshore,2026-06-20T23:37:13Z
2026-06-20T23:36:01Z,2026-06-21T01:36:01+0200,a960294c-15ac-429a-a83c-19bebfd529f7,2026-05-29T16:15:00Z,2026-05-29T18:15:00+0200,5658.61784,MW,DE,DE_LU,forecast_onshore_wind_generation,Wind Onshore,2026-06-20T23:37:13Z
2026-06-20T23:36:01Z,2026-06-21T01:36:01+0200,a960294c-15ac-429a-a83c-19bebfd529f7,2026-05-29T16:30:00Z,2026-05-29T18:30:00+0200,5628.18557,MW,DE,DE_LU,forecast_onshore_wind_generation,Wind Onshore,2026-06-20T23:37:13Z
2026-06-20T23:36:01Z,2026-06-21T01:36:01+0200,a960294c-15ac-429a-a83c-19bebfd529f7,2026-05-29T16:45:00Z,2026-05-29T18:45:00+0200,5599.7778,MW,DE,DE_LU,forecast_onshore_wind_generation,Wind Onshore,2026-06-20T23:37:13Z
2026-06-20T23:36:01Z,2026-06-21T01:36:01+0200,a960294c-15ac-429a-a83c-19bebfd529f7,2026-05-29T17:00:00Z,2026-05-29T19:00:00+0200,5568.65503,MW,DE,DE_LU,forecast_onshore_wind_generation,Wind Onshore,2026-06-20T23:37:13Z
2026-06-20T23:36:01Z,2026-06-21T01:36:01+0200,a960294c-15ac-429a-a83c-19bebfd529f7,2026-05-29T17:15:00Z,2026-05-29T19:15:00+0200,5596.66378,MW,DE,DE_LU,forecast_onshore_wind_generation,Wind Onshore,2026-06-20T23:37:13Z
2026-06-20T23:36:01Z,2026-06-21T01:36:01+0200,a960294c-15ac-429a-a83c-19bebfd529f7,2026-05-29T17:30:00Z,2026-05-29T19:30:00+0200,5626.52178,MW,DE,DE_LU,forecast_onshore_wind_generation,Wind Onshore,2026-06-20T23:37:13Z
2026-06-20T23:36:01Z,2026-06-21T01:36:01+0200,a960294c-15ac-429a-a83c-19bebfd529f7,2026-05-29T17:45:00Z,2026-05-29T19:45:00+0200,5646.73847,MW,DE,DE_LU,forecast_onshore_wind_generation,Wind Onshore,2026-06-20T23:37:13Z
2026-06-20T23:36:01Z,2026-06-21T01:36:01+0200,a960294c-15ac-429a-a83c-19bebfd529f7,2026-05-29T18:00:00Z,2026-05-29T20:00:00+0200,5658.16619,MW,DE,DE_LU,forecast_onshore_wind_generation,Wind Onshore,2026-06-20T23:37:13Z
2026-06-20T23:36:01Z,2026-06-21T01:36:01+0200,a960294c-15ac-429a-a83c-19bebfd529f7,2026-05-29T18:15:00Z,2026-05-29T20:15:00+0200,5907.03734,MW,DE,DE_LU,forecast_onshore_wind_generation,Wind Onshore,2026-06-20T23:37:13Z
2026-06-20T23:36:01Z,2026-06-21T01:36:01+0200,a960294c-15ac-429a-a83c-19bebfd529f7,2026-05-29T18:30:00Z,2026-05-29T20:30:00+0200,6142.92574,MW,DE,DE_LU,forecast_onshore_wind_generation,Wind Onshore,2026-06-20T23:37:13Z
2026-06-20T23:36:01Z,2026-06-21T01:36:01+0200,a960294c-15ac-429a-a83c-19bebfd529f7,2026-05-29T18:45:00Z,2026-05-29T20:45:00+0200,6326.571,MW,DE,DE_LU,forecast_onshore_wind_generation,Wind Onshore,2026-06-20T23:37:13Z
2026-06-20T23:36:01Z,2026-06-21T01:36:01+0200,a960294c-15ac-429a-a83c-19bebfd529f7,2026-05-29T19:00:00Z,2026-05-29T21:00:00+0200,6534.82558,MW,DE,DE_LU,forecast_onshore_wind_generation,Wind Onshore,2026-06-20T23:37:13Z
2026-06-20T23:36:01Z,2026-06-21T01:36:01+0200,a960294c-15ac-429a-a83c-19bebfd529f7,2026-05-29T19:15:00Z,2026-05-29T21:15:00+0200,6896.34871,MW,DE,DE_LU,forecast_onshore_wind_generation,Wind Onshore,2026-06-20T23:37:13Z
2026-06-20T23:36:01Z,2026-06-21T01:36:01+0200,a960294c-15ac-429a-a83c-19bebfd529f7,2026-05-29T19:30:00Z,2026-05-29T21:30:00+0200,7274.64794,MW,DE,DE_LU,forecast_onshore_wind_generation,Wind Onshore,2026-06-20T23:37:13Z
2026-06-20T23:36:01Z,2026-06-21T01:36:01+0200,a960294c-15ac-429a-a83c-19bebfd529f7,2026-05-29T19:45:00Z,2026-05-29T21:45:00+0200,7655.1947,MW,DE,DE_LU,forecast_onshore_wind_generation,Wind Onshore,2026-06-20T23:37:13Z
2026-06-20T23:36:01Z,2026-06-21T01:36:01+0200,a960294c-15ac-429a-a83c-19bebfd529f7,2026-05-29T20:00:00Z,2026-05-29T22:00:00+0200,8029.92712,MW,DE,DE_LU,forecast_onshore_wind_generation,Wind Onshore,2026-06-20T23:37:13Z
2026-06-20T23:36:01Z,2026-06-21T01:36:01+0200,a960294c-15ac-429a-a83c-19bebfd529f7,2026-05-29T20:15:00Z,2026-05-29T22:15:00+0200,8525.51823,MW,DE,DE_LU,forecast_onshore_wind_generation,Wind Onshore,2026-06-20T23:37:13Z
2026-06-20T23:36:01Z,2026-06-21T01:36:01+0200,a960294c-15ac-429a-a83c-19bebfd529f7,2026-05-29T20:30:00Z,2026-05-29T22:30:00+0200,8999.82726,MW,DE,DE_LU,forecast_onshore_wind_generation,Wind Onshore,2026-06-20T23:37:13Z
2026-06-20T23:36:01Z,2026-06-21T01:36:01+0200,a960294c-15ac-429a-a83c-19bebfd529f7,2026-05-29T20:45:00Z,2026-05-29T22:45:00+0200,9475.14892,MW,DE,DE_LU,forecast_onshore_wind_generation,Wind Onshore,2026-06-20T23:37:13Z
2026-06-20T23:36:01Z,2026-06-21T01:36:01+0200,a960294c-15ac-429a-a83c-19bebfd529f7,2026-05-29T21:00:00Z,2026-05-29T23:00:00+0200,9917.42431,MW,DE,DE_LU,forecast_onshore_wind_generation,Wind Onshore,2026-06-20T23:37:13Z
2026-06-20T23:36:01Z,2026-06-21T01:36:01+0200,a960294c-15ac-429a-a83c-19bebfd529f7,2026-05-29T21:15:00Z,2026-05-29T23:15:00+0200,10156.9948,MW,DE,DE_LU,forecast_onshore_wind_generation,Wind Onshore,2026-06-20T23:37:13Z
2026-06-20T23:36:01Z,2026-06-21T01:36:01+0200,a960294c-15ac-429a-a83c-19bebfd529f7,2026-05-29T21:30:00Z,2026-05-29T23:30:00+0200,10392.9926,MW,DE,DE_LU,forecast_onshore_wind_generation,Wind Onshore,2026-06-20T23:37:13Z
2026-06-20T23:36:01Z,2026-06-21T01:36:01+0200,a960294c-15ac-429a-a83c-19bebfd529f7,2026-05-29T21:45:00Z,2026-05-29T23:45:00+0200,10622.32312,MW,DE,DE_LU,forecast_onshore_wind_generation,Wind Onshore,2026-06-20T23:37:13Z
2026-06-20T23:36:01Z,2026-06-21T01:36:01+0200,a960294c-15ac-429a-a83c-19bebfd529f7,2026-05-29T22:00:00Z,2026-05-30T00:00:00+0200,10221.31116,MW,DE,DE_LU,forecast_onshore_wind_generation,Wind Onshore,2026-06-20T23:37:13Z
2026-06-20T23:36:01Z,2026-06-21T01:36:01+0200,a960294c-15ac-429a-a83c-19bebfd529f7,2026-05-29T22:15:00Z,2026-05-30T00:15:00+0200,10301.63538,MW,DE,DE_LU,forecast_onshore_wind_generation,Wind Onshore,2026-06-20T23:37:13Z
2026-06-20T23:36:01Z,2026-06-21T01:36:01+0200,a960294c-15ac-429a-a83c-19bebfd529f7,2026-05-29T22:30:00Z,2026-05-30T00:30:00+0200,10372.46818,MW,DE,DE_LU,forecast_onshore_wind_generation,Wind Onshore,2026-06-20T23:37:13Z
2026-06-20T23:36:01Z,2026-06-21T01:36:01+0200,a960294c-15ac-429a-a83c-19bebfd529f7,2026-05-29T22:45:00Z,2026-05-30T00:45:00+0200,10459.17194,MW,DE,DE_LU,forecast_onshore_wind_generation,Wind Onshore,2026-06-20T23:37:13Z
2026-06-20T23:36:01Z,2026-06-21T01:36:01+0200,a960294c-15ac-429a-a83c-19bebfd529f7,2026-05-29T23:00:00Z,2026-05-30T01:00:00+0200,10516.47086,MW,DE,DE_LU,forecast_onshore_wind_generation,Wind Onshore,2026-06-20T23:37:13Z
2026-06-20T23:36:01Z,2026-06-21T01:36:01+0200,a960294c-15ac-429a-a83c-19bebfd529f7,2026-05-29T23:15:00Z,2026-05-30T01:15:00+0200,10396.37997,MW,DE,DE_LU,forecast_onshore_wind_generation,Wind Onshore,2026-06-20T23:37:13Z
2026-06-20T23:36:01Z,2026-06-21T01:36:01+0200,a960294c-15ac-429a-a83c-19bebfd529f7,2026-05-29T23:30:00Z,2026-05-30T01:30:00+0200,10287.35635,MW,DE,DE_LU,forecast_onshore_wind_generation,Wind Onshore,2026-06-20T23:37:13Z
2026-06-20T23:36:01Z,2026-06-21T01:36:01+0200,a960294c-15ac-429a-a83c-19bebfd529f7,2026-05-29T23:45:00Z,2026-05-30T01:45:00+0200,10197.40429,MW,DE,DE_LU,forecast_onshore_wind_generation,Wind Onshore,2026-06-20T23:37:13Z
2026-06-20T23:36:01Z,2026-06-21T01:36:01+0200,a960294c-15ac-429a-a83c-19bebfd529f7,2026-05-30T00:00:00Z,2026-05-30T02:00:00+0200,10104.95319,MW,DE,DE_LU,forecast_onshore_wind_generation,Wind Onshore,2026-06-20T23:37:13Z
2026-06-20T23:36:01Z,2026-06-21T01:36:01+0200,a960294c-15ac-429a-a83c-19bebfd529f7,2026-05-30T00:15:00Z,2026-05-30T02:15:00+0200,10029.36917,MW,DE,DE_LU,forecast_onshore_wind_generation,Wind Onshore,2026-06-20T23:37:13Z
2026-06-20T23:36:01Z,2026-06-21T01:36:01+0200,a960294c-15ac-429a-a83c-19bebfd529f7,2026-05-30T00:30:00Z,2026-05-30T02:30:00+0200,9923.21722,MW,DE,DE_LU,forecast_onshore_wind_generation,Wind Onshore,2026-06-20T23:37:13Z
2026-06-20T23:36:01Z,2026-06-21T01:36:01+0200,a960294c-15ac-429a-a83c-19bebfd529f7,2026-05-30T00:45:00Z,2026-05-30T02:45:00+0200,9796.55232,MW,DE,DE_LU,forecast_onshore_wind_generation,Wind Onshore,2026-06-20T23:37:13Z
2026-06-20T23:36:01Z,2026-06-21T01:36:01+0200,a960294c-15ac-429a-a83c-19bebfd529f7,2026-05-30T01:00:00Z,2026-05-30T03:00:00+0200,9699.75747,MW,DE,DE_LU,forecast_onshore_wind_generation,Wind Onshore,2026-06-20T23:37:13Z
2026-06-20T23:36:01Z,2026-06-21T01:36:01+0200,a960294c-15ac-429a-a83c-19bebfd529f7,2026-05-30T01:15:00Z,2026-05-30T03:15:00+0200,9680.38836,MW,DE,DE_LU,forecast_onshore_wind_generation,Wind Onshore,2026-06-20T23:37:13Z
2026-06-20T23:36:01Z,2026-06-21T01:36:01+0200,a960294c-15ac-429a-a83c-19bebfd529f7,2026-05-30T01:30:00Z,2026-05-30T03:30:00+0200,9655.67799,MW,DE,DE_LU,forecast_onshore_wind_generation,Wind Onshore,2026-06-20T23:37:13Z
2026-06-20T23:36:01Z,2026-06-21T01:36:01+0200,a960294c-15ac-429a-a83c-19bebfd529f7,2026-05-30T01:45:00Z,2026-05-30T03:45:00+0200,9622.38214,MW,DE,DE_LU,forecast_onshore_wind_generation,Wind Onshore,2026-06-20T23:37:13Z
2026-06-20T23:36:01Z,2026-06-21T01:36:01+0200,a960294c-15ac-429a-a83c-19bebfd529f7,2026-05-30T02:00:00Z,2026-05-30T04:00:00+0200,9603.95577,MW,DE,DE_LU,forecast_onshore_wind_generation,Wind Onshore,2026-06-20T23:37:13Z
2026-06-20T23:36:01Z,2026-06-21T01:36:01+0200,a960294c-15ac-429a-a83c-19bebfd529f7,2026-05-30T02:15:00Z,2026-05-30T04:15:00+0200,9541.80513,MW,DE,DE_LU,forecast_onshore_wind_generation,Wind Onshore,2026-06-20T23:37:13Z
2026-06-20T23:36:01Z,2026-06-21T01:36:01+0200,a960294c-15ac-429a-a83c-19bebfd529f7,2026-05-30T02:30:00Z,2026-05-30T04:30:00+0200,9480.3124,MW,DE,DE_LU,forecast_onshore_wind_generation,Wind Onshore,2026-06-20T23:37:13Z
2026-06-20T23:36:01Z,2026-06-21T01:36:01+0200,a960294c-15ac-429a-a83c-19bebfd529f7,2026-05-30T02:45:00Z,2026-05-30T04:45:00+0200,9419.85234,MW,DE,DE_LU,forecast_onshore_wind_generation,Wind Onshore,2026-06-20T23:37:13Z
2026-06-20T23:36:01Z,2026-06-21T01:36:01+0200,a960294c-15ac-429a-a83c-19bebfd529f7,2026-05-30T03:00:00Z,2026-05-30T05:00:00+0200,9348.68835,MW,DE,DE_LU,forecast_onshore_wind_generation,Wind Onshore,2026-06-20T23:37:13Z
2026-06-20T23:36:01Z,2026-06-21T01:36:01+0200,a960294c-15ac-429a-a83c-19bebfd529f7,2026-05-30T03:15:00Z,2026-05-30T05:15:00+0200,9190.65257,MW,DE,DE_LU,forecast_onshore_wind_generation,Wind Onshore,2026-06-20T23:37:13Z
2026-06-20T23:36:01Z,2026-06-21T01:36:01+0200,a960294c-15ac-429a-a83c-19bebfd529f7,2026-05-30T03:30:00Z,2026-05-30T05:30:00+0200,9036.54955,MW,DE,DE_LU,forecast_onshore_wind_generation,Wind Onshore,2026-06-20T23:37:13Z
2026-06-20T23:36:01Z,2026-06-21T01:36:01+0200,a960294c-15ac-429a-a83c-19bebfd529f7,2026-05-30T03:45:00Z,2026-05-30T05:45:00+0200,8884.7237,MW,DE,DE_LU,forecast_onshore_wind_generation,Wind Onshore,2026-06-20T23:37:13Z
2026-06-20T23:36:01Z,2026-06-21T01:36:01+0200,a960294c-15ac-429a-a83c-19bebfd529f7,2026-05-30T04:00:00Z,2026-05-30T06:00:00+0200,8804.08101,MW,DE,DE_LU,forecast_onshore_wind_generation,Wind Onshore,2026-06-20T23:37:13Z
2026-06-20T23:36:01Z,2026-06-21T01:36:01+0200,a960294c-15ac-429a-a83c-19bebfd529f7,2026-05-30T04:15:00Z,2026-05-30T06:15:00+0200,8520.04408,MW,DE,DE_LU,forecast_onshore_wind_generation,Wind Onshore,2026-06-20T23:37:13Z
2026-06-20T23:36:01Z,2026-06-21T01:36:01+0200,a960294c-15ac-429a-a83c-19bebfd529f7,2026-05-30T04:30:00Z,2026-05-30T06:30:00+0200,8249.20996,MW,DE,DE_LU,forecast_onshore_wind_generation,Wind Onshore,2026-06-20T23:37:13Z
2026-06-20T23:36:01Z,2026-06-21T01:36:01+0200,a960294c-15ac-429a-a83c-19bebfd529f7,2026-05-30T04:45:00Z,2026-05-30T06:45:00+0200,7985.55641,MW,DE,DE_LU,forecast_onshore_wind_generation,Wind Onshore,2026-06-20T23:37:13Z
2026-06-20T23:36:01Z,2026-06-21T01:36:01+0200,a960294c-15ac-429a-a83c-19bebfd529f7,2026-05-30T05:00:00Z,2026-05-30T07:00:00+0200,7719.84106,MW,DE,DE_LU,forecast_onshore_wind_generation,Wind Onshore,2026-06-20T23:37:13Z
2026-06-20T23:36:01Z,2026-06-21T01:36:01+0200,a960294c-15ac-429a-a83c-19bebfd529f7,2026-05-30T05:15:00Z,2026-05-30T07:15:00+0200,7412.10063,MW,DE,DE_LU,forecast_onshore_wind_generation,Wind Onshore,2026-06-20T23:37:13Z
2026-06-20T23:36:01Z,2026-06-21T01:36:01+0200,a960294c-15ac-429a-a83c-19bebfd529f7,2026-05-30T05:30:00Z,2026-05-30T07:30:00+0200,7110.0305,MW,DE,DE_LU,forecast_onshore_wind_generation,Wind Onshore,2026-06-20T23:37:13Z
2026-06-20T23:36:01Z,2026-06-21T01:36:01+0200,a960294c-15ac-429a-a83c-19bebfd529f7,2026-05-30T05:45:00Z,2026-05-30T07:45:00+0200,6821.5216,MW,DE,DE_LU,forecast_onshore_wind_generation,Wind Onshore,2026-06-20T23:37:13Z
2026-06-20T23:36:01Z,2026-06-21T01:36:01+0200,a960294c-15ac-429a-a83c-19bebfd529f7,2026-05-30T06:00:00Z,2026-05-30T08:00:00+0200,6621.95278,MW,DE,DE_LU,forecast_onshore_wind_generation,Wind Onshore,2026-06-20T23:37:13Z
2026-06-20T23:36:01Z,2026-06-21T01:36:01+0200,a960294c-15ac-429a-a83c-19bebfd529f7,2026-05-30T06:15:00Z,2026-05-30T08:15:00+0200,6499.62797,MW,DE,DE_LU,forecast_onshore_wind_generation,Wind Onshore,2026-06-20T23:37:13Z
2026-06-20T23:36:01Z,2026-06-21T01:36:01+0200,a960294c-15ac-429a-a83c-19bebfd529f7,2026-05-30T06:30:00Z,2026-05-30T08:30:00+0200,6366.51517,MW,DE,DE_LU,forecast_onshore_wind_generation,Wind Onshore,2026-06-20T23:37:13Z
2026-06-20T23:36:01Z,2026-06-21T01:36:01+0200,a960294c-15ac-429a-a83c-19bebfd529f7,2026-05-30T06:45:00Z,2026-05-30T08:45:00+0200,6231.39345,MW,DE,DE_LU,forecast_onshore_wind_generation,Wind Onshore,2026-06-20T23:37:13Z
2026-06-20T23:36:01Z,2026-06-21T01:36:01+0200,a960294c-15ac-429a-a83c-19bebfd529f7,2026-05-30T07:00:00Z,2026-05-30T09:00:00+0200,6094.61378,MW,DE,DE_LU,forecast_onshore_wind_generation,Wind Onshore,2026-06-20T23:37:13Z
2026-06-20T23:36:01Z,2026-06-21T01:36:01+0200,a960294c-15ac-429a-a83c-19bebfd529f7,2026-05-30T07:15:00Z,2026-05-30T09:15:00+0200,6140.07122,MW,DE,DE_LU,forecast_onshore_wind_generation,Wind Onshore,2026-06-20T23:37:13Z
2026-06-20T23:36:01Z,2026-06-21T01:36:01+0200,a960294c-15ac-429a-a83c-19bebfd529f7,2026-05-30T07:30:00Z,2026-05-30T09:30:00+0200,6159.64734,MW,DE,DE_LU,forecast_onshore_wind_generation,Wind Onshore,2026-06-20T23:37:13Z
2026-06-20T23:36:01Z,2026-06-21T01:36:01+0200,a960294c-15ac-429a-a83c-19bebfd529f7,2026-05-30T07:45:00Z,2026-05-30T09:45:00+0200,6069.58301,MW,DE,DE_LU,forecast_onshore_wind_generation,Wind Onshore,2026-06-20T23:37:13Z
2026-06-20T23:36:01Z,2026-06-21T01:36:01+0200,a960294c-15ac-429a-a83c-19bebfd529f7,2026-05-30T08:00:00Z,2026-05-30T10:00:00+0200,6007.25575,MW,DE,DE_LU,forecast_onshore_wind_generation,Wind Onshore,2026-06-20T23:37:13Z
2026-06-20T23:36:01Z,2026-06-21T01:36:01+0200,a960294c-15ac-429a-a83c-19bebfd529f7,2026-05-30T08:15:00Z,2026-05-30T10:15:00+0200,6059.42668,MW,DE,DE_LU,forecast_onshore_wind_generation,Wind Onshore,2026-06-20T23:37:13Z
2026-06-20T23:36:01Z,2026-06-21T01:36:01+0200,a960294c-15ac-429a-a83c-19bebfd529f7,2026-05-30T08:30:00Z,2026-05-30T10:30:00+0200,6103.45102,MW,DE,DE_LU,forecast_onshore_wind_generation,Wind Onshore,2026-06-20T23:37:13Z
2026-06-20T23:36:01Z,2026-06-21T01:36:01+0200,a960294c-15ac-429a-a83c-19bebfd529f7,2026-05-30T08:45:00Z,2026-05-30T10:45:00+0200,6135.59467,MW,DE,DE_LU,forecast_onshore_wind_generation,Wind Onshore,2026-06-20T23:37:13Z
2026-06-20T23:36:01Z,2026-06-21T01:36:01+0200,a960294c-15ac-429a-a83c-19bebfd529f7,2026-05-30T09:00:00Z,2026-05-30T11:00:00+0200,6160.53456,MW,DE,DE_LU,forecast_onshore_wind_generation,Wind Onshore,2026-06-20T23:37:13Z
2026-06-20T23:36:01Z,2026-06-21T01:36:01+0200,a960294c-15ac-429a-a83c-19bebfd529f7,2026-05-30T09:15:00Z,2026-05-30T11:15:00+0200,6318.29593,MW,DE,DE_LU,forecast_onshore_wind_generation,Wind Onshore,2026-06-20T23:37:13Z
2026-06-20T23:36:01Z,2026-06-21T01:36:01+0200,a960294c-15ac-429a-a83c-19bebfd529f7,2026-05-30T09:30:00Z,2026-05-30T11:30:00+0200,6451.41622,MW,DE,DE_LU,forecast_onshore_wind_generation,Wind Onshore,2026-06-20T23:37:13Z
2026-06-20T23:36:01Z,2026-06-21T01:36:01+0200,a960294c-15ac-429a-a83c-19bebfd529f7,2026-05-30T09:45:00Z,2026-05-30T11:45:00+0200,6616.18848,MW,DE,DE_LU,forecast_onshore_wind_generation,Wind Onshore,2026-06-20T23:37:13Z
2026-06-20T23:36:01Z,2026-06-21T01:36:01+0200,a960294c-15ac-429a-a83c-19bebfd529f7,2026-05-30T10:00:00Z,2026-05-30T12:00:00+0200,6759.56602,MW,DE,DE_LU,forecast_onshore_wind_generation,Wind Onshore,2026-06-20T23:37:13Z
2026-06-20T23:36:01Z,2026-06-21T01:36:01+0200,a960294c-15ac-429a-a83c-19bebfd529f7,2026-05-30T10:15:00Z,2026-05-30T12:15:00+0200,6989.3668,MW,DE,DE_LU,forecast_onshore_wind_generation,Wind Onshore,2026-06-20T23:37:13Z
2026-06-20T23:36:01Z,2026-06-21T01:36:01+0200,a960294c-15ac-429a-a83c-19bebfd529f7,2026-05-30T10:30:00Z,2026-05-30T12:30:00+0200,7227.18414,MW,DE,DE_LU,forecast_onshore_wind_generation,Wind Onshore,2026-06-20T23:37:13Z
2026-06-20T23:36:01Z,2026-06-21T01:36:01+0200,a960294c-15ac-429a-a83c-19bebfd529f7,2026-05-30T10:45:00Z,2026-05-30T12:45:00+0200,7471.46619,MW,DE,DE_LU,forecast_onshore_wind_generation,Wind Onshore,2026-06-20T23:37:13Z
2026-06-20T23:36:01Z,2026-06-21T01:36:01+0200,a960294c-15ac-429a-a83c-19bebfd529f7,2026-05-30T11:00:00Z,2026-05-30T13:00:00+0200,7695.57093,MW,DE,DE_LU,forecast_onshore_wind_generation,Wind Onshore,2026-06-20T23:37:13Z
2026-06-20T23:36:01Z,2026-06-21T01:36:01+0200,a960294c-15ac-429a-a83c-19bebfd529f7,2026-05-30T11:15:00Z,2026-05-30T13:15:00+0200,7833.03083,MW,DE,DE_LU,forecast_onshore_wind_generation,Wind Onshore,2026-06-20T23:37:13Z
2026-06-20T23:36:01Z,2026-06-21T01:36:01+0200,a960294c-15ac-429a-a83c-19bebfd529f7,2026-05-30T11:30:00Z,2026-05-30T13:30:00+0200,8015.90795,MW,DE,DE_LU,forecast_onshore_wind_generation,Wind Onshore,2026-06-20T23:37:13Z
2026-06-20T23:36:01Z,2026-06-21T01:36:01+0200,a960294c-15ac-429a-a83c-19bebfd529f7,2026-05-30T11:45:00Z,2026-05-30T13:45:00+0200,8257.02464,MW,DE,DE_LU,forecast_onshore_wind_generation,Wind Onshore,2026-06-20T23:37:13Z
2026-06-20T23:36:01Z,2026-06-21T01:36:01+0200,a960294c-15ac-429a-a83c-19bebfd529f7,2026-05-30T12:00:00Z,2026-05-30T14:00:00+0200,8528.79621,MW,DE,DE_LU,forecast_onshore_wind_generation,Wind Onshore,2026-06-20T23:37:13Z
2026-06-20T23:36:01Z,2026-06-21T01:36:01+0200,a960294c-15ac-429a-a83c-19bebfd529f7,2026-05-30T12:15:00Z,2026-05-30T14:15:00+0200,8731.43703,MW,DE,DE_LU,forecast_onshore_wind_generation,Wind Onshore,2026-06-20T23:37:13Z
2026-06-20T23:36:01Z,2026-06-21T01:36:01+0200,a960294c-15ac-429a-a83c-19bebfd529f7,2026-05-30T12:30:00Z,2026-05-30T14:30:00+0200,8911.72824,MW,DE,DE_LU,forecast_onshore_wind_generation,Wind Onshore,2026-06-20T23:37:13Z
2026-06-20T23:36:01Z,2026-06-21T01:36:01+0200,a960294c-15ac-429a-a83c-19bebfd529f7,2026-05-30T12:45:00Z,2026-05-30T14:45:00+0200,9099.28947,MW,DE,DE_LU,forecast_onshore_wind_generation,Wind Onshore,2026-06-20T23:37:13Z
2026-06-20T23:36:01Z,2026-06-21T01:36:01+0200,a960294c-15ac-429a-a83c-19bebfd529f7,2026-05-30T13:00:00Z,2026-05-30T15:00:00+0200,9269.60811,MW,DE,DE_LU,forecast_onshore_wind_generation,Wind Onshore,2026-06-20T23:37:13Z
2026-06-20T23:36:01Z,2026-06-21T01:36:01+0200,a960294c-15ac-429a-a83c-19bebfd529f7,2026-05-30T13:15:00Z,2026-05-30T15:15:00+0200,9337.40391,MW,DE,DE_LU,forecast_onshore_wind_generation,Wind Onshore,2026-06-20T23:37:13Z
2026-06-20T23:36:01Z,2026-06-21T01:36:01+0200,a960294c-15ac-429a-a83c-19bebfd529f7,2026-05-30T13:30:00Z,2026-05-30T15:30:00+0200,9470.73903,MW,DE,DE_LU,forecast_onshore_wind_generation,Wind Onshore,2026-06-20T23:37:13Z
2026-06-20T23:36:01Z,2026-06-21T01:36:01+0200,a960294c-15ac-429a-a83c-19bebfd529f7,2026-05-30T13:45:00Z,2026-05-30T15:45:00+0200,9611.99142,MW,DE,DE_LU,forecast_onshore_wind_generation,Wind Onshore,2026-06-20T23:37:13Z
2026-06-20T23:36:01Z,2026-06-21T01:36:01+0200,a960294c-15ac-429a-a83c-19bebfd529f7,2026-05-30T14:00:00Z,2026-05-30T16:00:00+0200,9729.78279,MW,DE,DE_LU,forecast_onshore_wind_generation,Wind Onshore,2026-06-20T23:37:13Z
2026-06-20T23:36:01Z,2026-06-21T01:36:01+0200,a960294c-15ac-429a-a83c-19bebfd529f7,2026-05-30T14:15:00Z,2026-05-30T16:15:00+0200,9839.0546,MW,DE,DE_LU,forecast_onshore_wind_generation,Wind Onshore,2026-06-20T23:37:13Z
2026-06-20T23:36:01Z,2026-06-21T01:36:01+0200,a960294c-15ac-429a-a83c-19bebfd529f7,2026-05-30T14:30:00Z,2026-05-30T16:30:00+0200,9963.48027,MW,DE,DE_LU,forecast_onshore_wind_generation,Wind Onshore,2026-06-20T23:37:13Z
2026-06-20T23:36:01Z,2026-06-21T01:36:01+0200,a960294c-15ac-429a-a83c-19bebfd529f7,2026-05-30T14:45:00Z,2026-05-30T16:45:00+0200,10069.40545,MW,DE,DE_LU,forecast_onshore_wind_generation,Wind Onshore,2026-06-20T23:37:13Z
2026-06-20T23:36:01Z,2026-06-21T01:36:01+0200,a960294c-15ac-429a-a83c-19bebfd529f7,2026-05-30T15:00:00Z,2026-05-30T17:00:00+0200,10132.05807,MW,DE,DE_LU,forecast_onshore_wind_generation,Wind Onshore,2026-06-20T23:37:13Z
2026-06-20T23:36:01Z,2026-06-21T01:36:01+0200,a960294c-15ac-429a-a83c-19bebfd529f7,2026-05-30T15:15:00Z,2026-05-30T17:15:00+0200,10155.71166,MW,DE,DE_LU,forecast_onshore_wind_generation,Wind Onshore,2026-06-20T23:37:13Z
2026-06-20T23:36:01Z,2026-06-21T01:36:01+0200,a960294c-15ac-429a-a83c-19bebfd529f7,2026-05-30T15:30:00Z,2026-05-30T17:30:00+0200,9955.06618,MW,DE,DE_LU,forecast_onshore_wind_generation,Wind Onshore,2026-06-20T23:37:13Z
2026-06-20T23:36:01Z,2026-06-21T01:36:01+0200,a960294c-15ac-429a-a83c-19bebfd529f7,2026-05-30T15:45:00Z,2026-05-30T17:45:00+0200,9738.82843,MW,DE,DE_LU,forecast_onshore_wind_generation,Wind Onshore,2026-06-20T23:37:13Z
2026-06-20T23:36:01Z,2026-06-21T01:36:01+0200,a960294c-15ac-429a-a83c-19bebfd529f7,2026-05-30T16:00:00Z,2026-05-30T18:00:00+0200,9503.01226,MW,DE,DE_LU,forecast_onshore_wind_generation,Wind Onshore,2026-06-20T23:37:13Z
2026-06-20T23:36:01Z,2026-06-21T01:36:01+0200,a960294c-15ac-429a-a83c-19bebfd529f7,2026-05-30T16:15:00Z,2026-05-30T18:15:00+0200,9147.82774,MW,DE,DE_LU,forecast_onshore_wind_generation,Wind Onshore,2026-06-20T23:37:13Z
2026-06-20T23:36:01Z,2026-06-21T01:36:01+0200,a960294c-15ac-429a-a83c-19bebfd529f7,2026-05-30T16:30:00Z,2026-05-30T18:30:00+0200,8790.62616,MW,DE,DE_LU,forecast_onshore_wind_generation,Wind Onshore,2026-06-20T23:37:13Z
2026-06-20T23:36:01Z,2026-06-21T01:36:01+0200,a960294c-15ac-429a-a83c-19bebfd529f7,2026-05-30T16:45:00Z,2026-05-30T18:45:00+0200,8429.4696,MW,DE,DE_LU,forecast_onshore_wind_generation,Wind Onshore,2026-06-20T23:37:13Z
2026-06-20T23:36:01Z,2026-06-21T01:36:01+0200,a960294c-15ac-429a-a83c-19bebfd529f7,2026-05-30T17:00:00Z,2026-05-30T19:00:00+0200,8057.16058,MW,DE,DE_LU,forecast_onshore_wind_generation,Wind Onshore,2026-06-20T23:37:13Z
2026-06-20T23:36:01Z,2026-06-21T01:36:01+0200,a960294c-15ac-429a-a83c-19bebfd529f7,2026-05-30T17:15:00Z,2026-05-30T19:15:00+0200,7686.49321,MW,DE,DE_LU,forecast_onshore_wind_generation,Wind Onshore,2026-06-20T23:37:13Z
2026-06-20T23:36:01Z,2026-06-21T01:36:01+0200,a960294c-15ac-429a-a83c-19bebfd529f7,2026-05-30T17:30:00Z,2026-05-30T19:30:00+0200,7311.46845,MW,DE,DE_LU,forecast_onshore_wind_generation,Wind Onshore,2026-06-20T23:37:13Z
2026-06-20T23:36:01Z,2026-06-21T01:36:01+0200,a960294c-15ac-429a-a83c-19bebfd529f7,2026-05-30T17:45:00Z,2026-05-30T19:45:00+0200,6925.13669,MW,DE,DE_LU,forecast_onshore_wind_generation,Wind Onshore,2026-06-20T23:37:13Z
2026-06-20T23:36:01Z,2026-06-21T01:36:01+0200,a960294c-15ac-429a-a83c-19bebfd529f7,2026-05-30T18:00:00Z,2026-05-30T20:00:00+0200,6549.57206,MW,DE,DE_LU,forecast_onshore_wind_generation,Wind Onshore,2026-06-20T23:37:13Z
2026-06-20T23:36:01Z,2026-06-21T01:36:01+0200,a960294c-15ac-429a-a83c-19bebfd529f7,2026-05-30T18:15:00Z,2026-05-30T20:15:00+0200,6333.9137,MW,DE,DE_LU,forecast_onshore_wind_generation,Wind Onshore,2026-06-20T23:37:13Z
2026-06-20T23:36:01Z,2026-06-21T01:36:01+0200,a960294c-15ac-429a-a83c-19bebfd529f7,2026-05-30T18:30:00Z,2026-05-30T20:30:00+0200,6099.87105,MW,DE,DE_LU,forecast_onshore_wind_generation,Wind Onshore,2026-06-20T23:37:13Z
2026-06-20T23:36:01Z,2026-06-21T01:36:01+0200,a960294c-15ac-429a-a83c-19bebfd529f7,2026-05-30T18:45:00Z,2026-05-30T20:45:00+0200,5813.77181,MW,DE,DE_LU,forecast_onshore_wind_generation,Wind Onshore,2026-06-20T23:37:13Z
2026-06-20T23:36:01Z,2026-06-21T01:36:01+0200,a960294c-15ac-429a-a83c-19bebfd529f7,2026-05-30T19:00:00Z,2026-05-30T21:00:00+0200,5577.81827,MW,DE,DE_LU,forecast_onshore_wind_generation,Wind Onshore,2026-06-20T23:37:13Z
2026-06-20T23:36:01Z,2026-06-21T01:36:01+0200,a960294c-15ac-429a-a83c-19bebfd529f7,2026-05-30T19:15:00Z,2026-05-30T21:15:00+0200,5547.64584,MW,DE,DE_LU,forecast_onshore_wind_generation,Wind Onshore,2026-06-20T23:37:13Z
2026-06-20T23:36:01Z,2026-06-21T01:36:01+0200,a960294c-15ac-429a-a83c-19bebfd529f7,2026-05-30T19:30:00Z,2026-05-30T21:30:00+0200,5574.87262,MW,DE,DE_LU,forecast_onshore_wind_generation,Wind Onshore,2026-06-20T23:37:13Z
2026-06-20T23:36:01Z,2026-06-21T01:36:01+0200,a960294c-15ac-429a-a83c-19bebfd529f7,2026-05-30T19:45:00Z,2026-05-30T21:45:00+0200,5627.2467,MW,DE,DE_LU,forecast_onshore_wind_generation,Wind Onshore,2026-06-20T23:37:13Z
2026-06-20T23:36:01Z,2026-06-21T01:36:01+0200,a960294c-15ac-429a-a83c-19bebfd529f7,2026-05-30T20:00:00Z,2026-05-30T22:00:00+0200,5640.6635,MW,DE,DE_LU,forecast_onshore_wind_generation,Wind Onshore,2026-06-20T23:37:13Z
2026-06-20T23:36:01Z,2026-06-21T01:36:01+0200,a960294c-15ac-429a-a83c-19bebfd529f7,2026-05-30T20:15:00Z,2026-05-30T22:15:00+0200,5659.97918,MW,DE,DE_LU,forecast_onshore_wind_generation,Wind Onshore,2026-06-20T23:37:13Z
2026-06-20T23:36:01Z,2026-06-21T01:36:01+0200,a960294c-15ac-429a-a83c-19bebfd529f7,2026-05-30T20:30:00Z,2026-05-30T22:30:00+0200,5672.44534,MW,DE,DE_LU,forecast_onshore_wind_generation,Wind Onshore,2026-06-20T23:37:13Z
2026-06-20T23:36:01Z,2026-06-21T01:36:01+0200,a960294c-15ac-429a-a83c-19bebfd529f7,2026-05-30T20:45:00Z,2026-05-30T22:45:00+0200,5682.71464,MW,DE,DE_LU,forecast_onshore_wind_generation,Wind Onshore,2026-06-20T23:37:13Z
2026-06-20T23:36:01Z,2026-06-21T01:36:01+0200,a960294c-15ac-429a-a83c-19bebfd529f7,2026-05-30T21:00:00Z,2026-05-30T23:00:00+0200,5677.24063,MW,DE,DE_LU,forecast_onshore_wind_generation,Wind Onshore,2026-06-20T23:37:13Z
2026-06-20T23:36:01Z,2026-06-21T01:36:01+0200,a960294c-15ac-429a-a83c-19bebfd529f7,2026-05-30T21:15:00Z,2026-05-30T23:15:00+0200,5581.94933,MW,DE,DE_LU,forecast_onshore_wind_generation,Wind Onshore,2026-06-20T23:37:13Z
2026-06-20T23:36:01Z,2026-06-21T01:36:01+0200,a960294c-15ac-429a-a83c-19bebfd529f7,2026-05-30T21:30:00Z,2026-05-30T23:30:00+0200,5484.92567,MW,DE,DE_LU,forecast_onshore_wind_generation,Wind Onshore,2026-06-20T23:37:13Z
2026-06-20T23:36:01Z,2026-06-21T01:36:01+0200,a960294c-15ac-429a-a83c-19bebfd529f7,2026-05-30T21:45:00Z,2026-05-30T23:45:00+0200,5387.46215,MW,DE,DE_LU,forecast_onshore_wind_generation,Wind Onshore,2026-06-20T23:37:13Z
2026-06-20T23:36:01Z,2026-06-21T01:36:01+0200,a960294c-15ac-429a-a83c-19bebfd529f7,2026-05-30T22:00:00Z,2026-05-31T00:00:00+0200,5218.08313,MW,DE,DE_LU,forecast_onshore_wind_generation,Wind Onshore,2026-06-20T23:37:13Z
2026-06-20T23:36:01Z,2026-06-21T01:36:01+0200,a960294c-15ac-429a-a83c-19bebfd529f7,2026-05-30T22:15:00Z,2026-05-31T00:15:00+0200,5063.33591,MW,DE,DE_LU,forecast_onshore_wind_generation,Wind Onshore,2026-06-20T23:37:13Z
2026-06-20T23:36:01Z,2026-06-21T01:36:01+0200,a960294c-15ac-429a-a83c-19bebfd529f7,2026-05-30T22:30:00Z,2026-05-31T00:30:00+0200,4910.08536,MW,DE,DE_LU,forecast_onshore_wind_generation,Wind Onshore,2026-06-20T23:37:13Z
2026-06-20T23:36:01Z,2026-06-21T01:36:01+0200,a960294c-15ac-429a-a83c-19bebfd529f7,2026-05-30T22:45:00Z,2026-05-31T00:45:00+0200,4762.11409,MW,DE,DE_LU,forecast_onshore_wind_generation,Wind Onshore,2026-06-20T23:37:13Z
2026-06-20T23:36:01Z,2026-06-21T01:36:01+0200,a960294c-15ac-429a-a83c-19bebfd529f7,2026-05-30T23:00:00Z,2026-05-31T01:00:00+0200,4634.89516,MW,DE,DE_LU,forecast_onshore_wind_generation,Wind Onshore,2026-06-20T23:37:13Z
2026-06-20T23:36:01Z,2026-06-21T01:36:01+0200,a960294c-15ac-429a-a83c-19bebfd529f7,2026-05-30T23:15:00Z,2026-05-31T01:15:00+0200,4510.17594,MW,DE,DE_LU,forecast_onshore_wind_generation,Wind Onshore,2026-06-20T23:37:13Z
2026-06-20T23:36:01Z,2026-06-21T01:36:01+0200,a960294c-15ac-429a-a83c-19bebfd529f7,2026-05-30T23:30:00Z,2026-05-31T01:30:00+0200,4384.67992,MW,DE,DE_LU,forecast_onshore_wind_generation,Wind Onshore,2026-06-20T23:37:13Z
2026-06-20T23:36:01Z,2026-06-21T01:36:01+0200,a960294c-15ac-429a-a83c-19bebfd529f7,2026-05-30T23:45:00Z,2026-05-31T01:45:00+0200,4265.49943,MW,DE,DE_LU,forecast_onshore_wind_generation,Wind Onshore,2026-06-20T23:37:13Z
2026-06-20T23:36:01Z,2026-06-21T01:36:01+0200,a960294c-15ac-429a-a83c-19bebfd529f7,2026-05-31T00:00:00Z,2026-05-31T02:00:00+0200,4181.16655,MW,DE,DE_LU,forecast_onshore_wind_generation,Wind Onshore,2026-06-20T23:37:13Z
2026-06-20T23:36:01Z,2026-06-21T01:36:01+0200,a960294c-15ac-429a-a83c-19bebfd529f7,2026-05-31T00:15:00Z,2026-05-31T02:15:00+0200,4092.01923,MW,DE,DE_LU,forecast_onshore_wind_generation,Wind Onshore,2026-06-20T23:37:13Z
2026-06-20T23:36:01Z,2026-06-21T01:36:01+0200,a960294c-15ac-429a-a83c-19bebfd529f7,2026-05-31T00:30:00Z,2026-05-31T02:30:00+0200,3995.45058,MW,DE,DE_LU,forecast_onshore_wind_generation,Wind Onshore,2026-06-20T23:37:13Z
2026-06-20T23:36:01Z,2026-06-21T01:36:01+0200,a960294c-15ac-429a-a83c-19bebfd529f7,2026-05-31T00:45:00Z,2026-05-31T02:45:00+0200,3901.8378,MW,DE,DE_LU,forecast_onshore_wind_generation,Wind Onshore,2026-06-20T23:37:13Z
2026-06-20T23:36:01Z,2026-06-21T01:36:01+0200,a960294c-15ac-429a-a83c-19bebfd529f7,2026-05-31T01:00:00Z,2026-05-31T03:00:00+0200,3814.57518,MW,DE,DE_LU,forecast_onshore_wind_generation,Wind Onshore,2026-06-20T23:37:13Z
2026-06-20T23:36:01Z,2026-06-21T01:36:01+0200,a960294c-15ac-429a-a83c-19bebfd529f7,2026-05-31T01:15:00Z,2026-05-31T03:15:00+0200,3723.10952,MW,DE,DE_LU,forecast_onshore_wind_generation,Wind Onshore,2026-06-20T23:37:13Z
2026-06-20T23:36:01Z,2026-06-21T01:36:01+0200,a960294c-15ac-429a-a83c-19bebfd529f7,2026-05-31T01:30:00Z,2026-05-31T03:30:00+0200,3635.65463,MW,DE,DE_LU,forecast_onshore_wind_generation,Wind Onshore,2026-06-20T23:37:13Z
2026-06-20T23:36:01Z,2026-06-21T01:36:01+0200,a960294c-15ac-429a-a83c-19bebfd529f7,2026-05-31T01:45:00Z,2026-05-31T03:45:00+0200,3546.39985,MW,DE,DE_LU,forecast_onshore_wind_generation,Wind Onshore,2026-06-20T23:37:13Z
2026-06-20T23:36:01Z,2026-06-21T01:36:01+0200,a960294c-15ac-429a-a83c-19bebfd529f7,2026-05-31T02:00:00Z,2026-05-31T04:00:00+0200,3457.8392,MW,DE,DE_LU,forecast_onshore_wind_generation,Wind Onshore,2026-06-20T23:37:13Z
2026-06-20T23:36:01Z,2026-06-21T01:36:01+0200,a960294c-15ac-429a-a83c-19bebfd529f7,2026-05-31T02:15:00Z,2026-05-31T04:15:00+0200,3425.4768,MW,DE,DE_LU,forecast_onshore_wind_generation,Wind Onshore,2026-06-20T23:37:13Z
2026-06-20T23:36:01Z,2026-06-21T01:36:01+0200,a960294c-15ac-429a-a83c-19bebfd529f7,2026-05-31T02:30:00Z,2026-05-31T04:30:00+0200,3392.33546,MW,DE,DE_LU,forecast_onshore_wind_generation,Wind Onshore,2026-06-20T23:37:13Z
2026-06-20T23:36:01Z,2026-06-21T01:36:01+0200,a960294c-15ac-429a-a83c-19bebfd529f7,2026-05-31T02:45:00Z,2026-05-31T04:45:00+0200,3356.63176,MW,DE,DE_LU,forecast_onshore_wind_generation,Wind Onshore,2026-06-20T23:37:13Z
2026-06-20T23:36:01Z,2026-06-21T01:36:01+0200,a960294c-15ac-429a-a83c-19bebfd529f7,2026-05-31T03:00:00Z,2026-05-31T05:00:00+0200,3318.18428,MW,DE,DE_LU,forecast_onshore_wind_generation,Wind Onshore,2026-06-20T23:37:13Z
2026-06-20T23:36:01Z,2026-06-21T01:36:01+0200,a960294c-15ac-429a-a83c-19bebfd529f7,2026-05-31T03:15:00Z,2026-05-31T05:15:00+0200,3221.06067,MW,DE,DE_LU,forecast_onshore_wind_generation,Wind Onshore,2026-06-20T23:37:13Z
2026-06-20T23:36:01Z,2026-06-21T01:36:01+0200,a960294c-15ac-429a-a83c-19bebfd529f7,2026-05-31T03:30:00Z,2026-05-31T05:30:00+0200,3130.03711,MW,DE,DE_LU,forecast_onshore_wind_generation,Wind Onshore,2026-06-20T23:37:13Z
2026-06-20T23:36:01Z,2026-06-21T01:36:01+0200,a960294c-15ac-429a-a83c-19bebfd529f7,2026-05-31T03:45:00Z,2026-05-31T05:45:00+0200,3046.22663,MW,DE,DE_LU,forecast_onshore_wind_generation,Wind Onshore,2026-06-20T23:37:13Z
2026-06-20T23:36:01Z,2026-06-21T01:36:01+0200,a960294c-15ac-429a-a83c-19bebfd529f7,2026-05-31T04:00:00Z,2026-05-31T06:00:00+0200,2973.47954,MW,DE,DE_LU,forecast_onshore_wind_generation,Wind Onshore,2026-06-20T23:37:13Z
2026-06-20T23:36:01Z,2026-06-21T01:36:01+0200,a960294c-15ac-429a-a83c-19bebfd529f7,2026-05-31T04:15:00Z,2026-05-31T06:15:00+0200,2937.94632,MW,DE,DE_LU,forecast_onshore_wind_generation,Wind Onshore,2026-06-20T23:37:13Z
2026-06-20T23:36:01Z,2026-06-21T01:36:01+0200,a960294c-15ac-429a-a83c-19bebfd529f7,2026-05-31T04:30:00Z,2026-05-31T06:30:00+0200,2905.25973,MW,DE,DE_LU,forecast_onshore_wind_generation,Wind Onshore,2026-06-20T23:37:13Z
2026-06-20T23:36:01Z,2026-06-21T01:36:01+0200,a960294c-15ac-429a-a83c-19bebfd529f7,2026-05-31T04:45:00Z,2026-05-31T06:45:00+0200,2876.13256,MW,DE,DE_LU,forecast_onshore_wind_generation,Wind Onshore,2026-06-20T23:37:13Z
2026-06-20T23:36:01Z,2026-06-21T01:36:01+0200,a960294c-15ac-429a-a83c-19bebfd529f7,2026-05-31T05:00:00Z,2026-05-31T07:00:00+0200,2830.19725,MW,DE,DE_LU,forecast_onshore_wind_generation,Wind Onshore,2026-06-20T23:37:13Z
2026-06-20T23:36:01Z,2026-06-21T01:36:01+0200,a960294c-15ac-429a-a83c-19bebfd529f7,2026-05-31T05:15:00Z,2026-05-31T07:15:00+0200,2695.20086,MW,DE,DE_LU,forecast_onshore_wind_generation,Wind Onshore,2026-06-20T23:37:13Z
2026-06-20T23:36:01Z,2026-06-21T01:36:01+0200,a960294c-15ac-429a-a83c-19bebfd529f7,2026-05-31T05:30:00Z,2026-05-31T07:30:00+0200,2558.58095,MW,DE,DE_LU,forecast_onshore_wind_generation,Wind Onshore,2026-06-20T23:37:13Z
2026-06-20T23:36:01Z,2026-06-21T01:36:01+0200,a960294c-15ac-429a-a83c-19bebfd529f7,2026-05-31T05:45:00Z,2026-05-31T07:45:00+0200,2416.48259,MW,DE,DE_LU,forecast_onshore_wind_generation,Wind Onshore,2026-06-20T23:37:13Z
2026-06-20T23:36:01Z,2026-06-21T01:36:01+0200,a960294c-15ac-429a-a83c-19bebfd529f7,2026-05-31T06:00:00Z,2026-05-31T08:00:00+0200,2346.22288,MW,DE,DE_LU,forecast_onshore_wind_generation,Wind Onshore,2026-06-20T23:37:13Z
2026-06-20T23:36:01Z,2026-06-21T01:36:01+0200,a960294c-15ac-429a-a83c-19bebfd529f7,2026-05-31T06:15:00Z,2026-05-31T08:15:00+0200,2267.32631,MW,DE,DE_LU,forecast_onshore_wind_generation,Wind Onshore,2026-06-20T23:37:13Z
2026-06-20T23:36:01Z,2026-06-21T01:36:01+0200,a960294c-15ac-429a-a83c-19bebfd529f7,2026-05-31T06:30:00Z,2026-05-31T08:30:00+0200,2178.4348,MW,DE,DE_LU,forecast_onshore_wind_generation,Wind Onshore,2026-06-20T23:37:13Z
2026-06-20T23:36:01Z,2026-06-21T01:36:01+0200,a960294c-15ac-429a-a83c-19bebfd529f7,2026-05-31T06:45:00Z,2026-05-31T08:45:00+0200,2083.72338,MW,DE,DE_LU,forecast_onshore_wind_generation,Wind Onshore,2026-06-20T23:37:13Z
2026-06-20T23:36:01Z,2026-06-21T01:36:01+0200,a960294c-15ac-429a-a83c-19bebfd529f7,2026-05-31T07:00:00Z,2026-05-31T09:00:00+0200,1982.54438,MW,DE,DE_LU,forecast_onshore_wind_generation,Wind Onshore,2026-06-20T23:37:13Z
2026-06-20T23:36:01Z,2026-06-21T01:36:01+0200,a960294c-15ac-429a-a83c-19bebfd529f7,2026-05-31T07:15:00Z,2026-05-31T09:15:00+0200,2033.05367,MW,DE,DE_LU,forecast_onshore_wind_generation,Wind Onshore,2026-06-20T23:37:13Z
2026-06-20T23:36:01Z,2026-06-21T01:36:01+0200,a960294c-15ac-429a-a83c-19bebfd529f7,2026-05-31T07:30:00Z,2026-05-31T09:30:00+0200,2074.39884,MW,DE,DE_LU,forecast_onshore_wind_generation,Wind Onshore,2026-06-20T23:37:13Z
2026-06-20T23:36:01Z,2026-06-21T01:36:01+0200,a960294c-15ac-429a-a83c-19bebfd529f7,2026-05-31T07:45:00Z,2026-05-31T09:45:00+0200,2115.94149,MW,DE,DE_LU,forecast_onshore_wind_generation,Wind Onshore,2026-06-20T23:37:13Z
2026-06-20T23:36:01Z,2026-06-21T01:36:01+0200,a960294c-15ac-429a-a83c-19bebfd529f7,2026-05-31T08:00:00Z,2026-05-31T10:00:00+0200,2161.21656,MW,DE,DE_LU,forecast_onshore_wind_generation,Wind Onshore,2026-06-20T23:37:13Z
2026-06-20T23:36:01Z,2026-06-21T01:36:01+0200,a960294c-15ac-429a-a83c-19bebfd529f7,2026-05-31T08:15:00Z,2026-05-31T10:15:00+0200,2191.37992,MW,DE,DE_LU,forecast_onshore_wind_generation,Wind Onshore,2026-06-20T23:37:13Z
2026-06-20T23:36:01Z,2026-06-21T01:36:01+0200,a960294c-15ac-429a-a83c-19bebfd529f7,2026-05-31T08:30:00Z,2026-05-31T10:30:00+0200,2202.42726,MW,DE,DE_LU,forecast_onshore_wind_generation,Wind Onshore,2026-06-20T23:37:13Z
2026-06-20T23:36:01Z,2026-06-21T01:36:01+0200,a960294c-15ac-429a-a83c-19bebfd529f7,2026-05-31T08:45:00Z,2026-05-31T10:45:00+0200,2197.87962,MW,DE,DE_LU,forecast_onshore_wind_generation,Wind Onshore,2026-06-20T23:37:13Z
2026-06-20T23:36:01Z,2026-06-21T01:36:01+0200,a960294c-15ac-429a-a83c-19bebfd529f7,2026-05-31T09:00:00Z,2026-05-31T11:00:00+0200,2188.57678,MW,DE,DE_LU,forecast_onshore_wind_generation,Wind Onshore,2026-06-20T23:37:13Z
2026-06-20T23:36:01Z,2026-06-21T01:36:01+0200,a960294c-15ac-429a-a83c-19bebfd529f7,2026-05-31T09:15:00Z,2026-05-31T11:15:00+0200,2309.53917,MW,DE,DE_LU,forecast_onshore_wind_generation,Wind Onshore,2026-06-20T23:37:13Z
2026-06-20T23:36:01Z,2026-06-21T01:36:01+0200,a960294c-15ac-429a-a83c-19bebfd529f7,2026-05-31T09:30:00Z,2026-05-31T11:30:00+0200,2437.88714,MW,DE,DE_LU,forecast_onshore_wind_generation,Wind Onshore,2026-06-20T23:37:13Z
2026-06-20T23:36:01Z,2026-06-21T01:36:01+0200,a960294c-15ac-429a-a83c-19bebfd529f7,2026-05-31T09:45:00Z,2026-05-31T11:45:00+0200,2563.78633,MW,DE,DE_LU,forecast_onshore_wind_generation,Wind Onshore,2026-06-20T23:37:13Z
2026-06-20T23:36:01Z,2026-06-21T01:36:01+0200,a960294c-15ac-429a-a83c-19bebfd529f7,2026-05-31T10:00:00Z,2026-05-31T12:00:00+0200,2686.18118,MW,DE,DE_LU,forecast_onshore_wind_generation,Wind Onshore,2026-06-20T23:37:13Z
2026-06-20T23:36:01Z,2026-06-21T01:36:01+0200,a960294c-15ac-429a-a83c-19bebfd529f7,2026-05-31T10:15:00Z,2026-05-31T12:15:00+0200,2832.14234,MW,DE,DE_LU,forecast_onshore_wind_generation,Wind Onshore,2026-06-20T23:37:13Z
2026-06-20T23:36:01Z,2026-06-21T01:36:01+0200,a960294c-15ac-429a-a83c-19bebfd529f7,2026-05-31T10:30:00Z,2026-05-31T12:30:00+0200,2973.92509,MW,DE,DE_LU,forecast_onshore_wind_generation,Wind Onshore,2026-06-20T23:37:13Z
2026-06-20T23:36:01Z,2026-06-21T01:36:01+0200,a960294c-15ac-429a-a83c-19bebfd529f7,2026-05-31T10:45:00Z,2026-05-31T12:45:00+0200,3125.87345,MW,DE,DE_LU,forecast_onshore_wind_generation,Wind Onshore,2026-06-20T23:37:13Z
2026-06-20T23:36:01Z,2026-06-21T01:36:01+0200,a960294c-15ac-429a-a83c-19bebfd529f7,2026-05-31T11:00:00Z,2026-05-31T13:00:00+0200,3273.4503,MW,DE,DE_LU,forecast_onshore_wind_generation,Wind Onshore,2026-06-20T23:37:13Z
2026-06-20T23:36:01Z,2026-06-21T01:36:01+0200,a960294c-15ac-429a-a83c-19bebfd529f7,2026-05-31T11:15:00Z,2026-05-31T13:15:00+0200,3423.34715,MW,DE,DE_LU,forecast_onshore_wind_generation,Wind Onshore,2026-06-20T23:37:13Z
2026-06-20T23:36:01Z,2026-06-21T01:36:01+0200,a960294c-15ac-429a-a83c-19bebfd529f7,2026-05-31T11:30:00Z,2026-05-31T13:30:00+0200,3572.30008,MW,DE,DE_LU,forecast_onshore_wind_generation,Wind Onshore,2026-06-20T23:37:13Z
2026-06-20T23:36:01Z,2026-06-21T01:36:01+0200,a960294c-15ac-429a-a83c-19bebfd529f7,2026-05-31T11:45:00Z,2026-05-31T13:45:00+0200,3715.07413,MW,DE,DE_LU,forecast_onshore_wind_generation,Wind Onshore,2026-06-20T23:37:13Z
2026-06-20T23:36:01Z,2026-06-21T01:36:01+0200,a960294c-15ac-429a-a83c-19bebfd529f7,2026-05-31T12:00:00Z,2026-05-31T14:00:00+0200,3903.86591,MW,DE,DE_LU,forecast_onshore_wind_generation,Wind Onshore,2026-06-20T23:37:13Z
2026-06-20T23:36:01Z,2026-06-21T01:36:01+0200,a960294c-15ac-429a-a83c-19bebfd529f7,2026-05-31T12:15:00Z,2026-05-31T14:15:00+0200,4116.2685,MW,DE,DE_LU,forecast_onshore_wind_generation,Wind Onshore,2026-06-20T23:37:13Z
2026-06-20T23:36:01Z,2026-06-21T01:36:01+0200,a960294c-15ac-429a-a83c-19bebfd529f7,2026-05-31T12:30:00Z,2026-05-31T14:30:00+0200,4336.84835,MW,DE,DE_LU,forecast_onshore_wind_generation,Wind Onshore,2026-06-20T23:37:13Z
2026-06-20T23:36:01Z,2026-06-21T01:36:01+0200,a960294c-15ac-429a-a83c-19bebfd529f7,2026-05-31T12:45:00Z,2026-05-31T14:45:00+0200,4563.73212,MW,DE,DE_LU,forecast_onshore_wind_generation,Wind Onshore,2026-06-20T23:37:13Z
2026-06-20T23:36:01Z,2026-06-21T01:36:01+0200,a960294c-15ac-429a-a83c-19bebfd529f7,2026-05-31T13:00:00Z,2026-05-31T15:00:00+0200,4787.66038,MW,DE,DE_LU,forecast_onshore_wind_generation,Wind Onshore,2026-06-20T23:37:13Z
2026-06-20T23:36:01Z,2026-06-21T01:36:01+0200,a960294c-15ac-429a-a83c-19bebfd529f7,2026-05-31T13:15:00Z,2026-05-31T15:15:00+0200,5059.26625,MW,DE,DE_LU,forecast_onshore_wind_generation,Wind Onshore,2026-06-20T23:37:13Z
2026-06-20T23:36:01Z,2026-06-21T01:36:01+0200,a960294c-15ac-429a-a83c-19bebfd529f7,2026-05-31T13:30:00Z,2026-05-31T15:30:00+0200,5375.1645,MW,DE,DE_LU,forecast_onshore_wind_generation,Wind Onshore,2026-06-20T23:37:13Z
2026-06-20T23:36:01Z,2026-06-21T01:36:01+0200,a960294c-15ac-429a-a83c-19bebfd529f7,2026-05-31T13:45:00Z,2026-05-31T15:45:00+0200,5722.72297,MW,DE,DE_LU,forecast_onshore_wind_generation,Wind Onshore,2026-06-20T23:37:13Z
2026-06-20T23:36:01Z,2026-06-21T01:36:01+0200,a960294c-15ac-429a-a83c-19bebfd529f7,2026-05-31T14:00:00Z,2026-05-31T16:00:00+0200,6123.29075,MW,DE,DE_LU,forecast_onshore_wind_generation,Wind Onshore,2026-06-20T23:37:13Z
2026-06-20T23:36:01Z,2026-06-21T01:36:01+0200,a960294c-15ac-429a-a83c-19bebfd529f7,2026-05-31T14:15:00Z,2026-05-31T16:15:00+0200,6587.79263,MW,DE,DE_LU,forecast_onshore_wind_generation,Wind Onshore,2026-06-20T23:37:13Z
2026-06-20T23:36:01Z,2026-06-21T01:36:01+0200,a960294c-15ac-429a-a83c-19bebfd529f7,2026-05-31T14:30:00Z,2026-05-31T16:30:00+0200,6927.74406,MW,DE,DE_LU,forecast_onshore_wind_generation,Wind Onshore,2026-06-20T23:37:13Z
2026-06-20T23:36:01Z,2026-06-21T01:36:01+0200,a960294c-15ac-429a-a83c-19bebfd529f7,2026-05-31T14:45:00Z,2026-05-31T16:45:00+0200,7197.56472,MW,DE,DE_LU,forecast_onshore_wind_generation,Wind Onshore,2026-06-20T23:37:13Z
2026-06-20T23:36:01Z,2026-06-21T01:36:01+0200,a960294c-15ac-429a-a83c-19bebfd529f7,2026-05-31T15:00:00Z,2026-05-31T17:00:00+0200,7460.8499,MW,DE,DE_LU,forecast_onshore_wind_generation,Wind Onshore,2026-06-20T23:37:13Z
2026-06-20T23:36:01Z,2026-06-21T01:36:01+0200,a960294c-15ac-429a-a83c-19bebfd529f7,2026-05-31T15:15:00Z,2026-05-31T17:15:00+0200,7655.44524,MW,DE,DE_LU,forecast_onshore_wind_generation,Wind Onshore,2026-06-20T23:37:13Z
2026-06-20T23:36:01Z,2026-06-21T01:36:01+0200,a960294c-15ac-429a-a83c-19bebfd529f7,2026-05-31T15:30:00Z,2026-05-31T17:30:00+0200,7837.35337,MW,DE,DE_LU,forecast_onshore_wind_generation,Wind Onshore,2026-06-20T23:37:13Z
2026-06-20T23:36:01Z,2026-06-21T01:36:01+0200,a960294c-15ac-429a-a83c-19bebfd529f7,2026-05-31T15:45:00Z,2026-05-31T17:45:00+0200,8015.42957,MW,DE,DE_LU,forecast_onshore_wind_generation,Wind Onshore,2026-06-20T23:37:13Z
2026-06-20T23:36:01Z,2026-06-21T01:36:01+0200,a960294c-15ac-429a-a83c-19bebfd529f7,2026-05-31T16:00:00Z,2026-05-31T18:00:00+0200,8185.14264,MW,DE,DE_LU,forecast_onshore_wind_generation,Wind Onshore,2026-06-20T23:37:13Z
2026-06-20T23:36:01Z,2026-06-21T01:36:01+0200,a960294c-15ac-429a-a83c-19bebfd529f7,2026-05-31T16:15:00Z,2026-05-31T18:15:00+0200,8232.22974,MW,DE,DE_LU,forecast_onshore_wind_generation,Wind Onshore,2026-06-20T23:37:13Z
2026-06-20T23:36:01Z,2026-06-21T01:36:01+0200,a960294c-15ac-429a-a83c-19bebfd529f7,2026-05-31T16:30:00Z,2026-05-31T18:30:00+0200,8273.27889,MW,DE,DE_LU,forecast_onshore_wind_generation,Wind Onshore,2026-06-20T23:37:13Z
2026-06-20T23:36:01Z,2026-06-21T01:36:01+0200,a960294c-15ac-429a-a83c-19bebfd529f7,2026-05-31T16:45:00Z,2026-05-31T18:45:00+0200,8304.91162,MW,DE,DE_LU,forecast_onshore_wind_generation,Wind Onshore,2026-06-20T23:37:13Z
2026-06-20T23:36:01Z,2026-06-21T01:36:01+0200,a960294c-15ac-429a-a83c-19bebfd529f7,2026-05-31T17:00:00Z,2026-05-31T19:00:00+0200,8327.23875,MW,DE,DE_LU,forecast_onshore_wind_generation,Wind Onshore,2026-06-20T23:37:13Z
2026-06-20T23:36:01Z,2026-06-21T01:36:01+0200,a960294c-15ac-429a-a83c-19bebfd529f7,2026-05-31T17:15:00Z,2026-05-31T19:15:00+0200,8289.01472,MW,DE,DE_LU,forecast_onshore_wind_generation,Wind Onshore,2026-06-20T23:37:13Z
2026-06-20T23:36:01Z,2026-06-21T01:36:01+0200,a960294c-15ac-429a-a83c-19bebfd529f7,2026-05-31T17:30:00Z,2026-05-31T19:30:00+0200,8255.13556,MW,DE,DE_LU,forecast_onshore_wind_generation,Wind Onshore,2026-06-20T23:37:13Z
2026-06-20T23:36:01Z,2026-06-21T01:36:01+0200,a960294c-15ac-429a-a83c-19bebfd529f7,2026-05-31T17:45:00Z,2026-05-31T19:45:00+0200,8227.1468,MW,DE,DE_LU,forecast_onshore_wind_generation,Wind Onshore,2026-06-20T23:37:13Z
2026-06-20T23:36:01Z,2026-06-21T01:36:01+0200,a960294c-15ac-429a-a83c-19bebfd529f7,2026-05-31T18:00:00Z,2026-05-31T20:00:00+0200,8201.29849,MW,DE,DE_LU,forecast_onshore_wind_generation,Wind Onshore,2026-06-20T23:37:13Z
2026-06-20T23:36:01Z,2026-06-21T01:36:01+0200,a960294c-15ac-429a-a83c-19bebfd529f7,2026-05-31T18:15:00Z,2026-05-31T20:15:00+0200,8230.28073,MW,DE,DE_LU,forecast_onshore_wind_generation,Wind Onshore,2026-06-20T23:37:13Z
2026-06-20T23:36:01Z,2026-06-21T01:36:01+0200,a960294c-15ac-429a-a83c-19bebfd529f7,2026-05-31T18:30:00Z,2026-05-31T20:30:00+0200,8261.53597,MW,DE,DE_LU,forecast_onshore_wind_generation,Wind Onshore,2026-06-20T23:37:13Z
2026-06-20T23:36:01Z,2026-06-21T01:36:01+0200,a960294c-15ac-429a-a83c-19bebfd529f7,2026-05-31T18:45:00Z,2026-05-31T20:45:00+0200,8290.9088,MW,DE,DE_LU,forecast_onshore_wind_generation,Wind Onshore,2026-06-20T23:37:13Z
2026-06-20T23:36:01Z,2026-06-21T01:36:01+0200,a960294c-15ac-429a-a83c-19bebfd529f7,2026-05-31T19:00:00Z,2026-05-31T21:00:00+0200,8320.06469,MW,DE,DE_LU,forecast_onshore_wind_generation,Wind Onshore,2026-06-20T23:37:13Z
2026-06-20T23:36:01Z,2026-06-21T01:36:01+0200,a960294c-15ac-429a-a83c-19bebfd529f7,2026-05-31T19:15:00Z,2026-05-31T21:15:00+0200,8343.73201,MW,DE,DE_LU,forecast_onshore_wind_generation,Wind Onshore,2026-06-20T23:37:13Z
2026-06-20T23:36:01Z,2026-06-21T01:36:01+0200,a960294c-15ac-429a-a83c-19bebfd529f7,2026-05-31T19:30:00Z,2026-05-31T21:30:00+0200,8365.36812,MW,DE,DE_LU,forecast_onshore_wind_generation,Wind Onshore,2026-06-20T23:37:13Z
2026-06-20T23:36:01Z,2026-06-21T01:36:01+0200,a960294c-15ac-429a-a83c-19bebfd529f7,2026-05-31T19:45:00Z,2026-05-31T21:45:00+0200,8386.80733,MW,DE,DE_LU,forecast_onshore_wind_generation,Wind Onshore,2026-06-20T23:37:13Z
2026-06-20T23:36:01Z,2026-06-21T01:36:01+0200,a960294c-15ac-429a-a83c-19bebfd529f7,2026-05-31T20:00:00Z,2026-05-31T22:00:00+0200,8334.8294,MW,DE,DE_LU,forecast_onshore_wind_generation,Wind Onshore,2026-06-20T23:37:13Z
2026-06-20T23:36:01Z,2026-06-21T01:36:01+0200,a960294c-15ac-429a-a83c-19bebfd529f7,2026-05-31T20:15:00Z,2026-05-31T22:15:00+0200,8333.49622,MW,DE,DE_LU,forecast_onshore_wind_generation,Wind Onshore,2026-06-20T23:37:13Z
2026-06-20T23:36:01Z,2026-06-21T01:36:01+0200,a960294c-15ac-429a-a83c-19bebfd529f7,2026-05-31T20:30:00Z,2026-05-31T22:30:00+0200,8330.34226,MW,DE,DE_LU,forecast_onshore_wind_generation,Wind Onshore,2026-06-20T23:37:13Z
2026-06-20T23:36:01Z,2026-06-21T01:36:01+0200,a960294c-15ac-429a-a83c-19bebfd529f7,2026-05-31T20:45:00Z,2026-05-31T22:45:00+0200,8327.59015,MW,DE,DE_LU,forecast_onshore_wind_generation,Wind Onshore,2026-06-20T23:37:13Z
2026-06-20T23:36:01Z,2026-06-21T01:36:01+0200,a960294c-15ac-429a-a83c-19bebfd529f7,2026-05-31T21:00:00Z,2026-05-31T23:00:00+0200,8293.33144,MW,DE,DE_LU,forecast_onshore_wind_generation,Wind Onshore,2026-06-20T23:37:13Z
2026-06-20T23:36:01Z,2026-06-21T01:36:01+0200,a960294c-15ac-429a-a83c-19bebfd529f7,2026-05-31T21:15:00Z,2026-05-31T23:15:00+0200,8219.45075,MW,DE,DE_LU,forecast_onshore_wind_generation,Wind Onshore,2026-06-20T23:37:13Z
2026-06-20T23:36:01Z,2026-06-21T01:36:01+0200,a960294c-15ac-429a-a83c-19bebfd529f7,2026-05-31T21:30:00Z,2026-05-31T23:30:00+0200,8139.51903,MW,DE,DE_LU,forecast_onshore_wind_generation,Wind Onshore,2026-06-20T23:37:13Z
2026-06-20T23:36:01Z,2026-06-21T01:36:01+0200,a960294c-15ac-429a-a83c-19bebfd529f7,2026-05-31T21:45:00Z,2026-05-31T23:45:00+0200,8054.65406,MW,DE,DE_LU,forecast_onshore_wind_generation,Wind Onshore,2026-06-20T23:37:13Z
2026-06-20T23:36:01Z,2026-06-21T01:36:01+0200,a960294c-15ac-429a-a83c-19bebfd529f7,2026-05-31T22:00:00Z,2026-06-01T00:00:00+0200,7784.53699,MW,DE,DE_LU,forecast_onshore_wind_generation,Wind Onshore,2026-06-20T23:37:13Z
2026-06-20T23:36:01Z,2026-06-21T01:36:01+0200,a960294c-15ac-429a-a83c-19bebfd529f7,2026-05-31T22:15:00Z,2026-06-01T00:15:00+0200,7651.96636,MW,DE,DE_LU,forecast_onshore_wind_generation,Wind Onshore,2026-06-20T23:37:13Z
2026-06-20T23:36:01Z,2026-06-21T01:36:01+0200,a960294c-15ac-429a-a83c-19bebfd529f7,2026-05-31T22:30:00Z,2026-06-01T00:30:00+0200,7519.72088,MW,DE,DE_LU,forecast_onshore_wind_generation,Wind Onshore,2026-06-20T23:37:13Z
2026-06-20T23:36:01Z,2026-06-21T01:36:01+0200,a960294c-15ac-429a-a83c-19bebfd529f7,2026-05-31T22:45:00Z,2026-06-01T00:45:00+0200,7388.31905,MW,DE,DE_LU,forecast_onshore_wind_generation,Wind Onshore,2026-06-20T23:37:13Z
2026-06-20T23:36:01Z,2026-06-21T01:36:01+0200,a960294c-15ac-429a-a83c-19bebfd529f7,2026-05-31T23:00:00Z,2026-06-01T01:00:00+0200,7278.93445,MW,DE,DE_LU,forecast_onshore_wind_generation,Wind Onshore,2026-06-20T23:37:13Z
2026-06-20T23:36:01Z,2026-06-21T01:36:01+0200,a960294c-15ac-429a-a83c-19bebfd529f7,2026-05-31T23:15:00Z,2026-06-01T01:15:00+0200,7209.35424,MW,DE,DE_LU,forecast_onshore_wind_generation,Wind Onshore,2026-06-20T23:37:13Z
2026-06-20T23:36:01Z,2026-06-21T01:36:01+0200,a960294c-15ac-429a-a83c-19bebfd529f7,2026-05-31T23:30:00Z,2026-06-01T01:30:00+0200,7136.87888,MW,DE,DE_LU,forecast_onshore_wind_generation,Wind Onshore,2026-06-20T23:37:13Z
2026-06-20T23:36:01Z,2026-06-21T01:36:01+0200,a960294c-15ac-429a-a83c-19bebfd529f7,2026-05-31T23:45:00Z,2026-06-01T01:45:00+0200,7071.55468,MW,DE,DE_LU,forecast_onshore_wind_generation,Wind Onshore,2026-06-20T23:37:13Z
2026-06-20T23:36:01Z,2026-06-21T01:36:01+0200,a960294c-15ac-429a-a83c-19bebfd529f7,2026-06-01T00:00:00Z,2026-06-01T02:00:00+0200,7009.28242,MW,DE,DE_LU,forecast_onshore_wind_generation,Wind Onshore,2026-06-20T23:37:13Z
2026-06-20T23:36:01Z,2026-06-21T01:36:01+0200,a960294c-15ac-429a-a83c-19bebfd529f7,2026-06-01T00:15:00Z,2026-06-01T02:15:00+0200,6952.28066,MW,DE,DE_LU,forecast_onshore_wind_generation,Wind Onshore,2026-06-20T23:37:13Z
2026-06-20T23:36:01Z,2026-06-21T01:36:01+0200,a960294c-15ac-429a-a83c-19bebfd529f7,2026-06-01T00:30:00Z,2026-06-01T02:30:00+0200,6889.00278,MW,DE,DE_LU,forecast_onshore_wind_generation,Wind Onshore,2026-06-20T23:37:13Z
2026-06-20T23:36:01Z,2026-06-21T01:36:01+0200,a960294c-15ac-429a-a83c-19bebfd529f7,2026-06-01T00:45:00Z,2026-06-01T02:45:00+0200,6826.98326,MW,DE,DE_LU,forecast_onshore_wind_generation,Wind Onshore,2026-06-20T23:37:13Z
2026-06-20T23:36:01Z,2026-06-21T01:36:01+0200,a960294c-15ac-429a-a83c-19bebfd529f7,2026-06-01T01:00:00Z,2026-06-01T03:00:00+0200,6759.68097,MW,DE,DE_LU,forecast_onshore_wind_generation,Wind Onshore,2026-06-20T23:37:13Z
2026-06-20T23:36:01Z,2026-06-21T01:36:01+0200,a960294c-15ac-429a-a83c-19bebfd529f7,2026-06-01T01:15:00Z,2026-06-01T03:15:00+0200,6688.81788,MW,DE,DE_LU,forecast_onshore_wind_generation,Wind Onshore,2026-06-20T23:37:13Z
2026-06-20T23:36:01Z,2026-06-21T01:36:01+0200,a960294c-15ac-429a-a83c-19bebfd529f7,2026-06-01T01:30:00Z,2026-06-01T03:30:00+0200,6619.28135,MW,DE,DE_LU,forecast_onshore_wind_generation,Wind Onshore,2026-06-20T23:37:13Z
2026-06-20T23:36:01Z,2026-06-21T01:36:01+0200,a960294c-15ac-429a-a83c-19bebfd529f7,2026-06-01T01:45:00Z,2026-06-01T03:45:00+0200,6553.59247,MW,DE,DE_LU,forecast_onshore_wind_generation,Wind Onshore,2026-06-20T23:37:13Z
2026-06-20T23:36:01Z,2026-06-21T01:36:01+0200,a960294c-15ac-429a-a83c-19bebfd529f7,2026-06-01T02:00:00Z,2026-06-01T04:00:00+0200,6498.82411,MW,DE,DE_LU,forecast_onshore_wind_generation,Wind Onshore,2026-06-20T23:37:13Z
2026-06-20T23:36:01Z,2026-06-21T01:36:01+0200,a960294c-15ac-429a-a83c-19bebfd529f7,2026-06-01T02:15:00Z,2026-06-01T04:15:00+0200,6438.59866,MW,DE,DE_LU,forecast_onshore_wind_generation,Wind Onshore,2026-06-20T23:37:13Z
2026-06-20T23:36:01Z,2026-06-21T01:36:01+0200,a960294c-15ac-429a-a83c-19bebfd529f7,2026-06-01T02:30:00Z,2026-06-01T04:30:00+0200,6379.53885,MW,DE,DE_LU,forecast_onshore_wind_generation,Wind Onshore,2026-06-20T23:37:13Z
2026-06-20T23:36:01Z,2026-06-21T01:36:01+0200,a960294c-15ac-429a-a83c-19bebfd529f7,2026-06-01T02:45:00Z,2026-06-01T04:45:00+0200,6323.35479,MW,DE,DE_LU,forecast_onshore_wind_generation,Wind Onshore,2026-06-20T23:37:13Z
2026-06-20T23:36:01Z,2026-06-21T01:36:01+0200,a960294c-15ac-429a-a83c-19bebfd529f7,2026-06-01T03:00:00Z,2026-06-01T05:00:00+0200,6250.94546,MW,DE,DE_LU,forecast_onshore_wind_generation,Wind Onshore,2026-06-20T23:37:13Z
2026-06-20T23:36:01Z,2026-06-21T01:36:01+0200,a960294c-15ac-429a-a83c-19bebfd529f7,2026-06-01T03:15:00Z,2026-06-01T05:15:00+0200,6103.56584,MW,DE,DE_LU,forecast_onshore_wind_generation,Wind Onshore,2026-06-20T23:37:13Z
2026-06-20T23:36:01Z,2026-06-21T01:36:01+0200,a960294c-15ac-429a-a83c-19bebfd529f7,2026-06-01T03:30:00Z,2026-06-01T05:30:00+0200,5949.37536,MW,DE,DE_LU,forecast_onshore_wind_generation,Wind Onshore,2026-06-20T23:37:13Z
2026-06-20T23:36:01Z,2026-06-21T01:36:01+0200,a960294c-15ac-429a-a83c-19bebfd529f7,2026-06-01T03:45:00Z,2026-06-01T05:45:00+0200,5794.34978,MW,DE,DE_LU,forecast_onshore_wind_generation,Wind Onshore,2026-06-20T23:37:13Z
2026-06-20T23:36:01Z,2026-06-21T01:36:01+0200,a960294c-15ac-429a-a83c-19bebfd529f7,2026-06-01T04:00:00Z,2026-06-01T06:00:00+0200,5647.70909,MW,DE,DE_LU,forecast_onshore_wind_generation,Wind Onshore,2026-06-20T23:37:13Z
2026-06-20T23:36:01Z,2026-06-21T01:36:01+0200,a960294c-15ac-429a-a83c-19bebfd529f7,2026-06-01T04:15:00Z,2026-06-01T06:15:00+0200,5345.83139,MW,DE,DE_LU,forecast_onshore_wind_generation,Wind Onshore,2026-06-20T23:37:13Z
2026-06-20T23:36:01Z,2026-06-21T01:36:01+0200,a960294c-15ac-429a-a83c-19bebfd529f7,2026-06-01T04:30:00Z,2026-06-01T06:30:00+0200,5043.78098,MW,DE,DE_LU,forecast_onshore_wind_generation,Wind Onshore,2026-06-20T23:37:13Z
2026-06-20T23:36:01Z,2026-06-21T01:36:01+0200,a960294c-15ac-429a-a83c-19bebfd529f7,2026-06-01T04:45:00Z,2026-06-01T06:45:00+0200,4743.14579,MW,DE,DE_LU,forecast_onshore_wind_generation,Wind Onshore,2026-06-20T23:37:13Z
2026-06-20T23:36:01Z,2026-06-21T01:36:01+0200,a960294c-15ac-429a-a83c-19bebfd529f7,2026-06-01T05:00:00Z,2026-06-01T07:00:00+0200,4437.69258,MW,DE,DE_LU,forecast_onshore_wind_generation,Wind Onshore,2026-06-20T23:37:13Z
2026-06-20T23:36:01Z,2026-06-21T01:36:01+0200,a960294c-15ac-429a-a83c-19bebfd529f7,2026-06-01T05:15:00Z,2026-06-01T07:15:00+0200,4046.33307,MW,DE,DE_LU,forecast_onshore_wind_generation,Wind Onshore,2026-06-20T23:37:13Z
2026-06-20T23:36:01Z,2026-06-21T01:36:01+0200,a960294c-15ac-429a-a83c-19bebfd529f7,2026-06-01T05:30:00Z,2026-06-01T07:30:00+0200,3648.41527,MW,DE,DE_LU,forecast_onshore_wind_generation,Wind Onshore,2026-06-20T23:37:13Z
2026-06-20T23:36:01Z,2026-06-21T01:36:01+0200,a960294c-15ac-429a-a83c-19bebfd529f7,2026-06-01T05:45:00Z,2026-06-01T07:45:00+0200,3233.80916,MW,DE,DE_LU,forecast_onshore_wind_generation,Wind Onshore,2026-06-20T23:37:13Z
2026-06-20T23:36:01Z,2026-06-21T01:36:01+0200,a960294c-15ac-429a-a83c-19bebfd529f7,2026-06-01T06:00:00Z,2026-06-01T08:00:00+0200,2934.88092,MW,DE,DE_LU,forecast_onshore_wind_generation,Wind Onshore,2026-06-20T23:37:13Z
2026-06-20T23:36:01Z,2026-06-21T01:36:01+0200,a960294c-15ac-429a-a83c-19bebfd529f7,2026-06-01T06:15:00Z,2026-06-01T08:15:00+0200,2795.62554,MW,DE,DE_LU,forecast_onshore_wind_generation,Wind Onshore,2026-06-20T23:37:13Z
2026-06-20T23:36:01Z,2026-06-21T01:36:01+0200,a960294c-15ac-429a-a83c-19bebfd529f7,2026-06-01T06:30:00Z,2026-06-01T08:30:00+0200,2672.67528,MW,DE,DE_LU,forecast_onshore_wind_generation,Wind Onshore,2026-06-20T23:37:13Z
2026-06-20T23:36:01Z,2026-06-21T01:36:01+0200,a960294c-15ac-429a-a83c-19bebfd529f7,2026-06-01T06:45:00Z,2026-06-01T08:45:00+0200,2555.39553,MW,DE,DE_LU,forecast_onshore_wind_generation,Wind Onshore,2026-06-20T23:37:13Z
2026-06-20T23:36:01Z,2026-06-21T01:36:01+0200,a960294c-15ac-429a-a83c-19bebfd529f7,2026-06-01T07:00:00Z,2026-06-01T09:00:00+0200,2453.01529,MW,DE,DE_LU,forecast_onshore_wind_generation,Wind Onshore,2026-06-20T23:37:13Z
2026-06-20T23:36:01Z,2026-06-21T01:36:01+0200,a960294c-15ac-429a-a83c-19bebfd529f7,2026-06-01T07:15:00Z,2026-06-01T09:15:00+0200,2443.83381,MW,DE,DE_LU,forecast_onshore_wind_generation,Wind Onshore,2026-06-20T23:37:13Z
2026-06-20T23:36:01Z,2026-06-21T01:36:01+0200,a960294c-15ac-429a-a83c-19bebfd529f7,2026-06-01T07:30:00Z,2026-06-01T09:30:00+0200,2430.40898,MW,DE,DE_LU,forecast_onshore_wind_generation,Wind Onshore,2026-06-20T23:37:13Z
2026-06-20T23:36:01Z,2026-06-21T01:36:01+0200,a960294c-15ac-429a-a83c-19bebfd529f7,2026-06-01T07:45:00Z,2026-06-01T09:45:00+0200,2414.93203,MW,DE,DE_LU,forecast_onshore_wind_generation,Wind Onshore,2026-06-20T23:37:13Z
2026-06-20T23:36:01Z,2026-06-21T01:36:01+0200,a960294c-15ac-429a-a83c-19bebfd529f7,2026-06-01T08:00:00Z,2026-06-01T10:00:00+0200,2410.92163,MW,DE,DE_LU,forecast_onshore_wind_generation,Wind Onshore,2026-06-20T23:37:13Z
2026-06-20T23:36:01Z,2026-06-21T01:36:01+0200,a960294c-15ac-429a-a83c-19bebfd529f7,2026-06-01T08:15:00Z,2026-06-01T10:15:00+0200,2443.17384,MW,DE,DE_LU,forecast_onshore_wind_generation,Wind Onshore,2026-06-20T23:37:13Z
2026-06-20T23:36:01Z,2026-06-21T01:36:01+0200,a960294c-15ac-429a-a83c-19bebfd529f7,2026-06-01T08:30:00Z,2026-06-01T10:30:00+0200,2472.20599,MW,DE,DE_LU,forecast_onshore_wind_generation,Wind Onshore,2026-06-20T23:37:13Z
2026-06-20T23:36:01Z,2026-06-21T01:36:01+0200,a960294c-15ac-429a-a83c-19bebfd529f7,2026-06-01T08:45:00Z,2026-06-01T10:45:00+0200,2500.64688,MW,DE,DE_LU,forecast_onshore_wind_generation,Wind Onshore,2026-06-20T23:37:13Z
2026-06-20T23:36:01Z,2026-06-21T01:36:01+0200,a960294c-15ac-429a-a83c-19bebfd529f7,2026-06-01T09:00:00Z,2026-06-01T11:00:00+0200,2524.55211,MW,DE,DE_LU,forecast_onshore_wind_generation,Wind Onshore,2026-06-20T23:37:13Z
2026-06-20T23:36:01Z,2026-06-21T01:36:01+0200,a960294c-15ac-429a-a83c-19bebfd529f7,2026-06-01T09:15:00Z,2026-06-01T11:15:00+0200,2573.49505,MW,DE,DE_LU,forecast_onshore_wind_generation,Wind Onshore,2026-06-20T23:37:13Z
2026-06-20T23:36:01Z,2026-06-21T01:36:01+0200,a960294c-15ac-429a-a83c-19bebfd529f7,2026-06-01T09:30:00Z,2026-06-01T11:30:00+0200,2622.21604,MW,DE,DE_LU,forecast_onshore_wind_generation,Wind Onshore,2026-06-20T23:37:13Z
2026-06-20T23:36:01Z,2026-06-21T01:36:01+0200,a960294c-15ac-429a-a83c-19bebfd529f7,2026-06-01T09:45:00Z,2026-06-01T11:45:00+0200,2672.28084,MW,DE,DE_LU,forecast_onshore_wind_generation,Wind Onshore,2026-06-20T23:37:13Z
2026-06-20T23:36:01Z,2026-06-21T01:36:01+0200,a960294c-15ac-429a-a83c-19bebfd529f7,2026-06-01T10:00:00Z,2026-06-01T12:00:00+0200,2724.58425,MW,DE,DE_LU,forecast_onshore_wind_generation,Wind Onshore,2026-06-20T23:37:13Z
2026-06-20T23:36:01Z,2026-06-21T01:36:01+0200,a960294c-15ac-429a-a83c-19bebfd529f7,2026-06-01T10:15:00Z,2026-06-01T12:15:00+0200,2776.16149,MW,DE,DE_LU,forecast_onshore_wind_generation,Wind Onshore,2026-06-20T23:37:13Z
2026-06-20T23:36:01Z,2026-06-21T01:36:01+0200,a960294c-15ac-429a-a83c-19bebfd529f7,2026-06-01T10:30:00Z,2026-06-01T12:30:00+0200,2828.18285,MW,DE,DE_LU,forecast_onshore_wind_generation,Wind Onshore,2026-06-20T23:37:13Z
2026-06-20T23:36:01Z,2026-06-21T01:36:01+0200,a960294c-15ac-429a-a83c-19bebfd529f7,2026-06-01T10:45:00Z,2026-06-01T12:45:00+0200,2880.38641,MW,DE,DE_LU,forecast_onshore_wind_generation,Wind Onshore,2026-06-20T23:37:13Z
2026-06-20T23:36:01Z,2026-06-21T01:36:01+0200,a960294c-15ac-429a-a83c-19bebfd529f7,2026-06-01T11:00:00Z,2026-06-01T13:00:00+0200,2931.116,MW,DE,DE_LU,forecast_onshore_wind_generation,Wind Onshore,2026-06-20T23:37:13Z
2026-06-20T23:36:01Z,2026-06-21T01:36:01+0200,a960294c-15ac-429a-a83c-19bebfd529f7,2026-06-01T11:15:00Z,2026-06-01T13:15:00+0200,2954.56941,MW,DE,DE_LU,forecast_onshore_wind_generation,Wind Onshore,2026-06-20T23:37:13Z
2026-06-20T23:36:01Z,2026-06-21T01:36:01+0200,a960294c-15ac-429a-a83c-19bebfd529f7,2026-06-01T11:30:00Z,2026-06-01T13:30:00+0200,2987.4538,MW,DE,DE_LU,forecast_onshore_wind_generation,Wind Onshore,2026-06-20T23:37:13Z
2026-06-20T23:36:01Z,2026-06-21T01:36:01+0200,a960294c-15ac-429a-a83c-19bebfd529f7,2026-06-01T11:45:00Z,2026-06-01T13:45:00+0200,3038.91101,MW,DE,DE_LU,forecast_onshore_wind_generation,Wind Onshore,2026-06-20T23:37:13Z
2026-06-20T23:36:01Z,2026-06-21T01:36:01+0200,a960294c-15ac-429a-a83c-19bebfd529f7,2026-06-01T12:00:00Z,2026-06-01T14:00:00+0200,3086.73464,MW,DE,DE_LU,forecast_onshore_wind_generation,Wind Onshore,2026-06-20T23:37:13Z
2026-06-20T23:36:01Z,2026-06-21T01:36:01+0200,a960294c-15ac-429a-a83c-19bebfd529f7,2026-06-01T12:15:00Z,2026-06-01T14:15:00+0200,3079.30792,MW,DE,DE_LU,forecast_onshore_wind_generation,Wind Onshore,2026-06-20T23:37:13Z
2026-06-20T23:36:01Z,2026-06-21T01:36:01+0200,a960294c-15ac-429a-a83c-19bebfd529f7,2026-06-01T12:30:00Z,2026-06-01T14:30:00+0200,3054.64357,MW,DE,DE_LU,forecast_onshore_wind_generation,Wind Onshore,2026-06-20T23:37:13Z
2026-06-20T23:36:01Z,2026-06-21T01:36:01+0200,a960294c-15ac-429a-a83c-19bebfd529f7,2026-06-01T12:45:00Z,2026-06-01T14:45:00+0200,3019.47137,MW,DE,DE_LU,forecast_onshore_wind_generation,Wind Onshore,2026-06-20T23:37:13Z
2026-06-20T23:36:01Z,2026-06-21T01:36:01+0200,a960294c-15ac-429a-a83c-19bebfd529f7,2026-06-01T13:00:00Z,2026-06-01T15:00:00+0200,2975.96749,MW,DE,DE_LU,forecast_onshore_wind_generation,Wind Onshore,2026-06-20T23:37:13Z
2026-06-20T23:36:01Z,2026-06-21T01:36:01+0200,a960294c-15ac-429a-a83c-19bebfd529f7,2026-06-01T13:15:00Z,2026-06-01T15:15:00+0200,2864.95155,MW,DE,DE_LU,forecast_onshore_wind_generation,Wind Onshore,2026-06-20T23:37:13Z
2026-06-20T23:36:01Z,2026-06-21T01:36:01+0200,a960294c-15ac-429a-a83c-19bebfd529f7,2026-06-01T13:30:00Z,2026-06-01T15:30:00+0200,2751.46899,MW,DE,DE_LU,forecast_onshore_wind_generation,Wind Onshore,2026-06-20T23:37:13Z
2026-06-20T23:36:01Z,2026-06-21T01:36:01+0200,a960294c-15ac-429a-a83c-19bebfd529f7,2026-06-01T13:45:00Z,2026-06-01T15:45:00+0200,2637.44221,MW,DE,DE_LU,forecast_onshore_wind_generation,Wind Onshore,2026-06-20T23:37:13Z
2026-06-20T23:36:01Z,2026-06-21T01:36:01+0200,a960294c-15ac-429a-a83c-19bebfd529f7,2026-06-01T14:00:00Z,2026-06-01T16:00:00+0200,2519.58795,MW,DE,DE_LU,forecast_onshore_wind_generation,Wind Onshore,2026-06-20T23:37:13Z
2026-06-20T23:36:01Z,2026-06-21T01:36:01+0200,a960294c-15ac-429a-a83c-19bebfd529f7,2026-06-01T14:15:00Z,2026-06-01T16:15:00+0200,2389.83903,MW,DE,DE_LU,forecast_onshore_wind_generation,Wind Onshore,2026-06-20T23:37:13Z
2026-06-20T23:36:01Z,2026-06-21T01:36:01+0200,a960294c-15ac-429a-a83c-19bebfd529f7,2026-06-01T14:30:00Z,2026-06-01T16:30:00+0200,2255.57365,MW,DE,DE_LU,forecast_onshore_wind_generation,Wind Onshore,2026-06-20T23:37:13Z
2026-06-20T23:36:01Z,2026-06-21T01:36:01+0200,a960294c-15ac-429a-a83c-19bebfd529f7,2026-06-01T14:45:00Z,2026-06-01T16:45:00+0200,2122.9649,MW,DE,DE_LU,forecast_onshore_wind_generation,Wind Onshore,2026-06-20T23:37:13Z
2026-06-20T23:36:01Z,2026-06-21T01:36:01+0200,a960294c-15ac-429a-a83c-19bebfd529f7,2026-06-01T15:00:00Z,2026-06-01T17:00:00+0200,1986.26707,MW,DE,DE_LU,forecast_onshore_wind_generation,Wind Onshore,2026-06-20T23:37:13Z
2026-06-20T23:36:01Z,2026-06-21T01:36:01+0200,a960294c-15ac-429a-a83c-19bebfd529f7,2026-06-01T15:15:00Z,2026-06-01T17:15:00+0200,1861.53629,MW,DE,DE_LU,forecast_onshore_wind_generation,Wind Onshore,2026-06-20T23:37:13Z
2026-06-20T23:36:01Z,2026-06-21T01:36:01+0200,a960294c-15ac-429a-a83c-19bebfd529f7,2026-06-01T15:30:00Z,2026-06-01T17:30:00+0200,1732.65176,MW,DE,DE_LU,forecast_onshore_wind_generation,Wind Onshore,2026-06-20T23:37:13Z
2026-06-20T23:36:01Z,2026-06-21T01:36:01+0200,a960294c-15ac-429a-a83c-19bebfd529f7,2026-06-01T15:45:00Z,2026-06-01T17:45:00+0200,1605.25286,MW,DE,DE_LU,forecast_onshore_wind_generation,Wind Onshore,2026-06-20T23:37:13Z
2026-06-20T23:36:01Z,2026-06-21T01:36:01+0200,a960294c-15ac-429a-a83c-19bebfd529f7,2026-06-01T16:00:00Z,2026-06-01T18:00:00+0200,1483.56831,MW,DE,DE_LU,forecast_onshore_wind_generation,Wind Onshore,2026-06-20T23:37:13Z
2026-06-20T23:36:01Z,2026-06-21T01:36:01+0200,a960294c-15ac-429a-a83c-19bebfd529f7,2026-06-01T16:15:00Z,2026-06-01T18:15:00+0200,1384.02472,MW,DE,DE_LU,forecast_onshore_wind_generation,Wind Onshore,2026-06-20T23:37:13Z
2026-06-20T23:36:01Z,2026-06-21T01:36:01+0200,a960294c-15ac-429a-a83c-19bebfd529f7,2026-06-01T16:30:00Z,2026-06-01T18:30:00+0200,1280.55839,MW,DE,DE_LU,forecast_onshore_wind_generation,Wind Onshore,2026-06-20T23:37:13Z
2026-06-20T23:36:01Z,2026-06-21T01:36:01+0200,a960294c-15ac-429a-a83c-19bebfd529f7,2026-06-01T16:45:00Z,2026-06-01T18:45:00+0200,1177.65158,MW,DE,DE_LU,forecast_onshore_wind_generation,Wind Onshore,2026-06-20T23:37:13Z
2026-06-20T23:36:01Z,2026-06-21T01:36:01+0200,a960294c-15ac-429a-a83c-19bebfd529f7,2026-06-01T17:00:00Z,2026-06-01T19:00:00+0200,1071.23676,MW,DE,DE_LU,forecast_onshore_wind_generation,Wind Onshore,2026-06-20T23:37:13Z
2026-06-20T23:36:01Z,2026-06-21T01:36:01+0200,a960294c-15ac-429a-a83c-19bebfd529f7,2026-06-01T17:15:00Z,2026-06-01T19:15:00+0200,1002.92905,MW,DE,DE_LU,forecast_onshore_wind_generation,Wind Onshore,2026-06-20T23:37:13Z
2026-06-20T23:36:01Z,2026-06-21T01:36:01+0200,a960294c-15ac-429a-a83c-19bebfd529f7,2026-06-01T17:30:00Z,2026-06-01T19:30:00+0200,929.95695,MW,DE,DE_LU,forecast_onshore_wind_generation,Wind Onshore,2026-06-20T23:37:13Z
2026-06-20T23:36:01Z,2026-06-21T01:36:01+0200,a960294c-15ac-429a-a83c-19bebfd529f7,2026-06-01T17:45:00Z,2026-06-01T19:45:00+0200,858.25614,MW,DE,DE_LU,forecast_onshore_wind_generation,Wind Onshore,2026-06-20T23:37:13Z
2026-06-20T23:36:01Z,2026-06-21T01:36:01+0200,a960294c-15ac-429a-a83c-19bebfd529f7,2026-06-01T18:00:00Z,2026-06-01T20:00:00+0200,790.13086,MW,DE,DE_LU,forecast_onshore_wind_generation,Wind Onshore,2026-06-20T23:37:13Z
2026-06-20T23:36:01Z,2026-06-21T01:36:01+0200,a960294c-15ac-429a-a83c-19bebfd529f7,2026-06-01T18:15:00Z,2026-06-01T20:15:00+0200,805.35601,MW,DE,DE_LU,forecast_onshore_wind_generation,Wind Onshore,2026-06-20T23:37:13Z
2026-06-20T23:36:01Z,2026-06-21T01:36:01+0200,a960294c-15ac-429a-a83c-19bebfd529f7,2026-06-01T18:30:00Z,2026-06-01T20:30:00+0200,814.28111,MW,DE,DE_LU,forecast_onshore_wind_generation,Wind Onshore,2026-06-20T23:37:13Z
2026-06-20T23:36:01Z,2026-06-21T01:36:01+0200,a960294c-15ac-429a-a83c-19bebfd529f7,2026-06-01T18:45:00Z,2026-06-01T20:45:00+0200,814.93836,MW,DE,DE_LU,forecast_onshore_wind_generation,Wind Onshore,2026-06-20T23:37:13Z
2026-06-20T23:36:01Z,2026-06-21T01:36:01+0200,a960294c-15ac-429a-a83c-19bebfd529f7,2026-06-01T19:00:00Z,2026-06-01T21:00:00+0200,838.39157,MW,DE,DE_LU,forecast_onshore_wind_generation,Wind Onshore,2026-06-20T23:37:13Z
2026-06-20T23:36:01Z,2026-06-21T01:36:01+0200,a960294c-15ac-429a-a83c-19bebfd529f7,2026-06-01T19:15:00Z,2026-06-01T21:15:00+0200,919.71428,MW,DE,DE_LU,forecast_onshore_wind_generation,Wind Onshore,2026-06-20T23:37:13Z
2026-06-20T23:36:01Z,2026-06-21T01:36:01+0200,a960294c-15ac-429a-a83c-19bebfd529f7,2026-06-01T19:30:00Z,2026-06-01T21:30:00+0200,1021.39389,MW,DE,DE_LU,forecast_onshore_wind_generation,Wind Onshore,2026-06-20T23:37:13Z
2026-06-20T23:36:01Z,2026-06-21T01:36:01+0200,a960294c-15ac-429a-a83c-19bebfd529f7,2026-06-01T19:45:00Z,2026-06-01T21:45:00+0200,1131.90726,MW,DE,DE_LU,forecast_onshore_wind_generation,Wind Onshore,2026-06-20T23:37:13Z
2026-06-20T23:36:01Z,2026-06-21T01:36:01+0200,a960294c-15ac-429a-a83c-19bebfd529f7,2026-06-01T20:00:00Z,2026-06-01T22:00:00+0200,1255.63477,MW,DE,DE_LU,forecast_onshore_wind_generation,Wind Onshore,2026-06-20T23:37:13Z
2026-06-20T23:36:01Z,2026-06-21T01:36:01+0200,a960294c-15ac-429a-a83c-19bebfd529f7,2026-06-01T20:15:00Z,2026-06-01T22:15:00+0200,1468.83465,MW,DE,DE_LU,forecast_onshore_wind_generation,Wind Onshore,2026-06-20T23:37:13Z
2026-06-20T23:36:01Z,2026-06-21T01:36:01+0200,a960294c-15ac-429a-a83c-19bebfd529f7,2026-06-01T20:30:00Z,2026-06-01T22:30:00+0200,1685.82625,MW,DE,DE_LU,forecast_onshore_wind_generation,Wind Onshore,2026-06-20T23:37:13Z
2026-06-20T23:36:01Z,2026-06-21T01:36:01+0200,a960294c-15ac-429a-a83c-19bebfd529f7,2026-06-01T20:45:00Z,2026-06-01T22:45:00+0200,1903.29653,MW,DE,DE_LU,forecast_onshore_wind_generation,Wind Onshore,2026-06-20T23:37:13Z
2026-06-20T23:36:01Z,2026-06-21T01:36:01+0200,a960294c-15ac-429a-a83c-19bebfd529f7,2026-06-01T21:00:00Z,2026-06-01T23:00:00+0200,2129.82168,MW,DE,DE_LU,forecast_onshore_wind_generation,Wind Onshore,2026-06-20T23:37:13Z
2026-06-20T23:36:01Z,2026-06-21T01:36:01+0200,a960294c-15ac-429a-a83c-19bebfd529f7,2026-06-01T21:15:00Z,2026-06-01T23:15:00+0200,2388.82091,MW,DE,DE_LU,forecast_onshore_wind_generation,Wind Onshore,2026-06-20T23:37:13Z
2026-06-20T23:36:01Z,2026-06-21T01:36:01+0200,a960294c-15ac-429a-a83c-19bebfd529f7,2026-06-01T21:30:00Z,2026-06-01T23:30:00+0200,2650.80204,MW,DE,DE_LU,forecast_onshore_wind_generation,Wind Onshore,2026-06-20T23:37:13Z
2026-06-20T23:36:01Z,2026-06-21T01:36:01+0200,a960294c-15ac-429a-a83c-19bebfd529f7,2026-06-01T21:45:00Z,2026-06-01T23:45:00+0200,2916.68937,MW,DE,DE_LU,forecast_onshore_wind_generation,Wind Onshore,2026-06-20T23:37:13Z
2026-06-20T23:36:01Z,2026-06-21T01:36:01+0200,a960294c-15ac-429a-a83c-19bebfd529f7,2026-06-01T22:00:00Z,2026-06-02T00:00:00+0200,3640.55187,MW,DE,DE_LU,forecast_onshore_wind_generation,Wind Onshore,2026-06-20T23:37:13Z
2026-06-20T23:36:01Z,2026-06-21T01:36:01+0200,a960294c-15ac-429a-a83c-19bebfd529f7,2026-06-01T22:15:00Z,2026-06-02T00:15:00+0200,4015.07186,MW,DE,DE_LU,forecast_onshore_wind_generation,Wind Onshore,2026-06-20T23:37:13Z
2026-06-20T23:36:01Z,2026-06-21T01:36:01+0200,a960294c-15ac-429a-a83c-19bebfd529f7,2026-06-01T22:30:00Z,2026-06-02T00:30:00+0200,4387.42194,MW,DE,DE_LU,forecast_onshore_wind_generation,Wind Onshore,2026-06-20T23:37:13Z
2026-06-20T23:36:01Z,2026-06-21T01:36:01+0200,a960294c-15ac-429a-a83c-19bebfd529f7,2026-06-01T22:45:00Z,2026-06-02T00:45:00+0200,4770.14513,MW,DE,DE_LU,forecast_onshore_wind_generation,Wind Onshore,2026-06-20T23:37:13Z
2026-06-20T23:36:01Z,2026-06-21T01:36:01+0200,a960294c-15ac-429a-a83c-19bebfd529f7,2026-06-01T23:00:00Z,2026-06-02T01:00:00+0200,5159.66828,MW,DE,DE_LU,forecast_onshore_wind_generation,Wind Onshore,2026-06-20T23:37:13Z
2026-06-20T23:36:01Z,2026-06-21T01:36:01+0200,a960294c-15ac-429a-a83c-19bebfd529f7,2026-06-01T23:15:00Z,2026-06-02T01:15:00+0200,5532.44255,MW,DE,DE_LU,forecast_onshore_wind_generation,Wind Onshore,2026-06-20T23:37:13Z
2026-06-20T23:36:01Z,2026-06-21T01:36:01+0200,a960294c-15ac-429a-a83c-19bebfd529f7,2026-06-01T23:30:00Z,2026-06-02T01:30:00+0200,5914.97972,MW,DE,DE_LU,forecast_onshore_wind_generation,Wind Onshore,2026-06-20T23:37:13Z
2026-06-20T23:36:01Z,2026-06-21T01:36:01+0200,a960294c-15ac-429a-a83c-19bebfd529f7,2026-06-01T23:45:00Z,2026-06-02T01:45:00+0200,6304.7609,MW,DE,DE_LU,forecast_onshore_wind_generation,Wind Onshore,2026-06-20T23:37:13Z
2026-06-20T23:36:01Z,2026-06-21T01:36:01+0200,a960294c-15ac-429a-a83c-19bebfd529f7,2026-06-02T00:00:00Z,2026-06-02T02:00:00+0200,6655.40283,MW,DE,DE_LU,forecast_onshore_wind_generation,Wind Onshore,2026-06-20T23:37:13Z
2026-06-20T23:36:01Z,2026-06-21T01:36:01+0200,a960294c-15ac-429a-a83c-19bebfd529f7,2026-06-02T00:15:00Z,2026-06-02T02:15:00+0200,6931.16736,MW,DE,DE_LU,forecast_onshore_wind_generation,Wind Onshore,2026-06-20T23:37:13Z
2026-06-20T23:36:01Z,2026-06-21T01:36:01+0200,a960294c-15ac-429a-a83c-19bebfd529f7,2026-06-02T00:30:00Z,2026-06-02T02:30:00+0200,7198.82129,MW,DE,DE_LU,forecast_onshore_wind_generation,Wind Onshore,2026-06-20T23:37:13Z
2026-06-20T23:36:01Z,2026-06-21T01:36:01+0200,a960294c-15ac-429a-a83c-19bebfd529f7,2026-06-02T00:45:00Z,2026-06-02T02:45:00+0200,7455.94106,MW,DE,DE_LU,forecast_onshore_wind_generation,Wind Onshore,2026-06-20T23:37:13Z
2026-06-20T23:36:01Z,2026-06-21T01:36:01+0200,a960294c-15ac-429a-a83c-19bebfd529f7,2026-06-02T01:00:00Z,2026-06-02T03:00:00+0200,7702.01288,MW,DE,DE_LU,forecast_onshore_wind_generation,Wind Onshore,2026-06-20T23:37:13Z
2026-06-20T23:36:01Z,2026-06-21T01:36:01+0200,a960294c-15ac-429a-a83c-19bebfd529f7,2026-06-02T01:15:00Z,2026-06-02T03:15:00+0200,7861.53057,MW,DE,DE_LU,forecast_onshore_wind_generation,Wind Onshore,2026-06-20T23:37:13Z
2026-06-20T23:36:01Z,2026-06-21T01:36:01+0200,a960294c-15ac-429a-a83c-19bebfd529f7,2026-06-02T01:30:00Z,2026-06-02T03:30:00+0200,8017.65256,MW,DE,DE_LU,forecast_onshore_wind_generation,Wind Onshore,2026-06-20T23:37:13Z
2026-06-20T23:36:01Z,2026-06-21T01:36:01+0200,a960294c-15ac-429a-a83c-19bebfd529f7,2026-06-02T01:45:00Z,2026-06-02T03:45:00+0200,8161.45329,MW,DE,DE_LU,forecast_onshore_wind_generation,Wind Onshore,2026-06-20T23:37:13Z
2026-06-20T23:36:01Z,2026-06-21T01:36:01+0200,a960294c-15ac-429a-a83c-19bebfd529f7,2026-06-02T02:00:00Z,2026-06-02T04:00:00+0200,8302.50456,MW,DE,DE_LU,forecast_onshore_wind_generation,Wind Onshore,2026-06-20T23:37:13Z
2026-06-20T23:36:01Z,2026-06-21T01:36:01+0200,a960294c-15ac-429a-a83c-19bebfd529f7,2026-06-02T02:15:00Z,2026-06-02T04:15:00+0200,8421.08022,MW,DE,DE_LU,forecast_onshore_wind_generation,Wind Onshore,2026-06-20T23:37:13Z
2026-06-20T23:36:01Z,2026-06-21T01:36:01+0200,a960294c-15ac-429a-a83c-19bebfd529f7,2026-06-02T02:30:00Z,2026-06-02T04:30:00+0200,8541.48362,MW,DE,DE_LU,forecast_onshore_wind_generation,Wind Onshore,2026-06-20T23:37:13Z
2026-06-20T23:36:01Z,2026-06-21T01:36:01+0200,a960294c-15ac-429a-a83c-19bebfd529f7,2026-06-02T02:45:00Z,2026-06-02T04:45:00+0200,8658.98928,MW,DE,DE_LU,forecast_onshore_wind_generation,Wind Onshore,2026-06-20T23:37:13Z
2026-06-20T23:36:01Z,2026-06-21T01:36:01+0200,a960294c-15ac-429a-a83c-19bebfd529f7,2026-06-02T03:00:00Z,2026-06-02T05:00:00+0200,8764.26202,MW,DE,DE_LU,forecast_onshore_wind_generation,Wind Onshore,2026-06-20T23:37:13Z
2026-06-20T23:36:01Z,2026-06-21T01:36:01+0200,a960294c-15ac-429a-a83c-19bebfd529f7,2026-06-02T03:15:00Z,2026-06-02T05:15:00+0200,8837.3103,MW,DE,DE_LU,forecast_onshore_wind_generation,Wind Onshore,2026-06-20T23:37:13Z
2026-06-20T23:36:01Z,2026-06-21T01:36:01+0200,a960294c-15ac-429a-a83c-19bebfd529f7,2026-06-02T03:30:00Z,2026-06-02T05:30:00+0200,8914.12035,MW,DE,DE_LU,forecast_onshore_wind_generation,Wind Onshore,2026-06-20T23:37:13Z
2026-06-20T23:36:01Z,2026-06-21T01:36:01+0200,a960294c-15ac-429a-a83c-19bebfd529f7,2026-06-02T03:45:00Z,2026-06-02T05:45:00+0200,8995.86163,MW,DE,DE_LU,forecast_onshore_wind_generation,Wind Onshore,2026-06-20T23:37:13Z
2026-06-20T23:36:01Z,2026-06-21T01:36:01+0200,a960294c-15ac-429a-a83c-19bebfd529f7,2026-06-02T04:00:00Z,2026-06-02T06:00:00+0200,9198.16607,MW,DE,DE_LU,forecast_onshore_wind_generation,Wind Onshore,2026-06-20T23:37:13Z
2026-06-20T23:36:01Z,2026-06-21T01:36:01+0200,a960294c-15ac-429a-a83c-19bebfd529f7,2026-06-02T04:15:00Z,2026-06-02T06:15:00+0200,9174.76654,MW,DE,DE_LU,forecast_onshore_wind_generation,Wind Onshore,2026-06-20T23:37:13Z
2026-06-20T23:36:01Z,2026-06-21T01:36:01+0200,a960294c-15ac-429a-a83c-19bebfd529f7,2026-06-02T04:30:00Z,2026-06-02T06:30:00+0200,9154.81345,MW,DE,DE_LU,forecast_onshore_wind_generation,Wind Onshore,2026-06-20T23:37:13Z
2026-06-20T23:36:01Z,2026-06-21T01:36:01+0200,a960294c-15ac-429a-a83c-19bebfd529f7,2026-06-02T04:45:00Z,2026-06-02T06:45:00+0200,9137.88544,MW,DE,DE_LU,forecast_onshore_wind_generation,Wind Onshore,2026-06-20T23:37:13Z
2026-06-20T23:36:01Z,2026-06-21T01:36:01+0200,a960294c-15ac-429a-a83c-19bebfd529f7,2026-06-02T05:00:00Z,2026-06-02T07:00:00+0200,9092.33819,MW,DE,DE_LU,forecast_onshore_wind_generation,Wind Onshore,2026-06-20T23:37:13Z
2026-06-20T23:36:01Z,2026-06-21T01:36:01+0200,a960294c-15ac-429a-a83c-19bebfd529f7,2026-06-02T05:15:00Z,2026-06-02T07:15:00+0200,8791.14436,MW,DE,DE_LU,forecast_onshore_wind_generation,Wind Onshore,2026-06-20T23:37:13Z
2026-06-20T23:36:01Z,2026-06-21T01:36:01+0200,a960294c-15ac-429a-a83c-19bebfd529f7,2026-06-02T05:30:00Z,2026-06-02T07:30:00+0200,8440.67699,MW,DE,DE_LU,forecast_onshore_wind_generation,Wind Onshore,2026-06-20T23:37:13Z
2026-06-20T23:36:01Z,2026-06-21T01:36:01+0200,a960294c-15ac-429a-a83c-19bebfd529f7,2026-06-02T05:45:00Z,2026-06-02T07:45:00+0200,8095.60535,MW,DE,DE_LU,forecast_onshore_wind_generation,Wind Onshore,2026-06-20T23:37:13Z
2026-06-20T23:36:01Z,2026-06-21T01:36:01+0200,a960294c-15ac-429a-a83c-19bebfd529f7,2026-06-02T06:00:00Z,2026-06-02T08:00:00+0200,7676.56819,MW,DE,DE_LU,forecast_onshore_wind_generation,Wind Onshore,2026-06-20T23:37:13Z
2026-06-20T23:36:01Z,2026-06-21T01:36:01+0200,a960294c-15ac-429a-a83c-19bebfd529f7,2026-06-02T06:15:00Z,2026-06-02T08:15:00+0200,7100.10994,MW,DE,DE_LU,forecast_onshore_wind_generation,Wind Onshore,2026-06-20T23:37:13Z
2026-06-20T23:36:01Z,2026-06-21T01:36:01+0200,a960294c-15ac-429a-a83c-19bebfd529f7,2026-06-02T06:30:00Z,2026-06-02T08:30:00+0200,6516.34332,MW,DE,DE_LU,forecast_onshore_wind_generation,Wind Onshore,2026-06-20T23:37:13Z
2026-06-20T23:36:01Z,2026-06-21T01:36:01+0200,a960294c-15ac-429a-a83c-19bebfd529f7,2026-06-02T06:45:00Z,2026-06-02T08:45:00+0200,5913.63567,MW,DE,DE_LU,forecast_onshore_wind_generation,Wind Onshore,2026-06-20T23:37:13Z
2026-06-20T23:36:01Z,2026-06-21T01:36:01+0200,a960294c-15ac-429a-a83c-19bebfd529f7,2026-06-02T07:00:00Z,2026-06-02T09:00:00+0200,5372.01813,MW,DE,DE_LU,forecast_onshore_wind_generation,Wind Onshore,2026-06-20T23:37:13Z
2026-06-20T23:36:01Z,2026-06-21T01:36:01+0200,a960294c-15ac-429a-a83c-19bebfd529f7,2026-06-02T07:15:00Z,2026-06-02T09:15:00+0200,5231.3453,MW,DE,DE_LU,forecast_onshore_wind_generation,Wind Onshore,2026-06-20T23:37:13Z
2026-06-20T23:36:01Z,2026-06-21T01:36:01+0200,a960294c-15ac-429a-a83c-19bebfd529f7,2026-06-02T07:30:00Z,2026-06-02T09:30:00+0200,5087.43422,MW,DE,DE_LU,forecast_onshore_wind_generation,Wind Onshore,2026-06-20T23:37:13Z
2026-06-20T23:36:01Z,2026-06-21T01:36:01+0200,a960294c-15ac-429a-a83c-19bebfd529f7,2026-06-02T07:45:00Z,2026-06-02T09:45:00+0200,4947.34196,MW,DE,DE_LU,forecast_onshore_wind_generation,Wind Onshore,2026-06-20T23:37:13Z
2026-06-20T23:36:01Z,2026-06-21T01:36:01+0200,a960294c-15ac-429a-a83c-19bebfd529f7,2026-06-02T08:00:00Z,2026-06-02T10:00:00+0200,4836.77527,MW,DE,DE_LU,forecast_onshore_wind_generation,Wind Onshore,2026-06-20T23:37:13Z
2026-06-20T23:36:01Z,2026-06-21T01:36:01+0200,a960294c-15ac-429a-a83c-19bebfd529f7,2026-06-02T08:15:00Z,2026-06-02T10:15:00+0200,4988.77779,MW,DE,DE_LU,forecast_onshore_wind_generation,Wind Onshore,2026-06-20T23:37:13Z
2026-06-20T23:36:01Z,2026-06-21T01:36:01+0200,a960294c-15ac-429a-a83c-19bebfd529f7,2026-06-02T08:30:00Z,2026-06-02T10:30:00+0200,5163.62812,MW,DE,DE_LU,forecast_onshore_wind_generation,Wind Onshore,2026-06-20T23:37:13Z
2026-06-20T23:36:01Z,2026-06-21T01:36:01+0200,a960294c-15ac-429a-a83c-19bebfd529f7,2026-06-02T08:45:00Z,2026-06-02T10:45:00+0200,5333.992,MW,DE,DE_LU,forecast_onshore_wind_generation,Wind Onshore,2026-06-20T23:37:13Z
2026-06-20T23:36:01Z,2026-06-21T01:36:01+0200,a960294c-15ac-429a-a83c-19bebfd529f7,2026-06-02T09:00:00Z,2026-06-02T11:00:00+0200,5503.16028,MW,DE,DE_LU,forecast_onshore_wind_generation,Wind Onshore,2026-06-20T23:37:13Z
2026-06-20T23:36:01Z,2026-06-21T01:36:01+0200,a960294c-15ac-429a-a83c-19bebfd529f7,2026-06-02T09:15:00Z,2026-06-02T11:15:00+0200,5752.34497,MW,DE,DE_LU,forecast_onshore_wind_generation,Wind Onshore,2026-06-20T23:37:13Z
2026-06-20T23:36:01Z,2026-06-21T01:36:01+0200,a960294c-15ac-429a-a83c-19bebfd529f7,2026-06-02T09:30:00Z,2026-06-02T11:30:00+0200,5995.51963,MW,DE,DE_LU,forecast_onshore_wind_generation,Wind Onshore,2026-06-20T23:37:13Z
2026-06-20T23:36:01Z,2026-06-21T01:36:01+0200,a960294c-15ac-429a-a83c-19bebfd529f7,2026-06-02T09:45:00Z,2026-06-02T11:45:00+0200,6250.61601,MW,DE,DE_LU,forecast_onshore_wind_generation,Wind Onshore,2026-06-20T23:37:13Z
2026-06-20T23:36:01Z,2026-06-21T01:36:01+0200,a960294c-15ac-429a-a83c-19bebfd529f7,2026-06-02T10:00:00Z,2026-06-02T12:00:00+0200,6510.4587,MW,DE,DE_LU,forecast_onshore_wind_generation,Wind Onshore,2026-06-20T23:37:13Z
2026-06-20T23:36:01Z,2026-06-21T01:36:01+0200,a960294c-15ac-429a-a83c-19bebfd529f7,2026-06-02T10:15:00Z,2026-06-02T12:15:00+0200,6713.22112,MW,DE,DE_LU,forecast_onshore_wind_generation,Wind Onshore,2026-06-20T23:37:13Z
2026-06-20T23:36:01Z,2026-06-21T01:36:01+0200,a960294c-15ac-429a-a83c-19bebfd529f7,2026-06-02T10:30:00Z,2026-06-02T12:30:00+0200,6899.79047,MW,DE,DE_LU,forecast_onshore_wind_generation,Wind Onshore,2026-06-20T23:37:13Z
2026-06-20T23:36:01Z,2026-06-21T01:36:01+0200,a960294c-15ac-429a-a83c-19bebfd529f7,2026-06-02T10:45:00Z,2026-06-02T12:45:00+0200,7078.84791,MW,DE,DE_LU,forecast_onshore_wind_generation,Wind Onshore,2026-06-20T23:37:13Z
2026-06-20T23:36:01Z,2026-06-21T01:36:01+0200,a960294c-15ac-429a-a83c-19bebfd529f7,2026-06-02T11:00:00Z,2026-06-02T13:00:00+0200,7243.12387,MW,DE,DE_LU,forecast_onshore_wind_generation,Wind Onshore,2026-06-20T23:37:13Z
2026-06-20T23:36:01Z,2026-06-21T01:36:01+0200,a960294c-15ac-429a-a83c-19bebfd529f7,2026-06-02T11:15:00Z,2026-06-02T13:15:00+0200,7216.10099,MW,DE,DE_LU,forecast_onshore_wind_generation,Wind Onshore,2026-06-20T23:37:13Z
2026-06-20T23:36:01Z,2026-06-21T01:36:01+0200,a960294c-15ac-429a-a83c-19bebfd529f7,2026-06-02T11:30:00Z,2026-06-02T13:30:00+0200,7203.38343,MW,DE,DE_LU,forecast_onshore_wind_generation,Wind Onshore,2026-06-20T23:37:13Z
2026-06-20T23:36:01Z,2026-06-21T01:36:01+0200,a960294c-15ac-429a-a83c-19bebfd529f7,2026-06-02T11:45:00Z,2026-06-02T13:45:00+0200,7215.43739,MW,DE,DE_LU,forecast_onshore_wind_generation,Wind Onshore,2026-06-20T23:37:13Z
2026-06-20T23:36:01Z,2026-06-21T01:36:01+0200,a960294c-15ac-429a-a83c-19bebfd529f7,2026-06-02T12:00:00Z,2026-06-02T14:00:00+0200,7241.49843,MW,DE,DE_LU,forecast_onshore_wind_generation,Wind Onshore,2026-06-20T23:37:13Z
2026-06-20T23:36:01Z,2026-06-21T01:36:01+0200,a960294c-15ac-429a-a83c-19bebfd529f7,2026-06-02T12:15:00Z,2026-06-02T14:15:00+0200,7160.89561,MW,DE,DE_LU,forecast_onshore_wind_generation,Wind Onshore,2026-06-20T23:37:13Z
2026-06-20T23:36:01Z,2026-06-21T01:36:01+0200,a960294c-15ac-429a-a83c-19bebfd529f7,2026-06-02T12:30:00Z,2026-06-02T14:30:00+0200,7052.13745,MW,DE,DE_LU,forecast_onshore_wind_generation,Wind Onshore,2026-06-20T23:37:13Z
2026-06-20T23:36:01Z,2026-06-21T01:36:01+0200,a960294c-15ac-429a-a83c-19bebfd529f7,2026-06-02T12:45:00Z,2026-06-02T14:45:00+0200,6928.0613,MW,DE,DE_LU,forecast_onshore_wind_generation,Wind Onshore,2026-06-20T23:37:13Z
2026-06-20T23:36:01Z,2026-06-21T01:36:01+0200,a960294c-15ac-429a-a83c-19bebfd529f7,2026-06-02T13:00:00Z,2026-06-02T15:00:00+0200,6802.90194,MW,DE,DE_LU,forecast_onshore_wind_generation,Wind Onshore,2026-06-20T23:37:13Z
2026-06-20T23:36:01Z,2026-06-21T01:36:01+0200,a960294c-15ac-429a-a83c-19bebfd529f7,2026-06-02T13:15:00Z,2026-06-02T15:15:00+0200,6802.64863,MW,DE,DE_LU,forecast_onshore_wind_generation,Wind Onshore,2026-06-20T23:37:13Z
2026-06-20T23:36:01Z,2026-06-21T01:36:01+0200,a960294c-15ac-429a-a83c-19bebfd529f7,2026-06-02T13:30:00Z,2026-06-02T15:30:00+0200,6807.18379,MW,DE,DE_LU,forecast_onshore_wind_generation,Wind Onshore,2026-06-20T23:37:13Z
2026-06-20T23:36:01Z,2026-06-21T01:36:01+0200,a960294c-15ac-429a-a83c-19bebfd529f7,2026-06-02T13:45:00Z,2026-06-02T15:45:00+0200,6820.14788,MW,DE,DE_LU,forecast_onshore_wind_generation,Wind Onshore,2026-06-20T23:37:13Z
2026-06-20T23:36:01Z,2026-06-21T01:36:01+0200,a960294c-15ac-429a-a83c-19bebfd529f7,2026-06-02T14:00:00Z,2026-06-02T16:00:00+0200,6863.86268,MW,DE,DE_LU,forecast_onshore_wind_generation,Wind Onshore,2026-06-20T23:37:13Z
2026-06-20T23:36:01Z,2026-06-21T01:36:01+0200,a960294c-15ac-429a-a83c-19bebfd529f7,2026-06-02T14:15:00Z,2026-06-02T16:15:00+0200,6949.1591,MW,DE,DE_LU,forecast_onshore_wind_generation,Wind Onshore,2026-06-20T23:37:13Z
2026-06-20T23:36:01Z,2026-06-21T01:36:01+0200,a960294c-15ac-429a-a83c-19bebfd529f7,2026-06-02T14:30:00Z,2026-06-02T16:30:00+0200,7040.56113,MW,DE,DE_LU,forecast_onshore_wind_generation,Wind Onshore,2026-06-20T23:37:13Z
2026-06-20T23:36:01Z,2026-06-21T01:36:01+0200,a960294c-15ac-429a-a83c-19bebfd529f7,2026-06-02T14:45:00Z,2026-06-02T16:45:00+0200,7135.39138,MW,DE,DE_LU,forecast_onshore_wind_generation,Wind Onshore,2026-06-20T23:37:13Z
2026-06-20T23:36:01Z,2026-06-21T01:36:01+0200,a960294c-15ac-429a-a83c-19bebfd529f7,2026-06-02T15:00:00Z,2026-06-02T17:00:00+0200,7220.58349,MW,DE,DE_LU,forecast_onshore_wind_generation,Wind Onshore,2026-06-20T23:37:13Z
2026-06-20T23:36:01Z,2026-06-21T01:36:01+0200,a960294c-15ac-429a-a83c-19bebfd529f7,2026-06-02T15:15:00Z,2026-06-02T17:15:00+0200,7378.11732,MW,DE,DE_LU,forecast_onshore_wind_generation,Wind Onshore,2026-06-20T23:37:13Z
2026-06-20T23:36:01Z,2026-06-21T01:36:01+0200,a960294c-15ac-429a-a83c-19bebfd529f7,2026-06-02T15:30:00Z,2026-06-02T17:30:00+0200,7535.48993,MW,DE,DE_LU,forecast_onshore_wind_generation,Wind Onshore,2026-06-20T23:37:13Z
2026-06-20T23:36:01Z,2026-06-21T01:36:01+0200,a960294c-15ac-429a-a83c-19bebfd529f7,2026-06-02T15:45:00Z,2026-06-02T17:45:00+0200,7686.27046,MW,DE,DE_LU,forecast_onshore_wind_generation,Wind Onshore,2026-06-20T23:37:13Z
2026-06-20T23:36:01Z,2026-06-21T01:36:01+0200,a960294c-15ac-429a-a83c-19bebfd529f7,2026-06-02T16:00:00Z,2026-06-02T18:00:00+0200,7842.27483,MW,DE,DE_LU,forecast_onshore_wind_generation,Wind Onshore,2026-06-20T23:37:13Z
2026-06-20T23:36:01Z,2026-06-21T01:36:01+0200,a960294c-15ac-429a-a83c-19bebfd529f7,2026-06-02T16:15:00Z,2026-06-02T18:15:00+0200,8118.61494,MW,DE,DE_LU,forecast_onshore_wind_generation,Wind Onshore,2026-06-20T23:37:13Z
2026-06-20T23:36:01Z,2026-06-21T01:36:01+0200,a960294c-15ac-429a-a83c-19bebfd529f7,2026-06-02T16:30:00Z,2026-06-02T18:30:00+0200,8390.79596,MW,DE,DE_LU,forecast_onshore_wind_generation,Wind Onshore,2026-06-20T23:37:13Z
2026-06-20T23:36:01Z,2026-06-21T01:36:01+0200,a960294c-15ac-429a-a83c-19bebfd529f7,2026-06-02T16:45:00Z,2026-06-02T18:45:00+0200,8660.42429,MW,DE,DE_LU,forecast_onshore_wind_generation,Wind Onshore,2026-06-20T23:37:13Z
2026-06-20T23:36:01Z,2026-06-21T01:36:01+0200,a960294c-15ac-429a-a83c-19bebfd529f7,2026-06-02T17:00:00Z,2026-06-02T19:00:00+0200,8927.70744,MW,DE,DE_LU,forecast_onshore_wind_generation,Wind Onshore,2026-06-20T23:37:13Z
2026-06-20T23:36:01Z,2026-06-21T01:36:01+0200,a960294c-15ac-429a-a83c-19bebfd529f7,2026-06-02T17:15:00Z,2026-06-02T19:15:00+0200,9197.27726,MW,DE,DE_LU,forecast_onshore_wind_generation,Wind Onshore,2026-06-20T23:37:13Z
2026-06-20T23:36:01Z,2026-06-21T01:36:01+0200,a960294c-15ac-429a-a83c-19bebfd529f7,2026-06-02T17:30:00Z,2026-06-02T19:30:00+0200,9471.79243,MW,DE,DE_LU,forecast_onshore_wind_generation,Wind Onshore,2026-06-20T23:37:13Z
2026-06-20T23:36:01Z,2026-06-21T01:36:01+0200,a960294c-15ac-429a-a83c-19bebfd529f7,2026-06-02T17:45:00Z,2026-06-02T19:45:00+0200,9745.26271,MW,DE,DE_LU,forecast_onshore_wind_generation,Wind Onshore,2026-06-20T23:37:13Z
2026-06-20T23:36:01Z,2026-06-21T01:36:01+0200,a960294c-15ac-429a-a83c-19bebfd529f7,2026-06-02T18:00:00Z,2026-06-02T20:00:00+0200,10016.87021,MW,DE,DE_LU,forecast_onshore_wind_generation,Wind Onshore,2026-06-20T23:37:13Z
2026-06-20T23:36:01Z,2026-06-21T01:36:01+0200,a960294c-15ac-429a-a83c-19bebfd529f7,2026-06-02T18:15:00Z,2026-06-02T20:15:00+0200,10418.69807,MW,DE,DE_LU,forecast_onshore_wind_generation,Wind Onshore,2026-06-20T23:37:13Z
2026-06-20T23:36:01Z,2026-06-21T01:36:01+0200,a960294c-15ac-429a-a83c-19bebfd529f7,2026-06-02T18:30:00Z,2026-06-02T20:30:00+0200,10806.38429,MW,DE,DE_LU,forecast_onshore_wind_generation,Wind Onshore,2026-06-20T23:37:13Z
2026-06-20T23:36:01Z,2026-06-21T01:36:01+0200,a960294c-15ac-429a-a83c-19bebfd529f7,2026-06-02T18:45:00Z,2026-06-02T20:45:00+0200,11168.945,MW,DE,DE_LU,forecast_onshore_wind_generation,Wind Onshore,2026-06-20T23:37:13Z
2026-06-20T23:36:01Z,2026-06-21T01:36:01+0200,a960294c-15ac-429a-a83c-19bebfd529f7,2026-06-02T19:00:00Z,2026-06-02T21:00:00+0200,11564.48834,MW,DE,DE_LU,forecast_onshore_wind_generation,Wind Onshore,2026-06-20T23:37:13Z
2026-06-20T23:36:01Z,2026-06-21T01:36:01+0200,a960294c-15ac-429a-a83c-19bebfd529f7,2026-06-02T19:15:00Z,2026-06-02T21:15:00+0200,12053.4678,MW,DE,DE_LU,forecast_onshore_wind_generation,Wind Onshore,2026-06-20T23:37:13Z
2026-06-20T23:36:01Z,2026-06-21T01:36:01+0200,a960294c-15ac-429a-a83c-19bebfd529f7,2026-06-02T19:30:00Z,2026-06-02T21:30:00+0200,12572.68511,MW,DE,DE_LU,forecast_onshore_wind_generation,Wind Onshore,2026-06-20T23:37:13Z
2026-06-20T23:36:01Z,2026-06-21T01:36:01+0200,a960294c-15ac-429a-a83c-19bebfd529f7,2026-06-02T19:45:00Z,2026-06-02T21:45:00+0200,13104.09882,MW,DE,DE_LU,forecast_onshore_wind_generation,Wind Onshore,2026-06-20T23:37:13Z
2026-06-20T23:36:01Z,2026-06-21T01:36:01+0200,a960294c-15ac-429a-a83c-19bebfd529f7,2026-06-02T20:00:00Z,2026-06-02T22:00:00+0200,13439.45478,MW,DE,DE_LU,forecast_onshore_wind_generation,Wind Onshore,2026-06-20T23:37:13Z
2026-06-20T23:36:01Z,2026-06-21T01:36:01+0200,a960294c-15ac-429a-a83c-19bebfd529f7,2026-06-02T20:15:00Z,2026-06-02T22:15:00+0200,13798.53843,MW,DE,DE_LU,forecast_onshore_wind_generation,Wind Onshore,2026-06-20T23:37:13Z
2026-06-20T23:36:01Z,2026-06-21T01:36:01+0200,a960294c-15ac-429a-a83c-19bebfd529f7,2026-06-02T20:30:00Z,2026-06-02T22:30:00+0200,14156.763,MW,DE,DE_LU,forecast_onshore_wind_generation,Wind Onshore,2026-06-20T23:37:13Z
2026-06-20T23:36:01Z,2026-06-21T01:36:01+0200,a960294c-15ac-429a-a83c-19bebfd529f7,2026-06-02T20:45:00Z,2026-06-02T22:45:00+0200,14505.36457,MW,DE,DE_LU,forecast_onshore_wind_generation,Wind Onshore,2026-06-20T23:37:13Z
2026-06-20T23:36:01Z,2026-06-21T01:36:01+0200,a960294c-15ac-429a-a83c-19bebfd529f7,2026-06-02T21:00:00Z,2026-06-02T23:00:00+0200,14817.43975,MW,DE,DE_LU,forecast_onshore_wind_generation,Wind Onshore,2026-06-20T23:37:13Z
2026-06-20T23:36:01Z,2026-06-21T01:36:01+0200,a960294c-15ac-429a-a83c-19bebfd529f7,2026-06-02T21:15:00Z,2026-06-02T23:15:00+0200,14916.18733,MW,DE,DE_LU,forecast_onshore_wind_generation,Wind Onshore,2026-06-20T23:37:13Z
2026-06-20T23:36:01Z,2026-06-21T01:36:01+0200,a960294c-15ac-429a-a83c-19bebfd529f7,2026-06-02T21:30:00Z,2026-06-02T23:30:00+0200,15019.33504,MW,DE,DE_LU,forecast_onshore_wind_generation,Wind Onshore,2026-06-20T23:37:13Z
2026-06-20T23:36:01Z,2026-06-21T01:36:01+0200,a960294c-15ac-429a-a83c-19bebfd529f7,2026-06-02T21:45:00Z,2026-06-02T23:45:00+0200,15125.80241,MW,DE,DE_LU,forecast_onshore_wind_generation,Wind Onshore,2026-06-20T23:37:13Z
2026-06-20T23:36:01Z,2026-06-21T01:36:01+0200,a960294c-15ac-429a-a83c-19bebfd529f7,2026-06-02T22:00:00Z,2026-06-03T00:00:00+0200,17192.212,MW,DE,DE_LU,forecast_onshore_wind_generation,Wind Onshore,2026-06-20T23:37:13Z
2026-06-20T23:36:01Z,2026-06-21T01:36:01+0200,a960294c-15ac-429a-a83c-19bebfd529f7,2026-06-02T22:15:00Z,2026-06-03T00:15:00+0200,17157.42373,MW,DE,DE_LU,forecast_onshore_wind_generation,Wind Onshore,2026-06-20T23:37:13Z
2026-06-20T23:36:01Z,2026-06-21T01:36:01+0200,a960294c-15ac-429a-a83c-19bebfd529f7,2026-06-02T22:30:00Z,2026-06-03T00:30:00+0200,17113.74326,MW,DE,DE_LU,forecast_onshore_wind_generation,Wind Onshore,2026-06-20T23:37:13Z
2026-06-20T23:36:01Z,2026-06-21T01:36:01+0200,a960294c-15ac-429a-a83c-19bebfd529f7,2026-06-02T22:45:00Z,2026-06-03T00:45:00+0200,17073.19753,MW,DE,DE_LU,forecast_onshore_wind_generation,Wind Onshore,2026-06-20T23:37:13Z
2026-06-20T23:36:01Z,2026-06-21T01:36:01+0200,a960294c-15ac-429a-a83c-19bebfd529f7,2026-06-02T23:00:00Z,2026-06-03T01:00:00+0200,17034.98303,MW,DE,DE_LU,forecast_onshore_wind_generation,Wind Onshore,2026-06-20T23:37:13Z
2026-06-20T23:36:01Z,2026-06-21T01:36:01+0200,a960294c-15ac-429a-a83c-19bebfd529f7,2026-06-02T23:15:00Z,2026-06-03T01:15:00+0200,16950.92702,MW,DE,DE_LU,forecast_onshore_wind_generation,Wind Onshore,2026-06-20T23:37:13Z
2026-06-20T23:36:01Z,2026-06-21T01:36:01+0200,a960294c-15ac-429a-a83c-19bebfd529f7,2026-06-02T23:30:00Z,2026-06-03T01:30:00+0200,16851.39852,MW,DE,DE_LU,forecast_onshore_wind_generation,Wind Onshore,2026-06-20T23:37:13Z
2026-06-20T23:36:01Z,2026-06-21T01:36:01+0200,a960294c-15ac-429a-a83c-19bebfd529f7,2026-06-02T23:45:00Z,2026-06-03T01:45:00+0200,16734.57241,MW,DE,DE_LU,forecast_onshore_wind_generation,Wind Onshore,2026-06-20T23:37:13Z
2026-06-20T23:36:01Z,2026-06-21T01:36:01+0200,a960294c-15ac-429a-a83c-19bebfd529f7,2026-06-03T00:00:00Z,2026-06-03T02:00:00+0200,16599.11463,MW,DE,DE_LU,forecast_onshore_wind_generation,Wind Onshore,2026-06-20T23:37:13Z
2026-06-20T23:36:01Z,2026-06-21T01:36:01+0200,a960294c-15ac-429a-a83c-19bebfd529f7,2026-06-03T00:15:00Z,2026-06-03T02:15:00+0200,16453.92852,MW,DE,DE_LU,forecast_onshore_wind_generation,Wind Onshore,2026-06-20T23:37:13Z
2026-06-20T23:36:01Z,2026-06-21T01:36:01+0200,a960294c-15ac-429a-a83c-19bebfd529f7,2026-06-03T00:30:00Z,2026-06-03T02:30:00+0200,16310.67052,MW,DE,DE_LU,forecast_onshore_wind_generation,Wind Onshore,2026-06-20T23:37:13Z
2026-06-20T23:36:01Z,2026-06-21T01:36:01+0200,a960294c-15ac-429a-a83c-19bebfd529f7,2026-06-03T00:45:00Z,2026-06-03T02:45:00+0200,16166.66988,MW,DE,DE_LU,forecast_onshore_wind_generation,Wind Onshore,2026-06-20T23:37:13Z
2026-06-20T23:36:01Z,2026-06-21T01:36:01+0200,a960294c-15ac-429a-a83c-19bebfd529f7,2026-06-03T01:00:00Z,2026-06-03T03:00:00+0200,16011.68407,MW,DE,DE_LU,forecast_onshore_wind_generation,Wind Onshore,2026-06-20T23:37:13Z
2026-06-20T23:36:01Z,2026-06-21T01:36:01+0200,a960294c-15ac-429a-a83c-19bebfd529f7,2026-06-03T01:15:00Z,2026-06-03T03:15:00+0200,15890.84047,MW,DE,DE_LU,forecast_onshore_wind_generation,Wind Onshore,2026-06-20T23:37:13Z
2026-06-20T23:36:01Z,2026-06-21T01:36:01+0200,a960294c-15ac-429a-a83c-19bebfd529f7,2026-06-03T01:30:00Z,2026-06-03T03:30:00+0200,15765.64579,MW,DE,DE_LU,forecast_onshore_wind_generation,Wind Onshore,2026-06-20T23:37:13Z
2026-06-20T23:36:01Z,2026-06-21T01:36:01+0200,a960294c-15ac-429a-a83c-19bebfd529f7,2026-06-03T01:45:00Z,2026-06-03T03:45:00+0200,15639.84597,MW,DE,DE_LU,forecast_onshore_wind_generation,Wind Onshore,2026-06-20T23:37:13Z
2026-06-20T23:36:01Z,2026-06-21T01:36:01+0200,a960294c-15ac-429a-a83c-19bebfd529f7,2026-06-03T02:00:00Z,2026-06-03T04:00:00+0200,15528.37519,MW,DE,DE_LU,forecast_onshore_wind_generation,Wind Onshore,2026-06-20T23:37:13Z
2026-06-20T23:36:01Z,2026-06-21T01:36:01+0200,a960294c-15ac-429a-a83c-19bebfd529f7,2026-06-03T02:15:00Z,2026-06-03T04:15:00+0200,15479.23729,MW,DE,DE_LU,forecast_onshore_wind_generation,Wind Onshore,2026-06-20T23:37:13Z
2026-06-20T23:36:01Z,2026-06-21T01:36:01+0200,a960294c-15ac-429a-a83c-19bebfd529f7,2026-06-03T02:30:00Z,2026-06-03T04:30:00+0200,15433.41392,MW,DE,DE_LU,forecast_onshore_wind_generation,Wind Onshore,2026-06-20T23:37:13Z
2026-06-20T23:36:01Z,2026-06-21T01:36:01+0200,a960294c-15ac-429a-a83c-19bebfd529f7,2026-06-03T02:45:00Z,2026-06-03T04:45:00+0200,15393.89902,MW,DE,DE_LU,forecast_onshore_wind_generation,Wind Onshore,2026-06-20T23:37:13Z
2026-06-20T23:36:01Z,2026-06-21T01:36:01+0200,a960294c-15ac-429a-a83c-19bebfd529f7,2026-06-03T03:00:00Z,2026-06-03T05:00:00+0200,15349.38045,MW,DE,DE_LU,forecast_onshore_wind_generation,Wind Onshore,2026-06-20T23:37:13Z
2026-06-20T23:36:01Z,2026-06-21T01:36:01+0200,a960294c-15ac-429a-a83c-19bebfd529f7,2026-06-03T03:15:00Z,2026-06-03T05:15:00+0200,15250.00059,MW,DE,DE_LU,forecast_onshore_wind_generation,Wind Onshore,2026-06-20T23:37:13Z
2026-06-20T23:36:01Z,2026-06-21T01:36:01+0200,a960294c-15ac-429a-a83c-19bebfd529f7,2026-06-03T03:30:00Z,2026-06-03T05:30:00+0200,15154.43521,MW,DE,DE_LU,forecast_onshore_wind_generation,Wind Onshore,2026-06-20T23:37:13Z
2026-06-20T23:36:01Z,2026-06-21T01:36:01+0200,a960294c-15ac-429a-a83c-19bebfd529f7,2026-06-03T03:45:00Z,2026-06-03T05:45:00+0200,15056.70716,MW,DE,DE_LU,forecast_onshore_wind_generation,Wind Onshore,2026-06-20T23:37:13Z
2026-06-20T23:36:01Z,2026-06-21T01:36:01+0200,a960294c-15ac-429a-a83c-19bebfd529f7,2026-06-03T04:00:00Z,2026-06-03T06:00:00+0200,15125.03671,MW,DE,DE_LU,forecast_onshore_wind_generation,Wind Onshore,2026-06-20T23:37:13Z
2026-06-20T23:36:01Z,2026-06-21T01:36:01+0200,a960294c-15ac-429a-a83c-19bebfd529f7,2026-06-03T04:15:00Z,2026-06-03T06:15:00+0200,14967.15369,MW,DE,DE_LU,forecast_onshore_wind_generation,Wind Onshore,2026-06-20T23:37:13Z
2026-06-20T23:36:01Z,2026-06-21T01:36:01+0200,a960294c-15ac-429a-a83c-19bebfd529f7,2026-06-03T04:30:00Z,2026-06-03T06:30:00+0200,14811.40605,MW,DE,DE_LU,forecast_onshore_wind_generation,Wind Onshore,2026-06-20T23:37:13Z
2026-06-20T23:36:01Z,2026-06-21T01:36:01+0200,a960294c-15ac-429a-a83c-19bebfd529f7,2026-06-03T04:45:00Z,2026-06-03T06:45:00+0200,14655.60916,MW,DE,DE_LU,forecast_onshore_wind_generation,Wind Onshore,2026-06-20T23:37:13Z
2026-06-20T23:36:01Z,2026-06-21T01:36:01+0200,a960294c-15ac-429a-a83c-19bebfd529f7,2026-06-03T05:00:00Z,2026-06-03T07:00:00+0200,14497.0728,MW,DE,DE_LU,forecast_onshore_wind_generation,Wind Onshore,2026-06-20T23:37:13Z
2026-06-20T23:36:01Z,2026-06-21T01:36:01+0200,a960294c-15ac-429a-a83c-19bebfd529f7,2026-06-03T05:15:00Z,2026-06-03T07:15:00+0200,14547.13824,MW,DE,DE_LU,forecast_onshore_wind_generation,Wind Onshore,2026-06-20T23:37:13Z
2026-06-20T23:36:01Z,2026-06-21T01:36:01+0200,a960294c-15ac-429a-a83c-19bebfd529f7,2026-06-03T05:30:00Z,2026-06-03T07:30:00+0200,14581.20785,MW,DE,DE_LU,forecast_onshore_wind_generation,Wind Onshore,2026-06-20T23:37:13Z
2026-06-20T23:36:01Z,2026-06-21T01:36:01+0200,a960294c-15ac-429a-a83c-19bebfd529f7,2026-06-03T05:45:00Z,2026-06-03T07:45:00+0200,14584.11115,MW,DE,DE_LU,forecast_onshore_wind_generation,Wind Onshore,2026-06-20T23:37:13Z
2026-06-20T23:36:01Z,2026-06-21T01:36:01+0200,a960294c-15ac-429a-a83c-19bebfd529f7,2026-06-03T06:00:00Z,2026-06-03T08:00:00+0200,14606.84772,MW,DE,DE_LU,forecast_onshore_wind_generation,Wind Onshore,2026-06-20T23:37:13Z
2026-06-20T23:36:01Z,2026-06-21T01:36:01+0200,a960294c-15ac-429a-a83c-19bebfd529f7,2026-06-03T06:15:00Z,2026-06-03T08:15:00+0200,14690.57599,MW,DE,DE_LU,forecast_onshore_wind_generation,Wind Onshore,2026-06-20T23:37:13Z
2026-06-20T23:36:01Z,2026-06-21T01:36:01+0200,a960294c-15ac-429a-a83c-19bebfd529f7,2026-06-03T06:30:00Z,2026-06-03T08:30:00+0200,14795.01957,MW,DE,DE_LU,forecast_onshore_wind_generation,Wind Onshore,2026-06-20T23:37:13Z
2026-06-20T23:36:01Z,2026-06-21T01:36:01+0200,a960294c-15ac-429a-a83c-19bebfd529f7,2026-06-03T06:45:00Z,2026-06-03T08:45:00+0200,14909.68372,MW,DE,DE_LU,forecast_onshore_wind_generation,Wind Onshore,2026-06-20T23:37:13Z
2026-06-20T23:36:01Z,2026-06-21T01:36:01+0200,a960294c-15ac-429a-a83c-19bebfd529f7,2026-06-03T07:00:00Z,2026-06-03T09:00:00+0200,15031.5274,MW,DE,DE_LU,forecast_onshore_wind_generation,Wind Onshore,2026-06-20T23:37:13Z
2026-06-20T23:36:01Z,2026-06-21T01:36:01+0200,a960294c-15ac-429a-a83c-19bebfd529f7,2026-06-03T07:15:00Z,2026-06-03T09:15:00+0200,14994.44973,MW,DE,DE_LU,forecast_onshore_wind_generation,Wind Onshore,2026-06-20T23:37:13Z
2026-06-20T23:36:01Z,2026-06-21T01:36:01+0200,a960294c-15ac-429a-a83c-19bebfd529f7,2026-06-03T07:30:00Z,2026-06-03T09:30:00+0200,14961.26223,MW,DE,DE_LU,forecast_onshore_wind_generation,Wind Onshore,2026-06-20T23:37:13Z
2026-06-20T23:36:01Z,2026-06-21T01:36:01+0200,a960294c-15ac-429a-a83c-19bebfd529f7,2026-06-03T07:45:00Z,2026-06-03T09:45:00+0200,14926.84528,MW,DE,DE_LU,forecast_onshore_wind_generation,Wind Onshore,2026-06-20T23:37:13Z
2026-06-20T23:36:01Z,2026-06-21T01:36:01+0200,a960294c-15ac-429a-a83c-19bebfd529f7,2026-06-03T08:00:00Z,2026-06-03T10:00:00+0200,14877.95444,MW,DE,DE_LU,forecast_onshore_wind_generation,Wind Onshore,2026-06-20T23:37:13Z
2026-06-20T23:36:01Z,2026-06-21T01:36:01+0200,a960294c-15ac-429a-a83c-19bebfd529f7,2026-06-03T08:15:00Z,2026-06-03T10:15:00+0200,14803.71656,MW,DE,DE_LU,forecast_onshore_wind_generation,Wind Onshore,2026-06-20T23:37:13Z
2026-06-20T23:36:01Z,2026-06-21T01:36:01+0200,a960294c-15ac-429a-a83c-19bebfd529f7,2026-06-03T08:30:00Z,2026-06-03T10:30:00+0200,14731.14903,MW,DE,DE_LU,forecast_onshore_wind_generation,Wind Onshore,2026-06-20T23:37:13Z
2026-06-20T23:36:01Z,2026-06-21T01:36:01+0200,a960294c-15ac-429a-a83c-19bebfd529f7,2026-06-03T08:45:00Z,2026-06-03T10:45:00+0200,14667.35687,MW,DE,DE_LU,forecast_onshore_wind_generation,Wind Onshore,2026-06-20T23:37:13Z
2026-06-20T23:36:01Z,2026-06-21T01:36:01+0200,a960294c-15ac-429a-a83c-19bebfd529f7,2026-06-03T09:00:00Z,2026-06-03T11:00:00+0200,14599.5466,MW,DE,DE_LU,forecast_onshore_wind_generation,Wind Onshore,2026-06-20T23:37:13Z
2026-06-20T23:36:01Z,2026-06-21T01:36:01+0200,a960294c-15ac-429a-a83c-19bebfd529f7,2026-06-03T09:15:00Z,2026-06-03T11:15:00+0200,14502.63285,MW,DE,DE_LU,forecast_onshore_wind_generation,Wind Onshore,2026-06-20T23:37:13Z
2026-06-20T23:36:01Z,2026-06-21T01:36:01+0200,a960294c-15ac-429a-a83c-19bebfd529f7,2026-06-03T09:30:00Z,2026-06-03T11:30:00+0200,14409.86206,MW,DE,DE_LU,forecast_onshore_wind_generation,Wind Onshore,2026-06-20T23:37:13Z
2026-06-20T23:36:01Z,2026-06-21T01:36:01+0200,a960294c-15ac-429a-a83c-19bebfd529f7,2026-06-03T09:45:00Z,2026-06-03T11:45:00+0200,14319.49645,MW,DE,DE_LU,forecast_onshore_wind_generation,Wind Onshore,2026-06-20T23:37:13Z
2026-06-20T23:36:01Z,2026-06-21T01:36:01+0200,a960294c-15ac-429a-a83c-19bebfd529f7,2026-06-03T10:00:00Z,2026-06-03T12:00:00+0200,14238.47551,MW,DE,DE_LU,forecast_onshore_wind_generation,Wind Onshore,2026-06-20T23:37:13Z
2026-06-20T23:36:01Z,2026-06-21T01:36:01+0200,a960294c-15ac-429a-a83c-19bebfd529f7,2026-06-03T10:15:00Z,2026-06-03T12:15:00+0200,14218.47146,MW,DE,DE_LU,forecast_onshore_wind_generation,Wind Onshore,2026-06-20T23:37:13Z
2026-06-20T23:36:01Z,2026-06-21T01:36:01+0200,a960294c-15ac-429a-a83c-19bebfd529f7,2026-06-03T10:30:00Z,2026-06-03T12:30:00+0200,14199.37026,MW,DE,DE_LU,forecast_onshore_wind_generation,Wind Onshore,2026-06-20T23:37:13Z
2026-06-20T23:36:01Z,2026-06-21T01:36:01+0200,a960294c-15ac-429a-a83c-19bebfd529f7,2026-06-03T10:45:00Z,2026-06-03T12:45:00+0200,14181.06156,MW,DE,DE_LU,forecast_onshore_wind_generation,Wind Onshore,2026-06-20T23:37:13Z
2026-06-20T23:36:01Z,2026-06-21T01:36:01+0200,a960294c-15ac-429a-a83c-19bebfd529f7,2026-06-03T11:00:00Z,2026-06-03T13:00:00+0200,14175.14722,MW,DE,DE_LU,forecast_onshore_wind_generation,Wind Onshore,2026-06-20T23:37:13Z
2026-06-20T23:36:01Z,2026-06-21T01:36:01+0200,a960294c-15ac-429a-a83c-19bebfd529f7,2026-06-03T11:15:00Z,2026-06-03T13:15:00+0200,14161.58658,MW,DE,DE_LU,forecast_onshore_wind_generation,Wind Onshore,2026-06-20T23:37:13Z
2026-06-20T23:36:01Z,2026-06-21T01:36:01+0200,a960294c-15ac-429a-a83c-19bebfd529f7,2026-06-03T11:30:00Z,2026-06-03T13:30:00+0200,14151.39988,MW,DE,DE_LU,forecast_onshore_wind_generation,Wind Onshore,2026-06-20T23:37:13Z
2026-06-20T23:36:01Z,2026-06-21T01:36:01+0200,a960294c-15ac-429a-a83c-19bebfd529f7,2026-06-03T11:45:00Z,2026-06-03T13:45:00+0200,14163.30568,MW,DE,DE_LU,forecast_onshore_wind_generation,Wind Onshore,2026-06-20T23:37:13Z
2026-06-20T23:36:01Z,2026-06-21T01:36:01+0200,a960294c-15ac-429a-a83c-19bebfd529f7,2026-06-03T12:00:00Z,2026-06-03T14:00:00+0200,14219.9363,MW,DE,DE_LU,forecast_onshore_wind_generation,Wind Onshore,2026-06-20T23:37:13Z
2026-06-20T23:36:01Z,2026-06-21T01:36:01+0200,a960294c-15ac-429a-a83c-19bebfd529f7,2026-06-03T12:15:00Z,2026-06-03T14:15:00+0200,14266.71125,MW,DE,DE_LU,forecast_onshore_wind_generation,Wind Onshore,2026-06-20T23:37:13Z
2026-06-20T23:36:01Z,2026-06-21T01:36:01+0200,a960294c-15ac-429a-a83c-19bebfd529f7,2026-06-03T12:30:00Z,2026-06-03T14:30:00+0200,14298.21422,MW,DE,DE_LU,forecast_onshore_wind_generation,Wind Onshore,2026-06-20T23:37:13Z
2026-06-20T23:36:01Z,2026-06-21T01:36:01+0200,a960294c-15ac-429a-a83c-19bebfd529f7,2026-06-03T12:45:00Z,2026-06-03T14:45:00+0200,14327.40461,MW,DE,DE_LU,forecast_onshore_wind_generation,Wind Onshore,2026-06-20T23:37:13Z
2026-06-20T23:36:01Z,2026-06-21T01:36:01+0200,a960294c-15ac-429a-a83c-19bebfd529f7,2026-06-03T13:00:00Z,2026-06-03T15:00:00+0200,14363.90771,MW,DE,DE_LU,forecast_onshore_wind_generation,Wind Onshore,2026-06-20T23:37:13Z
2026-06-20T23:36:01Z,2026-06-21T01:36:01+0200,a960294c-15ac-429a-a83c-19bebfd529f7,2026-06-03T13:15:00Z,2026-06-03T15:15:00+0200,14346.16044,MW,DE,DE_LU,forecast_onshore_wind_generation,Wind Onshore,2026-06-20T23:37:13Z
2026-06-20T23:36:01Z,2026-06-21T01:36:01+0200,a960294c-15ac-429a-a83c-19bebfd529f7,2026-06-03T13:30:00Z,2026-06-03T15:30:00+0200,14326.86536,MW,DE,DE_LU,forecast_onshore_wind_generation,Wind Onshore,2026-06-20T23:37:13Z
2026-06-20T23:36:01Z,2026-06-21T01:36:01+0200,a960294c-15ac-429a-a83c-19bebfd529f7,2026-06-03T13:45:00Z,2026-06-03T15:45:00+0200,14298.11994,MW,DE,DE_LU,forecast_onshore_wind_generation,Wind Onshore,2026-06-20T23:37:13Z
2026-06-20T23:36:01Z,2026-06-21T01:36:01+0200,a960294c-15ac-429a-a83c-19bebfd529f7,2026-06-03T14:00:00Z,2026-06-03T16:00:00+0200,14262.87005,MW,DE,DE_LU,forecast_onshore_wind_generation,Wind Onshore,2026-06-20T23:37:13Z
2026-06-20T23:36:01Z,2026-06-21T01:36:01+0200,a960294c-15ac-429a-a83c-19bebfd529f7,2026-06-03T14:15:00Z,2026-06-03T16:15:00+0200,14081.57046,MW,DE,DE_LU,forecast_onshore_wind_generation,Wind Onshore,2026-06-20T23:37:13Z
2026-06-20T23:36:01Z,2026-06-21T01:36:01+0200,a960294c-15ac-429a-a83c-19bebfd529f7,2026-06-03T14:30:00Z,2026-06-03T16:30:00+0200,13882.35208,MW,DE,DE_LU,forecast_onshore_wind_generation,Wind Onshore,2026-06-20T23:37:13Z
2026-06-20T23:36:01Z,2026-06-21T01:36:01+0200,a960294c-15ac-429a-a83c-19bebfd529f7,2026-06-03T14:45:00Z,2026-06-03T16:45:00+0200,13666.157,MW,DE,DE_LU,forecast_onshore_wind_generation,Wind Onshore,2026-06-20T23:37:13Z
2026-06-20T23:36:01Z,2026-06-21T01:36:01+0200,a960294c-15ac-429a-a83c-19bebfd529f7,2026-06-03T15:00:00Z,2026-06-03T17:00:00+0200,13435.72235,MW,DE,DE_LU,forecast_onshore_wind_generation,Wind Onshore,2026-06-20T23:37:13Z
2026-06-20T23:36:01Z,2026-06-21T01:36:01+0200,a960294c-15ac-429a-a83c-19bebfd529f7,2026-06-03T15:15:00Z,2026-06-03T17:15:00+0200,13189.25926,MW,DE,DE_LU,forecast_onshore_wind_generation,Wind Onshore,2026-06-20T23:37:13Z
2026-06-20T23:36:01Z,2026-06-21T01:36:01+0200,a960294c-15ac-429a-a83c-19bebfd529f7,2026-06-03T15:30:00Z,2026-06-03T17:30:00+0200,12917.98852,MW,DE,DE_LU,forecast_onshore_wind_generation,Wind Onshore,2026-06-20T23:37:13Z
2026-06-20T23:36:01Z,2026-06-21T01:36:01+0200,a960294c-15ac-429a-a83c-19bebfd529f7,2026-06-03T15:45:00Z,2026-06-03T17:45:00+0200,12631.6281,MW,DE,DE_LU,forecast_onshore_wind_generation,Wind Onshore,2026-06-20T23:37:13Z
2026-06-20T23:36:01Z,2026-06-21T01:36:01+0200,a960294c-15ac-429a-a83c-19bebfd529f7,2026-06-03T16:00:00Z,2026-06-03T18:00:00+0200,12320.72643,MW,DE,DE_LU,forecast_onshore_wind_generation,Wind Onshore,2026-06-20T23:37:13Z
2026-06-20T23:36:01Z,2026-06-21T01:36:01+0200,a960294c-15ac-429a-a83c-19bebfd529f7,2026-06-03T16:15:00Z,2026-06-03T18:15:00+0200,11939.14973,MW,DE,DE_LU,forecast_onshore_wind_generation,Wind Onshore,2026-06-20T23:37:13Z
2026-06-20T23:36:01Z,2026-06-21T01:36:01+0200,a960294c-15ac-429a-a83c-19bebfd529f7,2026-06-03T16:30:00Z,2026-06-03T18:30:00+0200,11549.31326,MW,DE,DE_LU,forecast_onshore_wind_generation,Wind Onshore,2026-06-20T23:37:13Z
2026-06-20T23:36:01Z,2026-06-21T01:36:01+0200,a960294c-15ac-429a-a83c-19bebfd529f7,2026-06-03T16:45:00Z,2026-06-03T18:45:00+0200,11159.20835,MW,DE,DE_LU,forecast_onshore_wind_generation,Wind Onshore,2026-06-20T23:37:13Z
2026-06-20T23:36:01Z,2026-06-21T01:36:01+0200,a960294c-15ac-429a-a83c-19bebfd529f7,2026-06-03T17:00:00Z,2026-06-03T19:00:00+0200,10771.74134,MW,DE,DE_LU,forecast_onshore_wind_generation,Wind Onshore,2026-06-20T23:37:13Z
2026-06-20T23:36:01Z,2026-06-21T01:36:01+0200,a960294c-15ac-429a-a83c-19bebfd529f7,2026-06-03T17:15:00Z,2026-06-03T19:15:00+0200,10476.13487,MW,DE,DE_LU,forecast_onshore_wind_generation,Wind Onshore,2026-06-20T23:37:13Z
2026-06-20T23:36:01Z,2026-06-21T01:36:01+0200,a960294c-15ac-429a-a83c-19bebfd529f7,2026-06-03T17:30:00Z,2026-06-03T19:30:00+0200,10195.4965,MW,DE,DE_LU,forecast_onshore_wind_generation,Wind Onshore,2026-06-20T23:37:13Z
2026-06-20T23:36:01Z,2026-06-21T01:36:01+0200,a960294c-15ac-429a-a83c-19bebfd529f7,2026-06-03T17:45:00Z,2026-06-03T19:45:00+0200,9928.32001,MW,DE,DE_LU,forecast_onshore_wind_generation,Wind Onshore,2026-06-20T23:37:13Z
2026-06-20T23:36:01Z,2026-06-21T01:36:01+0200,a960294c-15ac-429a-a83c-19bebfd529f7,2026-06-03T18:00:00Z,2026-06-03T20:00:00+0200,9731.07752,MW,DE,DE_LU,forecast_onshore_wind_generation,Wind Onshore,2026-06-20T23:37:13Z
2026-06-20T23:36:01Z,2026-06-21T01:36:01+0200,a960294c-15ac-429a-a83c-19bebfd529f7,2026-06-03T18:15:00Z,2026-06-03T20:15:00+0200,9943.57517,MW,DE,DE_LU,forecast_onshore_wind_generation,Wind Onshore,2026-06-20T23:37:13Z
2026-06-20T23:36:01Z,2026-06-21T01:36:01+0200,a960294c-15ac-429a-a83c-19bebfd529f7,2026-06-03T18:30:00Z,2026-06-03T20:30:00+0200,10159.24354,MW,DE,DE_LU,forecast_onshore_wind_generation,Wind Onshore,2026-06-20T23:37:13Z
2026-06-20T23:36:01Z,2026-06-21T01:36:01+0200,a960294c-15ac-429a-a83c-19bebfd529f7,2026-06-03T18:45:00Z,2026-06-03T20:45:00+0200,10364.62115,MW,DE,DE_LU,forecast_onshore_wind_generation,Wind Onshore,2026-06-20T23:37:13Z
2026-06-20T23:36:01Z,2026-06-21T01:36:01+0200,a960294c-15ac-429a-a83c-19bebfd529f7,2026-06-03T19:00:00Z,2026-06-03T21:00:00+0200,10803.88401,MW,DE,DE_LU,forecast_onshore_wind_generation,Wind Onshore,2026-06-20T23:37:13Z
2026-06-20T23:36:01Z,2026-06-21T01:36:01+0200,a960294c-15ac-429a-a83c-19bebfd529f7,2026-06-03T19:15:00Z,2026-06-03T21:15:00+0200,11543.66354,MW,DE,DE_LU,forecast_onshore_wind_generation,Wind Onshore,2026-06-20T23:37:13Z
2026-06-20T23:36:01Z,2026-06-21T01:36:01+0200,a960294c-15ac-429a-a83c-19bebfd529f7,2026-06-03T19:30:00Z,2026-06-03T21:30:00+0200,12318.20461,MW,DE,DE_LU,forecast_onshore_wind_generation,Wind Onshore,2026-06-20T23:37:13Z
2026-06-20T23:36:01Z,2026-06-21T01:36:01+0200,a960294c-15ac-429a-a83c-19bebfd529f7,2026-06-03T19:45:00Z,2026-06-03T21:45:00+0200,13114.48306,MW,DE,DE_LU,forecast_onshore_wind_generation,Wind Onshore,2026-06-20T23:37:13Z
2026-06-20T23:36:01Z,2026-06-21T01:36:01+0200,a960294c-15ac-429a-a83c-19bebfd529f7,2026-06-03T20:00:00Z,2026-06-03T22:00:00+0200,13773.67932,MW,DE,DE_LU,forecast_onshore_wind_generation,Wind Onshore,2026-06-20T23:37:13Z
2026-06-20T23:36:01Z,2026-06-21T01:36:01+0200,a960294c-15ac-429a-a83c-19bebfd529f7,2026-06-03T20:15:00Z,2026-06-03T22:15:00+0200,14752.99286,MW,DE,DE_LU,forecast_onshore_wind_generation,Wind Onshore,2026-06-20T23:37:13Z
2026-06-20T23:36:01Z,2026-06-21T01:36:01+0200,a960294c-15ac-429a-a83c-19bebfd529f7,2026-06-03T20:30:00Z,2026-06-03T22:30:00+0200,15737.30684,MW,DE,DE_LU,forecast_onshore_wind_generation,Wind Onshore,2026-06-20T23:37:13Z
2026-06-20T23:36:01Z,2026-06-21T01:36:01+0200,a960294c-15ac-429a-a83c-19bebfd529f7,2026-06-03T20:45:00Z,2026-06-03T22:45:00+0200,16711.96419,MW,DE,DE_LU,forecast_onshore_wind_generation,Wind Onshore,2026-06-20T23:37:13Z
2026-06-20T23:36:01Z,2026-06-21T01:36:01+0200,a960294c-15ac-429a-a83c-19bebfd529f7,2026-06-03T21:00:00Z,2026-06-03T23:00:00+0200,17639.38283,MW,DE,DE_LU,forecast_onshore_wind_generation,Wind Onshore,2026-06-20T23:37:13Z
2026-06-20T23:36:01Z,2026-06-21T01:36:01+0200,a960294c-15ac-429a-a83c-19bebfd529f7,2026-06-03T21:15:00Z,2026-06-03T23:15:00+0200,18435.89727,MW,DE,DE_LU,forecast_onshore_wind_generation,Wind Onshore,2026-06-20T23:37:13Z
2026-06-20T23:36:01Z,2026-06-21T01:36:01+0200,a960294c-15ac-429a-a83c-19bebfd529f7,2026-06-03T21:30:00Z,2026-06-03T23:30:00+0200,19218.05445,MW,DE,DE_LU,forecast_onshore_wind_generation,Wind Onshore,2026-06-20T23:37:13Z
2026-06-20T23:36:01Z,2026-06-21T01:36:01+0200,a960294c-15ac-429a-a83c-19bebfd529f7,2026-06-03T21:45:00Z,2026-06-03T23:45:00+0200,19986.7576,MW,DE,DE_LU,forecast_onshore_wind_generation,Wind Onshore,2026-06-20T23:37:13Z
2026-06-20T23:36:01Z,2026-06-21T01:36:01+0200,a960294c-15ac-429a-a83c-19bebfd529f7,2026-06-03T22:00:00Z,2026-06-04T00:00:00+0200,23148.19048,MW,DE,DE_LU,forecast_onshore_wind_generation,Wind Onshore,2026-06-20T23:37:13Z
2026-06-20T23:36:01Z,2026-06-21T01:36:01+0200,a960294c-15ac-429a-a83c-19bebfd529f7,2026-06-03T22:15:00Z,2026-06-04T00:15:00+0200,23710.44044,MW,DE,DE_LU,forecast_onshore_wind_generation,Wind Onshore,2026-06-20T23:37:13Z
2026-06-20T23:36:01Z,2026-06-21T01:36:01+0200,a960294c-15ac-429a-a83c-19bebfd529f7,2026-06-03T22:30:00Z,2026-06-04T00:30:00+0200,24269.34166,MW,DE,DE_LU,forecast_onshore_wind_generation,Wind Onshore,2026-06-20T23:37:13Z
2026-06-20T23:36:01Z,2026-06-21T01:36:01+0200,a960294c-15ac-429a-a83c-19bebfd529f7,2026-06-03T22:45:00Z,2026-06-04T00:45:00+0200,24803.31508,MW,DE,DE_LU,forecast_onshore_wind_generation,Wind Onshore,2026-06-20T23:37:13Z
2026-06-20T23:36:01Z,2026-06-21T01:36:01+0200,a960294c-15ac-429a-a83c-19bebfd529f7,2026-06-03T23:00:00Z,2026-06-04T01:00:00+0200,25295.13011,MW,DE,DE_LU,forecast_onshore_wind_generation,Wind Onshore,2026-06-20T23:37:13Z
2026-06-20T23:36:01Z,2026-06-21T01:36:01+0200,a960294c-15ac-429a-a83c-19bebfd529f7,2026-06-03T23:15:00Z,2026-06-04T01:15:00+0200,25571.1129,MW,DE,DE_LU,forecast_onshore_wind_generation,Wind Onshore,2026-06-20T23:37:13Z
2026-06-20T23:36:01Z,2026-06-21T01:36:01+0200,a960294c-15ac-429a-a83c-19bebfd529f7,2026-06-03T23:30:00Z,2026-06-04T01:30:00+0200,25846.3654,MW,DE,DE_LU,forecast_onshore_wind_generation,Wind Onshore,2026-06-20T23:37:13Z
2026-06-20T23:36:01Z,2026-06-21T01:36:01+0200,a960294c-15ac-429a-a83c-19bebfd529f7,2026-06-03T23:45:00Z,2026-06-04T01:45:00+0200,26084.26286,MW,DE,DE_LU,forecast_onshore_wind_generation,Wind Onshore,2026-06-20T23:37:13Z
2026-06-20T23:36:01Z,2026-06-21T01:36:01+0200,a960294c-15ac-429a-a83c-19bebfd529f7,2026-06-04T00:00:00Z,2026-06-04T02:00:00+0200,26177.15322,MW,DE,DE_LU,forecast_onshore_wind_generation,Wind Onshore,2026-06-20T23:37:13Z
2026-06-20T23:36:01Z,2026-06-21T01:36:01+0200,a960294c-15ac-429a-a83c-19bebfd529f7,2026-06-04T00:15:00Z,2026-06-04T02:15:00+0200,26234.07537,MW,DE,DE_LU,forecast_onshore_wind_generation,Wind Onshore,2026-06-20T23:37:13Z
2026-06-20T23:36:01Z,2026-06-21T01:36:01+0200,a960294c-15ac-429a-a83c-19bebfd529f7,2026-06-04T00:30:00Z,2026-06-04T02:30:00+0200,26305.42615,MW,DE,DE_LU,forecast_onshore_wind_generation,Wind Onshore,2026-06-20T23:37:13Z
2026-06-20T23:36:01Z,2026-06-21T01:36:01+0200,a960294c-15ac-429a-a83c-19bebfd529f7,2026-06-04T00:45:00Z,2026-06-04T02:45:00+0200,26380.37562,MW,DE,DE_LU,forecast_onshore_wind_generation,Wind Onshore,2026-06-20T23:37:13Z
2026-06-20T23:36:01Z,2026-06-21T01:36:01+0200,a960294c-15ac-429a-a83c-19bebfd529f7,2026-06-04T01:00:00Z,2026-06-04T03:00:00+0200,26413.35457,MW,DE,DE_LU,forecast_onshore_wind_generation,Wind Onshore,2026-06-20T23:37:13Z
2026-06-20T23:36:01Z,2026-06-21T01:36:01+0200,a960294c-15ac-429a-a83c-19bebfd529f7,2026-06-04T01:15:00Z,2026-06-04T03:15:00+0200,26257.95617,MW,DE,DE_LU,forecast_onshore_wind_generation,Wind Onshore,2026-06-20T23:37:13Z
2026-06-20T23:36:01Z,2026-06-21T01:36:01+0200,a960294c-15ac-429a-a83c-19bebfd529f7,2026-06-04T01:30:00Z,2026-06-04T03:30:00+0200,26097.43651,MW,DE,DE_LU,forecast_onshore_wind_generation,Wind Onshore,2026-06-20T23:37:13Z
2026-06-20T23:36:01Z,2026-06-21T01:36:01+0200,a960294c-15ac-429a-a83c-19bebfd529f7,2026-06-04T01:45:00Z,2026-06-04T03:45:00+0200,25923.9699,MW,DE,DE_LU,forecast_onshore_wind_generation,Wind Onshore,2026-06-20T23:37:13Z
2026-06-20T23:36:01Z,2026-06-21T01:36:01+0200,a960294c-15ac-429a-a83c-19bebfd529f7,2026-06-04T02:00:00Z,2026-06-04T04:00:00+0200,25752.57513,MW,DE,DE_LU,forecast_onshore_wind_generation,Wind Onshore,2026-06-20T23:37:13Z
2026-06-20T23:36:01Z,2026-06-21T01:36:01+0200,a960294c-15ac-429a-a83c-19bebfd529f7,2026-06-04T02:15:00Z,2026-06-04T04:15:00+0200,25537.34297,MW,DE,DE_LU,forecast_onshore_wind_generation,Wind Onshore,2026-06-20T23:37:13Z
2026-06-20T23:36:01Z,2026-06-21T01:36:01+0200,a960294c-15ac-429a-a83c-19bebfd529f7,2026-06-04T02:30:00Z,2026-06-04T04:30:00+0200,25327.60081,MW,DE,DE_LU,forecast_onshore_wind_generation,Wind Onshore,2026-06-20T23:37:13Z
2026-06-20T23:36:01Z,2026-06-21T01:36:01+0200,a960294c-15ac-429a-a83c-19bebfd529f7,2026-06-04T02:45:00Z,2026-06-04T04:45:00+0200,25106.2584,MW,DE,DE_LU,forecast_onshore_wind_generation,Wind Onshore,2026-06-20T23:37:13Z
2026-06-20T23:36:01Z,2026-06-21T01:36:01+0200,a960294c-15ac-429a-a83c-19bebfd529f7,2026-06-04T03:00:00Z,2026-06-04T05:00:00+0200,24867.47782,MW,DE,DE_LU,forecast_onshore_wind_generation,Wind Onshore,2026-06-20T23:37:13Z
2026-06-20T23:36:01Z,2026-06-21T01:36:01+0200,a960294c-15ac-429a-a83c-19bebfd529f7,2026-06-04T03:15:00Z,2026-06-04T05:15:00+0200,24583.11876,MW,DE,DE_LU,forecast_onshore_wind_generation,Wind Onshore,2026-06-20T23:37:13Z
2026-06-20T23:36:01Z,2026-06-21T01:36:01+0200,a960294c-15ac-429a-a83c-19bebfd529f7,2026-06-04T03:30:00Z,2026-06-04T05:30:00+0200,24293.25839,MW,DE,DE_LU,forecast_onshore_wind_generation,Wind Onshore,2026-06-20T23:37:13Z
2026-06-20T23:36:01Z,2026-06-21T01:36:01+0200,a960294c-15ac-429a-a83c-19bebfd529f7,2026-06-04T03:45:00Z,2026-06-04T05:45:00+0200,24009.57169,MW,DE,DE_LU,forecast_onshore_wind_generation,Wind Onshore,2026-06-20T23:37:13Z
2026-06-20T23:36:01Z,2026-06-21T01:36:01+0200,a960294c-15ac-429a-a83c-19bebfd529f7,2026-06-04T04:00:00Z,2026-06-04T06:00:00+0200,24212.57403,MW,DE,DE_LU,forecast_onshore_wind_generation,Wind Onshore,2026-06-20T23:37:13Z
2026-06-20T23:36:01Z,2026-06-21T01:36:01+0200,a960294c-15ac-429a-a83c-19bebfd529f7,2026-06-04T04:15:00Z,2026-06-04T06:15:00+0200,23806.67844,MW,DE,DE_LU,forecast_onshore_wind_generation,Wind Onshore,2026-06-20T23:37:13Z
2026-06-20T23:36:01Z,2026-06-21T01:36:01+0200,a960294c-15ac-429a-a83c-19bebfd529f7,2026-06-04T04:30:00Z,2026-06-04T06:30:00+0200,23394.7135,MW,DE,DE_LU,forecast_onshore_wind_generation,Wind Onshore,2026-06-20T23:37:13Z
2026-06-20T23:36:01Z,2026-06-21T01:36:01+0200,a960294c-15ac-429a-a83c-19bebfd529f7,2026-06-04T04:45:00Z,2026-06-04T06:45:00+0200,22965.41881,MW,DE,DE_LU,forecast_onshore_wind_generation,Wind Onshore,2026-06-20T23:37:13Z
2026-06-20T23:36:01Z,2026-06-21T01:36:01+0200,a960294c-15ac-429a-a83c-19bebfd529f7,2026-06-04T05:00:00Z,2026-06-04T07:00:00+0200,22471.56835,MW,DE,DE_LU,forecast_onshore_wind_generation,Wind Onshore,2026-06-20T23:37:13Z
2026-06-20T23:36:01Z,2026-06-21T01:36:01+0200,a960294c-15ac-429a-a83c-19bebfd529f7,2026-06-04T05:15:00Z,2026-06-04T07:15:00+0200,21910.34741,MW,DE,DE_LU,forecast_onshore_wind_generation,Wind Onshore,2026-06-20T23:37:13Z
2026-06-20T23:36:01Z,2026-06-21T01:36:01+0200,a960294c-15ac-429a-a83c-19bebfd529f7,2026-06-04T05:30:00Z,2026-06-04T07:30:00+0200,21310.47155,MW,DE,DE_LU,forecast_onshore_wind_generation,Wind Onshore,2026-06-20T23:37:13Z
2026-06-20T23:36:01Z,2026-06-21T01:36:01+0200,a960294c-15ac-429a-a83c-19bebfd529f7,2026-06-04T05:45:00Z,2026-06-04T07:45:00+0200,20627.74712,MW,DE,DE_LU,forecast_onshore_wind_generation,Wind Onshore,2026-06-20T23:37:13Z
2026-06-20T23:36:01Z,2026-06-21T01:36:01+0200,a960294c-15ac-429a-a83c-19bebfd529f7,2026-06-04T06:00:00Z,2026-06-04T08:00:00+0200,20039.57301,MW,DE,DE_LU,forecast_onshore_wind_generation,Wind Onshore,2026-06-20T23:37:13Z
2026-06-20T23:36:01Z,2026-06-21T01:36:01+0200,a960294c-15ac-429a-a83c-19bebfd529f7,2026-06-04T06:15:00Z,2026-06-04T08:15:00+0200,19863.42882,MW,DE,DE_LU,forecast_onshore_wind_generation,Wind Onshore,2026-06-20T23:37:13Z
2026-06-20T23:36:01Z,2026-06-21T01:36:01+0200,a960294c-15ac-429a-a83c-19bebfd529f7,2026-06-04T06:30:00Z,2026-06-04T08:30:00+0200,19800.07219,MW,DE,DE_LU,forecast_onshore_wind_generation,Wind Onshore,2026-06-20T23:37:13Z
2026-06-20T23:36:01Z,2026-06-21T01:36:01+0200,a960294c-15ac-429a-a83c-19bebfd529f7,2026-06-04T06:45:00Z,2026-06-04T08:45:00+0200,19808.17788,MW,DE,DE_LU,forecast_onshore_wind_generation,Wind Onshore,2026-06-20T23:37:13Z
2026-06-20T23:36:01Z,2026-06-21T01:36:01+0200,a960294c-15ac-429a-a83c-19bebfd529f7,2026-06-04T07:00:00Z,2026-06-04T09:00:00+0200,19905.09426,MW,DE,DE_LU,forecast_onshore_wind_generation,Wind Onshore,2026-06-20T23:37:13Z
2026-06-20T23:36:01Z,2026-06-21T01:36:01+0200,a960294c-15ac-429a-a83c-19bebfd529f7,2026-06-04T07:15:00Z,2026-06-04T09:15:00+0200,20142.07242,MW,DE,DE_LU,forecast_onshore_wind_generation,Wind Onshore,2026-06-20T23:37:13Z
2026-06-20T23:36:01Z,2026-06-21T01:36:01+0200,a960294c-15ac-429a-a83c-19bebfd529f7,2026-06-04T07:30:00Z,2026-06-04T09:30:00+0200,20407.12707,MW,DE,DE_LU,forecast_onshore_wind_generation,Wind Onshore,2026-06-20T23:37:13Z
2026-06-20T23:36:01Z,2026-06-21T01:36:01+0200,a960294c-15ac-429a-a83c-19bebfd529f7,2026-06-04T07:45:00Z,2026-06-04T09:45:00+0200,20536.77416,MW,DE,DE_LU,forecast_onshore_wind_generation,Wind Onshore,2026-06-20T23:37:13Z
2026-06-20T23:36:01Z,2026-06-21T01:36:01+0200,a960294c-15ac-429a-a83c-19bebfd529f7,2026-06-04T08:00:00Z,2026-06-04T10:00:00+0200,20612.93446,MW,DE,DE_LU,forecast_onshore_wind_generation,Wind Onshore,2026-06-20T23:37:13Z
2026-06-20T23:36:01Z,2026-06-21T01:36:01+0200,a960294c-15ac-429a-a83c-19bebfd529f7,2026-06-04T08:15:00Z,2026-06-04T10:15:00+0200,20642.5526,MW,DE,DE_LU,forecast_onshore_wind_generation,Wind Onshore,2026-06-20T23:37:13Z
2026-06-20T23:36:01Z,2026-06-21T01:36:01+0200,a960294c-15ac-429a-a83c-19bebfd529f7,2026-06-04T08:30:00Z,2026-06-04T10:30:00+0200,20682.92003,MW,DE,DE_LU,forecast_onshore_wind_generation,Wind Onshore,2026-06-20T23:37:13Z
2026-06-20T23:36:01Z,2026-06-21T01:36:01+0200,a960294c-15ac-429a-a83c-19bebfd529f7,2026-06-04T08:45:00Z,2026-06-04T10:45:00+0200,20714.49353,MW,DE,DE_LU,forecast_onshore_wind_generation,Wind Onshore,2026-06-20T23:37:13Z
2026-06-20T23:36:01Z,2026-06-21T01:36:01+0200,a960294c-15ac-429a-a83c-19bebfd529f7,2026-06-04T09:00:00Z,2026-06-04T11:00:00+0200,20753.83369,MW,DE,DE_LU,forecast_onshore_wind_generation,Wind Onshore,2026-06-20T23:37:13Z
2026-06-20T23:36:01Z,2026-06-21T01:36:01+0200,a960294c-15ac-429a-a83c-19bebfd529f7,2026-06-04T09:15:00Z,2026-06-04T11:15:00+0200,20748.2034,MW,DE,DE_LU,forecast_onshore_wind_generation,Wind Onshore,2026-06-20T23:37:13Z
2026-06-20T23:36:01Z,2026-06-21T01:36:01+0200,a960294c-15ac-429a-a83c-19bebfd529f7,2026-06-04T09:30:00Z,2026-06-04T11:30:00+0200,20781.96891,MW,DE,DE_LU,forecast_onshore_wind_generation,Wind Onshore,2026-06-20T23:37:13Z
2026-06-20T23:36:01Z,2026-06-21T01:36:01+0200,a960294c-15ac-429a-a83c-19bebfd529f7,2026-06-04T09:45:00Z,2026-06-04T11:45:00+0200,20830.22057,MW,DE,DE_LU,forecast_onshore_wind_generation,Wind Onshore,2026-06-20T23:37:13Z
2026-06-20T23:36:01Z,2026-06-21T01:36:01+0200,a960294c-15ac-429a-a83c-19bebfd529f7,2026-06-04T10:00:00Z,2026-06-04T12:00:00+0200,20904.38589,MW,DE,DE_LU,forecast_onshore_wind_generation,Wind Onshore,2026-06-20T23:37:13Z
2026-06-20T23:36:01Z,2026-06-21T01:36:01+0200,a960294c-15ac-429a-a83c-19bebfd529f7,2026-06-04T10:15:00Z,2026-06-04T12:15:00+0200,20989.26793,MW,DE,DE_LU,forecast_onshore_wind_generation,Wind Onshore,2026-06-20T23:37:13Z
2026-06-20T23:36:01Z,2026-06-21T01:36:01+0200,a960294c-15ac-429a-a83c-19bebfd529f7,2026-06-04T10:30:00Z,2026-06-04T12:30:00+0200,21099.69404,MW,DE,DE_LU,forecast_onshore_wind_generation,Wind Onshore,2026-06-20T23:37:13Z
2026-06-20T23:36:01Z,2026-06-21T01:36:01+0200,a960294c-15ac-429a-a83c-19bebfd529f7,2026-06-04T10:45:00Z,2026-06-04T12:45:00+0200,21249.40769,MW,DE,DE_LU,forecast_onshore_wind_generation,Wind Onshore,2026-06-20T23:37:13Z
2026-06-20T23:36:01Z,2026-06-21T01:36:01+0200,a960294c-15ac-429a-a83c-19bebfd529f7,2026-06-04T11:00:00Z,2026-06-04T13:00:00+0200,21420.01629,MW,DE,DE_LU,forecast_onshore_wind_generation,Wind Onshore,2026-06-20T23:37:13Z
2026-06-20T23:36:01Z,2026-06-21T01:36:01+0200,a960294c-15ac-429a-a83c-19bebfd529f7,2026-06-04T11:15:00Z,2026-06-04T13:15:00+0200,21629.28909,MW,DE,DE_LU,forecast_onshore_wind_generation,Wind Onshore,2026-06-20T23:37:13Z
2026-06-20T23:36:01Z,2026-06-21T01:36:01+0200,a960294c-15ac-429a-a83c-19bebfd529f7,2026-06-04T11:30:00Z,2026-06-04T13:30:00+0200,21917.60066,MW,DE,DE_LU,forecast_onshore_wind_generation,Wind Onshore,2026-06-20T23:37:13Z
2026-06-20T23:36:01Z,2026-06-21T01:36:01+0200,a960294c-15ac-429a-a83c-19bebfd529f7,2026-06-04T11:45:00Z,2026-06-04T13:45:00+0200,22362.4398,MW,DE,DE_LU,forecast_onshore_wind_generation,Wind Onshore,2026-06-20T23:37:13Z
2026-06-20T23:36:01Z,2026-06-21T01:36:01+0200,a960294c-15ac-429a-a83c-19bebfd529f7,2026-06-04T12:00:00Z,2026-06-04T14:00:00+0200,22943.61388,MW,DE,DE_LU,forecast_onshore_wind_generation,Wind Onshore,2026-06-20T23:37:13Z
2026-06-20T23:36:01Z,2026-06-21T01:36:01+0200,a960294c-15ac-429a-a83c-19bebfd529f7,2026-06-04T12:15:00Z,2026-06-04T14:15:00+0200,23320.22459,MW,DE,DE_LU,forecast_onshore_wind_generation,Wind Onshore,2026-06-20T23:37:13Z
2026-06-20T23:36:01Z,2026-06-21T01:36:01+0200,a960294c-15ac-429a-a83c-19bebfd529f7,2026-06-04T12:30:00Z,2026-06-04T14:30:00+0200,23554.61283,MW,DE,DE_LU,forecast_onshore_wind_generation,Wind Onshore,2026-06-20T23:37:13Z
2026-06-20T23:36:01Z,2026-06-21T01:36:01+0200,a960294c-15ac-429a-a83c-19bebfd529f7,2026-06-04T12:45:00Z,2026-06-04T14:45:00+0200,23758.17377,MW,DE,DE_LU,forecast_onshore_wind_generation,Wind Onshore,2026-06-20T23:37:13Z
2026-06-20T23:36:01Z,2026-06-21T01:36:01+0200,a960294c-15ac-429a-a83c-19bebfd529f7,2026-06-04T13:00:00Z,2026-06-04T15:00:00+0200,23923.15191,MW,DE,DE_LU,forecast_onshore_wind_generation,Wind Onshore,2026-06-20T23:37:13Z
2026-06-20T23:36:01Z,2026-06-21T01:36:01+0200,a960294c-15ac-429a-a83c-19bebfd529f7,2026-06-04T13:15:00Z,2026-06-04T15:15:00+0200,24033.94272,MW,DE,DE_LU,forecast_onshore_wind_generation,Wind Onshore,2026-06-20T23:37:13Z
2026-06-20T23:36:01Z,2026-06-21T01:36:01+0200,a960294c-15ac-429a-a83c-19bebfd529f7,2026-06-04T13:30:00Z,2026-06-04T15:30:00+0200,24150.46826,MW,DE,DE_LU,forecast_onshore_wind_generation,Wind Onshore,2026-06-20T23:37:13Z
2026-06-20T23:36:01Z,2026-06-21T01:36:01+0200,a960294c-15ac-429a-a83c-19bebfd529f7,2026-06-04T13:45:00Z,2026-06-04T15:45:00+0200,24289.16543,MW,DE,DE_LU,forecast_onshore_wind_generation,Wind Onshore,2026-06-20T23:37:13Z
2026-06-20T23:36:01Z,2026-06-21T01:36:01+0200,a960294c-15ac-429a-a83c-19bebfd529f7,2026-06-04T14:00:00Z,2026-06-04T16:00:00+0200,24382.22164,MW,DE,DE_LU,forecast_onshore_wind_generation,Wind Onshore,2026-06-20T23:37:13Z
2026-06-20T23:36:01Z,2026-06-21T01:36:01+0200,a960294c-15ac-429a-a83c-19bebfd529f7,2026-06-04T14:15:00Z,2026-06-04T16:15:00+0200,24377.90711,MW,DE,DE_LU,forecast_onshore_wind_generation,Wind Onshore,2026-06-20T23:37:13Z
2026-06-20T23:36:01Z,2026-06-21T01:36:01+0200,a960294c-15ac-429a-a83c-19bebfd529f7,2026-06-04T14:30:00Z,2026-06-04T16:30:00+0200,24322.65923,MW,DE,DE_LU,forecast_onshore_wind_generation,Wind Onshore,2026-06-20T23:37:13Z
2026-06-20T23:36:01Z,2026-06-21T01:36:01+0200,a960294c-15ac-429a-a83c-19bebfd529f7,2026-06-04T14:45:00Z,2026-06-04T16:45:00+0200,24211.0785,MW,DE,DE_LU,forecast_onshore_wind_generation,Wind Onshore,2026-06-20T23:37:13Z
2026-06-20T23:36:01Z,2026-06-21T01:36:01+0200,a960294c-15ac-429a-a83c-19bebfd529f7,2026-06-04T15:00:00Z,2026-06-04T17:00:00+0200,24060.15869,MW,DE,DE_LU,forecast_onshore_wind_generation,Wind Onshore,2026-06-20T23:37:13Z
2026-06-20T23:36:01Z,2026-06-21T01:36:01+0200,a960294c-15ac-429a-a83c-19bebfd529f7,2026-06-04T15:15:00Z,2026-06-04T17:15:00+0200,23829.57943,MW,DE,DE_LU,forecast_onshore_wind_generation,Wind Onshore,2026-06-20T23:37:13Z
2026-06-20T23:36:01Z,2026-06-21T01:36:01+0200,a960294c-15ac-429a-a83c-19bebfd529f7,2026-06-04T15:30:00Z,2026-06-04T17:30:00+0200,23608.69813,MW,DE,DE_LU,forecast_onshore_wind_generation,Wind Onshore,2026-06-20T23:37:13Z
2026-06-20T23:36:01Z,2026-06-21T01:36:01+0200,a960294c-15ac-429a-a83c-19bebfd529f7,2026-06-04T15:45:00Z,2026-06-04T17:45:00+0200,23408.46761,MW,DE,DE_LU,forecast_onshore_wind_generation,Wind Onshore,2026-06-20T23:37:13Z
2026-06-20T23:36:01Z,2026-06-21T01:36:01+0200,a960294c-15ac-429a-a83c-19bebfd529f7,2026-06-04T16:00:00Z,2026-06-04T18:00:00+0200,23196.49215,MW,DE,DE_LU,forecast_onshore_wind_generation,Wind Onshore,2026-06-20T23:37:13Z
2026-06-20T23:36:01Z,2026-06-21T01:36:01+0200,a960294c-15ac-429a-a83c-19bebfd529f7,2026-06-04T16:15:00Z,2026-06-04T18:15:00+0200,23037.65374,MW,DE,DE_LU,forecast_onshore_wind_generation,Wind Onshore,2026-06-20T23:37:13Z
2026-06-20T23:36:01Z,2026-06-21T01:36:01+0200,a960294c-15ac-429a-a83c-19bebfd529f7,2026-06-04T16:30:00Z,2026-06-04T18:30:00+0200,22877.22339,MW,DE,DE_LU,forecast_onshore_wind_generation,Wind Onshore,2026-06-20T23:37:13Z
2026-06-20T23:36:01Z,2026-06-21T01:36:01+0200,a960294c-15ac-429a-a83c-19bebfd529f7,2026-06-04T16:45:00Z,2026-06-04T18:45:00+0200,22718.74771,MW,DE,DE_LU,forecast_onshore_wind_generation,Wind Onshore,2026-06-20T23:37:13Z
2026-06-20T23:36:01Z,2026-06-21T01:36:01+0200,a960294c-15ac-429a-a83c-19bebfd529f7,2026-06-04T17:00:00Z,2026-06-04T19:00:00+0200,22554.31698,MW,DE,DE_LU,forecast_onshore_wind_generation,Wind Onshore,2026-06-20T23:37:13Z
2026-06-20T23:36:01Z,2026-06-21T01:36:01+0200,a960294c-15ac-429a-a83c-19bebfd529f7,2026-06-04T17:15:00Z,2026-06-04T19:15:00+0200,22426.11491,MW,DE,DE_LU,forecast_onshore_wind_generation,Wind Onshore,2026-06-20T23:37:13Z
2026-06-20T23:36:01Z,2026-06-21T01:36:01+0200,a960294c-15ac-429a-a83c-19bebfd529f7,2026-06-04T17:30:00Z,2026-06-04T19:30:00+0200,22303.52376,MW,DE,DE_LU,forecast_onshore_wind_generation,Wind Onshore,2026-06-20T23:37:13Z
2026-06-20T23:36:01Z,2026-06-21T01:36:01+0200,a960294c-15ac-429a-a83c-19bebfd529f7,2026-06-04T17:45:00Z,2026-06-04T19:45:00+0200,22180.08542,MW,DE,DE_LU,forecast_onshore_wind_generation,Wind Onshore,2026-06-20T23:37:13Z
2026-06-20T23:36:01Z,2026-06-21T01:36:01+0200,a960294c-15ac-429a-a83c-19bebfd529f7,2026-06-04T18:00:00Z,2026-06-04T20:00:00+0200,22073.02748,MW,DE,DE_LU,forecast_onshore_wind_generation,Wind Onshore,2026-06-20T23:37:13Z
2026-06-20T23:36:01Z,2026-06-21T01:36:01+0200,a960294c-15ac-429a-a83c-19bebfd529f7,2026-06-04T18:15:00Z,2026-06-04T20:15:00+0200,21978.81923,MW,DE,DE_LU,forecast_onshore_wind_generation,Wind Onshore,2026-06-20T23:37:13Z
2026-06-20T23:36:01Z,2026-06-21T01:36:01+0200,a960294c-15ac-429a-a83c-19bebfd529f7,2026-06-04T18:30:00Z,2026-06-04T20:30:00+0200,21892.72041,MW,DE,DE_LU,forecast_onshore_wind_generation,Wind Onshore,2026-06-20T23:37:13Z
2026-06-20T23:36:01Z,2026-06-21T01:36:01+0200,a960294c-15ac-429a-a83c-19bebfd529f7,2026-06-04T18:45:00Z,2026-06-04T20:45:00+0200,21828.41504,MW,DE,DE_LU,forecast_onshore_wind_generation,Wind Onshore,2026-06-20T23:37:13Z
2026-06-20T23:36:01Z,2026-06-21T01:36:01+0200,a960294c-15ac-429a-a83c-19bebfd529f7,2026-06-04T19:00:00Z,2026-06-04T21:00:00+0200,21855.29056,MW,DE,DE_LU,forecast_onshore_wind_generation,Wind Onshore,2026-06-20T23:37:13Z
2026-06-20T23:36:01Z,2026-06-21T01:36:01+0200,a960294c-15ac-429a-a83c-19bebfd529f7,2026-06-04T19:15:00Z,2026-06-04T21:15:00+0200,21981.65123,MW,DE,DE_LU,forecast_onshore_wind_generation,Wind Onshore,2026-06-20T23:37:13Z
2026-06-20T23:36:01Z,2026-06-21T01:36:01+0200,a960294c-15ac-429a-a83c-19bebfd529f7,2026-06-04T19:30:00Z,2026-06-04T21:30:00+0200,22101.171,MW,DE,DE_LU,forecast_onshore_wind_generation,Wind Onshore,2026-06-20T23:37:13Z
2026-06-20T23:36:01Z,2026-06-21T01:36:01+0200,a960294c-15ac-429a-a83c-19bebfd529f7,2026-06-04T19:45:00Z,2026-06-04T21:45:00+0200,22210.16609,MW,DE,DE_LU,forecast_onshore_wind_generation,Wind Onshore,2026-06-20T23:37:13Z
2026-06-20T23:36:01Z,2026-06-21T01:36:01+0200,a960294c-15ac-429a-a83c-19bebfd529f7,2026-06-04T20:00:00Z,2026-06-04T22:00:00+0200,21905.98479,MW,DE,DE_LU,forecast_onshore_wind_generation,Wind Onshore,2026-06-20T23:37:13Z
2026-06-20T23:36:01Z,2026-06-21T01:36:01+0200,a960294c-15ac-429a-a83c-19bebfd529f7,2026-06-04T20:15:00Z,2026-06-04T22:15:00+0200,22096.15733,MW,DE,DE_LU,forecast_onshore_wind_generation,Wind Onshore,2026-06-20T23:37:13Z
2026-06-20T23:36:01Z,2026-06-21T01:36:01+0200,a960294c-15ac-429a-a83c-19bebfd529f7,2026-06-04T20:30:00Z,2026-06-04T22:30:00+0200,22296.7758,MW,DE,DE_LU,forecast_onshore_wind_generation,Wind Onshore,2026-06-20T23:37:13Z
2026-06-20T23:36:01Z,2026-06-21T01:36:01+0200,a960294c-15ac-429a-a83c-19bebfd529f7,2026-06-04T20:45:00Z,2026-06-04T22:45:00+0200,22504.43179,MW,DE,DE_LU,forecast_onshore_wind_generation,Wind Onshore,2026-06-20T23:37:13Z
2026-06-20T23:36:01Z,2026-06-21T01:36:01+0200,a960294c-15ac-429a-a83c-19bebfd529f7,2026-06-04T21:00:00Z,2026-06-04T23:00:00+0200,22701.74759,MW,DE,DE_LU,forecast_onshore_wind_generation,Wind Onshore,2026-06-20T23:37:13Z
2026-06-20T23:36:01Z,2026-06-21T01:36:01+0200,a960294c-15ac-429a-a83c-19bebfd529f7,2026-06-04T21:15:00Z,2026-06-04T23:15:00+0200,22917.47208,MW,DE,DE_LU,forecast_onshore_wind_generation,Wind Onshore,2026-06-20T23:37:13Z
2026-06-20T23:36:01Z,2026-06-21T01:36:01+0200,a960294c-15ac-429a-a83c-19bebfd529f7,2026-06-04T21:30:00Z,2026-06-04T23:30:00+0200,23129.84443,MW,DE,DE_LU,forecast_onshore_wind_generation,Wind Onshore,2026-06-20T23:37:13Z
2026-06-20T23:36:01Z,2026-06-21T01:36:01+0200,a960294c-15ac-429a-a83c-19bebfd529f7,2026-06-04T21:45:00Z,2026-06-04T23:45:00+0200,23339.94021,MW,DE,DE_LU,forecast_onshore_wind_generation,Wind Onshore,2026-06-20T23:37:13Z
2026-06-20T23:36:01Z,2026-06-21T01:36:01+0200,a960294c-15ac-429a-a83c-19bebfd529f7,2026-06-04T22:00:00Z,2026-06-05T00:00:00+0200,23580.49546,MW,DE,DE_LU,forecast_onshore_wind_generation,Wind Onshore,2026-06-20T23:37:13Z
2026-06-20T23:36:01Z,2026-06-21T01:36:01+0200,a960294c-15ac-429a-a83c-19bebfd529f7,2026-06-04T22:15:00Z,2026-06-05T00:15:00+0200,23577.97898,MW,DE,DE_LU,forecast_onshore_wind_generation,Wind Onshore,2026-06-20T23:37:13Z
2026-06-20T23:36:01Z,2026-06-21T01:36:01+0200,a960294c-15ac-429a-a83c-19bebfd529f7,2026-06-04T22:30:00Z,2026-06-05T00:30:00+0200,23571.13922,MW,DE,DE_LU,forecast_onshore_wind_generation,Wind Onshore,2026-06-20T23:37:13Z
2026-06-20T23:36:01Z,2026-06-21T01:36:01+0200,a960294c-15ac-429a-a83c-19bebfd529f7,2026-06-04T22:45:00Z,2026-06-05T00:45:00+0200,23561.14443,MW,DE,DE_LU,forecast_onshore_wind_generation,Wind Onshore,2026-06-20T23:37:13Z
2026-06-20T23:36:01Z,2026-06-21T01:36:01+0200,a960294c-15ac-429a-a83c-19bebfd529f7,2026-06-04T23:00:00Z,2026-06-05T01:00:00+0200,23528.19304,MW,DE,DE_LU,forecast_onshore_wind_generation,Wind Onshore,2026-06-20T23:37:13Z
2026-06-20T23:36:01Z,2026-06-21T01:36:01+0200,a960294c-15ac-429a-a83c-19bebfd529f7,2026-06-04T23:15:00Z,2026-06-05T01:15:00+0200,23329.50083,MW,DE,DE_LU,forecast_onshore_wind_generation,Wind Onshore,2026-06-20T23:37:13Z
2026-06-20T23:36:01Z,2026-06-21T01:36:01+0200,a960294c-15ac-429a-a83c-19bebfd529f7,2026-06-04T23:30:00Z,2026-06-05T01:30:00+0200,23125.48357,MW,DE,DE_LU,forecast_onshore_wind_generation,Wind Onshore,2026-06-20T23:37:13Z
2026-06-20T23:36:01Z,2026-06-21T01:36:01+0200,a960294c-15ac-429a-a83c-19bebfd529f7,2026-06-04T23:45:00Z,2026-06-05T01:45:00+0200,22895.46707,MW,DE,DE_LU,forecast_onshore_wind_generation,Wind Onshore,2026-06-20T23:37:13Z
2026-06-20T23:36:01Z,2026-06-21T01:36:01+0200,a960294c-15ac-429a-a83c-19bebfd529f7,2026-06-05T00:00:00Z,2026-06-05T02:00:00+0200,22595.64291,MW,DE,DE_LU,forecast_onshore_wind_generation,Wind Onshore,2026-06-20T23:37:13Z
2026-06-20T23:36:01Z,2026-06-21T01:36:01+0200,a960294c-15ac-429a-a83c-19bebfd529f7,2026-06-05T00:15:00Z,2026-06-05T02:15:00+0200,22240.54943,MW,DE,DE_LU,forecast_onshore_wind_generation,Wind Onshore,2026-06-20T23:37:13Z
2026-06-20T23:36:01Z,2026-06-21T01:36:01+0200,a960294c-15ac-429a-a83c-19bebfd529f7,2026-06-05T00:30:00Z,2026-06-05T02:30:00+0200,21891.39251,MW,DE,DE_LU,forecast_onshore_wind_generation,Wind Onshore,2026-06-20T23:37:13Z
2026-06-20T23:36:01Z,2026-06-21T01:36:01+0200,a960294c-15ac-429a-a83c-19bebfd529f7,2026-06-05T00:45:00Z,2026-06-05T02:45:00+0200,21541.12288,MW,DE,DE_LU,forecast_onshore_wind_generation,Wind Onshore,2026-06-20T23:37:13Z
2026-06-20T23:36:01Z,2026-06-21T01:36:01+0200,a960294c-15ac-429a-a83c-19bebfd529f7,2026-06-05T01:00:00Z,2026-06-05T03:00:00+0200,21188.63004,MW,DE,DE_LU,forecast_onshore_wind_generation,Wind Onshore,2026-06-20T23:37:13Z
2026-06-20T23:36:01Z,2026-06-21T01:36:01+0200,a960294c-15ac-429a-a83c-19bebfd529f7,2026-06-05T01:15:00Z,2026-06-05T03:15:00+0200,20766.75831,MW,DE,DE_LU,forecast_onshore_wind_generation,Wind Onshore,2026-06-20T23:37:13Z
2026-06-20T23:36:01Z,2026-06-21T01:36:01+0200,a960294c-15ac-429a-a83c-19bebfd529f7,2026-06-05T01:30:00Z,2026-06-05T03:30:00+0200,20330.13136,MW,DE,DE_LU,forecast_onshore_wind_generation,Wind Onshore,2026-06-20T23:37:13Z
2026-06-20T23:36:01Z,2026-06-21T01:36:01+0200,a960294c-15ac-429a-a83c-19bebfd529f7,2026-06-05T01:45:00Z,2026-06-05T03:45:00+0200,19882.68997,MW,DE,DE_LU,forecast_onshore_wind_generation,Wind Onshore,2026-06-20T23:37:13Z
2026-06-20T23:36:01Z,2026-06-21T01:36:01+0200,a960294c-15ac-429a-a83c-19bebfd529f7,2026-06-05T02:00:00Z,2026-06-05T04:00:00+0200,19447.05697,MW,DE,DE_LU,forecast_onshore_wind_generation,Wind Onshore,2026-06-20T23:37:13Z
2026-06-20T23:36:01Z,2026-06-21T01:36:01+0200,a960294c-15ac-429a-a83c-19bebfd529f7,2026-06-05T02:15:00Z,2026-06-05T04:15:00+0200,19082.7178,MW,DE,DE_LU,forecast_onshore_wind_generation,Wind Onshore,2026-06-20T23:37:13Z
2026-06-20T23:36:01Z,2026-06-21T01:36:01+0200,a960294c-15ac-429a-a83c-19bebfd529f7,2026-06-05T02:30:00Z,2026-06-05T04:30:00+0200,18720.75453,MW,DE,DE_LU,forecast_onshore_wind_generation,Wind Onshore,2026-06-20T23:37:13Z
2026-06-20T23:36:01Z,2026-06-21T01:36:01+0200,a960294c-15ac-429a-a83c-19bebfd529f7,2026-06-05T02:45:00Z,2026-06-05T04:45:00+0200,18363.01578,MW,DE,DE_LU,forecast_onshore_wind_generation,Wind Onshore,2026-06-20T23:37:13Z
2026-06-20T23:36:01Z,2026-06-21T01:36:01+0200,a960294c-15ac-429a-a83c-19bebfd529f7,2026-06-05T03:00:00Z,2026-06-05T05:00:00+0200,18012.10527,MW,DE,DE_LU,forecast_onshore_wind_generation,Wind Onshore,2026-06-20T23:37:13Z
2026-06-20T23:36:01Z,2026-06-21T01:36:01+0200,a960294c-15ac-429a-a83c-19bebfd529f7,2026-06-05T03:15:00Z,2026-06-05T05:15:00+0200,17690.13781,MW,DE,DE_LU,forecast_onshore_wind_generation,Wind Onshore,2026-06-20T23:37:13Z
2026-06-20T23:36:01Z,2026-06-21T01:36:01+0200,a960294c-15ac-429a-a83c-19bebfd529f7,2026-06-05T03:30:00Z,2026-06-05T05:30:00+0200,17383.79969,MW,DE,DE_LU,forecast_onshore_wind_generation,Wind Onshore,2026-06-20T23:37:13Z
2026-06-20T23:36:01Z,2026-06-21T01:36:01+0200,a960294c-15ac-429a-a83c-19bebfd529f7,2026-06-05T03:45:00Z,2026-06-05T05:45:00+0200,17077.69143,MW,DE,DE_LU,forecast_onshore_wind_generation,Wind Onshore,2026-06-20T23:37:13Z
2026-06-20T23:36:01Z,2026-06-21T01:36:01+0200,a960294c-15ac-429a-a83c-19bebfd529f7,2026-06-05T04:00:00Z,2026-06-05T06:00:00+0200,17073.71328,MW,DE,DE_LU,forecast_onshore_wind_generation,Wind Onshore,2026-06-20T23:37:13Z
2026-06-20T23:36:01Z,2026-06-21T01:36:01+0200,a960294c-15ac-429a-a83c-19bebfd529f7,2026-06-05T04:15:00Z,2026-06-05T06:15:00+0200,16722.34547,MW,DE,DE_LU,forecast_onshore_wind_generation,Wind Onshore,2026-06-20T23:37:13Z
2026-06-20T23:36:01Z,2026-06-21T01:36:01+0200,a960294c-15ac-429a-a83c-19bebfd529f7,2026-06-05T04:30:00Z,2026-06-05T06:30:00+0200,16375.88231,MW,DE,DE_LU,forecast_onshore_wind_generation,Wind Onshore,2026-06-20T23:37:13Z
2026-06-20T23:36:01Z,2026-06-21T01:36:01+0200,a960294c-15ac-429a-a83c-19bebfd529f7,2026-06-05T04:45:00Z,2026-06-05T06:45:00+0200,16035.50216,MW,DE,DE_LU,forecast_onshore_wind_generation,Wind Onshore,2026-06-20T23:37:13Z
2026-06-20T23:36:01Z,2026-06-21T01:36:01+0200,a960294c-15ac-429a-a83c-19bebfd529f7,2026-06-05T05:00:00Z,2026-06-05T07:00:00+0200,15714.5829,MW,DE,DE_LU,forecast_onshore_wind_generation,Wind Onshore,2026-06-20T23:37:13Z
2026-06-20T23:36:01Z,2026-06-21T01:36:01+0200,a960294c-15ac-429a-a83c-19bebfd529f7,2026-06-05T05:15:00Z,2026-06-05T07:15:00+0200,15565.1651,MW,DE,DE_LU,forecast_onshore_wind_generation,Wind Onshore,2026-06-20T23:37:13Z
2026-06-20T23:36:01Z,2026-06-21T01:36:01+0200,a960294c-15ac-429a-a83c-19bebfd529f7,2026-06-05T05:30:00Z,2026-06-05T07:30:00+0200,15409.17842,MW,DE,DE_LU,forecast_onshore_wind_generation,Wind Onshore,2026-06-20T23:37:13Z
2026-06-20T23:36:01Z,2026-06-21T01:36:01+0200,a960294c-15ac-429a-a83c-19bebfd529f7,2026-06-05T05:45:00Z,2026-06-05T07:45:00+0200,15222.3239,MW,DE,DE_LU,forecast_onshore_wind_generation,Wind Onshore,2026-06-20T23:37:13Z
2026-06-20T23:36:01Z,2026-06-21T01:36:01+0200,a960294c-15ac-429a-a83c-19bebfd529f7,2026-06-05T06:00:00Z,2026-06-05T08:00:00+0200,15072.81623,MW,DE,DE_LU,forecast_onshore_wind_generation,Wind Onshore,2026-06-20T23:37:13Z
2026-06-20T23:36:01Z,2026-06-21T01:36:01+0200,a960294c-15ac-429a-a83c-19bebfd529f7,2026-06-05T06:15:00Z,2026-06-05T08:15:00+0200,15043.23875,MW,DE,DE_LU,forecast_onshore_wind_generation,Wind Onshore,2026-06-20T23:37:13Z
2026-06-20T23:36:01Z,2026-06-21T01:36:01+0200,a960294c-15ac-429a-a83c-19bebfd529f7,2026-06-05T06:30:00Z,2026-06-05T08:30:00+0200,15041.99257,MW,DE,DE_LU,forecast_onshore_wind_generation,Wind Onshore,2026-06-20T23:37:13Z
2026-06-20T23:36:01Z,2026-06-21T01:36:01+0200,a960294c-15ac-429a-a83c-19bebfd529f7,2026-06-05T06:45:00Z,2026-06-05T08:45:00+0200,15051.76503,MW,DE,DE_LU,forecast_onshore_wind_generation,Wind Onshore,2026-06-20T23:37:13Z
2026-06-20T23:36:01Z,2026-06-21T01:36:01+0200,a960294c-15ac-429a-a83c-19bebfd529f7,2026-06-05T07:00:00Z,2026-06-05T09:00:00+0200,15039.15397,MW,DE,DE_LU,forecast_onshore_wind_generation,Wind Onshore,2026-06-20T23:37:13Z
2026-06-20T23:36:01Z,2026-06-21T01:36:01+0200,a960294c-15ac-429a-a83c-19bebfd529f7,2026-06-05T07:15:00Z,2026-06-05T09:15:00+0200,14749.82472,MW,DE,DE_LU,forecast_onshore_wind_generation,Wind Onshore,2026-06-20T23:37:13Z
2026-06-20T23:36:01Z,2026-06-21T01:36:01+0200,a960294c-15ac-429a-a83c-19bebfd529f7,2026-06-05T07:30:00Z,2026-06-05T09:30:00+0200,14463.22105,MW,DE,DE_LU,forecast_onshore_wind_generation,Wind Onshore,2026-06-20T23:37:13Z
2026-06-20T23:36:01Z,2026-06-21T01:36:01+0200,a960294c-15ac-429a-a83c-19bebfd529f7,2026-06-05T07:45:00Z,2026-06-05T09:45:00+0200,14174.60874,MW,DE,DE_LU,forecast_onshore_wind_generation,Wind Onshore,2026-06-20T23:37:13Z
2026-06-20T23:36:01Z,2026-06-21T01:36:01+0200,a960294c-15ac-429a-a83c-19bebfd529f7,2026-06-05T08:00:00Z,2026-06-05T10:00:00+0200,13889.10911,MW,DE,DE_LU,forecast_onshore_wind_generation,Wind Onshore,2026-06-20T23:37:13Z
2026-06-20T23:36:01Z,2026-06-21T01:36:01+0200,a960294c-15ac-429a-a83c-19bebfd529f7,2026-06-05T08:15:00Z,2026-06-05T10:15:00+0200,13634.58165,MW,DE,DE_LU,forecast_onshore_wind_generation,Wind Onshore,2026-06-20T23:37:13Z
2026-06-20T23:36:01Z,2026-06-21T01:36:01+0200,a960294c-15ac-429a-a83c-19bebfd529f7,2026-06-05T08:30:00Z,2026-06-05T10:30:00+0200,13384.82577,MW,DE,DE_LU,forecast_onshore_wind_generation,Wind Onshore,2026-06-20T23:37:13Z
2026-06-20T23:36:01Z,2026-06-21T01:36:01+0200,a960294c-15ac-429a-a83c-19bebfd529f7,2026-06-05T08:45:00Z,2026-06-05T10:45:00+0200,13135.50179,MW,DE,DE_LU,forecast_onshore_wind_generation,Wind Onshore,2026-06-20T23:37:13Z
2026-06-20T23:36:01Z,2026-06-21T01:36:01+0200,a960294c-15ac-429a-a83c-19bebfd529f7,2026-06-05T09:00:00Z,2026-06-05T11:00:00+0200,12864.71233,MW,DE,DE_LU,forecast_onshore_wind_generation,Wind Onshore,2026-06-20T23:37:13Z
2026-06-20T23:36:01Z,2026-06-21T01:36:01+0200,a960294c-15ac-429a-a83c-19bebfd529f7,2026-06-05T09:15:00Z,2026-06-05T11:15:00+0200,12586.91735,MW,DE,DE_LU,forecast_onshore_wind_generation,Wind Onshore,2026-06-20T23:37:13Z
2026-06-20T23:36:01Z,2026-06-21T01:36:01+0200,a960294c-15ac-429a-a83c-19bebfd529f7,2026-06-05T09:30:00Z,2026-06-05T11:30:00+0200,12315.16381,MW,DE,DE_LU,forecast_onshore_wind_generation,Wind Onshore,2026-06-20T23:37:13Z
2026-06-20T23:36:01Z,2026-06-21T01:36:01+0200,a960294c-15ac-429a-a83c-19bebfd529f7,2026-06-05T09:45:00Z,2026-06-05T11:45:00+0200,12015.00521,MW,DE,DE_LU,forecast_onshore_wind_generation,Wind Onshore,2026-06-20T23:37:13Z
2026-06-20T23:36:01Z,2026-06-21T01:36:01+0200,a960294c-15ac-429a-a83c-19bebfd529f7,2026-06-05T10:00:00Z,2026-06-05T12:00:00+0200,11758.70088,MW,DE,DE_LU,forecast_onshore_wind_generation,Wind Onshore,2026-06-20T23:37:13Z
2026-06-20T23:36:01Z,2026-06-21T01:36:01+0200,a960294c-15ac-429a-a83c-19bebfd529f7,2026-06-05T10:15:00Z,2026-06-05T12:15:00+0200,11540.59612,MW,DE,DE_LU,forecast_onshore_wind_generation,Wind Onshore,2026-06-20T23:37:13Z
2026-06-20T23:36:01Z,2026-06-21T01:36:01+0200,a960294c-15ac-429a-a83c-19bebfd529f7,2026-06-05T10:30:00Z,2026-06-05T12:30:00+0200,11320.13424,MW,DE,DE_LU,forecast_onshore_wind_generation,Wind Onshore,2026-06-20T23:37:13Z
2026-06-20T23:36:01Z,2026-06-21T01:36:01+0200,a960294c-15ac-429a-a83c-19bebfd529f7,2026-06-05T10:45:00Z,2026-06-05T12:45:00+0200,11103.55295,MW,DE,DE_LU,forecast_onshore_wind_generation,Wind Onshore,2026-06-20T23:37:13Z
2026-06-20T23:36:01Z,2026-06-21T01:36:01+0200,a960294c-15ac-429a-a83c-19bebfd529f7,2026-06-05T11:00:00Z,2026-06-05T13:00:00+0200,10883.59001,MW,DE,DE_LU,forecast_onshore_wind_generation,Wind Onshore,2026-06-20T23:37:13Z
2026-06-20T23:36:01Z,2026-06-21T01:36:01+0200,a960294c-15ac-429a-a83c-19bebfd529f7,2026-06-05T11:15:00Z,2026-06-05T13:15:00+0200,10708.68811,MW,DE,DE_LU,forecast_onshore_wind_generation,Wind Onshore,2026-06-20T23:37:13Z
2026-06-20T23:36:01Z,2026-06-21T01:36:01+0200,a960294c-15ac-429a-a83c-19bebfd529f7,2026-06-05T11:30:00Z,2026-06-05T13:30:00+0200,10542.77336,MW,DE,DE_LU,forecast_onshore_wind_generation,Wind Onshore,2026-06-20T23:37:13Z
2026-06-20T23:36:01Z,2026-06-21T01:36:01+0200,a960294c-15ac-429a-a83c-19bebfd529f7,2026-06-05T11:45:00Z,2026-06-05T13:45:00+0200,10408.94963,MW,DE,DE_LU,forecast_onshore_wind_generation,Wind Onshore,2026-06-20T23:37:13Z
2026-06-20T23:36:01Z,2026-06-21T01:36:01+0200,a960294c-15ac-429a-a83c-19bebfd529f7,2026-06-05T12:00:00Z,2026-06-05T14:00:00+0200,10311.27883,MW,DE,DE_LU,forecast_onshore_wind_generation,Wind Onshore,2026-06-20T23:37:13Z
2026-06-20T23:36:01Z,2026-06-21T01:36:01+0200,a960294c-15ac-429a-a83c-19bebfd529f7,2026-06-05T12:15:00Z,2026-06-05T14:15:00+0200,10191.4279,MW,DE,DE_LU,forecast_onshore_wind_generation,Wind Onshore,2026-06-20T23:37:13Z
2026-06-20T23:36:01Z,2026-06-21T01:36:01+0200,a960294c-15ac-429a-a83c-19bebfd529f7,2026-06-05T12:30:00Z,2026-06-05T14:30:00+0200,10062.50999,MW,DE,DE_LU,forecast_onshore_wind_generation,Wind Onshore,2026-06-20T23:37:13Z
2026-06-20T23:36:01Z,2026-06-21T01:36:01+0200,a960294c-15ac-429a-a83c-19bebfd529f7,2026-06-05T12:45:00Z,2026-06-05T14:45:00+0200,9915.76476,MW,DE,DE_LU,forecast_onshore_wind_generation,Wind Onshore,2026-06-20T23:37:13Z
2026-06-20T23:36:01Z,2026-06-21T01:36:01+0200,a960294c-15ac-429a-a83c-19bebfd529f7,2026-06-05T13:00:00Z,2026-06-05T15:00:00+0200,9764.22109,MW,DE,DE_LU,forecast_onshore_wind_generation,Wind Onshore,2026-06-20T23:37:13Z
2026-06-20T23:36:01Z,2026-06-21T01:36:01+0200,a960294c-15ac-429a-a83c-19bebfd529f7,2026-06-05T13:15:00Z,2026-06-05T15:15:00+0200,9601.85196,MW,DE,DE_LU,forecast_onshore_wind_generation,Wind Onshore,2026-06-20T23:37:13Z
2026-06-20T23:36:01Z,2026-06-21T01:36:01+0200,a960294c-15ac-429a-a83c-19bebfd529f7,2026-06-05T13:30:00Z,2026-06-05T15:30:00+0200,9434.99653,MW,DE,DE_LU,forecast_onshore_wind_generation,Wind Onshore,2026-06-20T23:37:13Z
2026-06-20T23:36:01Z,2026-06-21T01:36:01+0200,a960294c-15ac-429a-a83c-19bebfd529f7,2026-06-05T13:45:00Z,2026-06-05T15:45:00+0200,9272.78859,MW,DE,DE_LU,forecast_onshore_wind_generation,Wind Onshore,2026-06-20T23:37:13Z
2026-06-20T23:36:01Z,2026-06-21T01:36:01+0200,a960294c-15ac-429a-a83c-19bebfd529f7,2026-06-05T14:00:00Z,2026-06-05T16:00:00+0200,9100.03916,MW,DE,DE_LU,forecast_onshore_wind_generation,Wind Onshore,2026-06-20T23:37:13Z
2026-06-20T23:36:01Z,2026-06-21T01:36:01+0200,a960294c-15ac-429a-a83c-19bebfd529f7,2026-06-05T14:15:00Z,2026-06-05T16:15:00+0200,8833.83531,MW,DE,DE_LU,forecast_onshore_wind_generation,Wind Onshore,2026-06-20T23:37:13Z
2026-06-20T23:36:01Z,2026-06-21T01:36:01+0200,a960294c-15ac-429a-a83c-19bebfd529f7,2026-06-05T14:30:00Z,2026-06-05T16:30:00+0200,8571.3855,MW,DE,DE_LU,forecast_onshore_wind_generation,Wind Onshore,2026-06-20T23:37:13Z
2026-06-20T23:36:01Z,2026-06-21T01:36:01+0200,a960294c-15ac-429a-a83c-19bebfd529f7,2026-06-05T14:45:00Z,2026-06-05T16:45:00+0200,8321.49522,MW,DE,DE_LU,forecast_onshore_wind_generation,Wind Onshore,2026-06-20T23:37:13Z
2026-06-20T23:36:01Z,2026-06-21T01:36:01+0200,a960294c-15ac-429a-a83c-19bebfd529f7,2026-06-05T15:00:00Z,2026-06-05T17:00:00+0200,8060.75542,MW,DE,DE_LU,forecast_onshore_wind_generation,Wind Onshore,2026-06-20T23:37:13Z
2026-06-20T23:36:01Z,2026-06-21T01:36:01+0200,a960294c-15ac-429a-a83c-19bebfd529f7,2026-06-05T15:15:00Z,2026-06-05T17:15:00+0200,7689.10506,MW,DE,DE_LU,forecast_onshore_wind_generation,Wind Onshore,2026-06-20T23:37:13Z
2026-06-20T23:36:01Z,2026-06-21T01:36:01+0200,a960294c-15ac-429a-a83c-19bebfd529f7,2026-06-05T15:30:00Z,2026-06-05T17:30:00+0200,7308.52886,MW,DE,DE_LU,forecast_onshore_wind_generation,Wind Onshore,2026-06-20T23:37:13Z
2026-06-20T23:36:01Z,2026-06-21T01:36:01+0200,a960294c-15ac-429a-a83c-19bebfd529f7,2026-06-05T15:45:00Z,2026-06-05T17:45:00+0200,6937.86912,MW,DE,DE_LU,forecast_onshore_wind_generation,Wind Onshore,2026-06-20T23:37:13Z
2026-06-20T23:36:01Z,2026-06-21T01:36:01+0200,a960294c-15ac-429a-a83c-19bebfd529f7,2026-06-05T16:00:00Z,2026-06-05T18:00:00+0200,6528.583,MW,DE,DE_LU,forecast_onshore_wind_generation,Wind Onshore,2026-06-20T23:37:13Z
2026-06-20T23:36:01Z,2026-06-21T01:36:01+0200,a960294c-15ac-429a-a83c-19bebfd529f7,2026-06-05T16:15:00Z,2026-06-05T18:15:00+0200,6050.29482,MW,DE,DE_LU,forecast_onshore_wind_generation,Wind Onshore,2026-06-20T23:37:13Z
2026-06-20T23:36:01Z,2026-06-21T01:36:01+0200,a960294c-15ac-429a-a83c-19bebfd529f7,2026-06-05T16:30:00Z,2026-06-05T18:30:00+0200,5575.59085,MW,DE,DE_LU,forecast_onshore_wind_generation,Wind Onshore,2026-06-20T23:37:13Z
2026-06-20T23:36:01Z,2026-06-21T01:36:01+0200,a960294c-15ac-429a-a83c-19bebfd529f7,2026-06-05T16:45:00Z,2026-06-05T18:45:00+0200,5100.87601,MW,DE,DE_LU,forecast_onshore_wind_generation,Wind Onshore,2026-06-20T23:37:13Z
2026-06-20T23:36:01Z,2026-06-21T01:36:01+0200,a960294c-15ac-429a-a83c-19bebfd529f7,2026-06-05T17:00:00Z,2026-06-05T19:00:00+0200,4632.19412,MW,DE,DE_LU,forecast_onshore_wind_generation,Wind Onshore,2026-06-20T23:37:13Z
2026-06-20T23:36:01Z,2026-06-21T01:36:01+0200,a960294c-15ac-429a-a83c-19bebfd529f7,2026-06-05T17:15:00Z,2026-06-05T19:15:00+0200,4212.81992,MW,DE,DE_LU,forecast_onshore_wind_generation,Wind Onshore,2026-06-20T23:37:13Z
2026-06-20T23:36:01Z,2026-06-21T01:36:01+0200,a960294c-15ac-429a-a83c-19bebfd529f7,2026-06-05T17:30:00Z,2026-06-05T19:30:00+0200,3797.87975,MW,DE,DE_LU,forecast_onshore_wind_generation,Wind Onshore,2026-06-20T23:37:13Z
2026-06-20T23:36:01Z,2026-06-21T01:36:01+0200,a960294c-15ac-429a-a83c-19bebfd529f7,2026-06-05T17:45:00Z,2026-06-05T19:45:00+0200,3389.05543,MW,DE,DE_LU,forecast_onshore_wind_generation,Wind Onshore,2026-06-20T23:37:13Z
2026-06-20T23:36:01Z,2026-06-21T01:36:01+0200,a960294c-15ac-429a-a83c-19bebfd529f7,2026-06-05T18:00:00Z,2026-06-05T20:00:00+0200,2985.20859,MW,DE,DE_LU,forecast_onshore_wind_generation,Wind Onshore,2026-06-20T23:37:13Z
2026-06-20T23:36:01Z,2026-06-21T01:36:01+0200,a960294c-15ac-429a-a83c-19bebfd529f7,2026-06-05T18:15:00Z,2026-06-05T20:15:00+0200,2731.06007,MW,DE,DE_LU,forecast_onshore_wind_generation,Wind Onshore,2026-06-20T23:37:13Z
2026-06-20T23:36:01Z,2026-06-21T01:36:01+0200,a960294c-15ac-429a-a83c-19bebfd529f7,2026-06-05T18:30:00Z,2026-06-05T20:30:00+0200,2462.84465,MW,DE,DE_LU,forecast_onshore_wind_generation,Wind Onshore,2026-06-20T23:37:13Z
2026-06-20T23:36:01Z,2026-06-21T01:36:01+0200,a960294c-15ac-429a-a83c-19bebfd529f7,2026-06-05T18:45:00Z,2026-06-05T20:45:00+0200,2159.10137,MW,DE,DE_LU,forecast_onshore_wind_generation,Wind Onshore,2026-06-20T23:37:13Z
2026-06-20T23:36:01Z,2026-06-21T01:36:01+0200,a960294c-15ac-429a-a83c-19bebfd529f7,2026-06-05T19:00:00Z,2026-06-05T21:00:00+0200,1897.96746,MW,DE,DE_LU,forecast_onshore_wind_generation,Wind Onshore,2026-06-20T23:37:13Z
2026-06-20T23:36:01Z,2026-06-21T01:36:01+0200,a960294c-15ac-429a-a83c-19bebfd529f7,2026-06-05T19:15:00Z,2026-06-05T21:15:00+0200,1771.1029,MW,DE,DE_LU,forecast_onshore_wind_generation,Wind Onshore,2026-06-20T23:37:13Z
2026-06-20T23:36:01Z,2026-06-21T01:36:01+0200,a960294c-15ac-429a-a83c-19bebfd529f7,2026-06-05T19:30:00Z,2026-06-05T21:30:00+0200,1676.91635,MW,DE,DE_LU,forecast_onshore_wind_generation,Wind Onshore,2026-06-20T23:37:13Z
2026-06-20T23:36:01Z,2026-06-21T01:36:01+0200,a960294c-15ac-429a-a83c-19bebfd529f7,2026-06-05T19:45:00Z,2026-06-05T21:45:00+0200,1599.3101,MW,DE,DE_LU,forecast_onshore_wind_generation,Wind Onshore,2026-06-20T23:37:13Z
2026-06-20T23:36:01Z,2026-06-21T01:36:01+0200,a960294c-15ac-429a-a83c-19bebfd529f7,2026-06-05T20:00:00Z,2026-06-05T22:00:00+0200,1526.74447,MW,DE,DE_LU,forecast_onshore_wind_generation,Wind Onshore,2026-06-20T23:37:13Z
2026-06-20T23:36:01Z,2026-06-21T01:36:01+0200,a960294c-15ac-429a-a83c-19bebfd529f7,2026-06-05T20:15:00Z,2026-06-05T22:15:00+0200,1509.7364,MW,DE,DE_LU,forecast_onshore_wind_generation,Wind Onshore,2026-06-20T23:37:13Z
2026-06-20T23:36:01Z,2026-06-21T01:36:01+0200,a960294c-15ac-429a-a83c-19bebfd529f7,2026-06-05T20:30:00Z,2026-06-05T22:30:00+0200,1493.79504,MW,DE,DE_LU,forecast_onshore_wind_generation,Wind Onshore,2026-06-20T23:37:13Z
2026-06-20T23:36:01Z,2026-06-21T01:36:01+0200,a960294c-15ac-429a-a83c-19bebfd529f7,2026-06-05T20:45:00Z,2026-06-05T22:45:00+0200,1479.73895,MW,DE,DE_LU,forecast_onshore_wind_generation,Wind Onshore,2026-06-20T23:37:13Z
2026-06-20T23:36:01Z,2026-06-21T01:36:01+0200,a960294c-15ac-429a-a83c-19bebfd529f7,2026-06-05T21:00:00Z,2026-06-05T23:00:00+0200,1469.71116,MW,DE,DE_LU,forecast_onshore_wind_generation,Wind Onshore,2026-06-20T23:37:13Z
2026-06-20T23:36:01Z,2026-06-21T01:36:01+0200,a960294c-15ac-429a-a83c-19bebfd529f7,2026-06-05T21:15:00Z,2026-06-05T23:15:00+0200,1469.28352,MW,DE,DE_LU,forecast_onshore_wind_generation,Wind Onshore,2026-06-20T23:37:13Z
2026-06-20T23:36:01Z,2026-06-21T01:36:01+0200,a960294c-15ac-429a-a83c-19bebfd529f7,2026-06-05T21:30:00Z,2026-06-05T23:30:00+0200,1468.54177,MW,DE,DE_LU,forecast_onshore_wind_generation,Wind Onshore,2026-06-20T23:37:13Z
2026-06-20T23:36:01Z,2026-06-21T01:36:01+0200,a960294c-15ac-429a-a83c-19bebfd529f7,2026-06-05T21:45:00Z,2026-06-05T23:45:00+0200,1466.50736,MW,DE,DE_LU,forecast_onshore_wind_generation,Wind Onshore,2026-06-20T23:37:13Z
2026-06-20T23:36:01Z,2026-06-21T01:36:01+0200,a960294c-15ac-429a-a83c-19bebfd529f7,2026-06-05T22:00:00Z,2026-06-06T00:00:00+0200,1436.15849,MW,DE,DE_LU,forecast_onshore_wind_generation,Wind Onshore,2026-06-20T23:37:13Z
2026-06-20T23:36:01Z,2026-06-21T01:36:01+0200,a960294c-15ac-429a-a83c-19bebfd529f7,2026-06-05T22:15:00Z,2026-06-06T00:15:00+0200,1431.03343,MW,DE,DE_LU,forecast_onshore_wind_generation,Wind Onshore,2026-06-20T23:37:13Z
2026-06-20T23:36:01Z,2026-06-21T01:36:01+0200,a960294c-15ac-429a-a83c-19bebfd529f7,2026-06-05T22:30:00Z,2026-06-06T00:30:00+0200,1426.76639,MW,DE,DE_LU,forecast_onshore_wind_generation,Wind Onshore,2026-06-20T23:37:13Z
2026-06-20T23:36:01Z,2026-06-21T01:36:01+0200,a960294c-15ac-429a-a83c-19bebfd529f7,2026-06-05T22:45:00Z,2026-06-06T00:45:00+0200,1423.3335,MW,DE,DE_LU,forecast_onshore_wind_generation,Wind Onshore,2026-06-20T23:37:13Z
2026-06-20T23:36:01Z,2026-06-21T01:36:01+0200,a960294c-15ac-429a-a83c-19bebfd529f7,2026-06-05T23:00:00Z,2026-06-06T01:00:00+0200,1418.4763,MW,DE,DE_LU,forecast_onshore_wind_generation,Wind Onshore,2026-06-20T23:37:13Z
2026-06-20T23:36:01Z,2026-06-21T01:36:01+0200,a960294c-15ac-429a-a83c-19bebfd529f7,2026-06-05T23:15:00Z,2026-06-06T01:15:00+0200,1414.45845,MW,DE,DE_LU,forecast_onshore_wind_generation,Wind Onshore,2026-06-20T23:37:13Z
2026-06-20T23:36:01Z,2026-06-21T01:36:01+0200,a960294c-15ac-429a-a83c-19bebfd529f7,2026-06-05T23:30:00Z,2026-06-06T01:30:00+0200,1415.521,MW,DE,DE_LU,forecast_onshore_wind_generation,Wind Onshore,2026-06-20T23:37:13Z
2026-06-20T23:36:01Z,2026-06-21T01:36:01+0200,a960294c-15ac-429a-a83c-19bebfd529f7,2026-06-05T23:45:00Z,2026-06-06T01:45:00+0200,1427.03363,MW,DE,DE_LU,forecast_onshore_wind_generation,Wind Onshore,2026-06-20T23:37:13Z
2026-06-20T23:36:01Z,2026-06-21T01:36:01+0200,a960294c-15ac-429a-a83c-19bebfd529f7,2026-06-06T00:00:00Z,2026-06-06T02:00:00+0200,1439.87737,MW,DE,DE_LU,forecast_onshore_wind_generation,Wind Onshore,2026-06-20T23:37:13Z
2026-06-20T23:36:01Z,2026-06-21T01:36:01+0200,a960294c-15ac-429a-a83c-19bebfd529f7,2026-06-06T00:15:00Z,2026-06-06T02:15:00+0200,1430.53229,MW,DE,DE_LU,forecast_onshore_wind_generation,Wind Onshore,2026-06-20T23:37:13Z
2026-06-20T23:36:01Z,2026-06-21T01:36:01+0200,a960294c-15ac-429a-a83c-19bebfd529f7,2026-06-06T00:30:00Z,2026-06-06T02:30:00+0200,1415.29665,MW,DE,DE_LU,forecast_onshore_wind_generation,Wind Onshore,2026-06-20T23:37:13Z
2026-06-20T23:36:01Z,2026-06-21T01:36:01+0200,a960294c-15ac-429a-a83c-19bebfd529f7,2026-06-06T00:45:00Z,2026-06-06T02:45:00+0200,1398.55387,MW,DE,DE_LU,forecast_onshore_wind_generation,Wind Onshore,2026-06-20T23:37:13Z
2026-06-20T23:36:01Z,2026-06-21T01:36:01+0200,a960294c-15ac-429a-a83c-19bebfd529f7,2026-06-06T01:00:00Z,2026-06-06T03:00:00+0200,1376.16992,MW,DE,DE_LU,forecast_onshore_wind_generation,Wind Onshore,2026-06-20T23:37:13Z
2026-06-20T23:36:01Z,2026-06-21T01:36:01+0200,a960294c-15ac-429a-a83c-19bebfd529f7,2026-06-06T01:15:00Z,2026-06-06T03:15:00+0200,1360.21557,MW,DE,DE_LU,forecast_onshore_wind_generation,Wind Onshore,2026-06-20T23:37:13Z
2026-06-20T23:36:01Z,2026-06-21T01:36:01+0200,a960294c-15ac-429a-a83c-19bebfd529f7,2026-06-06T01:30:00Z,2026-06-06T03:30:00+0200,1347.65967,MW,DE,DE_LU,forecast_onshore_wind_generation,Wind Onshore,2026-06-20T23:37:13Z
2026-06-20T23:36:01Z,2026-06-21T01:36:01+0200,a960294c-15ac-429a-a83c-19bebfd529f7,2026-06-06T01:45:00Z,2026-06-06T03:45:00+0200,1333.29102,MW,DE,DE_LU,forecast_onshore_wind_generation,Wind Onshore,2026-06-20T23:37:13Z
2026-06-20T23:36:01Z,2026-06-21T01:36:01+0200,a960294c-15ac-429a-a83c-19bebfd529f7,2026-06-06T02:00:00Z,2026-06-06T04:00:00+0200,1318.73516,MW,DE,DE_LU,forecast_onshore_wind_generation,Wind Onshore,2026-06-20T23:37:13Z
2026-06-20T23:36:01Z,2026-06-21T01:36:01+0200,a960294c-15ac-429a-a83c-19bebfd529f7,2026-06-06T02:15:00Z,2026-06-06T04:15:00+0200,1329.47178,MW,DE,DE_LU,forecast_onshore_wind_generation,Wind Onshore,2026-06-20T23:37:13Z
2026-06-20T23:36:01Z,2026-06-21T01:36:01+0200,a960294c-15ac-429a-a83c-19bebfd529f7,2026-06-06T02:30:00Z,2026-06-06T04:30:00+0200,1340.83412,MW,DE,DE_LU,forecast_onshore_wind_generation,Wind Onshore,2026-06-20T23:37:13Z
2026-06-20T23:36:01Z,2026-06-21T01:36:01+0200,a960294c-15ac-429a-a83c-19bebfd529f7,2026-06-06T02:45:00Z,2026-06-06T04:45:00+0200,1353.46268,MW,DE,DE_LU,forecast_onshore_wind_generation,Wind Onshore,2026-06-20T23:37:13Z
2026-06-20T23:36:01Z,2026-06-21T01:36:01+0200,a960294c-15ac-429a-a83c-19bebfd529f7,2026-06-06T03:00:00Z,2026-06-06T05:00:00+0200,1365.05224,MW,DE,DE_LU,forecast_onshore_wind_generation,Wind Onshore,2026-06-20T23:37:13Z
2026-06-20T23:36:01Z,2026-06-21T01:36:01+0200,a960294c-15ac-429a-a83c-19bebfd529f7,2026-06-06T03:15:00Z,2026-06-06T05:15:00+0200,1402.37543,MW,DE,DE_LU,forecast_onshore_wind_generation,Wind Onshore,2026-06-20T23:37:13Z
2026-06-20T23:36:01Z,2026-06-21T01:36:01+0200,a960294c-15ac-429a-a83c-19bebfd529f7,2026-06-06T03:30:00Z,2026-06-06T05:30:00+0200,1445.64445,MW,DE,DE_LU,forecast_onshore_wind_generation,Wind Onshore,2026-06-20T23:37:13Z
2026-06-20T23:36:01Z,2026-06-21T01:36:01+0200,a960294c-15ac-429a-a83c-19bebfd529f7,2026-06-06T03:45:00Z,2026-06-06T05:45:00+0200,1499.12105,MW,DE,DE_LU,forecast_onshore_wind_generation,Wind Onshore,2026-06-20T23:37:13Z
2026-06-20T23:36:01Z,2026-06-21T01:36:01+0200,a960294c-15ac-429a-a83c-19bebfd529f7,2026-06-06T04:00:00Z,2026-06-06T06:00:00+0200,1548.38356,MW,DE,DE_LU,forecast_onshore_wind_generation,Wind Onshore,2026-06-20T23:37:13Z
2026-06-20T23:36:01Z,2026-06-21T01:36:01+0200,a960294c-15ac-429a-a83c-19bebfd529f7,2026-06-06T04:15:00Z,2026-06-06T06:15:00+0200,1615.32936,MW,DE,DE_LU,forecast_onshore_wind_generation,Wind Onshore,2026-06-20T23:37:13Z
2026-06-20T23:36:01Z,2026-06-21T01:36:01+0200,a960294c-15ac-429a-a83c-19bebfd529f7,2026-06-06T04:30:00Z,2026-06-06T06:30:00+0200,1683.36442,MW,DE,DE_LU,forecast_onshore_wind_generation,Wind Onshore,2026-06-20T23:37:13Z
2026-06-20T23:36:01Z,2026-06-21T01:36:01+0200,a960294c-15ac-429a-a83c-19bebfd529f7,2026-06-06T04:45:00Z,2026-06-06T06:45:00+0200,1751.62074,MW,DE,DE_LU,forecast_onshore_wind_generation,Wind Onshore,2026-06-20T23:37:13Z
2026-06-20T23:36:01Z,2026-06-21T01:36:01+0200,a960294c-15ac-429a-a83c-19bebfd529f7,2026-06-06T05:00:00Z,2026-06-06T07:00:00+0200,1815.68257,MW,DE,DE_LU,forecast_onshore_wind_generation,Wind Onshore,2026-06-20T23:37:13Z
2026-06-20T23:36:01Z,2026-06-21T01:36:01+0200,a960294c-15ac-429a-a83c-19bebfd529f7,2026-06-06T05:15:00Z,2026-06-06T07:15:00+0200,1788.5558,MW,DE,DE_LU,forecast_onshore_wind_generation,Wind Onshore,2026-06-20T23:37:13Z
2026-06-20T23:36:01Z,2026-06-21T01:36:01+0200,a960294c-15ac-429a-a83c-19bebfd529f7,2026-06-06T05:30:00Z,2026-06-06T07:30:00+0200,1750.71566,MW,DE,DE_LU,forecast_onshore_wind_generation,Wind Onshore,2026-06-20T23:37:13Z
2026-06-20T23:36:01Z,2026-06-21T01:36:01+0200,a960294c-15ac-429a-a83c-19bebfd529f7,2026-06-06T05:45:00Z,2026-06-06T07:45:00+0200,1717.40244,MW,DE,DE_LU,forecast_onshore_wind_generation,Wind Onshore,2026-06-20T23:37:13Z
2026-06-20T23:36:01Z,2026-06-21T01:36:01+0200,a960294c-15ac-429a-a83c-19bebfd529f7,2026-06-06T06:00:00Z,2026-06-06T08:00:00+0200,1657.58977,MW,DE,DE_LU,forecast_onshore_wind_generation,Wind Onshore,2026-06-20T23:37:13Z
2026-06-20T23:36:01Z,2026-06-21T01:36:01+0200,a960294c-15ac-429a-a83c-19bebfd529f7,2026-06-06T06:15:00Z,2026-06-06T08:15:00+0200,1544.06652,MW,DE,DE_LU,forecast_onshore_wind_generation,Wind Onshore,2026-06-20T23:37:13Z
2026-06-20T23:36:01Z,2026-06-21T01:36:01+0200,a960294c-15ac-429a-a83c-19bebfd529f7,2026-06-06T06:30:00Z,2026-06-06T08:30:00+0200,1439.24279,MW,DE,DE_LU,forecast_onshore_wind_generation,Wind Onshore,2026-06-20T23:37:13Z
2026-06-20T23:36:01Z,2026-06-21T01:36:01+0200,a960294c-15ac-429a-a83c-19bebfd529f7,2026-06-06T06:45:00Z,2026-06-06T08:45:00+0200,1322.72517,MW,DE,DE_LU,forecast_onshore_wind_generation,Wind Onshore,2026-06-20T23:37:13Z
2026-06-20T23:36:01Z,2026-06-21T01:36:01+0200,a960294c-15ac-429a-a83c-19bebfd529f7,2026-06-06T07:00:00Z,2026-06-06T09:00:00+0200,1216.40124,MW,DE,DE_LU,forecast_onshore_wind_generation,Wind Onshore,2026-06-20T23:37:13Z
2026-06-20T23:36:01Z,2026-06-21T01:36:01+0200,a960294c-15ac-429a-a83c-19bebfd529f7,2026-06-06T07:15:00Z,2026-06-06T09:15:00+0200,1287.94987,MW,DE,DE_LU,forecast_onshore_wind_generation,Wind Onshore,2026-06-20T23:37:13Z
2026-06-20T23:36:01Z,2026-06-21T01:36:01+0200,a960294c-15ac-429a-a83c-19bebfd529f7,2026-06-06T07:30:00Z,2026-06-06T09:30:00+0200,1360.11338,MW,DE,DE_LU,forecast_onshore_wind_generation,Wind Onshore,2026-06-20T23:37:13Z
2026-06-20T23:36:01Z,2026-06-21T01:36:01+0200,a960294c-15ac-429a-a83c-19bebfd529f7,2026-06-06T07:45:00Z,2026-06-06T09:45:00+0200,1430.2443,MW,DE,DE_LU,forecast_onshore_wind_generation,Wind Onshore,2026-06-20T23:37:13Z
2026-06-20T23:36:01Z,2026-06-21T01:36:01+0200,a960294c-15ac-429a-a83c-19bebfd529f7,2026-06-06T08:00:00Z,2026-06-06T10:00:00+0200,1509.95915,MW,DE,DE_LU,forecast_onshore_wind_generation,Wind Onshore,2026-06-20T23:37:13Z
2026-06-20T23:36:01Z,2026-06-21T01:36:01+0200,a960294c-15ac-429a-a83c-19bebfd529f7,2026-06-06T08:15:00Z,2026-06-06T10:15:00+0200,1675.95266,MW,DE,DE_LU,forecast_onshore_wind_generation,Wind Onshore,2026-06-20T23:37:13Z
2026-06-20T23:36:01Z,2026-06-21T01:36:01+0200,a960294c-15ac-429a-a83c-19bebfd529f7,2026-06-06T08:30:00Z,2026-06-06T10:30:00+0200,1878.71184,MW,DE,DE_LU,forecast_onshore_wind_generation,Wind Onshore,2026-06-20T23:37:13Z
2026-06-20T23:36:01Z,2026-06-21T01:36:01+0200,a960294c-15ac-429a-a83c-19bebfd529f7,2026-06-06T08:45:00Z,2026-06-06T10:45:00+0200,2085.57724,MW,DE,DE_LU,forecast_onshore_wind_generation,Wind Onshore,2026-06-20T23:37:13Z
2026-06-20T23:36:01Z,2026-06-21T01:36:01+0200,a960294c-15ac-429a-a83c-19bebfd529f7,2026-06-06T09:00:00Z,2026-06-06T11:00:00+0200,2210.89571,MW,DE,DE_LU,forecast_onshore_wind_generation,Wind Onshore,2026-06-20T23:37:13Z
2026-06-20T23:36:01Z,2026-06-21T01:36:01+0200,a960294c-15ac-429a-a83c-19bebfd529f7,2026-06-06T09:15:00Z,2026-06-06T11:15:00+0200,2329.43184,MW,DE,DE_LU,forecast_onshore_wind_generation,Wind Onshore,2026-06-20T23:37:13Z
2026-06-20T23:36:01Z,2026-06-21T01:36:01+0200,a960294c-15ac-429a-a83c-19bebfd529f7,2026-06-06T09:30:00Z,2026-06-06T11:30:00+0200,2430.44801,MW,DE,DE_LU,forecast_onshore_wind_generation,Wind Onshore,2026-06-20T23:37:13Z
2026-06-20T23:36:01Z,2026-06-21T01:36:01+0200,a960294c-15ac-429a-a83c-19bebfd529f7,2026-06-06T09:45:00Z,2026-06-06T11:45:00+0200,2525.17615,MW,DE,DE_LU,forecast_onshore_wind_generation,Wind Onshore,2026-06-20T23:37:13Z
2026-06-20T23:36:01Z,2026-06-21T01:36:01+0200,a960294c-15ac-429a-a83c-19bebfd529f7,2026-06-06T10:00:00Z,2026-06-06T12:00:00+0200,2667.22316,MW,DE,DE_LU,forecast_onshore_wind_generation,Wind Onshore,2026-06-20T23:37:13Z
2026-06-20T23:36:01Z,2026-06-21T01:36:01+0200,a960294c-15ac-429a-a83c-19bebfd529f7,2026-06-06T10:15:00Z,2026-06-06T12:15:00+0200,2796.32519,MW,DE,DE_LU,forecast_onshore_wind_generation,Wind Onshore,2026-06-20T23:37:13Z
2026-06-20T23:36:01Z,2026-06-21T01:36:01+0200,a960294c-15ac-429a-a83c-19bebfd529f7,2026-06-06T10:30:00Z,2026-06-06T12:30:00+0200,2942.05764,MW,DE,DE_LU,forecast_onshore_wind_generation,Wind Onshore,2026-06-20T23:37:13Z
2026-06-20T23:36:01Z,2026-06-21T01:36:01+0200,a960294c-15ac-429a-a83c-19bebfd529f7,2026-06-06T10:45:00Z,2026-06-06T12:45:00+0200,3102.69579,MW,DE,DE_LU,forecast_onshore_wind_generation,Wind Onshore,2026-06-20T23:37:13Z
2026-06-20T23:36:01Z,2026-06-21T01:36:01+0200,a960294c-15ac-429a-a83c-19bebfd529f7,2026-06-06T11:00:00Z,2026-06-06T13:00:00+0200,3258.9099,MW,DE,DE_LU,forecast_onshore_wind_generation,Wind Onshore,2026-06-20T23:37:13Z
2026-06-20T23:36:01Z,2026-06-21T01:36:01+0200,a960294c-15ac-429a-a83c-19bebfd529f7,2026-06-06T11:15:00Z,2026-06-06T13:15:00+0200,3436.14976,MW,DE,DE_LU,forecast_onshore_wind_generation,Wind Onshore,2026-06-20T23:37:13Z
2026-06-20T23:36:01Z,2026-06-21T01:36:01+0200,a960294c-15ac-429a-a83c-19bebfd529f7,2026-06-06T11:30:00Z,2026-06-06T13:30:00+0200,3604.68291,MW,DE,DE_LU,forecast_onshore_wind_generation,Wind Onshore,2026-06-20T23:37:13Z
2026-06-20T23:36:01Z,2026-06-21T01:36:01+0200,a960294c-15ac-429a-a83c-19bebfd529f7,2026-06-06T11:45:00Z,2026-06-06T13:45:00+0200,3790.33273,MW,DE,DE_LU,forecast_onshore_wind_generation,Wind Onshore,2026-06-20T23:37:13Z
2026-06-20T23:36:01Z,2026-06-21T01:36:01+0200,a960294c-15ac-429a-a83c-19bebfd529f7,2026-06-06T12:00:00Z,2026-06-06T14:00:00+0200,3959.87436,MW,DE,DE_LU,forecast_onshore_wind_generation,Wind Onshore,2026-06-20T23:37:13Z
2026-06-20T23:36:01Z,2026-06-21T01:36:01+0200,a960294c-15ac-429a-a83c-19bebfd529f7,2026-06-06T12:15:00Z,2026-06-06T14:15:00+0200,4125.20513,MW,DE,DE_LU,forecast_onshore_wind_generation,Wind Onshore,2026-06-20T23:37:13Z
2026-06-20T23:36:01Z,2026-06-21T01:36:01+0200,a960294c-15ac-429a-a83c-19bebfd529f7,2026-06-06T12:30:00Z,2026-06-06T14:30:00+0200,4293.44493,MW,DE,DE_LU,forecast_onshore_wind_generation,Wind Onshore,2026-06-20T23:37:13Z
2026-06-20T23:36:01Z,2026-06-21T01:36:01+0200,a960294c-15ac-429a-a83c-19bebfd529f7,2026-06-06T12:45:00Z,2026-06-06T14:45:00+0200,4492.97299,MW,DE,DE_LU,forecast_onshore_wind_generation,Wind Onshore,2026-06-20T23:37:13Z
2026-06-20T23:36:01Z,2026-06-21T01:36:01+0200,a960294c-15ac-429a-a83c-19bebfd529f7,2026-06-06T13:00:00Z,2026-06-06T15:00:00+0200,4734.84589,MW,DE,DE_LU,forecast_onshore_wind_generation,Wind Onshore,2026-06-20T23:37:13Z
2026-06-20T23:36:01Z,2026-06-21T01:36:01+0200,a960294c-15ac-429a-a83c-19bebfd529f7,2026-06-06T13:15:00Z,2026-06-06T15:15:00+0200,4946.8821,MW,DE,DE_LU,forecast_onshore_wind_generation,Wind Onshore,2026-06-20T23:37:13Z
2026-06-20T23:36:01Z,2026-06-21T01:36:01+0200,a960294c-15ac-429a-a83c-19bebfd529f7,2026-06-06T13:30:00Z,2026-06-06T15:30:00+0200,5104.75822,MW,DE,DE_LU,forecast_onshore_wind_generation,Wind Onshore,2026-06-20T23:37:13Z
2026-06-20T23:36:01Z,2026-06-21T01:36:01+0200,a960294c-15ac-429a-a83c-19bebfd529f7,2026-06-06T13:45:00Z,2026-06-06T15:45:00+0200,5218.81012,MW,DE,DE_LU,forecast_onshore_wind_generation,Wind Onshore,2026-06-20T23:37:13Z
2026-06-20T23:36:01Z,2026-06-21T01:36:01+0200,a960294c-15ac-429a-a83c-19bebfd529f7,2026-06-06T14:00:00Z,2026-06-06T16:00:00+0200,5354.36802,MW,DE,DE_LU,forecast_onshore_wind_generation,Wind Onshore,2026-06-20T23:37:13Z
2026-06-20T23:36:01Z,2026-06-21T01:36:01+0200,a960294c-15ac-429a-a83c-19bebfd529f7,2026-06-06T14:15:00Z,2026-06-06T16:15:00+0200,5419.07054,MW,DE,DE_LU,forecast_onshore_wind_generation,Wind Onshore,2026-06-20T23:37:13Z
2026-06-20T23:36:01Z,2026-06-21T01:36:01+0200,a960294c-15ac-429a-a83c-19bebfd529f7,2026-06-06T14:30:00Z,2026-06-06T16:30:00+0200,5505.1532,MW,DE,DE_LU,forecast_onshore_wind_generation,Wind Onshore,2026-06-20T23:37:13Z
2026-06-20T23:36:01Z,2026-06-21T01:36:01+0200,a960294c-15ac-429a-a83c-19bebfd529f7,2026-06-06T14:45:00Z,2026-06-06T16:45:00+0200,5588.78063,MW,DE,DE_LU,forecast_onshore_wind_generation,Wind Onshore,2026-06-20T23:37:13Z
2026-06-20T23:36:01Z,2026-06-21T01:36:01+0200,a960294c-15ac-429a-a83c-19bebfd529f7,2026-06-06T15:00:00Z,2026-06-06T17:00:00+0200,5676.01575,MW,DE,DE_LU,forecast_onshore_wind_generation,Wind Onshore,2026-06-20T23:37:13Z
2026-06-20T23:36:01Z,2026-06-21T01:36:01+0200,a960294c-15ac-429a-a83c-19bebfd529f7,2026-06-06T15:15:00Z,2026-06-06T17:15:00+0200,5657.65518,MW,DE,DE_LU,forecast_onshore_wind_generation,Wind Onshore,2026-06-20T23:37:13Z
2026-06-20T23:36:01Z,2026-06-21T01:36:01+0200,a960294c-15ac-429a-a83c-19bebfd529f7,2026-06-06T15:30:00Z,2026-06-06T17:30:00+0200,5626.36629,MW,DE,DE_LU,forecast_onshore_wind_generation,Wind Onshore,2026-06-20T23:37:13Z
2026-06-20T23:36:01Z,2026-06-21T01:36:01+0200,a960294c-15ac-429a-a83c-19bebfd529f7,2026-06-06T15:45:00Z,2026-06-06T17:45:00+0200,5582.56991,MW,DE,DE_LU,forecast_onshore_wind_generation,Wind Onshore,2026-06-20T23:37:13Z
2026-06-20T23:36:01Z,2026-06-21T01:36:01+0200,a960294c-15ac-429a-a83c-19bebfd529f7,2026-06-06T16:00:00Z,2026-06-06T18:00:00+0200,5533.88034,MW,DE,DE_LU,forecast_onshore_wind_generation,Wind Onshore,2026-06-20T23:37:13Z
2026-06-20T23:36:01Z,2026-06-21T01:36:01+0200,a960294c-15ac-429a-a83c-19bebfd529f7,2026-06-06T16:15:00Z,2026-06-06T18:15:00+0200,5467.965,MW,DE,DE_LU,forecast_onshore_wind_generation,Wind Onshore,2026-06-20T23:37:13Z
2026-06-20T23:36:01Z,2026-06-21T01:36:01+0200,a960294c-15ac-429a-a83c-19bebfd529f7,2026-06-06T16:30:00Z,2026-06-06T18:30:00+0200,5414.51513,MW,DE,DE_LU,forecast_onshore_wind_generation,Wind Onshore,2026-06-20T23:37:13Z
2026-06-20T23:36:01Z,2026-06-21T01:36:01+0200,a960294c-15ac-429a-a83c-19bebfd529f7,2026-06-06T16:45:00Z,2026-06-06T18:45:00+0200,5368.8104,MW,DE,DE_LU,forecast_onshore_wind_generation,Wind Onshore,2026-06-20T23:37:13Z
2026-06-20T23:36:01Z,2026-06-21T01:36:01+0200,a960294c-15ac-429a-a83c-19bebfd529f7,2026-06-06T17:00:00Z,2026-06-06T19:00:00+0200,5322.24941,MW,DE,DE_LU,forecast_onshore_wind_generation,Wind Onshore,2026-06-20T23:37:13Z
2026-06-20T23:36:01Z,2026-06-21T01:36:01+0200,a960294c-15ac-429a-a83c-19bebfd529f7,2026-06-06T17:15:00Z,2026-06-06T19:15:00+0200,5463.2014,MW,DE,DE_LU,forecast_onshore_wind_generation,Wind Onshore,2026-06-20T23:37:13Z
2026-06-20T23:36:01Z,2026-06-21T01:36:01+0200,a960294c-15ac-429a-a83c-19bebfd529f7,2026-06-06T17:30:00Z,2026-06-06T19:30:00+0200,5614.38514,MW,DE,DE_LU,forecast_onshore_wind_generation,Wind Onshore,2026-06-20T23:37:13Z
2026-06-20T23:36:01Z,2026-06-21T01:36:01+0200,a960294c-15ac-429a-a83c-19bebfd529f7,2026-06-06T17:45:00Z,2026-06-06T19:45:00+0200,5772.87989,MW,DE,DE_LU,forecast_onshore_wind_generation,Wind Onshore,2026-06-20T23:37:13Z
2026-06-20T23:36:01Z,2026-06-21T01:36:01+0200,a960294c-15ac-429a-a83c-19bebfd529f7,2026-06-06T18:00:00Z,2026-06-06T20:00:00+0200,5953.69103,MW,DE,DE_LU,forecast_onshore_wind_generation,Wind Onshore,2026-06-20T23:37:13Z
2026-06-20T23:36:01Z,2026-06-21T01:36:01+0200,a960294c-15ac-429a-a83c-19bebfd529f7,2026-06-06T18:15:00Z,2026-06-06T20:15:00+0200,6143.69658,MW,DE,DE_LU,forecast_onshore_wind_generation,Wind Onshore,2026-06-20T23:37:13Z
2026-06-20T23:36:01Z,2026-06-21T01:36:01+0200,a960294c-15ac-429a-a83c-19bebfd529f7,2026-06-06T18:30:00Z,2026-06-06T20:30:00+0200,6335.47963,MW,DE,DE_LU,forecast_onshore_wind_generation,Wind Onshore,2026-06-20T23:37:13Z
2026-06-20T23:36:01Z,2026-06-21T01:36:01+0200,a960294c-15ac-429a-a83c-19bebfd529f7,2026-06-06T18:45:00Z,2026-06-06T20:45:00+0200,6497.60484,MW,DE,DE_LU,forecast_onshore_wind_generation,Wind Onshore,2026-06-20T23:37:13Z
2026-06-20T23:36:01Z,2026-06-21T01:36:01+0200,a960294c-15ac-429a-a83c-19bebfd529f7,2026-06-06T19:00:00Z,2026-06-06T21:00:00+0200,6687.34631,MW,DE,DE_LU,forecast_onshore_wind_generation,Wind Onshore,2026-06-20T23:37:13Z
2026-06-20T23:36:01Z,2026-06-21T01:36:01+0200,a960294c-15ac-429a-a83c-19bebfd529f7,2026-06-06T19:15:00Z,2026-06-06T21:15:00+0200,7026.76998,MW,DE,DE_LU,forecast_onshore_wind_generation,Wind Onshore,2026-06-20T23:37:13Z
2026-06-20T23:36:01Z,2026-06-21T01:36:01+0200,a960294c-15ac-429a-a83c-19bebfd529f7,2026-06-06T19:30:00Z,2026-06-06T21:30:00+0200,7413.0142,MW,DE,DE_LU,forecast_onshore_wind_generation,Wind Onshore,2026-06-20T23:37:13Z
2026-06-20T23:36:01Z,2026-06-21T01:36:01+0200,a960294c-15ac-429a-a83c-19bebfd529f7,2026-06-06T19:45:00Z,2026-06-06T21:45:00+0200,7820.53179,MW,DE,DE_LU,forecast_onshore_wind_generation,Wind Onshore,2026-06-20T23:37:13Z
2026-06-20T23:36:01Z,2026-06-21T01:36:01+0200,a960294c-15ac-429a-a83c-19bebfd529f7,2026-06-06T20:00:00Z,2026-06-06T22:00:00+0200,8199.9575,MW,DE,DE_LU,forecast_onshore_wind_generation,Wind Onshore,2026-06-20T23:37:13Z
2026-06-20T23:36:01Z,2026-06-21T01:36:01+0200,a960294c-15ac-429a-a83c-19bebfd529f7,2026-06-06T20:15:00Z,2026-06-06T22:15:00+0200,8737.81876,MW,DE,DE_LU,forecast_onshore_wind_generation,Wind Onshore,2026-06-20T23:37:13Z
2026-06-20T23:36:01Z,2026-06-21T01:36:01+0200,a960294c-15ac-429a-a83c-19bebfd529f7,2026-06-06T20:30:00Z,2026-06-06T22:30:00+0200,9274.43151,MW,DE,DE_LU,forecast_onshore_wind_generation,Wind Onshore,2026-06-20T23:37:13Z
2026-06-20T23:36:01Z,2026-06-21T01:36:01+0200,a960294c-15ac-429a-a83c-19bebfd529f7,2026-06-06T20:45:00Z,2026-06-06T22:45:00+0200,9794.47338,MW,DE,DE_LU,forecast_onshore_wind_generation,Wind Onshore,2026-06-20T23:37:13Z
2026-06-20T23:36:01Z,2026-06-21T01:36:01+0200,a960294c-15ac-429a-a83c-19bebfd529f7,2026-06-06T21:00:00Z,2026-06-06T23:00:00+0200,10285.39879,MW,DE,DE_LU,forecast_onshore_wind_generation,Wind Onshore,2026-06-20T23:37:13Z
2026-06-20T23:36:01Z,2026-06-21T01:36:01+0200,a960294c-15ac-429a-a83c-19bebfd529f7,2026-06-06T21:15:00Z,2026-06-06T23:15:00+0200,10706.31015,MW,DE,DE_LU,forecast_onshore_wind_generation,Wind Onshore,2026-06-20T23:37:13Z
2026-06-20T23:36:01Z,2026-06-21T01:36:01+0200,a960294c-15ac-429a-a83c-19bebfd529f7,2026-06-06T21:30:00Z,2026-06-06T23:30:00+0200,11135.43064,MW,DE,DE_LU,forecast_onshore_wind_generation,Wind Onshore,2026-06-20T23:37:13Z
2026-06-20T23:36:01Z,2026-06-21T01:36:01+0200,a960294c-15ac-429a-a83c-19bebfd529f7,2026-06-06T21:45:00Z,2026-06-06T23:45:00+0200,11585.88933,MW,DE,DE_LU,forecast_onshore_wind_generation,Wind Onshore,2026-06-20T23:37:13Z
2026-06-20T23:36:01Z,2026-06-21T01:36:01+0200,a960294c-15ac-429a-a83c-19bebfd529f7,2026-06-06T22:00:00Z,2026-06-07T00:00:00+0200,11649.09445,MW,DE,DE_LU,forecast_onshore_wind_generation,Wind Onshore,2026-06-20T23:37:13Z
2026-06-20T23:36:01Z,2026-06-21T01:36:01+0200,a960294c-15ac-429a-a83c-19bebfd529f7,2026-06-06T22:15:00Z,2026-06-07T00:15:00+0200,12044.11188,MW,DE,DE_LU,forecast_onshore_wind_generation,Wind Onshore,2026-06-20T23:37:13Z
2026-06-20T23:36:01Z,2026-06-21T01:36:01+0200,a960294c-15ac-429a-a83c-19bebfd529f7,2026-06-06T22:30:00Z,2026-06-07T00:30:00+0200,12438.95752,MW,DE,DE_LU,forecast_onshore_wind_generation,Wind Onshore,2026-06-20T23:37:13Z
2026-06-20T23:36:01Z,2026-06-21T01:36:01+0200,a960294c-15ac-429a-a83c-19bebfd529f7,2026-06-06T22:45:00Z,2026-06-07T00:45:00+0200,12818.24228,MW,DE,DE_LU,forecast_onshore_wind_generation,Wind Onshore,2026-06-20T23:37:13Z
2026-06-20T23:36:01Z,2026-06-21T01:36:01+0200,a960294c-15ac-429a-a83c-19bebfd529f7,2026-06-06T23:00:00Z,2026-06-07T01:00:00+0200,13189.16665,MW,DE,DE_LU,forecast_onshore_wind_generation,Wind Onshore,2026-06-20T23:37:13Z
2026-06-20T23:36:01Z,2026-06-21T01:36:01+0200,a960294c-15ac-429a-a83c-19bebfd529f7,2026-06-06T23:15:00Z,2026-06-07T01:15:00+0200,13543.44356,MW,DE,DE_LU,forecast_onshore_wind_generation,Wind Onshore,2026-06-20T23:37:13Z
2026-06-20T23:36:01Z,2026-06-21T01:36:01+0200,a960294c-15ac-429a-a83c-19bebfd529f7,2026-06-06T23:30:00Z,2026-06-07T01:30:00+0200,13911.09107,MW,DE,DE_LU,forecast_onshore_wind_generation,Wind Onshore,2026-06-20T23:37:13Z
2026-06-20T23:36:01Z,2026-06-21T01:36:01+0200,a960294c-15ac-429a-a83c-19bebfd529f7,2026-06-06T23:45:00Z,2026-06-07T01:45:00+0200,14291.96776,MW,DE,DE_LU,forecast_onshore_wind_generation,Wind Onshore,2026-06-20T23:37:13Z
2026-06-20T23:36:01Z,2026-06-21T01:36:01+0200,a960294c-15ac-429a-a83c-19bebfd529f7,2026-06-07T00:00:00Z,2026-06-07T02:00:00+0200,14637.17099,MW,DE,DE_LU,forecast_onshore_wind_generation,Wind Onshore,2026-06-20T23:37:13Z
2026-06-20T23:36:01Z,2026-06-21T01:36:01+0200,a960294c-15ac-429a-a83c-19bebfd529f7,2026-06-07T00:15:00Z,2026-06-07T02:15:00+0200,14960.56836,MW,DE,DE_LU,forecast_onshore_wind_generation,Wind Onshore,2026-06-20T23:37:13Z
2026-06-20T23:36:01Z,2026-06-21T01:36:01+0200,a960294c-15ac-429a-a83c-19bebfd529f7,2026-06-07T00:30:00Z,2026-06-07T02:30:00+0200,15290.49284,MW,DE,DE_LU,forecast_onshore_wind_generation,Wind Onshore,2026-06-20T23:37:13Z
2026-06-20T23:36:01Z,2026-06-21T01:36:01+0200,a960294c-15ac-429a-a83c-19bebfd529f7,2026-06-07T00:45:00Z,2026-06-07T02:45:00+0200,15625.803,MW,DE,DE_LU,forecast_onshore_wind_generation,Wind Onshore,2026-06-20T23:37:13Z
2026-06-20T23:36:01Z,2026-06-21T01:36:01+0200,a960294c-15ac-429a-a83c-19bebfd529f7,2026-06-07T01:00:00Z,2026-06-07T03:00:00+0200,15945.15804,MW,DE,DE_LU,forecast_onshore_wind_generation,Wind Onshore,2026-06-20T23:37:13Z
2026-06-20T23:36:01Z,2026-06-21T01:36:01+0200,a960294c-15ac-429a-a83c-19bebfd529f7,2026-06-07T01:15:00Z,2026-06-07T03:15:00+0200,16216.0278,MW,DE,DE_LU,forecast_onshore_wind_generation,Wind Onshore,2026-06-20T23:37:13Z
2026-06-20T23:36:01Z,2026-06-21T01:36:01+0200,a960294c-15ac-429a-a83c-19bebfd529f7,2026-06-07T01:30:00Z,2026-06-07T03:30:00+0200,16483.60249,MW,DE,DE_LU,forecast_onshore_wind_generation,Wind Onshore,2026-06-20T23:37:13Z
2026-06-20T23:36:01Z,2026-06-21T01:36:01+0200,a960294c-15ac-429a-a83c-19bebfd529f7,2026-06-07T01:45:00Z,2026-06-07T03:45:00+0200,16756.58704,MW,DE,DE_LU,forecast_onshore_wind_generation,Wind Onshore,2026-06-20T23:37:13Z
2026-06-20T23:36:01Z,2026-06-21T01:36:01+0200,a960294c-15ac-429a-a83c-19bebfd529f7,2026-06-07T02:00:00Z,2026-06-07T04:00:00+0200,17056.41691,MW,DE,DE_LU,forecast_onshore_wind_generation,Wind Onshore,2026-06-20T23:37:13Z
2026-06-20T23:36:01Z,2026-06-21T01:36:01+0200,a960294c-15ac-429a-a83c-19bebfd529f7,2026-06-07T02:15:00Z,2026-06-07T04:15:00+0200,17411.79787,MW,DE,DE_LU,forecast_onshore_wind_generation,Wind Onshore,2026-06-20T23:37:13Z
2026-06-20T23:36:01Z,2026-06-21T01:36:01+0200,a960294c-15ac-429a-a83c-19bebfd529f7,2026-06-07T02:30:00Z,2026-06-07T04:30:00+0200,17745.05478,MW,DE,DE_LU,forecast_onshore_wind_generation,Wind Onshore,2026-06-20T23:37:13Z
2026-06-20T23:36:01Z,2026-06-21T01:36:01+0200,a960294c-15ac-429a-a83c-19bebfd529f7,2026-06-07T02:45:00Z,2026-06-07T04:45:00+0200,18069.90132,MW,DE,DE_LU,forecast_onshore_wind_generation,Wind Onshore,2026-06-20T23:37:13Z
2026-06-20T23:36:01Z,2026-06-21T01:36:01+0200,a960294c-15ac-429a-a83c-19bebfd529f7,2026-06-07T03:00:00Z,2026-06-07T05:00:00+0200,18370.51133,MW,DE,DE_LU,forecast_onshore_wind_generation,Wind Onshore,2026-06-20T23:37:13Z
2026-06-20T23:36:01Z,2026-06-21T01:36:01+0200,a960294c-15ac-429a-a83c-19bebfd529f7,2026-06-07T03:15:00Z,2026-06-07T05:15:00+0200,18561.02557,MW,DE,DE_LU,forecast_onshore_wind_generation,Wind Onshore,2026-06-20T23:37:13Z
2026-06-20T23:36:01Z,2026-06-21T01:36:01+0200,a960294c-15ac-429a-a83c-19bebfd529f7,2026-06-07T03:30:00Z,2026-06-07T05:30:00+0200,18746.56125,MW,DE,DE_LU,forecast_onshore_wind_generation,Wind Onshore,2026-06-20T23:37:13Z
2026-06-20T23:36:01Z,2026-06-21T01:36:01+0200,a960294c-15ac-429a-a83c-19bebfd529f7,2026-06-07T03:45:00Z,2026-06-07T05:45:00+0200,18930.66481,MW,DE,DE_LU,forecast_onshore_wind_generation,Wind Onshore,2026-06-20T23:37:13Z
2026-06-20T23:36:01Z,2026-06-21T01:36:01+0200,a960294c-15ac-429a-a83c-19bebfd529f7,2026-06-07T04:00:00Z,2026-06-07T06:00:00+0200,19295.01696,MW,DE,DE_LU,forecast_onshore_wind_generation,Wind Onshore,2026-06-20T23:37:13Z
2026-06-20T23:36:01Z,2026-06-21T01:36:01+0200,a960294c-15ac-429a-a83c-19bebfd529f7,2026-06-07T04:15:00Z,2026-06-07T06:15:00+0200,19224.25547,MW,DE,DE_LU,forecast_onshore_wind_generation,Wind Onshore,2026-06-20T23:37:13Z
2026-06-20T23:36:01Z,2026-06-21T01:36:01+0200,a960294c-15ac-429a-a83c-19bebfd529f7,2026-06-07T04:30:00Z,2026-06-07T06:30:00+0200,19120.48012,MW,DE,DE_LU,forecast_onshore_wind_generation,Wind Onshore,2026-06-20T23:37:13Z
2026-06-20T23:36:01Z,2026-06-21T01:36:01+0200,a960294c-15ac-429a-a83c-19bebfd529f7,2026-06-07T04:45:00Z,2026-06-07T06:45:00+0200,18972.42051,MW,DE,DE_LU,forecast_onshore_wind_generation,Wind Onshore,2026-06-20T23:37:13Z
2026-06-20T23:36:01Z,2026-06-21T01:36:01+0200,a960294c-15ac-429a-a83c-19bebfd529f7,2026-06-07T05:00:00Z,2026-06-07T07:00:00+0200,18699.48927,MW,DE,DE_LU,forecast_onshore_wind_generation,Wind Onshore,2026-06-20T23:37:13Z
2026-06-20T23:36:01Z,2026-06-21T01:36:01+0200,a960294c-15ac-429a-a83c-19bebfd529f7,2026-06-07T05:15:00Z,2026-06-07T07:15:00+0200,18459.60464,MW,DE,DE_LU,forecast_onshore_wind_generation,Wind Onshore,2026-06-20T23:37:13Z
2026-06-20T23:36:01Z,2026-06-21T01:36:01+0200,a960294c-15ac-429a-a83c-19bebfd529f7,2026-06-07T05:30:00Z,2026-06-07T07:30:00+0200,18186.36764,MW,DE,DE_LU,forecast_onshore_wind_generation,Wind Onshore,2026-06-20T23:37:13Z
2026-06-20T23:36:01Z,2026-06-21T01:36:01+0200,a960294c-15ac-429a-a83c-19bebfd529f7,2026-06-07T05:45:00Z,2026-06-07T07:45:00+0200,17850.53203,MW,DE,DE_LU,forecast_onshore_wind_generation,Wind Onshore,2026-06-20T23:37:13Z
2026-06-20T23:36:01Z,2026-06-21T01:36:01+0200,a960294c-15ac-429a-a83c-19bebfd529f7,2026-06-07T06:00:00Z,2026-06-07T08:00:00+0200,17644.48327,MW,DE,DE_LU,forecast_onshore_wind_generation,Wind Onshore,2026-06-20T23:37:13Z
2026-06-20T23:36:01Z,2026-06-21T01:36:01+0200,a960294c-15ac-429a-a83c-19bebfd529f7,2026-06-07T06:15:00Z,2026-06-07T08:15:00+0200,17633.00895,MW,DE,DE_LU,forecast_onshore_wind_generation,Wind Onshore,2026-06-20T23:37:13Z
2026-06-20T23:36:01Z,2026-06-21T01:36:01+0200,a960294c-15ac-429a-a83c-19bebfd529f7,2026-06-07T06:30:00Z,2026-06-07T08:30:00+0200,17656.0354,MW,DE,DE_LU,forecast_onshore_wind_generation,Wind Onshore,2026-06-20T23:37:13Z
2026-06-20T23:36:01Z,2026-06-21T01:36:01+0200,a960294c-15ac-429a-a83c-19bebfd529f7,2026-06-07T06:45:00Z,2026-06-07T08:45:00+0200,17638.31038,MW,DE,DE_LU,forecast_onshore_wind_generation,Wind Onshore,2026-06-20T23:37:13Z
2026-06-20T23:36:01Z,2026-06-21T01:36:01+0200,a960294c-15ac-429a-a83c-19bebfd529f7,2026-06-07T07:00:00Z,2026-06-07T09:00:00+0200,17586.23317,MW,DE,DE_LU,forecast_onshore_wind_generation,Wind Onshore,2026-06-20T23:37:13Z
2026-06-20T23:36:01Z,2026-06-21T01:36:01+0200,a960294c-15ac-429a-a83c-19bebfd529f7,2026-06-07T07:15:00Z,2026-06-07T09:15:00+0200,17514.00887,MW,DE,DE_LU,forecast_onshore_wind_generation,Wind Onshore,2026-06-20T23:37:13Z
2026-06-20T23:36:01Z,2026-06-21T01:36:01+0200,a960294c-15ac-429a-a83c-19bebfd529f7,2026-06-07T07:30:00Z,2026-06-07T09:30:00+0200,17466.98902,MW,DE,DE_LU,forecast_onshore_wind_generation,Wind Onshore,2026-06-20T23:37:13Z
2026-06-20T23:36:01Z,2026-06-21T01:36:01+0200,a960294c-15ac-429a-a83c-19bebfd529f7,2026-06-07T07:45:00Z,2026-06-07T09:45:00+0200,17397.48951,MW,DE,DE_LU,forecast_onshore_wind_generation,Wind Onshore,2026-06-20T23:37:13Z
2026-06-20T23:36:01Z,2026-06-21T01:36:01+0200,a960294c-15ac-429a-a83c-19bebfd529f7,2026-06-07T08:00:00Z,2026-06-07T10:00:00+0200,17299.01502,MW,DE,DE_LU,forecast_onshore_wind_generation,Wind Onshore,2026-06-20T23:37:13Z
2026-06-20T23:36:01Z,2026-06-21T01:36:01+0200,a960294c-15ac-429a-a83c-19bebfd529f7,2026-06-07T08:15:00Z,2026-06-07T10:15:00+0200,17134.97898,MW,DE,DE_LU,forecast_onshore_wind_generation,Wind Onshore,2026-06-20T23:37:13Z
2026-06-20T23:36:01Z,2026-06-21T01:36:01+0200,a960294c-15ac-429a-a83c-19bebfd529f7,2026-06-07T08:30:00Z,2026-06-07T10:30:00+0200,16767.88359,MW,DE,DE_LU,forecast_onshore_wind_generation,Wind Onshore,2026-06-20T23:37:13Z
2026-06-20T23:36:01Z,2026-06-21T01:36:01+0200,a960294c-15ac-429a-a83c-19bebfd529f7,2026-06-07T08:45:00Z,2026-06-07T10:45:00+0200,16421.00644,MW,DE,DE_LU,forecast_onshore_wind_generation,Wind Onshore,2026-06-20T23:37:13Z
2026-06-20T23:36:01Z,2026-06-21T01:36:01+0200,a960294c-15ac-429a-a83c-19bebfd529f7,2026-06-07T09:00:00Z,2026-06-07T11:00:00+0200,16157.39289,MW,DE,DE_LU,forecast_onshore_wind_generation,Wind Onshore,2026-06-20T23:37:13Z
2026-06-20T23:36:01Z,2026-06-21T01:36:01+0200,a960294c-15ac-429a-a83c-19bebfd529f7,2026-06-07T09:15:00Z,2026-06-07T11:15:00+0200,15940.2517,MW,DE,DE_LU,forecast_onshore_wind_generation,Wind Onshore,2026-06-20T23:37:13Z
2026-06-20T23:36:01Z,2026-06-21T01:36:01+0200,a960294c-15ac-429a-a83c-19bebfd529f7,2026-06-07T09:30:00Z,2026-06-07T11:30:00+0200,15674.6139,MW,DE,DE_LU,forecast_onshore_wind_generation,Wind Onshore,2026-06-20T23:37:13Z
2026-06-20T23:36:01Z,2026-06-21T01:36:01+0200,a960294c-15ac-429a-a83c-19bebfd529f7,2026-06-07T09:45:00Z,2026-06-07T11:45:00+0200,15472.40389,MW,DE,DE_LU,forecast_onshore_wind_generation,Wind Onshore,2026-06-20T23:37:13Z
2026-06-20T23:36:01Z,2026-06-21T01:36:01+0200,a960294c-15ac-429a-a83c-19bebfd529f7,2026-06-07T10:00:00Z,2026-06-07T12:00:00+0200,15207.31822,MW,DE,DE_LU,forecast_onshore_wind_generation,Wind Onshore,2026-06-20T23:37:13Z
2026-06-20T23:36:01Z,2026-06-21T01:36:01+0200,a960294c-15ac-429a-a83c-19bebfd529f7,2026-06-07T10:15:00Z,2026-06-07T12:15:00+0200,14874.25944,MW,DE,DE_LU,forecast_onshore_wind_generation,Wind Onshore,2026-06-20T23:37:13Z
2026-06-20T23:36:01Z,2026-06-21T01:36:01+0200,a960294c-15ac-429a-a83c-19bebfd529f7,2026-06-07T10:30:00Z,2026-06-07T12:30:00+0200,14638.96492,MW,DE,DE_LU,forecast_onshore_wind_generation,Wind Onshore,2026-06-20T23:37:13Z
2026-06-20T23:36:01Z,2026-06-21T01:36:01+0200,a960294c-15ac-429a-a83c-19bebfd529f7,2026-06-07T10:45:00Z,2026-06-07T12:45:00+0200,14457.48184,MW,DE,DE_LU,forecast_onshore_wind_generation,Wind Onshore,2026-06-20T23:37:13Z
2026-06-20T23:36:01Z,2026-06-21T01:36:01+0200,a960294c-15ac-429a-a83c-19bebfd529f7,2026-06-07T11:00:00Z,2026-06-07T13:00:00+0200,14206.00871,MW,DE,DE_LU,forecast_onshore_wind_generation,Wind Onshore,2026-06-20T23:37:13Z
2026-06-20T23:36:01Z,2026-06-21T01:36:01+0200,a960294c-15ac-429a-a83c-19bebfd529f7,2026-06-07T11:15:00Z,2026-06-07T13:15:00+0200,13926.05489,MW,DE,DE_LU,forecast_onshore_wind_generation,Wind Onshore,2026-06-20T23:37:13Z
2026-06-20T23:36:01Z,2026-06-21T01:36:01+0200,a960294c-15ac-429a-a83c-19bebfd529f7,2026-06-07T11:30:00Z,2026-06-07T13:30:00+0200,13736.70422,MW,DE,DE_LU,forecast_onshore_wind_generation,Wind Onshore,2026-06-20T23:37:13Z
2026-06-20T23:36:01Z,2026-06-21T01:36:01+0200,a960294c-15ac-429a-a83c-19bebfd529f7,2026-06-07T11:45:00Z,2026-06-07T13:45:00+0200,13613.41379,MW,DE,DE_LU,forecast_onshore_wind_generation,Wind Onshore,2026-06-20T23:37:13Z
2026-06-20T23:36:01Z,2026-06-21T01:36:01+0200,a960294c-15ac-429a-a83c-19bebfd529f7,2026-06-07T12:00:00Z,2026-06-07T14:00:00+0200,13510.51256,MW,DE,DE_LU,forecast_onshore_wind_generation,Wind Onshore,2026-06-20T23:37:13Z
2026-06-20T23:36:01Z,2026-06-21T01:36:01+0200,a960294c-15ac-429a-a83c-19bebfd529f7,2026-06-07T12:15:00Z,2026-06-07T14:15:00+0200,13418.5429,MW,DE,DE_LU,forecast_onshore_wind_generation,Wind Onshore,2026-06-20T23:37:13Z
2026-06-20T23:36:01Z,2026-06-21T01:36:01+0200,a960294c-15ac-429a-a83c-19bebfd529f7,2026-06-07T12:30:00Z,2026-06-07T14:30:00+0200,13386.54193,MW,DE,DE_LU,forecast_onshore_wind_generation,Wind Onshore,2026-06-20T23:37:13Z
2026-06-20T23:36:01Z,2026-06-21T01:36:01+0200,a960294c-15ac-429a-a83c-19bebfd529f7,2026-06-07T12:45:00Z,2026-06-07T14:45:00+0200,13363.0798,MW,DE,DE_LU,forecast_onshore_wind_generation,Wind Onshore,2026-06-20T23:37:13Z
2026-06-20T23:36:01Z,2026-06-21T01:36:01+0200,a960294c-15ac-429a-a83c-19bebfd529f7,2026-06-07T13:00:00Z,2026-06-07T15:00:00+0200,13497.73521,MW,DE,DE_LU,forecast_onshore_wind_generation,Wind Onshore,2026-06-20T23:37:13Z
2026-06-20T23:36:01Z,2026-06-21T01:36:01+0200,a960294c-15ac-429a-a83c-19bebfd529f7,2026-06-07T13:15:00Z,2026-06-07T15:15:00+0200,13685.47721,MW,DE,DE_LU,forecast_onshore_wind_generation,Wind Onshore,2026-06-20T23:37:13Z
2026-06-20T23:36:01Z,2026-06-21T01:36:01+0200,a960294c-15ac-429a-a83c-19bebfd529f7,2026-06-07T13:30:00Z,2026-06-07T15:30:00+0200,13979.80718,MW,DE,DE_LU,forecast_onshore_wind_generation,Wind Onshore,2026-06-20T23:37:13Z
2026-06-20T23:36:01Z,2026-06-21T01:36:01+0200,a960294c-15ac-429a-a83c-19bebfd529f7,2026-06-07T13:45:00Z,2026-06-07T15:45:00+0200,14352.16238,MW,DE,DE_LU,forecast_onshore_wind_generation,Wind Onshore,2026-06-20T23:37:13Z
2026-06-20T23:36:01Z,2026-06-21T01:36:01+0200,a960294c-15ac-429a-a83c-19bebfd529f7,2026-06-07T14:00:00Z,2026-06-07T16:00:00+0200,14827.27661,MW,DE,DE_LU,forecast_onshore_wind_generation,Wind Onshore,2026-06-20T23:37:13Z
2026-06-20T23:36:01Z,2026-06-21T01:36:01+0200,a960294c-15ac-429a-a83c-19bebfd529f7,2026-06-07T14:15:00Z,2026-06-07T16:15:00+0200,15352.73093,MW,DE,DE_LU,forecast_onshore_wind_generation,Wind Onshore,2026-06-20T23:37:13Z
2026-06-20T23:36:01Z,2026-06-21T01:36:01+0200,a960294c-15ac-429a-a83c-19bebfd529f7,2026-06-07T14:30:00Z,2026-06-07T16:30:00+0200,15796.65756,MW,DE,DE_LU,forecast_onshore_wind_generation,Wind Onshore,2026-06-20T23:37:13Z
2026-06-20T23:36:01Z,2026-06-21T01:36:01+0200,a960294c-15ac-429a-a83c-19bebfd529f7,2026-06-07T14:45:00Z,2026-06-07T16:45:00+0200,16321.66739,MW,DE,DE_LU,forecast_onshore_wind_generation,Wind Onshore,2026-06-20T23:37:13Z
2026-06-20T23:36:01Z,2026-06-21T01:36:01+0200,a960294c-15ac-429a-a83c-19bebfd529f7,2026-06-07T15:00:00Z,2026-06-07T17:00:00+0200,16647.96182,MW,DE,DE_LU,forecast_onshore_wind_generation,Wind Onshore,2026-06-20T23:37:13Z
2026-06-20T23:36:01Z,2026-06-21T01:36:01+0200,a960294c-15ac-429a-a83c-19bebfd529f7,2026-06-07T15:15:00Z,2026-06-07T17:15:00+0200,16833.30475,MW,DE,DE_LU,forecast_onshore_wind_generation,Wind Onshore,2026-06-20T23:37:13Z
2026-06-20T23:36:01Z,2026-06-21T01:36:01+0200,a960294c-15ac-429a-a83c-19bebfd529f7,2026-06-07T15:30:00Z,2026-06-07T17:30:00+0200,16995.22244,MW,DE,DE_LU,forecast_onshore_wind_generation,Wind Onshore,2026-06-20T23:37:13Z
2026-06-20T23:36:01Z,2026-06-21T01:36:01+0200,a960294c-15ac-429a-a83c-19bebfd529f7,2026-06-07T15:45:00Z,2026-06-07T17:45:00+0200,17033.98246,MW,DE,DE_LU,forecast_onshore_wind_generation,Wind Onshore,2026-06-20T23:37:13Z
2026-06-20T23:36:01Z,2026-06-21T01:36:01+0200,a960294c-15ac-429a-a83c-19bebfd529f7,2026-06-07T16:00:00Z,2026-06-07T18:00:00+0200,16964.33875,MW,DE,DE_LU,forecast_onshore_wind_generation,Wind Onshore,2026-06-20T23:37:13Z
2026-06-20T23:36:01Z,2026-06-21T01:36:01+0200,a960294c-15ac-429a-a83c-19bebfd529f7,2026-06-07T16:15:00Z,2026-06-07T18:15:00+0200,16733.07863,MW,DE,DE_LU,forecast_onshore_wind_generation,Wind Onshore,2026-06-20T23:37:13Z
2026-06-20T23:36:01Z,2026-06-21T01:36:01+0200,a960294c-15ac-429a-a83c-19bebfd529f7,2026-06-07T16:30:00Z,2026-06-07T18:30:00+0200,16207.55237,MW,DE,DE_LU,forecast_onshore_wind_generation,Wind Onshore,2026-06-20T23:37:13Z
2026-06-20T23:36:01Z,2026-06-21T01:36:01+0200,a960294c-15ac-429a-a83c-19bebfd529f7,2026-06-07T16:45:00Z,2026-06-07T18:45:00+0200,15487.52359,MW,DE,DE_LU,forecast_onshore_wind_generation,Wind Onshore,2026-06-20T23:37:13Z
2026-06-20T23:36:01Z,2026-06-21T01:36:01+0200,a960294c-15ac-429a-a83c-19bebfd529f7,2026-06-07T17:00:00Z,2026-06-07T19:00:00+0200,14735.78623,MW,DE,DE_LU,forecast_onshore_wind_generation,Wind Onshore,2026-06-20T23:37:13Z
2026-06-20T23:36:01Z,2026-06-21T01:36:01+0200,a960294c-15ac-429a-a83c-19bebfd529f7,2026-06-07T17:15:00Z,2026-06-07T19:15:00+0200,13961.37736,MW,DE,DE_LU,forecast_onshore_wind_generation,Wind Onshore,2026-06-20T23:37:13Z
2026-06-20T23:36:01Z,2026-06-21T01:36:01+0200,a960294c-15ac-429a-a83c-19bebfd529f7,2026-06-07T17:30:00Z,2026-06-07T19:30:00+0200,13184.94427,MW,DE,DE_LU,forecast_onshore_wind_generation,Wind Onshore,2026-06-20T23:37:13Z
2026-06-20T23:36:01Z,2026-06-21T01:36:01+0200,a960294c-15ac-429a-a83c-19bebfd529f7,2026-06-07T17:45:00Z,2026-06-07T19:45:00+0200,12404.90684,MW,DE,DE_LU,forecast_onshore_wind_generation,Wind Onshore,2026-06-20T23:37:13Z
2026-06-20T23:36:01Z,2026-06-21T01:36:01+0200,a960294c-15ac-429a-a83c-19bebfd529f7,2026-06-07T18:00:00Z,2026-06-07T20:00:00+0200,11629.12967,MW,DE,DE_LU,forecast_onshore_wind_generation,Wind Onshore,2026-06-20T23:37:13Z
2026-06-20T23:36:01Z,2026-06-21T01:36:01+0200,a960294c-15ac-429a-a83c-19bebfd529f7,2026-06-07T18:15:00Z,2026-06-07T20:15:00+0200,10974.92422,MW,DE,DE_LU,forecast_onshore_wind_generation,Wind Onshore,2026-06-20T23:37:13Z
2026-06-20T23:36:01Z,2026-06-21T01:36:01+0200,a960294c-15ac-429a-a83c-19bebfd529f7,2026-06-07T18:30:00Z,2026-06-07T20:30:00+0200,10259.1118,MW,DE,DE_LU,forecast_onshore_wind_generation,Wind Onshore,2026-06-20T23:37:13Z
2026-06-20T23:36:01Z,2026-06-21T01:36:01+0200,a960294c-15ac-429a-a83c-19bebfd529f7,2026-06-07T18:45:00Z,2026-06-07T20:45:00+0200,9485.41215,MW,DE,DE_LU,forecast_onshore_wind_generation,Wind Onshore,2026-06-20T23:37:13Z
2026-06-20T23:36:01Z,2026-06-21T01:36:01+0200,a960294c-15ac-429a-a83c-19bebfd529f7,2026-06-07T19:00:00Z,2026-06-07T21:00:00+0200,8709.45136,MW,DE,DE_LU,forecast_onshore_wind_generation,Wind Onshore,2026-06-20T23:37:13Z
2026-06-20T23:36:01Z,2026-06-21T01:36:01+0200,a960294c-15ac-429a-a83c-19bebfd529f7,2026-06-07T19:15:00Z,2026-06-07T21:15:00+0200,8111.5027,MW,DE,DE_LU,forecast_onshore_wind_generation,Wind Onshore,2026-06-20T23:37:13Z
2026-06-20T23:36:01Z,2026-06-21T01:36:01+0200,a960294c-15ac-429a-a83c-19bebfd529f7,2026-06-07T19:30:00Z,2026-06-07T21:30:00+0200,7605.82474,MW,DE,DE_LU,forecast_onshore_wind_generation,Wind Onshore,2026-06-20T23:37:13Z
2026-06-20T23:36:01Z,2026-06-21T01:36:01+0200,a960294c-15ac-429a-a83c-19bebfd529f7,2026-06-07T19:45:00Z,2026-06-07T21:45:00+0200,7149.46442,MW,DE,DE_LU,forecast_onshore_wind_generation,Wind Onshore,2026-06-20T23:37:13Z
2026-06-20T23:36:01Z,2026-06-21T01:36:01+0200,a960294c-15ac-429a-a83c-19bebfd529f7,2026-06-07T20:00:00Z,2026-06-07T22:00:00+0200,6635.43859,MW,DE,DE_LU,forecast_onshore_wind_generation,Wind Onshore,2026-06-20T23:37:13Z
2026-06-20T23:36:01Z,2026-06-21T01:36:01+0200,a960294c-15ac-429a-a83c-19bebfd529f7,2026-06-07T20:15:00Z,2026-06-07T22:15:00+0200,6358.84031,MW,DE,DE_LU,forecast_onshore_wind_generation,Wind Onshore,2026-06-20T23:37:13Z
2026-06-20T23:36:01Z,2026-06-21T01:36:01+0200,a960294c-15ac-429a-a83c-19bebfd529f7,2026-06-07T20:30:00Z,2026-06-07T22:30:00+0200,6092.46757,MW,DE,DE_LU,forecast_onshore_wind_generation,Wind Onshore,2026-06-20T23:37:13Z
2026-06-20T23:36:01Z,2026-06-21T01:36:01+0200,a960294c-15ac-429a-a83c-19bebfd529f7,2026-06-07T20:45:00Z,2026-06-07T22:45:00+0200,5830.34503,MW,DE,DE_LU,forecast_onshore_wind_generation,Wind Onshore,2026-06-20T23:37:13Z
2026-06-20T23:36:01Z,2026-06-21T01:36:01+0200,a960294c-15ac-429a-a83c-19bebfd529f7,2026-06-07T21:00:00Z,2026-06-07T23:00:00+0200,5563.44146,MW,DE,DE_LU,forecast_onshore_wind_generation,Wind Onshore,2026-06-20T23:37:13Z
2026-06-20T23:36:01Z,2026-06-21T01:36:01+0200,a960294c-15ac-429a-a83c-19bebfd529f7,2026-06-07T21:15:00Z,2026-06-07T23:15:00+0200,5357.95713,MW,DE,DE_LU,forecast_onshore_wind_generation,Wind Onshore,2026-06-20T23:37:13Z
2026-06-20T23:36:01Z,2026-06-21T01:36:01+0200,a960294c-15ac-429a-a83c-19bebfd529f7,2026-06-07T21:30:00Z,2026-06-07T23:30:00+0200,5152.25717,MW,DE,DE_LU,forecast_onshore_wind_generation,Wind Onshore,2026-06-20T23:37:13Z
2026-06-20T23:36:01Z,2026-06-21T01:36:01+0200,a960294c-15ac-429a-a83c-19bebfd529f7,2026-06-07T21:45:00Z,2026-06-07T23:45:00+0200,4950.19575,MW,DE,DE_LU,forecast_onshore_wind_generation,Wind Onshore,2026-06-20T23:37:13Z
2026-06-20T23:36:01Z,2026-06-21T01:36:01+0200,a960294c-15ac-429a-a83c-19bebfd529f7,2026-06-07T22:00:00Z,2026-06-08T00:00:00+0200,3583.45254,MW,DE,DE_LU,forecast_onshore_wind_generation,Wind Onshore,2026-06-20T23:37:13Z
2026-06-20T23:36:01Z,2026-06-21T01:36:01+0200,a960294c-15ac-429a-a83c-19bebfd529f7,2026-06-07T22:15:00Z,2026-06-08T00:15:00+0200,3451.04492,MW,DE,DE_LU,forecast_onshore_wind_generation,Wind Onshore,2026-06-20T23:37:13Z
2026-06-20T23:36:01Z,2026-06-21T01:36:01+0200,a960294c-15ac-429a-a83c-19bebfd529f7,2026-06-07T22:30:00Z,2026-06-08T00:30:00+0200,3326.07543,MW,DE,DE_LU,forecast_onshore_wind_generation,Wind Onshore,2026-06-20T23:37:13Z
2026-06-20T23:36:01Z,2026-06-21T01:36:01+0200,a960294c-15ac-429a-a83c-19bebfd529f7,2026-06-07T22:45:00Z,2026-06-08T00:45:00+0200,3204.99934,MW,DE,DE_LU,forecast_onshore_wind_generation,Wind Onshore,2026-06-20T23:37:13Z
2026-06-20T23:36:01Z,2026-06-21T01:36:01+0200,a960294c-15ac-429a-a83c-19bebfd529f7,2026-06-07T23:00:00Z,2026-06-08T01:00:00+0200,3085.76897,MW,DE,DE_LU,forecast_onshore_wind_generation,Wind Onshore,2026-06-20T23:37:13Z
2026-06-20T23:36:01Z,2026-06-21T01:36:01+0200,a960294c-15ac-429a-a83c-19bebfd529f7,2026-06-07T23:15:00Z,2026-06-08T01:15:00+0200,3014.15192,MW,DE,DE_LU,forecast_onshore_wind_generation,Wind Onshore,2026-06-20T23:37:13Z
2026-06-20T23:36:01Z,2026-06-21T01:36:01+0200,a960294c-15ac-429a-a83c-19bebfd529f7,2026-06-07T23:30:00Z,2026-06-08T01:30:00+0200,2951.31619,MW,DE,DE_LU,forecast_onshore_wind_generation,Wind Onshore,2026-06-20T23:37:13Z
2026-06-20T23:36:01Z,2026-06-21T01:36:01+0200,a960294c-15ac-429a-a83c-19bebfd529f7,2026-06-07T23:45:00Z,2026-06-08T01:45:00+0200,2904.46103,MW,DE,DE_LU,forecast_onshore_wind_generation,Wind Onshore,2026-06-20T23:37:13Z
2026-06-20T23:36:01Z,2026-06-21T01:36:01+0200,a960294c-15ac-429a-a83c-19bebfd529f7,2026-06-08T00:00:00Z,2026-06-08T02:00:00+0200,2918.31617,MW,DE,DE_LU,forecast_onshore_wind_generation,Wind Onshore,2026-06-20T23:37:13Z
2026-06-20T23:36:01Z,2026-06-21T01:36:01+0200,a960294c-15ac-429a-a83c-19bebfd529f7,2026-06-08T00:15:00Z,2026-06-08T02:15:00+0200,2967.0396,MW,DE,DE_LU,forecast_onshore_wind_generation,Wind Onshore,2026-06-20T23:37:13Z
2026-06-20T23:36:01Z,2026-06-21T01:36:01+0200,a960294c-15ac-429a-a83c-19bebfd529f7,2026-06-08T00:30:00Z,2026-06-08T02:30:00+0200,3006.40093,MW,DE,DE_LU,forecast_onshore_wind_generation,Wind Onshore,2026-06-20T23:37:13Z
2026-06-20T23:36:01Z,2026-06-21T01:36:01+0200,a960294c-15ac-429a-a83c-19bebfd529f7,2026-06-08T00:45:00Z,2026-06-08T02:45:00+0200,3045.14735,MW,DE,DE_LU,forecast_onshore_wind_generation,Wind Onshore,2026-06-20T23:37:13Z
2026-06-20T23:36:01Z,2026-06-21T01:36:01+0200,a960294c-15ac-429a-a83c-19bebfd529f7,2026-06-08T01:00:00Z,2026-06-08T03:00:00+0200,3089.14597,MW,DE,DE_LU,forecast_onshore_wind_generation,Wind Onshore,2026-06-20T23:37:13Z
2026-06-20T23:36:01Z,2026-06-21T01:36:01+0200,a960294c-15ac-429a-a83c-19bebfd529f7,2026-06-08T01:15:00Z,2026-06-08T03:15:00+0200,3209.0508,MW,DE,DE_LU,forecast_onshore_wind_generation,Wind Onshore,2026-06-20T23:37:13Z
2026-06-20T23:36:01Z,2026-06-21T01:36:01+0200,a960294c-15ac-429a-a83c-19bebfd529f7,2026-06-08T01:30:00Z,2026-06-08T03:30:00+0200,3328.09599,MW,DE,DE_LU,forecast_onshore_wind_generation,Wind Onshore,2026-06-20T23:37:13Z
2026-06-20T23:36:01Z,2026-06-21T01:36:01+0200,a960294c-15ac-429a-a83c-19bebfd529f7,2026-06-08T01:45:00Z,2026-06-08T03:45:00+0200,3452.50989,MW,DE,DE_LU,forecast_onshore_wind_generation,Wind Onshore,2026-06-20T23:37:13Z
2026-06-20T23:36:01Z,2026-06-21T01:36:01+0200,a960294c-15ac-429a-a83c-19bebfd529f7,2026-06-08T02:00:00Z,2026-06-08T04:00:00+0200,3562.66923,MW,DE,DE_LU,forecast_onshore_wind_generation,Wind Onshore,2026-06-20T23:37:13Z
2026-06-20T23:36:01Z,2026-06-21T01:36:01+0200,a960294c-15ac-429a-a83c-19bebfd529f7,2026-06-08T02:15:00Z,2026-06-08T04:15:00+0200,3669.77629,MW,DE,DE_LU,forecast_onshore_wind_generation,Wind Onshore,2026-06-20T23:37:13Z
2026-06-20T23:36:01Z,2026-06-21T01:36:01+0200,a960294c-15ac-429a-a83c-19bebfd529f7,2026-06-08T02:30:00Z,2026-06-08T04:30:00+0200,3772.68711,MW,DE,DE_LU,forecast_onshore_wind_generation,Wind Onshore,2026-06-20T23:37:13Z
2026-06-20T23:36:01Z,2026-06-21T01:36:01+0200,a960294c-15ac-429a-a83c-19bebfd529f7,2026-06-08T02:45:00Z,2026-06-08T04:45:00+0200,3882.36041,MW,DE,DE_LU,forecast_onshore_wind_generation,Wind Onshore,2026-06-20T23:37:13Z
2026-06-20T23:36:01Z,2026-06-21T01:36:01+0200,a960294c-15ac-429a-a83c-19bebfd529f7,2026-06-08T03:00:00Z,2026-06-08T05:00:00+0200,3976.37904,MW,DE,DE_LU,forecast_onshore_wind_generation,Wind Onshore,2026-06-20T23:37:13Z
2026-06-20T23:36:01Z,2026-06-21T01:36:01+0200,a960294c-15ac-429a-a83c-19bebfd529f7,2026-06-08T03:15:00Z,2026-06-08T05:15:00+0200,4061.35813,MW,DE,DE_LU,forecast_onshore_wind_generation,Wind Onshore,2026-06-20T23:37:13Z
2026-06-20T23:36:01Z,2026-06-21T01:36:01+0200,a960294c-15ac-429a-a83c-19bebfd529f7,2026-06-08T03:30:00Z,2026-06-08T05:30:00+0200,4155.70656,MW,DE,DE_LU,forecast_onshore_wind_generation,Wind Onshore,2026-06-20T23:37:13Z
2026-06-20T23:36:01Z,2026-06-21T01:36:01+0200,a960294c-15ac-429a-a83c-19bebfd529f7,2026-06-08T03:45:00Z,2026-06-08T05:45:00+0200,4254.95779,MW,DE,DE_LU,forecast_onshore_wind_generation,Wind Onshore,2026-06-20T23:37:13Z
2026-06-20T23:36:01Z,2026-06-21T01:36:01+0200,a960294c-15ac-429a-a83c-19bebfd529f7,2026-06-08T04:00:00Z,2026-06-08T06:00:00+0200,4348.72573,MW,DE,DE_LU,forecast_onshore_wind_generation,Wind Onshore,2026-06-20T23:37:13Z
2026-06-20T23:36:01Z,2026-06-21T01:36:01+0200,a960294c-15ac-429a-a83c-19bebfd529f7,2026-06-08T04:15:00Z,2026-06-08T06:15:00+0200,4336.78612,MW,DE,DE_LU,forecast_onshore_wind_generation,Wind Onshore,2026-06-20T23:37:13Z
2026-06-20T23:36:01Z,2026-06-21T01:36:01+0200,a960294c-15ac-429a-a83c-19bebfd529f7,2026-06-08T04:30:00Z,2026-06-08T06:30:00+0200,4326.99536,MW,DE,DE_LU,forecast_onshore_wind_generation,Wind Onshore,2026-06-20T23:37:13Z
2026-06-20T23:36:01Z,2026-06-21T01:36:01+0200,a960294c-15ac-429a-a83c-19bebfd529f7,2026-06-08T04:45:00Z,2026-06-08T06:45:00+0200,4325.7183,MW,DE,DE_LU,forecast_onshore_wind_generation,Wind Onshore,2026-06-20T23:37:13Z
2026-06-20T23:36:01Z,2026-06-21T01:36:01+0200,a960294c-15ac-429a-a83c-19bebfd529f7,2026-06-08T05:00:00Z,2026-06-08T07:00:00+0200,4340.22872,MW,DE,DE_LU,forecast_onshore_wind_generation,Wind Onshore,2026-06-20T23:37:13Z
2026-06-20T23:36:01Z,2026-06-21T01:36:01+0200,a960294c-15ac-429a-a83c-19bebfd529f7,2026-06-08T05:15:00Z,2026-06-08T07:15:00+0200,4203.56977,MW,DE,DE_LU,forecast_onshore_wind_generation,Wind Onshore,2026-06-20T23:37:13Z
2026-06-20T23:36:01Z,2026-06-21T01:36:01+0200,a960294c-15ac-429a-a83c-19bebfd529f7,2026-06-08T05:30:00Z,2026-06-08T07:30:00+0200,4089.68252,MW,DE,DE_LU,forecast_onshore_wind_generation,Wind Onshore,2026-06-20T23:37:13Z
2026-06-20T23:36:01Z,2026-06-21T01:36:01+0200,a960294c-15ac-429a-a83c-19bebfd529f7,2026-06-08T05:45:00Z,2026-06-08T07:45:00+0200,4013.28765,MW,DE,DE_LU,forecast_onshore_wind_generation,Wind Onshore,2026-06-20T23:37:13Z
2026-06-20T23:36:01Z,2026-06-21T01:36:01+0200,a960294c-15ac-429a-a83c-19bebfd529f7,2026-06-08T06:00:00Z,2026-06-08T08:00:00+0200,3887.2719,MW,DE,DE_LU,forecast_onshore_wind_generation,Wind Onshore,2026-06-20T23:37:13Z
2026-06-20T23:36:01Z,2026-06-21T01:36:01+0200,a960294c-15ac-429a-a83c-19bebfd529f7,2026-06-08T06:15:00Z,2026-06-08T08:15:00+0200,3620.78922,MW,DE,DE_LU,forecast_onshore_wind_generation,Wind Onshore,2026-06-20T23:37:13Z
2026-06-20T23:36:01Z,2026-06-21T01:36:01+0200,a960294c-15ac-429a-a83c-19bebfd529f7,2026-06-08T06:30:00Z,2026-06-08T08:30:00+0200,3310.72707,MW,DE,DE_LU,forecast_onshore_wind_generation,Wind Onshore,2026-06-20T23:37:13Z
2026-06-20T23:36:01Z,2026-06-21T01:36:01+0200,a960294c-15ac-429a-a83c-19bebfd529f7,2026-06-08T06:45:00Z,2026-06-08T08:45:00+0200,2980.62661,MW,DE,DE_LU,forecast_onshore_wind_generation,Wind Onshore,2026-06-20T23:37:13Z
2026-06-20T23:36:01Z,2026-06-21T01:36:01+0200,a960294c-15ac-429a-a83c-19bebfd529f7,2026-06-08T07:00:00Z,2026-06-08T09:00:00+0200,2655.61075,MW,DE,DE_LU,forecast_onshore_wind_generation,Wind Onshore,2026-06-20T23:37:13Z
2026-06-20T23:36:01Z,2026-06-21T01:36:01+0200,a960294c-15ac-429a-a83c-19bebfd529f7,2026-06-08T07:15:00Z,2026-06-08T09:15:00+0200,2709.60993,MW,DE,DE_LU,forecast_onshore_wind_generation,Wind Onshore,2026-06-20T23:37:13Z
2026-06-20T23:36:01Z,2026-06-21T01:36:01+0200,a960294c-15ac-429a-a83c-19bebfd529f7,2026-06-08T07:30:00Z,2026-06-08T09:30:00+0200,2767.11357,MW,DE,DE_LU,forecast_onshore_wind_generation,Wind Onshore,2026-06-20T23:37:13Z
2026-06-20T23:36:01Z,2026-06-21T01:36:01+0200,a960294c-15ac-429a-a83c-19bebfd529f7,2026-06-08T07:45:00Z,2026-06-08T09:45:00+0200,2825.80052,MW,DE,DE_LU,forecast_onshore_wind_generation,Wind Onshore,2026-06-20T23:37:13Z
2026-06-20T23:36:01Z,2026-06-21T01:36:01+0200,a960294c-15ac-429a-a83c-19bebfd529f7,2026-06-08T08:00:00Z,2026-06-08T10:00:00+0200,2898.61096,MW,DE,DE_LU,forecast_onshore_wind_generation,Wind Onshore,2026-06-20T23:37:13Z
2026-06-20T23:36:01Z,2026-06-21T01:36:01+0200,a960294c-15ac-429a-a83c-19bebfd529f7,2026-06-08T08:15:00Z,2026-06-08T10:15:00+0200,3037.09533,MW,DE,DE_LU,forecast_onshore_wind_generation,Wind Onshore,2026-06-20T23:37:13Z
2026-06-20T23:36:01Z,2026-06-21T01:36:01+0200,a960294c-15ac-429a-a83c-19bebfd529f7,2026-06-08T08:30:00Z,2026-06-08T10:30:00+0200,3177.31727,MW,DE,DE_LU,forecast_onshore_wind_generation,Wind Onshore,2026-06-20T23:37:13Z
2026-06-20T23:36:01Z,2026-06-21T01:36:01+0200,a960294c-15ac-429a-a83c-19bebfd529f7,2026-06-08T08:45:00Z,2026-06-08T10:45:00+0200,3312.96544,MW,DE,DE_LU,forecast_onshore_wind_generation,Wind Onshore,2026-06-20T23:37:13Z
2026-06-20T23:36:01Z,2026-06-21T01:36:01+0200,a960294c-15ac-429a-a83c-19bebfd529f7,2026-06-08T09:00:00Z,2026-06-08T11:00:00+0200,3440.41362,MW,DE,DE_LU,forecast_onshore_wind_generation,Wind Onshore,2026-06-20T23:37:13Z
2026-06-20T23:36:01Z,2026-06-21T01:36:01+0200,a960294c-15ac-429a-a83c-19bebfd529f7,2026-06-08T09:15:00Z,2026-06-08T11:15:00+0200,3524.31103,MW,DE,DE_LU,forecast_onshore_wind_generation,Wind Onshore,2026-06-20T23:37:13Z
2026-06-20T23:36:01Z,2026-06-21T01:36:01+0200,a960294c-15ac-429a-a83c-19bebfd529f7,2026-06-08T09:30:00Z,2026-06-08T11:30:00+0200,3605.22566,MW,DE,DE_LU,forecast_onshore_wind_generation,Wind Onshore,2026-06-20T23:37:13Z
2026-06-20T23:36:01Z,2026-06-21T01:36:01+0200,a960294c-15ac-429a-a83c-19bebfd529f7,2026-06-08T09:45:00Z,2026-06-08T11:45:00+0200,3688.87648,MW,DE,DE_LU,forecast_onshore_wind_generation,Wind Onshore,2026-06-20T23:37:13Z
2026-06-20T23:36:01Z,2026-06-21T01:36:01+0200,a960294c-15ac-429a-a83c-19bebfd529f7,2026-06-08T10:00:00Z,2026-06-08T12:00:00+0200,3782.48154,MW,DE,DE_LU,forecast_onshore_wind_generation,Wind Onshore,2026-06-20T23:37:13Z
2026-06-20T23:36:01Z,2026-06-21T01:36:01+0200,a960294c-15ac-429a-a83c-19bebfd529f7,2026-06-08T10:15:00Z,2026-06-08T12:15:00+0200,3862.45062,MW,DE,DE_LU,forecast_onshore_wind_generation,Wind Onshore,2026-06-20T23:37:13Z
2026-06-20T23:36:01Z,2026-06-21T01:36:01+0200,a960294c-15ac-429a-a83c-19bebfd529f7,2026-06-08T10:30:00Z,2026-06-08T12:30:00+0200,3947.62078,MW,DE,DE_LU,forecast_onshore_wind_generation,Wind Onshore,2026-06-20T23:37:13Z
2026-06-20T23:36:01Z,2026-06-21T01:36:01+0200,a960294c-15ac-429a-a83c-19bebfd529f7,2026-06-08T10:45:00Z,2026-06-08T12:45:00+0200,4033.59654,MW,DE,DE_LU,forecast_onshore_wind_generation,Wind Onshore,2026-06-20T23:37:13Z
2026-06-20T23:36:01Z,2026-06-21T01:36:01+0200,a960294c-15ac-429a-a83c-19bebfd529f7,2026-06-08T11:00:00Z,2026-06-08T13:00:00+0200,4109.84319,MW,DE,DE_LU,forecast_onshore_wind_generation,Wind Onshore,2026-06-20T23:37:13Z
2026-06-20T23:36:01Z,2026-06-21T01:36:01+0200,a960294c-15ac-429a-a83c-19bebfd529f7,2026-06-08T11:15:00Z,2026-06-08T13:15:00+0200,4272.30958,MW,DE,DE_LU,forecast_onshore_wind_generation,Wind Onshore,2026-06-20T23:37:13Z
2026-06-20T23:36:01Z,2026-06-21T01:36:01+0200,a960294c-15ac-429a-a83c-19bebfd529f7,2026-06-08T11:30:00Z,2026-06-08T13:30:00+0200,4433.53467,MW,DE,DE_LU,forecast_onshore_wind_generation,Wind Onshore,2026-06-20T23:37:13Z
2026-06-20T23:36:01Z,2026-06-21T01:36:01+0200,a960294c-15ac-429a-a83c-19bebfd529f7,2026-06-08T11:45:00Z,2026-06-08T13:45:00+0200,4603.96322,MW,DE,DE_LU,forecast_onshore_wind_generation,Wind Onshore,2026-06-20T23:37:13Z
2026-06-20T23:36:01Z,2026-06-21T01:36:01+0200,a960294c-15ac-429a-a83c-19bebfd529f7,2026-06-08T12:00:00Z,2026-06-08T14:00:00+0200,4775.67821,MW,DE,DE_LU,forecast_onshore_wind_generation,Wind Onshore,2026-06-20T23:37:13Z
2026-06-20T23:36:01Z,2026-06-21T01:36:01+0200,a960294c-15ac-429a-a83c-19bebfd529f7,2026-06-08T12:15:00Z,2026-06-08T14:15:00+0200,4940.80077,MW,DE,DE_LU,forecast_onshore_wind_generation,Wind Onshore,2026-06-20T23:37:13Z
2026-06-20T23:36:01Z,2026-06-21T01:36:01+0200,a960294c-15ac-429a-a83c-19bebfd529f7,2026-06-08T12:30:00Z,2026-06-08T14:30:00+0200,5103.57223,MW,DE,DE_LU,forecast_onshore_wind_generation,Wind Onshore,2026-06-20T23:37:13Z
2026-06-20T23:36:01Z,2026-06-21T01:36:01+0200,a960294c-15ac-429a-a83c-19bebfd529f7,2026-06-08T12:45:00Z,2026-06-08T14:45:00+0200,5265.51992,MW,DE,DE_LU,forecast_onshore_wind_generation,Wind Onshore,2026-06-20T23:37:13Z
2026-06-20T23:36:01Z,2026-06-21T01:36:01+0200,a960294c-15ac-429a-a83c-19bebfd529f7,2026-06-08T13:00:00Z,2026-06-08T15:00:00+0200,5427.97767,MW,DE,DE_LU,forecast_onshore_wind_generation,Wind Onshore,2026-06-20T23:37:13Z
2026-06-20T23:36:01Z,2026-06-21T01:36:01+0200,a960294c-15ac-429a-a83c-19bebfd529f7,2026-06-08T13:15:00Z,2026-06-08T15:15:00+0200,5563.96962,MW,DE,DE_LU,forecast_onshore_wind_generation,Wind Onshore,2026-06-20T23:37:13Z
2026-06-20T23:36:01Z,2026-06-21T01:36:01+0200,a960294c-15ac-429a-a83c-19bebfd529f7,2026-06-08T13:30:00Z,2026-06-08T15:30:00+0200,5699.06302,MW,DE,DE_LU,forecast_onshore_wind_generation,Wind Onshore,2026-06-20T23:37:13Z
2026-06-20T23:36:01Z,2026-06-21T01:36:01+0200,a960294c-15ac-429a-a83c-19bebfd529f7,2026-06-08T13:45:00Z,2026-06-08T15:45:00+0200,5837.07178,MW,DE,DE_LU,forecast_onshore_wind_generation,Wind Onshore,2026-06-20T23:37:13Z
2026-06-20T23:36:01Z,2026-06-21T01:36:01+0200,a960294c-15ac-429a-a83c-19bebfd529f7,2026-06-08T14:00:00Z,2026-06-08T16:00:00+0200,5995.46908,MW,DE,DE_LU,forecast_onshore_wind_generation,Wind Onshore,2026-06-20T23:37:13Z
2026-06-20T23:36:01Z,2026-06-21T01:36:01+0200,a960294c-15ac-429a-a83c-19bebfd529f7,2026-06-08T14:15:00Z,2026-06-08T16:15:00+0200,6122.17397,MW,DE,DE_LU,forecast_onshore_wind_generation,Wind Onshore,2026-06-20T23:37:13Z
2026-06-20T23:36:01Z,2026-06-21T01:36:01+0200,a960294c-15ac-429a-a83c-19bebfd529f7,2026-06-08T14:30:00Z,2026-06-08T16:30:00+0200,6262.08916,MW,DE,DE_LU,forecast_onshore_wind_generation,Wind Onshore,2026-06-20T23:37:13Z
2026-06-20T23:36:01Z,2026-06-21T01:36:01+0200,a960294c-15ac-429a-a83c-19bebfd529f7,2026-06-08T14:45:00Z,2026-06-08T16:45:00+0200,6401.69434,MW,DE,DE_LU,forecast_onshore_wind_generation,Wind Onshore,2026-06-20T23:37:13Z
2026-06-20T23:36:01Z,2026-06-21T01:36:01+0200,a960294c-15ac-429a-a83c-19bebfd529f7,2026-06-08T15:00:00Z,2026-06-08T17:00:00+0200,6533.44375,MW,DE,DE_LU,forecast_onshore_wind_generation,Wind Onshore,2026-06-20T23:37:13Z
2026-06-20T23:36:01Z,2026-06-21T01:36:01+0200,a960294c-15ac-429a-a83c-19bebfd529f7,2026-06-08T15:15:00Z,2026-06-08T17:15:00+0200,6589.68989,MW,DE,DE_LU,forecast_onshore_wind_generation,Wind Onshore,2026-06-20T23:37:13Z
2026-06-20T23:36:01Z,2026-06-21T01:36:01+0200,a960294c-15ac-429a-a83c-19bebfd529f7,2026-06-08T15:30:00Z,2026-06-08T17:30:00+0200,6647.77277,MW,DE,DE_LU,forecast_onshore_wind_generation,Wind Onshore,2026-06-20T23:37:13Z
2026-06-20T23:36:01Z,2026-06-21T01:36:01+0200,a960294c-15ac-429a-a83c-19bebfd529f7,2026-06-08T15:45:00Z,2026-06-08T17:45:00+0200,6708.41503,MW,DE,DE_LU,forecast_onshore_wind_generation,Wind Onshore,2026-06-20T23:37:13Z
2026-06-20T23:36:01Z,2026-06-21T01:36:01+0200,a960294c-15ac-429a-a83c-19bebfd529f7,2026-06-08T16:00:00Z,2026-06-08T18:00:00+0200,6762.83529,MW,DE,DE_LU,forecast_onshore_wind_generation,Wind Onshore,2026-06-20T23:37:13Z
2026-06-20T23:36:01Z,2026-06-21T01:36:01+0200,a960294c-15ac-429a-a83c-19bebfd529f7,2026-06-08T16:15:00Z,2026-06-08T18:15:00+0200,6798.1995,MW,DE,DE_LU,forecast_onshore_wind_generation,Wind Onshore,2026-06-20T23:37:13Z
2026-06-20T23:36:01Z,2026-06-21T01:36:01+0200,a960294c-15ac-429a-a83c-19bebfd529f7,2026-06-08T16:30:00Z,2026-06-08T18:30:00+0200,6848.34875,MW,DE,DE_LU,forecast_onshore_wind_generation,Wind Onshore,2026-06-20T23:37:13Z
2026-06-20T23:36:01Z,2026-06-21T01:36:01+0200,a960294c-15ac-429a-a83c-19bebfd529f7,2026-06-08T16:45:00Z,2026-06-08T18:45:00+0200,6900.20013,MW,DE,DE_LU,forecast_onshore_wind_generation,Wind Onshore,2026-06-20T23:37:13Z
2026-06-20T23:36:01Z,2026-06-21T01:36:01+0200,a960294c-15ac-429a-a83c-19bebfd529f7,2026-06-08T17:00:00Z,2026-06-08T19:00:00+0200,6969.84819,MW,DE,DE_LU,forecast_onshore_wind_generation,Wind Onshore,2026-06-20T23:37:13Z
2026-06-20T23:36:01Z,2026-06-21T01:36:01+0200,a960294c-15ac-429a-a83c-19bebfd529f7,2026-06-08T17:15:00Z,2026-06-08T19:15:00+0200,7206.23839,MW,DE,DE_LU,forecast_onshore_wind_generation,Wind Onshore,2026-06-20T23:37:13Z
2026-06-20T23:36:01Z,2026-06-21T01:36:01+0200,a960294c-15ac-429a-a83c-19bebfd529f7,2026-06-08T17:30:00Z,2026-06-08T19:30:00+0200,7448.35935,MW,DE,DE_LU,forecast_onshore_wind_generation,Wind Onshore,2026-06-20T23:37:13Z
2026-06-20T23:36:01Z,2026-06-21T01:36:01+0200,a960294c-15ac-429a-a83c-19bebfd529f7,2026-06-08T17:45:00Z,2026-06-08T19:45:00+0200,7691.19035,MW,DE,DE_LU,forecast_onshore_wind_generation,Wind Onshore,2026-06-20T23:37:13Z
2026-06-20T23:36:01Z,2026-06-21T01:36:01+0200,a960294c-15ac-429a-a83c-19bebfd529f7,2026-06-08T18:00:00Z,2026-06-08T20:00:00+0200,7928.95098,MW,DE,DE_LU,forecast_onshore_wind_generation,Wind Onshore,2026-06-20T23:37:13Z
2026-06-20T23:36:01Z,2026-06-21T01:36:01+0200,a960294c-15ac-429a-a83c-19bebfd529f7,2026-06-08T18:15:00Z,2026-06-08T20:15:00+0200,8283.10694,MW,DE,DE_LU,forecast_onshore_wind_generation,Wind Onshore,2026-06-20T23:37:13Z
2026-06-20T23:36:01Z,2026-06-21T01:36:01+0200,a960294c-15ac-429a-a83c-19bebfd529f7,2026-06-08T18:30:00Z,2026-06-08T20:30:00+0200,8631.18603,MW,DE,DE_LU,forecast_onshore_wind_generation,Wind Onshore,2026-06-20T23:37:13Z
2026-06-20T23:36:01Z,2026-06-21T01:36:01+0200,a960294c-15ac-429a-a83c-19bebfd529f7,2026-06-08T18:45:00Z,2026-06-08T20:45:00+0200,8950.23396,MW,DE,DE_LU,forecast_onshore_wind_generation,Wind Onshore,2026-06-20T23:37:13Z
2026-06-20T23:36:01Z,2026-06-21T01:36:01+0200,a960294c-15ac-429a-a83c-19bebfd529f7,2026-06-08T19:00:00Z,2026-06-08T21:00:00+0200,9295.96191,MW,DE,DE_LU,forecast_onshore_wind_generation,Wind Onshore,2026-06-20T23:37:13Z
2026-06-20T23:36:01Z,2026-06-21T01:36:01+0200,a960294c-15ac-429a-a83c-19bebfd529f7,2026-06-08T19:15:00Z,2026-06-08T21:15:00+0200,9780.89204,MW,DE,DE_LU,forecast_onshore_wind_generation,Wind Onshore,2026-06-20T23:37:13Z
2026-06-20T23:36:01Z,2026-06-21T01:36:01+0200,a960294c-15ac-429a-a83c-19bebfd529f7,2026-06-08T19:30:00Z,2026-06-08T21:30:00+0200,10317.60988,MW,DE,DE_LU,forecast_onshore_wind_generation,Wind Onshore,2026-06-20T23:37:13Z
2026-06-20T23:36:01Z,2026-06-21T01:36:01+0200,a960294c-15ac-429a-a83c-19bebfd529f7,2026-06-08T19:45:00Z,2026-06-08T21:45:00+0200,10869.38751,MW,DE,DE_LU,forecast_onshore_wind_generation,Wind Onshore,2026-06-20T23:37:13Z
2026-06-20T23:36:01Z,2026-06-21T01:36:01+0200,a960294c-15ac-429a-a83c-19bebfd529f7,2026-06-08T20:00:00Z,2026-06-08T22:00:00+0200,11340.53468,MW,DE,DE_LU,forecast_onshore_wind_generation,Wind Onshore,2026-06-20T23:37:13Z
2026-06-20T23:36:01Z,2026-06-21T01:36:01+0200,a960294c-15ac-429a-a83c-19bebfd529f7,2026-06-08T20:15:00Z,2026-06-08T22:15:00+0200,11788.10334,MW,DE,DE_LU,forecast_onshore_wind_generation,Wind Onshore,2026-06-20T23:37:13Z
2026-06-20T23:36:01Z,2026-06-21T01:36:01+0200,a960294c-15ac-429a-a83c-19bebfd529f7,2026-06-08T20:30:00Z,2026-06-08T22:30:00+0200,12239.84932,MW,DE,DE_LU,forecast_onshore_wind_generation,Wind Onshore,2026-06-20T23:37:13Z
2026-06-20T23:36:01Z,2026-06-21T01:36:01+0200,a960294c-15ac-429a-a83c-19bebfd529f7,2026-06-08T20:45:00Z,2026-06-08T22:45:00+0200,12693.54129,MW,DE,DE_LU,forecast_onshore_wind_generation,Wind Onshore,2026-06-20T23:37:13Z
2026-06-20T23:36:01Z,2026-06-21T01:36:01+0200,a960294c-15ac-429a-a83c-19bebfd529f7,2026-06-08T21:00:00Z,2026-06-08T23:00:00+0200,13068.27536,MW,DE,DE_LU,forecast_onshore_wind_generation,Wind Onshore,2026-06-20T23:37:13Z
2026-06-20T23:36:01Z,2026-06-21T01:36:01+0200,a960294c-15ac-429a-a83c-19bebfd529f7,2026-06-08T21:15:00Z,2026-06-08T23:15:00+0200,13216.96548,MW,DE,DE_LU,forecast_onshore_wind_generation,Wind Onshore,2026-06-20T23:37:13Z
2026-06-20T23:36:01Z,2026-06-21T01:36:01+0200,a960294c-15ac-429a-a83c-19bebfd529f7,2026-06-08T21:30:00Z,2026-06-08T23:30:00+0200,13361.67313,MW,DE,DE_LU,forecast_onshore_wind_generation,Wind Onshore,2026-06-20T23:37:13Z
2026-06-20T23:36:01Z,2026-06-21T01:36:01+0200,a960294c-15ac-429a-a83c-19bebfd529f7,2026-06-08T21:45:00Z,2026-06-08T23:45:00+0200,13508.4094,MW,DE,DE_LU,forecast_onshore_wind_generation,Wind Onshore,2026-06-20T23:37:13Z
2026-06-20T23:36:01Z,2026-06-21T01:36:01+0200,a960294c-15ac-429a-a83c-19bebfd529f7,2026-06-08T22:00:00Z,2026-06-09T00:00:00+0200,15043.85679,MW,DE,DE_LU,forecast_onshore_wind_generation,Wind Onshore,2026-06-20T23:37:13Z
2026-06-20T23:36:01Z,2026-06-21T01:36:01+0200,a960294c-15ac-429a-a83c-19bebfd529f7,2026-06-08T22:15:00Z,2026-06-09T00:15:00+0200,15213.51121,MW,DE,DE_LU,forecast_onshore_wind_generation,Wind Onshore,2026-06-20T23:37:13Z
2026-06-20T23:36:01Z,2026-06-21T01:36:01+0200,a960294c-15ac-429a-a83c-19bebfd529f7,2026-06-08T22:30:00Z,2026-06-09T00:30:00+0200,15386.67977,MW,DE,DE_LU,forecast_onshore_wind_generation,Wind Onshore,2026-06-20T23:37:13Z
2026-06-20T23:36:01Z,2026-06-21T01:36:01+0200,a960294c-15ac-429a-a83c-19bebfd529f7,2026-06-08T22:45:00Z,2026-06-09T00:45:00+0200,15575.65764,MW,DE,DE_LU,forecast_onshore_wind_generation,Wind Onshore,2026-06-20T23:37:13Z
2026-06-20T23:36:01Z,2026-06-21T01:36:01+0200,a960294c-15ac-429a-a83c-19bebfd529f7,2026-06-08T23:00:00Z,2026-06-09T01:00:00+0200,15756.87617,MW,DE,DE_LU,forecast_onshore_wind_generation,Wind Onshore,2026-06-20T23:37:13Z
2026-06-20T23:36:01Z,2026-06-21T01:36:01+0200,a960294c-15ac-429a-a83c-19bebfd529f7,2026-06-08T23:15:00Z,2026-06-09T01:15:00+0200,15904.93987,MW,DE,DE_LU,forecast_onshore_wind_generation,Wind Onshore,2026-06-20T23:37:13Z
2026-06-20T23:36:01Z,2026-06-21T01:36:01+0200,a960294c-15ac-429a-a83c-19bebfd529f7,2026-06-08T23:30:00Z,2026-06-09T01:30:00+0200,16063.26925,MW,DE,DE_LU,forecast_onshore_wind_generation,Wind Onshore,2026-06-20T23:37:13Z
2026-06-20T23:36:01Z,2026-06-21T01:36:01+0200,a960294c-15ac-429a-a83c-19bebfd529f7,2026-06-08T23:45:00Z,2026-06-09T01:45:00+0200,16225.81805,MW,DE,DE_LU,forecast_onshore_wind_generation,Wind Onshore,2026-06-20T23:37:13Z
2026-06-20T23:36:01Z,2026-06-21T01:36:01+0200,a960294c-15ac-429a-a83c-19bebfd529f7,2026-06-09T00:00:00Z,2026-06-09T02:00:00+0200,16349.07481,MW,DE,DE_LU,forecast_onshore_wind_generation,Wind Onshore,2026-06-20T23:37:13Z
2026-06-20T23:36:01Z,2026-06-21T01:36:01+0200,a960294c-15ac-429a-a83c-19bebfd529f7,2026-06-09T00:15:00Z,2026-06-09T02:15:00+0200,16449.7998,MW,DE,DE_LU,forecast_onshore_wind_generation,Wind Onshore,2026-06-20T23:37:13Z
2026-06-20T23:36:01Z,2026-06-21T01:36:01+0200,a960294c-15ac-429a-a83c-19bebfd529f7,2026-06-09T00:30:00Z,2026-06-09T02:30:00+0200,16554.38121,MW,DE,DE_LU,forecast_onshore_wind_generation,Wind Onshore,2026-06-20T23:37:13Z
2026-06-20T23:36:01Z,2026-06-21T01:36:01+0200,a960294c-15ac-429a-a83c-19bebfd529f7,2026-06-09T00:45:00Z,2026-06-09T02:45:00+0200,16608.52266,MW,DE,DE_LU,forecast_onshore_wind_generation,Wind Onshore,2026-06-20T23:37:13Z
2026-06-20T23:36:01Z,2026-06-21T01:36:01+0200,a960294c-15ac-429a-a83c-19bebfd529f7,2026-06-09T01:00:00Z,2026-06-09T03:00:00+0200,16689.37837,MW,DE,DE_LU,forecast_onshore_wind_generation,Wind Onshore,2026-06-20T23:37:13Z
2026-06-20T23:36:01Z,2026-06-21T01:36:01+0200,a960294c-15ac-429a-a83c-19bebfd529f7,2026-06-09T01:15:00Z,2026-06-09T03:15:00+0200,16865.35012,MW,DE,DE_LU,forecast_onshore_wind_generation,Wind Onshore,2026-06-20T23:37:13Z
2026-06-20T23:36:01Z,2026-06-21T01:36:01+0200,a960294c-15ac-429a-a83c-19bebfd529f7,2026-06-09T01:30:00Z,2026-06-09T03:30:00+0200,17052.94374,MW,DE,DE_LU,forecast_onshore_wind_generation,Wind Onshore,2026-06-20T23:37:13Z
2026-06-20T23:36:01Z,2026-06-21T01:36:01+0200,a960294c-15ac-429a-a83c-19bebfd529f7,2026-06-09T01:45:00Z,2026-06-09T03:45:00+0200,17253.99587,MW,DE,DE_LU,forecast_onshore_wind_generation,Wind Onshore,2026-06-20T23:37:13Z
2026-06-20T23:36:01Z,2026-06-21T01:36:01+0200,a960294c-15ac-429a-a83c-19bebfd529f7,2026-06-09T02:00:00Z,2026-06-09T04:00:00+0200,17431.21121,MW,DE,DE_LU,forecast_onshore_wind_generation,Wind Onshore,2026-06-20T23:37:13Z
2026-06-20T23:36:01Z,2026-06-21T01:36:01+0200,a960294c-15ac-429a-a83c-19bebfd529f7,2026-06-09T02:15:00Z,2026-06-09T04:15:00+0200,17501.61401,MW,DE,DE_LU,forecast_onshore_wind_generation,Wind Onshore,2026-06-20T23:37:13Z
2026-06-20T23:36:01Z,2026-06-21T01:36:01+0200,a960294c-15ac-429a-a83c-19bebfd529f7,2026-06-09T02:30:00Z,2026-06-09T04:30:00+0200,17555.01114,MW,DE,DE_LU,forecast_onshore_wind_generation,Wind Onshore,2026-06-20T23:37:13Z
2026-06-20T23:36:01Z,2026-06-21T01:36:01+0200,a960294c-15ac-429a-a83c-19bebfd529f7,2026-06-09T02:45:00Z,2026-06-09T04:45:00+0200,17615.22229,MW,DE,DE_LU,forecast_onshore_wind_generation,Wind Onshore,2026-06-20T23:37:13Z
2026-06-20T23:36:01Z,2026-06-21T01:36:01+0200,a960294c-15ac-429a-a83c-19bebfd529f7,2026-06-09T03:00:00Z,2026-06-09T05:00:00+0200,17668.61217,MW,DE,DE_LU,forecast_onshore_wind_generation,Wind Onshore,2026-06-20T23:37:13Z
2026-06-20T23:36:01Z,2026-06-21T01:36:01+0200,a960294c-15ac-429a-a83c-19bebfd529f7,2026-06-09T03:15:00Z,2026-06-09T05:15:00+0200,17630.08805,MW,DE,DE_LU,forecast_onshore_wind_generation,Wind Onshore,2026-06-20T23:37:13Z
2026-06-20T23:36:01Z,2026-06-21T01:36:01+0200,a960294c-15ac-429a-a83c-19bebfd529f7,2026-06-09T03:30:00Z,2026-06-09T05:30:00+0200,17608.09797,MW,DE,DE_LU,forecast_onshore_wind_generation,Wind Onshore,2026-06-20T23:37:13Z
2026-06-20T23:36:01Z,2026-06-21T01:36:01+0200,a960294c-15ac-429a-a83c-19bebfd529f7,2026-06-09T03:45:00Z,2026-06-09T05:45:00+0200,17596.50623,MW,DE,DE_LU,forecast_onshore_wind_generation,Wind Onshore,2026-06-20T23:37:13Z
2026-06-20T23:36:01Z,2026-06-21T01:36:01+0200,a960294c-15ac-429a-a83c-19bebfd529f7,2026-06-09T04:00:00Z,2026-06-09T06:00:00+0200,17827.97672,MW,DE,DE_LU,forecast_onshore_wind_generation,Wind Onshore,2026-06-20T23:37:13Z
2026-06-20T23:36:01Z,2026-06-21T01:36:01+0200,a960294c-15ac-429a-a83c-19bebfd529f7,2026-06-09T04:15:00Z,2026-06-09T06:15:00+0200,17603.06266,MW,DE,DE_LU,forecast_onshore_wind_generation,Wind Onshore,2026-06-20T23:37:13Z
2026-06-20T23:36:01Z,2026-06-21T01:36:01+0200,a960294c-15ac-429a-a83c-19bebfd529f7,2026-06-09T04:30:00Z,2026-06-09T06:30:00+0200,17302.80945,MW,DE,DE_LU,forecast_onshore_wind_generation,Wind Onshore,2026-06-20T23:37:13Z
2026-06-20T23:36:01Z,2026-06-21T01:36:01+0200,a960294c-15ac-429a-a83c-19bebfd529f7,2026-06-09T04:45:00Z,2026-06-09T06:45:00+0200,17044.71686,MW,DE,DE_LU,forecast_onshore_wind_generation,Wind Onshore,2026-06-20T23:37:13Z
2026-06-20T23:36:01Z,2026-06-21T01:36:01+0200,a960294c-15ac-429a-a83c-19bebfd529f7,2026-06-09T05:00:00Z,2026-06-09T07:00:00+0200,16824.71618,MW,DE,DE_LU,forecast_onshore_wind_generation,Wind Onshore,2026-06-20T23:37:13Z
2026-06-20T23:36:01Z,2026-06-21T01:36:01+0200,a960294c-15ac-429a-a83c-19bebfd529f7,2026-06-09T05:15:00Z,2026-06-09T07:15:00+0200,16743.44426,MW,DE,DE_LU,forecast_onshore_wind_generation,Wind Onshore,2026-06-20T23:37:13Z
2026-06-20T23:36:01Z,2026-06-21T01:36:01+0200,a960294c-15ac-429a-a83c-19bebfd529f7,2026-06-09T05:30:00Z,2026-06-09T07:30:00+0200,16653.02436,MW,DE,DE_LU,forecast_onshore_wind_generation,Wind Onshore,2026-06-20T23:37:13Z
2026-06-20T23:36:01Z,2026-06-21T01:36:01+0200,a960294c-15ac-429a-a83c-19bebfd529f7,2026-06-09T05:45:00Z,2026-06-09T07:45:00+0200,16519.54758,MW,DE,DE_LU,forecast_onshore_wind_generation,Wind Onshore,2026-06-20T23:37:13Z
2026-06-20T23:36:01Z,2026-06-21T01:36:01+0200,a960294c-15ac-429a-a83c-19bebfd529f7,2026-06-09T06:00:00Z,2026-06-09T08:00:00+0200,16444.01242,MW,DE,DE_LU,forecast_onshore_wind_generation,Wind Onshore,2026-06-20T23:37:13Z
2026-06-20T23:36:01Z,2026-06-21T01:36:01+0200,a960294c-15ac-429a-a83c-19bebfd529f7,2026-06-09T06:15:00Z,2026-06-09T08:15:00+0200,16562.35494,MW,DE,DE_LU,forecast_onshore_wind_generation,Wind Onshore,2026-06-20T23:37:13Z
2026-06-20T23:36:01Z,2026-06-21T01:36:01+0200,a960294c-15ac-429a-a83c-19bebfd529f7,2026-06-09T06:30:00Z,2026-06-09T08:30:00+0200,16725.589,MW,DE,DE_LU,forecast_onshore_wind_generation,Wind Onshore,2026-06-20T23:37:13Z
2026-06-20T23:36:01Z,2026-06-21T01:36:01+0200,a960294c-15ac-429a-a83c-19bebfd529f7,2026-06-09T06:45:00Z,2026-06-09T08:45:00+0200,16908.066,MW,DE,DE_LU,forecast_onshore_wind_generation,Wind Onshore,2026-06-20T23:37:13Z
2026-06-20T23:36:01Z,2026-06-21T01:36:01+0200,a960294c-15ac-429a-a83c-19bebfd529f7,2026-06-09T07:00:00Z,2026-06-09T09:00:00+0200,17128.08854,MW,DE,DE_LU,forecast_onshore_wind_generation,Wind Onshore,2026-06-20T23:37:13Z
2026-06-20T23:36:01Z,2026-06-21T01:36:01+0200,a960294c-15ac-429a-a83c-19bebfd529f7,2026-06-09T07:15:00Z,2026-06-09T09:15:00+0200,17366.5499,MW,DE,DE_LU,forecast_onshore_wind_generation,Wind Onshore,2026-06-20T23:37:13Z
2026-06-20T23:36:01Z,2026-06-21T01:36:01+0200,a960294c-15ac-429a-a83c-19bebfd529f7,2026-06-09T07:30:00Z,2026-06-09T09:30:00+0200,17610.62227,MW,DE,DE_LU,forecast_onshore_wind_generation,Wind Onshore,2026-06-20T23:37:13Z
2026-06-20T23:36:01Z,2026-06-21T01:36:01+0200,a960294c-15ac-429a-a83c-19bebfd529f7,2026-06-09T07:45:00Z,2026-06-09T09:45:00+0200,17853.7521,MW,DE,DE_LU,forecast_onshore_wind_generation,Wind Onshore,2026-06-20T23:37:13Z
2026-06-20T23:36:01Z,2026-06-21T01:36:01+0200,a960294c-15ac-429a-a83c-19bebfd529f7,2026-06-09T08:00:00Z,2026-06-09T10:00:00+0200,18039.15687,MW,DE,DE_LU,forecast_onshore_wind_generation,Wind Onshore,2026-06-20T23:37:13Z
2026-06-20T23:36:01Z,2026-06-21T01:36:01+0200,a960294c-15ac-429a-a83c-19bebfd529f7,2026-06-09T08:15:00Z,2026-06-09T10:15:00+0200,18178.87789,MW,DE,DE_LU,forecast_onshore_wind_generation,Wind Onshore,2026-06-20T23:37:13Z
2026-06-20T23:36:01Z,2026-06-21T01:36:01+0200,a960294c-15ac-429a-a83c-19bebfd529f7,2026-06-09T08:30:00Z,2026-06-09T10:30:00+0200,18312.20906,MW,DE,DE_LU,forecast_onshore_wind_generation,Wind Onshore,2026-06-20T23:37:13Z
2026-06-20T23:36:01Z,2026-06-21T01:36:01+0200,a960294c-15ac-429a-a83c-19bebfd529f7,2026-06-09T08:45:00Z,2026-06-09T10:45:00+0200,18399.18702,MW,DE,DE_LU,forecast_onshore_wind_generation,Wind Onshore,2026-06-20T23:37:13Z
2026-06-20T23:36:01Z,2026-06-21T01:36:01+0200,a960294c-15ac-429a-a83c-19bebfd529f7,2026-06-09T09:00:00Z,2026-06-09T11:00:00+0200,18505.90737,MW,DE,DE_LU,forecast_onshore_wind_generation,Wind Onshore,2026-06-20T23:37:13Z
2026-06-20T23:36:01Z,2026-06-21T01:36:01+0200,a960294c-15ac-429a-a83c-19bebfd529f7,2026-06-09T09:15:00Z,2026-06-09T11:15:00+0200,18603.68448,MW,DE,DE_LU,forecast_onshore_wind_generation,Wind Onshore,2026-06-20T23:37:13Z
2026-06-20T23:36:01Z,2026-06-21T01:36:01+0200,a960294c-15ac-429a-a83c-19bebfd529f7,2026-06-09T09:30:00Z,2026-06-09T11:30:00+0200,18710.87426,MW,DE,DE_LU,forecast_onshore_wind_generation,Wind Onshore,2026-06-20T23:37:13Z
2026-06-20T23:36:01Z,2026-06-21T01:36:01+0200,a960294c-15ac-429a-a83c-19bebfd529f7,2026-06-09T09:45:00Z,2026-06-09T11:45:00+0200,18847.24657,MW,DE,DE_LU,forecast_onshore_wind_generation,Wind Onshore,2026-06-20T23:37:13Z
2026-06-20T23:36:01Z,2026-06-21T01:36:01+0200,a960294c-15ac-429a-a83c-19bebfd529f7,2026-06-09T10:00:00Z,2026-06-09T12:00:00+0200,18996.01565,MW,DE,DE_LU,forecast_onshore_wind_generation,Wind Onshore,2026-06-20T23:37:13Z
2026-06-20T23:36:01Z,2026-06-21T01:36:01+0200,a960294c-15ac-429a-a83c-19bebfd529f7,2026-06-09T10:15:00Z,2026-06-09T12:15:00+0200,18862.20406,MW,DE,DE_LU,forecast_onshore_wind_generation,Wind Onshore,2026-06-20T23:37:13Z
2026-06-20T23:36:01Z,2026-06-21T01:36:01+0200,a960294c-15ac-429a-a83c-19bebfd529f7,2026-06-09T10:30:00Z,2026-06-09T12:30:00+0200,18732.34788,MW,DE,DE_LU,forecast_onshore_wind_generation,Wind Onshore,2026-06-20T23:37:13Z
2026-06-20T23:36:01Z,2026-06-21T01:36:01+0200,a960294c-15ac-429a-a83c-19bebfd529f7,2026-06-09T10:45:00Z,2026-06-09T12:45:00+0200,18628.31136,MW,DE,DE_LU,forecast_onshore_wind_generation,Wind Onshore,2026-06-20T23:37:13Z
2026-06-20T23:36:01Z,2026-06-21T01:36:01+0200,a960294c-15ac-429a-a83c-19bebfd529f7,2026-06-09T11:00:00Z,2026-06-09T13:00:00+0200,18585.30805,MW,DE,DE_LU,forecast_onshore_wind_generation,Wind Onshore,2026-06-20T23:37:13Z
2026-06-20T23:36:01Z,2026-06-21T01:36:01+0200,a960294c-15ac-429a-a83c-19bebfd529f7,2026-06-09T11:15:00Z,2026-06-09T13:15:00+0200,18510.91838,MW,DE,DE_LU,forecast_onshore_wind_generation,Wind Onshore,2026-06-20T23:37:13Z
2026-06-20T23:36:01Z,2026-06-21T01:36:01+0200,a960294c-15ac-429a-a83c-19bebfd529f7,2026-06-09T11:30:00Z,2026-06-09T13:30:00+0200,18528.36078,MW,DE,DE_LU,forecast_onshore_wind_generation,Wind Onshore,2026-06-20T23:37:13Z
2026-06-20T23:36:01Z,2026-06-21T01:36:01+0200,a960294c-15ac-429a-a83c-19bebfd529f7,2026-06-09T11:45:00Z,2026-06-09T13:45:00+0200,18579.54223,MW,DE,DE_LU,forecast_onshore_wind_generation,Wind Onshore,2026-06-20T23:37:13Z
2026-06-20T23:36:01Z,2026-06-21T01:36:01+0200,a960294c-15ac-429a-a83c-19bebfd529f7,2026-06-09T12:00:00Z,2026-06-09T14:00:00+0200,18719.39301,MW,DE,DE_LU,forecast_onshore_wind_generation,Wind Onshore,2026-06-20T23:37:13Z
2026-06-20T23:36:01Z,2026-06-21T01:36:01+0200,a960294c-15ac-429a-a83c-19bebfd529f7,2026-06-09T12:15:00Z,2026-06-09T14:15:00+0200,18796.86743,MW,DE,DE_LU,forecast_onshore_wind_generation,Wind Onshore,2026-06-20T23:37:13Z
2026-06-20T23:36:01Z,2026-06-21T01:36:01+0200,a960294c-15ac-429a-a83c-19bebfd529f7,2026-06-09T12:30:00Z,2026-06-09T14:30:00+0200,18841.13218,MW,DE,DE_LU,forecast_onshore_wind_generation,Wind Onshore,2026-06-20T23:37:13Z
2026-06-20T23:36:01Z,2026-06-21T01:36:01+0200,a960294c-15ac-429a-a83c-19bebfd529f7,2026-06-09T12:45:00Z,2026-06-09T14:45:00+0200,18851.33513,MW,DE,DE_LU,forecast_onshore_wind_generation,Wind Onshore,2026-06-20T23:37:13Z
2026-06-20T23:36:01Z,2026-06-21T01:36:01+0200,a960294c-15ac-429a-a83c-19bebfd529f7,2026-06-09T13:00:00Z,2026-06-09T15:00:00+0200,18825.67539,MW,DE,DE_LU,forecast_onshore_wind_generation,Wind Onshore,2026-06-20T23:37:13Z
2026-06-20T23:36:01Z,2026-06-21T01:36:01+0200,a960294c-15ac-429a-a83c-19bebfd529f7,2026-06-09T13:15:00Z,2026-06-09T15:15:00+0200,18749.19552,MW,DE,DE_LU,forecast_onshore_wind_generation,Wind Onshore,2026-06-20T23:37:13Z
2026-06-20T23:36:01Z,2026-06-21T01:36:01+0200,a960294c-15ac-429a-a83c-19bebfd529f7,2026-06-09T13:30:00Z,2026-06-09T15:30:00+0200,18656.48195,MW,DE,DE_LU,forecast_onshore_wind_generation,Wind Onshore,2026-06-20T23:37:13Z
2026-06-20T23:36:01Z,2026-06-21T01:36:01+0200,a960294c-15ac-429a-a83c-19bebfd529f7,2026-06-09T13:45:00Z,2026-06-09T15:45:00+0200,18671.75191,MW,DE,DE_LU,forecast_onshore_wind_generation,Wind Onshore,2026-06-20T23:37:13Z
2026-06-20T23:36:01Z,2026-06-21T01:36:01+0200,a960294c-15ac-429a-a83c-19bebfd529f7,2026-06-09T14:00:00Z,2026-06-09T16:00:00+0200,18645.8316,MW,DE,DE_LU,forecast_onshore_wind_generation,Wind Onshore,2026-06-20T23:37:13Z
2026-06-20T23:36:01Z,2026-06-21T01:36:01+0200,a960294c-15ac-429a-a83c-19bebfd529f7,2026-06-09T14:15:00Z,2026-06-09T16:15:00+0200,18565.6496,MW,DE,DE_LU,forecast_onshore_wind_generation,Wind Onshore,2026-06-20T23:37:13Z
2026-06-20T23:36:01Z,2026-06-21T01:36:01+0200,a960294c-15ac-429a-a83c-19bebfd529f7,2026-06-09T14:30:00Z,2026-06-09T16:30:00+0200,18556.85597,MW,DE,DE_LU,forecast_onshore_wind_generation,Wind Onshore,2026-06-20T23:37:13Z
2026-06-20T23:36:01Z,2026-06-21T01:36:01+0200,a960294c-15ac-429a-a83c-19bebfd529f7,2026-06-09T14:45:00Z,2026-06-09T16:45:00+0200,18586.50103,MW,DE,DE_LU,forecast_onshore_wind_generation,Wind Onshore,2026-06-20T23:37:13Z
2026-06-20T23:36:01Z,2026-06-21T01:36:01+0200,a960294c-15ac-429a-a83c-19bebfd529f7,2026-06-09T15:00:00Z,2026-06-09T17:00:00+0200,18503.20994,MW,DE,DE_LU,forecast_onshore_wind_generation,Wind Onshore,2026-06-20T23:37:13Z
2026-06-20T23:36:01Z,2026-06-21T01:36:01+0200,a960294c-15ac-429a-a83c-19bebfd529f7,2026-06-09T15:15:00Z,2026-06-09T17:15:00+0200,17872.51806,MW,DE,DE_LU,forecast_onshore_wind_generation,Wind Onshore,2026-06-20T23:37:13Z
2026-06-20T23:36:01Z,2026-06-21T01:36:01+0200,a960294c-15ac-429a-a83c-19bebfd529f7,2026-06-09T15:30:00Z,2026-06-09T17:30:00+0200,17264.3195,MW,DE,DE_LU,forecast_onshore_wind_generation,Wind Onshore,2026-06-20T23:37:13Z
2026-06-20T23:36:01Z,2026-06-21T01:36:01+0200,a960294c-15ac-429a-a83c-19bebfd529f7,2026-06-09T15:45:00Z,2026-06-09T17:45:00+0200,16657.12177,MW,DE,DE_LU,forecast_onshore_wind_generation,Wind Onshore,2026-06-20T23:37:13Z
2026-06-20T23:36:01Z,2026-06-21T01:36:01+0200,a960294c-15ac-429a-a83c-19bebfd529f7,2026-06-09T16:00:00Z,2026-06-09T18:00:00+0200,15974.76425,MW,DE,DE_LU,forecast_onshore_wind_generation,Wind Onshore,2026-06-20T23:37:13Z
2026-06-20T23:36:01Z,2026-06-21T01:36:01+0200,a960294c-15ac-429a-a83c-19bebfd529f7,2026-06-09T16:15:00Z,2026-06-09T18:15:00+0200,15274.54063,MW,DE,DE_LU,forecast_onshore_wind_generation,Wind Onshore,2026-06-20T23:37:13Z
2026-06-20T23:36:01Z,2026-06-21T01:36:01+0200,a960294c-15ac-429a-a83c-19bebfd529f7,2026-06-09T16:30:00Z,2026-06-09T18:30:00+0200,14567.95264,MW,DE,DE_LU,forecast_onshore_wind_generation,Wind Onshore,2026-06-20T23:37:13Z
2026-06-20T23:36:01Z,2026-06-21T01:36:01+0200,a960294c-15ac-429a-a83c-19bebfd529f7,2026-06-09T16:45:00Z,2026-06-09T18:45:00+0200,13873.98632,MW,DE,DE_LU,forecast_onshore_wind_generation,Wind Onshore,2026-06-20T23:37:13Z
2026-06-20T23:36:01Z,2026-06-21T01:36:01+0200,a960294c-15ac-429a-a83c-19bebfd529f7,2026-06-09T17:00:00Z,2026-06-09T19:00:00+0200,13117.81039,MW,DE,DE_LU,forecast_onshore_wind_generation,Wind Onshore,2026-06-20T23:37:13Z
2026-06-20T23:36:01Z,2026-06-21T01:36:01+0200,a960294c-15ac-429a-a83c-19bebfd529f7,2026-06-09T17:15:00Z,2026-06-09T19:15:00+0200,12451.77127,MW,DE,DE_LU,forecast_onshore_wind_generation,Wind Onshore,2026-06-20T23:37:13Z
2026-06-20T23:36:01Z,2026-06-21T01:36:01+0200,a960294c-15ac-429a-a83c-19bebfd529f7,2026-06-09T17:30:00Z,2026-06-09T19:30:00+0200,11793.13734,MW,DE,DE_LU,forecast_onshore_wind_generation,Wind Onshore,2026-06-20T23:37:13Z
2026-06-20T23:36:01Z,2026-06-21T01:36:01+0200,a960294c-15ac-429a-a83c-19bebfd529f7,2026-06-09T17:45:00Z,2026-06-09T19:45:00+0200,11164.2301,MW,DE,DE_LU,forecast_onshore_wind_generation,Wind Onshore,2026-06-20T23:37:13Z
2026-06-20T23:36:01Z,2026-06-21T01:36:01+0200,a960294c-15ac-429a-a83c-19bebfd529f7,2026-06-09T18:00:00Z,2026-06-09T20:00:00+0200,10604.5847,MW,DE,DE_LU,forecast_onshore_wind_generation,Wind Onshore,2026-06-20T23:37:13Z
2026-06-20T23:36:01Z,2026-06-21T01:36:01+0200,a960294c-15ac-429a-a83c-19bebfd529f7,2026-06-09T18:15:00Z,2026-06-09T20:15:00+0200,10197.77318,MW,DE,DE_LU,forecast_onshore_wind_generation,Wind Onshore,2026-06-20T23:37:13Z
2026-06-20T23:36:01Z,2026-06-21T01:36:01+0200,a960294c-15ac-429a-a83c-19bebfd529f7,2026-06-09T18:30:00Z,2026-06-09T20:30:00+0200,9772.19109,MW,DE,DE_LU,forecast_onshore_wind_generation,Wind Onshore,2026-06-20T23:37:13Z
2026-06-20T23:36:01Z,2026-06-21T01:36:01+0200,a960294c-15ac-429a-a83c-19bebfd529f7,2026-06-09T18:45:00Z,2026-06-09T20:45:00+0200,9281.63208,MW,DE,DE_LU,forecast_onshore_wind_generation,Wind Onshore,2026-06-20T23:37:13Z
2026-06-20T23:36:01Z,2026-06-21T01:36:01+0200,a960294c-15ac-429a-a83c-19bebfd529f7,2026-06-09T19:00:00Z,2026-06-09T21:00:00+0200,8899.71712,MW,DE,DE_LU,forecast_onshore_wind_generation,Wind Onshore,2026-06-20T23:37:13Z
2026-06-20T23:36:01Z,2026-06-21T01:36:01+0200,a960294c-15ac-429a-a83c-19bebfd529f7,2026-06-09T19:15:00Z,2026-06-09T21:15:00+0200,8817.70299,MW,DE,DE_LU,forecast_onshore_wind_generation,Wind Onshore,2026-06-20T23:37:13Z
2026-06-20T23:36:01Z,2026-06-21T01:36:01+0200,a960294c-15ac-429a-a83c-19bebfd529f7,2026-06-09T19:30:00Z,2026-06-09T21:30:00+0200,8823.21578,MW,DE,DE_LU,forecast_onshore_wind_generation,Wind Onshore,2026-06-20T23:37:13Z
2026-06-20T23:36:01Z,2026-06-21T01:36:01+0200,a960294c-15ac-429a-a83c-19bebfd529f7,2026-06-09T19:45:00Z,2026-06-09T21:45:00+0200,8863.12349,MW,DE,DE_LU,forecast_onshore_wind_generation,Wind Onshore,2026-06-20T23:37:13Z
2026-06-20T23:36:01Z,2026-06-21T01:36:01+0200,a960294c-15ac-429a-a83c-19bebfd529f7,2026-06-09T20:00:00Z,2026-06-09T22:00:00+0200,8866.17955,MW,DE,DE_LU,forecast_onshore_wind_generation,Wind Onshore,2026-06-20T23:37:13Z
2026-06-20T23:36:01Z,2026-06-21T01:36:01+0200,a960294c-15ac-429a-a83c-19bebfd529f7,2026-06-09T20:15:00Z,2026-06-09T22:15:00+0200,9136.0028,MW,DE,DE_LU,forecast_onshore_wind_generation,Wind Onshore,2026-06-20T23:37:13Z
2026-06-20T23:36:01Z,2026-06-21T01:36:01+0200,a960294c-15ac-429a-a83c-19bebfd529f7,2026-06-09T20:30:00Z,2026-06-09T22:30:00+0200,9423.58721,MW,DE,DE_LU,forecast_onshore_wind_generation,Wind Onshore,2026-06-20T23:37:13Z
2026-06-20T23:36:01Z,2026-06-21T01:36:01+0200,a960294c-15ac-429a-a83c-19bebfd529f7,2026-06-09T20:45:00Z,2026-06-09T22:45:00+0200,9714.17353,MW,DE,DE_LU,forecast_onshore_wind_generation,Wind Onshore,2026-06-20T23:37:13Z
2026-06-20T23:36:01Z,2026-06-21T01:36:01+0200,a960294c-15ac-429a-a83c-19bebfd529f7,2026-06-09T21:00:00Z,2026-06-09T23:00:00+0200,9958.16899,MW,DE,DE_LU,forecast_onshore_wind_generation,Wind Onshore,2026-06-20T23:37:13Z
2026-06-20T23:36:01Z,2026-06-21T01:36:01+0200,a960294c-15ac-429a-a83c-19bebfd529f7,2026-06-09T21:15:00Z,2026-06-09T23:15:00+0200,10142.74459,MW,DE,DE_LU,forecast_onshore_wind_generation,Wind Onshore,2026-06-20T23:37:13Z
2026-06-20T23:36:01Z,2026-06-21T01:36:01+0200,a960294c-15ac-429a-a83c-19bebfd529f7,2026-06-09T21:30:00Z,2026-06-09T23:30:00+0200,10337.04256,MW,DE,DE_LU,forecast_onshore_wind_generation,Wind Onshore,2026-06-20T23:37:13Z
2026-06-20T23:36:01Z,2026-06-21T01:36:01+0200,a960294c-15ac-429a-a83c-19bebfd529f7,2026-06-09T21:45:00Z,2026-06-09T23:45:00+0200,10542.21875,MW,DE,DE_LU,forecast_onshore_wind_generation,Wind Onshore,2026-06-20T23:37:13Z
2026-06-20T23:36:01Z,2026-06-21T01:36:01+0200,a960294c-15ac-429a-a83c-19bebfd529f7,2026-06-09T22:00:00Z,2026-06-10T00:00:00+0200,11441.58548,MW,DE,DE_LU,forecast_onshore_wind_generation,Wind Onshore,2026-06-20T23:37:13Z
2026-06-20T23:36:01Z,2026-06-21T01:36:01+0200,a960294c-15ac-429a-a83c-19bebfd529f7,2026-06-09T22:15:00Z,2026-06-10T00:15:00+0200,11640.02232,MW,DE,DE_LU,forecast_onshore_wind_generation,Wind Onshore,2026-06-20T23:37:13Z
2026-06-20T23:36:01Z,2026-06-21T01:36:01+0200,a960294c-15ac-429a-a83c-19bebfd529f7,2026-06-09T22:30:00Z,2026-06-10T00:30:00+0200,11842.73611,MW,DE,DE_LU,forecast_onshore_wind_generation,Wind Onshore,2026-06-20T23:37:13Z
2026-06-20T23:36:01Z,2026-06-21T01:36:01+0200,a960294c-15ac-429a-a83c-19bebfd529f7,2026-06-09T22:45:00Z,2026-06-10T00:45:00+0200,12040.81867,MW,DE,DE_LU,forecast_onshore_wind_generation,Wind Onshore,2026-06-20T23:37:13Z
2026-06-20T23:36:01Z,2026-06-21T01:36:01+0200,a960294c-15ac-429a-a83c-19bebfd529f7,2026-06-09T23:00:00Z,2026-06-10T01:00:00+0200,12226.02278,MW,DE,DE_LU,forecast_onshore_wind_generation,Wind Onshore,2026-06-20T23:37:13Z
2026-06-20T23:36:01Z,2026-06-21T01:36:01+0200,a960294c-15ac-429a-a83c-19bebfd529f7,2026-06-09T23:15:00Z,2026-06-10T01:15:00+0200,12342.10512,MW,DE,DE_LU,forecast_onshore_wind_generation,Wind Onshore,2026-06-20T23:37:13Z
2026-06-20T23:36:01Z,2026-06-21T01:36:01+0200,a960294c-15ac-429a-a83c-19bebfd529f7,2026-06-09T23:30:00Z,2026-06-10T01:30:00+0200,12450.9786,MW,DE,DE_LU,forecast_onshore_wind_generation,Wind Onshore,2026-06-20T23:37:13Z
2026-06-20T23:36:01Z,2026-06-21T01:36:01+0200,a960294c-15ac-429a-a83c-19bebfd529f7,2026-06-09T23:45:00Z,2026-06-10T01:45:00+0200,12547.96013,MW,DE,DE_LU,forecast_onshore_wind_generation,Wind Onshore,2026-06-20T23:37:13Z
2026-06-20T23:36:01Z,2026-06-21T01:36:01+0200,a960294c-15ac-429a-a83c-19bebfd529f7,2026-06-10T00:00:00Z,2026-06-10T02:00:00+0200,12570.32029,MW,DE,DE_LU,forecast_onshore_wind_generation,Wind Onshore,2026-06-20T23:37:13Z
2026-06-20T23:36:01Z,2026-06-21T01:36:01+0200,a960294c-15ac-429a-a83c-19bebfd529f7,2026-06-10T00:15:00Z,2026-06-10T02:15:00+0200,12543.08509,MW,DE,DE_LU,forecast_onshore_wind_generation,Wind Onshore,2026-06-20T23:37:13Z
2026-06-20T23:36:01Z,2026-06-21T01:36:01+0200,a960294c-15ac-429a-a83c-19bebfd529f7,2026-06-10T00:30:00Z,2026-06-10T02:30:00+0200,12514.60825,MW,DE,DE_LU,forecast_onshore_wind_generation,Wind Onshore,2026-06-20T23:37:13Z
2026-06-20T23:36:01Z,2026-06-21T01:36:01+0200,a960294c-15ac-429a-a83c-19bebfd529f7,2026-06-10T00:45:00Z,2026-06-10T02:45:00+0200,12476.75361,MW,DE,DE_LU,forecast_onshore_wind_generation,Wind Onshore,2026-06-20T23:37:13Z
2026-06-20T23:36:01Z,2026-06-21T01:36:01+0200,a960294c-15ac-429a-a83c-19bebfd529f7,2026-06-10T01:00:00Z,2026-06-10T03:00:00+0200,12451.39232,MW,DE,DE_LU,forecast_onshore_wind_generation,Wind Onshore,2026-06-20T23:37:13Z
2026-06-20T23:36:01Z,2026-06-21T01:36:01+0200,a960294c-15ac-429a-a83c-19bebfd529f7,2026-06-10T01:15:00Z,2026-06-10T03:15:00+0200,12349.22047,MW,DE,DE_LU,forecast_onshore_wind_generation,Wind Onshore,2026-06-20T23:37:13Z
2026-06-20T23:36:01Z,2026-06-21T01:36:01+0200,a960294c-15ac-429a-a83c-19bebfd529f7,2026-06-10T01:30:00Z,2026-06-10T03:30:00+0200,12248.56755,MW,DE,DE_LU,forecast_onshore_wind_generation,Wind Onshore,2026-06-20T23:37:13Z
2026-06-20T23:36:01Z,2026-06-21T01:36:01+0200,a960294c-15ac-429a-a83c-19bebfd529f7,2026-06-10T01:45:00Z,2026-06-10T03:45:00+0200,12152.30551,MW,DE,DE_LU,forecast_onshore_wind_generation,Wind Onshore,2026-06-20T23:37:13Z
2026-06-20T23:36:01Z,2026-06-21T01:36:01+0200,a960294c-15ac-429a-a83c-19bebfd529f7,2026-06-10T02:00:00Z,2026-06-10T04:00:00+0200,12048.35672,MW,DE,DE_LU,forecast_onshore_wind_generation,Wind Onshore,2026-06-20T23:37:13Z
2026-06-20T23:36:01Z,2026-06-21T01:36:01+0200,a960294c-15ac-429a-a83c-19bebfd529f7,2026-06-10T02:15:00Z,2026-06-10T04:15:00+0200,11921.72727,MW,DE,DE_LU,forecast_onshore_wind_generation,Wind Onshore,2026-06-20T23:37:13Z
2026-06-20T23:36:01Z,2026-06-21T01:36:01+0200,a960294c-15ac-429a-a83c-19bebfd529f7,2026-06-10T02:30:00Z,2026-06-10T04:30:00+0200,11797.56755,MW,DE,DE_LU,forecast_onshore_wind_generation,Wind Onshore,2026-06-20T23:37:13Z
2026-06-20T23:36:01Z,2026-06-21T01:36:01+0200,a960294c-15ac-429a-a83c-19bebfd529f7,2026-06-10T02:45:00Z,2026-06-10T04:45:00+0200,11678.42459,MW,DE,DE_LU,forecast_onshore_wind_generation,Wind Onshore,2026-06-20T23:37:13Z
2026-06-20T23:36:01Z,2026-06-21T01:36:01+0200,a960294c-15ac-429a-a83c-19bebfd529f7,2026-06-10T03:00:00Z,2026-06-10T05:00:00+0200,11540.42738,MW,DE,DE_LU,forecast_onshore_wind_generation,Wind Onshore,2026-06-20T23:37:13Z
2026-06-20T23:36:01Z,2026-06-21T01:36:01+0200,a960294c-15ac-429a-a83c-19bebfd529f7,2026-06-10T03:15:00Z,2026-06-10T05:15:00+0200,11356.44855,MW,DE,DE_LU,forecast_onshore_wind_generation,Wind Onshore,2026-06-20T23:37:13Z
2026-06-20T23:36:01Z,2026-06-21T01:36:01+0200,a960294c-15ac-429a-a83c-19bebfd529f7,2026-06-10T03:30:00Z,2026-06-10T05:30:00+0200,11208.72846,MW,DE,DE_LU,forecast_onshore_wind_generation,Wind Onshore,2026-06-20T23:37:13Z
2026-06-20T23:36:01Z,2026-06-21T01:36:01+0200,a960294c-15ac-429a-a83c-19bebfd529f7,2026-06-10T03:45:00Z,2026-06-10T05:45:00+0200,11021.1228,MW,DE,DE_LU,forecast_onshore_wind_generation,Wind Onshore,2026-06-20T23:37:13Z
2026-06-20T23:36:01Z,2026-06-21T01:36:01+0200,a960294c-15ac-429a-a83c-19bebfd529f7,2026-06-10T04:00:00Z,2026-06-10T06:00:00+0200,10962.40007,MW,DE,DE_LU,forecast_onshore_wind_generation,Wind Onshore,2026-06-20T23:37:13Z
2026-06-20T23:36:01Z,2026-06-21T01:36:01+0200,a960294c-15ac-429a-a83c-19bebfd529f7,2026-06-10T04:15:00Z,2026-06-10T06:15:00+0200,10423.77085,MW,DE,DE_LU,forecast_onshore_wind_generation,Wind Onshore,2026-06-20T23:37:13Z
2026-06-20T23:36:01Z,2026-06-21T01:36:01+0200,a960294c-15ac-429a-a83c-19bebfd529f7,2026-06-10T04:30:00Z,2026-06-10T06:30:00+0200,9892.37628,MW,DE,DE_LU,forecast_onshore_wind_generation,Wind Onshore,2026-06-20T23:37:13Z
2026-06-20T23:36:01Z,2026-06-21T01:36:01+0200,a960294c-15ac-429a-a83c-19bebfd529f7,2026-06-10T04:45:00Z,2026-06-10T06:45:00+0200,9374.9877,MW,DE,DE_LU,forecast_onshore_wind_generation,Wind Onshore,2026-06-20T23:37:13Z
2026-06-20T23:36:01Z,2026-06-21T01:36:01+0200,a960294c-15ac-429a-a83c-19bebfd529f7,2026-06-10T05:00:00Z,2026-06-10T07:00:00+0200,8907.07069,MW,DE,DE_LU,forecast_onshore_wind_generation,Wind Onshore,2026-06-20T23:37:13Z
2026-06-20T23:36:01Z,2026-06-21T01:36:01+0200,a960294c-15ac-429a-a83c-19bebfd529f7,2026-06-10T05:15:00Z,2026-06-10T07:15:00+0200,8486.5344,MW,DE,DE_LU,forecast_onshore_wind_generation,Wind Onshore,2026-06-20T23:37:13Z
2026-06-20T23:36:01Z,2026-06-21T01:36:01+0200,a960294c-15ac-429a-a83c-19bebfd529f7,2026-06-10T05:30:00Z,2026-06-10T07:30:00+0200,8142.55305,MW,DE,DE_LU,forecast_onshore_wind_generation,Wind Onshore,2026-06-20T23:37:13Z
2026-06-20T23:36:01Z,2026-06-21T01:36:01+0200,a960294c-15ac-429a-a83c-19bebfd529f7,2026-06-10T05:45:00Z,2026-06-10T07:45:00+0200,7919.59712,MW,DE,DE_LU,forecast_onshore_wind_generation,Wind Onshore,2026-06-20T23:37:13Z
2026-06-20T23:36:01Z,2026-06-21T01:36:01+0200,a960294c-15ac-429a-a83c-19bebfd529f7,2026-06-10T06:00:00Z,2026-06-10T08:00:00+0200,7829.8248,MW,DE,DE_LU,forecast_onshore_wind_generation,Wind Onshore,2026-06-20T23:37:13Z
2026-06-20T23:36:01Z,2026-06-21T01:36:01+0200,a960294c-15ac-429a-a83c-19bebfd529f7,2026-06-10T06:15:00Z,2026-06-10T08:15:00+0200,7852.3512,MW,DE,DE_LU,forecast_onshore_wind_generation,Wind Onshore,2026-06-20T23:37:13Z
2026-06-20T23:36:01Z,2026-06-21T01:36:01+0200,a960294c-15ac-429a-a83c-19bebfd529f7,2026-06-10T06:30:00Z,2026-06-10T08:30:00+0200,7877.24803,MW,DE,DE_LU,forecast_onshore_wind_generation,Wind Onshore,2026-06-20T23:37:13Z
2026-06-20T23:36:01Z,2026-06-21T01:36:01+0200,a960294c-15ac-429a-a83c-19bebfd529f7,2026-06-10T06:45:00Z,2026-06-10T08:45:00+0200,7872.82107,MW,DE,DE_LU,forecast_onshore_wind_generation,Wind Onshore,2026-06-20T23:37:13Z
2026-06-20T23:36:01Z,2026-06-21T01:36:01+0200,a960294c-15ac-429a-a83c-19bebfd529f7,2026-06-10T07:00:00Z,2026-06-10T09:00:00+0200,7879.45693,MW,DE,DE_LU,forecast_onshore_wind_generation,Wind Onshore,2026-06-20T23:37:13Z
2026-06-20T23:36:01Z,2026-06-21T01:36:01+0200,a960294c-15ac-429a-a83c-19bebfd529f7,2026-06-10T07:15:00Z,2026-06-10T09:15:00+0200,8025.65922,MW,DE,DE_LU,forecast_onshore_wind_generation,Wind Onshore,2026-06-20T23:37:13Z
2026-06-20T23:36:01Z,2026-06-21T01:36:01+0200,a960294c-15ac-429a-a83c-19bebfd529f7,2026-06-10T07:30:00Z,2026-06-10T09:30:00+0200,8178.34137,MW,DE,DE_LU,forecast_onshore_wind_generation,Wind Onshore,2026-06-20T23:37:13Z
2026-06-20T23:36:01Z,2026-06-21T01:36:01+0200,a960294c-15ac-429a-a83c-19bebfd529f7,2026-06-10T07:45:00Z,2026-06-10T09:45:00+0200,8333.8802,MW,DE,DE_LU,forecast_onshore_wind_generation,Wind Onshore,2026-06-20T23:37:13Z
2026-06-20T23:36:01Z,2026-06-21T01:36:01+0200,a960294c-15ac-429a-a83c-19bebfd529f7,2026-06-10T08:00:00Z,2026-06-10T10:00:00+0200,8460.3026,MW,DE,DE_LU,forecast_onshore_wind_generation,Wind Onshore,2026-06-20T23:37:13Z
2026-06-20T23:36:01Z,2026-06-21T01:36:01+0200,a960294c-15ac-429a-a83c-19bebfd529f7,2026-06-10T08:15:00Z,2026-06-10T10:15:00+0200,8634.54356,MW,DE,DE_LU,forecast_onshore_wind_generation,Wind Onshore,2026-06-20T23:37:13Z
2026-06-20T23:36:01Z,2026-06-21T01:36:01+0200,a960294c-15ac-429a-a83c-19bebfd529f7,2026-06-10T08:30:00Z,2026-06-10T10:30:00+0200,8812.70422,MW,DE,DE_LU,forecast_onshore_wind_generation,Wind Onshore,2026-06-20T23:37:13Z
2026-06-20T23:36:01Z,2026-06-21T01:36:01+0200,a960294c-15ac-429a-a83c-19bebfd529f7,2026-06-10T08:45:00Z,2026-06-10T10:45:00+0200,8923.76136,MW,DE,DE_LU,forecast_onshore_wind_generation,Wind Onshore,2026-06-20T23:37:13Z
2026-06-20T23:36:01Z,2026-06-21T01:36:01+0200,a960294c-15ac-429a-a83c-19bebfd529f7,2026-06-10T09:00:00Z,2026-06-10T11:00:00+0200,9065.12874,MW,DE,DE_LU,forecast_onshore_wind_generation,Wind Onshore,2026-06-20T23:37:13Z
2026-06-20T23:36:01Z,2026-06-21T01:36:01+0200,a960294c-15ac-429a-a83c-19bebfd529f7,2026-06-10T09:15:00Z,2026-06-10T11:15:00+0200,9134.71772,MW,DE,DE_LU,forecast_onshore_wind_generation,Wind Onshore,2026-06-20T23:37:13Z
2026-06-20T23:36:01Z,2026-06-21T01:36:01+0200,a960294c-15ac-429a-a83c-19bebfd529f7,2026-06-10T09:30:00Z,2026-06-10T11:30:00+0200,9209.54363,MW,DE,DE_LU,forecast_onshore_wind_generation,Wind Onshore,2026-06-20T23:37:13Z
2026-06-20T23:36:01Z,2026-06-21T01:36:01+0200,a960294c-15ac-429a-a83c-19bebfd529f7,2026-06-10T09:45:00Z,2026-06-10T11:45:00+0200,9287.88138,MW,DE,DE_LU,forecast_onshore_wind_generation,Wind Onshore,2026-06-20T23:37:13Z
2026-06-20T23:36:01Z,2026-06-21T01:36:01+0200,a960294c-15ac-429a-a83c-19bebfd529f7,2026-06-10T10:00:00Z,2026-06-10T12:00:00+0200,9363.3269,MW,DE,DE_LU,forecast_onshore_wind_generation,Wind Onshore,2026-06-20T23:37:13Z
2026-06-20T23:36:01Z,2026-06-21T01:36:01+0200,a960294c-15ac-429a-a83c-19bebfd529f7,2026-06-10T10:15:00Z,2026-06-10T12:15:00+0200,9336.29013,MW,DE,DE_LU,forecast_onshore_wind_generation,Wind Onshore,2026-06-20T23:37:13Z
2026-06-20T23:36:01Z,2026-06-21T01:36:01+0200,a960294c-15ac-429a-a83c-19bebfd529f7,2026-06-10T10:30:00Z,2026-06-10T12:30:00+0200,9308.42406,MW,DE,DE_LU,forecast_onshore_wind_generation,Wind Onshore,2026-06-20T23:37:13Z
2026-06-20T23:36:01Z,2026-06-21T01:36:01+0200,a960294c-15ac-429a-a83c-19bebfd529f7,2026-06-10T10:45:00Z,2026-06-10T12:45:00+0200,9290.21591,MW,DE,DE_LU,forecast_onshore_wind_generation,Wind Onshore,2026-06-20T23:37:13Z
2026-06-20T23:36:01Z,2026-06-21T01:36:01+0200,a960294c-15ac-429a-a83c-19bebfd529f7,2026-06-10T11:00:00Z,2026-06-10T13:00:00+0200,9289.75183,MW,DE,DE_LU,forecast_onshore_wind_generation,Wind Onshore,2026-06-20T23:37:13Z
2026-06-20T23:36:01Z,2026-06-21T01:36:01+0200,a960294c-15ac-429a-a83c-19bebfd529f7,2026-06-10T11:15:00Z,2026-06-10T13:15:00+0200,9215.7418,MW,DE,DE_LU,forecast_onshore_wind_generation,Wind Onshore,2026-06-20T23:37:13Z
2026-06-20T23:36:01Z,2026-06-21T01:36:01+0200,a960294c-15ac-429a-a83c-19bebfd529f7,2026-06-10T11:30:00Z,2026-06-10T13:30:00+0200,9166.60281,MW,DE,DE_LU,forecast_onshore_wind_generation,Wind Onshore,2026-06-20T23:37:13Z
2026-06-20T23:36:01Z,2026-06-21T01:36:01+0200,a960294c-15ac-429a-a83c-19bebfd529f7,2026-06-10T11:45:00Z,2026-06-10T13:45:00+0200,9166.09972,MW,DE,DE_LU,forecast_onshore_wind_generation,Wind Onshore,2026-06-20T23:37:13Z
2026-06-20T23:36:01Z,2026-06-21T01:36:01+0200,a960294c-15ac-429a-a83c-19bebfd529f7,2026-06-10T12:00:00Z,2026-06-10T14:00:00+0200,9185.20825,MW,DE,DE_LU,forecast_onshore_wind_generation,Wind Onshore,2026-06-20T23:37:13Z
2026-06-20T23:36:01Z,2026-06-21T01:36:01+0200,a960294c-15ac-429a-a83c-19bebfd529f7,2026-06-10T12:15:00Z,2026-06-10T14:15:00+0200,9091.34458,MW,DE,DE_LU,forecast_onshore_wind_generation,Wind Onshore,2026-06-20T23:37:13Z
2026-06-20T23:36:01Z,2026-06-21T01:36:01+0200,a960294c-15ac-429a-a83c-19bebfd529f7,2026-06-10T12:30:00Z,2026-06-10T14:30:00+0200,8951.40728,MW,DE,DE_LU,forecast_onshore_wind_generation,Wind Onshore,2026-06-20T23:37:13Z
2026-06-20T23:36:01Z,2026-06-21T01:36:01+0200,a960294c-15ac-429a-a83c-19bebfd529f7,2026-06-10T12:45:00Z,2026-06-10T14:45:00+0200,8799.88654,MW,DE,DE_LU,forecast_onshore_wind_generation,Wind Onshore,2026-06-20T23:37:13Z
2026-06-20T23:36:01Z,2026-06-21T01:36:01+0200,a960294c-15ac-429a-a83c-19bebfd529f7,2026-06-10T13:00:00Z,2026-06-10T15:00:00+0200,8594.65659,MW,DE,DE_LU,forecast_onshore_wind_generation,Wind Onshore,2026-06-20T23:37:13Z
2026-06-20T23:36:01Z,2026-06-21T01:36:01+0200,a960294c-15ac-429a-a83c-19bebfd529f7,2026-06-10T13:15:00Z,2026-06-10T15:15:00+0200,8515.84063,MW,DE,DE_LU,forecast_onshore_wind_generation,Wind Onshore,2026-06-20T23:37:13Z
2026-06-20T23:36:01Z,2026-06-21T01:36:01+0200,a960294c-15ac-429a-a83c-19bebfd529f7,2026-06-10T13:30:00Z,2026-06-10T15:30:00+0200,8445.19766,MW,DE,DE_LU,forecast_onshore_wind_generation,Wind Onshore,2026-06-20T23:37:13Z
2026-06-20T23:36:01Z,2026-06-21T01:36:01+0200,a960294c-15ac-429a-a83c-19bebfd529f7,2026-06-10T13:45:00Z,2026-06-10T15:45:00+0200,8390.01933,MW,DE,DE_LU,forecast_onshore_wind_generation,Wind Onshore,2026-06-20T23:37:13Z
2026-06-20T23:36:01Z,2026-06-21T01:36:01+0200,a960294c-15ac-429a-a83c-19bebfd529f7,2026-06-10T14:00:00Z,2026-06-10T16:00:00+0200,8316.96096,MW,DE,DE_LU,forecast_onshore_wind_generation,Wind Onshore,2026-06-20T23:37:13Z
2026-06-20T23:36:01Z,2026-06-21T01:36:01+0200,a960294c-15ac-429a-a83c-19bebfd529f7,2026-06-10T14:15:00Z,2026-06-10T16:15:00+0200,8083.38136,MW,DE,DE_LU,forecast_onshore_wind_generation,Wind Onshore,2026-06-20T23:37:13Z
2026-06-20T23:36:01Z,2026-06-21T01:36:01+0200,a960294c-15ac-429a-a83c-19bebfd529f7,2026-06-10T14:30:00Z,2026-06-10T16:30:00+0200,7868.71666,MW,DE,DE_LU,forecast_onshore_wind_generation,Wind Onshore,2026-06-20T23:37:13Z
2026-06-20T23:36:01Z,2026-06-21T01:36:01+0200,a960294c-15ac-429a-a83c-19bebfd529f7,2026-06-10T14:45:00Z,2026-06-10T16:45:00+0200,7647.40084,MW,DE,DE_LU,forecast_onshore_wind_generation,Wind Onshore,2026-06-20T23:37:13Z
2026-06-20T23:36:01Z,2026-06-21T01:36:01+0200,a960294c-15ac-429a-a83c-19bebfd529f7,2026-06-10T15:00:00Z,2026-06-10T17:00:00+0200,7420.99287,MW,DE,DE_LU,forecast_onshore_wind_generation,Wind Onshore,2026-06-20T23:37:13Z
2026-06-20T23:36:01Z,2026-06-21T01:36:01+0200,a960294c-15ac-429a-a83c-19bebfd529f7,2026-06-10T15:15:00Z,2026-06-10T17:15:00+0200,7205.76717,MW,DE,DE_LU,forecast_onshore_wind_generation,Wind Onshore,2026-06-20T23:37:13Z
2026-06-20T23:36:01Z,2026-06-21T01:36:01+0200,a960294c-15ac-429a-a83c-19bebfd529f7,2026-06-10T15:30:00Z,2026-06-10T17:30:00+0200,7000.05239,MW,DE,DE_LU,forecast_onshore_wind_generation,Wind Onshore,2026-06-20T23:37:13Z
2026-06-20T23:36:01Z,2026-06-21T01:36:01+0200,a960294c-15ac-429a-a83c-19bebfd529f7,2026-06-10T15:45:00Z,2026-06-10T17:45:00+0200,6784.18335,MW,DE,DE_LU,forecast_onshore_wind_generation,Wind Onshore,2026-06-20T23:37:13Z
2026-06-20T23:36:01Z,2026-06-21T01:36:01+0200,a960294c-15ac-429a-a83c-19bebfd529f7,2026-06-10T16:00:00Z,2026-06-10T18:00:00+0200,6574.06364,MW,DE,DE_LU,forecast_onshore_wind_generation,Wind Onshore,2026-06-20T23:37:13Z
2026-06-20T23:36:01Z,2026-06-21T01:36:01+0200,a960294c-15ac-429a-a83c-19bebfd529f7,2026-06-10T16:15:00Z,2026-06-10T18:15:00+0200,6338.25694,MW,DE,DE_LU,forecast_onshore_wind_generation,Wind Onshore,2026-06-20T23:37:13Z
2026-06-20T23:36:01Z,2026-06-21T01:36:01+0200,a960294c-15ac-429a-a83c-19bebfd529f7,2026-06-10T16:30:00Z,2026-06-10T18:30:00+0200,6097.89665,MW,DE,DE_LU,forecast_onshore_wind_generation,Wind Onshore,2026-06-20T23:37:13Z
2026-06-20T23:36:01Z,2026-06-21T01:36:01+0200,a960294c-15ac-429a-a83c-19bebfd529f7,2026-06-10T16:45:00Z,2026-06-10T18:45:00+0200,5853.25223,MW,DE,DE_LU,forecast_onshore_wind_generation,Wind Onshore,2026-06-20T23:37:13Z
2026-06-20T23:36:01Z,2026-06-21T01:36:01+0200,a960294c-15ac-429a-a83c-19bebfd529f7,2026-06-10T17:00:00Z,2026-06-10T19:00:00+0200,5616.42935,MW,DE,DE_LU,forecast_onshore_wind_generation,Wind Onshore,2026-06-20T23:37:13Z
2026-06-20T23:36:01Z,2026-06-21T01:36:01+0200,a960294c-15ac-429a-a83c-19bebfd529f7,2026-06-10T17:15:00Z,2026-06-10T19:15:00+0200,5486.65683,MW,DE,DE_LU,forecast_onshore_wind_generation,Wind Onshore,2026-06-20T23:37:13Z
2026-06-20T23:36:01Z,2026-06-21T01:36:01+0200,a960294c-15ac-429a-a83c-19bebfd529f7,2026-06-10T17:30:00Z,2026-06-10T19:30:00+0200,5356.49336,MW,DE,DE_LU,forecast_onshore_wind_generation,Wind Onshore,2026-06-20T23:37:13Z
2026-06-20T23:36:01Z,2026-06-21T01:36:01+0200,a960294c-15ac-429a-a83c-19bebfd529f7,2026-06-10T17:45:00Z,2026-06-10T19:45:00+0200,5241.45731,MW,DE,DE_LU,forecast_onshore_wind_generation,Wind Onshore,2026-06-20T23:37:13Z
2026-06-20T23:36:01Z,2026-06-21T01:36:01+0200,a960294c-15ac-429a-a83c-19bebfd529f7,2026-06-10T18:00:00Z,2026-06-10T20:00:00+0200,5119.82619,MW,DE,DE_LU,forecast_onshore_wind_generation,Wind Onshore,2026-06-20T23:37:13Z
2026-06-20T23:36:01Z,2026-06-21T01:36:01+0200,a960294c-15ac-429a-a83c-19bebfd529f7,2026-06-10T18:15:00Z,2026-06-10T20:15:00+0200,5012.32385,MW,DE,DE_LU,forecast_onshore_wind_generation,Wind Onshore,2026-06-20T23:37:13Z
2026-06-20T23:36:01Z,2026-06-21T01:36:01+0200,a960294c-15ac-429a-a83c-19bebfd529f7,2026-06-10T18:30:00Z,2026-06-10T20:30:00+0200,4872.64436,MW,DE,DE_LU,forecast_onshore_wind_generation,Wind Onshore,2026-06-20T23:37:13Z
2026-06-20T23:36:01Z,2026-06-21T01:36:01+0200,a960294c-15ac-429a-a83c-19bebfd529f7,2026-06-10T18:45:00Z,2026-06-10T20:45:00+0200,4674.09029,MW,DE,DE_LU,forecast_onshore_wind_generation,Wind Onshore,2026-06-20T23:37:13Z
2026-06-20T23:36:01Z,2026-06-21T01:36:01+0200,a960294c-15ac-429a-a83c-19bebfd529f7,2026-06-10T19:00:00Z,2026-06-10T21:00:00+0200,4450.63834,MW,DE,DE_LU,forecast_onshore_wind_generation,Wind Onshore,2026-06-20T23:37:13Z
2026-06-20T23:36:01Z,2026-06-21T01:36:01+0200,a960294c-15ac-429a-a83c-19bebfd529f7,2026-06-10T19:15:00Z,2026-06-10T21:15:00+0200,4364.50243,MW,DE,DE_LU,forecast_onshore_wind_generation,Wind Onshore,2026-06-20T23:37:13Z
2026-06-20T23:36:01Z,2026-06-21T01:36:01+0200,a960294c-15ac-429a-a83c-19bebfd529f7,2026-06-10T19:30:00Z,2026-06-10T21:30:00+0200,4334.5426,MW,DE,DE_LU,forecast_onshore_wind_generation,Wind Onshore,2026-06-20T23:37:13Z
2026-06-20T23:36:01Z,2026-06-21T01:36:01+0200,a960294c-15ac-429a-a83c-19bebfd529f7,2026-06-10T19:45:00Z,2026-06-10T21:45:00+0200,4334.01952,MW,DE,DE_LU,forecast_onshore_wind_generation,Wind Onshore,2026-06-20T23:37:13Z
2026-06-20T23:36:01Z,2026-06-21T01:36:01+0200,a960294c-15ac-429a-a83c-19bebfd529f7,2026-06-10T20:00:00Z,2026-06-10T22:00:00+0200,4339.09685,MW,DE,DE_LU,forecast_onshore_wind_generation,Wind Onshore,2026-06-20T23:37:13Z
2026-06-20T23:36:01Z,2026-06-21T01:36:01+0200,a960294c-15ac-429a-a83c-19bebfd529f7,2026-06-10T20:15:00Z,2026-06-10T22:15:00+0200,4408.69991,MW,DE,DE_LU,forecast_onshore_wind_generation,Wind Onshore,2026-06-20T23:37:13Z
2026-06-20T23:36:01Z,2026-06-21T01:36:01+0200,a960294c-15ac-429a-a83c-19bebfd529f7,2026-06-10T20:30:00Z,2026-06-10T22:30:00+0200,4485.05984,MW,DE,DE_LU,forecast_onshore_wind_generation,Wind Onshore,2026-06-20T23:37:13Z
2026-06-20T23:36:01Z,2026-06-21T01:36:01+0200,a960294c-15ac-429a-a83c-19bebfd529f7,2026-06-10T20:45:00Z,2026-06-10T22:45:00+0200,4567.27696,MW,DE,DE_LU,forecast_onshore_wind_generation,Wind Onshore,2026-06-20T23:37:13Z
2026-06-20T23:36:01Z,2026-06-21T01:36:01+0200,a960294c-15ac-429a-a83c-19bebfd529f7,2026-06-10T21:00:00Z,2026-06-10T23:00:00+0200,4636.50575,MW,DE,DE_LU,forecast_onshore_wind_generation,Wind Onshore,2026-06-20T23:37:13Z
2026-06-20T23:36:01Z,2026-06-21T01:36:01+0200,a960294c-15ac-429a-a83c-19bebfd529f7,2026-06-10T21:15:00Z,2026-06-10T23:15:00+0200,4671.06373,MW,DE,DE_LU,forecast_onshore_wind_generation,Wind Onshore,2026-06-20T23:37:13Z
2026-06-20T23:36:01Z,2026-06-21T01:36:01+0200,a960294c-15ac-429a-a83c-19bebfd529f7,2026-06-10T21:30:00Z,2026-06-10T23:30:00+0200,4714.00396,MW,DE,DE_LU,forecast_onshore_wind_generation,Wind Onshore,2026-06-20T23:37:13Z
2026-06-20T23:36:01Z,2026-06-21T01:36:01+0200,a960294c-15ac-429a-a83c-19bebfd529f7,2026-06-10T21:45:00Z,2026-06-10T23:45:00+0200,4775.58808,MW,DE,DE_LU,forecast_onshore_wind_generation,Wind Onshore,2026-06-20T23:37:13Z
2026-06-20T23:36:01Z,2026-06-21T01:36:01+0200,a960294c-15ac-429a-a83c-19bebfd529f7,2026-06-10T22:00:00Z,2026-06-11T00:00:00+0200,4974.24121,MW,DE,DE_LU,forecast_onshore_wind_generation,Wind Onshore,2026-06-20T23:37:13Z
2026-06-20T23:36:01Z,2026-06-21T01:36:01+0200,a960294c-15ac-429a-a83c-19bebfd529f7,2026-06-10T22:15:00Z,2026-06-11T00:15:00+0200,5050.05412,MW,DE,DE_LU,forecast_onshore_wind_generation,Wind Onshore,2026-06-20T23:37:13Z
2026-06-20T23:36:01Z,2026-06-21T01:36:01+0200,a960294c-15ac-429a-a83c-19bebfd529f7,2026-06-10T22:30:00Z,2026-06-11T00:30:00+0200,5133.6146,MW,DE,DE_LU,forecast_onshore_wind_generation,Wind Onshore,2026-06-20T23:37:13Z
2026-06-20T23:36:01Z,2026-06-21T01:36:01+0200,a960294c-15ac-429a-a83c-19bebfd529f7,2026-06-10T22:45:00Z,2026-06-11T00:45:00+0200,5215.79952,MW,DE,DE_LU,forecast_onshore_wind_generation,Wind Onshore,2026-06-20T23:37:13Z
2026-06-20T23:36:01Z,2026-06-21T01:36:01+0200,a960294c-15ac-429a-a83c-19bebfd529f7,2026-06-10T23:00:00Z,2026-06-11T01:00:00+0200,5291.4214,MW,DE,DE_LU,forecast_onshore_wind_generation,Wind Onshore,2026-06-20T23:37:13Z
2026-06-20T23:36:01Z,2026-06-21T01:36:01+0200,a960294c-15ac-429a-a83c-19bebfd529f7,2026-06-10T23:15:00Z,2026-06-11T01:15:00+0200,5385.86269,MW,DE,DE_LU,forecast_onshore_wind_generation,Wind Onshore,2026-06-20T23:37:13Z
2026-06-20T23:36:01Z,2026-06-21T01:36:01+0200,a960294c-15ac-429a-a83c-19bebfd529f7,2026-06-10T23:30:00Z,2026-06-11T01:30:00+0200,5488.5819,MW,DE,DE_LU,forecast_onshore_wind_generation,Wind Onshore,2026-06-20T23:37:13Z
2026-06-20T23:36:01Z,2026-06-21T01:36:01+0200,a960294c-15ac-429a-a83c-19bebfd529f7,2026-06-10T23:45:00Z,2026-06-11T01:45:00+0200,5614.27158,MW,DE,DE_LU,forecast_onshore_wind_generation,Wind Onshore,2026-06-20T23:37:13Z
2026-06-20T23:36:01Z,2026-06-21T01:36:01+0200,a960294c-15ac-429a-a83c-19bebfd529f7,2026-06-11T00:00:00Z,2026-06-11T02:00:00+0200,5743.29715,MW,DE,DE_LU,forecast_onshore_wind_generation,Wind Onshore,2026-06-20T23:37:13Z
2026-06-20T23:36:01Z,2026-06-21T01:36:01+0200,a960294c-15ac-429a-a83c-19bebfd529f7,2026-06-11T00:15:00Z,2026-06-11T02:15:00+0200,5859.15251,MW,DE,DE_LU,forecast_onshore_wind_generation,Wind Onshore,2026-06-20T23:37:13Z
2026-06-20T23:36:01Z,2026-06-21T01:36:01+0200,a960294c-15ac-429a-a83c-19bebfd529f7,2026-06-11T00:30:00Z,2026-06-11T02:30:00+0200,5963.66952,MW,DE,DE_LU,forecast_onshore_wind_generation,Wind Onshore,2026-06-20T23:37:13Z
2026-06-20T23:36:01Z,2026-06-21T01:36:01+0200,a960294c-15ac-429a-a83c-19bebfd529f7,2026-06-11T00:45:00Z,2026-06-11T02:45:00+0200,6046.00674,MW,DE,DE_LU,forecast_onshore_wind_generation,Wind Onshore,2026-06-20T23:37:13Z
2026-06-20T23:36:01Z,2026-06-21T01:36:01+0200,a960294c-15ac-429a-a83c-19bebfd529f7,2026-06-11T01:00:00Z,2026-06-11T03:00:00+0200,6132.99855,MW,DE,DE_LU,forecast_onshore_wind_generation,Wind Onshore,2026-06-20T23:37:13Z
2026-06-20T23:36:01Z,2026-06-21T01:36:01+0200,a960294c-15ac-429a-a83c-19bebfd529f7,2026-06-11T01:15:00Z,2026-06-11T03:15:00+0200,6245.12106,MW,DE,DE_LU,forecast_onshore_wind_generation,Wind Onshore,2026-06-20T23:37:13Z
2026-06-20T23:36:01Z,2026-06-21T01:36:01+0200,a960294c-15ac-429a-a83c-19bebfd529f7,2026-06-11T01:30:00Z,2026-06-11T03:30:00+0200,6354.95856,MW,DE,DE_LU,forecast_onshore_wind_generation,Wind Onshore,2026-06-20T23:37:13Z
2026-06-20T23:36:01Z,2026-06-21T01:36:01+0200,a960294c-15ac-429a-a83c-19bebfd529f7,2026-06-11T01:45:00Z,2026-06-11T03:45:00+0200,6470.23227,MW,DE,DE_LU,forecast_onshore_wind_generation,Wind Onshore,2026-06-20T23:37:13Z
2026-06-20T23:36:01Z,2026-06-21T01:36:01+0200,a960294c-15ac-429a-a83c-19bebfd529f7,2026-06-11T02:00:00Z,2026-06-11T04:00:00+0200,6563.11174,MW,DE,DE_LU,forecast_onshore_wind_generation,Wind Onshore,2026-06-20T23:37:13Z
2026-06-20T23:36:01Z,2026-06-21T01:36:01+0200,a960294c-15ac-429a-a83c-19bebfd529f7,2026-06-11T02:15:00Z,2026-06-11T04:15:00+0200,6614.86787,MW,DE,DE_LU,forecast_onshore_wind_generation,Wind Onshore,2026-06-20T23:37:13Z
2026-06-20T23:36:01Z,2026-06-21T01:36:01+0200,a960294c-15ac-429a-a83c-19bebfd529f7,2026-06-11T02:30:00Z,2026-06-11T04:30:00+0200,6666.19641,MW,DE,DE_LU,forecast_onshore_wind_generation,Wind Onshore,2026-06-20T23:37:13Z
2026-06-20T23:36:01Z,2026-06-21T01:36:01+0200,a960294c-15ac-429a-a83c-19bebfd529f7,2026-06-11T02:45:00Z,2026-06-11T04:45:00+0200,6731.77559,MW,DE,DE_LU,forecast_onshore_wind_generation,Wind Onshore,2026-06-20T23:37:13Z
2026-06-20T23:36:01Z,2026-06-21T01:36:01+0200,a960294c-15ac-429a-a83c-19bebfd529f7,2026-06-11T03:00:00Z,2026-06-11T05:00:00+0200,6774.15705,MW,DE,DE_LU,forecast_onshore_wind_generation,Wind Onshore,2026-06-20T23:37:13Z
2026-06-20T23:36:01Z,2026-06-21T01:36:01+0200,a960294c-15ac-429a-a83c-19bebfd529f7,2026-06-11T03:15:00Z,2026-06-11T05:15:00+0200,6735.82112,MW,DE,DE_LU,forecast_onshore_wind_generation,Wind Onshore,2026-06-20T23:37:13Z
2026-06-20T23:36:01Z,2026-06-21T01:36:01+0200,a960294c-15ac-429a-a83c-19bebfd529f7,2026-06-11T03:30:00Z,2026-06-11T05:30:00+0200,6696.60698,MW,DE,DE_LU,forecast_onshore_wind_generation,Wind Onshore,2026-06-20T23:37:13Z
2026-06-20T23:36:01Z,2026-06-21T01:36:01+0200,a960294c-15ac-429a-a83c-19bebfd529f7,2026-06-11T03:45:00Z,2026-06-11T05:45:00+0200,6645.59008,MW,DE,DE_LU,forecast_onshore_wind_generation,Wind Onshore,2026-06-20T23:37:13Z
2026-06-20T23:36:01Z,2026-06-21T01:36:01+0200,a960294c-15ac-429a-a83c-19bebfd529f7,2026-06-11T04:00:00Z,2026-06-11T06:00:00+0200,6609.0884,MW,DE,DE_LU,forecast_onshore_wind_generation,Wind Onshore,2026-06-20T23:37:13Z
2026-06-20T23:36:01Z,2026-06-21T01:36:01+0200,a960294c-15ac-429a-a83c-19bebfd529f7,2026-06-11T04:15:00Z,2026-06-11T06:15:00+0200,6338.57822,MW,DE,DE_LU,forecast_onshore_wind_generation,Wind Onshore,2026-06-20T23:37:13Z
2026-06-20T23:36:01Z,2026-06-21T01:36:01+0200,a960294c-15ac-429a-a83c-19bebfd529f7,2026-06-11T04:30:00Z,2026-06-11T06:30:00+0200,6075.2274,MW,DE,DE_LU,forecast_onshore_wind_generation,Wind Onshore,2026-06-20T23:37:13Z
2026-06-20T23:36:01Z,2026-06-21T01:36:01+0200,a960294c-15ac-429a-a83c-19bebfd529f7,2026-06-11T04:45:00Z,2026-06-11T06:45:00+0200,5793.46844,MW,DE,DE_LU,forecast_onshore_wind_generation,Wind Onshore,2026-06-20T23:37:13Z
2026-06-20T23:36:01Z,2026-06-21T01:36:01+0200,a960294c-15ac-429a-a83c-19bebfd529f7,2026-06-11T05:00:00Z,2026-06-11T07:00:00+0200,5535.29118,MW,DE,DE_LU,forecast_onshore_wind_generation,Wind Onshore,2026-06-20T23:37:13Z
2026-06-20T23:36:01Z,2026-06-21T01:36:01+0200,a960294c-15ac-429a-a83c-19bebfd529f7,2026-06-11T05:15:00Z,2026-06-11T07:15:00+0200,5246.72573,MW,DE,DE_LU,forecast_onshore_wind_generation,Wind Onshore,2026-06-20T23:37:13Z
2026-06-20T23:36:01Z,2026-06-21T01:36:01+0200,a960294c-15ac-429a-a83c-19bebfd529f7,2026-06-11T05:30:00Z,2026-06-11T07:30:00+0200,4976.14715,MW,DE,DE_LU,forecast_onshore_wind_generation,Wind Onshore,2026-06-20T23:37:13Z
2026-06-20T23:36:01Z,2026-06-21T01:36:01+0200,a960294c-15ac-429a-a83c-19bebfd529f7,2026-06-11T05:45:00Z,2026-06-11T07:45:00+0200,4727.28108,MW,DE,DE_LU,forecast_onshore_wind_generation,Wind Onshore,2026-06-20T23:37:13Z
2026-06-20T23:36:01Z,2026-06-21T01:36:01+0200,a960294c-15ac-429a-a83c-19bebfd529f7,2026-06-11T06:00:00Z,2026-06-11T08:00:00+0200,4594.95927,MW,DE,DE_LU,forecast_onshore_wind_generation,Wind Onshore,2026-06-20T23:37:13Z
2026-06-20T23:36:01Z,2026-06-21T01:36:01+0200,a960294c-15ac-429a-a83c-19bebfd529f7,2026-06-11T06:15:00Z,2026-06-11T08:15:00+0200,4617.19858,MW,DE,DE_LU,forecast_onshore_wind_generation,Wind Onshore,2026-06-20T23:37:13Z
2026-06-20T23:36:01Z,2026-06-21T01:36:01+0200,a960294c-15ac-429a-a83c-19bebfd529f7,2026-06-11T06:30:00Z,2026-06-11T08:30:00+0200,4642.18673,MW,DE,DE_LU,forecast_onshore_wind_generation,Wind Onshore,2026-06-20T23:37:13Z
2026-06-20T23:36:01Z,2026-06-21T01:36:01+0200,a960294c-15ac-429a-a83c-19bebfd529f7,2026-06-11T06:45:00Z,2026-06-11T08:45:00+0200,4640.05875,MW,DE,DE_LU,forecast_onshore_wind_generation,Wind Onshore,2026-06-20T23:37:13Z
2026-06-20T23:36:01Z,2026-06-21T01:36:01+0200,a960294c-15ac-429a-a83c-19bebfd529f7,2026-06-11T07:00:00Z,2026-06-11T09:00:00+0200,4630.21509,MW,DE,DE_LU,forecast_onshore_wind_generation,Wind Onshore,2026-06-20T23:37:13Z
2026-06-20T23:36:01Z,2026-06-21T01:36:01+0200,a960294c-15ac-429a-a83c-19bebfd529f7,2026-06-11T07:15:00Z,2026-06-11T09:15:00+0200,4747.82874,MW,DE,DE_LU,forecast_onshore_wind_generation,Wind Onshore,2026-06-20T23:37:13Z
2026-06-20T23:36:01Z,2026-06-21T01:36:01+0200,a960294c-15ac-429a-a83c-19bebfd529f7,2026-06-11T07:30:00Z,2026-06-11T09:30:00+0200,4866.65251,MW,DE,DE_LU,forecast_onshore_wind_generation,Wind Onshore,2026-06-20T23:37:13Z
2026-06-20T23:36:01Z,2026-06-21T01:36:01+0200,a960294c-15ac-429a-a83c-19bebfd529f7,2026-06-11T07:45:00Z,2026-06-11T09:45:00+0200,4988.29695,MW,DE,DE_LU,forecast_onshore_wind_generation,Wind Onshore,2026-06-20T23:37:13Z
2026-06-20T23:36:01Z,2026-06-21T01:36:01+0200,a960294c-15ac-429a-a83c-19bebfd529f7,2026-06-11T08:00:00Z,2026-06-11T10:00:00+0200,5117.66858,MW,DE,DE_LU,forecast_onshore_wind_generation,Wind Onshore,2026-06-20T23:37:13Z
2026-06-20T23:36:01Z,2026-06-21T01:36:01+0200,a960294c-15ac-429a-a83c-19bebfd529f7,2026-06-11T08:15:00Z,2026-06-11T10:15:00+0200,5366.28928,MW,DE,DE_LU,forecast_onshore_wind_generation,Wind Onshore,2026-06-20T23:37:13Z
2026-06-20T23:36:01Z,2026-06-21T01:36:01+0200,a960294c-15ac-429a-a83c-19bebfd529f7,2026-06-11T08:30:00Z,2026-06-11T10:30:00+0200,5615.58573,MW,DE,DE_LU,forecast_onshore_wind_generation,Wind Onshore,2026-06-20T23:37:13Z
2026-06-20T23:36:01Z,2026-06-21T01:36:01+0200,a960294c-15ac-429a-a83c-19bebfd529f7,2026-06-11T08:45:00Z,2026-06-11T10:45:00+0200,5852.54676,MW,DE,DE_LU,forecast_onshore_wind_generation,Wind Onshore,2026-06-20T23:37:13Z
2026-06-20T23:36:01Z,2026-06-21T01:36:01+0200,a960294c-15ac-429a-a83c-19bebfd529f7,2026-06-11T09:00:00Z,2026-06-11T11:00:00+0200,6071.54526,MW,DE,DE_LU,forecast_onshore_wind_generation,Wind Onshore,2026-06-20T23:37:13Z
2026-06-20T23:36:01Z,2026-06-21T01:36:01+0200,a960294c-15ac-429a-a83c-19bebfd529f7,2026-06-11T09:15:00Z,2026-06-11T11:15:00+0200,6343.12374,MW,DE,DE_LU,forecast_onshore_wind_generation,Wind Onshore,2026-06-20T23:37:13Z
2026-06-20T23:36:01Z,2026-06-21T01:36:01+0200,a960294c-15ac-429a-a83c-19bebfd529f7,2026-06-11T09:30:00Z,2026-06-11T11:30:00+0200,6616.35513,MW,DE,DE_LU,forecast_onshore_wind_generation,Wind Onshore,2026-06-20T23:37:13Z
2026-06-20T23:36:01Z,2026-06-21T01:36:01+0200,a960294c-15ac-429a-a83c-19bebfd529f7,2026-06-11T09:45:00Z,2026-06-11T11:45:00+0200,6896.32008,MW,DE,DE_LU,forecast_onshore_wind_generation,Wind Onshore,2026-06-20T23:37:13Z
2026-06-20T23:36:01Z,2026-06-21T01:36:01+0200,a960294c-15ac-429a-a83c-19bebfd529f7,2026-06-11T10:00:00Z,2026-06-11T12:00:00+0200,7173.58235,MW,DE,DE_LU,forecast_onshore_wind_generation,Wind Onshore,2026-06-20T23:37:13Z
2026-06-20T23:36:01Z,2026-06-21T01:36:01+0200,a960294c-15ac-429a-a83c-19bebfd529f7,2026-06-11T10:15:00Z,2026-06-11T12:15:00+0200,7475.25468,MW,DE,DE_LU,forecast_onshore_wind_generation,Wind Onshore,2026-06-20T23:37:13Z
2026-06-20T23:36:01Z,2026-06-21T01:36:01+0200,a960294c-15ac-429a-a83c-19bebfd529f7,2026-06-11T10:30:00Z,2026-06-11T12:30:00+0200,7763.4865,MW,DE,DE_LU,forecast_onshore_wind_generation,Wind Onshore,2026-06-20T23:37:13Z
2026-06-20T23:36:01Z,2026-06-21T01:36:01+0200,a960294c-15ac-429a-a83c-19bebfd529f7,2026-06-11T10:45:00Z,2026-06-11T12:45:00+0200,8060.98532,MW,DE,DE_LU,forecast_onshore_wind_generation,Wind Onshore,2026-06-20T23:37:13Z
2026-06-20T23:36:01Z,2026-06-21T01:36:01+0200,a960294c-15ac-429a-a83c-19bebfd529f7,2026-06-11T11:00:00Z,2026-06-11T13:00:00+0200,8347.87857,MW,DE,DE_LU,forecast_onshore_wind_generation,Wind Onshore,2026-06-20T23:37:13Z
2026-06-20T23:36:01Z,2026-06-21T01:36:01+0200,a960294c-15ac-429a-a83c-19bebfd529f7,2026-06-11T11:15:00Z,2026-06-11T13:15:00+0200,8626.25634,MW,DE,DE_LU,forecast_onshore_wind_generation,Wind Onshore,2026-06-20T23:37:13Z
2026-06-20T23:36:01Z,2026-06-21T01:36:01+0200,a960294c-15ac-429a-a83c-19bebfd529f7,2026-06-11T11:30:00Z,2026-06-11T13:30:00+0200,8916.96667,MW,DE,DE_LU,forecast_onshore_wind_generation,Wind Onshore,2026-06-20T23:37:13Z
2026-06-20T23:36:01Z,2026-06-21T01:36:01+0200,a960294c-15ac-429a-a83c-19bebfd529f7,2026-06-11T11:45:00Z,2026-06-11T13:45:00+0200,9245.13784,MW,DE,DE_LU,forecast_onshore_wind_generation,Wind Onshore,2026-06-20T23:37:13Z
2026-06-20T23:36:01Z,2026-06-21T01:36:01+0200,a960294c-15ac-429a-a83c-19bebfd529f7,2026-06-11T12:00:00Z,2026-06-11T14:00:00+0200,9567.49375,MW,DE,DE_LU,forecast_onshore_wind_generation,Wind Onshore,2026-06-20T23:37:13Z
2026-06-20T23:36:01Z,2026-06-21T01:36:01+0200,a960294c-15ac-429a-a83c-19bebfd529f7,2026-06-11T12:15:00Z,2026-06-11T14:15:00+0200,9821.38421,MW,DE,DE_LU,forecast_onshore_wind_generation,Wind Onshore,2026-06-20T23:37:13Z
2026-06-20T23:36:01Z,2026-06-21T01:36:01+0200,a960294c-15ac-429a-a83c-19bebfd529f7,2026-06-11T12:30:00Z,2026-06-11T14:30:00+0200,10051.09646,MW,DE,DE_LU,forecast_onshore_wind_generation,Wind Onshore,2026-06-20T23:37:13Z
2026-06-20T23:36:01Z,2026-06-21T01:36:01+0200,a960294c-15ac-429a-a83c-19bebfd529f7,2026-06-11T12:45:00Z,2026-06-11T14:45:00+0200,10269.77509,MW,DE,DE_LU,forecast_onshore_wind_generation,Wind Onshore,2026-06-20T23:37:13Z
2026-06-20T23:36:01Z,2026-06-21T01:36:01+0200,a960294c-15ac-429a-a83c-19bebfd529f7,2026-06-11T13:00:00Z,2026-06-11T15:00:00+0200,10491.02482,MW,DE,DE_LU,forecast_onshore_wind_generation,Wind Onshore,2026-06-20T23:37:13Z
2026-06-20T23:36:01Z,2026-06-21T01:36:01+0200,a960294c-15ac-429a-a83c-19bebfd529f7,2026-06-11T13:15:00Z,2026-06-11T15:15:00+0200,10573.42692,MW,DE,DE_LU,forecast_onshore_wind_generation,Wind Onshore,2026-06-20T23:37:13Z
2026-06-20T23:36:01Z,2026-06-21T01:36:01+0200,a960294c-15ac-429a-a83c-19bebfd529f7,2026-06-11T13:30:00Z,2026-06-11T15:30:00+0200,10637.59319,MW,DE,DE_LU,forecast_onshore_wind_generation,Wind Onshore,2026-06-20T23:37:13Z
2026-06-20T23:36:01Z,2026-06-21T01:36:01+0200,a960294c-15ac-429a-a83c-19bebfd529f7,2026-06-11T13:45:00Z,2026-06-11T15:45:00+0200,10714.40397,MW,DE,DE_LU,forecast_onshore_wind_generation,Wind Onshore,2026-06-20T23:37:13Z
2026-06-20T23:36:01Z,2026-06-21T01:36:01+0200,a960294c-15ac-429a-a83c-19bebfd529f7,2026-06-11T14:00:00Z,2026-06-11T16:00:00+0200,10820.50122,MW,DE,DE_LU,forecast_onshore_wind_generation,Wind Onshore,2026-06-20T23:37:13Z
2026-06-20T23:36:01Z,2026-06-21T01:36:01+0200,a960294c-15ac-429a-a83c-19bebfd529f7,2026-06-11T14:15:00Z,2026-06-11T16:15:00+0200,10744.94353,MW,DE,DE_LU,forecast_onshore_wind_generation,Wind Onshore,2026-06-20T23:37:13Z
2026-06-20T23:36:01Z,2026-06-21T01:36:01+0200,a960294c-15ac-429a-a83c-19bebfd529f7,2026-06-11T14:30:00Z,2026-06-11T16:30:00+0200,10669.56902,MW,DE,DE_LU,forecast_onshore_wind_generation,Wind Onshore,2026-06-20T23:37:13Z
2026-06-20T23:36:01Z,2026-06-21T01:36:01+0200,a960294c-15ac-429a-a83c-19bebfd529f7,2026-06-11T14:45:00Z,2026-06-11T16:45:00+0200,10538.34449,MW,DE,DE_LU,forecast_onshore_wind_generation,Wind Onshore,2026-06-20T23:37:13Z
2026-06-20T23:36:01Z,2026-06-21T01:36:01+0200,a960294c-15ac-429a-a83c-19bebfd529f7,2026-06-11T15:00:00Z,2026-06-11T17:00:00+0200,10391.44472,MW,DE,DE_LU,forecast_onshore_wind_generation,Wind Onshore,2026-06-20T23:37:13Z
2026-06-20T23:36:01Z,2026-06-21T01:36:01+0200,a960294c-15ac-429a-a83c-19bebfd529f7,2026-06-11T15:15:00Z,2026-06-11T17:15:00+0200,10209.52223,MW,DE,DE_LU,forecast_onshore_wind_generation,Wind Onshore,2026-06-20T23:37:13Z
2026-06-20T23:36:01Z,2026-06-21T01:36:01+0200,a960294c-15ac-429a-a83c-19bebfd529f7,2026-06-11T15:30:00Z,2026-06-11T17:30:00+0200,10000.80377,MW,DE,DE_LU,forecast_onshore_wind_generation,Wind Onshore,2026-06-20T23:37:13Z
2026-06-20T23:36:01Z,2026-06-21T01:36:01+0200,a960294c-15ac-429a-a83c-19bebfd529f7,2026-06-11T15:45:00Z,2026-06-11T17:45:00+0200,9777.37783,MW,DE,DE_LU,forecast_onshore_wind_generation,Wind Onshore,2026-06-20T23:37:13Z
2026-06-20T23:36:01Z,2026-06-21T01:36:01+0200,a960294c-15ac-429a-a83c-19bebfd529f7,2026-06-11T16:00:00Z,2026-06-11T18:00:00+0200,9561.75569,MW,DE,DE_LU,forecast_onshore_wind_generation,Wind Onshore,2026-06-20T23:37:13Z
2026-06-20T23:36:01Z,2026-06-21T01:36:01+0200,a960294c-15ac-429a-a83c-19bebfd529f7,2026-06-11T16:15:00Z,2026-06-11T18:15:00+0200,9214.01718,MW,DE,DE_LU,forecast_onshore_wind_generation,Wind Onshore,2026-06-20T23:37:13Z
2026-06-20T23:36:01Z,2026-06-21T01:36:01+0200,a960294c-15ac-429a-a83c-19bebfd529f7,2026-06-11T16:30:00Z,2026-06-11T18:30:00+0200,8847.37496,MW,DE,DE_LU,forecast_onshore_wind_generation,Wind Onshore,2026-06-20T23:37:13Z
2026-06-20T23:36:01Z,2026-06-21T01:36:01+0200,a960294c-15ac-429a-a83c-19bebfd529f7,2026-06-11T16:45:00Z,2026-06-11T18:45:00+0200,8476.43966,MW,DE,DE_LU,forecast_onshore_wind_generation,Wind Onshore,2026-06-20T23:37:13Z
2026-06-20T23:36:01Z,2026-06-21T01:36:01+0200,a960294c-15ac-429a-a83c-19bebfd529f7,2026-06-11T17:00:00Z,2026-06-11T19:00:00+0200,8099.61359,MW,DE,DE_LU,forecast_onshore_wind_generation,Wind Onshore,2026-06-20T23:37:13Z
2026-06-20T23:36:01Z,2026-06-21T01:36:01+0200,a960294c-15ac-429a-a83c-19bebfd529f7,2026-06-11T17:15:00Z,2026-06-11T19:15:00+0200,7670.30034,MW,DE,DE_LU,forecast_onshore_wind_generation,Wind Onshore,2026-06-20T23:37:13Z
2026-06-20T23:36:01Z,2026-06-21T01:36:01+0200,a960294c-15ac-429a-a83c-19bebfd529f7,2026-06-11T17:30:00Z,2026-06-11T19:30:00+0200,7257.49439,MW,DE,DE_LU,forecast_onshore_wind_generation,Wind Onshore,2026-06-20T23:37:13Z
2026-06-20T23:36:01Z,2026-06-21T01:36:01+0200,a960294c-15ac-429a-a83c-19bebfd529f7,2026-06-11T17:45:00Z,2026-06-11T19:45:00+0200,6890.4092,MW,DE,DE_LU,forecast_onshore_wind_generation,Wind Onshore,2026-06-20T23:37:13Z
2026-06-20T23:36:01Z,2026-06-21T01:36:01+0200,a960294c-15ac-429a-a83c-19bebfd529f7,2026-06-11T18:00:00Z,2026-06-11T20:00:00+0200,6523.72321,MW,DE,DE_LU,forecast_onshore_wind_generation,Wind Onshore,2026-06-20T23:37:13Z
2026-06-20T23:36:01Z,2026-06-21T01:36:01+0200,a960294c-15ac-429a-a83c-19bebfd529f7,2026-06-11T18:15:00Z,2026-06-11T20:15:00+0200,6310.73558,MW,DE,DE_LU,forecast_onshore_wind_generation,Wind Onshore,2026-06-20T23:37:13Z
2026-06-20T23:36:01Z,2026-06-21T01:36:01+0200,a960294c-15ac-429a-a83c-19bebfd529f7,2026-06-11T18:30:00Z,2026-06-11T20:30:00+0200,6072.27756,MW,DE,DE_LU,forecast_onshore_wind_generation,Wind Onshore,2026-06-20T23:37:13Z
2026-06-20T23:36:01Z,2026-06-21T01:36:01+0200,a960294c-15ac-429a-a83c-19bebfd529f7,2026-06-11T18:45:00Z,2026-06-11T20:45:00+0200,5790.60573,MW,DE,DE_LU,forecast_onshore_wind_generation,Wind Onshore,2026-06-20T23:37:13Z
2026-06-20T23:36:01Z,2026-06-21T01:36:01+0200,a960294c-15ac-429a-a83c-19bebfd529f7,2026-06-11T19:00:00Z,2026-06-11T21:00:00+0200,5547.80661,MW,DE,DE_LU,forecast_onshore_wind_generation,Wind Onshore,2026-06-20T23:37:13Z
2026-06-20T23:36:01Z,2026-06-21T01:36:01+0200,a960294c-15ac-429a-a83c-19bebfd529f7,2026-06-11T19:15:00Z,2026-06-11T21:15:00+0200,5516.77093,MW,DE,DE_LU,forecast_onshore_wind_generation,Wind Onshore,2026-06-20T23:37:13Z
2026-06-20T23:36:01Z,2026-06-21T01:36:01+0200,a960294c-15ac-429a-a83c-19bebfd529f7,2026-06-11T19:30:00Z,2026-06-11T21:30:00+0200,5548.9028,MW,DE,DE_LU,forecast_onshore_wind_generation,Wind Onshore,2026-06-20T23:37:13Z
2026-06-20T23:36:01Z,2026-06-21T01:36:01+0200,a960294c-15ac-429a-a83c-19bebfd529f7,2026-06-11T19:45:00Z,2026-06-11T21:45:00+0200,5608.55699,MW,DE,DE_LU,forecast_onshore_wind_generation,Wind Onshore,2026-06-20T23:37:13Z
2026-06-20T23:36:01Z,2026-06-21T01:36:01+0200,a960294c-15ac-429a-a83c-19bebfd529f7,2026-06-11T20:00:00Z,2026-06-11T22:00:00+0200,5670.76844,MW,DE,DE_LU,forecast_onshore_wind_generation,Wind Onshore,2026-06-20T23:37:13Z
2026-06-20T23:36:01Z,2026-06-21T01:36:01+0200,a960294c-15ac-429a-a83c-19bebfd529f7,2026-06-11T20:15:00Z,2026-06-11T22:15:00+0200,5945.39054,MW,DE,DE_LU,forecast_onshore_wind_generation,Wind Onshore,2026-06-20T23:37:13Z
2026-06-20T23:36:01Z,2026-06-21T01:36:01+0200,a960294c-15ac-429a-a83c-19bebfd529f7,2026-06-11T20:30:00Z,2026-06-11T22:30:00+0200,6223.8085,MW,DE,DE_LU,forecast_onshore_wind_generation,Wind Onshore,2026-06-20T23:37:13Z
2026-06-20T23:36:01Z,2026-06-21T01:36:01+0200,a960294c-15ac-429a-a83c-19bebfd529f7,2026-06-11T20:45:00Z,2026-06-11T22:45:00+0200,6508.37245,MW,DE,DE_LU,forecast_onshore_wind_generation,Wind Onshore,2026-06-20T23:37:13Z
2026-06-20T23:36:01Z,2026-06-21T01:36:01+0200,a960294c-15ac-429a-a83c-19bebfd529f7,2026-06-11T21:00:00Z,2026-06-11T23:00:00+0200,6760.99083,MW,DE,DE_LU,forecast_onshore_wind_generation,Wind Onshore,2026-06-20T23:37:13Z
2026-06-20T23:36:01Z,2026-06-21T01:36:01+0200,a960294c-15ac-429a-a83c-19bebfd529f7,2026-06-11T21:15:00Z,2026-06-11T23:15:00+0200,7229.84121,MW,DE,DE_LU,forecast_onshore_wind_generation,Wind Onshore,2026-06-20T23:37:13Z
2026-06-20T23:36:01Z,2026-06-21T01:36:01+0200,a960294c-15ac-429a-a83c-19bebfd529f7,2026-06-11T21:30:00Z,2026-06-11T23:30:00+0200,7719.67416,MW,DE,DE_LU,forecast_onshore_wind_generation,Wind Onshore,2026-06-20T23:37:13Z
2026-06-20T23:36:01Z,2026-06-21T01:36:01+0200,a960294c-15ac-429a-a83c-19bebfd529f7,2026-06-11T21:45:00Z,2026-06-11T23:45:00+0200,8232.61904,MW,DE,DE_LU,forecast_onshore_wind_generation,Wind Onshore,2026-06-20T23:37:13Z
2026-06-20T23:36:01Z,2026-06-21T01:36:01+0200,a960294c-15ac-429a-a83c-19bebfd529f7,2026-06-11T22:00:00Z,2026-06-12T00:00:00+0200,8613.51803,MW,DE,DE_LU,forecast_onshore_wind_generation,Wind Onshore,2026-06-20T23:37:13Z
2026-06-20T23:36:01Z,2026-06-21T01:36:01+0200,a960294c-15ac-429a-a83c-19bebfd529f7,2026-06-11T22:15:00Z,2026-06-12T00:15:00+0200,9205.28456,MW,DE,DE_LU,forecast_onshore_wind_generation,Wind Onshore,2026-06-20T23:37:13Z
2026-06-20T23:36:01Z,2026-06-21T01:36:01+0200,a960294c-15ac-429a-a83c-19bebfd529f7,2026-06-11T22:30:00Z,2026-06-12T00:30:00+0200,9791.34645,MW,DE,DE_LU,forecast_onshore_wind_generation,Wind Onshore,2026-06-20T23:37:13Z
2026-06-20T23:36:01Z,2026-06-21T01:36:01+0200,a960294c-15ac-429a-a83c-19bebfd529f7,2026-06-11T22:45:00Z,2026-06-12T00:45:00+0200,10367.56307,MW,DE,DE_LU,forecast_onshore_wind_generation,Wind Onshore,2026-06-20T23:37:13Z
2026-06-20T23:36:01Z,2026-06-21T01:36:01+0200,a960294c-15ac-429a-a83c-19bebfd529f7,2026-06-11T23:00:00Z,2026-06-12T01:00:00+0200,10930.95335,MW,DE,DE_LU,forecast_onshore_wind_generation,Wind Onshore,2026-06-20T23:37:13Z
2026-06-20T23:36:01Z,2026-06-21T01:36:01+0200,a960294c-15ac-429a-a83c-19bebfd529f7,2026-06-11T23:15:00Z,2026-06-12T01:15:00+0200,11463.25676,MW,DE,DE_LU,forecast_onshore_wind_generation,Wind Onshore,2026-06-20T23:37:13Z
2026-06-20T23:36:01Z,2026-06-21T01:36:01+0200,a960294c-15ac-429a-a83c-19bebfd529f7,2026-06-11T23:30:00Z,2026-06-12T01:30:00+0200,12002.12968,MW,DE,DE_LU,forecast_onshore_wind_generation,Wind Onshore,2026-06-20T23:37:13Z
2026-06-20T23:36:01Z,2026-06-21T01:36:01+0200,a960294c-15ac-429a-a83c-19bebfd529f7,2026-06-11T23:45:00Z,2026-06-12T01:45:00+0200,12526.51154,MW,DE,DE_LU,forecast_onshore_wind_generation,Wind Onshore,2026-06-20T23:37:13Z
2026-06-20T23:36:01Z,2026-06-21T01:36:01+0200,a960294c-15ac-429a-a83c-19bebfd529f7,2026-06-12T00:00:00Z,2026-06-12T02:00:00+0200,12955.58074,MW,DE,DE_LU,forecast_onshore_wind_generation,Wind Onshore,2026-06-20T23:37:13Z
2026-06-20T23:36:01Z,2026-06-21T01:36:01+0200,a960294c-15ac-429a-a83c-19bebfd529f7,2026-06-12T00:15:00Z,2026-06-12T02:15:00+0200,13276.89426,MW,DE,DE_LU,forecast_onshore_wind_generation,Wind Onshore,2026-06-20T23:37:13Z
2026-06-20T23:36:01Z,2026-06-21T01:36:01+0200,a960294c-15ac-429a-a83c-19bebfd529f7,2026-06-12T00:30:00Z,2026-06-12T02:30:00+0200,13574.94888,MW,DE,DE_LU,forecast_onshore_wind_generation,Wind Onshore,2026-06-20T23:37:13Z
2026-06-20T23:36:01Z,2026-06-21T01:36:01+0200,a960294c-15ac-429a-a83c-19bebfd529f7,2026-06-12T00:45:00Z,2026-06-12T02:45:00+0200,13870.06816,MW,DE,DE_LU,forecast_onshore_wind_generation,Wind Onshore,2026-06-20T23:37:13Z
2026-06-20T23:36:01Z,2026-06-21T01:36:01+0200,a960294c-15ac-429a-a83c-19bebfd529f7,2026-06-12T01:00:00Z,2026-06-12T03:00:00+0200,14162.08779,MW,DE,DE_LU,forecast_onshore_wind_generation,Wind Onshore,2026-06-20T23:37:13Z
2026-06-20T23:36:01Z,2026-06-21T01:36:01+0200,a960294c-15ac-429a-a83c-19bebfd529f7,2026-06-12T01:15:00Z,2026-06-12T03:15:00+0200,14354.87554,MW,DE,DE_LU,forecast_onshore_wind_generation,Wind Onshore,2026-06-20T23:37:13Z
2026-06-20T23:36:01Z,2026-06-21T01:36:01+0200,a960294c-15ac-429a-a83c-19bebfd529f7,2026-06-12T01:30:00Z,2026-06-12T03:30:00+0200,14544.61346,MW,DE,DE_LU,forecast_onshore_wind_generation,Wind Onshore,2026-06-20T23:37:13Z
2026-06-20T23:36:01Z,2026-06-21T01:36:01+0200,a960294c-15ac-429a-a83c-19bebfd529f7,2026-06-12T01:45:00Z,2026-06-12T03:45:00+0200,14723.17807,MW,DE,DE_LU,forecast_onshore_wind_generation,Wind Onshore,2026-06-20T23:37:13Z
2026-06-20T23:36:01Z,2026-06-21T01:36:01+0200,a960294c-15ac-429a-a83c-19bebfd529f7,2026-06-12T02:00:00Z,2026-06-12T04:00:00+0200,14895.78488,MW,DE,DE_LU,forecast_onshore_wind_generation,Wind Onshore,2026-06-20T23:37:13Z
2026-06-20T23:36:01Z,2026-06-21T01:36:01+0200,a960294c-15ac-429a-a83c-19bebfd529f7,2026-06-12T02:15:00Z,2026-06-12T04:15:00+0200,15035.35177,MW,DE,DE_LU,forecast_onshore_wind_generation,Wind Onshore,2026-06-20T23:37:13Z
2026-06-20T23:36:01Z,2026-06-21T01:36:01+0200,a960294c-15ac-429a-a83c-19bebfd529f7,2026-06-12T02:30:00Z,2026-06-12T04:30:00+0200,15171.80828,MW,DE,DE_LU,forecast_onshore_wind_generation,Wind Onshore,2026-06-20T23:37:13Z
2026-06-20T23:36:01Z,2026-06-21T01:36:01+0200,a960294c-15ac-429a-a83c-19bebfd529f7,2026-06-12T02:45:00Z,2026-06-12T04:45:00+0200,15309.10491,MW,DE,DE_LU,forecast_onshore_wind_generation,Wind Onshore,2026-06-20T23:37:13Z
2026-06-20T23:36:01Z,2026-06-21T01:36:01+0200,a960294c-15ac-429a-a83c-19bebfd529f7,2026-06-12T03:00:00Z,2026-06-12T05:00:00+0200,15448.18942,MW,DE,DE_LU,forecast_onshore_wind_generation,Wind Onshore,2026-06-20T23:37:13Z
2026-06-20T23:36:01Z,2026-06-21T01:36:01+0200,a960294c-15ac-429a-a83c-19bebfd529f7,2026-06-12T03:15:00Z,2026-06-12T05:15:00+0200,15570.57961,MW,DE,DE_LU,forecast_onshore_wind_generation,Wind Onshore,2026-06-20T23:37:13Z
2026-06-20T23:36:01Z,2026-06-21T01:36:01+0200,a960294c-15ac-429a-a83c-19bebfd529f7,2026-06-12T03:30:00Z,2026-06-12T05:30:00+0200,15695.92263,MW,DE,DE_LU,forecast_onshore_wind_generation,Wind Onshore,2026-06-20T23:37:13Z
2026-06-20T23:36:01Z,2026-06-21T01:36:01+0200,a960294c-15ac-429a-a83c-19bebfd529f7,2026-06-12T03:45:00Z,2026-06-12T05:45:00+0200,15821.43427,MW,DE,DE_LU,forecast_onshore_wind_generation,Wind Onshore,2026-06-20T23:37:13Z
2026-06-20T23:36:01Z,2026-06-21T01:36:01+0200,a960294c-15ac-429a-a83c-19bebfd529f7,2026-06-12T04:00:00Z,2026-06-12T06:00:00+0200,16117.8476,MW,DE,DE_LU,forecast_onshore_wind_generation,Wind Onshore,2026-06-20T23:37:13Z
2026-06-20T23:36:01Z,2026-06-21T01:36:01+0200,a960294c-15ac-429a-a83c-19bebfd529f7,2026-06-12T04:15:00Z,2026-06-12T06:15:00+0200,16151.01877,MW,DE,DE_LU,forecast_onshore_wind_generation,Wind Onshore,2026-06-20T23:37:13Z
2026-06-20T23:36:01Z,2026-06-21T01:36:01+0200,a960294c-15ac-429a-a83c-19bebfd529f7,2026-06-12T04:30:00Z,2026-06-12T06:30:00+0200,16180.57257,MW,DE,DE_LU,forecast_onshore_wind_generation,Wind Onshore,2026-06-20T23:37:13Z
2026-06-20T23:36:01Z,2026-06-21T01:36:01+0200,a960294c-15ac-429a-a83c-19bebfd529f7,2026-06-12T04:45:00Z,2026-06-12T06:45:00+0200,16206.16122,MW,DE,DE_LU,forecast_onshore_wind_generation,Wind Onshore,2026-06-20T23:37:13Z
2026-06-20T23:36:01Z,2026-06-21T01:36:01+0200,a960294c-15ac-429a-a83c-19bebfd529f7,2026-06-12T05:00:00Z,2026-06-12T07:00:00+0200,16225.94185,MW,DE,DE_LU,forecast_onshore_wind_generation,Wind Onshore,2026-06-20T23:37:13Z
2026-06-20T23:36:01Z,2026-06-21T01:36:01+0200,a960294c-15ac-429a-a83c-19bebfd529f7,2026-06-12T05:15:00Z,2026-06-12T07:15:00+0200,16112.20171,MW,DE,DE_LU,forecast_onshore_wind_generation,Wind Onshore,2026-06-20T23:37:13Z
2026-06-20T23:36:01Z,2026-06-21T01:36:01+0200,a960294c-15ac-429a-a83c-19bebfd529f7,2026-06-12T05:30:00Z,2026-06-12T07:30:00+0200,15990.42128,MW,DE,DE_LU,forecast_onshore_wind_generation,Wind Onshore,2026-06-20T23:37:13Z
2026-06-20T23:36:01Z,2026-06-21T01:36:01+0200,a960294c-15ac-429a-a83c-19bebfd529f7,2026-06-12T05:45:00Z,2026-06-12T07:45:00+0200,15848.49751,MW,DE,DE_LU,forecast_onshore_wind_generation,Wind Onshore,2026-06-20T23:37:13Z
2026-06-20T23:36:01Z,2026-06-21T01:36:01+0200,a960294c-15ac-429a-a83c-19bebfd529f7,2026-06-12T06:00:00Z,2026-06-12T08:00:00+0200,15735.08601,MW,DE,DE_LU,forecast_onshore_wind_generation,Wind Onshore,2026-06-20T23:37:13Z
2026-06-20T23:36:01Z,2026-06-21T01:36:01+0200,a960294c-15ac-429a-a83c-19bebfd529f7,2026-06-12T06:15:00Z,2026-06-12T08:15:00+0200,15740.29886,MW,DE,DE_LU,forecast_onshore_wind_generation,Wind Onshore,2026-06-20T23:37:13Z
2026-06-20T23:36:01Z,2026-06-21T01:36:01+0200,a960294c-15ac-429a-a83c-19bebfd529f7,2026-06-12T06:30:00Z,2026-06-12T08:30:00+0200,15776.28822,MW,DE,DE_LU,forecast_onshore_wind_generation,Wind Onshore,2026-06-20T23:37:13Z
2026-06-20T23:36:01Z,2026-06-21T01:36:01+0200,a960294c-15ac-429a-a83c-19bebfd529f7,2026-06-12T06:45:00Z,2026-06-12T08:45:00+0200,15827.50507,MW,DE,DE_LU,forecast_onshore_wind_generation,Wind Onshore,2026-06-20T23:37:13Z
2026-06-20T23:36:01Z,2026-06-21T01:36:01+0200,a960294c-15ac-429a-a83c-19bebfd529f7,2026-06-12T07:00:00Z,2026-06-12T09:00:00+0200,15900.9237,MW,DE,DE_LU,forecast_onshore_wind_generation,Wind Onshore,2026-06-20T23:37:13Z
2026-06-20T23:36:01Z,2026-06-21T01:36:01+0200,a960294c-15ac-429a-a83c-19bebfd529f7,2026-06-12T07:15:00Z,2026-06-12T09:15:00+0200,16100.95654,MW,DE,DE_LU,forecast_onshore_wind_generation,Wind Onshore,2026-06-20T23:37:13Z
2026-06-20T23:36:01Z,2026-06-21T01:36:01+0200,a960294c-15ac-429a-a83c-19bebfd529f7,2026-06-12T07:30:00Z,2026-06-12T09:30:00+0200,16300.10954,MW,DE,DE_LU,forecast_onshore_wind_generation,Wind Onshore,2026-06-20T23:37:13Z
2026-06-20T23:36:01Z,2026-06-21T01:36:01+0200,a960294c-15ac-429a-a83c-19bebfd529f7,2026-06-12T07:45:00Z,2026-06-12T09:45:00+0200,16497.83793,MW,DE,DE_LU,forecast_onshore_wind_generation,Wind Onshore,2026-06-20T23:37:13Z
2026-06-20T23:36:01Z,2026-06-21T01:36:01+0200,a960294c-15ac-429a-a83c-19bebfd529f7,2026-06-12T08:00:00Z,2026-06-12T10:00:00+0200,16704.53896,MW,DE,DE_LU,forecast_onshore_wind_generation,Wind Onshore,2026-06-20T23:37:13Z
2026-06-20T23:36:01Z,2026-06-21T01:36:01+0200,a960294c-15ac-429a-a83c-19bebfd529f7,2026-06-12T08:15:00Z,2026-06-12T10:15:00+0200,16933.89343,MW,DE,DE_LU,forecast_onshore_wind_generation,Wind Onshore,2026-06-20T23:37:13Z
2026-06-20T23:36:01Z,2026-06-21T01:36:01+0200,a960294c-15ac-429a-a83c-19bebfd529f7,2026-06-12T08:30:00Z,2026-06-12T10:30:00+0200,17159.32159,MW,DE,DE_LU,forecast_onshore_wind_generation,Wind Onshore,2026-06-20T23:37:13Z
2026-06-20T23:36:01Z,2026-06-21T01:36:01+0200,a960294c-15ac-429a-a83c-19bebfd529f7,2026-06-12T08:45:00Z,2026-06-12T10:45:00+0200,17392.82821,MW,DE,DE_LU,forecast_onshore_wind_generation,Wind Onshore,2026-06-20T23:37:13Z
2026-06-20T23:36:01Z,2026-06-21T01:36:01+0200,a960294c-15ac-429a-a83c-19bebfd529f7,2026-06-12T09:00:00Z,2026-06-12T11:00:00+0200,17587.33043,MW,DE,DE_LU,forecast_onshore_wind_generation,Wind Onshore,2026-06-20T23:37:13Z
2026-06-20T23:36:01Z,2026-06-21T01:36:01+0200,a960294c-15ac-429a-a83c-19bebfd529f7,2026-06-12T09:15:00Z,2026-06-12T11:15:00+0200,17706.46672,MW,DE,DE_LU,forecast_onshore_wind_generation,Wind Onshore,2026-06-20T23:37:13Z
2026-06-20T23:36:01Z,2026-06-21T01:36:01+0200,a960294c-15ac-429a-a83c-19bebfd529f7,2026-06-12T09:30:00Z,2026-06-12T11:30:00+0200,17840.68514,MW,DE,DE_LU,forecast_onshore_wind_generation,Wind Onshore,2026-06-20T23:37:13Z
2026-06-20T23:36:01Z,2026-06-21T01:36:01+0200,a960294c-15ac-429a-a83c-19bebfd529f7,2026-06-12T09:45:00Z,2026-06-12T11:45:00+0200,17993.93187,MW,DE,DE_LU,forecast_onshore_wind_generation,Wind Onshore,2026-06-20T23:37:13Z
2026-06-20T23:36:01Z,2026-06-21T01:36:01+0200,a960294c-15ac-429a-a83c-19bebfd529f7,2026-06-12T10:00:00Z,2026-06-12T12:00:00+0200,18182.34426,MW,DE,DE_LU,forecast_onshore_wind_generation,Wind Onshore,2026-06-20T23:37:13Z
2026-06-20T23:36:01Z,2026-06-21T01:36:01+0200,a960294c-15ac-429a-a83c-19bebfd529f7,2026-06-12T10:15:00Z,2026-06-12T12:15:00+0200,18517.5879,MW,DE,DE_LU,forecast_onshore_wind_generation,Wind Onshore,2026-06-20T23:37:13Z
2026-06-20T23:36:01Z,2026-06-21T01:36:01+0200,a960294c-15ac-429a-a83c-19bebfd529f7,2026-06-12T10:30:00Z,2026-06-12T12:30:00+0200,18856.6886,MW,DE,DE_LU,forecast_onshore_wind_generation,Wind Onshore,2026-06-20T23:37:13Z
2026-06-20T23:36:01Z,2026-06-21T01:36:01+0200,a960294c-15ac-429a-a83c-19bebfd529f7,2026-06-12T10:45:00Z,2026-06-12T12:45:00+0200,19199.95035,MW,DE,DE_LU,forecast_onshore_wind_generation,Wind Onshore,2026-06-20T23:37:13Z
2026-06-20T23:36:01Z,2026-06-21T01:36:01+0200,a960294c-15ac-429a-a83c-19bebfd529f7,2026-06-12T11:00:00Z,2026-06-12T13:00:00+0200,19519.00397,MW,DE,DE_LU,forecast_onshore_wind_generation,Wind Onshore,2026-06-20T23:37:13Z
2026-06-20T23:36:01Z,2026-06-21T01:36:01+0200,a960294c-15ac-429a-a83c-19bebfd529f7,2026-06-12T11:15:00Z,2026-06-12T13:15:00+0200,19862.26394,MW,DE,DE_LU,forecast_onshore_wind_generation,Wind Onshore,2026-06-20T23:37:13Z
2026-06-20T23:36:01Z,2026-06-21T01:36:01+0200,a960294c-15ac-429a-a83c-19bebfd529f7,2026-06-12T11:30:00Z,2026-06-12T13:30:00+0200,20218.92609,MW,DE,DE_LU,forecast_onshore_wind_generation,Wind Onshore,2026-06-20T23:37:13Z
2026-06-20T23:36:01Z,2026-06-21T01:36:01+0200,a960294c-15ac-429a-a83c-19bebfd529f7,2026-06-12T11:45:00Z,2026-06-12T13:45:00+0200,20690.80495,MW,DE,DE_LU,forecast_onshore_wind_generation,Wind Onshore,2026-06-20T23:37:13Z
2026-06-20T23:36:01Z,2026-06-21T01:36:01+0200,a960294c-15ac-429a-a83c-19bebfd529f7,2026-06-12T12:00:00Z,2026-06-12T14:00:00+0200,21266.24138,MW,DE,DE_LU,forecast_onshore_wind_generation,Wind Onshore,2026-06-20T23:37:13Z
2026-06-20T23:36:01Z,2026-06-21T01:36:01+0200,a960294c-15ac-429a-a83c-19bebfd529f7,2026-06-12T12:15:00Z,2026-06-12T14:15:00+0200,21747.86582,MW,DE,DE_LU,forecast_onshore_wind_generation,Wind Onshore,2026-06-20T23:37:13Z
2026-06-20T23:36:01Z,2026-06-21T01:36:01+0200,a960294c-15ac-429a-a83c-19bebfd529f7,2026-06-12T12:30:00Z,2026-06-12T14:30:00+0200,22119.22864,MW,DE,DE_LU,forecast_onshore_wind_generation,Wind Onshore,2026-06-20T23:37:13Z
2026-06-20T23:36:01Z,2026-06-21T01:36:01+0200,a960294c-15ac-429a-a83c-19bebfd529f7,2026-06-12T12:45:00Z,2026-06-12T14:45:00+0200,22452.77669,MW,DE,DE_LU,forecast_onshore_wind_generation,Wind Onshore,2026-06-20T23:37:13Z
2026-06-20T23:36:01Z,2026-06-21T01:36:01+0200,a960294c-15ac-429a-a83c-19bebfd529f7,2026-06-12T13:00:00Z,2026-06-12T15:00:00+0200,22730.99314,MW,DE,DE_LU,forecast_onshore_wind_generation,Wind Onshore,2026-06-20T23:37:13Z
2026-06-20T23:36:01Z,2026-06-21T01:36:01+0200,a960294c-15ac-429a-a83c-19bebfd529f7,2026-06-12T13:15:00Z,2026-06-12T15:15:00+0200,22957.62783,MW,DE,DE_LU,forecast_onshore_wind_generation,Wind Onshore,2026-06-20T23:37:13Z
2026-06-20T23:36:01Z,2026-06-21T01:36:01+0200,a960294c-15ac-429a-a83c-19bebfd529f7,2026-06-12T13:30:00Z,2026-06-12T15:30:00+0200,23129.96834,MW,DE,DE_LU,forecast_onshore_wind_generation,Wind Onshore,2026-06-20T23:37:13Z
2026-06-20T23:36:01Z,2026-06-21T01:36:01+0200,a960294c-15ac-429a-a83c-19bebfd529f7,2026-06-12T13:45:00Z,2026-06-12T15:45:00+0200,23334.74853,MW,DE,DE_LU,forecast_onshore_wind_generation,Wind Onshore,2026-06-20T23:37:13Z
2026-06-20T23:36:01Z,2026-06-21T01:36:01+0200,a960294c-15ac-429a-a83c-19bebfd529f7,2026-06-12T14:00:00Z,2026-06-12T16:00:00+0200,23583.7943,MW,DE,DE_LU,forecast_onshore_wind_generation,Wind Onshore,2026-06-20T23:37:13Z
2026-06-20T23:36:01Z,2026-06-21T01:36:01+0200,a960294c-15ac-429a-a83c-19bebfd529f7,2026-06-12T14:15:00Z,2026-06-12T16:15:00+0200,23682.12442,MW,DE,DE_LU,forecast_onshore_wind_generation,Wind Onshore,2026-06-20T23:37:13Z
2026-06-20T23:36:01Z,2026-06-21T01:36:01+0200,a960294c-15ac-429a-a83c-19bebfd529f7,2026-06-12T14:30:00Z,2026-06-12T16:30:00+0200,23799.07794,MW,DE,DE_LU,forecast_onshore_wind_generation,Wind Onshore,2026-06-20T23:37:13Z
2026-06-20T23:36:01Z,2026-06-21T01:36:01+0200,a960294c-15ac-429a-a83c-19bebfd529f7,2026-06-12T14:45:00Z,2026-06-12T16:45:00+0200,23896.23562,MW,DE,DE_LU,forecast_onshore_wind_generation,Wind Onshore,2026-06-20T23:37:13Z
2026-06-20T23:36:01Z,2026-06-21T01:36:01+0200,a960294c-15ac-429a-a83c-19bebfd529f7,2026-06-12T15:00:00Z,2026-06-12T17:00:00+0200,23960.22419,MW,DE,DE_LU,forecast_onshore_wind_generation,Wind Onshore,2026-06-20T23:37:13Z
2026-06-20T23:36:01Z,2026-06-21T01:36:01+0200,a960294c-15ac-429a-a83c-19bebfd529f7,2026-06-12T15:15:00Z,2026-06-12T17:15:00+0200,23757.18372,MW,DE,DE_LU,forecast_onshore_wind_generation,Wind Onshore,2026-06-20T23:37:13Z
2026-06-20T23:36:01Z,2026-06-21T01:36:01+0200,a960294c-15ac-429a-a83c-19bebfd529f7,2026-06-12T15:30:00Z,2026-06-12T17:30:00+0200,23534.35575,MW,DE,DE_LU,forecast_onshore_wind_generation,Wind Onshore,2026-06-20T23:37:13Z
2026-06-20T23:36:01Z,2026-06-21T01:36:01+0200,a960294c-15ac-429a-a83c-19bebfd529f7,2026-06-12T15:45:00Z,2026-06-12T17:45:00+0200,23301.87752,MW,DE,DE_LU,forecast_onshore_wind_generation,Wind Onshore,2026-06-20T23:37:13Z
2026-06-20T23:36:01Z,2026-06-21T01:36:01+0200,a960294c-15ac-429a-a83c-19bebfd529f7,2026-06-12T16:00:00Z,2026-06-12T18:00:00+0200,23047.61714,MW,DE,DE_LU,forecast_onshore_wind_generation,Wind Onshore,2026-06-20T23:37:13Z
2026-06-20T23:36:01Z,2026-06-21T01:36:01+0200,a960294c-15ac-429a-a83c-19bebfd529f7,2026-06-12T16:15:00Z,2026-06-12T18:15:00+0200,22631.70424,MW,DE,DE_LU,forecast_onshore_wind_generation,Wind Onshore,2026-06-20T23:37:13Z
2026-06-20T23:36:01Z,2026-06-21T01:36:01+0200,a960294c-15ac-429a-a83c-19bebfd529f7,2026-06-12T16:30:00Z,2026-06-12T18:30:00+0200,22236.12825,MW,DE,DE_LU,forecast_onshore_wind_generation,Wind Onshore,2026-06-20T23:37:13Z
2026-06-20T23:36:01Z,2026-06-21T01:36:01+0200,a960294c-15ac-429a-a83c-19bebfd529f7,2026-06-12T16:45:00Z,2026-06-12T18:45:00+0200,21790.01042,MW,DE,DE_LU,forecast_onshore_wind_generation,Wind Onshore,2026-06-20T23:37:13Z
2026-06-20T23:36:01Z,2026-06-21T01:36:01+0200,a960294c-15ac-429a-a83c-19bebfd529f7,2026-06-12T17:00:00Z,2026-06-12T19:00:00+0200,21307.08218,MW,DE,DE_LU,forecast_onshore_wind_generation,Wind Onshore,2026-06-20T23:37:13Z
2026-06-20T23:36:01Z,2026-06-21T01:36:01+0200,a960294c-15ac-429a-a83c-19bebfd529f7,2026-06-12T17:15:00Z,2026-06-12T19:15:00+0200,20884.06761,MW,DE,DE_LU,forecast_onshore_wind_generation,Wind Onshore,2026-06-20T23:37:13Z
2026-06-20T23:36:01Z,2026-06-21T01:36:01+0200,a960294c-15ac-429a-a83c-19bebfd529f7,2026-06-12T17:30:00Z,2026-06-12T19:30:00+0200,20444.11519,MW,DE,DE_LU,forecast_onshore_wind_generation,Wind Onshore,2026-06-20T23:37:13Z
2026-06-20T23:36:01Z,2026-06-21T01:36:01+0200,a960294c-15ac-429a-a83c-19bebfd529f7,2026-06-12T17:45:00Z,2026-06-12T19:45:00+0200,20023.41103,MW,DE,DE_LU,forecast_onshore_wind_generation,Wind Onshore,2026-06-20T23:37:13Z
2026-06-20T23:36:01Z,2026-06-21T01:36:01+0200,a960294c-15ac-429a-a83c-19bebfd529f7,2026-06-12T18:00:00Z,2026-06-12T20:00:00+0200,19624.32083,MW,DE,DE_LU,forecast_onshore_wind_generation,Wind Onshore,2026-06-20T23:37:13Z
2026-06-20T23:36:01Z,2026-06-21T01:36:01+0200,a960294c-15ac-429a-a83c-19bebfd529f7,2026-06-12T18:15:00Z,2026-06-12T20:15:00+0200,19400.31463,MW,DE,DE_LU,forecast_onshore_wind_generation,Wind Onshore,2026-06-20T23:37:13Z
2026-06-20T23:36:01Z,2026-06-21T01:36:01+0200,a960294c-15ac-429a-a83c-19bebfd529f7,2026-06-12T18:30:00Z,2026-06-12T20:30:00+0200,19194.92301,MW,DE,DE_LU,forecast_onshore_wind_generation,Wind Onshore,2026-06-20T23:37:13Z
2026-06-20T23:36:01Z,2026-06-21T01:36:01+0200,a960294c-15ac-429a-a83c-19bebfd529f7,2026-06-12T18:45:00Z,2026-06-12T20:45:00+0200,19013.38708,MW,DE,DE_LU,forecast_onshore_wind_generation,Wind Onshore,2026-06-20T23:37:13Z
2026-06-20T23:36:01Z,2026-06-21T01:36:01+0200,a960294c-15ac-429a-a83c-19bebfd529f7,2026-06-12T19:00:00Z,2026-06-12T21:00:00+0200,18879.41408,MW,DE,DE_LU,forecast_onshore_wind_generation,Wind Onshore,2026-06-20T23:37:13Z
2026-06-20T23:36:01Z,2026-06-21T01:36:01+0200,a960294c-15ac-429a-a83c-19bebfd529f7,2026-06-12T19:15:00Z,2026-06-12T21:15:00+0200,18822.16845,MW,DE,DE_LU,forecast_onshore_wind_generation,Wind Onshore,2026-06-20T23:37:13Z
2026-06-20T23:36:01Z,2026-06-21T01:36:01+0200,a960294c-15ac-429a-a83c-19bebfd529f7,2026-06-12T19:30:00Z,2026-06-12T21:30:00+0200,18786.25366,MW,DE,DE_LU,forecast_onshore_wind_generation,Wind Onshore,2026-06-20T23:37:13Z
2026-06-20T23:36:01Z,2026-06-21T01:36:01+0200,a960294c-15ac-429a-a83c-19bebfd529f7,2026-06-12T19:45:00Z,2026-06-12T21:45:00+0200,18767.30842,MW,DE,DE_LU,forecast_onshore_wind_generation,Wind Onshore,2026-06-20T23:37:13Z
2026-06-20T23:36:01Z,2026-06-21T01:36:01+0200,a960294c-15ac-429a-a83c-19bebfd529f7,2026-06-12T20:00:00Z,2026-06-12T22:00:00+0200,18475.62683,MW,DE,DE_LU,forecast_onshore_wind_generation,Wind Onshore,2026-06-20T23:37:13Z
2026-06-20T23:36:01Z,2026-06-21T01:36:01+0200,a960294c-15ac-429a-a83c-19bebfd529f7,2026-06-12T20:15:00Z,2026-06-12T22:15:00+0200,18548.51308,MW,DE,DE_LU,forecast_onshore_wind_generation,Wind Onshore,2026-06-20T23:37:13Z
2026-06-20T23:36:01Z,2026-06-21T01:36:01+0200,a960294c-15ac-429a-a83c-19bebfd529f7,2026-06-12T20:30:00Z,2026-06-12T22:30:00+0200,18637.92965,MW,DE,DE_LU,forecast_onshore_wind_generation,Wind Onshore,2026-06-20T23:37:13Z
2026-06-20T23:36:01Z,2026-06-21T01:36:01+0200,a960294c-15ac-429a-a83c-19bebfd529f7,2026-06-12T20:45:00Z,2026-06-12T22:45:00+0200,18699.62114,MW,DE,DE_LU,forecast_onshore_wind_generation,Wind Onshore,2026-06-20T23:37:13Z
2026-06-20T23:36:01Z,2026-06-21T01:36:01+0200,a960294c-15ac-429a-a83c-19bebfd529f7,2026-06-12T21:00:00Z,2026-06-12T23:00:00+0200,18729.97995,MW,DE,DE_LU,forecast_onshore_wind_generation,Wind Onshore,2026-06-20T23:37:13Z
2026-06-20T23:36:01Z,2026-06-21T01:36:01+0200,a960294c-15ac-429a-a83c-19bebfd529f7,2026-06-12T21:15:00Z,2026-06-12T23:15:00+0200,18806.36366,MW,DE,DE_LU,forecast_onshore_wind_generation,Wind Onshore,2026-06-20T23:37:13Z
2026-06-20T23:36:01Z,2026-06-21T01:36:01+0200,a960294c-15ac-429a-a83c-19bebfd529f7,2026-06-12T21:30:00Z,2026-06-12T23:30:00+0200,18879.17853,MW,DE,DE_LU,forecast_onshore_wind_generation,Wind Onshore,2026-06-20T23:37:13Z
2026-06-20T23:36:01Z,2026-06-21T01:36:01+0200,a960294c-15ac-429a-a83c-19bebfd529f7,2026-06-12T21:45:00Z,2026-06-12T23:45:00+0200,18949.89957,MW,DE,DE_LU,forecast_onshore_wind_generation,Wind Onshore,2026-06-20T23:37:13Z
2026-06-20T23:36:01Z,2026-06-21T01:36:01+0200,a960294c-15ac-429a-a83c-19bebfd529f7,2026-06-12T22:00:00Z,2026-06-13T00:00:00+0200,20082.9759,MW,DE,DE_LU,forecast_onshore_wind_generation,Wind Onshore,2026-06-20T23:37:13Z
2026-06-20T23:36:01Z,2026-06-21T01:36:01+0200,a960294c-15ac-429a-a83c-19bebfd529f7,2026-06-12T22:15:00Z,2026-06-13T00:15:00+0200,20079.84124,MW,DE,DE_LU,forecast_onshore_wind_generation,Wind Onshore,2026-06-20T23:37:13Z
2026-06-20T23:36:01Z,2026-06-21T01:36:01+0200,a960294c-15ac-429a-a83c-19bebfd529f7,2026-06-12T22:30:00Z,2026-06-13T00:30:00+0200,20080.16251,MW,DE,DE_LU,forecast_onshore_wind_generation,Wind Onshore,2026-06-20T23:37:13Z
2026-06-20T23:36:01Z,2026-06-21T01:36:01+0200,a960294c-15ac-429a-a83c-19bebfd529f7,2026-06-12T22:45:00Z,2026-06-13T00:45:00+0200,20091.03499,MW,DE,DE_LU,forecast_onshore_wind_generation,Wind Onshore,2026-06-20T23:37:13Z
2026-06-20T23:36:01Z,2026-06-21T01:36:01+0200,a960294c-15ac-429a-a83c-19bebfd529f7,2026-06-12T23:00:00Z,2026-06-13T01:00:00+0200,20077.5334,MW,DE,DE_LU,forecast_onshore_wind_generation,Wind Onshore,2026-06-20T23:37:13Z
2026-06-20T23:36:01Z,2026-06-21T01:36:01+0200,a960294c-15ac-429a-a83c-19bebfd529f7,2026-06-12T23:15:00Z,2026-06-13T01:15:00+0200,19967.89745,MW,DE,DE_LU,forecast_onshore_wind_generation,Wind Onshore,2026-06-20T23:37:13Z
2026-06-20T23:36:01Z,2026-06-21T01:36:01+0200,a960294c-15ac-429a-a83c-19bebfd529f7,2026-06-12T23:30:00Z,2026-06-13T01:30:00+0200,19849.99165,MW,DE,DE_LU,forecast_onshore_wind_generation,Wind Onshore,2026-06-20T23:37:13Z
2026-06-20T23:36:01Z,2026-06-21T01:36:01+0200,a960294c-15ac-429a-a83c-19bebfd529f7,2026-06-12T23:45:00Z,2026-06-13T01:45:00+0200,19700.46866,MW,DE,DE_LU,forecast_onshore_wind_generation,Wind Onshore,2026-06-20T23:37:13Z
2026-06-20T23:36:01Z,2026-06-21T01:36:01+0200,a960294c-15ac-429a-a83c-19bebfd529f7,2026-06-13T00:00:00Z,2026-06-13T02:00:00+0200,19566.24461,MW,DE,DE_LU,forecast_onshore_wind_generation,Wind Onshore,2026-06-20T23:37:13Z
2026-06-20T23:36:01Z,2026-06-21T01:36:01+0200,a960294c-15ac-429a-a83c-19bebfd529f7,2026-06-13T00:15:00Z,2026-06-13T02:15:00+0200,19528.10036,MW,DE,DE_LU,forecast_onshore_wind_generation,Wind Onshore,2026-06-20T23:37:13Z
2026-06-20T23:36:01Z,2026-06-21T01:36:01+0200,a960294c-15ac-429a-a83c-19bebfd529f7,2026-06-13T00:30:00Z,2026-06-13T02:30:00+0200,19517.63244,MW,DE,DE_LU,forecast_onshore_wind_generation,Wind Onshore,2026-06-20T23:37:13Z
2026-06-20T23:36:01Z,2026-06-21T01:36:01+0200,a960294c-15ac-429a-a83c-19bebfd529f7,2026-06-13T00:45:00Z,2026-06-13T02:45:00+0200,19516.35848,MW,DE,DE_LU,forecast_onshore_wind_generation,Wind Onshore,2026-06-20T23:37:13Z
2026-06-20T23:36:01Z,2026-06-21T01:36:01+0200,a960294c-15ac-429a-a83c-19bebfd529f7,2026-06-13T01:00:00Z,2026-06-13T03:00:00+0200,19535.49493,MW,DE,DE_LU,forecast_onshore_wind_generation,Wind Onshore,2026-06-20T23:37:13Z
2026-06-20T23:36:01Z,2026-06-21T01:36:01+0200,a960294c-15ac-429a-a83c-19bebfd529f7,2026-06-13T01:15:00Z,2026-06-13T03:15:00+0200,19561.01519,MW,DE,DE_LU,forecast_onshore_wind_generation,Wind Onshore,2026-06-20T23:37:13Z
2026-06-20T23:36:01Z,2026-06-21T01:36:01+0200,a960294c-15ac-429a-a83c-19bebfd529f7,2026-06-13T01:30:00Z,2026-06-13T03:30:00+0200,19583.13091,MW,DE,DE_LU,forecast_onshore_wind_generation,Wind Onshore,2026-06-20T23:37:13Z
2026-06-20T23:36:01Z,2026-06-21T01:36:01+0200,a960294c-15ac-429a-a83c-19bebfd529f7,2026-06-13T01:45:00Z,2026-06-13T03:45:00+0200,19604.82389,MW,DE,DE_LU,forecast_onshore_wind_generation,Wind Onshore,2026-06-20T23:37:13Z
2026-06-20T23:36:01Z,2026-06-21T01:36:01+0200,a960294c-15ac-429a-a83c-19bebfd529f7,2026-06-13T02:00:00Z,2026-06-13T04:00:00+0200,19602.70187,MW,DE,DE_LU,forecast_onshore_wind_generation,Wind Onshore,2026-06-20T23:37:13Z
2026-06-20T23:36:01Z,2026-06-21T01:36:01+0200,a960294c-15ac-429a-a83c-19bebfd529f7,2026-06-13T02:15:00Z,2026-06-13T04:15:00+0200,19682.02238,MW,DE,DE_LU,forecast_onshore_wind_generation,Wind Onshore,2026-06-20T23:37:13Z
2026-06-20T23:36:01Z,2026-06-21T01:36:01+0200,a960294c-15ac-429a-a83c-19bebfd529f7,2026-06-13T02:30:00Z,2026-06-13T04:30:00+0200,19770.76824,MW,DE,DE_LU,forecast_onshore_wind_generation,Wind Onshore,2026-06-20T23:37:13Z
2026-06-20T23:36:01Z,2026-06-21T01:36:01+0200,a960294c-15ac-429a-a83c-19bebfd529f7,2026-06-13T02:45:00Z,2026-06-13T04:45:00+0200,19902.00225,MW,DE,DE_LU,forecast_onshore_wind_generation,Wind Onshore,2026-06-20T23:37:13Z
2026-06-20T23:36:01Z,2026-06-21T01:36:01+0200,a960294c-15ac-429a-a83c-19bebfd529f7,2026-06-13T03:00:00Z,2026-06-13T05:00:00+0200,20004.43606,MW,DE,DE_LU,forecast_onshore_wind_generation,Wind Onshore,2026-06-20T23:37:13Z
2026-06-20T23:36:01Z,2026-06-21T01:36:01+0200,a960294c-15ac-429a-a83c-19bebfd529f7,2026-06-13T03:15:00Z,2026-06-13T05:15:00+0200,20103.9494,MW,DE,DE_LU,forecast_onshore_wind_generation,Wind Onshore,2026-06-20T23:37:13Z
2026-06-20T23:36:01Z,2026-06-21T01:36:01+0200,a960294c-15ac-429a-a83c-19bebfd529f7,2026-06-13T03:30:00Z,2026-06-13T05:30:00+0200,20255.02334,MW,DE,DE_LU,forecast_onshore_wind_generation,Wind Onshore,2026-06-20T23:37:13Z
2026-06-20T23:36:01Z,2026-06-21T01:36:01+0200,a960294c-15ac-429a-a83c-19bebfd529f7,2026-06-13T03:45:00Z,2026-06-13T05:45:00+0200,20394.56827,MW,DE,DE_LU,forecast_onshore_wind_generation,Wind Onshore,2026-06-20T23:37:13Z
2026-06-20T23:36:01Z,2026-06-21T01:36:01+0200,a960294c-15ac-429a-a83c-19bebfd529f7,2026-06-13T04:00:00Z,2026-06-13T06:00:00+0200,20906.44248,MW,DE,DE_LU,forecast_onshore_wind_generation,Wind Onshore,2026-06-20T23:37:13Z
2026-06-20T23:36:01Z,2026-06-21T01:36:01+0200,a960294c-15ac-429a-a83c-19bebfd529f7,2026-06-13T04:15:00Z,2026-06-13T06:15:00+0200,20962.41912,MW,DE,DE_LU,forecast_onshore_wind_generation,Wind Onshore,2026-06-20T23:37:13Z
2026-06-20T23:36:01Z,2026-06-21T01:36:01+0200,a960294c-15ac-429a-a83c-19bebfd529f7,2026-06-13T04:30:00Z,2026-06-13T06:30:00+0200,21032.17436,MW,DE,DE_LU,forecast_onshore_wind_generation,Wind Onshore,2026-06-20T23:37:13Z
2026-06-20T23:36:01Z,2026-06-21T01:36:01+0200,a960294c-15ac-429a-a83c-19bebfd529f7,2026-06-13T04:45:00Z,2026-06-13T06:45:00+0200,21109.53592,MW,DE,DE_LU,forecast_onshore_wind_generation,Wind Onshore,2026-06-20T23:37:13Z
2026-06-20T23:36:01Z,2026-06-21T01:36:01+0200,a960294c-15ac-429a-a83c-19bebfd529f7,2026-06-13T05:00:00Z,2026-06-13T07:00:00+0200,21187.8333,MW,DE,DE_LU,forecast_onshore_wind_generation,Wind Onshore,2026-06-20T23:37:13Z
2026-06-20T23:36:01Z,2026-06-21T01:36:01+0200,a960294c-15ac-429a-a83c-19bebfd529f7,2026-06-13T05:15:00Z,2026-06-13T07:15:00+0200,21221.92763,MW,DE,DE_LU,forecast_onshore_wind_generation,Wind Onshore,2026-06-20T23:37:13Z
2026-06-20T23:36:01Z,2026-06-21T01:36:01+0200,a960294c-15ac-429a-a83c-19bebfd529f7,2026-06-13T05:30:00Z,2026-06-13T07:30:00+0200,21267.90876,MW,DE,DE_LU,forecast_onshore_wind_generation,Wind Onshore,2026-06-20T23:37:13Z
2026-06-20T23:36:01Z,2026-06-21T01:36:01+0200,a960294c-15ac-429a-a83c-19bebfd529f7,2026-06-13T05:45:00Z,2026-06-13T07:45:00+0200,21114.11793,MW,DE,DE_LU,forecast_onshore_wind_generation,Wind Onshore,2026-06-20T23:37:13Z
2026-06-20T23:36:01Z,2026-06-21T01:36:01+0200,a960294c-15ac-429a-a83c-19bebfd529f7,2026-06-13T06:00:00Z,2026-06-13T08:00:00+0200,20813.61625,MW,DE,DE_LU,forecast_onshore_wind_generation,Wind Onshore,2026-06-20T23:37:13Z
2026-06-20T23:36:01Z,2026-06-21T01:36:01+0200,a960294c-15ac-429a-a83c-19bebfd529f7,2026-06-13T06:15:00Z,2026-06-13T08:15:00+0200,20508.35041,MW,DE,DE_LU,forecast_onshore_wind_generation,Wind Onshore,2026-06-20T23:37:13Z
2026-06-20T23:36:01Z,2026-06-21T01:36:01+0200,a960294c-15ac-429a-a83c-19bebfd529f7,2026-06-13T06:30:00Z,2026-06-13T08:30:00+0200,20399.99043,MW,DE,DE_LU,forecast_onshore_wind_generation,Wind Onshore,2026-06-20T23:37:13Z
2026-06-20T23:36:01Z,2026-06-21T01:36:01+0200,a960294c-15ac-429a-a83c-19bebfd529f7,2026-06-13T06:45:00Z,2026-06-13T08:45:00+0200,20216.22239,MW,DE,DE_LU,forecast_onshore_wind_generation,Wind Onshore,2026-06-20T23:37:13Z
2026-06-20T23:36:01Z,2026-06-21T01:36:01+0200,a960294c-15ac-429a-a83c-19bebfd529f7,2026-06-13T07:00:00Z,2026-06-13T09:00:00+0200,20064.06595,MW,DE,DE_LU,forecast_onshore_wind_generation,Wind Onshore,2026-06-20T23:37:13Z
2026-06-20T23:36:01Z,2026-06-21T01:36:01+0200,a960294c-15ac-429a-a83c-19bebfd529f7,2026-06-13T07:15:00Z,2026-06-13T09:15:00+0200,19793.47253,MW,DE,DE_LU,forecast_onshore_wind_generation,Wind Onshore,2026-06-20T23:37:13Z
2026-06-20T23:36:01Z,2026-06-21T01:36:01+0200,a960294c-15ac-429a-a83c-19bebfd529f7,2026-06-13T07:30:00Z,2026-06-13T09:30:00+0200,19610.70692,MW,DE,DE_LU,forecast_onshore_wind_generation,Wind Onshore,2026-06-20T23:37:13Z
2026-06-20T23:36:01Z,2026-06-21T01:36:01+0200,a960294c-15ac-429a-a83c-19bebfd529f7,2026-06-13T07:45:00Z,2026-06-13T09:45:00+0200,19352.14748,MW,DE,DE_LU,forecast_onshore_wind_generation,Wind Onshore,2026-06-20T23:37:13Z
2026-06-20T23:36:01Z,2026-06-21T01:36:01+0200,a960294c-15ac-429a-a83c-19bebfd529f7,2026-06-13T08:00:00Z,2026-06-13T10:00:00+0200,19103.01256,MW,DE,DE_LU,forecast_onshore_wind_generation,Wind Onshore,2026-06-20T23:37:13Z
2026-06-20T23:36:01Z,2026-06-21T01:36:01+0200,a960294c-15ac-429a-a83c-19bebfd529f7,2026-06-13T08:15:00Z,2026-06-13T10:15:00+0200,18855.82397,MW,DE,DE_LU,forecast_onshore_wind_generation,Wind Onshore,2026-06-20T23:37:13Z
2026-06-20T23:36:01Z,2026-06-21T01:36:01+0200,a960294c-15ac-429a-a83c-19bebfd529f7,2026-06-13T08:30:00Z,2026-06-13T10:30:00+0200,18440.83682,MW,DE,DE_LU,forecast_onshore_wind_generation,Wind Onshore,2026-06-20T23:37:13Z
2026-06-20T23:36:01Z,2026-06-21T01:36:01+0200,a960294c-15ac-429a-a83c-19bebfd529f7,2026-06-13T08:45:00Z,2026-06-13T10:45:00+0200,17871.92562,MW,DE,DE_LU,forecast_onshore_wind_generation,Wind Onshore,2026-06-20T23:37:13Z
2026-06-20T23:36:01Z,2026-06-21T01:36:01+0200,a960294c-15ac-429a-a83c-19bebfd529f7,2026-06-13T09:00:00Z,2026-06-13T11:00:00+0200,17572.28923,MW,DE,DE_LU,forecast_onshore_wind_generation,Wind Onshore,2026-06-20T23:37:13Z
2026-06-20T23:36:01Z,2026-06-21T01:36:01+0200,a960294c-15ac-429a-a83c-19bebfd529f7,2026-06-13T09:15:00Z,2026-06-13T11:15:00+0200,17128.55096,MW,DE,DE_LU,forecast_onshore_wind_generation,Wind Onshore,2026-06-20T23:37:13Z
2026-06-20T23:36:01Z,2026-06-21T01:36:01+0200,a960294c-15ac-429a-a83c-19bebfd529f7,2026-06-13T09:30:00Z,2026-06-13T11:30:00+0200,16859.91147,MW,DE,DE_LU,forecast_onshore_wind_generation,Wind Onshore,2026-06-20T23:37:13Z
2026-06-20T23:36:01Z,2026-06-21T01:36:01+0200,a960294c-15ac-429a-a83c-19bebfd529f7,2026-06-13T09:45:00Z,2026-06-13T11:45:00+0200,16548.69028,MW,DE,DE_LU,forecast_onshore_wind_generation,Wind Onshore,2026-06-20T23:37:13Z
2026-06-20T23:36:01Z,2026-06-21T01:36:01+0200,a960294c-15ac-429a-a83c-19bebfd529f7,2026-06-13T10:00:00Z,2026-06-13T12:00:00+0200,16308.02545,MW,DE,DE_LU,forecast_onshore_wind_generation,Wind Onshore,2026-06-20T23:37:13Z
2026-06-20T23:36:01Z,2026-06-21T01:36:01+0200,a960294c-15ac-429a-a83c-19bebfd529f7,2026-06-13T10:15:00Z,2026-06-13T12:15:00+0200,16202.63862,MW,DE,DE_LU,forecast_onshore_wind_generation,Wind Onshore,2026-06-20T23:37:13Z
2026-06-20T23:36:01Z,2026-06-21T01:36:01+0200,a960294c-15ac-429a-a83c-19bebfd529f7,2026-06-13T10:30:00Z,2026-06-13T12:30:00+0200,16215.96675,MW,DE,DE_LU,forecast_onshore_wind_generation,Wind Onshore,2026-06-20T23:37:13Z
2026-06-20T23:36:01Z,2026-06-21T01:36:01+0200,a960294c-15ac-429a-a83c-19bebfd529f7,2026-06-13T10:45:00Z,2026-06-13T12:45:00+0200,16266.64138,MW,DE,DE_LU,forecast_onshore_wind_generation,Wind Onshore,2026-06-20T23:37:13Z
2026-06-20T23:36:01Z,2026-06-21T01:36:01+0200,a960294c-15ac-429a-a83c-19bebfd529f7,2026-06-13T11:00:00Z,2026-06-13T13:00:00+0200,16374.30123,MW,DE,DE_LU,forecast_onshore_wind_generation,Wind Onshore,2026-06-20T23:37:13Z
2026-06-20T23:36:01Z,2026-06-21T01:36:01+0200,a960294c-15ac-429a-a83c-19bebfd529f7,2026-06-13T11:15:00Z,2026-06-13T13:15:00+0200,16480.21659,MW,DE,DE_LU,forecast_onshore_wind_generation,Wind Onshore,2026-06-20T23:37:13Z
2026-06-20T23:36:01Z,2026-06-21T01:36:01+0200,a960294c-15ac-429a-a83c-19bebfd529f7,2026-06-13T11:30:00Z,2026-06-13T13:30:00+0200,16637.60316,MW,DE,DE_LU,forecast_onshore_wind_generation,Wind Onshore,2026-06-20T23:37:13Z
2026-06-20T23:36:01Z,2026-06-21T01:36:01+0200,a960294c-15ac-429a-a83c-19bebfd529f7,2026-06-13T11:45:00Z,2026-06-13T13:45:00+0200,16846.15003,MW,DE,DE_LU,forecast_onshore_wind_generation,Wind Onshore,2026-06-20T23:37:13Z
2026-06-20T23:36:01Z,2026-06-21T01:36:01+0200,a960294c-15ac-429a-a83c-19bebfd529f7,2026-06-13T12:00:00Z,2026-06-13T14:00:00+0200,17070.04525,MW,DE,DE_LU,forecast_onshore_wind_generation,Wind Onshore,2026-06-20T23:37:13Z
2026-06-20T23:36:01Z,2026-06-21T01:36:01+0200,a960294c-15ac-429a-a83c-19bebfd529f7,2026-06-13T12:15:00Z,2026-06-13T14:15:00+0200,17185.69128,MW,DE,DE_LU,forecast_onshore_wind_generation,Wind Onshore,2026-06-20T23:37:13Z
2026-06-20T23:36:01Z,2026-06-21T01:36:01+0200,a960294c-15ac-429a-a83c-19bebfd529f7,2026-06-13T12:30:00Z,2026-06-13T14:30:00+0200,17291.35826,MW,DE,DE_LU,forecast_onshore_wind_generation,Wind Onshore,2026-06-20T23:37:13Z
2026-06-20T23:36:01Z,2026-06-21T01:36:01+0200,a960294c-15ac-429a-a83c-19bebfd529f7,2026-06-13T12:45:00Z,2026-06-13T14:45:00+0200,17477.37134,MW,DE,DE_LU,forecast_onshore_wind_generation,Wind Onshore,2026-06-20T23:37:13Z
2026-06-20T23:36:01Z,2026-06-21T01:36:01+0200,a960294c-15ac-429a-a83c-19bebfd529f7,2026-06-13T13:00:00Z,2026-06-13T15:00:00+0200,17616.4757,MW,DE,DE_LU,forecast_onshore_wind_generation,Wind Onshore,2026-06-20T23:37:13Z
2026-06-20T23:36:01Z,2026-06-21T01:36:01+0200,a960294c-15ac-429a-a83c-19bebfd529f7,2026-06-13T13:15:00Z,2026-06-13T15:15:00+0200,17768.52673,MW,DE,DE_LU,forecast_onshore_wind_generation,Wind Onshore,2026-06-20T23:37:13Z
2026-06-20T23:36:01Z,2026-06-21T01:36:01+0200,a960294c-15ac-429a-a83c-19bebfd529f7,2026-06-13T13:30:00Z,2026-06-13T15:30:00+0200,17963.93111,MW,DE,DE_LU,forecast_onshore_wind_generation,Wind Onshore,2026-06-20T23:37:13Z
2026-06-20T23:36:01Z,2026-06-21T01:36:01+0200,a960294c-15ac-429a-a83c-19bebfd529f7,2026-06-13T13:45:00Z,2026-06-13T15:45:00+0200,18244.77565,MW,DE,DE_LU,forecast_onshore_wind_generation,Wind Onshore,2026-06-20T23:37:13Z
2026-06-20T23:36:01Z,2026-06-21T01:36:01+0200,a960294c-15ac-429a-a83c-19bebfd529f7,2026-06-13T14:00:00Z,2026-06-13T16:00:00+0200,18743.1508,MW,DE,DE_LU,forecast_onshore_wind_generation,Wind Onshore,2026-06-20T23:37:13Z
2026-06-20T23:36:01Z,2026-06-21T01:36:01+0200,a960294c-15ac-429a-a83c-19bebfd529f7,2026-06-13T14:15:00Z,2026-06-13T16:15:00+0200,19419.62367,MW,DE,DE_LU,forecast_onshore_wind_generation,Wind Onshore,2026-06-20T23:37:13Z
2026-06-20T23:36:01Z,2026-06-21T01:36:01+0200,a960294c-15ac-429a-a83c-19bebfd529f7,2026-06-13T14:30:00Z,2026-06-13T16:30:00+0200,20147.65073,MW,DE,DE_LU,forecast_onshore_wind_generation,Wind Onshore,2026-06-20T23:37:13Z
2026-06-20T23:36:01Z,2026-06-21T01:36:01+0200,a960294c-15ac-429a-a83c-19bebfd529f7,2026-06-13T14:45:00Z,2026-06-13T16:45:00+0200,21053.90677,MW,DE,DE_LU,forecast_onshore_wind_generation,Wind Onshore,2026-06-20T23:37:13Z
2026-06-20T23:36:01Z,2026-06-21T01:36:01+0200,a960294c-15ac-429a-a83c-19bebfd529f7,2026-06-13T15:00:00Z,2026-06-13T17:00:00+0200,22037.92603,MW,DE,DE_LU,forecast_onshore_wind_generation,Wind Onshore,2026-06-20T23:37:13Z
2026-06-20T23:36:01Z,2026-06-21T01:36:01+0200,a960294c-15ac-429a-a83c-19bebfd529f7,2026-06-13T15:15:00Z,2026-06-13T17:15:00+0200,23270.05413,MW,DE,DE_LU,forecast_onshore_wind_generation,Wind Onshore,2026-06-20T23:37:13Z
2026-06-20T23:36:01Z,2026-06-21T01:36:01+0200,a960294c-15ac-429a-a83c-19bebfd529f7,2026-06-13T15:30:00Z,2026-06-13T17:30:00+0200,24448.43072,MW,DE,DE_LU,forecast_onshore_wind_generation,Wind Onshore,2026-06-20T23:37:13Z
2026-06-20T23:36:01Z,2026-06-21T01:36:01+0200,a960294c-15ac-429a-a83c-19bebfd529f7,2026-06-13T15:45:00Z,2026-06-13T17:45:00+0200,25778.92447,MW,DE,DE_LU,forecast_onshore_wind_generation,Wind Onshore,2026-06-20T23:37:13Z
2026-06-20T23:36:01Z,2026-06-21T01:36:01+0200,a960294c-15ac-429a-a83c-19bebfd529f7,2026-06-13T16:00:00Z,2026-06-13T18:00:00+0200,27128.67732,MW,DE,DE_LU,forecast_onshore_wind_generation,Wind Onshore,2026-06-20T23:37:13Z
2026-06-20T23:36:01Z,2026-06-21T01:36:01+0200,a960294c-15ac-429a-a83c-19bebfd529f7,2026-06-13T16:15:00Z,2026-06-13T18:15:00+0200,27986.8521,MW,DE,DE_LU,forecast_onshore_wind_generation,Wind Onshore,2026-06-20T23:37:13Z
2026-06-20T23:36:01Z,2026-06-21T01:36:01+0200,a960294c-15ac-429a-a83c-19bebfd529f7,2026-06-13T16:30:00Z,2026-06-13T18:30:00+0200,29069.58817,MW,DE,DE_LU,forecast_onshore_wind_generation,Wind Onshore,2026-06-20T23:37:13Z
2026-06-20T23:36:01Z,2026-06-21T01:36:01+0200,a960294c-15ac-429a-a83c-19bebfd529f7,2026-06-13T16:45:00Z,2026-06-13T18:45:00+0200,29942.77656,MW,DE,DE_LU,forecast_onshore_wind_generation,Wind Onshore,2026-06-20T23:37:13Z
2026-06-20T23:36:01Z,2026-06-21T01:36:01+0200,a960294c-15ac-429a-a83c-19bebfd529f7,2026-06-13T17:00:00Z,2026-06-13T19:00:00+0200,30943.66988,MW,DE,DE_LU,forecast_onshore_wind_generation,Wind Onshore,2026-06-20T23:37:13Z
2026-06-20T23:36:01Z,2026-06-21T01:36:01+0200,a960294c-15ac-429a-a83c-19bebfd529f7,2026-06-13T17:15:00Z,2026-06-13T19:15:00+0200,31359.48189,MW,DE,DE_LU,forecast_onshore_wind_generation,Wind Onshore,2026-06-20T23:37:13Z
2026-06-20T23:36:01Z,2026-06-21T01:36:01+0200,a960294c-15ac-429a-a83c-19bebfd529f7,2026-06-13T17:30:00Z,2026-06-13T19:30:00+0200,31330.1578,MW,DE,DE_LU,forecast_onshore_wind_generation,Wind Onshore,2026-06-20T23:37:13Z
2026-06-20T23:36:01Z,2026-06-21T01:36:01+0200,a960294c-15ac-429a-a83c-19bebfd529f7,2026-06-13T17:45:00Z,2026-06-13T19:45:00+0200,31132.20429,MW,DE,DE_LU,forecast_onshore_wind_generation,Wind Onshore,2026-06-20T23:37:13Z
2026-06-20T23:36:01Z,2026-06-21T01:36:01+0200,a960294c-15ac-429a-a83c-19bebfd529f7,2026-06-13T18:00:00Z,2026-06-13T20:00:00+0200,30385.42396,MW,DE,DE_LU,forecast_onshore_wind_generation,Wind Onshore,2026-06-20T23:37:13Z
2026-06-20T23:36:01Z,2026-06-21T01:36:01+0200,a960294c-15ac-429a-a83c-19bebfd529f7,2026-06-13T18:15:00Z,2026-06-13T20:15:00+0200,29861.22977,MW,DE,DE_LU,forecast_onshore_wind_generation,Wind Onshore,2026-06-20T23:37:13Z
2026-06-20T23:36:01Z,2026-06-21T01:36:01+0200,a960294c-15ac-429a-a83c-19bebfd529f7,2026-06-13T18:30:00Z,2026-06-13T20:30:00+0200,29265.7511,MW,DE,DE_LU,forecast_onshore_wind_generation,Wind Onshore,2026-06-20T23:37:13Z
2026-06-20T23:36:01Z,2026-06-21T01:36:01+0200,a960294c-15ac-429a-a83c-19bebfd529f7,2026-06-13T18:45:00Z,2026-06-13T20:45:00+0200,28907.90712,MW,DE,DE_LU,forecast_onshore_wind_generation,Wind Onshore,2026-06-20T23:37:13Z
2026-06-20T23:36:01Z,2026-06-21T01:36:01+0200,a960294c-15ac-429a-a83c-19bebfd529f7,2026-06-13T19:00:00Z,2026-06-13T21:00:00+0200,28524.50647,MW,DE,DE_LU,forecast_onshore_wind_generation,Wind Onshore,2026-06-20T23:37:13Z
2026-06-20T23:36:01Z,2026-06-21T01:36:01+0200,a960294c-15ac-429a-a83c-19bebfd529f7,2026-06-13T19:15:00Z,2026-06-13T21:15:00+0200,28102.84609,MW,DE,DE_LU,forecast_onshore_wind_generation,Wind Onshore,2026-06-20T23:37:13Z
2026-06-20T23:36:01Z,2026-06-21T01:36:01+0200,a960294c-15ac-429a-a83c-19bebfd529f7,2026-06-13T19:30:00Z,2026-06-13T21:30:00+0200,27609.35676,MW,DE,DE_LU,forecast_onshore_wind_generation,Wind Onshore,2026-06-20T23:37:13Z
2026-06-20T23:36:01Z,2026-06-21T01:36:01+0200,a960294c-15ac-429a-a83c-19bebfd529f7,2026-06-13T19:45:00Z,2026-06-13T21:45:00+0200,27072.06002,MW,DE,DE_LU,forecast_onshore_wind_generation,Wind Onshore,2026-06-20T23:37:13Z
2026-06-20T23:36:01Z,2026-06-21T01:36:01+0200,a960294c-15ac-429a-a83c-19bebfd529f7,2026-06-13T20:00:00Z,2026-06-13T22:00:00+0200,25868.28891,MW,DE,DE_LU,forecast_onshore_wind_generation,Wind Onshore,2026-06-20T23:37:13Z
2026-06-20T23:36:01Z,2026-06-21T01:36:01+0200,a960294c-15ac-429a-a83c-19bebfd529f7,2026-06-13T20:15:00Z,2026-06-13T22:15:00+0200,25537.17367,MW,DE,DE_LU,forecast_onshore_wind_generation,Wind Onshore,2026-06-20T23:37:13Z
2026-06-20T23:36:01Z,2026-06-21T01:36:01+0200,a960294c-15ac-429a-a83c-19bebfd529f7,2026-06-13T20:30:00Z,2026-06-13T22:30:00+0200,25279.34019,MW,DE,DE_LU,forecast_onshore_wind_generation,Wind Onshore,2026-06-20T23:37:13Z
2026-06-20T23:36:01Z,2026-06-21T01:36:01+0200,a960294c-15ac-429a-a83c-19bebfd529f7,2026-06-13T20:45:00Z,2026-06-13T22:45:00+0200,25039.60125,MW,DE,DE_LU,forecast_onshore_wind_generation,Wind Onshore,2026-06-20T23:37:13Z
2026-06-20T23:36:01Z,2026-06-21T01:36:01+0200,a960294c-15ac-429a-a83c-19bebfd529f7,2026-06-13T21:00:00Z,2026-06-13T23:00:00+0200,24791.21312,MW,DE,DE_LU,forecast_onshore_wind_generation,Wind Onshore,2026-06-20T23:37:13Z
2026-06-20T23:36:01Z,2026-06-21T01:36:01+0200,a960294c-15ac-429a-a83c-19bebfd529f7,2026-06-13T21:15:00Z,2026-06-13T23:15:00+0200,24687.33573,MW,DE,DE_LU,forecast_onshore_wind_generation,Wind Onshore,2026-06-20T23:37:13Z
2026-06-20T23:36:01Z,2026-06-21T01:36:01+0200,a960294c-15ac-429a-a83c-19bebfd529f7,2026-06-13T21:30:00Z,2026-06-13T23:30:00+0200,24573.19801,MW,DE,DE_LU,forecast_onshore_wind_generation,Wind Onshore,2026-06-20T23:37:13Z
2026-06-20T23:36:01Z,2026-06-21T01:36:01+0200,a960294c-15ac-429a-a83c-19bebfd529f7,2026-06-13T21:45:00Z,2026-06-13T23:45:00+0200,24465.0214,MW,DE,DE_LU,forecast_onshore_wind_generation,Wind Onshore,2026-06-20T23:37:13Z
2026-06-20T23:36:01Z,2026-06-21T01:36:01+0200,a960294c-15ac-429a-a83c-19bebfd529f7,2026-06-13T22:00:00Z,2026-06-14T00:00:00+0200,23506.85292,MW,DE,DE_LU,forecast_onshore_wind_generation,Wind Onshore,2026-06-20T23:37:13Z
2026-06-20T23:36:01Z,2026-06-21T01:36:01+0200,a960294c-15ac-429a-a83c-19bebfd529f7,2026-06-13T22:15:00Z,2026-06-14T00:15:00+0200,23522.25449,MW,DE,DE_LU,forecast_onshore_wind_generation,Wind Onshore,2026-06-20T23:37:13Z
2026-06-20T23:36:01Z,2026-06-21T01:36:01+0200,a960294c-15ac-429a-a83c-19bebfd529f7,2026-06-13T22:30:00Z,2026-06-14T00:30:00+0200,23539.97808,MW,DE,DE_LU,forecast_onshore_wind_generation,Wind Onshore,2026-06-20T23:37:13Z
2026-06-20T23:36:01Z,2026-06-21T01:36:01+0200,a960294c-15ac-429a-a83c-19bebfd529f7,2026-06-13T22:45:00Z,2026-06-14T00:45:00+0200,23568.4668,MW,DE,DE_LU,forecast_onshore_wind_generation,Wind Onshore,2026-06-20T23:37:13Z
2026-06-20T23:36:01Z,2026-06-21T01:36:01+0200,a960294c-15ac-429a-a83c-19bebfd529f7,2026-06-13T23:00:00Z,2026-06-14T01:00:00+0200,23586.36739,MW,DE,DE_LU,forecast_onshore_wind_generation,Wind Onshore,2026-06-20T23:37:13Z
2026-06-20T23:36:01Z,2026-06-21T01:36:01+0200,a960294c-15ac-429a-a83c-19bebfd529f7,2026-06-13T23:15:00Z,2026-06-14T01:15:00+0200,23589.28801,MW,DE,DE_LU,forecast_onshore_wind_generation,Wind Onshore,2026-06-20T23:37:13Z
2026-06-20T23:36:01Z,2026-06-21T01:36:01+0200,a960294c-15ac-429a-a83c-19bebfd529f7,2026-06-13T23:30:00Z,2026-06-14T01:30:00+0200,23578.97609,MW,DE,DE_LU,forecast_onshore_wind_generation,Wind Onshore,2026-06-20T23:37:13Z
2026-06-20T23:36:01Z,2026-06-21T01:36:01+0200,a960294c-15ac-429a-a83c-19bebfd529f7,2026-06-13T23:45:00Z,2026-06-14T01:45:00+0200,23541.62769,MW,DE,DE_LU,forecast_onshore_wind_generation,Wind Onshore,2026-06-20T23:37:13Z
2026-06-20T23:36:01Z,2026-06-21T01:36:01+0200,a960294c-15ac-429a-a83c-19bebfd529f7,2026-06-14T00:00:00Z,2026-06-14T02:00:00+0200,23456.06916,MW,DE,DE_LU,forecast_onshore_wind_generation,Wind Onshore,2026-06-20T23:37:13Z
2026-06-20T23:36:01Z,2026-06-21T01:36:01+0200,a960294c-15ac-429a-a83c-19bebfd529f7,2026-06-14T00:15:00Z,2026-06-14T02:15:00+0200,23413.55535,MW,DE,DE_LU,forecast_onshore_wind_generation,Wind Onshore,2026-06-20T23:37:13Z
2026-06-20T23:36:01Z,2026-06-21T01:36:01+0200,a960294c-15ac-429a-a83c-19bebfd529f7,2026-06-14T00:30:00Z,2026-06-14T02:30:00+0200,23402.69512,MW,DE,DE_LU,forecast_onshore_wind_generation,Wind Onshore,2026-06-20T23:37:13Z
2026-06-20T23:36:01Z,2026-06-21T01:36:01+0200,a960294c-15ac-429a-a83c-19bebfd529f7,2026-06-14T00:45:00Z,2026-06-14T02:45:00+0200,23410.26476,MW,DE,DE_LU,forecast_onshore_wind_generation,Wind Onshore,2026-06-20T23:37:13Z
2026-06-20T23:36:01Z,2026-06-21T01:36:01+0200,a960294c-15ac-429a-a83c-19bebfd529f7,2026-06-14T01:00:00Z,2026-06-14T03:00:00+0200,23438.32518,MW,DE,DE_LU,forecast_onshore_wind_generation,Wind Onshore,2026-06-20T23:37:13Z
2026-06-20T23:36:01Z,2026-06-21T01:36:01+0200,a960294c-15ac-429a-a83c-19bebfd529f7,2026-06-14T01:15:00Z,2026-06-14T03:15:00+0200,23531.89369,MW,DE,DE_LU,forecast_onshore_wind_generation,Wind Onshore,2026-06-20T23:37:13Z
2026-06-20T23:36:01Z,2026-06-21T01:36:01+0200,a960294c-15ac-429a-a83c-19bebfd529f7,2026-06-14T01:30:00Z,2026-06-14T03:30:00+0200,23619.91598,MW,DE,DE_LU,forecast_onshore_wind_generation,Wind Onshore,2026-06-20T23:37:13Z
2026-06-20T23:36:01Z,2026-06-21T01:36:01+0200,a960294c-15ac-429a-a83c-19bebfd529f7,2026-06-14T01:45:00Z,2026-06-14T03:45:00+0200,23700.46527,MW,DE,DE_LU,forecast_onshore_wind_generation,Wind Onshore,2026-06-20T23:37:13Z
2026-06-20T23:36:01Z,2026-06-21T01:36:01+0200,a960294c-15ac-429a-a83c-19bebfd529f7,2026-06-14T02:00:00Z,2026-06-14T04:00:00+0200,23769.95824,MW,DE,DE_LU,forecast_onshore_wind_generation,Wind Onshore,2026-06-20T23:37:13Z
2026-06-20T23:36:01Z,2026-06-21T01:36:01+0200,a960294c-15ac-429a-a83c-19bebfd529f7,2026-06-14T02:15:00Z,2026-06-14T04:15:00+0200,23779.3743,MW,DE,DE_LU,forecast_onshore_wind_generation,Wind Onshore,2026-06-20T23:37:13Z
2026-06-20T23:36:01Z,2026-06-21T01:36:01+0200,a960294c-15ac-429a-a83c-19bebfd529f7,2026-06-14T02:30:00Z,2026-06-14T04:30:00+0200,23795.17137,MW,DE,DE_LU,forecast_onshore_wind_generation,Wind Onshore,2026-06-20T23:37:13Z
2026-06-20T23:36:01Z,2026-06-21T01:36:01+0200,a960294c-15ac-429a-a83c-19bebfd529f7,2026-06-14T02:45:00Z,2026-06-14T04:45:00+0200,23816.57961,MW,DE,DE_LU,forecast_onshore_wind_generation,Wind Onshore,2026-06-20T23:37:13Z
2026-06-20T23:36:01Z,2026-06-21T01:36:01+0200,a960294c-15ac-429a-a83c-19bebfd529f7,2026-06-14T03:00:00Z,2026-06-14T05:00:00+0200,23796.8204,MW,DE,DE_LU,forecast_onshore_wind_generation,Wind Onshore,2026-06-20T23:37:13Z
2026-06-20T23:36:01Z,2026-06-21T01:36:01+0200,a960294c-15ac-429a-a83c-19bebfd529f7,2026-06-14T03:15:00Z,2026-06-14T05:15:00+0200,23823.74321,MW,DE,DE_LU,forecast_onshore_wind_generation,Wind Onshore,2026-06-20T23:37:13Z
2026-06-20T23:36:01Z,2026-06-21T01:36:01+0200,a960294c-15ac-429a-a83c-19bebfd529f7,2026-06-14T03:30:00Z,2026-06-14T05:30:00+0200,23836.28462,MW,DE,DE_LU,forecast_onshore_wind_generation,Wind Onshore,2026-06-20T23:37:13Z
2026-06-20T23:36:01Z,2026-06-21T01:36:01+0200,a960294c-15ac-429a-a83c-19bebfd529f7,2026-06-14T03:45:00Z,2026-06-14T05:45:00+0200,23790.88564,MW,DE,DE_LU,forecast_onshore_wind_generation,Wind Onshore,2026-06-20T23:37:13Z
2026-06-20T23:36:01Z,2026-06-21T01:36:01+0200,a960294c-15ac-429a-a83c-19bebfd529f7,2026-06-14T04:00:00Z,2026-06-14T06:00:00+0200,24256.06622,MW,DE,DE_LU,forecast_onshore_wind_generation,Wind Onshore,2026-06-20T23:37:13Z
2026-06-20T23:36:01Z,2026-06-21T01:36:01+0200,a960294c-15ac-429a-a83c-19bebfd529f7,2026-06-14T04:15:00Z,2026-06-14T06:15:00+0200,24153.48627,MW,DE,DE_LU,forecast_onshore_wind_generation,Wind Onshore,2026-06-20T23:37:13Z
2026-06-20T23:36:01Z,2026-06-21T01:36:01+0200,a960294c-15ac-429a-a83c-19bebfd529f7,2026-06-14T04:30:00Z,2026-06-14T06:30:00+0200,24020.29194,MW,DE,DE_LU,forecast_onshore_wind_generation,Wind Onshore,2026-06-20T23:37:13Z
2026-06-20T23:36:01Z,2026-06-21T01:36:01+0200,a960294c-15ac-429a-a83c-19bebfd529f7,2026-06-14T04:45:00Z,2026-06-14T06:45:00+0200,23878.6455,MW,DE,DE_LU,forecast_onshore_wind_generation,Wind Onshore,2026-06-20T23:37:13Z
2026-06-20T23:36:01Z,2026-06-21T01:36:01+0200,a960294c-15ac-429a-a83c-19bebfd529f7,2026-06-14T05:00:00Z,2026-06-14T07:00:00+0200,23733.71366,MW,DE,DE_LU,forecast_onshore_wind_generation,Wind Onshore,2026-06-20T23:37:13Z
2026-06-20T23:36:01Z,2026-06-21T01:36:01+0200,a960294c-15ac-429a-a83c-19bebfd529f7,2026-06-14T05:15:00Z,2026-06-14T07:15:00+0200,23839.99635,MW,DE,DE_LU,forecast_onshore_wind_generation,Wind Onshore,2026-06-20T23:37:13Z
2026-06-20T23:36:01Z,2026-06-21T01:36:01+0200,a960294c-15ac-429a-a83c-19bebfd529f7,2026-06-14T05:30:00Z,2026-06-14T07:30:00+0200,23605.64521,MW,DE,DE_LU,forecast_onshore_wind_generation,Wind Onshore,2026-06-20T23:37:13Z
2026-06-20T23:36:01Z,2026-06-21T01:36:01+0200,a960294c-15ac-429a-a83c-19bebfd529f7,2026-06-14T05:45:00Z,2026-06-14T07:45:00+0200,23366.90207,MW,DE,DE_LU,forecast_onshore_wind_generation,Wind Onshore,2026-06-20T23:37:13Z
2026-06-20T23:36:01Z,2026-06-21T01:36:01+0200,a960294c-15ac-429a-a83c-19bebfd529f7,2026-06-14T06:00:00Z,2026-06-14T08:00:00+0200,23035.18391,MW,DE,DE_LU,forecast_onshore_wind_generation,Wind Onshore,2026-06-20T23:37:13Z
2026-06-20T23:36:01Z,2026-06-21T01:36:01+0200,a960294c-15ac-429a-a83c-19bebfd529f7,2026-06-14T06:15:00Z,2026-06-14T08:15:00+0200,22867.87273,MW,DE,DE_LU,forecast_onshore_wind_generation,Wind Onshore,2026-06-20T23:37:13Z
2026-06-20T23:36:01Z,2026-06-21T01:36:01+0200,a960294c-15ac-429a-a83c-19bebfd529f7,2026-06-14T06:30:00Z,2026-06-14T08:30:00+0200,22635.82131,MW,DE,DE_LU,forecast_onshore_wind_generation,Wind Onshore,2026-06-20T23:37:13Z
2026-06-20T23:36:01Z,2026-06-21T01:36:01+0200,a960294c-15ac-429a-a83c-19bebfd529f7,2026-06-14T06:45:00Z,2026-06-14T08:45:00+0200,22536.75202,MW,DE,DE_LU,forecast_onshore_wind_generation,Wind Onshore,2026-06-20T23:37:13Z
2026-06-20T23:36:01Z,2026-06-21T01:36:01+0200,a960294c-15ac-429a-a83c-19bebfd529f7,2026-06-14T07:00:00Z,2026-06-14T09:00:00+0200,22505.12938,MW,DE,DE_LU,forecast_onshore_wind_generation,Wind Onshore,2026-06-20T23:37:13Z
2026-06-20T23:36:01Z,2026-06-21T01:36:01+0200,a960294c-15ac-429a-a83c-19bebfd529f7,2026-06-14T07:15:00Z,2026-06-14T09:15:00+0200,22408.07097,MW,DE,DE_LU,forecast_onshore_wind_generation,Wind Onshore,2026-06-20T23:37:13Z
2026-06-20T23:36:01Z,2026-06-21T01:36:01+0200,a960294c-15ac-429a-a83c-19bebfd529f7,2026-06-14T07:30:00Z,2026-06-14T09:30:00+0200,22084.09266,MW,DE,DE_LU,forecast_onshore_wind_generation,Wind Onshore,2026-06-20T23:37:13Z
2026-06-20T23:36:01Z,2026-06-21T01:36:01+0200,a960294c-15ac-429a-a83c-19bebfd529f7,2026-06-14T07:45:00Z,2026-06-14T09:45:00+0200,21624.92156,MW,DE,DE_LU,forecast_onshore_wind_generation,Wind Onshore,2026-06-20T23:37:13Z
2026-06-20T23:36:01Z,2026-06-21T01:36:01+0200,a960294c-15ac-429a-a83c-19bebfd529f7,2026-06-14T08:00:00Z,2026-06-14T10:00:00+0200,21192.63008,MW,DE,DE_LU,forecast_onshore_wind_generation,Wind Onshore,2026-06-20T23:37:13Z
2026-06-20T23:36:01Z,2026-06-21T01:36:01+0200,a960294c-15ac-429a-a83c-19bebfd529f7,2026-06-14T08:15:00Z,2026-06-14T10:15:00+0200,20541.85183,MW,DE,DE_LU,forecast_onshore_wind_generation,Wind Onshore,2026-06-20T23:37:13Z
2026-06-20T23:36:01Z,2026-06-21T01:36:01+0200,a960294c-15ac-429a-a83c-19bebfd529f7,2026-06-14T08:30:00Z,2026-06-14T10:30:00+0200,19704.08637,MW,DE,DE_LU,forecast_onshore_wind_generation,Wind Onshore,2026-06-20T23:37:13Z
2026-06-20T23:36:01Z,2026-06-21T01:36:01+0200,a960294c-15ac-429a-a83c-19bebfd529f7,2026-06-14T08:45:00Z,2026-06-14T10:45:00+0200,19162.96296,MW,DE,DE_LU,forecast_onshore_wind_generation,Wind Onshore,2026-06-20T23:37:13Z
2026-06-20T23:36:01Z,2026-06-21T01:36:01+0200,a960294c-15ac-429a-a83c-19bebfd529f7,2026-06-14T09:00:00Z,2026-06-14T11:00:00+0200,18648.81698,MW,DE,DE_LU,forecast_onshore_wind_generation,Wind Onshore,2026-06-20T23:37:13Z
2026-06-20T23:36:01Z,2026-06-21T01:36:01+0200,a960294c-15ac-429a-a83c-19bebfd529f7,2026-06-14T09:15:00Z,2026-06-14T11:15:00+0200,18240.12288,MW,DE,DE_LU,forecast_onshore_wind_generation,Wind Onshore,2026-06-20T23:37:13Z
2026-06-20T23:36:01Z,2026-06-21T01:36:01+0200,a960294c-15ac-429a-a83c-19bebfd529f7,2026-06-14T09:30:00Z,2026-06-14T11:30:00+0200,18019.13675,MW,DE,DE_LU,forecast_onshore_wind_generation,Wind Onshore,2026-06-20T23:37:13Z
2026-06-20T23:36:01Z,2026-06-21T01:36:01+0200,a960294c-15ac-429a-a83c-19bebfd529f7,2026-06-14T09:45:00Z,2026-06-14T11:45:00+0200,17763.67972,MW,DE,DE_LU,forecast_onshore_wind_generation,Wind Onshore,2026-06-20T23:37:13Z
2026-06-20T23:36:01Z,2026-06-21T01:36:01+0200,a960294c-15ac-429a-a83c-19bebfd529f7,2026-06-14T10:00:00Z,2026-06-14T12:00:00+0200,17581.65258,MW,DE,DE_LU,forecast_onshore_wind_generation,Wind Onshore,2026-06-20T23:37:13Z
2026-06-20T23:36:01Z,2026-06-21T01:36:01+0200,a960294c-15ac-429a-a83c-19bebfd529f7,2026-06-14T10:15:00Z,2026-06-14T12:15:00+0200,17212.08935,MW,DE,DE_LU,forecast_onshore_wind_generation,Wind Onshore,2026-06-20T23:37:13Z
2026-06-20T23:36:01Z,2026-06-21T01:36:01+0200,a960294c-15ac-429a-a83c-19bebfd529f7,2026-06-14T10:30:00Z,2026-06-14T12:30:00+0200,16975.0551,MW,DE,DE_LU,forecast_onshore_wind_generation,Wind Onshore,2026-06-20T23:37:13Z
2026-06-20T23:36:01Z,2026-06-21T01:36:01+0200,a960294c-15ac-429a-a83c-19bebfd529f7,2026-06-14T10:45:00Z,2026-06-14T12:45:00+0200,16871.92098,MW,DE,DE_LU,forecast_onshore_wind_generation,Wind Onshore,2026-06-20T23:37:13Z
2026-06-20T23:36:01Z,2026-06-21T01:36:01+0200,a960294c-15ac-429a-a83c-19bebfd529f7,2026-06-14T11:00:00Z,2026-06-14T13:00:00+0200,16775.73728,MW,DE,DE_LU,forecast_onshore_wind_generation,Wind Onshore,2026-06-20T23:37:13Z
2026-06-20T23:36:01Z,2026-06-21T01:36:01+0200,a960294c-15ac-429a-a83c-19bebfd529f7,2026-06-14T11:15:00Z,2026-06-14T13:15:00+0200,16717.84735,MW,DE,DE_LU,forecast_onshore_wind_generation,Wind Onshore,2026-06-20T23:37:13Z
2026-06-20T23:36:01Z,2026-06-21T01:36:01+0200,a960294c-15ac-429a-a83c-19bebfd529f7,2026-06-14T11:30:00Z,2026-06-14T13:30:00+0200,16715.05501,MW,DE,DE_LU,forecast_onshore_wind_generation,Wind Onshore,2026-06-20T23:37:13Z
2026-06-20T23:36:01Z,2026-06-21T01:36:01+0200,a960294c-15ac-429a-a83c-19bebfd529f7,2026-06-14T11:45:00Z,2026-06-14T13:45:00+0200,16745.64828,MW,DE,DE_LU,forecast_onshore_wind_generation,Wind Onshore,2026-06-20T23:37:13Z
2026-06-20T23:36:01Z,2026-06-21T01:36:01+0200,a960294c-15ac-429a-a83c-19bebfd529f7,2026-06-14T12:00:00Z,2026-06-14T14:00:00+0200,17060.09343,MW,DE,DE_LU,forecast_onshore_wind_generation,Wind Onshore,2026-06-20T23:37:13Z
2026-06-20T23:36:01Z,2026-06-21T01:36:01+0200,a960294c-15ac-429a-a83c-19bebfd529f7,2026-06-14T12:15:00Z,2026-06-14T14:15:00+0200,17460.36632,MW,DE,DE_LU,forecast_onshore_wind_generation,Wind Onshore,2026-06-20T23:37:13Z
2026-06-20T23:36:01Z,2026-06-21T01:36:01+0200,a960294c-15ac-429a-a83c-19bebfd529f7,2026-06-14T12:30:00Z,2026-06-14T14:30:00+0200,17695.00378,MW,DE,DE_LU,forecast_onshore_wind_generation,Wind Onshore,2026-06-20T23:37:13Z
2026-06-20T23:36:01Z,2026-06-21T01:36:01+0200,a960294c-15ac-429a-a83c-19bebfd529f7,2026-06-14T12:45:00Z,2026-06-14T14:45:00+0200,17959.76227,MW,DE,DE_LU,forecast_onshore_wind_generation,Wind Onshore,2026-06-20T23:37:13Z
2026-06-20T23:36:01Z,2026-06-21T01:36:01+0200,a960294c-15ac-429a-a83c-19bebfd529f7,2026-06-14T13:00:00Z,2026-06-14T15:00:00+0200,18090.7616,MW,DE,DE_LU,forecast_onshore_wind_generation,Wind Onshore,2026-06-20T23:37:13Z
2026-06-20T23:36:01Z,2026-06-21T01:36:01+0200,a960294c-15ac-429a-a83c-19bebfd529f7,2026-06-14T13:15:00Z,2026-06-14T15:15:00+0200,18401.44676,MW,DE,DE_LU,forecast_onshore_wind_generation,Wind Onshore,2026-06-20T23:37:13Z
2026-06-20T23:36:01Z,2026-06-21T01:36:01+0200,a960294c-15ac-429a-a83c-19bebfd529f7,2026-06-14T13:30:00Z,2026-06-14T15:30:00+0200,18749.83347,MW,DE,DE_LU,forecast_onshore_wind_generation,Wind Onshore,2026-06-20T23:37:13Z
2026-06-20T23:36:01Z,2026-06-21T01:36:01+0200,a960294c-15ac-429a-a83c-19bebfd529f7,2026-06-14T13:45:00Z,2026-06-14T15:45:00+0200,19051.30372,MW,DE,DE_LU,forecast_onshore_wind_generation,Wind Onshore,2026-06-20T23:37:13Z
2026-06-20T23:36:01Z,2026-06-21T01:36:01+0200,a960294c-15ac-429a-a83c-19bebfd529f7,2026-06-14T14:00:00Z,2026-06-14T16:00:00+0200,19439.62626,MW,DE,DE_LU,forecast_onshore_wind_generation,Wind Onshore,2026-06-20T23:37:13Z
2026-06-20T23:36:01Z,2026-06-21T01:36:01+0200,a960294c-15ac-429a-a83c-19bebfd529f7,2026-06-14T14:15:00Z,2026-06-14T16:15:00+0200,20004.75916,MW,DE,DE_LU,forecast_onshore_wind_generation,Wind Onshore,2026-06-20T23:37:13Z
2026-06-20T23:36:01Z,2026-06-21T01:36:01+0200,a960294c-15ac-429a-a83c-19bebfd529f7,2026-06-14T14:30:00Z,2026-06-14T16:30:00+0200,20492.57983,MW,DE,DE_LU,forecast_onshore_wind_generation,Wind Onshore,2026-06-20T23:37:13Z
2026-06-20T23:36:01Z,2026-06-21T01:36:01+0200,a960294c-15ac-429a-a83c-19bebfd529f7,2026-06-14T14:45:00Z,2026-06-14T16:45:00+0200,21598.71678,MW,DE,DE_LU,forecast_onshore_wind_generation,Wind Onshore,2026-06-20T23:37:13Z
2026-06-20T23:36:01Z,2026-06-21T01:36:01+0200,a960294c-15ac-429a-a83c-19bebfd529f7,2026-06-14T15:00:00Z,2026-06-14T17:00:00+0200,22565.67547,MW,DE,DE_LU,forecast_onshore_wind_generation,Wind Onshore,2026-06-20T23:37:13Z
2026-06-20T23:36:01Z,2026-06-21T01:36:01+0200,a960294c-15ac-429a-a83c-19bebfd529f7,2026-06-14T15:15:00Z,2026-06-14T17:15:00+0200,23888.72364,MW,DE,DE_LU,forecast_onshore_wind_generation,Wind Onshore,2026-06-20T23:37:13Z
2026-06-20T23:36:01Z,2026-06-21T01:36:01+0200,a960294c-15ac-429a-a83c-19bebfd529f7,2026-06-14T15:30:00Z,2026-06-14T17:30:00+0200,25122.22744,MW,DE,DE_LU,forecast_onshore_wind_generation,Wind Onshore,2026-06-20T23:37:13Z
2026-06-20T23:36:01Z,2026-06-21T01:36:01+0200,a960294c-15ac-429a-a83c-19bebfd529f7,2026-06-14T15:45:00Z,2026-06-14T17:45:00+0200,26223.02618,MW,DE,DE_LU,forecast_onshore_wind_generation,Wind Onshore,2026-06-20T23:37:13Z
2026-06-20T23:36:01Z,2026-06-21T01:36:01+0200,a960294c-15ac-429a-a83c-19bebfd529f7,2026-06-14T16:00:00Z,2026-06-14T18:00:00+0200,27210.82926,MW,DE,DE_LU,forecast_onshore_wind_generation,Wind Onshore,2026-06-20T23:37:13Z
2026-06-20T23:36:01Z,2026-06-21T01:36:01+0200,a960294c-15ac-429a-a83c-19bebfd529f7,2026-06-14T16:15:00Z,2026-06-14T18:15:00+0200,27715.49833,MW,DE,DE_LU,forecast_onshore_wind_generation,Wind Onshore,2026-06-20T23:37:13Z
2026-06-20T23:36:01Z,2026-06-21T01:36:01+0200,a960294c-15ac-429a-a83c-19bebfd529f7,2026-06-14T16:30:00Z,2026-06-14T18:30:00+0200,28275.36832,MW,DE,DE_LU,forecast_onshore_wind_generation,Wind Onshore,2026-06-20T23:37:13Z
2026-06-20T23:36:01Z,2026-06-21T01:36:01+0200,a960294c-15ac-429a-a83c-19bebfd529f7,2026-06-14T16:45:00Z,2026-06-14T18:45:00+0200,28628.00681,MW,DE,DE_LU,forecast_onshore_wind_generation,Wind Onshore,2026-06-20T23:37:13Z
2026-06-20T23:36:01Z,2026-06-21T01:36:01+0200,a960294c-15ac-429a-a83c-19bebfd529f7,2026-06-14T17:00:00Z,2026-06-14T19:00:00+0200,28906.40621,MW,DE,DE_LU,forecast_onshore_wind_generation,Wind Onshore,2026-06-20T23:37:13Z
2026-06-20T23:36:01Z,2026-06-21T01:36:01+0200,a960294c-15ac-429a-a83c-19bebfd529f7,2026-06-14T17:15:00Z,2026-06-14T19:15:00+0200,28697.23364,MW,DE,DE_LU,forecast_onshore_wind_generation,Wind Onshore,2026-06-20T23:37:13Z
2026-06-20T23:36:01Z,2026-06-21T01:36:01+0200,a960294c-15ac-429a-a83c-19bebfd529f7,2026-06-14T17:30:00Z,2026-06-14T19:30:00+0200,28437.51827,MW,DE,DE_LU,forecast_onshore_wind_generation,Wind Onshore,2026-06-20T23:37:13Z
2026-06-20T23:36:01Z,2026-06-21T01:36:01+0200,a960294c-15ac-429a-a83c-19bebfd529f7,2026-06-14T17:45:00Z,2026-06-14T19:45:00+0200,28109.21038,MW,DE,DE_LU,forecast_onshore_wind_generation,Wind Onshore,2026-06-20T23:37:13Z
2026-06-20T23:36:01Z,2026-06-21T01:36:01+0200,a960294c-15ac-429a-a83c-19bebfd529f7,2026-06-14T18:00:00Z,2026-06-14T20:00:00+0200,27481.08967,MW,DE,DE_LU,forecast_onshore_wind_generation,Wind Onshore,2026-06-20T23:37:13Z
2026-06-20T23:36:01Z,2026-06-21T01:36:01+0200,a960294c-15ac-429a-a83c-19bebfd529f7,2026-06-14T18:15:00Z,2026-06-14T20:15:00+0200,26882.92152,MW,DE,DE_LU,forecast_onshore_wind_generation,Wind Onshore,2026-06-20T23:37:13Z
2026-06-20T23:36:01Z,2026-06-21T01:36:01+0200,a960294c-15ac-429a-a83c-19bebfd529f7,2026-06-14T18:30:00Z,2026-06-14T20:30:00+0200,26240.00813,MW,DE,DE_LU,forecast_onshore_wind_generation,Wind Onshore,2026-06-20T23:37:13Z
2026-06-20T23:36:01Z,2026-06-21T01:36:01+0200,a960294c-15ac-429a-a83c-19bebfd529f7,2026-06-14T18:45:00Z,2026-06-14T20:45:00+0200,25705.18849,MW,DE,DE_LU,forecast_onshore_wind_generation,Wind Onshore,2026-06-20T23:37:13Z
2026-06-20T23:36:01Z,2026-06-21T01:36:01+0200,a960294c-15ac-429a-a83c-19bebfd529f7,2026-06-14T19:00:00Z,2026-06-14T21:00:00+0200,25237.19792,MW,DE,DE_LU,forecast_onshore_wind_generation,Wind Onshore,2026-06-20T23:37:13Z
2026-06-20T23:36:01Z,2026-06-21T01:36:01+0200,a960294c-15ac-429a-a83c-19bebfd529f7,2026-06-14T19:15:00Z,2026-06-14T21:15:00+0200,24808.32118,MW,DE,DE_LU,forecast_onshore_wind_generation,Wind Onshore,2026-06-20T23:37:13Z
2026-06-20T23:36:01Z,2026-06-21T01:36:01+0200,a960294c-15ac-429a-a83c-19bebfd529f7,2026-06-14T19:30:00Z,2026-06-14T21:30:00+0200,24358.56896,MW,DE,DE_LU,forecast_onshore_wind_generation,Wind Onshore,2026-06-20T23:37:13Z
2026-06-20T23:36:01Z,2026-06-21T01:36:01+0200,a960294c-15ac-429a-a83c-19bebfd529f7,2026-06-14T19:45:00Z,2026-06-14T21:45:00+0200,23901.01,MW,DE,DE_LU,forecast_onshore_wind_generation,Wind Onshore,2026-06-20T23:37:13Z
2026-06-20T23:36:01Z,2026-06-21T01:36:01+0200,a960294c-15ac-429a-a83c-19bebfd529f7,2026-06-14T20:00:00Z,2026-06-14T22:00:00+0200,22915.27574,MW,DE,DE_LU,forecast_onshore_wind_generation,Wind Onshore,2026-06-20T23:37:13Z
2026-06-20T23:36:01Z,2026-06-21T01:36:01+0200,a960294c-15ac-429a-a83c-19bebfd529f7,2026-06-14T20:15:00Z,2026-06-14T22:15:00+0200,22606.06567,MW,DE,DE_LU,forecast_onshore_wind_generation,Wind Onshore,2026-06-20T23:37:13Z
2026-06-20T23:36:01Z,2026-06-21T01:36:01+0200,a960294c-15ac-429a-a83c-19bebfd529f7,2026-06-14T20:30:00Z,2026-06-14T22:30:00+0200,22305.19744,MW,DE,DE_LU,forecast_onshore_wind_generation,Wind Onshore,2026-06-20T23:37:13Z
2026-06-20T23:36:01Z,2026-06-21T01:36:01+0200,a960294c-15ac-429a-a83c-19bebfd529f7,2026-06-14T20:45:00Z,2026-06-14T22:45:00+0200,21997.70649,MW,DE,DE_LU,forecast_onshore_wind_generation,Wind Onshore,2026-06-20T23:37:13Z
2026-06-20T23:36:01Z,2026-06-21T01:36:01+0200,a960294c-15ac-429a-a83c-19bebfd529f7,2026-06-14T21:00:00Z,2026-06-14T23:00:00+0200,21704.02904,MW,DE,DE_LU,forecast_onshore_wind_generation,Wind Onshore,2026-06-20T23:37:13Z
2026-06-20T23:36:01Z,2026-06-21T01:36:01+0200,a960294c-15ac-429a-a83c-19bebfd529f7,2026-06-14T21:15:00Z,2026-06-14T23:15:00+0200,21509.03569,MW,DE,DE_LU,forecast_onshore_wind_generation,Wind Onshore,2026-06-20T23:37:13Z
2026-06-20T23:36:01Z,2026-06-21T01:36:01+0200,a960294c-15ac-429a-a83c-19bebfd529f7,2026-06-14T21:30:00Z,2026-06-14T23:30:00+0200,21316.65593,MW,DE,DE_LU,forecast_onshore_wind_generation,Wind Onshore,2026-06-20T23:37:13Z
2026-06-20T23:36:01Z,2026-06-21T01:36:01+0200,a960294c-15ac-429a-a83c-19bebfd529f7,2026-06-14T21:45:00Z,2026-06-14T23:45:00+0200,21126.70296,MW,DE,DE_LU,forecast_onshore_wind_generation,Wind Onshore,2026-06-20T23:37:13Z
2026-06-20T23:36:01Z,2026-06-21T01:36:01+0200,a960294c-15ac-429a-a83c-19bebfd529f7,2026-06-14T22:00:00Z,2026-06-15T00:00:00+0200,21269.24536,MW,DE,DE_LU,forecast_onshore_wind_generation,Wind Onshore,2026-06-20T23:37:13Z
2026-06-20T23:36:01Z,2026-06-21T01:36:01+0200,a960294c-15ac-429a-a83c-19bebfd529f7,2026-06-14T22:15:00Z,2026-06-15T00:15:00+0200,21128.76291,MW,DE,DE_LU,forecast_onshore_wind_generation,Wind Onshore,2026-06-20T23:37:13Z
2026-06-20T23:36:01Z,2026-06-21T01:36:01+0200,a960294c-15ac-429a-a83c-19bebfd529f7,2026-06-14T22:30:00Z,2026-06-15T00:30:00+0200,20987.5134,MW,DE,DE_LU,forecast_onshore_wind_generation,Wind Onshore,2026-06-20T23:37:13Z
2026-06-20T23:36:01Z,2026-06-21T01:36:01+0200,a960294c-15ac-429a-a83c-19bebfd529f7,2026-06-14T22:45:00Z,2026-06-15T00:45:00+0200,20854.84024,MW,DE,DE_LU,forecast_onshore_wind_generation,Wind Onshore,2026-06-20T23:37:13Z
2026-06-20T23:36:01Z,2026-06-21T01:36:01+0200,a960294c-15ac-429a-a83c-19bebfd529f7,2026-06-14T23:00:00Z,2026-06-15T01:00:00+0200,20738.20744,MW,DE,DE_LU,forecast_onshore_wind_generation,Wind Onshore,2026-06-20T23:37:13Z
2026-06-20T23:36:01Z,2026-06-21T01:36:01+0200,a960294c-15ac-429a-a83c-19bebfd529f7,2026-06-14T23:15:00Z,2026-06-15T01:15:00+0200,20679.74958,MW,DE,DE_LU,forecast_onshore_wind_generation,Wind Onshore,2026-06-20T23:37:13Z
2026-06-20T23:36:01Z,2026-06-21T01:36:01+0200,a960294c-15ac-429a-a83c-19bebfd529f7,2026-06-14T23:30:00Z,2026-06-15T01:30:00+0200,20618.84928,MW,DE,DE_LU,forecast_onshore_wind_generation,Wind Onshore,2026-06-20T23:37:13Z
2026-06-20T23:36:01Z,2026-06-21T01:36:01+0200,a960294c-15ac-429a-a83c-19bebfd529f7,2026-06-14T23:45:00Z,2026-06-15T01:45:00+0200,20548.9364,MW,DE,DE_LU,forecast_onshore_wind_generation,Wind Onshore,2026-06-20T23:37:13Z
2026-06-20T23:36:01Z,2026-06-21T01:36:01+0200,a960294c-15ac-429a-a83c-19bebfd529f7,2026-06-15T00:00:00Z,2026-06-15T02:00:00+0200,20484.50795,MW,DE,DE_LU,forecast_onshore_wind_generation,Wind Onshore,2026-06-20T23:37:13Z
2026-06-20T23:36:01Z,2026-06-21T01:36:01+0200,a960294c-15ac-429a-a83c-19bebfd529f7,2026-06-15T00:15:00Z,2026-06-15T02:15:00+0200,20485.06055,MW,DE,DE_LU,forecast_onshore_wind_generation,Wind Onshore,2026-06-20T23:37:13Z
2026-06-20T23:36:01Z,2026-06-21T01:36:01+0200,a960294c-15ac-429a-a83c-19bebfd529f7,2026-06-15T00:30:00Z,2026-06-15T02:30:00+0200,20483.64514,MW,DE,DE_LU,forecast_onshore_wind_generation,Wind Onshore,2026-06-20T23:37:13Z
2026-06-20T23:36:01Z,2026-06-21T01:36:01+0200,a960294c-15ac-429a-a83c-19bebfd529f7,2026-06-15T00:45:00Z,2026-06-15T02:45:00+0200,20485.84056,MW,DE,DE_LU,forecast_onshore_wind_generation,Wind Onshore,2026-06-20T23:37:13Z
2026-06-20T23:36:01Z,2026-06-21T01:36:01+0200,a960294c-15ac-429a-a83c-19bebfd529f7,2026-06-15T01:00:00Z,2026-06-15T03:00:00+0200,20489.95204,MW,DE,DE_LU,forecast_onshore_wind_generation,Wind Onshore,2026-06-20T23:37:13Z
2026-06-20T23:36:01Z,2026-06-21T01:36:01+0200,a960294c-15ac-429a-a83c-19bebfd529f7,2026-06-15T01:15:00Z,2026-06-15T03:15:00+0200,20547.07201,MW,DE,DE_LU,forecast_onshore_wind_generation,Wind Onshore,2026-06-20T23:37:13Z
2026-06-20T23:36:01Z,2026-06-21T01:36:01+0200,a960294c-15ac-429a-a83c-19bebfd529f7,2026-06-15T01:30:00Z,2026-06-15T03:30:00+0200,20605.07514,MW,DE,DE_LU,forecast_onshore_wind_generation,Wind Onshore,2026-06-20T23:37:13Z
2026-06-20T23:36:01Z,2026-06-21T01:36:01+0200,a960294c-15ac-429a-a83c-19bebfd529f7,2026-06-15T01:45:00Z,2026-06-15T03:45:00+0200,20654.48374,MW,DE,DE_LU,forecast_onshore_wind_generation,Wind Onshore,2026-06-20T23:37:13Z
2026-06-20T23:36:01Z,2026-06-21T01:36:01+0200,a960294c-15ac-429a-a83c-19bebfd529f7,2026-06-15T02:00:00Z,2026-06-15T04:00:00+0200,20705.78476,MW,DE,DE_LU,forecast_onshore_wind_generation,Wind Onshore,2026-06-20T23:37:13Z
2026-06-20T23:36:01Z,2026-06-21T01:36:01+0200,a960294c-15ac-429a-a83c-19bebfd529f7,2026-06-15T02:15:00Z,2026-06-15T04:15:00+0200,20788.3028,MW,DE,DE_LU,forecast_onshore_wind_generation,Wind Onshore,2026-06-20T23:37:13Z
2026-06-20T23:36:01Z,2026-06-21T01:36:01+0200,a960294c-15ac-429a-a83c-19bebfd529f7,2026-06-15T02:30:00Z,2026-06-15T04:30:00+0200,20866.10453,MW,DE,DE_LU,forecast_onshore_wind_generation,Wind Onshore,2026-06-20T23:37:13Z
2026-06-20T23:36:01Z,2026-06-21T01:36:01+0200,a960294c-15ac-429a-a83c-19bebfd529f7,2026-06-15T02:45:00Z,2026-06-15T04:45:00+0200,20959.95289,MW,DE,DE_LU,forecast_onshore_wind_generation,Wind Onshore,2026-06-20T23:37:13Z
2026-06-20T23:36:01Z,2026-06-21T01:36:01+0200,a960294c-15ac-429a-a83c-19bebfd529f7,2026-06-15T03:00:00Z,2026-06-15T05:00:00+0200,21042.19871,MW,DE,DE_LU,forecast_onshore_wind_generation,Wind Onshore,2026-06-20T23:37:13Z
2026-06-20T23:36:01Z,2026-06-21T01:36:01+0200,a960294c-15ac-429a-a83c-19bebfd529f7,2026-06-15T03:15:00Z,2026-06-15T05:15:00+0200,21106.52039,MW,DE,DE_LU,forecast_onshore_wind_generation,Wind Onshore,2026-06-20T23:37:13Z
2026-06-20T23:36:01Z,2026-06-21T01:36:01+0200,a960294c-15ac-429a-a83c-19bebfd529f7,2026-06-15T03:30:00Z,2026-06-15T05:30:00+0200,21169.01514,MW,DE,DE_LU,forecast_onshore_wind_generation,Wind Onshore,2026-06-20T23:37:13Z
2026-06-20T23:36:01Z,2026-06-21T01:36:01+0200,a960294c-15ac-429a-a83c-19bebfd529f7,2026-06-15T03:45:00Z,2026-06-15T05:45:00+0200,21220.33961,MW,DE,DE_LU,forecast_onshore_wind_generation,Wind Onshore,2026-06-20T23:37:13Z
2026-06-20T23:36:01Z,2026-06-21T01:36:01+0200,a960294c-15ac-429a-a83c-19bebfd529f7,2026-06-15T04:00:00Z,2026-06-15T06:00:00+0200,21798.06717,MW,DE,DE_LU,forecast_onshore_wind_generation,Wind Onshore,2026-06-20T23:37:13Z
2026-06-20T23:36:01Z,2026-06-21T01:36:01+0200,a960294c-15ac-429a-a83c-19bebfd529f7,2026-06-15T04:15:00Z,2026-06-15T06:15:00+0200,21743.23151,MW,DE,DE_LU,forecast_onshore_wind_generation,Wind Onshore,2026-06-20T23:37:13Z
2026-06-20T23:36:01Z,2026-06-21T01:36:01+0200,a960294c-15ac-429a-a83c-19bebfd529f7,2026-06-15T04:30:00Z,2026-06-15T06:30:00+0200,21710.1925,MW,DE,DE_LU,forecast_onshore_wind_generation,Wind Onshore,2026-06-20T23:37:13Z
2026-06-20T23:36:01Z,2026-06-21T01:36:01+0200,a960294c-15ac-429a-a83c-19bebfd529f7,2026-06-15T04:45:00Z,2026-06-15T06:45:00+0200,21704.27867,MW,DE,DE_LU,forecast_onshore_wind_generation,Wind Onshore,2026-06-20T23:37:13Z
2026-06-20T23:36:01Z,2026-06-21T01:36:01+0200,a960294c-15ac-429a-a83c-19bebfd529f7,2026-06-15T05:00:00Z,2026-06-15T07:00:00+0200,21708.74444,MW,DE,DE_LU,forecast_onshore_wind_generation,Wind Onshore,2026-06-20T23:37:13Z
2026-06-20T23:36:01Z,2026-06-21T01:36:01+0200,a960294c-15ac-429a-a83c-19bebfd529f7,2026-06-15T05:15:00Z,2026-06-15T07:15:00+0200,21832.90596,MW,DE,DE_LU,forecast_onshore_wind_generation,Wind Onshore,2026-06-20T23:37:13Z
2026-06-20T23:36:01Z,2026-06-21T01:36:01+0200,a960294c-15ac-429a-a83c-19bebfd529f7,2026-06-15T05:30:00Z,2026-06-15T07:30:00+0200,21934.0902,MW,DE,DE_LU,forecast_onshore_wind_generation,Wind Onshore,2026-06-20T23:37:13Z
2026-06-20T23:36:01Z,2026-06-21T01:36:01+0200,a960294c-15ac-429a-a83c-19bebfd529f7,2026-06-15T05:45:00Z,2026-06-15T07:45:00+0200,22021.12019,MW,DE,DE_LU,forecast_onshore_wind_generation,Wind Onshore,2026-06-20T23:37:13Z
2026-06-20T23:36:01Z,2026-06-21T01:36:01+0200,a960294c-15ac-429a-a83c-19bebfd529f7,2026-06-15T06:00:00Z,2026-06-15T08:00:00+0200,22003.19523,MW,DE,DE_LU,forecast_onshore_wind_generation,Wind Onshore,2026-06-20T23:37:13Z
2026-06-20T23:36:01Z,2026-06-21T01:36:01+0200,a960294c-15ac-429a-a83c-19bebfd529f7,2026-06-15T06:15:00Z,2026-06-15T08:15:00+0200,22107.22219,MW,DE,DE_LU,forecast_onshore_wind_generation,Wind Onshore,2026-06-20T23:37:13Z
2026-06-20T23:36:01Z,2026-06-21T01:36:01+0200,a960294c-15ac-429a-a83c-19bebfd529f7,2026-06-15T06:30:00Z,2026-06-15T08:30:00+0200,22450.95864,MW,DE,DE_LU,forecast_onshore_wind_generation,Wind Onshore,2026-06-20T23:37:13Z
2026-06-20T23:36:01Z,2026-06-21T01:36:01+0200,a960294c-15ac-429a-a83c-19bebfd529f7,2026-06-15T06:45:00Z,2026-06-15T08:45:00+0200,22765.54251,MW,DE,DE_LU,forecast_onshore_wind_generation,Wind Onshore,2026-06-20T23:37:13Z
2026-06-20T23:36:01Z,2026-06-21T01:36:01+0200,a960294c-15ac-429a-a83c-19bebfd529f7,2026-06-15T07:00:00Z,2026-06-15T09:00:00+0200,23018.95862,MW,DE,DE_LU,forecast_onshore_wind_generation,Wind Onshore,2026-06-20T23:37:13Z
2026-06-20T23:36:01Z,2026-06-21T01:36:01+0200,a960294c-15ac-429a-a83c-19bebfd529f7,2026-06-15T07:15:00Z,2026-06-15T09:15:00+0200,23277.46498,MW,DE,DE_LU,forecast_onshore_wind_generation,Wind Onshore,2026-06-20T23:37:13Z
2026-06-20T23:36:01Z,2026-06-21T01:36:01+0200,a960294c-15ac-429a-a83c-19bebfd529f7,2026-06-15T07:30:00Z,2026-06-15T09:30:00+0200,23463.00421,MW,DE,DE_LU,forecast_onshore_wind_generation,Wind Onshore,2026-06-20T23:37:13Z
2026-06-20T23:36:01Z,2026-06-21T01:36:01+0200,a960294c-15ac-429a-a83c-19bebfd529f7,2026-06-15T07:45:00Z,2026-06-15T09:45:00+0200,23119.05207,MW,DE,DE_LU,forecast_onshore_wind_generation,Wind Onshore,2026-06-20T23:37:13Z
2026-06-20T23:36:01Z,2026-06-21T01:36:01+0200,a960294c-15ac-429a-a83c-19bebfd529f7,2026-06-15T08:00:00Z,2026-06-15T10:00:00+0200,22725.77967,MW,DE,DE_LU,forecast_onshore_wind_generation,Wind Onshore,2026-06-20T23:37:13Z
2026-06-20T23:36:01Z,2026-06-21T01:36:01+0200,a960294c-15ac-429a-a83c-19bebfd529f7,2026-06-15T08:15:00Z,2026-06-15T10:15:00+0200,22318.82806,MW,DE,DE_LU,forecast_onshore_wind_generation,Wind Onshore,2026-06-20T23:37:13Z
2026-06-20T23:36:01Z,2026-06-21T01:36:01+0200,a960294c-15ac-429a-a83c-19bebfd529f7,2026-06-15T08:30:00Z,2026-06-15T10:30:00+0200,21989.41835,MW,DE,DE_LU,forecast_onshore_wind_generation,Wind Onshore,2026-06-20T23:37:13Z
2026-06-20T23:36:01Z,2026-06-21T01:36:01+0200,a960294c-15ac-429a-a83c-19bebfd529f7,2026-06-15T08:45:00Z,2026-06-15T10:45:00+0200,21714.25684,MW,DE,DE_LU,forecast_onshore_wind_generation,Wind Onshore,2026-06-20T23:37:13Z
2026-06-20T23:36:01Z,2026-06-21T01:36:01+0200,a960294c-15ac-429a-a83c-19bebfd529f7,2026-06-15T09:00:00Z,2026-06-15T11:00:00+0200,21430.10275,MW,DE,DE_LU,forecast_onshore_wind_generation,Wind Onshore,2026-06-20T23:37:13Z
2026-06-20T23:36:01Z,2026-06-21T01:36:01+0200,a960294c-15ac-429a-a83c-19bebfd529f7,2026-06-15T09:15:00Z,2026-06-15T11:15:00+0200,21039.87721,MW,DE,DE_LU,forecast_onshore_wind_generation,Wind Onshore,2026-06-20T23:37:13Z
2026-06-20T23:36:01Z,2026-06-21T01:36:01+0200,a960294c-15ac-429a-a83c-19bebfd529f7,2026-06-15T09:30:00Z,2026-06-15T11:30:00+0200,20687.15614,MW,DE,DE_LU,forecast_onshore_wind_generation,Wind Onshore,2026-06-20T23:37:13Z
2026-06-20T23:36:01Z,2026-06-21T01:36:01+0200,a960294c-15ac-429a-a83c-19bebfd529f7,2026-06-15T09:45:00Z,2026-06-15T11:45:00+0200,20397.5842,MW,DE,DE_LU,forecast_onshore_wind_generation,Wind Onshore,2026-06-20T23:37:13Z
2026-06-20T23:36:01Z,2026-06-21T01:36:01+0200,a960294c-15ac-429a-a83c-19bebfd529f7,2026-06-15T10:00:00Z,2026-06-15T12:00:00+0200,20061.99118,MW,DE,DE_LU,forecast_onshore_wind_generation,Wind Onshore,2026-06-20T23:37:13Z
2026-06-20T23:36:01Z,2026-06-21T01:36:01+0200,a960294c-15ac-429a-a83c-19bebfd529f7,2026-06-15T10:15:00Z,2026-06-15T12:15:00+0200,19767.81246,MW,DE,DE_LU,forecast_onshore_wind_generation,Wind Onshore,2026-06-20T23:37:13Z
2026-06-20T23:36:01Z,2026-06-21T01:36:01+0200,a960294c-15ac-429a-a83c-19bebfd529f7,2026-06-15T10:30:00Z,2026-06-15T12:30:00+0200,19498.89844,MW,DE,DE_LU,forecast_onshore_wind_generation,Wind Onshore,2026-06-20T23:37:13Z
2026-06-20T23:36:01Z,2026-06-21T01:36:01+0200,a960294c-15ac-429a-a83c-19bebfd529f7,2026-06-15T10:45:00Z,2026-06-15T12:45:00+0200,19278.79888,MW,DE,DE_LU,forecast_onshore_wind_generation,Wind Onshore,2026-06-20T23:37:13Z
2026-06-20T23:36:01Z,2026-06-21T01:36:01+0200,a960294c-15ac-429a-a83c-19bebfd529f7,2026-06-15T11:00:00Z,2026-06-15T13:00:00+0200,19132.57054,MW,DE,DE_LU,forecast_onshore_wind_generation,Wind Onshore,2026-06-20T23:37:13Z
2026-06-20T23:36:01Z,2026-06-21T01:36:01+0200,a960294c-15ac-429a-a83c-19bebfd529f7,2026-06-15T11:15:00Z,2026-06-15T13:15:00+0200,19011.36184,MW,DE,DE_LU,forecast_onshore_wind_generation,Wind Onshore,2026-06-20T23:37:13Z
2026-06-20T23:36:01Z,2026-06-21T01:36:01+0200,a960294c-15ac-429a-a83c-19bebfd529f7,2026-06-15T11:30:00Z,2026-06-15T13:30:00+0200,18887.82045,MW,DE,DE_LU,forecast_onshore_wind_generation,Wind Onshore,2026-06-20T23:37:13Z
2026-06-20T23:36:01Z,2026-06-21T01:36:01+0200,a960294c-15ac-429a-a83c-19bebfd529f7,2026-06-15T11:45:00Z,2026-06-15T13:45:00+0200,18816.38349,MW,DE,DE_LU,forecast_onshore_wind_generation,Wind Onshore,2026-06-20T23:37:13Z
2026-06-20T23:36:01Z,2026-06-21T01:36:01+0200,a960294c-15ac-429a-a83c-19bebfd529f7,2026-06-15T12:00:00Z,2026-06-15T14:00:00+0200,18882.61981,MW,DE,DE_LU,forecast_onshore_wind_generation,Wind Onshore,2026-06-20T23:37:13Z
2026-06-20T23:36:01Z,2026-06-21T01:36:01+0200,a960294c-15ac-429a-a83c-19bebfd529f7,2026-06-15T12:15:00Z,2026-06-15T14:15:00+0200,18951.96582,MW,DE,DE_LU,forecast_onshore_wind_generation,Wind Onshore,2026-06-20T23:37:13Z
2026-06-20T23:36:01Z,2026-06-21T01:36:01+0200,a960294c-15ac-429a-a83c-19bebfd529f7,2026-06-15T12:30:00Z,2026-06-15T14:30:00+0200,19050.21164,MW,DE,DE_LU,forecast_onshore_wind_generation,Wind Onshore,2026-06-20T23:37:13Z
2026-06-20T23:36:01Z,2026-06-21T01:36:01+0200,a960294c-15ac-429a-a83c-19bebfd529f7,2026-06-15T12:45:00Z,2026-06-15T14:45:00+0200,19217.18852,MW,DE,DE_LU,forecast_onshore_wind_generation,Wind Onshore,2026-06-20T23:37:13Z
2026-06-20T23:36:01Z,2026-06-21T01:36:01+0200,a960294c-15ac-429a-a83c-19bebfd529f7,2026-06-15T13:00:00Z,2026-06-15T15:00:00+0200,19329.85071,MW,DE,DE_LU,forecast_onshore_wind_generation,Wind Onshore,2026-06-20T23:37:13Z
2026-06-20T23:36:01Z,2026-06-21T01:36:01+0200,a960294c-15ac-429a-a83c-19bebfd529f7,2026-06-15T13:15:00Z,2026-06-15T15:15:00+0200,19487.10555,MW,DE,DE_LU,forecast_onshore_wind_generation,Wind Onshore,2026-06-20T23:37:13Z
2026-06-20T23:36:01Z,2026-06-21T01:36:01+0200,a960294c-15ac-429a-a83c-19bebfd529f7,2026-06-15T13:30:00Z,2026-06-15T15:30:00+0200,19685.3457,MW,DE,DE_LU,forecast_onshore_wind_generation,Wind Onshore,2026-06-20T23:37:13Z
2026-06-20T23:36:01Z,2026-06-21T01:36:01+0200,a960294c-15ac-429a-a83c-19bebfd529f7,2026-06-15T13:45:00Z,2026-06-15T15:45:00+0200,19962.80849,MW,DE,DE_LU,forecast_onshore_wind_generation,Wind Onshore,2026-06-20T23:37:13Z
2026-06-20T23:36:01Z,2026-06-21T01:36:01+0200,a960294c-15ac-429a-a83c-19bebfd529f7,2026-06-15T14:00:00Z,2026-06-15T16:00:00+0200,20300.15623,MW,DE,DE_LU,forecast_onshore_wind_generation,Wind Onshore,2026-06-20T23:37:13Z
2026-06-20T23:36:01Z,2026-06-21T01:36:01+0200,a960294c-15ac-429a-a83c-19bebfd529f7,2026-06-15T14:15:00Z,2026-06-15T16:15:00+0200,20717.22442,MW,DE,DE_LU,forecast_onshore_wind_generation,Wind Onshore,2026-06-20T23:37:13Z
2026-06-20T23:36:01Z,2026-06-21T01:36:01+0200,a960294c-15ac-429a-a83c-19bebfd529f7,2026-06-15T14:30:00Z,2026-06-15T16:30:00+0200,21207.37169,MW,DE,DE_LU,forecast_onshore_wind_generation,Wind Onshore,2026-06-20T23:37:13Z
2026-06-20T23:36:01Z,2026-06-21T01:36:01+0200,a960294c-15ac-429a-a83c-19bebfd529f7,2026-06-15T14:45:00Z,2026-06-15T16:45:00+0200,21730.63673,MW,DE,DE_LU,forecast_onshore_wind_generation,Wind Onshore,2026-06-20T23:37:13Z
2026-06-20T23:36:01Z,2026-06-21T01:36:01+0200,a960294c-15ac-429a-a83c-19bebfd529f7,2026-06-15T15:00:00Z,2026-06-15T17:00:00+0200,22083.77024,MW,DE,DE_LU,forecast_onshore_wind_generation,Wind Onshore,2026-06-20T23:37:13Z
2026-06-20T23:36:01Z,2026-06-21T01:36:01+0200,a960294c-15ac-429a-a83c-19bebfd529f7,2026-06-15T15:15:00Z,2026-06-15T17:15:00+0200,22718.19694,MW,DE,DE_LU,forecast_onshore_wind_generation,Wind Onshore,2026-06-20T23:37:13Z
2026-06-20T23:36:01Z,2026-06-21T01:36:01+0200,a960294c-15ac-429a-a83c-19bebfd529f7,2026-06-15T15:30:00Z,2026-06-15T17:30:00+0200,23322.74377,MW,DE,DE_LU,forecast_onshore_wind_generation,Wind Onshore,2026-06-20T23:37:13Z
2026-06-20T23:36:01Z,2026-06-21T01:36:01+0200,a960294c-15ac-429a-a83c-19bebfd529f7,2026-06-15T15:45:00Z,2026-06-15T17:45:00+0200,23849.15763,MW,DE,DE_LU,forecast_onshore_wind_generation,Wind Onshore,2026-06-20T23:37:13Z
2026-06-20T23:36:01Z,2026-06-21T01:36:01+0200,a960294c-15ac-429a-a83c-19bebfd529f7,2026-06-15T16:00:00Z,2026-06-15T18:00:00+0200,23848.09329,MW,DE,DE_LU,forecast_onshore_wind_generation,Wind Onshore,2026-06-20T23:37:13Z
2026-06-20T23:36:01Z,2026-06-21T01:36:01+0200,a960294c-15ac-429a-a83c-19bebfd529f7,2026-06-15T16:15:00Z,2026-06-15T18:15:00+0200,23412.778,MW,DE,DE_LU,forecast_onshore_wind_generation,Wind Onshore,2026-06-20T23:37:13Z
2026-06-20T23:36:01Z,2026-06-21T01:36:01+0200,a960294c-15ac-429a-a83c-19bebfd529f7,2026-06-15T16:30:00Z,2026-06-15T18:30:00+0200,22962.54902,MW,DE,DE_LU,forecast_onshore_wind_generation,Wind Onshore,2026-06-20T23:37:13Z
2026-06-20T23:36:01Z,2026-06-21T01:36:01+0200,a960294c-15ac-429a-a83c-19bebfd529f7,2026-06-15T16:45:00Z,2026-06-15T18:45:00+0200,22508.15589,MW,DE,DE_LU,forecast_onshore_wind_generation,Wind Onshore,2026-06-20T23:37:13Z
2026-06-20T23:36:01Z,2026-06-21T01:36:01+0200,a960294c-15ac-429a-a83c-19bebfd529f7,2026-06-15T17:00:00Z,2026-06-15T19:00:00+0200,22039.86702,MW,DE,DE_LU,forecast_onshore_wind_generation,Wind Onshore,2026-06-20T23:37:13Z
2026-06-20T23:36:01Z,2026-06-21T01:36:01+0200,a960294c-15ac-429a-a83c-19bebfd529f7,2026-06-15T17:15:00Z,2026-06-15T19:15:00+0200,21338.47145,MW,DE,DE_LU,forecast_onshore_wind_generation,Wind Onshore,2026-06-20T23:37:13Z
2026-06-20T23:36:01Z,2026-06-21T01:36:01+0200,a960294c-15ac-429a-a83c-19bebfd529f7,2026-06-15T17:30:00Z,2026-06-15T19:30:00+0200,20631.86689,MW,DE,DE_LU,forecast_onshore_wind_generation,Wind Onshore,2026-06-20T23:37:13Z
2026-06-20T23:36:01Z,2026-06-21T01:36:01+0200,a960294c-15ac-429a-a83c-19bebfd529f7,2026-06-15T17:45:00Z,2026-06-15T19:45:00+0200,19959.00719,MW,DE,DE_LU,forecast_onshore_wind_generation,Wind Onshore,2026-06-20T23:37:13Z
2026-06-20T23:36:01Z,2026-06-21T01:36:01+0200,a960294c-15ac-429a-a83c-19bebfd529f7,2026-06-15T18:00:00Z,2026-06-15T20:00:00+0200,19127.69298,MW,DE,DE_LU,forecast_onshore_wind_generation,Wind Onshore,2026-06-20T23:37:13Z
2026-06-20T23:36:01Z,2026-06-21T01:36:01+0200,a960294c-15ac-429a-a83c-19bebfd529f7,2026-06-15T18:15:00Z,2026-06-15T20:15:00+0200,18371.6852,MW,DE,DE_LU,forecast_onshore_wind_generation,Wind Onshore,2026-06-20T23:37:13Z
2026-06-20T23:36:01Z,2026-06-21T01:36:01+0200,a960294c-15ac-429a-a83c-19bebfd529f7,2026-06-15T18:30:00Z,2026-06-15T20:30:00+0200,17579.44386,MW,DE,DE_LU,forecast_onshore_wind_generation,Wind Onshore,2026-06-20T23:37:13Z
2026-06-20T23:36:01Z,2026-06-21T01:36:01+0200,a960294c-15ac-429a-a83c-19bebfd529f7,2026-06-15T18:45:00Z,2026-06-15T20:45:00+0200,16745.9699,MW,DE,DE_LU,forecast_onshore_wind_generation,Wind Onshore,2026-06-20T23:37:13Z
2026-06-20T23:36:01Z,2026-06-21T01:36:01+0200,a960294c-15ac-429a-a83c-19bebfd529f7,2026-06-15T19:00:00Z,2026-06-15T21:00:00+0200,15934.06805,MW,DE,DE_LU,forecast_onshore_wind_generation,Wind Onshore,2026-06-20T23:37:13Z
2026-06-20T23:36:01Z,2026-06-21T01:36:01+0200,a960294c-15ac-429a-a83c-19bebfd529f7,2026-06-15T19:15:00Z,2026-06-15T21:15:00+0200,15285.03572,MW,DE,DE_LU,forecast_onshore_wind_generation,Wind Onshore,2026-06-20T23:37:13Z
2026-06-20T23:36:01Z,2026-06-21T01:36:01+0200,a960294c-15ac-429a-a83c-19bebfd529f7,2026-06-15T19:30:00Z,2026-06-15T21:30:00+0200,14710.2304,MW,DE,DE_LU,forecast_onshore_wind_generation,Wind Onshore,2026-06-20T23:37:13Z
2026-06-20T23:36:01Z,2026-06-21T01:36:01+0200,a960294c-15ac-429a-a83c-19bebfd529f7,2026-06-15T19:45:00Z,2026-06-15T21:45:00+0200,14170.10022,MW,DE,DE_LU,forecast_onshore_wind_generation,Wind Onshore,2026-06-20T23:37:13Z
2026-06-20T23:36:01Z,2026-06-21T01:36:01+0200,a960294c-15ac-429a-a83c-19bebfd529f7,2026-06-15T20:00:00Z,2026-06-15T22:00:00+0200,13408.20461,MW,DE,DE_LU,forecast_onshore_wind_generation,Wind Onshore,2026-06-20T23:37:13Z
2026-06-20T23:36:01Z,2026-06-21T01:36:01+0200,a960294c-15ac-429a-a83c-19bebfd529f7,2026-06-15T20:15:00Z,2026-06-15T22:15:00+0200,13027.46587,MW,DE,DE_LU,forecast_onshore_wind_generation,Wind Onshore,2026-06-20T23:37:13Z
2026-06-20T23:36:01Z,2026-06-21T01:36:01+0200,a960294c-15ac-429a-a83c-19bebfd529f7,2026-06-15T20:30:00Z,2026-06-15T22:30:00+0200,12652.79494,MW,DE,DE_LU,forecast_onshore_wind_generation,Wind Onshore,2026-06-20T23:37:13Z
2026-06-20T23:36:01Z,2026-06-21T01:36:01+0200,a960294c-15ac-429a-a83c-19bebfd529f7,2026-06-15T20:45:00Z,2026-06-15T22:45:00+0200,12277.38515,MW,DE,DE_LU,forecast_onshore_wind_generation,Wind Onshore,2026-06-20T23:37:13Z
2026-06-20T23:36:01Z,2026-06-21T01:36:01+0200,a960294c-15ac-429a-a83c-19bebfd529f7,2026-06-15T21:00:00Z,2026-06-15T23:00:00+0200,11897.9336,MW,DE,DE_LU,forecast_onshore_wind_generation,Wind Onshore,2026-06-20T23:37:13Z
2026-06-20T23:36:01Z,2026-06-21T01:36:01+0200,a960294c-15ac-429a-a83c-19bebfd529f7,2026-06-15T21:15:00Z,2026-06-15T23:15:00+0200,11589.4195,MW,DE,DE_LU,forecast_onshore_wind_generation,Wind Onshore,2026-06-20T23:37:13Z
2026-06-20T23:36:01Z,2026-06-21T01:36:01+0200,a960294c-15ac-429a-a83c-19bebfd529f7,2026-06-15T21:30:00Z,2026-06-15T23:30:00+0200,11280.28471,MW,DE,DE_LU,forecast_onshore_wind_generation,Wind Onshore,2026-06-20T23:37:13Z
2026-06-20T23:36:01Z,2026-06-21T01:36:01+0200,a960294c-15ac-429a-a83c-19bebfd529f7,2026-06-15T21:45:00Z,2026-06-15T23:45:00+0200,10963.98097,MW,DE,DE_LU,forecast_onshore_wind_generation,Wind Onshore,2026-06-20T23:37:13Z
2026-06-20T23:36:01Z,2026-06-21T01:36:01+0200,a960294c-15ac-429a-a83c-19bebfd529f7,2026-06-15T22:00:00Z,2026-06-16T00:00:00+0200,10069.81932,MW,DE,DE_LU,forecast_onshore_wind_generation,Wind Onshore,2026-06-20T23:37:13Z
2026-06-20T23:36:01Z,2026-06-21T01:36:01+0200,a960294c-15ac-429a-a83c-19bebfd529f7,2026-06-15T22:15:00Z,2026-06-16T00:15:00+0200,9716.4877,MW,DE,DE_LU,forecast_onshore_wind_generation,Wind Onshore,2026-06-20T23:37:13Z
2026-06-20T23:36:01Z,2026-06-21T01:36:01+0200,a960294c-15ac-429a-a83c-19bebfd529f7,2026-06-15T22:30:00Z,2026-06-16T00:30:00+0200,9440.97429,MW,DE,DE_LU,forecast_onshore_wind_generation,Wind Onshore,2026-06-20T23:37:13Z
2026-06-20T23:36:01Z,2026-06-21T01:36:01+0200,a960294c-15ac-429a-a83c-19bebfd529f7,2026-06-15T22:45:00Z,2026-06-16T00:45:00+0200,9169.89101,MW,DE,DE_LU,forecast_onshore_wind_generation,Wind Onshore,2026-06-20T23:37:13Z
2026-06-20T23:36:01Z,2026-06-21T01:36:01+0200,a960294c-15ac-429a-a83c-19bebfd529f7,2026-06-15T23:00:00Z,2026-06-16T01:00:00+0200,8907.23709,MW,DE,DE_LU,forecast_onshore_wind_generation,Wind Onshore,2026-06-20T23:37:13Z
2026-06-20T23:36:01Z,2026-06-21T01:36:01+0200,a960294c-15ac-429a-a83c-19bebfd529f7,2026-06-15T23:15:00Z,2026-06-16T01:15:00+0200,8685.03351,MW,DE,DE_LU,forecast_onshore_wind_generation,Wind Onshore,2026-06-20T23:37:13Z
2026-06-20T23:36:01Z,2026-06-21T01:36:01+0200,a960294c-15ac-429a-a83c-19bebfd529f7,2026-06-15T23:30:00Z,2026-06-16T01:30:00+0200,8476.53092,MW,DE,DE_LU,forecast_onshore_wind_generation,Wind Onshore,2026-06-20T23:37:13Z
2026-06-20T23:36:01Z,2026-06-21T01:36:01+0200,a960294c-15ac-429a-a83c-19bebfd529f7,2026-06-15T23:45:00Z,2026-06-16T01:45:00+0200,8281.09338,MW,DE,DE_LU,forecast_onshore_wind_generation,Wind Onshore,2026-06-20T23:37:13Z
2026-06-20T23:36:01Z,2026-06-21T01:36:01+0200,a960294c-15ac-429a-a83c-19bebfd529f7,2026-06-16T00:00:00Z,2026-06-16T02:00:00+0200,8124.97211,MW,DE,DE_LU,forecast_onshore_wind_generation,Wind Onshore,2026-06-20T23:37:13Z
2026-06-20T23:36:01Z,2026-06-21T01:36:01+0200,a960294c-15ac-429a-a83c-19bebfd529f7,2026-06-16T00:15:00Z,2026-06-16T02:15:00+0200,7983.614,MW,DE,DE_LU,forecast_onshore_wind_generation,Wind Onshore,2026-06-20T23:37:13Z
2026-06-20T23:36:01Z,2026-06-21T01:36:01+0200,a960294c-15ac-429a-a83c-19bebfd529f7,2026-06-16T00:30:00Z,2026-06-16T02:30:00+0200,7822.90183,MW,DE,DE_LU,forecast_onshore_wind_generation,Wind Onshore,2026-06-20T23:37:13Z
2026-06-20T23:36:01Z,2026-06-21T01:36:01+0200,a960294c-15ac-429a-a83c-19bebfd529f7,2026-06-16T00:45:00Z,2026-06-16T02:45:00+0200,7666.49768,MW,DE,DE_LU,forecast_onshore_wind_generation,Wind Onshore,2026-06-20T23:37:13Z
2026-06-20T23:36:01Z,2026-06-21T01:36:01+0200,a960294c-15ac-429a-a83c-19bebfd529f7,2026-06-16T01:00:00Z,2026-06-16T03:00:00+0200,7507.53879,MW,DE,DE_LU,forecast_onshore_wind_generation,Wind Onshore,2026-06-20T23:37:13Z
2026-06-20T23:36:01Z,2026-06-21T01:36:01+0200,a960294c-15ac-429a-a83c-19bebfd529f7,2026-06-16T01:15:00Z,2026-06-16T03:15:00+0200,7402.15145,MW,DE,DE_LU,forecast_onshore_wind_generation,Wind Onshore,2026-06-20T23:37:13Z
2026-06-20T23:36:01Z,2026-06-21T01:36:01+0200,a960294c-15ac-429a-a83c-19bebfd529f7,2026-06-16T01:30:00Z,2026-06-16T03:30:00+0200,7297.1309,MW,DE,DE_LU,forecast_onshore_wind_generation,Wind Onshore,2026-06-20T23:37:13Z
2026-06-20T23:36:01Z,2026-06-21T01:36:01+0200,a960294c-15ac-429a-a83c-19bebfd529f7,2026-06-16T01:45:00Z,2026-06-16T03:45:00+0200,7187.56825,MW,DE,DE_LU,forecast_onshore_wind_generation,Wind Onshore,2026-06-20T23:37:13Z
2026-06-20T23:36:01Z,2026-06-21T01:36:01+0200,a960294c-15ac-429a-a83c-19bebfd529f7,2026-06-16T02:00:00Z,2026-06-16T04:00:00+0200,7080.32294,MW,DE,DE_LU,forecast_onshore_wind_generation,Wind Onshore,2026-06-20T23:37:13Z
2026-06-20T23:36:01Z,2026-06-21T01:36:01+0200,a960294c-15ac-429a-a83c-19bebfd529f7,2026-06-16T02:15:00Z,2026-06-16T04:15:00+0200,7042.51927,MW,DE,DE_LU,forecast_onshore_wind_generation,Wind Onshore,2026-06-20T23:37:13Z
2026-06-20T23:36:01Z,2026-06-21T01:36:01+0200,a960294c-15ac-429a-a83c-19bebfd529f7,2026-06-16T02:30:00Z,2026-06-16T04:30:00+0200,7004.14483,MW,DE,DE_LU,forecast_onshore_wind_generation,Wind Onshore,2026-06-20T23:37:13Z
2026-06-20T23:36:01Z,2026-06-21T01:36:01+0200,a960294c-15ac-429a-a83c-19bebfd529f7,2026-06-16T02:45:00Z,2026-06-16T04:45:00+0200,6976.17475,MW,DE,DE_LU,forecast_onshore_wind_generation,Wind Onshore,2026-06-20T23:37:13Z
2026-06-20T23:36:01Z,2026-06-21T01:36:01+0200,a960294c-15ac-429a-a83c-19bebfd529f7,2026-06-16T03:00:00Z,2026-06-16T05:00:00+0200,6936.61898,MW,DE,DE_LU,forecast_onshore_wind_generation,Wind Onshore,2026-06-20T23:37:13Z
2026-06-20T23:36:01Z,2026-06-21T01:36:01+0200,a960294c-15ac-429a-a83c-19bebfd529f7,2026-06-16T03:15:00Z,2026-06-16T05:15:00+0200,6927.54679,MW,DE,DE_LU,forecast_onshore_wind_generation,Wind Onshore,2026-06-20T23:37:13Z
2026-06-20T23:36:01Z,2026-06-21T01:36:01+0200,a960294c-15ac-429a-a83c-19bebfd529f7,2026-06-16T03:30:00Z,2026-06-16T05:30:00+0200,6925.38692,MW,DE,DE_LU,forecast_onshore_wind_generation,Wind Onshore,2026-06-20T23:37:13Z
2026-06-20T23:36:01Z,2026-06-21T01:36:01+0200,a960294c-15ac-429a-a83c-19bebfd529f7,2026-06-16T03:45:00Z,2026-06-16T05:45:00+0200,6919.38378,MW,DE,DE_LU,forecast_onshore_wind_generation,Wind Onshore,2026-06-20T23:37:13Z
2026-06-20T23:36:01Z,2026-06-21T01:36:01+0200,a960294c-15ac-429a-a83c-19bebfd529f7,2026-06-16T04:00:00Z,2026-06-16T06:00:00+0200,6974.01073,MW,DE,DE_LU,forecast_onshore_wind_generation,Wind Onshore,2026-06-20T23:37:13Z
2026-06-20T23:36:01Z,2026-06-21T01:36:01+0200,a960294c-15ac-429a-a83c-19bebfd529f7,2026-06-16T04:15:00Z,2026-06-16T06:15:00+0200,6926.1502,MW,DE,DE_LU,forecast_onshore_wind_generation,Wind Onshore,2026-06-20T23:37:13Z
2026-06-20T23:36:01Z,2026-06-21T01:36:01+0200,a960294c-15ac-429a-a83c-19bebfd529f7,2026-06-16T04:30:00Z,2026-06-16T06:30:00+0200,6879.85507,MW,DE,DE_LU,forecast_onshore_wind_generation,Wind Onshore,2026-06-20T23:37:13Z
2026-06-20T23:36:01Z,2026-06-21T01:36:01+0200,a960294c-15ac-429a-a83c-19bebfd529f7,2026-06-16T04:45:00Z,2026-06-16T06:45:00+0200,6821.01942,MW,DE,DE_LU,forecast_onshore_wind_generation,Wind Onshore,2026-06-20T23:37:13Z
2026-06-20T23:36:01Z,2026-06-21T01:36:01+0200,a960294c-15ac-429a-a83c-19bebfd529f7,2026-06-16T05:00:00Z,2026-06-16T07:00:00+0200,6772.04892,MW,DE,DE_LU,forecast_onshore_wind_generation,Wind Onshore,2026-06-20T23:37:13Z
2026-06-20T23:36:01Z,2026-06-21T01:36:01+0200,a960294c-15ac-429a-a83c-19bebfd529f7,2026-06-16T05:15:00Z,2026-06-16T07:15:00+0200,6652.2325,MW,DE,DE_LU,forecast_onshore_wind_generation,Wind Onshore,2026-06-20T23:37:13Z
2026-06-20T23:36:01Z,2026-06-21T01:36:01+0200,a960294c-15ac-429a-a83c-19bebfd529f7,2026-06-16T05:30:00Z,2026-06-16T07:30:00+0200,6545.24095,MW,DE,DE_LU,forecast_onshore_wind_generation,Wind Onshore,2026-06-20T23:37:13Z
2026-06-20T23:36:01Z,2026-06-21T01:36:01+0200,a960294c-15ac-429a-a83c-19bebfd529f7,2026-06-16T05:45:00Z,2026-06-16T07:45:00+0200,6470.73162,MW,DE,DE_LU,forecast_onshore_wind_generation,Wind Onshore,2026-06-20T23:37:13Z
2026-06-20T23:36:01Z,2026-06-21T01:36:01+0200,a960294c-15ac-429a-a83c-19bebfd529f7,2026-06-16T06:00:00Z,2026-06-16T08:00:00+0200,6424.1286,MW,DE,DE_LU,forecast_onshore_wind_generation,Wind Onshore,2026-06-20T23:37:13Z
2026-06-20T23:36:01Z,2026-06-21T01:36:01+0200,a960294c-15ac-429a-a83c-19bebfd529f7,2026-06-16T06:15:00Z,2026-06-16T08:15:00+0200,6325.14202,MW,DE,DE_LU,forecast_onshore_wind_generation,Wind Onshore,2026-06-20T23:37:13Z
2026-06-20T23:36:01Z,2026-06-21T01:36:01+0200,a960294c-15ac-429a-a83c-19bebfd529f7,2026-06-16T06:30:00Z,2026-06-16T08:30:00+0200,6185.61725,MW,DE,DE_LU,forecast_onshore_wind_generation,Wind Onshore,2026-06-20T23:37:13Z
2026-06-20T23:36:01Z,2026-06-21T01:36:01+0200,a960294c-15ac-429a-a83c-19bebfd529f7,2026-06-16T06:45:00Z,2026-06-16T08:45:00+0200,6028.63921,MW,DE,DE_LU,forecast_onshore_wind_generation,Wind Onshore,2026-06-20T23:37:13Z
2026-06-20T23:36:01Z,2026-06-21T01:36:01+0200,a960294c-15ac-429a-a83c-19bebfd529f7,2026-06-16T07:00:00Z,2026-06-16T09:00:00+0200,5865.78607,MW,DE,DE_LU,forecast_onshore_wind_generation,Wind Onshore,2026-06-20T23:37:13Z
2026-06-20T23:36:01Z,2026-06-21T01:36:01+0200,a960294c-15ac-429a-a83c-19bebfd529f7,2026-06-16T07:15:00Z,2026-06-16T09:15:00+0200,5775.24414,MW,DE,DE_LU,forecast_onshore_wind_generation,Wind Onshore,2026-06-20T23:37:13Z
2026-06-20T23:36:01Z,2026-06-21T01:36:01+0200,a960294c-15ac-429a-a83c-19bebfd529f7,2026-06-16T07:30:00Z,2026-06-16T09:30:00+0200,5695.71736,MW,DE,DE_LU,forecast_onshore_wind_generation,Wind Onshore,2026-06-20T23:37:13Z
2026-06-20T23:36:01Z,2026-06-21T01:36:01+0200,a960294c-15ac-429a-a83c-19bebfd529f7,2026-06-16T07:45:00Z,2026-06-16T09:45:00+0200,5617.74534,MW,DE,DE_LU,forecast_onshore_wind_generation,Wind Onshore,2026-06-20T23:37:13Z
2026-06-20T23:36:01Z,2026-06-21T01:36:01+0200,a960294c-15ac-429a-a83c-19bebfd529f7,2026-06-16T08:00:00Z,2026-06-16T10:00:00+0200,5555.14148,MW,DE,DE_LU,forecast_onshore_wind_generation,Wind Onshore,2026-06-20T23:37:13Z
2026-06-20T23:36:01Z,2026-06-21T01:36:01+0200,a960294c-15ac-429a-a83c-19bebfd529f7,2026-06-16T08:15:00Z,2026-06-16T10:15:00+0200,5561.22207,MW,DE,DE_LU,forecast_onshore_wind_generation,Wind Onshore,2026-06-20T23:37:13Z
2026-06-20T23:36:01Z,2026-06-21T01:36:01+0200,a960294c-15ac-429a-a83c-19bebfd529f7,2026-06-16T08:30:00Z,2026-06-16T10:30:00+0200,5563.30832,MW,DE,DE_LU,forecast_onshore_wind_generation,Wind Onshore,2026-06-20T23:37:13Z
2026-06-20T23:36:01Z,2026-06-21T01:36:01+0200,a960294c-15ac-429a-a83c-19bebfd529f7,2026-06-16T08:45:00Z,2026-06-16T10:45:00+0200,5566.44386,MW,DE,DE_LU,forecast_onshore_wind_generation,Wind Onshore,2026-06-20T23:37:13Z
2026-06-20T23:36:01Z,2026-06-21T01:36:01+0200,a960294c-15ac-429a-a83c-19bebfd529f7,2026-06-16T09:00:00Z,2026-06-16T11:00:00+0200,5561.38503,MW,DE,DE_LU,forecast_onshore_wind_generation,Wind Onshore,2026-06-20T23:37:13Z
2026-06-20T23:36:01Z,2026-06-21T01:36:01+0200,a960294c-15ac-429a-a83c-19bebfd529f7,2026-06-16T09:15:00Z,2026-06-16T11:15:00+0200,5613.13208,MW,DE,DE_LU,forecast_onshore_wind_generation,Wind Onshore,2026-06-20T23:37:13Z
2026-06-20T23:36:01Z,2026-06-21T01:36:01+0200,a960294c-15ac-429a-a83c-19bebfd529f7,2026-06-16T09:30:00Z,2026-06-16T11:30:00+0200,5669.01473,MW,DE,DE_LU,forecast_onshore_wind_generation,Wind Onshore,2026-06-20T23:37:13Z
2026-06-20T23:36:01Z,2026-06-21T01:36:01+0200,a960294c-15ac-429a-a83c-19bebfd529f7,2026-06-16T09:45:00Z,2026-06-16T11:45:00+0200,5721.76321,MW,DE,DE_LU,forecast_onshore_wind_generation,Wind Onshore,2026-06-20T23:37:13Z
2026-06-20T23:36:01Z,2026-06-21T01:36:01+0200,a960294c-15ac-429a-a83c-19bebfd529f7,2026-06-16T10:00:00Z,2026-06-16T12:00:00+0200,5773.21025,MW,DE,DE_LU,forecast_onshore_wind_generation,Wind Onshore,2026-06-20T23:37:13Z
2026-06-20T23:36:01Z,2026-06-21T01:36:01+0200,a960294c-15ac-429a-a83c-19bebfd529f7,2026-06-16T10:15:00Z,2026-06-16T12:15:00+0200,5886.88089,MW,DE,DE_LU,forecast_onshore_wind_generation,Wind Onshore,2026-06-20T23:37:13Z
2026-06-20T23:36:01Z,2026-06-21T01:36:01+0200,a960294c-15ac-429a-a83c-19bebfd529f7,2026-06-16T10:30:00Z,2026-06-16T12:30:00+0200,6005.09239,MW,DE,DE_LU,forecast_onshore_wind_generation,Wind Onshore,2026-06-20T23:37:13Z
2026-06-20T23:36:01Z,2026-06-21T01:36:01+0200,a960294c-15ac-429a-a83c-19bebfd529f7,2026-06-16T10:45:00Z,2026-06-16T12:45:00+0200,6122.89226,MW,DE,DE_LU,forecast_onshore_wind_generation,Wind Onshore,2026-06-20T23:37:13Z
2026-06-20T23:36:01Z,2026-06-21T01:36:01+0200,a960294c-15ac-429a-a83c-19bebfd529f7,2026-06-16T11:00:00Z,2026-06-16T13:00:00+0200,6238.11845,MW,DE,DE_LU,forecast_onshore_wind_generation,Wind Onshore,2026-06-20T23:37:13Z
2026-06-20T23:36:01Z,2026-06-21T01:36:01+0200,a960294c-15ac-429a-a83c-19bebfd529f7,2026-06-16T11:15:00Z,2026-06-16T13:15:00+0200,6417.32418,MW,DE,DE_LU,forecast_onshore_wind_generation,Wind Onshore,2026-06-20T23:37:13Z
2026-06-20T23:36:01Z,2026-06-21T01:36:01+0200,a960294c-15ac-429a-a83c-19bebfd529f7,2026-06-16T11:30:00Z,2026-06-16T13:30:00+0200,6605.71373,MW,DE,DE_LU,forecast_onshore_wind_generation,Wind Onshore,2026-06-20T23:37:13Z
2026-06-20T23:36:01Z,2026-06-21T01:36:01+0200,a960294c-15ac-429a-a83c-19bebfd529f7,2026-06-16T11:45:00Z,2026-06-16T13:45:00+0200,6813.0211,MW,DE,DE_LU,forecast_onshore_wind_generation,Wind Onshore,2026-06-20T23:37:13Z
2026-06-20T23:36:01Z,2026-06-21T01:36:01+0200,a960294c-15ac-429a-a83c-19bebfd529f7,2026-06-16T12:00:00Z,2026-06-16T14:00:00+0200,7015.44446,MW,DE,DE_LU,forecast_onshore_wind_generation,Wind Onshore,2026-06-20T23:37:13Z
2026-06-20T23:36:01Z,2026-06-21T01:36:01+0200,a960294c-15ac-429a-a83c-19bebfd529f7,2026-06-16T12:15:00Z,2026-06-16T14:15:00+0200,7138.2496,MW,DE,DE_LU,forecast_onshore_wind_generation,Wind Onshore,2026-06-20T23:37:13Z
2026-06-20T23:36:01Z,2026-06-21T01:36:01+0200,a960294c-15ac-429a-a83c-19bebfd529f7,2026-06-16T12:30:00Z,2026-06-16T14:30:00+0200,7233.2568,MW,DE,DE_LU,forecast_onshore_wind_generation,Wind Onshore,2026-06-20T23:37:13Z
2026-06-20T23:36:01Z,2026-06-21T01:36:01+0200,a960294c-15ac-429a-a83c-19bebfd529f7,2026-06-16T12:45:00Z,2026-06-16T14:45:00+0200,7323.32545,MW,DE,DE_LU,forecast_onshore_wind_generation,Wind Onshore,2026-06-20T23:37:13Z
2026-06-20T23:36:01Z,2026-06-21T01:36:01+0200,a960294c-15ac-429a-a83c-19bebfd529f7,2026-06-16T13:00:00Z,2026-06-16T15:00:00+0200,7400.83813,MW,DE,DE_LU,forecast_onshore_wind_generation,Wind Onshore,2026-06-20T23:37:13Z
2026-06-20T23:36:01Z,2026-06-21T01:36:01+0200,a960294c-15ac-429a-a83c-19bebfd529f7,2026-06-16T13:15:00Z,2026-06-16T15:15:00+0200,7399.06487,MW,DE,DE_LU,forecast_onshore_wind_generation,Wind Onshore,2026-06-20T23:37:13Z
2026-06-20T23:36:01Z,2026-06-21T01:36:01+0200,a960294c-15ac-429a-a83c-19bebfd529f7,2026-06-16T13:30:00Z,2026-06-16T15:30:00+0200,7391.53348,MW,DE,DE_LU,forecast_onshore_wind_generation,Wind Onshore,2026-06-20T23:37:13Z
2026-06-20T23:36:01Z,2026-06-21T01:36:01+0200,a960294c-15ac-429a-a83c-19bebfd529f7,2026-06-16T13:45:00Z,2026-06-16T15:45:00+0200,7384.852,MW,DE,DE_LU,forecast_onshore_wind_generation,Wind Onshore,2026-06-20T23:37:13Z
2026-06-20T23:36:01Z,2026-06-21T01:36:01+0200,a960294c-15ac-429a-a83c-19bebfd529f7,2026-06-16T14:00:00Z,2026-06-16T16:00:00+0200,7383.45622,MW,DE,DE_LU,forecast_onshore_wind_generation,Wind Onshore,2026-06-20T23:37:13Z
2026-06-20T23:36:01Z,2026-06-21T01:36:01+0200,a960294c-15ac-429a-a83c-19bebfd529f7,2026-06-16T14:15:00Z,2026-06-16T16:15:00+0200,7332.36075,MW,DE,DE_LU,forecast_onshore_wind_generation,Wind Onshore,2026-06-20T23:37:13Z
2026-06-20T23:36:01Z,2026-06-21T01:36:01+0200,a960294c-15ac-429a-a83c-19bebfd529f7,2026-06-16T14:30:00Z,2026-06-16T16:30:00+0200,7280.96064,MW,DE,DE_LU,forecast_onshore_wind_generation,Wind Onshore,2026-06-20T23:37:13Z
2026-06-20T23:36:01Z,2026-06-21T01:36:01+0200,a960294c-15ac-429a-a83c-19bebfd529f7,2026-06-16T14:45:00Z,2026-06-16T16:45:00+0200,7233.85523,MW,DE,DE_LU,forecast_onshore_wind_generation,Wind Onshore,2026-06-20T23:37:13Z
2026-06-20T23:36:01Z,2026-06-21T01:36:01+0200,a960294c-15ac-429a-a83c-19bebfd529f7,2026-06-16T15:00:00Z,2026-06-16T17:00:00+0200,7184.22679,MW,DE,DE_LU,forecast_onshore_wind_generation,Wind Onshore,2026-06-20T23:37:13Z
2026-06-20T23:36:01Z,2026-06-21T01:36:01+0200,a960294c-15ac-429a-a83c-19bebfd529f7,2026-06-16T15:15:00Z,2026-06-16T17:15:00+0200,7092.06668,MW,DE,DE_LU,forecast_onshore_wind_generation,Wind Onshore,2026-06-20T23:37:13Z
2026-06-20T23:36:01Z,2026-06-21T01:36:01+0200,a960294c-15ac-429a-a83c-19bebfd529f7,2026-06-16T15:30:00Z,2026-06-16T17:30:00+0200,6992.20149,MW,DE,DE_LU,forecast_onshore_wind_generation,Wind Onshore,2026-06-20T23:37:13Z
2026-06-20T23:36:01Z,2026-06-21T01:36:01+0200,a960294c-15ac-429a-a83c-19bebfd529f7,2026-06-16T15:45:00Z,2026-06-16T17:45:00+0200,6884.47415,MW,DE,DE_LU,forecast_onshore_wind_generation,Wind Onshore,2026-06-20T23:37:13Z
2026-06-20T23:36:01Z,2026-06-21T01:36:01+0200,a960294c-15ac-429a-a83c-19bebfd529f7,2026-06-16T16:00:00Z,2026-06-16T18:00:00+0200,6759.68807,MW,DE,DE_LU,forecast_onshore_wind_generation,Wind Onshore,2026-06-20T23:37:13Z
2026-06-20T23:36:01Z,2026-06-21T01:36:01+0200,a960294c-15ac-429a-a83c-19bebfd529f7,2026-06-16T16:15:00Z,2026-06-16T18:15:00+0200,6577.05314,MW,DE,DE_LU,forecast_onshore_wind_generation,Wind Onshore,2026-06-20T23:37:13Z
2026-06-20T23:36:01Z,2026-06-21T01:36:01+0200,a960294c-15ac-429a-a83c-19bebfd529f7,2026-06-16T16:30:00Z,2026-06-16T18:30:00+0200,6392.79885,MW,DE,DE_LU,forecast_onshore_wind_generation,Wind Onshore,2026-06-20T23:37:13Z
2026-06-20T23:36:01Z,2026-06-21T01:36:01+0200,a960294c-15ac-429a-a83c-19bebfd529f7,2026-06-16T16:45:00Z,2026-06-16T18:45:00+0200,6206.05222,MW,DE,DE_LU,forecast_onshore_wind_generation,Wind Onshore,2026-06-20T23:37:13Z
2026-06-20T23:36:01Z,2026-06-21T01:36:01+0200,a960294c-15ac-429a-a83c-19bebfd529f7,2026-06-16T17:00:00Z,2026-06-16T19:00:00+0200,6016.66034,MW,DE,DE_LU,forecast_onshore_wind_generation,Wind Onshore,2026-06-20T23:37:13Z
2026-06-20T23:36:01Z,2026-06-21T01:36:01+0200,a960294c-15ac-429a-a83c-19bebfd529f7,2026-06-16T17:15:00Z,2026-06-16T19:15:00+0200,5867.35546,MW,DE,DE_LU,forecast_onshore_wind_generation,Wind Onshore,2026-06-20T23:37:13Z
2026-06-20T23:36:01Z,2026-06-21T01:36:01+0200,a960294c-15ac-429a-a83c-19bebfd529f7,2026-06-16T17:30:00Z,2026-06-16T19:30:00+0200,5716.34886,MW,DE,DE_LU,forecast_onshore_wind_generation,Wind Onshore,2026-06-20T23:37:13Z
2026-06-20T23:36:01Z,2026-06-21T01:36:01+0200,a960294c-15ac-429a-a83c-19bebfd529f7,2026-06-16T17:45:00Z,2026-06-16T19:45:00+0200,5576.0181,MW,DE,DE_LU,forecast_onshore_wind_generation,Wind Onshore,2026-06-20T23:37:13Z
2026-06-20T23:36:01Z,2026-06-21T01:36:01+0200,a960294c-15ac-429a-a83c-19bebfd529f7,2026-06-16T18:00:00Z,2026-06-16T20:00:00+0200,5437.21717,MW,DE,DE_LU,forecast_onshore_wind_generation,Wind Onshore,2026-06-20T23:37:13Z
2026-06-20T23:36:01Z,2026-06-21T01:36:01+0200,a960294c-15ac-429a-a83c-19bebfd529f7,2026-06-16T18:15:00Z,2026-06-16T20:15:00+0200,5394.9905,MW,DE,DE_LU,forecast_onshore_wind_generation,Wind Onshore,2026-06-20T23:37:13Z
2026-06-20T23:36:01Z,2026-06-21T01:36:01+0200,a960294c-15ac-429a-a83c-19bebfd529f7,2026-06-16T18:30:00Z,2026-06-16T20:30:00+0200,5326.03781,MW,DE,DE_LU,forecast_onshore_wind_generation,Wind Onshore,2026-06-20T23:37:13Z
2026-06-20T23:36:01Z,2026-06-21T01:36:01+0200,a960294c-15ac-429a-a83c-19bebfd529f7,2026-06-16T18:45:00Z,2026-06-16T20:45:00+0200,5210.34366,MW,DE,DE_LU,forecast_onshore_wind_generation,Wind Onshore,2026-06-20T23:37:13Z
2026-06-20T23:36:01Z,2026-06-21T01:36:01+0200,a960294c-15ac-429a-a83c-19bebfd529f7,2026-06-16T19:00:00Z,2026-06-16T21:00:00+0200,5016.7036,MW,DE,DE_LU,forecast_onshore_wind_generation,Wind Onshore,2026-06-20T23:37:13Z
2026-06-20T23:36:01Z,2026-06-21T01:36:01+0200,a960294c-15ac-429a-a83c-19bebfd529f7,2026-06-16T19:15:00Z,2026-06-16T21:15:00+0200,4897.6366,MW,DE,DE_LU,forecast_onshore_wind_generation,Wind Onshore,2026-06-20T23:37:13Z
2026-06-20T23:36:01Z,2026-06-21T01:36:01+0200,a960294c-15ac-429a-a83c-19bebfd529f7,2026-06-16T19:30:00Z,2026-06-16T21:30:00+0200,4841.27281,MW,DE,DE_LU,forecast_onshore_wind_generation,Wind Onshore,2026-06-20T23:37:13Z
2026-06-20T23:36:01Z,2026-06-21T01:36:01+0200,a960294c-15ac-429a-a83c-19bebfd529f7,2026-06-16T19:45:00Z,2026-06-16T21:45:00+0200,4797.23436,MW,DE,DE_LU,forecast_onshore_wind_generation,Wind Onshore,2026-06-20T23:37:13Z
2026-06-20T23:36:01Z,2026-06-21T01:36:01+0200,a960294c-15ac-429a-a83c-19bebfd529f7,2026-06-16T20:00:00Z,2026-06-16T22:00:00+0200,4756.03767,MW,DE,DE_LU,forecast_onshore_wind_generation,Wind Onshore,2026-06-20T23:37:13Z
2026-06-20T23:36:01Z,2026-06-21T01:36:01+0200,a960294c-15ac-429a-a83c-19bebfd529f7,2026-06-16T20:15:00Z,2026-06-16T22:15:00+0200,4708.45499,MW,DE,DE_LU,forecast_onshore_wind_generation,Wind Onshore,2026-06-20T23:37:13Z
2026-06-20T23:36:01Z,2026-06-21T01:36:01+0200,a960294c-15ac-429a-a83c-19bebfd529f7,2026-06-16T20:30:00Z,2026-06-16T22:30:00+0200,4665.39343,MW,DE,DE_LU,forecast_onshore_wind_generation,Wind Onshore,2026-06-20T23:37:13Z
2026-06-20T23:36:01Z,2026-06-21T01:36:01+0200,a960294c-15ac-429a-a83c-19bebfd529f7,2026-06-16T20:45:00Z,2026-06-16T22:45:00+0200,4616.04968,MW,DE,DE_LU,forecast_onshore_wind_generation,Wind Onshore,2026-06-20T23:37:13Z
2026-06-20T23:36:01Z,2026-06-21T01:36:01+0200,a960294c-15ac-429a-a83c-19bebfd529f7,2026-06-16T21:00:00Z,2026-06-16T23:00:00+0200,4545.23676,MW,DE,DE_LU,forecast_onshore_wind_generation,Wind Onshore,2026-06-20T23:37:13Z
2026-06-20T23:36:01Z,2026-06-21T01:36:01+0200,a960294c-15ac-429a-a83c-19bebfd529f7,2026-06-16T21:15:00Z,2026-06-16T23:15:00+0200,4473.63677,MW,DE,DE_LU,forecast_onshore_wind_generation,Wind Onshore,2026-06-20T23:37:13Z
2026-06-20T23:36:01Z,2026-06-21T01:36:01+0200,a960294c-15ac-429a-a83c-19bebfd529f7,2026-06-16T21:30:00Z,2026-06-16T23:30:00+0200,4402.89608,MW,DE,DE_LU,forecast_onshore_wind_generation,Wind Onshore,2026-06-20T23:37:13Z
2026-06-20T23:36:01Z,2026-06-21T01:36:01+0200,a960294c-15ac-429a-a83c-19bebfd529f7,2026-06-16T21:45:00Z,2026-06-16T23:45:00+0200,4330.18375,MW,DE,DE_LU,forecast_onshore_wind_generation,Wind Onshore,2026-06-20T23:37:13Z
2026-06-20T23:36:01Z,2026-06-21T01:36:01+0200,a960294c-15ac-429a-a83c-19bebfd529f7,2026-06-16T22:00:00Z,2026-06-17T00:00:00+0200,4456.12879,MW,DE,DE_LU,forecast_onshore_wind_generation,Wind Onshore,2026-06-20T23:37:13Z
2026-06-20T23:36:01Z,2026-06-21T01:36:01+0200,a960294c-15ac-429a-a83c-19bebfd529f7,2026-06-16T22:15:00Z,2026-06-17T00:15:00+0200,4270.89889,MW,DE,DE_LU,forecast_onshore_wind_generation,Wind Onshore,2026-06-20T23:37:13Z
2026-06-20T23:36:01Z,2026-06-21T01:36:01+0200,a960294c-15ac-429a-a83c-19bebfd529f7,2026-06-16T22:30:00Z,2026-06-17T00:30:00+0200,4081.83794,MW,DE,DE_LU,forecast_onshore_wind_generation,Wind Onshore,2026-06-20T23:37:13Z
2026-06-20T23:36:01Z,2026-06-21T01:36:01+0200,a960294c-15ac-429a-a83c-19bebfd529f7,2026-06-16T22:45:00Z,2026-06-17T00:45:00+0200,3891.34111,MW,DE,DE_LU,forecast_onshore_wind_generation,Wind Onshore,2026-06-20T23:37:13Z
2026-06-20T23:36:01Z,2026-06-21T01:36:01+0200,a960294c-15ac-429a-a83c-19bebfd529f7,2026-06-16T23:00:00Z,2026-06-17T01:00:00+0200,3702.933,MW,DE,DE_LU,forecast_onshore_wind_generation,Wind Onshore,2026-06-20T23:37:13Z
2026-06-20T23:36:01Z,2026-06-21T01:36:01+0200,a960294c-15ac-429a-a83c-19bebfd529f7,2026-06-16T23:15:00Z,2026-06-17T01:15:00+0200,3539.76218,MW,DE,DE_LU,forecast_onshore_wind_generation,Wind Onshore,2026-06-20T23:37:13Z
2026-06-20T23:36:01Z,2026-06-21T01:36:01+0200,a960294c-15ac-429a-a83c-19bebfd529f7,2026-06-16T23:30:00Z,2026-06-17T01:30:00+0200,3380.15229,MW,DE,DE_LU,forecast_onshore_wind_generation,Wind Onshore,2026-06-20T23:37:13Z
2026-06-20T23:36:01Z,2026-06-21T01:36:01+0200,a960294c-15ac-429a-a83c-19bebfd529f7,2026-06-16T23:45:00Z,2026-06-17T01:45:00+0200,3231.27173,MW,DE,DE_LU,forecast_onshore_wind_generation,Wind Onshore,2026-06-20T23:37:13Z
2026-06-20T23:36:01Z,2026-06-21T01:36:01+0200,a960294c-15ac-429a-a83c-19bebfd529f7,2026-06-17T00:00:00Z,2026-06-17T02:00:00+0200,3112.76523,MW,DE,DE_LU,forecast_onshore_wind_generation,Wind Onshore,2026-06-20T23:37:13Z
2026-06-20T23:36:01Z,2026-06-21T01:36:01+0200,a960294c-15ac-429a-a83c-19bebfd529f7,2026-06-17T00:15:00Z,2026-06-17T02:15:00+0200,2997.03992,MW,DE,DE_LU,forecast_onshore_wind_generation,Wind Onshore,2026-06-20T23:37:13Z
2026-06-20T23:36:01Z,2026-06-21T01:36:01+0200,a960294c-15ac-429a-a83c-19bebfd529f7,2026-06-17T00:30:00Z,2026-06-17T02:30:00+0200,2872.6023,MW,DE,DE_LU,forecast_onshore_wind_generation,Wind Onshore,2026-06-20T23:37:13Z
2026-06-20T23:36:01Z,2026-06-21T01:36:01+0200,a960294c-15ac-429a-a83c-19bebfd529f7,2026-06-17T00:45:00Z,2026-06-17T02:45:00+0200,2743.6077,MW,DE,DE_LU,forecast_onshore_wind_generation,Wind Onshore,2026-06-20T23:37:13Z
2026-06-20T23:36:01Z,2026-06-21T01:36:01+0200,a960294c-15ac-429a-a83c-19bebfd529f7,2026-06-17T01:00:00Z,2026-06-17T03:00:00+0200,2611.38572,MW,DE,DE_LU,forecast_onshore_wind_generation,Wind Onshore,2026-06-20T23:37:13Z
2026-06-20T23:36:01Z,2026-06-21T01:36:01+0200,a960294c-15ac-429a-a83c-19bebfd529f7,2026-06-17T01:15:00Z,2026-06-17T03:15:00+0200,2512.54741,MW,DE,DE_LU,forecast_onshore_wind_generation,Wind Onshore,2026-06-20T23:37:13Z
2026-06-20T23:36:01Z,2026-06-21T01:36:01+0200,a960294c-15ac-429a-a83c-19bebfd529f7,2026-06-17T01:30:00Z,2026-06-17T03:30:00+0200,2414.60042,MW,DE,DE_LU,forecast_onshore_wind_generation,Wind Onshore,2026-06-20T23:37:13Z
2026-06-20T23:36:01Z,2026-06-21T01:36:01+0200,a960294c-15ac-429a-a83c-19bebfd529f7,2026-06-17T01:45:00Z,2026-06-17T03:45:00+0200,2320.87319,MW,DE,DE_LU,forecast_onshore_wind_generation,Wind Onshore,2026-06-20T23:37:13Z
2026-06-20T23:36:01Z,2026-06-21T01:36:01+0200,a960294c-15ac-429a-a83c-19bebfd529f7,2026-06-17T02:00:00Z,2026-06-17T04:00:00+0200,2231.55442,MW,DE,DE_LU,forecast_onshore_wind_generation,Wind Onshore,2026-06-20T23:37:13Z
2026-06-20T23:36:01Z,2026-06-21T01:36:01+0200,a960294c-15ac-429a-a83c-19bebfd529f7,2026-06-17T02:15:00Z,2026-06-17T04:15:00+0200,2159.56856,MW,DE,DE_LU,forecast_onshore_wind_generation,Wind Onshore,2026-06-20T23:37:13Z
2026-06-20T23:36:01Z,2026-06-21T01:36:01+0200,a960294c-15ac-429a-a83c-19bebfd529f7,2026-06-17T02:30:00Z,2026-06-17T04:30:00+0200,2088.21285,MW,DE,DE_LU,forecast_onshore_wind_generation,Wind Onshore,2026-06-20T23:37:13Z
2026-06-20T23:36:01Z,2026-06-21T01:36:01+0200,a960294c-15ac-429a-a83c-19bebfd529f7,2026-06-17T02:45:00Z,2026-06-17T04:45:00+0200,2023.07053,MW,DE,DE_LU,forecast_onshore_wind_generation,Wind Onshore,2026-06-20T23:37:13Z
2026-06-20T23:36:01Z,2026-06-21T01:36:01+0200,a960294c-15ac-429a-a83c-19bebfd529f7,2026-06-17T03:00:00Z,2026-06-17T05:00:00+0200,1959.83065,MW,DE,DE_LU,forecast_onshore_wind_generation,Wind Onshore,2026-06-20T23:37:13Z
2026-06-20T23:36:01Z,2026-06-21T01:36:01+0200,a960294c-15ac-429a-a83c-19bebfd529f7,2026-06-17T03:15:00Z,2026-06-17T05:15:00+0200,1918.32852,MW,DE,DE_LU,forecast_onshore_wind_generation,Wind Onshore,2026-06-20T23:37:13Z
2026-06-20T23:36:01Z,2026-06-21T01:36:01+0200,a960294c-15ac-429a-a83c-19bebfd529f7,2026-06-17T03:30:00Z,2026-06-17T05:30:00+0200,1881.75561,MW,DE,DE_LU,forecast_onshore_wind_generation,Wind Onshore,2026-06-20T23:37:13Z
2026-06-20T23:36:01Z,2026-06-21T01:36:01+0200,a960294c-15ac-429a-a83c-19bebfd529f7,2026-06-17T03:45:00Z,2026-06-17T05:45:00+0200,1850.60219,MW,DE,DE_LU,forecast_onshore_wind_generation,Wind Onshore,2026-06-20T23:37:13Z
2026-06-20T23:36:01Z,2026-06-21T01:36:01+0200,a960294c-15ac-429a-a83c-19bebfd529f7,2026-06-17T04:00:00Z,2026-06-17T06:00:00+0200,1823.56885,MW,DE,DE_LU,forecast_onshore_wind_generation,Wind Onshore,2026-06-20T23:37:13Z
2026-06-20T23:36:01Z,2026-06-21T01:36:01+0200,a960294c-15ac-429a-a83c-19bebfd529f7,2026-06-17T04:15:00Z,2026-06-17T06:15:00+0200,1799.61367,MW,DE,DE_LU,forecast_onshore_wind_generation,Wind Onshore,2026-06-20T23:37:13Z
2026-06-20T23:36:01Z,2026-06-21T01:36:01+0200,a960294c-15ac-429a-a83c-19bebfd529f7,2026-06-17T04:30:00Z,2026-06-17T06:30:00+0200,1777.39105,MW,DE,DE_LU,forecast_onshore_wind_generation,Wind Onshore,2026-06-20T23:37:13Z
2026-06-20T23:36:01Z,2026-06-21T01:36:01+0200,a960294c-15ac-429a-a83c-19bebfd529f7,2026-06-17T04:45:00Z,2026-06-17T06:45:00+0200,1750.9767,MW,DE,DE_LU,forecast_onshore_wind_generation,Wind Onshore,2026-06-20T23:37:13Z
2026-06-20T23:36:01Z,2026-06-21T01:36:01+0200,a960294c-15ac-429a-a83c-19bebfd529f7,2026-06-17T05:00:00Z,2026-06-17T07:00:00+0200,1723.84965,MW,DE,DE_LU,forecast_onshore_wind_generation,Wind Onshore,2026-06-20T23:37:13Z
2026-06-20T23:36:01Z,2026-06-21T01:36:01+0200,a960294c-15ac-429a-a83c-19bebfd529f7,2026-06-17T05:15:00Z,2026-06-17T07:15:00+0200,1623.93649,MW,DE,DE_LU,forecast_onshore_wind_generation,Wind Onshore,2026-06-20T23:37:13Z
2026-06-20T23:36:01Z,2026-06-21T01:36:01+0200,a960294c-15ac-429a-a83c-19bebfd529f7,2026-06-17T05:30:00Z,2026-06-17T07:30:00+0200,1526.65132,MW,DE,DE_LU,forecast_onshore_wind_generation,Wind Onshore,2026-06-20T23:37:13Z
2026-06-20T23:36:01Z,2026-06-21T01:36:01+0200,a960294c-15ac-429a-a83c-19bebfd529f7,2026-06-17T05:45:00Z,2026-06-17T07:45:00+0200,1425.66064,MW,DE,DE_LU,forecast_onshore_wind_generation,Wind Onshore,2026-06-20T23:37:13Z
2026-06-20T23:36:01Z,2026-06-21T01:36:01+0200,a960294c-15ac-429a-a83c-19bebfd529f7,2026-06-17T06:00:00Z,2026-06-17T08:00:00+0200,1330.09921,MW,DE,DE_LU,forecast_onshore_wind_generation,Wind Onshore,2026-06-20T23:37:13Z
2026-06-20T23:36:01Z,2026-06-21T01:36:01+0200,a960294c-15ac-429a-a83c-19bebfd529f7,2026-06-17T06:15:00Z,2026-06-17T08:15:00+0200,1235.82974,MW,DE,DE_LU,forecast_onshore_wind_generation,Wind Onshore,2026-06-20T23:37:13Z
2026-06-20T23:36:01Z,2026-06-21T01:36:01+0200,a960294c-15ac-429a-a83c-19bebfd529f7,2026-06-17T06:30:00Z,2026-06-17T08:30:00+0200,1134.6904,MW,DE,DE_LU,forecast_onshore_wind_generation,Wind Onshore,2026-06-20T23:37:13Z
2026-06-20T23:36:01Z,2026-06-21T01:36:01+0200,a960294c-15ac-429a-a83c-19bebfd529f7,2026-06-17T06:45:00Z,2026-06-17T08:45:00+0200,1041.61179,MW,DE,DE_LU,forecast_onshore_wind_generation,Wind Onshore,2026-06-20T23:37:13Z
2026-06-20T23:36:01Z,2026-06-21T01:36:01+0200,a960294c-15ac-429a-a83c-19bebfd529f7,2026-06-17T07:00:00Z,2026-06-17T09:00:00+0200,957.76686,MW,DE,DE_LU,forecast_onshore_wind_generation,Wind Onshore,2026-06-20T23:37:13Z
2026-06-20T23:36:01Z,2026-06-21T01:36:01+0200,a960294c-15ac-429a-a83c-19bebfd529f7,2026-06-17T07:15:00Z,2026-06-17T09:15:00+0200,1014.48822,MW,DE,DE_LU,forecast_onshore_wind_generation,Wind Onshore,2026-06-20T23:37:13Z
2026-06-20T23:36:01Z,2026-06-21T01:36:01+0200,a960294c-15ac-429a-a83c-19bebfd529f7,2026-06-17T07:30:00Z,2026-06-17T09:30:00+0200,1073.35076,MW,DE,DE_LU,forecast_onshore_wind_generation,Wind Onshore,2026-06-20T23:37:13Z
2026-06-20T23:36:01Z,2026-06-21T01:36:01+0200,a960294c-15ac-429a-a83c-19bebfd529f7,2026-06-17T07:45:00Z,2026-06-17T09:45:00+0200,1141.43561,MW,DE,DE_LU,forecast_onshore_wind_generation,Wind Onshore,2026-06-20T23:37:13Z
2026-06-20T23:36:01Z,2026-06-21T01:36:01+0200,a960294c-15ac-429a-a83c-19bebfd529f7,2026-06-17T08:00:00Z,2026-06-17T10:00:00+0200,1211.04797,MW,DE,DE_LU,forecast_onshore_wind_generation,Wind Onshore,2026-06-20T23:37:13Z
2026-06-20T23:36:01Z,2026-06-21T01:36:01+0200,a960294c-15ac-429a-a83c-19bebfd529f7,2026-06-17T08:15:00Z,2026-06-17T10:15:00+0200,1349.73922,MW,DE,DE_LU,forecast_onshore_wind_generation,Wind Onshore,2026-06-20T23:37:13Z
2026-06-20T23:36:01Z,2026-06-21T01:36:01+0200,a960294c-15ac-429a-a83c-19bebfd529f7,2026-06-17T08:30:00Z,2026-06-17T10:30:00+0200,1483.4118,MW,DE,DE_LU,forecast_onshore_wind_generation,Wind Onshore,2026-06-20T23:37:13Z
2026-06-20T23:36:01Z,2026-06-21T01:36:01+0200,a960294c-15ac-429a-a83c-19bebfd529f7,2026-06-17T08:45:00Z,2026-06-17T10:45:00+0200,1617.89068,MW,DE,DE_LU,forecast_onshore_wind_generation,Wind Onshore,2026-06-20T23:37:13Z
2026-06-20T23:36:01Z,2026-06-21T01:36:01+0200,a960294c-15ac-429a-a83c-19bebfd529f7,2026-06-17T09:00:00Z,2026-06-17T11:00:00+0200,1756.71294,MW,DE,DE_LU,forecast_onshore_wind_generation,Wind Onshore,2026-06-20T23:37:13Z
2026-06-20T23:36:01Z,2026-06-21T01:36:01+0200,a960294c-15ac-429a-a83c-19bebfd529f7,2026-06-17T09:15:00Z,2026-06-17T11:15:00+0200,1937.41447,MW,DE,DE_LU,forecast_onshore_wind_generation,Wind Onshore,2026-06-20T23:37:13Z
2026-06-20T23:36:01Z,2026-06-21T01:36:01+0200,a960294c-15ac-429a-a83c-19bebfd529f7,2026-06-17T09:30:00Z,2026-06-17T11:30:00+0200,2118.80079,MW,DE,DE_LU,forecast_onshore_wind_generation,Wind Onshore,2026-06-20T23:37:13Z
2026-06-20T23:36:01Z,2026-06-21T01:36:01+0200,a960294c-15ac-429a-a83c-19bebfd529f7,2026-06-17T09:45:00Z,2026-06-17T11:45:00+0200,2303.80806,MW,DE,DE_LU,forecast_onshore_wind_generation,Wind Onshore,2026-06-20T23:37:13Z
2026-06-20T23:36:01Z,2026-06-21T01:36:01+0200,a960294c-15ac-429a-a83c-19bebfd529f7,2026-06-17T10:00:00Z,2026-06-17T12:00:00+0200,2486.23598,MW,DE,DE_LU,forecast_onshore_wind_generation,Wind Onshore,2026-06-20T23:37:13Z
2026-06-20T23:36:01Z,2026-06-21T01:36:01+0200,a960294c-15ac-429a-a83c-19bebfd529f7,2026-06-17T10:15:00Z,2026-06-17T12:15:00+0200,2676.22083,MW,DE,DE_LU,forecast_onshore_wind_generation,Wind Onshore,2026-06-20T23:37:13Z
2026-06-20T23:36:01Z,2026-06-21T01:36:01+0200,a960294c-15ac-429a-a83c-19bebfd529f7,2026-06-17T10:30:00Z,2026-06-17T12:30:00+0200,2863.33387,MW,DE,DE_LU,forecast_onshore_wind_generation,Wind Onshore,2026-06-20T23:37:13Z
2026-06-20T23:36:01Z,2026-06-21T01:36:01+0200,a960294c-15ac-429a-a83c-19bebfd529f7,2026-06-17T10:45:00Z,2026-06-17T12:45:00+0200,3056.92868,MW,DE,DE_LU,forecast_onshore_wind_generation,Wind Onshore,2026-06-20T23:37:13Z
2026-06-20T23:36:01Z,2026-06-21T01:36:01+0200,a960294c-15ac-429a-a83c-19bebfd529f7,2026-06-17T11:00:00Z,2026-06-17T13:00:00+0200,3258.33495,MW,DE,DE_LU,forecast_onshore_wind_generation,Wind Onshore,2026-06-20T23:37:13Z
2026-06-20T23:36:01Z,2026-06-21T01:36:01+0200,a960294c-15ac-429a-a83c-19bebfd529f7,2026-06-17T11:15:00Z,2026-06-17T13:15:00+0200,3482.90601,MW,DE,DE_LU,forecast_onshore_wind_generation,Wind Onshore,2026-06-20T23:37:13Z
2026-06-20T23:36:01Z,2026-06-21T01:36:01+0200,a960294c-15ac-429a-a83c-19bebfd529f7,2026-06-17T11:30:00Z,2026-06-17T13:30:00+0200,3706.06342,MW,DE,DE_LU,forecast_onshore_wind_generation,Wind Onshore,2026-06-20T23:37:13Z
2026-06-20T23:36:01Z,2026-06-21T01:36:01+0200,a960294c-15ac-429a-a83c-19bebfd529f7,2026-06-17T11:45:00Z,2026-06-17T13:45:00+0200,3931.10866,MW,DE,DE_LU,forecast_onshore_wind_generation,Wind Onshore,2026-06-20T23:37:13Z
2026-06-20T23:36:01Z,2026-06-21T01:36:01+0200,a960294c-15ac-429a-a83c-19bebfd529f7,2026-06-17T12:00:00Z,2026-06-17T14:00:00+0200,4176.4997,MW,DE,DE_LU,forecast_onshore_wind_generation,Wind Onshore,2026-06-20T23:37:13Z
2026-06-20T23:36:01Z,2026-06-21T01:36:01+0200,a960294c-15ac-429a-a83c-19bebfd529f7,2026-06-17T12:15:00Z,2026-06-17T14:15:00+0200,4391.77492,MW,DE,DE_LU,forecast_onshore_wind_generation,Wind Onshore,2026-06-20T23:37:13Z
2026-06-20T23:36:01Z,2026-06-21T01:36:01+0200,a960294c-15ac-429a-a83c-19bebfd529f7,2026-06-17T12:30:00Z,2026-06-17T14:30:00+0200,4583.60864,MW,DE,DE_LU,forecast_onshore_wind_generation,Wind Onshore,2026-06-20T23:37:13Z
2026-06-20T23:36:01Z,2026-06-21T01:36:01+0200,a960294c-15ac-429a-a83c-19bebfd529f7,2026-06-17T12:45:00Z,2026-06-17T14:45:00+0200,4766.72857,MW,DE,DE_LU,forecast_onshore_wind_generation,Wind Onshore,2026-06-20T23:37:13Z
2026-06-20T23:36:01Z,2026-06-21T01:36:01+0200,a960294c-15ac-429a-a83c-19bebfd529f7,2026-06-17T13:00:00Z,2026-06-17T15:00:00+0200,4943.68614,MW,DE,DE_LU,forecast_onshore_wind_generation,Wind Onshore,2026-06-20T23:37:13Z
2026-06-20T23:36:01Z,2026-06-21T01:36:01+0200,a960294c-15ac-429a-a83c-19bebfd529f7,2026-06-17T13:15:00Z,2026-06-17T15:15:00+0200,5095.43708,MW,DE,DE_LU,forecast_onshore_wind_generation,Wind Onshore,2026-06-20T23:37:13Z
2026-06-20T23:36:01Z,2026-06-21T01:36:01+0200,a960294c-15ac-429a-a83c-19bebfd529f7,2026-06-17T13:30:00Z,2026-06-17T15:30:00+0200,5243.88275,MW,DE,DE_LU,forecast_onshore_wind_generation,Wind Onshore,2026-06-20T23:37:13Z
2026-06-20T23:36:01Z,2026-06-21T01:36:01+0200,a960294c-15ac-429a-a83c-19bebfd529f7,2026-06-17T13:45:00Z,2026-06-17T15:45:00+0200,5385.31863,MW,DE,DE_LU,forecast_onshore_wind_generation,Wind Onshore,2026-06-20T23:37:13Z
2026-06-20T23:36:01Z,2026-06-21T01:36:01+0200,a960294c-15ac-429a-a83c-19bebfd529f7,2026-06-17T14:00:00Z,2026-06-17T16:00:00+0200,5519.20722,MW,DE,DE_LU,forecast_onshore_wind_generation,Wind Onshore,2026-06-20T23:37:13Z
2026-06-20T23:36:01Z,2026-06-21T01:36:01+0200,a960294c-15ac-429a-a83c-19bebfd529f7,2026-06-17T14:15:00Z,2026-06-17T16:15:00+0200,5550.09277,MW,DE,DE_LU,forecast_onshore_wind_generation,Wind Onshore,2026-06-20T23:37:13Z
2026-06-20T23:36:01Z,2026-06-21T01:36:01+0200,a960294c-15ac-429a-a83c-19bebfd529f7,2026-06-17T14:30:00Z,2026-06-17T16:30:00+0200,5580.07139,MW,DE,DE_LU,forecast_onshore_wind_generation,Wind Onshore,2026-06-20T23:37:13Z
2026-06-20T23:36:01Z,2026-06-21T01:36:01+0200,a960294c-15ac-429a-a83c-19bebfd529f7,2026-06-17T14:45:00Z,2026-06-17T16:45:00+0200,5609.7953,MW,DE,DE_LU,forecast_onshore_wind_generation,Wind Onshore,2026-06-20T23:37:13Z
2026-06-20T23:36:01Z,2026-06-21T01:36:01+0200,a960294c-15ac-429a-a83c-19bebfd529f7,2026-06-17T15:00:00Z,2026-06-17T17:00:00+0200,5631.8035,MW,DE,DE_LU,forecast_onshore_wind_generation,Wind Onshore,2026-06-20T23:37:13Z
2026-06-20T23:36:01Z,2026-06-21T01:36:01+0200,a960294c-15ac-429a-a83c-19bebfd529f7,2026-06-17T15:15:00Z,2026-06-17T17:15:00+0200,5585.05765,MW,DE,DE_LU,forecast_onshore_wind_generation,Wind Onshore,2026-06-20T23:37:13Z
2026-06-20T23:36:01Z,2026-06-21T01:36:01+0200,a960294c-15ac-429a-a83c-19bebfd529f7,2026-06-17T15:30:00Z,2026-06-17T17:30:00+0200,5539.38296,MW,DE,DE_LU,forecast_onshore_wind_generation,Wind Onshore,2026-06-20T23:37:13Z
2026-06-20T23:36:01Z,2026-06-21T01:36:01+0200,a960294c-15ac-429a-a83c-19bebfd529f7,2026-06-17T15:45:00Z,2026-06-17T17:45:00+0200,5484.22527,MW,DE,DE_LU,forecast_onshore_wind_generation,Wind Onshore,2026-06-20T23:37:13Z
2026-06-20T23:36:01Z,2026-06-21T01:36:01+0200,a960294c-15ac-429a-a83c-19bebfd529f7,2026-06-17T16:00:00Z,2026-06-17T18:00:00+0200,5420.78204,MW,DE,DE_LU,forecast_onshore_wind_generation,Wind Onshore,2026-06-20T23:37:13Z
2026-06-20T23:36:01Z,2026-06-21T01:36:01+0200,a960294c-15ac-429a-a83c-19bebfd529f7,2026-06-17T16:15:00Z,2026-06-17T18:15:00+0200,5287.19621,MW,DE,DE_LU,forecast_onshore_wind_generation,Wind Onshore,2026-06-20T23:37:13Z
2026-06-20T23:36:01Z,2026-06-21T01:36:01+0200,a960294c-15ac-429a-a83c-19bebfd529f7,2026-06-17T16:30:00Z,2026-06-17T18:30:00+0200,5154.67589,MW,DE,DE_LU,forecast_onshore_wind_generation,Wind Onshore,2026-06-20T23:37:13Z
2026-06-20T23:36:01Z,2026-06-21T01:36:01+0200,a960294c-15ac-429a-a83c-19bebfd529f7,2026-06-17T16:45:00Z,2026-06-17T18:45:00+0200,5018.71529,MW,DE,DE_LU,forecast_onshore_wind_generation,Wind Onshore,2026-06-20T23:37:13Z
2026-06-20T23:36:01Z,2026-06-21T01:36:01+0200,a960294c-15ac-429a-a83c-19bebfd529f7,2026-06-17T17:00:00Z,2026-06-17T19:00:00+0200,4877.62727,MW,DE,DE_LU,forecast_onshore_wind_generation,Wind Onshore,2026-06-20T23:37:13Z
2026-06-20T23:36:01Z,2026-06-21T01:36:01+0200,a960294c-15ac-429a-a83c-19bebfd529f7,2026-06-17T17:15:00Z,2026-06-17T19:15:00+0200,4737.03434,MW,DE,DE_LU,forecast_onshore_wind_generation,Wind Onshore,2026-06-20T23:37:13Z
2026-06-20T23:36:01Z,2026-06-21T01:36:01+0200,a960294c-15ac-429a-a83c-19bebfd529f7,2026-06-17T17:30:00Z,2026-06-17T19:30:00+0200,4598.59612,MW,DE,DE_LU,forecast_onshore_wind_generation,Wind Onshore,2026-06-20T23:37:13Z
2026-06-20T23:36:01Z,2026-06-21T01:36:01+0200,a960294c-15ac-429a-a83c-19bebfd529f7,2026-06-17T17:45:00Z,2026-06-17T19:45:00+0200,4464.69417,MW,DE,DE_LU,forecast_onshore_wind_generation,Wind Onshore,2026-06-20T23:37:13Z
2026-06-20T23:36:01Z,2026-06-21T01:36:01+0200,a960294c-15ac-429a-a83c-19bebfd529f7,2026-06-17T18:00:00Z,2026-06-17T20:00:00+0200,4333.28337,MW,DE,DE_LU,forecast_onshore_wind_generation,Wind Onshore,2026-06-20T23:37:13Z
2026-06-20T23:36:01Z,2026-06-21T01:36:01+0200,a960294c-15ac-429a-a83c-19bebfd529f7,2026-06-17T18:15:00Z,2026-06-17T20:15:00+0200,4282.59023,MW,DE,DE_LU,forecast_onshore_wind_generation,Wind Onshore,2026-06-20T23:37:13Z
2026-06-20T23:36:01Z,2026-06-21T01:36:01+0200,a960294c-15ac-429a-a83c-19bebfd529f7,2026-06-17T18:30:00Z,2026-06-17T20:30:00+0200,4198.58183,MW,DE,DE_LU,forecast_onshore_wind_generation,Wind Onshore,2026-06-20T23:37:13Z
2026-06-20T23:36:01Z,2026-06-21T01:36:01+0200,a960294c-15ac-429a-a83c-19bebfd529f7,2026-06-17T18:45:00Z,2026-06-17T20:45:00+0200,4041.99362,MW,DE,DE_LU,forecast_onshore_wind_generation,Wind Onshore,2026-06-20T23:37:13Z
2026-06-20T23:36:01Z,2026-06-21T01:36:01+0200,a960294c-15ac-429a-a83c-19bebfd529f7,2026-06-17T19:00:00Z,2026-06-17T21:00:00+0200,3820.76891,MW,DE,DE_LU,forecast_onshore_wind_generation,Wind Onshore,2026-06-20T23:37:13Z
2026-06-20T23:36:01Z,2026-06-21T01:36:01+0200,a960294c-15ac-429a-a83c-19bebfd529f7,2026-06-17T19:15:00Z,2026-06-17T21:15:00+0200,3733.36923,MW,DE,DE_LU,forecast_onshore_wind_generation,Wind Onshore,2026-06-20T23:37:13Z
2026-06-20T23:36:01Z,2026-06-21T01:36:01+0200,a960294c-15ac-429a-a83c-19bebfd529f7,2026-06-17T19:30:00Z,2026-06-17T21:30:00+0200,3714.11013,MW,DE,DE_LU,forecast_onshore_wind_generation,Wind Onshore,2026-06-20T23:37:13Z
2026-06-20T23:36:01Z,2026-06-21T01:36:01+0200,a960294c-15ac-429a-a83c-19bebfd529f7,2026-06-17T19:45:00Z,2026-06-17T21:45:00+0200,3721.83903,MW,DE,DE_LU,forecast_onshore_wind_generation,Wind Onshore,2026-06-20T23:37:13Z
2026-06-20T23:36:01Z,2026-06-21T01:36:01+0200,a960294c-15ac-429a-a83c-19bebfd529f7,2026-06-17T20:00:00Z,2026-06-17T22:00:00+0200,3735.2406,MW,DE,DE_LU,forecast_onshore_wind_generation,Wind Onshore,2026-06-20T23:37:13Z
2026-06-20T23:36:01Z,2026-06-21T01:36:01+0200,a960294c-15ac-429a-a83c-19bebfd529f7,2026-06-17T20:15:00Z,2026-06-17T22:15:00+0200,3792.66735,MW,DE,DE_LU,forecast_onshore_wind_generation,Wind Onshore,2026-06-20T23:37:13Z
2026-06-20T23:36:01Z,2026-06-21T01:36:01+0200,a960294c-15ac-429a-a83c-19bebfd529f7,2026-06-17T20:30:00Z,2026-06-17T22:30:00+0200,3855.35344,MW,DE,DE_LU,forecast_onshore_wind_generation,Wind Onshore,2026-06-20T23:37:13Z
2026-06-20T23:36:01Z,2026-06-21T01:36:01+0200,a960294c-15ac-429a-a83c-19bebfd529f7,2026-06-17T20:45:00Z,2026-06-17T22:45:00+0200,3921.02534,MW,DE,DE_LU,forecast_onshore_wind_generation,Wind Onshore,2026-06-20T23:37:13Z
2026-06-20T23:36:01Z,2026-06-21T01:36:01+0200,a960294c-15ac-429a-a83c-19bebfd529f7,2026-06-17T21:00:00Z,2026-06-17T23:00:00+0200,3984.83982,MW,DE,DE_LU,forecast_onshore_wind_generation,Wind Onshore,2026-06-20T23:37:13Z
2026-06-20T23:36:01Z,2026-06-21T01:36:01+0200,a960294c-15ac-429a-a83c-19bebfd529f7,2026-06-17T21:15:00Z,2026-06-17T23:15:00+0200,4047.89792,MW,DE,DE_LU,forecast_onshore_wind_generation,Wind Onshore,2026-06-20T23:37:13Z
2026-06-20T23:36:01Z,2026-06-21T01:36:01+0200,a960294c-15ac-429a-a83c-19bebfd529f7,2026-06-17T21:30:00Z,2026-06-17T23:30:00+0200,4113.33861,MW,DE,DE_LU,forecast_onshore_wind_generation,Wind Onshore,2026-06-20T23:37:13Z
2026-06-20T23:36:01Z,2026-06-21T01:36:01+0200,a960294c-15ac-429a-a83c-19bebfd529f7,2026-06-17T21:45:00Z,2026-06-17T23:45:00+0200,4180.44052,MW,DE,DE_LU,forecast_onshore_wind_generation,Wind Onshore,2026-06-20T23:37:13Z
2026-06-20T23:36:01Z,2026-06-21T01:36:01+0200,a960294c-15ac-429a-a83c-19bebfd529f7,2026-06-17T22:00:00Z,2026-06-18T00:00:00+0200,4205.58677,MW,DE,DE_LU,forecast_onshore_wind_generation,Wind Onshore,2026-06-20T23:37:13Z
2026-06-20T23:36:01Z,2026-06-21T01:36:01+0200,a960294c-15ac-429a-a83c-19bebfd529f7,2026-06-17T22:15:00Z,2026-06-18T00:15:00+0200,4251.78679,MW,DE,DE_LU,forecast_onshore_wind_generation,Wind Onshore,2026-06-20T23:37:13Z
2026-06-20T23:36:01Z,2026-06-21T01:36:01+0200,a960294c-15ac-429a-a83c-19bebfd529f7,2026-06-17T22:30:00Z,2026-06-18T00:30:00+0200,4298.38139,MW,DE,DE_LU,forecast_onshore_wind_generation,Wind Onshore,2026-06-20T23:37:13Z
2026-06-20T23:36:01Z,2026-06-21T01:36:01+0200,a960294c-15ac-429a-a83c-19bebfd529f7,2026-06-17T22:45:00Z,2026-06-18T00:45:00+0200,4349.1871,MW,DE,DE_LU,forecast_onshore_wind_generation,Wind Onshore,2026-06-20T23:37:13Z
2026-06-20T23:36:01Z,2026-06-21T01:36:01+0200,a960294c-15ac-429a-a83c-19bebfd529f7,2026-06-17T23:00:00Z,2026-06-18T01:00:00+0200,4403.21636,MW,DE,DE_LU,forecast_onshore_wind_generation,Wind Onshore,2026-06-20T23:37:13Z
2026-06-20T23:36:01Z,2026-06-21T01:36:01+0200,a960294c-15ac-429a-a83c-19bebfd529f7,2026-06-17T23:15:00Z,2026-06-18T01:15:00+0200,4453.01615,MW,DE,DE_LU,forecast_onshore_wind_generation,Wind Onshore,2026-06-20T23:37:13Z
2026-06-20T23:36:01Z,2026-06-21T01:36:01+0200,a960294c-15ac-429a-a83c-19bebfd529f7,2026-06-17T23:30:00Z,2026-06-18T01:30:00+0200,4509.47055,MW,DE,DE_LU,forecast_onshore_wind_generation,Wind Onshore,2026-06-20T23:37:13Z
2026-06-20T23:36:01Z,2026-06-21T01:36:01+0200,a960294c-15ac-429a-a83c-19bebfd529f7,2026-06-17T23:45:00Z,2026-06-18T01:45:00+0200,4591.58192,MW,DE,DE_LU,forecast_onshore_wind_generation,Wind Onshore,2026-06-20T23:37:13Z
2026-06-20T23:36:01Z,2026-06-21T01:36:01+0200,a960294c-15ac-429a-a83c-19bebfd529f7,2026-06-18T00:00:00Z,2026-06-18T02:00:00+0200,4713.32867,MW,DE,DE_LU,forecast_onshore_wind_generation,Wind Onshore,2026-06-20T23:37:13Z
2026-06-20T23:36:01Z,2026-06-21T01:36:01+0200,a960294c-15ac-429a-a83c-19bebfd529f7,2026-06-18T00:15:00Z,2026-06-18T02:15:00+0200,4820.2953,MW,DE,DE_LU,forecast_onshore_wind_generation,Wind Onshore,2026-06-20T23:37:13Z
2026-06-20T23:36:01Z,2026-06-21T01:36:01+0200,a960294c-15ac-429a-a83c-19bebfd529f7,2026-06-18T00:30:00Z,2026-06-18T02:30:00+0200,4906.21622,MW,DE,DE_LU,forecast_onshore_wind_generation,Wind Onshore,2026-06-20T23:37:13Z
2026-06-20T23:36:01Z,2026-06-21T01:36:01+0200,a960294c-15ac-429a-a83c-19bebfd529f7,2026-06-18T00:45:00Z,2026-06-18T02:45:00+0200,4982.14356,MW,DE,DE_LU,forecast_onshore_wind_generation,Wind Onshore,2026-06-20T23:37:13Z
2026-06-20T23:36:01Z,2026-06-21T01:36:01+0200,a960294c-15ac-429a-a83c-19bebfd529f7,2026-06-18T01:00:00Z,2026-06-18T03:00:00+0200,5047.93449,MW,DE,DE_LU,forecast_onshore_wind_generation,Wind Onshore,2026-06-20T23:37:13Z
2026-06-20T23:36:01Z,2026-06-21T01:36:01+0200,a960294c-15ac-429a-a83c-19bebfd529f7,2026-06-18T01:15:00Z,2026-06-18T03:15:00+0200,5086.87795,MW,DE,DE_LU,forecast_onshore_wind_generation,Wind Onshore,2026-06-20T23:37:13Z
2026-06-20T23:36:01Z,2026-06-21T01:36:01+0200,a960294c-15ac-429a-a83c-19bebfd529f7,2026-06-18T01:30:00Z,2026-06-18T03:30:00+0200,5123.05867,MW,DE,DE_LU,forecast_onshore_wind_generation,Wind Onshore,2026-06-20T23:37:13Z
2026-06-20T23:36:01Z,2026-06-21T01:36:01+0200,a960294c-15ac-429a-a83c-19bebfd529f7,2026-06-18T01:45:00Z,2026-06-18T03:45:00+0200,5157.30265,MW,DE,DE_LU,forecast_onshore_wind_generation,Wind Onshore,2026-06-20T23:37:13Z
2026-06-20T23:36:01Z,2026-06-21T01:36:01+0200,a960294c-15ac-429a-a83c-19bebfd529f7,2026-06-18T02:00:00Z,2026-06-18T04:00:00+0200,5179.69207,MW,DE,DE_LU,forecast_onshore_wind_generation,Wind Onshore,2026-06-20T23:37:13Z
2026-06-20T23:36:01Z,2026-06-21T01:36:01+0200,a960294c-15ac-429a-a83c-19bebfd529f7,2026-06-18T02:15:00Z,2026-06-18T04:15:00+0200,5150.64256,MW,DE,DE_LU,forecast_onshore_wind_generation,Wind Onshore,2026-06-20T23:37:13Z
2026-06-20T23:36:01Z,2026-06-21T01:36:01+0200,a960294c-15ac-429a-a83c-19bebfd529f7,2026-06-18T02:30:00Z,2026-06-18T04:30:00+0200,5116.99864,MW,DE,DE_LU,forecast_onshore_wind_generation,Wind Onshore,2026-06-20T23:37:13Z
2026-06-20T23:36:01Z,2026-06-21T01:36:01+0200,a960294c-15ac-429a-a83c-19bebfd529f7,2026-06-18T02:45:00Z,2026-06-18T04:45:00+0200,5077.11544,MW,DE,DE_LU,forecast_onshore_wind_generation,Wind Onshore,2026-06-20T23:37:13Z
2026-06-20T23:36:01Z,2026-06-21T01:36:01+0200,a960294c-15ac-429a-a83c-19bebfd529f7,2026-06-18T03:00:00Z,2026-06-18T05:00:00+0200,5027.42795,MW,DE,DE_LU,forecast_onshore_wind_generation,Wind Onshore,2026-06-20T23:37:13Z
2026-06-20T23:36:01Z,2026-06-21T01:36:01+0200,a960294c-15ac-429a-a83c-19bebfd529f7,2026-06-18T03:15:00Z,2026-06-18T05:15:00+0200,4958.90852,MW,DE,DE_LU,forecast_onshore_wind_generation,Wind Onshore,2026-06-20T23:37:13Z
2026-06-20T23:36:01Z,2026-06-21T01:36:01+0200,a960294c-15ac-429a-a83c-19bebfd529f7,2026-06-18T03:30:00Z,2026-06-18T05:30:00+0200,4888.18112,MW,DE,DE_LU,forecast_onshore_wind_generation,Wind Onshore,2026-06-20T23:37:13Z
2026-06-20T23:36:01Z,2026-06-21T01:36:01+0200,a960294c-15ac-429a-a83c-19bebfd529f7,2026-06-18T03:45:00Z,2026-06-18T05:45:00+0200,4810.55723,MW,DE,DE_LU,forecast_onshore_wind_generation,Wind Onshore,2026-06-20T23:37:13Z
2026-06-20T23:36:01Z,2026-06-21T01:36:01+0200,a960294c-15ac-429a-a83c-19bebfd529f7,2026-06-18T04:00:00Z,2026-06-18T06:00:00+0200,4747.20642,MW,DE,DE_LU,forecast_onshore_wind_generation,Wind Onshore,2026-06-20T23:37:13Z
2026-06-20T23:36:01Z,2026-06-21T01:36:01+0200,a960294c-15ac-429a-a83c-19bebfd529f7,2026-06-18T04:15:00Z,2026-06-18T06:15:00+0200,4603.11204,MW,DE,DE_LU,forecast_onshore_wind_generation,Wind Onshore,2026-06-20T23:37:13Z
2026-06-20T23:36:01Z,2026-06-21T01:36:01+0200,a960294c-15ac-429a-a83c-19bebfd529f7,2026-06-18T04:30:00Z,2026-06-18T06:30:00+0200,4464.90528,MW,DE,DE_LU,forecast_onshore_wind_generation,Wind Onshore,2026-06-20T23:37:13Z
2026-06-20T23:36:01Z,2026-06-21T01:36:01+0200,a960294c-15ac-429a-a83c-19bebfd529f7,2026-06-18T04:45:00Z,2026-06-18T06:45:00+0200,4309.78697,MW,DE,DE_LU,forecast_onshore_wind_generation,Wind Onshore,2026-06-20T23:37:13Z
2026-06-20T23:36:01Z,2026-06-21T01:36:01+0200,a960294c-15ac-429a-a83c-19bebfd529f7,2026-06-18T05:00:00Z,2026-06-18T07:00:00+0200,4104.95755,MW,DE,DE_LU,forecast_onshore_wind_generation,Wind Onshore,2026-06-20T23:37:13Z
2026-06-20T23:36:01Z,2026-06-21T01:36:01+0200,a960294c-15ac-429a-a83c-19bebfd529f7,2026-06-18T05:15:00Z,2026-06-18T07:15:00+0200,3742.73182,MW,DE,DE_LU,forecast_onshore_wind_generation,Wind Onshore,2026-06-20T23:37:13Z
2026-06-20T23:36:01Z,2026-06-21T01:36:01+0200,a960294c-15ac-429a-a83c-19bebfd529f7,2026-06-18T05:30:00Z,2026-06-18T07:30:00+0200,3387.25987,MW,DE,DE_LU,forecast_onshore_wind_generation,Wind Onshore,2026-06-20T23:37:13Z
2026-06-20T23:36:01Z,2026-06-21T01:36:01+0200,a960294c-15ac-429a-a83c-19bebfd529f7,2026-06-18T05:45:00Z,2026-06-18T07:45:00+0200,3010.04508,MW,DE,DE_LU,forecast_onshore_wind_generation,Wind Onshore,2026-06-20T23:37:13Z
2026-06-20T23:36:01Z,2026-06-21T01:36:01+0200,a960294c-15ac-429a-a83c-19bebfd529f7,2026-06-18T06:00:00Z,2026-06-18T08:00:00+0200,2715.30835,MW,DE,DE_LU,forecast_onshore_wind_generation,Wind Onshore,2026-06-20T23:37:13Z
2026-06-20T23:36:01Z,2026-06-21T01:36:01+0200,a960294c-15ac-429a-a83c-19bebfd529f7,2026-06-18T06:15:00Z,2026-06-18T08:15:00+0200,2505.16985,MW,DE,DE_LU,forecast_onshore_wind_generation,Wind Onshore,2026-06-20T23:37:13Z
2026-06-20T23:36:01Z,2026-06-21T01:36:01+0200,a960294c-15ac-429a-a83c-19bebfd529f7,2026-06-18T06:30:00Z,2026-06-18T08:30:00+0200,2302.99194,MW,DE,DE_LU,forecast_onshore_wind_generation,Wind Onshore,2026-06-20T23:37:13Z
2026-06-20T23:36:01Z,2026-06-21T01:36:01+0200,a960294c-15ac-429a-a83c-19bebfd529f7,2026-06-18T06:45:00Z,2026-06-18T08:45:00+0200,2159.6996,MW,DE,DE_LU,forecast_onshore_wind_generation,Wind Onshore,2026-06-20T23:37:13Z
2026-06-20T23:36:01Z,2026-06-21T01:36:01+0200,a960294c-15ac-429a-a83c-19bebfd529f7,2026-06-18T07:00:00Z,2026-06-18T09:00:00+0200,2064.36882,MW,DE,DE_LU,forecast_onshore_wind_generation,Wind Onshore,2026-06-20T23:37:13Z
2026-06-20T23:36:01Z,2026-06-21T01:36:01+0200,a960294c-15ac-429a-a83c-19bebfd529f7,2026-06-18T07:15:00Z,2026-06-18T09:15:00+0200,2195.32411,MW,DE,DE_LU,forecast_onshore_wind_generation,Wind Onshore,2026-06-20T23:37:13Z
2026-06-20T23:36:01Z,2026-06-21T01:36:01+0200,a960294c-15ac-429a-a83c-19bebfd529f7,2026-06-18T07:30:00Z,2026-06-18T09:30:00+0200,2320.5229,MW,DE,DE_LU,forecast_onshore_wind_generation,Wind Onshore,2026-06-20T23:37:13Z
2026-06-20T23:36:01Z,2026-06-21T01:36:01+0200,a960294c-15ac-429a-a83c-19bebfd529f7,2026-06-18T07:45:00Z,2026-06-18T09:45:00+0200,2430.58193,MW,DE,DE_LU,forecast_onshore_wind_generation,Wind Onshore,2026-06-20T23:37:13Z
2026-06-20T23:36:01Z,2026-06-21T01:36:01+0200,a960294c-15ac-429a-a83c-19bebfd529f7,2026-06-18T08:00:00Z,2026-06-18T10:00:00+0200,2548.26528,MW,DE,DE_LU,forecast_onshore_wind_generation,Wind Onshore,2026-06-20T23:37:13Z
2026-06-20T23:36:01Z,2026-06-21T01:36:01+0200,a960294c-15ac-429a-a83c-19bebfd529f7,2026-06-18T08:15:00Z,2026-06-18T10:15:00+0200,2724.95171,MW,DE,DE_LU,forecast_onshore_wind_generation,Wind Onshore,2026-06-20T23:37:13Z
2026-06-20T23:36:01Z,2026-06-21T01:36:01+0200,a960294c-15ac-429a-a83c-19bebfd529f7,2026-06-18T08:30:00Z,2026-06-18T10:30:00+0200,2898.34365,MW,DE,DE_LU,forecast_onshore_wind_generation,Wind Onshore,2026-06-20T23:37:13Z
2026-06-20T23:36:01Z,2026-06-21T01:36:01+0200,a960294c-15ac-429a-a83c-19bebfd529f7,2026-06-18T08:45:00Z,2026-06-18T10:45:00+0200,3072.88461,MW,DE,DE_LU,forecast_onshore_wind_generation,Wind Onshore,2026-06-20T23:37:13Z
2026-06-20T23:36:01Z,2026-06-21T01:36:01+0200,a960294c-15ac-429a-a83c-19bebfd529f7,2026-06-18T09:00:00Z,2026-06-18T11:00:00+0200,3233.70758,MW,DE,DE_LU,forecast_onshore_wind_generation,Wind Onshore,2026-06-20T23:37:13Z
2026-06-20T23:36:01Z,2026-06-21T01:36:01+0200,a960294c-15ac-429a-a83c-19bebfd529f7,2026-06-18T09:15:00Z,2026-06-18T11:15:00+0200,3369.55395,MW,DE,DE_LU,forecast_onshore_wind_generation,Wind Onshore,2026-06-20T23:37:13Z
2026-06-20T23:36:01Z,2026-06-21T01:36:01+0200,a960294c-15ac-429a-a83c-19bebfd529f7,2026-06-18T09:30:00Z,2026-06-18T11:30:00+0200,3504.49739,MW,DE,DE_LU,forecast_onshore_wind_generation,Wind Onshore,2026-06-20T23:37:13Z
2026-06-20T23:36:01Z,2026-06-21T01:36:01+0200,a960294c-15ac-429a-a83c-19bebfd529f7,2026-06-18T09:45:00Z,2026-06-18T11:45:00+0200,3631.38488,MW,DE,DE_LU,forecast_onshore_wind_generation,Wind Onshore,2026-06-20T23:37:13Z
2026-06-20T23:36:01Z,2026-06-21T01:36:01+0200,a960294c-15ac-429a-a83c-19bebfd529f7,2026-06-18T10:00:00Z,2026-06-18T12:00:00+0200,3749.57608,MW,DE,DE_LU,forecast_onshore_wind_generation,Wind Onshore,2026-06-20T23:37:13Z
2026-06-20T23:36:01Z,2026-06-21T01:36:01+0200,a960294c-15ac-429a-a83c-19bebfd529f7,2026-06-18T10:15:00Z,2026-06-18T12:15:00+0200,3809.86308,MW,DE,DE_LU,forecast_onshore_wind_generation,Wind Onshore,2026-06-20T23:37:13Z
2026-06-20T23:36:01Z,2026-06-21T01:36:01+0200,a960294c-15ac-429a-a83c-19bebfd529f7,2026-06-18T10:30:00Z,2026-06-18T12:30:00+0200,3872.08239,MW,DE,DE_LU,forecast_onshore_wind_generation,Wind Onshore,2026-06-20T23:37:13Z
2026-06-20T23:36:01Z,2026-06-21T01:36:01+0200,a960294c-15ac-429a-a83c-19bebfd529f7,2026-06-18T10:45:00Z,2026-06-18T12:45:00+0200,3933.72335,MW,DE,DE_LU,forecast_onshore_wind_generation,Wind Onshore,2026-06-20T23:37:13Z
2026-06-20T23:36:01Z,2026-06-21T01:36:01+0200,a960294c-15ac-429a-a83c-19bebfd529f7,2026-06-18T11:00:00Z,2026-06-18T13:00:00+0200,3994.9235,MW,DE,DE_LU,forecast_onshore_wind_generation,Wind Onshore,2026-06-20T23:37:13Z
2026-06-20T23:36:01Z,2026-06-21T01:36:01+0200,a960294c-15ac-429a-a83c-19bebfd529f7,2026-06-18T11:15:00Z,2026-06-18T13:15:00+0200,3992.37524,MW,DE,DE_LU,forecast_onshore_wind_generation,Wind Onshore,2026-06-20T23:37:13Z
2026-06-20T23:36:01Z,2026-06-21T01:36:01+0200,a960294c-15ac-429a-a83c-19bebfd529f7,2026-06-18T11:30:00Z,2026-06-18T13:30:00+0200,4003.59744,MW,DE,DE_LU,forecast_onshore_wind_generation,Wind Onshore,2026-06-20T23:37:13Z
2026-06-20T23:36:01Z,2026-06-21T01:36:01+0200,a960294c-15ac-429a-a83c-19bebfd529f7,2026-06-18T11:45:00Z,2026-06-18T13:45:00+0200,4033.34678,MW,DE,DE_LU,forecast_onshore_wind_generation,Wind Onshore,2026-06-20T23:37:13Z
2026-06-20T23:36:01Z,2026-06-21T01:36:01+0200,a960294c-15ac-429a-a83c-19bebfd529f7,2026-06-18T12:00:00Z,2026-06-18T14:00:00+0200,4066.81938,MW,DE,DE_LU,forecast_onshore_wind_generation,Wind Onshore,2026-06-20T23:37:13Z
2026-06-20T23:36:01Z,2026-06-21T01:36:01+0200,a960294c-15ac-429a-a83c-19bebfd529f7,2026-06-18T12:15:00Z,2026-06-18T14:15:00+0200,4026.04075,MW,DE,DE_LU,forecast_onshore_wind_generation,Wind Onshore,2026-06-20T23:37:13Z
2026-06-20T23:36:01Z,2026-06-21T01:36:01+0200,a960294c-15ac-429a-a83c-19bebfd529f7,2026-06-18T12:30:00Z,2026-06-18T14:30:00+0200,3953.1005,MW,DE,DE_LU,forecast_onshore_wind_generation,Wind Onshore,2026-06-20T23:37:13Z
2026-06-20T23:36:01Z,2026-06-21T01:36:01+0200,a960294c-15ac-429a-a83c-19bebfd529f7,2026-06-18T12:45:00Z,2026-06-18T14:45:00+0200,3864.98381,MW,DE,DE_LU,forecast_onshore_wind_generation,Wind Onshore,2026-06-20T23:37:13Z
2026-06-20T23:36:01Z,2026-06-21T01:36:01+0200,a960294c-15ac-429a-a83c-19bebfd529f7,2026-06-18T13:00:00Z,2026-06-18T15:00:00+0200,3761.79965,MW,DE,DE_LU,forecast_onshore_wind_generation,Wind Onshore,2026-06-20T23:37:13Z
2026-06-20T23:36:01Z,2026-06-21T01:36:01+0200,a960294c-15ac-429a-a83c-19bebfd529f7,2026-06-18T13:15:00Z,2026-06-18T15:15:00+0200,3589.28053,MW,DE,DE_LU,forecast_onshore_wind_generation,Wind Onshore,2026-06-20T23:37:13Z
2026-06-20T23:36:01Z,2026-06-21T01:36:01+0200,a960294c-15ac-429a-a83c-19bebfd529f7,2026-06-18T13:30:00Z,2026-06-18T15:30:00+0200,3413.41971,MW,DE,DE_LU,forecast_onshore_wind_generation,Wind Onshore,2026-06-20T23:37:13Z
2026-06-20T23:36:01Z,2026-06-21T01:36:01+0200,a960294c-15ac-429a-a83c-19bebfd529f7,2026-06-18T13:45:00Z,2026-06-18T15:45:00+0200,3237.09684,MW,DE,DE_LU,forecast_onshore_wind_generation,Wind Onshore,2026-06-20T23:37:13Z
2026-06-20T23:36:01Z,2026-06-21T01:36:01+0200,a960294c-15ac-429a-a83c-19bebfd529f7,2026-06-18T14:00:00Z,2026-06-18T16:00:00+0200,3055.04218,MW,DE,DE_LU,forecast_onshore_wind_generation,Wind Onshore,2026-06-20T23:37:13Z
2026-06-20T23:36:01Z,2026-06-21T01:36:01+0200,a960294c-15ac-429a-a83c-19bebfd529f7,2026-06-18T14:15:00Z,2026-06-18T16:15:00+0200,2858.74931,MW,DE,DE_LU,forecast_onshore_wind_generation,Wind Onshore,2026-06-20T23:37:13Z
2026-06-20T23:36:01Z,2026-06-21T01:36:01+0200,a960294c-15ac-429a-a83c-19bebfd529f7,2026-06-18T14:30:00Z,2026-06-18T16:30:00+0200,2661.29238,MW,DE,DE_LU,forecast_onshore_wind_generation,Wind Onshore,2026-06-20T23:37:13Z
2026-06-20T23:36:01Z,2026-06-21T01:36:01+0200,a960294c-15ac-429a-a83c-19bebfd529f7,2026-06-18T14:45:00Z,2026-06-18T16:45:00+0200,2465.67166,MW,DE,DE_LU,forecast_onshore_wind_generation,Wind Onshore,2026-06-20T23:37:13Z
2026-06-20T23:36:01Z,2026-06-21T01:36:01+0200,a960294c-15ac-429a-a83c-19bebfd529f7,2026-06-18T15:00:00Z,2026-06-18T17:00:00+0200,2270.96295,MW,DE,DE_LU,forecast_onshore_wind_generation,Wind Onshore,2026-06-20T23:37:13Z
2026-06-20T23:36:01Z,2026-06-21T01:36:01+0200,a960294c-15ac-429a-a83c-19bebfd529f7,2026-06-18T15:15:00Z,2026-06-18T17:15:00+0200,2086.03338,MW,DE,DE_LU,forecast_onshore_wind_generation,Wind Onshore,2026-06-20T23:37:13Z
2026-06-20T23:36:01Z,2026-06-21T01:36:01+0200,a960294c-15ac-429a-a83c-19bebfd529f7,2026-06-18T15:30:00Z,2026-06-18T17:30:00+0200,1898.97233,MW,DE,DE_LU,forecast_onshore_wind_generation,Wind Onshore,2026-06-20T23:37:13Z
2026-06-20T23:36:01Z,2026-06-21T01:36:01+0200,a960294c-15ac-429a-a83c-19bebfd529f7,2026-06-18T15:45:00Z,2026-06-18T17:45:00+0200,1713.75312,MW,DE,DE_LU,forecast_onshore_wind_generation,Wind Onshore,2026-06-20T23:37:13Z
2026-06-20T23:36:01Z,2026-06-21T01:36:01+0200,a960294c-15ac-429a-a83c-19bebfd529f7,2026-06-18T16:00:00Z,2026-06-18T18:00:00+0200,1531.66793,MW,DE,DE_LU,forecast_onshore_wind_generation,Wind Onshore,2026-06-20T23:37:13Z
2026-06-20T23:36:01Z,2026-06-21T01:36:01+0200,a960294c-15ac-429a-a83c-19bebfd529f7,2026-06-18T16:15:00Z,2026-06-18T18:15:00+0200,1391.38083,MW,DE,DE_LU,forecast_onshore_wind_generation,Wind Onshore,2026-06-20T23:37:13Z
2026-06-20T23:36:01Z,2026-06-21T01:36:01+0200,a960294c-15ac-429a-a83c-19bebfd529f7,2026-06-18T16:30:00Z,2026-06-18T18:30:00+0200,1248.576,MW,DE,DE_LU,forecast_onshore_wind_generation,Wind Onshore,2026-06-20T23:37:13Z
2026-06-20T23:36:01Z,2026-06-21T01:36:01+0200,a960294c-15ac-429a-a83c-19bebfd529f7,2026-06-18T16:45:00Z,2026-06-18T18:45:00+0200,1102.28243,MW,DE,DE_LU,forecast_onshore_wind_generation,Wind Onshore,2026-06-20T23:37:13Z
2026-06-20T23:36:01Z,2026-06-21T01:36:01+0200,a960294c-15ac-429a-a83c-19bebfd529f7,2026-06-18T17:00:00Z,2026-06-18T19:00:00+0200,954.48045,MW,DE,DE_LU,forecast_onshore_wind_generation,Wind Onshore,2026-06-20T23:37:13Z
2026-06-20T23:36:01Z,2026-06-21T01:36:01+0200,a960294c-15ac-429a-a83c-19bebfd529f7,2026-06-18T17:15:00Z,2026-06-18T19:15:00+0200,896.00397,MW,DE,DE_LU,forecast_onshore_wind_generation,Wind Onshore,2026-06-20T23:37:13Z
2026-06-20T23:36:01Z,2026-06-21T01:36:01+0200,a960294c-15ac-429a-a83c-19bebfd529f7,2026-06-18T17:30:00Z,2026-06-18T19:30:00+0200,837.45418,MW,DE,DE_LU,forecast_onshore_wind_generation,Wind Onshore,2026-06-20T23:37:13Z
2026-06-20T23:36:01Z,2026-06-21T01:36:01+0200,a960294c-15ac-429a-a83c-19bebfd529f7,2026-06-18T17:45:00Z,2026-06-18T19:45:00+0200,782.22359,MW,DE,DE_LU,forecast_onshore_wind_generation,Wind Onshore,2026-06-20T23:37:13Z
2026-06-20T23:36:01Z,2026-06-21T01:36:01+0200,a960294c-15ac-429a-a83c-19bebfd529f7,2026-06-18T18:00:00Z,2026-06-18T20:00:00+0200,726.622,MW,DE,DE_LU,forecast_onshore_wind_generation,Wind Onshore,2026-06-20T23:37:13Z
2026-06-20T23:36:01Z,2026-06-21T01:36:01+0200,a960294c-15ac-429a-a83c-19bebfd529f7,2026-06-18T18:15:00Z,2026-06-18T20:15:00+0200,817.93732,MW,DE,DE_LU,forecast_onshore_wind_generation,Wind Onshore,2026-06-20T23:37:13Z
2026-06-20T23:36:01Z,2026-06-21T01:36:01+0200,a960294c-15ac-429a-a83c-19bebfd529f7,2026-06-18T18:30:00Z,2026-06-18T20:30:00+0200,901.28569,MW,DE,DE_LU,forecast_onshore_wind_generation,Wind Onshore,2026-06-20T23:37:13Z
2026-06-20T23:36:01Z,2026-06-21T01:36:01+0200,a960294c-15ac-429a-a83c-19bebfd529f7,2026-06-18T18:45:00Z,2026-06-18T20:45:00+0200,971.72495,MW,DE,DE_LU,forecast_onshore_wind_generation,Wind Onshore,2026-06-20T23:37:13Z
2026-06-20T23:36:01Z,2026-06-21T01:36:01+0200,a960294c-15ac-429a-a83c-19bebfd529f7,2026-06-18T19:00:00Z,2026-06-18T21:00:00+0200,1046.03828,MW,DE,DE_LU,forecast_onshore_wind_generation,Wind Onshore,2026-06-20T23:37:13Z
2026-06-20T23:36:01Z,2026-06-21T01:36:01+0200,a960294c-15ac-429a-a83c-19bebfd529f7,2026-06-18T19:15:00Z,2026-06-18T21:15:00+0200,1189.95096,MW,DE,DE_LU,forecast_onshore_wind_generation,Wind Onshore,2026-06-20T23:37:13Z
2026-06-20T23:36:01Z,2026-06-21T01:36:01+0200,a960294c-15ac-429a-a83c-19bebfd529f7,2026-06-18T19:30:00Z,2026-06-18T21:30:00+0200,1367.55989,MW,DE,DE_LU,forecast_onshore_wind_generation,Wind Onshore,2026-06-20T23:37:13Z
2026-06-20T23:36:01Z,2026-06-21T01:36:01+0200,a960294c-15ac-429a-a83c-19bebfd529f7,2026-06-18T19:45:00Z,2026-06-18T21:45:00+0200,1564.95199,MW,DE,DE_LU,forecast_onshore_wind_generation,Wind Onshore,2026-06-20T23:37:13Z
2026-06-20T23:36:01Z,2026-06-21T01:36:01+0200,a960294c-15ac-429a-a83c-19bebfd529f7,2026-06-18T20:00:00Z,2026-06-18T22:00:00+0200,1774.37565,MW,DE,DE_LU,forecast_onshore_wind_generation,Wind Onshore,2026-06-20T23:37:13Z
2026-06-20T23:36:01Z,2026-06-21T01:36:01+0200,a960294c-15ac-429a-a83c-19bebfd529f7,2026-06-18T20:15:00Z,2026-06-18T22:15:00+0200,2011.37763,MW,DE,DE_LU,forecast_onshore_wind_generation,Wind Onshore,2026-06-20T23:37:13Z
2026-06-20T23:36:01Z,2026-06-21T01:36:01+0200,a960294c-15ac-429a-a83c-19bebfd529f7,2026-06-18T20:30:00Z,2026-06-18T22:30:00+0200,2252.11994,MW,DE,DE_LU,forecast_onshore_wind_generation,Wind Onshore,2026-06-20T23:37:13Z
2026-06-20T23:36:01Z,2026-06-21T01:36:01+0200,a960294c-15ac-429a-a83c-19bebfd529f7,2026-06-18T20:45:00Z,2026-06-18T22:45:00+0200,2494.46193,MW,DE,DE_LU,forecast_onshore_wind_generation,Wind Onshore,2026-06-20T23:37:13Z
2026-06-20T23:36:01Z,2026-06-21T01:36:01+0200,a960294c-15ac-429a-a83c-19bebfd529f7,2026-06-18T21:00:00Z,2026-06-18T23:00:00+0200,2742.9463,MW,DE,DE_LU,forecast_onshore_wind_generation,Wind Onshore,2026-06-20T23:37:13Z
2026-06-20T23:36:01Z,2026-06-21T01:36:01+0200,a960294c-15ac-429a-a83c-19bebfd529f7,2026-06-18T21:15:00Z,2026-06-18T23:15:00+0200,3007.67405,MW,DE,DE_LU,forecast_onshore_wind_generation,Wind Onshore,2026-06-20T23:37:13Z
2026-06-20T23:36:01Z,2026-06-21T01:36:01+0200,a960294c-15ac-429a-a83c-19bebfd529f7,2026-06-18T21:30:00Z,2026-06-18T23:30:00+0200,3272.60045,MW,DE,DE_LU,forecast_onshore_wind_generation,Wind Onshore,2026-06-20T23:37:13Z
2026-06-20T23:36:01Z,2026-06-21T01:36:01+0200,a960294c-15ac-429a-a83c-19bebfd529f7,2026-06-18T21:45:00Z,2026-06-18T23:45:00+0200,3535.22904,MW,DE,DE_LU,forecast_onshore_wind_generation,Wind Onshore,2026-06-20T23:37:13Z
2026-06-20T23:36:01Z,2026-06-21T01:36:01+0200,a960294c-15ac-429a-a83c-19bebfd529f7,2026-06-18T22:00:00Z,2026-06-19T00:00:00+0200,4153.15974,MW,DE,DE_LU,forecast_onshore_wind_generation,Wind Onshore,2026-06-20T23:37:13Z
2026-06-20T23:36:01Z,2026-06-21T01:36:01+0200,a960294c-15ac-429a-a83c-19bebfd529f7,2026-06-18T22:15:00Z,2026-06-19T00:15:00+0200,4382.76653,MW,DE,DE_LU,forecast_onshore_wind_generation,Wind Onshore,2026-06-20T23:37:13Z
2026-06-20T23:36:01Z,2026-06-21T01:36:01+0200,a960294c-15ac-429a-a83c-19bebfd529f7,2026-06-18T22:30:00Z,2026-06-19T00:30:00+0200,4614.66611,MW,DE,DE_LU,forecast_onshore_wind_generation,Wind Onshore,2026-06-20T23:37:13Z
2026-06-20T23:36:01Z,2026-06-21T01:36:01+0200,a960294c-15ac-429a-a83c-19bebfd529f7,2026-06-18T22:45:00Z,2026-06-19T00:45:00+0200,4833.12136,MW,DE,DE_LU,forecast_onshore_wind_generation,Wind Onshore,2026-06-20T23:37:13Z
2026-06-20T23:36:01Z,2026-06-21T01:36:01+0200,a960294c-15ac-429a-a83c-19bebfd529f7,2026-06-18T23:00:00Z,2026-06-19T01:00:00+0200,5064.95199,MW,DE,DE_LU,forecast_onshore_wind_generation,Wind Onshore,2026-06-20T23:37:13Z
2026-06-20T23:36:01Z,2026-06-21T01:36:01+0200,a960294c-15ac-429a-a83c-19bebfd529f7,2026-06-18T23:15:00Z,2026-06-19T01:15:00+0200,5235.78517,MW,DE,DE_LU,forecast_onshore_wind_generation,Wind Onshore,2026-06-20T23:37:13Z
2026-06-20T23:36:01Z,2026-06-21T01:36:01+0200,a960294c-15ac-429a-a83c-19bebfd529f7,2026-06-18T23:30:00Z,2026-06-19T01:30:00+0200,5412.1133,MW,DE,DE_LU,forecast_onshore_wind_generation,Wind Onshore,2026-06-20T23:37:13Z
2026-06-20T23:36:01Z,2026-06-21T01:36:01+0200,a960294c-15ac-429a-a83c-19bebfd529f7,2026-06-18T23:45:00Z,2026-06-19T01:45:00+0200,5606.80577,MW,DE,DE_LU,forecast_onshore_wind_generation,Wind Onshore,2026-06-20T23:37:13Z
2026-06-20T23:36:01Z,2026-06-21T01:36:01+0200,a960294c-15ac-429a-a83c-19bebfd529f7,2026-06-19T00:00:00Z,2026-06-19T02:00:00+0200,5801.23133,MW,DE,DE_LU,forecast_onshore_wind_generation,Wind Onshore,2026-06-20T23:37:13Z
2026-06-20T23:36:01Z,2026-06-21T01:36:01+0200,a960294c-15ac-429a-a83c-19bebfd529f7,2026-06-19T00:15:00Z,2026-06-19T02:15:00+0200,5907.10845,MW,DE,DE_LU,forecast_onshore_wind_generation,Wind Onshore,2026-06-20T23:37:13Z
2026-06-20T23:36:01Z,2026-06-21T01:36:01+0200,a960294c-15ac-429a-a83c-19bebfd529f7,2026-06-19T00:30:00Z,2026-06-19T02:30:00+0200,5990.09693,MW,DE,DE_LU,forecast_onshore_wind_generation,Wind Onshore,2026-06-20T23:37:13Z
2026-06-20T23:36:01Z,2026-06-21T01:36:01+0200,a960294c-15ac-429a-a83c-19bebfd529f7,2026-06-19T00:45:00Z,2026-06-19T02:45:00+0200,6054.76142,MW,DE,DE_LU,forecast_onshore_wind_generation,Wind Onshore,2026-06-20T23:37:13Z
2026-06-20T23:36:01Z,2026-06-21T01:36:01+0200,a960294c-15ac-429a-a83c-19bebfd529f7,2026-06-19T01:00:00Z,2026-06-19T03:00:00+0200,6126.71259,MW,DE,DE_LU,forecast_onshore_wind_generation,Wind Onshore,2026-06-20T23:37:13Z
2026-06-20T23:36:01Z,2026-06-21T01:36:01+0200,a960294c-15ac-429a-a83c-19bebfd529f7,2026-06-19T01:15:00Z,2026-06-19T03:15:00+0200,6184.05832,MW,DE,DE_LU,forecast_onshore_wind_generation,Wind Onshore,2026-06-20T23:37:13Z
2026-06-20T23:36:01Z,2026-06-21T01:36:01+0200,a960294c-15ac-429a-a83c-19bebfd529f7,2026-06-19T01:30:00Z,2026-06-19T03:30:00+0200,6239.81822,MW,DE,DE_LU,forecast_onshore_wind_generation,Wind Onshore,2026-06-20T23:37:13Z
2026-06-20T23:36:01Z,2026-06-21T01:36:01+0200,a960294c-15ac-429a-a83c-19bebfd529f7,2026-06-19T01:45:00Z,2026-06-19T03:45:00+0200,6298.6203,MW,DE,DE_LU,forecast_onshore_wind_generation,Wind Onshore,2026-06-20T23:37:13Z
2026-06-20T23:36:01Z,2026-06-21T01:36:01+0200,a960294c-15ac-429a-a83c-19bebfd529f7,2026-06-19T02:00:00Z,2026-06-19T04:00:00+0200,6358.21351,MW,DE,DE_LU,forecast_onshore_wind_generation,Wind Onshore,2026-06-20T23:37:13Z
2026-06-20T23:36:01Z,2026-06-21T01:36:01+0200,a960294c-15ac-429a-a83c-19bebfd529f7,2026-06-19T02:15:00Z,2026-06-19T04:15:00+0200,6406.7068,MW,DE,DE_LU,forecast_onshore_wind_generation,Wind Onshore,2026-06-20T23:37:13Z
2026-06-20T23:36:01Z,2026-06-21T01:36:01+0200,a960294c-15ac-429a-a83c-19bebfd529f7,2026-06-19T02:30:00Z,2026-06-19T04:30:00+0200,6453.52814,MW,DE,DE_LU,forecast_onshore_wind_generation,Wind Onshore,2026-06-20T23:37:13Z
2026-06-20T23:36:01Z,2026-06-21T01:36:01+0200,a960294c-15ac-429a-a83c-19bebfd529f7,2026-06-19T02:45:00Z,2026-06-19T04:45:00+0200,6500.18106,MW,DE,DE_LU,forecast_onshore_wind_generation,Wind Onshore,2026-06-20T23:37:13Z
2026-06-20T23:36:01Z,2026-06-21T01:36:01+0200,a960294c-15ac-429a-a83c-19bebfd529f7,2026-06-19T03:00:00Z,2026-06-19T05:00:00+0200,6529.35128,MW,DE,DE_LU,forecast_onshore_wind_generation,Wind Onshore,2026-06-20T23:37:13Z
2026-06-20T23:36:01Z,2026-06-21T01:36:01+0200,a960294c-15ac-429a-a83c-19bebfd529f7,2026-06-19T03:15:00Z,2026-06-19T05:15:00+0200,6540.6004,MW,DE,DE_LU,forecast_onshore_wind_generation,Wind Onshore,2026-06-20T23:37:13Z
2026-06-20T23:36:01Z,2026-06-21T01:36:01+0200,a960294c-15ac-429a-a83c-19bebfd529f7,2026-06-19T03:30:00Z,2026-06-19T05:30:00+0200,6546.01281,MW,DE,DE_LU,forecast_onshore_wind_generation,Wind Onshore,2026-06-20T23:37:13Z
2026-06-20T23:36:01Z,2026-06-21T01:36:01+0200,a960294c-15ac-429a-a83c-19bebfd529f7,2026-06-19T03:45:00Z,2026-06-19T05:45:00+0200,6557.40336,MW,DE,DE_LU,forecast_onshore_wind_generation,Wind Onshore,2026-06-20T23:37:13Z
2026-06-20T23:36:01Z,2026-06-21T01:36:01+0200,a960294c-15ac-429a-a83c-19bebfd529f7,2026-06-19T04:00:00Z,2026-06-19T06:00:00+0200,6592.76236,MW,DE,DE_LU,forecast_onshore_wind_generation,Wind Onshore,2026-06-20T23:37:13Z
2026-06-20T23:36:01Z,2026-06-21T01:36:01+0200,a960294c-15ac-429a-a83c-19bebfd529f7,2026-06-19T04:15:00Z,2026-06-19T06:15:00+0200,6455.43833,MW,DE,DE_LU,forecast_onshore_wind_generation,Wind Onshore,2026-06-20T23:37:13Z
2026-06-20T23:36:01Z,2026-06-21T01:36:01+0200,a960294c-15ac-429a-a83c-19bebfd529f7,2026-06-19T04:30:00Z,2026-06-19T06:30:00+0200,6342.35797,MW,DE,DE_LU,forecast_onshore_wind_generation,Wind Onshore,2026-06-20T23:37:13Z
2026-06-20T23:36:01Z,2026-06-21T01:36:01+0200,a960294c-15ac-429a-a83c-19bebfd529f7,2026-06-19T04:45:00Z,2026-06-19T06:45:00+0200,6201.61517,MW,DE,DE_LU,forecast_onshore_wind_generation,Wind Onshore,2026-06-20T23:37:13Z
2026-06-20T23:36:01Z,2026-06-21T01:36:01+0200,a960294c-15ac-429a-a83c-19bebfd529f7,2026-06-19T05:00:00Z,2026-06-19T07:00:00+0200,6065.40117,MW,DE,DE_LU,forecast_onshore_wind_generation,Wind Onshore,2026-06-20T23:37:13Z
2026-06-20T23:36:01Z,2026-06-21T01:36:01+0200,a960294c-15ac-429a-a83c-19bebfd529f7,2026-06-19T05:15:00Z,2026-06-19T07:15:00+0200,5810.57307,MW,DE,DE_LU,forecast_onshore_wind_generation,Wind Onshore,2026-06-20T23:37:13Z
2026-06-20T23:36:01Z,2026-06-21T01:36:01+0200,a960294c-15ac-429a-a83c-19bebfd529f7,2026-06-19T05:30:00Z,2026-06-19T07:30:00+0200,5559.37084,MW,DE,DE_LU,forecast_onshore_wind_generation,Wind Onshore,2026-06-20T23:37:13Z
2026-06-20T23:36:01Z,2026-06-21T01:36:01+0200,a960294c-15ac-429a-a83c-19bebfd529f7,2026-06-19T05:45:00Z,2026-06-19T07:45:00+0200,5316.30925,MW,DE,DE_LU,forecast_onshore_wind_generation,Wind Onshore,2026-06-20T23:37:13Z
2026-06-20T23:36:01Z,2026-06-21T01:36:01+0200,a960294c-15ac-429a-a83c-19bebfd529f7,2026-06-19T06:00:00Z,2026-06-19T08:00:00+0200,5021.00573,MW,DE,DE_LU,forecast_onshore_wind_generation,Wind Onshore,2026-06-20T23:37:13Z
2026-06-20T23:36:01Z,2026-06-21T01:36:01+0200,a960294c-15ac-429a-a83c-19bebfd529f7,2026-06-19T06:15:00Z,2026-06-19T08:15:00+0200,4628.42898,MW,DE,DE_LU,forecast_onshore_wind_generation,Wind Onshore,2026-06-20T23:37:13Z
2026-06-20T23:36:01Z,2026-06-21T01:36:01+0200,a960294c-15ac-429a-a83c-19bebfd529f7,2026-06-19T06:30:00Z,2026-06-19T08:30:00+0200,4179.48067,MW,DE,DE_LU,forecast_onshore_wind_generation,Wind Onshore,2026-06-20T23:37:13Z
2026-06-20T23:36:01Z,2026-06-21T01:36:01+0200,a960294c-15ac-429a-a83c-19bebfd529f7,2026-06-19T06:45:00Z,2026-06-19T08:45:00+0200,3737.73921,MW,DE,DE_LU,forecast_onshore_wind_generation,Wind Onshore,2026-06-20T23:37:13Z
2026-06-20T23:36:01Z,2026-06-21T01:36:01+0200,a960294c-15ac-429a-a83c-19bebfd529f7,2026-06-19T07:00:00Z,2026-06-19T09:00:00+0200,3325.11545,MW,DE,DE_LU,forecast_onshore_wind_generation,Wind Onshore,2026-06-20T23:37:13Z
2026-06-20T23:36:01Z,2026-06-21T01:36:01+0200,a960294c-15ac-429a-a83c-19bebfd529f7,2026-06-19T07:15:00Z,2026-06-19T09:15:00+0200,3093.71015,MW,DE,DE_LU,forecast_onshore_wind_generation,Wind Onshore,2026-06-20T23:37:13Z
2026-06-20T23:36:01Z,2026-06-21T01:36:01+0200,a960294c-15ac-429a-a83c-19bebfd529f7,2026-06-19T07:30:00Z,2026-06-19T09:30:00+0200,2874.01414,MW,DE,DE_LU,forecast_onshore_wind_generation,Wind Onshore,2026-06-20T23:37:13Z
2026-06-20T23:36:01Z,2026-06-21T01:36:01+0200,a960294c-15ac-429a-a83c-19bebfd529f7,2026-06-19T07:45:00Z,2026-06-19T09:45:00+0200,2645.54036,MW,DE,DE_LU,forecast_onshore_wind_generation,Wind Onshore,2026-06-20T23:37:13Z
2026-06-20T23:36:01Z,2026-06-21T01:36:01+0200,a960294c-15ac-429a-a83c-19bebfd529f7,2026-06-19T08:00:00Z,2026-06-19T10:00:00+0200,2422.42107,MW,DE,DE_LU,forecast_onshore_wind_generation,Wind Onshore,2026-06-20T23:37:13Z
2026-06-20T23:36:01Z,2026-06-21T01:36:01+0200,a960294c-15ac-429a-a83c-19bebfd529f7,2026-06-19T08:15:00Z,2026-06-19T10:15:00+0200,2351.71045,MW,DE,DE_LU,forecast_onshore_wind_generation,Wind Onshore,2026-06-20T23:37:13Z
2026-06-20T23:36:01Z,2026-06-21T01:36:01+0200,a960294c-15ac-429a-a83c-19bebfd529f7,2026-06-19T08:30:00Z,2026-06-19T10:30:00+0200,2277.27147,MW,DE,DE_LU,forecast_onshore_wind_generation,Wind Onshore,2026-06-20T23:37:13Z
2026-06-20T23:36:01Z,2026-06-21T01:36:01+0200,a960294c-15ac-429a-a83c-19bebfd529f7,2026-06-19T08:45:00Z,2026-06-19T10:45:00+0200,2208.12035,MW,DE,DE_LU,forecast_onshore_wind_generation,Wind Onshore,2026-06-20T23:37:13Z
2026-06-20T23:36:01Z,2026-06-21T01:36:01+0200,a960294c-15ac-429a-a83c-19bebfd529f7,2026-06-19T09:00:00Z,2026-06-19T11:00:00+0200,2145.07409,MW,DE,DE_LU,forecast_onshore_wind_generation,Wind Onshore,2026-06-20T23:37:13Z
2026-06-20T23:36:01Z,2026-06-21T01:36:01+0200,a960294c-15ac-429a-a83c-19bebfd529f7,2026-06-19T09:15:00Z,2026-06-19T11:15:00+0200,2141.48998,MW,DE,DE_LU,forecast_onshore_wind_generation,Wind Onshore,2026-06-20T23:37:13Z
2026-06-20T23:36:01Z,2026-06-21T01:36:01+0200,a960294c-15ac-429a-a83c-19bebfd529f7,2026-06-19T09:30:00Z,2026-06-19T11:30:00+0200,2135.84995,MW,DE,DE_LU,forecast_onshore_wind_generation,Wind Onshore,2026-06-20T23:37:13Z
2026-06-20T23:36:01Z,2026-06-21T01:36:01+0200,a960294c-15ac-429a-a83c-19bebfd529f7,2026-06-19T09:45:00Z,2026-06-19T11:45:00+0200,2133.87591,MW,DE,DE_LU,forecast_onshore_wind_generation,Wind Onshore,2026-06-20T23:37:13Z
2026-06-20T23:36:01Z,2026-06-21T01:36:01+0200,a960294c-15ac-429a-a83c-19bebfd529f7,2026-06-19T10:00:00Z,2026-06-19T12:00:00+0200,2139.44557,MW,DE,DE_LU,forecast_onshore_wind_generation,Wind Onshore,2026-06-20T23:37:13Z
2026-06-20T23:36:01Z,2026-06-21T01:36:01+0200,a960294c-15ac-429a-a83c-19bebfd529f7,2026-06-19T10:15:00Z,2026-06-19T12:15:00+0200,2160.3894,MW,DE,DE_LU,forecast_onshore_wind_generation,Wind Onshore,2026-06-20T23:37:13Z
2026-06-20T23:36:01Z,2026-06-21T01:36:01+0200,a960294c-15ac-429a-a83c-19bebfd529f7,2026-06-19T10:30:00Z,2026-06-19T12:30:00+0200,2175.16727,MW,DE,DE_LU,forecast_onshore_wind_generation,Wind Onshore,2026-06-20T23:37:13Z
2026-06-20T23:36:01Z,2026-06-21T01:36:01+0200,a960294c-15ac-429a-a83c-19bebfd529f7,2026-06-19T10:45:00Z,2026-06-19T12:45:00+0200,2198.8619,MW,DE,DE_LU,forecast_onshore_wind_generation,Wind Onshore,2026-06-20T23:37:13Z
2026-06-20T23:36:01Z,2026-06-21T01:36:01+0200,a960294c-15ac-429a-a83c-19bebfd529f7,2026-06-19T11:00:00Z,2026-06-19T13:00:00+0200,2226.93688,MW,DE,DE_LU,forecast_onshore_wind_generation,Wind Onshore,2026-06-20T23:37:13Z
2026-06-20T23:36:01Z,2026-06-21T01:36:01+0200,a960294c-15ac-429a-a83c-19bebfd529f7,2026-06-19T11:15:00Z,2026-06-19T13:15:00+0200,2278.01369,MW,DE,DE_LU,forecast_onshore_wind_generation,Wind Onshore,2026-06-20T23:37:13Z
2026-06-20T23:36:01Z,2026-06-21T01:36:01+0200,a960294c-15ac-429a-a83c-19bebfd529f7,2026-06-19T11:30:00Z,2026-06-19T13:30:00+0200,2333.16549,MW,DE,DE_LU,forecast_onshore_wind_generation,Wind Onshore,2026-06-20T23:37:13Z
2026-06-20T23:36:01Z,2026-06-21T01:36:01+0200,a960294c-15ac-429a-a83c-19bebfd529f7,2026-06-19T11:45:00Z,2026-06-19T13:45:00+0200,2401.27333,MW,DE,DE_LU,forecast_onshore_wind_generation,Wind Onshore,2026-06-20T23:37:13Z
2026-06-20T23:36:01Z,2026-06-21T01:36:01+0200,a960294c-15ac-429a-a83c-19bebfd529f7,2026-06-19T12:00:00Z,2026-06-19T14:00:00+0200,2478.07483,MW,DE,DE_LU,forecast_onshore_wind_generation,Wind Onshore,2026-06-20T23:37:13Z
2026-06-20T23:36:01Z,2026-06-21T01:36:01+0200,a960294c-15ac-429a-a83c-19bebfd529f7,2026-06-19T12:15:00Z,2026-06-19T14:15:00+0200,2523.34562,MW,DE,DE_LU,forecast_onshore_wind_generation,Wind Onshore,2026-06-20T23:37:13Z
2026-06-20T23:36:01Z,2026-06-21T01:36:01+0200,a960294c-15ac-429a-a83c-19bebfd529f7,2026-06-19T12:30:00Z,2026-06-19T14:30:00+0200,2559.19127,MW,DE,DE_LU,forecast_onshore_wind_generation,Wind Onshore,2026-06-20T23:37:13Z
2026-06-20T23:36:01Z,2026-06-21T01:36:01+0200,a960294c-15ac-429a-a83c-19bebfd529f7,2026-06-19T12:45:00Z,2026-06-19T14:45:00+0200,2597.82408,MW,DE,DE_LU,forecast_onshore_wind_generation,Wind Onshore,2026-06-20T23:37:13Z
2026-06-20T23:36:01Z,2026-06-21T01:36:01+0200,a960294c-15ac-429a-a83c-19bebfd529f7,2026-06-19T13:00:00Z,2026-06-19T15:00:00+0200,2633.60987,MW,DE,DE_LU,forecast_onshore_wind_generation,Wind Onshore,2026-06-20T23:37:13Z
2026-06-20T23:36:01Z,2026-06-21T01:36:01+0200,a960294c-15ac-429a-a83c-19bebfd529f7,2026-06-19T13:15:00Z,2026-06-19T15:15:00+0200,2700.62676,MW,DE,DE_LU,forecast_onshore_wind_generation,Wind Onshore,2026-06-20T23:37:13Z
2026-06-20T23:36:01Z,2026-06-21T01:36:01+0200,a960294c-15ac-429a-a83c-19bebfd529f7,2026-06-19T13:30:00Z,2026-06-19T15:30:00+0200,2766.97155,MW,DE,DE_LU,forecast_onshore_wind_generation,Wind Onshore,2026-06-20T23:37:13Z
2026-06-20T23:36:01Z,2026-06-21T01:36:01+0200,a960294c-15ac-429a-a83c-19bebfd529f7,2026-06-19T13:45:00Z,2026-06-19T15:45:00+0200,2832.51096,MW,DE,DE_LU,forecast_onshore_wind_generation,Wind Onshore,2026-06-20T23:37:13Z
2026-06-20T23:36:01Z,2026-06-21T01:36:01+0200,a960294c-15ac-429a-a83c-19bebfd529f7,2026-06-19T14:00:00Z,2026-06-19T16:00:00+0200,2906.96533,MW,DE,DE_LU,forecast_onshore_wind_generation,Wind Onshore,2026-06-20T23:37:13Z
2026-06-20T23:36:01Z,2026-06-21T01:36:01+0200,a960294c-15ac-429a-a83c-19bebfd529f7,2026-06-19T14:15:00Z,2026-06-19T16:15:00+0200,3018.11925,MW,DE,DE_LU,forecast_onshore_wind_generation,Wind Onshore,2026-06-20T23:37:13Z
2026-06-20T23:36:01Z,2026-06-21T01:36:01+0200,a960294c-15ac-429a-a83c-19bebfd529f7,2026-06-19T14:30:00Z,2026-06-19T16:30:00+0200,3125.25342,MW,DE,DE_LU,forecast_onshore_wind_generation,Wind Onshore,2026-06-20T23:37:13Z
2026-06-20T23:36:01Z,2026-06-21T01:36:01+0200,a960294c-15ac-429a-a83c-19bebfd529f7,2026-06-19T14:45:00Z,2026-06-19T16:45:00+0200,3228.1851,MW,DE,DE_LU,forecast_onshore_wind_generation,Wind Onshore,2026-06-20T23:37:13Z
2026-06-20T23:36:01Z,2026-06-21T01:36:01+0200,a960294c-15ac-429a-a83c-19bebfd529f7,2026-06-19T15:00:00Z,2026-06-19T17:00:00+0200,3332.02789,MW,DE,DE_LU,forecast_onshore_wind_generation,Wind Onshore,2026-06-20T23:37:13Z
2026-06-20T23:36:01Z,2026-06-21T01:36:01+0200,a960294c-15ac-429a-a83c-19bebfd529f7,2026-06-19T15:15:00Z,2026-06-19T17:15:00+0200,3339.1604,MW,DE,DE_LU,forecast_onshore_wind_generation,Wind Onshore,2026-06-20T23:37:13Z
2026-06-20T23:36:01Z,2026-06-21T01:36:01+0200,a960294c-15ac-429a-a83c-19bebfd529f7,2026-06-19T15:30:00Z,2026-06-19T17:30:00+0200,3354.12094,MW,DE,DE_LU,forecast_onshore_wind_generation,Wind Onshore,2026-06-20T23:37:13Z
2026-06-20T23:36:01Z,2026-06-21T01:36:01+0200,a960294c-15ac-429a-a83c-19bebfd529f7,2026-06-19T15:45:00Z,2026-06-19T17:45:00+0200,3387.70098,MW,DE,DE_LU,forecast_onshore_wind_generation,Wind Onshore,2026-06-20T23:37:13Z
2026-06-20T23:36:01Z,2026-06-21T01:36:01+0200,a960294c-15ac-429a-a83c-19bebfd529f7,2026-06-19T16:00:00Z,2026-06-19T18:00:00+0200,3411.49455,MW,DE,DE_LU,forecast_onshore_wind_generation,Wind Onshore,2026-06-20T23:37:13Z
2026-06-20T23:36:01Z,2026-06-21T01:36:01+0200,a960294c-15ac-429a-a83c-19bebfd529f7,2026-06-19T16:15:00Z,2026-06-19T18:15:00+0200,3591.08259,MW,DE,DE_LU,forecast_onshore_wind_generation,Wind Onshore,2026-06-20T23:37:13Z
2026-06-20T23:36:01Z,2026-06-21T01:36:01+0200,a960294c-15ac-429a-a83c-19bebfd529f7,2026-06-19T16:30:00Z,2026-06-19T18:30:00+0200,3775.81289,MW,DE,DE_LU,forecast_onshore_wind_generation,Wind Onshore,2026-06-20T23:37:13Z
2026-06-20T23:36:01Z,2026-06-21T01:36:01+0200,a960294c-15ac-429a-a83c-19bebfd529f7,2026-06-19T16:45:00Z,2026-06-19T18:45:00+0200,3971.61928,MW,DE,DE_LU,forecast_onshore_wind_generation,Wind Onshore,2026-06-20T23:37:13Z
2026-06-20T23:36:01Z,2026-06-21T01:36:01+0200,a960294c-15ac-429a-a83c-19bebfd529f7,2026-06-19T17:00:00Z,2026-06-19T19:00:00+0200,4172.02439,MW,DE,DE_LU,forecast_onshore_wind_generation,Wind Onshore,2026-06-20T23:37:13Z
2026-06-20T23:36:01Z,2026-06-21T01:36:01+0200,a960294c-15ac-429a-a83c-19bebfd529f7,2026-06-19T17:15:00Z,2026-06-19T19:15:00+0200,4452.48036,MW,DE,DE_LU,forecast_onshore_wind_generation,Wind Onshore,2026-06-20T23:37:13Z
2026-06-20T23:36:01Z,2026-06-21T01:36:01+0200,a960294c-15ac-429a-a83c-19bebfd529f7,2026-06-19T17:30:00Z,2026-06-19T19:30:00+0200,4731.81963,MW,DE,DE_LU,forecast_onshore_wind_generation,Wind Onshore,2026-06-20T23:37:13Z
2026-06-20T23:36:01Z,2026-06-21T01:36:01+0200,a960294c-15ac-429a-a83c-19bebfd529f7,2026-06-19T17:45:00Z,2026-06-19T19:45:00+0200,5004.59432,MW,DE,DE_LU,forecast_onshore_wind_generation,Wind Onshore,2026-06-20T23:37:13Z
2026-06-20T23:36:01Z,2026-06-21T01:36:01+0200,a960294c-15ac-429a-a83c-19bebfd529f7,2026-06-19T18:00:00Z,2026-06-19T20:00:00+0200,5293.48573,MW,DE,DE_LU,forecast_onshore_wind_generation,Wind Onshore,2026-06-20T23:37:13Z
2026-06-20T23:36:01Z,2026-06-21T01:36:01+0200,a960294c-15ac-429a-a83c-19bebfd529f7,2026-06-19T18:15:00Z,2026-06-19T20:15:00+0200,5706.57301,MW,DE,DE_LU,forecast_onshore_wind_generation,Wind Onshore,2026-06-20T23:37:13Z
2026-06-20T23:36:01Z,2026-06-21T01:36:01+0200,a960294c-15ac-429a-a83c-19bebfd529f7,2026-06-19T18:30:00Z,2026-06-19T20:30:00+0200,6102.74235,MW,DE,DE_LU,forecast_onshore_wind_generation,Wind Onshore,2026-06-20T23:37:13Z
2026-06-20T23:36:01Z,2026-06-21T01:36:01+0200,a960294c-15ac-429a-a83c-19bebfd529f7,2026-06-19T18:45:00Z,2026-06-19T20:45:00+0200,6476.96385,MW,DE,DE_LU,forecast_onshore_wind_generation,Wind Onshore,2026-06-20T23:37:13Z
2026-06-20T23:36:01Z,2026-06-21T01:36:01+0200,a960294c-15ac-429a-a83c-19bebfd529f7,2026-06-19T19:00:00Z,2026-06-19T21:00:00+0200,6772.22147,MW,DE,DE_LU,forecast_onshore_wind_generation,Wind Onshore,2026-06-20T23:37:13Z
2026-06-20T23:36:01Z,2026-06-21T01:36:01+0200,a960294c-15ac-429a-a83c-19bebfd529f7,2026-06-19T19:15:00Z,2026-06-19T21:15:00+0200,7105.53131,MW,DE,DE_LU,forecast_onshore_wind_generation,Wind Onshore,2026-06-20T23:37:13Z
2026-06-20T23:36:01Z,2026-06-21T01:36:01+0200,a960294c-15ac-429a-a83c-19bebfd529f7,2026-06-19T19:30:00Z,2026-06-19T21:30:00+0200,7447.19521,MW,DE,DE_LU,forecast_onshore_wind_generation,Wind Onshore,2026-06-20T23:37:13Z
2026-06-20T23:36:01Z,2026-06-21T01:36:01+0200,a960294c-15ac-429a-a83c-19bebfd529f7,2026-06-19T19:45:00Z,2026-06-19T21:45:00+0200,7819.07478,MW,DE,DE_LU,forecast_onshore_wind_generation,Wind Onshore,2026-06-20T23:37:13Z
2026-06-20T23:36:01Z,2026-06-21T01:36:01+0200,a960294c-15ac-429a-a83c-19bebfd529f7,2026-06-19T20:00:00Z,2026-06-19T22:00:00+0200,8158.81529,MW,DE,DE_LU,forecast_onshore_wind_generation,Wind Onshore,2026-06-20T23:37:13Z
2026-06-20T23:36:01Z,2026-06-21T01:36:01+0200,a960294c-15ac-429a-a83c-19bebfd529f7,2026-06-19T20:15:00Z,2026-06-19T22:15:00+0200,8601.67872,MW,DE,DE_LU,forecast_onshore_wind_generation,Wind Onshore,2026-06-20T23:37:13Z
2026-06-20T23:36:01Z,2026-06-21T01:36:01+0200,a960294c-15ac-429a-a83c-19bebfd529f7,2026-06-19T20:30:00Z,2026-06-19T22:30:00+0200,9040.20227,MW,DE,DE_LU,forecast_onshore_wind_generation,Wind Onshore,2026-06-20T23:37:13Z
2026-06-20T23:36:01Z,2026-06-21T01:36:01+0200,a960294c-15ac-429a-a83c-19bebfd529f7,2026-06-19T20:45:00Z,2026-06-19T22:45:00+0200,9452.06306,MW,DE,DE_LU,forecast_onshore_wind_generation,Wind Onshore,2026-06-20T23:37:13Z
2026-06-20T23:36:01Z,2026-06-21T01:36:01+0200,a960294c-15ac-429a-a83c-19bebfd529f7,2026-06-19T21:00:00Z,2026-06-19T23:00:00+0200,9812.9365,MW,DE,DE_LU,forecast_onshore_wind_generation,Wind Onshore,2026-06-20T23:37:13Z
2026-06-20T23:36:01Z,2026-06-21T01:36:01+0200,a960294c-15ac-429a-a83c-19bebfd529f7,2026-06-19T21:15:00Z,2026-06-19T23:15:00+0200,10005.4142,MW,DE,DE_LU,forecast_onshore_wind_generation,Wind Onshore,2026-06-20T23:37:13Z
2026-06-20T23:36:01Z,2026-06-21T01:36:01+0200,a960294c-15ac-429a-a83c-19bebfd529f7,2026-06-19T21:30:00Z,2026-06-19T23:30:00+0200,10184.02218,MW,DE,DE_LU,forecast_onshore_wind_generation,Wind Onshore,2026-06-20T23:37:13Z
2026-06-20T23:36:01Z,2026-06-21T01:36:01+0200,a960294c-15ac-429a-a83c-19bebfd529f7,2026-06-19T21:45:00Z,2026-06-19T23:45:00+0200,10302.4812,MW,DE,DE_LU,forecast_onshore_wind_generation,Wind Onshore,2026-06-20T23:37:13Z
2026-06-20T23:36:01Z,2026-06-21T01:36:01+0200,a960294c-15ac-429a-a83c-19bebfd529f7,2026-06-19T22:00:00Z,2026-06-20T00:00:00+0200,11388.99736,MW,DE,DE_LU,forecast_onshore_wind_generation,Wind Onshore,2026-06-20T23:37:13Z
2026-06-20T23:36:01Z,2026-06-21T01:36:01+0200,a960294c-15ac-429a-a83c-19bebfd529f7,2026-06-19T22:15:00Z,2026-06-20T00:15:00+0200,11397.85468,MW,DE,DE_LU,forecast_onshore_wind_generation,Wind Onshore,2026-06-20T23:37:13Z
2026-06-20T23:36:01Z,2026-06-21T01:36:01+0200,a960294c-15ac-429a-a83c-19bebfd529f7,2026-06-19T22:30:00Z,2026-06-20T00:30:00+0200,11413.62707,MW,DE,DE_LU,forecast_onshore_wind_generation,Wind Onshore,2026-06-20T23:37:13Z
2026-06-20T23:36:01Z,2026-06-21T01:36:01+0200,a960294c-15ac-429a-a83c-19bebfd529f7,2026-06-19T22:45:00Z,2026-06-20T00:45:00+0200,11436.12606,MW,DE,DE_LU,forecast_onshore_wind_generation,Wind Onshore,2026-06-20T23:37:13Z
2026-06-20T23:36:01Z,2026-06-21T01:36:01+0200,a960294c-15ac-429a-a83c-19bebfd529f7,2026-06-19T23:00:00Z,2026-06-20T01:00:00+0200,11454.40707,MW,DE,DE_LU,forecast_onshore_wind_generation,Wind Onshore,2026-06-20T23:37:13Z
2026-06-20T23:36:01Z,2026-06-21T01:36:01+0200,a960294c-15ac-429a-a83c-19bebfd529f7,2026-06-19T23:15:00Z,2026-06-20T01:15:00+0200,11131.35294,MW,DE,DE_LU,forecast_onshore_wind_generation,Wind Onshore,2026-06-20T23:37:13Z
2026-06-20T23:36:01Z,2026-06-21T01:36:01+0200,a960294c-15ac-429a-a83c-19bebfd529f7,2026-06-19T23:30:00Z,2026-06-20T01:30:00+0200,10710.47442,MW,DE,DE_LU,forecast_onshore_wind_generation,Wind Onshore,2026-06-20T23:37:13Z
2026-06-20T23:36:01Z,2026-06-21T01:36:01+0200,a960294c-15ac-429a-a83c-19bebfd529f7,2026-06-19T23:45:00Z,2026-06-20T01:45:00+0200,10270.71301,MW,DE,DE_LU,forecast_onshore_wind_generation,Wind Onshore,2026-06-20T23:37:13Z
2026-06-20T23:36:01Z,2026-06-21T01:36:01+0200,a960294c-15ac-429a-a83c-19bebfd529f7,2026-06-20T00:00:00Z,2026-06-20T02:00:00+0200,9959.0982,MW,DE,DE_LU,forecast_onshore_wind_generation,Wind Onshore,2026-06-20T23:37:13Z
2026-06-20T23:36:01Z,2026-06-21T01:36:01+0200,a960294c-15ac-429a-a83c-19bebfd529f7,2026-06-20T00:15:00Z,2026-06-20T02:15:00+0200,9846.98501,MW,DE,DE_LU,forecast_onshore_wind_generation,Wind Onshore,2026-06-20T23:37:13Z
2026-06-20T23:36:01Z,2026-06-21T01:36:01+0200,a960294c-15ac-429a-a83c-19bebfd529f7,2026-06-20T00:30:00Z,2026-06-20T02:30:00+0200,9727.00438,MW,DE,DE_LU,forecast_onshore_wind_generation,Wind Onshore,2026-06-20T23:37:13Z
2026-06-20T23:36:01Z,2026-06-21T01:36:01+0200,a960294c-15ac-429a-a83c-19bebfd529f7,2026-06-20T00:45:00Z,2026-06-20T02:45:00+0200,9583.49894,MW,DE,DE_LU,forecast_onshore_wind_generation,Wind Onshore,2026-06-20T23:37:13Z
2026-06-20T23:36:01Z,2026-06-21T01:36:01+0200,a960294c-15ac-429a-a83c-19bebfd529f7,2026-06-20T01:00:00Z,2026-06-20T03:00:00+0200,9466.54831,MW,DE,DE_LU,forecast_onshore_wind_generation,Wind Onshore,2026-06-20T23:37:13Z
2026-06-20T23:36:01Z,2026-06-21T01:36:01+0200,a960294c-15ac-429a-a83c-19bebfd529f7,2026-06-20T01:15:00Z,2026-06-20T03:15:00+0200,9334.81915,MW,DE,DE_LU,forecast_onshore_wind_generation,Wind Onshore,2026-06-20T23:37:13Z
2026-06-20T23:36:01Z,2026-06-21T01:36:01+0200,a960294c-15ac-429a-a83c-19bebfd529f7,2026-06-20T01:30:00Z,2026-06-20T03:30:00+0200,9215.7023,MW,DE,DE_LU,forecast_onshore_wind_generation,Wind Onshore,2026-06-20T23:37:13Z
2026-06-20T23:36:01Z,2026-06-21T01:36:01+0200,a960294c-15ac-429a-a83c-19bebfd529f7,2026-06-20T01:45:00Z,2026-06-20T03:45:00+0200,8964.44758,MW,DE,DE_LU,forecast_onshore_wind_generation,Wind Onshore,2026-06-20T23:37:13Z
2026-06-20T23:36:01Z,2026-06-21T01:36:01+0200,a960294c-15ac-429a-a83c-19bebfd529f7,2026-06-20T02:00:00Z,2026-06-20T04:00:00+0200,8673.26964,MW,DE,DE_LU,forecast_onshore_wind_generation,Wind Onshore,2026-06-20T23:37:13Z
2026-06-20T23:36:01Z,2026-06-21T01:36:01+0200,a960294c-15ac-429a-a83c-19bebfd529f7,2026-06-20T02:15:00Z,2026-06-20T04:15:00+0200,8433.23004,MW,DE,DE_LU,forecast_onshore_wind_generation,Wind Onshore,2026-06-20T23:37:13Z
2026-06-20T23:36:01Z,2026-06-21T01:36:01+0200,a960294c-15ac-429a-a83c-19bebfd529f7,2026-06-20T02:30:00Z,2026-06-20T04:30:00+0200,8173.33293,MW,DE,DE_LU,forecast_onshore_wind_generation,Wind Onshore,2026-06-20T23:37:13Z
2026-06-20T23:36:01Z,2026-06-21T01:36:01+0200,a960294c-15ac-429a-a83c-19bebfd529f7,2026-06-20T02:45:00Z,2026-06-20T04:45:00+0200,7988.3572,MW,DE,DE_LU,forecast_onshore_wind_generation,Wind Onshore,2026-06-20T23:37:13Z
2026-06-20T23:36:01Z,2026-06-21T01:36:01+0200,a960294c-15ac-429a-a83c-19bebfd529f7,2026-06-20T03:00:00Z,2026-06-20T05:00:00+0200,7822.27051,MW,DE,DE_LU,forecast_onshore_wind_generation,Wind Onshore,2026-06-20T23:37:13Z
2026-06-20T23:36:01Z,2026-06-21T01:36:01+0200,a960294c-15ac-429a-a83c-19bebfd529f7,2026-06-20T03:15:00Z,2026-06-20T05:15:00+0200,7698.72688,MW,DE,DE_LU,forecast_onshore_wind_generation,Wind Onshore,2026-06-20T23:37:13Z
2026-06-20T23:36:01Z,2026-06-21T01:36:01+0200,a960294c-15ac-429a-a83c-19bebfd529f7,2026-06-20T03:30:00Z,2026-06-20T05:30:00+0200,7562.04172,MW,DE,DE_LU,forecast_onshore_wind_generation,Wind Onshore,2026-06-20T23:37:13Z
2026-06-20T23:36:01Z,2026-06-21T01:36:01+0200,a960294c-15ac-429a-a83c-19bebfd529f7,2026-06-20T03:45:00Z,2026-06-20T05:45:00+0200,7389.96016,MW,DE,DE_LU,forecast_onshore_wind_generation,Wind Onshore,2026-06-20T23:37:13Z
2026-06-20T23:36:01Z,2026-06-21T01:36:01+0200,a960294c-15ac-429a-a83c-19bebfd529f7,2026-06-20T04:00:00Z,2026-06-20T06:00:00+0200,7287.9767,MW,DE,DE_LU,forecast_onshore_wind_generation,Wind Onshore,2026-06-20T23:37:13Z
2026-06-20T23:36:01Z,2026-06-21T01:36:01+0200,a960294c-15ac-429a-a83c-19bebfd529f7,2026-06-20T04:15:00Z,2026-06-20T06:15:00+0200,7093.95895,MW,DE,DE_LU,forecast_onshore_wind_generation,Wind Onshore,2026-06-20T23:37:13Z
2026-06-20T23:36:01Z,2026-06-21T01:36:01+0200,a960294c-15ac-429a-a83c-19bebfd529f7,2026-06-20T04:30:00Z,2026-06-20T06:30:00+0200,6906.1182,MW,DE,DE_LU,forecast_onshore_wind_generation,Wind Onshore,2026-06-20T23:37:13Z
2026-06-20T23:36:01Z,2026-06-21T01:36:01+0200,a960294c-15ac-429a-a83c-19bebfd529f7,2026-06-20T04:45:00Z,2026-06-20T06:45:00+0200,6695.54131,MW,DE,DE_LU,forecast_onshore_wind_generation,Wind Onshore,2026-06-20T23:37:13Z
2026-06-20T23:36:01Z,2026-06-21T01:36:01+0200,a960294c-15ac-429a-a83c-19bebfd529f7,2026-06-20T05:00:00Z,2026-06-20T07:00:00+0200,6487.09304,MW,DE,DE_LU,forecast_onshore_wind_generation,Wind Onshore,2026-06-20T23:37:13Z
2026-06-20T23:36:01Z,2026-06-21T01:36:01+0200,a960294c-15ac-429a-a83c-19bebfd529f7,2026-06-20T05:15:00Z,2026-06-20T07:15:00+0200,6218.28709,MW,DE,DE_LU,forecast_onshore_wind_generation,Wind Onshore,2026-06-20T23:37:13Z
2026-06-20T23:36:01Z,2026-06-21T01:36:01+0200,a960294c-15ac-429a-a83c-19bebfd529f7,2026-06-20T05:30:00Z,2026-06-20T07:30:00+0200,5962.87284,MW,DE,DE_LU,forecast_onshore_wind_generation,Wind Onshore,2026-06-20T23:37:13Z
2026-06-20T23:36:01Z,2026-06-21T01:36:01+0200,a960294c-15ac-429a-a83c-19bebfd529f7,2026-06-20T05:45:00Z,2026-06-20T07:45:00+0200,5700.06905,MW,DE,DE_LU,forecast_onshore_wind_generation,Wind Onshore,2026-06-20T23:37:13Z
2026-06-20T23:36:01Z,2026-06-21T01:36:01+0200,a960294c-15ac-429a-a83c-19bebfd529f7,2026-06-20T06:00:00Z,2026-06-20T08:00:00+0200,5410.29766,MW,DE,DE_LU,forecast_onshore_wind_generation,Wind Onshore,2026-06-20T23:37:13Z
2026-06-20T23:36:01Z,2026-06-21T01:36:01+0200,a960294c-15ac-429a-a83c-19bebfd529f7,2026-06-20T06:15:00Z,2026-06-20T08:15:00+0200,4992.14608,MW,DE,DE_LU,forecast_onshore_wind_generation,Wind Onshore,2026-06-20T23:37:13Z
2026-06-20T23:36:01Z,2026-06-21T01:36:01+0200,a960294c-15ac-429a-a83c-19bebfd529f7,2026-06-20T06:30:00Z,2026-06-20T08:30:00+0200,4532.17998,MW,DE,DE_LU,forecast_onshore_wind_generation,Wind Onshore,2026-06-20T23:37:13Z
2026-06-20T23:36:01Z,2026-06-21T01:36:01+0200,a960294c-15ac-429a-a83c-19bebfd529f7,2026-06-20T06:45:00Z,2026-06-20T08:45:00+0200,4038.289,MW,DE,DE_LU,forecast_onshore_wind_generation,Wind Onshore,2026-06-20T23:37:13Z
2026-06-20T23:36:01Z,2026-06-21T01:36:01+0200,a960294c-15ac-429a-a83c-19bebfd529f7,2026-06-20T07:00:00Z,2026-06-20T09:00:00+0200,3600.97745,MW,DE,DE_LU,forecast_onshore_wind_generation,Wind Onshore,2026-06-20T23:37:13Z
2026-06-20T23:36:01Z,2026-06-21T01:36:01+0200,a960294c-15ac-429a-a83c-19bebfd529f7,2026-06-20T07:15:00Z,2026-06-20T09:15:00+0200,3436.07095,MW,DE,DE_LU,forecast_onshore_wind_generation,Wind Onshore,2026-06-20T23:37:13Z
2026-06-20T23:36:01Z,2026-06-21T01:36:01+0200,a960294c-15ac-429a-a83c-19bebfd529f7,2026-06-20T07:30:00Z,2026-06-20T09:30:00+0200,3277.12973,MW,DE,DE_LU,forecast_onshore_wind_generation,Wind Onshore,2026-06-20T23:37:13Z
2026-06-20T23:36:01Z,2026-06-21T01:36:01+0200,a960294c-15ac-429a-a83c-19bebfd529f7,2026-06-20T07:45:00Z,2026-06-20T09:45:00+0200,3120.2632,MW,DE,DE_LU,forecast_onshore_wind_generation,Wind Onshore,2026-06-20T23:37:13Z
2026-06-20T23:36:01Z,2026-06-21T01:36:01+0200,a960294c-15ac-429a-a83c-19bebfd529f7,2026-06-20T08:00:00Z,2026-06-20T10:00:00+0200,2964.66417,MW,DE,DE_LU,forecast_onshore_wind_generation,Wind Onshore,2026-06-20T23:37:13Z
2026-06-20T23:36:01Z,2026-06-21T01:36:01+0200,a960294c-15ac-429a-a83c-19bebfd529f7,2026-06-20T08:15:00Z,2026-06-20T10:15:00+0200,2882.09156,MW,DE,DE_LU,forecast_onshore_wind_generation,Wind Onshore,2026-06-20T23:37:13Z
2026-06-20T23:36:01Z,2026-06-21T01:36:01+0200,a960294c-15ac-429a-a83c-19bebfd529f7,2026-06-20T08:30:00Z,2026-06-20T10:30:00+0200,2776.21879,MW,DE,DE_LU,forecast_onshore_wind_generation,Wind Onshore,2026-06-20T23:37:13Z
2026-06-20T23:36:01Z,2026-06-21T01:36:01+0200,a960294c-15ac-429a-a83c-19bebfd529f7,2026-06-20T08:45:00Z,2026-06-20T10:45:00+0200,2672.00788,MW,DE,DE_LU,forecast_onshore_wind_generation,Wind Onshore,2026-06-20T23:37:13Z
2026-06-20T23:36:01Z,2026-06-21T01:36:01+0200,a960294c-15ac-429a-a83c-19bebfd529f7,2026-06-20T09:00:00Z,2026-06-20T11:00:00+0200,2556.56351,MW,DE,DE_LU,forecast_onshore_wind_generation,Wind Onshore,2026-06-20T23:37:13Z
2026-06-20T23:36:01Z,2026-06-21T01:36:01+0200,a960294c-15ac-429a-a83c-19bebfd529f7,2026-06-20T09:15:00Z,2026-06-20T11:15:00+0200,2539.05405,MW,DE,DE_LU,forecast_onshore_wind_generation,Wind Onshore,2026-06-20T23:37:13Z
2026-06-20T23:36:01Z,2026-06-21T01:36:01+0200,a960294c-15ac-429a-a83c-19bebfd529f7,2026-06-20T09:30:00Z,2026-06-20T11:30:00+0200,2520.88631,MW,DE,DE_LU,forecast_onshore_wind_generation,Wind Onshore,2026-06-20T23:37:13Z
2026-06-20T23:36:01Z,2026-06-21T01:36:01+0200,a960294c-15ac-429a-a83c-19bebfd529f7,2026-06-20T09:45:00Z,2026-06-20T11:45:00+0200,2477.03948,MW,DE,DE_LU,forecast_onshore_wind_generation,Wind Onshore,2026-06-20T23:37:13Z
2026-06-20T23:36:01Z,2026-06-21T01:36:01+0200,a960294c-15ac-429a-a83c-19bebfd529f7,2026-06-20T10:00:00Z,2026-06-20T12:00:00+0200,2419.48289,MW,DE,DE_LU,forecast_onshore_wind_generation,Wind Onshore,2026-06-20T23:37:13Z
2026-06-20T23:36:01Z,2026-06-21T01:36:01+0200,a960294c-15ac-429a-a83c-19bebfd529f7,2026-06-20T10:15:00Z,2026-06-20T12:15:00+0200,2433.81888,MW,DE,DE_LU,forecast_onshore_wind_generation,Wind Onshore,2026-06-20T23:37:13Z
2026-06-20T23:36:01Z,2026-06-21T01:36:01+0200,a960294c-15ac-429a-a83c-19bebfd529f7,2026-06-20T10:30:00Z,2026-06-20T12:30:00+0200,2451.22861,MW,DE,DE_LU,forecast_onshore_wind_generation,Wind Onshore,2026-06-20T23:37:13Z
2026-06-20T23:36:01Z,2026-06-21T01:36:01+0200,a960294c-15ac-429a-a83c-19bebfd529f7,2026-06-20T10:45:00Z,2026-06-20T12:45:00+0200,2468.42146,MW,DE,DE_LU,forecast_onshore_wind_generation,Wind Onshore,2026-06-20T23:37:13Z
2026-06-20T23:36:01Z,2026-06-21T01:36:01+0200,a960294c-15ac-429a-a83c-19bebfd529f7,2026-06-20T11:00:00Z,2026-06-20T13:00:00+0200,2508.91758,MW,DE,DE_LU,forecast_onshore_wind_generation,Wind Onshore,2026-06-20T23:37:13Z
2026-06-20T23:36:01Z,2026-06-21T01:36:01+0200,a960294c-15ac-429a-a83c-19bebfd529f7,2026-06-20T11:15:00Z,2026-06-20T13:15:00+0200,2606.43977,MW,DE,DE_LU,forecast_onshore_wind_generation,Wind Onshore,2026-06-20T23:37:13Z
2026-06-20T23:36:01Z,2026-06-21T01:36:01+0200,a960294c-15ac-429a-a83c-19bebfd529f7,2026-06-20T11:30:00Z,2026-06-20T13:30:00+0200,2708.49951,MW,DE,DE_LU,forecast_onshore_wind_generation,Wind Onshore,2026-06-20T23:37:13Z
2026-06-20T23:36:01Z,2026-06-21T01:36:01+0200,a960294c-15ac-429a-a83c-19bebfd529f7,2026-06-20T11:45:00Z,2026-06-20T13:45:00+0200,2826.87633,MW,DE,DE_LU,forecast_onshore_wind_generation,Wind Onshore,2026-06-20T23:37:13Z
2026-06-20T23:36:01Z,2026-06-21T01:36:01+0200,a960294c-15ac-429a-a83c-19bebfd529f7,2026-06-20T12:00:00Z,2026-06-20T14:00:00+0200,2986.37341,MW,DE,DE_LU,forecast_onshore_wind_generation,Wind Onshore,2026-06-20T23:37:13Z
2026-06-20T23:36:01Z,2026-06-21T01:36:01+0200,a960294c-15ac-429a-a83c-19bebfd529f7,2026-06-20T12:15:00Z,2026-06-20T14:15:00+0200,3164.24217,MW,DE,DE_LU,forecast_onshore_wind_generation,Wind Onshore,2026-06-20T23:37:13Z
2026-06-20T23:36:01Z,2026-06-21T01:36:01+0200,a960294c-15ac-429a-a83c-19bebfd529f7,2026-06-20T12:30:00Z,2026-06-20T14:30:00+0200,3328.51664,MW,DE,DE_LU,forecast_onshore_wind_generation,Wind Onshore,2026-06-20T23:37:13Z
2026-06-20T23:36:01Z,2026-06-21T01:36:01+0200,a960294c-15ac-429a-a83c-19bebfd529f7,2026-06-20T12:45:00Z,2026-06-20T14:45:00+0200,3496.39236,MW,DE,DE_LU,forecast_onshore_wind_generation,Wind Onshore,2026-06-20T23:37:13Z
2026-06-20T23:36:01Z,2026-06-21T01:36:01+0200,a960294c-15ac-429a-a83c-19bebfd529f7,2026-06-20T13:00:00Z,2026-06-20T15:00:00+0200,3672.84324,MW,DE,DE_LU,forecast_onshore_wind_generation,Wind Onshore,2026-06-20T23:37:13Z
2026-06-20T23:36:01Z,2026-06-21T01:36:01+0200,a960294c-15ac-429a-a83c-19bebfd529f7,2026-06-20T13:15:00Z,2026-06-20T15:15:00+0200,3821.21927,MW,DE,DE_LU,forecast_onshore_wind_generation,Wind Onshore,2026-06-20T23:37:13Z
2026-06-20T23:36:01Z,2026-06-21T01:36:01+0200,a960294c-15ac-429a-a83c-19bebfd529f7,2026-06-20T13:30:00Z,2026-06-20T15:30:00+0200,3986.49701,MW,DE,DE_LU,forecast_onshore_wind_generation,Wind Onshore,2026-06-20T23:37:13Z
2026-06-20T23:36:01Z,2026-06-21T01:36:01+0200,a960294c-15ac-429a-a83c-19bebfd529f7,2026-06-20T13:45:00Z,2026-06-20T15:45:00+0200,4163.539,MW,DE,DE_LU,forecast_onshore_wind_generation,Wind Onshore,2026-06-20T23:37:13Z
2026-06-20T23:36:01Z,2026-06-21T01:36:01+0200,a960294c-15ac-429a-a83c-19bebfd529f7,2026-06-20T14:00:00Z,2026-06-20T16:00:00+0200,4396.08602,MW,DE,DE_LU,forecast_onshore_wind_generation,Wind Onshore,2026-06-20T23:37:13Z
2026-06-20T23:36:01Z,2026-06-21T01:36:01+0200,a960294c-15ac-429a-a83c-19bebfd529f7,2026-06-20T14:15:00Z,2026-06-20T16:15:00+0200,4557.2857,MW,DE,DE_LU,forecast_onshore_wind_generation,Wind Onshore,2026-06-20T23:37:13Z
2026-06-20T23:36:01Z,2026-06-21T01:36:01+0200,a960294c-15ac-429a-a83c-19bebfd529f7,2026-06-20T14:30:00Z,2026-06-20T16:30:00+0200,4735.78557,MW,DE,DE_LU,forecast_onshore_wind_generation,Wind Onshore,2026-06-20T23:37:13Z
2026-06-20T23:36:01Z,2026-06-21T01:36:01+0200,a960294c-15ac-429a-a83c-19bebfd529f7,2026-06-20T14:45:00Z,2026-06-20T16:45:00+0200,4923.86355,MW,DE,DE_LU,forecast_onshore_wind_generation,Wind Onshore,2026-06-20T23:37:13Z
2026-06-20T23:36:01Z,2026-06-21T01:36:01+0200,a960294c-15ac-429a-a83c-19bebfd529f7,2026-06-20T15:00:00Z,2026-06-20T17:00:00+0200,5097.21926,MW,DE,DE_LU,forecast_onshore_wind_generation,Wind Onshore,2026-06-20T23:37:13Z
2026-06-20T23:36:01Z,2026-06-21T01:36:01+0200,a960294c-15ac-429a-a83c-19bebfd529f7,2026-06-20T15:15:00Z,2026-06-20T17:15:00+0200,5217.56231,MW,DE,DE_LU,forecast_onshore_wind_generation,Wind Onshore,2026-06-20T23:37:13Z
2026-06-20T23:36:01Z,2026-06-21T01:36:01+0200,a960294c-15ac-429a-a83c-19bebfd529f7,2026-06-20T15:30:00Z,2026-06-20T17:30:00+0200,5321.78673,MW,DE,DE_LU,forecast_onshore_wind_generation,Wind Onshore,2026-06-20T23:37:13Z
2026-06-20T23:36:01Z,2026-06-21T01:36:01+0200,a960294c-15ac-429a-a83c-19bebfd529f7,2026-06-20T15:45:00Z,2026-06-20T17:45:00+0200,5389.63063,MW,DE,DE_LU,forecast_onshore_wind_generation,Wind Onshore,2026-06-20T23:37:13Z
2026-06-20T23:36:01Z,2026-06-21T01:36:01+0200,a960294c-15ac-429a-a83c-19bebfd529f7,2026-06-20T16:00:00Z,2026-06-20T18:00:00+0200,5431.94703,MW,DE,DE_LU,forecast_onshore_wind_generation,Wind Onshore,2026-06-20T23:37:13Z
2026-06-20T23:36:01Z,2026-06-21T01:36:01+0200,a960294c-15ac-429a-a83c-19bebfd529f7,2026-06-20T16:15:00Z,2026-06-20T18:15:00+0200,5422.26603,MW,DE,DE_LU,forecast_onshore_wind_generation,Wind Onshore,2026-06-20T23:37:13Z
2026-06-20T23:36:01Z,2026-06-21T01:36:01+0200,a960294c-15ac-429a-a83c-19bebfd529f7,2026-06-20T16:30:00Z,2026-06-20T18:30:00+0200,5403.51731,MW,DE,DE_LU,forecast_onshore_wind_generation,Wind Onshore,2026-06-20T23:37:13Z
2026-06-20T23:36:01Z,2026-06-21T01:36:01+0200,a960294c-15ac-429a-a83c-19bebfd529f7,2026-06-20T16:45:00Z,2026-06-20T18:45:00+0200,5385.25712,MW,DE,DE_LU,forecast_onshore_wind_generation,Wind Onshore,2026-06-20T23:37:13Z
2026-06-20T23:36:01Z,2026-06-21T01:36:01+0200,a960294c-15ac-429a-a83c-19bebfd529f7,2026-06-20T17:00:00Z,2026-06-20T19:00:00+0200,5349.93406,MW,DE,DE_LU,forecast_onshore_wind_generation,Wind Onshore,2026-06-20T23:37:13Z
2026-06-20T23:36:01Z,2026-06-21T01:36:01+0200,a960294c-15ac-429a-a83c-19bebfd529f7,2026-06-20T17:15:00Z,2026-06-20T19:15:00+0200,5306.26737,MW,DE,DE_LU,forecast_onshore_wind_generation,Wind Onshore,2026-06-20T23:37:13Z
2026-06-20T23:36:01Z,2026-06-21T01:36:01+0200,a960294c-15ac-429a-a83c-19bebfd529f7,2026-06-20T17:30:00Z,2026-06-20T19:30:00+0200,5255.93313,MW,DE,DE_LU,forecast_onshore_wind_generation,Wind Onshore,2026-06-20T23:37:13Z
2026-06-20T23:36:01Z,2026-06-21T01:36:01+0200,a960294c-15ac-429a-a83c-19bebfd529f7,2026-06-20T17:45:00Z,2026-06-20T19:45:00+0200,5204.80992,MW,DE,DE_LU,forecast_onshore_wind_generation,Wind Onshore,2026-06-20T23:37:13Z
2026-06-20T23:36:01Z,2026-06-21T01:36:01+0200,a960294c-15ac-429a-a83c-19bebfd529f7,2026-06-20T18:00:00Z,2026-06-20T20:00:00+0200,5140.47409,MW,DE,DE_LU,forecast_onshore_wind_generation,Wind Onshore,2026-06-20T23:37:13Z
2026-06-20T23:36:01Z,2026-06-21T01:36:01+0200,a960294c-15ac-429a-a83c-19bebfd529f7,2026-06-20T18:15:00Z,2026-06-20T20:15:00+0200,5169.90047,MW,DE,DE_LU,forecast_onshore_wind_generation,Wind Onshore,2026-06-20T23:37:13Z
2026-06-20T23:36:01Z,2026-06-21T01:36:01+0200,a960294c-15ac-429a-a83c-19bebfd529f7,2026-06-20T18:30:00Z,2026-06-20T20:30:00+0200,5173.46159,MW,DE,DE_LU,forecast_onshore_wind_generation,Wind Onshore,2026-06-20T23:37:13Z
2026-06-20T23:36:01Z,2026-06-21T01:36:01+0200,a960294c-15ac-429a-a83c-19bebfd529f7,2026-06-20T18:45:00Z,2026-06-20T20:45:00+0200,5131.5272,MW,DE,DE_LU,forecast_onshore_wind_generation,Wind Onshore,2026-06-20T23:37:13Z
2026-06-20T23:36:01Z,2026-06-21T01:36:01+0200,a960294c-15ac-429a-a83c-19bebfd529f7,2026-06-20T19:00:00Z,2026-06-20T21:00:00+0200,5054.4576,MW,DE,DE_LU,forecast_onshore_wind_generation,Wind Onshore,2026-06-20T23:37:13Z
2026-06-20T23:36:01Z,2026-06-21T01:36:01+0200,a960294c-15ac-429a-a83c-19bebfd529f7,2026-06-20T19:15:00Z,2026-06-20T21:15:00+0200,5085.87451,MW,DE,DE_LU,forecast_onshore_wind_generation,Wind Onshore,2026-06-20T23:37:13Z
2026-06-20T23:36:01Z,2026-06-21T01:36:01+0200,a960294c-15ac-429a-a83c-19bebfd529f7,2026-06-20T19:30:00Z,2026-06-20T21:30:00+0200,5173.46926,MW,DE,DE_LU,forecast_onshore_wind_generation,Wind Onshore,2026-06-20T23:37:13Z
2026-06-20T23:36:01Z,2026-06-21T01:36:01+0200,a960294c-15ac-429a-a83c-19bebfd529f7,2026-06-20T19:45:00Z,2026-06-20T21:45:00+0200,5266.81377,MW,DE,DE_LU,forecast_onshore_wind_generation,Wind Onshore,2026-06-20T23:37:13Z
2026-06-20T23:36:01Z,2026-06-21T01:36:01+0200,a960294c-15ac-429a-a83c-19bebfd529f7,2026-06-20T20:00:00Z,2026-06-20T22:00:00+0200,5355.88994,MW,DE,DE_LU,forecast_onshore_wind_generation,Wind Onshore,2026-06-20T23:37:13Z
2026-06-20T23:36:01Z,2026-06-21T01:36:01+0200,a960294c-15ac-429a-a83c-19bebfd529f7,2026-06-20T20:15:00Z,2026-06-20T22:15:00+0200,5398.6938,MW,DE,DE_LU,forecast_onshore_wind_generation,Wind Onshore,2026-06-20T23:37:13Z
2026-06-20T23:36:01Z,2026-06-21T01:36:01+0200,a960294c-15ac-429a-a83c-19bebfd529f7,2026-06-20T20:30:00Z,2026-06-20T22:30:00+0200,5443.18256,MW,DE,DE_LU,forecast_onshore_wind_generation,Wind Onshore,2026-06-20T23:37:13Z
2026-06-20T23:36:01Z,2026-06-21T01:36:01+0200,a960294c-15ac-429a-a83c-19bebfd529f7,2026-06-20T20:45:00Z,2026-06-20T22:45:00+0200,5477.35546,MW,DE,DE_LU,forecast_onshore_wind_generation,Wind Onshore,2026-06-20T23:37:13Z
2026-06-20T23:36:01Z,2026-06-21T01:36:01+0200,a960294c-15ac-429a-a83c-19bebfd529f7,2026-06-20T21:00:00Z,2026-06-20T23:00:00+0200,5511.60359,MW,DE,DE_LU,forecast_onshore_wind_generation,Wind Onshore,2026-06-20T23:37:13Z
2026-06-20T23:36:01Z,2026-06-21T01:36:01+0200,a960294c-15ac-429a-a83c-19bebfd529f7,2026-06-20T21:15:00Z,2026-06-20T23:15:00+0200,5386.61317,MW,DE,DE_LU,forecast_onshore_wind_generation,Wind Onshore,2026-06-20T23:37:13Z
2026-06-20T23:36:01Z,2026-06-21T01:36:01+0200,a960294c-15ac-429a-a83c-19bebfd529f7,2026-06-20T21:30:00Z,2026-06-20T23:30:00+0200,5259.06807,MW,DE,DE_LU,forecast_onshore_wind_generation,Wind Onshore,2026-06-20T23:37:13Z
2026-06-20T23:36:01Z,2026-06-21T01:36:01+0200,a960294c-15ac-429a-a83c-19bebfd529f7,2026-06-20T21:45:00Z,2026-06-20T23:45:00+0200,5121.57065,MW,DE,DE_LU,forecast_onshore_wind_generation,Wind Onshore,2026-06-20T23:37:13Z
2026-06-20T23:36:01Z,2026-06-21T01:36:01+0200,a960294c-15ac-429a-a83c-19bebfd529f7,2026-06-20T22:00:00Z,2026-06-21T00:00:00+0200,4515.16964,MW,DE,DE_LU,forecast_onshore_wind_generation,Wind Onshore,2026-06-20T23:37:13Z
2026-06-20T23:36:01Z,2026-06-21T01:36:01+0200,a960294c-15ac-429a-a83c-19bebfd529f7,2026-06-20T22:15:00Z,2026-06-21T00:15:00+0200,4451.98948,MW,DE,DE_LU,forecast_onshore_wind_generation,Wind Onshore,2026-06-20T23:37:13Z
2026-06-20T23:36:01Z,2026-06-21T01:36:01+0200,a960294c-15ac-429a-a83c-19bebfd529f7,2026-06-20T22:30:00Z,2026-06-21T00:30:00+0200,4386.46431,MW,DE,DE_LU,forecast_onshore_wind_generation,Wind Onshore,2026-06-20T23:37:13Z
2026-06-20T23:36:01Z,2026-06-21T01:36:01+0200,a960294c-15ac-429a-a83c-19bebfd529f7,2026-06-20T22:45:00Z,2026-06-21T00:45:00+0200,4316.83582,MW,DE,DE_LU,forecast_onshore_wind_generation,Wind Onshore,2026-06-20T23:37:13Z
2026-06-20T23:36:01Z,2026-06-21T01:36:01+0200,a960294c-15ac-429a-a83c-19bebfd529f7,2026-06-20T23:00:00Z,2026-06-21T01:00:00+0200,4250.9254,MW,DE,DE_LU,forecast_onshore_wind_generation,Wind Onshore,2026-06-20T23:37:13Z
2026-06-20T23:36:01Z,2026-06-21T01:36:01+0200,a960294c-15ac-429a-a83c-19bebfd529f7,2026-06-20T23:15:00Z,2026-06-21T01:15:00+0200,4180.31317,MW,DE,DE_LU,forecast_onshore_wind_generation,Wind Onshore,2026-06-20T23:37:13Z
2026-06-20T23:36:01Z,2026-06-21T01:36:01+0200,a960294c-15ac-429a-a83c-19bebfd529f7,2026-06-20T23:30:00Z,2026-06-21T01:30:00+0200,4102.51096,MW,DE,DE_LU,forecast_onshore_wind_generation,Wind Onshore,2026-06-20T23:37:13Z
2026-06-20T23:36:01Z,2026-06-21T01:36:01+0200,a960294c-15ac-429a-a83c-19bebfd529f7,2026-06-20T23:45:00Z,2026-06-21T01:45:00+0200,4068.22633,MW,DE,DE_LU,forecast_onshore_wind_generation,Wind Onshore,2026-06-20T23:37:13Z
