collection_time_utc,collection_time_local,run_id,timestamp_utc,timestamp_local,value,unit,country,entsoe_area,variable,source,updated_at_utc
2026-08-10T05:25:30Z,2026-08-10T07:25:30+0200,4362fe35-cfeb-4c3c-9399-26381c363872,2026-07-10T06:00:00Z,2026-07-10T08:00:00+0200,1644.13121,MW,DE,DE_LU,forecast_onshore_wind_generation,Wind Onshore,2026-08-10T05:27:26Z
2026-08-10T05:25:30Z,2026-08-10T07:25:30+0200,4362fe35-cfeb-4c3c-9399-26381c363872,2026-07-10T06:15:00Z,2026-07-10T08:15:00+0200,1533.84663,MW,DE,DE_LU,forecast_onshore_wind_generation,Wind Onshore,2026-08-10T05:27:26Z
2026-08-10T05:25:30Z,2026-08-10T07:25:30+0200,4362fe35-cfeb-4c3c-9399-26381c363872,2026-07-10T06:30:00Z,2026-07-10T08:30:00+0200,1416.22377,MW,DE,DE_LU,forecast_onshore_wind_generation,Wind Onshore,2026-08-10T05:27:26Z
2026-08-10T05:25:30Z,2026-08-10T07:25:30+0200,4362fe35-cfeb-4c3c-9399-26381c363872,2026-07-10T06:45:00Z,2026-07-10T08:45:00+0200,1301.43611,MW,DE,DE_LU,forecast_onshore_wind_generation,Wind Onshore,2026-08-10T05:27:26Z
2026-08-10T05:25:30Z,2026-08-10T07:25:30+0200,4362fe35-cfeb-4c3c-9399-26381c363872,2026-07-10T07:00:00Z,2026-07-10T09:00:00+0200,1180.63093,MW,DE,DE_LU,forecast_onshore_wind_generation,Wind Onshore,2026-08-10T05:27:26Z
2026-08-10T05:25:30Z,2026-08-10T07:25:30+0200,4362fe35-cfeb-4c3c-9399-26381c363872,2026-07-10T07:15:00Z,2026-07-10T09:15:00+0200,1199.06285,MW,DE,DE_LU,forecast_onshore_wind_generation,Wind Onshore,2026-08-10T05:27:26Z
2026-08-10T05:25:30Z,2026-08-10T07:25:30+0200,4362fe35-cfeb-4c3c-9399-26381c363872,2026-07-10T07:30:00Z,2026-07-10T09:30:00+0200,1216.13488,MW,DE,DE_LU,forecast_onshore_wind_generation,Wind Onshore,2026-08-10T05:27:26Z
2026-08-10T05:25:30Z,2026-08-10T07:25:30+0200,4362fe35-cfeb-4c3c-9399-26381c363872,2026-07-10T07:45:00Z,2026-07-10T09:45:00+0200,1236.91041,MW,DE,DE_LU,forecast_onshore_wind_generation,Wind Onshore,2026-08-10T05:27:26Z
2026-08-10T05:25:30Z,2026-08-10T07:25:30+0200,4362fe35-cfeb-4c3c-9399-26381c363872,2026-07-10T08:00:00Z,2026-07-10T10:00:00+0200,1260.84404,MW,DE,DE_LU,forecast_onshore_wind_generation,Wind Onshore,2026-08-10T05:27:26Z
2026-08-10T05:25:30Z,2026-08-10T07:25:30+0200,4362fe35-cfeb-4c3c-9399-26381c363872,2026-07-10T08:15:00Z,2026-07-10T10:15:00+0200,1315.87933,MW,DE,DE_LU,forecast_onshore_wind_generation,Wind Onshore,2026-08-10T05:27:26Z
2026-08-10T05:25:30Z,2026-08-10T07:25:30+0200,4362fe35-cfeb-4c3c-9399-26381c363872,2026-07-10T08:30:00Z,2026-07-10T10:30:00+0200,1368.52539,MW,DE,DE_LU,forecast_onshore_wind_generation,Wind Onshore,2026-08-10T05:27:26Z
2026-08-10T05:25:30Z,2026-08-10T07:25:30+0200,4362fe35-cfeb-4c3c-9399-26381c363872,2026-07-10T08:45:00Z,2026-07-10T10:45:00+0200,1417.66742,MW,DE,DE_LU,forecast_onshore_wind_generation,Wind Onshore,2026-08-10T05:27:26Z
2026-08-10T05:25:30Z,2026-08-10T07:25:30+0200,4362fe35-cfeb-4c3c-9399-26381c363872,2026-07-10T09:00:00Z,2026-07-10T11:00:00+0200,1465.14935,MW,DE,DE_LU,forecast_onshore_wind_generation,Wind Onshore,2026-08-10T05:27:26Z
2026-08-10T05:25:30Z,2026-08-10T07:25:30+0200,4362fe35-cfeb-4c3c-9399-26381c363872,2026-07-10T09:15:00Z,2026-07-10T11:15:00+0200,1548.04113,MW,DE,DE_LU,forecast_onshore_wind_generation,Wind Onshore,2026-08-10T05:27:26Z
2026-08-10T05:25:30Z,2026-08-10T07:25:30+0200,4362fe35-cfeb-4c3c-9399-26381c363872,2026-07-10T09:30:00Z,2026-07-10T11:30:00+0200,1631.19258,MW,DE,DE_LU,forecast_onshore_wind_generation,Wind Onshore,2026-08-10T05:27:26Z
2026-08-10T05:25:30Z,2026-08-10T07:25:30+0200,4362fe35-cfeb-4c3c-9399-26381c363872,2026-07-10T09:45:00Z,2026-07-10T11:45:00+0200,1715.20193,MW,DE,DE_LU,forecast_onshore_wind_generation,Wind Onshore,2026-08-10T05:27:26Z
2026-08-10T05:25:30Z,2026-08-10T07:25:30+0200,4362fe35-cfeb-4c3c-9399-26381c363872,2026-07-10T10:00:00Z,2026-07-10T12:00:00+0200,1799.86365,MW,DE,DE_LU,forecast_onshore_wind_generation,Wind Onshore,2026-08-10T05:27:26Z
2026-08-10T05:25:30Z,2026-08-10T07:25:30+0200,4362fe35-cfeb-4c3c-9399-26381c363872,2026-07-10T10:15:00Z,2026-07-10T12:15:00+0200,1885.03669,MW,DE,DE_LU,forecast_onshore_wind_generation,Wind Onshore,2026-08-10T05:27:26Z
2026-08-10T05:25:30Z,2026-08-10T07:25:30+0200,4362fe35-cfeb-4c3c-9399-26381c363872,2026-07-10T10:30:00Z,2026-07-10T12:30:00+0200,1970.89776,MW,DE,DE_LU,forecast_onshore_wind_generation,Wind Onshore,2026-08-10T05:27:26Z
2026-08-10T05:25:30Z,2026-08-10T07:25:30+0200,4362fe35-cfeb-4c3c-9399-26381c363872,2026-07-10T10:45:00Z,2026-07-10T12:45:00+0200,2060.74777,MW,DE,DE_LU,forecast_onshore_wind_generation,Wind Onshore,2026-08-10T05:27:26Z
2026-08-10T05:25:30Z,2026-08-10T07:25:30+0200,4362fe35-cfeb-4c3c-9399-26381c363872,2026-07-10T11:00:00Z,2026-07-10T13:00:00+0200,2150.58359,MW,DE,DE_LU,forecast_onshore_wind_generation,Wind Onshore,2026-08-10T05:27:26Z
2026-08-10T05:25:30Z,2026-08-10T07:25:30+0200,4362fe35-cfeb-4c3c-9399-26381c363872,2026-07-10T11:15:00Z,2026-07-10T13:15:00+0200,2248.67362,MW,DE,DE_LU,forecast_onshore_wind_generation,Wind Onshore,2026-08-10T05:27:26Z
2026-08-10T05:25:30Z,2026-08-10T07:25:30+0200,4362fe35-cfeb-4c3c-9399-26381c363872,2026-07-10T11:30:00Z,2026-07-10T13:30:00+0200,2348.69167,MW,DE,DE_LU,forecast_onshore_wind_generation,Wind Onshore,2026-08-10T05:27:26Z
2026-08-10T05:25:30Z,2026-08-10T07:25:30+0200,4362fe35-cfeb-4c3c-9399-26381c363872,2026-07-10T11:45:00Z,2026-07-10T13:45:00+0200,2457.6489,MW,DE,DE_LU,forecast_onshore_wind_generation,Wind Onshore,2026-08-10T05:27:26Z
2026-08-10T05:25:30Z,2026-08-10T07:25:30+0200,4362fe35-cfeb-4c3c-9399-26381c363872,2026-07-10T12:00:00Z,2026-07-10T14:00:00+0200,2579.12358,MW,DE,DE_LU,forecast_onshore_wind_generation,Wind Onshore,2026-08-10T05:27:26Z
2026-08-10T05:25:30Z,2026-08-10T07:25:30+0200,4362fe35-cfeb-4c3c-9399-26381c363872,2026-07-10T12:15:00Z,2026-07-10T14:15:00+0200,2706.21113,MW,DE,DE_LU,forecast_onshore_wind_generation,Wind Onshore,2026-08-10T05:27:26Z
2026-08-10T05:25:30Z,2026-08-10T07:25:30+0200,4362fe35-cfeb-4c3c-9399-26381c363872,2026-07-10T12:30:00Z,2026-07-10T14:30:00+0200,2828.99835,MW,DE,DE_LU,forecast_onshore_wind_generation,Wind Onshore,2026-08-10T05:27:26Z
2026-08-10T05:25:30Z,2026-08-10T07:25:30+0200,4362fe35-cfeb-4c3c-9399-26381c363872,2026-07-10T12:45:00Z,2026-07-10T14:45:00+0200,2954.62162,MW,DE,DE_LU,forecast_onshore_wind_generation,Wind Onshore,2026-08-10T05:27:26Z
2026-08-10T05:25:30Z,2026-08-10T07:25:30+0200,4362fe35-cfeb-4c3c-9399-26381c363872,2026-07-10T13:00:00Z,2026-07-10T15:00:00+0200,3085.96641,MW,DE,DE_LU,forecast_onshore_wind_generation,Wind Onshore,2026-08-10T05:27:26Z
2026-08-10T05:25:30Z,2026-08-10T07:25:30+0200,4362fe35-cfeb-4c3c-9399-26381c363872,2026-07-10T13:15:00Z,2026-07-10T15:15:00+0200,3258.12687,MW,DE,DE_LU,forecast_onshore_wind_generation,Wind Onshore,2026-08-10T05:27:26Z
2026-08-10T05:25:30Z,2026-08-10T07:25:30+0200,4362fe35-cfeb-4c3c-9399-26381c363872,2026-07-10T13:30:00Z,2026-07-10T15:30:00+0200,3427.21835,MW,DE,DE_LU,forecast_onshore_wind_generation,Wind Onshore,2026-08-10T05:27:26Z
2026-08-10T05:25:30Z,2026-08-10T07:25:30+0200,4362fe35-cfeb-4c3c-9399-26381c363872,2026-07-10T13:45:00Z,2026-07-10T15:45:00+0200,3598.92378,MW,DE,DE_LU,forecast_onshore_wind_generation,Wind Onshore,2026-08-10T05:27:26Z
2026-08-10T05:25:30Z,2026-08-10T07:25:30+0200,4362fe35-cfeb-4c3c-9399-26381c363872,2026-07-10T14:00:00Z,2026-07-10T16:00:00+0200,3786.04081,MW,DE,DE_LU,forecast_onshore_wind_generation,Wind Onshore,2026-08-10T05:27:26Z
2026-08-10T05:25:30Z,2026-08-10T07:25:30+0200,4362fe35-cfeb-4c3c-9399-26381c363872,2026-07-10T14:15:00Z,2026-07-10T16:15:00+0200,3965.98551,MW,DE,DE_LU,forecast_onshore_wind_generation,Wind Onshore,2026-08-10T05:27:26Z
2026-08-10T05:25:30Z,2026-08-10T07:25:30+0200,4362fe35-cfeb-4c3c-9399-26381c363872,2026-07-10T14:30:00Z,2026-07-10T16:30:00+0200,4154.4942,MW,DE,DE_LU,forecast_onshore_wind_generation,Wind Onshore,2026-08-10T05:27:26Z
2026-08-10T05:25:30Z,2026-08-10T07:25:30+0200,4362fe35-cfeb-4c3c-9399-26381c363872,2026-07-10T14:45:00Z,2026-07-10T16:45:00+0200,4334.98444,MW,DE,DE_LU,forecast_onshore_wind_generation,Wind Onshore,2026-08-10T05:27:26Z
2026-08-10T05:25:30Z,2026-08-10T07:25:30+0200,4362fe35-cfeb-4c3c-9399-26381c363872,2026-07-10T15:00:00Z,2026-07-10T17:00:00+0200,4517.66817,MW,DE,DE_LU,forecast_onshore_wind_generation,Wind Onshore,2026-08-10T05:27:26Z
2026-08-10T05:25:30Z,2026-08-10T07:25:30+0200,4362fe35-cfeb-4c3c-9399-26381c363872,2026-07-10T15:15:00Z,2026-07-10T17:15:00+0200,4690.47605,MW,DE,DE_LU,forecast_onshore_wind_generation,Wind Onshore,2026-08-10T05:27:26Z
2026-08-10T05:25:30Z,2026-08-10T07:25:30+0200,4362fe35-cfeb-4c3c-9399-26381c363872,2026-07-10T15:30:00Z,2026-07-10T17:30:00+0200,4866.28466,MW,DE,DE_LU,forecast_onshore_wind_generation,Wind Onshore,2026-08-10T05:27:26Z
2026-08-10T05:25:30Z,2026-08-10T07:25:30+0200,4362fe35-cfeb-4c3c-9399-26381c363872,2026-07-10T15:45:00Z,2026-07-10T17:45:00+0200,5038.29516,MW,DE,DE_LU,forecast_onshore_wind_generation,Wind Onshore,2026-08-10T05:27:26Z
2026-08-10T05:25:30Z,2026-08-10T07:25:30+0200,4362fe35-cfeb-4c3c-9399-26381c363872,2026-07-10T16:00:00Z,2026-07-10T18:00:00+0200,5208.69158,MW,DE,DE_LU,forecast_onshore_wind_generation,Wind Onshore,2026-08-10T05:27:26Z
2026-08-10T05:25:30Z,2026-08-10T07:25:30+0200,4362fe35-cfeb-4c3c-9399-26381c363872,2026-07-10T16:15:00Z,2026-07-10T18:15:00+0200,5357.68003,MW,DE,DE_LU,forecast_onshore_wind_generation,Wind Onshore,2026-08-10T05:27:26Z
2026-08-10T05:25:30Z,2026-08-10T07:25:30+0200,4362fe35-cfeb-4c3c-9399-26381c363872,2026-07-10T16:30:00Z,2026-07-10T18:30:00+0200,5505.41108,MW,DE,DE_LU,forecast_onshore_wind_generation,Wind Onshore,2026-08-10T05:27:26Z
2026-08-10T05:25:30Z,2026-08-10T07:25:30+0200,4362fe35-cfeb-4c3c-9399-26381c363872,2026-07-10T16:45:00Z,2026-07-10T18:45:00+0200,5652.24024,MW,DE,DE_LU,forecast_onshore_wind_generation,Wind Onshore,2026-08-10T05:27:26Z
2026-08-10T05:25:30Z,2026-08-10T07:25:30+0200,4362fe35-cfeb-4c3c-9399-26381c363872,2026-07-10T17:00:00Z,2026-07-10T19:00:00+0200,5798.73353,MW,DE,DE_LU,forecast_onshore_wind_generation,Wind Onshore,2026-08-10T05:27:26Z
2026-08-10T05:25:30Z,2026-08-10T07:25:30+0200,4362fe35-cfeb-4c3c-9399-26381c363872,2026-07-10T17:15:00Z,2026-07-10T19:15:00+0200,5923.34018,MW,DE,DE_LU,forecast_onshore_wind_generation,Wind Onshore,2026-08-10T05:27:26Z
2026-08-10T05:25:30Z,2026-08-10T07:25:30+0200,4362fe35-cfeb-4c3c-9399-26381c363872,2026-07-10T17:30:00Z,2026-07-10T19:30:00+0200,6049.41588,MW,DE,DE_LU,forecast_onshore_wind_generation,Wind Onshore,2026-08-10T05:27:26Z
2026-08-10T05:25:30Z,2026-08-10T07:25:30+0200,4362fe35-cfeb-4c3c-9399-26381c363872,2026-07-10T17:45:00Z,2026-07-10T19:45:00+0200,6184.31185,MW,DE,DE_LU,forecast_onshore_wind_generation,Wind Onshore,2026-08-10T05:27:26Z
2026-08-10T05:25:30Z,2026-08-10T07:25:30+0200,4362fe35-cfeb-4c3c-9399-26381c363872,2026-07-10T18:00:00Z,2026-07-10T20:00:00+0200,6321.93195,MW,DE,DE_LU,forecast_onshore_wind_generation,Wind Onshore,2026-08-10T05:27:26Z
2026-08-10T05:25:30Z,2026-08-10T07:25:30+0200,4362fe35-cfeb-4c3c-9399-26381c363872,2026-07-10T18:15:00Z,2026-07-10T20:15:00+0200,6542.49112,MW,DE,DE_LU,forecast_onshore_wind_generation,Wind Onshore,2026-08-10T05:27:26Z
2026-08-10T05:25:30Z,2026-08-10T07:25:30+0200,4362fe35-cfeb-4c3c-9399-26381c363872,2026-07-10T18:30:00Z,2026-07-10T20:30:00+0200,6748.83389,MW,DE,DE_LU,forecast_onshore_wind_generation,Wind Onshore,2026-08-10T05:27:26Z
2026-08-10T05:25:30Z,2026-08-10T07:25:30+0200,4362fe35-cfeb-4c3c-9399-26381c363872,2026-07-10T18:45:00Z,2026-07-10T20:45:00+0200,6936.65451,MW,DE,DE_LU,forecast_onshore_wind_generation,Wind Onshore,2026-08-10T05:27:26Z
2026-08-10T05:25:30Z,2026-08-10T07:25:30+0200,4362fe35-cfeb-4c3c-9399-26381c363872,2026-07-10T19:00:00Z,2026-07-10T21:00:00+0200,7084.83339,MW,DE,DE_LU,forecast_onshore_wind_generation,Wind Onshore,2026-08-10T05:27:26Z
2026-08-10T05:25:30Z,2026-08-10T07:25:30+0200,4362fe35-cfeb-4c3c-9399-26381c363872,2026-07-10T19:15:00Z,2026-07-10T21:15:00+0200,7313.70515,MW,DE,DE_LU,forecast_onshore_wind_generation,Wind Onshore,2026-08-10T05:27:26Z
2026-08-10T05:25:30Z,2026-08-10T07:25:30+0200,4362fe35-cfeb-4c3c-9399-26381c363872,2026-07-10T19:30:00Z,2026-07-10T21:30:00+0200,7615.6475,MW,DE,DE_LU,forecast_onshore_wind_generation,Wind Onshore,2026-08-10T05:27:26Z
2026-08-10T05:25:30Z,2026-08-10T07:25:30+0200,4362fe35-cfeb-4c3c-9399-26381c363872,2026-07-10T19:45:00Z,2026-07-10T21:45:00+0200,7924.29878,MW,DE,DE_LU,forecast_onshore_wind_generation,Wind Onshore,2026-08-10T05:27:26Z
2026-08-10T05:25:30Z,2026-08-10T07:25:30+0200,4362fe35-cfeb-4c3c-9399-26381c363872,2026-07-10T20:00:00Z,2026-07-10T22:00:00+0200,8198.61033,MW,DE,DE_LU,forecast_onshore_wind_generation,Wind Onshore,2026-08-10T05:27:26Z
2026-08-10T05:25:30Z,2026-08-10T07:25:30+0200,4362fe35-cfeb-4c3c-9399-26381c363872,2026-07-10T20:15:00Z,2026-07-10T22:15:00+0200,8292.74592,MW,DE,DE_LU,forecast_onshore_wind_generation,Wind Onshore,2026-08-10T05:27:26Z
2026-08-10T05:25:30Z,2026-08-10T07:25:30+0200,4362fe35-cfeb-4c3c-9399-26381c363872,2026-07-10T20:30:00Z,2026-07-10T22:30:00+0200,8380.56671,MW,DE,DE_LU,forecast_onshore_wind_generation,Wind Onshore,2026-08-10T05:27:26Z
2026-08-10T05:25:30Z,2026-08-10T07:25:30+0200,4362fe35-cfeb-4c3c-9399-26381c363872,2026-07-10T20:45:00Z,2026-07-10T22:45:00+0200,8446.87657,MW,DE,DE_LU,forecast_onshore_wind_generation,Wind Onshore,2026-08-10T05:27:26Z
2026-08-10T05:25:30Z,2026-08-10T07:25:30+0200,4362fe35-cfeb-4c3c-9399-26381c363872,2026-07-10T21:00:00Z,2026-07-10T23:00:00+0200,8488.53916,MW,DE,DE_LU,forecast_onshore_wind_generation,Wind Onshore,2026-08-10T05:27:26Z
2026-08-10T05:25:30Z,2026-08-10T07:25:30+0200,4362fe35-cfeb-4c3c-9399-26381c363872,2026-07-10T21:15:00Z,2026-07-10T23:15:00+0200,8365.27696,MW,DE,DE_LU,forecast_onshore_wind_generation,Wind Onshore,2026-08-10T05:27:26Z
2026-08-10T05:25:30Z,2026-08-10T07:25:30+0200,4362fe35-cfeb-4c3c-9399-26381c363872,2026-07-10T21:30:00Z,2026-07-10T23:30:00+0200,8239.32655,MW,DE,DE_LU,forecast_onshore_wind_generation,Wind Onshore,2026-08-10T05:27:26Z
2026-08-10T05:25:30Z,2026-08-10T07:25:30+0200,4362fe35-cfeb-4c3c-9399-26381c363872,2026-07-10T21:45:00Z,2026-07-10T23:45:00+0200,8100.72713,MW,DE,DE_LU,forecast_onshore_wind_generation,Wind Onshore,2026-08-10T05:27:26Z
2026-08-10T05:25:30Z,2026-08-10T07:25:30+0200,4362fe35-cfeb-4c3c-9399-26381c363872,2026-07-10T22:00:00Z,2026-07-11T00:00:00+0200,8120.5213,MW,DE,DE_LU,forecast_onshore_wind_generation,Wind Onshore,2026-08-10T05:27:26Z
2026-08-10T05:25:30Z,2026-08-10T07:25:30+0200,4362fe35-cfeb-4c3c-9399-26381c363872,2026-07-10T22:15:00Z,2026-07-11T00:15:00+0200,7853.397,MW,DE,DE_LU,forecast_onshore_wind_generation,Wind Onshore,2026-08-10T05:27:26Z
2026-08-10T05:25:30Z,2026-08-10T07:25:30+0200,4362fe35-cfeb-4c3c-9399-26381c363872,2026-07-10T22:30:00Z,2026-07-11T00:30:00+0200,7584.39397,MW,DE,DE_LU,forecast_onshore_wind_generation,Wind Onshore,2026-08-10T05:27:26Z
2026-08-10T05:25:30Z,2026-08-10T07:25:30+0200,4362fe35-cfeb-4c3c-9399-26381c363872,2026-07-10T22:45:00Z,2026-07-11T00:45:00+0200,7313.34979,MW,DE,DE_LU,forecast_onshore_wind_generation,Wind Onshore,2026-08-10T05:27:26Z
2026-08-10T05:25:30Z,2026-08-10T07:25:30+0200,4362fe35-cfeb-4c3c-9399-26381c363872,2026-07-10T23:00:00Z,2026-07-11T01:00:00+0200,7044.40203,MW,DE,DE_LU,forecast_onshore_wind_generation,Wind Onshore,2026-08-10T05:27:26Z
2026-08-10T05:25:30Z,2026-08-10T07:25:30+0200,4362fe35-cfeb-4c3c-9399-26381c363872,2026-07-10T23:15:00Z,2026-07-11T01:15:00+0200,6766.66064,MW,DE,DE_LU,forecast_onshore_wind_generation,Wind Onshore,2026-08-10T05:27:26Z
2026-08-10T05:25:30Z,2026-08-10T07:25:30+0200,4362fe35-cfeb-4c3c-9399-26381c363872,2026-07-10T23:30:00Z,2026-07-11T01:30:00+0200,6502.64121,MW,DE,DE_LU,forecast_onshore_wind_generation,Wind Onshore,2026-08-10T05:27:26Z
2026-08-10T05:25:30Z,2026-08-10T07:25:30+0200,4362fe35-cfeb-4c3c-9399-26381c363872,2026-07-10T23:45:00Z,2026-07-11T01:45:00+0200,6263.84545,MW,DE,DE_LU,forecast_onshore_wind_generation,Wind Onshore,2026-08-10T05:27:26Z
2026-08-10T05:25:30Z,2026-08-10T07:25:30+0200,4362fe35-cfeb-4c3c-9399-26381c363872,2026-07-11T00:00:00Z,2026-07-11T02:00:00+0200,6069.98465,MW,DE,DE_LU,forecast_onshore_wind_generation,Wind Onshore,2026-08-10T05:27:26Z
2026-08-10T05:25:30Z,2026-08-10T07:25:30+0200,4362fe35-cfeb-4c3c-9399-26381c363872,2026-07-11T00:15:00Z,2026-07-11T02:15:00+0200,5857.63072,MW,DE,DE_LU,forecast_onshore_wind_generation,Wind Onshore,2026-08-10T05:27:26Z
2026-08-10T05:25:30Z,2026-08-10T07:25:30+0200,4362fe35-cfeb-4c3c-9399-26381c363872,2026-07-11T00:30:00Z,2026-07-11T02:30:00+0200,5620.47492,MW,DE,DE_LU,forecast_onshore_wind_generation,Wind Onshore,2026-08-10T05:27:26Z
2026-08-10T05:25:30Z,2026-08-10T07:25:30+0200,4362fe35-cfeb-4c3c-9399-26381c363872,2026-07-11T00:45:00Z,2026-07-11T02:45:00+0200,5368.81955,MW,DE,DE_LU,forecast_onshore_wind_generation,Wind Onshore,2026-08-10T05:27:26Z
2026-08-10T05:25:30Z,2026-08-10T07:25:30+0200,4362fe35-cfeb-4c3c-9399-26381c363872,2026-07-11T01:00:00Z,2026-07-11T03:00:00+0200,5118.73527,MW,DE,DE_LU,forecast_onshore_wind_generation,Wind Onshore,2026-08-10T05:27:26Z
2026-08-10T05:25:30Z,2026-08-10T07:25:30+0200,4362fe35-cfeb-4c3c-9399-26381c363872,2026-07-11T01:15:00Z,2026-07-11T03:15:00+0200,4905.29375,MW,DE,DE_LU,forecast_onshore_wind_generation,Wind Onshore,2026-08-10T05:27:26Z
2026-08-10T05:25:30Z,2026-08-10T07:25:30+0200,4362fe35-cfeb-4c3c-9399-26381c363872,2026-07-11T01:30:00Z,2026-07-11T03:30:00+0200,4694.87331,MW,DE,DE_LU,forecast_onshore_wind_generation,Wind Onshore,2026-08-10T05:27:26Z
2026-08-10T05:25:30Z,2026-08-10T07:25:30+0200,4362fe35-cfeb-4c3c-9399-26381c363872,2026-07-11T01:45:00Z,2026-07-11T03:45:00+0200,4486.39654,MW,DE,DE_LU,forecast_onshore_wind_generation,Wind Onshore,2026-08-10T05:27:26Z
2026-08-10T05:25:30Z,2026-08-10T07:25:30+0200,4362fe35-cfeb-4c3c-9399-26381c363872,2026-07-11T02:00:00Z,2026-07-11T04:00:00+0200,4287.65607,MW,DE,DE_LU,forecast_onshore_wind_generation,Wind Onshore,2026-08-10T05:27:26Z
2026-08-10T05:25:30Z,2026-08-10T07:25:30+0200,4362fe35-cfeb-4c3c-9399-26381c363872,2026-07-11T02:15:00Z,2026-07-11T04:15:00+0200,4135.84003,MW,DE,DE_LU,forecast_onshore_wind_generation,Wind Onshore,2026-08-10T05:27:26Z
2026-08-10T05:25:30Z,2026-08-10T07:25:30+0200,4362fe35-cfeb-4c3c-9399-26381c363872,2026-07-11T02:30:00Z,2026-07-11T04:30:00+0200,3982.43196,MW,DE,DE_LU,forecast_onshore_wind_generation,Wind Onshore,2026-08-10T05:27:26Z
2026-08-10T05:25:30Z,2026-08-10T07:25:30+0200,4362fe35-cfeb-4c3c-9399-26381c363872,2026-07-11T02:45:00Z,2026-07-11T04:45:00+0200,3837.64185,MW,DE,DE_LU,forecast_onshore_wind_generation,Wind Onshore,2026-08-10T05:27:26Z
2026-08-10T05:25:30Z,2026-08-10T07:25:30+0200,4362fe35-cfeb-4c3c-9399-26381c363872,2026-07-11T03:00:00Z,2026-07-11T05:00:00+0200,3698.32416,MW,DE,DE_LU,forecast_onshore_wind_generation,Wind Onshore,2026-08-10T05:27:26Z
2026-08-10T05:25:30Z,2026-08-10T07:25:30+0200,4362fe35-cfeb-4c3c-9399-26381c363872,2026-07-11T03:15:00Z,2026-07-11T05:15:00+0200,3603.94906,MW,DE,DE_LU,forecast_onshore_wind_generation,Wind Onshore,2026-08-10T05:27:26Z
2026-08-10T05:25:30Z,2026-08-10T07:25:30+0200,4362fe35-cfeb-4c3c-9399-26381c363872,2026-07-11T03:30:00Z,2026-07-11T05:30:00+0200,3498.51855,MW,DE,DE_LU,forecast_onshore_wind_generation,Wind Onshore,2026-08-10T05:27:26Z
2026-08-10T05:25:30Z,2026-08-10T07:25:30+0200,4362fe35-cfeb-4c3c-9399-26381c363872,2026-07-11T03:45:00Z,2026-07-11T05:45:00+0200,3403.80271,MW,DE,DE_LU,forecast_onshore_wind_generation,Wind Onshore,2026-08-10T05:27:26Z
2026-08-10T05:25:30Z,2026-08-10T07:25:30+0200,4362fe35-cfeb-4c3c-9399-26381c363872,2026-07-11T04:00:00Z,2026-07-11T06:00:00+0200,3321.33358,MW,DE,DE_LU,forecast_onshore_wind_generation,Wind Onshore,2026-08-10T05:27:26Z
2026-08-10T05:25:30Z,2026-08-10T07:25:30+0200,4362fe35-cfeb-4c3c-9399-26381c363872,2026-07-11T04:15:00Z,2026-07-11T06:15:00+0200,3190.43967,MW,DE,DE_LU,forecast_onshore_wind_generation,Wind Onshore,2026-08-10T05:27:26Z
2026-08-10T05:25:30Z,2026-08-10T07:25:30+0200,4362fe35-cfeb-4c3c-9399-26381c363872,2026-07-11T04:30:00Z,2026-07-11T06:30:00+0200,3058.93988,MW,DE,DE_LU,forecast_onshore_wind_generation,Wind Onshore,2026-08-10T05:27:26Z
2026-08-10T05:25:30Z,2026-08-10T07:25:30+0200,4362fe35-cfeb-4c3c-9399-26381c363872,2026-07-11T04:45:00Z,2026-07-11T06:45:00+0200,2928.56208,MW,DE,DE_LU,forecast_onshore_wind_generation,Wind Onshore,2026-08-10T05:27:26Z
2026-08-10T05:25:30Z,2026-08-10T07:25:30+0200,4362fe35-cfeb-4c3c-9399-26381c363872,2026-07-11T05:00:00Z,2026-07-11T07:00:00+0200,2787.99071,MW,DE,DE_LU,forecast_onshore_wind_generation,Wind Onshore,2026-08-10T05:27:26Z
2026-08-10T05:25:30Z,2026-08-10T07:25:30+0200,4362fe35-cfeb-4c3c-9399-26381c363872,2026-07-11T05:15:00Z,2026-07-11T07:15:00+0200,2504.76294,MW,DE,DE_LU,forecast_onshore_wind_generation,Wind Onshore,2026-08-10T05:27:26Z
2026-08-10T05:25:30Z,2026-08-10T07:25:30+0200,4362fe35-cfeb-4c3c-9399-26381c363872,2026-07-11T05:30:00Z,2026-07-11T07:30:00+0200,2228.79506,MW,DE,DE_LU,forecast_onshore_wind_generation,Wind Onshore,2026-08-10T05:27:26Z
2026-08-10T05:25:30Z,2026-08-10T07:25:30+0200,4362fe35-cfeb-4c3c-9399-26381c363872,2026-07-11T05:45:00Z,2026-07-11T07:45:00+0200,1962.31573,MW,DE,DE_LU,forecast_onshore_wind_generation,Wind Onshore,2026-08-10T05:27:26Z
2026-08-10T05:25:30Z,2026-08-10T07:25:30+0200,4362fe35-cfeb-4c3c-9399-26381c363872,2026-07-11T06:00:00Z,2026-07-11T08:00:00+0200,1741.58468,MW,DE,DE_LU,forecast_onshore_wind_generation,Wind Onshore,2026-08-10T05:27:26Z
2026-08-10T05:25:30Z,2026-08-10T07:25:30+0200,4362fe35-cfeb-4c3c-9399-26381c363872,2026-07-11T06:15:00Z,2026-07-11T08:15:00+0200,1549.35664,MW,DE,DE_LU,forecast_onshore_wind_generation,Wind Onshore,2026-08-10T05:27:26Z
2026-08-10T05:25:30Z,2026-08-10T07:25:30+0200,4362fe35-cfeb-4c3c-9399-26381c363872,2026-07-11T06:30:00Z,2026-07-11T08:30:00+0200,1362.10301,MW,DE,DE_LU,forecast_onshore_wind_generation,Wind Onshore,2026-08-10T05:27:26Z
2026-08-10T05:25:30Z,2026-08-10T07:25:30+0200,4362fe35-cfeb-4c3c-9399-26381c363872,2026-07-11T06:45:00Z,2026-07-11T08:45:00+0200,1187.74767,MW,DE,DE_LU,forecast_onshore_wind_generation,Wind Onshore,2026-08-10T05:27:26Z
2026-08-10T05:25:30Z,2026-08-10T07:25:30+0200,4362fe35-cfeb-4c3c-9399-26381c363872,2026-07-11T07:00:00Z,2026-07-11T09:00:00+0200,1021.49124,MW,DE,DE_LU,forecast_onshore_wind_generation,Wind Onshore,2026-08-10T05:27:26Z
2026-08-10T05:25:30Z,2026-08-10T07:25:30+0200,4362fe35-cfeb-4c3c-9399-26381c363872,2026-07-11T07:15:00Z,2026-07-11T09:15:00+0200,1048.90557,MW,DE,DE_LU,forecast_onshore_wind_generation,Wind Onshore,2026-08-10T05:27:26Z
2026-08-10T05:25:30Z,2026-08-10T07:25:30+0200,4362fe35-cfeb-4c3c-9399-26381c363872,2026-07-11T07:30:00Z,2026-07-11T09:30:00+0200,1068.95314,MW,DE,DE_LU,forecast_onshore_wind_generation,Wind Onshore,2026-08-10T05:27:26Z
2026-08-10T05:25:30Z,2026-08-10T07:25:30+0200,4362fe35-cfeb-4c3c-9399-26381c363872,2026-07-11T07:45:00Z,2026-07-11T09:45:00+0200,1088.47277,MW,DE,DE_LU,forecast_onshore_wind_generation,Wind Onshore,2026-08-10T05:27:26Z
2026-08-10T05:25:30Z,2026-08-10T07:25:30+0200,4362fe35-cfeb-4c3c-9399-26381c363872,2026-07-11T08:00:00Z,2026-07-11T10:00:00+0200,1101.66099,MW,DE,DE_LU,forecast_onshore_wind_generation,Wind Onshore,2026-08-10T05:27:26Z
2026-08-10T05:25:30Z,2026-08-10T07:25:30+0200,4362fe35-cfeb-4c3c-9399-26381c363872,2026-07-11T08:15:00Z,2026-07-11T10:15:00+0200,1133.86839,MW,DE,DE_LU,forecast_onshore_wind_generation,Wind Onshore,2026-08-10T05:27:26Z
2026-08-10T05:25:30Z,2026-08-10T07:25:30+0200,4362fe35-cfeb-4c3c-9399-26381c363872,2026-07-11T08:30:00Z,2026-07-11T10:30:00+0200,1163.30065,MW,DE,DE_LU,forecast_onshore_wind_generation,Wind Onshore,2026-08-10T05:27:26Z
2026-08-10T05:25:30Z,2026-08-10T07:25:30+0200,4362fe35-cfeb-4c3c-9399-26381c363872,2026-07-11T08:45:00Z,2026-07-11T10:45:00+0200,1199.02353,MW,DE,DE_LU,forecast_onshore_wind_generation,Wind Onshore,2026-08-10T05:27:26Z
2026-08-10T05:25:30Z,2026-08-10T07:25:30+0200,4362fe35-cfeb-4c3c-9399-26381c363872,2026-07-11T09:00:00Z,2026-07-11T11:00:00+0200,1233.89019,MW,DE,DE_LU,forecast_onshore_wind_generation,Wind Onshore,2026-08-10T05:27:26Z
2026-08-10T05:25:30Z,2026-08-10T07:25:30+0200,4362fe35-cfeb-4c3c-9399-26381c363872,2026-07-11T09:15:00Z,2026-07-11T11:15:00+0200,1279.32275,MW,DE,DE_LU,forecast_onshore_wind_generation,Wind Onshore,2026-08-10T05:27:26Z
2026-08-10T05:25:30Z,2026-08-10T07:25:30+0200,4362fe35-cfeb-4c3c-9399-26381c363872,2026-07-11T09:30:00Z,2026-07-11T11:30:00+0200,1323.70509,MW,DE,DE_LU,forecast_onshore_wind_generation,Wind Onshore,2026-08-10T05:27:26Z
2026-08-10T05:25:30Z,2026-08-10T07:25:30+0200,4362fe35-cfeb-4c3c-9399-26381c363872,2026-07-11T09:45:00Z,2026-07-11T11:45:00+0200,1372.25033,MW,DE,DE_LU,forecast_onshore_wind_generation,Wind Onshore,2026-08-10T05:27:26Z
2026-08-10T05:25:30Z,2026-08-10T07:25:30+0200,4362fe35-cfeb-4c3c-9399-26381c363872,2026-07-11T10:00:00Z,2026-07-11T12:00:00+0200,1419.46484,MW,DE,DE_LU,forecast_onshore_wind_generation,Wind Onshore,2026-08-10T05:27:26Z
2026-08-10T05:25:30Z,2026-08-10T07:25:30+0200,4362fe35-cfeb-4c3c-9399-26381c363872,2026-07-11T10:15:00Z,2026-07-11T12:15:00+0200,1465.74618,MW,DE,DE_LU,forecast_onshore_wind_generation,Wind Onshore,2026-08-10T05:27:26Z
2026-08-10T05:25:30Z,2026-08-10T07:25:30+0200,4362fe35-cfeb-4c3c-9399-26381c363872,2026-07-11T10:30:00Z,2026-07-11T12:30:00+0200,1512.03875,MW,DE,DE_LU,forecast_onshore_wind_generation,Wind Onshore,2026-08-10T05:27:26Z
2026-08-10T05:25:30Z,2026-08-10T07:25:30+0200,4362fe35-cfeb-4c3c-9399-26381c363872,2026-07-11T10:45:00Z,2026-07-11T12:45:00+0200,1562.87857,MW,DE,DE_LU,forecast_onshore_wind_generation,Wind Onshore,2026-08-10T05:27:26Z
2026-08-10T05:25:30Z,2026-08-10T07:25:30+0200,4362fe35-cfeb-4c3c-9399-26381c363872,2026-07-11T11:00:00Z,2026-07-11T13:00:00+0200,1607.95727,MW,DE,DE_LU,forecast_onshore_wind_generation,Wind Onshore,2026-08-10T05:27:26Z
2026-08-10T05:25:30Z,2026-08-10T07:25:30+0200,4362fe35-cfeb-4c3c-9399-26381c363872,2026-07-11T11:15:00Z,2026-07-11T13:15:00+0200,1644.40161,MW,DE,DE_LU,forecast_onshore_wind_generation,Wind Onshore,2026-08-10T05:27:26Z
2026-08-10T05:25:30Z,2026-08-10T07:25:30+0200,4362fe35-cfeb-4c3c-9399-26381c363872,2026-07-11T11:30:00Z,2026-07-11T13:30:00+0200,1689.02581,MW,DE,DE_LU,forecast_onshore_wind_generation,Wind Onshore,2026-08-10T05:27:26Z
2026-08-10T05:25:30Z,2026-08-10T07:25:30+0200,4362fe35-cfeb-4c3c-9399-26381c363872,2026-07-11T11:45:00Z,2026-07-11T13:45:00+0200,1743.55935,MW,DE,DE_LU,forecast_onshore_wind_generation,Wind Onshore,2026-08-10T05:27:26Z
2026-08-10T05:25:30Z,2026-08-10T07:25:30+0200,4362fe35-cfeb-4c3c-9399-26381c363872,2026-07-11T12:00:00Z,2026-07-11T14:00:00+0200,1832.67411,MW,DE,DE_LU,forecast_onshore_wind_generation,Wind Onshore,2026-08-10T05:27:26Z
2026-08-10T05:25:30Z,2026-08-10T07:25:30+0200,4362fe35-cfeb-4c3c-9399-26381c363872,2026-07-11T12:15:00Z,2026-07-11T14:15:00+0200,1955.87232,MW,DE,DE_LU,forecast_onshore_wind_generation,Wind Onshore,2026-08-10T05:27:26Z
2026-08-10T05:25:30Z,2026-08-10T07:25:30+0200,4362fe35-cfeb-4c3c-9399-26381c363872,2026-07-11T12:30:00Z,2026-07-11T14:30:00+0200,2085.27575,MW,DE,DE_LU,forecast_onshore_wind_generation,Wind Onshore,2026-08-10T05:27:26Z
2026-08-10T05:25:30Z,2026-08-10T07:25:30+0200,4362fe35-cfeb-4c3c-9399-26381c363872,2026-07-11T12:45:00Z,2026-07-11T14:45:00+0200,2222.13421,MW,DE,DE_LU,forecast_onshore_wind_generation,Wind Onshore,2026-08-10T05:27:26Z
2026-08-10T05:25:30Z,2026-08-10T07:25:30+0200,4362fe35-cfeb-4c3c-9399-26381c363872,2026-07-11T13:00:00Z,2026-07-11T15:00:00+0200,2377.40527,MW,DE,DE_LU,forecast_onshore_wind_generation,Wind Onshore,2026-08-10T05:27:26Z
2026-08-10T05:25:30Z,2026-08-10T07:25:30+0200,4362fe35-cfeb-4c3c-9399-26381c363872,2026-07-11T13:15:00Z,2026-07-11T15:15:00+0200,2592.74968,MW,DE,DE_LU,forecast_onshore_wind_generation,Wind Onshore,2026-08-10T05:27:26Z
2026-08-10T05:25:30Z,2026-08-10T07:25:30+0200,4362fe35-cfeb-4c3c-9399-26381c363872,2026-07-11T13:30:00Z,2026-07-11T15:30:00+0200,2807.58472,MW,DE,DE_LU,forecast_onshore_wind_generation,Wind Onshore,2026-08-10T05:27:26Z
2026-08-10T05:25:30Z,2026-08-10T07:25:30+0200,4362fe35-cfeb-4c3c-9399-26381c363872,2026-07-11T13:45:00Z,2026-07-11T15:45:00+0200,3052.1634,MW,DE,DE_LU,forecast_onshore_wind_generation,Wind Onshore,2026-08-10T05:27:26Z
2026-08-10T05:25:30Z,2026-08-10T07:25:30+0200,4362fe35-cfeb-4c3c-9399-26381c363872,2026-07-11T14:00:00Z,2026-07-11T16:00:00+0200,3307.25119,MW,DE,DE_LU,forecast_onshore_wind_generation,Wind Onshore,2026-08-10T05:27:26Z
2026-08-10T05:25:30Z,2026-08-10T07:25:30+0200,4362fe35-cfeb-4c3c-9399-26381c363872,2026-07-11T14:15:00Z,2026-07-11T16:15:00+0200,3621.1412,MW,DE,DE_LU,forecast_onshore_wind_generation,Wind Onshore,2026-08-10T05:27:26Z
2026-08-10T05:25:30Z,2026-08-10T07:25:30+0200,4362fe35-cfeb-4c3c-9399-26381c363872,2026-07-11T14:30:00Z,2026-07-11T16:30:00+0200,3959.99048,MW,DE,DE_LU,forecast_onshore_wind_generation,Wind Onshore,2026-08-10T05:27:26Z
2026-08-10T05:25:30Z,2026-08-10T07:25:30+0200,4362fe35-cfeb-4c3c-9399-26381c363872,2026-07-11T14:45:00Z,2026-07-11T16:45:00+0200,4290.04216,MW,DE,DE_LU,forecast_onshore_wind_generation,Wind Onshore,2026-08-10T05:27:26Z
2026-08-10T05:25:30Z,2026-08-10T07:25:30+0200,4362fe35-cfeb-4c3c-9399-26381c363872,2026-07-11T15:00:00Z,2026-07-11T17:00:00+0200,4620.22596,MW,DE,DE_LU,forecast_onshore_wind_generation,Wind Onshore,2026-08-10T05:27:26Z
2026-08-10T05:25:30Z,2026-08-10T07:25:30+0200,4362fe35-cfeb-4c3c-9399-26381c363872,2026-07-11T15:15:00Z,2026-07-11T17:15:00+0200,4947.82602,MW,DE,DE_LU,forecast_onshore_wind_generation,Wind Onshore,2026-08-10T05:27:26Z
2026-08-10T05:25:30Z,2026-08-10T07:25:30+0200,4362fe35-cfeb-4c3c-9399-26381c363872,2026-07-11T15:30:00Z,2026-07-11T17:30:00+0200,5256.43782,MW,DE,DE_LU,forecast_onshore_wind_generation,Wind Onshore,2026-08-10T05:27:26Z
2026-08-10T05:25:30Z,2026-08-10T07:25:30+0200,4362fe35-cfeb-4c3c-9399-26381c363872,2026-07-11T15:45:00Z,2026-07-11T17:45:00+0200,5576.80911,MW,DE,DE_LU,forecast_onshore_wind_generation,Wind Onshore,2026-08-10T05:27:26Z
2026-08-10T05:25:30Z,2026-08-10T07:25:30+0200,4362fe35-cfeb-4c3c-9399-26381c363872,2026-07-11T16:00:00Z,2026-07-11T18:00:00+0200,5873.71582,MW,DE,DE_LU,forecast_onshore_wind_generation,Wind Onshore,2026-08-10T05:27:26Z
2026-08-10T05:25:30Z,2026-08-10T07:25:30+0200,4362fe35-cfeb-4c3c-9399-26381c363872,2026-07-11T16:15:00Z,2026-07-11T18:15:00+0200,6137.89038,MW,DE,DE_LU,forecast_onshore_wind_generation,Wind Onshore,2026-08-10T05:27:26Z
2026-08-10T05:25:30Z,2026-08-10T07:25:30+0200,4362fe35-cfeb-4c3c-9399-26381c363872,2026-07-11T16:30:00Z,2026-07-11T18:30:00+0200,6390.87717,MW,DE,DE_LU,forecast_onshore_wind_generation,Wind Onshore,2026-08-10T05:27:26Z
2026-08-10T05:25:30Z,2026-08-10T07:25:30+0200,4362fe35-cfeb-4c3c-9399-26381c363872,2026-07-11T16:45:00Z,2026-07-11T18:45:00+0200,6644.3722,MW,DE,DE_LU,forecast_onshore_wind_generation,Wind Onshore,2026-08-10T05:27:26Z
2026-08-10T05:25:30Z,2026-08-10T07:25:30+0200,4362fe35-cfeb-4c3c-9399-26381c363872,2026-07-11T17:00:00Z,2026-07-11T19:00:00+0200,6879.41522,MW,DE,DE_LU,forecast_onshore_wind_generation,Wind Onshore,2026-08-10T05:27:26Z
2026-08-10T05:25:30Z,2026-08-10T07:25:30+0200,4362fe35-cfeb-4c3c-9399-26381c363872,2026-07-11T17:15:00Z,2026-07-11T19:15:00+0200,7040.90634,MW,DE,DE_LU,forecast_onshore_wind_generation,Wind Onshore,2026-08-10T05:27:26Z
2026-08-10T05:25:30Z,2026-08-10T07:25:30+0200,4362fe35-cfeb-4c3c-9399-26381c363872,2026-07-11T17:30:00Z,2026-07-11T19:30:00+0200,7207.36663,MW,DE,DE_LU,forecast_onshore_wind_generation,Wind Onshore,2026-08-10T05:27:26Z
2026-08-10T05:25:30Z,2026-08-10T07:25:30+0200,4362fe35-cfeb-4c3c-9399-26381c363872,2026-07-11T17:45:00Z,2026-07-11T19:45:00+0200,7376.27065,MW,DE,DE_LU,forecast_onshore_wind_generation,Wind Onshore,2026-08-10T05:27:26Z
2026-08-10T05:25:30Z,2026-08-10T07:25:30+0200,4362fe35-cfeb-4c3c-9399-26381c363872,2026-07-11T18:00:00Z,2026-07-11T20:00:00+0200,7547.28533,MW,DE,DE_LU,forecast_onshore_wind_generation,Wind Onshore,2026-08-10T05:27:26Z
2026-08-10T05:25:30Z,2026-08-10T07:25:30+0200,4362fe35-cfeb-4c3c-9399-26381c363872,2026-07-11T18:15:00Z,2026-07-11T20:15:00+0200,7813.19565,MW,DE,DE_LU,forecast_onshore_wind_generation,Wind Onshore,2026-08-10T05:27:26Z
2026-08-10T05:25:30Z,2026-08-10T07:25:30+0200,4362fe35-cfeb-4c3c-9399-26381c363872,2026-07-11T18:30:00Z,2026-07-11T20:30:00+0200,8063.60038,MW,DE,DE_LU,forecast_onshore_wind_generation,Wind Onshore,2026-08-10T05:27:26Z
2026-08-10T05:25:30Z,2026-08-10T07:25:30+0200,4362fe35-cfeb-4c3c-9399-26381c363872,2026-07-11T18:45:00Z,2026-07-11T20:45:00+0200,8296.67813,MW,DE,DE_LU,forecast_onshore_wind_generation,Wind Onshore,2026-08-10T05:27:26Z
2026-08-10T05:25:30Z,2026-08-10T07:25:30+0200,4362fe35-cfeb-4c3c-9399-26381c363872,2026-07-11T19:00:00Z,2026-07-11T21:00:00+0200,8458.59526,MW,DE,DE_LU,forecast_onshore_wind_generation,Wind Onshore,2026-08-10T05:27:26Z
2026-08-10T05:25:30Z,2026-08-10T07:25:30+0200,4362fe35-cfeb-4c3c-9399-26381c363872,2026-07-11T19:15:00Z,2026-07-11T21:15:00+0200,8713.56323,MW,DE,DE_LU,forecast_onshore_wind_generation,Wind Onshore,2026-08-10T05:27:26Z
2026-08-10T05:25:30Z,2026-08-10T07:25:30+0200,4362fe35-cfeb-4c3c-9399-26381c363872,2026-07-11T19:30:00Z,2026-07-11T21:30:00+0200,9046.78652,MW,DE,DE_LU,forecast_onshore_wind_generation,Wind Onshore,2026-08-10T05:27:26Z
2026-08-10T05:25:30Z,2026-08-10T07:25:30+0200,4362fe35-cfeb-4c3c-9399-26381c363872,2026-07-11T19:45:00Z,2026-07-11T21:45:00+0200,9387.50205,MW,DE,DE_LU,forecast_onshore_wind_generation,Wind Onshore,2026-08-10T05:27:26Z
2026-08-10T05:25:30Z,2026-08-10T07:25:30+0200,4362fe35-cfeb-4c3c-9399-26381c363872,2026-07-11T20:00:00Z,2026-07-11T22:00:00+0200,9662.30979,MW,DE,DE_LU,forecast_onshore_wind_generation,Wind Onshore,2026-08-10T05:27:26Z
2026-08-10T05:25:30Z,2026-08-10T07:25:30+0200,4362fe35-cfeb-4c3c-9399-26381c363872,2026-07-11T20:15:00Z,2026-07-11T22:15:00+0200,9705.64579,MW,DE,DE_LU,forecast_onshore_wind_generation,Wind Onshore,2026-08-10T05:27:26Z
2026-08-10T05:25:30Z,2026-08-10T07:25:30+0200,4362fe35-cfeb-4c3c-9399-26381c363872,2026-07-11T20:30:00Z,2026-07-11T22:30:00+0200,9750.11848,MW,DE,DE_LU,forecast_onshore_wind_generation,Wind Onshore,2026-08-10T05:27:26Z
2026-08-10T05:25:30Z,2026-08-10T07:25:30+0200,4362fe35-cfeb-4c3c-9399-26381c363872,2026-07-11T20:45:00Z,2026-07-11T22:45:00+0200,9754.9066,MW,DE,DE_LU,forecast_onshore_wind_generation,Wind Onshore,2026-08-10T05:27:26Z
2026-08-10T05:25:30Z,2026-08-10T07:25:30+0200,4362fe35-cfeb-4c3c-9399-26381c363872,2026-07-11T21:00:00Z,2026-07-11T23:00:00+0200,9737.78661,MW,DE,DE_LU,forecast_onshore_wind_generation,Wind Onshore,2026-08-10T05:27:26Z
2026-08-10T05:25:30Z,2026-08-10T07:25:30+0200,4362fe35-cfeb-4c3c-9399-26381c363872,2026-07-11T21:15:00Z,2026-07-11T23:15:00+0200,9577.54349,MW,DE,DE_LU,forecast_onshore_wind_generation,Wind Onshore,2026-08-10T05:27:26Z
2026-08-10T05:25:30Z,2026-08-10T07:25:30+0200,4362fe35-cfeb-4c3c-9399-26381c363872,2026-07-11T21:30:00Z,2026-07-11T23:30:00+0200,9417.44348,MW,DE,DE_LU,forecast_onshore_wind_generation,Wind Onshore,2026-08-10T05:27:26Z
2026-08-10T05:25:30Z,2026-08-10T07:25:30+0200,4362fe35-cfeb-4c3c-9399-26381c363872,2026-07-11T21:45:00Z,2026-07-11T23:45:00+0200,9243.2734,MW,DE,DE_LU,forecast_onshore_wind_generation,Wind Onshore,2026-08-10T05:27:26Z
2026-08-10T05:25:30Z,2026-08-10T07:25:30+0200,4362fe35-cfeb-4c3c-9399-26381c363872,2026-07-11T22:00:00Z,2026-07-12T00:00:00+0200,9450.28831,MW,DE,DE_LU,forecast_onshore_wind_generation,Wind Onshore,2026-08-10T05:27:26Z
2026-08-10T05:25:30Z,2026-08-10T07:25:30+0200,4362fe35-cfeb-4c3c-9399-26381c363872,2026-07-11T22:15:00Z,2026-07-12T00:15:00+0200,9327.55947,MW,DE,DE_LU,forecast_onshore_wind_generation,Wind Onshore,2026-08-10T05:27:26Z
2026-08-10T05:25:30Z,2026-08-10T07:25:30+0200,4362fe35-cfeb-4c3c-9399-26381c363872,2026-07-11T22:30:00Z,2026-07-12T00:30:00+0200,9198.12565,MW,DE,DE_LU,forecast_onshore_wind_generation,Wind Onshore,2026-08-10T05:27:26Z
2026-08-10T05:25:30Z,2026-08-10T07:25:30+0200,4362fe35-cfeb-4c3c-9399-26381c363872,2026-07-11T22:45:00Z,2026-07-12T00:45:00+0200,9066.63706,MW,DE,DE_LU,forecast_onshore_wind_generation,Wind Onshore,2026-08-10T05:27:26Z
2026-08-10T05:25:30Z,2026-08-10T07:25:30+0200,4362fe35-cfeb-4c3c-9399-26381c363872,2026-07-11T23:00:00Z,2026-07-12T01:00:00+0200,8937.57844,MW,DE,DE_LU,forecast_onshore_wind_generation,Wind Onshore,2026-08-10T05:27:26Z
2026-08-10T05:25:30Z,2026-08-10T07:25:30+0200,4362fe35-cfeb-4c3c-9399-26381c363872,2026-07-11T23:15:00Z,2026-07-12T01:15:00+0200,8798.10911,MW,DE,DE_LU,forecast_onshore_wind_generation,Wind Onshore,2026-08-10T05:27:26Z
2026-08-10T05:25:30Z,2026-08-10T07:25:30+0200,4362fe35-cfeb-4c3c-9399-26381c363872,2026-07-11T23:30:00Z,2026-07-12T01:30:00+0200,8669.36739,MW,DE,DE_LU,forecast_onshore_wind_generation,Wind Onshore,2026-08-10T05:27:26Z
2026-08-10T05:25:30Z,2026-08-10T07:25:30+0200,4362fe35-cfeb-4c3c-9399-26381c363872,2026-07-11T23:45:00Z,2026-07-12T01:45:00+0200,8570.54686,MW,DE,DE_LU,forecast_onshore_wind_generation,Wind Onshore,2026-08-10T05:27:26Z
2026-08-10T05:25:30Z,2026-08-10T07:25:30+0200,4362fe35-cfeb-4c3c-9399-26381c363872,2026-07-12T00:00:00Z,2026-07-12T02:00:00+0200,8513.59491,MW,DE,DE_LU,forecast_onshore_wind_generation,Wind Onshore,2026-08-10T05:27:26Z
2026-08-10T05:25:30Z,2026-08-10T07:25:30+0200,4362fe35-cfeb-4c3c-9399-26381c363872,2026-07-12T00:15:00Z,2026-07-12T02:15:00+0200,8435.09461,MW,DE,DE_LU,forecast_onshore_wind_generation,Wind Onshore,2026-08-10T05:27:26Z
2026-08-10T05:25:30Z,2026-08-10T07:25:30+0200,4362fe35-cfeb-4c3c-9399-26381c363872,2026-07-12T00:30:00Z,2026-07-12T02:30:00+0200,8340.82374,MW,DE,DE_LU,forecast_onshore_wind_generation,Wind Onshore,2026-08-10T05:27:26Z
2026-08-10T05:25:30Z,2026-08-10T07:25:30+0200,4362fe35-cfeb-4c3c-9399-26381c363872,2026-07-12T00:45:00Z,2026-07-12T02:45:00+0200,8237.72283,MW,DE,DE_LU,forecast_onshore_wind_generation,Wind Onshore,2026-08-10T05:27:26Z
2026-08-10T05:25:30Z,2026-08-10T07:25:30+0200,4362fe35-cfeb-4c3c-9399-26381c363872,2026-07-12T01:00:00Z,2026-07-12T03:00:00+0200,8140.08929,MW,DE,DE_LU,forecast_onshore_wind_generation,Wind Onshore,2026-08-10T05:27:26Z
2026-08-10T05:25:30Z,2026-08-10T07:25:30+0200,4362fe35-cfeb-4c3c-9399-26381c363872,2026-07-12T01:15:00Z,2026-07-12T03:15:00+0200,8100.97584,MW,DE,DE_LU,forecast_onshore_wind_generation,Wind Onshore,2026-08-10T05:27:26Z
2026-08-10T05:25:30Z,2026-08-10T07:25:30+0200,4362fe35-cfeb-4c3c-9399-26381c363872,2026-07-12T01:30:00Z,2026-07-12T03:30:00+0200,8062.9361,MW,DE,DE_LU,forecast_onshore_wind_generation,Wind Onshore,2026-08-10T05:27:26Z
2026-08-10T05:25:30Z,2026-08-10T07:25:30+0200,4362fe35-cfeb-4c3c-9399-26381c363872,2026-07-12T01:45:00Z,2026-07-12T03:45:00+0200,8029.14487,MW,DE,DE_LU,forecast_onshore_wind_generation,Wind Onshore,2026-08-10T05:27:26Z
2026-08-10T05:25:30Z,2026-08-10T07:25:30+0200,4362fe35-cfeb-4c3c-9399-26381c363872,2026-07-12T02:00:00Z,2026-07-12T04:00:00+0200,7998.87435,MW,DE,DE_LU,forecast_onshore_wind_generation,Wind Onshore,2026-08-10T05:27:26Z
2026-08-10T05:25:30Z,2026-08-10T07:25:30+0200,4362fe35-cfeb-4c3c-9399-26381c363872,2026-07-12T02:15:00Z,2026-07-12T04:15:00+0200,7999.97132,MW,DE,DE_LU,forecast_onshore_wind_generation,Wind Onshore,2026-08-10T05:27:26Z
2026-08-10T05:25:30Z,2026-08-10T07:25:30+0200,4362fe35-cfeb-4c3c-9399-26381c363872,2026-07-12T02:30:00Z,2026-07-12T04:30:00+0200,8000.64856,MW,DE,DE_LU,forecast_onshore_wind_generation,Wind Onshore,2026-08-10T05:27:26Z
2026-08-10T05:25:30Z,2026-08-10T07:25:30+0200,4362fe35-cfeb-4c3c-9399-26381c363872,2026-07-12T02:45:00Z,2026-07-12T04:45:00+0200,8012.00621,MW,DE,DE_LU,forecast_onshore_wind_generation,Wind Onshore,2026-08-10T05:27:26Z
2026-08-10T05:25:30Z,2026-08-10T07:25:30+0200,4362fe35-cfeb-4c3c-9399-26381c363872,2026-07-12T03:00:00Z,2026-07-12T05:00:00+0200,8014.05666,MW,DE,DE_LU,forecast_onshore_wind_generation,Wind Onshore,2026-08-10T05:27:26Z
2026-08-10T05:25:30Z,2026-08-10T07:25:30+0200,4362fe35-cfeb-4c3c-9399-26381c363872,2026-07-12T03:15:00Z,2026-07-12T05:15:00+0200,8021.51054,MW,DE,DE_LU,forecast_onshore_wind_generation,Wind Onshore,2026-08-10T05:27:26Z
2026-08-10T05:25:30Z,2026-08-10T07:25:30+0200,4362fe35-cfeb-4c3c-9399-26381c363872,2026-07-12T03:30:00Z,2026-07-12T05:30:00+0200,8015.90213,MW,DE,DE_LU,forecast_onshore_wind_generation,Wind Onshore,2026-08-10T05:27:26Z
2026-08-10T05:25:30Z,2026-08-10T07:25:30+0200,4362fe35-cfeb-4c3c-9399-26381c363872,2026-07-12T03:45:00Z,2026-07-12T05:45:00+0200,8015.58226,MW,DE,DE_LU,forecast_onshore_wind_generation,Wind Onshore,2026-08-10T05:27:26Z
2026-08-10T05:25:30Z,2026-08-10T07:25:30+0200,4362fe35-cfeb-4c3c-9399-26381c363872,2026-07-12T04:00:00Z,2026-07-12T06:00:00+0200,8061.53682,MW,DE,DE_LU,forecast_onshore_wind_generation,Wind Onshore,2026-08-10T05:27:26Z
2026-08-10T05:25:30Z,2026-08-10T07:25:30+0200,4362fe35-cfeb-4c3c-9399-26381c363872,2026-07-12T04:15:00Z,2026-07-12T06:15:00+0200,7840.55142,MW,DE,DE_LU,forecast_onshore_wind_generation,Wind Onshore,2026-08-10T05:27:26Z
2026-08-10T05:25:30Z,2026-08-10T07:25:30+0200,4362fe35-cfeb-4c3c-9399-26381c363872,2026-07-12T04:30:00Z,2026-07-12T06:30:00+0200,7622.35044,MW,DE,DE_LU,forecast_onshore_wind_generation,Wind Onshore,2026-08-10T05:27:26Z
2026-08-10T05:25:30Z,2026-08-10T07:25:30+0200,4362fe35-cfeb-4c3c-9399-26381c363872,2026-07-12T04:45:00Z,2026-07-12T06:45:00+0200,7381.15193,MW,DE,DE_LU,forecast_onshore_wind_generation,Wind Onshore,2026-08-10T05:27:26Z
2026-08-10T05:25:30Z,2026-08-10T07:25:30+0200,4362fe35-cfeb-4c3c-9399-26381c363872,2026-07-12T05:00:00Z,2026-07-12T07:00:00+0200,7129.2039,MW,DE,DE_LU,forecast_onshore_wind_generation,Wind Onshore,2026-08-10T05:27:26Z
2026-08-10T05:25:30Z,2026-08-10T07:25:30+0200,4362fe35-cfeb-4c3c-9399-26381c363872,2026-07-12T05:15:00Z,2026-07-12T07:15:00+0200,6456.50076,MW,DE,DE_LU,forecast_onshore_wind_generation,Wind Onshore,2026-08-10T05:27:26Z
2026-08-10T05:25:30Z,2026-08-10T07:25:30+0200,4362fe35-cfeb-4c3c-9399-26381c363872,2026-07-12T05:30:00Z,2026-07-12T07:30:00+0200,5802.78614,MW,DE,DE_LU,forecast_onshore_wind_generation,Wind Onshore,2026-08-10T05:27:26Z
2026-08-10T05:25:30Z,2026-08-10T07:25:30+0200,4362fe35-cfeb-4c3c-9399-26381c363872,2026-07-12T05:45:00Z,2026-07-12T07:45:00+0200,5178.86397,MW,DE,DE_LU,forecast_onshore_wind_generation,Wind Onshore,2026-08-10T05:27:26Z
2026-08-10T05:25:30Z,2026-08-10T07:25:30+0200,4362fe35-cfeb-4c3c-9399-26381c363872,2026-07-12T06:00:00Z,2026-07-12T08:00:00+0200,4742.03303,MW,DE,DE_LU,forecast_onshore_wind_generation,Wind Onshore,2026-08-10T05:27:26Z
2026-08-10T05:25:30Z,2026-08-10T07:25:30+0200,4362fe35-cfeb-4c3c-9399-26381c363872,2026-07-12T06:15:00Z,2026-07-12T08:15:00+0200,4340.10969,MW,DE,DE_LU,forecast_onshore_wind_generation,Wind Onshore,2026-08-10T05:27:26Z
2026-08-10T05:25:30Z,2026-08-10T07:25:30+0200,4362fe35-cfeb-4c3c-9399-26381c363872,2026-07-12T06:30:00Z,2026-07-12T08:30:00+0200,4028.19221,MW,DE,DE_LU,forecast_onshore_wind_generation,Wind Onshore,2026-08-10T05:27:26Z
2026-08-10T05:25:30Z,2026-08-10T07:25:30+0200,4362fe35-cfeb-4c3c-9399-26381c363872,2026-07-12T06:45:00Z,2026-07-12T08:45:00+0200,3734.07035,MW,DE,DE_LU,forecast_onshore_wind_generation,Wind Onshore,2026-08-10T05:27:26Z
2026-08-10T05:25:30Z,2026-08-10T07:25:30+0200,4362fe35-cfeb-4c3c-9399-26381c363872,2026-07-12T07:00:00Z,2026-07-12T09:00:00+0200,3451.86182,MW,DE,DE_LU,forecast_onshore_wind_generation,Wind Onshore,2026-08-10T05:27:26Z
2026-08-10T05:25:30Z,2026-08-10T07:25:30+0200,4362fe35-cfeb-4c3c-9399-26381c363872,2026-07-12T07:15:00Z,2026-07-12T09:15:00+0200,3435.50454,MW,DE,DE_LU,forecast_onshore_wind_generation,Wind Onshore,2026-08-10T05:27:26Z
2026-08-10T05:25:30Z,2026-08-10T07:25:30+0200,4362fe35-cfeb-4c3c-9399-26381c363872,2026-07-12T07:30:00Z,2026-07-12T09:30:00+0200,3420.55417,MW,DE,DE_LU,forecast_onshore_wind_generation,Wind Onshore,2026-08-10T05:27:26Z
2026-08-10T05:25:30Z,2026-08-10T07:25:30+0200,4362fe35-cfeb-4c3c-9399-26381c363872,2026-07-12T07:45:00Z,2026-07-12T09:45:00+0200,3404.9243,MW,DE,DE_LU,forecast_onshore_wind_generation,Wind Onshore,2026-08-10T05:27:26Z
2026-08-10T05:25:30Z,2026-08-10T07:25:30+0200,4362fe35-cfeb-4c3c-9399-26381c363872,2026-07-12T08:00:00Z,2026-07-12T10:00:00+0200,3354.15513,MW,DE,DE_LU,forecast_onshore_wind_generation,Wind Onshore,2026-08-10T05:27:26Z
2026-08-10T05:25:30Z,2026-08-10T07:25:30+0200,4362fe35-cfeb-4c3c-9399-26381c363872,2026-07-12T08:15:00Z,2026-07-12T10:15:00+0200,3348.61096,MW,DE,DE_LU,forecast_onshore_wind_generation,Wind Onshore,2026-08-10T05:27:26Z
2026-08-10T05:25:30Z,2026-08-10T07:25:30+0200,4362fe35-cfeb-4c3c-9399-26381c363872,2026-07-12T08:30:00Z,2026-07-12T10:30:00+0200,3357.50133,MW,DE,DE_LU,forecast_onshore_wind_generation,Wind Onshore,2026-08-10T05:27:26Z
2026-08-10T05:25:30Z,2026-08-10T07:25:30+0200,4362fe35-cfeb-4c3c-9399-26381c363872,2026-07-12T08:45:00Z,2026-07-12T10:45:00+0200,3340.71043,MW,DE,DE_LU,forecast_onshore_wind_generation,Wind Onshore,2026-08-10T05:27:26Z
2026-08-10T05:25:30Z,2026-08-10T07:25:30+0200,4362fe35-cfeb-4c3c-9399-26381c363872,2026-07-12T09:00:00Z,2026-07-12T11:00:00+0200,3271.45179,MW,DE,DE_LU,forecast_onshore_wind_generation,Wind Onshore,2026-08-10T05:27:26Z
2026-08-10T05:25:30Z,2026-08-10T07:25:30+0200,4362fe35-cfeb-4c3c-9399-26381c363872,2026-07-12T09:15:00Z,2026-07-12T11:15:00+0200,3253.15389,MW,DE,DE_LU,forecast_onshore_wind_generation,Wind Onshore,2026-08-10T05:27:26Z
2026-08-10T05:25:30Z,2026-08-10T07:25:30+0200,4362fe35-cfeb-4c3c-9399-26381c363872,2026-07-12T09:30:00Z,2026-07-12T11:30:00+0200,3212.00653,MW,DE,DE_LU,forecast_onshore_wind_generation,Wind Onshore,2026-08-10T05:27:26Z
2026-08-10T05:25:30Z,2026-08-10T07:25:30+0200,4362fe35-cfeb-4c3c-9399-26381c363872,2026-07-12T09:45:00Z,2026-07-12T11:45:00+0200,3224.18549,MW,DE,DE_LU,forecast_onshore_wind_generation,Wind Onshore,2026-08-10T05:27:26Z
2026-08-10T05:25:30Z,2026-08-10T07:25:30+0200,4362fe35-cfeb-4c3c-9399-26381c363872,2026-07-12T10:00:00Z,2026-07-12T12:00:00+0200,3212.91822,MW,DE,DE_LU,forecast_onshore_wind_generation,Wind Onshore,2026-08-10T05:27:26Z
2026-08-10T05:25:30Z,2026-08-10T07:25:30+0200,4362fe35-cfeb-4c3c-9399-26381c363872,2026-07-12T10:15:00Z,2026-07-12T12:15:00+0200,3207.01929,MW,DE,DE_LU,forecast_onshore_wind_generation,Wind Onshore,2026-08-10T05:27:26Z
2026-08-10T05:25:30Z,2026-08-10T07:25:30+0200,4362fe35-cfeb-4c3c-9399-26381c363872,2026-07-12T10:30:00Z,2026-07-12T12:30:00+0200,3208.96624,MW,DE,DE_LU,forecast_onshore_wind_generation,Wind Onshore,2026-08-10T05:27:26Z
2026-08-10T05:25:30Z,2026-08-10T07:25:30+0200,4362fe35-cfeb-4c3c-9399-26381c363872,2026-07-12T10:45:00Z,2026-07-12T12:45:00+0200,3233.30181,MW,DE,DE_LU,forecast_onshore_wind_generation,Wind Onshore,2026-08-10T05:27:26Z
2026-08-10T05:25:30Z,2026-08-10T07:25:30+0200,4362fe35-cfeb-4c3c-9399-26381c363872,2026-07-12T11:00:00Z,2026-07-12T13:00:00+0200,3274.0177,MW,DE,DE_LU,forecast_onshore_wind_generation,Wind Onshore,2026-08-10T05:27:26Z
2026-08-10T05:25:30Z,2026-08-10T07:25:30+0200,4362fe35-cfeb-4c3c-9399-26381c363872,2026-07-12T11:15:00Z,2026-07-12T13:15:00+0200,3354.1947,MW,DE,DE_LU,forecast_onshore_wind_generation,Wind Onshore,2026-08-10T05:27:26Z
2026-08-10T05:25:30Z,2026-08-10T07:25:30+0200,4362fe35-cfeb-4c3c-9399-26381c363872,2026-07-12T11:30:00Z,2026-07-12T13:30:00+0200,3454.16901,MW,DE,DE_LU,forecast_onshore_wind_generation,Wind Onshore,2026-08-10T05:27:26Z
2026-08-10T05:25:30Z,2026-08-10T07:25:30+0200,4362fe35-cfeb-4c3c-9399-26381c363872,2026-07-12T11:45:00Z,2026-07-12T13:45:00+0200,3570.63051,MW,DE,DE_LU,forecast_onshore_wind_generation,Wind Onshore,2026-08-10T05:27:26Z
2026-08-10T05:25:30Z,2026-08-10T07:25:30+0200,4362fe35-cfeb-4c3c-9399-26381c363872,2026-07-12T12:00:00Z,2026-07-12T14:00:00+0200,3733.65038,MW,DE,DE_LU,forecast_onshore_wind_generation,Wind Onshore,2026-08-10T05:27:26Z
2026-08-10T05:25:30Z,2026-08-10T07:25:30+0200,4362fe35-cfeb-4c3c-9399-26381c363872,2026-07-12T12:15:00Z,2026-07-12T14:15:00+0200,3883.91913,MW,DE,DE_LU,forecast_onshore_wind_generation,Wind Onshore,2026-08-10T05:27:26Z
2026-08-10T05:25:30Z,2026-08-10T07:25:30+0200,4362fe35-cfeb-4c3c-9399-26381c363872,2026-07-12T12:30:00Z,2026-07-12T14:30:00+0200,4128.99934,MW,DE,DE_LU,forecast_onshore_wind_generation,Wind Onshore,2026-08-10T05:27:26Z
2026-08-10T05:25:30Z,2026-08-10T07:25:30+0200,4362fe35-cfeb-4c3c-9399-26381c363872,2026-07-12T12:45:00Z,2026-07-12T14:45:00+0200,4358.07505,MW,DE,DE_LU,forecast_onshore_wind_generation,Wind Onshore,2026-08-10T05:27:26Z
2026-08-10T05:25:30Z,2026-08-10T07:25:30+0200,4362fe35-cfeb-4c3c-9399-26381c363872,2026-07-12T13:00:00Z,2026-07-12T15:00:00+0200,4602.54317,MW,DE,DE_LU,forecast_onshore_wind_generation,Wind Onshore,2026-08-10T05:27:26Z
2026-08-10T05:25:30Z,2026-08-10T07:25:30+0200,4362fe35-cfeb-4c3c-9399-26381c363872,2026-07-12T13:15:00Z,2026-07-12T15:15:00+0200,4897.71957,MW,DE,DE_LU,forecast_onshore_wind_generation,Wind Onshore,2026-08-10T05:27:26Z
2026-08-10T05:25:30Z,2026-08-10T07:25:30+0200,4362fe35-cfeb-4c3c-9399-26381c363872,2026-07-12T13:30:00Z,2026-07-12T15:30:00+0200,5270.29503,MW,DE,DE_LU,forecast_onshore_wind_generation,Wind Onshore,2026-08-10T05:27:26Z
2026-08-10T05:25:30Z,2026-08-10T07:25:30+0200,4362fe35-cfeb-4c3c-9399-26381c363872,2026-07-12T13:45:00Z,2026-07-12T15:45:00+0200,5575.70124,MW,DE,DE_LU,forecast_onshore_wind_generation,Wind Onshore,2026-08-10T05:27:26Z
2026-08-10T05:25:30Z,2026-08-10T07:25:30+0200,4362fe35-cfeb-4c3c-9399-26381c363872,2026-07-12T14:00:00Z,2026-07-12T16:00:00+0200,5863.2863,MW,DE,DE_LU,forecast_onshore_wind_generation,Wind Onshore,2026-08-10T05:27:26Z
2026-08-10T05:25:30Z,2026-08-10T07:25:30+0200,4362fe35-cfeb-4c3c-9399-26381c363872,2026-07-12T14:15:00Z,2026-07-12T16:15:00+0200,6178.97863,MW,DE,DE_LU,forecast_onshore_wind_generation,Wind Onshore,2026-08-10T05:27:26Z
2026-08-10T05:25:30Z,2026-08-10T07:25:30+0200,4362fe35-cfeb-4c3c-9399-26381c363872,2026-07-12T14:30:00Z,2026-07-12T16:30:00+0200,6520.09621,MW,DE,DE_LU,forecast_onshore_wind_generation,Wind Onshore,2026-08-10T05:27:26Z
2026-08-10T05:25:30Z,2026-08-10T07:25:30+0200,4362fe35-cfeb-4c3c-9399-26381c363872,2026-07-12T14:45:00Z,2026-07-12T16:45:00+0200,6857.4546,MW,DE,DE_LU,forecast_onshore_wind_generation,Wind Onshore,2026-08-10T05:27:26Z
2026-08-10T05:25:30Z,2026-08-10T07:25:30+0200,4362fe35-cfeb-4c3c-9399-26381c363872,2026-07-12T15:00:00Z,2026-07-12T17:00:00+0200,7222.0962,MW,DE,DE_LU,forecast_onshore_wind_generation,Wind Onshore,2026-08-10T05:27:26Z
2026-08-10T05:25:30Z,2026-08-10T07:25:30+0200,4362fe35-cfeb-4c3c-9399-26381c363872,2026-07-12T15:15:00Z,2026-07-12T17:15:00+0200,7594.65694,MW,DE,DE_LU,forecast_onshore_wind_generation,Wind Onshore,2026-08-10T05:27:26Z
2026-08-10T05:25:30Z,2026-08-10T07:25:30+0200,4362fe35-cfeb-4c3c-9399-26381c363872,2026-07-12T15:30:00Z,2026-07-12T17:30:00+0200,7904.11822,MW,DE,DE_LU,forecast_onshore_wind_generation,Wind Onshore,2026-08-10T05:27:26Z
2026-08-10T05:25:30Z,2026-08-10T07:25:30+0200,4362fe35-cfeb-4c3c-9399-26381c363872,2026-07-12T15:45:00Z,2026-07-12T17:45:00+0200,8169.99912,MW,DE,DE_LU,forecast_onshore_wind_generation,Wind Onshore,2026-08-10T05:27:26Z
2026-08-10T05:25:30Z,2026-08-10T07:25:30+0200,4362fe35-cfeb-4c3c-9399-26381c363872,2026-07-12T16:00:00Z,2026-07-12T18:00:00+0200,8469.31926,MW,DE,DE_LU,forecast_onshore_wind_generation,Wind Onshore,2026-08-10T05:27:26Z
2026-08-10T05:25:30Z,2026-08-10T07:25:30+0200,4362fe35-cfeb-4c3c-9399-26381c363872,2026-07-12T16:15:00Z,2026-07-12T18:15:00+0200,8659.48399,MW,DE,DE_LU,forecast_onshore_wind_generation,Wind Onshore,2026-08-10T05:27:26Z
2026-08-10T05:25:30Z,2026-08-10T07:25:30+0200,4362fe35-cfeb-4c3c-9399-26381c363872,2026-07-12T16:30:00Z,2026-07-12T18:30:00+0200,8768.05774,MW,DE,DE_LU,forecast_onshore_wind_generation,Wind Onshore,2026-08-10T05:27:26Z
2026-08-10T05:25:30Z,2026-08-10T07:25:30+0200,4362fe35-cfeb-4c3c-9399-26381c363872,2026-07-12T16:45:00Z,2026-07-12T18:45:00+0200,8852.15506,MW,DE,DE_LU,forecast_onshore_wind_generation,Wind Onshore,2026-08-10T05:27:26Z
2026-08-10T05:25:30Z,2026-08-10T07:25:30+0200,4362fe35-cfeb-4c3c-9399-26381c363872,2026-07-12T17:00:00Z,2026-07-12T19:00:00+0200,8870.17692,MW,DE,DE_LU,forecast_onshore_wind_generation,Wind Onshore,2026-08-10T05:27:26Z
2026-08-10T05:25:30Z,2026-08-10T07:25:30+0200,4362fe35-cfeb-4c3c-9399-26381c363872,2026-07-12T17:15:00Z,2026-07-12T19:15:00+0200,8835.07126,MW,DE,DE_LU,forecast_onshore_wind_generation,Wind Onshore,2026-08-10T05:27:26Z
2026-08-10T05:25:30Z,2026-08-10T07:25:30+0200,4362fe35-cfeb-4c3c-9399-26381c363872,2026-07-12T17:30:00Z,2026-07-12T19:30:00+0200,8790.76102,MW,DE,DE_LU,forecast_onshore_wind_generation,Wind Onshore,2026-08-10T05:27:26Z
2026-08-10T05:25:30Z,2026-08-10T07:25:30+0200,4362fe35-cfeb-4c3c-9399-26381c363872,2026-07-12T17:45:00Z,2026-07-12T19:45:00+0200,8782.37201,MW,DE,DE_LU,forecast_onshore_wind_generation,Wind Onshore,2026-08-10T05:27:26Z
2026-08-10T05:25:30Z,2026-08-10T07:25:30+0200,4362fe35-cfeb-4c3c-9399-26381c363872,2026-07-12T18:00:00Z,2026-07-12T20:00:00+0200,8772.00763,MW,DE,DE_LU,forecast_onshore_wind_generation,Wind Onshore,2026-08-10T05:27:26Z
2026-08-10T05:25:30Z,2026-08-10T07:25:30+0200,4362fe35-cfeb-4c3c-9399-26381c363872,2026-07-12T18:15:00Z,2026-07-12T20:15:00+0200,8851.89245,MW,DE,DE_LU,forecast_onshore_wind_generation,Wind Onshore,2026-08-10T05:27:26Z
2026-08-10T05:25:30Z,2026-08-10T07:25:30+0200,4362fe35-cfeb-4c3c-9399-26381c363872,2026-07-12T18:30:00Z,2026-07-12T20:30:00+0200,8919.49221,MW,DE,DE_LU,forecast_onshore_wind_generation,Wind Onshore,2026-08-10T05:27:26Z
2026-08-10T05:25:30Z,2026-08-10T07:25:30+0200,4362fe35-cfeb-4c3c-9399-26381c363872,2026-07-12T18:45:00Z,2026-07-12T20:45:00+0200,8978.88595,MW,DE,DE_LU,forecast_onshore_wind_generation,Wind Onshore,2026-08-10T05:27:26Z
2026-08-10T05:25:30Z,2026-08-10T07:25:30+0200,4362fe35-cfeb-4c3c-9399-26381c363872,2026-07-12T19:00:00Z,2026-07-12T21:00:00+0200,8999.38923,MW,DE,DE_LU,forecast_onshore_wind_generation,Wind Onshore,2026-08-10T05:27:26Z
2026-08-10T05:25:30Z,2026-08-10T07:25:30+0200,4362fe35-cfeb-4c3c-9399-26381c363872,2026-07-12T19:15:00Z,2026-07-12T21:15:00+0200,9119.0271,MW,DE,DE_LU,forecast_onshore_wind_generation,Wind Onshore,2026-08-10T05:27:26Z
2026-08-10T05:25:30Z,2026-08-10T07:25:30+0200,4362fe35-cfeb-4c3c-9399-26381c363872,2026-07-12T19:30:00Z,2026-07-12T21:30:00+0200,9300.89403,MW,DE,DE_LU,forecast_onshore_wind_generation,Wind Onshore,2026-08-10T05:27:26Z
2026-08-10T05:25:30Z,2026-08-10T07:25:30+0200,4362fe35-cfeb-4c3c-9399-26381c363872,2026-07-12T19:45:00Z,2026-07-12T21:45:00+0200,9461.42276,MW,DE,DE_LU,forecast_onshore_wind_generation,Wind Onshore,2026-08-10T05:27:26Z
2026-08-10T05:25:30Z,2026-08-10T07:25:30+0200,4362fe35-cfeb-4c3c-9399-26381c363872,2026-07-12T20:00:00Z,2026-07-12T22:00:00+0200,9558.33187,MW,DE,DE_LU,forecast_onshore_wind_generation,Wind Onshore,2026-08-10T05:27:26Z
2026-08-10T05:25:30Z,2026-08-10T07:25:30+0200,4362fe35-cfeb-4c3c-9399-26381c363872,2026-07-12T20:15:00Z,2026-07-12T22:15:00+0200,9533.69411,MW,DE,DE_LU,forecast_onshore_wind_generation,Wind Onshore,2026-08-10T05:27:26Z
2026-08-10T05:25:30Z,2026-08-10T07:25:30+0200,4362fe35-cfeb-4c3c-9399-26381c363872,2026-07-12T20:30:00Z,2026-07-12T22:30:00+0200,9503.99469,MW,DE,DE_LU,forecast_onshore_wind_generation,Wind Onshore,2026-08-10T05:27:26Z
2026-08-10T05:25:30Z,2026-08-10T07:25:30+0200,4362fe35-cfeb-4c3c-9399-26381c363872,2026-07-12T20:45:00Z,2026-07-12T22:45:00+0200,9452.95086,MW,DE,DE_LU,forecast_onshore_wind_generation,Wind Onshore,2026-08-10T05:27:26Z
2026-08-10T05:25:30Z,2026-08-10T07:25:30+0200,4362fe35-cfeb-4c3c-9399-26381c363872,2026-07-12T21:00:00Z,2026-07-12T23:00:00+0200,9389.62704,MW,DE,DE_LU,forecast_onshore_wind_generation,Wind Onshore,2026-08-10T05:27:26Z
2026-08-10T05:25:30Z,2026-08-10T07:25:30+0200,4362fe35-cfeb-4c3c-9399-26381c363872,2026-07-12T21:15:00Z,2026-07-12T23:15:00+0200,9143.82525,MW,DE,DE_LU,forecast_onshore_wind_generation,Wind Onshore,2026-08-10T05:27:26Z
2026-08-10T05:25:30Z,2026-08-10T07:25:30+0200,4362fe35-cfeb-4c3c-9399-26381c363872,2026-07-12T21:30:00Z,2026-07-12T23:30:00+0200,8894.45846,MW,DE,DE_LU,forecast_onshore_wind_generation,Wind Onshore,2026-08-10T05:27:26Z
2026-08-10T05:25:30Z,2026-08-10T07:25:30+0200,4362fe35-cfeb-4c3c-9399-26381c363872,2026-07-12T21:45:00Z,2026-07-12T23:45:00+0200,8633.7006,MW,DE,DE_LU,forecast_onshore_wind_generation,Wind Onshore,2026-08-10T05:27:26Z
2026-08-10T05:25:30Z,2026-08-10T07:25:30+0200,4362fe35-cfeb-4c3c-9399-26381c363872,2026-07-12T22:00:00Z,2026-07-13T00:00:00+0200,8407.80498,MW,DE,DE_LU,forecast_onshore_wind_generation,Wind Onshore,2026-08-10T05:27:26Z
2026-08-10T05:25:30Z,2026-08-10T07:25:30+0200,4362fe35-cfeb-4c3c-9399-26381c363872,2026-07-12T22:15:00Z,2026-07-13T00:15:00+0200,8080.90869,MW,DE,DE_LU,forecast_onshore_wind_generation,Wind Onshore,2026-08-10T05:27:26Z
2026-08-10T05:25:30Z,2026-08-10T07:25:30+0200,4362fe35-cfeb-4c3c-9399-26381c363872,2026-07-12T22:30:00Z,2026-07-13T00:30:00+0200,7752.41231,MW,DE,DE_LU,forecast_onshore_wind_generation,Wind Onshore,2026-08-10T05:27:26Z
2026-08-10T05:25:30Z,2026-08-10T07:25:30+0200,4362fe35-cfeb-4c3c-9399-26381c363872,2026-07-12T22:45:00Z,2026-07-13T00:45:00+0200,7420.94581,MW,DE,DE_LU,forecast_onshore_wind_generation,Wind Onshore,2026-08-10T05:27:26Z
2026-08-10T05:25:30Z,2026-08-10T07:25:30+0200,4362fe35-cfeb-4c3c-9399-26381c363872,2026-07-12T23:00:00Z,2026-07-13T01:00:00+0200,7098.34843,MW,DE,DE_LU,forecast_onshore_wind_generation,Wind Onshore,2026-08-10T05:27:26Z
2026-08-10T05:25:30Z,2026-08-10T07:25:30+0200,4362fe35-cfeb-4c3c-9399-26381c363872,2026-07-12T23:15:00Z,2026-07-13T01:15:00+0200,6849.00794,MW,DE,DE_LU,forecast_onshore_wind_generation,Wind Onshore,2026-08-10T05:27:26Z
2026-08-10T05:25:30Z,2026-08-10T07:25:30+0200,4362fe35-cfeb-4c3c-9399-26381c363872,2026-07-12T23:30:00Z,2026-07-13T01:30:00+0200,6610.35631,MW,DE,DE_LU,forecast_onshore_wind_generation,Wind Onshore,2026-08-10T05:27:26Z
2026-08-10T05:25:30Z,2026-08-10T07:25:30+0200,4362fe35-cfeb-4c3c-9399-26381c363872,2026-07-12T23:45:00Z,2026-07-13T01:45:00+0200,6396.2108,MW,DE,DE_LU,forecast_onshore_wind_generation,Wind Onshore,2026-08-10T05:27:26Z
2026-08-10T05:25:30Z,2026-08-10T07:25:30+0200,4362fe35-cfeb-4c3c-9399-26381c363872,2026-07-13T00:00:00Z,2026-07-13T02:00:00+0200,6226.22492,MW,DE,DE_LU,forecast_onshore_wind_generation,Wind Onshore,2026-08-10T05:27:26Z
2026-08-10T05:25:30Z,2026-08-10T07:25:30+0200,4362fe35-cfeb-4c3c-9399-26381c363872,2026-07-13T00:15:00Z,2026-07-13T02:15:00+0200,6082.64078,MW,DE,DE_LU,forecast_onshore_wind_generation,Wind Onshore,2026-08-10T05:27:26Z
2026-08-10T05:25:30Z,2026-08-10T07:25:30+0200,4362fe35-cfeb-4c3c-9399-26381c363872,2026-07-13T00:30:00Z,2026-07-13T02:30:00+0200,5924.32414,MW,DE,DE_LU,forecast_onshore_wind_generation,Wind Onshore,2026-08-10T05:27:26Z
2026-08-10T05:25:30Z,2026-08-10T07:25:30+0200,4362fe35-cfeb-4c3c-9399-26381c363872,2026-07-13T00:45:00Z,2026-07-13T02:45:00+0200,5766.26469,MW,DE,DE_LU,forecast_onshore_wind_generation,Wind Onshore,2026-08-10T05:27:26Z
2026-08-10T05:25:30Z,2026-08-10T07:25:30+0200,4362fe35-cfeb-4c3c-9399-26381c363872,2026-07-13T01:00:00Z,2026-07-13T03:00:00+0200,5608.06102,MW,DE,DE_LU,forecast_onshore_wind_generation,Wind Onshore,2026-08-10T05:27:26Z
2026-08-10T05:25:30Z,2026-08-10T07:25:30+0200,4362fe35-cfeb-4c3c-9399-26381c363872,2026-07-13T01:15:00Z,2026-07-13T03:15:00+0200,5489.73917,MW,DE,DE_LU,forecast_onshore_wind_generation,Wind Onshore,2026-08-10T05:27:26Z
2026-08-10T05:25:30Z,2026-08-10T07:25:30+0200,4362fe35-cfeb-4c3c-9399-26381c363872,2026-07-13T01:30:00Z,2026-07-13T03:30:00+0200,5370.19465,MW,DE,DE_LU,forecast_onshore_wind_generation,Wind Onshore,2026-08-10T05:27:26Z
2026-08-10T05:25:30Z,2026-08-10T07:25:30+0200,4362fe35-cfeb-4c3c-9399-26381c363872,2026-07-13T01:45:00Z,2026-07-13T03:45:00+0200,5251.77212,MW,DE,DE_LU,forecast_onshore_wind_generation,Wind Onshore,2026-08-10T05:27:26Z
2026-08-10T05:25:30Z,2026-08-10T07:25:30+0200,4362fe35-cfeb-4c3c-9399-26381c363872,2026-07-13T02:00:00Z,2026-07-13T04:00:00+0200,5125.93545,MW,DE,DE_LU,forecast_onshore_wind_generation,Wind Onshore,2026-08-10T05:27:26Z
2026-08-10T05:25:30Z,2026-08-10T07:25:30+0200,4362fe35-cfeb-4c3c-9399-26381c363872,2026-07-13T02:15:00Z,2026-07-13T04:15:00+0200,5010.9175,MW,DE,DE_LU,forecast_onshore_wind_generation,Wind Onshore,2026-08-10T05:27:26Z
2026-08-10T05:25:30Z,2026-08-10T07:25:30+0200,4362fe35-cfeb-4c3c-9399-26381c363872,2026-07-13T02:30:00Z,2026-07-13T04:30:00+0200,4894.37988,MW,DE,DE_LU,forecast_onshore_wind_generation,Wind Onshore,2026-08-10T05:27:26Z
2026-08-10T05:25:30Z,2026-08-10T07:25:30+0200,4362fe35-cfeb-4c3c-9399-26381c363872,2026-07-13T02:45:00Z,2026-07-13T04:45:00+0200,4786.81391,MW,DE,DE_LU,forecast_onshore_wind_generation,Wind Onshore,2026-08-10T05:27:26Z
2026-08-10T05:25:30Z,2026-08-10T07:25:30+0200,4362fe35-cfeb-4c3c-9399-26381c363872,2026-07-13T03:00:00Z,2026-07-13T05:00:00+0200,4681.92219,MW,DE,DE_LU,forecast_onshore_wind_generation,Wind Onshore,2026-08-10T05:27:26Z
2026-08-10T05:25:30Z,2026-08-10T07:25:30+0200,4362fe35-cfeb-4c3c-9399-26381c363872,2026-07-13T03:15:00Z,2026-07-13T05:15:00+0200,4594.07744,MW,DE,DE_LU,forecast_onshore_wind_generation,Wind Onshore,2026-08-10T05:27:26Z
2026-08-10T05:25:30Z,2026-08-10T07:25:30+0200,4362fe35-cfeb-4c3c-9399-26381c363872,2026-07-13T03:30:00Z,2026-07-13T05:30:00+0200,4499.21675,MW,DE,DE_LU,forecast_onshore_wind_generation,Wind Onshore,2026-08-10T05:27:26Z
2026-08-10T05:25:30Z,2026-08-10T07:25:30+0200,4362fe35-cfeb-4c3c-9399-26381c363872,2026-07-13T03:45:00Z,2026-07-13T05:45:00+0200,4408.53312,MW,DE,DE_LU,forecast_onshore_wind_generation,Wind Onshore,2026-08-10T05:27:26Z
2026-08-10T05:25:30Z,2026-08-10T07:25:30+0200,4362fe35-cfeb-4c3c-9399-26381c363872,2026-07-13T04:00:00Z,2026-07-13T06:00:00+0200,4325.4225,MW,DE,DE_LU,forecast_onshore_wind_generation,Wind Onshore,2026-08-10T05:27:26Z
2026-08-10T05:25:30Z,2026-08-10T07:25:30+0200,4362fe35-cfeb-4c3c-9399-26381c363872,2026-07-13T04:15:00Z,2026-07-13T06:15:00+0200,4159.48738,MW,DE,DE_LU,forecast_onshore_wind_generation,Wind Onshore,2026-08-10T05:27:26Z
2026-08-10T05:25:30Z,2026-08-10T07:25:30+0200,4362fe35-cfeb-4c3c-9399-26381c363872,2026-07-13T04:30:00Z,2026-07-13T06:30:00+0200,3992.03418,MW,DE,DE_LU,forecast_onshore_wind_generation,Wind Onshore,2026-08-10T05:27:26Z
2026-08-10T05:25:30Z,2026-08-10T07:25:30+0200,4362fe35-cfeb-4c3c-9399-26381c363872,2026-07-13T04:45:00Z,2026-07-13T06:45:00+0200,3822.67096,MW,DE,DE_LU,forecast_onshore_wind_generation,Wind Onshore,2026-08-10T05:27:26Z
2026-08-10T05:25:30Z,2026-08-10T07:25:30+0200,4362fe35-cfeb-4c3c-9399-26381c363872,2026-07-13T05:00:00Z,2026-07-13T07:00:00+0200,3646.0784,MW,DE,DE_LU,forecast_onshore_wind_generation,Wind Onshore,2026-08-10T05:27:26Z
2026-08-10T05:25:30Z,2026-08-10T07:25:30+0200,4362fe35-cfeb-4c3c-9399-26381c363872,2026-07-13T05:15:00Z,2026-07-13T07:15:00+0200,3347.93709,MW,DE,DE_LU,forecast_onshore_wind_generation,Wind Onshore,2026-08-10T05:27:26Z
2026-08-10T05:25:30Z,2026-08-10T07:25:30+0200,4362fe35-cfeb-4c3c-9399-26381c363872,2026-07-13T05:30:00Z,2026-07-13T07:30:00+0200,3051.01047,MW,DE,DE_LU,forecast_onshore_wind_generation,Wind Onshore,2026-08-10T05:27:26Z
2026-08-10T05:25:30Z,2026-08-10T07:25:30+0200,4362fe35-cfeb-4c3c-9399-26381c363872,2026-07-13T05:45:00Z,2026-07-13T07:45:00+0200,2775.89982,MW,DE,DE_LU,forecast_onshore_wind_generation,Wind Onshore,2026-08-10T05:27:26Z
2026-08-10T05:25:30Z,2026-08-10T07:25:30+0200,4362fe35-cfeb-4c3c-9399-26381c363872,2026-07-13T06:00:00Z,2026-07-13T08:00:00+0200,2537.09048,MW,DE,DE_LU,forecast_onshore_wind_generation,Wind Onshore,2026-08-10T05:27:26Z
2026-08-10T05:25:30Z,2026-08-10T07:25:30+0200,4362fe35-cfeb-4c3c-9399-26381c363872,2026-07-13T06:15:00Z,2026-07-13T08:15:00+0200,2333.74056,MW,DE,DE_LU,forecast_onshore_wind_generation,Wind Onshore,2026-08-10T05:27:26Z
2026-08-10T05:25:30Z,2026-08-10T07:25:30+0200,4362fe35-cfeb-4c3c-9399-26381c363872,2026-07-13T06:30:00Z,2026-07-13T08:30:00+0200,2131.65988,MW,DE,DE_LU,forecast_onshore_wind_generation,Wind Onshore,2026-08-10T05:27:26Z
2026-08-10T05:25:30Z,2026-08-10T07:25:30+0200,4362fe35-cfeb-4c3c-9399-26381c363872,2026-07-13T06:45:00Z,2026-07-13T08:45:00+0200,1944.17418,MW,DE,DE_LU,forecast_onshore_wind_generation,Wind Onshore,2026-08-10T05:27:26Z
2026-08-10T05:25:30Z,2026-08-10T07:25:30+0200,4362fe35-cfeb-4c3c-9399-26381c363872,2026-07-13T07:00:00Z,2026-07-13T09:00:00+0200,1785.6622,MW,DE,DE_LU,forecast_onshore_wind_generation,Wind Onshore,2026-08-10T05:27:26Z
2026-08-10T05:25:30Z,2026-08-10T07:25:30+0200,4362fe35-cfeb-4c3c-9399-26381c363872,2026-07-13T07:15:00Z,2026-07-13T09:15:00+0200,1852.68235,MW,DE,DE_LU,forecast_onshore_wind_generation,Wind Onshore,2026-08-10T05:27:26Z
2026-08-10T05:25:30Z,2026-08-10T07:25:30+0200,4362fe35-cfeb-4c3c-9399-26381c363872,2026-07-13T07:30:00Z,2026-07-13T09:30:00+0200,1926.86156,MW,DE,DE_LU,forecast_onshore_wind_generation,Wind Onshore,2026-08-10T05:27:26Z
2026-08-10T05:25:30Z,2026-08-10T07:25:30+0200,4362fe35-cfeb-4c3c-9399-26381c363872,2026-07-13T07:45:00Z,2026-07-13T09:45:00+0200,2008.28037,MW,DE,DE_LU,forecast_onshore_wind_generation,Wind Onshore,2026-08-10T05:27:26Z
2026-08-10T05:25:30Z,2026-08-10T07:25:30+0200,4362fe35-cfeb-4c3c-9399-26381c363872,2026-07-13T08:00:00Z,2026-07-13T10:00:00+0200,2086.87048,MW,DE,DE_LU,forecast_onshore_wind_generation,Wind Onshore,2026-08-10T05:27:26Z
2026-08-10T05:25:30Z,2026-08-10T07:25:30+0200,4362fe35-cfeb-4c3c-9399-26381c363872,2026-07-13T08:15:00Z,2026-07-13T10:15:00+0200,2187.74508,MW,DE,DE_LU,forecast_onshore_wind_generation,Wind Onshore,2026-08-10T05:27:26Z
2026-08-10T05:25:30Z,2026-08-10T07:25:30+0200,4362fe35-cfeb-4c3c-9399-26381c363872,2026-07-13T08:30:00Z,2026-07-13T10:30:00+0200,2293.48896,MW,DE,DE_LU,forecast_onshore_wind_generation,Wind Onshore,2026-08-10T05:27:26Z
2026-08-10T05:25:30Z,2026-08-10T07:25:30+0200,4362fe35-cfeb-4c3c-9399-26381c363872,2026-07-13T08:45:00Z,2026-07-13T10:45:00+0200,2386.69993,MW,DE,DE_LU,forecast_onshore_wind_generation,Wind Onshore,2026-08-10T05:27:26Z
2026-08-10T05:25:30Z,2026-08-10T07:25:30+0200,4362fe35-cfeb-4c3c-9399-26381c363872,2026-07-13T09:00:00Z,2026-07-13T11:00:00+0200,2479.5559,MW,DE,DE_LU,forecast_onshore_wind_generation,Wind Onshore,2026-08-10T05:27:26Z
2026-08-10T05:25:30Z,2026-08-10T07:25:30+0200,4362fe35-cfeb-4c3c-9399-26381c363872,2026-07-13T09:15:00Z,2026-07-13T11:15:00+0200,2594.58462,MW,DE,DE_LU,forecast_onshore_wind_generation,Wind Onshore,2026-08-10T05:27:26Z
2026-08-10T05:25:30Z,2026-08-10T07:25:30+0200,4362fe35-cfeb-4c3c-9399-26381c363872,2026-07-13T09:30:00Z,2026-07-13T11:30:00+0200,2710.21641,MW,DE,DE_LU,forecast_onshore_wind_generation,Wind Onshore,2026-08-10T05:27:26Z
2026-08-10T05:25:30Z,2026-08-10T07:25:30+0200,4362fe35-cfeb-4c3c-9399-26381c363872,2026-07-13T09:45:00Z,2026-07-13T11:45:00+0200,2821.90706,MW,DE,DE_LU,forecast_onshore_wind_generation,Wind Onshore,2026-08-10T05:27:26Z
2026-08-10T05:25:30Z,2026-08-10T07:25:30+0200,4362fe35-cfeb-4c3c-9399-26381c363872,2026-07-13T10:00:00Z,2026-07-13T12:00:00+0200,2933.10109,MW,DE,DE_LU,forecast_onshore_wind_generation,Wind Onshore,2026-08-10T05:27:26Z
2026-08-10T05:25:30Z,2026-08-10T07:25:30+0200,4362fe35-cfeb-4c3c-9399-26381c363872,2026-07-13T10:15:00Z,2026-07-13T12:15:00+0200,3013.88864,MW,DE,DE_LU,forecast_onshore_wind_generation,Wind Onshore,2026-08-10T05:27:26Z
2026-08-10T05:25:30Z,2026-08-10T07:25:30+0200,4362fe35-cfeb-4c3c-9399-26381c363872,2026-07-13T10:30:00Z,2026-07-13T12:30:00+0200,3095.74247,MW,DE,DE_LU,forecast_onshore_wind_generation,Wind Onshore,2026-08-10T05:27:26Z
2026-08-10T05:25:30Z,2026-08-10T07:25:30+0200,4362fe35-cfeb-4c3c-9399-26381c363872,2026-07-13T10:45:00Z,2026-07-13T12:45:00+0200,3170.74807,MW,DE,DE_LU,forecast_onshore_wind_generation,Wind Onshore,2026-08-10T05:27:26Z
2026-08-10T05:25:30Z,2026-08-10T07:25:30+0200,4362fe35-cfeb-4c3c-9399-26381c363872,2026-07-13T11:00:00Z,2026-07-13T13:00:00+0200,3243.08691,MW,DE,DE_LU,forecast_onshore_wind_generation,Wind Onshore,2026-08-10T05:27:26Z
2026-08-10T05:25:30Z,2026-08-10T07:25:30+0200,4362fe35-cfeb-4c3c-9399-26381c363872,2026-07-13T11:15:00Z,2026-07-13T13:15:00+0200,3291.32013,MW,DE,DE_LU,forecast_onshore_wind_generation,Wind Onshore,2026-08-10T05:27:26Z
2026-08-10T05:25:30Z,2026-08-10T07:25:30+0200,4362fe35-cfeb-4c3c-9399-26381c363872,2026-07-13T11:30:00Z,2026-07-13T13:30:00+0200,3343.15533,MW,DE,DE_LU,forecast_onshore_wind_generation,Wind Onshore,2026-08-10T05:27:26Z
2026-08-10T05:25:30Z,2026-08-10T07:25:30+0200,4362fe35-cfeb-4c3c-9399-26381c363872,2026-07-13T11:45:00Z,2026-07-13T13:45:00+0200,3401.73657,MW,DE,DE_LU,forecast_onshore_wind_generation,Wind Onshore,2026-08-10T05:27:26Z
2026-08-10T05:25:30Z,2026-08-10T07:25:30+0200,4362fe35-cfeb-4c3c-9399-26381c363872,2026-07-13T12:00:00Z,2026-07-13T14:00:00+0200,3470.22629,MW,DE,DE_LU,forecast_onshore_wind_generation,Wind Onshore,2026-08-10T05:27:26Z
2026-08-10T05:25:30Z,2026-08-10T07:25:30+0200,4362fe35-cfeb-4c3c-9399-26381c363872,2026-07-13T12:15:00Z,2026-07-13T14:15:00+0200,3527.58497,MW,DE,DE_LU,forecast_onshore_wind_generation,Wind Onshore,2026-08-10T05:27:26Z
2026-08-10T05:25:30Z,2026-08-10T07:25:30+0200,4362fe35-cfeb-4c3c-9399-26381c363872,2026-07-13T12:30:00Z,2026-07-13T14:30:00+0200,3578.71448,MW,DE,DE_LU,forecast_onshore_wind_generation,Wind Onshore,2026-08-10T05:27:26Z
2026-08-10T05:25:30Z,2026-08-10T07:25:30+0200,4362fe35-cfeb-4c3c-9399-26381c363872,2026-07-13T12:45:00Z,2026-07-13T14:45:00+0200,3623.92062,MW,DE,DE_LU,forecast_onshore_wind_generation,Wind Onshore,2026-08-10T05:27:26Z
2026-08-10T05:25:30Z,2026-08-10T07:25:30+0200,4362fe35-cfeb-4c3c-9399-26381c363872,2026-07-13T13:00:00Z,2026-07-13T15:00:00+0200,3666.05979,MW,DE,DE_LU,forecast_onshore_wind_generation,Wind Onshore,2026-08-10T05:27:26Z
2026-08-10T05:25:30Z,2026-08-10T07:25:30+0200,4362fe35-cfeb-4c3c-9399-26381c363872,2026-07-13T13:15:00Z,2026-07-13T15:15:00+0200,3752.68287,MW,DE,DE_LU,forecast_onshore_wind_generation,Wind Onshore,2026-08-10T05:27:26Z
2026-08-10T05:25:30Z,2026-08-10T07:25:30+0200,4362fe35-cfeb-4c3c-9399-26381c363872,2026-07-13T13:30:00Z,2026-07-13T15:30:00+0200,3838.42745,MW,DE,DE_LU,forecast_onshore_wind_generation,Wind Onshore,2026-08-10T05:27:26Z
2026-08-10T05:25:30Z,2026-08-10T07:25:30+0200,4362fe35-cfeb-4c3c-9399-26381c363872,2026-07-13T13:45:00Z,2026-07-13T15:45:00+0200,3925.85539,MW,DE,DE_LU,forecast_onshore_wind_generation,Wind Onshore,2026-08-10T05:27:26Z
2026-08-10T05:25:30Z,2026-08-10T07:25:30+0200,4362fe35-cfeb-4c3c-9399-26381c363872,2026-07-13T14:00:00Z,2026-07-13T16:00:00+0200,4020.05479,MW,DE,DE_LU,forecast_onshore_wind_generation,Wind Onshore,2026-08-10T05:27:26Z
2026-08-10T05:25:30Z,2026-08-10T07:25:30+0200,4362fe35-cfeb-4c3c-9399-26381c363872,2026-07-13T14:15:00Z,2026-07-13T16:15:00+0200,4181.93464,MW,DE,DE_LU,forecast_onshore_wind_generation,Wind Onshore,2026-08-10T05:27:26Z
2026-08-10T05:25:30Z,2026-08-10T07:25:30+0200,4362fe35-cfeb-4c3c-9399-26381c363872,2026-07-13T14:30:00Z,2026-07-13T16:30:00+0200,4348.50711,MW,DE,DE_LU,forecast_onshore_wind_generation,Wind Onshore,2026-08-10T05:27:26Z
2026-08-10T05:25:30Z,2026-08-10T07:25:30+0200,4362fe35-cfeb-4c3c-9399-26381c363872,2026-07-13T14:45:00Z,2026-07-13T16:45:00+0200,4516.93139,MW,DE,DE_LU,forecast_onshore_wind_generation,Wind Onshore,2026-08-10T05:27:26Z
2026-08-10T05:25:30Z,2026-08-10T07:25:30+0200,4362fe35-cfeb-4c3c-9399-26381c363872,2026-07-13T15:00:00Z,2026-07-13T17:00:00+0200,4700.68076,MW,DE,DE_LU,forecast_onshore_wind_generation,Wind Onshore,2026-08-10T05:27:26Z
2026-08-10T05:25:30Z,2026-08-10T07:25:30+0200,4362fe35-cfeb-4c3c-9399-26381c363872,2026-07-13T15:15:00Z,2026-07-13T17:15:00+0200,4881.51168,MW,DE,DE_LU,forecast_onshore_wind_generation,Wind Onshore,2026-08-10T05:27:26Z
2026-08-10T05:25:30Z,2026-08-10T07:25:30+0200,4362fe35-cfeb-4c3c-9399-26381c363872,2026-07-13T15:30:00Z,2026-07-13T17:30:00+0200,5066.93171,MW,DE,DE_LU,forecast_onshore_wind_generation,Wind Onshore,2026-08-10T05:27:26Z
2026-08-10T05:25:30Z,2026-08-10T07:25:30+0200,4362fe35-cfeb-4c3c-9399-26381c363872,2026-07-13T15:45:00Z,2026-07-13T17:45:00+0200,5259.58769,MW,DE,DE_LU,forecast_onshore_wind_generation,Wind Onshore,2026-08-10T05:27:26Z
2026-08-10T05:25:30Z,2026-08-10T07:25:30+0200,4362fe35-cfeb-4c3c-9399-26381c363872,2026-07-13T16:00:00Z,2026-07-13T18:00:00+0200,5466.11429,MW,DE,DE_LU,forecast_onshore_wind_generation,Wind Onshore,2026-08-10T05:27:26Z
2026-08-10T05:25:30Z,2026-08-10T07:25:30+0200,4362fe35-cfeb-4c3c-9399-26381c363872,2026-07-13T16:15:00Z,2026-07-13T18:15:00+0200,5824.88715,MW,DE,DE_LU,forecast_onshore_wind_generation,Wind Onshore,2026-08-10T05:27:26Z
2026-08-10T05:25:30Z,2026-08-10T07:25:30+0200,4362fe35-cfeb-4c3c-9399-26381c363872,2026-07-13T16:30:00Z,2026-07-13T18:30:00+0200,6195.60888,MW,DE,DE_LU,forecast_onshore_wind_generation,Wind Onshore,2026-08-10T05:27:26Z
2026-08-10T05:25:30Z,2026-08-10T07:25:30+0200,4362fe35-cfeb-4c3c-9399-26381c363872,2026-07-13T16:45:00Z,2026-07-13T18:45:00+0200,6579.74131,MW,DE,DE_LU,forecast_onshore_wind_generation,Wind Onshore,2026-08-10T05:27:26Z
2026-08-10T05:25:30Z,2026-08-10T07:25:30+0200,4362fe35-cfeb-4c3c-9399-26381c363872,2026-07-13T17:00:00Z,2026-07-13T19:00:00+0200,6967.3771,MW,DE,DE_LU,forecast_onshore_wind_generation,Wind Onshore,2026-08-10T05:27:26Z
2026-08-10T05:25:30Z,2026-08-10T07:25:30+0200,4362fe35-cfeb-4c3c-9399-26381c363872,2026-07-13T17:15:00Z,2026-07-13T19:15:00+0200,7365.44483,MW,DE,DE_LU,forecast_onshore_wind_generation,Wind Onshore,2026-08-10T05:27:26Z
2026-08-10T05:25:30Z,2026-08-10T07:25:30+0200,4362fe35-cfeb-4c3c-9399-26381c363872,2026-07-13T17:30:00Z,2026-07-13T19:30:00+0200,7766.48537,MW,DE,DE_LU,forecast_onshore_wind_generation,Wind Onshore,2026-08-10T05:27:26Z
2026-08-10T05:25:30Z,2026-08-10T07:25:30+0200,4362fe35-cfeb-4c3c-9399-26381c363872,2026-07-13T17:45:00Z,2026-07-13T19:45:00+0200,8187.40226,MW,DE,DE_LU,forecast_onshore_wind_generation,Wind Onshore,2026-08-10T05:27:26Z
2026-08-10T05:25:30Z,2026-08-10T07:25:30+0200,4362fe35-cfeb-4c3c-9399-26381c363872,2026-07-13T18:00:00Z,2026-07-13T20:00:00+0200,8612.98473,MW,DE,DE_LU,forecast_onshore_wind_generation,Wind Onshore,2026-08-10T05:27:26Z
2026-08-10T05:25:30Z,2026-08-10T07:25:30+0200,4362fe35-cfeb-4c3c-9399-26381c363872,2026-07-13T18:15:00Z,2026-07-13T20:15:00+0200,9192.92595,MW,DE,DE_LU,forecast_onshore_wind_generation,Wind Onshore,2026-08-10T05:27:26Z
2026-08-10T05:25:30Z,2026-08-10T07:25:30+0200,4362fe35-cfeb-4c3c-9399-26381c363872,2026-07-13T18:30:00Z,2026-07-13T20:30:00+0200,9774.297,MW,DE,DE_LU,forecast_onshore_wind_generation,Wind Onshore,2026-08-10T05:27:26Z
2026-08-10T05:25:30Z,2026-08-10T07:25:30+0200,4362fe35-cfeb-4c3c-9399-26381c363872,2026-07-13T18:45:00Z,2026-07-13T20:45:00+0200,10345.61567,MW,DE,DE_LU,forecast_onshore_wind_generation,Wind Onshore,2026-08-10T05:27:26Z
2026-08-10T05:25:30Z,2026-08-10T07:25:30+0200,4362fe35-cfeb-4c3c-9399-26381c363872,2026-07-13T19:00:00Z,2026-07-13T21:00:00+0200,10921.99203,MW,DE,DE_LU,forecast_onshore_wind_generation,Wind Onshore,2026-08-10T05:27:26Z
2026-08-10T05:25:30Z,2026-08-10T07:25:30+0200,4362fe35-cfeb-4c3c-9399-26381c363872,2026-07-13T19:15:00Z,2026-07-13T21:15:00+0200,11655.29649,MW,DE,DE_LU,forecast_onshore_wind_generation,Wind Onshore,2026-08-10T05:27:26Z
2026-08-10T05:25:30Z,2026-08-10T07:25:30+0200,4362fe35-cfeb-4c3c-9399-26381c363872,2026-07-13T19:30:00Z,2026-07-13T21:30:00+0200,12479.15334,MW,DE,DE_LU,forecast_onshore_wind_generation,Wind Onshore,2026-08-10T05:27:26Z
2026-08-10T05:25:30Z,2026-08-10T07:25:30+0200,4362fe35-cfeb-4c3c-9399-26381c363872,2026-07-13T19:45:00Z,2026-07-13T21:45:00+0200,13277.2386,MW,DE,DE_LU,forecast_onshore_wind_generation,Wind Onshore,2026-08-10T05:27:26Z
2026-08-10T05:25:30Z,2026-08-10T07:25:30+0200,4362fe35-cfeb-4c3c-9399-26381c363872,2026-07-13T20:00:00Z,2026-07-13T22:00:00+0200,13898.07304,MW,DE,DE_LU,forecast_onshore_wind_generation,Wind Onshore,2026-08-10T05:27:26Z
2026-08-10T05:25:30Z,2026-08-10T07:25:30+0200,4362fe35-cfeb-4c3c-9399-26381c363872,2026-07-13T20:15:00Z,2026-07-13T22:15:00+0200,14240.91556,MW,DE,DE_LU,forecast_onshore_wind_generation,Wind Onshore,2026-08-10T05:27:26Z
2026-08-10T05:25:30Z,2026-08-10T07:25:30+0200,4362fe35-cfeb-4c3c-9399-26381c363872,2026-07-13T20:30:00Z,2026-07-13T22:30:00+0200,14564.15039,MW,DE,DE_LU,forecast_onshore_wind_generation,Wind Onshore,2026-08-10T05:27:26Z
2026-08-10T05:25:30Z,2026-08-10T07:25:30+0200,4362fe35-cfeb-4c3c-9399-26381c363872,2026-07-13T20:45:00Z,2026-07-13T22:45:00+0200,14862.85855,MW,DE,DE_LU,forecast_onshore_wind_generation,Wind Onshore,2026-08-10T05:27:26Z
2026-08-10T05:25:30Z,2026-08-10T07:25:30+0200,4362fe35-cfeb-4c3c-9399-26381c363872,2026-07-13T21:00:00Z,2026-07-13T23:00:00+0200,15125.08393,MW,DE,DE_LU,forecast_onshore_wind_generation,Wind Onshore,2026-08-10T05:27:26Z
2026-08-10T05:25:30Z,2026-08-10T07:25:30+0200,4362fe35-cfeb-4c3c-9399-26381c363872,2026-07-13T21:15:00Z,2026-07-13T23:15:00+0200,15094.119,MW,DE,DE_LU,forecast_onshore_wind_generation,Wind Onshore,2026-08-10T05:27:26Z
2026-08-10T05:25:30Z,2026-08-10T07:25:30+0200,4362fe35-cfeb-4c3c-9399-26381c363872,2026-07-13T21:30:00Z,2026-07-13T23:30:00+0200,15058.81871,MW,DE,DE_LU,forecast_onshore_wind_generation,Wind Onshore,2026-08-10T05:27:26Z
2026-08-10T05:25:30Z,2026-08-10T07:25:30+0200,4362fe35-cfeb-4c3c-9399-26381c363872,2026-07-13T21:45:00Z,2026-07-13T23:45:00+0200,15005.7164,MW,DE,DE_LU,forecast_onshore_wind_generation,Wind Onshore,2026-08-10T05:27:26Z
2026-08-10T05:25:30Z,2026-08-10T07:25:30+0200,4362fe35-cfeb-4c3c-9399-26381c363872,2026-07-13T22:00:00Z,2026-07-14T00:00:00+0200,16080.87537,MW,DE,DE_LU,forecast_onshore_wind_generation,Wind Onshore,2026-08-10T05:27:26Z
2026-08-10T05:25:30Z,2026-08-10T07:25:30+0200,4362fe35-cfeb-4c3c-9399-26381c363872,2026-07-13T22:15:00Z,2026-07-14T00:15:00+0200,15768.30547,MW,DE,DE_LU,forecast_onshore_wind_generation,Wind Onshore,2026-08-10T05:27:26Z
2026-08-10T05:25:30Z,2026-08-10T07:25:30+0200,4362fe35-cfeb-4c3c-9399-26381c363872,2026-07-13T22:30:00Z,2026-07-14T00:30:00+0200,15499.43889,MW,DE,DE_LU,forecast_onshore_wind_generation,Wind Onshore,2026-08-10T05:27:26Z
2026-08-10T05:25:30Z,2026-08-10T07:25:30+0200,4362fe35-cfeb-4c3c-9399-26381c363872,2026-07-13T22:45:00Z,2026-07-14T00:45:00+0200,15212.80795,MW,DE,DE_LU,forecast_onshore_wind_generation,Wind Onshore,2026-08-10T05:27:26Z
2026-08-10T05:25:30Z,2026-08-10T07:25:30+0200,4362fe35-cfeb-4c3c-9399-26381c363872,2026-07-13T23:00:00Z,2026-07-14T01:00:00+0200,14940.00355,MW,DE,DE_LU,forecast_onshore_wind_generation,Wind Onshore,2026-08-10T05:27:26Z
2026-08-10T05:25:30Z,2026-08-10T07:25:30+0200,4362fe35-cfeb-4c3c-9399-26381c363872,2026-07-13T23:15:00Z,2026-07-14T01:15:00+0200,14660.96804,MW,DE,DE_LU,forecast_onshore_wind_generation,Wind Onshore,2026-08-10T05:27:26Z
2026-08-10T05:25:30Z,2026-08-10T07:25:30+0200,4362fe35-cfeb-4c3c-9399-26381c363872,2026-07-13T23:30:00Z,2026-07-14T01:30:00+0200,14380.56266,MW,DE,DE_LU,forecast_onshore_wind_generation,Wind Onshore,2026-08-10T05:27:26Z
2026-08-10T05:25:30Z,2026-08-10T07:25:30+0200,4362fe35-cfeb-4c3c-9399-26381c363872,2026-07-13T23:45:00Z,2026-07-14T01:45:00+0200,14111.02157,MW,DE,DE_LU,forecast_onshore_wind_generation,Wind Onshore,2026-08-10T05:27:26Z
2026-08-10T05:25:30Z,2026-08-10T07:25:30+0200,4362fe35-cfeb-4c3c-9399-26381c363872,2026-07-14T00:00:00Z,2026-07-14T02:00:00+0200,13814.8264,MW,DE,DE_LU,forecast_onshore_wind_generation,Wind Onshore,2026-08-10T05:27:26Z
2026-08-10T05:25:30Z,2026-08-10T07:25:30+0200,4362fe35-cfeb-4c3c-9399-26381c363872,2026-07-14T00:15:00Z,2026-07-14T02:15:00+0200,13564.62648,MW,DE,DE_LU,forecast_onshore_wind_generation,Wind Onshore,2026-08-10T05:27:26Z
2026-08-10T05:25:30Z,2026-08-10T07:25:30+0200,4362fe35-cfeb-4c3c-9399-26381c363872,2026-07-14T00:30:00Z,2026-07-14T02:30:00+0200,13327.59251,MW,DE,DE_LU,forecast_onshore_wind_generation,Wind Onshore,2026-08-10T05:27:26Z
2026-08-10T05:25:30Z,2026-08-10T07:25:30+0200,4362fe35-cfeb-4c3c-9399-26381c363872,2026-07-14T00:45:00Z,2026-07-14T02:45:00+0200,13070.09808,MW,DE,DE_LU,forecast_onshore_wind_generation,Wind Onshore,2026-08-10T05:27:26Z
2026-08-10T05:25:30Z,2026-08-10T07:25:30+0200,4362fe35-cfeb-4c3c-9399-26381c363872,2026-07-14T01:00:00Z,2026-07-14T03:00:00+0200,12808.52401,MW,DE,DE_LU,forecast_onshore_wind_generation,Wind Onshore,2026-08-10T05:27:26Z
2026-08-10T05:25:30Z,2026-08-10T07:25:30+0200,4362fe35-cfeb-4c3c-9399-26381c363872,2026-07-14T01:15:00Z,2026-07-14T03:15:00+0200,12651.21633,MW,DE,DE_LU,forecast_onshore_wind_generation,Wind Onshore,2026-08-10T05:27:26Z
2026-08-10T05:25:30Z,2026-08-10T07:25:30+0200,4362fe35-cfeb-4c3c-9399-26381c363872,2026-07-14T01:30:00Z,2026-07-14T03:30:00+0200,12497.47496,MW,DE,DE_LU,forecast_onshore_wind_generation,Wind Onshore,2026-08-10T05:27:26Z
2026-08-10T05:25:30Z,2026-08-10T07:25:30+0200,4362fe35-cfeb-4c3c-9399-26381c363872,2026-07-14T01:45:00Z,2026-07-14T03:45:00+0200,12355.96328,MW,DE,DE_LU,forecast_onshore_wind_generation,Wind Onshore,2026-08-10T05:27:26Z
2026-08-10T05:25:30Z,2026-08-10T07:25:30+0200,4362fe35-cfeb-4c3c-9399-26381c363872,2026-07-14T02:00:00Z,2026-07-14T04:00:00+0200,12228.63753,MW,DE,DE_LU,forecast_onshore_wind_generation,Wind Onshore,2026-08-10T05:27:26Z
2026-08-10T05:25:30Z,2026-08-10T07:25:30+0200,4362fe35-cfeb-4c3c-9399-26381c363872,2026-07-14T02:15:00Z,2026-07-14T04:15:00+0200,12116.75561,MW,DE,DE_LU,forecast_onshore_wind_generation,Wind Onshore,2026-08-10T05:27:26Z
2026-08-10T05:25:30Z,2026-08-10T07:25:30+0200,4362fe35-cfeb-4c3c-9399-26381c363872,2026-07-14T02:30:00Z,2026-07-14T04:30:00+0200,11997.27685,MW,DE,DE_LU,forecast_onshore_wind_generation,Wind Onshore,2026-08-10T05:27:26Z
2026-08-10T05:25:30Z,2026-08-10T07:25:30+0200,4362fe35-cfeb-4c3c-9399-26381c363872,2026-07-14T02:45:00Z,2026-07-14T04:45:00+0200,11884.54491,MW,DE,DE_LU,forecast_onshore_wind_generation,Wind Onshore,2026-08-10T05:27:26Z
2026-08-10T05:25:30Z,2026-08-10T07:25:30+0200,4362fe35-cfeb-4c3c-9399-26381c363872,2026-07-14T03:00:00Z,2026-07-14T05:00:00+0200,11780.4363,MW,DE,DE_LU,forecast_onshore_wind_generation,Wind Onshore,2026-08-10T05:27:26Z
2026-08-10T05:25:30Z,2026-08-10T07:25:30+0200,4362fe35-cfeb-4c3c-9399-26381c363872,2026-07-14T03:15:00Z,2026-07-14T05:15:00+0200,11657.49557,MW,DE,DE_LU,forecast_onshore_wind_generation,Wind Onshore,2026-08-10T05:27:26Z
2026-08-10T05:25:30Z,2026-08-10T07:25:30+0200,4362fe35-cfeb-4c3c-9399-26381c363872,2026-07-14T03:30:00Z,2026-07-14T05:30:00+0200,11582.35006,MW,DE,DE_LU,forecast_onshore_wind_generation,Wind Onshore,2026-08-10T05:27:26Z
2026-08-10T05:25:30Z,2026-08-10T07:25:30+0200,4362fe35-cfeb-4c3c-9399-26381c363872,2026-07-14T03:45:00Z,2026-07-14T05:45:00+0200,11507.41277,MW,DE,DE_LU,forecast_onshore_wind_generation,Wind Onshore,2026-08-10T05:27:26Z
2026-08-10T05:25:30Z,2026-08-10T07:25:30+0200,4362fe35-cfeb-4c3c-9399-26381c363872,2026-07-14T04:00:00Z,2026-07-14T06:00:00+0200,11471.60384,MW,DE,DE_LU,forecast_onshore_wind_generation,Wind Onshore,2026-08-10T05:27:26Z
2026-08-10T05:25:30Z,2026-08-10T07:25:30+0200,4362fe35-cfeb-4c3c-9399-26381c363872,2026-07-14T04:15:00Z,2026-07-14T06:15:00+0200,10996.78304,MW,DE,DE_LU,forecast_onshore_wind_generation,Wind Onshore,2026-08-10T05:27:26Z
2026-08-10T05:25:30Z,2026-08-10T07:25:30+0200,4362fe35-cfeb-4c3c-9399-26381c363872,2026-07-14T04:30:00Z,2026-07-14T06:30:00+0200,10512.46542,MW,DE,DE_LU,forecast_onshore_wind_generation,Wind Onshore,2026-08-10T05:27:26Z
2026-08-10T05:25:30Z,2026-08-10T07:25:30+0200,4362fe35-cfeb-4c3c-9399-26381c363872,2026-07-14T04:45:00Z,2026-07-14T06:45:00+0200,9970.65129,MW,DE,DE_LU,forecast_onshore_wind_generation,Wind Onshore,2026-08-10T05:27:26Z
2026-08-10T05:25:30Z,2026-08-10T07:25:30+0200,4362fe35-cfeb-4c3c-9399-26381c363872,2026-07-14T05:00:00Z,2026-07-14T07:00:00+0200,9360.45386,MW,DE,DE_LU,forecast_onshore_wind_generation,Wind Onshore,2026-08-10T05:27:26Z
2026-08-10T05:25:30Z,2026-08-10T07:25:30+0200,4362fe35-cfeb-4c3c-9399-26381c363872,2026-07-14T05:15:00Z,2026-07-14T07:15:00+0200,8517.52702,MW,DE,DE_LU,forecast_onshore_wind_generation,Wind Onshore,2026-08-10T05:27:26Z
2026-08-10T05:25:30Z,2026-08-10T07:25:30+0200,4362fe35-cfeb-4c3c-9399-26381c363872,2026-07-14T05:30:00Z,2026-07-14T07:30:00+0200,7693.76576,MW,DE,DE_LU,forecast_onshore_wind_generation,Wind Onshore,2026-08-10T05:27:26Z
2026-08-10T05:25:30Z,2026-08-10T07:25:30+0200,4362fe35-cfeb-4c3c-9399-26381c363872,2026-07-14T05:45:00Z,2026-07-14T07:45:00+0200,6911.43571,MW,DE,DE_LU,forecast_onshore_wind_generation,Wind Onshore,2026-08-10T05:27:26Z
2026-08-10T05:25:30Z,2026-08-10T07:25:30+0200,4362fe35-cfeb-4c3c-9399-26381c363872,2026-07-14T06:00:00Z,2026-07-14T08:00:00+0200,6336.67455,MW,DE,DE_LU,forecast_onshore_wind_generation,Wind Onshore,2026-08-10T05:27:26Z
2026-08-10T05:25:30Z,2026-08-10T07:25:30+0200,4362fe35-cfeb-4c3c-9399-26381c363872,2026-07-14T06:15:00Z,2026-07-14T08:15:00+0200,5938.75737,MW,DE,DE_LU,forecast_onshore_wind_generation,Wind Onshore,2026-08-10T05:27:26Z
2026-08-10T05:25:30Z,2026-08-10T07:25:30+0200,4362fe35-cfeb-4c3c-9399-26381c363872,2026-07-14T06:30:00Z,2026-07-14T08:30:00+0200,5608.75159,MW,DE,DE_LU,forecast_onshore_wind_generation,Wind Onshore,2026-08-10T05:27:26Z
2026-08-10T05:25:30Z,2026-08-10T07:25:30+0200,4362fe35-cfeb-4c3c-9399-26381c363872,2026-07-14T06:45:00Z,2026-07-14T08:45:00+0200,5324.2148,MW,DE,DE_LU,forecast_onshore_wind_generation,Wind Onshore,2026-08-10T05:27:26Z
2026-08-10T05:25:30Z,2026-08-10T07:25:30+0200,4362fe35-cfeb-4c3c-9399-26381c363872,2026-07-14T07:00:00Z,2026-07-14T09:00:00+0200,5070.91094,MW,DE,DE_LU,forecast_onshore_wind_generation,Wind Onshore,2026-08-10T05:27:26Z
2026-08-10T05:25:30Z,2026-08-10T07:25:30+0200,4362fe35-cfeb-4c3c-9399-26381c363872,2026-07-14T07:15:00Z,2026-07-14T09:15:00+0200,5049.2958,MW,DE,DE_LU,forecast_onshore_wind_generation,Wind Onshore,2026-08-10T05:27:26Z
2026-08-10T05:25:30Z,2026-08-10T07:25:30+0200,4362fe35-cfeb-4c3c-9399-26381c363872,2026-07-14T07:30:00Z,2026-07-14T09:30:00+0200,5027.20891,MW,DE,DE_LU,forecast_onshore_wind_generation,Wind Onshore,2026-08-10T05:27:26Z
2026-08-10T05:25:30Z,2026-08-10T07:25:30+0200,4362fe35-cfeb-4c3c-9399-26381c363872,2026-07-14T07:45:00Z,2026-07-14T09:45:00+0200,5007.41734,MW,DE,DE_LU,forecast_onshore_wind_generation,Wind Onshore,2026-08-10T05:27:26Z
2026-08-10T05:25:30Z,2026-08-10T07:25:30+0200,4362fe35-cfeb-4c3c-9399-26381c363872,2026-07-14T08:00:00Z,2026-07-14T10:00:00+0200,4992.57258,MW,DE,DE_LU,forecast_onshore_wind_generation,Wind Onshore,2026-08-10T05:27:26Z
2026-08-10T05:25:30Z,2026-08-10T07:25:30+0200,4362fe35-cfeb-4c3c-9399-26381c363872,2026-07-14T08:15:00Z,2026-07-14T10:15:00+0200,5081.29936,MW,DE,DE_LU,forecast_onshore_wind_generation,Wind Onshore,2026-08-10T05:27:26Z
2026-08-10T05:25:30Z,2026-08-10T07:25:30+0200,4362fe35-cfeb-4c3c-9399-26381c363872,2026-07-14T08:30:00Z,2026-07-14T10:30:00+0200,5138.70869,MW,DE,DE_LU,forecast_onshore_wind_generation,Wind Onshore,2026-08-10T05:27:26Z
2026-08-10T05:25:30Z,2026-08-10T07:25:30+0200,4362fe35-cfeb-4c3c-9399-26381c363872,2026-07-14T08:45:00Z,2026-07-14T10:45:00+0200,5196.67122,MW,DE,DE_LU,forecast_onshore_wind_generation,Wind Onshore,2026-08-10T05:27:26Z
2026-08-10T05:25:30Z,2026-08-10T07:25:30+0200,4362fe35-cfeb-4c3c-9399-26381c363872,2026-07-14T09:00:00Z,2026-07-14T11:00:00+0200,5258.76815,MW,DE,DE_LU,forecast_onshore_wind_generation,Wind Onshore,2026-08-10T05:27:26Z
2026-08-10T05:25:30Z,2026-08-10T07:25:30+0200,4362fe35-cfeb-4c3c-9399-26381c363872,2026-07-14T09:15:00Z,2026-07-14T11:15:00+0200,5349.97921,MW,DE,DE_LU,forecast_onshore_wind_generation,Wind Onshore,2026-08-10T05:27:26Z
2026-08-10T05:25:30Z,2026-08-10T07:25:30+0200,4362fe35-cfeb-4c3c-9399-26381c363872,2026-07-14T09:30:00Z,2026-07-14T11:30:00+0200,5443.38766,MW,DE,DE_LU,forecast_onshore_wind_generation,Wind Onshore,2026-08-10T05:27:26Z
2026-08-10T05:25:30Z,2026-08-10T07:25:30+0200,4362fe35-cfeb-4c3c-9399-26381c363872,2026-07-14T09:45:00Z,2026-07-14T11:45:00+0200,5535.83254,MW,DE,DE_LU,forecast_onshore_wind_generation,Wind Onshore,2026-08-10T05:27:26Z
2026-08-10T05:25:30Z,2026-08-10T07:25:30+0200,4362fe35-cfeb-4c3c-9399-26381c363872,2026-07-14T10:00:00Z,2026-07-14T12:00:00+0200,5626.23169,MW,DE,DE_LU,forecast_onshore_wind_generation,Wind Onshore,2026-08-10T05:27:26Z
2026-08-10T05:25:30Z,2026-08-10T07:25:30+0200,4362fe35-cfeb-4c3c-9399-26381c363872,2026-07-14T10:15:00Z,2026-07-14T12:15:00+0200,5663.60722,MW,DE,DE_LU,forecast_onshore_wind_generation,Wind Onshore,2026-08-10T05:27:26Z
2026-08-10T05:25:30Z,2026-08-10T07:25:30+0200,4362fe35-cfeb-4c3c-9399-26381c363872,2026-07-14T10:30:00Z,2026-07-14T12:30:00+0200,5697.95004,MW,DE,DE_LU,forecast_onshore_wind_generation,Wind Onshore,2026-08-10T05:27:26Z
2026-08-10T05:25:30Z,2026-08-10T07:25:30+0200,4362fe35-cfeb-4c3c-9399-26381c363872,2026-07-14T10:45:00Z,2026-07-14T12:45:00+0200,5730.59471,MW,DE,DE_LU,forecast_onshore_wind_generation,Wind Onshore,2026-08-10T05:27:26Z
2026-08-10T05:25:30Z,2026-08-10T07:25:30+0200,4362fe35-cfeb-4c3c-9399-26381c363872,2026-07-14T11:00:00Z,2026-07-14T13:00:00+0200,5762.90404,MW,DE,DE_LU,forecast_onshore_wind_generation,Wind Onshore,2026-08-10T05:27:26Z
2026-08-10T05:25:30Z,2026-08-10T07:25:30+0200,4362fe35-cfeb-4c3c-9399-26381c363872,2026-07-14T11:15:00Z,2026-07-14T13:15:00+0200,5796.80308,MW,DE,DE_LU,forecast_onshore_wind_generation,Wind Onshore,2026-08-10T05:27:26Z
2026-08-10T05:25:30Z,2026-08-10T07:25:30+0200,4362fe35-cfeb-4c3c-9399-26381c363872,2026-07-14T11:30:00Z,2026-07-14T13:30:00+0200,5838.77919,MW,DE,DE_LU,forecast_onshore_wind_generation,Wind Onshore,2026-08-10T05:27:26Z
2026-08-10T05:25:30Z,2026-08-10T07:25:30+0200,4362fe35-cfeb-4c3c-9399-26381c363872,2026-07-14T11:45:00Z,2026-07-14T13:45:00+0200,5891.88743,MW,DE,DE_LU,forecast_onshore_wind_generation,Wind Onshore,2026-08-10T05:27:26Z
2026-08-10T05:25:30Z,2026-08-10T07:25:30+0200,4362fe35-cfeb-4c3c-9399-26381c363872,2026-07-14T12:00:00Z,2026-07-14T14:00:00+0200,6018.21223,MW,DE,DE_LU,forecast_onshore_wind_generation,Wind Onshore,2026-08-10T05:27:26Z
2026-08-10T05:25:30Z,2026-08-10T07:25:30+0200,4362fe35-cfeb-4c3c-9399-26381c363872,2026-07-14T12:15:00Z,2026-07-14T14:15:00+0200,6156.05412,MW,DE,DE_LU,forecast_onshore_wind_generation,Wind Onshore,2026-08-10T05:27:26Z
2026-08-10T05:25:30Z,2026-08-10T07:25:30+0200,4362fe35-cfeb-4c3c-9399-26381c363872,2026-07-14T12:30:00Z,2026-07-14T14:30:00+0200,6297.26934,MW,DE,DE_LU,forecast_onshore_wind_generation,Wind Onshore,2026-08-10T05:27:26Z
2026-08-10T05:25:30Z,2026-08-10T07:25:30+0200,4362fe35-cfeb-4c3c-9399-26381c363872,2026-07-14T12:45:00Z,2026-07-14T14:45:00+0200,6450.11352,MW,DE,DE_LU,forecast_onshore_wind_generation,Wind Onshore,2026-08-10T05:27:26Z
2026-08-10T05:25:30Z,2026-08-10T07:25:30+0200,4362fe35-cfeb-4c3c-9399-26381c363872,2026-07-14T13:00:00Z,2026-07-14T15:00:00+0200,6608.43994,MW,DE,DE_LU,forecast_onshore_wind_generation,Wind Onshore,2026-08-10T05:27:26Z
2026-08-10T05:25:30Z,2026-08-10T07:25:30+0200,4362fe35-cfeb-4c3c-9399-26381c363872,2026-07-14T13:15:00Z,2026-07-14T15:15:00+0200,6904.81176,MW,DE,DE_LU,forecast_onshore_wind_generation,Wind Onshore,2026-08-10T05:27:26Z
2026-08-10T05:25:30Z,2026-08-10T07:25:30+0200,4362fe35-cfeb-4c3c-9399-26381c363872,2026-07-14T13:30:00Z,2026-07-14T15:30:00+0200,7213.17573,MW,DE,DE_LU,forecast_onshore_wind_generation,Wind Onshore,2026-08-10T05:27:26Z
2026-08-10T05:25:30Z,2026-08-10T07:25:30+0200,4362fe35-cfeb-4c3c-9399-26381c363872,2026-07-14T13:45:00Z,2026-07-14T15:45:00+0200,7528.33194,MW,DE,DE_LU,forecast_onshore_wind_generation,Wind Onshore,2026-08-10T05:27:26Z
2026-08-10T05:25:30Z,2026-08-10T07:25:30+0200,4362fe35-cfeb-4c3c-9399-26381c363872,2026-07-14T14:00:00Z,2026-07-14T16:00:00+0200,7847.64312,MW,DE,DE_LU,forecast_onshore_wind_generation,Wind Onshore,2026-08-10T05:27:26Z
2026-08-10T05:25:30Z,2026-08-10T07:25:30+0200,4362fe35-cfeb-4c3c-9399-26381c363872,2026-07-14T14:15:00Z,2026-07-14T16:15:00+0200,8181.44709,MW,DE,DE_LU,forecast_onshore_wind_generation,Wind Onshore,2026-08-10T05:27:26Z
2026-08-10T05:25:30Z,2026-08-10T07:25:30+0200,4362fe35-cfeb-4c3c-9399-26381c363872,2026-07-14T14:30:00Z,2026-07-14T16:30:00+0200,8518.33793,MW,DE,DE_LU,forecast_onshore_wind_generation,Wind Onshore,2026-08-10T05:27:26Z
2026-08-10T05:25:30Z,2026-08-10T07:25:30+0200,4362fe35-cfeb-4c3c-9399-26381c363872,2026-07-14T14:45:00Z,2026-07-14T16:45:00+0200,8855.40845,MW,DE,DE_LU,forecast_onshore_wind_generation,Wind Onshore,2026-08-10T05:27:26Z
2026-08-10T05:25:30Z,2026-08-10T07:25:30+0200,4362fe35-cfeb-4c3c-9399-26381c363872,2026-07-14T15:00:00Z,2026-07-14T17:00:00+0200,9162.79281,MW,DE,DE_LU,forecast_onshore_wind_generation,Wind Onshore,2026-08-10T05:27:26Z
2026-08-10T05:25:30Z,2026-08-10T07:25:30+0200,4362fe35-cfeb-4c3c-9399-26381c363872,2026-07-14T15:15:00Z,2026-07-14T17:15:00+0200,9335.37886,MW,DE,DE_LU,forecast_onshore_wind_generation,Wind Onshore,2026-08-10T05:27:26Z
2026-08-10T05:25:30Z,2026-08-10T07:25:30+0200,4362fe35-cfeb-4c3c-9399-26381c363872,2026-07-14T15:30:00Z,2026-07-14T17:30:00+0200,9504.71222,MW,DE,DE_LU,forecast_onshore_wind_generation,Wind Onshore,2026-08-10T05:27:26Z
2026-08-10T05:25:30Z,2026-08-10T07:25:30+0200,4362fe35-cfeb-4c3c-9399-26381c363872,2026-07-14T15:45:00Z,2026-07-14T17:45:00+0200,9684.33603,MW,DE,DE_LU,forecast_onshore_wind_generation,Wind Onshore,2026-08-10T05:27:26Z
2026-08-10T05:25:30Z,2026-08-10T07:25:30+0200,4362fe35-cfeb-4c3c-9399-26381c363872,2026-07-14T16:00:00Z,2026-07-14T18:00:00+0200,9876.24783,MW,DE,DE_LU,forecast_onshore_wind_generation,Wind Onshore,2026-08-10T05:27:26Z
2026-08-10T05:25:30Z,2026-08-10T07:25:30+0200,4362fe35-cfeb-4c3c-9399-26381c363872,2026-07-14T16:15:00Z,2026-07-14T18:15:00+0200,9902.10177,MW,DE,DE_LU,forecast_onshore_wind_generation,Wind Onshore,2026-08-10T05:27:26Z
2026-08-10T05:25:30Z,2026-08-10T07:25:30+0200,4362fe35-cfeb-4c3c-9399-26381c363872,2026-07-14T16:30:00Z,2026-07-14T18:30:00+0200,9927.78464,MW,DE,DE_LU,forecast_onshore_wind_generation,Wind Onshore,2026-08-10T05:27:26Z
2026-08-10T05:25:30Z,2026-08-10T07:25:30+0200,4362fe35-cfeb-4c3c-9399-26381c363872,2026-07-14T16:45:00Z,2026-07-14T18:45:00+0200,9953.5322,MW,DE,DE_LU,forecast_onshore_wind_generation,Wind Onshore,2026-08-10T05:27:26Z
2026-08-10T05:25:30Z,2026-08-10T07:25:30+0200,4362fe35-cfeb-4c3c-9399-26381c363872,2026-07-14T17:00:00Z,2026-07-14T19:00:00+0200,9974.81768,MW,DE,DE_LU,forecast_onshore_wind_generation,Wind Onshore,2026-08-10T05:27:26Z
2026-08-10T05:25:30Z,2026-08-10T07:25:30+0200,4362fe35-cfeb-4c3c-9399-26381c363872,2026-07-14T17:15:00Z,2026-07-14T19:15:00+0200,9820.93653,MW,DE,DE_LU,forecast_onshore_wind_generation,Wind Onshore,2026-08-10T05:27:26Z
2026-08-10T05:25:30Z,2026-08-10T07:25:30+0200,4362fe35-cfeb-4c3c-9399-26381c363872,2026-07-14T17:30:00Z,2026-07-14T19:30:00+0200,9669.40125,MW,DE,DE_LU,forecast_onshore_wind_generation,Wind Onshore,2026-08-10T05:27:26Z
2026-08-10T05:25:30Z,2026-08-10T07:25:30+0200,4362fe35-cfeb-4c3c-9399-26381c363872,2026-07-14T17:45:00Z,2026-07-14T19:45:00+0200,9535.89846,MW,DE,DE_LU,forecast_onshore_wind_generation,Wind Onshore,2026-08-10T05:27:26Z
2026-08-10T05:25:30Z,2026-08-10T07:25:30+0200,4362fe35-cfeb-4c3c-9399-26381c363872,2026-07-14T18:00:00Z,2026-07-14T20:00:00+0200,9393.08498,MW,DE,DE_LU,forecast_onshore_wind_generation,Wind Onshore,2026-08-10T05:27:26Z
2026-08-10T05:25:30Z,2026-08-10T07:25:30+0200,4362fe35-cfeb-4c3c-9399-26381c363872,2026-07-14T18:15:00Z,2026-07-14T20:15:00+0200,9400.64992,MW,DE,DE_LU,forecast_onshore_wind_generation,Wind Onshore,2026-08-10T05:27:26Z
2026-08-10T05:25:30Z,2026-08-10T07:25:30+0200,4362fe35-cfeb-4c3c-9399-26381c363872,2026-07-14T18:30:00Z,2026-07-14T20:30:00+0200,9383.75863,MW,DE,DE_LU,forecast_onshore_wind_generation,Wind Onshore,2026-08-10T05:27:26Z
2026-08-10T05:25:30Z,2026-08-10T07:25:30+0200,4362fe35-cfeb-4c3c-9399-26381c363872,2026-07-14T18:45:00Z,2026-07-14T20:45:00+0200,9327.33028,MW,DE,DE_LU,forecast_onshore_wind_generation,Wind Onshore,2026-08-10T05:27:26Z
2026-08-10T05:25:30Z,2026-08-10T07:25:30+0200,4362fe35-cfeb-4c3c-9399-26381c363872,2026-07-14T19:00:00Z,2026-07-14T21:00:00+0200,9288.18695,MW,DE,DE_LU,forecast_onshore_wind_generation,Wind Onshore,2026-08-10T05:27:26Z
2026-08-10T05:25:30Z,2026-08-10T07:25:30+0200,4362fe35-cfeb-4c3c-9399-26381c363872,2026-07-14T19:15:00Z,2026-07-14T21:15:00+0200,9451.82808,MW,DE,DE_LU,forecast_onshore_wind_generation,Wind Onshore,2026-08-10T05:27:26Z
2026-08-10T05:25:30Z,2026-08-10T07:25:30+0200,4362fe35-cfeb-4c3c-9399-26381c363872,2026-07-14T19:30:00Z,2026-07-14T21:30:00+0200,9686.02921,MW,DE,DE_LU,forecast_onshore_wind_generation,Wind Onshore,2026-08-10T05:27:26Z
2026-08-10T05:25:30Z,2026-08-10T07:25:30+0200,4362fe35-cfeb-4c3c-9399-26381c363872,2026-07-14T19:45:00Z,2026-07-14T21:45:00+0200,9916.47178,MW,DE,DE_LU,forecast_onshore_wind_generation,Wind Onshore,2026-08-10T05:27:26Z
2026-08-10T05:25:30Z,2026-08-10T07:25:30+0200,4362fe35-cfeb-4c3c-9399-26381c363872,2026-07-14T20:00:00Z,2026-07-14T22:00:00+0200,10039.17942,MW,DE,DE_LU,forecast_onshore_wind_generation,Wind Onshore,2026-08-10T05:27:26Z
2026-08-10T05:25:30Z,2026-08-10T07:25:30+0200,4362fe35-cfeb-4c3c-9399-26381c363872,2026-07-14T20:15:00Z,2026-07-14T22:15:00+0200,10083.90837,MW,DE,DE_LU,forecast_onshore_wind_generation,Wind Onshore,2026-08-10T05:27:26Z
2026-08-10T05:25:30Z,2026-08-10T07:25:30+0200,4362fe35-cfeb-4c3c-9399-26381c363872,2026-07-14T20:30:00Z,2026-07-14T22:30:00+0200,10127.89643,MW,DE,DE_LU,forecast_onshore_wind_generation,Wind Onshore,2026-08-10T05:27:26Z
2026-08-10T05:25:30Z,2026-08-10T07:25:30+0200,4362fe35-cfeb-4c3c-9399-26381c363872,2026-07-14T20:45:00Z,2026-07-14T22:45:00+0200,10138.73876,MW,DE,DE_LU,forecast_onshore_wind_generation,Wind Onshore,2026-08-10T05:27:26Z
2026-08-10T05:25:30Z,2026-08-10T07:25:30+0200,4362fe35-cfeb-4c3c-9399-26381c363872,2026-07-14T21:00:00Z,2026-07-14T23:00:00+0200,10149.8683,MW,DE,DE_LU,forecast_onshore_wind_generation,Wind Onshore,2026-08-10T05:27:26Z
2026-08-10T05:25:30Z,2026-08-10T07:25:30+0200,4362fe35-cfeb-4c3c-9399-26381c363872,2026-07-14T21:15:00Z,2026-07-14T23:15:00+0200,10051.18729,MW,DE,DE_LU,forecast_onshore_wind_generation,Wind Onshore,2026-08-10T05:27:26Z
2026-08-10T05:25:30Z,2026-08-10T07:25:30+0200,4362fe35-cfeb-4c3c-9399-26381c363872,2026-07-14T21:30:00Z,2026-07-14T23:30:00+0200,9957.32326,MW,DE,DE_LU,forecast_onshore_wind_generation,Wind Onshore,2026-08-10T05:27:26Z
2026-08-10T05:25:30Z,2026-08-10T07:25:30+0200,4362fe35-cfeb-4c3c-9399-26381c363872,2026-07-14T21:45:00Z,2026-07-14T23:45:00+0200,9862.77982,MW,DE,DE_LU,forecast_onshore_wind_generation,Wind Onshore,2026-08-10T05:27:26Z
2026-08-10T05:25:30Z,2026-08-10T07:25:30+0200,4362fe35-cfeb-4c3c-9399-26381c363872,2026-07-14T22:00:00Z,2026-07-15T00:00:00+0200,9644.74767,MW,DE,DE_LU,forecast_onshore_wind_generation,Wind Onshore,2026-08-10T05:27:26Z
2026-08-10T05:25:30Z,2026-08-10T07:25:30+0200,4362fe35-cfeb-4c3c-9399-26381c363872,2026-07-14T22:15:00Z,2026-07-15T00:15:00+0200,9455.78818,MW,DE,DE_LU,forecast_onshore_wind_generation,Wind Onshore,2026-08-10T05:27:26Z
2026-08-10T05:25:30Z,2026-08-10T07:25:30+0200,4362fe35-cfeb-4c3c-9399-26381c363872,2026-07-14T22:30:00Z,2026-07-15T00:30:00+0200,9269.06041,MW,DE,DE_LU,forecast_onshore_wind_generation,Wind Onshore,2026-08-10T05:27:26Z
2026-08-10T05:25:30Z,2026-08-10T07:25:30+0200,4362fe35-cfeb-4c3c-9399-26381c363872,2026-07-14T22:45:00Z,2026-07-15T00:45:00+0200,9073.90319,MW,DE,DE_LU,forecast_onshore_wind_generation,Wind Onshore,2026-08-10T05:27:26Z
2026-08-10T05:25:30Z,2026-08-10T07:25:30+0200,4362fe35-cfeb-4c3c-9399-26381c363872,2026-07-14T23:00:00Z,2026-07-15T01:00:00+0200,8898.56895,MW,DE,DE_LU,forecast_onshore_wind_generation,Wind Onshore,2026-08-10T05:27:26Z
2026-08-10T05:25:30Z,2026-08-10T07:25:30+0200,4362fe35-cfeb-4c3c-9399-26381c363872,2026-07-14T23:15:00Z,2026-07-15T01:15:00+0200,8756.63001,MW,DE,DE_LU,forecast_onshore_wind_generation,Wind Onshore,2026-08-10T05:27:26Z
2026-08-10T05:25:30Z,2026-08-10T07:25:30+0200,4362fe35-cfeb-4c3c-9399-26381c363872,2026-07-14T23:30:00Z,2026-07-15T01:30:00+0200,8637.36025,MW,DE,DE_LU,forecast_onshore_wind_generation,Wind Onshore,2026-08-10T05:27:26Z
2026-08-10T05:25:30Z,2026-08-10T07:25:30+0200,4362fe35-cfeb-4c3c-9399-26381c363872,2026-07-14T23:45:00Z,2026-07-15T01:45:00+0200,8567.68006,MW,DE,DE_LU,forecast_onshore_wind_generation,Wind Onshore,2026-08-10T05:27:26Z
2026-08-10T05:25:30Z,2026-08-10T07:25:30+0200,4362fe35-cfeb-4c3c-9399-26381c363872,2026-07-15T00:00:00Z,2026-07-15T02:00:00+0200,8558.58855,MW,DE,DE_LU,forecast_onshore_wind_generation,Wind Onshore,2026-08-10T05:27:26Z
2026-08-10T05:25:30Z,2026-08-10T07:25:30+0200,4362fe35-cfeb-4c3c-9399-26381c363872,2026-07-15T00:15:00Z,2026-07-15T02:15:00+0200,8531.39004,MW,DE,DE_LU,forecast_onshore_wind_generation,Wind Onshore,2026-08-10T05:27:26Z
2026-08-10T05:25:30Z,2026-08-10T07:25:30+0200,4362fe35-cfeb-4c3c-9399-26381c363872,2026-07-15T00:30:00Z,2026-07-15T02:30:00+0200,8469.95212,MW,DE,DE_LU,forecast_onshore_wind_generation,Wind Onshore,2026-08-10T05:27:26Z
2026-08-10T05:25:30Z,2026-08-10T07:25:30+0200,4362fe35-cfeb-4c3c-9399-26381c363872,2026-07-15T00:45:00Z,2026-07-15T02:45:00+0200,8392.7341,MW,DE,DE_LU,forecast_onshore_wind_generation,Wind Onshore,2026-08-10T05:27:26Z
2026-08-10T05:25:30Z,2026-08-10T07:25:30+0200,4362fe35-cfeb-4c3c-9399-26381c363872,2026-07-15T01:00:00Z,2026-07-15T03:00:00+0200,8300.45118,MW,DE,DE_LU,forecast_onshore_wind_generation,Wind Onshore,2026-08-10T05:27:26Z
2026-08-10T05:25:30Z,2026-08-10T07:25:30+0200,4362fe35-cfeb-4c3c-9399-26381c363872,2026-07-15T01:15:00Z,2026-07-15T03:15:00+0200,8194.75498,MW,DE,DE_LU,forecast_onshore_wind_generation,Wind Onshore,2026-08-10T05:27:26Z
2026-08-10T05:25:30Z,2026-08-10T07:25:30+0200,4362fe35-cfeb-4c3c-9399-26381c363872,2026-07-15T01:30:00Z,2026-07-15T03:30:00+0200,8088.92156,MW,DE,DE_LU,forecast_onshore_wind_generation,Wind Onshore,2026-08-10T05:27:26Z
2026-08-10T05:25:30Z,2026-08-10T07:25:30+0200,4362fe35-cfeb-4c3c-9399-26381c363872,2026-07-15T01:45:00Z,2026-07-15T03:45:00+0200,7983.85546,MW,DE,DE_LU,forecast_onshore_wind_generation,Wind Onshore,2026-08-10T05:27:26Z
2026-08-10T05:25:30Z,2026-08-10T07:25:30+0200,4362fe35-cfeb-4c3c-9399-26381c363872,2026-07-15T02:00:00Z,2026-07-15T04:00:00+0200,7879.0863,MW,DE,DE_LU,forecast_onshore_wind_generation,Wind Onshore,2026-08-10T05:27:26Z
2026-08-10T05:25:30Z,2026-08-10T07:25:30+0200,4362fe35-cfeb-4c3c-9399-26381c363872,2026-07-15T02:15:00Z,2026-07-15T04:15:00+0200,7778.46946,MW,DE,DE_LU,forecast_onshore_wind_generation,Wind Onshore,2026-08-10T05:27:26Z
2026-08-10T05:25:30Z,2026-08-10T07:25:30+0200,4362fe35-cfeb-4c3c-9399-26381c363872,2026-07-15T02:30:00Z,2026-07-15T04:30:00+0200,7677.84074,MW,DE,DE_LU,forecast_onshore_wind_generation,Wind Onshore,2026-08-10T05:27:26Z
2026-08-10T05:25:30Z,2026-08-10T07:25:30+0200,4362fe35-cfeb-4c3c-9399-26381c363872,2026-07-15T02:45:00Z,2026-07-15T04:45:00+0200,7586.93868,MW,DE,DE_LU,forecast_onshore_wind_generation,Wind Onshore,2026-08-10T05:27:26Z
2026-08-10T05:25:30Z,2026-08-10T07:25:30+0200,4362fe35-cfeb-4c3c-9399-26381c363872,2026-07-15T03:00:00Z,2026-07-15T05:00:00+0200,7487.75031,MW,DE,DE_LU,forecast_onshore_wind_generation,Wind Onshore,2026-08-10T05:27:26Z
2026-08-10T05:25:30Z,2026-08-10T07:25:30+0200,4362fe35-cfeb-4c3c-9399-26381c363872,2026-07-15T03:15:00Z,2026-07-15T05:15:00+0200,7415.39085,MW,DE,DE_LU,forecast_onshore_wind_generation,Wind Onshore,2026-08-10T05:27:26Z
2026-08-10T05:25:30Z,2026-08-10T07:25:30+0200,4362fe35-cfeb-4c3c-9399-26381c363872,2026-07-15T03:30:00Z,2026-07-15T05:30:00+0200,7307.46714,MW,DE,DE_LU,forecast_onshore_wind_generation,Wind Onshore,2026-08-10T05:27:26Z
2026-08-10T05:25:30Z,2026-08-10T07:25:30+0200,4362fe35-cfeb-4c3c-9399-26381c363872,2026-07-15T03:45:00Z,2026-07-15T05:45:00+0200,7217.34677,MW,DE,DE_LU,forecast_onshore_wind_generation,Wind Onshore,2026-08-10T05:27:26Z
2026-08-10T05:25:30Z,2026-08-10T07:25:30+0200,4362fe35-cfeb-4c3c-9399-26381c363872,2026-07-15T04:00:00Z,2026-07-15T06:00:00+0200,7139.86881,MW,DE,DE_LU,forecast_onshore_wind_generation,Wind Onshore,2026-08-10T05:27:26Z
2026-08-10T05:25:30Z,2026-08-10T07:25:30+0200,4362fe35-cfeb-4c3c-9399-26381c363872,2026-07-15T04:15:00Z,2026-07-15T06:15:00+0200,6837.20477,MW,DE,DE_LU,forecast_onshore_wind_generation,Wind Onshore,2026-08-10T05:27:26Z
2026-08-10T05:25:30Z,2026-08-10T07:25:30+0200,4362fe35-cfeb-4c3c-9399-26381c363872,2026-07-15T04:30:00Z,2026-07-15T06:30:00+0200,6528.94478,MW,DE,DE_LU,forecast_onshore_wind_generation,Wind Onshore,2026-08-10T05:27:26Z
2026-08-10T05:25:30Z,2026-08-10T07:25:30+0200,4362fe35-cfeb-4c3c-9399-26381c363872,2026-07-15T04:45:00Z,2026-07-15T06:45:00+0200,6179.11555,MW,DE,DE_LU,forecast_onshore_wind_generation,Wind Onshore,2026-08-10T05:27:26Z
2026-08-10T05:25:30Z,2026-08-10T07:25:30+0200,4362fe35-cfeb-4c3c-9399-26381c363872,2026-07-15T05:00:00Z,2026-07-15T07:00:00+0200,5825.90329,MW,DE,DE_LU,forecast_onshore_wind_generation,Wind Onshore,2026-08-10T05:27:26Z
2026-08-10T05:25:30Z,2026-08-10T07:25:30+0200,4362fe35-cfeb-4c3c-9399-26381c363872,2026-07-15T05:15:00Z,2026-07-15T07:15:00+0200,5133.03305,MW,DE,DE_LU,forecast_onshore_wind_generation,Wind Onshore,2026-08-10T05:27:26Z
2026-08-10T05:25:30Z,2026-08-10T07:25:30+0200,4362fe35-cfeb-4c3c-9399-26381c363872,2026-07-15T05:30:00Z,2026-07-15T07:30:00+0200,4406.39735,MW,DE,DE_LU,forecast_onshore_wind_generation,Wind Onshore,2026-08-10T05:27:26Z
2026-08-10T05:25:30Z,2026-08-10T07:25:30+0200,4362fe35-cfeb-4c3c-9399-26381c363872,2026-07-15T05:45:00Z,2026-07-15T07:45:00+0200,3758.25823,MW,DE,DE_LU,forecast_onshore_wind_generation,Wind Onshore,2026-08-10T05:27:26Z
2026-08-10T05:25:30Z,2026-08-10T07:25:30+0200,4362fe35-cfeb-4c3c-9399-26381c363872,2026-07-15T06:00:00Z,2026-07-15T08:00:00+0200,3303.58125,MW,DE,DE_LU,forecast_onshore_wind_generation,Wind Onshore,2026-08-10T05:27:26Z
2026-08-10T05:25:30Z,2026-08-10T07:25:30+0200,4362fe35-cfeb-4c3c-9399-26381c363872,2026-07-15T06:15:00Z,2026-07-15T08:15:00+0200,3027.53688,MW,DE,DE_LU,forecast_onshore_wind_generation,Wind Onshore,2026-08-10T05:27:26Z
2026-08-10T05:25:30Z,2026-08-10T07:25:30+0200,4362fe35-cfeb-4c3c-9399-26381c363872,2026-07-15T06:30:00Z,2026-07-15T08:30:00+0200,2759.04151,MW,DE,DE_LU,forecast_onshore_wind_generation,Wind Onshore,2026-08-10T05:27:26Z
2026-08-10T05:25:30Z,2026-08-10T07:25:30+0200,4362fe35-cfeb-4c3c-9399-26381c363872,2026-07-15T06:45:00Z,2026-07-15T08:45:00+0200,2531.82912,MW,DE,DE_LU,forecast_onshore_wind_generation,Wind Onshore,2026-08-10T05:27:26Z
2026-08-10T05:25:30Z,2026-08-10T07:25:30+0200,4362fe35-cfeb-4c3c-9399-26381c363872,2026-07-15T07:00:00Z,2026-07-15T09:00:00+0200,2318.34549,MW,DE,DE_LU,forecast_onshore_wind_generation,Wind Onshore,2026-08-10T05:27:26Z
2026-08-10T05:25:30Z,2026-08-10T07:25:30+0200,4362fe35-cfeb-4c3c-9399-26381c363872,2026-07-15T07:15:00Z,2026-07-15T09:15:00+0200,2406.27627,MW,DE,DE_LU,forecast_onshore_wind_generation,Wind Onshore,2026-08-10T05:27:26Z
2026-08-10T05:25:30Z,2026-08-10T07:25:30+0200,4362fe35-cfeb-4c3c-9399-26381c363872,2026-07-15T07:30:00Z,2026-07-15T09:30:00+0200,2501.88705,MW,DE,DE_LU,forecast_onshore_wind_generation,Wind Onshore,2026-08-10T05:27:26Z
2026-08-10T05:25:30Z,2026-08-10T07:25:30+0200,4362fe35-cfeb-4c3c-9399-26381c363872,2026-07-15T07:45:00Z,2026-07-15T09:45:00+0200,2604.02929,MW,DE,DE_LU,forecast_onshore_wind_generation,Wind Onshore,2026-08-10T05:27:26Z
2026-08-10T05:25:30Z,2026-08-10T07:25:30+0200,4362fe35-cfeb-4c3c-9399-26381c363872,2026-07-15T08:00:00Z,2026-07-15T10:00:00+0200,2737.20065,MW,DE,DE_LU,forecast_onshore_wind_generation,Wind Onshore,2026-08-10T05:27:26Z
2026-08-10T05:25:30Z,2026-08-10T07:25:30+0200,4362fe35-cfeb-4c3c-9399-26381c363872,2026-07-15T08:15:00Z,2026-07-15T10:15:00+0200,2977.43644,MW,DE,DE_LU,forecast_onshore_wind_generation,Wind Onshore,2026-08-10T05:27:26Z
2026-08-10T05:25:30Z,2026-08-10T07:25:30+0200,4362fe35-cfeb-4c3c-9399-26381c363872,2026-07-15T08:30:00Z,2026-07-15T10:30:00+0200,3225.20217,MW,DE,DE_LU,forecast_onshore_wind_generation,Wind Onshore,2026-08-10T05:27:26Z
2026-08-10T05:25:30Z,2026-08-10T07:25:30+0200,4362fe35-cfeb-4c3c-9399-26381c363872,2026-07-15T08:45:00Z,2026-07-15T10:45:00+0200,3472.06799,MW,DE,DE_LU,forecast_onshore_wind_generation,Wind Onshore,2026-08-10T05:27:26Z
2026-08-10T05:25:30Z,2026-08-10T07:25:30+0200,4362fe35-cfeb-4c3c-9399-26381c363872,2026-07-15T09:00:00Z,2026-07-15T11:00:00+0200,3711.07797,MW,DE,DE_LU,forecast_onshore_wind_generation,Wind Onshore,2026-08-10T05:27:26Z
2026-08-10T05:25:30Z,2026-08-10T07:25:30+0200,4362fe35-cfeb-4c3c-9399-26381c363872,2026-07-15T09:15:00Z,2026-07-15T11:15:00+0200,3924.82617,MW,DE,DE_LU,forecast_onshore_wind_generation,Wind Onshore,2026-08-10T05:27:26Z
2026-08-10T05:25:30Z,2026-08-10T07:25:30+0200,4362fe35-cfeb-4c3c-9399-26381c363872,2026-07-15T09:30:00Z,2026-07-15T11:30:00+0200,4131.63982,MW,DE,DE_LU,forecast_onshore_wind_generation,Wind Onshore,2026-08-10T05:27:26Z
2026-08-10T05:25:30Z,2026-08-10T07:25:30+0200,4362fe35-cfeb-4c3c-9399-26381c363872,2026-07-15T09:45:00Z,2026-07-15T11:45:00+0200,4334.68177,MW,DE,DE_LU,forecast_onshore_wind_generation,Wind Onshore,2026-08-10T05:27:26Z
2026-08-10T05:25:30Z,2026-08-10T07:25:30+0200,4362fe35-cfeb-4c3c-9399-26381c363872,2026-07-15T10:00:00Z,2026-07-15T12:00:00+0200,4537.49522,MW,DE,DE_LU,forecast_onshore_wind_generation,Wind Onshore,2026-08-10T05:27:26Z
2026-08-10T05:25:30Z,2026-08-10T07:25:30+0200,4362fe35-cfeb-4c3c-9399-26381c363872,2026-07-15T10:15:00Z,2026-07-15T12:15:00+0200,4647.87934,MW,DE,DE_LU,forecast_onshore_wind_generation,Wind Onshore,2026-08-10T05:27:26Z
2026-08-10T05:25:30Z,2026-08-10T07:25:30+0200,4362fe35-cfeb-4c3c-9399-26381c363872,2026-07-15T10:30:00Z,2026-07-15T12:30:00+0200,4756.92864,MW,DE,DE_LU,forecast_onshore_wind_generation,Wind Onshore,2026-08-10T05:27:26Z
2026-08-10T05:25:30Z,2026-08-10T07:25:30+0200,4362fe35-cfeb-4c3c-9399-26381c363872,2026-07-15T10:45:00Z,2026-07-15T12:45:00+0200,4866.5368,MW,DE,DE_LU,forecast_onshore_wind_generation,Wind Onshore,2026-08-10T05:27:26Z
2026-08-10T05:25:30Z,2026-08-10T07:25:30+0200,4362fe35-cfeb-4c3c-9399-26381c363872,2026-07-15T11:00:00Z,2026-07-15T13:00:00+0200,4975.54153,MW,DE,DE_LU,forecast_onshore_wind_generation,Wind Onshore,2026-08-10T05:27:26Z
2026-08-10T05:25:30Z,2026-08-10T07:25:30+0200,4362fe35-cfeb-4c3c-9399-26381c363872,2026-07-15T11:15:00Z,2026-07-15T13:15:00+0200,5059.69368,MW,DE,DE_LU,forecast_onshore_wind_generation,Wind Onshore,2026-08-10T05:27:26Z
2026-08-10T05:25:30Z,2026-08-10T07:25:30+0200,4362fe35-cfeb-4c3c-9399-26381c363872,2026-07-15T11:30:00Z,2026-07-15T13:30:00+0200,5150.89484,MW,DE,DE_LU,forecast_onshore_wind_generation,Wind Onshore,2026-08-10T05:27:26Z
2026-08-10T05:25:30Z,2026-08-10T07:25:30+0200,4362fe35-cfeb-4c3c-9399-26381c363872,2026-07-15T11:45:00Z,2026-07-15T13:45:00+0200,5256.03833,MW,DE,DE_LU,forecast_onshore_wind_generation,Wind Onshore,2026-08-10T05:27:26Z
2026-08-10T05:25:30Z,2026-08-10T07:25:30+0200,4362fe35-cfeb-4c3c-9399-26381c363872,2026-07-15T12:00:00Z,2026-07-15T14:00:00+0200,5382.59539,MW,DE,DE_LU,forecast_onshore_wind_generation,Wind Onshore,2026-08-10T05:27:26Z
2026-08-10T05:25:30Z,2026-08-10T07:25:30+0200,4362fe35-cfeb-4c3c-9399-26381c363872,2026-07-15T12:15:00Z,2026-07-15T14:15:00+0200,5503.75501,MW,DE,DE_LU,forecast_onshore_wind_generation,Wind Onshore,2026-08-10T05:27:26Z
2026-08-10T05:25:30Z,2026-08-10T07:25:30+0200,4362fe35-cfeb-4c3c-9399-26381c363872,2026-07-15T12:30:00Z,2026-07-15T14:30:00+0200,5620.31786,MW,DE,DE_LU,forecast_onshore_wind_generation,Wind Onshore,2026-08-10T05:27:26Z
2026-08-10T05:25:30Z,2026-08-10T07:25:30+0200,4362fe35-cfeb-4c3c-9399-26381c363872,2026-07-15T12:45:00Z,2026-07-15T14:45:00+0200,5737.11327,MW,DE,DE_LU,forecast_onshore_wind_generation,Wind Onshore,2026-08-10T05:27:26Z
2026-08-10T05:25:30Z,2026-08-10T07:25:30+0200,4362fe35-cfeb-4c3c-9399-26381c363872,2026-07-15T13:00:00Z,2026-07-15T15:00:00+0200,5858.63922,MW,DE,DE_LU,forecast_onshore_wind_generation,Wind Onshore,2026-08-10T05:27:26Z
2026-08-10T05:25:30Z,2026-08-10T07:25:30+0200,4362fe35-cfeb-4c3c-9399-26381c363872,2026-07-15T13:15:00Z,2026-07-15T15:15:00+0200,5989.31924,MW,DE,DE_LU,forecast_onshore_wind_generation,Wind Onshore,2026-08-10T05:27:26Z
2026-08-10T05:25:30Z,2026-08-10T07:25:30+0200,4362fe35-cfeb-4c3c-9399-26381c363872,2026-07-15T13:30:00Z,2026-07-15T15:30:00+0200,6129.07651,MW,DE,DE_LU,forecast_onshore_wind_generation,Wind Onshore,2026-08-10T05:27:26Z
2026-08-10T05:25:30Z,2026-08-10T07:25:30+0200,4362fe35-cfeb-4c3c-9399-26381c363872,2026-07-15T13:45:00Z,2026-07-15T15:45:00+0200,6261.62565,MW,DE,DE_LU,forecast_onshore_wind_generation,Wind Onshore,2026-08-10T05:27:26Z
2026-08-10T05:25:30Z,2026-08-10T07:25:30+0200,4362fe35-cfeb-4c3c-9399-26381c363872,2026-07-15T14:00:00Z,2026-07-15T16:00:00+0200,6396.24306,MW,DE,DE_LU,forecast_onshore_wind_generation,Wind Onshore,2026-08-10T05:27:26Z
2026-08-10T05:25:30Z,2026-08-10T07:25:30+0200,4362fe35-cfeb-4c3c-9399-26381c363872,2026-07-15T14:15:00Z,2026-07-15T16:15:00+0200,6550.47108,MW,DE,DE_LU,forecast_onshore_wind_generation,Wind Onshore,2026-08-10T05:27:26Z
2026-08-10T05:25:30Z,2026-08-10T07:25:30+0200,4362fe35-cfeb-4c3c-9399-26381c363872,2026-07-15T14:30:00Z,2026-07-15T16:30:00+0200,6706.22282,MW,DE,DE_LU,forecast_onshore_wind_generation,Wind Onshore,2026-08-10T05:27:26Z
2026-08-10T05:25:30Z,2026-08-10T07:25:30+0200,4362fe35-cfeb-4c3c-9399-26381c363872,2026-07-15T14:45:00Z,2026-07-15T16:45:00+0200,6858.05337,MW,DE,DE_LU,forecast_onshore_wind_generation,Wind Onshore,2026-08-10T05:27:26Z
2026-08-10T05:25:30Z,2026-08-10T07:25:30+0200,4362fe35-cfeb-4c3c-9399-26381c363872,2026-07-15T15:00:00Z,2026-07-15T17:00:00+0200,7003.9122,MW,DE,DE_LU,forecast_onshore_wind_generation,Wind Onshore,2026-08-10T05:27:26Z
2026-08-10T05:25:30Z,2026-08-10T07:25:30+0200,4362fe35-cfeb-4c3c-9399-26381c363872,2026-07-15T15:15:00Z,2026-07-15T17:15:00+0200,7143.18341,MW,DE,DE_LU,forecast_onshore_wind_generation,Wind Onshore,2026-08-10T05:27:26Z
2026-08-10T05:25:30Z,2026-08-10T07:25:30+0200,4362fe35-cfeb-4c3c-9399-26381c363872,2026-07-15T15:30:00Z,2026-07-15T17:30:00+0200,7284.84042,MW,DE,DE_LU,forecast_onshore_wind_generation,Wind Onshore,2026-08-10T05:27:26Z
2026-08-10T05:25:30Z,2026-08-10T07:25:30+0200,4362fe35-cfeb-4c3c-9399-26381c363872,2026-07-15T15:45:00Z,2026-07-15T17:45:00+0200,7431.40673,MW,DE,DE_LU,forecast_onshore_wind_generation,Wind Onshore,2026-08-10T05:27:26Z
2026-08-10T05:25:30Z,2026-08-10T07:25:30+0200,4362fe35-cfeb-4c3c-9399-26381c363872,2026-07-15T16:00:00Z,2026-07-15T18:00:00+0200,7593.63189,MW,DE,DE_LU,forecast_onshore_wind_generation,Wind Onshore,2026-08-10T05:27:26Z
2026-08-10T05:25:30Z,2026-08-10T07:25:30+0200,4362fe35-cfeb-4c3c-9399-26381c363872,2026-07-15T16:15:00Z,2026-07-15T18:15:00+0200,7696.16906,MW,DE,DE_LU,forecast_onshore_wind_generation,Wind Onshore,2026-08-10T05:27:26Z
2026-08-10T05:25:30Z,2026-08-10T07:25:30+0200,4362fe35-cfeb-4c3c-9399-26381c363872,2026-07-15T16:30:00Z,2026-07-15T18:30:00+0200,7800.92935,MW,DE,DE_LU,forecast_onshore_wind_generation,Wind Onshore,2026-08-10T05:27:26Z
2026-08-10T05:25:30Z,2026-08-10T07:25:30+0200,4362fe35-cfeb-4c3c-9399-26381c363872,2026-07-15T16:45:00Z,2026-07-15T18:45:00+0200,7895.35341,MW,DE,DE_LU,forecast_onshore_wind_generation,Wind Onshore,2026-08-10T05:27:26Z
2026-08-10T05:25:30Z,2026-08-10T07:25:30+0200,4362fe35-cfeb-4c3c-9399-26381c363872,2026-07-15T17:00:00Z,2026-07-15T19:00:00+0200,7980.16549,MW,DE,DE_LU,forecast_onshore_wind_generation,Wind Onshore,2026-08-10T05:27:26Z
2026-08-10T05:25:30Z,2026-08-10T07:25:30+0200,4362fe35-cfeb-4c3c-9399-26381c363872,2026-07-15T17:15:00Z,2026-07-15T19:15:00+0200,7929.35336,MW,DE,DE_LU,forecast_onshore_wind_generation,Wind Onshore,2026-08-10T05:27:26Z
2026-08-10T05:25:30Z,2026-08-10T07:25:30+0200,4362fe35-cfeb-4c3c-9399-26381c363872,2026-07-15T17:30:00Z,2026-07-15T19:30:00+0200,7868.44465,MW,DE,DE_LU,forecast_onshore_wind_generation,Wind Onshore,2026-08-10T05:27:26Z
2026-08-10T05:25:30Z,2026-08-10T07:25:30+0200,4362fe35-cfeb-4c3c-9399-26381c363872,2026-07-15T17:45:00Z,2026-07-15T19:45:00+0200,7835.68199,MW,DE,DE_LU,forecast_onshore_wind_generation,Wind Onshore,2026-08-10T05:27:26Z
2026-08-10T05:25:30Z,2026-08-10T07:25:30+0200,4362fe35-cfeb-4c3c-9399-26381c363872,2026-07-15T18:00:00Z,2026-07-15T20:00:00+0200,7805.11382,MW,DE,DE_LU,forecast_onshore_wind_generation,Wind Onshore,2026-08-10T05:27:26Z
2026-08-10T05:25:30Z,2026-08-10T07:25:30+0200,4362fe35-cfeb-4c3c-9399-26381c363872,2026-07-15T18:15:00Z,2026-07-15T20:15:00+0200,7842.30483,MW,DE,DE_LU,forecast_onshore_wind_generation,Wind Onshore,2026-08-10T05:27:26Z
2026-08-10T05:25:30Z,2026-08-10T07:25:30+0200,4362fe35-cfeb-4c3c-9399-26381c363872,2026-07-15T18:30:00Z,2026-07-15T20:30:00+0200,7856.88734,MW,DE,DE_LU,forecast_onshore_wind_generation,Wind Onshore,2026-08-10T05:27:26Z
2026-08-10T05:25:30Z,2026-08-10T07:25:30+0200,4362fe35-cfeb-4c3c-9399-26381c363872,2026-07-15T18:45:00Z,2026-07-15T20:45:00+0200,7828.19655,MW,DE,DE_LU,forecast_onshore_wind_generation,Wind Onshore,2026-08-10T05:27:26Z
2026-08-10T05:25:30Z,2026-08-10T07:25:30+0200,4362fe35-cfeb-4c3c-9399-26381c363872,2026-07-15T19:00:00Z,2026-07-15T21:00:00+0200,7777.52467,MW,DE,DE_LU,forecast_onshore_wind_generation,Wind Onshore,2026-08-10T05:27:26Z
2026-08-10T05:25:30Z,2026-08-10T07:25:30+0200,4362fe35-cfeb-4c3c-9399-26381c363872,2026-07-15T19:15:00Z,2026-07-15T21:15:00+0200,7878.52743,MW,DE,DE_LU,forecast_onshore_wind_generation,Wind Onshore,2026-08-10T05:27:26Z
2026-08-10T05:25:30Z,2026-08-10T07:25:30+0200,4362fe35-cfeb-4c3c-9399-26381c363872,2026-07-15T19:30:00Z,2026-07-15T21:30:00+0200,8056.29469,MW,DE,DE_LU,forecast_onshore_wind_generation,Wind Onshore,2026-08-10T05:27:26Z
2026-08-10T05:25:30Z,2026-08-10T07:25:30+0200,4362fe35-cfeb-4c3c-9399-26381c363872,2026-07-15T19:45:00Z,2026-07-15T21:45:00+0200,8236.08562,MW,DE,DE_LU,forecast_onshore_wind_generation,Wind Onshore,2026-08-10T05:27:26Z
2026-08-10T05:25:30Z,2026-08-10T07:25:30+0200,4362fe35-cfeb-4c3c-9399-26381c363872,2026-07-15T20:00:00Z,2026-07-15T22:00:00+0200,8391.44269,MW,DE,DE_LU,forecast_onshore_wind_generation,Wind Onshore,2026-08-10T05:27:26Z
2026-08-10T05:25:30Z,2026-08-10T07:25:30+0200,4362fe35-cfeb-4c3c-9399-26381c363872,2026-07-15T20:15:00Z,2026-07-15T22:15:00+0200,8425.67556,MW,DE,DE_LU,forecast_onshore_wind_generation,Wind Onshore,2026-08-10T05:27:26Z
2026-08-10T05:25:30Z,2026-08-10T07:25:30+0200,4362fe35-cfeb-4c3c-9399-26381c363872,2026-07-15T20:30:00Z,2026-07-15T22:30:00+0200,8466.77883,MW,DE,DE_LU,forecast_onshore_wind_generation,Wind Onshore,2026-08-10T05:27:26Z
2026-08-10T05:25:30Z,2026-08-10T07:25:30+0200,4362fe35-cfeb-4c3c-9399-26381c363872,2026-07-15T20:45:00Z,2026-07-15T22:45:00+0200,8490.78858,MW,DE,DE_LU,forecast_onshore_wind_generation,Wind Onshore,2026-08-10T05:27:26Z
2026-08-10T05:25:30Z,2026-08-10T07:25:30+0200,4362fe35-cfeb-4c3c-9399-26381c363872,2026-07-15T21:00:00Z,2026-07-15T23:00:00+0200,8506.09414,MW,DE,DE_LU,forecast_onshore_wind_generation,Wind Onshore,2026-08-10T05:27:26Z
2026-08-10T05:25:30Z,2026-08-10T07:25:30+0200,4362fe35-cfeb-4c3c-9399-26381c363872,2026-07-15T21:15:00Z,2026-07-15T23:15:00+0200,8373.98445,MW,DE,DE_LU,forecast_onshore_wind_generation,Wind Onshore,2026-08-10T05:27:26Z
2026-08-10T05:25:30Z,2026-08-10T07:25:30+0200,4362fe35-cfeb-4c3c-9399-26381c363872,2026-07-15T21:30:00Z,2026-07-15T23:30:00+0200,8243.66577,MW,DE,DE_LU,forecast_onshore_wind_generation,Wind Onshore,2026-08-10T05:27:26Z
2026-08-10T05:25:30Z,2026-08-10T07:25:30+0200,4362fe35-cfeb-4c3c-9399-26381c363872,2026-07-15T21:45:00Z,2026-07-15T23:45:00+0200,8086.7519,MW,DE,DE_LU,forecast_onshore_wind_generation,Wind Onshore,2026-08-10T05:27:26Z
2026-08-10T05:25:30Z,2026-08-10T07:25:30+0200,4362fe35-cfeb-4c3c-9399-26381c363872,2026-07-15T22:00:00Z,2026-07-16T00:00:00+0200,8365.22185,MW,DE,DE_LU,forecast_onshore_wind_generation,Wind Onshore,2026-08-10T05:27:26Z
2026-08-10T05:25:30Z,2026-08-10T07:25:30+0200,4362fe35-cfeb-4c3c-9399-26381c363872,2026-07-15T22:15:00Z,2026-07-16T00:15:00+0200,8054.81212,MW,DE,DE_LU,forecast_onshore_wind_generation,Wind Onshore,2026-08-10T05:27:26Z
2026-08-10T05:25:30Z,2026-08-10T07:25:30+0200,4362fe35-cfeb-4c3c-9399-26381c363872,2026-07-15T22:30:00Z,2026-07-16T00:30:00+0200,7741.85411,MW,DE,DE_LU,forecast_onshore_wind_generation,Wind Onshore,2026-08-10T05:27:26Z
2026-08-10T05:25:30Z,2026-08-10T07:25:30+0200,4362fe35-cfeb-4c3c-9399-26381c363872,2026-07-15T22:45:00Z,2026-07-16T00:45:00+0200,7425.75918,MW,DE,DE_LU,forecast_onshore_wind_generation,Wind Onshore,2026-08-10T05:27:26Z
2026-08-10T05:25:30Z,2026-08-10T07:25:30+0200,4362fe35-cfeb-4c3c-9399-26381c363872,2026-07-15T23:00:00Z,2026-07-16T01:00:00+0200,7143.15122,MW,DE,DE_LU,forecast_onshore_wind_generation,Wind Onshore,2026-08-10T05:27:26Z
2026-08-10T05:25:30Z,2026-08-10T07:25:30+0200,4362fe35-cfeb-4c3c-9399-26381c363872,2026-07-15T23:15:00Z,2026-07-16T01:15:00+0200,6880.60424,MW,DE,DE_LU,forecast_onshore_wind_generation,Wind Onshore,2026-08-10T05:27:26Z
2026-08-10T05:25:30Z,2026-08-10T07:25:30+0200,4362fe35-cfeb-4c3c-9399-26381c363872,2026-07-15T23:30:00Z,2026-07-16T01:30:00+0200,6653.49663,MW,DE,DE_LU,forecast_onshore_wind_generation,Wind Onshore,2026-08-10T05:27:26Z
2026-08-10T05:25:30Z,2026-08-10T07:25:30+0200,4362fe35-cfeb-4c3c-9399-26381c363872,2026-07-15T23:45:00Z,2026-07-16T01:45:00+0200,6475.81985,MW,DE,DE_LU,forecast_onshore_wind_generation,Wind Onshore,2026-08-10T05:27:26Z
2026-08-10T05:25:30Z,2026-08-10T07:25:30+0200,4362fe35-cfeb-4c3c-9399-26381c363872,2026-07-16T00:00:00Z,2026-07-16T02:00:00+0200,6385.10581,MW,DE,DE_LU,forecast_onshore_wind_generation,Wind Onshore,2026-08-10T05:27:26Z
2026-08-10T05:25:30Z,2026-08-10T07:25:30+0200,4362fe35-cfeb-4c3c-9399-26381c363872,2026-07-16T00:15:00Z,2026-07-16T02:15:00+0200,6249.02007,MW,DE,DE_LU,forecast_onshore_wind_generation,Wind Onshore,2026-08-10T05:27:26Z
2026-08-10T05:25:30Z,2026-08-10T07:25:30+0200,4362fe35-cfeb-4c3c-9399-26381c363872,2026-07-16T00:30:00Z,2026-07-16T02:30:00+0200,6067.3615,MW,DE,DE_LU,forecast_onshore_wind_generation,Wind Onshore,2026-08-10T05:27:26Z
2026-08-10T05:25:30Z,2026-08-10T07:25:30+0200,4362fe35-cfeb-4c3c-9399-26381c363872,2026-07-16T00:45:00Z,2026-07-16T02:45:00+0200,5874.33101,MW,DE,DE_LU,forecast_onshore_wind_generation,Wind Onshore,2026-08-10T05:27:26Z
2026-08-10T05:25:30Z,2026-08-10T07:25:30+0200,4362fe35-cfeb-4c3c-9399-26381c363872,2026-07-16T01:00:00Z,2026-07-16T03:00:00+0200,5658.50492,MW,DE,DE_LU,forecast_onshore_wind_generation,Wind Onshore,2026-08-10T05:27:26Z
2026-08-10T05:25:30Z,2026-08-10T07:25:30+0200,4362fe35-cfeb-4c3c-9399-26381c363872,2026-07-16T01:15:00Z,2026-07-16T03:15:00+0200,5451.614,MW,DE,DE_LU,forecast_onshore_wind_generation,Wind Onshore,2026-08-10T05:27:26Z
2026-08-10T05:25:30Z,2026-08-10T07:25:30+0200,4362fe35-cfeb-4c3c-9399-26381c363872,2026-07-16T01:30:00Z,2026-07-16T03:30:00+0200,5242.2135,MW,DE,DE_LU,forecast_onshore_wind_generation,Wind Onshore,2026-08-10T05:27:26Z
2026-08-10T05:25:30Z,2026-08-10T07:25:30+0200,4362fe35-cfeb-4c3c-9399-26381c363872,2026-07-16T01:45:00Z,2026-07-16T03:45:00+0200,5034.72614,MW,DE,DE_LU,forecast_onshore_wind_generation,Wind Onshore,2026-08-10T05:27:26Z
2026-08-10T05:25:30Z,2026-08-10T07:25:30+0200,4362fe35-cfeb-4c3c-9399-26381c363872,2026-07-16T02:00:00Z,2026-07-16T04:00:00+0200,4835.77948,MW,DE,DE_LU,forecast_onshore_wind_generation,Wind Onshore,2026-08-10T05:27:26Z
2026-08-10T05:25:30Z,2026-08-10T07:25:30+0200,4362fe35-cfeb-4c3c-9399-26381c363872,2026-07-16T02:15:00Z,2026-07-16T04:15:00+0200,4681.33254,MW,DE,DE_LU,forecast_onshore_wind_generation,Wind Onshore,2026-08-10T05:27:26Z
2026-08-10T05:25:30Z,2026-08-10T07:25:30+0200,4362fe35-cfeb-4c3c-9399-26381c363872,2026-07-16T02:30:00Z,2026-07-16T04:30:00+0200,4529.31799,MW,DE,DE_LU,forecast_onshore_wind_generation,Wind Onshore,2026-08-10T05:27:26Z
2026-08-10T05:25:30Z,2026-08-10T07:25:30+0200,4362fe35-cfeb-4c3c-9399-26381c363872,2026-07-16T02:45:00Z,2026-07-16T04:45:00+0200,4383.34447,MW,DE,DE_LU,forecast_onshore_wind_generation,Wind Onshore,2026-08-10T05:27:26Z
2026-08-10T05:25:30Z,2026-08-10T07:25:30+0200,4362fe35-cfeb-4c3c-9399-26381c363872,2026-07-16T03:00:00Z,2026-07-16T05:00:00+0200,4245.31953,MW,DE,DE_LU,forecast_onshore_wind_generation,Wind Onshore,2026-08-10T05:27:26Z
2026-08-10T05:25:30Z,2026-08-10T07:25:30+0200,4362fe35-cfeb-4c3c-9399-26381c363872,2026-07-16T03:15:00Z,2026-07-16T05:15:00+0200,4120.40007,MW,DE,DE_LU,forecast_onshore_wind_generation,Wind Onshore,2026-08-10T05:27:26Z
2026-08-10T05:25:30Z,2026-08-10T07:25:30+0200,4362fe35-cfeb-4c3c-9399-26381c363872,2026-07-16T03:30:00Z,2026-07-16T05:30:00+0200,3997.6698,MW,DE,DE_LU,forecast_onshore_wind_generation,Wind Onshore,2026-08-10T05:27:26Z
2026-08-10T05:25:30Z,2026-08-10T07:25:30+0200,4362fe35-cfeb-4c3c-9399-26381c363872,2026-07-16T03:45:00Z,2026-07-16T05:45:00+0200,3891.28534,MW,DE,DE_LU,forecast_onshore_wind_generation,Wind Onshore,2026-08-10T05:27:26Z
2026-08-10T05:25:30Z,2026-08-10T07:25:30+0200,4362fe35-cfeb-4c3c-9399-26381c363872,2026-07-16T04:00:00Z,2026-07-16T06:00:00+0200,3814.01523,MW,DE,DE_LU,forecast_onshore_wind_generation,Wind Onshore,2026-08-10T05:27:26Z
2026-08-10T05:25:30Z,2026-08-10T07:25:30+0200,4362fe35-cfeb-4c3c-9399-26381c363872,2026-07-16T04:15:00Z,2026-07-16T06:15:00+0200,3640.38791,MW,DE,DE_LU,forecast_onshore_wind_generation,Wind Onshore,2026-08-10T05:27:26Z
2026-08-10T05:25:30Z,2026-08-10T07:25:30+0200,4362fe35-cfeb-4c3c-9399-26381c363872,2026-07-16T04:30:00Z,2026-07-16T06:30:00+0200,3449.97591,MW,DE,DE_LU,forecast_onshore_wind_generation,Wind Onshore,2026-08-10T05:27:26Z
2026-08-10T05:25:30Z,2026-08-10T07:25:30+0200,4362fe35-cfeb-4c3c-9399-26381c363872,2026-07-16T04:45:00Z,2026-07-16T06:45:00+0200,3251.78017,MW,DE,DE_LU,forecast_onshore_wind_generation,Wind Onshore,2026-08-10T05:27:26Z
2026-08-10T05:25:30Z,2026-08-10T07:25:30+0200,4362fe35-cfeb-4c3c-9399-26381c363872,2026-07-16T05:00:00Z,2026-07-16T07:00:00+0200,3040.4216,MW,DE,DE_LU,forecast_onshore_wind_generation,Wind Onshore,2026-08-10T05:27:26Z
2026-08-10T05:25:30Z,2026-08-10T07:25:30+0200,4362fe35-cfeb-4c3c-9399-26381c363872,2026-07-16T05:15:00Z,2026-07-16T07:15:00+0200,2689.81591,MW,DE,DE_LU,forecast_onshore_wind_generation,Wind Onshore,2026-08-10T05:27:26Z
2026-08-10T05:25:30Z,2026-08-10T07:25:30+0200,4362fe35-cfeb-4c3c-9399-26381c363872,2026-07-16T05:30:00Z,2026-07-16T07:30:00+0200,2353.94329,MW,DE,DE_LU,forecast_onshore_wind_generation,Wind Onshore,2026-08-10T05:27:26Z
2026-08-10T05:25:30Z,2026-08-10T07:25:30+0200,4362fe35-cfeb-4c3c-9399-26381c363872,2026-07-16T05:45:00Z,2026-07-16T07:45:00+0200,2047.43679,MW,DE,DE_LU,forecast_onshore_wind_generation,Wind Onshore,2026-08-10T05:27:26Z
2026-08-10T05:25:30Z,2026-08-10T07:25:30+0200,4362fe35-cfeb-4c3c-9399-26381c363872,2026-07-16T06:00:00Z,2026-07-16T08:00:00+0200,1832.87504,MW,DE,DE_LU,forecast_onshore_wind_generation,Wind Onshore,2026-08-10T05:27:26Z
2026-08-10T05:25:30Z,2026-08-10T07:25:30+0200,4362fe35-cfeb-4c3c-9399-26381c363872,2026-07-16T06:15:00Z,2026-07-16T08:15:00+0200,1657.53045,MW,DE,DE_LU,forecast_onshore_wind_generation,Wind Onshore,2026-08-10T05:27:26Z
2026-08-10T05:25:30Z,2026-08-10T07:25:30+0200,4362fe35-cfeb-4c3c-9399-26381c363872,2026-07-16T06:30:00Z,2026-07-16T08:30:00+0200,1461.66904,MW,DE,DE_LU,forecast_onshore_wind_generation,Wind Onshore,2026-08-10T05:27:26Z
2026-08-10T05:25:30Z,2026-08-10T07:25:30+0200,4362fe35-cfeb-4c3c-9399-26381c363872,2026-07-16T06:45:00Z,2026-07-16T08:45:00+0200,1259.96837,MW,DE,DE_LU,forecast_onshore_wind_generation,Wind Onshore,2026-08-10T05:27:26Z
2026-08-10T05:25:30Z,2026-08-10T07:25:30+0200,4362fe35-cfeb-4c3c-9399-26381c363872,2026-07-16T07:00:00Z,2026-07-16T09:00:00+0200,1060.08331,MW,DE,DE_LU,forecast_onshore_wind_generation,Wind Onshore,2026-08-10T05:27:26Z
2026-08-10T05:25:30Z,2026-08-10T07:25:30+0200,4362fe35-cfeb-4c3c-9399-26381c363872,2026-07-16T07:15:00Z,2026-07-16T09:15:00+0200,1014.29612,MW,DE,DE_LU,forecast_onshore_wind_generation,Wind Onshore,2026-08-10T05:27:26Z
2026-08-10T05:25:30Z,2026-08-10T07:25:30+0200,4362fe35-cfeb-4c3c-9399-26381c363872,2026-07-16T07:30:00Z,2026-07-16T09:30:00+0200,973.04346,MW,DE,DE_LU,forecast_onshore_wind_generation,Wind Onshore,2026-08-10T05:27:26Z
2026-08-10T05:25:30Z,2026-08-10T07:25:30+0200,4362fe35-cfeb-4c3c-9399-26381c363872,2026-07-16T07:45:00Z,2026-07-16T09:45:00+0200,929.34915,MW,DE,DE_LU,forecast_onshore_wind_generation,Wind Onshore,2026-08-10T05:27:26Z
2026-08-10T05:25:30Z,2026-08-10T07:25:30+0200,4362fe35-cfeb-4c3c-9399-26381c363872,2026-07-16T08:00:00Z,2026-07-16T10:00:00+0200,885.00245,MW,DE,DE_LU,forecast_onshore_wind_generation,Wind Onshore,2026-08-10T05:27:26Z
2026-08-10T05:25:30Z,2026-08-10T07:25:30+0200,4362fe35-cfeb-4c3c-9399-26381c363872,2026-07-16T08:15:00Z,2026-07-16T10:15:00+0200,880.0245,MW,DE,DE_LU,forecast_onshore_wind_generation,Wind Onshore,2026-08-10T05:27:26Z
2026-08-10T05:25:30Z,2026-08-10T07:25:30+0200,4362fe35-cfeb-4c3c-9399-26381c363872,2026-07-16T08:30:00Z,2026-07-16T10:30:00+0200,873.14134,MW,DE,DE_LU,forecast_onshore_wind_generation,Wind Onshore,2026-08-10T05:27:26Z
2026-08-10T05:25:30Z,2026-08-10T07:25:30+0200,4362fe35-cfeb-4c3c-9399-26381c363872,2026-07-16T08:45:00Z,2026-07-16T10:45:00+0200,866.75904,MW,DE,DE_LU,forecast_onshore_wind_generation,Wind Onshore,2026-08-10T05:27:26Z
2026-08-10T05:25:30Z,2026-08-10T07:25:30+0200,4362fe35-cfeb-4c3c-9399-26381c363872,2026-07-16T09:00:00Z,2026-07-16T11:00:00+0200,865.26895,MW,DE,DE_LU,forecast_onshore_wind_generation,Wind Onshore,2026-08-10T05:27:26Z
2026-08-10T05:25:30Z,2026-08-10T07:25:30+0200,4362fe35-cfeb-4c3c-9399-26381c363872,2026-07-16T09:15:00Z,2026-07-16T11:15:00+0200,858.92117,MW,DE,DE_LU,forecast_onshore_wind_generation,Wind Onshore,2026-08-10T05:27:26Z
2026-08-10T05:25:30Z,2026-08-10T07:25:30+0200,4362fe35-cfeb-4c3c-9399-26381c363872,2026-07-16T09:30:00Z,2026-07-16T11:30:00+0200,863.33122,MW,DE,DE_LU,forecast_onshore_wind_generation,Wind Onshore,2026-08-10T05:27:26Z
2026-08-10T05:25:30Z,2026-08-10T07:25:30+0200,4362fe35-cfeb-4c3c-9399-26381c363872,2026-07-16T09:45:00Z,2026-07-16T11:45:00+0200,860.69299,MW,DE,DE_LU,forecast_onshore_wind_generation,Wind Onshore,2026-08-10T05:27:26Z
2026-08-10T05:25:30Z,2026-08-10T07:25:30+0200,4362fe35-cfeb-4c3c-9399-26381c363872,2026-07-16T10:00:00Z,2026-07-16T12:00:00+0200,866.68238,MW,DE,DE_LU,forecast_onshore_wind_generation,Wind Onshore,2026-08-10T05:27:26Z
2026-08-10T05:25:30Z,2026-08-10T07:25:30+0200,4362fe35-cfeb-4c3c-9399-26381c363872,2026-07-16T10:15:00Z,2026-07-16T12:15:00+0200,878.16964,MW,DE,DE_LU,forecast_onshore_wind_generation,Wind Onshore,2026-08-10T05:27:26Z
2026-08-10T05:25:30Z,2026-08-10T07:25:30+0200,4362fe35-cfeb-4c3c-9399-26381c363872,2026-07-16T10:30:00Z,2026-07-16T12:30:00+0200,885.72611,MW,DE,DE_LU,forecast_onshore_wind_generation,Wind Onshore,2026-08-10T05:27:26Z
2026-08-10T05:25:30Z,2026-08-10T07:25:30+0200,4362fe35-cfeb-4c3c-9399-26381c363872,2026-07-16T10:45:00Z,2026-07-16T12:45:00+0200,887.9511,MW,DE,DE_LU,forecast_onshore_wind_generation,Wind Onshore,2026-08-10T05:27:26Z
2026-08-10T05:25:30Z,2026-08-10T07:25:30+0200,4362fe35-cfeb-4c3c-9399-26381c363872,2026-07-16T11:00:00Z,2026-07-16T13:00:00+0200,890.12636,MW,DE,DE_LU,forecast_onshore_wind_generation,Wind Onshore,2026-08-10T05:27:26Z
2026-08-10T05:25:30Z,2026-08-10T07:25:30+0200,4362fe35-cfeb-4c3c-9399-26381c363872,2026-07-16T11:15:00Z,2026-07-16T13:15:00+0200,907.17926,MW,DE,DE_LU,forecast_onshore_wind_generation,Wind Onshore,2026-08-10T05:27:26Z
2026-08-10T05:25:30Z,2026-08-10T07:25:30+0200,4362fe35-cfeb-4c3c-9399-26381c363872,2026-07-16T11:30:00Z,2026-07-16T13:30:00+0200,925.71682,MW,DE,DE_LU,forecast_onshore_wind_generation,Wind Onshore,2026-08-10T05:27:26Z
2026-08-10T05:25:30Z,2026-08-10T07:25:30+0200,4362fe35-cfeb-4c3c-9399-26381c363872,2026-07-16T11:45:00Z,2026-07-16T13:45:00+0200,953.558,MW,DE,DE_LU,forecast_onshore_wind_generation,Wind Onshore,2026-08-10T05:27:26Z
2026-08-10T05:25:30Z,2026-08-10T07:25:30+0200,4362fe35-cfeb-4c3c-9399-26381c363872,2026-07-16T12:00:00Z,2026-07-16T14:00:00+0200,988.8265,MW,DE,DE_LU,forecast_onshore_wind_generation,Wind Onshore,2026-08-10T05:27:26Z
2026-08-10T05:25:30Z,2026-08-10T07:25:30+0200,4362fe35-cfeb-4c3c-9399-26381c363872,2026-07-16T12:15:00Z,2026-07-16T14:15:00+0200,1046.8066,MW,DE,DE_LU,forecast_onshore_wind_generation,Wind Onshore,2026-08-10T05:27:26Z
2026-08-10T05:25:30Z,2026-08-10T07:25:30+0200,4362fe35-cfeb-4c3c-9399-26381c363872,2026-07-16T12:30:00Z,2026-07-16T14:30:00+0200,1098.98804,MW,DE,DE_LU,forecast_onshore_wind_generation,Wind Onshore,2026-08-10T05:27:26Z
2026-08-10T05:25:30Z,2026-08-10T07:25:30+0200,4362fe35-cfeb-4c3c-9399-26381c363872,2026-07-16T12:45:00Z,2026-07-16T14:45:00+0200,1151.10443,MW,DE,DE_LU,forecast_onshore_wind_generation,Wind Onshore,2026-08-10T05:27:26Z
2026-08-10T05:25:30Z,2026-08-10T07:25:30+0200,4362fe35-cfeb-4c3c-9399-26381c363872,2026-07-16T13:00:00Z,2026-07-16T15:00:00+0200,1204.77096,MW,DE,DE_LU,forecast_onshore_wind_generation,Wind Onshore,2026-08-10T05:27:26Z
2026-08-10T05:25:30Z,2026-08-10T07:25:30+0200,4362fe35-cfeb-4c3c-9399-26381c363872,2026-07-16T13:15:00Z,2026-07-16T15:15:00+0200,1279.48979,MW,DE,DE_LU,forecast_onshore_wind_generation,Wind Onshore,2026-08-10T05:27:26Z
2026-08-10T05:25:30Z,2026-08-10T07:25:30+0200,4362fe35-cfeb-4c3c-9399-26381c363872,2026-07-16T13:30:00Z,2026-07-16T15:30:00+0200,1359.77412,MW,DE,DE_LU,forecast_onshore_wind_generation,Wind Onshore,2026-08-10T05:27:26Z
2026-08-10T05:25:30Z,2026-08-10T07:25:30+0200,4362fe35-cfeb-4c3c-9399-26381c363872,2026-07-16T13:45:00Z,2026-07-16T15:45:00+0200,1423.62523,MW,DE,DE_LU,forecast_onshore_wind_generation,Wind Onshore,2026-08-10T05:27:26Z
2026-08-10T05:25:30Z,2026-08-10T07:25:30+0200,4362fe35-cfeb-4c3c-9399-26381c363872,2026-07-16T14:00:00Z,2026-07-16T16:00:00+0200,1488.58619,MW,DE,DE_LU,forecast_onshore_wind_generation,Wind Onshore,2026-08-10T05:27:26Z
2026-08-10T05:25:30Z,2026-08-10T07:25:30+0200,4362fe35-cfeb-4c3c-9399-26381c363872,2026-07-16T14:15:00Z,2026-07-16T16:15:00+0200,1563.12059,MW,DE,DE_LU,forecast_onshore_wind_generation,Wind Onshore,2026-08-10T05:27:26Z
2026-08-10T05:25:30Z,2026-08-10T07:25:30+0200,4362fe35-cfeb-4c3c-9399-26381c363872,2026-07-16T14:30:00Z,2026-07-16T16:30:00+0200,1632.76079,MW,DE,DE_LU,forecast_onshore_wind_generation,Wind Onshore,2026-08-10T05:27:26Z
2026-08-10T05:25:30Z,2026-08-10T07:25:30+0200,4362fe35-cfeb-4c3c-9399-26381c363872,2026-07-16T14:45:00Z,2026-07-16T16:45:00+0200,1703.12143,MW,DE,DE_LU,forecast_onshore_wind_generation,Wind Onshore,2026-08-10T05:27:26Z
2026-08-10T05:25:30Z,2026-08-10T07:25:30+0200,4362fe35-cfeb-4c3c-9399-26381c363872,2026-07-16T15:00:00Z,2026-07-16T17:00:00+0200,1771.2369,MW,DE,DE_LU,forecast_onshore_wind_generation,Wind Onshore,2026-08-10T05:27:26Z
2026-08-10T05:25:30Z,2026-08-10T07:25:30+0200,4362fe35-cfeb-4c3c-9399-26381c363872,2026-07-16T15:15:00Z,2026-07-16T17:15:00+0200,1891.00808,MW,DE,DE_LU,forecast_onshore_wind_generation,Wind Onshore,2026-08-10T05:27:26Z
2026-08-10T05:25:30Z,2026-08-10T07:25:30+0200,4362fe35-cfeb-4c3c-9399-26381c363872,2026-07-16T15:30:00Z,2026-07-16T17:30:00+0200,1999.12406,MW,DE,DE_LU,forecast_onshore_wind_generation,Wind Onshore,2026-08-10T05:27:26Z
2026-08-10T05:25:30Z,2026-08-10T07:25:30+0200,4362fe35-cfeb-4c3c-9399-26381c363872,2026-07-16T15:45:00Z,2026-07-16T17:45:00+0200,2112.88846,MW,DE,DE_LU,forecast_onshore_wind_generation,Wind Onshore,2026-08-10T05:27:26Z
2026-08-10T05:25:30Z,2026-08-10T07:25:30+0200,4362fe35-cfeb-4c3c-9399-26381c363872,2026-07-16T16:00:00Z,2026-07-16T18:00:00+0200,2212.77102,MW,DE,DE_LU,forecast_onshore_wind_generation,Wind Onshore,2026-08-10T05:27:26Z
2026-08-10T05:25:30Z,2026-08-10T07:25:30+0200,4362fe35-cfeb-4c3c-9399-26381c363872,2026-07-16T16:15:00Z,2026-07-16T18:15:00+0200,2246.76689,MW,DE,DE_LU,forecast_onshore_wind_generation,Wind Onshore,2026-08-10T05:27:26Z
2026-08-10T05:25:30Z,2026-08-10T07:25:30+0200,4362fe35-cfeb-4c3c-9399-26381c363872,2026-07-16T16:30:00Z,2026-07-16T18:30:00+0200,2271.61645,MW,DE,DE_LU,forecast_onshore_wind_generation,Wind Onshore,2026-08-10T05:27:26Z
2026-08-10T05:25:30Z,2026-08-10T07:25:30+0200,4362fe35-cfeb-4c3c-9399-26381c363872,2026-07-16T16:45:00Z,2026-07-16T18:45:00+0200,2348.98477,MW,DE,DE_LU,forecast_onshore_wind_generation,Wind Onshore,2026-08-10T05:27:26Z
2026-08-10T05:25:30Z,2026-08-10T07:25:30+0200,4362fe35-cfeb-4c3c-9399-26381c363872,2026-07-16T17:00:00Z,2026-07-16T19:00:00+0200,2416.35949,MW,DE,DE_LU,forecast_onshore_wind_generation,Wind Onshore,2026-08-10T05:27:26Z
2026-08-10T05:25:30Z,2026-08-10T07:25:30+0200,4362fe35-cfeb-4c3c-9399-26381c363872,2026-07-16T17:15:00Z,2026-07-16T19:15:00+0200,2525.17878,MW,DE,DE_LU,forecast_onshore_wind_generation,Wind Onshore,2026-08-10T05:27:26Z
2026-08-10T05:25:30Z,2026-08-10T07:25:30+0200,4362fe35-cfeb-4c3c-9399-26381c363872,2026-07-16T17:30:00Z,2026-07-16T19:30:00+0200,2657.50878,MW,DE,DE_LU,forecast_onshore_wind_generation,Wind Onshore,2026-08-10T05:27:26Z
2026-08-10T05:25:30Z,2026-08-10T07:25:30+0200,4362fe35-cfeb-4c3c-9399-26381c363872,2026-07-16T17:45:00Z,2026-07-16T19:45:00+0200,2768.92105,MW,DE,DE_LU,forecast_onshore_wind_generation,Wind Onshore,2026-08-10T05:27:26Z
2026-08-10T05:25:30Z,2026-08-10T07:25:30+0200,4362fe35-cfeb-4c3c-9399-26381c363872,2026-07-16T18:00:00Z,2026-07-16T20:00:00+0200,2899.06593,MW,DE,DE_LU,forecast_onshore_wind_generation,Wind Onshore,2026-08-10T05:27:26Z
2026-08-10T05:25:30Z,2026-08-10T07:25:30+0200,4362fe35-cfeb-4c3c-9399-26381c363872,2026-07-16T18:15:00Z,2026-07-16T20:15:00+0200,3137.64062,MW,DE,DE_LU,forecast_onshore_wind_generation,Wind Onshore,2026-08-10T05:27:26Z
2026-08-10T05:25:30Z,2026-08-10T07:25:30+0200,4362fe35-cfeb-4c3c-9399-26381c363872,2026-07-16T18:30:00Z,2026-07-16T20:30:00+0200,3352.36565,MW,DE,DE_LU,forecast_onshore_wind_generation,Wind Onshore,2026-08-10T05:27:26Z
2026-08-10T05:25:30Z,2026-08-10T07:25:30+0200,4362fe35-cfeb-4c3c-9399-26381c363872,2026-07-16T18:45:00Z,2026-07-16T20:45:00+0200,3513.31623,MW,DE,DE_LU,forecast_onshore_wind_generation,Wind Onshore,2026-08-10T05:27:26Z
2026-08-10T05:25:30Z,2026-08-10T07:25:30+0200,4362fe35-cfeb-4c3c-9399-26381c363872,2026-07-16T19:00:00Z,2026-07-16T21:00:00+0200,3661.12983,MW,DE,DE_LU,forecast_onshore_wind_generation,Wind Onshore,2026-08-10T05:27:26Z
2026-08-10T05:25:30Z,2026-08-10T07:25:30+0200,4362fe35-cfeb-4c3c-9399-26381c363872,2026-07-16T19:15:00Z,2026-07-16T21:15:00+0200,3942.33234,MW,DE,DE_LU,forecast_onshore_wind_generation,Wind Onshore,2026-08-10T05:27:26Z
2026-08-10T05:25:30Z,2026-08-10T07:25:30+0200,4362fe35-cfeb-4c3c-9399-26381c363872,2026-07-16T19:30:00Z,2026-07-16T21:30:00+0200,4313.13592,MW,DE,DE_LU,forecast_onshore_wind_generation,Wind Onshore,2026-08-10T05:27:26Z
2026-08-10T05:25:30Z,2026-08-10T07:25:30+0200,4362fe35-cfeb-4c3c-9399-26381c363872,2026-07-16T19:45:00Z,2026-07-16T21:45:00+0200,4713.38489,MW,DE,DE_LU,forecast_onshore_wind_generation,Wind Onshore,2026-08-10T05:27:26Z
2026-08-10T05:25:30Z,2026-08-10T07:25:30+0200,4362fe35-cfeb-4c3c-9399-26381c363872,2026-07-16T20:00:00Z,2026-07-16T22:00:00+0200,5119.70552,MW,DE,DE_LU,forecast_onshore_wind_generation,Wind Onshore,2026-08-10T05:27:26Z
2026-08-10T05:25:30Z,2026-08-10T07:25:30+0200,4362fe35-cfeb-4c3c-9399-26381c363872,2026-07-16T20:15:00Z,2026-07-16T22:15:00+0200,5403.90813,MW,DE,DE_LU,forecast_onshore_wind_generation,Wind Onshore,2026-08-10T05:27:26Z
2026-08-10T05:25:30Z,2026-08-10T07:25:30+0200,4362fe35-cfeb-4c3c-9399-26381c363872,2026-07-16T20:30:00Z,2026-07-16T22:30:00+0200,5694.74785,MW,DE,DE_LU,forecast_onshore_wind_generation,Wind Onshore,2026-08-10T05:27:26Z
2026-08-10T05:25:30Z,2026-08-10T07:25:30+0200,4362fe35-cfeb-4c3c-9399-26381c363872,2026-07-16T20:45:00Z,2026-07-16T22:45:00+0200,5975.89979,MW,DE,DE_LU,forecast_onshore_wind_generation,Wind Onshore,2026-08-10T05:27:26Z
2026-08-10T05:25:30Z,2026-08-10T07:25:30+0200,4362fe35-cfeb-4c3c-9399-26381c363872,2026-07-16T21:00:00Z,2026-07-16T23:00:00+0200,6246.3359,MW,DE,DE_LU,forecast_onshore_wind_generation,Wind Onshore,2026-08-10T05:27:26Z
2026-08-10T05:25:30Z,2026-08-10T07:25:30+0200,4362fe35-cfeb-4c3c-9399-26381c363872,2026-07-16T21:15:00Z,2026-07-16T23:15:00+0200,6327.28844,MW,DE,DE_LU,forecast_onshore_wind_generation,Wind Onshore,2026-08-10T05:27:26Z
2026-08-10T05:25:30Z,2026-08-10T07:25:30+0200,4362fe35-cfeb-4c3c-9399-26381c363872,2026-07-16T21:30:00Z,2026-07-16T23:30:00+0200,6409.04488,MW,DE,DE_LU,forecast_onshore_wind_generation,Wind Onshore,2026-08-10T05:27:26Z
2026-08-10T05:25:30Z,2026-08-10T07:25:30+0200,4362fe35-cfeb-4c3c-9399-26381c363872,2026-07-16T21:45:00Z,2026-07-16T23:45:00+0200,6487.2757,MW,DE,DE_LU,forecast_onshore_wind_generation,Wind Onshore,2026-08-10T05:27:26Z
2026-08-10T05:25:30Z,2026-08-10T07:25:30+0200,4362fe35-cfeb-4c3c-9399-26381c363872,2026-07-16T22:00:00Z,2026-07-17T00:00:00+0200,6346.85093,MW,DE,DE_LU,forecast_onshore_wind_generation,Wind Onshore,2026-08-10T05:27:26Z
2026-08-10T05:25:30Z,2026-08-10T07:25:30+0200,4362fe35-cfeb-4c3c-9399-26381c363872,2026-07-16T22:15:00Z,2026-07-17T00:15:00+0200,6334.96693,MW,DE,DE_LU,forecast_onshore_wind_generation,Wind Onshore,2026-08-10T05:27:26Z
2026-08-10T05:25:30Z,2026-08-10T07:25:30+0200,4362fe35-cfeb-4c3c-9399-26381c363872,2026-07-16T22:30:00Z,2026-07-17T00:30:00+0200,6308.4681,MW,DE,DE_LU,forecast_onshore_wind_generation,Wind Onshore,2026-08-10T05:27:26Z
2026-08-10T05:25:30Z,2026-08-10T07:25:30+0200,4362fe35-cfeb-4c3c-9399-26381c363872,2026-07-16T22:45:00Z,2026-07-17T00:45:00+0200,6268.25105,MW,DE,DE_LU,forecast_onshore_wind_generation,Wind Onshore,2026-08-10T05:27:26Z
2026-08-10T05:25:30Z,2026-08-10T07:25:30+0200,4362fe35-cfeb-4c3c-9399-26381c363872,2026-07-16T23:00:00Z,2026-07-17T01:00:00+0200,6252.39763,MW,DE,DE_LU,forecast_onshore_wind_generation,Wind Onshore,2026-08-10T05:27:26Z
2026-08-10T05:25:30Z,2026-08-10T07:25:30+0200,4362fe35-cfeb-4c3c-9399-26381c363872,2026-07-16T23:15:00Z,2026-07-17T01:15:00+0200,6183.44108,MW,DE,DE_LU,forecast_onshore_wind_generation,Wind Onshore,2026-08-10T05:27:26Z
2026-08-10T05:25:30Z,2026-08-10T07:25:30+0200,4362fe35-cfeb-4c3c-9399-26381c363872,2026-07-16T23:30:00Z,2026-07-17T01:30:00+0200,6134.00823,MW,DE,DE_LU,forecast_onshore_wind_generation,Wind Onshore,2026-08-10T05:27:26Z
2026-08-10T05:25:30Z,2026-08-10T07:25:30+0200,4362fe35-cfeb-4c3c-9399-26381c363872,2026-07-16T23:45:00Z,2026-07-17T01:45:00+0200,6113.36526,MW,DE,DE_LU,forecast_onshore_wind_generation,Wind Onshore,2026-08-10T05:27:26Z
2026-08-10T05:25:30Z,2026-08-10T07:25:30+0200,4362fe35-cfeb-4c3c-9399-26381c363872,2026-07-17T00:00:00Z,2026-07-17T02:00:00+0200,6122.61438,MW,DE,DE_LU,forecast_onshore_wind_generation,Wind Onshore,2026-08-10T05:27:26Z
2026-08-10T05:25:30Z,2026-08-10T07:25:30+0200,4362fe35-cfeb-4c3c-9399-26381c363872,2026-07-17T00:15:00Z,2026-07-17T02:15:00+0200,6080.91694,MW,DE,DE_LU,forecast_onshore_wind_generation,Wind Onshore,2026-08-10T05:27:26Z
2026-08-10T05:25:30Z,2026-08-10T07:25:30+0200,4362fe35-cfeb-4c3c-9399-26381c363872,2026-07-17T00:30:00Z,2026-07-17T02:30:00+0200,5999.97147,MW,DE,DE_LU,forecast_onshore_wind_generation,Wind Onshore,2026-08-10T05:27:26Z
2026-08-10T05:25:30Z,2026-08-10T07:25:30+0200,4362fe35-cfeb-4c3c-9399-26381c363872,2026-07-17T00:45:00Z,2026-07-17T02:45:00+0200,5893.8589,MW,DE,DE_LU,forecast_onshore_wind_generation,Wind Onshore,2026-08-10T05:27:26Z
2026-08-10T05:25:30Z,2026-08-10T07:25:30+0200,4362fe35-cfeb-4c3c-9399-26381c363872,2026-07-17T01:00:00Z,2026-07-17T03:00:00+0200,5777.05567,MW,DE,DE_LU,forecast_onshore_wind_generation,Wind Onshore,2026-08-10T05:27:26Z
2026-08-10T05:25:30Z,2026-08-10T07:25:30+0200,4362fe35-cfeb-4c3c-9399-26381c363872,2026-07-17T01:15:00Z,2026-07-17T03:15:00+0200,5632.15858,MW,DE,DE_LU,forecast_onshore_wind_generation,Wind Onshore,2026-08-10T05:27:26Z
2026-08-10T05:25:30Z,2026-08-10T07:25:30+0200,4362fe35-cfeb-4c3c-9399-26381c363872,2026-07-17T01:30:00Z,2026-07-17T03:30:00+0200,5482.69529,MW,DE,DE_LU,forecast_onshore_wind_generation,Wind Onshore,2026-08-10T05:27:26Z
2026-08-10T05:25:30Z,2026-08-10T07:25:30+0200,4362fe35-cfeb-4c3c-9399-26381c363872,2026-07-17T01:45:00Z,2026-07-17T03:45:00+0200,5325.41683,MW,DE,DE_LU,forecast_onshore_wind_generation,Wind Onshore,2026-08-10T05:27:26Z
2026-08-10T05:25:30Z,2026-08-10T07:25:30+0200,4362fe35-cfeb-4c3c-9399-26381c363872,2026-07-17T02:00:00Z,2026-07-17T04:00:00+0200,5168.24042,MW,DE,DE_LU,forecast_onshore_wind_generation,Wind Onshore,2026-08-10T05:27:26Z
2026-08-10T05:25:30Z,2026-08-10T07:25:30+0200,4362fe35-cfeb-4c3c-9399-26381c363872,2026-07-17T02:15:00Z,2026-07-17T04:15:00+0200,5010.70185,MW,DE,DE_LU,forecast_onshore_wind_generation,Wind Onshore,2026-08-10T05:27:26Z
2026-08-10T05:25:30Z,2026-08-10T07:25:30+0200,4362fe35-cfeb-4c3c-9399-26381c363872,2026-07-17T02:30:00Z,2026-07-17T04:30:00+0200,4843.90364,MW,DE,DE_LU,forecast_onshore_wind_generation,Wind Onshore,2026-08-10T05:27:26Z
2026-08-10T05:25:30Z,2026-08-10T07:25:30+0200,4362fe35-cfeb-4c3c-9399-26381c363872,2026-07-17T02:45:00Z,2026-07-17T04:45:00+0200,4674.83537,MW,DE,DE_LU,forecast_onshore_wind_generation,Wind Onshore,2026-08-10T05:27:26Z
2026-08-10T05:25:30Z,2026-08-10T07:25:30+0200,4362fe35-cfeb-4c3c-9399-26381c363872,2026-07-17T03:00:00Z,2026-07-17T05:00:00+0200,4535.78734,MW,DE,DE_LU,forecast_onshore_wind_generation,Wind Onshore,2026-08-10T05:27:26Z
2026-08-10T05:25:30Z,2026-08-10T07:25:30+0200,4362fe35-cfeb-4c3c-9399-26381c363872,2026-07-17T03:15:00Z,2026-07-17T05:15:00+0200,4431.30954,MW,DE,DE_LU,forecast_onshore_wind_generation,Wind Onshore,2026-08-10T05:27:26Z
2026-08-10T05:25:30Z,2026-08-10T07:25:30+0200,4362fe35-cfeb-4c3c-9399-26381c363872,2026-07-17T03:30:00Z,2026-07-17T05:30:00+0200,4327.03225,MW,DE,DE_LU,forecast_onshore_wind_generation,Wind Onshore,2026-08-10T05:27:26Z
2026-08-10T05:25:30Z,2026-08-10T07:25:30+0200,4362fe35-cfeb-4c3c-9399-26381c363872,2026-07-17T03:45:00Z,2026-07-17T05:45:00+0200,4244.21669,MW,DE,DE_LU,forecast_onshore_wind_generation,Wind Onshore,2026-08-10T05:27:26Z
2026-08-10T05:25:30Z,2026-08-10T07:25:30+0200,4362fe35-cfeb-4c3c-9399-26381c363872,2026-07-17T04:00:00Z,2026-07-17T06:00:00+0200,4184.3818,MW,DE,DE_LU,forecast_onshore_wind_generation,Wind Onshore,2026-08-10T05:27:26Z
2026-08-10T05:25:30Z,2026-08-10T07:25:30+0200,4362fe35-cfeb-4c3c-9399-26381c363872,2026-07-17T04:15:00Z,2026-07-17T06:15:00+0200,4132.71815,MW,DE,DE_LU,forecast_onshore_wind_generation,Wind Onshore,2026-08-10T05:27:26Z
2026-08-10T05:25:30Z,2026-08-10T07:25:30+0200,4362fe35-cfeb-4c3c-9399-26381c363872,2026-07-17T04:30:00Z,2026-07-17T06:30:00+0200,4057.89006,MW,DE,DE_LU,forecast_onshore_wind_generation,Wind Onshore,2026-08-10T05:27:26Z
2026-08-10T05:25:30Z,2026-08-10T07:25:30+0200,4362fe35-cfeb-4c3c-9399-26381c363872,2026-07-17T04:45:00Z,2026-07-17T06:45:00+0200,3969.31724,MW,DE,DE_LU,forecast_onshore_wind_generation,Wind Onshore,2026-08-10T05:27:26Z
2026-08-10T05:25:30Z,2026-08-10T07:25:30+0200,4362fe35-cfeb-4c3c-9399-26381c363872,2026-07-17T05:00:00Z,2026-07-17T07:00:00+0200,3878.33189,MW,DE,DE_LU,forecast_onshore_wind_generation,Wind Onshore,2026-08-10T05:27:26Z
2026-08-10T05:25:30Z,2026-08-10T07:25:30+0200,4362fe35-cfeb-4c3c-9399-26381c363872,2026-07-17T05:15:00Z,2026-07-17T07:15:00+0200,3652.65865,MW,DE,DE_LU,forecast_onshore_wind_generation,Wind Onshore,2026-08-10T05:27:26Z
2026-08-10T05:25:30Z,2026-08-10T07:25:30+0200,4362fe35-cfeb-4c3c-9399-26381c363872,2026-07-17T05:30:00Z,2026-07-17T07:30:00+0200,3446.02842,MW,DE,DE_LU,forecast_onshore_wind_generation,Wind Onshore,2026-08-10T05:27:26Z
2026-08-10T05:25:30Z,2026-08-10T07:25:30+0200,4362fe35-cfeb-4c3c-9399-26381c363872,2026-07-17T05:45:00Z,2026-07-17T07:45:00+0200,3267.39198,MW,DE,DE_LU,forecast_onshore_wind_generation,Wind Onshore,2026-08-10T05:27:26Z
2026-08-10T05:25:30Z,2026-08-10T07:25:30+0200,4362fe35-cfeb-4c3c-9399-26381c363872,2026-07-17T06:00:00Z,2026-07-17T08:00:00+0200,3080.37066,MW,DE,DE_LU,forecast_onshore_wind_generation,Wind Onshore,2026-08-10T05:27:26Z
2026-08-10T05:25:30Z,2026-08-10T07:25:30+0200,4362fe35-cfeb-4c3c-9399-26381c363872,2026-07-17T06:15:00Z,2026-07-17T08:15:00+0200,2816.02737,MW,DE,DE_LU,forecast_onshore_wind_generation,Wind Onshore,2026-08-10T05:27:26Z
2026-08-10T05:25:30Z,2026-08-10T07:25:30+0200,4362fe35-cfeb-4c3c-9399-26381c363872,2026-07-17T06:30:00Z,2026-07-17T08:30:00+0200,2517.91385,MW,DE,DE_LU,forecast_onshore_wind_generation,Wind Onshore,2026-08-10T05:27:26Z
2026-08-10T05:25:30Z,2026-08-10T07:25:30+0200,4362fe35-cfeb-4c3c-9399-26381c363872,2026-07-17T06:45:00Z,2026-07-17T08:45:00+0200,2224.93109,MW,DE,DE_LU,forecast_onshore_wind_generation,Wind Onshore,2026-08-10T05:27:26Z
2026-08-10T05:25:30Z,2026-08-10T07:25:30+0200,4362fe35-cfeb-4c3c-9399-26381c363872,2026-07-17T07:00:00Z,2026-07-17T09:00:00+0200,1954.14503,MW,DE,DE_LU,forecast_onshore_wind_generation,Wind Onshore,2026-08-10T05:27:26Z
2026-08-10T05:25:30Z,2026-08-10T07:25:30+0200,4362fe35-cfeb-4c3c-9399-26381c363872,2026-07-17T07:15:00Z,2026-07-17T09:15:00+0200,1881.41968,MW,DE,DE_LU,forecast_onshore_wind_generation,Wind Onshore,2026-08-10T05:27:26Z
2026-08-10T05:25:30Z,2026-08-10T07:25:30+0200,4362fe35-cfeb-4c3c-9399-26381c363872,2026-07-17T07:30:00Z,2026-07-17T09:30:00+0200,1818.00058,MW,DE,DE_LU,forecast_onshore_wind_generation,Wind Onshore,2026-08-10T05:27:26Z
2026-08-10T05:25:30Z,2026-08-10T07:25:30+0200,4362fe35-cfeb-4c3c-9399-26381c363872,2026-07-17T07:45:00Z,2026-07-17T09:45:00+0200,1754.14871,MW,DE,DE_LU,forecast_onshore_wind_generation,Wind Onshore,2026-08-10T05:27:26Z
2026-08-10T05:25:30Z,2026-08-10T07:25:30+0200,4362fe35-cfeb-4c3c-9399-26381c363872,2026-07-17T08:00:00Z,2026-07-17T10:00:00+0200,1685.66232,MW,DE,DE_LU,forecast_onshore_wind_generation,Wind Onshore,2026-08-10T05:27:26Z
2026-08-10T05:25:30Z,2026-08-10T07:25:30+0200,4362fe35-cfeb-4c3c-9399-26381c363872,2026-07-17T08:15:00Z,2026-07-17T10:15:00+0200,1699.07401,MW,DE,DE_LU,forecast_onshore_wind_generation,Wind Onshore,2026-08-10T05:27:26Z
2026-08-10T05:25:30Z,2026-08-10T07:25:30+0200,4362fe35-cfeb-4c3c-9399-26381c363872,2026-07-17T08:30:00Z,2026-07-17T10:30:00+0200,1713.1029,MW,DE,DE_LU,forecast_onshore_wind_generation,Wind Onshore,2026-08-10T05:27:26Z
2026-08-10T05:25:30Z,2026-08-10T07:25:30+0200,4362fe35-cfeb-4c3c-9399-26381c363872,2026-07-17T08:45:00Z,2026-07-17T10:45:00+0200,1731.344,MW,DE,DE_LU,forecast_onshore_wind_generation,Wind Onshore,2026-08-10T05:27:26Z
2026-08-10T05:25:30Z,2026-08-10T07:25:30+0200,4362fe35-cfeb-4c3c-9399-26381c363872,2026-07-17T09:00:00Z,2026-07-17T11:00:00+0200,1747.319,MW,DE,DE_LU,forecast_onshore_wind_generation,Wind Onshore,2026-08-10T05:27:26Z
2026-08-10T05:25:30Z,2026-08-10T07:25:30+0200,4362fe35-cfeb-4c3c-9399-26381c363872,2026-07-17T09:15:00Z,2026-07-17T11:15:00+0200,1806.89661,MW,DE,DE_LU,forecast_onshore_wind_generation,Wind Onshore,2026-08-10T05:27:26Z
2026-08-10T05:25:30Z,2026-08-10T07:25:30+0200,4362fe35-cfeb-4c3c-9399-26381c363872,2026-07-17T09:30:00Z,2026-07-17T11:30:00+0200,1863.59699,MW,DE,DE_LU,forecast_onshore_wind_generation,Wind Onshore,2026-08-10T05:27:26Z
2026-08-10T05:25:30Z,2026-08-10T07:25:30+0200,4362fe35-cfeb-4c3c-9399-26381c363872,2026-07-17T09:45:00Z,2026-07-17T11:45:00+0200,1919.89135,MW,DE,DE_LU,forecast_onshore_wind_generation,Wind Onshore,2026-08-10T05:27:26Z
2026-08-10T05:25:30Z,2026-08-10T07:25:30+0200,4362fe35-cfeb-4c3c-9399-26381c363872,2026-07-17T10:00:00Z,2026-07-17T12:00:00+0200,1969.46039,MW,DE,DE_LU,forecast_onshore_wind_generation,Wind Onshore,2026-08-10T05:27:26Z
2026-08-10T05:25:30Z,2026-08-10T07:25:30+0200,4362fe35-cfeb-4c3c-9399-26381c363872,2026-07-17T10:15:00Z,2026-07-17T12:15:00+0200,2080.39797,MW,DE,DE_LU,forecast_onshore_wind_generation,Wind Onshore,2026-08-10T05:27:26Z
2026-08-10T05:25:30Z,2026-08-10T07:25:30+0200,4362fe35-cfeb-4c3c-9399-26381c363872,2026-07-17T10:30:00Z,2026-07-17T12:30:00+0200,2202.08556,MW,DE,DE_LU,forecast_onshore_wind_generation,Wind Onshore,2026-08-10T05:27:26Z
2026-08-10T05:25:30Z,2026-08-10T07:25:30+0200,4362fe35-cfeb-4c3c-9399-26381c363872,2026-07-17T10:45:00Z,2026-07-17T12:45:00+0200,2329.33405,MW,DE,DE_LU,forecast_onshore_wind_generation,Wind Onshore,2026-08-10T05:27:26Z
2026-08-10T05:25:30Z,2026-08-10T07:25:30+0200,4362fe35-cfeb-4c3c-9399-26381c363872,2026-07-17T11:00:00Z,2026-07-17T13:00:00+0200,2462.68355,MW,DE,DE_LU,forecast_onshore_wind_generation,Wind Onshore,2026-08-10T05:27:26Z
2026-08-10T05:25:30Z,2026-08-10T07:25:30+0200,4362fe35-cfeb-4c3c-9399-26381c363872,2026-07-17T11:15:00Z,2026-07-17T13:15:00+0200,2775.19884,MW,DE,DE_LU,forecast_onshore_wind_generation,Wind Onshore,2026-08-10T05:27:26Z
2026-08-10T05:25:30Z,2026-08-10T07:25:30+0200,4362fe35-cfeb-4c3c-9399-26381c363872,2026-07-17T11:30:00Z,2026-07-17T13:30:00+0200,3072.53568,MW,DE,DE_LU,forecast_onshore_wind_generation,Wind Onshore,2026-08-10T05:27:26Z
2026-08-10T05:25:30Z,2026-08-10T07:25:30+0200,4362fe35-cfeb-4c3c-9399-26381c363872,2026-07-17T11:45:00Z,2026-07-17T13:45:00+0200,3373.8921,MW,DE,DE_LU,forecast_onshore_wind_generation,Wind Onshore,2026-08-10T05:27:26Z
2026-08-10T05:25:30Z,2026-08-10T07:25:30+0200,4362fe35-cfeb-4c3c-9399-26381c363872,2026-07-17T12:00:00Z,2026-07-17T14:00:00+0200,3763.78965,MW,DE,DE_LU,forecast_onshore_wind_generation,Wind Onshore,2026-08-10T05:27:26Z
2026-08-10T05:25:30Z,2026-08-10T07:25:30+0200,4362fe35-cfeb-4c3c-9399-26381c363872,2026-07-17T12:15:00Z,2026-07-17T14:15:00+0200,4184.85612,MW,DE,DE_LU,forecast_onshore_wind_generation,Wind Onshore,2026-08-10T05:27:26Z
2026-08-10T05:25:30Z,2026-08-10T07:25:30+0200,4362fe35-cfeb-4c3c-9399-26381c363872,2026-07-17T12:30:00Z,2026-07-17T14:30:00+0200,4640.71025,MW,DE,DE_LU,forecast_onshore_wind_generation,Wind Onshore,2026-08-10T05:27:26Z
2026-08-10T05:25:30Z,2026-08-10T07:25:30+0200,4362fe35-cfeb-4c3c-9399-26381c363872,2026-07-17T12:45:00Z,2026-07-17T14:45:00+0200,5099.38986,MW,DE,DE_LU,forecast_onshore_wind_generation,Wind Onshore,2026-08-10T05:27:26Z
2026-08-10T05:25:30Z,2026-08-10T07:25:30+0200,4362fe35-cfeb-4c3c-9399-26381c363872,2026-07-17T13:00:00Z,2026-07-17T15:00:00+0200,5591.56501,MW,DE,DE_LU,forecast_onshore_wind_generation,Wind Onshore,2026-08-10T05:27:26Z
2026-08-10T05:25:30Z,2026-08-10T07:25:30+0200,4362fe35-cfeb-4c3c-9399-26381c363872,2026-07-17T13:15:00Z,2026-07-17T15:15:00+0200,6103.11523,MW,DE,DE_LU,forecast_onshore_wind_generation,Wind Onshore,2026-08-10T05:27:26Z
2026-08-10T05:25:30Z,2026-08-10T07:25:30+0200,4362fe35-cfeb-4c3c-9399-26381c363872,2026-07-17T13:30:00Z,2026-07-17T15:30:00+0200,6615.88368,MW,DE,DE_LU,forecast_onshore_wind_generation,Wind Onshore,2026-08-10T05:27:26Z
2026-08-10T05:25:30Z,2026-08-10T07:25:30+0200,4362fe35-cfeb-4c3c-9399-26381c363872,2026-07-17T13:45:00Z,2026-07-17T15:45:00+0200,7127.83072,MW,DE,DE_LU,forecast_onshore_wind_generation,Wind Onshore,2026-08-10T05:27:26Z
2026-08-10T05:25:30Z,2026-08-10T07:25:30+0200,4362fe35-cfeb-4c3c-9399-26381c363872,2026-07-17T14:00:00Z,2026-07-17T16:00:00+0200,7622.95094,MW,DE,DE_LU,forecast_onshore_wind_generation,Wind Onshore,2026-08-10T05:27:26Z
2026-08-10T05:25:30Z,2026-08-10T07:25:30+0200,4362fe35-cfeb-4c3c-9399-26381c363872,2026-07-17T14:15:00Z,2026-07-17T16:15:00+0200,8033.26497,MW,DE,DE_LU,forecast_onshore_wind_generation,Wind Onshore,2026-08-10T05:27:26Z
2026-08-10T05:25:30Z,2026-08-10T07:25:30+0200,4362fe35-cfeb-4c3c-9399-26381c363872,2026-07-17T14:30:00Z,2026-07-17T16:30:00+0200,8462.13574,MW,DE,DE_LU,forecast_onshore_wind_generation,Wind Onshore,2026-08-10T05:27:26Z
2026-08-10T05:25:30Z,2026-08-10T07:25:30+0200,4362fe35-cfeb-4c3c-9399-26381c363872,2026-07-17T14:45:00Z,2026-07-17T16:45:00+0200,8931.92967,MW,DE,DE_LU,forecast_onshore_wind_generation,Wind Onshore,2026-08-10T05:27:26Z
2026-08-10T05:25:30Z,2026-08-10T07:25:30+0200,4362fe35-cfeb-4c3c-9399-26381c363872,2026-07-17T15:00:00Z,2026-07-17T17:00:00+0200,9383.44095,MW,DE,DE_LU,forecast_onshore_wind_generation,Wind Onshore,2026-08-10T05:27:26Z
2026-08-10T05:25:30Z,2026-08-10T07:25:30+0200,4362fe35-cfeb-4c3c-9399-26381c363872,2026-07-17T15:15:00Z,2026-07-17T17:15:00+0200,9623.5503,MW,DE,DE_LU,forecast_onshore_wind_generation,Wind Onshore,2026-08-10T05:27:26Z
2026-08-10T05:25:30Z,2026-08-10T07:25:30+0200,4362fe35-cfeb-4c3c-9399-26381c363872,2026-07-17T15:30:00Z,2026-07-17T17:30:00+0200,9890.85022,MW,DE,DE_LU,forecast_onshore_wind_generation,Wind Onshore,2026-08-10T05:27:26Z
2026-08-10T05:25:30Z,2026-08-10T07:25:30+0200,4362fe35-cfeb-4c3c-9399-26381c363872,2026-07-17T15:45:00Z,2026-07-17T17:45:00+0200,10128.72295,MW,DE,DE_LU,forecast_onshore_wind_generation,Wind Onshore,2026-08-10T05:27:26Z
2026-08-10T05:25:30Z,2026-08-10T07:25:30+0200,4362fe35-cfeb-4c3c-9399-26381c363872,2026-07-17T16:00:00Z,2026-07-17T18:00:00+0200,10344.35838,MW,DE,DE_LU,forecast_onshore_wind_generation,Wind Onshore,2026-08-10T05:27:26Z
2026-08-10T05:25:30Z,2026-08-10T07:25:30+0200,4362fe35-cfeb-4c3c-9399-26381c363872,2026-07-17T16:15:00Z,2026-07-17T18:15:00+0200,10376.39487,MW,DE,DE_LU,forecast_onshore_wind_generation,Wind Onshore,2026-08-10T05:27:26Z
2026-08-10T05:25:30Z,2026-08-10T07:25:30+0200,4362fe35-cfeb-4c3c-9399-26381c363872,2026-07-17T16:30:00Z,2026-07-17T18:30:00+0200,10376.59987,MW,DE,DE_LU,forecast_onshore_wind_generation,Wind Onshore,2026-08-10T05:27:26Z
2026-08-10T05:25:30Z,2026-08-10T07:25:30+0200,4362fe35-cfeb-4c3c-9399-26381c363872,2026-07-17T16:45:00Z,2026-07-17T18:45:00+0200,10348.97337,MW,DE,DE_LU,forecast_onshore_wind_generation,Wind Onshore,2026-08-10T05:27:26Z
2026-08-10T05:25:30Z,2026-08-10T07:25:30+0200,4362fe35-cfeb-4c3c-9399-26381c363872,2026-07-17T17:00:00Z,2026-07-17T19:00:00+0200,10331.3863,MW,DE,DE_LU,forecast_onshore_wind_generation,Wind Onshore,2026-08-10T05:27:26Z
2026-08-10T05:25:30Z,2026-08-10T07:25:30+0200,4362fe35-cfeb-4c3c-9399-26381c363872,2026-07-17T17:15:00Z,2026-07-17T19:15:00+0200,10282.10228,MW,DE,DE_LU,forecast_onshore_wind_generation,Wind Onshore,2026-08-10T05:27:26Z
2026-08-10T05:25:30Z,2026-08-10T07:25:30+0200,4362fe35-cfeb-4c3c-9399-26381c363872,2026-07-17T17:30:00Z,2026-07-17T19:30:00+0200,10249.2007,MW,DE,DE_LU,forecast_onshore_wind_generation,Wind Onshore,2026-08-10T05:27:26Z
2026-08-10T05:25:30Z,2026-08-10T07:25:30+0200,4362fe35-cfeb-4c3c-9399-26381c363872,2026-07-17T17:45:00Z,2026-07-17T19:45:00+0200,10232.87999,MW,DE,DE_LU,forecast_onshore_wind_generation,Wind Onshore,2026-08-10T05:27:26Z
2026-08-10T05:25:30Z,2026-08-10T07:25:30+0200,4362fe35-cfeb-4c3c-9399-26381c363872,2026-07-17T18:00:00Z,2026-07-17T20:00:00+0200,10211.76867,MW,DE,DE_LU,forecast_onshore_wind_generation,Wind Onshore,2026-08-10T05:27:26Z
2026-08-10T05:25:30Z,2026-08-10T07:25:30+0200,4362fe35-cfeb-4c3c-9399-26381c363872,2026-07-17T18:15:00Z,2026-07-17T20:15:00+0200,10046.90256,MW,DE,DE_LU,forecast_onshore_wind_generation,Wind Onshore,2026-08-10T05:27:26Z
2026-08-10T05:25:30Z,2026-08-10T07:25:30+0200,4362fe35-cfeb-4c3c-9399-26381c363872,2026-07-17T18:30:00Z,2026-07-17T20:30:00+0200,9860.85974,MW,DE,DE_LU,forecast_onshore_wind_generation,Wind Onshore,2026-08-10T05:27:26Z
2026-08-10T05:25:30Z,2026-08-10T07:25:30+0200,4362fe35-cfeb-4c3c-9399-26381c363872,2026-07-17T18:45:00Z,2026-07-17T20:45:00+0200,9594.41108,MW,DE,DE_LU,forecast_onshore_wind_generation,Wind Onshore,2026-08-10T05:27:26Z
2026-08-10T05:25:30Z,2026-08-10T07:25:30+0200,4362fe35-cfeb-4c3c-9399-26381c363872,2026-07-17T19:00:00Z,2026-07-17T21:00:00+0200,9309.17044,MW,DE,DE_LU,forecast_onshore_wind_generation,Wind Onshore,2026-08-10T05:27:26Z
2026-08-10T05:25:30Z,2026-08-10T07:25:30+0200,4362fe35-cfeb-4c3c-9399-26381c363872,2026-07-17T19:15:00Z,2026-07-17T21:15:00+0200,9221.40859,MW,DE,DE_LU,forecast_onshore_wind_generation,Wind Onshore,2026-08-10T05:27:26Z
2026-08-10T05:25:30Z,2026-08-10T07:25:30+0200,4362fe35-cfeb-4c3c-9399-26381c363872,2026-07-17T19:30:00Z,2026-07-17T21:30:00+0200,9224.16163,MW,DE,DE_LU,forecast_onshore_wind_generation,Wind Onshore,2026-08-10T05:27:26Z
2026-08-10T05:25:30Z,2026-08-10T07:25:30+0200,4362fe35-cfeb-4c3c-9399-26381c363872,2026-07-17T19:45:00Z,2026-07-17T21:45:00+0200,9239.55952,MW,DE,DE_LU,forecast_onshore_wind_generation,Wind Onshore,2026-08-10T05:27:26Z
2026-08-10T05:25:30Z,2026-08-10T07:25:30+0200,4362fe35-cfeb-4c3c-9399-26381c363872,2026-07-17T20:00:00Z,2026-07-17T22:00:00+0200,9211.92537,MW,DE,DE_LU,forecast_onshore_wind_generation,Wind Onshore,2026-08-10T05:27:26Z
2026-08-10T05:25:30Z,2026-08-10T07:25:30+0200,4362fe35-cfeb-4c3c-9399-26381c363872,2026-07-17T20:15:00Z,2026-07-17T22:15:00+0200,9375.91019,MW,DE,DE_LU,forecast_onshore_wind_generation,Wind Onshore,2026-08-10T05:27:26Z
2026-08-10T05:25:30Z,2026-08-10T07:25:30+0200,4362fe35-cfeb-4c3c-9399-26381c363872,2026-07-17T20:30:00Z,2026-07-17T22:30:00+0200,9533.2174,MW,DE,DE_LU,forecast_onshore_wind_generation,Wind Onshore,2026-08-10T05:27:26Z
2026-08-10T05:25:30Z,2026-08-10T07:25:30+0200,4362fe35-cfeb-4c3c-9399-26381c363872,2026-07-17T20:45:00Z,2026-07-17T22:45:00+0200,9670.95336,MW,DE,DE_LU,forecast_onshore_wind_generation,Wind Onshore,2026-08-10T05:27:26Z
2026-08-10T05:25:30Z,2026-08-10T07:25:30+0200,4362fe35-cfeb-4c3c-9399-26381c363872,2026-07-17T21:00:00Z,2026-07-17T23:00:00+0200,9816.87505,MW,DE,DE_LU,forecast_onshore_wind_generation,Wind Onshore,2026-08-10T05:27:26Z
2026-08-10T05:25:30Z,2026-08-10T07:25:30+0200,4362fe35-cfeb-4c3c-9399-26381c363872,2026-07-17T21:15:00Z,2026-07-17T23:15:00+0200,10044.61851,MW,DE,DE_LU,forecast_onshore_wind_generation,Wind Onshore,2026-08-10T05:27:26Z
2026-08-10T05:25:30Z,2026-08-10T07:25:30+0200,4362fe35-cfeb-4c3c-9399-26381c363872,2026-07-17T21:30:00Z,2026-07-17T23:30:00+0200,10283.90354,MW,DE,DE_LU,forecast_onshore_wind_generation,Wind Onshore,2026-08-10T05:27:26Z
2026-08-10T05:25:30Z,2026-08-10T07:25:30+0200,4362fe35-cfeb-4c3c-9399-26381c363872,2026-07-17T21:45:00Z,2026-07-17T23:45:00+0200,10511.49931,MW,DE,DE_LU,forecast_onshore_wind_generation,Wind Onshore,2026-08-10T05:27:26Z
2026-08-10T05:25:30Z,2026-08-10T07:25:30+0200,4362fe35-cfeb-4c3c-9399-26381c363872,2026-07-17T22:00:00Z,2026-07-18T00:00:00+0200,9863.8257,MW,DE,DE_LU,forecast_onshore_wind_generation,Wind Onshore,2026-08-10T05:27:26Z
2026-08-10T05:25:30Z,2026-08-10T07:25:30+0200,4362fe35-cfeb-4c3c-9399-26381c363872,2026-07-17T22:15:00Z,2026-07-18T00:15:00+0200,10035.35435,MW,DE,DE_LU,forecast_onshore_wind_generation,Wind Onshore,2026-08-10T05:27:26Z
2026-08-10T05:25:30Z,2026-08-10T07:25:30+0200,4362fe35-cfeb-4c3c-9399-26381c363872,2026-07-17T22:30:00Z,2026-07-18T00:30:00+0200,10234.81744,MW,DE,DE_LU,forecast_onshore_wind_generation,Wind Onshore,2026-08-10T05:27:26Z
2026-08-10T05:25:30Z,2026-08-10T07:25:30+0200,4362fe35-cfeb-4c3c-9399-26381c363872,2026-07-17T22:45:00Z,2026-07-18T00:45:00+0200,10423.33749,MW,DE,DE_LU,forecast_onshore_wind_generation,Wind Onshore,2026-08-10T05:27:26Z
2026-08-10T05:25:30Z,2026-08-10T07:25:30+0200,4362fe35-cfeb-4c3c-9399-26381c363872,2026-07-17T23:00:00Z,2026-07-18T01:00:00+0200,10628.18046,MW,DE,DE_LU,forecast_onshore_wind_generation,Wind Onshore,2026-08-10T05:27:26Z
2026-08-10T05:25:30Z,2026-08-10T07:25:30+0200,4362fe35-cfeb-4c3c-9399-26381c363872,2026-07-17T23:15:00Z,2026-07-18T01:15:00+0200,10782.34018,MW,DE,DE_LU,forecast_onshore_wind_generation,Wind Onshore,2026-08-10T05:27:26Z
2026-08-10T05:25:30Z,2026-08-10T07:25:30+0200,4362fe35-cfeb-4c3c-9399-26381c363872,2026-07-17T23:30:00Z,2026-07-18T01:30:00+0200,10955.19699,MW,DE,DE_LU,forecast_onshore_wind_generation,Wind Onshore,2026-08-10T05:27:26Z
2026-08-10T05:25:30Z,2026-08-10T07:25:30+0200,4362fe35-cfeb-4c3c-9399-26381c363872,2026-07-17T23:45:00Z,2026-07-18T01:45:00+0200,11150.11123,MW,DE,DE_LU,forecast_onshore_wind_generation,Wind Onshore,2026-08-10T05:27:26Z
2026-08-10T05:25:30Z,2026-08-10T07:25:30+0200,4362fe35-cfeb-4c3c-9399-26381c363872,2026-07-18T00:00:00Z,2026-07-18T02:00:00+0200,11324.16062,MW,DE,DE_LU,forecast_onshore_wind_generation,Wind Onshore,2026-08-10T05:27:26Z
2026-08-10T05:25:30Z,2026-08-10T07:25:30+0200,4362fe35-cfeb-4c3c-9399-26381c363872,2026-07-18T00:15:00Z,2026-07-18T02:15:00+0200,11412.11599,MW,DE,DE_LU,forecast_onshore_wind_generation,Wind Onshore,2026-08-10T05:27:26Z
2026-08-10T05:25:30Z,2026-08-10T07:25:30+0200,4362fe35-cfeb-4c3c-9399-26381c363872,2026-07-18T00:30:00Z,2026-07-18T02:30:00+0200,11473.54952,MW,DE,DE_LU,forecast_onshore_wind_generation,Wind Onshore,2026-08-10T05:27:26Z
2026-08-10T05:25:30Z,2026-08-10T07:25:30+0200,4362fe35-cfeb-4c3c-9399-26381c363872,2026-07-18T00:45:00Z,2026-07-18T02:45:00+0200,11522.85971,MW,DE,DE_LU,forecast_onshore_wind_generation,Wind Onshore,2026-08-10T05:27:26Z
2026-08-10T05:25:30Z,2026-08-10T07:25:30+0200,4362fe35-cfeb-4c3c-9399-26381c363872,2026-07-18T01:00:00Z,2026-07-18T03:00:00+0200,11571.54103,MW,DE,DE_LU,forecast_onshore_wind_generation,Wind Onshore,2026-08-10T05:27:26Z
2026-08-10T05:25:30Z,2026-08-10T07:25:30+0200,4362fe35-cfeb-4c3c-9399-26381c363872,2026-07-18T01:15:00Z,2026-07-18T03:15:00+0200,11667.55787,MW,DE,DE_LU,forecast_onshore_wind_generation,Wind Onshore,2026-08-10T05:27:26Z
2026-08-10T05:25:30Z,2026-08-10T07:25:30+0200,4362fe35-cfeb-4c3c-9399-26381c363872,2026-07-18T01:30:00Z,2026-07-18T03:30:00+0200,11761.25286,MW,DE,DE_LU,forecast_onshore_wind_generation,Wind Onshore,2026-08-10T05:27:26Z
2026-08-10T05:25:30Z,2026-08-10T07:25:30+0200,4362fe35-cfeb-4c3c-9399-26381c363872,2026-07-18T01:45:00Z,2026-07-18T03:45:00+0200,11850.21394,MW,DE,DE_LU,forecast_onshore_wind_generation,Wind Onshore,2026-08-10T05:27:26Z
2026-08-10T05:25:30Z,2026-08-10T07:25:30+0200,4362fe35-cfeb-4c3c-9399-26381c363872,2026-07-18T02:00:00Z,2026-07-18T04:00:00+0200,11931.2556,MW,DE,DE_LU,forecast_onshore_wind_generation,Wind Onshore,2026-08-10T05:27:26Z
2026-08-10T05:25:30Z,2026-08-10T07:25:30+0200,4362fe35-cfeb-4c3c-9399-26381c363872,2026-07-18T02:15:00Z,2026-07-18T04:15:00+0200,11959.43503,MW,DE,DE_LU,forecast_onshore_wind_generation,Wind Onshore,2026-08-10T05:27:26Z
2026-08-10T05:25:30Z,2026-08-10T07:25:30+0200,4362fe35-cfeb-4c3c-9399-26381c363872,2026-07-18T02:30:00Z,2026-07-18T04:30:00+0200,12012.45333,MW,DE,DE_LU,forecast_onshore_wind_generation,Wind Onshore,2026-08-10T05:27:26Z
2026-08-10T05:25:30Z,2026-08-10T07:25:30+0200,4362fe35-cfeb-4c3c-9399-26381c363872,2026-07-18T02:45:00Z,2026-07-18T04:45:00+0200,12030.43571,MW,DE,DE_LU,forecast_onshore_wind_generation,Wind Onshore,2026-08-10T05:27:26Z
2026-08-10T05:25:30Z,2026-08-10T07:25:30+0200,4362fe35-cfeb-4c3c-9399-26381c363872,2026-07-18T03:00:00Z,2026-07-18T05:00:00+0200,12057.67139,MW,DE,DE_LU,forecast_onshore_wind_generation,Wind Onshore,2026-08-10T05:27:26Z
2026-08-10T05:25:30Z,2026-08-10T07:25:30+0200,4362fe35-cfeb-4c3c-9399-26381c363872,2026-07-18T03:15:00Z,2026-07-18T05:15:00+0200,12021.74655,MW,DE,DE_LU,forecast_onshore_wind_generation,Wind Onshore,2026-08-10T05:27:26Z
2026-08-10T05:25:30Z,2026-08-10T07:25:30+0200,4362fe35-cfeb-4c3c-9399-26381c363872,2026-07-18T03:30:00Z,2026-07-18T05:30:00+0200,11973.77663,MW,DE,DE_LU,forecast_onshore_wind_generation,Wind Onshore,2026-08-10T05:27:26Z
2026-08-10T05:25:30Z,2026-08-10T07:25:30+0200,4362fe35-cfeb-4c3c-9399-26381c363872,2026-07-18T03:45:00Z,2026-07-18T05:45:00+0200,11892.18122,MW,DE,DE_LU,forecast_onshore_wind_generation,Wind Onshore,2026-08-10T05:27:26Z
2026-08-10T05:25:30Z,2026-08-10T07:25:30+0200,4362fe35-cfeb-4c3c-9399-26381c363872,2026-07-18T04:00:00Z,2026-07-18T06:00:00+0200,12009.85306,MW,DE,DE_LU,forecast_onshore_wind_generation,Wind Onshore,2026-08-10T05:27:26Z
2026-08-10T05:25:30Z,2026-08-10T07:25:30+0200,4362fe35-cfeb-4c3c-9399-26381c363872,2026-07-18T04:15:00Z,2026-07-18T06:15:00+0200,11896.92102,MW,DE,DE_LU,forecast_onshore_wind_generation,Wind Onshore,2026-08-10T05:27:26Z
2026-08-10T05:25:30Z,2026-08-10T07:25:30+0200,4362fe35-cfeb-4c3c-9399-26381c363872,2026-07-18T04:30:00Z,2026-07-18T06:30:00+0200,11771.21503,MW,DE,DE_LU,forecast_onshore_wind_generation,Wind Onshore,2026-08-10T05:27:26Z
2026-08-10T05:25:30Z,2026-08-10T07:25:30+0200,4362fe35-cfeb-4c3c-9399-26381c363872,2026-07-18T04:45:00Z,2026-07-18T06:45:00+0200,11630.68284,MW,DE,DE_LU,forecast_onshore_wind_generation,Wind Onshore,2026-08-10T05:27:26Z
2026-08-10T05:25:30Z,2026-08-10T07:25:30+0200,4362fe35-cfeb-4c3c-9399-26381c363872,2026-07-18T05:00:00Z,2026-07-18T07:00:00+0200,11543.76225,MW,DE,DE_LU,forecast_onshore_wind_generation,Wind Onshore,2026-08-10T05:27:26Z
2026-08-10T05:25:30Z,2026-08-10T07:25:30+0200,4362fe35-cfeb-4c3c-9399-26381c363872,2026-07-18T05:15:00Z,2026-07-18T07:15:00+0200,11696.82447,MW,DE,DE_LU,forecast_onshore_wind_generation,Wind Onshore,2026-08-10T05:27:26Z
2026-08-10T05:25:30Z,2026-08-10T07:25:30+0200,4362fe35-cfeb-4c3c-9399-26381c363872,2026-07-18T05:30:00Z,2026-07-18T07:30:00+0200,11878.06176,MW,DE,DE_LU,forecast_onshore_wind_generation,Wind Onshore,2026-08-10T05:27:26Z
2026-08-10T05:25:30Z,2026-08-10T07:25:30+0200,4362fe35-cfeb-4c3c-9399-26381c363872,2026-07-18T05:45:00Z,2026-07-18T07:45:00+0200,12070.80483,MW,DE,DE_LU,forecast_onshore_wind_generation,Wind Onshore,2026-08-10T05:27:26Z
2026-08-10T05:25:30Z,2026-08-10T07:25:30+0200,4362fe35-cfeb-4c3c-9399-26381c363872,2026-07-18T06:00:00Z,2026-07-18T08:00:00+0200,12282.32643,MW,DE,DE_LU,forecast_onshore_wind_generation,Wind Onshore,2026-08-10T05:27:26Z
2026-08-10T05:25:30Z,2026-08-10T07:25:30+0200,4362fe35-cfeb-4c3c-9399-26381c363872,2026-07-18T06:15:00Z,2026-07-18T08:15:00+0200,12512.79655,MW,DE,DE_LU,forecast_onshore_wind_generation,Wind Onshore,2026-08-10T05:27:26Z
2026-08-10T05:25:30Z,2026-08-10T07:25:30+0200,4362fe35-cfeb-4c3c-9399-26381c363872,2026-07-18T06:30:00Z,2026-07-18T08:30:00+0200,12763.92188,MW,DE,DE_LU,forecast_onshore_wind_generation,Wind Onshore,2026-08-10T05:27:26Z
2026-08-10T05:25:30Z,2026-08-10T07:25:30+0200,4362fe35-cfeb-4c3c-9399-26381c363872,2026-07-18T06:45:00Z,2026-07-18T08:45:00+0200,13057.72183,MW,DE,DE_LU,forecast_onshore_wind_generation,Wind Onshore,2026-08-10T05:27:26Z
2026-08-10T05:25:30Z,2026-08-10T07:25:30+0200,4362fe35-cfeb-4c3c-9399-26381c363872,2026-07-18T07:00:00Z,2026-07-18T09:00:00+0200,13234.56969,MW,DE,DE_LU,forecast_onshore_wind_generation,Wind Onshore,2026-08-10T05:27:26Z
2026-08-10T05:25:30Z,2026-08-10T07:25:30+0200,4362fe35-cfeb-4c3c-9399-26381c363872,2026-07-18T07:15:00Z,2026-07-18T09:15:00+0200,13357.31212,MW,DE,DE_LU,forecast_onshore_wind_generation,Wind Onshore,2026-08-10T05:27:26Z
2026-08-10T05:25:30Z,2026-08-10T07:25:30+0200,4362fe35-cfeb-4c3c-9399-26381c363872,2026-07-18T07:30:00Z,2026-07-18T09:30:00+0200,13344.95167,MW,DE,DE_LU,forecast_onshore_wind_generation,Wind Onshore,2026-08-10T05:27:26Z
2026-08-10T05:25:30Z,2026-08-10T07:25:30+0200,4362fe35-cfeb-4c3c-9399-26381c363872,2026-07-18T07:45:00Z,2026-07-18T09:45:00+0200,13317.97029,MW,DE,DE_LU,forecast_onshore_wind_generation,Wind Onshore,2026-08-10T05:27:26Z
2026-08-10T05:25:30Z,2026-08-10T07:25:30+0200,4362fe35-cfeb-4c3c-9399-26381c363872,2026-07-18T08:00:00Z,2026-07-18T10:00:00+0200,13141.3914,MW,DE,DE_LU,forecast_onshore_wind_generation,Wind Onshore,2026-08-10T05:27:26Z
2026-08-10T05:25:30Z,2026-08-10T07:25:30+0200,4362fe35-cfeb-4c3c-9399-26381c363872,2026-07-18T08:15:00Z,2026-07-18T10:15:00+0200,12913.19124,MW,DE,DE_LU,forecast_onshore_wind_generation,Wind Onshore,2026-08-10T05:27:26Z
2026-08-10T05:25:30Z,2026-08-10T07:25:30+0200,4362fe35-cfeb-4c3c-9399-26381c363872,2026-07-18T08:30:00Z,2026-07-18T10:30:00+0200,12712.284,MW,DE,DE_LU,forecast_onshore_wind_generation,Wind Onshore,2026-08-10T05:27:26Z
2026-08-10T05:25:30Z,2026-08-10T07:25:30+0200,4362fe35-cfeb-4c3c-9399-26381c363872,2026-07-18T08:45:00Z,2026-07-18T10:45:00+0200,12646.1562,MW,DE,DE_LU,forecast_onshore_wind_generation,Wind Onshore,2026-08-10T05:27:26Z
2026-08-10T05:25:30Z,2026-08-10T07:25:30+0200,4362fe35-cfeb-4c3c-9399-26381c363872,2026-07-18T09:00:00Z,2026-07-18T11:00:00+0200,12524.1885,MW,DE,DE_LU,forecast_onshore_wind_generation,Wind Onshore,2026-08-10T05:27:26Z
2026-08-10T05:25:30Z,2026-08-10T07:25:30+0200,4362fe35-cfeb-4c3c-9399-26381c363872,2026-07-18T09:15:00Z,2026-07-18T11:15:00+0200,12503.74713,MW,DE,DE_LU,forecast_onshore_wind_generation,Wind Onshore,2026-08-10T05:27:26Z
2026-08-10T05:25:30Z,2026-08-10T07:25:30+0200,4362fe35-cfeb-4c3c-9399-26381c363872,2026-07-18T09:30:00Z,2026-07-18T11:30:00+0200,12445.88535,MW,DE,DE_LU,forecast_onshore_wind_generation,Wind Onshore,2026-08-10T05:27:26Z
2026-08-10T05:25:30Z,2026-08-10T07:25:30+0200,4362fe35-cfeb-4c3c-9399-26381c363872,2026-07-18T09:45:00Z,2026-07-18T11:45:00+0200,12431.19222,MW,DE,DE_LU,forecast_onshore_wind_generation,Wind Onshore,2026-08-10T05:27:26Z
2026-08-10T05:25:30Z,2026-08-10T07:25:30+0200,4362fe35-cfeb-4c3c-9399-26381c363872,2026-07-18T10:00:00Z,2026-07-18T12:00:00+0200,12336.75554,MW,DE,DE_LU,forecast_onshore_wind_generation,Wind Onshore,2026-08-10T05:27:26Z
2026-08-10T05:25:30Z,2026-08-10T07:25:30+0200,4362fe35-cfeb-4c3c-9399-26381c363872,2026-07-18T10:15:00Z,2026-07-18T12:15:00+0200,12350.93854,MW,DE,DE_LU,forecast_onshore_wind_generation,Wind Onshore,2026-08-10T05:27:26Z
2026-08-10T05:25:30Z,2026-08-10T07:25:30+0200,4362fe35-cfeb-4c3c-9399-26381c363872,2026-07-18T10:30:00Z,2026-07-18T12:30:00+0200,12303.927,MW,DE,DE_LU,forecast_onshore_wind_generation,Wind Onshore,2026-08-10T05:27:26Z
2026-08-10T05:25:30Z,2026-08-10T07:25:30+0200,4362fe35-cfeb-4c3c-9399-26381c363872,2026-07-18T10:45:00Z,2026-07-18T12:45:00+0200,12280.04977,MW,DE,DE_LU,forecast_onshore_wind_generation,Wind Onshore,2026-08-10T05:27:26Z
2026-08-10T05:25:30Z,2026-08-10T07:25:30+0200,4362fe35-cfeb-4c3c-9399-26381c363872,2026-07-18T11:00:00Z,2026-07-18T13:00:00+0200,12307.44182,MW,DE,DE_LU,forecast_onshore_wind_generation,Wind Onshore,2026-08-10T05:27:26Z
2026-08-10T05:25:30Z,2026-08-10T07:25:30+0200,4362fe35-cfeb-4c3c-9399-26381c363872,2026-07-18T11:15:00Z,2026-07-18T13:15:00+0200,12398.1398,MW,DE,DE_LU,forecast_onshore_wind_generation,Wind Onshore,2026-08-10T05:27:26Z
2026-08-10T05:25:30Z,2026-08-10T07:25:30+0200,4362fe35-cfeb-4c3c-9399-26381c363872,2026-07-18T11:30:00Z,2026-07-18T13:30:00+0200,12499.98969,MW,DE,DE_LU,forecast_onshore_wind_generation,Wind Onshore,2026-08-10T05:27:26Z
2026-08-10T05:25:30Z,2026-08-10T07:25:30+0200,4362fe35-cfeb-4c3c-9399-26381c363872,2026-07-18T11:45:00Z,2026-07-18T13:45:00+0200,12651.85513,MW,DE,DE_LU,forecast_onshore_wind_generation,Wind Onshore,2026-08-10T05:27:26Z
2026-08-10T05:25:30Z,2026-08-10T07:25:30+0200,4362fe35-cfeb-4c3c-9399-26381c363872,2026-07-18T12:00:00Z,2026-07-18T14:00:00+0200,12855.70524,MW,DE,DE_LU,forecast_onshore_wind_generation,Wind Onshore,2026-08-10T05:27:26Z
2026-08-10T05:25:30Z,2026-08-10T07:25:30+0200,4362fe35-cfeb-4c3c-9399-26381c363872,2026-07-18T12:15:00Z,2026-07-18T14:15:00+0200,13189.78433,MW,DE,DE_LU,forecast_onshore_wind_generation,Wind Onshore,2026-08-10T05:27:26Z
2026-08-10T05:25:30Z,2026-08-10T07:25:30+0200,4362fe35-cfeb-4c3c-9399-26381c363872,2026-07-18T12:30:00Z,2026-07-18T14:30:00+0200,13429.01226,MW,DE,DE_LU,forecast_onshore_wind_generation,Wind Onshore,2026-08-10T05:27:26Z
2026-08-10T05:25:30Z,2026-08-10T07:25:30+0200,4362fe35-cfeb-4c3c-9399-26381c363872,2026-07-18T12:45:00Z,2026-07-18T14:45:00+0200,13725.87516,MW,DE,DE_LU,forecast_onshore_wind_generation,Wind Onshore,2026-08-10T05:27:26Z
2026-08-10T05:25:30Z,2026-08-10T07:25:30+0200,4362fe35-cfeb-4c3c-9399-26381c363872,2026-07-18T13:00:00Z,2026-07-18T15:00:00+0200,14009.50535,MW,DE,DE_LU,forecast_onshore_wind_generation,Wind Onshore,2026-08-10T05:27:26Z
2026-08-10T05:25:30Z,2026-08-10T07:25:30+0200,4362fe35-cfeb-4c3c-9399-26381c363872,2026-07-18T13:15:00Z,2026-07-18T15:15:00+0200,14464.48607,MW,DE,DE_LU,forecast_onshore_wind_generation,Wind Onshore,2026-08-10T05:27:26Z
2026-08-10T05:25:30Z,2026-08-10T07:25:30+0200,4362fe35-cfeb-4c3c-9399-26381c363872,2026-07-18T13:30:00Z,2026-07-18T15:30:00+0200,14977.74584,MW,DE,DE_LU,forecast_onshore_wind_generation,Wind Onshore,2026-08-10T05:27:26Z
2026-08-10T05:25:30Z,2026-08-10T07:25:30+0200,4362fe35-cfeb-4c3c-9399-26381c363872,2026-07-18T13:45:00Z,2026-07-18T15:45:00+0200,15400.68168,MW,DE,DE_LU,forecast_onshore_wind_generation,Wind Onshore,2026-08-10T05:27:26Z
2026-08-10T05:25:30Z,2026-08-10T07:25:30+0200,4362fe35-cfeb-4c3c-9399-26381c363872,2026-07-18T14:00:00Z,2026-07-18T16:00:00+0200,15796.86316,MW,DE,DE_LU,forecast_onshore_wind_generation,Wind Onshore,2026-08-10T05:27:26Z
2026-08-10T05:25:30Z,2026-08-10T07:25:30+0200,4362fe35-cfeb-4c3c-9399-26381c363872,2026-07-18T14:15:00Z,2026-07-18T16:15:00+0200,16324.33207,MW,DE,DE_LU,forecast_onshore_wind_generation,Wind Onshore,2026-08-10T05:27:26Z
2026-08-10T05:25:30Z,2026-08-10T07:25:30+0200,4362fe35-cfeb-4c3c-9399-26381c363872,2026-07-18T14:30:00Z,2026-07-18T16:30:00+0200,16967.77726,MW,DE,DE_LU,forecast_onshore_wind_generation,Wind Onshore,2026-08-10T05:27:26Z
2026-08-10T05:25:30Z,2026-08-10T07:25:30+0200,4362fe35-cfeb-4c3c-9399-26381c363872,2026-07-18T14:45:00Z,2026-07-18T16:45:00+0200,17542.14889,MW,DE,DE_LU,forecast_onshore_wind_generation,Wind Onshore,2026-08-10T05:27:26Z
2026-08-10T05:25:30Z,2026-08-10T07:25:30+0200,4362fe35-cfeb-4c3c-9399-26381c363872,2026-07-18T15:00:00Z,2026-07-18T17:00:00+0200,18018.83868,MW,DE,DE_LU,forecast_onshore_wind_generation,Wind Onshore,2026-08-10T05:27:26Z
2026-08-10T05:25:30Z,2026-08-10T07:25:30+0200,4362fe35-cfeb-4c3c-9399-26381c363872,2026-07-18T15:15:00Z,2026-07-18T17:15:00+0200,18507.88929,MW,DE,DE_LU,forecast_onshore_wind_generation,Wind Onshore,2026-08-10T05:27:26Z
2026-08-10T05:25:30Z,2026-08-10T07:25:30+0200,4362fe35-cfeb-4c3c-9399-26381c363872,2026-07-18T15:30:00Z,2026-07-18T17:30:00+0200,19107.57102,MW,DE,DE_LU,forecast_onshore_wind_generation,Wind Onshore,2026-08-10T05:27:26Z
2026-08-10T05:25:30Z,2026-08-10T07:25:30+0200,4362fe35-cfeb-4c3c-9399-26381c363872,2026-07-18T15:45:00Z,2026-07-18T17:45:00+0200,19464.23791,MW,DE,DE_LU,forecast_onshore_wind_generation,Wind Onshore,2026-08-10T05:27:26Z
2026-08-10T05:25:30Z,2026-08-10T07:25:30+0200,4362fe35-cfeb-4c3c-9399-26381c363872,2026-07-18T16:00:00Z,2026-07-18T18:00:00+0200,19758.55653,MW,DE,DE_LU,forecast_onshore_wind_generation,Wind Onshore,2026-08-10T05:27:26Z
2026-08-10T05:25:30Z,2026-08-10T07:25:30+0200,4362fe35-cfeb-4c3c-9399-26381c363872,2026-07-18T16:15:00Z,2026-07-18T18:15:00+0200,19873.04688,MW,DE,DE_LU,forecast_onshore_wind_generation,Wind Onshore,2026-08-10T05:27:26Z
2026-08-10T05:25:30Z,2026-08-10T07:25:30+0200,4362fe35-cfeb-4c3c-9399-26381c363872,2026-07-18T16:30:00Z,2026-07-18T18:30:00+0200,20085.63807,MW,DE,DE_LU,forecast_onshore_wind_generation,Wind Onshore,2026-08-10T05:27:26Z
2026-08-10T05:25:30Z,2026-08-10T07:25:30+0200,4362fe35-cfeb-4c3c-9399-26381c363872,2026-07-18T16:45:00Z,2026-07-18T18:45:00+0200,19720.42861,MW,DE,DE_LU,forecast_onshore_wind_generation,Wind Onshore,2026-08-10T05:27:26Z
2026-08-10T05:25:30Z,2026-08-10T07:25:30+0200,4362fe35-cfeb-4c3c-9399-26381c363872,2026-07-18T17:00:00Z,2026-07-18T19:00:00+0200,19376.20025,MW,DE,DE_LU,forecast_onshore_wind_generation,Wind Onshore,2026-08-10T05:27:26Z
2026-08-10T05:25:30Z,2026-08-10T07:25:30+0200,4362fe35-cfeb-4c3c-9399-26381c363872,2026-07-18T17:15:00Z,2026-07-18T19:15:00+0200,18879.47422,MW,DE,DE_LU,forecast_onshore_wind_generation,Wind Onshore,2026-08-10T05:27:26Z
2026-08-10T05:25:30Z,2026-08-10T07:25:30+0200,4362fe35-cfeb-4c3c-9399-26381c363872,2026-07-18T17:30:00Z,2026-07-18T19:30:00+0200,18375.63994,MW,DE,DE_LU,forecast_onshore_wind_generation,Wind Onshore,2026-08-10T05:27:26Z
2026-08-10T05:25:30Z,2026-08-10T07:25:30+0200,4362fe35-cfeb-4c3c-9399-26381c363872,2026-07-18T17:45:00Z,2026-07-18T19:45:00+0200,17857.88201,MW,DE,DE_LU,forecast_onshore_wind_generation,Wind Onshore,2026-08-10T05:27:26Z
2026-08-10T05:25:30Z,2026-08-10T07:25:30+0200,4362fe35-cfeb-4c3c-9399-26381c363872,2026-07-18T18:00:00Z,2026-07-18T20:00:00+0200,17343.1996,MW,DE,DE_LU,forecast_onshore_wind_generation,Wind Onshore,2026-08-10T05:27:26Z
2026-08-10T05:25:30Z,2026-08-10T07:25:30+0200,4362fe35-cfeb-4c3c-9399-26381c363872,2026-07-18T18:15:00Z,2026-07-18T20:15:00+0200,16795.95284,MW,DE,DE_LU,forecast_onshore_wind_generation,Wind Onshore,2026-08-10T05:27:26Z
2026-08-10T05:25:30Z,2026-08-10T07:25:30+0200,4362fe35-cfeb-4c3c-9399-26381c363872,2026-07-18T18:30:00Z,2026-07-18T20:30:00+0200,16222.13069,MW,DE,DE_LU,forecast_onshore_wind_generation,Wind Onshore,2026-08-10T05:27:26Z
2026-08-10T05:25:30Z,2026-08-10T07:25:30+0200,4362fe35-cfeb-4c3c-9399-26381c363872,2026-07-18T18:45:00Z,2026-07-18T20:45:00+0200,15622.10094,MW,DE,DE_LU,forecast_onshore_wind_generation,Wind Onshore,2026-08-10T05:27:26Z
2026-08-10T05:25:30Z,2026-08-10T07:25:30+0200,4362fe35-cfeb-4c3c-9399-26381c363872,2026-07-18T19:00:00Z,2026-07-18T21:00:00+0200,15043.99759,MW,DE,DE_LU,forecast_onshore_wind_generation,Wind Onshore,2026-08-10T05:27:26Z
2026-08-10T05:25:30Z,2026-08-10T07:25:30+0200,4362fe35-cfeb-4c3c-9399-26381c363872,2026-07-18T19:15:00Z,2026-07-18T21:15:00+0200,14630.93231,MW,DE,DE_LU,forecast_onshore_wind_generation,Wind Onshore,2026-08-10T05:27:26Z
2026-08-10T05:25:30Z,2026-08-10T07:25:30+0200,4362fe35-cfeb-4c3c-9399-26381c363872,2026-07-18T19:30:00Z,2026-07-18T21:30:00+0200,14282.98181,MW,DE,DE_LU,forecast_onshore_wind_generation,Wind Onshore,2026-08-10T05:27:26Z
2026-08-10T05:25:30Z,2026-08-10T07:25:30+0200,4362fe35-cfeb-4c3c-9399-26381c363872,2026-07-18T19:45:00Z,2026-07-18T21:45:00+0200,13927.48792,MW,DE,DE_LU,forecast_onshore_wind_generation,Wind Onshore,2026-08-10T05:27:26Z
2026-08-10T05:25:30Z,2026-08-10T07:25:30+0200,4362fe35-cfeb-4c3c-9399-26381c363872,2026-07-18T20:00:00Z,2026-07-18T22:00:00+0200,13300.83746,MW,DE,DE_LU,forecast_onshore_wind_generation,Wind Onshore,2026-08-10T05:27:26Z
2026-08-10T05:25:30Z,2026-08-10T07:25:30+0200,4362fe35-cfeb-4c3c-9399-26381c363872,2026-07-18T20:15:00Z,2026-07-18T22:15:00+0200,13119.53082,MW,DE,DE_LU,forecast_onshore_wind_generation,Wind Onshore,2026-08-10T05:27:26Z
2026-08-10T05:25:30Z,2026-08-10T07:25:30+0200,4362fe35-cfeb-4c3c-9399-26381c363872,2026-07-18T20:30:00Z,2026-07-18T22:30:00+0200,12939.99177,MW,DE,DE_LU,forecast_onshore_wind_generation,Wind Onshore,2026-08-10T05:27:26Z
2026-08-10T05:25:30Z,2026-08-10T07:25:30+0200,4362fe35-cfeb-4c3c-9399-26381c363872,2026-07-18T20:45:00Z,2026-07-18T22:45:00+0200,12744.78352,MW,DE,DE_LU,forecast_onshore_wind_generation,Wind Onshore,2026-08-10T05:27:26Z
2026-08-10T05:25:30Z,2026-08-10T07:25:30+0200,4362fe35-cfeb-4c3c-9399-26381c363872,2026-07-18T21:00:00Z,2026-07-18T23:00:00+0200,12553.375,MW,DE,DE_LU,forecast_onshore_wind_generation,Wind Onshore,2026-08-10T05:27:26Z
2026-08-10T05:25:30Z,2026-08-10T07:25:30+0200,4362fe35-cfeb-4c3c-9399-26381c363872,2026-07-18T21:15:00Z,2026-07-18T23:15:00+0200,12344.95404,MW,DE,DE_LU,forecast_onshore_wind_generation,Wind Onshore,2026-08-10T05:27:26Z
2026-08-10T05:25:30Z,2026-08-10T07:25:30+0200,4362fe35-cfeb-4c3c-9399-26381c363872,2026-07-18T21:30:00Z,2026-07-18T23:30:00+0200,12138.24984,MW,DE,DE_LU,forecast_onshore_wind_generation,Wind Onshore,2026-08-10T05:27:26Z
2026-08-10T05:25:30Z,2026-08-10T07:25:30+0200,4362fe35-cfeb-4c3c-9399-26381c363872,2026-07-18T21:45:00Z,2026-07-18T23:45:00+0200,11932.33611,MW,DE,DE_LU,forecast_onshore_wind_generation,Wind Onshore,2026-08-10T05:27:26Z
2026-08-10T05:25:30Z,2026-08-10T07:25:30+0200,4362fe35-cfeb-4c3c-9399-26381c363872,2026-07-18T22:00:00Z,2026-07-19T00:00:00+0200,11352.54526,MW,DE,DE_LU,forecast_onshore_wind_generation,Wind Onshore,2026-08-10T05:27:26Z
2026-08-10T05:25:30Z,2026-08-10T07:25:30+0200,4362fe35-cfeb-4c3c-9399-26381c363872,2026-07-18T22:15:00Z,2026-07-19T00:15:00+0200,11210.61815,MW,DE,DE_LU,forecast_onshore_wind_generation,Wind Onshore,2026-08-10T05:27:26Z
2026-08-10T05:25:30Z,2026-08-10T07:25:30+0200,4362fe35-cfeb-4c3c-9399-26381c363872,2026-07-18T22:30:00Z,2026-07-19T00:30:00+0200,11081.77811,MW,DE,DE_LU,forecast_onshore_wind_generation,Wind Onshore,2026-08-10T05:27:26Z
2026-08-10T05:25:30Z,2026-08-10T07:25:30+0200,4362fe35-cfeb-4c3c-9399-26381c363872,2026-07-18T22:45:00Z,2026-07-19T00:45:00+0200,10945.60346,MW,DE,DE_LU,forecast_onshore_wind_generation,Wind Onshore,2026-08-10T05:27:26Z
2026-08-10T05:25:30Z,2026-08-10T07:25:30+0200,4362fe35-cfeb-4c3c-9399-26381c363872,2026-07-18T23:00:00Z,2026-07-19T01:00:00+0200,10818.43293,MW,DE,DE_LU,forecast_onshore_wind_generation,Wind Onshore,2026-08-10T05:27:26Z
2026-08-10T05:25:30Z,2026-08-10T07:25:30+0200,4362fe35-cfeb-4c3c-9399-26381c363872,2026-07-18T23:15:00Z,2026-07-19T01:15:00+0200,10791.85066,MW,DE,DE_LU,forecast_onshore_wind_generation,Wind Onshore,2026-08-10T05:27:26Z
2026-08-10T05:25:30Z,2026-08-10T07:25:30+0200,4362fe35-cfeb-4c3c-9399-26381c363872,2026-07-18T23:30:00Z,2026-07-19T01:30:00+0200,10772.33046,MW,DE,DE_LU,forecast_onshore_wind_generation,Wind Onshore,2026-08-10T05:27:26Z
2026-08-10T05:25:30Z,2026-08-10T07:25:30+0200,4362fe35-cfeb-4c3c-9399-26381c363872,2026-07-18T23:45:00Z,2026-07-19T01:45:00+0200,10783.69043,MW,DE,DE_LU,forecast_onshore_wind_generation,Wind Onshore,2026-08-10T05:27:26Z
2026-08-10T05:25:30Z,2026-08-10T07:25:30+0200,4362fe35-cfeb-4c3c-9399-26381c363872,2026-07-19T00:00:00Z,2026-07-19T02:00:00+0200,10826.79234,MW,DE,DE_LU,forecast_onshore_wind_generation,Wind Onshore,2026-08-10T05:27:26Z
2026-08-10T05:25:30Z,2026-08-10T07:25:30+0200,4362fe35-cfeb-4c3c-9399-26381c363872,2026-07-19T00:15:00Z,2026-07-19T02:15:00+0200,10898.2172,MW,DE,DE_LU,forecast_onshore_wind_generation,Wind Onshore,2026-08-10T05:27:26Z
2026-08-10T05:25:30Z,2026-08-10T07:25:30+0200,4362fe35-cfeb-4c3c-9399-26381c363872,2026-07-19T00:30:00Z,2026-07-19T02:30:00+0200,10928.19169,MW,DE,DE_LU,forecast_onshore_wind_generation,Wind Onshore,2026-08-10T05:27:26Z
2026-08-10T05:25:30Z,2026-08-10T07:25:30+0200,4362fe35-cfeb-4c3c-9399-26381c363872,2026-07-19T00:45:00Z,2026-07-19T02:45:00+0200,10939.14547,MW,DE,DE_LU,forecast_onshore_wind_generation,Wind Onshore,2026-08-10T05:27:26Z
2026-08-10T05:25:30Z,2026-08-10T07:25:30+0200,4362fe35-cfeb-4c3c-9399-26381c363872,2026-07-19T01:00:00Z,2026-07-19T03:00:00+0200,10949.96139,MW,DE,DE_LU,forecast_onshore_wind_generation,Wind Onshore,2026-08-10T05:27:26Z
2026-08-10T05:25:30Z,2026-08-10T07:25:30+0200,4362fe35-cfeb-4c3c-9399-26381c363872,2026-07-19T01:15:00Z,2026-07-19T03:15:00+0200,10991.429,MW,DE,DE_LU,forecast_onshore_wind_generation,Wind Onshore,2026-08-10T05:27:26Z
2026-08-10T05:25:30Z,2026-08-10T07:25:30+0200,4362fe35-cfeb-4c3c-9399-26381c363872,2026-07-19T01:30:00Z,2026-07-19T03:30:00+0200,11009.12366,MW,DE,DE_LU,forecast_onshore_wind_generation,Wind Onshore,2026-08-10T05:27:26Z
2026-08-10T05:25:30Z,2026-08-10T07:25:30+0200,4362fe35-cfeb-4c3c-9399-26381c363872,2026-07-19T01:45:00Z,2026-07-19T03:45:00+0200,11040.29084,MW,DE,DE_LU,forecast_onshore_wind_generation,Wind Onshore,2026-08-10T05:27:26Z
2026-08-10T05:25:30Z,2026-08-10T07:25:30+0200,4362fe35-cfeb-4c3c-9399-26381c363872,2026-07-19T02:00:00Z,2026-07-19T04:00:00+0200,11049.69988,MW,DE,DE_LU,forecast_onshore_wind_generation,Wind Onshore,2026-08-10T05:27:26Z
2026-08-10T05:25:30Z,2026-08-10T07:25:30+0200,4362fe35-cfeb-4c3c-9399-26381c363872,2026-07-19T02:15:00Z,2026-07-19T04:15:00+0200,11081.79835,MW,DE,DE_LU,forecast_onshore_wind_generation,Wind Onshore,2026-08-10T05:27:26Z
2026-08-10T05:25:30Z,2026-08-10T07:25:30+0200,4362fe35-cfeb-4c3c-9399-26381c363872,2026-07-19T02:30:00Z,2026-07-19T04:30:00+0200,11096.28359,MW,DE,DE_LU,forecast_onshore_wind_generation,Wind Onshore,2026-08-10T05:27:26Z
2026-08-10T05:25:30Z,2026-08-10T07:25:30+0200,4362fe35-cfeb-4c3c-9399-26381c363872,2026-07-19T02:45:00Z,2026-07-19T04:45:00+0200,11127.51123,MW,DE,DE_LU,forecast_onshore_wind_generation,Wind Onshore,2026-08-10T05:27:26Z
2026-08-10T05:25:30Z,2026-08-10T07:25:30+0200,4362fe35-cfeb-4c3c-9399-26381c363872,2026-07-19T03:00:00Z,2026-07-19T05:00:00+0200,11143.79307,MW,DE,DE_LU,forecast_onshore_wind_generation,Wind Onshore,2026-08-10T05:27:26Z
2026-08-10T05:25:30Z,2026-08-10T07:25:30+0200,4362fe35-cfeb-4c3c-9399-26381c363872,2026-07-19T03:15:00Z,2026-07-19T05:15:00+0200,11155.49313,MW,DE,DE_LU,forecast_onshore_wind_generation,Wind Onshore,2026-08-10T05:27:26Z
2026-08-10T05:25:30Z,2026-08-10T07:25:30+0200,4362fe35-cfeb-4c3c-9399-26381c363872,2026-07-19T03:30:00Z,2026-07-19T05:30:00+0200,11150.5425,MW,DE,DE_LU,forecast_onshore_wind_generation,Wind Onshore,2026-08-10T05:27:26Z
2026-08-10T05:25:30Z,2026-08-10T07:25:30+0200,4362fe35-cfeb-4c3c-9399-26381c363872,2026-07-19T03:45:00Z,2026-07-19T05:45:00+0200,11145.82609,MW,DE,DE_LU,forecast_onshore_wind_generation,Wind Onshore,2026-08-10T05:27:26Z
2026-08-10T05:25:30Z,2026-08-10T07:25:30+0200,4362fe35-cfeb-4c3c-9399-26381c363872,2026-07-19T04:00:00Z,2026-07-19T06:00:00+0200,11276.6795,MW,DE,DE_LU,forecast_onshore_wind_generation,Wind Onshore,2026-08-10T05:27:26Z
2026-08-10T05:25:30Z,2026-08-10T07:25:30+0200,4362fe35-cfeb-4c3c-9399-26381c363872,2026-07-19T04:15:00Z,2026-07-19T06:15:00+0200,11153.30984,MW,DE,DE_LU,forecast_onshore_wind_generation,Wind Onshore,2026-08-10T05:27:26Z
2026-08-10T05:25:30Z,2026-08-10T07:25:30+0200,4362fe35-cfeb-4c3c-9399-26381c363872,2026-07-19T04:30:00Z,2026-07-19T06:30:00+0200,11016.0641,MW,DE,DE_LU,forecast_onshore_wind_generation,Wind Onshore,2026-08-10T05:27:26Z
2026-08-10T05:25:30Z,2026-08-10T07:25:30+0200,4362fe35-cfeb-4c3c-9399-26381c363872,2026-07-19T04:45:00Z,2026-07-19T06:45:00+0200,10806.77493,MW,DE,DE_LU,forecast_onshore_wind_generation,Wind Onshore,2026-08-10T05:27:26Z
2026-08-10T05:25:30Z,2026-08-10T07:25:30+0200,4362fe35-cfeb-4c3c-9399-26381c363872,2026-07-19T05:00:00Z,2026-07-19T07:00:00+0200,10595.09779,MW,DE,DE_LU,forecast_onshore_wind_generation,Wind Onshore,2026-08-10T05:27:26Z
2026-08-10T05:25:30Z,2026-08-10T07:25:30+0200,4362fe35-cfeb-4c3c-9399-26381c363872,2026-07-19T05:15:00Z,2026-07-19T07:15:00+0200,10431.60736,MW,DE,DE_LU,forecast_onshore_wind_generation,Wind Onshore,2026-08-10T05:27:26Z
2026-08-10T05:25:30Z,2026-08-10T07:25:30+0200,4362fe35-cfeb-4c3c-9399-26381c363872,2026-07-19T05:30:00Z,2026-07-19T07:30:00+0200,10187.03024,MW,DE,DE_LU,forecast_onshore_wind_generation,Wind Onshore,2026-08-10T05:27:26Z
2026-08-10T05:25:30Z,2026-08-10T07:25:30+0200,4362fe35-cfeb-4c3c-9399-26381c363872,2026-07-19T05:45:00Z,2026-07-19T07:45:00+0200,10002.49046,MW,DE,DE_LU,forecast_onshore_wind_generation,Wind Onshore,2026-08-10T05:27:26Z
2026-08-10T05:25:30Z,2026-08-10T07:25:30+0200,4362fe35-cfeb-4c3c-9399-26381c363872,2026-07-19T06:00:00Z,2026-07-19T08:00:00+0200,9906.6267,MW,DE,DE_LU,forecast_onshore_wind_generation,Wind Onshore,2026-08-10T05:27:26Z
2026-08-10T05:25:30Z,2026-08-10T07:25:30+0200,4362fe35-cfeb-4c3c-9399-26381c363872,2026-07-19T06:15:00Z,2026-07-19T08:15:00+0200,9951.15132,MW,DE,DE_LU,forecast_onshore_wind_generation,Wind Onshore,2026-08-10T05:27:26Z
2026-08-10T05:25:30Z,2026-08-10T07:25:30+0200,4362fe35-cfeb-4c3c-9399-26381c363872,2026-07-19T06:30:00Z,2026-07-19T08:30:00+0200,10111.81312,MW,DE,DE_LU,forecast_onshore_wind_generation,Wind Onshore,2026-08-10T05:27:26Z
2026-08-10T05:25:30Z,2026-08-10T07:25:30+0200,4362fe35-cfeb-4c3c-9399-26381c363872,2026-07-19T06:45:00Z,2026-07-19T08:45:00+0200,10333.20222,MW,DE,DE_LU,forecast_onshore_wind_generation,Wind Onshore,2026-08-10T05:27:26Z
2026-08-10T05:25:30Z,2026-08-10T07:25:30+0200,4362fe35-cfeb-4c3c-9399-26381c363872,2026-07-19T07:00:00Z,2026-07-19T09:00:00+0200,10579.51352,MW,DE,DE_LU,forecast_onshore_wind_generation,Wind Onshore,2026-08-10T05:27:26Z
2026-08-10T05:25:30Z,2026-08-10T07:25:30+0200,4362fe35-cfeb-4c3c-9399-26381c363872,2026-07-19T07:15:00Z,2026-07-19T09:15:00+0200,10758.85015,MW,DE,DE_LU,forecast_onshore_wind_generation,Wind Onshore,2026-08-10T05:27:26Z
2026-08-10T05:25:30Z,2026-08-10T07:25:30+0200,4362fe35-cfeb-4c3c-9399-26381c363872,2026-07-19T07:30:00Z,2026-07-19T09:30:00+0200,10936.81249,MW,DE,DE_LU,forecast_onshore_wind_generation,Wind Onshore,2026-08-10T05:27:26Z
2026-08-10T05:25:30Z,2026-08-10T07:25:30+0200,4362fe35-cfeb-4c3c-9399-26381c363872,2026-07-19T07:45:00Z,2026-07-19T09:45:00+0200,11134.2649,MW,DE,DE_LU,forecast_onshore_wind_generation,Wind Onshore,2026-08-10T05:27:26Z
2026-08-10T05:25:30Z,2026-08-10T07:25:30+0200,4362fe35-cfeb-4c3c-9399-26381c363872,2026-07-19T08:00:00Z,2026-07-19T10:00:00+0200,11246.66832,MW,DE,DE_LU,forecast_onshore_wind_generation,Wind Onshore,2026-08-10T05:27:26Z
2026-08-10T05:25:30Z,2026-08-10T07:25:30+0200,4362fe35-cfeb-4c3c-9399-26381c363872,2026-07-19T08:15:00Z,2026-07-19T10:15:00+0200,11494.06092,MW,DE,DE_LU,forecast_onshore_wind_generation,Wind Onshore,2026-08-10T05:27:26Z
2026-08-10T05:25:30Z,2026-08-10T07:25:30+0200,4362fe35-cfeb-4c3c-9399-26381c363872,2026-07-19T08:30:00Z,2026-07-19T10:30:00+0200,11648.80824,MW,DE,DE_LU,forecast_onshore_wind_generation,Wind Onshore,2026-08-10T05:27:26Z
2026-08-10T05:25:30Z,2026-08-10T07:25:30+0200,4362fe35-cfeb-4c3c-9399-26381c363872,2026-07-19T08:45:00Z,2026-07-19T10:45:00+0200,11844.89049,MW,DE,DE_LU,forecast_onshore_wind_generation,Wind Onshore,2026-08-10T05:27:26Z
2026-08-10T05:25:30Z,2026-08-10T07:25:30+0200,4362fe35-cfeb-4c3c-9399-26381c363872,2026-07-19T09:00:00Z,2026-07-19T11:00:00+0200,11769.43537,MW,DE,DE_LU,forecast_onshore_wind_generation,Wind Onshore,2026-08-10T05:27:26Z
2026-08-10T05:25:30Z,2026-08-10T07:25:30+0200,4362fe35-cfeb-4c3c-9399-26381c363872,2026-07-19T09:15:00Z,2026-07-19T11:15:00+0200,11667.44848,MW,DE,DE_LU,forecast_onshore_wind_generation,Wind Onshore,2026-08-10T05:27:26Z
2026-08-10T05:25:30Z,2026-08-10T07:25:30+0200,4362fe35-cfeb-4c3c-9399-26381c363872,2026-07-19T09:30:00Z,2026-07-19T11:30:00+0200,11600.77799,MW,DE,DE_LU,forecast_onshore_wind_generation,Wind Onshore,2026-08-10T05:27:26Z
2026-08-10T05:25:30Z,2026-08-10T07:25:30+0200,4362fe35-cfeb-4c3c-9399-26381c363872,2026-07-19T09:45:00Z,2026-07-19T11:45:00+0200,11534.10896,MW,DE,DE_LU,forecast_onshore_wind_generation,Wind Onshore,2026-08-10T05:27:26Z
2026-08-10T05:25:30Z,2026-08-10T07:25:30+0200,4362fe35-cfeb-4c3c-9399-26381c363872,2026-07-19T10:00:00Z,2026-07-19T12:00:00+0200,11473.6636,MW,DE,DE_LU,forecast_onshore_wind_generation,Wind Onshore,2026-08-10T05:27:26Z
2026-08-10T05:25:30Z,2026-08-10T07:25:30+0200,4362fe35-cfeb-4c3c-9399-26381c363872,2026-07-19T10:15:00Z,2026-07-19T12:15:00+0200,11459.44398,MW,DE,DE_LU,forecast_onshore_wind_generation,Wind Onshore,2026-08-10T05:27:26Z
2026-08-10T05:25:30Z,2026-08-10T07:25:30+0200,4362fe35-cfeb-4c3c-9399-26381c363872,2026-07-19T10:30:00Z,2026-07-19T12:30:00+0200,11453.13662,MW,DE,DE_LU,forecast_onshore_wind_generation,Wind Onshore,2026-08-10T05:27:26Z
2026-08-10T05:25:30Z,2026-08-10T07:25:30+0200,4362fe35-cfeb-4c3c-9399-26381c363872,2026-07-19T10:45:00Z,2026-07-19T12:45:00+0200,11350.87826,MW,DE,DE_LU,forecast_onshore_wind_generation,Wind Onshore,2026-08-10T05:27:26Z
2026-08-10T05:25:30Z,2026-08-10T07:25:30+0200,4362fe35-cfeb-4c3c-9399-26381c363872,2026-07-19T11:00:00Z,2026-07-19T13:00:00+0200,11295.62171,MW,DE,DE_LU,forecast_onshore_wind_generation,Wind Onshore,2026-08-10T05:27:26Z
2026-08-10T05:25:30Z,2026-08-10T07:25:30+0200,4362fe35-cfeb-4c3c-9399-26381c363872,2026-07-19T11:15:00Z,2026-07-19T13:15:00+0200,11243.67472,MW,DE,DE_LU,forecast_onshore_wind_generation,Wind Onshore,2026-08-10T05:27:26Z
2026-08-10T05:25:30Z,2026-08-10T07:25:30+0200,4362fe35-cfeb-4c3c-9399-26381c363872,2026-07-19T11:30:00Z,2026-07-19T13:30:00+0200,11294.6168,MW,DE,DE_LU,forecast_onshore_wind_generation,Wind Onshore,2026-08-10T05:27:26Z
2026-08-10T05:25:30Z,2026-08-10T07:25:30+0200,4362fe35-cfeb-4c3c-9399-26381c363872,2026-07-19T11:45:00Z,2026-07-19T13:45:00+0200,11452.50738,MW,DE,DE_LU,forecast_onshore_wind_generation,Wind Onshore,2026-08-10T05:27:26Z
2026-08-10T05:25:30Z,2026-08-10T07:25:30+0200,4362fe35-cfeb-4c3c-9399-26381c363872,2026-07-19T12:00:00Z,2026-07-19T14:00:00+0200,11701.88182,MW,DE,DE_LU,forecast_onshore_wind_generation,Wind Onshore,2026-08-10T05:27:26Z
2026-08-10T05:25:30Z,2026-08-10T07:25:30+0200,4362fe35-cfeb-4c3c-9399-26381c363872,2026-07-19T12:15:00Z,2026-07-19T14:15:00+0200,12021.94954,MW,DE,DE_LU,forecast_onshore_wind_generation,Wind Onshore,2026-08-10T05:27:26Z
2026-08-10T05:25:30Z,2026-08-10T07:25:30+0200,4362fe35-cfeb-4c3c-9399-26381c363872,2026-07-19T12:30:00Z,2026-07-19T14:30:00+0200,12311.59094,MW,DE,DE_LU,forecast_onshore_wind_generation,Wind Onshore,2026-08-10T05:27:26Z
2026-08-10T05:25:30Z,2026-08-10T07:25:30+0200,4362fe35-cfeb-4c3c-9399-26381c363872,2026-07-19T12:45:00Z,2026-07-19T14:45:00+0200,12648.24497,MW,DE,DE_LU,forecast_onshore_wind_generation,Wind Onshore,2026-08-10T05:27:26Z
2026-08-10T05:25:30Z,2026-08-10T07:25:30+0200,4362fe35-cfeb-4c3c-9399-26381c363872,2026-07-19T13:00:00Z,2026-07-19T15:00:00+0200,13033.2362,MW,DE,DE_LU,forecast_onshore_wind_generation,Wind Onshore,2026-08-10T05:27:26Z
2026-08-10T05:25:30Z,2026-08-10T07:25:30+0200,4362fe35-cfeb-4c3c-9399-26381c363872,2026-07-19T13:15:00Z,2026-07-19T15:15:00+0200,13466.75802,MW,DE,DE_LU,forecast_onshore_wind_generation,Wind Onshore,2026-08-10T05:27:26Z
2026-08-10T05:25:30Z,2026-08-10T07:25:30+0200,4362fe35-cfeb-4c3c-9399-26381c363872,2026-07-19T13:30:00Z,2026-07-19T15:30:00+0200,13946.73725,MW,DE,DE_LU,forecast_onshore_wind_generation,Wind Onshore,2026-08-10T05:27:26Z
2026-08-10T05:25:30Z,2026-08-10T07:25:30+0200,4362fe35-cfeb-4c3c-9399-26381c363872,2026-07-19T13:45:00Z,2026-07-19T15:45:00+0200,14556.47633,MW,DE,DE_LU,forecast_onshore_wind_generation,Wind Onshore,2026-08-10T05:27:26Z
2026-08-10T05:25:30Z,2026-08-10T07:25:30+0200,4362fe35-cfeb-4c3c-9399-26381c363872,2026-07-19T14:00:00Z,2026-07-19T16:00:00+0200,15265.81998,MW,DE,DE_LU,forecast_onshore_wind_generation,Wind Onshore,2026-08-10T05:27:26Z
2026-08-10T05:25:30Z,2026-08-10T07:25:30+0200,4362fe35-cfeb-4c3c-9399-26381c363872,2026-07-19T14:15:00Z,2026-07-19T16:15:00+0200,15901.7385,MW,DE,DE_LU,forecast_onshore_wind_generation,Wind Onshore,2026-08-10T05:27:26Z
2026-08-10T05:25:30Z,2026-08-10T07:25:30+0200,4362fe35-cfeb-4c3c-9399-26381c363872,2026-07-19T14:30:00Z,2026-07-19T16:30:00+0200,16683.98754,MW,DE,DE_LU,forecast_onshore_wind_generation,Wind Onshore,2026-08-10T05:27:26Z
2026-08-10T05:25:30Z,2026-08-10T07:25:30+0200,4362fe35-cfeb-4c3c-9399-26381c363872,2026-07-19T14:45:00Z,2026-07-19T16:45:00+0200,17527.15511,MW,DE,DE_LU,forecast_onshore_wind_generation,Wind Onshore,2026-08-10T05:27:26Z
2026-08-10T05:25:30Z,2026-08-10T07:25:30+0200,4362fe35-cfeb-4c3c-9399-26381c363872,2026-07-19T15:00:00Z,2026-07-19T17:00:00+0200,18137.8786,MW,DE,DE_LU,forecast_onshore_wind_generation,Wind Onshore,2026-08-10T05:27:26Z
2026-08-10T05:25:30Z,2026-08-10T07:25:30+0200,4362fe35-cfeb-4c3c-9399-26381c363872,2026-07-19T15:15:00Z,2026-07-19T17:15:00+0200,18839.08112,MW,DE,DE_LU,forecast_onshore_wind_generation,Wind Onshore,2026-08-10T05:27:26Z
2026-08-10T05:25:30Z,2026-08-10T07:25:30+0200,4362fe35-cfeb-4c3c-9399-26381c363872,2026-07-19T15:30:00Z,2026-07-19T17:30:00+0200,19407.26868,MW,DE,DE_LU,forecast_onshore_wind_generation,Wind Onshore,2026-08-10T05:27:26Z
2026-08-10T05:25:30Z,2026-08-10T07:25:30+0200,4362fe35-cfeb-4c3c-9399-26381c363872,2026-07-19T15:45:00Z,2026-07-19T17:45:00+0200,19905.39642,MW,DE,DE_LU,forecast_onshore_wind_generation,Wind Onshore,2026-08-10T05:27:26Z
2026-08-10T05:25:30Z,2026-08-10T07:25:30+0200,4362fe35-cfeb-4c3c-9399-26381c363872,2026-07-19T16:00:00Z,2026-07-19T18:00:00+0200,20340.7212,MW,DE,DE_LU,forecast_onshore_wind_generation,Wind Onshore,2026-08-10T05:27:26Z
2026-08-10T05:25:30Z,2026-08-10T07:25:30+0200,4362fe35-cfeb-4c3c-9399-26381c363872,2026-07-19T16:15:00Z,2026-07-19T18:15:00+0200,20657.08735,MW,DE,DE_LU,forecast_onshore_wind_generation,Wind Onshore,2026-08-10T05:27:26Z
2026-08-10T05:25:30Z,2026-08-10T07:25:30+0200,4362fe35-cfeb-4c3c-9399-26381c363872,2026-07-19T16:30:00Z,2026-07-19T18:30:00+0200,20881.46323,MW,DE,DE_LU,forecast_onshore_wind_generation,Wind Onshore,2026-08-10T05:27:26Z
2026-08-10T05:25:30Z,2026-08-10T07:25:30+0200,4362fe35-cfeb-4c3c-9399-26381c363872,2026-07-19T16:45:00Z,2026-07-19T18:45:00+0200,20631.00664,MW,DE,DE_LU,forecast_onshore_wind_generation,Wind Onshore,2026-08-10T05:27:26Z
2026-08-10T05:25:30Z,2026-08-10T07:25:30+0200,4362fe35-cfeb-4c3c-9399-26381c363872,2026-07-19T17:00:00Z,2026-07-19T19:00:00+0200,20322.39698,MW,DE,DE_LU,forecast_onshore_wind_generation,Wind Onshore,2026-08-10T05:27:26Z
2026-08-10T05:25:30Z,2026-08-10T07:25:30+0200,4362fe35-cfeb-4c3c-9399-26381c363872,2026-07-19T17:15:00Z,2026-07-19T19:15:00+0200,19831.3624,MW,DE,DE_LU,forecast_onshore_wind_generation,Wind Onshore,2026-08-10T05:27:26Z
2026-08-10T05:25:30Z,2026-08-10T07:25:30+0200,4362fe35-cfeb-4c3c-9399-26381c363872,2026-07-19T17:30:00Z,2026-07-19T19:30:00+0200,19386.61964,MW,DE,DE_LU,forecast_onshore_wind_generation,Wind Onshore,2026-08-10T05:27:26Z
2026-08-10T05:25:30Z,2026-08-10T07:25:30+0200,4362fe35-cfeb-4c3c-9399-26381c363872,2026-07-19T17:45:00Z,2026-07-19T19:45:00+0200,18944.07442,MW,DE,DE_LU,forecast_onshore_wind_generation,Wind Onshore,2026-08-10T05:27:26Z
2026-08-10T05:25:30Z,2026-08-10T07:25:30+0200,4362fe35-cfeb-4c3c-9399-26381c363872,2026-07-19T18:00:00Z,2026-07-19T20:00:00+0200,18449.29177,MW,DE,DE_LU,forecast_onshore_wind_generation,Wind Onshore,2026-08-10T05:27:26Z
2026-08-10T05:25:30Z,2026-08-10T07:25:30+0200,4362fe35-cfeb-4c3c-9399-26381c363872,2026-07-19T18:15:00Z,2026-07-19T20:15:00+0200,18100.43494,MW,DE,DE_LU,forecast_onshore_wind_generation,Wind Onshore,2026-08-10T05:27:26Z
2026-08-10T05:25:30Z,2026-08-10T07:25:30+0200,4362fe35-cfeb-4c3c-9399-26381c363872,2026-07-19T18:30:00Z,2026-07-19T20:30:00+0200,17709.88496,MW,DE,DE_LU,forecast_onshore_wind_generation,Wind Onshore,2026-08-10T05:27:26Z
2026-08-10T05:25:30Z,2026-08-10T07:25:30+0200,4362fe35-cfeb-4c3c-9399-26381c363872,2026-07-19T18:45:00Z,2026-07-19T20:45:00+0200,17298.20089,MW,DE,DE_LU,forecast_onshore_wind_generation,Wind Onshore,2026-08-10T05:27:26Z
2026-08-10T05:25:30Z,2026-08-10T07:25:30+0200,4362fe35-cfeb-4c3c-9399-26381c363872,2026-07-19T19:00:00Z,2026-07-19T21:00:00+0200,16914.77186,MW,DE,DE_LU,forecast_onshore_wind_generation,Wind Onshore,2026-08-10T05:27:26Z
2026-08-10T05:25:30Z,2026-08-10T07:25:30+0200,4362fe35-cfeb-4c3c-9399-26381c363872,2026-07-19T19:15:00Z,2026-07-19T21:15:00+0200,16740.8786,MW,DE,DE_LU,forecast_onshore_wind_generation,Wind Onshore,2026-08-10T05:27:26Z
2026-08-10T05:25:30Z,2026-08-10T07:25:30+0200,4362fe35-cfeb-4c3c-9399-26381c363872,2026-07-19T19:30:00Z,2026-07-19T21:30:00+0200,16625.09657,MW,DE,DE_LU,forecast_onshore_wind_generation,Wind Onshore,2026-08-10T05:27:26Z
2026-08-10T05:25:30Z,2026-08-10T07:25:30+0200,4362fe35-cfeb-4c3c-9399-26381c363872,2026-07-19T19:45:00Z,2026-07-19T21:45:00+0200,16520.17529,MW,DE,DE_LU,forecast_onshore_wind_generation,Wind Onshore,2026-08-10T05:27:26Z
2026-08-10T05:25:30Z,2026-08-10T07:25:30+0200,4362fe35-cfeb-4c3c-9399-26381c363872,2026-07-19T20:00:00Z,2026-07-19T22:00:00+0200,16154.12883,MW,DE,DE_LU,forecast_onshore_wind_generation,Wind Onshore,2026-08-10T05:27:26Z
2026-08-10T05:25:30Z,2026-08-10T07:25:30+0200,4362fe35-cfeb-4c3c-9399-26381c363872,2026-07-19T20:15:00Z,2026-07-19T22:15:00+0200,16304.76877,MW,DE,DE_LU,forecast_onshore_wind_generation,Wind Onshore,2026-08-10T05:27:26Z
2026-08-10T05:25:30Z,2026-08-10T07:25:30+0200,4362fe35-cfeb-4c3c-9399-26381c363872,2026-07-19T20:30:00Z,2026-07-19T22:30:00+0200,16467.21429,MW,DE,DE_LU,forecast_onshore_wind_generation,Wind Onshore,2026-08-10T05:27:26Z
2026-08-10T05:25:30Z,2026-08-10T07:25:30+0200,4362fe35-cfeb-4c3c-9399-26381c363872,2026-07-19T20:45:00Z,2026-07-19T22:45:00+0200,16611.21846,MW,DE,DE_LU,forecast_onshore_wind_generation,Wind Onshore,2026-08-10T05:27:26Z
2026-08-10T05:25:30Z,2026-08-10T07:25:30+0200,4362fe35-cfeb-4c3c-9399-26381c363872,2026-07-19T21:00:00Z,2026-07-19T23:00:00+0200,16748.26536,MW,DE,DE_LU,forecast_onshore_wind_generation,Wind Onshore,2026-08-10T05:27:26Z
2026-08-10T05:25:30Z,2026-08-10T07:25:30+0200,4362fe35-cfeb-4c3c-9399-26381c363872,2026-07-19T21:15:00Z,2026-07-19T23:15:00+0200,16884.15115,MW,DE,DE_LU,forecast_onshore_wind_generation,Wind Onshore,2026-08-10T05:27:26Z
2026-08-10T05:25:30Z,2026-08-10T07:25:30+0200,4362fe35-cfeb-4c3c-9399-26381c363872,2026-07-19T21:30:00Z,2026-07-19T23:30:00+0200,17019.36633,MW,DE,DE_LU,forecast_onshore_wind_generation,Wind Onshore,2026-08-10T05:27:26Z
2026-08-10T05:25:30Z,2026-08-10T07:25:30+0200,4362fe35-cfeb-4c3c-9399-26381c363872,2026-07-19T21:45:00Z,2026-07-19T23:45:00+0200,17153.72782,MW,DE,DE_LU,forecast_onshore_wind_generation,Wind Onshore,2026-08-10T05:27:26Z
2026-08-10T05:25:30Z,2026-08-10T07:25:30+0200,4362fe35-cfeb-4c3c-9399-26381c363872,2026-07-19T22:00:00Z,2026-07-20T00:00:00+0200,14532.04759,MW,DE,DE_LU,forecast_onshore_wind_generation,Wind Onshore,2026-08-10T05:27:26Z
2026-08-10T05:25:30Z,2026-08-10T07:25:30+0200,4362fe35-cfeb-4c3c-9399-26381c363872,2026-07-19T22:15:00Z,2026-07-20T00:15:00+0200,14745.31532,MW,DE,DE_LU,forecast_onshore_wind_generation,Wind Onshore,2026-08-10T05:27:26Z
2026-08-10T05:25:30Z,2026-08-10T07:25:30+0200,4362fe35-cfeb-4c3c-9399-26381c363872,2026-07-19T22:30:00Z,2026-07-20T00:30:00+0200,14935.87172,MW,DE,DE_LU,forecast_onshore_wind_generation,Wind Onshore,2026-08-10T05:27:26Z
2026-08-10T05:25:30Z,2026-08-10T07:25:30+0200,4362fe35-cfeb-4c3c-9399-26381c363872,2026-07-19T22:45:00Z,2026-07-20T00:45:00+0200,15133.10324,MW,DE,DE_LU,forecast_onshore_wind_generation,Wind Onshore,2026-08-10T05:27:26Z
2026-08-10T05:25:30Z,2026-08-10T07:25:30+0200,4362fe35-cfeb-4c3c-9399-26381c363872,2026-07-19T23:00:00Z,2026-07-20T01:00:00+0200,15341.01736,MW,DE,DE_LU,forecast_onshore_wind_generation,Wind Onshore,2026-08-10T05:27:26Z
2026-08-10T05:25:30Z,2026-08-10T07:25:30+0200,4362fe35-cfeb-4c3c-9399-26381c363872,2026-07-19T23:15:00Z,2026-07-20T01:15:00+0200,15536.19515,MW,DE,DE_LU,forecast_onshore_wind_generation,Wind Onshore,2026-08-10T05:27:26Z
2026-08-10T05:25:30Z,2026-08-10T07:25:30+0200,4362fe35-cfeb-4c3c-9399-26381c363872,2026-07-19T23:30:00Z,2026-07-20T01:30:00+0200,15744.8359,MW,DE,DE_LU,forecast_onshore_wind_generation,Wind Onshore,2026-08-10T05:27:26Z
2026-08-10T05:25:30Z,2026-08-10T07:25:30+0200,4362fe35-cfeb-4c3c-9399-26381c363872,2026-07-19T23:45:00Z,2026-07-20T01:45:00+0200,15975.91207,MW,DE,DE_LU,forecast_onshore_wind_generation,Wind Onshore,2026-08-10T05:27:26Z
2026-08-10T05:25:30Z,2026-08-10T07:25:30+0200,4362fe35-cfeb-4c3c-9399-26381c363872,2026-07-20T00:00:00Z,2026-07-20T02:00:00+0200,16159.63648,MW,DE,DE_LU,forecast_onshore_wind_generation,Wind Onshore,2026-08-10T05:27:26Z
2026-08-10T05:25:30Z,2026-08-10T07:25:30+0200,4362fe35-cfeb-4c3c-9399-26381c363872,2026-07-20T00:15:00Z,2026-07-20T02:15:00+0200,16261.95119,MW,DE,DE_LU,forecast_onshore_wind_generation,Wind Onshore,2026-08-10T05:27:26Z
2026-08-10T05:25:30Z,2026-08-10T07:25:30+0200,4362fe35-cfeb-4c3c-9399-26381c363872,2026-07-20T00:30:00Z,2026-07-20T02:30:00+0200,16352.63569,MW,DE,DE_LU,forecast_onshore_wind_generation,Wind Onshore,2026-08-10T05:27:26Z
2026-08-10T05:25:30Z,2026-08-10T07:25:30+0200,4362fe35-cfeb-4c3c-9399-26381c363872,2026-07-20T00:45:00Z,2026-07-20T02:45:00+0200,16430.36181,MW,DE,DE_LU,forecast_onshore_wind_generation,Wind Onshore,2026-08-10T05:27:26Z
2026-08-10T05:25:30Z,2026-08-10T07:25:30+0200,4362fe35-cfeb-4c3c-9399-26381c363872,2026-07-20T01:00:00Z,2026-07-20T03:00:00+0200,16500.82175,MW,DE,DE_LU,forecast_onshore_wind_generation,Wind Onshore,2026-08-10T05:27:26Z
2026-08-10T05:25:30Z,2026-08-10T07:25:30+0200,4362fe35-cfeb-4c3c-9399-26381c363872,2026-07-20T01:15:00Z,2026-07-20T03:15:00+0200,16569.07191,MW,DE,DE_LU,forecast_onshore_wind_generation,Wind Onshore,2026-08-10T05:27:26Z
2026-08-10T05:25:30Z,2026-08-10T07:25:30+0200,4362fe35-cfeb-4c3c-9399-26381c363872,2026-07-20T01:30:00Z,2026-07-20T03:30:00+0200,16635.88332,MW,DE,DE_LU,forecast_onshore_wind_generation,Wind Onshore,2026-08-10T05:27:26Z
2026-08-10T05:25:30Z,2026-08-10T07:25:30+0200,4362fe35-cfeb-4c3c-9399-26381c363872,2026-07-20T01:45:00Z,2026-07-20T03:45:00+0200,16699.33935,MW,DE,DE_LU,forecast_onshore_wind_generation,Wind Onshore,2026-08-10T05:27:26Z
2026-08-10T05:25:30Z,2026-08-10T07:25:30+0200,4362fe35-cfeb-4c3c-9399-26381c363872,2026-07-20T02:00:00Z,2026-07-20T04:00:00+0200,16752.15557,MW,DE,DE_LU,forecast_onshore_wind_generation,Wind Onshore,2026-08-10T05:27:26Z
2026-08-10T05:25:30Z,2026-08-10T07:25:30+0200,4362fe35-cfeb-4c3c-9399-26381c363872,2026-07-20T02:15:00Z,2026-07-20T04:15:00+0200,16774.82361,MW,DE,DE_LU,forecast_onshore_wind_generation,Wind Onshore,2026-08-10T05:27:26Z
2026-08-10T05:25:30Z,2026-08-10T07:25:30+0200,4362fe35-cfeb-4c3c-9399-26381c363872,2026-07-20T02:30:00Z,2026-07-20T04:30:00+0200,16796.79114,MW,DE,DE_LU,forecast_onshore_wind_generation,Wind Onshore,2026-08-10T05:27:26Z
2026-08-10T05:25:30Z,2026-08-10T07:25:30+0200,4362fe35-cfeb-4c3c-9399-26381c363872,2026-07-20T02:45:00Z,2026-07-20T04:45:00+0200,16814.91973,MW,DE,DE_LU,forecast_onshore_wind_generation,Wind Onshore,2026-08-10T05:27:26Z
2026-08-10T05:25:30Z,2026-08-10T07:25:30+0200,4362fe35-cfeb-4c3c-9399-26381c363872,2026-07-20T03:00:00Z,2026-07-20T05:00:00+0200,16831.00854,MW,DE,DE_LU,forecast_onshore_wind_generation,Wind Onshore,2026-08-10T05:27:26Z
2026-08-10T05:25:30Z,2026-08-10T07:25:30+0200,4362fe35-cfeb-4c3c-9399-26381c363872,2026-07-20T03:15:00Z,2026-07-20T05:15:00+0200,16832.8586,MW,DE,DE_LU,forecast_onshore_wind_generation,Wind Onshore,2026-08-10T05:27:26Z
2026-08-10T05:25:30Z,2026-08-10T07:25:30+0200,4362fe35-cfeb-4c3c-9399-26381c363872,2026-07-20T03:30:00Z,2026-07-20T05:30:00+0200,16822.83153,MW,DE,DE_LU,forecast_onshore_wind_generation,Wind Onshore,2026-08-10T05:27:26Z
2026-08-10T05:25:30Z,2026-08-10T07:25:30+0200,4362fe35-cfeb-4c3c-9399-26381c363872,2026-07-20T03:45:00Z,2026-07-20T05:45:00+0200,16797.00642,MW,DE,DE_LU,forecast_onshore_wind_generation,Wind Onshore,2026-08-10T05:27:26Z
2026-08-10T05:25:30Z,2026-08-10T07:25:30+0200,4362fe35-cfeb-4c3c-9399-26381c363872,2026-07-20T04:00:00Z,2026-07-20T06:00:00+0200,17142.45713,MW,DE,DE_LU,forecast_onshore_wind_generation,Wind Onshore,2026-08-10T05:27:26Z
2026-08-10T05:25:30Z,2026-08-10T07:25:30+0200,4362fe35-cfeb-4c3c-9399-26381c363872,2026-07-20T04:15:00Z,2026-07-20T06:15:00+0200,16995.42237,MW,DE,DE_LU,forecast_onshore_wind_generation,Wind Onshore,2026-08-10T05:27:26Z
2026-08-10T05:25:30Z,2026-08-10T07:25:30+0200,4362fe35-cfeb-4c3c-9399-26381c363872,2026-07-20T04:30:00Z,2026-07-20T06:30:00+0200,16847.9034,MW,DE,DE_LU,forecast_onshore_wind_generation,Wind Onshore,2026-08-10T05:27:26Z
2026-08-10T05:25:30Z,2026-08-10T07:25:30+0200,4362fe35-cfeb-4c3c-9399-26381c363872,2026-07-20T04:45:00Z,2026-07-20T06:45:00+0200,16684.00135,MW,DE,DE_LU,forecast_onshore_wind_generation,Wind Onshore,2026-08-10T05:27:26Z
2026-08-10T05:25:30Z,2026-08-10T07:25:30+0200,4362fe35-cfeb-4c3c-9399-26381c363872,2026-07-20T05:00:00Z,2026-07-20T07:00:00+0200,16516.81658,MW,DE,DE_LU,forecast_onshore_wind_generation,Wind Onshore,2026-08-10T05:27:26Z
2026-08-10T05:25:30Z,2026-08-10T07:25:30+0200,4362fe35-cfeb-4c3c-9399-26381c363872,2026-07-20T05:15:00Z,2026-07-20T07:15:00+0200,16371.0208,MW,DE,DE_LU,forecast_onshore_wind_generation,Wind Onshore,2026-08-10T05:27:26Z
2026-08-10T05:25:30Z,2026-08-10T07:25:30+0200,4362fe35-cfeb-4c3c-9399-26381c363872,2026-07-20T05:30:00Z,2026-07-20T07:30:00+0200,16200.42896,MW,DE,DE_LU,forecast_onshore_wind_generation,Wind Onshore,2026-08-10T05:27:26Z
2026-08-10T05:25:30Z,2026-08-10T07:25:30+0200,4362fe35-cfeb-4c3c-9399-26381c363872,2026-07-20T05:45:00Z,2026-07-20T07:45:00+0200,16010.42465,MW,DE,DE_LU,forecast_onshore_wind_generation,Wind Onshore,2026-08-10T05:27:26Z
2026-08-10T05:25:30Z,2026-08-10T07:25:30+0200,4362fe35-cfeb-4c3c-9399-26381c363872,2026-07-20T06:00:00Z,2026-07-20T08:00:00+0200,15847.96203,MW,DE,DE_LU,forecast_onshore_wind_generation,Wind Onshore,2026-08-10T05:27:26Z
2026-08-10T05:25:30Z,2026-08-10T07:25:30+0200,4362fe35-cfeb-4c3c-9399-26381c363872,2026-07-20T06:15:00Z,2026-07-20T08:15:00+0200,15820.32109,MW,DE,DE_LU,forecast_onshore_wind_generation,Wind Onshore,2026-08-10T05:27:26Z
2026-08-10T05:25:30Z,2026-08-10T07:25:30+0200,4362fe35-cfeb-4c3c-9399-26381c363872,2026-07-20T06:30:00Z,2026-07-20T08:30:00+0200,15830.18626,MW,DE,DE_LU,forecast_onshore_wind_generation,Wind Onshore,2026-08-10T05:27:26Z
2026-08-10T05:25:30Z,2026-08-10T07:25:30+0200,4362fe35-cfeb-4c3c-9399-26381c363872,2026-07-20T06:45:00Z,2026-07-20T08:45:00+0200,15861.95518,MW,DE,DE_LU,forecast_onshore_wind_generation,Wind Onshore,2026-08-10T05:27:26Z
2026-08-10T05:25:30Z,2026-08-10T07:25:30+0200,4362fe35-cfeb-4c3c-9399-26381c363872,2026-07-20T07:00:00Z,2026-07-20T09:00:00+0200,15907.87349,MW,DE,DE_LU,forecast_onshore_wind_generation,Wind Onshore,2026-08-10T05:27:26Z
2026-08-10T05:25:30Z,2026-08-10T07:25:30+0200,4362fe35-cfeb-4c3c-9399-26381c363872,2026-07-20T07:15:00Z,2026-07-20T09:15:00+0200,15888.90448,MW,DE,DE_LU,forecast_onshore_wind_generation,Wind Onshore,2026-08-10T05:27:26Z
2026-08-10T05:25:30Z,2026-08-10T07:25:30+0200,4362fe35-cfeb-4c3c-9399-26381c363872,2026-07-20T07:30:00Z,2026-07-20T09:30:00+0200,15872.8653,MW,DE,DE_LU,forecast_onshore_wind_generation,Wind Onshore,2026-08-10T05:27:26Z
2026-08-10T05:25:30Z,2026-08-10T07:25:30+0200,4362fe35-cfeb-4c3c-9399-26381c363872,2026-07-20T07:45:00Z,2026-07-20T09:45:00+0200,15855.2564,MW,DE,DE_LU,forecast_onshore_wind_generation,Wind Onshore,2026-08-10T05:27:26Z
2026-08-10T05:25:30Z,2026-08-10T07:25:30+0200,4362fe35-cfeb-4c3c-9399-26381c363872,2026-07-20T08:00:00Z,2026-07-20T10:00:00+0200,15792.50876,MW,DE,DE_LU,forecast_onshore_wind_generation,Wind Onshore,2026-08-10T05:27:26Z
2026-08-10T05:25:30Z,2026-08-10T07:25:30+0200,4362fe35-cfeb-4c3c-9399-26381c363872,2026-07-20T08:15:00Z,2026-07-20T10:15:00+0200,15739.84708,MW,DE,DE_LU,forecast_onshore_wind_generation,Wind Onshore,2026-08-10T05:27:26Z
2026-08-10T05:25:30Z,2026-08-10T07:25:30+0200,4362fe35-cfeb-4c3c-9399-26381c363872,2026-07-20T08:30:00Z,2026-07-20T10:30:00+0200,15699.63303,MW,DE,DE_LU,forecast_onshore_wind_generation,Wind Onshore,2026-08-10T05:27:26Z
2026-08-10T05:25:30Z,2026-08-10T07:25:30+0200,4362fe35-cfeb-4c3c-9399-26381c363872,2026-07-20T08:45:00Z,2026-07-20T10:45:00+0200,15606.83849,MW,DE,DE_LU,forecast_onshore_wind_generation,Wind Onshore,2026-08-10T05:27:26Z
2026-08-10T05:25:30Z,2026-08-10T07:25:30+0200,4362fe35-cfeb-4c3c-9399-26381c363872,2026-07-20T09:00:00Z,2026-07-20T11:00:00+0200,15519.82831,MW,DE,DE_LU,forecast_onshore_wind_generation,Wind Onshore,2026-08-10T05:27:26Z
2026-08-10T05:25:30Z,2026-08-10T07:25:30+0200,4362fe35-cfeb-4c3c-9399-26381c363872,2026-07-20T09:15:00Z,2026-07-20T11:15:00+0200,15297.36422,MW,DE,DE_LU,forecast_onshore_wind_generation,Wind Onshore,2026-08-10T05:27:26Z
2026-08-10T05:25:30Z,2026-08-10T07:25:30+0200,4362fe35-cfeb-4c3c-9399-26381c363872,2026-07-20T09:30:00Z,2026-07-20T11:30:00+0200,15185.22697,MW,DE,DE_LU,forecast_onshore_wind_generation,Wind Onshore,2026-08-10T05:27:26Z
2026-08-10T05:25:30Z,2026-08-10T07:25:30+0200,4362fe35-cfeb-4c3c-9399-26381c363872,2026-07-20T09:45:00Z,2026-07-20T11:45:00+0200,15082.62301,MW,DE,DE_LU,forecast_onshore_wind_generation,Wind Onshore,2026-08-10T05:27:26Z
2026-08-10T05:25:30Z,2026-08-10T07:25:30+0200,4362fe35-cfeb-4c3c-9399-26381c363872,2026-07-20T10:00:00Z,2026-07-20T12:00:00+0200,14939.40192,MW,DE,DE_LU,forecast_onshore_wind_generation,Wind Onshore,2026-08-10T05:27:26Z
2026-08-10T05:25:30Z,2026-08-10T07:25:30+0200,4362fe35-cfeb-4c3c-9399-26381c363872,2026-07-20T10:15:00Z,2026-07-20T12:15:00+0200,14819.82088,MW,DE,DE_LU,forecast_onshore_wind_generation,Wind Onshore,2026-08-10T05:27:26Z
2026-08-10T05:25:30Z,2026-08-10T07:25:30+0200,4362fe35-cfeb-4c3c-9399-26381c363872,2026-07-20T10:30:00Z,2026-07-20T12:30:00+0200,14718.5062,MW,DE,DE_LU,forecast_onshore_wind_generation,Wind Onshore,2026-08-10T05:27:26Z
2026-08-10T05:25:30Z,2026-08-10T07:25:30+0200,4362fe35-cfeb-4c3c-9399-26381c363872,2026-07-20T10:45:00Z,2026-07-20T12:45:00+0200,14606.83487,MW,DE,DE_LU,forecast_onshore_wind_generation,Wind Onshore,2026-08-10T05:27:26Z
2026-08-10T05:25:30Z,2026-08-10T07:25:30+0200,4362fe35-cfeb-4c3c-9399-26381c363872,2026-07-20T11:00:00Z,2026-07-20T13:00:00+0200,14533.27604,MW,DE,DE_LU,forecast_onshore_wind_generation,Wind Onshore,2026-08-10T05:27:26Z
2026-08-10T05:25:30Z,2026-08-10T07:25:30+0200,4362fe35-cfeb-4c3c-9399-26381c363872,2026-07-20T11:15:00Z,2026-07-20T13:15:00+0200,14569.28891,MW,DE,DE_LU,forecast_onshore_wind_generation,Wind Onshore,2026-08-10T05:27:26Z
2026-08-10T05:25:30Z,2026-08-10T07:25:30+0200,4362fe35-cfeb-4c3c-9399-26381c363872,2026-07-20T11:30:00Z,2026-07-20T13:30:00+0200,14627.0105,MW,DE,DE_LU,forecast_onshore_wind_generation,Wind Onshore,2026-08-10T05:27:26Z
2026-08-10T05:25:30Z,2026-08-10T07:25:30+0200,4362fe35-cfeb-4c3c-9399-26381c363872,2026-07-20T11:45:00Z,2026-07-20T13:45:00+0200,14747.86428,MW,DE,DE_LU,forecast_onshore_wind_generation,Wind Onshore,2026-08-10T05:27:26Z
2026-08-10T05:25:30Z,2026-08-10T07:25:30+0200,4362fe35-cfeb-4c3c-9399-26381c363872,2026-07-20T12:00:00Z,2026-07-20T14:00:00+0200,14951.38064,MW,DE,DE_LU,forecast_onshore_wind_generation,Wind Onshore,2026-08-10T05:27:26Z
2026-08-10T05:25:30Z,2026-08-10T07:25:30+0200,4362fe35-cfeb-4c3c-9399-26381c363872,2026-07-20T12:15:00Z,2026-07-20T14:15:00+0200,15063.73525,MW,DE,DE_LU,forecast_onshore_wind_generation,Wind Onshore,2026-08-10T05:27:26Z
2026-08-10T05:25:30Z,2026-08-10T07:25:30+0200,4362fe35-cfeb-4c3c-9399-26381c363872,2026-07-20T12:30:00Z,2026-07-20T14:30:00+0200,15187.08234,MW,DE,DE_LU,forecast_onshore_wind_generation,Wind Onshore,2026-08-10T05:27:26Z
2026-08-10T05:25:30Z,2026-08-10T07:25:30+0200,4362fe35-cfeb-4c3c-9399-26381c363872,2026-07-20T12:45:00Z,2026-07-20T14:45:00+0200,15310.49085,MW,DE,DE_LU,forecast_onshore_wind_generation,Wind Onshore,2026-08-10T05:27:26Z
2026-08-10T05:25:30Z,2026-08-10T07:25:30+0200,4362fe35-cfeb-4c3c-9399-26381c363872,2026-07-20T13:00:00Z,2026-07-20T15:00:00+0200,15421.3126,MW,DE,DE_LU,forecast_onshore_wind_generation,Wind Onshore,2026-08-10T05:27:26Z
2026-08-10T05:25:30Z,2026-08-10T07:25:30+0200,4362fe35-cfeb-4c3c-9399-26381c363872,2026-07-20T13:15:00Z,2026-07-20T15:15:00+0200,15516.77078,MW,DE,DE_LU,forecast_onshore_wind_generation,Wind Onshore,2026-08-10T05:27:26Z
2026-08-10T05:25:30Z,2026-08-10T07:25:30+0200,4362fe35-cfeb-4c3c-9399-26381c363872,2026-07-20T13:30:00Z,2026-07-20T15:30:00+0200,15671.47058,MW,DE,DE_LU,forecast_onshore_wind_generation,Wind Onshore,2026-08-10T05:27:26Z
2026-08-10T05:25:30Z,2026-08-10T07:25:30+0200,4362fe35-cfeb-4c3c-9399-26381c363872,2026-07-20T13:45:00Z,2026-07-20T15:45:00+0200,15822.22482,MW,DE,DE_LU,forecast_onshore_wind_generation,Wind Onshore,2026-08-10T05:27:26Z
2026-08-10T05:25:30Z,2026-08-10T07:25:30+0200,4362fe35-cfeb-4c3c-9399-26381c363872,2026-07-20T14:00:00Z,2026-07-20T16:00:00+0200,16058.16327,MW,DE,DE_LU,forecast_onshore_wind_generation,Wind Onshore,2026-08-10T05:27:26Z
2026-08-10T05:25:30Z,2026-08-10T07:25:30+0200,4362fe35-cfeb-4c3c-9399-26381c363872,2026-07-20T14:15:00Z,2026-07-20T16:15:00+0200,16348.13358,MW,DE,DE_LU,forecast_onshore_wind_generation,Wind Onshore,2026-08-10T05:27:26Z
2026-08-10T05:25:30Z,2026-08-10T07:25:30+0200,4362fe35-cfeb-4c3c-9399-26381c363872,2026-07-20T14:30:00Z,2026-07-20T16:30:00+0200,16608.03043,MW,DE,DE_LU,forecast_onshore_wind_generation,Wind Onshore,2026-08-10T05:27:26Z
2026-08-10T05:25:30Z,2026-08-10T07:25:30+0200,4362fe35-cfeb-4c3c-9399-26381c363872,2026-07-20T14:45:00Z,2026-07-20T16:45:00+0200,16659.014,MW,DE,DE_LU,forecast_onshore_wind_generation,Wind Onshore,2026-08-10T05:27:26Z
2026-08-10T05:25:30Z,2026-08-10T07:25:30+0200,4362fe35-cfeb-4c3c-9399-26381c363872,2026-07-20T15:00:00Z,2026-07-20T17:00:00+0200,16690.94356,MW,DE,DE_LU,forecast_onshore_wind_generation,Wind Onshore,2026-08-10T05:27:26Z
2026-08-10T05:25:30Z,2026-08-10T07:25:30+0200,4362fe35-cfeb-4c3c-9399-26381c363872,2026-07-20T15:15:00Z,2026-07-20T17:15:00+0200,16567.61679,MW,DE,DE_LU,forecast_onshore_wind_generation,Wind Onshore,2026-08-10T05:27:26Z
2026-08-10T05:25:30Z,2026-08-10T07:25:30+0200,4362fe35-cfeb-4c3c-9399-26381c363872,2026-07-20T15:30:00Z,2026-07-20T17:30:00+0200,16416.29709,MW,DE,DE_LU,forecast_onshore_wind_generation,Wind Onshore,2026-08-10T05:27:26Z
2026-08-10T05:25:30Z,2026-08-10T07:25:30+0200,4362fe35-cfeb-4c3c-9399-26381c363872,2026-07-20T15:45:00Z,2026-07-20T17:45:00+0200,16276.14034,MW,DE,DE_LU,forecast_onshore_wind_generation,Wind Onshore,2026-08-10T05:27:26Z
2026-08-10T05:25:30Z,2026-08-10T07:25:30+0200,4362fe35-cfeb-4c3c-9399-26381c363872,2026-07-20T16:00:00Z,2026-07-20T18:00:00+0200,16108.01998,MW,DE,DE_LU,forecast_onshore_wind_generation,Wind Onshore,2026-08-10T05:27:26Z
2026-08-10T05:25:30Z,2026-08-10T07:25:30+0200,4362fe35-cfeb-4c3c-9399-26381c363872,2026-07-20T16:15:00Z,2026-07-20T18:15:00+0200,15763.04326,MW,DE,DE_LU,forecast_onshore_wind_generation,Wind Onshore,2026-08-10T05:27:26Z
2026-08-10T05:25:30Z,2026-08-10T07:25:30+0200,4362fe35-cfeb-4c3c-9399-26381c363872,2026-07-20T16:30:00Z,2026-07-20T18:30:00+0200,15402.07859,MW,DE,DE_LU,forecast_onshore_wind_generation,Wind Onshore,2026-08-10T05:27:26Z
2026-08-10T05:25:30Z,2026-08-10T07:25:30+0200,4362fe35-cfeb-4c3c-9399-26381c363872,2026-07-20T16:45:00Z,2026-07-20T18:45:00+0200,15021.43654,MW,DE,DE_LU,forecast_onshore_wind_generation,Wind Onshore,2026-08-10T05:27:26Z
2026-08-10T05:25:30Z,2026-08-10T07:25:30+0200,4362fe35-cfeb-4c3c-9399-26381c363872,2026-07-20T17:00:00Z,2026-07-20T19:00:00+0200,14641.56984,MW,DE,DE_LU,forecast_onshore_wind_generation,Wind Onshore,2026-08-10T05:27:26Z
2026-08-10T05:25:30Z,2026-08-10T07:25:30+0200,4362fe35-cfeb-4c3c-9399-26381c363872,2026-07-20T17:15:00Z,2026-07-20T19:15:00+0200,14100.77557,MW,DE,DE_LU,forecast_onshore_wind_generation,Wind Onshore,2026-08-10T05:27:26Z
2026-08-10T05:25:30Z,2026-08-10T07:25:30+0200,4362fe35-cfeb-4c3c-9399-26381c363872,2026-07-20T17:30:00Z,2026-07-20T19:30:00+0200,13552.46429,MW,DE,DE_LU,forecast_onshore_wind_generation,Wind Onshore,2026-08-10T05:27:26Z
2026-08-10T05:25:30Z,2026-08-10T07:25:30+0200,4362fe35-cfeb-4c3c-9399-26381c363872,2026-07-20T17:45:00Z,2026-07-20T19:45:00+0200,13011.22354,MW,DE,DE_LU,forecast_onshore_wind_generation,Wind Onshore,2026-08-10T05:27:26Z
2026-08-10T05:25:30Z,2026-08-10T07:25:30+0200,4362fe35-cfeb-4c3c-9399-26381c363872,2026-07-20T18:00:00Z,2026-07-20T20:00:00+0200,12470.38092,MW,DE,DE_LU,forecast_onshore_wind_generation,Wind Onshore,2026-08-10T05:27:26Z
2026-08-10T05:25:30Z,2026-08-10T07:25:30+0200,4362fe35-cfeb-4c3c-9399-26381c363872,2026-07-20T18:15:00Z,2026-07-20T20:15:00+0200,12093.79318,MW,DE,DE_LU,forecast_onshore_wind_generation,Wind Onshore,2026-08-10T05:27:26Z
2026-08-10T05:25:30Z,2026-08-10T07:25:30+0200,4362fe35-cfeb-4c3c-9399-26381c363872,2026-07-20T18:30:00Z,2026-07-20T20:30:00+0200,11714.58566,MW,DE,DE_LU,forecast_onshore_wind_generation,Wind Onshore,2026-08-10T05:27:26Z
2026-08-10T05:25:30Z,2026-08-10T07:25:30+0200,4362fe35-cfeb-4c3c-9399-26381c363872,2026-07-20T18:45:00Z,2026-07-20T20:45:00+0200,11301.17207,MW,DE,DE_LU,forecast_onshore_wind_generation,Wind Onshore,2026-08-10T05:27:26Z
2026-08-10T05:25:30Z,2026-08-10T07:25:30+0200,4362fe35-cfeb-4c3c-9399-26381c363872,2026-07-20T19:00:00Z,2026-07-20T21:00:00+0200,10952.2899,MW,DE,DE_LU,forecast_onshore_wind_generation,Wind Onshore,2026-08-10T05:27:26Z
2026-08-10T05:25:30Z,2026-08-10T07:25:30+0200,4362fe35-cfeb-4c3c-9399-26381c363872,2026-07-20T19:15:00Z,2026-07-20T21:15:00+0200,10862.58794,MW,DE,DE_LU,forecast_onshore_wind_generation,Wind Onshore,2026-08-10T05:27:26Z
2026-08-10T05:25:30Z,2026-08-10T07:25:30+0200,4362fe35-cfeb-4c3c-9399-26381c363872,2026-07-20T19:30:00Z,2026-07-20T21:30:00+0200,10858.28947,MW,DE,DE_LU,forecast_onshore_wind_generation,Wind Onshore,2026-08-10T05:27:26Z
2026-08-10T05:25:30Z,2026-08-10T07:25:30+0200,4362fe35-cfeb-4c3c-9399-26381c363872,2026-07-20T19:45:00Z,2026-07-20T21:45:00+0200,10873.8553,MW,DE,DE_LU,forecast_onshore_wind_generation,Wind Onshore,2026-08-10T05:27:26Z
2026-08-10T05:25:30Z,2026-08-10T07:25:30+0200,4362fe35-cfeb-4c3c-9399-26381c363872,2026-07-20T20:00:00Z,2026-07-20T22:00:00+0200,10848.02061,MW,DE,DE_LU,forecast_onshore_wind_generation,Wind Onshore,2026-08-10T05:27:26Z
2026-08-10T05:25:30Z,2026-08-10T07:25:30+0200,4362fe35-cfeb-4c3c-9399-26381c363872,2026-07-20T20:15:00Z,2026-07-20T22:15:00+0200,10970.90204,MW,DE,DE_LU,forecast_onshore_wind_generation,Wind Onshore,2026-08-10T05:27:26Z
2026-08-10T05:25:30Z,2026-08-10T07:25:30+0200,4362fe35-cfeb-4c3c-9399-26381c363872,2026-07-20T20:30:00Z,2026-07-20T22:30:00+0200,11096.91329,MW,DE,DE_LU,forecast_onshore_wind_generation,Wind Onshore,2026-08-10T05:27:26Z
2026-08-10T05:25:30Z,2026-08-10T07:25:30+0200,4362fe35-cfeb-4c3c-9399-26381c363872,2026-07-20T20:45:00Z,2026-07-20T22:45:00+0200,11213.33666,MW,DE,DE_LU,forecast_onshore_wind_generation,Wind Onshore,2026-08-10T05:27:26Z
2026-08-10T05:25:30Z,2026-08-10T07:25:30+0200,4362fe35-cfeb-4c3c-9399-26381c363872,2026-07-20T21:00:00Z,2026-07-20T23:00:00+0200,11322.24058,MW,DE,DE_LU,forecast_onshore_wind_generation,Wind Onshore,2026-08-10T05:27:26Z
2026-08-10T05:25:30Z,2026-08-10T07:25:30+0200,4362fe35-cfeb-4c3c-9399-26381c363872,2026-07-20T21:15:00Z,2026-07-20T23:15:00+0200,11331.25645,MW,DE,DE_LU,forecast_onshore_wind_generation,Wind Onshore,2026-08-10T05:27:26Z
2026-08-10T05:25:30Z,2026-08-10T07:25:30+0200,4362fe35-cfeb-4c3c-9399-26381c363872,2026-07-20T21:30:00Z,2026-07-20T23:30:00+0200,11344.81,MW,DE,DE_LU,forecast_onshore_wind_generation,Wind Onshore,2026-08-10T05:27:26Z
2026-08-10T05:25:30Z,2026-08-10T07:25:30+0200,4362fe35-cfeb-4c3c-9399-26381c363872,2026-07-20T21:45:00Z,2026-07-20T23:45:00+0200,11339.69555,MW,DE,DE_LU,forecast_onshore_wind_generation,Wind Onshore,2026-08-10T05:27:26Z
2026-08-10T05:25:30Z,2026-08-10T07:25:30+0200,4362fe35-cfeb-4c3c-9399-26381c363872,2026-07-20T22:00:00Z,2026-07-21T00:00:00+0200,10780.67683,MW,DE,DE_LU,forecast_onshore_wind_generation,Wind Onshore,2026-08-10T05:27:26Z
2026-08-10T05:25:30Z,2026-08-10T07:25:30+0200,4362fe35-cfeb-4c3c-9399-26381c363872,2026-07-20T22:15:00Z,2026-07-21T00:15:00+0200,10753.42568,MW,DE,DE_LU,forecast_onshore_wind_generation,Wind Onshore,2026-08-10T05:27:26Z
2026-08-10T05:25:30Z,2026-08-10T07:25:30+0200,4362fe35-cfeb-4c3c-9399-26381c363872,2026-07-20T22:30:00Z,2026-07-21T00:30:00+0200,10725.58434,MW,DE,DE_LU,forecast_onshore_wind_generation,Wind Onshore,2026-08-10T05:27:26Z
2026-08-10T05:25:30Z,2026-08-10T07:25:30+0200,4362fe35-cfeb-4c3c-9399-26381c363872,2026-07-20T22:45:00Z,2026-07-21T00:45:00+0200,10693.1904,MW,DE,DE_LU,forecast_onshore_wind_generation,Wind Onshore,2026-08-10T05:27:26Z
2026-08-10T05:25:30Z,2026-08-10T07:25:30+0200,4362fe35-cfeb-4c3c-9399-26381c363872,2026-07-20T23:00:00Z,2026-07-21T01:00:00+0200,10658.26984,MW,DE,DE_LU,forecast_onshore_wind_generation,Wind Onshore,2026-08-10T05:27:26Z
2026-08-10T05:25:30Z,2026-08-10T07:25:30+0200,4362fe35-cfeb-4c3c-9399-26381c363872,2026-07-20T23:15:00Z,2026-07-21T01:15:00+0200,10585.72923,MW,DE,DE_LU,forecast_onshore_wind_generation,Wind Onshore,2026-08-10T05:27:26Z
2026-08-10T05:25:30Z,2026-08-10T07:25:30+0200,4362fe35-cfeb-4c3c-9399-26381c363872,2026-07-20T23:30:00Z,2026-07-21T01:30:00+0200,10522.63146,MW,DE,DE_LU,forecast_onshore_wind_generation,Wind Onshore,2026-08-10T05:27:26Z
2026-08-10T05:25:30Z,2026-08-10T07:25:30+0200,4362fe35-cfeb-4c3c-9399-26381c363872,2026-07-20T23:45:00Z,2026-07-21T01:45:00+0200,10489.69409,MW,DE,DE_LU,forecast_onshore_wind_generation,Wind Onshore,2026-08-10T05:27:26Z
2026-08-10T05:25:30Z,2026-08-10T07:25:30+0200,4362fe35-cfeb-4c3c-9399-26381c363872,2026-07-21T00:00:00Z,2026-07-21T02:00:00+0200,10450.38563,MW,DE,DE_LU,forecast_onshore_wind_generation,Wind Onshore,2026-08-10T05:27:26Z
2026-08-10T05:25:30Z,2026-08-10T07:25:30+0200,4362fe35-cfeb-4c3c-9399-26381c363872,2026-07-21T00:15:00Z,2026-07-21T02:15:00+0200,10363.96171,MW,DE,DE_LU,forecast_onshore_wind_generation,Wind Onshore,2026-08-10T05:27:26Z
2026-08-10T05:25:30Z,2026-08-10T07:25:30+0200,4362fe35-cfeb-4c3c-9399-26381c363872,2026-07-21T00:30:00Z,2026-07-21T02:30:00+0200,10255.33459,MW,DE,DE_LU,forecast_onshore_wind_generation,Wind Onshore,2026-08-10T05:27:26Z
2026-08-10T05:25:30Z,2026-08-10T07:25:30+0200,4362fe35-cfeb-4c3c-9399-26381c363872,2026-07-21T00:45:00Z,2026-07-21T02:45:00+0200,10146.3783,MW,DE,DE_LU,forecast_onshore_wind_generation,Wind Onshore,2026-08-10T05:27:26Z
2026-08-10T05:25:30Z,2026-08-10T07:25:30+0200,4362fe35-cfeb-4c3c-9399-26381c363872,2026-07-21T01:00:00Z,2026-07-21T03:00:00+0200,10020.68398,MW,DE,DE_LU,forecast_onshore_wind_generation,Wind Onshore,2026-08-10T05:27:26Z
2026-08-10T05:25:30Z,2026-08-10T07:25:30+0200,4362fe35-cfeb-4c3c-9399-26381c363872,2026-07-21T01:15:00Z,2026-07-21T03:15:00+0200,9870.78936,MW,DE,DE_LU,forecast_onshore_wind_generation,Wind Onshore,2026-08-10T05:27:26Z
2026-08-10T05:25:30Z,2026-08-10T07:25:30+0200,4362fe35-cfeb-4c3c-9399-26381c363872,2026-07-21T01:30:00Z,2026-07-21T03:30:00+0200,9722.61116,MW,DE,DE_LU,forecast_onshore_wind_generation,Wind Onshore,2026-08-10T05:27:26Z
2026-08-10T05:25:30Z,2026-08-10T07:25:30+0200,4362fe35-cfeb-4c3c-9399-26381c363872,2026-07-21T01:45:00Z,2026-07-21T03:45:00+0200,9577.59694,MW,DE,DE_LU,forecast_onshore_wind_generation,Wind Onshore,2026-08-10T05:27:26Z
2026-08-10T05:25:30Z,2026-08-10T07:25:30+0200,4362fe35-cfeb-4c3c-9399-26381c363872,2026-07-21T02:00:00Z,2026-07-21T04:00:00+0200,9435.0875,MW,DE,DE_LU,forecast_onshore_wind_generation,Wind Onshore,2026-08-10T05:27:26Z
2026-08-10T05:25:30Z,2026-08-10T07:25:30+0200,4362fe35-cfeb-4c3c-9399-26381c363872,2026-07-21T02:15:00Z,2026-07-21T04:15:00+0200,9282.91566,MW,DE,DE_LU,forecast_onshore_wind_generation,Wind Onshore,2026-08-10T05:27:26Z
2026-08-10T05:25:30Z,2026-08-10T07:25:30+0200,4362fe35-cfeb-4c3c-9399-26381c363872,2026-07-21T02:30:00Z,2026-07-21T04:30:00+0200,9130.96125,MW,DE,DE_LU,forecast_onshore_wind_generation,Wind Onshore,2026-08-10T05:27:26Z
2026-08-10T05:25:30Z,2026-08-10T07:25:30+0200,4362fe35-cfeb-4c3c-9399-26381c363872,2026-07-21T02:45:00Z,2026-07-21T04:45:00+0200,8979.15956,MW,DE,DE_LU,forecast_onshore_wind_generation,Wind Onshore,2026-08-10T05:27:26Z
2026-08-10T05:25:30Z,2026-08-10T07:25:30+0200,4362fe35-cfeb-4c3c-9399-26381c363872,2026-07-21T03:00:00Z,2026-07-21T05:00:00+0200,8827.34245,MW,DE,DE_LU,forecast_onshore_wind_generation,Wind Onshore,2026-08-10T05:27:26Z
2026-08-10T05:25:30Z,2026-08-10T07:25:30+0200,4362fe35-cfeb-4c3c-9399-26381c363872,2026-07-21T03:15:00Z,2026-07-21T05:15:00+0200,8652.99386,MW,DE,DE_LU,forecast_onshore_wind_generation,Wind Onshore,2026-08-10T05:27:26Z
2026-08-10T05:25:30Z,2026-08-10T07:25:30+0200,4362fe35-cfeb-4c3c-9399-26381c363872,2026-07-21T03:30:00Z,2026-07-21T05:30:00+0200,8469.04135,MW,DE,DE_LU,forecast_onshore_wind_generation,Wind Onshore,2026-08-10T05:27:26Z
2026-08-10T05:25:30Z,2026-08-10T07:25:30+0200,4362fe35-cfeb-4c3c-9399-26381c363872,2026-07-21T03:45:00Z,2026-07-21T05:45:00+0200,8274.67909,MW,DE,DE_LU,forecast_onshore_wind_generation,Wind Onshore,2026-08-10T05:27:26Z
2026-08-10T05:25:30Z,2026-08-10T07:25:30+0200,4362fe35-cfeb-4c3c-9399-26381c363872,2026-07-21T04:00:00Z,2026-07-21T06:00:00+0200,8121.64661,MW,DE,DE_LU,forecast_onshore_wind_generation,Wind Onshore,2026-08-10T05:27:26Z
2026-08-10T05:25:30Z,2026-08-10T07:25:30+0200,4362fe35-cfeb-4c3c-9399-26381c363872,2026-07-21T04:15:00Z,2026-07-21T06:15:00+0200,7802.7296,MW,DE,DE_LU,forecast_onshore_wind_generation,Wind Onshore,2026-08-10T05:27:26Z
2026-08-10T05:25:30Z,2026-08-10T07:25:30+0200,4362fe35-cfeb-4c3c-9399-26381c363872,2026-07-21T04:30:00Z,2026-07-21T06:30:00+0200,7487.7109,MW,DE,DE_LU,forecast_onshore_wind_generation,Wind Onshore,2026-08-10T05:27:26Z
2026-08-10T05:25:30Z,2026-08-10T07:25:30+0200,4362fe35-cfeb-4c3c-9399-26381c363872,2026-07-21T04:45:00Z,2026-07-21T06:45:00+0200,7144.14597,MW,DE,DE_LU,forecast_onshore_wind_generation,Wind Onshore,2026-08-10T05:27:26Z
2026-08-10T05:25:30Z,2026-08-10T07:25:30+0200,4362fe35-cfeb-4c3c-9399-26381c363872,2026-07-21T05:00:00Z,2026-07-21T07:00:00+0200,6784.06084,MW,DE,DE_LU,forecast_onshore_wind_generation,Wind Onshore,2026-08-10T05:27:26Z
2026-08-10T05:25:30Z,2026-08-10T07:25:30+0200,4362fe35-cfeb-4c3c-9399-26381c363872,2026-07-21T05:15:00Z,2026-07-21T07:15:00+0200,6133.28342,MW,DE,DE_LU,forecast_onshore_wind_generation,Wind Onshore,2026-08-10T05:27:26Z
2026-08-10T05:25:30Z,2026-08-10T07:25:30+0200,4362fe35-cfeb-4c3c-9399-26381c363872,2026-07-21T05:30:00Z,2026-07-21T07:30:00+0200,5486.80136,MW,DE,DE_LU,forecast_onshore_wind_generation,Wind Onshore,2026-08-10T05:27:26Z
2026-08-10T05:25:30Z,2026-08-10T07:25:30+0200,4362fe35-cfeb-4c3c-9399-26381c363872,2026-07-21T05:45:00Z,2026-07-21T07:45:00+0200,4888.87576,MW,DE,DE_LU,forecast_onshore_wind_generation,Wind Onshore,2026-08-10T05:27:26Z
2026-08-10T05:25:30Z,2026-08-10T07:25:30+0200,4362fe35-cfeb-4c3c-9399-26381c363872,2026-07-21T06:00:00Z,2026-07-21T08:00:00+0200,4512.76973,MW,DE,DE_LU,forecast_onshore_wind_generation,Wind Onshore,2026-08-10T05:27:26Z
2026-08-10T05:25:30Z,2026-08-10T07:25:30+0200,4362fe35-cfeb-4c3c-9399-26381c363872,2026-07-21T06:15:00Z,2026-07-21T08:15:00+0200,4232.11542,MW,DE,DE_LU,forecast_onshore_wind_generation,Wind Onshore,2026-08-10T05:27:26Z
2026-08-10T05:25:30Z,2026-08-10T07:25:30+0200,4362fe35-cfeb-4c3c-9399-26381c363872,2026-07-21T06:30:00Z,2026-07-21T08:30:00+0200,3966.12713,MW,DE,DE_LU,forecast_onshore_wind_generation,Wind Onshore,2026-08-10T05:27:26Z
2026-08-10T05:25:30Z,2026-08-10T07:25:30+0200,4362fe35-cfeb-4c3c-9399-26381c363872,2026-07-21T06:45:00Z,2026-07-21T08:45:00+0200,3751.59131,MW,DE,DE_LU,forecast_onshore_wind_generation,Wind Onshore,2026-08-10T05:27:26Z
2026-08-10T05:25:30Z,2026-08-10T07:25:30+0200,4362fe35-cfeb-4c3c-9399-26381c363872,2026-07-21T07:00:00Z,2026-07-21T09:00:00+0200,3562.56848,MW,DE,DE_LU,forecast_onshore_wind_generation,Wind Onshore,2026-08-10T05:27:26Z
2026-08-10T05:25:30Z,2026-08-10T07:25:30+0200,4362fe35-cfeb-4c3c-9399-26381c363872,2026-07-21T07:15:00Z,2026-07-21T09:15:00+0200,3671.76441,MW,DE,DE_LU,forecast_onshore_wind_generation,Wind Onshore,2026-08-10T05:27:26Z
2026-08-10T05:25:30Z,2026-08-10T07:25:30+0200,4362fe35-cfeb-4c3c-9399-26381c363872,2026-07-21T07:30:00Z,2026-07-21T09:30:00+0200,3780.49286,MW,DE,DE_LU,forecast_onshore_wind_generation,Wind Onshore,2026-08-10T05:27:26Z
2026-08-10T05:25:30Z,2026-08-10T07:25:30+0200,4362fe35-cfeb-4c3c-9399-26381c363872,2026-07-21T07:45:00Z,2026-07-21T09:45:00+0200,3889.71004,MW,DE,DE_LU,forecast_onshore_wind_generation,Wind Onshore,2026-08-10T05:27:26Z
2026-08-10T05:25:30Z,2026-08-10T07:25:30+0200,4362fe35-cfeb-4c3c-9399-26381c363872,2026-07-21T08:00:00Z,2026-07-21T10:00:00+0200,4002.9696,MW,DE,DE_LU,forecast_onshore_wind_generation,Wind Onshore,2026-08-10T05:27:26Z
2026-08-10T05:25:30Z,2026-08-10T07:25:30+0200,4362fe35-cfeb-4c3c-9399-26381c363872,2026-07-21T08:15:00Z,2026-07-21T10:15:00+0200,4200.87341,MW,DE,DE_LU,forecast_onshore_wind_generation,Wind Onshore,2026-08-10T05:27:26Z
2026-08-10T05:25:30Z,2026-08-10T07:25:30+0200,4362fe35-cfeb-4c3c-9399-26381c363872,2026-07-21T08:30:00Z,2026-07-21T10:30:00+0200,4412.74415,MW,DE,DE_LU,forecast_onshore_wind_generation,Wind Onshore,2026-08-10T05:27:26Z
2026-08-10T05:25:30Z,2026-08-10T07:25:30+0200,4362fe35-cfeb-4c3c-9399-26381c363872,2026-07-21T08:45:00Z,2026-07-21T10:45:00+0200,4633.98686,MW,DE,DE_LU,forecast_onshore_wind_generation,Wind Onshore,2026-08-10T05:27:26Z
2026-08-10T05:25:30Z,2026-08-10T07:25:30+0200,4362fe35-cfeb-4c3c-9399-26381c363872,2026-07-21T09:00:00Z,2026-07-21T11:00:00+0200,4847.15014,MW,DE,DE_LU,forecast_onshore_wind_generation,Wind Onshore,2026-08-10T05:27:26Z
2026-08-10T05:25:30Z,2026-08-10T07:25:30+0200,4362fe35-cfeb-4c3c-9399-26381c363872,2026-07-21T09:15:00Z,2026-07-21T11:15:00+0200,5030.05049,MW,DE,DE_LU,forecast_onshore_wind_generation,Wind Onshore,2026-08-10T05:27:26Z
2026-08-10T05:25:30Z,2026-08-10T07:25:30+0200,4362fe35-cfeb-4c3c-9399-26381c363872,2026-07-21T09:30:00Z,2026-07-21T11:30:00+0200,5184.9662,MW,DE,DE_LU,forecast_onshore_wind_generation,Wind Onshore,2026-08-10T05:27:26Z
2026-08-10T05:25:30Z,2026-08-10T07:25:30+0200,4362fe35-cfeb-4c3c-9399-26381c363872,2026-07-21T09:45:00Z,2026-07-21T11:45:00+0200,5345.49673,MW,DE,DE_LU,forecast_onshore_wind_generation,Wind Onshore,2026-08-10T05:27:26Z
2026-08-10T05:25:30Z,2026-08-10T07:25:30+0200,4362fe35-cfeb-4c3c-9399-26381c363872,2026-07-21T10:00:00Z,2026-07-21T12:00:00+0200,5507.48349,MW,DE,DE_LU,forecast_onshore_wind_generation,Wind Onshore,2026-08-10T05:27:26Z
2026-08-10T05:25:30Z,2026-08-10T07:25:30+0200,4362fe35-cfeb-4c3c-9399-26381c363872,2026-07-21T10:15:00Z,2026-07-21T12:15:00+0200,5683.54683,MW,DE,DE_LU,forecast_onshore_wind_generation,Wind Onshore,2026-08-10T05:27:26Z
2026-08-10T05:25:30Z,2026-08-10T07:25:30+0200,4362fe35-cfeb-4c3c-9399-26381c363872,2026-07-21T10:30:00Z,2026-07-21T12:30:00+0200,5855.27142,MW,DE,DE_LU,forecast_onshore_wind_generation,Wind Onshore,2026-08-10T05:27:26Z
2026-08-10T05:25:30Z,2026-08-10T07:25:30+0200,4362fe35-cfeb-4c3c-9399-26381c363872,2026-07-21T10:45:00Z,2026-07-21T12:45:00+0200,6023.23645,MW,DE,DE_LU,forecast_onshore_wind_generation,Wind Onshore,2026-08-10T05:27:26Z
2026-08-10T05:25:30Z,2026-08-10T07:25:30+0200,4362fe35-cfeb-4c3c-9399-26381c363872,2026-07-21T11:00:00Z,2026-07-21T13:00:00+0200,6193.4157,MW,DE,DE_LU,forecast_onshore_wind_generation,Wind Onshore,2026-08-10T05:27:26Z
2026-08-10T05:25:30Z,2026-08-10T07:25:30+0200,4362fe35-cfeb-4c3c-9399-26381c363872,2026-07-21T11:15:00Z,2026-07-21T13:15:00+0200,6392.33028,MW,DE,DE_LU,forecast_onshore_wind_generation,Wind Onshore,2026-08-10T05:27:26Z
2026-08-10T05:25:30Z,2026-08-10T07:25:30+0200,4362fe35-cfeb-4c3c-9399-26381c363872,2026-07-21T11:30:00Z,2026-07-21T13:30:00+0200,6597.73195,MW,DE,DE_LU,forecast_onshore_wind_generation,Wind Onshore,2026-08-10T05:27:26Z
2026-08-10T05:25:30Z,2026-08-10T07:25:30+0200,4362fe35-cfeb-4c3c-9399-26381c363872,2026-07-21T11:45:00Z,2026-07-21T13:45:00+0200,6843.324,MW,DE,DE_LU,forecast_onshore_wind_generation,Wind Onshore,2026-08-10T05:27:26Z
2026-08-10T05:25:30Z,2026-08-10T07:25:30+0200,4362fe35-cfeb-4c3c-9399-26381c363872,2026-07-21T12:00:00Z,2026-07-21T14:00:00+0200,7109.92739,MW,DE,DE_LU,forecast_onshore_wind_generation,Wind Onshore,2026-08-10T05:27:26Z
2026-08-10T05:25:30Z,2026-08-10T07:25:30+0200,4362fe35-cfeb-4c3c-9399-26381c363872,2026-07-21T12:15:00Z,2026-07-21T14:15:00+0200,7357.68739,MW,DE,DE_LU,forecast_onshore_wind_generation,Wind Onshore,2026-08-10T05:27:26Z
2026-08-10T05:25:30Z,2026-08-10T07:25:30+0200,4362fe35-cfeb-4c3c-9399-26381c363872,2026-07-21T12:30:00Z,2026-07-21T14:30:00+0200,7596.98373,MW,DE,DE_LU,forecast_onshore_wind_generation,Wind Onshore,2026-08-10T05:27:26Z
2026-08-10T05:25:30Z,2026-08-10T07:25:30+0200,4362fe35-cfeb-4c3c-9399-26381c363872,2026-07-21T12:45:00Z,2026-07-21T14:45:00+0200,7823.91943,MW,DE,DE_LU,forecast_onshore_wind_generation,Wind Onshore,2026-08-10T05:27:26Z
2026-08-10T05:25:30Z,2026-08-10T07:25:30+0200,4362fe35-cfeb-4c3c-9399-26381c363872,2026-07-21T13:00:00Z,2026-07-21T15:00:00+0200,8045.29282,MW,DE,DE_LU,forecast_onshore_wind_generation,Wind Onshore,2026-08-10T05:27:26Z
2026-08-10T05:25:30Z,2026-08-10T07:25:30+0200,4362fe35-cfeb-4c3c-9399-26381c363872,2026-07-21T13:15:00Z,2026-07-21T15:15:00+0200,8249.13558,MW,DE,DE_LU,forecast_onshore_wind_generation,Wind Onshore,2026-08-10T05:27:26Z
2026-08-10T05:25:30Z,2026-08-10T07:25:30+0200,4362fe35-cfeb-4c3c-9399-26381c363872,2026-07-21T13:30:00Z,2026-07-21T15:30:00+0200,8461.03046,MW,DE,DE_LU,forecast_onshore_wind_generation,Wind Onshore,2026-08-10T05:27:26Z
2026-08-10T05:25:30Z,2026-08-10T07:25:30+0200,4362fe35-cfeb-4c3c-9399-26381c363872,2026-07-21T13:45:00Z,2026-07-21T15:45:00+0200,8722.79638,MW,DE,DE_LU,forecast_onshore_wind_generation,Wind Onshore,2026-08-10T05:27:26Z
2026-08-10T05:25:30Z,2026-08-10T07:25:30+0200,4362fe35-cfeb-4c3c-9399-26381c363872,2026-07-21T14:00:00Z,2026-07-21T16:00:00+0200,9055.42911,MW,DE,DE_LU,forecast_onshore_wind_generation,Wind Onshore,2026-08-10T05:27:26Z
2026-08-10T05:25:30Z,2026-08-10T07:25:30+0200,4362fe35-cfeb-4c3c-9399-26381c363872,2026-07-21T14:15:00Z,2026-07-21T16:15:00+0200,9337.93854,MW,DE,DE_LU,forecast_onshore_wind_generation,Wind Onshore,2026-08-10T05:27:26Z
2026-08-10T05:25:30Z,2026-08-10T07:25:30+0200,4362fe35-cfeb-4c3c-9399-26381c363872,2026-07-21T14:30:00Z,2026-07-21T16:30:00+0200,9516.95347,MW,DE,DE_LU,forecast_onshore_wind_generation,Wind Onshore,2026-08-10T05:27:26Z
2026-08-10T05:25:30Z,2026-08-10T07:25:30+0200,4362fe35-cfeb-4c3c-9399-26381c363872,2026-07-21T14:45:00Z,2026-07-21T16:45:00+0200,9698.09363,MW,DE,DE_LU,forecast_onshore_wind_generation,Wind Onshore,2026-08-10T05:27:26Z
2026-08-10T05:25:30Z,2026-08-10T07:25:30+0200,4362fe35-cfeb-4c3c-9399-26381c363872,2026-07-21T15:00:00Z,2026-07-21T17:00:00+0200,9863.83045,MW,DE,DE_LU,forecast_onshore_wind_generation,Wind Onshore,2026-08-10T05:27:26Z
2026-08-10T05:25:30Z,2026-08-10T07:25:30+0200,4362fe35-cfeb-4c3c-9399-26381c363872,2026-07-21T15:15:00Z,2026-07-21T17:15:00+0200,9881.33909,MW,DE,DE_LU,forecast_onshore_wind_generation,Wind Onshore,2026-08-10T05:27:26Z
2026-08-10T05:25:30Z,2026-08-10T07:25:30+0200,4362fe35-cfeb-4c3c-9399-26381c363872,2026-07-21T15:30:00Z,2026-07-21T17:30:00+0200,9900.99848,MW,DE,DE_LU,forecast_onshore_wind_generation,Wind Onshore,2026-08-10T05:27:26Z
2026-08-10T05:25:30Z,2026-08-10T07:25:30+0200,4362fe35-cfeb-4c3c-9399-26381c363872,2026-07-21T15:45:00Z,2026-07-21T17:45:00+0200,9941.30977,MW,DE,DE_LU,forecast_onshore_wind_generation,Wind Onshore,2026-08-10T05:27:26Z
2026-08-10T05:25:30Z,2026-08-10T07:25:30+0200,4362fe35-cfeb-4c3c-9399-26381c363872,2026-07-21T16:00:00Z,2026-07-21T18:00:00+0200,10001.3881,MW,DE,DE_LU,forecast_onshore_wind_generation,Wind Onshore,2026-08-10T05:27:26Z
2026-08-10T05:25:30Z,2026-08-10T07:25:30+0200,4362fe35-cfeb-4c3c-9399-26381c363872,2026-07-21T16:15:00Z,2026-07-21T18:15:00+0200,9966.20992,MW,DE,DE_LU,forecast_onshore_wind_generation,Wind Onshore,2026-08-10T05:27:26Z
2026-08-10T05:25:30Z,2026-08-10T07:25:30+0200,4362fe35-cfeb-4c3c-9399-26381c363872,2026-07-21T16:30:00Z,2026-07-21T18:30:00+0200,9920.32931,MW,DE,DE_LU,forecast_onshore_wind_generation,Wind Onshore,2026-08-10T05:27:26Z
2026-08-10T05:25:30Z,2026-08-10T07:25:30+0200,4362fe35-cfeb-4c3c-9399-26381c363872,2026-07-21T16:45:00Z,2026-07-21T18:45:00+0200,9871.30209,MW,DE,DE_LU,forecast_onshore_wind_generation,Wind Onshore,2026-08-10T05:27:26Z
2026-08-10T05:25:30Z,2026-08-10T07:25:30+0200,4362fe35-cfeb-4c3c-9399-26381c363872,2026-07-21T17:00:00Z,2026-07-21T19:00:00+0200,9825.91409,MW,DE,DE_LU,forecast_onshore_wind_generation,Wind Onshore,2026-08-10T05:27:26Z
2026-08-10T05:25:30Z,2026-08-10T07:25:30+0200,4362fe35-cfeb-4c3c-9399-26381c363872,2026-07-21T17:15:00Z,2026-07-21T19:15:00+0200,9653.41257,MW,DE,DE_LU,forecast_onshore_wind_generation,Wind Onshore,2026-08-10T05:27:26Z
2026-08-10T05:25:30Z,2026-08-10T07:25:30+0200,4362fe35-cfeb-4c3c-9399-26381c363872,2026-07-21T17:30:00Z,2026-07-21T19:30:00+0200,9478.64358,MW,DE,DE_LU,forecast_onshore_wind_generation,Wind Onshore,2026-08-10T05:27:26Z
2026-08-10T05:25:30Z,2026-08-10T07:25:30+0200,4362fe35-cfeb-4c3c-9399-26381c363872,2026-07-21T17:45:00Z,2026-07-21T19:45:00+0200,9300.17196,MW,DE,DE_LU,forecast_onshore_wind_generation,Wind Onshore,2026-08-10T05:27:26Z
2026-08-10T05:25:30Z,2026-08-10T07:25:30+0200,4362fe35-cfeb-4c3c-9399-26381c363872,2026-07-21T18:00:00Z,2026-07-21T20:00:00+0200,9110.11431,MW,DE,DE_LU,forecast_onshore_wind_generation,Wind Onshore,2026-08-10T05:27:26Z
2026-08-10T05:25:30Z,2026-08-10T07:25:30+0200,4362fe35-cfeb-4c3c-9399-26381c363872,2026-07-21T18:15:00Z,2026-07-21T20:15:00+0200,8994.58774,MW,DE,DE_LU,forecast_onshore_wind_generation,Wind Onshore,2026-08-10T05:27:26Z
2026-08-10T05:25:30Z,2026-08-10T07:25:30+0200,4362fe35-cfeb-4c3c-9399-26381c363872,2026-07-21T18:30:00Z,2026-07-21T20:30:00+0200,8844.79527,MW,DE,DE_LU,forecast_onshore_wind_generation,Wind Onshore,2026-08-10T05:27:26Z
2026-08-10T05:25:30Z,2026-08-10T07:25:30+0200,4362fe35-cfeb-4c3c-9399-26381c363872,2026-07-21T18:45:00Z,2026-07-21T20:45:00+0200,8632.67063,MW,DE,DE_LU,forecast_onshore_wind_generation,Wind Onshore,2026-08-10T05:27:26Z
2026-08-10T05:25:30Z,2026-08-10T07:25:30+0200,4362fe35-cfeb-4c3c-9399-26381c363872,2026-07-21T19:00:00Z,2026-07-21T21:00:00+0200,8367.71067,MW,DE,DE_LU,forecast_onshore_wind_generation,Wind Onshore,2026-08-10T05:27:26Z
2026-08-10T05:25:30Z,2026-08-10T07:25:30+0200,4362fe35-cfeb-4c3c-9399-26381c363872,2026-07-21T19:15:00Z,2026-07-21T21:15:00+0200,8298.44046,MW,DE,DE_LU,forecast_onshore_wind_generation,Wind Onshore,2026-08-10T05:27:26Z
2026-08-10T05:25:30Z,2026-08-10T07:25:30+0200,4362fe35-cfeb-4c3c-9399-26381c363872,2026-07-21T19:30:00Z,2026-07-21T21:30:00+0200,8323.47448,MW,DE,DE_LU,forecast_onshore_wind_generation,Wind Onshore,2026-08-10T05:27:26Z
2026-08-10T05:25:30Z,2026-08-10T07:25:30+0200,4362fe35-cfeb-4c3c-9399-26381c363872,2026-07-21T19:45:00Z,2026-07-21T21:45:00+0200,8363.1179,MW,DE,DE_LU,forecast_onshore_wind_generation,Wind Onshore,2026-08-10T05:27:26Z
2026-08-10T05:25:30Z,2026-08-10T07:25:30+0200,4362fe35-cfeb-4c3c-9399-26381c363872,2026-07-21T20:00:00Z,2026-07-21T22:00:00+0200,8350.07175,MW,DE,DE_LU,forecast_onshore_wind_generation,Wind Onshore,2026-08-10T05:27:26Z
2026-08-10T05:25:30Z,2026-08-10T07:25:30+0200,4362fe35-cfeb-4c3c-9399-26381c363872,2026-07-21T20:15:00Z,2026-07-21T22:15:00+0200,8427.30303,MW,DE,DE_LU,forecast_onshore_wind_generation,Wind Onshore,2026-08-10T05:27:26Z
2026-08-10T05:25:30Z,2026-08-10T07:25:30+0200,4362fe35-cfeb-4c3c-9399-26381c363872,2026-07-21T20:30:00Z,2026-07-21T22:30:00+0200,8505.07065,MW,DE,DE_LU,forecast_onshore_wind_generation,Wind Onshore,2026-08-10T05:27:26Z
2026-08-10T05:25:30Z,2026-08-10T07:25:30+0200,4362fe35-cfeb-4c3c-9399-26381c363872,2026-07-21T20:45:00Z,2026-07-21T22:45:00+0200,8573.21434,MW,DE,DE_LU,forecast_onshore_wind_generation,Wind Onshore,2026-08-10T05:27:26Z
2026-08-10T05:25:30Z,2026-08-10T07:25:30+0200,4362fe35-cfeb-4c3c-9399-26381c363872,2026-07-21T21:00:00Z,2026-07-21T23:00:00+0200,8638.2234,MW,DE,DE_LU,forecast_onshore_wind_generation,Wind Onshore,2026-08-10T05:27:26Z
2026-08-10T05:25:30Z,2026-08-10T07:25:30+0200,4362fe35-cfeb-4c3c-9399-26381c363872,2026-07-21T21:15:00Z,2026-07-21T23:15:00+0200,8604.32443,MW,DE,DE_LU,forecast_onshore_wind_generation,Wind Onshore,2026-08-10T05:27:26Z
2026-08-10T05:25:30Z,2026-08-10T07:25:30+0200,4362fe35-cfeb-4c3c-9399-26381c363872,2026-07-21T21:30:00Z,2026-07-21T23:30:00+0200,8569.16757,MW,DE,DE_LU,forecast_onshore_wind_generation,Wind Onshore,2026-08-10T05:27:26Z
2026-08-10T05:25:30Z,2026-08-10T07:25:30+0200,4362fe35-cfeb-4c3c-9399-26381c363872,2026-07-21T21:45:00Z,2026-07-21T23:45:00+0200,8532.80969,MW,DE,DE_LU,forecast_onshore_wind_generation,Wind Onshore,2026-08-10T05:27:26Z
2026-08-10T05:25:30Z,2026-08-10T07:25:30+0200,4362fe35-cfeb-4c3c-9399-26381c363872,2026-07-21T22:00:00Z,2026-07-22T00:00:00+0200,8000.75684,MW,DE,DE_LU,forecast_onshore_wind_generation,Wind Onshore,2026-08-10T05:27:26Z
2026-08-10T05:25:30Z,2026-08-10T07:25:30+0200,4362fe35-cfeb-4c3c-9399-26381c363872,2026-07-21T22:15:00Z,2026-07-22T00:15:00+0200,7896.70321,MW,DE,DE_LU,forecast_onshore_wind_generation,Wind Onshore,2026-08-10T05:27:26Z
2026-08-10T05:25:30Z,2026-08-10T07:25:30+0200,4362fe35-cfeb-4c3c-9399-26381c363872,2026-07-21T22:30:00Z,2026-07-22T00:30:00+0200,7797.67695,MW,DE,DE_LU,forecast_onshore_wind_generation,Wind Onshore,2026-08-10T05:27:26Z
2026-08-10T05:25:30Z,2026-08-10T07:25:30+0200,4362fe35-cfeb-4c3c-9399-26381c363872,2026-07-21T22:45:00Z,2026-07-22T00:45:00+0200,7701.27466,MW,DE,DE_LU,forecast_onshore_wind_generation,Wind Onshore,2026-08-10T05:27:26Z
2026-08-10T05:25:30Z,2026-08-10T07:25:30+0200,4362fe35-cfeb-4c3c-9399-26381c363872,2026-07-21T23:00:00Z,2026-07-22T01:00:00+0200,7628.8202,MW,DE,DE_LU,forecast_onshore_wind_generation,Wind Onshore,2026-08-10T05:27:26Z
2026-08-10T05:25:30Z,2026-08-10T07:25:30+0200,4362fe35-cfeb-4c3c-9399-26381c363872,2026-07-21T23:15:00Z,2026-07-22T01:15:00+0200,7631.61955,MW,DE,DE_LU,forecast_onshore_wind_generation,Wind Onshore,2026-08-10T05:27:26Z
2026-08-10T05:25:30Z,2026-08-10T07:25:30+0200,4362fe35-cfeb-4c3c-9399-26381c363872,2026-07-21T23:30:00Z,2026-07-22T01:30:00+0200,7660.23095,MW,DE,DE_LU,forecast_onshore_wind_generation,Wind Onshore,2026-08-10T05:27:26Z
2026-08-10T05:25:30Z,2026-08-10T07:25:30+0200,4362fe35-cfeb-4c3c-9399-26381c363872,2026-07-21T23:45:00Z,2026-07-22T01:45:00+0200,7723.63966,MW,DE,DE_LU,forecast_onshore_wind_generation,Wind Onshore,2026-08-10T05:27:26Z
2026-08-10T05:25:30Z,2026-08-10T07:25:30+0200,4362fe35-cfeb-4c3c-9399-26381c363872,2026-07-22T00:00:00Z,2026-07-22T02:00:00+0200,7877.92141,MW,DE,DE_LU,forecast_onshore_wind_generation,Wind Onshore,2026-08-10T05:27:26Z
2026-08-10T05:25:30Z,2026-08-10T07:25:30+0200,4362fe35-cfeb-4c3c-9399-26381c363872,2026-07-22T00:15:00Z,2026-07-22T02:15:00+0200,8037.7402,MW,DE,DE_LU,forecast_onshore_wind_generation,Wind Onshore,2026-08-10T05:27:26Z
2026-08-10T05:25:30Z,2026-08-10T07:25:30+0200,4362fe35-cfeb-4c3c-9399-26381c363872,2026-07-22T00:30:00Z,2026-07-22T02:30:00+0200,8168.62556,MW,DE,DE_LU,forecast_onshore_wind_generation,Wind Onshore,2026-08-10T05:27:26Z
2026-08-10T05:25:30Z,2026-08-10T07:25:30+0200,4362fe35-cfeb-4c3c-9399-26381c363872,2026-07-22T00:45:00Z,2026-07-22T02:45:00+0200,8293.67277,MW,DE,DE_LU,forecast_onshore_wind_generation,Wind Onshore,2026-08-10T05:27:26Z
2026-08-10T05:25:30Z,2026-08-10T07:25:30+0200,4362fe35-cfeb-4c3c-9399-26381c363872,2026-07-22T01:00:00Z,2026-07-22T03:00:00+0200,8423.62468,MW,DE,DE_LU,forecast_onshore_wind_generation,Wind Onshore,2026-08-10T05:27:26Z
2026-08-10T05:25:30Z,2026-08-10T07:25:30+0200,4362fe35-cfeb-4c3c-9399-26381c363872,2026-07-22T01:15:00Z,2026-07-22T03:15:00+0200,8620.00125,MW,DE,DE_LU,forecast_onshore_wind_generation,Wind Onshore,2026-08-10T05:27:26Z
2026-08-10T05:25:30Z,2026-08-10T07:25:30+0200,4362fe35-cfeb-4c3c-9399-26381c363872,2026-07-22T01:30:00Z,2026-07-22T03:30:00+0200,8815.61632,MW,DE,DE_LU,forecast_onshore_wind_generation,Wind Onshore,2026-08-10T05:27:26Z
2026-08-10T05:25:30Z,2026-08-10T07:25:30+0200,4362fe35-cfeb-4c3c-9399-26381c363872,2026-07-22T01:45:00Z,2026-07-22T03:45:00+0200,9010.12649,MW,DE,DE_LU,forecast_onshore_wind_generation,Wind Onshore,2026-08-10T05:27:26Z
2026-08-10T05:25:30Z,2026-08-10T07:25:30+0200,4362fe35-cfeb-4c3c-9399-26381c363872,2026-07-22T02:00:00Z,2026-07-22T04:00:00+0200,9204.22028,MW,DE,DE_LU,forecast_onshore_wind_generation,Wind Onshore,2026-08-10T05:27:26Z
2026-08-10T05:25:30Z,2026-08-10T07:25:30+0200,4362fe35-cfeb-4c3c-9399-26381c363872,2026-07-22T02:15:00Z,2026-07-22T04:15:00+0200,9379.79479,MW,DE,DE_LU,forecast_onshore_wind_generation,Wind Onshore,2026-08-10T05:27:26Z
2026-08-10T05:25:30Z,2026-08-10T07:25:30+0200,4362fe35-cfeb-4c3c-9399-26381c363872,2026-07-22T02:30:00Z,2026-07-22T04:30:00+0200,9552.85311,MW,DE,DE_LU,forecast_onshore_wind_generation,Wind Onshore,2026-08-10T05:27:26Z
2026-08-10T05:25:30Z,2026-08-10T07:25:30+0200,4362fe35-cfeb-4c3c-9399-26381c363872,2026-07-22T02:45:00Z,2026-07-22T04:45:00+0200,9722.13288,MW,DE,DE_LU,forecast_onshore_wind_generation,Wind Onshore,2026-08-10T05:27:26Z
2026-08-10T05:25:30Z,2026-08-10T07:25:30+0200,4362fe35-cfeb-4c3c-9399-26381c363872,2026-07-22T03:00:00Z,2026-07-22T05:00:00+0200,9884.66709,MW,DE,DE_LU,forecast_onshore_wind_generation,Wind Onshore,2026-08-10T05:27:26Z
2026-08-10T05:25:30Z,2026-08-10T07:25:30+0200,4362fe35-cfeb-4c3c-9399-26381c363872,2026-07-22T03:15:00Z,2026-07-22T05:15:00+0200,9999.36533,MW,DE,DE_LU,forecast_onshore_wind_generation,Wind Onshore,2026-08-10T05:27:26Z
2026-08-10T05:25:30Z,2026-08-10T07:25:30+0200,4362fe35-cfeb-4c3c-9399-26381c363872,2026-07-22T03:30:00Z,2026-07-22T05:30:00+0200,10109.85747,MW,DE,DE_LU,forecast_onshore_wind_generation,Wind Onshore,2026-08-10T05:27:26Z
2026-08-10T05:25:30Z,2026-08-10T07:25:30+0200,4362fe35-cfeb-4c3c-9399-26381c363872,2026-07-22T03:45:00Z,2026-07-22T05:45:00+0200,10216.29584,MW,DE,DE_LU,forecast_onshore_wind_generation,Wind Onshore,2026-08-10T05:27:26Z
2026-08-10T05:25:30Z,2026-08-10T07:25:30+0200,4362fe35-cfeb-4c3c-9399-26381c363872,2026-07-22T04:00:00Z,2026-07-22T06:00:00+0200,10511.16777,MW,DE,DE_LU,forecast_onshore_wind_generation,Wind Onshore,2026-08-10T05:27:26Z
2026-08-10T05:25:30Z,2026-08-10T07:25:30+0200,4362fe35-cfeb-4c3c-9399-26381c363872,2026-07-22T04:15:00Z,2026-07-22T06:15:00+0200,10596.13224,MW,DE,DE_LU,forecast_onshore_wind_generation,Wind Onshore,2026-08-10T05:27:26Z
2026-08-10T05:25:30Z,2026-08-10T07:25:30+0200,4362fe35-cfeb-4c3c-9399-26381c363872,2026-07-22T04:30:00Z,2026-07-22T06:30:00+0200,10680.04691,MW,DE,DE_LU,forecast_onshore_wind_generation,Wind Onshore,2026-08-10T05:27:26Z
2026-08-10T05:25:30Z,2026-08-10T07:25:30+0200,4362fe35-cfeb-4c3c-9399-26381c363872,2026-07-22T04:45:00Z,2026-07-22T06:45:00+0200,10751.31063,MW,DE,DE_LU,forecast_onshore_wind_generation,Wind Onshore,2026-08-10T05:27:26Z
2026-08-10T05:25:30Z,2026-08-10T07:25:30+0200,4362fe35-cfeb-4c3c-9399-26381c363872,2026-07-22T05:00:00Z,2026-07-22T07:00:00+0200,10835.88633,MW,DE,DE_LU,forecast_onshore_wind_generation,Wind Onshore,2026-08-10T05:27:26Z
2026-08-10T05:25:30Z,2026-08-10T07:25:30+0200,4362fe35-cfeb-4c3c-9399-26381c363872,2026-07-22T05:15:00Z,2026-07-22T07:15:00+0200,10885.46318,MW,DE,DE_LU,forecast_onshore_wind_generation,Wind Onshore,2026-08-10T05:27:26Z
2026-08-10T05:25:30Z,2026-08-10T07:25:30+0200,4362fe35-cfeb-4c3c-9399-26381c363872,2026-07-22T05:30:00Z,2026-07-22T07:30:00+0200,10791.09249,MW,DE,DE_LU,forecast_onshore_wind_generation,Wind Onshore,2026-08-10T05:27:26Z
2026-08-10T05:25:30Z,2026-08-10T07:25:30+0200,4362fe35-cfeb-4c3c-9399-26381c363872,2026-07-22T05:45:00Z,2026-07-22T07:45:00+0200,10752.53216,MW,DE,DE_LU,forecast_onshore_wind_generation,Wind Onshore,2026-08-10T05:27:26Z
2026-08-10T05:25:30Z,2026-08-10T07:25:30+0200,4362fe35-cfeb-4c3c-9399-26381c363872,2026-07-22T06:00:00Z,2026-07-22T08:00:00+0200,10955.16642,MW,DE,DE_LU,forecast_onshore_wind_generation,Wind Onshore,2026-08-10T05:27:26Z
2026-08-10T05:25:30Z,2026-08-10T07:25:30+0200,4362fe35-cfeb-4c3c-9399-26381c363872,2026-07-22T06:15:00Z,2026-07-22T08:15:00+0200,11313.22669,MW,DE,DE_LU,forecast_onshore_wind_generation,Wind Onshore,2026-08-10T05:27:26Z
2026-08-10T05:25:30Z,2026-08-10T07:25:30+0200,4362fe35-cfeb-4c3c-9399-26381c363872,2026-07-22T06:30:00Z,2026-07-22T08:30:00+0200,11912.195,MW,DE,DE_LU,forecast_onshore_wind_generation,Wind Onshore,2026-08-10T05:27:26Z
2026-08-10T05:25:30Z,2026-08-10T07:25:30+0200,4362fe35-cfeb-4c3c-9399-26381c363872,2026-07-22T06:45:00Z,2026-07-22T08:45:00+0200,12674.02478,MW,DE,DE_LU,forecast_onshore_wind_generation,Wind Onshore,2026-08-10T05:27:26Z
2026-08-10T05:25:30Z,2026-08-10T07:25:30+0200,4362fe35-cfeb-4c3c-9399-26381c363872,2026-07-22T07:00:00Z,2026-07-22T09:00:00+0200,13467.775,MW,DE,DE_LU,forecast_onshore_wind_generation,Wind Onshore,2026-08-10T05:27:26Z
2026-08-10T05:25:30Z,2026-08-10T07:25:30+0200,4362fe35-cfeb-4c3c-9399-26381c363872,2026-07-22T07:15:00Z,2026-07-22T09:15:00+0200,14193.48419,MW,DE,DE_LU,forecast_onshore_wind_generation,Wind Onshore,2026-08-10T05:27:26Z
2026-08-10T05:25:30Z,2026-08-10T07:25:30+0200,4362fe35-cfeb-4c3c-9399-26381c363872,2026-07-22T07:30:00Z,2026-07-22T09:30:00+0200,14852.89795,MW,DE,DE_LU,forecast_onshore_wind_generation,Wind Onshore,2026-08-10T05:27:26Z
2026-08-10T05:25:30Z,2026-08-10T07:25:30+0200,4362fe35-cfeb-4c3c-9399-26381c363872,2026-07-22T07:45:00Z,2026-07-22T09:45:00+0200,15342.94523,MW,DE,DE_LU,forecast_onshore_wind_generation,Wind Onshore,2026-08-10T05:27:26Z
2026-08-10T05:25:30Z,2026-08-10T07:25:30+0200,4362fe35-cfeb-4c3c-9399-26381c363872,2026-07-22T08:00:00Z,2026-07-22T10:00:00+0200,15989.16908,MW,DE,DE_LU,forecast_onshore_wind_generation,Wind Onshore,2026-08-10T05:27:26Z
2026-08-10T05:25:30Z,2026-08-10T07:25:30+0200,4362fe35-cfeb-4c3c-9399-26381c363872,2026-07-22T08:15:00Z,2026-07-22T10:15:00+0200,16529.31288,MW,DE,DE_LU,forecast_onshore_wind_generation,Wind Onshore,2026-08-10T05:27:26Z
2026-08-10T05:25:30Z,2026-08-10T07:25:30+0200,4362fe35-cfeb-4c3c-9399-26381c363872,2026-07-22T08:30:00Z,2026-07-22T10:30:00+0200,17080.9221,MW,DE,DE_LU,forecast_onshore_wind_generation,Wind Onshore,2026-08-10T05:27:26Z
2026-08-10T05:25:30Z,2026-08-10T07:25:30+0200,4362fe35-cfeb-4c3c-9399-26381c363872,2026-07-22T08:45:00Z,2026-07-22T10:45:00+0200,17649.52473,MW,DE,DE_LU,forecast_onshore_wind_generation,Wind Onshore,2026-08-10T05:27:26Z
2026-08-10T05:25:30Z,2026-08-10T07:25:30+0200,4362fe35-cfeb-4c3c-9399-26381c363872,2026-07-22T09:00:00Z,2026-07-22T11:00:00+0200,18188.33768,MW,DE,DE_LU,forecast_onshore_wind_generation,Wind Onshore,2026-08-10T05:27:26Z
2026-08-10T05:25:30Z,2026-08-10T07:25:30+0200,4362fe35-cfeb-4c3c-9399-26381c363872,2026-07-22T09:15:00Z,2026-07-22T11:15:00+0200,18419.93545,MW,DE,DE_LU,forecast_onshore_wind_generation,Wind Onshore,2026-08-10T05:27:26Z
2026-08-10T05:25:30Z,2026-08-10T07:25:30+0200,4362fe35-cfeb-4c3c-9399-26381c363872,2026-07-22T09:30:00Z,2026-07-22T11:30:00+0200,18631.07905,MW,DE,DE_LU,forecast_onshore_wind_generation,Wind Onshore,2026-08-10T05:27:26Z
2026-08-10T05:25:30Z,2026-08-10T07:25:30+0200,4362fe35-cfeb-4c3c-9399-26381c363872,2026-07-22T09:45:00Z,2026-07-22T11:45:00+0200,18777.46341,MW,DE,DE_LU,forecast_onshore_wind_generation,Wind Onshore,2026-08-10T05:27:26Z
2026-08-10T05:25:30Z,2026-08-10T07:25:30+0200,4362fe35-cfeb-4c3c-9399-26381c363872,2026-07-22T10:00:00Z,2026-07-22T12:00:00+0200,18996.83158,MW,DE,DE_LU,forecast_onshore_wind_generation,Wind Onshore,2026-08-10T05:27:26Z
2026-08-10T05:25:30Z,2026-08-10T07:25:30+0200,4362fe35-cfeb-4c3c-9399-26381c363872,2026-07-22T10:15:00Z,2026-07-22T12:15:00+0200,19152.90982,MW,DE,DE_LU,forecast_onshore_wind_generation,Wind Onshore,2026-08-10T05:27:26Z
2026-08-10T05:25:30Z,2026-08-10T07:25:30+0200,4362fe35-cfeb-4c3c-9399-26381c363872,2026-07-22T10:30:00Z,2026-07-22T12:30:00+0200,19442.39908,MW,DE,DE_LU,forecast_onshore_wind_generation,Wind Onshore,2026-08-10T05:27:26Z
2026-08-10T05:25:30Z,2026-08-10T07:25:30+0200,4362fe35-cfeb-4c3c-9399-26381c363872,2026-07-22T10:45:00Z,2026-07-22T12:45:00+0200,19735.49577,MW,DE,DE_LU,forecast_onshore_wind_generation,Wind Onshore,2026-08-10T05:27:26Z
2026-08-10T05:25:30Z,2026-08-10T07:25:30+0200,4362fe35-cfeb-4c3c-9399-26381c363872,2026-07-22T11:00:00Z,2026-07-22T13:00:00+0200,20028.52314,MW,DE,DE_LU,forecast_onshore_wind_generation,Wind Onshore,2026-08-10T05:27:26Z
2026-08-10T05:25:30Z,2026-08-10T07:25:30+0200,4362fe35-cfeb-4c3c-9399-26381c363872,2026-07-22T11:15:00Z,2026-07-22T13:15:00+0200,20338.12307,MW,DE,DE_LU,forecast_onshore_wind_generation,Wind Onshore,2026-08-10T05:27:26Z
2026-08-10T05:25:30Z,2026-08-10T07:25:30+0200,4362fe35-cfeb-4c3c-9399-26381c363872,2026-07-22T11:30:00Z,2026-07-22T13:30:00+0200,20696.42982,MW,DE,DE_LU,forecast_onshore_wind_generation,Wind Onshore,2026-08-10T05:27:26Z
2026-08-10T05:25:30Z,2026-08-10T07:25:30+0200,4362fe35-cfeb-4c3c-9399-26381c363872,2026-07-22T11:45:00Z,2026-07-22T13:45:00+0200,21017.08963,MW,DE,DE_LU,forecast_onshore_wind_generation,Wind Onshore,2026-08-10T05:27:26Z
2026-08-10T05:25:30Z,2026-08-10T07:25:30+0200,4362fe35-cfeb-4c3c-9399-26381c363872,2026-07-22T12:00:00Z,2026-07-22T14:00:00+0200,21428.79657,MW,DE,DE_LU,forecast_onshore_wind_generation,Wind Onshore,2026-08-10T05:27:26Z
2026-08-10T05:25:30Z,2026-08-10T07:25:30+0200,4362fe35-cfeb-4c3c-9399-26381c363872,2026-07-22T12:15:00Z,2026-07-22T14:15:00+0200,21817.99843,MW,DE,DE_LU,forecast_onshore_wind_generation,Wind Onshore,2026-08-10T05:27:26Z
2026-08-10T05:25:30Z,2026-08-10T07:25:30+0200,4362fe35-cfeb-4c3c-9399-26381c363872,2026-07-22T12:30:00Z,2026-07-22T14:30:00+0200,22161.04664,MW,DE,DE_LU,forecast_onshore_wind_generation,Wind Onshore,2026-08-10T05:27:26Z
2026-08-10T05:25:30Z,2026-08-10T07:25:30+0200,4362fe35-cfeb-4c3c-9399-26381c363872,2026-07-22T12:45:00Z,2026-07-22T14:45:00+0200,22525.15229,MW,DE,DE_LU,forecast_onshore_wind_generation,Wind Onshore,2026-08-10T05:27:26Z
2026-08-10T05:25:30Z,2026-08-10T07:25:30+0200,4362fe35-cfeb-4c3c-9399-26381c363872,2026-07-22T13:00:00Z,2026-07-22T15:00:00+0200,22922.30408,MW,DE,DE_LU,forecast_onshore_wind_generation,Wind Onshore,2026-08-10T05:27:26Z
2026-08-10T05:25:30Z,2026-08-10T07:25:30+0200,4362fe35-cfeb-4c3c-9399-26381c363872,2026-07-22T13:15:00Z,2026-07-22T15:15:00+0200,23288.46002,MW,DE,DE_LU,forecast_onshore_wind_generation,Wind Onshore,2026-08-10T05:27:26Z
2026-08-10T05:25:30Z,2026-08-10T07:25:30+0200,4362fe35-cfeb-4c3c-9399-26381c363872,2026-07-22T13:30:00Z,2026-07-22T15:30:00+0200,23658.65512,MW,DE,DE_LU,forecast_onshore_wind_generation,Wind Onshore,2026-08-10T05:27:26Z
2026-08-10T05:25:30Z,2026-08-10T07:25:30+0200,4362fe35-cfeb-4c3c-9399-26381c363872,2026-07-22T13:45:00Z,2026-07-22T15:45:00+0200,24169.24822,MW,DE,DE_LU,forecast_onshore_wind_generation,Wind Onshore,2026-08-10T05:27:26Z
2026-08-10T05:25:30Z,2026-08-10T07:25:30+0200,4362fe35-cfeb-4c3c-9399-26381c363872,2026-07-22T14:00:00Z,2026-07-22T16:00:00+0200,24608.69944,MW,DE,DE_LU,forecast_onshore_wind_generation,Wind Onshore,2026-08-10T05:27:26Z
2026-08-10T05:25:30Z,2026-08-10T07:25:30+0200,4362fe35-cfeb-4c3c-9399-26381c363872,2026-07-22T14:15:00Z,2026-07-22T16:15:00+0200,25136.24249,MW,DE,DE_LU,forecast_onshore_wind_generation,Wind Onshore,2026-08-10T05:27:26Z
2026-08-10T05:25:30Z,2026-08-10T07:25:30+0200,4362fe35-cfeb-4c3c-9399-26381c363872,2026-07-22T14:30:00Z,2026-07-22T16:30:00+0200,25643.02456,MW,DE,DE_LU,forecast_onshore_wind_generation,Wind Onshore,2026-08-10T05:27:26Z
2026-08-10T05:25:30Z,2026-08-10T07:25:30+0200,4362fe35-cfeb-4c3c-9399-26381c363872,2026-07-22T14:45:00Z,2026-07-22T16:45:00+0200,26195.02106,MW,DE,DE_LU,forecast_onshore_wind_generation,Wind Onshore,2026-08-10T05:27:26Z
2026-08-10T05:25:30Z,2026-08-10T07:25:30+0200,4362fe35-cfeb-4c3c-9399-26381c363872,2026-07-22T15:00:00Z,2026-07-22T17:00:00+0200,26747.19856,MW,DE,DE_LU,forecast_onshore_wind_generation,Wind Onshore,2026-08-10T05:27:26Z
2026-08-10T05:25:30Z,2026-08-10T07:25:30+0200,4362fe35-cfeb-4c3c-9399-26381c363872,2026-07-22T15:15:00Z,2026-07-22T17:15:00+0200,27231.10888,MW,DE,DE_LU,forecast_onshore_wind_generation,Wind Onshore,2026-08-10T05:27:26Z
2026-08-10T05:25:30Z,2026-08-10T07:25:30+0200,4362fe35-cfeb-4c3c-9399-26381c363872,2026-07-22T15:30:00Z,2026-07-22T17:30:00+0200,27781.06229,MW,DE,DE_LU,forecast_onshore_wind_generation,Wind Onshore,2026-08-10T05:27:26Z
2026-08-10T05:25:30Z,2026-08-10T07:25:30+0200,4362fe35-cfeb-4c3c-9399-26381c363872,2026-07-22T15:45:00Z,2026-07-22T17:45:00+0200,27958.10017,MW,DE,DE_LU,forecast_onshore_wind_generation,Wind Onshore,2026-08-10T05:27:26Z
2026-08-10T05:25:30Z,2026-08-10T07:25:30+0200,4362fe35-cfeb-4c3c-9399-26381c363872,2026-07-22T16:00:00Z,2026-07-22T18:00:00+0200,28065.42153,MW,DE,DE_LU,forecast_onshore_wind_generation,Wind Onshore,2026-08-10T05:27:26Z
2026-08-10T05:25:30Z,2026-08-10T07:25:30+0200,4362fe35-cfeb-4c3c-9399-26381c363872,2026-07-22T16:15:00Z,2026-07-22T18:15:00+0200,27840.02471,MW,DE,DE_LU,forecast_onshore_wind_generation,Wind Onshore,2026-08-10T05:27:26Z
2026-08-10T05:25:30Z,2026-08-10T07:25:30+0200,4362fe35-cfeb-4c3c-9399-26381c363872,2026-07-22T16:30:00Z,2026-07-22T18:30:00+0200,27619.56047,MW,DE,DE_LU,forecast_onshore_wind_generation,Wind Onshore,2026-08-10T05:27:26Z
2026-08-10T05:25:30Z,2026-08-10T07:25:30+0200,4362fe35-cfeb-4c3c-9399-26381c363872,2026-07-22T16:45:00Z,2026-07-22T18:45:00+0200,27331.46395,MW,DE,DE_LU,forecast_onshore_wind_generation,Wind Onshore,2026-08-10T05:27:26Z
2026-08-10T05:25:30Z,2026-08-10T07:25:30+0200,4362fe35-cfeb-4c3c-9399-26381c363872,2026-07-22T17:00:00Z,2026-07-22T19:00:00+0200,27024.5451,MW,DE,DE_LU,forecast_onshore_wind_generation,Wind Onshore,2026-08-10T05:27:26Z
2026-08-10T05:25:30Z,2026-08-10T07:25:30+0200,4362fe35-cfeb-4c3c-9399-26381c363872,2026-07-22T17:15:00Z,2026-07-22T19:15:00+0200,26497.84742,MW,DE,DE_LU,forecast_onshore_wind_generation,Wind Onshore,2026-08-10T05:27:26Z
2026-08-10T05:25:30Z,2026-08-10T07:25:30+0200,4362fe35-cfeb-4c3c-9399-26381c363872,2026-07-22T17:30:00Z,2026-07-22T19:30:00+0200,25986.46315,MW,DE,DE_LU,forecast_onshore_wind_generation,Wind Onshore,2026-08-10T05:27:26Z
2026-08-10T05:25:30Z,2026-08-10T07:25:30+0200,4362fe35-cfeb-4c3c-9399-26381c363872,2026-07-22T17:45:00Z,2026-07-22T19:45:00+0200,25493.65027,MW,DE,DE_LU,forecast_onshore_wind_generation,Wind Onshore,2026-08-10T05:27:26Z
2026-08-10T05:25:30Z,2026-08-10T07:25:30+0200,4362fe35-cfeb-4c3c-9399-26381c363872,2026-07-22T18:00:00Z,2026-07-22T20:00:00+0200,25027.46622,MW,DE,DE_LU,forecast_onshore_wind_generation,Wind Onshore,2026-08-10T05:27:26Z
2026-08-10T05:25:30Z,2026-08-10T07:25:30+0200,4362fe35-cfeb-4c3c-9399-26381c363872,2026-07-22T18:15:00Z,2026-07-22T20:15:00+0200,24473.91346,MW,DE,DE_LU,forecast_onshore_wind_generation,Wind Onshore,2026-08-10T05:27:26Z
2026-08-10T05:25:30Z,2026-08-10T07:25:30+0200,4362fe35-cfeb-4c3c-9399-26381c363872,2026-07-22T18:30:00Z,2026-07-22T20:30:00+0200,23936.09222,MW,DE,DE_LU,forecast_onshore_wind_generation,Wind Onshore,2026-08-10T05:27:26Z
2026-08-10T05:25:30Z,2026-08-10T07:25:30+0200,4362fe35-cfeb-4c3c-9399-26381c363872,2026-07-22T18:45:00Z,2026-07-22T20:45:00+0200,23453.95828,MW,DE,DE_LU,forecast_onshore_wind_generation,Wind Onshore,2026-08-10T05:27:26Z
2026-08-10T05:25:30Z,2026-08-10T07:25:30+0200,4362fe35-cfeb-4c3c-9399-26381c363872,2026-07-22T19:00:00Z,2026-07-22T21:00:00+0200,23033.24156,MW,DE,DE_LU,forecast_onshore_wind_generation,Wind Onshore,2026-08-10T05:27:26Z
2026-08-10T05:25:30Z,2026-08-10T07:25:30+0200,4362fe35-cfeb-4c3c-9399-26381c363872,2026-07-22T19:15:00Z,2026-07-22T21:15:00+0200,22706.94344,MW,DE,DE_LU,forecast_onshore_wind_generation,Wind Onshore,2026-08-10T05:27:26Z
2026-08-10T05:25:30Z,2026-08-10T07:25:30+0200,4362fe35-cfeb-4c3c-9399-26381c363872,2026-07-22T19:30:00Z,2026-07-22T21:30:00+0200,22357.10974,MW,DE,DE_LU,forecast_onshore_wind_generation,Wind Onshore,2026-08-10T05:27:26Z
2026-08-10T05:25:30Z,2026-08-10T07:25:30+0200,4362fe35-cfeb-4c3c-9399-26381c363872,2026-07-22T19:45:00Z,2026-07-22T21:45:00+0200,21958.99695,MW,DE,DE_LU,forecast_onshore_wind_generation,Wind Onshore,2026-08-10T05:27:26Z
2026-08-10T05:25:30Z,2026-08-10T07:25:30+0200,4362fe35-cfeb-4c3c-9399-26381c363872,2026-07-22T20:00:00Z,2026-07-22T22:00:00+0200,21023.6199,MW,DE,DE_LU,forecast_onshore_wind_generation,Wind Onshore,2026-08-10T05:27:26Z
2026-08-10T05:25:30Z,2026-08-10T07:25:30+0200,4362fe35-cfeb-4c3c-9399-26381c363872,2026-07-22T20:15:00Z,2026-07-22T22:15:00+0200,20894.78827,MW,DE,DE_LU,forecast_onshore_wind_generation,Wind Onshore,2026-08-10T05:27:26Z
2026-08-10T05:25:30Z,2026-08-10T07:25:30+0200,4362fe35-cfeb-4c3c-9399-26381c363872,2026-07-22T20:30:00Z,2026-07-22T22:30:00+0200,20776.09579,MW,DE,DE_LU,forecast_onshore_wind_generation,Wind Onshore,2026-08-10T05:27:26Z
2026-08-10T05:25:30Z,2026-08-10T07:25:30+0200,4362fe35-cfeb-4c3c-9399-26381c363872,2026-07-22T20:45:00Z,2026-07-22T22:45:00+0200,20679.92012,MW,DE,DE_LU,forecast_onshore_wind_generation,Wind Onshore,2026-08-10T05:27:26Z
2026-08-10T05:25:30Z,2026-08-10T07:25:30+0200,4362fe35-cfeb-4c3c-9399-26381c363872,2026-07-22T21:00:00Z,2026-07-22T23:00:00+0200,20581.48573,MW,DE,DE_LU,forecast_onshore_wind_generation,Wind Onshore,2026-08-10T05:27:26Z
2026-08-10T05:25:30Z,2026-08-10T07:25:30+0200,4362fe35-cfeb-4c3c-9399-26381c363872,2026-07-22T21:15:00Z,2026-07-22T23:15:00+0200,20505.60564,MW,DE,DE_LU,forecast_onshore_wind_generation,Wind Onshore,2026-08-10T05:27:26Z
2026-08-10T05:25:30Z,2026-08-10T07:25:30+0200,4362fe35-cfeb-4c3c-9399-26381c363872,2026-07-22T21:30:00Z,2026-07-22T23:30:00+0200,20422.76349,MW,DE,DE_LU,forecast_onshore_wind_generation,Wind Onshore,2026-08-10T05:27:26Z
2026-08-10T05:25:30Z,2026-08-10T07:25:30+0200,4362fe35-cfeb-4c3c-9399-26381c363872,2026-07-22T21:45:00Z,2026-07-22T23:45:00+0200,20327.15766,MW,DE,DE_LU,forecast_onshore_wind_generation,Wind Onshore,2026-08-10T05:27:26Z
2026-08-10T05:25:30Z,2026-08-10T07:25:30+0200,4362fe35-cfeb-4c3c-9399-26381c363872,2026-07-22T22:00:00Z,2026-07-23T00:00:00+0200,20430.45504,MW,DE,DE_LU,forecast_onshore_wind_generation,Wind Onshore,2026-08-10T05:27:26Z
2026-08-10T05:25:30Z,2026-08-10T07:25:30+0200,4362fe35-cfeb-4c3c-9399-26381c363872,2026-07-22T22:15:00Z,2026-07-23T00:15:00+0200,20298.32682,MW,DE,DE_LU,forecast_onshore_wind_generation,Wind Onshore,2026-08-10T05:27:26Z
2026-08-10T05:25:30Z,2026-08-10T07:25:30+0200,4362fe35-cfeb-4c3c-9399-26381c363872,2026-07-22T22:30:00Z,2026-07-23T00:30:00+0200,20164.91897,MW,DE,DE_LU,forecast_onshore_wind_generation,Wind Onshore,2026-08-10T05:27:26Z
2026-08-10T05:25:30Z,2026-08-10T07:25:30+0200,4362fe35-cfeb-4c3c-9399-26381c363872,2026-07-22T22:45:00Z,2026-07-23T00:45:00+0200,20001.42229,MW,DE,DE_LU,forecast_onshore_wind_generation,Wind Onshore,2026-08-10T05:27:26Z
2026-08-10T05:25:30Z,2026-08-10T07:25:30+0200,4362fe35-cfeb-4c3c-9399-26381c363872,2026-07-22T23:00:00Z,2026-07-23T01:00:00+0200,19842.36191,MW,DE,DE_LU,forecast_onshore_wind_generation,Wind Onshore,2026-08-10T05:27:26Z
2026-08-10T05:25:30Z,2026-08-10T07:25:30+0200,4362fe35-cfeb-4c3c-9399-26381c363872,2026-07-22T23:15:00Z,2026-07-23T01:15:00+0200,19610.61857,MW,DE,DE_LU,forecast_onshore_wind_generation,Wind Onshore,2026-08-10T05:27:26Z
2026-08-10T05:25:30Z,2026-08-10T07:25:30+0200,4362fe35-cfeb-4c3c-9399-26381c363872,2026-07-22T23:30:00Z,2026-07-23T01:30:00+0200,19389.78638,MW,DE,DE_LU,forecast_onshore_wind_generation,Wind Onshore,2026-08-10T05:27:26Z
2026-08-10T05:25:30Z,2026-08-10T07:25:30+0200,4362fe35-cfeb-4c3c-9399-26381c363872,2026-07-22T23:45:00Z,2026-07-23T01:45:00+0200,19190.51243,MW,DE,DE_LU,forecast_onshore_wind_generation,Wind Onshore,2026-08-10T05:27:26Z
2026-08-10T05:25:30Z,2026-08-10T07:25:30+0200,4362fe35-cfeb-4c3c-9399-26381c363872,2026-07-23T00:00:00Z,2026-07-23T02:00:00+0200,18983.9387,MW,DE,DE_LU,forecast_onshore_wind_generation,Wind Onshore,2026-08-10T05:27:26Z
2026-08-10T05:25:30Z,2026-08-10T07:25:30+0200,4362fe35-cfeb-4c3c-9399-26381c363872,2026-07-23T00:15:00Z,2026-07-23T02:15:00+0200,18747.46321,MW,DE,DE_LU,forecast_onshore_wind_generation,Wind Onshore,2026-08-10T05:27:26Z
2026-08-10T05:25:30Z,2026-08-10T07:25:30+0200,4362fe35-cfeb-4c3c-9399-26381c363872,2026-07-23T00:30:00Z,2026-07-23T02:30:00+0200,18505.12582,MW,DE,DE_LU,forecast_onshore_wind_generation,Wind Onshore,2026-08-10T05:27:26Z
2026-08-10T05:25:30Z,2026-08-10T07:25:30+0200,4362fe35-cfeb-4c3c-9399-26381c363872,2026-07-23T00:45:00Z,2026-07-23T02:45:00+0200,18278.81457,MW,DE,DE_LU,forecast_onshore_wind_generation,Wind Onshore,2026-08-10T05:27:26Z
2026-08-10T05:25:30Z,2026-08-10T07:25:30+0200,4362fe35-cfeb-4c3c-9399-26381c363872,2026-07-23T01:00:00Z,2026-07-23T03:00:00+0200,18047.3812,MW,DE,DE_LU,forecast_onshore_wind_generation,Wind Onshore,2026-08-10T05:27:26Z
2026-08-10T05:25:30Z,2026-08-10T07:25:30+0200,4362fe35-cfeb-4c3c-9399-26381c363872,2026-07-23T01:15:00Z,2026-07-23T03:15:00+0200,17775.46413,MW,DE,DE_LU,forecast_onshore_wind_generation,Wind Onshore,2026-08-10T05:27:26Z
2026-08-10T05:25:30Z,2026-08-10T07:25:30+0200,4362fe35-cfeb-4c3c-9399-26381c363872,2026-07-23T01:30:00Z,2026-07-23T03:30:00+0200,17506.82528,MW,DE,DE_LU,forecast_onshore_wind_generation,Wind Onshore,2026-08-10T05:27:26Z
2026-08-10T05:25:30Z,2026-08-10T07:25:30+0200,4362fe35-cfeb-4c3c-9399-26381c363872,2026-07-23T01:45:00Z,2026-07-23T03:45:00+0200,17232.44469,MW,DE,DE_LU,forecast_onshore_wind_generation,Wind Onshore,2026-08-10T05:27:26Z
2026-08-10T05:25:30Z,2026-08-10T07:25:30+0200,4362fe35-cfeb-4c3c-9399-26381c363872,2026-07-23T02:00:00Z,2026-07-23T04:00:00+0200,16952.00665,MW,DE,DE_LU,forecast_onshore_wind_generation,Wind Onshore,2026-08-10T05:27:26Z
2026-08-10T05:25:30Z,2026-08-10T07:25:30+0200,4362fe35-cfeb-4c3c-9399-26381c363872,2026-07-23T02:15:00Z,2026-07-23T04:15:00+0200,16685.0478,MW,DE,DE_LU,forecast_onshore_wind_generation,Wind Onshore,2026-08-10T05:27:26Z
2026-08-10T05:25:30Z,2026-08-10T07:25:30+0200,4362fe35-cfeb-4c3c-9399-26381c363872,2026-07-23T02:30:00Z,2026-07-23T04:30:00+0200,16417.58176,MW,DE,DE_LU,forecast_onshore_wind_generation,Wind Onshore,2026-08-10T05:27:26Z
2026-08-10T05:25:30Z,2026-08-10T07:25:30+0200,4362fe35-cfeb-4c3c-9399-26381c363872,2026-07-23T02:45:00Z,2026-07-23T04:45:00+0200,16146.99016,MW,DE,DE_LU,forecast_onshore_wind_generation,Wind Onshore,2026-08-10T05:27:26Z
2026-08-10T05:25:30Z,2026-08-10T07:25:30+0200,4362fe35-cfeb-4c3c-9399-26381c363872,2026-07-23T03:00:00Z,2026-07-23T05:00:00+0200,15883.81347,MW,DE,DE_LU,forecast_onshore_wind_generation,Wind Onshore,2026-08-10T05:27:26Z
2026-08-10T05:25:30Z,2026-08-10T07:25:30+0200,4362fe35-cfeb-4c3c-9399-26381c363872,2026-07-23T03:15:00Z,2026-07-23T05:15:00+0200,15664.98967,MW,DE,DE_LU,forecast_onshore_wind_generation,Wind Onshore,2026-08-10T05:27:26Z
2026-08-10T05:25:30Z,2026-08-10T07:25:30+0200,4362fe35-cfeb-4c3c-9399-26381c363872,2026-07-23T03:30:00Z,2026-07-23T05:30:00+0200,15440.71431,MW,DE,DE_LU,forecast_onshore_wind_generation,Wind Onshore,2026-08-10T05:27:26Z
2026-08-10T05:25:30Z,2026-08-10T07:25:30+0200,4362fe35-cfeb-4c3c-9399-26381c363872,2026-07-23T03:45:00Z,2026-07-23T05:45:00+0200,15204.07832,MW,DE,DE_LU,forecast_onshore_wind_generation,Wind Onshore,2026-08-10T05:27:26Z
2026-08-10T05:25:30Z,2026-08-10T07:25:30+0200,4362fe35-cfeb-4c3c-9399-26381c363872,2026-07-23T04:00:00Z,2026-07-23T06:00:00+0200,15156.16507,MW,DE,DE_LU,forecast_onshore_wind_generation,Wind Onshore,2026-08-10T05:27:26Z
2026-08-10T05:25:30Z,2026-08-10T07:25:30+0200,4362fe35-cfeb-4c3c-9399-26381c363872,2026-07-23T04:15:00Z,2026-07-23T06:15:00+0200,14829.24403,MW,DE,DE_LU,forecast_onshore_wind_generation,Wind Onshore,2026-08-10T05:27:26Z
2026-08-10T05:25:30Z,2026-08-10T07:25:30+0200,4362fe35-cfeb-4c3c-9399-26381c363872,2026-07-23T04:30:00Z,2026-07-23T06:30:00+0200,14505.97368,MW,DE,DE_LU,forecast_onshore_wind_generation,Wind Onshore,2026-08-10T05:27:26Z
2026-08-10T05:25:30Z,2026-08-10T07:25:30+0200,4362fe35-cfeb-4c3c-9399-26381c363872,2026-07-23T04:45:00Z,2026-07-23T06:45:00+0200,14170.17753,MW,DE,DE_LU,forecast_onshore_wind_generation,Wind Onshore,2026-08-10T05:27:26Z
2026-08-10T05:25:30Z,2026-08-10T07:25:30+0200,4362fe35-cfeb-4c3c-9399-26381c363872,2026-07-23T05:00:00Z,2026-07-23T07:00:00+0200,13822.35568,MW,DE,DE_LU,forecast_onshore_wind_generation,Wind Onshore,2026-08-10T05:27:26Z
2026-08-10T05:25:30Z,2026-08-10T07:25:30+0200,4362fe35-cfeb-4c3c-9399-26381c363872,2026-07-23T05:15:00Z,2026-07-23T07:15:00+0200,13671.59061,MW,DE,DE_LU,forecast_onshore_wind_generation,Wind Onshore,2026-08-10T05:27:26Z
2026-08-10T05:25:30Z,2026-08-10T07:25:30+0200,4362fe35-cfeb-4c3c-9399-26381c363872,2026-07-23T05:30:00Z,2026-07-23T07:30:00+0200,13432.38627,MW,DE,DE_LU,forecast_onshore_wind_generation,Wind Onshore,2026-08-10T05:27:26Z
2026-08-10T05:25:30Z,2026-08-10T07:25:30+0200,4362fe35-cfeb-4c3c-9399-26381c363872,2026-07-23T05:45:00Z,2026-07-23T07:45:00+0200,13119.21942,MW,DE,DE_LU,forecast_onshore_wind_generation,Wind Onshore,2026-08-10T05:27:26Z
2026-08-10T05:25:30Z,2026-08-10T07:25:30+0200,4362fe35-cfeb-4c3c-9399-26381c363872,2026-07-23T06:00:00Z,2026-07-23T08:00:00+0200,12851.48401,MW,DE,DE_LU,forecast_onshore_wind_generation,Wind Onshore,2026-08-10T05:27:26Z
2026-08-10T05:25:30Z,2026-08-10T07:25:30+0200,4362fe35-cfeb-4c3c-9399-26381c363872,2026-07-23T06:15:00Z,2026-07-23T08:15:00+0200,12754.54985,MW,DE,DE_LU,forecast_onshore_wind_generation,Wind Onshore,2026-08-10T05:27:26Z
2026-08-10T05:25:30Z,2026-08-10T07:25:30+0200,4362fe35-cfeb-4c3c-9399-26381c363872,2026-07-23T06:30:00Z,2026-07-23T08:30:00+0200,12695.22422,MW,DE,DE_LU,forecast_onshore_wind_generation,Wind Onshore,2026-08-10T05:27:26Z
2026-08-10T05:25:30Z,2026-08-10T07:25:30+0200,4362fe35-cfeb-4c3c-9399-26381c363872,2026-07-23T06:45:00Z,2026-07-23T08:45:00+0200,12750.91421,MW,DE,DE_LU,forecast_onshore_wind_generation,Wind Onshore,2026-08-10T05:27:26Z
2026-08-10T05:25:30Z,2026-08-10T07:25:30+0200,4362fe35-cfeb-4c3c-9399-26381c363872,2026-07-23T07:00:00Z,2026-07-23T09:00:00+0200,12833.19805,MW,DE,DE_LU,forecast_onshore_wind_generation,Wind Onshore,2026-08-10T05:27:26Z
2026-08-10T05:25:30Z,2026-08-10T07:25:30+0200,4362fe35-cfeb-4c3c-9399-26381c363872,2026-07-23T07:15:00Z,2026-07-23T09:15:00+0200,12793.29596,MW,DE,DE_LU,forecast_onshore_wind_generation,Wind Onshore,2026-08-10T05:27:26Z
2026-08-10T05:25:30Z,2026-08-10T07:25:30+0200,4362fe35-cfeb-4c3c-9399-26381c363872,2026-07-23T07:30:00Z,2026-07-23T09:30:00+0200,12765.33757,MW,DE,DE_LU,forecast_onshore_wind_generation,Wind Onshore,2026-08-10T05:27:26Z
2026-08-10T05:25:30Z,2026-08-10T07:25:30+0200,4362fe35-cfeb-4c3c-9399-26381c363872,2026-07-23T07:45:00Z,2026-07-23T09:45:00+0200,12761.42665,MW,DE,DE_LU,forecast_onshore_wind_generation,Wind Onshore,2026-08-10T05:27:26Z
2026-08-10T05:25:30Z,2026-08-10T07:25:30+0200,4362fe35-cfeb-4c3c-9399-26381c363872,2026-07-23T08:00:00Z,2026-07-23T10:00:00+0200,12703.64653,MW,DE,DE_LU,forecast_onshore_wind_generation,Wind Onshore,2026-08-10T05:27:26Z
2026-08-10T05:25:30Z,2026-08-10T07:25:30+0200,4362fe35-cfeb-4c3c-9399-26381c363872,2026-07-23T08:15:00Z,2026-07-23T10:15:00+0200,12625.74237,MW,DE,DE_LU,forecast_onshore_wind_generation,Wind Onshore,2026-08-10T05:27:26Z
2026-08-10T05:25:30Z,2026-08-10T07:25:30+0200,4362fe35-cfeb-4c3c-9399-26381c363872,2026-07-23T08:30:00Z,2026-07-23T10:30:00+0200,12544.3231,MW,DE,DE_LU,forecast_onshore_wind_generation,Wind Onshore,2026-08-10T05:27:26Z
2026-08-10T05:25:30Z,2026-08-10T07:25:30+0200,4362fe35-cfeb-4c3c-9399-26381c363872,2026-07-23T08:45:00Z,2026-07-23T10:45:00+0200,12458.92428,MW,DE,DE_LU,forecast_onshore_wind_generation,Wind Onshore,2026-08-10T05:27:26Z
2026-08-10T05:25:30Z,2026-08-10T07:25:30+0200,4362fe35-cfeb-4c3c-9399-26381c363872,2026-07-23T09:00:00Z,2026-07-23T11:00:00+0200,12369.63145,MW,DE,DE_LU,forecast_onshore_wind_generation,Wind Onshore,2026-08-10T05:27:26Z
2026-08-10T05:25:30Z,2026-08-10T07:25:30+0200,4362fe35-cfeb-4c3c-9399-26381c363872,2026-07-23T09:15:00Z,2026-07-23T11:15:00+0200,12274.98526,MW,DE,DE_LU,forecast_onshore_wind_generation,Wind Onshore,2026-08-10T05:27:26Z
2026-08-10T05:25:30Z,2026-08-10T07:25:30+0200,4362fe35-cfeb-4c3c-9399-26381c363872,2026-07-23T09:30:00Z,2026-07-23T11:30:00+0200,12182.43828,MW,DE,DE_LU,forecast_onshore_wind_generation,Wind Onshore,2026-08-10T05:27:26Z
2026-08-10T05:25:30Z,2026-08-10T07:25:30+0200,4362fe35-cfeb-4c3c-9399-26381c363872,2026-07-23T09:45:00Z,2026-07-23T11:45:00+0200,12090.79428,MW,DE,DE_LU,forecast_onshore_wind_generation,Wind Onshore,2026-08-10T05:27:26Z
2026-08-10T05:25:30Z,2026-08-10T07:25:30+0200,4362fe35-cfeb-4c3c-9399-26381c363872,2026-07-23T10:00:00Z,2026-07-23T12:00:00+0200,11997.47978,MW,DE,DE_LU,forecast_onshore_wind_generation,Wind Onshore,2026-08-10T05:27:26Z
2026-08-10T05:25:30Z,2026-08-10T07:25:30+0200,4362fe35-cfeb-4c3c-9399-26381c363872,2026-07-23T10:15:00Z,2026-07-23T12:15:00+0200,11799.25347,MW,DE,DE_LU,forecast_onshore_wind_generation,Wind Onshore,2026-08-10T05:27:26Z
2026-08-10T05:25:30Z,2026-08-10T07:25:30+0200,4362fe35-cfeb-4c3c-9399-26381c363872,2026-07-23T10:30:00Z,2026-07-23T12:30:00+0200,11527.85053,MW,DE,DE_LU,forecast_onshore_wind_generation,Wind Onshore,2026-08-10T05:27:26Z
2026-08-10T05:25:30Z,2026-08-10T07:25:30+0200,4362fe35-cfeb-4c3c-9399-26381c363872,2026-07-23T10:45:00Z,2026-07-23T12:45:00+0200,11397.46266,MW,DE,DE_LU,forecast_onshore_wind_generation,Wind Onshore,2026-08-10T05:27:26Z
2026-08-10T05:25:30Z,2026-08-10T07:25:30+0200,4362fe35-cfeb-4c3c-9399-26381c363872,2026-07-23T11:00:00Z,2026-07-23T13:00:00+0200,11323.31399,MW,DE,DE_LU,forecast_onshore_wind_generation,Wind Onshore,2026-08-10T05:27:26Z
2026-08-10T05:25:30Z,2026-08-10T07:25:30+0200,4362fe35-cfeb-4c3c-9399-26381c363872,2026-07-23T11:15:00Z,2026-07-23T13:15:00+0200,11347.7212,MW,DE,DE_LU,forecast_onshore_wind_generation,Wind Onshore,2026-08-10T05:27:26Z
2026-08-10T05:25:30Z,2026-08-10T07:25:30+0200,4362fe35-cfeb-4c3c-9399-26381c363872,2026-07-23T11:30:00Z,2026-07-23T13:30:00+0200,11412.91731,MW,DE,DE_LU,forecast_onshore_wind_generation,Wind Onshore,2026-08-10T05:27:26Z
2026-08-10T05:25:30Z,2026-08-10T07:25:30+0200,4362fe35-cfeb-4c3c-9399-26381c363872,2026-07-23T11:45:00Z,2026-07-23T13:45:00+0200,11548.36412,MW,DE,DE_LU,forecast_onshore_wind_generation,Wind Onshore,2026-08-10T05:27:26Z
2026-08-10T05:25:30Z,2026-08-10T07:25:30+0200,4362fe35-cfeb-4c3c-9399-26381c363872,2026-07-23T12:00:00Z,2026-07-23T14:00:00+0200,11786.64546,MW,DE,DE_LU,forecast_onshore_wind_generation,Wind Onshore,2026-08-10T05:27:26Z
2026-08-10T05:25:30Z,2026-08-10T07:25:30+0200,4362fe35-cfeb-4c3c-9399-26381c363872,2026-07-23T12:15:00Z,2026-07-23T14:15:00+0200,11947.69408,MW,DE,DE_LU,forecast_onshore_wind_generation,Wind Onshore,2026-08-10T05:27:26Z
2026-08-10T05:25:30Z,2026-08-10T07:25:30+0200,4362fe35-cfeb-4c3c-9399-26381c363872,2026-07-23T12:30:00Z,2026-07-23T14:30:00+0200,12140.55507,MW,DE,DE_LU,forecast_onshore_wind_generation,Wind Onshore,2026-08-10T05:27:26Z
2026-08-10T05:25:30Z,2026-08-10T07:25:30+0200,4362fe35-cfeb-4c3c-9399-26381c363872,2026-07-23T12:45:00Z,2026-07-23T14:45:00+0200,12330.51521,MW,DE,DE_LU,forecast_onshore_wind_generation,Wind Onshore,2026-08-10T05:27:26Z
2026-08-10T05:25:30Z,2026-08-10T07:25:30+0200,4362fe35-cfeb-4c3c-9399-26381c363872,2026-07-23T13:00:00Z,2026-07-23T15:00:00+0200,12523.67524,MW,DE,DE_LU,forecast_onshore_wind_generation,Wind Onshore,2026-08-10T05:27:26Z
2026-08-10T05:25:30Z,2026-08-10T07:25:30+0200,4362fe35-cfeb-4c3c-9399-26381c363872,2026-07-23T13:15:00Z,2026-07-23T15:15:00+0200,12717.32775,MW,DE,DE_LU,forecast_onshore_wind_generation,Wind Onshore,2026-08-10T05:27:26Z
2026-08-10T05:25:30Z,2026-08-10T07:25:30+0200,4362fe35-cfeb-4c3c-9399-26381c363872,2026-07-23T13:30:00Z,2026-07-23T15:30:00+0200,12997.23044,MW,DE,DE_LU,forecast_onshore_wind_generation,Wind Onshore,2026-08-10T05:27:26Z
2026-08-10T05:25:30Z,2026-08-10T07:25:30+0200,4362fe35-cfeb-4c3c-9399-26381c363872,2026-07-23T13:45:00Z,2026-07-23T15:45:00+0200,13308.91513,MW,DE,DE_LU,forecast_onshore_wind_generation,Wind Onshore,2026-08-10T05:27:26Z
2026-08-10T05:25:30Z,2026-08-10T07:25:30+0200,4362fe35-cfeb-4c3c-9399-26381c363872,2026-07-23T14:00:00Z,2026-07-23T16:00:00+0200,13678.92944,MW,DE,DE_LU,forecast_onshore_wind_generation,Wind Onshore,2026-08-10T05:27:26Z
2026-08-10T05:25:30Z,2026-08-10T07:25:30+0200,4362fe35-cfeb-4c3c-9399-26381c363872,2026-07-23T14:15:00Z,2026-07-23T16:15:00+0200,13928.91093,MW,DE,DE_LU,forecast_onshore_wind_generation,Wind Onshore,2026-08-10T05:27:26Z
2026-08-10T05:25:30Z,2026-08-10T07:25:30+0200,4362fe35-cfeb-4c3c-9399-26381c363872,2026-07-23T14:30:00Z,2026-07-23T16:30:00+0200,14166.94619,MW,DE,DE_LU,forecast_onshore_wind_generation,Wind Onshore,2026-08-10T05:27:26Z
2026-08-10T05:25:30Z,2026-08-10T07:25:30+0200,4362fe35-cfeb-4c3c-9399-26381c363872,2026-07-23T14:45:00Z,2026-07-23T16:45:00+0200,14353.81316,MW,DE,DE_LU,forecast_onshore_wind_generation,Wind Onshore,2026-08-10T05:27:26Z
2026-08-10T05:25:30Z,2026-08-10T07:25:30+0200,4362fe35-cfeb-4c3c-9399-26381c363872,2026-07-23T15:00:00Z,2026-07-23T17:00:00+0200,14380.49254,MW,DE,DE_LU,forecast_onshore_wind_generation,Wind Onshore,2026-08-10T05:27:26Z
2026-08-10T05:25:30Z,2026-08-10T07:25:30+0200,4362fe35-cfeb-4c3c-9399-26381c363872,2026-07-23T15:15:00Z,2026-07-23T17:15:00+0200,14283.92345,MW,DE,DE_LU,forecast_onshore_wind_generation,Wind Onshore,2026-08-10T05:27:26Z
2026-08-10T05:25:30Z,2026-08-10T07:25:30+0200,4362fe35-cfeb-4c3c-9399-26381c363872,2026-07-23T15:30:00Z,2026-07-23T17:30:00+0200,14184.03448,MW,DE,DE_LU,forecast_onshore_wind_generation,Wind Onshore,2026-08-10T05:27:26Z
2026-08-10T05:25:30Z,2026-08-10T07:25:30+0200,4362fe35-cfeb-4c3c-9399-26381c363872,2026-07-23T15:45:00Z,2026-07-23T17:45:00+0200,14086.31776,MW,DE,DE_LU,forecast_onshore_wind_generation,Wind Onshore,2026-08-10T05:27:26Z
2026-08-10T05:25:30Z,2026-08-10T07:25:30+0200,4362fe35-cfeb-4c3c-9399-26381c363872,2026-07-23T16:00:00Z,2026-07-23T18:00:00+0200,13982.26139,MW,DE,DE_LU,forecast_onshore_wind_generation,Wind Onshore,2026-08-10T05:27:26Z
2026-08-10T05:25:30Z,2026-08-10T07:25:30+0200,4362fe35-cfeb-4c3c-9399-26381c363872,2026-07-23T16:15:00Z,2026-07-23T18:15:00+0200,13660.94722,MW,DE,DE_LU,forecast_onshore_wind_generation,Wind Onshore,2026-08-10T05:27:26Z
2026-08-10T05:25:30Z,2026-08-10T07:25:30+0200,4362fe35-cfeb-4c3c-9399-26381c363872,2026-07-23T16:30:00Z,2026-07-23T18:30:00+0200,13344.63448,MW,DE,DE_LU,forecast_onshore_wind_generation,Wind Onshore,2026-08-10T05:27:26Z
2026-08-10T05:25:30Z,2026-08-10T07:25:30+0200,4362fe35-cfeb-4c3c-9399-26381c363872,2026-07-23T16:45:00Z,2026-07-23T18:45:00+0200,13024.1271,MW,DE,DE_LU,forecast_onshore_wind_generation,Wind Onshore,2026-08-10T05:27:26Z
2026-08-10T05:25:30Z,2026-08-10T07:25:30+0200,4362fe35-cfeb-4c3c-9399-26381c363872,2026-07-23T17:00:00Z,2026-07-23T19:00:00+0200,12700.93944,MW,DE,DE_LU,forecast_onshore_wind_generation,Wind Onshore,2026-08-10T05:27:26Z
2026-08-10T05:25:30Z,2026-08-10T07:25:30+0200,4362fe35-cfeb-4c3c-9399-26381c363872,2026-07-23T17:15:00Z,2026-07-23T19:15:00+0200,12258.68772,MW,DE,DE_LU,forecast_onshore_wind_generation,Wind Onshore,2026-08-10T05:27:26Z
2026-08-10T05:25:30Z,2026-08-10T07:25:30+0200,4362fe35-cfeb-4c3c-9399-26381c363872,2026-07-23T17:30:00Z,2026-07-23T19:30:00+0200,11825.21567,MW,DE,DE_LU,forecast_onshore_wind_generation,Wind Onshore,2026-08-10T05:27:26Z
2026-08-10T05:25:30Z,2026-08-10T07:25:30+0200,4362fe35-cfeb-4c3c-9399-26381c363872,2026-07-23T17:45:00Z,2026-07-23T19:45:00+0200,11393.79728,MW,DE,DE_LU,forecast_onshore_wind_generation,Wind Onshore,2026-08-10T05:27:26Z
2026-08-10T05:25:30Z,2026-08-10T07:25:30+0200,4362fe35-cfeb-4c3c-9399-26381c363872,2026-07-23T18:00:00Z,2026-07-23T20:00:00+0200,10954.11493,MW,DE,DE_LU,forecast_onshore_wind_generation,Wind Onshore,2026-08-10T05:27:26Z
2026-08-10T05:25:30Z,2026-08-10T07:25:30+0200,4362fe35-cfeb-4c3c-9399-26381c363872,2026-07-23T18:15:00Z,2026-07-23T20:15:00+0200,10642.79089,MW,DE,DE_LU,forecast_onshore_wind_generation,Wind Onshore,2026-08-10T05:27:26Z
2026-08-10T05:25:30Z,2026-08-10T07:25:30+0200,4362fe35-cfeb-4c3c-9399-26381c363872,2026-07-23T18:30:00Z,2026-07-23T20:30:00+0200,10283.46368,MW,DE,DE_LU,forecast_onshore_wind_generation,Wind Onshore,2026-08-10T05:27:26Z
2026-08-10T05:25:30Z,2026-08-10T07:25:30+0200,4362fe35-cfeb-4c3c-9399-26381c363872,2026-07-23T18:45:00Z,2026-07-23T20:45:00+0200,9853.23887,MW,DE,DE_LU,forecast_onshore_wind_generation,Wind Onshore,2026-08-10T05:27:26Z
2026-08-10T05:25:30Z,2026-08-10T07:25:30+0200,4362fe35-cfeb-4c3c-9399-26381c363872,2026-07-23T19:00:00Z,2026-07-23T21:00:00+0200,9381.35457,MW,DE,DE_LU,forecast_onshore_wind_generation,Wind Onshore,2026-08-10T05:27:26Z
2026-08-10T05:25:30Z,2026-08-10T07:25:30+0200,4362fe35-cfeb-4c3c-9399-26381c363872,2026-07-23T19:15:00Z,2026-07-23T21:15:00+0200,9159.54187,MW,DE,DE_LU,forecast_onshore_wind_generation,Wind Onshore,2026-08-10T05:27:26Z
2026-08-10T05:25:30Z,2026-08-10T07:25:30+0200,4362fe35-cfeb-4c3c-9399-26381c363872,2026-07-23T19:30:00Z,2026-07-23T21:30:00+0200,9046.85607,MW,DE,DE_LU,forecast_onshore_wind_generation,Wind Onshore,2026-08-10T05:27:26Z
2026-08-10T05:25:30Z,2026-08-10T07:25:30+0200,4362fe35-cfeb-4c3c-9399-26381c363872,2026-07-23T19:45:00Z,2026-07-23T21:45:00+0200,8972.15434,MW,DE,DE_LU,forecast_onshore_wind_generation,Wind Onshore,2026-08-10T05:27:26Z
2026-08-10T05:25:30Z,2026-08-10T07:25:30+0200,4362fe35-cfeb-4c3c-9399-26381c363872,2026-07-23T20:00:00Z,2026-07-23T22:00:00+0200,8894.13053,MW,DE,DE_LU,forecast_onshore_wind_generation,Wind Onshore,2026-08-10T05:27:26Z
2026-08-10T05:25:30Z,2026-08-10T07:25:30+0200,4362fe35-cfeb-4c3c-9399-26381c363872,2026-07-23T20:15:00Z,2026-07-23T22:15:00+0200,8916.0601,MW,DE,DE_LU,forecast_onshore_wind_generation,Wind Onshore,2026-08-10T05:27:26Z
2026-08-10T05:25:30Z,2026-08-10T07:25:30+0200,4362fe35-cfeb-4c3c-9399-26381c363872,2026-07-23T20:30:00Z,2026-07-23T22:30:00+0200,8930.80595,MW,DE,DE_LU,forecast_onshore_wind_generation,Wind Onshore,2026-08-10T05:27:26Z
2026-08-10T05:25:30Z,2026-08-10T07:25:30+0200,4362fe35-cfeb-4c3c-9399-26381c363872,2026-07-23T20:45:00Z,2026-07-23T22:45:00+0200,8923.70345,MW,DE,DE_LU,forecast_onshore_wind_generation,Wind Onshore,2026-08-10T05:27:26Z
2026-08-10T05:25:30Z,2026-08-10T07:25:30+0200,4362fe35-cfeb-4c3c-9399-26381c363872,2026-07-23T21:00:00Z,2026-07-23T23:00:00+0200,8915.95541,MW,DE,DE_LU,forecast_onshore_wind_generation,Wind Onshore,2026-08-10T05:27:26Z
2026-08-10T05:25:30Z,2026-08-10T07:25:30+0200,4362fe35-cfeb-4c3c-9399-26381c363872,2026-07-23T21:15:00Z,2026-07-23T23:15:00+0200,8806.40498,MW,DE,DE_LU,forecast_onshore_wind_generation,Wind Onshore,2026-08-10T05:27:26Z
2026-08-10T05:25:30Z,2026-08-10T07:25:30+0200,4362fe35-cfeb-4c3c-9399-26381c363872,2026-07-23T21:30:00Z,2026-07-23T23:30:00+0200,8680.81705,MW,DE,DE_LU,forecast_onshore_wind_generation,Wind Onshore,2026-08-10T05:27:26Z
2026-08-10T05:25:30Z,2026-08-10T07:25:30+0200,4362fe35-cfeb-4c3c-9399-26381c363872,2026-07-23T21:45:00Z,2026-07-23T23:45:00+0200,8554.10958,MW,DE,DE_LU,forecast_onshore_wind_generation,Wind Onshore,2026-08-10T05:27:26Z
2026-08-10T05:25:30Z,2026-08-10T07:25:30+0200,4362fe35-cfeb-4c3c-9399-26381c363872,2026-07-23T22:00:00Z,2026-07-24T00:00:00+0200,8365.51978,MW,DE,DE_LU,forecast_onshore_wind_generation,Wind Onshore,2026-08-10T05:27:26Z
2026-08-10T05:25:30Z,2026-08-10T07:25:30+0200,4362fe35-cfeb-4c3c-9399-26381c363872,2026-07-23T22:15:00Z,2026-07-24T00:15:00+0200,8185.47133,MW,DE,DE_LU,forecast_onshore_wind_generation,Wind Onshore,2026-08-10T05:27:26Z
2026-08-10T05:25:30Z,2026-08-10T07:25:30+0200,4362fe35-cfeb-4c3c-9399-26381c363872,2026-07-23T22:30:00Z,2026-07-24T00:30:00+0200,8005.72134,MW,DE,DE_LU,forecast_onshore_wind_generation,Wind Onshore,2026-08-10T05:27:26Z
2026-08-10T05:25:30Z,2026-08-10T07:25:30+0200,4362fe35-cfeb-4c3c-9399-26381c363872,2026-07-23T22:45:00Z,2026-07-24T00:45:00+0200,7821.35391,MW,DE,DE_LU,forecast_onshore_wind_generation,Wind Onshore,2026-08-10T05:27:26Z
2026-08-10T05:25:30Z,2026-08-10T07:25:30+0200,4362fe35-cfeb-4c3c-9399-26381c363872,2026-07-23T23:00:00Z,2026-07-24T01:00:00+0200,7641.06096,MW,DE,DE_LU,forecast_onshore_wind_generation,Wind Onshore,2026-08-10T05:27:26Z
2026-08-10T05:25:30Z,2026-08-10T07:25:30+0200,4362fe35-cfeb-4c3c-9399-26381c363872,2026-07-23T23:15:00Z,2026-07-24T01:15:00+0200,7424.18879,MW,DE,DE_LU,forecast_onshore_wind_generation,Wind Onshore,2026-08-10T05:27:26Z
2026-08-10T05:25:30Z,2026-08-10T07:25:30+0200,4362fe35-cfeb-4c3c-9399-26381c363872,2026-07-23T23:30:00Z,2026-07-24T01:30:00+0200,7224.57523,MW,DE,DE_LU,forecast_onshore_wind_generation,Wind Onshore,2026-08-10T05:27:26Z
2026-08-10T05:25:30Z,2026-08-10T07:25:30+0200,4362fe35-cfeb-4c3c-9399-26381c363872,2026-07-23T23:45:00Z,2026-07-24T01:45:00+0200,7040.83823,MW,DE,DE_LU,forecast_onshore_wind_generation,Wind Onshore,2026-08-10T05:27:26Z
2026-08-10T05:25:30Z,2026-08-10T07:25:30+0200,4362fe35-cfeb-4c3c-9399-26381c363872,2026-07-24T00:00:00Z,2026-07-24T02:00:00+0200,6905.40566,MW,DE,DE_LU,forecast_onshore_wind_generation,Wind Onshore,2026-08-10T05:27:26Z
2026-08-10T05:25:30Z,2026-08-10T07:25:30+0200,4362fe35-cfeb-4c3c-9399-26381c363872,2026-07-24T00:15:00Z,2026-07-24T02:15:00+0200,6772.97997,MW,DE,DE_LU,forecast_onshore_wind_generation,Wind Onshore,2026-08-10T05:27:26Z
2026-08-10T05:25:30Z,2026-08-10T07:25:30+0200,4362fe35-cfeb-4c3c-9399-26381c363872,2026-07-24T00:30:00Z,2026-07-24T02:30:00+0200,6618.2374,MW,DE,DE_LU,forecast_onshore_wind_generation,Wind Onshore,2026-08-10T05:27:26Z
2026-08-10T05:25:30Z,2026-08-10T07:25:30+0200,4362fe35-cfeb-4c3c-9399-26381c363872,2026-07-24T00:45:00Z,2026-07-24T02:45:00+0200,6458.75705,MW,DE,DE_LU,forecast_onshore_wind_generation,Wind Onshore,2026-08-10T05:27:26Z
2026-08-10T05:25:30Z,2026-08-10T07:25:30+0200,4362fe35-cfeb-4c3c-9399-26381c363872,2026-07-24T01:00:00Z,2026-07-24T03:00:00+0200,6297.48745,MW,DE,DE_LU,forecast_onshore_wind_generation,Wind Onshore,2026-08-10T05:27:26Z
2026-08-10T05:25:30Z,2026-08-10T07:25:30+0200,4362fe35-cfeb-4c3c-9399-26381c363872,2026-07-24T01:15:00Z,2026-07-24T03:15:00+0200,6141.66485,MW,DE,DE_LU,forecast_onshore_wind_generation,Wind Onshore,2026-08-10T05:27:26Z
2026-08-10T05:25:30Z,2026-08-10T07:25:30+0200,4362fe35-cfeb-4c3c-9399-26381c363872,2026-07-24T01:30:00Z,2026-07-24T03:30:00+0200,5989.3115,MW,DE,DE_LU,forecast_onshore_wind_generation,Wind Onshore,2026-08-10T05:27:26Z
2026-08-10T05:25:30Z,2026-08-10T07:25:30+0200,4362fe35-cfeb-4c3c-9399-26381c363872,2026-07-24T01:45:00Z,2026-07-24T03:45:00+0200,5838.73457,MW,DE,DE_LU,forecast_onshore_wind_generation,Wind Onshore,2026-08-10T05:27:26Z
2026-08-10T05:25:30Z,2026-08-10T07:25:30+0200,4362fe35-cfeb-4c3c-9399-26381c363872,2026-07-24T02:00:00Z,2026-07-24T04:00:00+0200,5684.17051,MW,DE,DE_LU,forecast_onshore_wind_generation,Wind Onshore,2026-08-10T05:27:26Z
2026-08-10T05:25:30Z,2026-08-10T07:25:30+0200,4362fe35-cfeb-4c3c-9399-26381c363872,2026-07-24T02:15:00Z,2026-07-24T04:15:00+0200,5544.46699,MW,DE,DE_LU,forecast_onshore_wind_generation,Wind Onshore,2026-08-10T05:27:26Z
2026-08-10T05:25:30Z,2026-08-10T07:25:30+0200,4362fe35-cfeb-4c3c-9399-26381c363872,2026-07-24T02:30:00Z,2026-07-24T04:30:00+0200,5438.00156,MW,DE,DE_LU,forecast_onshore_wind_generation,Wind Onshore,2026-08-10T05:27:26Z
2026-08-10T05:25:30Z,2026-08-10T07:25:30+0200,4362fe35-cfeb-4c3c-9399-26381c363872,2026-07-24T02:45:00Z,2026-07-24T04:45:00+0200,5324.88257,MW,DE,DE_LU,forecast_onshore_wind_generation,Wind Onshore,2026-08-10T05:27:26Z
2026-08-10T05:25:30Z,2026-08-10T07:25:30+0200,4362fe35-cfeb-4c3c-9399-26381c363872,2026-07-24T03:00:00Z,2026-07-24T05:00:00+0200,5194.05178,MW,DE,DE_LU,forecast_onshore_wind_generation,Wind Onshore,2026-08-10T05:27:26Z
2026-08-10T05:25:30Z,2026-08-10T07:25:30+0200,4362fe35-cfeb-4c3c-9399-26381c363872,2026-07-24T03:15:00Z,2026-07-24T05:15:00+0200,5062.9004,MW,DE,DE_LU,forecast_onshore_wind_generation,Wind Onshore,2026-08-10T05:27:26Z
2026-08-10T05:25:30Z,2026-08-10T07:25:30+0200,4362fe35-cfeb-4c3c-9399-26381c363872,2026-07-24T03:30:00Z,2026-07-24T05:30:00+0200,4930.28824,MW,DE,DE_LU,forecast_onshore_wind_generation,Wind Onshore,2026-08-10T05:27:26Z
2026-08-10T05:25:30Z,2026-08-10T07:25:30+0200,4362fe35-cfeb-4c3c-9399-26381c363872,2026-07-24T03:45:00Z,2026-07-24T05:45:00+0200,4797.91486,MW,DE,DE_LU,forecast_onshore_wind_generation,Wind Onshore,2026-08-10T05:27:26Z
2026-08-10T05:25:30Z,2026-08-10T07:25:30+0200,4362fe35-cfeb-4c3c-9399-26381c363872,2026-07-24T04:00:00Z,2026-07-24T06:00:00+0200,4683.64811,MW,DE,DE_LU,forecast_onshore_wind_generation,Wind Onshore,2026-08-10T05:27:26Z
2026-08-10T05:25:30Z,2026-08-10T07:25:30+0200,4362fe35-cfeb-4c3c-9399-26381c363872,2026-07-24T04:15:00Z,2026-07-24T06:15:00+0200,4492.03785,MW,DE,DE_LU,forecast_onshore_wind_generation,Wind Onshore,2026-08-10T05:27:26Z
2026-08-10T05:25:30Z,2026-08-10T07:25:30+0200,4362fe35-cfeb-4c3c-9399-26381c363872,2026-07-24T04:30:00Z,2026-07-24T06:30:00+0200,4281.95168,MW,DE,DE_LU,forecast_onshore_wind_generation,Wind Onshore,2026-08-10T05:27:26Z
2026-08-10T05:25:30Z,2026-08-10T07:25:30+0200,4362fe35-cfeb-4c3c-9399-26381c363872,2026-07-24T04:45:00Z,2026-07-24T06:45:00+0200,4062.08681,MW,DE,DE_LU,forecast_onshore_wind_generation,Wind Onshore,2026-08-10T05:27:26Z
2026-08-10T05:25:30Z,2026-08-10T07:25:30+0200,4362fe35-cfeb-4c3c-9399-26381c363872,2026-07-24T05:00:00Z,2026-07-24T07:00:00+0200,3844.95605,MW,DE,DE_LU,forecast_onshore_wind_generation,Wind Onshore,2026-08-10T05:27:26Z
2026-08-10T05:25:30Z,2026-08-10T07:25:30+0200,4362fe35-cfeb-4c3c-9399-26381c363872,2026-07-24T05:15:00Z,2026-07-24T07:15:00+0200,3534.8934,MW,DE,DE_LU,forecast_onshore_wind_generation,Wind Onshore,2026-08-10T05:27:26Z
2026-08-10T05:25:30Z,2026-08-10T07:25:30+0200,4362fe35-cfeb-4c3c-9399-26381c363872,2026-07-24T05:30:00Z,2026-07-24T07:30:00+0200,3144.11541,MW,DE,DE_LU,forecast_onshore_wind_generation,Wind Onshore,2026-08-10T05:27:26Z
2026-08-10T05:25:30Z,2026-08-10T07:25:30+0200,4362fe35-cfeb-4c3c-9399-26381c363872,2026-07-24T05:45:00Z,2026-07-24T07:45:00+0200,2808.88043,MW,DE,DE_LU,forecast_onshore_wind_generation,Wind Onshore,2026-08-10T05:27:26Z
2026-08-10T05:25:30Z,2026-08-10T07:25:30+0200,4362fe35-cfeb-4c3c-9399-26381c363872,2026-07-24T06:00:00Z,2026-07-24T08:00:00+0200,2664.44954,MW,DE,DE_LU,forecast_onshore_wind_generation,Wind Onshore,2026-08-10T05:27:26Z
2026-08-10T05:25:30Z,2026-08-10T07:25:30+0200,4362fe35-cfeb-4c3c-9399-26381c363872,2026-07-24T06:15:00Z,2026-07-24T08:15:00+0200,2688.6407,MW,DE,DE_LU,forecast_onshore_wind_generation,Wind Onshore,2026-08-10T05:27:26Z
2026-08-10T05:25:30Z,2026-08-10T07:25:30+0200,4362fe35-cfeb-4c3c-9399-26381c363872,2026-07-24T06:30:00Z,2026-07-24T08:30:00+0200,2710.25618,MW,DE,DE_LU,forecast_onshore_wind_generation,Wind Onshore,2026-08-10T05:27:26Z
2026-08-10T05:25:30Z,2026-08-10T07:25:30+0200,4362fe35-cfeb-4c3c-9399-26381c363872,2026-07-24T06:45:00Z,2026-07-24T08:45:00+0200,2757.83045,MW,DE,DE_LU,forecast_onshore_wind_generation,Wind Onshore,2026-08-10T05:27:26Z
2026-08-10T05:25:30Z,2026-08-10T07:25:30+0200,4362fe35-cfeb-4c3c-9399-26381c363872,2026-07-24T07:00:00Z,2026-07-24T09:00:00+0200,2812.53292,MW,DE,DE_LU,forecast_onshore_wind_generation,Wind Onshore,2026-08-10T05:27:26Z
2026-08-10T05:25:30Z,2026-08-10T07:25:30+0200,4362fe35-cfeb-4c3c-9399-26381c363872,2026-07-24T07:15:00Z,2026-07-24T09:15:00+0200,2911.93475,MW,DE,DE_LU,forecast_onshore_wind_generation,Wind Onshore,2026-08-10T05:27:26Z
2026-08-10T05:25:30Z,2026-08-10T07:25:30+0200,4362fe35-cfeb-4c3c-9399-26381c363872,2026-07-24T07:30:00Z,2026-07-24T09:30:00+0200,3001.50625,MW,DE,DE_LU,forecast_onshore_wind_generation,Wind Onshore,2026-08-10T05:27:26Z
2026-08-10T05:25:30Z,2026-08-10T07:25:30+0200,4362fe35-cfeb-4c3c-9399-26381c363872,2026-07-24T07:45:00Z,2026-07-24T09:45:00+0200,3090.30446,MW,DE,DE_LU,forecast_onshore_wind_generation,Wind Onshore,2026-08-10T05:27:26Z
2026-08-10T05:25:30Z,2026-08-10T07:25:30+0200,4362fe35-cfeb-4c3c-9399-26381c363872,2026-07-24T08:00:00Z,2026-07-24T10:00:00+0200,3174.5271,MW,DE,DE_LU,forecast_onshore_wind_generation,Wind Onshore,2026-08-10T05:27:26Z
2026-08-10T05:25:30Z,2026-08-10T07:25:30+0200,4362fe35-cfeb-4c3c-9399-26381c363872,2026-07-24T08:15:00Z,2026-07-24T10:15:00+0200,3261.88779,MW,DE,DE_LU,forecast_onshore_wind_generation,Wind Onshore,2026-08-10T05:27:26Z
2026-08-10T05:25:30Z,2026-08-10T07:25:30+0200,4362fe35-cfeb-4c3c-9399-26381c363872,2026-07-24T08:30:00Z,2026-07-24T10:30:00+0200,3349.94182,MW,DE,DE_LU,forecast_onshore_wind_generation,Wind Onshore,2026-08-10T05:27:26Z
2026-08-10T05:25:30Z,2026-08-10T07:25:30+0200,4362fe35-cfeb-4c3c-9399-26381c363872,2026-07-24T08:45:00Z,2026-07-24T10:45:00+0200,3437.79077,MW,DE,DE_LU,forecast_onshore_wind_generation,Wind Onshore,2026-08-10T05:27:26Z
2026-08-10T05:25:30Z,2026-08-10T07:25:30+0200,4362fe35-cfeb-4c3c-9399-26381c363872,2026-07-24T09:00:00Z,2026-07-24T11:00:00+0200,3508.43633,MW,DE,DE_LU,forecast_onshore_wind_generation,Wind Onshore,2026-08-10T05:27:26Z
2026-08-10T05:25:30Z,2026-08-10T07:25:30+0200,4362fe35-cfeb-4c3c-9399-26381c363872,2026-07-24T09:15:00Z,2026-07-24T11:15:00+0200,3536.28413,MW,DE,DE_LU,forecast_onshore_wind_generation,Wind Onshore,2026-08-10T05:27:26Z
2026-08-10T05:25:30Z,2026-08-10T07:25:30+0200,4362fe35-cfeb-4c3c-9399-26381c363872,2026-07-24T09:30:00Z,2026-07-24T11:30:00+0200,3567.94552,MW,DE,DE_LU,forecast_onshore_wind_generation,Wind Onshore,2026-08-10T05:27:26Z
2026-08-10T05:25:30Z,2026-08-10T07:25:30+0200,4362fe35-cfeb-4c3c-9399-26381c363872,2026-07-24T09:45:00Z,2026-07-24T11:45:00+0200,3597.22816,MW,DE,DE_LU,forecast_onshore_wind_generation,Wind Onshore,2026-08-10T05:27:26Z
2026-08-10T05:25:30Z,2026-08-10T07:25:30+0200,4362fe35-cfeb-4c3c-9399-26381c363872,2026-07-24T10:00:00Z,2026-07-24T12:00:00+0200,3617.63956,MW,DE,DE_LU,forecast_onshore_wind_generation,Wind Onshore,2026-08-10T05:27:26Z
2026-08-10T05:25:30Z,2026-08-10T07:25:30+0200,4362fe35-cfeb-4c3c-9399-26381c363872,2026-07-24T10:15:00Z,2026-07-24T12:15:00+0200,3594.98774,MW,DE,DE_LU,forecast_onshore_wind_generation,Wind Onshore,2026-08-10T05:27:26Z
2026-08-10T05:25:30Z,2026-08-10T07:25:30+0200,4362fe35-cfeb-4c3c-9399-26381c363872,2026-07-24T10:30:00Z,2026-07-24T12:30:00+0200,3562.85063,MW,DE,DE_LU,forecast_onshore_wind_generation,Wind Onshore,2026-08-10T05:27:26Z
2026-08-10T05:25:30Z,2026-08-10T07:25:30+0200,4362fe35-cfeb-4c3c-9399-26381c363872,2026-07-24T10:45:00Z,2026-07-24T12:45:00+0200,3516.11538,MW,DE,DE_LU,forecast_onshore_wind_generation,Wind Onshore,2026-08-10T05:27:26Z
2026-08-10T05:25:30Z,2026-08-10T07:25:30+0200,4362fe35-cfeb-4c3c-9399-26381c363872,2026-07-24T11:00:00Z,2026-07-24T13:00:00+0200,3466.82802,MW,DE,DE_LU,forecast_onshore_wind_generation,Wind Onshore,2026-08-10T05:27:26Z
2026-08-10T05:25:30Z,2026-08-10T07:25:30+0200,4362fe35-cfeb-4c3c-9399-26381c363872,2026-07-24T11:15:00Z,2026-07-24T13:15:00+0200,3441.03121,MW,DE,DE_LU,forecast_onshore_wind_generation,Wind Onshore,2026-08-10T05:27:26Z
2026-08-10T05:25:30Z,2026-08-10T07:25:30+0200,4362fe35-cfeb-4c3c-9399-26381c363872,2026-07-24T11:30:00Z,2026-07-24T13:30:00+0200,3430.72553,MW,DE,DE_LU,forecast_onshore_wind_generation,Wind Onshore,2026-08-10T05:27:26Z
2026-08-10T05:25:30Z,2026-08-10T07:25:30+0200,4362fe35-cfeb-4c3c-9399-26381c363872,2026-07-24T11:45:00Z,2026-07-24T13:45:00+0200,3436.96321,MW,DE,DE_LU,forecast_onshore_wind_generation,Wind Onshore,2026-08-10T05:27:26Z
2026-08-10T05:25:30Z,2026-08-10T07:25:30+0200,4362fe35-cfeb-4c3c-9399-26381c363872,2026-07-24T12:00:00Z,2026-07-24T14:00:00+0200,3450.47609,MW,DE,DE_LU,forecast_onshore_wind_generation,Wind Onshore,2026-08-10T05:27:26Z
2026-08-10T05:25:30Z,2026-08-10T07:25:30+0200,4362fe35-cfeb-4c3c-9399-26381c363872,2026-07-24T12:15:00Z,2026-07-24T14:15:00+0200,3412.84741,MW,DE,DE_LU,forecast_onshore_wind_generation,Wind Onshore,2026-08-10T05:27:26Z
2026-08-10T05:25:30Z,2026-08-10T07:25:30+0200,4362fe35-cfeb-4c3c-9399-26381c363872,2026-07-24T12:30:00Z,2026-07-24T14:30:00+0200,3361.69394,MW,DE,DE_LU,forecast_onshore_wind_generation,Wind Onshore,2026-08-10T05:27:26Z
2026-08-10T05:25:30Z,2026-08-10T07:25:30+0200,4362fe35-cfeb-4c3c-9399-26381c363872,2026-07-24T12:45:00Z,2026-07-24T14:45:00+0200,3313.77829,MW,DE,DE_LU,forecast_onshore_wind_generation,Wind Onshore,2026-08-10T05:27:26Z
2026-08-10T05:25:30Z,2026-08-10T07:25:30+0200,4362fe35-cfeb-4c3c-9399-26381c363872,2026-07-24T13:00:00Z,2026-07-24T15:00:00+0200,3285.5909,MW,DE,DE_LU,forecast_onshore_wind_generation,Wind Onshore,2026-08-10T05:27:26Z
2026-08-10T05:25:30Z,2026-08-10T07:25:30+0200,4362fe35-cfeb-4c3c-9399-26381c363872,2026-07-24T13:15:00Z,2026-07-24T15:15:00+0200,3252.92321,MW,DE,DE_LU,forecast_onshore_wind_generation,Wind Onshore,2026-08-10T05:27:26Z
2026-08-10T05:25:30Z,2026-08-10T07:25:30+0200,4362fe35-cfeb-4c3c-9399-26381c363872,2026-07-24T13:30:00Z,2026-07-24T15:30:00+0200,3221.6188,MW,DE,DE_LU,forecast_onshore_wind_generation,Wind Onshore,2026-08-10T05:27:26Z
2026-08-10T05:25:30Z,2026-08-10T07:25:30+0200,4362fe35-cfeb-4c3c-9399-26381c363872,2026-07-24T13:45:00Z,2026-07-24T15:45:00+0200,3199.14067,MW,DE,DE_LU,forecast_onshore_wind_generation,Wind Onshore,2026-08-10T05:27:26Z
2026-08-10T05:25:30Z,2026-08-10T07:25:30+0200,4362fe35-cfeb-4c3c-9399-26381c363872,2026-07-24T14:00:00Z,2026-07-24T16:00:00+0200,3174.22906,MW,DE,DE_LU,forecast_onshore_wind_generation,Wind Onshore,2026-08-10T05:27:26Z
2026-08-10T05:25:30Z,2026-08-10T07:25:30+0200,4362fe35-cfeb-4c3c-9399-26381c363872,2026-07-24T14:15:00Z,2026-07-24T16:15:00+0200,3161.19066,MW,DE,DE_LU,forecast_onshore_wind_generation,Wind Onshore,2026-08-10T05:27:26Z
2026-08-10T05:25:30Z,2026-08-10T07:25:30+0200,4362fe35-cfeb-4c3c-9399-26381c363872,2026-07-24T14:30:00Z,2026-07-24T16:30:00+0200,3112.61555,MW,DE,DE_LU,forecast_onshore_wind_generation,Wind Onshore,2026-08-10T05:27:26Z
2026-08-10T05:25:30Z,2026-08-10T07:25:30+0200,4362fe35-cfeb-4c3c-9399-26381c363872,2026-07-24T14:45:00Z,2026-07-24T16:45:00+0200,3056.86637,MW,DE,DE_LU,forecast_onshore_wind_generation,Wind Onshore,2026-08-10T05:27:26Z
2026-08-10T05:25:30Z,2026-08-10T07:25:30+0200,4362fe35-cfeb-4c3c-9399-26381c363872,2026-07-24T15:00:00Z,2026-07-24T17:00:00+0200,3008.26269,MW,DE,DE_LU,forecast_onshore_wind_generation,Wind Onshore,2026-08-10T05:27:26Z
2026-08-10T05:25:30Z,2026-08-10T07:25:30+0200,4362fe35-cfeb-4c3c-9399-26381c363872,2026-07-24T15:15:00Z,2026-07-24T17:15:00+0200,2976.66012,MW,DE,DE_LU,forecast_onshore_wind_generation,Wind Onshore,2026-08-10T05:27:26Z
2026-08-10T05:25:30Z,2026-08-10T07:25:30+0200,4362fe35-cfeb-4c3c-9399-26381c363872,2026-07-24T15:30:00Z,2026-07-24T17:30:00+0200,2944.8163,MW,DE,DE_LU,forecast_onshore_wind_generation,Wind Onshore,2026-08-10T05:27:26Z
2026-08-10T05:25:30Z,2026-08-10T07:25:30+0200,4362fe35-cfeb-4c3c-9399-26381c363872,2026-07-24T15:45:00Z,2026-07-24T17:45:00+0200,2913.00754,MW,DE,DE_LU,forecast_onshore_wind_generation,Wind Onshore,2026-08-10T05:27:26Z
2026-08-10T05:25:30Z,2026-08-10T07:25:30+0200,4362fe35-cfeb-4c3c-9399-26381c363872,2026-07-24T16:00:00Z,2026-07-24T18:00:00+0200,2881.85946,MW,DE,DE_LU,forecast_onshore_wind_generation,Wind Onshore,2026-08-10T05:27:26Z
2026-08-10T05:25:30Z,2026-08-10T07:25:30+0200,4362fe35-cfeb-4c3c-9399-26381c363872,2026-07-24T16:15:00Z,2026-07-24T18:15:00+0200,2807.49952,MW,DE,DE_LU,forecast_onshore_wind_generation,Wind Onshore,2026-08-10T05:27:26Z
2026-08-10T05:25:30Z,2026-08-10T07:25:30+0200,4362fe35-cfeb-4c3c-9399-26381c363872,2026-07-24T16:30:00Z,2026-07-24T18:30:00+0200,2728.90882,MW,DE,DE_LU,forecast_onshore_wind_generation,Wind Onshore,2026-08-10T05:27:26Z
2026-08-10T05:25:30Z,2026-08-10T07:25:30+0200,4362fe35-cfeb-4c3c-9399-26381c363872,2026-07-24T16:45:00Z,2026-07-24T18:45:00+0200,2656.18743,MW,DE,DE_LU,forecast_onshore_wind_generation,Wind Onshore,2026-08-10T05:27:26Z
2026-08-10T05:25:30Z,2026-08-10T07:25:30+0200,4362fe35-cfeb-4c3c-9399-26381c363872,2026-07-24T17:00:00Z,2026-07-24T19:00:00+0200,2580.00596,MW,DE,DE_LU,forecast_onshore_wind_generation,Wind Onshore,2026-08-10T05:27:26Z
2026-08-10T05:25:30Z,2026-08-10T07:25:30+0200,4362fe35-cfeb-4c3c-9399-26381c363872,2026-07-24T17:15:00Z,2026-07-24T19:15:00+0200,2492.37025,MW,DE,DE_LU,forecast_onshore_wind_generation,Wind Onshore,2026-08-10T05:27:26Z
2026-08-10T05:25:30Z,2026-08-10T07:25:30+0200,4362fe35-cfeb-4c3c-9399-26381c363872,2026-07-24T17:30:00Z,2026-07-24T19:30:00+0200,2399.45268,MW,DE,DE_LU,forecast_onshore_wind_generation,Wind Onshore,2026-08-10T05:27:26Z
2026-08-10T05:25:30Z,2026-08-10T07:25:30+0200,4362fe35-cfeb-4c3c-9399-26381c363872,2026-07-24T17:45:00Z,2026-07-24T19:45:00+0200,2305.80607,MW,DE,DE_LU,forecast_onshore_wind_generation,Wind Onshore,2026-08-10T05:27:26Z
2026-08-10T05:25:30Z,2026-08-10T07:25:30+0200,4362fe35-cfeb-4c3c-9399-26381c363872,2026-07-24T18:00:00Z,2026-07-24T20:00:00+0200,2206.24951,MW,DE,DE_LU,forecast_onshore_wind_generation,Wind Onshore,2026-08-10T05:27:26Z
2026-08-10T05:25:30Z,2026-08-10T07:25:30+0200,4362fe35-cfeb-4c3c-9399-26381c363872,2026-07-24T18:15:00Z,2026-07-24T20:15:00+0200,2166.07137,MW,DE,DE_LU,forecast_onshore_wind_generation,Wind Onshore,2026-08-10T05:27:26Z
2026-08-10T05:25:30Z,2026-08-10T07:25:30+0200,4362fe35-cfeb-4c3c-9399-26381c363872,2026-07-24T18:30:00Z,2026-07-24T20:30:00+0200,2106.38973,MW,DE,DE_LU,forecast_onshore_wind_generation,Wind Onshore,2026-08-10T05:27:26Z
2026-08-10T05:25:30Z,2026-08-10T07:25:30+0200,4362fe35-cfeb-4c3c-9399-26381c363872,2026-07-24T18:45:00Z,2026-07-24T20:45:00+0200,2009.51627,MW,DE,DE_LU,forecast_onshore_wind_generation,Wind Onshore,2026-08-10T05:27:26Z
2026-08-10T05:25:30Z,2026-08-10T07:25:30+0200,4362fe35-cfeb-4c3c-9399-26381c363872,2026-07-24T19:00:00Z,2026-07-24T21:00:00+0200,1878.03873,MW,DE,DE_LU,forecast_onshore_wind_generation,Wind Onshore,2026-08-10T05:27:26Z
2026-08-10T05:25:30Z,2026-08-10T07:25:30+0200,4362fe35-cfeb-4c3c-9399-26381c363872,2026-07-24T19:15:00Z,2026-07-24T21:15:00+0200,1837.50378,MW,DE,DE_LU,forecast_onshore_wind_generation,Wind Onshore,2026-08-10T05:27:26Z
2026-08-10T05:25:30Z,2026-08-10T07:25:30+0200,4362fe35-cfeb-4c3c-9399-26381c363872,2026-07-24T19:30:00Z,2026-07-24T21:30:00+0200,1848.28948,MW,DE,DE_LU,forecast_onshore_wind_generation,Wind Onshore,2026-08-10T05:27:26Z
2026-08-10T05:25:30Z,2026-08-10T07:25:30+0200,4362fe35-cfeb-4c3c-9399-26381c363872,2026-07-24T19:45:00Z,2026-07-24T21:45:00+0200,1882.2576,MW,DE,DE_LU,forecast_onshore_wind_generation,Wind Onshore,2026-08-10T05:27:26Z
2026-08-10T05:25:30Z,2026-08-10T07:25:30+0200,4362fe35-cfeb-4c3c-9399-26381c363872,2026-07-24T20:00:00Z,2026-07-24T22:00:00+0200,1931.97881,MW,DE,DE_LU,forecast_onshore_wind_generation,Wind Onshore,2026-08-10T05:27:26Z
2026-08-10T05:25:30Z,2026-08-10T07:25:30+0200,4362fe35-cfeb-4c3c-9399-26381c363872,2026-07-24T20:15:00Z,2026-07-24T22:15:00+0200,1972.93145,MW,DE,DE_LU,forecast_onshore_wind_generation,Wind Onshore,2026-08-10T05:27:26Z
2026-08-10T05:25:30Z,2026-08-10T07:25:30+0200,4362fe35-cfeb-4c3c-9399-26381c363872,2026-07-24T20:30:00Z,2026-07-24T22:30:00+0200,2013.85367,MW,DE,DE_LU,forecast_onshore_wind_generation,Wind Onshore,2026-08-10T05:27:26Z
2026-08-10T05:25:30Z,2026-08-10T07:25:30+0200,4362fe35-cfeb-4c3c-9399-26381c363872,2026-07-24T20:45:00Z,2026-07-24T22:45:00+0200,2053.65627,MW,DE,DE_LU,forecast_onshore_wind_generation,Wind Onshore,2026-08-10T05:27:26Z
2026-08-10T05:25:30Z,2026-08-10T07:25:30+0200,4362fe35-cfeb-4c3c-9399-26381c363872,2026-07-24T21:00:00Z,2026-07-24T23:00:00+0200,2084.66806,MW,DE,DE_LU,forecast_onshore_wind_generation,Wind Onshore,2026-08-10T05:27:26Z
2026-08-10T05:25:30Z,2026-08-10T07:25:30+0200,4362fe35-cfeb-4c3c-9399-26381c363872,2026-07-24T21:15:00Z,2026-07-24T23:15:00+0200,2118.28727,MW,DE,DE_LU,forecast_onshore_wind_generation,Wind Onshore,2026-08-10T05:27:26Z
2026-08-10T05:25:30Z,2026-08-10T07:25:30+0200,4362fe35-cfeb-4c3c-9399-26381c363872,2026-07-24T21:30:00Z,2026-07-24T23:30:00+0200,2150.91258,MW,DE,DE_LU,forecast_onshore_wind_generation,Wind Onshore,2026-08-10T05:27:26Z
2026-08-10T05:25:30Z,2026-08-10T07:25:30+0200,4362fe35-cfeb-4c3c-9399-26381c363872,2026-07-24T21:45:00Z,2026-07-24T23:45:00+0200,2187.01219,MW,DE,DE_LU,forecast_onshore_wind_generation,Wind Onshore,2026-08-10T05:27:26Z
2026-08-10T05:25:30Z,2026-08-10T07:25:30+0200,4362fe35-cfeb-4c3c-9399-26381c363872,2026-07-24T22:00:00Z,2026-07-25T00:00:00+0200,2026.41571,MW,DE,DE_LU,forecast_onshore_wind_generation,Wind Onshore,2026-08-10T05:27:26Z
2026-08-10T05:25:30Z,2026-08-10T07:25:30+0200,4362fe35-cfeb-4c3c-9399-26381c363872,2026-07-24T22:15:00Z,2026-07-25T00:15:00+0200,2076.17221,MW,DE,DE_LU,forecast_onshore_wind_generation,Wind Onshore,2026-08-10T05:27:26Z
2026-08-10T05:25:30Z,2026-08-10T07:25:30+0200,4362fe35-cfeb-4c3c-9399-26381c363872,2026-07-24T22:30:00Z,2026-07-25T00:30:00+0200,2123.2501,MW,DE,DE_LU,forecast_onshore_wind_generation,Wind Onshore,2026-08-10T05:27:26Z
2026-08-10T05:25:30Z,2026-08-10T07:25:30+0200,4362fe35-cfeb-4c3c-9399-26381c363872,2026-07-24T22:45:00Z,2026-07-25T00:45:00+0200,2173.31736,MW,DE,DE_LU,forecast_onshore_wind_generation,Wind Onshore,2026-08-10T05:27:26Z
2026-08-10T05:25:30Z,2026-08-10T07:25:30+0200,4362fe35-cfeb-4c3c-9399-26381c363872,2026-07-24T23:00:00Z,2026-07-25T01:00:00+0200,2228.17192,MW,DE,DE_LU,forecast_onshore_wind_generation,Wind Onshore,2026-08-10T05:27:26Z
2026-08-10T05:25:30Z,2026-08-10T07:25:30+0200,4362fe35-cfeb-4c3c-9399-26381c363872,2026-07-24T23:15:00Z,2026-07-25T01:15:00+0200,2336.94314,MW,DE,DE_LU,forecast_onshore_wind_generation,Wind Onshore,2026-08-10T05:27:26Z
2026-08-10T05:25:30Z,2026-08-10T07:25:30+0200,4362fe35-cfeb-4c3c-9399-26381c363872,2026-07-24T23:30:00Z,2026-07-25T01:30:00+0200,2454.88861,MW,DE,DE_LU,forecast_onshore_wind_generation,Wind Onshore,2026-08-10T05:27:26Z
2026-08-10T05:25:30Z,2026-08-10T07:25:30+0200,4362fe35-cfeb-4c3c-9399-26381c363872,2026-07-24T23:45:00Z,2026-07-25T01:45:00+0200,2596.01081,MW,DE,DE_LU,forecast_onshore_wind_generation,Wind Onshore,2026-08-10T05:27:26Z
2026-08-10T05:25:30Z,2026-08-10T07:25:30+0200,4362fe35-cfeb-4c3c-9399-26381c363872,2026-07-25T00:00:00Z,2026-07-25T02:00:00+0200,2758.34803,MW,DE,DE_LU,forecast_onshore_wind_generation,Wind Onshore,2026-08-10T05:27:26Z
2026-08-10T05:25:30Z,2026-08-10T07:25:30+0200,4362fe35-cfeb-4c3c-9399-26381c363872,2026-07-25T00:15:00Z,2026-07-25T02:15:00+0200,2904.07142,MW,DE,DE_LU,forecast_onshore_wind_generation,Wind Onshore,2026-08-10T05:27:26Z
2026-08-10T05:25:30Z,2026-08-10T07:25:30+0200,4362fe35-cfeb-4c3c-9399-26381c363872,2026-07-25T00:30:00Z,2026-07-25T02:30:00+0200,3032.90361,MW,DE,DE_LU,forecast_onshore_wind_generation,Wind Onshore,2026-08-10T05:27:26Z
2026-08-10T05:25:30Z,2026-08-10T07:25:30+0200,4362fe35-cfeb-4c3c-9399-26381c363872,2026-07-25T00:45:00Z,2026-07-25T02:45:00+0200,3156.61828,MW,DE,DE_LU,forecast_onshore_wind_generation,Wind Onshore,2026-08-10T05:27:26Z
2026-08-10T05:25:30Z,2026-08-10T07:25:30+0200,4362fe35-cfeb-4c3c-9399-26381c363872,2026-07-25T01:00:00Z,2026-07-25T03:00:00+0200,3272.76265,MW,DE,DE_LU,forecast_onshore_wind_generation,Wind Onshore,2026-08-10T05:27:26Z
2026-08-10T05:25:30Z,2026-08-10T07:25:30+0200,4362fe35-cfeb-4c3c-9399-26381c363872,2026-07-25T01:15:00Z,2026-07-25T03:15:00+0200,3363.39554,MW,DE,DE_LU,forecast_onshore_wind_generation,Wind Onshore,2026-08-10T05:27:26Z
2026-08-10T05:25:30Z,2026-08-10T07:25:30+0200,4362fe35-cfeb-4c3c-9399-26381c363872,2026-07-25T01:30:00Z,2026-07-25T03:30:00+0200,3456.97456,MW,DE,DE_LU,forecast_onshore_wind_generation,Wind Onshore,2026-08-10T05:27:26Z
2026-08-10T05:25:30Z,2026-08-10T07:25:30+0200,4362fe35-cfeb-4c3c-9399-26381c363872,2026-07-25T01:45:00Z,2026-07-25T03:45:00+0200,3557.73564,MW,DE,DE_LU,forecast_onshore_wind_generation,Wind Onshore,2026-08-10T05:27:26Z
2026-08-10T05:25:30Z,2026-08-10T07:25:30+0200,4362fe35-cfeb-4c3c-9399-26381c363872,2026-07-25T02:00:00Z,2026-07-25T04:00:00+0200,3651.88126,MW,DE,DE_LU,forecast_onshore_wind_generation,Wind Onshore,2026-08-10T05:27:26Z
2026-08-10T05:25:30Z,2026-08-10T07:25:30+0200,4362fe35-cfeb-4c3c-9399-26381c363872,2026-07-25T02:15:00Z,2026-07-25T04:15:00+0200,3697.988,MW,DE,DE_LU,forecast_onshore_wind_generation,Wind Onshore,2026-08-10T05:27:26Z
2026-08-10T05:25:30Z,2026-08-10T07:25:30+0200,4362fe35-cfeb-4c3c-9399-26381c363872,2026-07-25T02:30:00Z,2026-07-25T04:30:00+0200,3747.71433,MW,DE,DE_LU,forecast_onshore_wind_generation,Wind Onshore,2026-08-10T05:27:26Z
2026-08-10T05:25:30Z,2026-08-10T07:25:30+0200,4362fe35-cfeb-4c3c-9399-26381c363872,2026-07-25T02:45:00Z,2026-07-25T04:45:00+0200,3792.94541,MW,DE,DE_LU,forecast_onshore_wind_generation,Wind Onshore,2026-08-10T05:27:26Z
2026-08-10T05:25:30Z,2026-08-10T07:25:30+0200,4362fe35-cfeb-4c3c-9399-26381c363872,2026-07-25T03:00:00Z,2026-07-25T05:00:00+0200,3844.37039,MW,DE,DE_LU,forecast_onshore_wind_generation,Wind Onshore,2026-08-10T05:27:26Z
2026-08-10T05:25:30Z,2026-08-10T07:25:30+0200,4362fe35-cfeb-4c3c-9399-26381c363872,2026-07-25T03:15:00Z,2026-07-25T05:15:00+0200,3897.27475,MW,DE,DE_LU,forecast_onshore_wind_generation,Wind Onshore,2026-08-10T05:27:26Z
2026-08-10T05:25:30Z,2026-08-10T07:25:30+0200,4362fe35-cfeb-4c3c-9399-26381c363872,2026-07-25T03:30:00Z,2026-07-25T05:30:00+0200,3952.64111,MW,DE,DE_LU,forecast_onshore_wind_generation,Wind Onshore,2026-08-10T05:27:26Z
2026-08-10T05:25:30Z,2026-08-10T07:25:30+0200,4362fe35-cfeb-4c3c-9399-26381c363872,2026-07-25T03:45:00Z,2026-07-25T05:45:00+0200,4002.39134,MW,DE,DE_LU,forecast_onshore_wind_generation,Wind Onshore,2026-08-10T05:27:26Z
2026-08-10T05:25:30Z,2026-08-10T07:25:30+0200,4362fe35-cfeb-4c3c-9399-26381c363872,2026-07-25T04:00:00Z,2026-07-25T06:00:00+0200,4071.92159,MW,DE,DE_LU,forecast_onshore_wind_generation,Wind Onshore,2026-08-10T05:27:26Z
2026-08-10T05:25:30Z,2026-08-10T07:25:30+0200,4362fe35-cfeb-4c3c-9399-26381c363872,2026-07-25T04:15:00Z,2026-07-25T06:15:00+0200,4074.17207,MW,DE,DE_LU,forecast_onshore_wind_generation,Wind Onshore,2026-08-10T05:27:26Z
2026-08-10T05:25:30Z,2026-08-10T07:25:30+0200,4362fe35-cfeb-4c3c-9399-26381c363872,2026-07-25T04:30:00Z,2026-07-25T06:30:00+0200,4075.23625,MW,DE,DE_LU,forecast_onshore_wind_generation,Wind Onshore,2026-08-10T05:27:26Z
2026-08-10T05:25:30Z,2026-08-10T07:25:30+0200,4362fe35-cfeb-4c3c-9399-26381c363872,2026-07-25T04:45:00Z,2026-07-25T06:45:00+0200,4042.4719,MW,DE,DE_LU,forecast_onshore_wind_generation,Wind Onshore,2026-08-10T05:27:26Z
2026-08-10T05:25:30Z,2026-08-10T07:25:30+0200,4362fe35-cfeb-4c3c-9399-26381c363872,2026-07-25T05:00:00Z,2026-07-25T07:00:00+0200,4017.57765,MW,DE,DE_LU,forecast_onshore_wind_generation,Wind Onshore,2026-08-10T05:27:26Z
2026-08-10T05:25:30Z,2026-08-10T07:25:30+0200,4362fe35-cfeb-4c3c-9399-26381c363872,2026-07-25T05:15:00Z,2026-07-25T07:15:00+0200,3871.6222,MW,DE,DE_LU,forecast_onshore_wind_generation,Wind Onshore,2026-08-10T05:27:26Z
2026-08-10T05:25:30Z,2026-08-10T07:25:30+0200,4362fe35-cfeb-4c3c-9399-26381c363872,2026-07-25T05:30:00Z,2026-07-25T07:30:00+0200,3751.96188,MW,DE,DE_LU,forecast_onshore_wind_generation,Wind Onshore,2026-08-10T05:27:26Z
2026-08-10T05:25:30Z,2026-08-10T07:25:30+0200,4362fe35-cfeb-4c3c-9399-26381c363872,2026-07-25T05:45:00Z,2026-07-25T07:45:00+0200,3629.65082,MW,DE,DE_LU,forecast_onshore_wind_generation,Wind Onshore,2026-08-10T05:27:26Z
2026-08-10T05:25:30Z,2026-08-10T07:25:30+0200,4362fe35-cfeb-4c3c-9399-26381c363872,2026-07-25T06:00:00Z,2026-07-25T08:00:00+0200,3469.10493,MW,DE,DE_LU,forecast_onshore_wind_generation,Wind Onshore,2026-08-10T05:27:26Z
2026-08-10T05:25:30Z,2026-08-10T07:25:30+0200,4362fe35-cfeb-4c3c-9399-26381c363872,2026-07-25T06:15:00Z,2026-07-25T08:15:00+0200,3164.31542,MW,DE,DE_LU,forecast_onshore_wind_generation,Wind Onshore,2026-08-10T05:27:26Z
2026-08-10T05:25:30Z,2026-08-10T07:25:30+0200,4362fe35-cfeb-4c3c-9399-26381c363872,2026-07-25T06:30:00Z,2026-07-25T08:30:00+0200,2851.84037,MW,DE,DE_LU,forecast_onshore_wind_generation,Wind Onshore,2026-08-10T05:27:26Z
2026-08-10T05:25:30Z,2026-08-10T07:25:30+0200,4362fe35-cfeb-4c3c-9399-26381c363872,2026-07-25T06:45:00Z,2026-07-25T08:45:00+0200,2610.49924,MW,DE,DE_LU,forecast_onshore_wind_generation,Wind Onshore,2026-08-10T05:27:26Z
2026-08-10T05:25:30Z,2026-08-10T07:25:30+0200,4362fe35-cfeb-4c3c-9399-26381c363872,2026-07-25T07:00:00Z,2026-07-25T09:00:00+0200,2381.19274,MW,DE,DE_LU,forecast_onshore_wind_generation,Wind Onshore,2026-08-10T05:27:26Z
2026-08-10T05:25:30Z,2026-08-10T07:25:30+0200,4362fe35-cfeb-4c3c-9399-26381c363872,2026-07-25T07:15:00Z,2026-07-25T09:15:00+0200,2400.33707,MW,DE,DE_LU,forecast_onshore_wind_generation,Wind Onshore,2026-08-10T05:27:26Z
2026-08-10T05:25:30Z,2026-08-10T07:25:30+0200,4362fe35-cfeb-4c3c-9399-26381c363872,2026-07-25T07:30:00Z,2026-07-25T09:30:00+0200,2477.48384,MW,DE,DE_LU,forecast_onshore_wind_generation,Wind Onshore,2026-08-10T05:27:26Z
2026-08-10T05:25:30Z,2026-08-10T07:25:30+0200,4362fe35-cfeb-4c3c-9399-26381c363872,2026-07-25T07:45:00Z,2026-07-25T09:45:00+0200,2549.17003,MW,DE,DE_LU,forecast_onshore_wind_generation,Wind Onshore,2026-08-10T05:27:26Z
2026-08-10T05:25:30Z,2026-08-10T07:25:30+0200,4362fe35-cfeb-4c3c-9399-26381c363872,2026-07-25T08:00:00Z,2026-07-25T10:00:00+0200,2638.25791,MW,DE,DE_LU,forecast_onshore_wind_generation,Wind Onshore,2026-08-10T05:27:26Z
2026-08-10T05:25:30Z,2026-08-10T07:25:30+0200,4362fe35-cfeb-4c3c-9399-26381c363872,2026-07-25T08:15:00Z,2026-07-25T10:15:00+0200,2829.52277,MW,DE,DE_LU,forecast_onshore_wind_generation,Wind Onshore,2026-08-10T05:27:26Z
2026-08-10T05:25:30Z,2026-08-10T07:25:30+0200,4362fe35-cfeb-4c3c-9399-26381c363872,2026-07-25T08:30:00Z,2026-07-25T10:30:00+0200,3020.82868,MW,DE,DE_LU,forecast_onshore_wind_generation,Wind Onshore,2026-08-10T05:27:26Z
2026-08-10T05:25:30Z,2026-08-10T07:25:30+0200,4362fe35-cfeb-4c3c-9399-26381c363872,2026-07-25T08:45:00Z,2026-07-25T10:45:00+0200,3174.84007,MW,DE,DE_LU,forecast_onshore_wind_generation,Wind Onshore,2026-08-10T05:27:26Z
2026-08-10T05:25:30Z,2026-08-10T07:25:30+0200,4362fe35-cfeb-4c3c-9399-26381c363872,2026-07-25T09:00:00Z,2026-07-25T11:00:00+0200,3321.40361,MW,DE,DE_LU,forecast_onshore_wind_generation,Wind Onshore,2026-08-10T05:27:26Z
2026-08-10T05:25:30Z,2026-08-10T07:25:30+0200,4362fe35-cfeb-4c3c-9399-26381c363872,2026-07-25T09:15:00Z,2026-07-25T11:15:00+0200,3519.20499,MW,DE,DE_LU,forecast_onshore_wind_generation,Wind Onshore,2026-08-10T05:27:26Z
2026-08-10T05:25:30Z,2026-08-10T07:25:30+0200,4362fe35-cfeb-4c3c-9399-26381c363872,2026-07-25T09:30:00Z,2026-07-25T11:30:00+0200,3642.24811,MW,DE,DE_LU,forecast_onshore_wind_generation,Wind Onshore,2026-08-10T05:27:26Z
2026-08-10T05:25:30Z,2026-08-10T07:25:30+0200,4362fe35-cfeb-4c3c-9399-26381c363872,2026-07-25T09:45:00Z,2026-07-25T11:45:00+0200,3851.07111,MW,DE,DE_LU,forecast_onshore_wind_generation,Wind Onshore,2026-08-10T05:27:26Z
2026-08-10T05:25:30Z,2026-08-10T07:25:30+0200,4362fe35-cfeb-4c3c-9399-26381c363872,2026-07-25T10:00:00Z,2026-07-25T12:00:00+0200,4022.81332,MW,DE,DE_LU,forecast_onshore_wind_generation,Wind Onshore,2026-08-10T05:27:26Z
2026-08-10T05:25:30Z,2026-08-10T07:25:30+0200,4362fe35-cfeb-4c3c-9399-26381c363872,2026-07-25T10:15:00Z,2026-07-25T12:15:00+0200,4184.98495,MW,DE,DE_LU,forecast_onshore_wind_generation,Wind Onshore,2026-08-10T05:27:26Z
2026-08-10T05:25:30Z,2026-08-10T07:25:30+0200,4362fe35-cfeb-4c3c-9399-26381c363872,2026-07-25T10:30:00Z,2026-07-25T12:30:00+0200,4330.12462,MW,DE,DE_LU,forecast_onshore_wind_generation,Wind Onshore,2026-08-10T05:27:26Z
2026-08-10T05:25:30Z,2026-08-10T07:25:30+0200,4362fe35-cfeb-4c3c-9399-26381c363872,2026-07-25T10:45:00Z,2026-07-25T12:45:00+0200,4417.30709,MW,DE,DE_LU,forecast_onshore_wind_generation,Wind Onshore,2026-08-10T05:27:26Z
2026-08-10T05:25:30Z,2026-08-10T07:25:30+0200,4362fe35-cfeb-4c3c-9399-26381c363872,2026-07-25T11:00:00Z,2026-07-25T13:00:00+0200,4518.02264,MW,DE,DE_LU,forecast_onshore_wind_generation,Wind Onshore,2026-08-10T05:27:26Z
2026-08-10T05:25:30Z,2026-08-10T07:25:30+0200,4362fe35-cfeb-4c3c-9399-26381c363872,2026-07-25T11:15:00Z,2026-07-25T13:15:00+0200,4694.59122,MW,DE,DE_LU,forecast_onshore_wind_generation,Wind Onshore,2026-08-10T05:27:26Z
2026-08-10T05:25:30Z,2026-08-10T07:25:30+0200,4362fe35-cfeb-4c3c-9399-26381c363872,2026-07-25T11:30:00Z,2026-07-25T13:30:00+0200,4866.22949,MW,DE,DE_LU,forecast_onshore_wind_generation,Wind Onshore,2026-08-10T05:27:26Z
2026-08-10T05:25:30Z,2026-08-10T07:25:30+0200,4362fe35-cfeb-4c3c-9399-26381c363872,2026-07-25T11:45:00Z,2026-07-25T13:45:00+0200,5081.33526,MW,DE,DE_LU,forecast_onshore_wind_generation,Wind Onshore,2026-08-10T05:27:26Z
2026-08-10T05:25:30Z,2026-08-10T07:25:30+0200,4362fe35-cfeb-4c3c-9399-26381c363872,2026-07-25T12:00:00Z,2026-07-25T14:00:00+0200,5323.21398,MW,DE,DE_LU,forecast_onshore_wind_generation,Wind Onshore,2026-08-10T05:27:26Z
2026-08-10T05:25:30Z,2026-08-10T07:25:30+0200,4362fe35-cfeb-4c3c-9399-26381c363872,2026-07-25T12:15:00Z,2026-07-25T14:15:00+0200,5481.95214,MW,DE,DE_LU,forecast_onshore_wind_generation,Wind Onshore,2026-08-10T05:27:26Z
2026-08-10T05:25:30Z,2026-08-10T07:25:30+0200,4362fe35-cfeb-4c3c-9399-26381c363872,2026-07-25T12:30:00Z,2026-07-25T14:30:00+0200,5684.76086,MW,DE,DE_LU,forecast_onshore_wind_generation,Wind Onshore,2026-08-10T05:27:26Z
2026-08-10T05:25:30Z,2026-08-10T07:25:30+0200,4362fe35-cfeb-4c3c-9399-26381c363872,2026-07-25T12:45:00Z,2026-07-25T14:45:00+0200,5899.74468,MW,DE,DE_LU,forecast_onshore_wind_generation,Wind Onshore,2026-08-10T05:27:26Z
2026-08-10T05:25:30Z,2026-08-10T07:25:30+0200,4362fe35-cfeb-4c3c-9399-26381c363872,2026-07-25T13:00:00Z,2026-07-25T15:00:00+0200,6137.82818,MW,DE,DE_LU,forecast_onshore_wind_generation,Wind Onshore,2026-08-10T05:27:26Z
2026-08-10T05:25:30Z,2026-08-10T07:25:30+0200,4362fe35-cfeb-4c3c-9399-26381c363872,2026-07-25T13:15:00Z,2026-07-25T15:15:00+0200,6433.90112,MW,DE,DE_LU,forecast_onshore_wind_generation,Wind Onshore,2026-08-10T05:27:26Z
2026-08-10T05:25:30Z,2026-08-10T07:25:30+0200,4362fe35-cfeb-4c3c-9399-26381c363872,2026-07-25T13:30:00Z,2026-07-25T15:30:00+0200,6762.19367,MW,DE,DE_LU,forecast_onshore_wind_generation,Wind Onshore,2026-08-10T05:27:26Z
2026-08-10T05:25:30Z,2026-08-10T07:25:30+0200,4362fe35-cfeb-4c3c-9399-26381c363872,2026-07-25T13:45:00Z,2026-07-25T15:45:00+0200,6968.2697,MW,DE,DE_LU,forecast_onshore_wind_generation,Wind Onshore,2026-08-10T05:27:26Z
2026-08-10T05:25:30Z,2026-08-10T07:25:30+0200,4362fe35-cfeb-4c3c-9399-26381c363872,2026-07-25T14:00:00Z,2026-07-25T16:00:00+0200,7227.56566,MW,DE,DE_LU,forecast_onshore_wind_generation,Wind Onshore,2026-08-10T05:27:26Z
2026-08-10T05:25:30Z,2026-08-10T07:25:30+0200,4362fe35-cfeb-4c3c-9399-26381c363872,2026-07-25T14:15:00Z,2026-07-25T16:15:00+0200,7581.36309,MW,DE,DE_LU,forecast_onshore_wind_generation,Wind Onshore,2026-08-10T05:27:26Z
2026-08-10T05:25:30Z,2026-08-10T07:25:30+0200,4362fe35-cfeb-4c3c-9399-26381c363872,2026-07-25T14:30:00Z,2026-07-25T16:30:00+0200,7853.37832,MW,DE,DE_LU,forecast_onshore_wind_generation,Wind Onshore,2026-08-10T05:27:26Z
2026-08-10T05:25:30Z,2026-08-10T07:25:30+0200,4362fe35-cfeb-4c3c-9399-26381c363872,2026-07-25T14:45:00Z,2026-07-25T16:45:00+0200,8103.08794,MW,DE,DE_LU,forecast_onshore_wind_generation,Wind Onshore,2026-08-10T05:27:26Z
2026-08-10T05:25:30Z,2026-08-10T07:25:30+0200,4362fe35-cfeb-4c3c-9399-26381c363872,2026-07-25T15:00:00Z,2026-07-25T17:00:00+0200,8462.79542,MW,DE,DE_LU,forecast_onshore_wind_generation,Wind Onshore,2026-08-10T05:27:26Z
2026-08-10T05:25:30Z,2026-08-10T07:25:30+0200,4362fe35-cfeb-4c3c-9399-26381c363872,2026-07-25T15:15:00Z,2026-07-25T17:15:00+0200,8523.52027,MW,DE,DE_LU,forecast_onshore_wind_generation,Wind Onshore,2026-08-10T05:27:26Z
2026-08-10T05:25:30Z,2026-08-10T07:25:30+0200,4362fe35-cfeb-4c3c-9399-26381c363872,2026-07-25T15:30:00Z,2026-07-25T17:30:00+0200,8655.81896,MW,DE,DE_LU,forecast_onshore_wind_generation,Wind Onshore,2026-08-10T05:27:26Z
2026-08-10T05:25:30Z,2026-08-10T07:25:30+0200,4362fe35-cfeb-4c3c-9399-26381c363872,2026-07-25T15:45:00Z,2026-07-25T17:45:00+0200,8869.59373,MW,DE,DE_LU,forecast_onshore_wind_generation,Wind Onshore,2026-08-10T05:27:26Z
2026-08-10T05:25:30Z,2026-08-10T07:25:30+0200,4362fe35-cfeb-4c3c-9399-26381c363872,2026-07-25T16:00:00Z,2026-07-25T18:00:00+0200,9198.95578,MW,DE,DE_LU,forecast_onshore_wind_generation,Wind Onshore,2026-08-10T05:27:26Z
2026-08-10T05:25:30Z,2026-08-10T07:25:30+0200,4362fe35-cfeb-4c3c-9399-26381c363872,2026-07-25T16:15:00Z,2026-07-25T18:15:00+0200,9429.23798,MW,DE,DE_LU,forecast_onshore_wind_generation,Wind Onshore,2026-08-10T05:27:26Z
2026-08-10T05:25:30Z,2026-08-10T07:25:30+0200,4362fe35-cfeb-4c3c-9399-26381c363872,2026-07-25T16:30:00Z,2026-07-25T18:30:00+0200,9381.29997,MW,DE,DE_LU,forecast_onshore_wind_generation,Wind Onshore,2026-08-10T05:27:26Z
2026-08-10T05:25:30Z,2026-08-10T07:25:30+0200,4362fe35-cfeb-4c3c-9399-26381c363872,2026-07-25T16:45:00Z,2026-07-25T18:45:00+0200,9275.58367,MW,DE,DE_LU,forecast_onshore_wind_generation,Wind Onshore,2026-08-10T05:27:26Z
2026-08-10T05:25:30Z,2026-08-10T07:25:30+0200,4362fe35-cfeb-4c3c-9399-26381c363872,2026-07-25T17:00:00Z,2026-07-25T19:00:00+0200,9155.56069,MW,DE,DE_LU,forecast_onshore_wind_generation,Wind Onshore,2026-08-10T05:27:26Z
2026-08-10T05:25:30Z,2026-08-10T07:25:30+0200,4362fe35-cfeb-4c3c-9399-26381c363872,2026-07-25T17:15:00Z,2026-07-25T19:15:00+0200,8971.1344,MW,DE,DE_LU,forecast_onshore_wind_generation,Wind Onshore,2026-08-10T05:27:26Z
2026-08-10T05:25:30Z,2026-08-10T07:25:30+0200,4362fe35-cfeb-4c3c-9399-26381c363872,2026-07-25T17:30:00Z,2026-07-25T19:30:00+0200,8785.43908,MW,DE,DE_LU,forecast_onshore_wind_generation,Wind Onshore,2026-08-10T05:27:26Z
2026-08-10T05:25:30Z,2026-08-10T07:25:30+0200,4362fe35-cfeb-4c3c-9399-26381c363872,2026-07-25T17:45:00Z,2026-07-25T19:45:00+0200,8592.82878,MW,DE,DE_LU,forecast_onshore_wind_generation,Wind Onshore,2026-08-10T05:27:26Z
2026-08-10T05:25:30Z,2026-08-10T07:25:30+0200,4362fe35-cfeb-4c3c-9399-26381c363872,2026-07-25T18:00:00Z,2026-07-25T20:00:00+0200,8394.45491,MW,DE,DE_LU,forecast_onshore_wind_generation,Wind Onshore,2026-08-10T05:27:26Z
2026-08-10T05:25:30Z,2026-08-10T07:25:30+0200,4362fe35-cfeb-4c3c-9399-26381c363872,2026-07-25T18:15:00Z,2026-07-25T20:15:00+0200,8258.10339,MW,DE,DE_LU,forecast_onshore_wind_generation,Wind Onshore,2026-08-10T05:27:26Z
2026-08-10T05:25:30Z,2026-08-10T07:25:30+0200,4362fe35-cfeb-4c3c-9399-26381c363872,2026-07-25T18:30:00Z,2026-07-25T20:30:00+0200,8071.80434,MW,DE,DE_LU,forecast_onshore_wind_generation,Wind Onshore,2026-08-10T05:27:26Z
2026-08-10T05:25:30Z,2026-08-10T07:25:30+0200,4362fe35-cfeb-4c3c-9399-26381c363872,2026-07-25T18:45:00Z,2026-07-25T20:45:00+0200,7800.2163,MW,DE,DE_LU,forecast_onshore_wind_generation,Wind Onshore,2026-08-10T05:27:26Z
2026-08-10T05:25:30Z,2026-08-10T07:25:30+0200,4362fe35-cfeb-4c3c-9399-26381c363872,2026-07-25T19:00:00Z,2026-07-25T21:00:00+0200,7393.93372,MW,DE,DE_LU,forecast_onshore_wind_generation,Wind Onshore,2026-08-10T05:27:26Z
2026-08-10T05:25:30Z,2026-08-10T07:25:30+0200,4362fe35-cfeb-4c3c-9399-26381c363872,2026-07-25T19:15:00Z,2026-07-25T21:15:00+0200,7162.3002,MW,DE,DE_LU,forecast_onshore_wind_generation,Wind Onshore,2026-08-10T05:27:26Z
2026-08-10T05:25:30Z,2026-08-10T07:25:30+0200,4362fe35-cfeb-4c3c-9399-26381c363872,2026-07-25T19:30:00Z,2026-07-25T21:30:00+0200,7043.16305,MW,DE,DE_LU,forecast_onshore_wind_generation,Wind Onshore,2026-08-10T05:27:26Z
2026-08-10T05:25:30Z,2026-08-10T07:25:30+0200,4362fe35-cfeb-4c3c-9399-26381c363872,2026-07-25T19:45:00Z,2026-07-25T21:45:00+0200,6959.69845,MW,DE,DE_LU,forecast_onshore_wind_generation,Wind Onshore,2026-08-10T05:27:26Z
2026-08-10T05:25:30Z,2026-08-10T07:25:30+0200,4362fe35-cfeb-4c3c-9399-26381c363872,2026-07-25T20:00:00Z,2026-07-25T22:00:00+0200,6845.66947,MW,DE,DE_LU,forecast_onshore_wind_generation,Wind Onshore,2026-08-10T05:27:26Z
2026-08-10T05:25:30Z,2026-08-10T07:25:30+0200,4362fe35-cfeb-4c3c-9399-26381c363872,2026-07-25T20:15:00Z,2026-07-25T22:15:00+0200,6883.07504,MW,DE,DE_LU,forecast_onshore_wind_generation,Wind Onshore,2026-08-10T05:27:26Z
2026-08-10T05:25:30Z,2026-08-10T07:25:30+0200,4362fe35-cfeb-4c3c-9399-26381c363872,2026-07-25T20:30:00Z,2026-07-25T22:30:00+0200,6931.41409,MW,DE,DE_LU,forecast_onshore_wind_generation,Wind Onshore,2026-08-10T05:27:26Z
2026-08-10T05:25:30Z,2026-08-10T07:25:30+0200,4362fe35-cfeb-4c3c-9399-26381c363872,2026-07-25T20:45:00Z,2026-07-25T22:45:00+0200,6977.76585,MW,DE,DE_LU,forecast_onshore_wind_generation,Wind Onshore,2026-08-10T05:27:26Z
2026-08-10T05:25:30Z,2026-08-10T07:25:30+0200,4362fe35-cfeb-4c3c-9399-26381c363872,2026-07-25T21:00:00Z,2026-07-25T23:00:00+0200,7036.35356,MW,DE,DE_LU,forecast_onshore_wind_generation,Wind Onshore,2026-08-10T05:27:26Z
2026-08-10T05:25:30Z,2026-08-10T07:25:30+0200,4362fe35-cfeb-4c3c-9399-26381c363872,2026-07-25T21:15:00Z,2026-07-25T23:15:00+0200,6959.84907,MW,DE,DE_LU,forecast_onshore_wind_generation,Wind Onshore,2026-08-10T05:27:26Z
2026-08-10T05:25:30Z,2026-08-10T07:25:30+0200,4362fe35-cfeb-4c3c-9399-26381c363872,2026-07-25T21:30:00Z,2026-07-25T23:30:00+0200,6887.46873,MW,DE,DE_LU,forecast_onshore_wind_generation,Wind Onshore,2026-08-10T05:27:26Z
2026-08-10T05:25:30Z,2026-08-10T07:25:30+0200,4362fe35-cfeb-4c3c-9399-26381c363872,2026-07-25T21:45:00Z,2026-07-25T23:45:00+0200,6827.82788,MW,DE,DE_LU,forecast_onshore_wind_generation,Wind Onshore,2026-08-10T05:27:26Z
2026-08-10T05:25:30Z,2026-08-10T07:25:30+0200,4362fe35-cfeb-4c3c-9399-26381c363872,2026-07-25T22:00:00Z,2026-07-26T00:00:00+0200,5755.63775,MW,DE,DE_LU,forecast_onshore_wind_generation,Wind Onshore,2026-08-10T05:27:26Z
2026-08-10T05:25:30Z,2026-08-10T07:25:30+0200,4362fe35-cfeb-4c3c-9399-26381c363872,2026-07-25T22:15:00Z,2026-07-26T00:15:00+0200,5620.08746,MW,DE,DE_LU,forecast_onshore_wind_generation,Wind Onshore,2026-08-10T05:27:26Z
2026-08-10T05:25:30Z,2026-08-10T07:25:30+0200,4362fe35-cfeb-4c3c-9399-26381c363872,2026-07-25T22:30:00Z,2026-07-26T00:30:00+0200,5494.85554,MW,DE,DE_LU,forecast_onshore_wind_generation,Wind Onshore,2026-08-10T05:27:26Z
2026-08-10T05:25:30Z,2026-08-10T07:25:30+0200,4362fe35-cfeb-4c3c-9399-26381c363872,2026-07-25T22:45:00Z,2026-07-26T00:45:00+0200,5374.55602,MW,DE,DE_LU,forecast_onshore_wind_generation,Wind Onshore,2026-08-10T05:27:26Z
2026-08-10T05:25:30Z,2026-08-10T07:25:30+0200,4362fe35-cfeb-4c3c-9399-26381c363872,2026-07-25T23:00:00Z,2026-07-26T01:00:00+0200,5256.63113,MW,DE,DE_LU,forecast_onshore_wind_generation,Wind Onshore,2026-08-10T05:27:26Z
2026-08-10T05:25:30Z,2026-08-10T07:25:30+0200,4362fe35-cfeb-4c3c-9399-26381c363872,2026-07-25T23:15:00Z,2026-07-26T01:15:00+0200,5115.98471,MW,DE,DE_LU,forecast_onshore_wind_generation,Wind Onshore,2026-08-10T05:27:26Z
2026-08-10T05:25:30Z,2026-08-10T07:25:30+0200,4362fe35-cfeb-4c3c-9399-26381c363872,2026-07-25T23:30:00Z,2026-07-26T01:30:00+0200,4984.00531,MW,DE,DE_LU,forecast_onshore_wind_generation,Wind Onshore,2026-08-10T05:27:26Z
2026-08-10T05:25:30Z,2026-08-10T07:25:30+0200,4362fe35-cfeb-4c3c-9399-26381c363872,2026-07-25T23:45:00Z,2026-07-26T01:45:00+0200,4877.343,MW,DE,DE_LU,forecast_onshore_wind_generation,Wind Onshore,2026-08-10T05:27:26Z
2026-08-10T05:25:30Z,2026-08-10T07:25:30+0200,4362fe35-cfeb-4c3c-9399-26381c363872,2026-07-26T00:00:00Z,2026-07-26T02:00:00+0200,4848.4605,MW,DE,DE_LU,forecast_onshore_wind_generation,Wind Onshore,2026-08-10T05:27:26Z
2026-08-10T05:25:30Z,2026-08-10T07:25:30+0200,4362fe35-cfeb-4c3c-9399-26381c363872,2026-07-26T00:15:00Z,2026-07-26T02:15:00+0200,4857.13848,MW,DE,DE_LU,forecast_onshore_wind_generation,Wind Onshore,2026-08-10T05:27:26Z
2026-08-10T05:25:30Z,2026-08-10T07:25:30+0200,4362fe35-cfeb-4c3c-9399-26381c363872,2026-07-26T00:30:00Z,2026-07-26T02:30:00+0200,4854.50636,MW,DE,DE_LU,forecast_onshore_wind_generation,Wind Onshore,2026-08-10T05:27:26Z
2026-08-10T05:25:30Z,2026-08-10T07:25:30+0200,4362fe35-cfeb-4c3c-9399-26381c363872,2026-07-26T00:45:00Z,2026-07-26T02:45:00+0200,4869.80665,MW,DE,DE_LU,forecast_onshore_wind_generation,Wind Onshore,2026-08-10T05:27:26Z
2026-08-10T05:25:30Z,2026-08-10T07:25:30+0200,4362fe35-cfeb-4c3c-9399-26381c363872,2026-07-26T01:00:00Z,2026-07-26T03:00:00+0200,4892.67208,MW,DE,DE_LU,forecast_onshore_wind_generation,Wind Onshore,2026-08-10T05:27:26Z
2026-08-10T05:25:30Z,2026-08-10T07:25:30+0200,4362fe35-cfeb-4c3c-9399-26381c363872,2026-07-26T01:15:00Z,2026-07-26T03:15:00+0200,5016.78371,MW,DE,DE_LU,forecast_onshore_wind_generation,Wind Onshore,2026-08-10T05:27:26Z
2026-08-10T05:25:30Z,2026-08-10T07:25:30+0200,4362fe35-cfeb-4c3c-9399-26381c363872,2026-07-26T01:30:00Z,2026-07-26T03:30:00+0200,5144.00661,MW,DE,DE_LU,forecast_onshore_wind_generation,Wind Onshore,2026-08-10T05:27:26Z
2026-08-10T05:25:30Z,2026-08-10T07:25:30+0200,4362fe35-cfeb-4c3c-9399-26381c363872,2026-07-26T01:45:00Z,2026-07-26T03:45:00+0200,5271.41773,MW,DE,DE_LU,forecast_onshore_wind_generation,Wind Onshore,2026-08-10T05:27:26Z
2026-08-10T05:25:30Z,2026-08-10T07:25:30+0200,4362fe35-cfeb-4c3c-9399-26381c363872,2026-07-26T02:00:00Z,2026-07-26T04:00:00+0200,5402.45775,MW,DE,DE_LU,forecast_onshore_wind_generation,Wind Onshore,2026-08-10T05:27:26Z
2026-08-10T05:25:30Z,2026-08-10T07:25:30+0200,4362fe35-cfeb-4c3c-9399-26381c363872,2026-07-26T02:15:00Z,2026-07-26T04:15:00+0200,5580.63345,MW,DE,DE_LU,forecast_onshore_wind_generation,Wind Onshore,2026-08-10T05:27:26Z
2026-08-10T05:25:30Z,2026-08-10T07:25:30+0200,4362fe35-cfeb-4c3c-9399-26381c363872,2026-07-26T02:30:00Z,2026-07-26T04:30:00+0200,5752.59016,MW,DE,DE_LU,forecast_onshore_wind_generation,Wind Onshore,2026-08-10T05:27:26Z
2026-08-10T05:25:30Z,2026-08-10T07:25:30+0200,4362fe35-cfeb-4c3c-9399-26381c363872,2026-07-26T02:45:00Z,2026-07-26T04:45:00+0200,5918.6524,MW,DE,DE_LU,forecast_onshore_wind_generation,Wind Onshore,2026-08-10T05:27:26Z
2026-08-10T05:25:30Z,2026-08-10T07:25:30+0200,4362fe35-cfeb-4c3c-9399-26381c363872,2026-07-26T03:00:00Z,2026-07-26T05:00:00+0200,6087.52664,MW,DE,DE_LU,forecast_onshore_wind_generation,Wind Onshore,2026-08-10T05:27:26Z
2026-08-10T05:25:30Z,2026-08-10T07:25:30+0200,4362fe35-cfeb-4c3c-9399-26381c363872,2026-07-26T03:15:00Z,2026-07-26T05:15:00+0200,6285.0587,MW,DE,DE_LU,forecast_onshore_wind_generation,Wind Onshore,2026-08-10T05:27:26Z
2026-08-10T05:25:30Z,2026-08-10T07:25:30+0200,4362fe35-cfeb-4c3c-9399-26381c363872,2026-07-26T03:30:00Z,2026-07-26T05:30:00+0200,6487.30913,MW,DE,DE_LU,forecast_onshore_wind_generation,Wind Onshore,2026-08-10T05:27:26Z
2026-08-10T05:25:30Z,2026-08-10T07:25:30+0200,4362fe35-cfeb-4c3c-9399-26381c363872,2026-07-26T03:45:00Z,2026-07-26T05:45:00+0200,6678.75165,MW,DE,DE_LU,forecast_onshore_wind_generation,Wind Onshore,2026-08-10T05:27:26Z
2026-08-10T05:25:30Z,2026-08-10T07:25:30+0200,4362fe35-cfeb-4c3c-9399-26381c363872,2026-07-26T04:00:00Z,2026-07-26T06:00:00+0200,6924.9489,MW,DE,DE_LU,forecast_onshore_wind_generation,Wind Onshore,2026-08-10T05:27:26Z
2026-08-10T05:25:30Z,2026-08-10T07:25:30+0200,4362fe35-cfeb-4c3c-9399-26381c363872,2026-07-26T04:15:00Z,2026-07-26T06:15:00+0200,7069.94408,MW,DE,DE_LU,forecast_onshore_wind_generation,Wind Onshore,2026-08-10T05:27:26Z
2026-08-10T05:25:30Z,2026-08-10T07:25:30+0200,4362fe35-cfeb-4c3c-9399-26381c363872,2026-07-26T04:30:00Z,2026-07-26T06:30:00+0200,7228.733,MW,DE,DE_LU,forecast_onshore_wind_generation,Wind Onshore,2026-08-10T05:27:26Z
2026-08-10T05:25:30Z,2026-08-10T07:25:30+0200,4362fe35-cfeb-4c3c-9399-26381c363872,2026-07-26T04:45:00Z,2026-07-26T06:45:00+0200,7342.02,MW,DE,DE_LU,forecast_onshore_wind_generation,Wind Onshore,2026-08-10T05:27:26Z
2026-08-10T05:25:30Z,2026-08-10T07:25:30+0200,4362fe35-cfeb-4c3c-9399-26381c363872,2026-07-26T05:00:00Z,2026-07-26T07:00:00+0200,7438.84664,MW,DE,DE_LU,forecast_onshore_wind_generation,Wind Onshore,2026-08-10T05:27:26Z
2026-08-10T05:25:30Z,2026-08-10T07:25:30+0200,4362fe35-cfeb-4c3c-9399-26381c363872,2026-07-26T05:15:00Z,2026-07-26T07:15:00+0200,7352.68367,MW,DE,DE_LU,forecast_onshore_wind_generation,Wind Onshore,2026-08-10T05:27:26Z
2026-08-10T05:25:30Z,2026-08-10T07:25:30+0200,4362fe35-cfeb-4c3c-9399-26381c363872,2026-07-26T05:30:00Z,2026-07-26T07:30:00+0200,7286.28206,MW,DE,DE_LU,forecast_onshore_wind_generation,Wind Onshore,2026-08-10T05:27:26Z
2026-08-10T05:25:30Z,2026-08-10T07:25:30+0200,4362fe35-cfeb-4c3c-9399-26381c363872,2026-07-26T05:45:00Z,2026-07-26T07:45:00+0200,7231.18745,MW,DE,DE_LU,forecast_onshore_wind_generation,Wind Onshore,2026-08-10T05:27:26Z
2026-08-10T05:25:30Z,2026-08-10T07:25:30+0200,4362fe35-cfeb-4c3c-9399-26381c363872,2026-07-26T06:00:00Z,2026-07-26T08:00:00+0200,7120.85631,MW,DE,DE_LU,forecast_onshore_wind_generation,Wind Onshore,2026-08-10T05:27:26Z
2026-08-10T05:25:30Z,2026-08-10T07:25:30+0200,4362fe35-cfeb-4c3c-9399-26381c363872,2026-07-26T06:15:00Z,2026-07-26T08:15:00+0200,6910.32244,MW,DE,DE_LU,forecast_onshore_wind_generation,Wind Onshore,2026-08-10T05:27:26Z
2026-08-10T05:25:30Z,2026-08-10T07:25:30+0200,4362fe35-cfeb-4c3c-9399-26381c363872,2026-07-26T06:30:00Z,2026-07-26T08:30:00+0200,6637.22361,MW,DE,DE_LU,forecast_onshore_wind_generation,Wind Onshore,2026-08-10T05:27:26Z
2026-08-10T05:25:30Z,2026-08-10T07:25:30+0200,4362fe35-cfeb-4c3c-9399-26381c363872,2026-07-26T06:45:00Z,2026-07-26T08:45:00+0200,6390.54621,MW,DE,DE_LU,forecast_onshore_wind_generation,Wind Onshore,2026-08-10T05:27:26Z
2026-08-10T05:25:30Z,2026-08-10T07:25:30+0200,4362fe35-cfeb-4c3c-9399-26381c363872,2026-07-26T07:00:00Z,2026-07-26T09:00:00+0200,6211.64993,MW,DE,DE_LU,forecast_onshore_wind_generation,Wind Onshore,2026-08-10T05:27:26Z
2026-08-10T05:25:30Z,2026-08-10T07:25:30+0200,4362fe35-cfeb-4c3c-9399-26381c363872,2026-07-26T07:15:00Z,2026-07-26T09:15:00+0200,6527.73648,MW,DE,DE_LU,forecast_onshore_wind_generation,Wind Onshore,2026-08-10T05:27:26Z
2026-08-10T05:25:30Z,2026-08-10T07:25:30+0200,4362fe35-cfeb-4c3c-9399-26381c363872,2026-07-26T07:30:00Z,2026-07-26T09:30:00+0200,6862.04493,MW,DE,DE_LU,forecast_onshore_wind_generation,Wind Onshore,2026-08-10T05:27:26Z
2026-08-10T05:25:30Z,2026-08-10T07:25:30+0200,4362fe35-cfeb-4c3c-9399-26381c363872,2026-07-26T07:45:00Z,2026-07-26T09:45:00+0200,7149.9448,MW,DE,DE_LU,forecast_onshore_wind_generation,Wind Onshore,2026-08-10T05:27:26Z
2026-08-10T05:25:30Z,2026-08-10T07:25:30+0200,4362fe35-cfeb-4c3c-9399-26381c363872,2026-07-26T08:00:00Z,2026-07-26T10:00:00+0200,7433.79115,MW,DE,DE_LU,forecast_onshore_wind_generation,Wind Onshore,2026-08-10T05:27:26Z
2026-08-10T05:25:30Z,2026-08-10T07:25:30+0200,4362fe35-cfeb-4c3c-9399-26381c363872,2026-07-26T08:15:00Z,2026-07-26T10:15:00+0200,7972.91585,MW,DE,DE_LU,forecast_onshore_wind_generation,Wind Onshore,2026-08-10T05:27:26Z
2026-08-10T05:25:30Z,2026-08-10T07:25:30+0200,4362fe35-cfeb-4c3c-9399-26381c363872,2026-07-26T08:30:00Z,2026-07-26T10:30:00+0200,8515.023,MW,DE,DE_LU,forecast_onshore_wind_generation,Wind Onshore,2026-08-10T05:27:26Z
2026-08-10T05:25:30Z,2026-08-10T07:25:30+0200,4362fe35-cfeb-4c3c-9399-26381c363872,2026-07-26T08:45:00Z,2026-07-26T10:45:00+0200,9005.04098,MW,DE,DE_LU,forecast_onshore_wind_generation,Wind Onshore,2026-08-10T05:27:26Z
2026-08-10T05:25:30Z,2026-08-10T07:25:30+0200,4362fe35-cfeb-4c3c-9399-26381c363872,2026-07-26T09:00:00Z,2026-07-26T11:00:00+0200,9374.33246,MW,DE,DE_LU,forecast_onshore_wind_generation,Wind Onshore,2026-08-10T05:27:26Z
2026-08-10T05:25:30Z,2026-08-10T07:25:30+0200,4362fe35-cfeb-4c3c-9399-26381c363872,2026-07-26T09:15:00Z,2026-07-26T11:15:00+0200,9804.95956,MW,DE,DE_LU,forecast_onshore_wind_generation,Wind Onshore,2026-08-10T05:27:26Z
2026-08-10T05:25:30Z,2026-08-10T07:25:30+0200,4362fe35-cfeb-4c3c-9399-26381c363872,2026-07-26T09:30:00Z,2026-07-26T11:30:00+0200,10219.95411,MW,DE,DE_LU,forecast_onshore_wind_generation,Wind Onshore,2026-08-10T05:27:26Z
2026-08-10T05:25:30Z,2026-08-10T07:25:30+0200,4362fe35-cfeb-4c3c-9399-26381c363872,2026-07-26T09:45:00Z,2026-07-26T11:45:00+0200,10626.63463,MW,DE,DE_LU,forecast_onshore_wind_generation,Wind Onshore,2026-08-10T05:27:26Z
2026-08-10T05:25:30Z,2026-08-10T07:25:30+0200,4362fe35-cfeb-4c3c-9399-26381c363872,2026-07-26T10:00:00Z,2026-07-26T12:00:00+0200,11084.787,MW,DE,DE_LU,forecast_onshore_wind_generation,Wind Onshore,2026-08-10T05:27:26Z
2026-08-10T05:25:30Z,2026-08-10T07:25:30+0200,4362fe35-cfeb-4c3c-9399-26381c363872,2026-07-26T10:15:00Z,2026-07-26T12:15:00+0200,11482.56722,MW,DE,DE_LU,forecast_onshore_wind_generation,Wind Onshore,2026-08-10T05:27:26Z
2026-08-10T05:25:30Z,2026-08-10T07:25:30+0200,4362fe35-cfeb-4c3c-9399-26381c363872,2026-07-26T10:30:00Z,2026-07-26T12:30:00+0200,11916.80838,MW,DE,DE_LU,forecast_onshore_wind_generation,Wind Onshore,2026-08-10T05:27:26Z
2026-08-10T05:25:30Z,2026-08-10T07:25:30+0200,4362fe35-cfeb-4c3c-9399-26381c363872,2026-07-26T10:45:00Z,2026-07-26T12:45:00+0200,12308.40802,MW,DE,DE_LU,forecast_onshore_wind_generation,Wind Onshore,2026-08-10T05:27:26Z
2026-08-10T05:25:30Z,2026-08-10T07:25:30+0200,4362fe35-cfeb-4c3c-9399-26381c363872,2026-07-26T11:00:00Z,2026-07-26T13:00:00+0200,12699.8671,MW,DE,DE_LU,forecast_onshore_wind_generation,Wind Onshore,2026-08-10T05:27:26Z
2026-08-10T05:25:30Z,2026-08-10T07:25:30+0200,4362fe35-cfeb-4c3c-9399-26381c363872,2026-07-26T11:15:00Z,2026-07-26T13:15:00+0200,13001.33967,MW,DE,DE_LU,forecast_onshore_wind_generation,Wind Onshore,2026-08-10T05:27:26Z
2026-08-10T05:25:30Z,2026-08-10T07:25:30+0200,4362fe35-cfeb-4c3c-9399-26381c363872,2026-07-26T11:30:00Z,2026-07-26T13:30:00+0200,13289.59722,MW,DE,DE_LU,forecast_onshore_wind_generation,Wind Onshore,2026-08-10T05:27:26Z
2026-08-10T05:25:30Z,2026-08-10T07:25:30+0200,4362fe35-cfeb-4c3c-9399-26381c363872,2026-07-26T11:45:00Z,2026-07-26T13:45:00+0200,13629.92733,MW,DE,DE_LU,forecast_onshore_wind_generation,Wind Onshore,2026-08-10T05:27:26Z
2026-08-10T05:25:30Z,2026-08-10T07:25:30+0200,4362fe35-cfeb-4c3c-9399-26381c363872,2026-07-26T12:00:00Z,2026-07-26T14:00:00+0200,13957.12112,MW,DE,DE_LU,forecast_onshore_wind_generation,Wind Onshore,2026-08-10T05:27:26Z
2026-08-10T05:25:30Z,2026-08-10T07:25:30+0200,4362fe35-cfeb-4c3c-9399-26381c363872,2026-07-26T12:15:00Z,2026-07-26T14:15:00+0200,14302.46238,MW,DE,DE_LU,forecast_onshore_wind_generation,Wind Onshore,2026-08-10T05:27:26Z
2026-08-10T05:25:30Z,2026-08-10T07:25:30+0200,4362fe35-cfeb-4c3c-9399-26381c363872,2026-07-26T12:30:00Z,2026-07-26T14:30:00+0200,14695.55689,MW,DE,DE_LU,forecast_onshore_wind_generation,Wind Onshore,2026-08-10T05:27:26Z
2026-08-10T05:25:30Z,2026-08-10T07:25:30+0200,4362fe35-cfeb-4c3c-9399-26381c363872,2026-07-26T12:45:00Z,2026-07-26T14:45:00+0200,15086.73221,MW,DE,DE_LU,forecast_onshore_wind_generation,Wind Onshore,2026-08-10T05:27:26Z
2026-08-10T05:25:30Z,2026-08-10T07:25:30+0200,4362fe35-cfeb-4c3c-9399-26381c363872,2026-07-26T13:00:00Z,2026-07-26T15:00:00+0200,15511.5116,MW,DE,DE_LU,forecast_onshore_wind_generation,Wind Onshore,2026-08-10T05:27:26Z
2026-08-10T05:25:30Z,2026-08-10T07:25:30+0200,4362fe35-cfeb-4c3c-9399-26381c363872,2026-07-26T13:15:00Z,2026-07-26T15:15:00+0200,15895.61816,MW,DE,DE_LU,forecast_onshore_wind_generation,Wind Onshore,2026-08-10T05:27:26Z
2026-08-10T05:25:30Z,2026-08-10T07:25:30+0200,4362fe35-cfeb-4c3c-9399-26381c363872,2026-07-26T13:30:00Z,2026-07-26T15:30:00+0200,16312.99721,MW,DE,DE_LU,forecast_onshore_wind_generation,Wind Onshore,2026-08-10T05:27:26Z
2026-08-10T05:25:30Z,2026-08-10T07:25:30+0200,4362fe35-cfeb-4c3c-9399-26381c363872,2026-07-26T13:45:00Z,2026-07-26T15:45:00+0200,16738.23334,MW,DE,DE_LU,forecast_onshore_wind_generation,Wind Onshore,2026-08-10T05:27:26Z
2026-08-10T05:25:30Z,2026-08-10T07:25:30+0200,4362fe35-cfeb-4c3c-9399-26381c363872,2026-07-26T14:00:00Z,2026-07-26T16:00:00+0200,17180.18964,MW,DE,DE_LU,forecast_onshore_wind_generation,Wind Onshore,2026-08-10T05:27:26Z
2026-08-10T05:25:30Z,2026-08-10T07:25:30+0200,4362fe35-cfeb-4c3c-9399-26381c363872,2026-07-26T14:15:00Z,2026-07-26T16:15:00+0200,17626.6278,MW,DE,DE_LU,forecast_onshore_wind_generation,Wind Onshore,2026-08-10T05:27:26Z
2026-08-10T05:25:30Z,2026-08-10T07:25:30+0200,4362fe35-cfeb-4c3c-9399-26381c363872,2026-07-26T14:30:00Z,2026-07-26T16:30:00+0200,17924.45368,MW,DE,DE_LU,forecast_onshore_wind_generation,Wind Onshore,2026-08-10T05:27:26Z
2026-08-10T05:25:30Z,2026-08-10T07:25:30+0200,4362fe35-cfeb-4c3c-9399-26381c363872,2026-07-26T14:45:00Z,2026-07-26T16:45:00+0200,18333.92895,MW,DE,DE_LU,forecast_onshore_wind_generation,Wind Onshore,2026-08-10T05:27:26Z
2026-08-10T05:25:30Z,2026-08-10T07:25:30+0200,4362fe35-cfeb-4c3c-9399-26381c363872,2026-07-26T15:00:00Z,2026-07-26T17:00:00+0200,18734.71709,MW,DE,DE_LU,forecast_onshore_wind_generation,Wind Onshore,2026-08-10T05:27:26Z
2026-08-10T05:25:30Z,2026-08-10T07:25:30+0200,4362fe35-cfeb-4c3c-9399-26381c363872,2026-07-26T15:15:00Z,2026-07-26T17:15:00+0200,18923.41731,MW,DE,DE_LU,forecast_onshore_wind_generation,Wind Onshore,2026-08-10T05:27:26Z
2026-08-10T05:25:30Z,2026-08-10T07:25:30+0200,4362fe35-cfeb-4c3c-9399-26381c363872,2026-07-26T15:30:00Z,2026-07-26T17:30:00+0200,19086.69781,MW,DE,DE_LU,forecast_onshore_wind_generation,Wind Onshore,2026-08-10T05:27:26Z
2026-08-10T05:25:30Z,2026-08-10T07:25:30+0200,4362fe35-cfeb-4c3c-9399-26381c363872,2026-07-26T15:45:00Z,2026-07-26T17:45:00+0200,19009.93683,MW,DE,DE_LU,forecast_onshore_wind_generation,Wind Onshore,2026-08-10T05:27:26Z
2026-08-10T05:25:30Z,2026-08-10T07:25:30+0200,4362fe35-cfeb-4c3c-9399-26381c363872,2026-07-26T16:00:00Z,2026-07-26T18:00:00+0200,18911.04189,MW,DE,DE_LU,forecast_onshore_wind_generation,Wind Onshore,2026-08-10T05:27:26Z
2026-08-10T05:25:30Z,2026-08-10T07:25:30+0200,4362fe35-cfeb-4c3c-9399-26381c363872,2026-07-26T16:15:00Z,2026-07-26T18:15:00+0200,18534.29563,MW,DE,DE_LU,forecast_onshore_wind_generation,Wind Onshore,2026-08-10T05:27:26Z
2026-08-10T05:25:30Z,2026-08-10T07:25:30+0200,4362fe35-cfeb-4c3c-9399-26381c363872,2026-07-26T16:30:00Z,2026-07-26T18:30:00+0200,18248.90142,MW,DE,DE_LU,forecast_onshore_wind_generation,Wind Onshore,2026-08-10T05:27:26Z
2026-08-10T05:25:30Z,2026-08-10T07:25:30+0200,4362fe35-cfeb-4c3c-9399-26381c363872,2026-07-26T16:45:00Z,2026-07-26T18:45:00+0200,17961.91303,MW,DE,DE_LU,forecast_onshore_wind_generation,Wind Onshore,2026-08-10T05:27:26Z
2026-08-10T05:25:30Z,2026-08-10T07:25:30+0200,4362fe35-cfeb-4c3c-9399-26381c363872,2026-07-26T17:00:00Z,2026-07-26T19:00:00+0200,17681.50461,MW,DE,DE_LU,forecast_onshore_wind_generation,Wind Onshore,2026-08-10T05:27:26Z
2026-08-10T05:25:30Z,2026-08-10T07:25:30+0200,4362fe35-cfeb-4c3c-9399-26381c363872,2026-07-26T17:15:00Z,2026-07-26T19:15:00+0200,17327.52641,MW,DE,DE_LU,forecast_onshore_wind_generation,Wind Onshore,2026-08-10T05:27:26Z
2026-08-10T05:25:30Z,2026-08-10T07:25:30+0200,4362fe35-cfeb-4c3c-9399-26381c363872,2026-07-26T17:30:00Z,2026-07-26T19:30:00+0200,16978.7031,MW,DE,DE_LU,forecast_onshore_wind_generation,Wind Onshore,2026-08-10T05:27:26Z
2026-08-10T05:25:30Z,2026-08-10T07:25:30+0200,4362fe35-cfeb-4c3c-9399-26381c363872,2026-07-26T17:45:00Z,2026-07-26T19:45:00+0200,16647.91938,MW,DE,DE_LU,forecast_onshore_wind_generation,Wind Onshore,2026-08-10T05:27:26Z
2026-08-10T05:25:30Z,2026-08-10T07:25:30+0200,4362fe35-cfeb-4c3c-9399-26381c363872,2026-07-26T18:00:00Z,2026-07-26T20:00:00+0200,16333.6868,MW,DE,DE_LU,forecast_onshore_wind_generation,Wind Onshore,2026-08-10T05:27:26Z
2026-08-10T05:25:30Z,2026-08-10T07:25:30+0200,4362fe35-cfeb-4c3c-9399-26381c363872,2026-07-26T18:15:00Z,2026-07-26T20:15:00+0200,16221.26958,MW,DE,DE_LU,forecast_onshore_wind_generation,Wind Onshore,2026-08-10T05:27:26Z
2026-08-10T05:25:30Z,2026-08-10T07:25:30+0200,4362fe35-cfeb-4c3c-9399-26381c363872,2026-07-26T18:30:00Z,2026-07-26T20:30:00+0200,16099.33361,MW,DE,DE_LU,forecast_onshore_wind_generation,Wind Onshore,2026-08-10T05:27:26Z
2026-08-10T05:25:30Z,2026-08-10T07:25:30+0200,4362fe35-cfeb-4c3c-9399-26381c363872,2026-07-26T18:45:00Z,2026-07-26T20:45:00+0200,15945.78757,MW,DE,DE_LU,forecast_onshore_wind_generation,Wind Onshore,2026-08-10T05:27:26Z
2026-08-10T05:25:30Z,2026-08-10T07:25:30+0200,4362fe35-cfeb-4c3c-9399-26381c363872,2026-07-26T19:00:00Z,2026-07-26T21:00:00+0200,15860.29237,MW,DE,DE_LU,forecast_onshore_wind_generation,Wind Onshore,2026-08-10T05:27:26Z
2026-08-10T05:25:30Z,2026-08-10T07:25:30+0200,4362fe35-cfeb-4c3c-9399-26381c363872,2026-07-26T19:15:00Z,2026-07-26T21:15:00+0200,15932.27934,MW,DE,DE_LU,forecast_onshore_wind_generation,Wind Onshore,2026-08-10T05:27:26Z
2026-08-10T05:25:30Z,2026-08-10T07:25:30+0200,4362fe35-cfeb-4c3c-9399-26381c363872,2026-07-26T19:30:00Z,2026-07-26T21:30:00+0200,16029.38783,MW,DE,DE_LU,forecast_onshore_wind_generation,Wind Onshore,2026-08-10T05:27:26Z
2026-08-10T05:25:30Z,2026-08-10T07:25:30+0200,4362fe35-cfeb-4c3c-9399-26381c363872,2026-07-26T19:45:00Z,2026-07-26T21:45:00+0200,16168.44445,MW,DE,DE_LU,forecast_onshore_wind_generation,Wind Onshore,2026-08-10T05:27:26Z
2026-08-10T05:25:30Z,2026-08-10T07:25:30+0200,4362fe35-cfeb-4c3c-9399-26381c363872,2026-07-26T20:00:00Z,2026-07-26T22:00:00+0200,16100.64476,MW,DE,DE_LU,forecast_onshore_wind_generation,Wind Onshore,2026-08-10T05:27:26Z
2026-08-10T05:25:30Z,2026-08-10T07:25:30+0200,4362fe35-cfeb-4c3c-9399-26381c363872,2026-07-26T20:15:00Z,2026-07-26T22:15:00+0200,16430.61328,MW,DE,DE_LU,forecast_onshore_wind_generation,Wind Onshore,2026-08-10T05:27:26Z
2026-08-10T05:25:30Z,2026-08-10T07:25:30+0200,4362fe35-cfeb-4c3c-9399-26381c363872,2026-07-26T20:30:00Z,2026-07-26T22:30:00+0200,16766.7358,MW,DE,DE_LU,forecast_onshore_wind_generation,Wind Onshore,2026-08-10T05:27:26Z
2026-08-10T05:25:30Z,2026-08-10T07:25:30+0200,4362fe35-cfeb-4c3c-9399-26381c363872,2026-07-26T20:45:00Z,2026-07-26T22:45:00+0200,17093.24913,MW,DE,DE_LU,forecast_onshore_wind_generation,Wind Onshore,2026-08-10T05:27:26Z
2026-08-10T05:25:30Z,2026-08-10T07:25:30+0200,4362fe35-cfeb-4c3c-9399-26381c363872,2026-07-26T21:00:00Z,2026-07-26T23:00:00+0200,17424.28839,MW,DE,DE_LU,forecast_onshore_wind_generation,Wind Onshore,2026-08-10T05:27:26Z
2026-08-10T05:25:30Z,2026-08-10T07:25:30+0200,4362fe35-cfeb-4c3c-9399-26381c363872,2026-07-26T21:15:00Z,2026-07-26T23:15:00+0200,17873.75093,MW,DE,DE_LU,forecast_onshore_wind_generation,Wind Onshore,2026-08-10T05:27:26Z
2026-08-10T05:25:30Z,2026-08-10T07:25:30+0200,4362fe35-cfeb-4c3c-9399-26381c363872,2026-07-26T21:30:00Z,2026-07-26T23:30:00+0200,18327.76525,MW,DE,DE_LU,forecast_onshore_wind_generation,Wind Onshore,2026-08-10T05:27:26Z
2026-08-10T05:25:30Z,2026-08-10T07:25:30+0200,4362fe35-cfeb-4c3c-9399-26381c363872,2026-07-26T21:45:00Z,2026-07-26T23:45:00+0200,18801.4233,MW,DE,DE_LU,forecast_onshore_wind_generation,Wind Onshore,2026-08-10T05:27:26Z
2026-08-10T05:25:30Z,2026-08-10T07:25:30+0200,4362fe35-cfeb-4c3c-9399-26381c363872,2026-07-26T22:00:00Z,2026-07-27T00:00:00+0200,28027.74917,MW,DE,DE_LU,forecast_onshore_wind_generation,Wind Onshore,2026-08-10T05:27:26Z
2026-08-10T05:25:30Z,2026-08-10T07:25:30+0200,4362fe35-cfeb-4c3c-9399-26381c363872,2026-07-26T22:15:00Z,2026-07-27T00:15:00+0200,28243.4605,MW,DE,DE_LU,forecast_onshore_wind_generation,Wind Onshore,2026-08-10T05:27:26Z
2026-08-10T05:25:30Z,2026-08-10T07:25:30+0200,4362fe35-cfeb-4c3c-9399-26381c363872,2026-07-26T22:30:00Z,2026-07-27T00:30:00+0200,28450.37741,MW,DE,DE_LU,forecast_onshore_wind_generation,Wind Onshore,2026-08-10T05:27:26Z
2026-08-10T05:25:30Z,2026-08-10T07:25:30+0200,4362fe35-cfeb-4c3c-9399-26381c363872,2026-07-26T22:45:00Z,2026-07-27T00:45:00+0200,28665.70047,MW,DE,DE_LU,forecast_onshore_wind_generation,Wind Onshore,2026-08-10T05:27:26Z
2026-08-10T05:25:30Z,2026-08-10T07:25:30+0200,4362fe35-cfeb-4c3c-9399-26381c363872,2026-07-26T23:00:00Z,2026-07-27T01:00:00+0200,28853.88734,MW,DE,DE_LU,forecast_onshore_wind_generation,Wind Onshore,2026-08-10T05:27:26Z
2026-08-10T05:25:30Z,2026-08-10T07:25:30+0200,4362fe35-cfeb-4c3c-9399-26381c363872,2026-07-26T23:15:00Z,2026-07-27T01:15:00+0200,28839.55046,MW,DE,DE_LU,forecast_onshore_wind_generation,Wind Onshore,2026-08-10T05:27:26Z
2026-08-10T05:25:30Z,2026-08-10T07:25:30+0200,4362fe35-cfeb-4c3c-9399-26381c363872,2026-07-26T23:30:00Z,2026-07-27T01:30:00+0200,28783.96737,MW,DE,DE_LU,forecast_onshore_wind_generation,Wind Onshore,2026-08-10T05:27:26Z
2026-08-10T05:25:30Z,2026-08-10T07:25:30+0200,4362fe35-cfeb-4c3c-9399-26381c363872,2026-07-26T23:45:00Z,2026-07-27T01:45:00+0200,28672.60485,MW,DE,DE_LU,forecast_onshore_wind_generation,Wind Onshore,2026-08-10T05:27:26Z
2026-08-10T05:25:30Z,2026-08-10T07:25:30+0200,4362fe35-cfeb-4c3c-9399-26381c363872,2026-07-27T00:00:00Z,2026-07-27T02:00:00+0200,28384.14463,MW,DE,DE_LU,forecast_onshore_wind_generation,Wind Onshore,2026-08-10T05:27:26Z
2026-08-10T05:25:30Z,2026-08-10T07:25:30+0200,4362fe35-cfeb-4c3c-9399-26381c363872,2026-07-27T00:15:00Z,2026-07-27T02:15:00+0200,28040.35214,MW,DE,DE_LU,forecast_onshore_wind_generation,Wind Onshore,2026-08-10T05:27:26Z
2026-08-10T05:25:30Z,2026-08-10T07:25:30+0200,4362fe35-cfeb-4c3c-9399-26381c363872,2026-07-27T00:30:00Z,2026-07-27T02:30:00+0200,27744.44667,MW,DE,DE_LU,forecast_onshore_wind_generation,Wind Onshore,2026-08-10T05:27:26Z
2026-08-10T05:25:30Z,2026-08-10T07:25:30+0200,4362fe35-cfeb-4c3c-9399-26381c363872,2026-07-27T00:45:00Z,2026-07-27T02:45:00+0200,27487.20748,MW,DE,DE_LU,forecast_onshore_wind_generation,Wind Onshore,2026-08-10T05:27:26Z
2026-08-10T05:25:30Z,2026-08-10T07:25:30+0200,4362fe35-cfeb-4c3c-9399-26381c363872,2026-07-27T01:00:00Z,2026-07-27T03:00:00+0200,27241.88629,MW,DE,DE_LU,forecast_onshore_wind_generation,Wind Onshore,2026-08-10T05:27:26Z
2026-08-10T05:25:30Z,2026-08-10T07:25:30+0200,4362fe35-cfeb-4c3c-9399-26381c363872,2026-07-27T01:15:00Z,2026-07-27T03:15:00+0200,27007.90915,MW,DE,DE_LU,forecast_onshore_wind_generation,Wind Onshore,2026-08-10T05:27:26Z
2026-08-10T05:25:30Z,2026-08-10T07:25:30+0200,4362fe35-cfeb-4c3c-9399-26381c363872,2026-07-27T01:30:00Z,2026-07-27T03:30:00+0200,26808.7517,MW,DE,DE_LU,forecast_onshore_wind_generation,Wind Onshore,2026-08-10T05:27:26Z
2026-08-10T05:25:30Z,2026-08-10T07:25:30+0200,4362fe35-cfeb-4c3c-9399-26381c363872,2026-07-27T01:45:00Z,2026-07-27T03:45:00+0200,26625.39086,MW,DE,DE_LU,forecast_onshore_wind_generation,Wind Onshore,2026-08-10T05:27:26Z
2026-08-10T05:25:30Z,2026-08-10T07:25:30+0200,4362fe35-cfeb-4c3c-9399-26381c363872,2026-07-27T02:00:00Z,2026-07-27T04:00:00+0200,26430.74496,MW,DE,DE_LU,forecast_onshore_wind_generation,Wind Onshore,2026-08-10T05:27:26Z
2026-08-10T05:25:30Z,2026-08-10T07:25:30+0200,4362fe35-cfeb-4c3c-9399-26381c363872,2026-07-27T02:15:00Z,2026-07-27T04:15:00+0200,26229.37071,MW,DE,DE_LU,forecast_onshore_wind_generation,Wind Onshore,2026-08-10T05:27:26Z
2026-08-10T05:25:30Z,2026-08-10T07:25:30+0200,4362fe35-cfeb-4c3c-9399-26381c363872,2026-07-27T02:30:00Z,2026-07-27T04:30:00+0200,26016.57682,MW,DE,DE_LU,forecast_onshore_wind_generation,Wind Onshore,2026-08-10T05:27:26Z
2026-08-10T05:25:30Z,2026-08-10T07:25:30+0200,4362fe35-cfeb-4c3c-9399-26381c363872,2026-07-27T02:45:00Z,2026-07-27T04:45:00+0200,25789.83601,MW,DE,DE_LU,forecast_onshore_wind_generation,Wind Onshore,2026-08-10T05:27:26Z
2026-08-10T05:25:30Z,2026-08-10T07:25:30+0200,4362fe35-cfeb-4c3c-9399-26381c363872,2026-07-27T03:00:00Z,2026-07-27T05:00:00+0200,25557.3775,MW,DE,DE_LU,forecast_onshore_wind_generation,Wind Onshore,2026-08-10T05:27:26Z
2026-08-10T05:25:30Z,2026-08-10T07:25:30+0200,4362fe35-cfeb-4c3c-9399-26381c363872,2026-07-27T03:15:00Z,2026-07-27T05:15:00+0200,25207.28288,MW,DE,DE_LU,forecast_onshore_wind_generation,Wind Onshore,2026-08-10T05:27:26Z
2026-08-10T05:25:30Z,2026-08-10T07:25:30+0200,4362fe35-cfeb-4c3c-9399-26381c363872,2026-07-27T03:30:00Z,2026-07-27T05:30:00+0200,24844.47389,MW,DE,DE_LU,forecast_onshore_wind_generation,Wind Onshore,2026-08-10T05:27:26Z
2026-08-10T05:25:30Z,2026-08-10T07:25:30+0200,4362fe35-cfeb-4c3c-9399-26381c363872,2026-07-27T03:45:00Z,2026-07-27T05:45:00+0200,24446.96109,MW,DE,DE_LU,forecast_onshore_wind_generation,Wind Onshore,2026-08-10T05:27:26Z
2026-08-10T05:25:30Z,2026-08-10T07:25:30+0200,4362fe35-cfeb-4c3c-9399-26381c363872,2026-07-27T04:00:00Z,2026-07-27T06:00:00+0200,24522.52333,MW,DE,DE_LU,forecast_onshore_wind_generation,Wind Onshore,2026-08-10T05:27:26Z
2026-08-10T05:25:30Z,2026-08-10T07:25:30+0200,4362fe35-cfeb-4c3c-9399-26381c363872,2026-07-27T04:15:00Z,2026-07-27T06:15:00+0200,24023.47899,MW,DE,DE_LU,forecast_onshore_wind_generation,Wind Onshore,2026-08-10T05:27:26Z
2026-08-10T05:25:30Z,2026-08-10T07:25:30+0200,4362fe35-cfeb-4c3c-9399-26381c363872,2026-07-27T04:30:00Z,2026-07-27T06:30:00+0200,23511.54028,MW,DE,DE_LU,forecast_onshore_wind_generation,Wind Onshore,2026-08-10T05:27:26Z
2026-08-10T05:25:30Z,2026-08-10T07:25:30+0200,4362fe35-cfeb-4c3c-9399-26381c363872,2026-07-27T04:45:00Z,2026-07-27T06:45:00+0200,22958.41279,MW,DE,DE_LU,forecast_onshore_wind_generation,Wind Onshore,2026-08-10T05:27:26Z
2026-08-10T05:25:30Z,2026-08-10T07:25:30+0200,4362fe35-cfeb-4c3c-9399-26381c363872,2026-07-27T05:00:00Z,2026-07-27T07:00:00+0200,22405.31573,MW,DE,DE_LU,forecast_onshore_wind_generation,Wind Onshore,2026-08-10T05:27:26Z
2026-08-10T05:25:30Z,2026-08-10T07:25:30+0200,4362fe35-cfeb-4c3c-9399-26381c363872,2026-07-27T05:15:00Z,2026-07-27T07:15:00+0200,21909.71433,MW,DE,DE_LU,forecast_onshore_wind_generation,Wind Onshore,2026-08-10T05:27:26Z
2026-08-10T05:25:30Z,2026-08-10T07:25:30+0200,4362fe35-cfeb-4c3c-9399-26381c363872,2026-07-27T05:30:00Z,2026-07-27T07:30:00+0200,21383.49615,MW,DE,DE_LU,forecast_onshore_wind_generation,Wind Onshore,2026-08-10T05:27:26Z
2026-08-10T05:25:30Z,2026-08-10T07:25:30+0200,4362fe35-cfeb-4c3c-9399-26381c363872,2026-07-27T05:45:00Z,2026-07-27T07:45:00+0200,20783.95368,MW,DE,DE_LU,forecast_onshore_wind_generation,Wind Onshore,2026-08-10T05:27:26Z
2026-08-10T05:25:30Z,2026-08-10T07:25:30+0200,4362fe35-cfeb-4c3c-9399-26381c363872,2026-07-27T06:00:00Z,2026-07-27T08:00:00+0200,20252.39352,MW,DE,DE_LU,forecast_onshore_wind_generation,Wind Onshore,2026-08-10T05:27:26Z
2026-08-10T05:25:30Z,2026-08-10T07:25:30+0200,4362fe35-cfeb-4c3c-9399-26381c363872,2026-07-27T06:15:00Z,2026-07-27T08:15:00+0200,19912.10722,MW,DE,DE_LU,forecast_onshore_wind_generation,Wind Onshore,2026-08-10T05:27:26Z
2026-08-10T05:25:30Z,2026-08-10T07:25:30+0200,4362fe35-cfeb-4c3c-9399-26381c363872,2026-07-27T06:30:00Z,2026-07-27T08:30:00+0200,19711.0653,MW,DE,DE_LU,forecast_onshore_wind_generation,Wind Onshore,2026-08-10T05:27:26Z
2026-08-10T05:25:30Z,2026-08-10T07:25:30+0200,4362fe35-cfeb-4c3c-9399-26381c363872,2026-07-27T06:45:00Z,2026-07-27T08:45:00+0200,19731.6964,MW,DE,DE_LU,forecast_onshore_wind_generation,Wind Onshore,2026-08-10T05:27:26Z
2026-08-10T05:25:30Z,2026-08-10T07:25:30+0200,4362fe35-cfeb-4c3c-9399-26381c363872,2026-07-27T07:00:00Z,2026-07-27T09:00:00+0200,19745.47194,MW,DE,DE_LU,forecast_onshore_wind_generation,Wind Onshore,2026-08-10T05:27:26Z
2026-08-10T05:25:30Z,2026-08-10T07:25:30+0200,4362fe35-cfeb-4c3c-9399-26381c363872,2026-07-27T07:15:00Z,2026-07-27T09:15:00+0200,19767.42075,MW,DE,DE_LU,forecast_onshore_wind_generation,Wind Onshore,2026-08-10T05:27:26Z
2026-08-10T05:25:30Z,2026-08-10T07:25:30+0200,4362fe35-cfeb-4c3c-9399-26381c363872,2026-07-27T07:30:00Z,2026-07-27T09:30:00+0200,19813.97352,MW,DE,DE_LU,forecast_onshore_wind_generation,Wind Onshore,2026-08-10T05:27:26Z
2026-08-10T05:25:30Z,2026-08-10T07:25:30+0200,4362fe35-cfeb-4c3c-9399-26381c363872,2026-07-27T07:45:00Z,2026-07-27T09:45:00+0200,19878.95874,MW,DE,DE_LU,forecast_onshore_wind_generation,Wind Onshore,2026-08-10T05:27:26Z
2026-08-10T05:25:30Z,2026-08-10T07:25:30+0200,4362fe35-cfeb-4c3c-9399-26381c363872,2026-07-27T08:00:00Z,2026-07-27T10:00:00+0200,19908.39437,MW,DE,DE_LU,forecast_onshore_wind_generation,Wind Onshore,2026-08-10T05:27:26Z
2026-08-10T05:25:30Z,2026-08-10T07:25:30+0200,4362fe35-cfeb-4c3c-9399-26381c363872,2026-07-27T08:15:00Z,2026-07-27T10:15:00+0200,19906.06249,MW,DE,DE_LU,forecast_onshore_wind_generation,Wind Onshore,2026-08-10T05:27:26Z
2026-08-10T05:25:30Z,2026-08-10T07:25:30+0200,4362fe35-cfeb-4c3c-9399-26381c363872,2026-07-27T08:30:00Z,2026-07-27T10:30:00+0200,19876.69775,MW,DE,DE_LU,forecast_onshore_wind_generation,Wind Onshore,2026-08-10T05:27:26Z
2026-08-10T05:25:30Z,2026-08-10T07:25:30+0200,4362fe35-cfeb-4c3c-9399-26381c363872,2026-07-27T08:45:00Z,2026-07-27T10:45:00+0200,19792.74759,MW,DE,DE_LU,forecast_onshore_wind_generation,Wind Onshore,2026-08-10T05:27:26Z
2026-08-10T05:25:30Z,2026-08-10T07:25:30+0200,4362fe35-cfeb-4c3c-9399-26381c363872,2026-07-27T09:00:00Z,2026-07-27T11:00:00+0200,19685.09058,MW,DE,DE_LU,forecast_onshore_wind_generation,Wind Onshore,2026-08-10T05:27:26Z
2026-08-10T05:25:30Z,2026-08-10T07:25:30+0200,4362fe35-cfeb-4c3c-9399-26381c363872,2026-07-27T09:15:00Z,2026-07-27T11:15:00+0200,19587.73575,MW,DE,DE_LU,forecast_onshore_wind_generation,Wind Onshore,2026-08-10T05:27:26Z
2026-08-10T05:25:30Z,2026-08-10T07:25:30+0200,4362fe35-cfeb-4c3c-9399-26381c363872,2026-07-27T09:30:00Z,2026-07-27T11:30:00+0200,19445.41541,MW,DE,DE_LU,forecast_onshore_wind_generation,Wind Onshore,2026-08-10T05:27:26Z
2026-08-10T05:25:30Z,2026-08-10T07:25:30+0200,4362fe35-cfeb-4c3c-9399-26381c363872,2026-07-27T09:45:00Z,2026-07-27T11:45:00+0200,19391.19445,MW,DE,DE_LU,forecast_onshore_wind_generation,Wind Onshore,2026-08-10T05:27:26Z
2026-08-10T05:25:30Z,2026-08-10T07:25:30+0200,4362fe35-cfeb-4c3c-9399-26381c363872,2026-07-27T10:00:00Z,2026-07-27T12:00:00+0200,19390.5298,MW,DE,DE_LU,forecast_onshore_wind_generation,Wind Onshore,2026-08-10T05:27:26Z
2026-08-10T05:25:30Z,2026-08-10T07:25:30+0200,4362fe35-cfeb-4c3c-9399-26381c363872,2026-07-27T10:15:00Z,2026-07-27T12:15:00+0200,19401.9195,MW,DE,DE_LU,forecast_onshore_wind_generation,Wind Onshore,2026-08-10T05:27:26Z
2026-08-10T05:25:30Z,2026-08-10T07:25:30+0200,4362fe35-cfeb-4c3c-9399-26381c363872,2026-07-27T10:30:00Z,2026-07-27T12:30:00+0200,19379.05694,MW,DE,DE_LU,forecast_onshore_wind_generation,Wind Onshore,2026-08-10T05:27:26Z
2026-08-10T05:25:30Z,2026-08-10T07:25:30+0200,4362fe35-cfeb-4c3c-9399-26381c363872,2026-07-27T10:45:00Z,2026-07-27T12:45:00+0200,19394.8123,MW,DE,DE_LU,forecast_onshore_wind_generation,Wind Onshore,2026-08-10T05:27:26Z
2026-08-10T05:25:30Z,2026-08-10T07:25:30+0200,4362fe35-cfeb-4c3c-9399-26381c363872,2026-07-27T11:00:00Z,2026-07-27T13:00:00+0200,19413.99815,MW,DE,DE_LU,forecast_onshore_wind_generation,Wind Onshore,2026-08-10T05:27:26Z
2026-08-10T05:25:30Z,2026-08-10T07:25:30+0200,4362fe35-cfeb-4c3c-9399-26381c363872,2026-07-27T11:15:00Z,2026-07-27T13:15:00+0200,19454.94221,MW,DE,DE_LU,forecast_onshore_wind_generation,Wind Onshore,2026-08-10T05:27:26Z
2026-08-10T05:25:30Z,2026-08-10T07:25:30+0200,4362fe35-cfeb-4c3c-9399-26381c363872,2026-07-27T11:30:00Z,2026-07-27T13:30:00+0200,19570.61001,MW,DE,DE_LU,forecast_onshore_wind_generation,Wind Onshore,2026-08-10T05:27:26Z
2026-08-10T05:25:30Z,2026-08-10T07:25:30+0200,4362fe35-cfeb-4c3c-9399-26381c363872,2026-07-27T11:45:00Z,2026-07-27T13:45:00+0200,19745.42309,MW,DE,DE_LU,forecast_onshore_wind_generation,Wind Onshore,2026-08-10T05:27:26Z
2026-08-10T05:25:30Z,2026-08-10T07:25:30+0200,4362fe35-cfeb-4c3c-9399-26381c363872,2026-07-27T12:00:00Z,2026-07-27T14:00:00+0200,20007.74185,MW,DE,DE_LU,forecast_onshore_wind_generation,Wind Onshore,2026-08-10T05:27:26Z
2026-08-10T05:25:30Z,2026-08-10T07:25:30+0200,4362fe35-cfeb-4c3c-9399-26381c363872,2026-07-27T12:15:00Z,2026-07-27T14:15:00+0200,20337.95954,MW,DE,DE_LU,forecast_onshore_wind_generation,Wind Onshore,2026-08-10T05:27:26Z
2026-08-10T05:25:30Z,2026-08-10T07:25:30+0200,4362fe35-cfeb-4c3c-9399-26381c363872,2026-07-27T12:30:00Z,2026-07-27T14:30:00+0200,20677.83592,MW,DE,DE_LU,forecast_onshore_wind_generation,Wind Onshore,2026-08-10T05:27:26Z
2026-08-10T05:25:30Z,2026-08-10T07:25:30+0200,4362fe35-cfeb-4c3c-9399-26381c363872,2026-07-27T12:45:00Z,2026-07-27T14:45:00+0200,21057.67286,MW,DE,DE_LU,forecast_onshore_wind_generation,Wind Onshore,2026-08-10T05:27:26Z
2026-08-10T05:25:30Z,2026-08-10T07:25:30+0200,4362fe35-cfeb-4c3c-9399-26381c363872,2026-07-27T13:00:00Z,2026-07-27T15:00:00+0200,21406.16577,MW,DE,DE_LU,forecast_onshore_wind_generation,Wind Onshore,2026-08-10T05:27:26Z
2026-08-10T05:25:30Z,2026-08-10T07:25:30+0200,4362fe35-cfeb-4c3c-9399-26381c363872,2026-07-27T13:15:00Z,2026-07-27T15:15:00+0200,21769.87021,MW,DE,DE_LU,forecast_onshore_wind_generation,Wind Onshore,2026-08-10T05:27:26Z
2026-08-10T05:25:30Z,2026-08-10T07:25:30+0200,4362fe35-cfeb-4c3c-9399-26381c363872,2026-07-27T13:30:00Z,2026-07-27T15:30:00+0200,22123.70169,MW,DE,DE_LU,forecast_onshore_wind_generation,Wind Onshore,2026-08-10T05:27:26Z
2026-08-10T05:25:30Z,2026-08-10T07:25:30+0200,4362fe35-cfeb-4c3c-9399-26381c363872,2026-07-27T13:45:00Z,2026-07-27T15:45:00+0200,22406.53105,MW,DE,DE_LU,forecast_onshore_wind_generation,Wind Onshore,2026-08-10T05:27:26Z
2026-08-10T05:25:30Z,2026-08-10T07:25:30+0200,4362fe35-cfeb-4c3c-9399-26381c363872,2026-07-27T14:00:00Z,2026-07-27T16:00:00+0200,22697.56583,MW,DE,DE_LU,forecast_onshore_wind_generation,Wind Onshore,2026-08-10T05:27:26Z
2026-08-10T05:25:30Z,2026-08-10T07:25:30+0200,4362fe35-cfeb-4c3c-9399-26381c363872,2026-07-27T14:15:00Z,2026-07-27T16:15:00+0200,22800.21634,MW,DE,DE_LU,forecast_onshore_wind_generation,Wind Onshore,2026-08-10T05:27:26Z
2026-08-10T05:25:30Z,2026-08-10T07:25:30+0200,4362fe35-cfeb-4c3c-9399-26381c363872,2026-07-27T14:30:00Z,2026-07-27T16:30:00+0200,22861.88993,MW,DE,DE_LU,forecast_onshore_wind_generation,Wind Onshore,2026-08-10T05:27:26Z
2026-08-10T05:25:30Z,2026-08-10T07:25:30+0200,4362fe35-cfeb-4c3c-9399-26381c363872,2026-07-27T14:45:00Z,2026-07-27T16:45:00+0200,22941.17975,MW,DE,DE_LU,forecast_onshore_wind_generation,Wind Onshore,2026-08-10T05:27:26Z
2026-08-10T05:25:30Z,2026-08-10T07:25:30+0200,4362fe35-cfeb-4c3c-9399-26381c363872,2026-07-27T15:00:00Z,2026-07-27T17:00:00+0200,23038.06432,MW,DE,DE_LU,forecast_onshore_wind_generation,Wind Onshore,2026-08-10T05:27:26Z
2026-08-10T05:25:30Z,2026-08-10T07:25:30+0200,4362fe35-cfeb-4c3c-9399-26381c363872,2026-07-27T15:15:00Z,2026-07-27T17:15:00+0200,22856.07276,MW,DE,DE_LU,forecast_onshore_wind_generation,Wind Onshore,2026-08-10T05:27:26Z
2026-08-10T05:25:30Z,2026-08-10T07:25:30+0200,4362fe35-cfeb-4c3c-9399-26381c363872,2026-07-27T15:30:00Z,2026-07-27T17:30:00+0200,22611.63589,MW,DE,DE_LU,forecast_onshore_wind_generation,Wind Onshore,2026-08-10T05:27:26Z
2026-08-10T05:25:30Z,2026-08-10T07:25:30+0200,4362fe35-cfeb-4c3c-9399-26381c363872,2026-07-27T15:45:00Z,2026-07-27T17:45:00+0200,22334.71208,MW,DE,DE_LU,forecast_onshore_wind_generation,Wind Onshore,2026-08-10T05:27:26Z
2026-08-10T05:25:30Z,2026-08-10T07:25:30+0200,4362fe35-cfeb-4c3c-9399-26381c363872,2026-07-27T16:00:00Z,2026-07-27T18:00:00+0200,22058.14705,MW,DE,DE_LU,forecast_onshore_wind_generation,Wind Onshore,2026-08-10T05:27:26Z
2026-08-10T05:25:30Z,2026-08-10T07:25:30+0200,4362fe35-cfeb-4c3c-9399-26381c363872,2026-07-27T16:15:00Z,2026-07-27T18:15:00+0200,21503.97012,MW,DE,DE_LU,forecast_onshore_wind_generation,Wind Onshore,2026-08-10T05:27:26Z
2026-08-10T05:25:30Z,2026-08-10T07:25:30+0200,4362fe35-cfeb-4c3c-9399-26381c363872,2026-07-27T16:30:00Z,2026-07-27T18:30:00+0200,20773.25195,MW,DE,DE_LU,forecast_onshore_wind_generation,Wind Onshore,2026-08-10T05:27:26Z
2026-08-10T05:25:30Z,2026-08-10T07:25:30+0200,4362fe35-cfeb-4c3c-9399-26381c363872,2026-07-27T16:45:00Z,2026-07-27T18:45:00+0200,20071.78106,MW,DE,DE_LU,forecast_onshore_wind_generation,Wind Onshore,2026-08-10T05:27:26Z
2026-08-10T05:25:30Z,2026-08-10T07:25:30+0200,4362fe35-cfeb-4c3c-9399-26381c363872,2026-07-27T17:00:00Z,2026-07-27T19:00:00+0200,19345.71158,MW,DE,DE_LU,forecast_onshore_wind_generation,Wind Onshore,2026-08-10T05:27:26Z
2026-08-10T05:25:30Z,2026-08-10T07:25:30+0200,4362fe35-cfeb-4c3c-9399-26381c363872,2026-07-27T17:15:00Z,2026-07-27T19:15:00+0200,18468.26682,MW,DE,DE_LU,forecast_onshore_wind_generation,Wind Onshore,2026-08-10T05:27:26Z
2026-08-10T05:25:30Z,2026-08-10T07:25:30+0200,4362fe35-cfeb-4c3c-9399-26381c363872,2026-07-27T17:30:00Z,2026-07-27T19:30:00+0200,17571.02045,MW,DE,DE_LU,forecast_onshore_wind_generation,Wind Onshore,2026-08-10T05:27:26Z
2026-08-10T05:25:30Z,2026-08-10T07:25:30+0200,4362fe35-cfeb-4c3c-9399-26381c363872,2026-07-27T17:45:00Z,2026-07-27T19:45:00+0200,16633.88059,MW,DE,DE_LU,forecast_onshore_wind_generation,Wind Onshore,2026-08-10T05:27:26Z
2026-08-10T05:25:30Z,2026-08-10T07:25:30+0200,4362fe35-cfeb-4c3c-9399-26381c363872,2026-07-27T18:00:00Z,2026-07-27T20:00:00+0200,15715.0733,MW,DE,DE_LU,forecast_onshore_wind_generation,Wind Onshore,2026-08-10T05:27:26Z
2026-08-10T05:25:30Z,2026-08-10T07:25:30+0200,4362fe35-cfeb-4c3c-9399-26381c363872,2026-07-27T18:15:00Z,2026-07-27T20:15:00+0200,15012.16311,MW,DE,DE_LU,forecast_onshore_wind_generation,Wind Onshore,2026-08-10T05:27:26Z
2026-08-10T05:25:30Z,2026-08-10T07:25:30+0200,4362fe35-cfeb-4c3c-9399-26381c363872,2026-07-27T18:30:00Z,2026-07-27T20:30:00+0200,14262.20998,MW,DE,DE_LU,forecast_onshore_wind_generation,Wind Onshore,2026-08-10T05:27:26Z
2026-08-10T05:25:30Z,2026-08-10T07:25:30+0200,4362fe35-cfeb-4c3c-9399-26381c363872,2026-07-27T18:45:00Z,2026-07-27T20:45:00+0200,13483.22967,MW,DE,DE_LU,forecast_onshore_wind_generation,Wind Onshore,2026-08-10T05:27:26Z
2026-08-10T05:25:30Z,2026-08-10T07:25:30+0200,4362fe35-cfeb-4c3c-9399-26381c363872,2026-07-27T19:00:00Z,2026-07-27T21:00:00+0200,12729.70834,MW,DE,DE_LU,forecast_onshore_wind_generation,Wind Onshore,2026-08-10T05:27:26Z
2026-08-10T05:25:30Z,2026-08-10T07:25:30+0200,4362fe35-cfeb-4c3c-9399-26381c363872,2026-07-27T19:15:00Z,2026-07-27T21:15:00+0200,12235.47316,MW,DE,DE_LU,forecast_onshore_wind_generation,Wind Onshore,2026-08-10T05:27:26Z
2026-08-10T05:25:30Z,2026-08-10T07:25:30+0200,4362fe35-cfeb-4c3c-9399-26381c363872,2026-07-27T19:30:00Z,2026-07-27T21:30:00+0200,11824.96446,MW,DE,DE_LU,forecast_onshore_wind_generation,Wind Onshore,2026-08-10T05:27:26Z
2026-08-10T05:25:30Z,2026-08-10T07:25:30+0200,4362fe35-cfeb-4c3c-9399-26381c363872,2026-07-27T19:45:00Z,2026-07-27T21:45:00+0200,11456.26128,MW,DE,DE_LU,forecast_onshore_wind_generation,Wind Onshore,2026-08-10T05:27:26Z
2026-08-10T05:25:30Z,2026-08-10T07:25:30+0200,4362fe35-cfeb-4c3c-9399-26381c363872,2026-07-27T20:00:00Z,2026-07-27T22:00:00+0200,10998.5829,MW,DE,DE_LU,forecast_onshore_wind_generation,Wind Onshore,2026-08-10T05:27:26Z
2026-08-10T05:25:30Z,2026-08-10T07:25:30+0200,4362fe35-cfeb-4c3c-9399-26381c363872,2026-07-27T20:15:00Z,2026-07-27T22:15:00+0200,10894.13554,MW,DE,DE_LU,forecast_onshore_wind_generation,Wind Onshore,2026-08-10T05:27:26Z
2026-08-10T05:25:30Z,2026-08-10T07:25:30+0200,4362fe35-cfeb-4c3c-9399-26381c363872,2026-07-27T20:30:00Z,2026-07-27T22:30:00+0200,10800.52168,MW,DE,DE_LU,forecast_onshore_wind_generation,Wind Onshore,2026-08-10T05:27:26Z
2026-08-10T05:25:30Z,2026-08-10T07:25:30+0200,4362fe35-cfeb-4c3c-9399-26381c363872,2026-07-27T20:45:00Z,2026-07-27T22:45:00+0200,10705.54041,MW,DE,DE_LU,forecast_onshore_wind_generation,Wind Onshore,2026-08-10T05:27:26Z
2026-08-10T05:25:30Z,2026-08-10T07:25:30+0200,4362fe35-cfeb-4c3c-9399-26381c363872,2026-07-27T21:00:00Z,2026-07-27T23:00:00+0200,10617.08725,MW,DE,DE_LU,forecast_onshore_wind_generation,Wind Onshore,2026-08-10T05:27:26Z
2026-08-10T05:25:30Z,2026-08-10T07:25:30+0200,4362fe35-cfeb-4c3c-9399-26381c363872,2026-07-27T21:15:00Z,2026-07-27T23:15:00+0200,10568.73009,MW,DE,DE_LU,forecast_onshore_wind_generation,Wind Onshore,2026-08-10T05:27:26Z
2026-08-10T05:25:30Z,2026-08-10T07:25:30+0200,4362fe35-cfeb-4c3c-9399-26381c363872,2026-07-27T21:30:00Z,2026-07-27T23:30:00+0200,10523.00224,MW,DE,DE_LU,forecast_onshore_wind_generation,Wind Onshore,2026-08-10T05:27:26Z
2026-08-10T05:25:30Z,2026-08-10T07:25:30+0200,4362fe35-cfeb-4c3c-9399-26381c363872,2026-07-27T21:45:00Z,2026-07-27T23:45:00+0200,10467.92811,MW,DE,DE_LU,forecast_onshore_wind_generation,Wind Onshore,2026-08-10T05:27:26Z
2026-08-10T05:25:30Z,2026-08-10T07:25:30+0200,4362fe35-cfeb-4c3c-9399-26381c363872,2026-07-27T22:00:00Z,2026-07-28T00:00:00+0200,9443.60807,MW,DE,DE_LU,forecast_onshore_wind_generation,Wind Onshore,2026-08-10T05:27:26Z
2026-08-10T05:25:30Z,2026-08-10T07:25:30+0200,4362fe35-cfeb-4c3c-9399-26381c363872,2026-07-27T22:15:00Z,2026-07-28T00:15:00+0200,9403.57553,MW,DE,DE_LU,forecast_onshore_wind_generation,Wind Onshore,2026-08-10T05:27:26Z
2026-08-10T05:25:30Z,2026-08-10T07:25:30+0200,4362fe35-cfeb-4c3c-9399-26381c363872,2026-07-27T22:30:00Z,2026-07-28T00:30:00+0200,9370.08649,MW,DE,DE_LU,forecast_onshore_wind_generation,Wind Onshore,2026-08-10T05:27:26Z
2026-08-10T05:25:30Z,2026-08-10T07:25:30+0200,4362fe35-cfeb-4c3c-9399-26381c363872,2026-07-27T22:45:00Z,2026-07-28T00:45:00+0200,9335.73648,MW,DE,DE_LU,forecast_onshore_wind_generation,Wind Onshore,2026-08-10T05:27:26Z
2026-08-10T05:25:30Z,2026-08-10T07:25:30+0200,4362fe35-cfeb-4c3c-9399-26381c363872,2026-07-27T23:00:00Z,2026-07-28T01:00:00+0200,9326.42797,MW,DE,DE_LU,forecast_onshore_wind_generation,Wind Onshore,2026-08-10T05:27:26Z
2026-08-10T05:25:30Z,2026-08-10T07:25:30+0200,4362fe35-cfeb-4c3c-9399-26381c363872,2026-07-27T23:15:00Z,2026-07-28T01:15:00+0200,9265.70484,MW,DE,DE_LU,forecast_onshore_wind_generation,Wind Onshore,2026-08-10T05:27:26Z
2026-08-10T05:25:30Z,2026-08-10T07:25:30+0200,4362fe35-cfeb-4c3c-9399-26381c363872,2026-07-27T23:30:00Z,2026-07-28T01:30:00+0200,9222.87274,MW,DE,DE_LU,forecast_onshore_wind_generation,Wind Onshore,2026-08-10T05:27:26Z
2026-08-10T05:25:30Z,2026-08-10T07:25:30+0200,4362fe35-cfeb-4c3c-9399-26381c363872,2026-07-27T23:45:00Z,2026-07-28T01:45:00+0200,9212.39134,MW,DE,DE_LU,forecast_onshore_wind_generation,Wind Onshore,2026-08-10T05:27:26Z
2026-08-10T05:25:30Z,2026-08-10T07:25:30+0200,4362fe35-cfeb-4c3c-9399-26381c363872,2026-07-28T00:00:00Z,2026-07-28T02:00:00+0200,9207.75841,MW,DE,DE_LU,forecast_onshore_wind_generation,Wind Onshore,2026-08-10T05:27:26Z
2026-08-10T05:25:30Z,2026-08-10T07:25:30+0200,4362fe35-cfeb-4c3c-9399-26381c363872,2026-07-28T00:15:00Z,2026-07-28T02:15:00+0200,9150.19604,MW,DE,DE_LU,forecast_onshore_wind_generation,Wind Onshore,2026-08-10T05:27:26Z
2026-08-10T05:25:30Z,2026-08-10T07:25:30+0200,4362fe35-cfeb-4c3c-9399-26381c363872,2026-07-28T00:30:00Z,2026-07-28T02:30:00+0200,9068.45465,MW,DE,DE_LU,forecast_onshore_wind_generation,Wind Onshore,2026-08-10T05:27:26Z
2026-08-10T05:25:30Z,2026-08-10T07:25:30+0200,4362fe35-cfeb-4c3c-9399-26381c363872,2026-07-28T00:45:00Z,2026-07-28T02:45:00+0200,8981.51876,MW,DE,DE_LU,forecast_onshore_wind_generation,Wind Onshore,2026-08-10T05:27:26Z
2026-08-10T05:25:30Z,2026-08-10T07:25:30+0200,4362fe35-cfeb-4c3c-9399-26381c363872,2026-07-28T01:00:00Z,2026-07-28T03:00:00+0200,8895.18176,MW,DE,DE_LU,forecast_onshore_wind_generation,Wind Onshore,2026-08-10T05:27:26Z
2026-08-10T05:25:30Z,2026-08-10T07:25:30+0200,4362fe35-cfeb-4c3c-9399-26381c363872,2026-07-28T01:15:00Z,2026-07-28T03:15:00+0200,8781.75889,MW,DE,DE_LU,forecast_onshore_wind_generation,Wind Onshore,2026-08-10T05:27:26Z
2026-08-10T05:25:30Z,2026-08-10T07:25:30+0200,4362fe35-cfeb-4c3c-9399-26381c363872,2026-07-28T01:30:00Z,2026-07-28T03:30:00+0200,8668.99809,MW,DE,DE_LU,forecast_onshore_wind_generation,Wind Onshore,2026-08-10T05:27:26Z
2026-08-10T05:25:30Z,2026-08-10T07:25:30+0200,4362fe35-cfeb-4c3c-9399-26381c363872,2026-07-28T01:45:00Z,2026-07-28T03:45:00+0200,8559.67509,MW,DE,DE_LU,forecast_onshore_wind_generation,Wind Onshore,2026-08-10T05:27:26Z
2026-08-10T05:25:30Z,2026-08-10T07:25:30+0200,4362fe35-cfeb-4c3c-9399-26381c363872,2026-07-28T02:00:00Z,2026-07-28T04:00:00+0200,8445.5827,MW,DE,DE_LU,forecast_onshore_wind_generation,Wind Onshore,2026-08-10T05:27:26Z
2026-08-10T05:25:30Z,2026-08-10T07:25:30+0200,4362fe35-cfeb-4c3c-9399-26381c363872,2026-07-28T02:15:00Z,2026-07-28T04:15:00+0200,8334.74849,MW,DE,DE_LU,forecast_onshore_wind_generation,Wind Onshore,2026-08-10T05:27:26Z
2026-08-10T05:25:30Z,2026-08-10T07:25:30+0200,4362fe35-cfeb-4c3c-9399-26381c363872,2026-07-28T02:30:00Z,2026-07-28T04:30:00+0200,8223.47983,MW,DE,DE_LU,forecast_onshore_wind_generation,Wind Onshore,2026-08-10T05:27:26Z
2026-08-10T05:25:30Z,2026-08-10T07:25:30+0200,4362fe35-cfeb-4c3c-9399-26381c363872,2026-07-28T02:45:00Z,2026-07-28T04:45:00+0200,8111.19027,MW,DE,DE_LU,forecast_onshore_wind_generation,Wind Onshore,2026-08-10T05:27:26Z
2026-08-10T05:25:30Z,2026-08-10T07:25:30+0200,4362fe35-cfeb-4c3c-9399-26381c363872,2026-07-28T03:00:00Z,2026-07-28T05:00:00+0200,8001.06511,MW,DE,DE_LU,forecast_onshore_wind_generation,Wind Onshore,2026-08-10T05:27:26Z
2026-08-10T05:25:30Z,2026-08-10T07:25:30+0200,4362fe35-cfeb-4c3c-9399-26381c363872,2026-07-28T03:15:00Z,2026-07-28T05:15:00+0200,7931.29196,MW,DE,DE_LU,forecast_onshore_wind_generation,Wind Onshore,2026-08-10T05:27:26Z
2026-08-10T05:25:30Z,2026-08-10T07:25:30+0200,4362fe35-cfeb-4c3c-9399-26381c363872,2026-07-28T03:30:00Z,2026-07-28T05:30:00+0200,7862.44933,MW,DE,DE_LU,forecast_onshore_wind_generation,Wind Onshore,2026-08-10T05:27:26Z
2026-08-10T05:25:30Z,2026-08-10T07:25:30+0200,4362fe35-cfeb-4c3c-9399-26381c363872,2026-07-28T03:45:00Z,2026-07-28T05:45:00+0200,7776.41681,MW,DE,DE_LU,forecast_onshore_wind_generation,Wind Onshore,2026-08-10T05:27:26Z
2026-08-10T05:25:30Z,2026-08-10T07:25:30+0200,4362fe35-cfeb-4c3c-9399-26381c363872,2026-07-28T04:00:00Z,2026-07-28T06:00:00+0200,7762.44631,MW,DE,DE_LU,forecast_onshore_wind_generation,Wind Onshore,2026-08-10T05:27:26Z
2026-08-10T05:25:30Z,2026-08-10T07:25:30+0200,4362fe35-cfeb-4c3c-9399-26381c363872,2026-07-28T04:15:00Z,2026-07-28T06:15:00+0200,7586.10702,MW,DE,DE_LU,forecast_onshore_wind_generation,Wind Onshore,2026-08-10T05:27:26Z
2026-08-10T05:25:30Z,2026-08-10T07:25:30+0200,4362fe35-cfeb-4c3c-9399-26381c363872,2026-07-28T04:30:00Z,2026-07-28T06:30:00+0200,7406.13016,MW,DE,DE_LU,forecast_onshore_wind_generation,Wind Onshore,2026-08-10T05:27:26Z
2026-08-10T05:25:30Z,2026-08-10T07:25:30+0200,4362fe35-cfeb-4c3c-9399-26381c363872,2026-07-28T04:45:00Z,2026-07-28T06:45:00+0200,7183.36331,MW,DE,DE_LU,forecast_onshore_wind_generation,Wind Onshore,2026-08-10T05:27:26Z
2026-08-10T05:25:30Z,2026-08-10T07:25:30+0200,4362fe35-cfeb-4c3c-9399-26381c363872,2026-07-28T05:00:00Z,2026-07-28T07:00:00+0200,6956.14334,MW,DE,DE_LU,forecast_onshore_wind_generation,Wind Onshore,2026-08-10T05:27:26Z
2026-08-10T05:25:30Z,2026-08-10T07:25:30+0200,4362fe35-cfeb-4c3c-9399-26381c363872,2026-07-28T05:15:00Z,2026-07-28T07:15:00+0200,6572.2118,MW,DE,DE_LU,forecast_onshore_wind_generation,Wind Onshore,2026-08-10T05:27:26Z
2026-08-10T05:25:30Z,2026-08-10T07:25:30+0200,4362fe35-cfeb-4c3c-9399-26381c363872,2026-07-28T05:30:00Z,2026-07-28T07:30:00+0200,6160.63194,MW,DE,DE_LU,forecast_onshore_wind_generation,Wind Onshore,2026-08-10T05:27:26Z
2026-08-10T05:25:30Z,2026-08-10T07:25:30+0200,4362fe35-cfeb-4c3c-9399-26381c363872,2026-07-28T05:45:00Z,2026-07-28T07:45:00+0200,5760.01778,MW,DE,DE_LU,forecast_onshore_wind_generation,Wind Onshore,2026-08-10T05:27:26Z
2026-08-10T05:25:30Z,2026-08-10T07:25:30+0200,4362fe35-cfeb-4c3c-9399-26381c363872,2026-07-28T06:00:00Z,2026-07-28T08:00:00+0200,5504.74141,MW,DE,DE_LU,forecast_onshore_wind_generation,Wind Onshore,2026-08-10T05:27:26Z
2026-08-10T05:25:30Z,2026-08-10T07:25:30+0200,4362fe35-cfeb-4c3c-9399-26381c363872,2026-07-28T06:15:00Z,2026-07-28T08:15:00+0200,5320.17033,MW,DE,DE_LU,forecast_onshore_wind_generation,Wind Onshore,2026-08-10T05:27:26Z
2026-08-10T05:25:30Z,2026-08-10T07:25:30+0200,4362fe35-cfeb-4c3c-9399-26381c363872,2026-07-28T06:30:00Z,2026-07-28T08:30:00+0200,5164.45545,MW,DE,DE_LU,forecast_onshore_wind_generation,Wind Onshore,2026-08-10T05:27:26Z
2026-08-10T05:25:30Z,2026-08-10T07:25:30+0200,4362fe35-cfeb-4c3c-9399-26381c363872,2026-07-28T06:45:00Z,2026-07-28T08:45:00+0200,5057.33378,MW,DE,DE_LU,forecast_onshore_wind_generation,Wind Onshore,2026-08-10T05:27:26Z
2026-08-10T05:25:30Z,2026-08-10T07:25:30+0200,4362fe35-cfeb-4c3c-9399-26381c363872,2026-07-28T07:00:00Z,2026-07-28T09:00:00+0200,4959.10763,MW,DE,DE_LU,forecast_onshore_wind_generation,Wind Onshore,2026-08-10T05:27:26Z
2026-08-10T05:25:30Z,2026-08-10T07:25:30+0200,4362fe35-cfeb-4c3c-9399-26381c363872,2026-07-28T07:15:00Z,2026-07-28T09:15:00+0200,5186.76725,MW,DE,DE_LU,forecast_onshore_wind_generation,Wind Onshore,2026-08-10T05:27:26Z
2026-08-10T05:25:30Z,2026-08-10T07:25:30+0200,4362fe35-cfeb-4c3c-9399-26381c363872,2026-07-28T07:30:00Z,2026-07-28T09:30:00+0200,5368.65068,MW,DE,DE_LU,forecast_onshore_wind_generation,Wind Onshore,2026-08-10T05:27:26Z
2026-08-10T05:25:30Z,2026-08-10T07:25:30+0200,4362fe35-cfeb-4c3c-9399-26381c363872,2026-07-28T07:45:00Z,2026-07-28T09:45:00+0200,5543.34487,MW,DE,DE_LU,forecast_onshore_wind_generation,Wind Onshore,2026-08-10T05:27:26Z
2026-08-10T05:25:30Z,2026-08-10T07:25:30+0200,4362fe35-cfeb-4c3c-9399-26381c363872,2026-07-28T08:00:00Z,2026-07-28T10:00:00+0200,5698.9319,MW,DE,DE_LU,forecast_onshore_wind_generation,Wind Onshore,2026-08-10T05:27:26Z
2026-08-10T05:25:30Z,2026-08-10T07:25:30+0200,4362fe35-cfeb-4c3c-9399-26381c363872,2026-07-28T08:15:00Z,2026-07-28T10:15:00+0200,5832.69785,MW,DE,DE_LU,forecast_onshore_wind_generation,Wind Onshore,2026-08-10T05:27:26Z
2026-08-10T05:25:30Z,2026-08-10T07:25:30+0200,4362fe35-cfeb-4c3c-9399-26381c363872,2026-07-28T08:30:00Z,2026-07-28T10:30:00+0200,5950.91575,MW,DE,DE_LU,forecast_onshore_wind_generation,Wind Onshore,2026-08-10T05:27:26Z
2026-08-10T05:25:30Z,2026-08-10T07:25:30+0200,4362fe35-cfeb-4c3c-9399-26381c363872,2026-07-28T08:45:00Z,2026-07-28T10:45:00+0200,6070.13191,MW,DE,DE_LU,forecast_onshore_wind_generation,Wind Onshore,2026-08-10T05:27:26Z
2026-08-10T05:25:30Z,2026-08-10T07:25:30+0200,4362fe35-cfeb-4c3c-9399-26381c363872,2026-07-28T09:00:00Z,2026-07-28T11:00:00+0200,6102.6912,MW,DE,DE_LU,forecast_onshore_wind_generation,Wind Onshore,2026-08-10T05:27:26Z
2026-08-10T05:25:30Z,2026-08-10T07:25:30+0200,4362fe35-cfeb-4c3c-9399-26381c363872,2026-07-28T09:15:00Z,2026-07-28T11:15:00+0200,6195.4369,MW,DE,DE_LU,forecast_onshore_wind_generation,Wind Onshore,2026-08-10T05:27:26Z
2026-08-10T05:25:30Z,2026-08-10T07:25:30+0200,4362fe35-cfeb-4c3c-9399-26381c363872,2026-07-28T09:30:00Z,2026-07-28T11:30:00+0200,6233.8597,MW,DE,DE_LU,forecast_onshore_wind_generation,Wind Onshore,2026-08-10T05:27:26Z
2026-08-10T05:25:30Z,2026-08-10T07:25:30+0200,4362fe35-cfeb-4c3c-9399-26381c363872,2026-07-28T09:45:00Z,2026-07-28T11:45:00+0200,6203.22393,MW,DE,DE_LU,forecast_onshore_wind_generation,Wind Onshore,2026-08-10T05:27:26Z
2026-08-10T05:25:30Z,2026-08-10T07:25:30+0200,4362fe35-cfeb-4c3c-9399-26381c363872,2026-07-28T10:00:00Z,2026-07-28T12:00:00+0200,6228.42061,MW,DE,DE_LU,forecast_onshore_wind_generation,Wind Onshore,2026-08-10T05:27:26Z
2026-08-10T05:25:30Z,2026-08-10T07:25:30+0200,4362fe35-cfeb-4c3c-9399-26381c363872,2026-07-28T10:15:00Z,2026-07-28T12:15:00+0200,6237.81108,MW,DE,DE_LU,forecast_onshore_wind_generation,Wind Onshore,2026-08-10T05:27:26Z
2026-08-10T05:25:30Z,2026-08-10T07:25:30+0200,4362fe35-cfeb-4c3c-9399-26381c363872,2026-07-28T10:30:00Z,2026-07-28T12:30:00+0200,6298.07342,MW,DE,DE_LU,forecast_onshore_wind_generation,Wind Onshore,2026-08-10T05:27:26Z
2026-08-10T05:25:30Z,2026-08-10T07:25:30+0200,4362fe35-cfeb-4c3c-9399-26381c363872,2026-07-28T10:45:00Z,2026-07-28T12:45:00+0200,6349.77954,MW,DE,DE_LU,forecast_onshore_wind_generation,Wind Onshore,2026-08-10T05:27:26Z
2026-08-10T05:25:30Z,2026-08-10T07:25:30+0200,4362fe35-cfeb-4c3c-9399-26381c363872,2026-07-28T11:00:00Z,2026-07-28T13:00:00+0200,6415.72068,MW,DE,DE_LU,forecast_onshore_wind_generation,Wind Onshore,2026-08-10T05:27:26Z
2026-08-10T05:25:30Z,2026-08-10T07:25:30+0200,4362fe35-cfeb-4c3c-9399-26381c363872,2026-07-28T11:15:00Z,2026-07-28T13:15:00+0200,6420.43287,MW,DE,DE_LU,forecast_onshore_wind_generation,Wind Onshore,2026-08-10T05:27:26Z
2026-08-10T05:25:30Z,2026-08-10T07:25:30+0200,4362fe35-cfeb-4c3c-9399-26381c363872,2026-07-28T11:30:00Z,2026-07-28T13:30:00+0200,6429.48267,MW,DE,DE_LU,forecast_onshore_wind_generation,Wind Onshore,2026-08-10T05:27:26Z
2026-08-10T05:25:30Z,2026-08-10T07:25:30+0200,4362fe35-cfeb-4c3c-9399-26381c363872,2026-07-28T11:45:00Z,2026-07-28T13:45:00+0200,6480.34203,MW,DE,DE_LU,forecast_onshore_wind_generation,Wind Onshore,2026-08-10T05:27:26Z
2026-08-10T05:25:30Z,2026-08-10T07:25:30+0200,4362fe35-cfeb-4c3c-9399-26381c363872,2026-07-28T12:00:00Z,2026-07-28T14:00:00+0200,6513.57492,MW,DE,DE_LU,forecast_onshore_wind_generation,Wind Onshore,2026-08-10T05:27:26Z
2026-08-10T05:25:30Z,2026-08-10T07:25:30+0200,4362fe35-cfeb-4c3c-9399-26381c363872,2026-07-28T12:15:00Z,2026-07-28T14:15:00+0200,6526.85329,MW,DE,DE_LU,forecast_onshore_wind_generation,Wind Onshore,2026-08-10T05:27:26Z
2026-08-10T05:25:30Z,2026-08-10T07:25:30+0200,4362fe35-cfeb-4c3c-9399-26381c363872,2026-07-28T12:30:00Z,2026-07-28T14:30:00+0200,6494.63446,MW,DE,DE_LU,forecast_onshore_wind_generation,Wind Onshore,2026-08-10T05:27:26Z
2026-08-10T05:25:30Z,2026-08-10T07:25:30+0200,4362fe35-cfeb-4c3c-9399-26381c363872,2026-07-28T12:45:00Z,2026-07-28T14:45:00+0200,6456.33068,MW,DE,DE_LU,forecast_onshore_wind_generation,Wind Onshore,2026-08-10T05:27:26Z
2026-08-10T05:25:30Z,2026-08-10T07:25:30+0200,4362fe35-cfeb-4c3c-9399-26381c363872,2026-07-28T13:00:00Z,2026-07-28T15:00:00+0200,6367.44544,MW,DE,DE_LU,forecast_onshore_wind_generation,Wind Onshore,2026-08-10T05:27:26Z
2026-08-10T05:25:30Z,2026-08-10T07:25:30+0200,4362fe35-cfeb-4c3c-9399-26381c363872,2026-07-28T13:15:00Z,2026-07-28T15:15:00+0200,6205.51187,MW,DE,DE_LU,forecast_onshore_wind_generation,Wind Onshore,2026-08-10T05:27:26Z
2026-08-10T05:25:30Z,2026-08-10T07:25:30+0200,4362fe35-cfeb-4c3c-9399-26381c363872,2026-07-28T13:30:00Z,2026-07-28T15:30:00+0200,6071.85044,MW,DE,DE_LU,forecast_onshore_wind_generation,Wind Onshore,2026-08-10T05:27:26Z
2026-08-10T05:25:30Z,2026-08-10T07:25:30+0200,4362fe35-cfeb-4c3c-9399-26381c363872,2026-07-28T13:45:00Z,2026-07-28T15:45:00+0200,5976.81213,MW,DE,DE_LU,forecast_onshore_wind_generation,Wind Onshore,2026-08-10T05:27:26Z
2026-08-10T05:25:30Z,2026-08-10T07:25:30+0200,4362fe35-cfeb-4c3c-9399-26381c363872,2026-07-28T14:00:00Z,2026-07-28T16:00:00+0200,5801.1303,MW,DE,DE_LU,forecast_onshore_wind_generation,Wind Onshore,2026-08-10T05:27:26Z
2026-08-10T05:25:30Z,2026-08-10T07:25:30+0200,4362fe35-cfeb-4c3c-9399-26381c363872,2026-07-28T14:15:00Z,2026-07-28T16:15:00+0200,5593.32419,MW,DE,DE_LU,forecast_onshore_wind_generation,Wind Onshore,2026-08-10T05:27:26Z
2026-08-10T05:25:30Z,2026-08-10T07:25:30+0200,4362fe35-cfeb-4c3c-9399-26381c363872,2026-07-28T14:30:00Z,2026-07-28T16:30:00+0200,5353.10039,MW,DE,DE_LU,forecast_onshore_wind_generation,Wind Onshore,2026-08-10T05:27:26Z
2026-08-10T05:25:30Z,2026-08-10T07:25:30+0200,4362fe35-cfeb-4c3c-9399-26381c363872,2026-07-28T14:45:00Z,2026-07-28T16:45:00+0200,5087.94913,MW,DE,DE_LU,forecast_onshore_wind_generation,Wind Onshore,2026-08-10T05:27:26Z
2026-08-10T05:25:30Z,2026-08-10T07:25:30+0200,4362fe35-cfeb-4c3c-9399-26381c363872,2026-07-28T15:00:00Z,2026-07-28T17:00:00+0200,4826.52151,MW,DE,DE_LU,forecast_onshore_wind_generation,Wind Onshore,2026-08-10T05:27:26Z
2026-08-10T05:25:30Z,2026-08-10T07:25:30+0200,4362fe35-cfeb-4c3c-9399-26381c363872,2026-07-28T15:15:00Z,2026-07-28T17:15:00+0200,4575.70897,MW,DE,DE_LU,forecast_onshore_wind_generation,Wind Onshore,2026-08-10T05:27:26Z
2026-08-10T05:25:30Z,2026-08-10T07:25:30+0200,4362fe35-cfeb-4c3c-9399-26381c363872,2026-07-28T15:30:00Z,2026-07-28T17:30:00+0200,4325.67511,MW,DE,DE_LU,forecast_onshore_wind_generation,Wind Onshore,2026-08-10T05:27:26Z
2026-08-10T05:25:30Z,2026-08-10T07:25:30+0200,4362fe35-cfeb-4c3c-9399-26381c363872,2026-07-28T15:45:00Z,2026-07-28T17:45:00+0200,4074.16758,MW,DE,DE_LU,forecast_onshore_wind_generation,Wind Onshore,2026-08-10T05:27:26Z
2026-08-10T05:25:30Z,2026-08-10T07:25:30+0200,4362fe35-cfeb-4c3c-9399-26381c363872,2026-07-28T16:00:00Z,2026-07-28T18:00:00+0200,3832.0506,MW,DE,DE_LU,forecast_onshore_wind_generation,Wind Onshore,2026-08-10T05:27:26Z
2026-08-10T05:25:30Z,2026-08-10T07:25:30+0200,4362fe35-cfeb-4c3c-9399-26381c363872,2026-07-28T16:15:00Z,2026-07-28T18:15:00+0200,3558.89819,MW,DE,DE_LU,forecast_onshore_wind_generation,Wind Onshore,2026-08-10T05:27:26Z
2026-08-10T05:25:30Z,2026-08-10T07:25:30+0200,4362fe35-cfeb-4c3c-9399-26381c363872,2026-07-28T16:30:00Z,2026-07-28T18:30:00+0200,3283.34551,MW,DE,DE_LU,forecast_onshore_wind_generation,Wind Onshore,2026-08-10T05:27:26Z
2026-08-10T05:25:30Z,2026-08-10T07:25:30+0200,4362fe35-cfeb-4c3c-9399-26381c363872,2026-07-28T16:45:00Z,2026-07-28T18:45:00+0200,3006.92791,MW,DE,DE_LU,forecast_onshore_wind_generation,Wind Onshore,2026-08-10T05:27:26Z
2026-08-10T05:25:30Z,2026-08-10T07:25:30+0200,4362fe35-cfeb-4c3c-9399-26381c363872,2026-07-28T17:00:00Z,2026-07-28T19:00:00+0200,2733.07482,MW,DE,DE_LU,forecast_onshore_wind_generation,Wind Onshore,2026-08-10T05:27:26Z
2026-08-10T05:25:30Z,2026-08-10T07:25:30+0200,4362fe35-cfeb-4c3c-9399-26381c363872,2026-07-28T17:15:00Z,2026-07-28T19:15:00+0200,2518.16954,MW,DE,DE_LU,forecast_onshore_wind_generation,Wind Onshore,2026-08-10T05:27:26Z
2026-08-10T05:25:30Z,2026-08-10T07:25:30+0200,4362fe35-cfeb-4c3c-9399-26381c363872,2026-07-28T17:30:00Z,2026-07-28T19:30:00+0200,2310.38216,MW,DE,DE_LU,forecast_onshore_wind_generation,Wind Onshore,2026-08-10T05:27:26Z
2026-08-10T05:25:30Z,2026-08-10T07:25:30+0200,4362fe35-cfeb-4c3c-9399-26381c363872,2026-07-28T17:45:00Z,2026-07-28T19:45:00+0200,2112.82477,MW,DE,DE_LU,forecast_onshore_wind_generation,Wind Onshore,2026-08-10T05:27:26Z
2026-08-10T05:25:30Z,2026-08-10T07:25:30+0200,4362fe35-cfeb-4c3c-9399-26381c363872,2026-07-28T18:00:00Z,2026-07-28T20:00:00+0200,1924.65274,MW,DE,DE_LU,forecast_onshore_wind_generation,Wind Onshore,2026-08-10T05:27:26Z
2026-08-10T05:25:30Z,2026-08-10T07:25:30+0200,4362fe35-cfeb-4c3c-9399-26381c363872,2026-07-28T18:15:00Z,2026-07-28T20:15:00+0200,2014.60985,MW,DE,DE_LU,forecast_onshore_wind_generation,Wind Onshore,2026-08-10T05:27:26Z
2026-08-10T05:25:30Z,2026-08-10T07:25:30+0200,4362fe35-cfeb-4c3c-9399-26381c363872,2026-07-28T18:30:00Z,2026-07-28T20:30:00+0200,2077.1375,MW,DE,DE_LU,forecast_onshore_wind_generation,Wind Onshore,2026-08-10T05:27:26Z
2026-08-10T05:25:30Z,2026-08-10T07:25:30+0200,4362fe35-cfeb-4c3c-9399-26381c363872,2026-07-28T18:45:00Z,2026-07-28T20:45:00+0200,2106.60943,MW,DE,DE_LU,forecast_onshore_wind_generation,Wind Onshore,2026-08-10T05:27:26Z
2026-08-10T05:25:30Z,2026-08-10T07:25:30+0200,4362fe35-cfeb-4c3c-9399-26381c363872,2026-07-28T19:00:00Z,2026-07-28T21:00:00+0200,2135.83016,MW,DE,DE_LU,forecast_onshore_wind_generation,Wind Onshore,2026-08-10T05:27:26Z
2026-08-10T05:25:30Z,2026-08-10T07:25:30+0200,4362fe35-cfeb-4c3c-9399-26381c363872,2026-07-28T19:15:00Z,2026-07-28T21:15:00+0200,2298.58504,MW,DE,DE_LU,forecast_onshore_wind_generation,Wind Onshore,2026-08-10T05:27:26Z
2026-08-10T05:25:30Z,2026-08-10T07:25:30+0200,4362fe35-cfeb-4c3c-9399-26381c363872,2026-07-28T19:30:00Z,2026-07-28T21:30:00+0200,2512.84361,MW,DE,DE_LU,forecast_onshore_wind_generation,Wind Onshore,2026-08-10T05:27:26Z
2026-08-10T05:25:30Z,2026-08-10T07:25:30+0200,4362fe35-cfeb-4c3c-9399-26381c363872,2026-07-28T19:45:00Z,2026-07-28T21:45:00+0200,2757.85554,MW,DE,DE_LU,forecast_onshore_wind_generation,Wind Onshore,2026-08-10T05:27:26Z
2026-08-10T05:25:30Z,2026-08-10T07:25:30+0200,4362fe35-cfeb-4c3c-9399-26381c363872,2026-07-28T20:00:00Z,2026-07-28T22:00:00+0200,3026.24994,MW,DE,DE_LU,forecast_onshore_wind_generation,Wind Onshore,2026-08-10T05:27:26Z
2026-08-10T05:25:30Z,2026-08-10T07:25:30+0200,4362fe35-cfeb-4c3c-9399-26381c363872,2026-07-28T20:15:00Z,2026-07-28T22:15:00+0200,3310.52281,MW,DE,DE_LU,forecast_onshore_wind_generation,Wind Onshore,2026-08-10T05:27:26Z
2026-08-10T05:25:30Z,2026-08-10T07:25:30+0200,4362fe35-cfeb-4c3c-9399-26381c363872,2026-07-28T20:30:00Z,2026-07-28T22:30:00+0200,3600.40193,MW,DE,DE_LU,forecast_onshore_wind_generation,Wind Onshore,2026-08-10T05:27:26Z
2026-08-10T05:25:30Z,2026-08-10T07:25:30+0200,4362fe35-cfeb-4c3c-9399-26381c363872,2026-07-28T20:45:00Z,2026-07-28T22:45:00+0200,3896.34395,MW,DE,DE_LU,forecast_onshore_wind_generation,Wind Onshore,2026-08-10T05:27:26Z
2026-08-10T05:25:30Z,2026-08-10T07:25:30+0200,4362fe35-cfeb-4c3c-9399-26381c363872,2026-07-28T21:00:00Z,2026-07-28T23:00:00+0200,4186.93638,MW,DE,DE_LU,forecast_onshore_wind_generation,Wind Onshore,2026-08-10T05:27:26Z
2026-08-10T05:25:30Z,2026-08-10T07:25:30+0200,4362fe35-cfeb-4c3c-9399-26381c363872,2026-07-28T21:15:00Z,2026-07-28T23:15:00+0200,4474.40024,MW,DE,DE_LU,forecast_onshore_wind_generation,Wind Onshore,2026-08-10T05:27:26Z
2026-08-10T05:25:30Z,2026-08-10T07:25:30+0200,4362fe35-cfeb-4c3c-9399-26381c363872,2026-07-28T21:30:00Z,2026-07-28T23:30:00+0200,4772.16273,MW,DE,DE_LU,forecast_onshore_wind_generation,Wind Onshore,2026-08-10T05:27:26Z
2026-08-10T05:25:30Z,2026-08-10T07:25:30+0200,4362fe35-cfeb-4c3c-9399-26381c363872,2026-07-28T21:45:00Z,2026-07-28T23:45:00+0200,5079.1956,MW,DE,DE_LU,forecast_onshore_wind_generation,Wind Onshore,2026-08-10T05:27:26Z
2026-08-10T05:25:30Z,2026-08-10T07:25:30+0200,4362fe35-cfeb-4c3c-9399-26381c363872,2026-07-28T22:00:00Z,2026-07-29T00:00:00+0200,6507.17383,MW,DE,DE_LU,forecast_onshore_wind_generation,Wind Onshore,2026-08-10T05:27:26Z
2026-08-10T05:25:30Z,2026-08-10T07:25:30+0200,4362fe35-cfeb-4c3c-9399-26381c363872,2026-07-28T22:15:00Z,2026-07-29T00:15:00+0200,6870.96254,MW,DE,DE_LU,forecast_onshore_wind_generation,Wind Onshore,2026-08-10T05:27:26Z
2026-08-10T05:25:30Z,2026-08-10T07:25:30+0200,4362fe35-cfeb-4c3c-9399-26381c363872,2026-07-28T22:30:00Z,2026-07-29T00:30:00+0200,7237.81372,MW,DE,DE_LU,forecast_onshore_wind_generation,Wind Onshore,2026-08-10T05:27:26Z
2026-08-10T05:25:30Z,2026-08-10T07:25:30+0200,4362fe35-cfeb-4c3c-9399-26381c363872,2026-07-28T22:45:00Z,2026-07-29T00:45:00+0200,7596.57464,MW,DE,DE_LU,forecast_onshore_wind_generation,Wind Onshore,2026-08-10T05:27:26Z
2026-08-10T05:25:30Z,2026-08-10T07:25:30+0200,4362fe35-cfeb-4c3c-9399-26381c363872,2026-07-28T23:00:00Z,2026-07-29T01:00:00+0200,7954.44776,MW,DE,DE_LU,forecast_onshore_wind_generation,Wind Onshore,2026-08-10T05:27:26Z
2026-08-10T05:25:30Z,2026-08-10T07:25:30+0200,4362fe35-cfeb-4c3c-9399-26381c363872,2026-07-28T23:15:00Z,2026-07-29T01:15:00+0200,8242.2457,MW,DE,DE_LU,forecast_onshore_wind_generation,Wind Onshore,2026-08-10T05:27:26Z
2026-08-10T05:25:30Z,2026-08-10T07:25:30+0200,4362fe35-cfeb-4c3c-9399-26381c363872,2026-07-28T23:30:00Z,2026-07-29T01:30:00+0200,8561.14105,MW,DE,DE_LU,forecast_onshore_wind_generation,Wind Onshore,2026-08-10T05:27:26Z
2026-08-10T05:25:30Z,2026-08-10T07:25:30+0200,4362fe35-cfeb-4c3c-9399-26381c363872,2026-07-28T23:45:00Z,2026-07-29T01:45:00+0200,8929.39552,MW,DE,DE_LU,forecast_onshore_wind_generation,Wind Onshore,2026-08-10T05:27:26Z
2026-08-10T05:25:30Z,2026-08-10T07:25:30+0200,4362fe35-cfeb-4c3c-9399-26381c363872,2026-07-29T00:00:00Z,2026-07-29T02:00:00+0200,9272.43013,MW,DE,DE_LU,forecast_onshore_wind_generation,Wind Onshore,2026-08-10T05:27:26Z
2026-08-10T05:25:30Z,2026-08-10T07:25:30+0200,4362fe35-cfeb-4c3c-9399-26381c363872,2026-07-29T00:15:00Z,2026-07-29T02:15:00+0200,9479.85853,MW,DE,DE_LU,forecast_onshore_wind_generation,Wind Onshore,2026-08-10T05:27:26Z
2026-08-10T05:25:30Z,2026-08-10T07:25:30+0200,4362fe35-cfeb-4c3c-9399-26381c363872,2026-07-29T00:30:00Z,2026-07-29T02:30:00+0200,9643.85785,MW,DE,DE_LU,forecast_onshore_wind_generation,Wind Onshore,2026-08-10T05:27:26Z
2026-08-10T05:25:30Z,2026-08-10T07:25:30+0200,4362fe35-cfeb-4c3c-9399-26381c363872,2026-07-29T00:45:00Z,2026-07-29T02:45:00+0200,9783.2841,MW,DE,DE_LU,forecast_onshore_wind_generation,Wind Onshore,2026-08-10T05:27:26Z
2026-08-10T05:25:30Z,2026-08-10T07:25:30+0200,4362fe35-cfeb-4c3c-9399-26381c363872,2026-07-29T01:00:00Z,2026-07-29T03:00:00+0200,9892.53904,MW,DE,DE_LU,forecast_onshore_wind_generation,Wind Onshore,2026-08-10T05:27:26Z
2026-08-10T05:25:30Z,2026-08-10T07:25:30+0200,4362fe35-cfeb-4c3c-9399-26381c363872,2026-07-29T01:15:00Z,2026-07-29T03:15:00+0200,9881.39039,MW,DE,DE_LU,forecast_onshore_wind_generation,Wind Onshore,2026-08-10T05:27:26Z
2026-08-10T05:25:30Z,2026-08-10T07:25:30+0200,4362fe35-cfeb-4c3c-9399-26381c363872,2026-07-29T01:30:00Z,2026-07-29T03:30:00+0200,9871.29697,MW,DE,DE_LU,forecast_onshore_wind_generation,Wind Onshore,2026-08-10T05:27:26Z
2026-08-10T05:25:30Z,2026-08-10T07:25:30+0200,4362fe35-cfeb-4c3c-9399-26381c363872,2026-07-29T01:45:00Z,2026-07-29T03:45:00+0200,9859.01688,MW,DE,DE_LU,forecast_onshore_wind_generation,Wind Onshore,2026-08-10T05:27:26Z
2026-08-10T05:25:30Z,2026-08-10T07:25:30+0200,4362fe35-cfeb-4c3c-9399-26381c363872,2026-07-29T02:00:00Z,2026-07-29T04:00:00+0200,9853.3917,MW,DE,DE_LU,forecast_onshore_wind_generation,Wind Onshore,2026-08-10T05:27:26Z
2026-08-10T05:25:30Z,2026-08-10T07:25:30+0200,4362fe35-cfeb-4c3c-9399-26381c363872,2026-07-29T02:15:00Z,2026-07-29T04:15:00+0200,9766.237,MW,DE,DE_LU,forecast_onshore_wind_generation,Wind Onshore,2026-08-10T05:27:26Z
2026-08-10T05:25:30Z,2026-08-10T07:25:30+0200,4362fe35-cfeb-4c3c-9399-26381c363872,2026-07-29T02:30:00Z,2026-07-29T04:30:00+0200,9678.34676,MW,DE,DE_LU,forecast_onshore_wind_generation,Wind Onshore,2026-08-10T05:27:26Z
2026-08-10T05:25:30Z,2026-08-10T07:25:30+0200,4362fe35-cfeb-4c3c-9399-26381c363872,2026-07-29T02:45:00Z,2026-07-29T04:45:00+0200,9584.32167,MW,DE,DE_LU,forecast_onshore_wind_generation,Wind Onshore,2026-08-10T05:27:26Z
2026-08-10T05:25:30Z,2026-08-10T07:25:30+0200,4362fe35-cfeb-4c3c-9399-26381c363872,2026-07-29T03:00:00Z,2026-07-29T05:00:00+0200,9486.58385,MW,DE,DE_LU,forecast_onshore_wind_generation,Wind Onshore,2026-08-10T05:27:26Z
2026-08-10T05:25:30Z,2026-08-10T07:25:30+0200,4362fe35-cfeb-4c3c-9399-26381c363872,2026-07-29T03:15:00Z,2026-07-29T05:15:00+0200,9382.23599,MW,DE,DE_LU,forecast_onshore_wind_generation,Wind Onshore,2026-08-10T05:27:26Z
2026-08-10T05:25:30Z,2026-08-10T07:25:30+0200,4362fe35-cfeb-4c3c-9399-26381c363872,2026-07-29T03:30:00Z,2026-07-29T05:30:00+0200,9275.31931,MW,DE,DE_LU,forecast_onshore_wind_generation,Wind Onshore,2026-08-10T05:27:26Z
2026-08-10T05:25:30Z,2026-08-10T07:25:30+0200,4362fe35-cfeb-4c3c-9399-26381c363872,2026-07-29T03:45:00Z,2026-07-29T05:45:00+0200,9150.07217,MW,DE,DE_LU,forecast_onshore_wind_generation,Wind Onshore,2026-08-10T05:27:26Z
2026-08-10T05:25:30Z,2026-08-10T07:25:30+0200,4362fe35-cfeb-4c3c-9399-26381c363872,2026-07-29T04:00:00Z,2026-07-29T06:00:00+0200,9061.52402,MW,DE,DE_LU,forecast_onshore_wind_generation,Wind Onshore,2026-08-10T05:27:26Z
2026-08-10T05:25:30Z,2026-08-10T07:25:30+0200,4362fe35-cfeb-4c3c-9399-26381c363872,2026-07-29T04:15:00Z,2026-07-29T06:15:00+0200,8848.54489,MW,DE,DE_LU,forecast_onshore_wind_generation,Wind Onshore,2026-08-10T05:27:26Z
2026-08-10T05:25:30Z,2026-08-10T07:25:30+0200,4362fe35-cfeb-4c3c-9399-26381c363872,2026-07-29T04:30:00Z,2026-07-29T06:30:00+0200,8627.03535,MW,DE,DE_LU,forecast_onshore_wind_generation,Wind Onshore,2026-08-10T05:27:26Z
2026-08-10T05:25:30Z,2026-08-10T07:25:30+0200,4362fe35-cfeb-4c3c-9399-26381c363872,2026-07-29T04:45:00Z,2026-07-29T06:45:00+0200,8385.84397,MW,DE,DE_LU,forecast_onshore_wind_generation,Wind Onshore,2026-08-10T05:27:26Z
2026-08-10T05:25:30Z,2026-08-10T07:25:30+0200,4362fe35-cfeb-4c3c-9399-26381c363872,2026-07-29T05:00:00Z,2026-07-29T07:00:00+0200,8149.83758,MW,DE,DE_LU,forecast_onshore_wind_generation,Wind Onshore,2026-08-10T05:27:26Z
2026-08-10T05:25:30Z,2026-08-10T07:25:30+0200,4362fe35-cfeb-4c3c-9399-26381c363872,2026-07-29T05:15:00Z,2026-07-29T07:15:00+0200,7752.80466,MW,DE,DE_LU,forecast_onshore_wind_generation,Wind Onshore,2026-08-10T05:27:26Z
2026-08-10T05:25:30Z,2026-08-10T07:25:30+0200,4362fe35-cfeb-4c3c-9399-26381c363872,2026-07-29T05:30:00Z,2026-07-29T07:30:00+0200,7376.57472,MW,DE,DE_LU,forecast_onshore_wind_generation,Wind Onshore,2026-08-10T05:27:26Z
2026-08-10T05:25:30Z,2026-08-10T07:25:30+0200,4362fe35-cfeb-4c3c-9399-26381c363872,2026-07-29T05:45:00Z,2026-07-29T07:45:00+0200,7011.45467,MW,DE,DE_LU,forecast_onshore_wind_generation,Wind Onshore,2026-08-10T05:27:26Z
2026-08-10T05:25:30Z,2026-08-10T07:25:30+0200,4362fe35-cfeb-4c3c-9399-26381c363872,2026-07-29T06:00:00Z,2026-07-29T08:00:00+0200,6552.94717,MW,DE,DE_LU,forecast_onshore_wind_generation,Wind Onshore,2026-08-10T05:27:26Z
2026-08-10T05:25:30Z,2026-08-10T07:25:30+0200,4362fe35-cfeb-4c3c-9399-26381c363872,2026-07-29T06:15:00Z,2026-07-29T08:15:00+0200,5851.32198,MW,DE,DE_LU,forecast_onshore_wind_generation,Wind Onshore,2026-08-10T05:27:26Z
2026-08-10T05:25:30Z,2026-08-10T07:25:30+0200,4362fe35-cfeb-4c3c-9399-26381c363872,2026-07-29T06:30:00Z,2026-07-29T08:30:00+0200,5059.4281,MW,DE,DE_LU,forecast_onshore_wind_generation,Wind Onshore,2026-08-10T05:27:26Z
2026-08-10T05:25:30Z,2026-08-10T07:25:30+0200,4362fe35-cfeb-4c3c-9399-26381c363872,2026-07-29T06:45:00Z,2026-07-29T08:45:00+0200,4346.27466,MW,DE,DE_LU,forecast_onshore_wind_generation,Wind Onshore,2026-08-10T05:27:26Z
2026-08-10T05:25:30Z,2026-08-10T07:25:30+0200,4362fe35-cfeb-4c3c-9399-26381c363872,2026-07-29T07:00:00Z,2026-07-29T09:00:00+0200,3718.56035,MW,DE,DE_LU,forecast_onshore_wind_generation,Wind Onshore,2026-08-10T05:27:26Z
2026-08-10T05:25:30Z,2026-08-10T07:25:30+0200,4362fe35-cfeb-4c3c-9399-26381c363872,2026-07-29T07:15:00Z,2026-07-29T09:15:00+0200,3260.67438,MW,DE,DE_LU,forecast_onshore_wind_generation,Wind Onshore,2026-08-10T05:27:26Z
2026-08-10T05:25:30Z,2026-08-10T07:25:30+0200,4362fe35-cfeb-4c3c-9399-26381c363872,2026-07-29T07:30:00Z,2026-07-29T09:30:00+0200,2883.82946,MW,DE,DE_LU,forecast_onshore_wind_generation,Wind Onshore,2026-08-10T05:27:26Z
2026-08-10T05:25:30Z,2026-08-10T07:25:30+0200,4362fe35-cfeb-4c3c-9399-26381c363872,2026-07-29T07:45:00Z,2026-07-29T09:45:00+0200,2570.69654,MW,DE,DE_LU,forecast_onshore_wind_generation,Wind Onshore,2026-08-10T05:27:26Z
2026-08-10T05:25:30Z,2026-08-10T07:25:30+0200,4362fe35-cfeb-4c3c-9399-26381c363872,2026-07-29T08:00:00Z,2026-07-29T10:00:00+0200,2272.88852,MW,DE,DE_LU,forecast_onshore_wind_generation,Wind Onshore,2026-08-10T05:27:26Z
2026-08-10T05:25:30Z,2026-08-10T07:25:30+0200,4362fe35-cfeb-4c3c-9399-26381c363872,2026-07-29T08:15:00Z,2026-07-29T10:15:00+0200,2263.07193,MW,DE,DE_LU,forecast_onshore_wind_generation,Wind Onshore,2026-08-10T05:27:26Z
2026-08-10T05:25:30Z,2026-08-10T07:25:30+0200,4362fe35-cfeb-4c3c-9399-26381c363872,2026-07-29T08:30:00Z,2026-07-29T10:30:00+0200,2232.92885,MW,DE,DE_LU,forecast_onshore_wind_generation,Wind Onshore,2026-08-10T05:27:26Z
2026-08-10T05:25:30Z,2026-08-10T07:25:30+0200,4362fe35-cfeb-4c3c-9399-26381c363872,2026-07-29T08:45:00Z,2026-07-29T10:45:00+0200,2201.96248,MW,DE,DE_LU,forecast_onshore_wind_generation,Wind Onshore,2026-08-10T05:27:26Z
2026-08-10T05:25:30Z,2026-08-10T07:25:30+0200,4362fe35-cfeb-4c3c-9399-26381c363872,2026-07-29T09:00:00Z,2026-07-29T11:00:00+0200,2171.21504,MW,DE,DE_LU,forecast_onshore_wind_generation,Wind Onshore,2026-08-10T05:27:26Z
2026-08-10T05:25:30Z,2026-08-10T07:25:30+0200,4362fe35-cfeb-4c3c-9399-26381c363872,2026-07-29T09:15:00Z,2026-07-29T11:15:00+0200,2216.67602,MW,DE,DE_LU,forecast_onshore_wind_generation,Wind Onshore,2026-08-10T05:27:26Z
2026-08-10T05:25:30Z,2026-08-10T07:25:30+0200,4362fe35-cfeb-4c3c-9399-26381c363872,2026-07-29T09:30:00Z,2026-07-29T11:30:00+0200,2279.22045,MW,DE,DE_LU,forecast_onshore_wind_generation,Wind Onshore,2026-08-10T05:27:26Z
2026-08-10T05:25:30Z,2026-08-10T07:25:30+0200,4362fe35-cfeb-4c3c-9399-26381c363872,2026-07-29T09:45:00Z,2026-07-29T11:45:00+0200,2331.14211,MW,DE,DE_LU,forecast_onshore_wind_generation,Wind Onshore,2026-08-10T05:27:26Z
2026-08-10T05:25:30Z,2026-08-10T07:25:30+0200,4362fe35-cfeb-4c3c-9399-26381c363872,2026-07-29T10:00:00Z,2026-07-29T12:00:00+0200,2389.95739,MW,DE,DE_LU,forecast_onshore_wind_generation,Wind Onshore,2026-08-10T05:27:26Z
2026-08-10T05:25:30Z,2026-08-10T07:25:30+0200,4362fe35-cfeb-4c3c-9399-26381c363872,2026-07-29T10:15:00Z,2026-07-29T12:15:00+0200,2437.31628,MW,DE,DE_LU,forecast_onshore_wind_generation,Wind Onshore,2026-08-10T05:27:26Z
2026-08-10T05:25:30Z,2026-08-10T07:25:30+0200,4362fe35-cfeb-4c3c-9399-26381c363872,2026-07-29T10:30:00Z,2026-07-29T12:30:00+0200,2486.4368,MW,DE,DE_LU,forecast_onshore_wind_generation,Wind Onshore,2026-08-10T05:27:26Z
2026-08-10T05:25:30Z,2026-08-10T07:25:30+0200,4362fe35-cfeb-4c3c-9399-26381c363872,2026-07-29T10:45:00Z,2026-07-29T12:45:00+0200,2542.98382,MW,DE,DE_LU,forecast_onshore_wind_generation,Wind Onshore,2026-08-10T05:27:26Z
2026-08-10T05:25:30Z,2026-08-10T07:25:30+0200,4362fe35-cfeb-4c3c-9399-26381c363872,2026-07-29T11:00:00Z,2026-07-29T13:00:00+0200,2598.09115,MW,DE,DE_LU,forecast_onshore_wind_generation,Wind Onshore,2026-08-10T05:27:26Z
2026-08-10T05:25:30Z,2026-08-10T07:25:30+0200,4362fe35-cfeb-4c3c-9399-26381c363872,2026-07-29T11:15:00Z,2026-07-29T13:15:00+0200,2656.04084,MW,DE,DE_LU,forecast_onshore_wind_generation,Wind Onshore,2026-08-10T05:27:26Z
2026-08-10T05:25:30Z,2026-08-10T07:25:30+0200,4362fe35-cfeb-4c3c-9399-26381c363872,2026-07-29T11:30:00Z,2026-07-29T13:30:00+0200,2727.5931,MW,DE,DE_LU,forecast_onshore_wind_generation,Wind Onshore,2026-08-10T05:27:26Z
2026-08-10T05:25:30Z,2026-08-10T07:25:30+0200,4362fe35-cfeb-4c3c-9399-26381c363872,2026-07-29T11:45:00Z,2026-07-29T13:45:00+0200,2810.04189,MW,DE,DE_LU,forecast_onshore_wind_generation,Wind Onshore,2026-08-10T05:27:26Z
2026-08-10T05:25:30Z,2026-08-10T07:25:30+0200,4362fe35-cfeb-4c3c-9399-26381c363872,2026-07-29T12:00:00Z,2026-07-29T14:00:00+0200,2894.08146,MW,DE,DE_LU,forecast_onshore_wind_generation,Wind Onshore,2026-08-10T05:27:26Z
2026-08-10T05:25:30Z,2026-08-10T07:25:30+0200,4362fe35-cfeb-4c3c-9399-26381c363872,2026-07-29T12:15:00Z,2026-07-29T14:15:00+0200,2969.48746,MW,DE,DE_LU,forecast_onshore_wind_generation,Wind Onshore,2026-08-10T05:27:26Z
2026-08-10T05:25:30Z,2026-08-10T07:25:30+0200,4362fe35-cfeb-4c3c-9399-26381c363872,2026-07-29T12:30:00Z,2026-07-29T14:30:00+0200,3023.67192,MW,DE,DE_LU,forecast_onshore_wind_generation,Wind Onshore,2026-08-10T05:27:26Z
2026-08-10T05:25:30Z,2026-08-10T07:25:30+0200,4362fe35-cfeb-4c3c-9399-26381c363872,2026-07-29T12:45:00Z,2026-07-29T14:45:00+0200,3072.84197,MW,DE,DE_LU,forecast_onshore_wind_generation,Wind Onshore,2026-08-10T05:27:26Z
2026-08-10T05:25:30Z,2026-08-10T07:25:30+0200,4362fe35-cfeb-4c3c-9399-26381c363872,2026-07-29T13:00:00Z,2026-07-29T15:00:00+0200,3106.78806,MW,DE,DE_LU,forecast_onshore_wind_generation,Wind Onshore,2026-08-10T05:27:26Z
2026-08-10T05:25:30Z,2026-08-10T07:25:30+0200,4362fe35-cfeb-4c3c-9399-26381c363872,2026-07-29T13:15:00Z,2026-07-29T15:15:00+0200,3128.46461,MW,DE,DE_LU,forecast_onshore_wind_generation,Wind Onshore,2026-08-10T05:27:26Z
2026-08-10T05:25:30Z,2026-08-10T07:25:30+0200,4362fe35-cfeb-4c3c-9399-26381c363872,2026-07-29T13:30:00Z,2026-07-29T15:30:00+0200,3149.50805,MW,DE,DE_LU,forecast_onshore_wind_generation,Wind Onshore,2026-08-10T05:27:26Z
2026-08-10T05:25:30Z,2026-08-10T07:25:30+0200,4362fe35-cfeb-4c3c-9399-26381c363872,2026-07-29T13:45:00Z,2026-07-29T15:45:00+0200,3172.63645,MW,DE,DE_LU,forecast_onshore_wind_generation,Wind Onshore,2026-08-10T05:27:26Z
2026-08-10T05:25:30Z,2026-08-10T07:25:30+0200,4362fe35-cfeb-4c3c-9399-26381c363872,2026-07-29T14:00:00Z,2026-07-29T16:00:00+0200,3185.39296,MW,DE,DE_LU,forecast_onshore_wind_generation,Wind Onshore,2026-08-10T05:27:26Z
2026-08-10T05:25:30Z,2026-08-10T07:25:30+0200,4362fe35-cfeb-4c3c-9399-26381c363872,2026-07-29T14:15:00Z,2026-07-29T16:15:00+0200,3187.42419,MW,DE,DE_LU,forecast_onshore_wind_generation,Wind Onshore,2026-08-10T05:27:26Z
2026-08-10T05:25:30Z,2026-08-10T07:25:30+0200,4362fe35-cfeb-4c3c-9399-26381c363872,2026-07-29T14:30:00Z,2026-07-29T16:30:00+0200,3180.4117,MW,DE,DE_LU,forecast_onshore_wind_generation,Wind Onshore,2026-08-10T05:27:26Z
2026-08-10T05:25:30Z,2026-08-10T07:25:30+0200,4362fe35-cfeb-4c3c-9399-26381c363872,2026-07-29T14:45:00Z,2026-07-29T16:45:00+0200,3162.33152,MW,DE,DE_LU,forecast_onshore_wind_generation,Wind Onshore,2026-08-10T05:27:26Z
2026-08-10T05:25:30Z,2026-08-10T07:25:30+0200,4362fe35-cfeb-4c3c-9399-26381c363872,2026-07-29T15:00:00Z,2026-07-29T17:00:00+0200,3147.31515,MW,DE,DE_LU,forecast_onshore_wind_generation,Wind Onshore,2026-08-10T05:27:26Z
2026-08-10T05:25:30Z,2026-08-10T07:25:30+0200,4362fe35-cfeb-4c3c-9399-26381c363872,2026-07-29T15:15:00Z,2026-07-29T17:15:00+0200,3113.61772,MW,DE,DE_LU,forecast_onshore_wind_generation,Wind Onshore,2026-08-10T05:27:26Z
2026-08-10T05:25:30Z,2026-08-10T07:25:30+0200,4362fe35-cfeb-4c3c-9399-26381c363872,2026-07-29T15:30:00Z,2026-07-29T17:30:00+0200,3083.79262,MW,DE,DE_LU,forecast_onshore_wind_generation,Wind Onshore,2026-08-10T05:27:26Z
2026-08-10T05:25:30Z,2026-08-10T07:25:30+0200,4362fe35-cfeb-4c3c-9399-26381c363872,2026-07-29T15:45:00Z,2026-07-29T17:45:00+0200,3058.20129,MW,DE,DE_LU,forecast_onshore_wind_generation,Wind Onshore,2026-08-10T05:27:26Z
2026-08-10T05:25:30Z,2026-08-10T07:25:30+0200,4362fe35-cfeb-4c3c-9399-26381c363872,2026-07-29T16:00:00Z,2026-07-29T18:00:00+0200,3028.6577,MW,DE,DE_LU,forecast_onshore_wind_generation,Wind Onshore,2026-08-10T05:27:26Z
2026-08-10T05:25:30Z,2026-08-10T07:25:30+0200,4362fe35-cfeb-4c3c-9399-26381c363872,2026-07-29T16:15:00Z,2026-07-29T18:15:00+0200,2985.01029,MW,DE,DE_LU,forecast_onshore_wind_generation,Wind Onshore,2026-08-10T05:27:26Z
2026-08-10T05:25:30Z,2026-08-10T07:25:30+0200,4362fe35-cfeb-4c3c-9399-26381c363872,2026-07-29T16:30:00Z,2026-07-29T18:30:00+0200,2943.73794,MW,DE,DE_LU,forecast_onshore_wind_generation,Wind Onshore,2026-08-10T05:27:26Z
2026-08-10T05:25:30Z,2026-08-10T07:25:30+0200,4362fe35-cfeb-4c3c-9399-26381c363872,2026-07-29T16:45:00Z,2026-07-29T18:45:00+0200,2893.01285,MW,DE,DE_LU,forecast_onshore_wind_generation,Wind Onshore,2026-08-10T05:27:26Z
2026-08-10T05:25:30Z,2026-08-10T07:25:30+0200,4362fe35-cfeb-4c3c-9399-26381c363872,2026-07-29T17:00:00Z,2026-07-29T19:00:00+0200,2843.72263,MW,DE,DE_LU,forecast_onshore_wind_generation,Wind Onshore,2026-08-10T05:27:26Z
2026-08-10T05:25:30Z,2026-08-10T07:25:30+0200,4362fe35-cfeb-4c3c-9399-26381c363872,2026-07-29T17:15:00Z,2026-07-29T19:15:00+0200,2959.82633,MW,DE,DE_LU,forecast_onshore_wind_generation,Wind Onshore,2026-08-10T05:27:26Z
2026-08-10T05:25:30Z,2026-08-10T07:25:30+0200,4362fe35-cfeb-4c3c-9399-26381c363872,2026-07-29T17:30:00Z,2026-07-29T19:30:00+0200,3070.7781,MW,DE,DE_LU,forecast_onshore_wind_generation,Wind Onshore,2026-08-10T05:27:26Z
2026-08-10T05:25:30Z,2026-08-10T07:25:30+0200,4362fe35-cfeb-4c3c-9399-26381c363872,2026-07-29T17:45:00Z,2026-07-29T19:45:00+0200,3208.69474,MW,DE,DE_LU,forecast_onshore_wind_generation,Wind Onshore,2026-08-10T05:27:26Z
2026-08-10T05:25:30Z,2026-08-10T07:25:30+0200,4362fe35-cfeb-4c3c-9399-26381c363872,2026-07-29T18:00:00Z,2026-07-29T20:00:00+0200,3346.42956,MW,DE,DE_LU,forecast_onshore_wind_generation,Wind Onshore,2026-08-10T05:27:26Z
2026-08-10T05:25:30Z,2026-08-10T07:25:30+0200,4362fe35-cfeb-4c3c-9399-26381c363872,2026-07-29T18:15:00Z,2026-07-29T20:15:00+0200,3751.15512,MW,DE,DE_LU,forecast_onshore_wind_generation,Wind Onshore,2026-08-10T05:27:26Z
2026-08-10T05:25:30Z,2026-08-10T07:25:30+0200,4362fe35-cfeb-4c3c-9399-26381c363872,2026-07-29T18:30:00Z,2026-07-29T20:30:00+0200,4105.35152,MW,DE,DE_LU,forecast_onshore_wind_generation,Wind Onshore,2026-08-10T05:27:26Z
2026-08-10T05:25:30Z,2026-08-10T07:25:30+0200,4362fe35-cfeb-4c3c-9399-26381c363872,2026-07-29T18:45:00Z,2026-07-29T20:45:00+0200,4403.88184,MW,DE,DE_LU,forecast_onshore_wind_generation,Wind Onshore,2026-08-10T05:27:26Z
2026-08-10T05:25:30Z,2026-08-10T07:25:30+0200,4362fe35-cfeb-4c3c-9399-26381c363872,2026-07-29T19:00:00Z,2026-07-29T21:00:00+0200,4623.42484,MW,DE,DE_LU,forecast_onshore_wind_generation,Wind Onshore,2026-08-10T05:27:26Z
2026-08-10T05:25:30Z,2026-08-10T07:25:30+0200,4362fe35-cfeb-4c3c-9399-26381c363872,2026-07-29T19:15:00Z,2026-07-29T21:15:00+0200,4987.65651,MW,DE,DE_LU,forecast_onshore_wind_generation,Wind Onshore,2026-08-10T05:27:26Z
2026-08-10T05:25:30Z,2026-08-10T07:25:30+0200,4362fe35-cfeb-4c3c-9399-26381c363872,2026-07-29T19:30:00Z,2026-07-29T21:30:00+0200,5431.83744,MW,DE,DE_LU,forecast_onshore_wind_generation,Wind Onshore,2026-08-10T05:27:26Z
2026-08-10T05:25:30Z,2026-08-10T07:25:30+0200,4362fe35-cfeb-4c3c-9399-26381c363872,2026-07-29T19:45:00Z,2026-07-29T21:45:00+0200,5922.12552,MW,DE,DE_LU,forecast_onshore_wind_generation,Wind Onshore,2026-08-10T05:27:26Z
2026-08-10T05:25:30Z,2026-08-10T07:25:30+0200,4362fe35-cfeb-4c3c-9399-26381c363872,2026-07-29T20:00:00Z,2026-07-29T22:00:00+0200,6398.93814,MW,DE,DE_LU,forecast_onshore_wind_generation,Wind Onshore,2026-08-10T05:27:26Z
2026-08-10T05:25:30Z,2026-08-10T07:25:30+0200,4362fe35-cfeb-4c3c-9399-26381c363872,2026-07-29T20:15:00Z,2026-07-29T22:15:00+0200,6746.67639,MW,DE,DE_LU,forecast_onshore_wind_generation,Wind Onshore,2026-08-10T05:27:26Z
2026-08-10T05:25:30Z,2026-08-10T07:25:30+0200,4362fe35-cfeb-4c3c-9399-26381c363872,2026-07-29T20:30:00Z,2026-07-29T22:30:00+0200,7095.64158,MW,DE,DE_LU,forecast_onshore_wind_generation,Wind Onshore,2026-08-10T05:27:26Z
2026-08-10T05:25:30Z,2026-08-10T07:25:30+0200,4362fe35-cfeb-4c3c-9399-26381c363872,2026-07-29T20:45:00Z,2026-07-29T22:45:00+0200,7425.67101,MW,DE,DE_LU,forecast_onshore_wind_generation,Wind Onshore,2026-08-10T05:27:26Z
2026-08-10T05:25:30Z,2026-08-10T07:25:30+0200,4362fe35-cfeb-4c3c-9399-26381c363872,2026-07-29T21:00:00Z,2026-07-29T23:00:00+0200,7753.58003,MW,DE,DE_LU,forecast_onshore_wind_generation,Wind Onshore,2026-08-10T05:27:26Z
2026-08-10T05:25:30Z,2026-08-10T07:25:30+0200,4362fe35-cfeb-4c3c-9399-26381c363872,2026-07-29T21:15:00Z,2026-07-29T23:15:00+0200,7953.06236,MW,DE,DE_LU,forecast_onshore_wind_generation,Wind Onshore,2026-08-10T05:27:26Z
2026-08-10T05:25:30Z,2026-08-10T07:25:30+0200,4362fe35-cfeb-4c3c-9399-26381c363872,2026-07-29T21:30:00Z,2026-07-29T23:30:00+0200,8157.70786,MW,DE,DE_LU,forecast_onshore_wind_generation,Wind Onshore,2026-08-10T05:27:26Z
2026-08-10T05:25:30Z,2026-08-10T07:25:30+0200,4362fe35-cfeb-4c3c-9399-26381c363872,2026-07-29T21:45:00Z,2026-07-29T23:45:00+0200,8353.9696,MW,DE,DE_LU,forecast_onshore_wind_generation,Wind Onshore,2026-08-10T05:27:26Z
2026-08-10T05:25:30Z,2026-08-10T07:25:30+0200,4362fe35-cfeb-4c3c-9399-26381c363872,2026-07-29T22:00:00Z,2026-07-30T00:00:00+0200,8895.17741,MW,DE,DE_LU,forecast_onshore_wind_generation,Wind Onshore,2026-08-10T05:27:26Z
2026-08-10T05:25:30Z,2026-08-10T07:25:30+0200,4362fe35-cfeb-4c3c-9399-26381c363872,2026-07-29T22:15:00Z,2026-07-30T00:15:00+0200,8850.23944,MW,DE,DE_LU,forecast_onshore_wind_generation,Wind Onshore,2026-08-10T05:27:26Z
2026-08-10T05:25:30Z,2026-08-10T07:25:30+0200,4362fe35-cfeb-4c3c-9399-26381c363872,2026-07-29T22:30:00Z,2026-07-30T00:30:00+0200,8794.34306,MW,DE,DE_LU,forecast_onshore_wind_generation,Wind Onshore,2026-08-10T05:27:26Z
2026-08-10T05:25:30Z,2026-08-10T07:25:30+0200,4362fe35-cfeb-4c3c-9399-26381c363872,2026-07-29T22:45:00Z,2026-07-30T00:45:00+0200,8743.54899,MW,DE,DE_LU,forecast_onshore_wind_generation,Wind Onshore,2026-08-10T05:27:26Z
2026-08-10T05:25:30Z,2026-08-10T07:25:30+0200,4362fe35-cfeb-4c3c-9399-26381c363872,2026-07-29T23:00:00Z,2026-07-30T01:00:00+0200,8666.1723,MW,DE,DE_LU,forecast_onshore_wind_generation,Wind Onshore,2026-08-10T05:27:26Z
2026-08-10T05:25:30Z,2026-08-10T07:25:30+0200,4362fe35-cfeb-4c3c-9399-26381c363872,2026-07-29T23:15:00Z,2026-07-30T01:15:00+0200,8591.7254,MW,DE,DE_LU,forecast_onshore_wind_generation,Wind Onshore,2026-08-10T05:27:26Z
2026-08-10T05:25:30Z,2026-08-10T07:25:30+0200,4362fe35-cfeb-4c3c-9399-26381c363872,2026-07-29T23:30:00Z,2026-07-30T01:30:00+0200,8520.73095,MW,DE,DE_LU,forecast_onshore_wind_generation,Wind Onshore,2026-08-10T05:27:26Z
2026-08-10T05:25:30Z,2026-08-10T07:25:30+0200,4362fe35-cfeb-4c3c-9399-26381c363872,2026-07-29T23:45:00Z,2026-07-30T01:45:00+0200,8482.82316,MW,DE,DE_LU,forecast_onshore_wind_generation,Wind Onshore,2026-08-10T05:27:26Z
2026-08-10T05:25:30Z,2026-08-10T07:25:30+0200,4362fe35-cfeb-4c3c-9399-26381c363872,2026-07-30T00:00:00Z,2026-07-30T02:00:00+0200,8514.65516,MW,DE,DE_LU,forecast_onshore_wind_generation,Wind Onshore,2026-08-10T05:27:26Z
2026-08-10T05:25:30Z,2026-08-10T07:25:30+0200,4362fe35-cfeb-4c3c-9399-26381c363872,2026-07-30T00:15:00Z,2026-07-30T02:15:00+0200,8572.89715,MW,DE,DE_LU,forecast_onshore_wind_generation,Wind Onshore,2026-08-10T05:27:26Z
2026-08-10T05:25:30Z,2026-08-10T07:25:30+0200,4362fe35-cfeb-4c3c-9399-26381c363872,2026-07-30T00:30:00Z,2026-07-30T02:30:00+0200,8619.60019,MW,DE,DE_LU,forecast_onshore_wind_generation,Wind Onshore,2026-08-10T05:27:26Z
2026-08-10T05:25:30Z,2026-08-10T07:25:30+0200,4362fe35-cfeb-4c3c-9399-26381c363872,2026-07-30T00:45:00Z,2026-07-30T02:45:00+0200,8662.57255,MW,DE,DE_LU,forecast_onshore_wind_generation,Wind Onshore,2026-08-10T05:27:26Z
2026-08-10T05:25:30Z,2026-08-10T07:25:30+0200,4362fe35-cfeb-4c3c-9399-26381c363872,2026-07-30T01:00:00Z,2026-07-30T03:00:00+0200,8705.77694,MW,DE,DE_LU,forecast_onshore_wind_generation,Wind Onshore,2026-08-10T05:27:26Z
2026-08-10T05:25:30Z,2026-08-10T07:25:30+0200,4362fe35-cfeb-4c3c-9399-26381c363872,2026-07-30T01:15:00Z,2026-07-30T03:15:00+0200,8748.79554,MW,DE,DE_LU,forecast_onshore_wind_generation,Wind Onshore,2026-08-10T05:27:26Z
2026-08-10T05:25:30Z,2026-08-10T07:25:30+0200,4362fe35-cfeb-4c3c-9399-26381c363872,2026-07-30T01:30:00Z,2026-07-30T03:30:00+0200,8792.33883,MW,DE,DE_LU,forecast_onshore_wind_generation,Wind Onshore,2026-08-10T05:27:26Z
2026-08-10T05:25:30Z,2026-08-10T07:25:30+0200,4362fe35-cfeb-4c3c-9399-26381c363872,2026-07-30T01:45:00Z,2026-07-30T03:45:00+0200,8854.36136,MW,DE,DE_LU,forecast_onshore_wind_generation,Wind Onshore,2026-08-10T05:27:26Z
2026-08-10T05:25:30Z,2026-08-10T07:25:30+0200,4362fe35-cfeb-4c3c-9399-26381c363872,2026-07-30T02:00:00Z,2026-07-30T04:00:00+0200,8941.49022,MW,DE,DE_LU,forecast_onshore_wind_generation,Wind Onshore,2026-08-10T05:27:26Z
2026-08-10T05:25:30Z,2026-08-10T07:25:30+0200,4362fe35-cfeb-4c3c-9399-26381c363872,2026-07-30T02:15:00Z,2026-07-30T04:15:00+0200,9038.39402,MW,DE,DE_LU,forecast_onshore_wind_generation,Wind Onshore,2026-08-10T05:27:26Z
2026-08-10T05:25:30Z,2026-08-10T07:25:30+0200,4362fe35-cfeb-4c3c-9399-26381c363872,2026-07-30T02:30:00Z,2026-07-30T04:30:00+0200,9197.28428,MW,DE,DE_LU,forecast_onshore_wind_generation,Wind Onshore,2026-08-10T05:27:26Z
2026-08-10T05:25:30Z,2026-08-10T07:25:30+0200,4362fe35-cfeb-4c3c-9399-26381c363872,2026-07-30T02:45:00Z,2026-07-30T04:45:00+0200,9333.10766,MW,DE,DE_LU,forecast_onshore_wind_generation,Wind Onshore,2026-08-10T05:27:26Z
2026-08-10T05:25:30Z,2026-08-10T07:25:30+0200,4362fe35-cfeb-4c3c-9399-26381c363872,2026-07-30T03:00:00Z,2026-07-30T05:00:00+0200,9455.27369,MW,DE,DE_LU,forecast_onshore_wind_generation,Wind Onshore,2026-08-10T05:27:26Z
2026-08-10T05:25:30Z,2026-08-10T07:25:30+0200,4362fe35-cfeb-4c3c-9399-26381c363872,2026-07-30T03:15:00Z,2026-07-30T05:15:00+0200,9591.66503,MW,DE,DE_LU,forecast_onshore_wind_generation,Wind Onshore,2026-08-10T05:27:26Z
2026-08-10T05:25:30Z,2026-08-10T07:25:30+0200,4362fe35-cfeb-4c3c-9399-26381c363872,2026-07-30T03:30:00Z,2026-07-30T05:30:00+0200,9721.2507,MW,DE,DE_LU,forecast_onshore_wind_generation,Wind Onshore,2026-08-10T05:27:26Z
2026-08-10T05:25:30Z,2026-08-10T07:25:30+0200,4362fe35-cfeb-4c3c-9399-26381c363872,2026-07-30T03:45:00Z,2026-07-30T05:45:00+0200,9842.72375,MW,DE,DE_LU,forecast_onshore_wind_generation,Wind Onshore,2026-08-10T05:27:26Z
2026-08-10T05:25:30Z,2026-08-10T07:25:30+0200,4362fe35-cfeb-4c3c-9399-26381c363872,2026-07-30T04:00:00Z,2026-07-30T06:00:00+0200,10076.58319,MW,DE,DE_LU,forecast_onshore_wind_generation,Wind Onshore,2026-08-10T05:27:26Z
2026-08-10T05:25:30Z,2026-08-10T07:25:30+0200,4362fe35-cfeb-4c3c-9399-26381c363872,2026-07-30T04:15:00Z,2026-07-30T06:15:00+0200,10184.94542,MW,DE,DE_LU,forecast_onshore_wind_generation,Wind Onshore,2026-08-10T05:27:26Z
2026-08-10T05:25:30Z,2026-08-10T07:25:30+0200,4362fe35-cfeb-4c3c-9399-26381c363872,2026-07-30T04:30:00Z,2026-07-30T06:30:00+0200,10282.43943,MW,DE,DE_LU,forecast_onshore_wind_generation,Wind Onshore,2026-08-10T05:27:26Z
2026-08-10T05:25:30Z,2026-08-10T07:25:30+0200,4362fe35-cfeb-4c3c-9399-26381c363872,2026-07-30T04:45:00Z,2026-07-30T06:45:00+0200,10330.66125,MW,DE,DE_LU,forecast_onshore_wind_generation,Wind Onshore,2026-08-10T05:27:26Z
2026-08-10T05:25:30Z,2026-08-10T07:25:30+0200,4362fe35-cfeb-4c3c-9399-26381c363872,2026-07-30T05:00:00Z,2026-07-30T07:00:00+0200,10366.50636,MW,DE,DE_LU,forecast_onshore_wind_generation,Wind Onshore,2026-08-10T05:27:26Z
2026-08-10T05:25:30Z,2026-08-10T07:25:30+0200,4362fe35-cfeb-4c3c-9399-26381c363872,2026-07-30T05:15:00Z,2026-07-30T07:15:00+0200,10176.03475,MW,DE,DE_LU,forecast_onshore_wind_generation,Wind Onshore,2026-08-10T05:27:26Z
2026-08-10T05:25:30Z,2026-08-10T07:25:30+0200,4362fe35-cfeb-4c3c-9399-26381c363872,2026-07-30T05:30:00Z,2026-07-30T07:30:00+0200,9997.25969,MW,DE,DE_LU,forecast_onshore_wind_generation,Wind Onshore,2026-08-10T05:27:26Z
2026-08-10T05:25:30Z,2026-08-10T07:25:30+0200,4362fe35-cfeb-4c3c-9399-26381c363872,2026-07-30T05:45:00Z,2026-07-30T07:45:00+0200,9820.00121,MW,DE,DE_LU,forecast_onshore_wind_generation,Wind Onshore,2026-08-10T05:27:26Z
2026-08-10T05:25:30Z,2026-08-10T07:25:30+0200,4362fe35-cfeb-4c3c-9399-26381c363872,2026-07-30T06:00:00Z,2026-07-30T08:00:00+0200,9562.93563,MW,DE,DE_LU,forecast_onshore_wind_generation,Wind Onshore,2026-08-10T05:27:26Z
2026-08-10T05:25:30Z,2026-08-10T07:25:30+0200,4362fe35-cfeb-4c3c-9399-26381c363872,2026-07-30T06:15:00Z,2026-07-30T08:15:00+0200,9108.78241,MW,DE,DE_LU,forecast_onshore_wind_generation,Wind Onshore,2026-08-10T05:27:26Z
2026-08-10T05:25:30Z,2026-08-10T07:25:30+0200,4362fe35-cfeb-4c3c-9399-26381c363872,2026-07-30T06:30:00Z,2026-07-30T08:30:00+0200,8598.99549,MW,DE,DE_LU,forecast_onshore_wind_generation,Wind Onshore,2026-08-10T05:27:26Z
2026-08-10T05:25:30Z,2026-08-10T07:25:30+0200,4362fe35-cfeb-4c3c-9399-26381c363872,2026-07-30T06:45:00Z,2026-07-30T08:45:00+0200,8052.52212,MW,DE,DE_LU,forecast_onshore_wind_generation,Wind Onshore,2026-08-10T05:27:26Z
2026-08-10T05:25:30Z,2026-08-10T07:25:30+0200,4362fe35-cfeb-4c3c-9399-26381c363872,2026-07-30T07:00:00Z,2026-07-30T09:00:00+0200,7542.40201,MW,DE,DE_LU,forecast_onshore_wind_generation,Wind Onshore,2026-08-10T05:27:26Z
2026-08-10T05:25:30Z,2026-08-10T07:25:30+0200,4362fe35-cfeb-4c3c-9399-26381c363872,2026-07-30T07:15:00Z,2026-07-30T09:15:00+0200,6954.17593,MW,DE,DE_LU,forecast_onshore_wind_generation,Wind Onshore,2026-08-10T05:27:26Z
2026-08-10T05:25:30Z,2026-08-10T07:25:30+0200,4362fe35-cfeb-4c3c-9399-26381c363872,2026-07-30T07:30:00Z,2026-07-30T09:30:00+0200,6360.72472,MW,DE,DE_LU,forecast_onshore_wind_generation,Wind Onshore,2026-08-10T05:27:26Z
2026-08-10T05:25:30Z,2026-08-10T07:25:30+0200,4362fe35-cfeb-4c3c-9399-26381c363872,2026-07-30T07:45:00Z,2026-07-30T09:45:00+0200,5812.9809,MW,DE,DE_LU,forecast_onshore_wind_generation,Wind Onshore,2026-08-10T05:27:26Z
2026-08-10T05:25:30Z,2026-08-10T07:25:30+0200,4362fe35-cfeb-4c3c-9399-26381c363872,2026-07-30T08:00:00Z,2026-07-30T10:00:00+0200,5303.86289,MW,DE,DE_LU,forecast_onshore_wind_generation,Wind Onshore,2026-08-10T05:27:26Z
2026-08-10T05:25:30Z,2026-08-10T07:25:30+0200,4362fe35-cfeb-4c3c-9399-26381c363872,2026-07-30T08:15:00Z,2026-07-30T10:15:00+0200,5346.24104,MW,DE,DE_LU,forecast_onshore_wind_generation,Wind Onshore,2026-08-10T05:27:26Z
2026-08-10T05:25:30Z,2026-08-10T07:25:30+0200,4362fe35-cfeb-4c3c-9399-26381c363872,2026-07-30T08:30:00Z,2026-07-30T10:30:00+0200,5397.10676,MW,DE,DE_LU,forecast_onshore_wind_generation,Wind Onshore,2026-08-10T05:27:26Z
2026-08-10T05:25:30Z,2026-08-10T07:25:30+0200,4362fe35-cfeb-4c3c-9399-26381c363872,2026-07-30T08:45:00Z,2026-07-30T10:45:00+0200,5478.09161,MW,DE,DE_LU,forecast_onshore_wind_generation,Wind Onshore,2026-08-10T05:27:26Z
2026-08-10T05:25:30Z,2026-08-10T07:25:30+0200,4362fe35-cfeb-4c3c-9399-26381c363872,2026-07-30T09:00:00Z,2026-07-30T11:00:00+0200,5591.78963,MW,DE,DE_LU,forecast_onshore_wind_generation,Wind Onshore,2026-08-10T05:27:26Z
2026-08-10T05:25:30Z,2026-08-10T07:25:30+0200,4362fe35-cfeb-4c3c-9399-26381c363872,2026-07-30T09:15:00Z,2026-07-30T11:15:00+0200,5969.51473,MW,DE,DE_LU,forecast_onshore_wind_generation,Wind Onshore,2026-08-10T05:27:26Z
2026-08-10T05:25:30Z,2026-08-10T07:25:30+0200,4362fe35-cfeb-4c3c-9399-26381c363872,2026-07-30T09:30:00Z,2026-07-30T11:30:00+0200,6380.80598,MW,DE,DE_LU,forecast_onshore_wind_generation,Wind Onshore,2026-08-10T05:27:26Z
2026-08-10T05:25:30Z,2026-08-10T07:25:30+0200,4362fe35-cfeb-4c3c-9399-26381c363872,2026-07-30T09:45:00Z,2026-07-30T11:45:00+0200,6821.23837,MW,DE,DE_LU,forecast_onshore_wind_generation,Wind Onshore,2026-08-10T05:27:26Z
2026-08-10T05:25:30Z,2026-08-10T07:25:30+0200,4362fe35-cfeb-4c3c-9399-26381c363872,2026-07-30T10:00:00Z,2026-07-30T12:00:00+0200,7275.37912,MW,DE,DE_LU,forecast_onshore_wind_generation,Wind Onshore,2026-08-10T05:27:26Z
2026-08-10T05:25:30Z,2026-08-10T07:25:30+0200,4362fe35-cfeb-4c3c-9399-26381c363872,2026-07-30T10:15:00Z,2026-07-30T12:15:00+0200,7698.70044,MW,DE,DE_LU,forecast_onshore_wind_generation,Wind Onshore,2026-08-10T05:27:26Z
2026-08-10T05:25:30Z,2026-08-10T07:25:30+0200,4362fe35-cfeb-4c3c-9399-26381c363872,2026-07-30T10:30:00Z,2026-07-30T12:30:00+0200,8118.79416,MW,DE,DE_LU,forecast_onshore_wind_generation,Wind Onshore,2026-08-10T05:27:26Z
2026-08-10T05:25:30Z,2026-08-10T07:25:30+0200,4362fe35-cfeb-4c3c-9399-26381c363872,2026-07-30T10:45:00Z,2026-07-30T12:45:00+0200,8528.00736,MW,DE,DE_LU,forecast_onshore_wind_generation,Wind Onshore,2026-08-10T05:27:26Z
2026-08-10T05:25:30Z,2026-08-10T07:25:30+0200,4362fe35-cfeb-4c3c-9399-26381c363872,2026-07-30T11:00:00Z,2026-07-30T13:00:00+0200,8940.08711,MW,DE,DE_LU,forecast_onshore_wind_generation,Wind Onshore,2026-08-10T05:27:26Z
2026-08-10T05:25:30Z,2026-08-10T07:25:30+0200,4362fe35-cfeb-4c3c-9399-26381c363872,2026-07-30T11:15:00Z,2026-07-30T13:15:00+0200,9272.63532,MW,DE,DE_LU,forecast_onshore_wind_generation,Wind Onshore,2026-08-10T05:27:26Z
2026-08-10T05:25:30Z,2026-08-10T07:25:30+0200,4362fe35-cfeb-4c3c-9399-26381c363872,2026-07-30T11:30:00Z,2026-07-30T13:30:00+0200,9574.78213,MW,DE,DE_LU,forecast_onshore_wind_generation,Wind Onshore,2026-08-10T05:27:26Z
2026-08-10T05:25:30Z,2026-08-10T07:25:30+0200,4362fe35-cfeb-4c3c-9399-26381c363872,2026-07-30T11:45:00Z,2026-07-30T13:45:00+0200,9872.80406,MW,DE,DE_LU,forecast_onshore_wind_generation,Wind Onshore,2026-08-10T05:27:26Z
2026-08-10T05:25:30Z,2026-08-10T07:25:30+0200,4362fe35-cfeb-4c3c-9399-26381c363872,2026-07-30T12:00:00Z,2026-07-30T14:00:00+0200,10264.01096,MW,DE,DE_LU,forecast_onshore_wind_generation,Wind Onshore,2026-08-10T05:27:26Z
2026-08-10T05:25:30Z,2026-08-10T07:25:30+0200,4362fe35-cfeb-4c3c-9399-26381c363872,2026-07-30T12:15:00Z,2026-07-30T14:15:00+0200,10709.43295,MW,DE,DE_LU,forecast_onshore_wind_generation,Wind Onshore,2026-08-10T05:27:26Z
2026-08-10T05:25:30Z,2026-08-10T07:25:30+0200,4362fe35-cfeb-4c3c-9399-26381c363872,2026-07-30T12:30:00Z,2026-07-30T14:30:00+0200,11173.02802,MW,DE,DE_LU,forecast_onshore_wind_generation,Wind Onshore,2026-08-10T05:27:26Z
2026-08-10T05:25:30Z,2026-08-10T07:25:30+0200,4362fe35-cfeb-4c3c-9399-26381c363872,2026-07-30T12:45:00Z,2026-07-30T14:45:00+0200,11642.17333,MW,DE,DE_LU,forecast_onshore_wind_generation,Wind Onshore,2026-08-10T05:27:26Z
2026-08-10T05:25:30Z,2026-08-10T07:25:30+0200,4362fe35-cfeb-4c3c-9399-26381c363872,2026-07-30T13:00:00Z,2026-07-30T15:00:00+0200,12096.29003,MW,DE,DE_LU,forecast_onshore_wind_generation,Wind Onshore,2026-08-10T05:27:26Z
2026-08-10T05:25:30Z,2026-08-10T07:25:30+0200,4362fe35-cfeb-4c3c-9399-26381c363872,2026-07-30T13:15:00Z,2026-07-30T15:15:00+0200,12344.14815,MW,DE,DE_LU,forecast_onshore_wind_generation,Wind Onshore,2026-08-10T05:27:26Z
2026-08-10T05:25:30Z,2026-08-10T07:25:30+0200,4362fe35-cfeb-4c3c-9399-26381c363872,2026-07-30T13:30:00Z,2026-07-30T15:30:00+0200,12584.15616,MW,DE,DE_LU,forecast_onshore_wind_generation,Wind Onshore,2026-08-10T05:27:26Z
2026-08-10T05:25:30Z,2026-08-10T07:25:30+0200,4362fe35-cfeb-4c3c-9399-26381c363872,2026-07-30T13:45:00Z,2026-07-30T15:45:00+0200,12831.9375,MW,DE,DE_LU,forecast_onshore_wind_generation,Wind Onshore,2026-08-10T05:27:26Z
2026-08-10T05:25:30Z,2026-08-10T07:25:30+0200,4362fe35-cfeb-4c3c-9399-26381c363872,2026-07-30T14:00:00Z,2026-07-30T16:00:00+0200,13075.85561,MW,DE,DE_LU,forecast_onshore_wind_generation,Wind Onshore,2026-08-10T05:27:26Z
2026-08-10T05:25:30Z,2026-08-10T07:25:30+0200,4362fe35-cfeb-4c3c-9399-26381c363872,2026-07-30T14:15:00Z,2026-07-30T16:15:00+0200,13284.79825,MW,DE,DE_LU,forecast_onshore_wind_generation,Wind Onshore,2026-08-10T05:27:26Z
2026-08-10T05:25:30Z,2026-08-10T07:25:30+0200,4362fe35-cfeb-4c3c-9399-26381c363872,2026-07-30T14:30:00Z,2026-07-30T16:30:00+0200,13483.89249,MW,DE,DE_LU,forecast_onshore_wind_generation,Wind Onshore,2026-08-10T05:27:26Z
2026-08-10T05:25:30Z,2026-08-10T07:25:30+0200,4362fe35-cfeb-4c3c-9399-26381c363872,2026-07-30T14:45:00Z,2026-07-30T16:45:00+0200,13639.42795,MW,DE,DE_LU,forecast_onshore_wind_generation,Wind Onshore,2026-08-10T05:27:26Z
2026-08-10T05:25:30Z,2026-08-10T07:25:30+0200,4362fe35-cfeb-4c3c-9399-26381c363872,2026-07-30T15:00:00Z,2026-07-30T17:00:00+0200,13788.88872,MW,DE,DE_LU,forecast_onshore_wind_generation,Wind Onshore,2026-08-10T05:27:26Z
2026-08-10T05:25:30Z,2026-08-10T07:25:30+0200,4362fe35-cfeb-4c3c-9399-26381c363872,2026-07-30T15:15:00Z,2026-07-30T17:15:00+0200,13657.48651,MW,DE,DE_LU,forecast_onshore_wind_generation,Wind Onshore,2026-08-10T05:27:26Z
2026-08-10T05:25:30Z,2026-08-10T07:25:30+0200,4362fe35-cfeb-4c3c-9399-26381c363872,2026-07-30T15:30:00Z,2026-07-30T17:30:00+0200,13499.38106,MW,DE,DE_LU,forecast_onshore_wind_generation,Wind Onshore,2026-08-10T05:27:26Z
2026-08-10T05:25:30Z,2026-08-10T07:25:30+0200,4362fe35-cfeb-4c3c-9399-26381c363872,2026-07-30T15:45:00Z,2026-07-30T17:45:00+0200,13305.14509,MW,DE,DE_LU,forecast_onshore_wind_generation,Wind Onshore,2026-08-10T05:27:26Z
2026-08-10T05:25:30Z,2026-08-10T07:25:30+0200,4362fe35-cfeb-4c3c-9399-26381c363872,2026-07-30T16:00:00Z,2026-07-30T18:00:00+0200,13026.11671,MW,DE,DE_LU,forecast_onshore_wind_generation,Wind Onshore,2026-08-10T05:27:26Z
2026-08-10T05:25:30Z,2026-08-10T07:25:30+0200,4362fe35-cfeb-4c3c-9399-26381c363872,2026-07-30T16:15:00Z,2026-07-30T18:15:00+0200,12743.5089,MW,DE,DE_LU,forecast_onshore_wind_generation,Wind Onshore,2026-08-10T05:27:26Z
2026-08-10T05:25:30Z,2026-08-10T07:25:30+0200,4362fe35-cfeb-4c3c-9399-26381c363872,2026-07-30T16:30:00Z,2026-07-30T18:30:00+0200,12424.9256,MW,DE,DE_LU,forecast_onshore_wind_generation,Wind Onshore,2026-08-10T05:27:26Z
2026-08-10T05:25:30Z,2026-08-10T07:25:30+0200,4362fe35-cfeb-4c3c-9399-26381c363872,2026-07-30T16:45:00Z,2026-07-30T18:45:00+0200,11974.23545,MW,DE,DE_LU,forecast_onshore_wind_generation,Wind Onshore,2026-08-10T05:27:26Z
2026-08-10T05:25:30Z,2026-08-10T07:25:30+0200,4362fe35-cfeb-4c3c-9399-26381c363872,2026-07-30T17:00:00Z,2026-07-30T19:00:00+0200,11504.29179,MW,DE,DE_LU,forecast_onshore_wind_generation,Wind Onshore,2026-08-10T05:27:26Z
2026-08-10T05:25:30Z,2026-08-10T07:25:30+0200,4362fe35-cfeb-4c3c-9399-26381c363872,2026-07-30T17:15:00Z,2026-07-30T19:15:00+0200,11284.55747,MW,DE,DE_LU,forecast_onshore_wind_generation,Wind Onshore,2026-08-10T05:27:26Z
2026-08-10T05:25:30Z,2026-08-10T07:25:30+0200,4362fe35-cfeb-4c3c-9399-26381c363872,2026-07-30T17:30:00Z,2026-07-30T19:30:00+0200,11099.15712,MW,DE,DE_LU,forecast_onshore_wind_generation,Wind Onshore,2026-08-10T05:27:26Z
2026-08-10T05:25:30Z,2026-08-10T07:25:30+0200,4362fe35-cfeb-4c3c-9399-26381c363872,2026-07-30T17:45:00Z,2026-07-30T19:45:00+0200,10943.20067,MW,DE,DE_LU,forecast_onshore_wind_generation,Wind Onshore,2026-08-10T05:27:26Z
2026-08-10T05:25:30Z,2026-08-10T07:25:30+0200,4362fe35-cfeb-4c3c-9399-26381c363872,2026-07-30T18:00:00Z,2026-07-30T20:00:00+0200,10775.03631,MW,DE,DE_LU,forecast_onshore_wind_generation,Wind Onshore,2026-08-10T05:27:26Z
2026-08-10T05:25:30Z,2026-08-10T07:25:30+0200,4362fe35-cfeb-4c3c-9399-26381c363872,2026-07-30T18:15:00Z,2026-07-30T20:15:00+0200,10404.51219,MW,DE,DE_LU,forecast_onshore_wind_generation,Wind Onshore,2026-08-10T05:27:26Z
2026-08-10T05:25:30Z,2026-08-10T07:25:30+0200,4362fe35-cfeb-4c3c-9399-26381c363872,2026-07-30T18:30:00Z,2026-07-30T20:30:00+0200,9989.82078,MW,DE,DE_LU,forecast_onshore_wind_generation,Wind Onshore,2026-08-10T05:27:26Z
2026-08-10T05:25:30Z,2026-08-10T07:25:30+0200,4362fe35-cfeb-4c3c-9399-26381c363872,2026-07-30T18:45:00Z,2026-07-30T20:45:00+0200,9541.65045,MW,DE,DE_LU,forecast_onshore_wind_generation,Wind Onshore,2026-08-10T05:27:26Z
2026-08-10T05:25:30Z,2026-08-10T07:25:30+0200,4362fe35-cfeb-4c3c-9399-26381c363872,2026-07-30T19:00:00Z,2026-07-30T21:00:00+0200,9113.73694,MW,DE,DE_LU,forecast_onshore_wind_generation,Wind Onshore,2026-08-10T05:27:26Z
2026-08-10T05:25:30Z,2026-08-10T07:25:30+0200,4362fe35-cfeb-4c3c-9399-26381c363872,2026-07-30T19:15:00Z,2026-07-30T21:15:00+0200,8832.95633,MW,DE,DE_LU,forecast_onshore_wind_generation,Wind Onshore,2026-08-10T05:27:26Z
2026-08-10T05:25:30Z,2026-08-10T07:25:30+0200,4362fe35-cfeb-4c3c-9399-26381c363872,2026-07-30T19:30:00Z,2026-07-30T21:30:00+0200,8606.5082,MW,DE,DE_LU,forecast_onshore_wind_generation,Wind Onshore,2026-08-10T05:27:26Z
2026-08-10T05:25:30Z,2026-08-10T07:25:30+0200,4362fe35-cfeb-4c3c-9399-26381c363872,2026-07-30T19:45:00Z,2026-07-30T21:45:00+0200,8384.26757,MW,DE,DE_LU,forecast_onshore_wind_generation,Wind Onshore,2026-08-10T05:27:26Z
2026-08-10T05:25:30Z,2026-08-10T07:25:30+0200,4362fe35-cfeb-4c3c-9399-26381c363872,2026-07-30T20:00:00Z,2026-07-30T22:00:00+0200,8137.2493,MW,DE,DE_LU,forecast_onshore_wind_generation,Wind Onshore,2026-08-10T05:27:26Z
2026-08-10T05:25:30Z,2026-08-10T07:25:30+0200,4362fe35-cfeb-4c3c-9399-26381c363872,2026-07-30T20:15:00Z,2026-07-30T22:15:00+0200,7907.22416,MW,DE,DE_LU,forecast_onshore_wind_generation,Wind Onshore,2026-08-10T05:27:26Z
2026-08-10T05:25:30Z,2026-08-10T07:25:30+0200,4362fe35-cfeb-4c3c-9399-26381c363872,2026-07-30T20:30:00Z,2026-07-30T22:30:00+0200,7689.27658,MW,DE,DE_LU,forecast_onshore_wind_generation,Wind Onshore,2026-08-10T05:27:26Z
2026-08-10T05:25:30Z,2026-08-10T07:25:30+0200,4362fe35-cfeb-4c3c-9399-26381c363872,2026-07-30T20:45:00Z,2026-07-30T22:45:00+0200,7490.52268,MW,DE,DE_LU,forecast_onshore_wind_generation,Wind Onshore,2026-08-10T05:27:26Z
2026-08-10T05:25:30Z,2026-08-10T07:25:30+0200,4362fe35-cfeb-4c3c-9399-26381c363872,2026-07-30T21:00:00Z,2026-07-30T23:00:00+0200,7296.78098,MW,DE,DE_LU,forecast_onshore_wind_generation,Wind Onshore,2026-08-10T05:27:26Z
2026-08-10T05:25:30Z,2026-08-10T07:25:30+0200,4362fe35-cfeb-4c3c-9399-26381c363872,2026-07-30T21:15:00Z,2026-07-30T23:15:00+0200,6953.73749,MW,DE,DE_LU,forecast_onshore_wind_generation,Wind Onshore,2026-08-10T05:27:26Z
2026-08-10T05:25:30Z,2026-08-10T07:25:30+0200,4362fe35-cfeb-4c3c-9399-26381c363872,2026-07-30T21:30:00Z,2026-07-30T23:30:00+0200,6612.10722,MW,DE,DE_LU,forecast_onshore_wind_generation,Wind Onshore,2026-08-10T05:27:26Z
2026-08-10T05:25:30Z,2026-08-10T07:25:30+0200,4362fe35-cfeb-4c3c-9399-26381c363872,2026-07-30T21:45:00Z,2026-07-30T23:45:00+0200,6257.34456,MW,DE,DE_LU,forecast_onshore_wind_generation,Wind Onshore,2026-08-10T05:27:26Z
2026-08-10T05:25:30Z,2026-08-10T07:25:30+0200,4362fe35-cfeb-4c3c-9399-26381c363872,2026-07-30T22:00:00Z,2026-07-31T00:00:00+0200,4962.49038,MW,DE,DE_LU,forecast_onshore_wind_generation,Wind Onshore,2026-08-10T05:27:26Z
2026-08-10T05:25:30Z,2026-08-10T07:25:30+0200,4362fe35-cfeb-4c3c-9399-26381c363872,2026-07-30T22:15:00Z,2026-07-31T00:15:00+0200,4652.02353,MW,DE,DE_LU,forecast_onshore_wind_generation,Wind Onshore,2026-08-10T05:27:26Z
2026-08-10T05:25:30Z,2026-08-10T07:25:30+0200,4362fe35-cfeb-4c3c-9399-26381c363872,2026-07-30T22:30:00Z,2026-07-31T00:30:00+0200,4339.53677,MW,DE,DE_LU,forecast_onshore_wind_generation,Wind Onshore,2026-08-10T05:27:26Z
2026-08-10T05:25:30Z,2026-08-10T07:25:30+0200,4362fe35-cfeb-4c3c-9399-26381c363872,2026-07-30T22:45:00Z,2026-07-31T00:45:00+0200,4028.18537,MW,DE,DE_LU,forecast_onshore_wind_generation,Wind Onshore,2026-08-10T05:27:26Z
2026-08-10T05:25:30Z,2026-08-10T07:25:30+0200,4362fe35-cfeb-4c3c-9399-26381c363872,2026-07-30T23:00:00Z,2026-07-31T01:00:00+0200,3735.1833,MW,DE,DE_LU,forecast_onshore_wind_generation,Wind Onshore,2026-08-10T05:27:26Z
2026-08-10T05:25:30Z,2026-08-10T07:25:30+0200,4362fe35-cfeb-4c3c-9399-26381c363872,2026-07-30T23:15:00Z,2026-07-31T01:15:00+0200,3550.81954,MW,DE,DE_LU,forecast_onshore_wind_generation,Wind Onshore,2026-08-10T05:27:26Z
2026-08-10T05:25:30Z,2026-08-10T07:25:30+0200,4362fe35-cfeb-4c3c-9399-26381c363872,2026-07-30T23:30:00Z,2026-07-31T01:30:00+0200,3374.66043,MW,DE,DE_LU,forecast_onshore_wind_generation,Wind Onshore,2026-08-10T05:27:26Z
2026-08-10T05:25:30Z,2026-08-10T07:25:30+0200,4362fe35-cfeb-4c3c-9399-26381c363872,2026-07-30T23:45:00Z,2026-07-31T01:45:00+0200,3208.02944,MW,DE,DE_LU,forecast_onshore_wind_generation,Wind Onshore,2026-08-10T05:27:26Z
2026-08-10T05:25:30Z,2026-08-10T07:25:30+0200,4362fe35-cfeb-4c3c-9399-26381c363872,2026-07-31T00:00:00Z,2026-07-31T02:00:00+0200,3069.96613,MW,DE,DE_LU,forecast_onshore_wind_generation,Wind Onshore,2026-08-10T05:27:26Z
2026-08-10T05:25:30Z,2026-08-10T07:25:30+0200,4362fe35-cfeb-4c3c-9399-26381c363872,2026-07-31T00:15:00Z,2026-07-31T02:15:00+0200,2943.56212,MW,DE,DE_LU,forecast_onshore_wind_generation,Wind Onshore,2026-08-10T05:27:26Z
2026-08-10T05:25:30Z,2026-08-10T07:25:30+0200,4362fe35-cfeb-4c3c-9399-26381c363872,2026-07-31T00:30:00Z,2026-07-31T02:30:00+0200,2804.45317,MW,DE,DE_LU,forecast_onshore_wind_generation,Wind Onshore,2026-08-10T05:27:26Z
2026-08-10T05:25:30Z,2026-08-10T07:25:30+0200,4362fe35-cfeb-4c3c-9399-26381c363872,2026-07-31T00:45:00Z,2026-07-31T02:45:00+0200,2668.43618,MW,DE,DE_LU,forecast_onshore_wind_generation,Wind Onshore,2026-08-10T05:27:26Z
2026-08-10T05:25:30Z,2026-08-10T07:25:30+0200,4362fe35-cfeb-4c3c-9399-26381c363872,2026-07-31T01:00:00Z,2026-07-31T03:00:00+0200,2528.20329,MW,DE,DE_LU,forecast_onshore_wind_generation,Wind Onshore,2026-08-10T05:27:26Z
2026-08-10T05:25:30Z,2026-08-10T07:25:30+0200,4362fe35-cfeb-4c3c-9399-26381c363872,2026-07-31T01:15:00Z,2026-07-31T03:15:00+0200,2433.43836,MW,DE,DE_LU,forecast_onshore_wind_generation,Wind Onshore,2026-08-10T05:27:26Z
2026-08-10T05:25:30Z,2026-08-10T07:25:30+0200,4362fe35-cfeb-4c3c-9399-26381c363872,2026-07-31T01:30:00Z,2026-07-31T03:30:00+0200,2340.45093,MW,DE,DE_LU,forecast_onshore_wind_generation,Wind Onshore,2026-08-10T05:27:26Z
2026-08-10T05:25:30Z,2026-08-10T07:25:30+0200,4362fe35-cfeb-4c3c-9399-26381c363872,2026-07-31T01:45:00Z,2026-07-31T03:45:00+0200,2257.07853,MW,DE,DE_LU,forecast_onshore_wind_generation,Wind Onshore,2026-08-10T05:27:26Z
2026-08-10T05:25:30Z,2026-08-10T07:25:30+0200,4362fe35-cfeb-4c3c-9399-26381c363872,2026-07-31T02:00:00Z,2026-07-31T04:00:00+0200,2171.57681,MW,DE,DE_LU,forecast_onshore_wind_generation,Wind Onshore,2026-08-10T05:27:26Z
2026-08-10T05:25:30Z,2026-08-10T07:25:30+0200,4362fe35-cfeb-4c3c-9399-26381c363872,2026-07-31T02:15:00Z,2026-07-31T04:15:00+0200,2092.25334,MW,DE,DE_LU,forecast_onshore_wind_generation,Wind Onshore,2026-08-10T05:27:26Z
2026-08-10T05:25:30Z,2026-08-10T07:25:30+0200,4362fe35-cfeb-4c3c-9399-26381c363872,2026-07-31T02:30:00Z,2026-07-31T04:30:00+0200,2009.51622,MW,DE,DE_LU,forecast_onshore_wind_generation,Wind Onshore,2026-08-10T05:27:26Z
2026-08-10T05:25:30Z,2026-08-10T07:25:30+0200,4362fe35-cfeb-4c3c-9399-26381c363872,2026-07-31T02:45:00Z,2026-07-31T04:45:00+0200,1931.51362,MW,DE,DE_LU,forecast_onshore_wind_generation,Wind Onshore,2026-08-10T05:27:26Z
2026-08-10T05:25:30Z,2026-08-10T07:25:30+0200,4362fe35-cfeb-4c3c-9399-26381c363872,2026-07-31T03:00:00Z,2026-07-31T05:00:00+0200,1856.33252,MW,DE,DE_LU,forecast_onshore_wind_generation,Wind Onshore,2026-08-10T05:27:26Z
2026-08-10T05:25:30Z,2026-08-10T07:25:30+0200,4362fe35-cfeb-4c3c-9399-26381c363872,2026-07-31T03:15:00Z,2026-07-31T05:15:00+0200,1849.09327,MW,DE,DE_LU,forecast_onshore_wind_generation,Wind Onshore,2026-08-10T05:27:26Z
2026-08-10T05:25:30Z,2026-08-10T07:25:30+0200,4362fe35-cfeb-4c3c-9399-26381c363872,2026-07-31T03:30:00Z,2026-07-31T05:30:00+0200,1845.34404,MW,DE,DE_LU,forecast_onshore_wind_generation,Wind Onshore,2026-08-10T05:27:26Z
2026-08-10T05:25:30Z,2026-08-10T07:25:30+0200,4362fe35-cfeb-4c3c-9399-26381c363872,2026-07-31T03:45:00Z,2026-07-31T05:45:00+0200,1841.03483,MW,DE,DE_LU,forecast_onshore_wind_generation,Wind Onshore,2026-08-10T05:27:26Z
2026-08-10T05:25:30Z,2026-08-10T07:25:30+0200,4362fe35-cfeb-4c3c-9399-26381c363872,2026-07-31T04:00:00Z,2026-07-31T06:00:00+0200,1836.74304,MW,DE,DE_LU,forecast_onshore_wind_generation,Wind Onshore,2026-08-10T05:27:26Z
2026-08-10T05:25:30Z,2026-08-10T07:25:30+0200,4362fe35-cfeb-4c3c-9399-26381c363872,2026-07-31T04:15:00Z,2026-07-31T06:15:00+0200,1784.84209,MW,DE,DE_LU,forecast_onshore_wind_generation,Wind Onshore,2026-08-10T05:27:26Z
2026-08-10T05:25:30Z,2026-08-10T07:25:30+0200,4362fe35-cfeb-4c3c-9399-26381c363872,2026-07-31T04:30:00Z,2026-07-31T06:30:00+0200,1733.69493,MW,DE,DE_LU,forecast_onshore_wind_generation,Wind Onshore,2026-08-10T05:27:26Z
2026-08-10T05:25:30Z,2026-08-10T07:25:30+0200,4362fe35-cfeb-4c3c-9399-26381c363872,2026-07-31T04:45:00Z,2026-07-31T06:45:00+0200,1677.81226,MW,DE,DE_LU,forecast_onshore_wind_generation,Wind Onshore,2026-08-10T05:27:26Z
2026-08-10T05:25:30Z,2026-08-10T07:25:30+0200,4362fe35-cfeb-4c3c-9399-26381c363872,2026-07-31T05:00:00Z,2026-07-31T07:00:00+0200,1623.10576,MW,DE,DE_LU,forecast_onshore_wind_generation,Wind Onshore,2026-08-10T05:27:26Z
2026-08-10T05:25:30Z,2026-08-10T07:25:30+0200,4362fe35-cfeb-4c3c-9399-26381c363872,2026-07-31T05:15:00Z,2026-07-31T07:15:00+0200,1533.10042,MW,DE,DE_LU,forecast_onshore_wind_generation,Wind Onshore,2026-08-10T05:27:26Z
2026-08-10T05:25:30Z,2026-08-10T07:25:30+0200,4362fe35-cfeb-4c3c-9399-26381c363872,2026-07-31T05:30:00Z,2026-07-31T07:30:00+0200,1448.17419,MW,DE,DE_LU,forecast_onshore_wind_generation,Wind Onshore,2026-08-10T05:27:26Z
2026-08-10T05:25:30Z,2026-08-10T07:25:30+0200,4362fe35-cfeb-4c3c-9399-26381c363872,2026-07-31T05:45:00Z,2026-07-31T07:45:00+0200,1385.23473,MW,DE,DE_LU,forecast_onshore_wind_generation,Wind Onshore,2026-08-10T05:27:26Z
2026-08-10T05:25:30Z,2026-08-10T07:25:30+0200,4362fe35-cfeb-4c3c-9399-26381c363872,2026-07-31T06:00:00Z,2026-07-31T08:00:00+0200,1348.67355,MW,DE,DE_LU,forecast_onshore_wind_generation,Wind Onshore,2026-08-10T05:27:26Z
2026-08-10T05:25:30Z,2026-08-10T07:25:30+0200,4362fe35-cfeb-4c3c-9399-26381c363872,2026-07-31T06:15:00Z,2026-07-31T08:15:00+0200,1288.90239,MW,DE,DE_LU,forecast_onshore_wind_generation,Wind Onshore,2026-08-10T05:27:26Z
2026-08-10T05:25:30Z,2026-08-10T07:25:30+0200,4362fe35-cfeb-4c3c-9399-26381c363872,2026-07-31T06:30:00Z,2026-07-31T08:30:00+0200,1206.23674,MW,DE,DE_LU,forecast_onshore_wind_generation,Wind Onshore,2026-08-10T05:27:26Z
2026-08-10T05:25:30Z,2026-08-10T07:25:30+0200,4362fe35-cfeb-4c3c-9399-26381c363872,2026-07-31T06:45:00Z,2026-07-31T08:45:00+0200,1125.42184,MW,DE,DE_LU,forecast_onshore_wind_generation,Wind Onshore,2026-08-10T05:27:26Z
2026-08-10T05:25:30Z,2026-08-10T07:25:30+0200,4362fe35-cfeb-4c3c-9399-26381c363872,2026-07-31T07:00:00Z,2026-07-31T09:00:00+0200,1046.02877,MW,DE,DE_LU,forecast_onshore_wind_generation,Wind Onshore,2026-08-10T05:27:26Z
2026-08-10T05:25:30Z,2026-08-10T07:25:30+0200,4362fe35-cfeb-4c3c-9399-26381c363872,2026-07-31T07:15:00Z,2026-07-31T09:15:00+0200,998.64241,MW,DE,DE_LU,forecast_onshore_wind_generation,Wind Onshore,2026-08-10T05:27:26Z
2026-08-10T05:25:30Z,2026-08-10T07:25:30+0200,4362fe35-cfeb-4c3c-9399-26381c363872,2026-07-31T07:30:00Z,2026-07-31T09:30:00+0200,948.83211,MW,DE,DE_LU,forecast_onshore_wind_generation,Wind Onshore,2026-08-10T05:27:26Z
2026-08-10T05:25:30Z,2026-08-10T07:25:30+0200,4362fe35-cfeb-4c3c-9399-26381c363872,2026-07-31T07:45:00Z,2026-07-31T09:45:00+0200,902.91549,MW,DE,DE_LU,forecast_onshore_wind_generation,Wind Onshore,2026-08-10T05:27:26Z
2026-08-10T05:25:30Z,2026-08-10T07:25:30+0200,4362fe35-cfeb-4c3c-9399-26381c363872,2026-07-31T08:00:00Z,2026-07-31T10:00:00+0200,862.36536,MW,DE,DE_LU,forecast_onshore_wind_generation,Wind Onshore,2026-08-10T05:27:26Z
2026-08-10T05:25:30Z,2026-08-10T07:25:30+0200,4362fe35-cfeb-4c3c-9399-26381c363872,2026-07-31T08:15:00Z,2026-07-31T10:15:00+0200,898.74301,MW,DE,DE_LU,forecast_onshore_wind_generation,Wind Onshore,2026-08-10T05:27:26Z
2026-08-10T05:25:30Z,2026-08-10T07:25:30+0200,4362fe35-cfeb-4c3c-9399-26381c363872,2026-07-31T08:30:00Z,2026-07-31T10:30:00+0200,934.1255,MW,DE,DE_LU,forecast_onshore_wind_generation,Wind Onshore,2026-08-10T05:27:26Z
2026-08-10T05:25:30Z,2026-08-10T07:25:30+0200,4362fe35-cfeb-4c3c-9399-26381c363872,2026-07-31T08:45:00Z,2026-07-31T10:45:00+0200,972.70615,MW,DE,DE_LU,forecast_onshore_wind_generation,Wind Onshore,2026-08-10T05:27:26Z
2026-08-10T05:25:30Z,2026-08-10T07:25:30+0200,4362fe35-cfeb-4c3c-9399-26381c363872,2026-07-31T09:00:00Z,2026-07-31T11:00:00+0200,1018.80831,MW,DE,DE_LU,forecast_onshore_wind_generation,Wind Onshore,2026-08-10T05:27:26Z
2026-08-10T05:25:30Z,2026-08-10T07:25:30+0200,4362fe35-cfeb-4c3c-9399-26381c363872,2026-07-31T09:15:00Z,2026-07-31T11:15:00+0200,1118.65612,MW,DE,DE_LU,forecast_onshore_wind_generation,Wind Onshore,2026-08-10T05:27:26Z
2026-08-10T05:25:30Z,2026-08-10T07:25:30+0200,4362fe35-cfeb-4c3c-9399-26381c363872,2026-07-31T09:30:00Z,2026-07-31T11:30:00+0200,1217.76173,MW,DE,DE_LU,forecast_onshore_wind_generation,Wind Onshore,2026-08-10T05:27:26Z
2026-08-10T05:25:30Z,2026-08-10T07:25:30+0200,4362fe35-cfeb-4c3c-9399-26381c363872,2026-07-31T09:45:00Z,2026-07-31T11:45:00+0200,1319.00058,MW,DE,DE_LU,forecast_onshore_wind_generation,Wind Onshore,2026-08-10T05:27:26Z
2026-08-10T05:25:30Z,2026-08-10T07:25:30+0200,4362fe35-cfeb-4c3c-9399-26381c363872,2026-07-31T10:00:00Z,2026-07-31T12:00:00+0200,1426.95657,MW,DE,DE_LU,forecast_onshore_wind_generation,Wind Onshore,2026-08-10T05:27:26Z
2026-08-10T05:25:30Z,2026-08-10T07:25:30+0200,4362fe35-cfeb-4c3c-9399-26381c363872,2026-07-31T10:15:00Z,2026-07-31T12:15:00+0200,1593.42485,MW,DE,DE_LU,forecast_onshore_wind_generation,Wind Onshore,2026-08-10T05:27:26Z
2026-08-10T05:25:30Z,2026-08-10T07:25:30+0200,4362fe35-cfeb-4c3c-9399-26381c363872,2026-07-31T10:30:00Z,2026-07-31T12:30:00+0200,1758.70618,MW,DE,DE_LU,forecast_onshore_wind_generation,Wind Onshore,2026-08-10T05:27:26Z
2026-08-10T05:25:30Z,2026-08-10T07:25:30+0200,4362fe35-cfeb-4c3c-9399-26381c363872,2026-07-31T10:45:00Z,2026-07-31T12:45:00+0200,1929.03217,MW,DE,DE_LU,forecast_onshore_wind_generation,Wind Onshore,2026-08-10T05:27:26Z
2026-08-10T05:25:30Z,2026-08-10T07:25:30+0200,4362fe35-cfeb-4c3c-9399-26381c363872,2026-07-31T11:00:00Z,2026-07-31T13:00:00+0200,2106.81067,MW,DE,DE_LU,forecast_onshore_wind_generation,Wind Onshore,2026-08-10T05:27:26Z
2026-08-10T05:25:30Z,2026-08-10T07:25:30+0200,4362fe35-cfeb-4c3c-9399-26381c363872,2026-07-31T11:15:00Z,2026-07-31T13:15:00+0200,2365.88097,MW,DE,DE_LU,forecast_onshore_wind_generation,Wind Onshore,2026-08-10T05:27:26Z
2026-08-10T05:25:30Z,2026-08-10T07:25:30+0200,4362fe35-cfeb-4c3c-9399-26381c363872,2026-07-31T11:30:00Z,2026-07-31T13:30:00+0200,2617.8596,MW,DE,DE_LU,forecast_onshore_wind_generation,Wind Onshore,2026-08-10T05:27:26Z
2026-08-10T05:25:30Z,2026-08-10T07:25:30+0200,4362fe35-cfeb-4c3c-9399-26381c363872,2026-07-31T11:45:00Z,2026-07-31T13:45:00+0200,2868.66598,MW,DE,DE_LU,forecast_onshore_wind_generation,Wind Onshore,2026-08-10T05:27:26Z
2026-08-10T05:25:30Z,2026-08-10T07:25:30+0200,4362fe35-cfeb-4c3c-9399-26381c363872,2026-07-31T12:00:00Z,2026-07-31T14:00:00+0200,3172.50714,MW,DE,DE_LU,forecast_onshore_wind_generation,Wind Onshore,2026-08-10T05:27:26Z
2026-08-10T05:25:30Z,2026-08-10T07:25:30+0200,4362fe35-cfeb-4c3c-9399-26381c363872,2026-07-31T12:15:00Z,2026-07-31T14:15:00+0200,3503.34916,MW,DE,DE_LU,forecast_onshore_wind_generation,Wind Onshore,2026-08-10T05:27:26Z
2026-08-10T05:25:30Z,2026-08-10T07:25:30+0200,4362fe35-cfeb-4c3c-9399-26381c363872,2026-07-31T12:30:00Z,2026-07-31T14:30:00+0200,3817.52648,MW,DE,DE_LU,forecast_onshore_wind_generation,Wind Onshore,2026-08-10T05:27:26Z
2026-08-10T05:25:30Z,2026-08-10T07:25:30+0200,4362fe35-cfeb-4c3c-9399-26381c363872,2026-07-31T12:45:00Z,2026-07-31T14:45:00+0200,4139.50117,MW,DE,DE_LU,forecast_onshore_wind_generation,Wind Onshore,2026-08-10T05:27:26Z
2026-08-10T05:25:30Z,2026-08-10T07:25:30+0200,4362fe35-cfeb-4c3c-9399-26381c363872,2026-07-31T13:00:00Z,2026-07-31T15:00:00+0200,4442.68986,MW,DE,DE_LU,forecast_onshore_wind_generation,Wind Onshore,2026-08-10T05:27:26Z
2026-08-10T05:25:30Z,2026-08-10T07:25:30+0200,4362fe35-cfeb-4c3c-9399-26381c363872,2026-07-31T13:15:00Z,2026-07-31T15:15:00+0200,4734.31959,MW,DE,DE_LU,forecast_onshore_wind_generation,Wind Onshore,2026-08-10T05:27:26Z
2026-08-10T05:25:30Z,2026-08-10T07:25:30+0200,4362fe35-cfeb-4c3c-9399-26381c363872,2026-07-31T13:30:00Z,2026-07-31T15:30:00+0200,5022.46365,MW,DE,DE_LU,forecast_onshore_wind_generation,Wind Onshore,2026-08-10T05:27:26Z
2026-08-10T05:25:30Z,2026-08-10T07:25:30+0200,4362fe35-cfeb-4c3c-9399-26381c363872,2026-07-31T13:45:00Z,2026-07-31T15:45:00+0200,5300.23137,MW,DE,DE_LU,forecast_onshore_wind_generation,Wind Onshore,2026-08-10T05:27:26Z
2026-08-10T05:25:30Z,2026-08-10T07:25:30+0200,4362fe35-cfeb-4c3c-9399-26381c363872,2026-07-31T14:00:00Z,2026-07-31T16:00:00+0200,5583.81259,MW,DE,DE_LU,forecast_onshore_wind_generation,Wind Onshore,2026-08-10T05:27:26Z
2026-08-10T05:25:30Z,2026-08-10T07:25:30+0200,4362fe35-cfeb-4c3c-9399-26381c363872,2026-07-31T14:15:00Z,2026-07-31T16:15:00+0200,5877.5399,MW,DE,DE_LU,forecast_onshore_wind_generation,Wind Onshore,2026-08-10T05:27:26Z
2026-08-10T05:25:30Z,2026-08-10T07:25:30+0200,4362fe35-cfeb-4c3c-9399-26381c363872,2026-07-31T14:30:00Z,2026-07-31T16:30:00+0200,6168.0028,MW,DE,DE_LU,forecast_onshore_wind_generation,Wind Onshore,2026-08-10T05:27:26Z
2026-08-10T05:25:30Z,2026-08-10T07:25:30+0200,4362fe35-cfeb-4c3c-9399-26381c363872,2026-07-31T14:45:00Z,2026-07-31T16:45:00+0200,6463.44485,MW,DE,DE_LU,forecast_onshore_wind_generation,Wind Onshore,2026-08-10T05:27:26Z
2026-08-10T05:25:30Z,2026-08-10T07:25:30+0200,4362fe35-cfeb-4c3c-9399-26381c363872,2026-07-31T15:00:00Z,2026-07-31T17:00:00+0200,6749.38909,MW,DE,DE_LU,forecast_onshore_wind_generation,Wind Onshore,2026-08-10T05:27:26Z
2026-08-10T05:25:30Z,2026-08-10T07:25:30+0200,4362fe35-cfeb-4c3c-9399-26381c363872,2026-07-31T15:15:00Z,2026-07-31T17:15:00+0200,7001.46472,MW,DE,DE_LU,forecast_onshore_wind_generation,Wind Onshore,2026-08-10T05:27:26Z
2026-08-10T05:25:30Z,2026-08-10T07:25:30+0200,4362fe35-cfeb-4c3c-9399-26381c363872,2026-07-31T15:30:00Z,2026-07-31T17:30:00+0200,7258.81661,MW,DE,DE_LU,forecast_onshore_wind_generation,Wind Onshore,2026-08-10T05:27:26Z
2026-08-10T05:25:30Z,2026-08-10T07:25:30+0200,4362fe35-cfeb-4c3c-9399-26381c363872,2026-07-31T15:45:00Z,2026-07-31T17:45:00+0200,7520.06175,MW,DE,DE_LU,forecast_onshore_wind_generation,Wind Onshore,2026-08-10T05:27:26Z
2026-08-10T05:25:30Z,2026-08-10T07:25:30+0200,4362fe35-cfeb-4c3c-9399-26381c363872,2026-07-31T16:00:00Z,2026-07-31T18:00:00+0200,7772.65762,MW,DE,DE_LU,forecast_onshore_wind_generation,Wind Onshore,2026-08-10T05:27:26Z
2026-08-10T05:25:30Z,2026-08-10T07:25:30+0200,4362fe35-cfeb-4c3c-9399-26381c363872,2026-07-31T16:15:00Z,2026-07-31T18:15:00+0200,7897.50035,MW,DE,DE_LU,forecast_onshore_wind_generation,Wind Onshore,2026-08-10T05:27:26Z
2026-08-10T05:25:30Z,2026-08-10T07:25:30+0200,4362fe35-cfeb-4c3c-9399-26381c363872,2026-07-31T16:30:00Z,2026-07-31T18:30:00+0200,8018.39102,MW,DE,DE_LU,forecast_onshore_wind_generation,Wind Onshore,2026-08-10T05:27:26Z
2026-08-10T05:25:30Z,2026-08-10T07:25:30+0200,4362fe35-cfeb-4c3c-9399-26381c363872,2026-07-31T16:45:00Z,2026-07-31T18:45:00+0200,8127.4416,MW,DE,DE_LU,forecast_onshore_wind_generation,Wind Onshore,2026-08-10T05:27:26Z
2026-08-10T05:25:30Z,2026-08-10T07:25:30+0200,4362fe35-cfeb-4c3c-9399-26381c363872,2026-07-31T17:00:00Z,2026-07-31T19:00:00+0200,8224.57097,MW,DE,DE_LU,forecast_onshore_wind_generation,Wind Onshore,2026-08-10T05:27:26Z
2026-08-10T05:25:30Z,2026-08-10T07:25:30+0200,4362fe35-cfeb-4c3c-9399-26381c363872,2026-07-31T17:15:00Z,2026-07-31T19:15:00+0200,8257.9278,MW,DE,DE_LU,forecast_onshore_wind_generation,Wind Onshore,2026-08-10T05:27:26Z
2026-08-10T05:25:30Z,2026-08-10T07:25:30+0200,4362fe35-cfeb-4c3c-9399-26381c363872,2026-07-31T17:30:00Z,2026-07-31T19:30:00+0200,8292.83772,MW,DE,DE_LU,forecast_onshore_wind_generation,Wind Onshore,2026-08-10T05:27:26Z
2026-08-10T05:25:30Z,2026-08-10T07:25:30+0200,4362fe35-cfeb-4c3c-9399-26381c363872,2026-07-31T17:45:00Z,2026-07-31T19:45:00+0200,8315.29958,MW,DE,DE_LU,forecast_onshore_wind_generation,Wind Onshore,2026-08-10T05:27:26Z
2026-08-10T05:25:30Z,2026-08-10T07:25:30+0200,4362fe35-cfeb-4c3c-9399-26381c363872,2026-07-31T18:00:00Z,2026-07-31T20:00:00+0200,8323.28437,MW,DE,DE_LU,forecast_onshore_wind_generation,Wind Onshore,2026-08-10T05:27:26Z
2026-08-10T05:25:30Z,2026-08-10T07:25:30+0200,4362fe35-cfeb-4c3c-9399-26381c363872,2026-07-31T18:15:00Z,2026-07-31T20:15:00+0200,8291.32015,MW,DE,DE_LU,forecast_onshore_wind_generation,Wind Onshore,2026-08-10T05:27:26Z
2026-08-10T05:25:30Z,2026-08-10T07:25:30+0200,4362fe35-cfeb-4c3c-9399-26381c363872,2026-07-31T18:30:00Z,2026-07-31T20:30:00+0200,8216.28638,MW,DE,DE_LU,forecast_onshore_wind_generation,Wind Onshore,2026-08-10T05:27:26Z
2026-08-10T05:25:30Z,2026-08-10T07:25:30+0200,4362fe35-cfeb-4c3c-9399-26381c363872,2026-07-31T18:45:00Z,2026-07-31T20:45:00+0200,8066.8515,MW,DE,DE_LU,forecast_onshore_wind_generation,Wind Onshore,2026-08-10T05:27:26Z
2026-08-10T05:25:30Z,2026-08-10T07:25:30+0200,4362fe35-cfeb-4c3c-9399-26381c363872,2026-07-31T19:00:00Z,2026-07-31T21:00:00+0200,7774.08839,MW,DE,DE_LU,forecast_onshore_wind_generation,Wind Onshore,2026-08-10T05:27:26Z
2026-08-10T05:25:30Z,2026-08-10T07:25:30+0200,4362fe35-cfeb-4c3c-9399-26381c363872,2026-07-31T19:15:00Z,2026-07-31T21:15:00+0200,7532.42434,MW,DE,DE_LU,forecast_onshore_wind_generation,Wind Onshore,2026-08-10T05:27:26Z
2026-08-10T05:25:30Z,2026-08-10T07:25:30+0200,4362fe35-cfeb-4c3c-9399-26381c363872,2026-07-31T19:30:00Z,2026-07-31T21:30:00+0200,7361.77807,MW,DE,DE_LU,forecast_onshore_wind_generation,Wind Onshore,2026-08-10T05:27:26Z
2026-08-10T05:25:30Z,2026-08-10T07:25:30+0200,4362fe35-cfeb-4c3c-9399-26381c363872,2026-07-31T19:45:00Z,2026-07-31T21:45:00+0200,7225.38986,MW,DE,DE_LU,forecast_onshore_wind_generation,Wind Onshore,2026-08-10T05:27:26Z
2026-08-10T05:25:30Z,2026-08-10T07:25:30+0200,4362fe35-cfeb-4c3c-9399-26381c363872,2026-07-31T20:00:00Z,2026-07-31T22:00:00+0200,7098.74084,MW,DE,DE_LU,forecast_onshore_wind_generation,Wind Onshore,2026-08-10T05:27:26Z
2026-08-10T05:25:30Z,2026-08-10T07:25:30+0200,4362fe35-cfeb-4c3c-9399-26381c363872,2026-07-31T20:15:00Z,2026-07-31T22:15:00+0200,6956.59129,MW,DE,DE_LU,forecast_onshore_wind_generation,Wind Onshore,2026-08-10T05:27:26Z
2026-08-10T05:25:30Z,2026-08-10T07:25:30+0200,4362fe35-cfeb-4c3c-9399-26381c363872,2026-07-31T20:30:00Z,2026-07-31T22:30:00+0200,6816.55342,MW,DE,DE_LU,forecast_onshore_wind_generation,Wind Onshore,2026-08-10T05:27:26Z
2026-08-10T05:25:30Z,2026-08-10T07:25:30+0200,4362fe35-cfeb-4c3c-9399-26381c363872,2026-07-31T20:45:00Z,2026-07-31T22:45:00+0200,6679.73086,MW,DE,DE_LU,forecast_onshore_wind_generation,Wind Onshore,2026-08-10T05:27:26Z
2026-08-10T05:25:30Z,2026-08-10T07:25:30+0200,4362fe35-cfeb-4c3c-9399-26381c363872,2026-07-31T21:00:00Z,2026-07-31T23:00:00+0200,6530.61328,MW,DE,DE_LU,forecast_onshore_wind_generation,Wind Onshore,2026-08-10T05:27:26Z
2026-08-10T05:25:30Z,2026-08-10T07:25:30+0200,4362fe35-cfeb-4c3c-9399-26381c363872,2026-07-31T21:15:00Z,2026-07-31T23:15:00+0200,6284.62241,MW,DE,DE_LU,forecast_onshore_wind_generation,Wind Onshore,2026-08-10T05:27:26Z
2026-08-10T05:25:30Z,2026-08-10T07:25:30+0200,4362fe35-cfeb-4c3c-9399-26381c363872,2026-07-31T21:30:00Z,2026-07-31T23:30:00+0200,6038.90684,MW,DE,DE_LU,forecast_onshore_wind_generation,Wind Onshore,2026-08-10T05:27:26Z
2026-08-10T05:25:30Z,2026-08-10T07:25:30+0200,4362fe35-cfeb-4c3c-9399-26381c363872,2026-07-31T21:45:00Z,2026-07-31T23:45:00+0200,5795.12593,MW,DE,DE_LU,forecast_onshore_wind_generation,Wind Onshore,2026-08-10T05:27:26Z
2026-08-10T05:25:30Z,2026-08-10T07:25:30+0200,4362fe35-cfeb-4c3c-9399-26381c363872,2026-07-31T22:00:00Z,2026-08-01T00:00:00+0200,6010.54882,MW,DE,DE_LU,forecast_onshore_wind_generation,Wind Onshore,2026-08-10T05:27:26Z
2026-08-10T05:25:30Z,2026-08-10T07:25:30+0200,4362fe35-cfeb-4c3c-9399-26381c363872,2026-07-31T22:15:00Z,2026-08-01T00:15:00+0200,5993.58701,MW,DE,DE_LU,forecast_onshore_wind_generation,Wind Onshore,2026-08-10T05:27:26Z
2026-08-10T05:25:30Z,2026-08-10T07:25:30+0200,4362fe35-cfeb-4c3c-9399-26381c363872,2026-07-31T22:30:00Z,2026-08-01T00:30:00+0200,5954.72911,MW,DE,DE_LU,forecast_onshore_wind_generation,Wind Onshore,2026-08-10T05:27:26Z
2026-08-10T05:25:30Z,2026-08-10T07:25:30+0200,4362fe35-cfeb-4c3c-9399-26381c363872,2026-07-31T22:45:00Z,2026-08-01T00:45:00+0200,5891.39445,MW,DE,DE_LU,forecast_onshore_wind_generation,Wind Onshore,2026-08-10T05:27:26Z
2026-08-10T05:25:30Z,2026-08-10T07:25:30+0200,4362fe35-cfeb-4c3c-9399-26381c363872,2026-07-31T23:00:00Z,2026-08-01T01:00:00+0200,5840.66427,MW,DE,DE_LU,forecast_onshore_wind_generation,Wind Onshore,2026-08-10T05:27:26Z
2026-08-10T05:25:30Z,2026-08-10T07:25:30+0200,4362fe35-cfeb-4c3c-9399-26381c363872,2026-07-31T23:15:00Z,2026-08-01T01:15:00+0200,5796.7877,MW,DE,DE_LU,forecast_onshore_wind_generation,Wind Onshore,2026-08-10T05:27:26Z
2026-08-10T05:25:30Z,2026-08-10T07:25:30+0200,4362fe35-cfeb-4c3c-9399-26381c363872,2026-07-31T23:30:00Z,2026-08-01T01:30:00+0200,5782.20439,MW,DE,DE_LU,forecast_onshore_wind_generation,Wind Onshore,2026-08-10T05:27:26Z
2026-08-10T05:25:30Z,2026-08-10T07:25:30+0200,4362fe35-cfeb-4c3c-9399-26381c363872,2026-07-31T23:45:00Z,2026-08-01T01:45:00+0200,5805.27723,MW,DE,DE_LU,forecast_onshore_wind_generation,Wind Onshore,2026-08-10T05:27:26Z
2026-08-10T05:25:30Z,2026-08-10T07:25:30+0200,4362fe35-cfeb-4c3c-9399-26381c363872,2026-08-01T00:00:00Z,2026-08-01T02:00:00+0200,5921.43089,MW,DE,DE_LU,forecast_onshore_wind_generation,Wind Onshore,2026-08-10T05:27:26Z
2026-08-10T05:25:30Z,2026-08-10T07:25:30+0200,4362fe35-cfeb-4c3c-9399-26381c363872,2026-08-01T00:15:00Z,2026-08-01T02:15:00+0200,6002.4759,MW,DE,DE_LU,forecast_onshore_wind_generation,Wind Onshore,2026-08-10T05:27:26Z
2026-08-10T05:25:30Z,2026-08-10T07:25:30+0200,4362fe35-cfeb-4c3c-9399-26381c363872,2026-08-01T00:30:00Z,2026-08-01T02:30:00+0200,6031.34963,MW,DE,DE_LU,forecast_onshore_wind_generation,Wind Onshore,2026-08-10T05:27:26Z
2026-08-10T05:25:30Z,2026-08-10T07:25:30+0200,4362fe35-cfeb-4c3c-9399-26381c363872,2026-08-01T00:45:00Z,2026-08-01T02:45:00+0200,6043.56094,MW,DE,DE_LU,forecast_onshore_wind_generation,Wind Onshore,2026-08-10T05:27:26Z
2026-08-10T05:25:30Z,2026-08-10T07:25:30+0200,4362fe35-cfeb-4c3c-9399-26381c363872,2026-08-01T01:00:00Z,2026-08-01T03:00:00+0200,6039.03305,MW,DE,DE_LU,forecast_onshore_wind_generation,Wind Onshore,2026-08-10T05:27:26Z
2026-08-10T05:25:30Z,2026-08-10T07:25:30+0200,4362fe35-cfeb-4c3c-9399-26381c363872,2026-08-01T01:15:00Z,2026-08-01T03:15:00+0200,6059.12066,MW,DE,DE_LU,forecast_onshore_wind_generation,Wind Onshore,2026-08-10T05:27:26Z
2026-08-10T05:25:30Z,2026-08-10T07:25:30+0200,4362fe35-cfeb-4c3c-9399-26381c363872,2026-08-01T01:30:00Z,2026-08-01T03:30:00+0200,6072.70532,MW,DE,DE_LU,forecast_onshore_wind_generation,Wind Onshore,2026-08-10T05:27:26Z
2026-08-10T05:25:30Z,2026-08-10T07:25:30+0200,4362fe35-cfeb-4c3c-9399-26381c363872,2026-08-01T01:45:00Z,2026-08-01T03:45:00+0200,6075.61492,MW,DE,DE_LU,forecast_onshore_wind_generation,Wind Onshore,2026-08-10T05:27:26Z
2026-08-10T05:25:30Z,2026-08-10T07:25:30+0200,4362fe35-cfeb-4c3c-9399-26381c363872,2026-08-01T02:00:00Z,2026-08-01T04:00:00+0200,6078.93523,MW,DE,DE_LU,forecast_onshore_wind_generation,Wind Onshore,2026-08-10T05:27:26Z
2026-08-10T05:25:30Z,2026-08-10T07:25:30+0200,4362fe35-cfeb-4c3c-9399-26381c363872,2026-08-01T02:15:00Z,2026-08-01T04:15:00+0200,5977.91954,MW,DE,DE_LU,forecast_onshore_wind_generation,Wind Onshore,2026-08-10T05:27:26Z
2026-08-10T05:25:30Z,2026-08-10T07:25:30+0200,4362fe35-cfeb-4c3c-9399-26381c363872,2026-08-01T02:30:00Z,2026-08-01T04:30:00+0200,5881.59164,MW,DE,DE_LU,forecast_onshore_wind_generation,Wind Onshore,2026-08-10T05:27:26Z
2026-08-10T05:25:30Z,2026-08-10T07:25:30+0200,4362fe35-cfeb-4c3c-9399-26381c363872,2026-08-01T02:45:00Z,2026-08-01T04:45:00+0200,5788.64685,MW,DE,DE_LU,forecast_onshore_wind_generation,Wind Onshore,2026-08-10T05:27:26Z
2026-08-10T05:25:30Z,2026-08-10T07:25:30+0200,4362fe35-cfeb-4c3c-9399-26381c363872,2026-08-01T03:00:00Z,2026-08-01T05:00:00+0200,5687.71996,MW,DE,DE_LU,forecast_onshore_wind_generation,Wind Onshore,2026-08-10T05:27:26Z
2026-08-10T05:25:30Z,2026-08-10T07:25:30+0200,4362fe35-cfeb-4c3c-9399-26381c363872,2026-08-01T03:15:00Z,2026-08-01T05:15:00+0200,5586.6541,MW,DE,DE_LU,forecast_onshore_wind_generation,Wind Onshore,2026-08-10T05:27:26Z
2026-08-10T05:25:30Z,2026-08-10T07:25:30+0200,4362fe35-cfeb-4c3c-9399-26381c363872,2026-08-01T03:30:00Z,2026-08-01T05:30:00+0200,5488.44967,MW,DE,DE_LU,forecast_onshore_wind_generation,Wind Onshore,2026-08-10T05:27:26Z
2026-08-10T05:25:30Z,2026-08-10T07:25:30+0200,4362fe35-cfeb-4c3c-9399-26381c363872,2026-08-01T03:45:00Z,2026-08-01T05:45:00+0200,5390.40093,MW,DE,DE_LU,forecast_onshore_wind_generation,Wind Onshore,2026-08-10T05:27:26Z
2026-08-10T05:25:30Z,2026-08-10T07:25:30+0200,4362fe35-cfeb-4c3c-9399-26381c363872,2026-08-01T04:00:00Z,2026-08-01T06:00:00+0200,5298.69094,MW,DE,DE_LU,forecast_onshore_wind_generation,Wind Onshore,2026-08-10T05:27:26Z
2026-08-10T05:25:30Z,2026-08-10T07:25:30+0200,4362fe35-cfeb-4c3c-9399-26381c363872,2026-08-01T04:15:00Z,2026-08-01T06:15:00+0200,5120.33009,MW,DE,DE_LU,forecast_onshore_wind_generation,Wind Onshore,2026-08-10T05:27:26Z
2026-08-10T05:25:30Z,2026-08-10T07:25:30+0200,4362fe35-cfeb-4c3c-9399-26381c363872,2026-08-01T04:30:00Z,2026-08-01T06:30:00+0200,4941.09791,MW,DE,DE_LU,forecast_onshore_wind_generation,Wind Onshore,2026-08-10T05:27:26Z
2026-08-10T05:25:30Z,2026-08-10T07:25:30+0200,4362fe35-cfeb-4c3c-9399-26381c363872,2026-08-01T04:45:00Z,2026-08-01T06:45:00+0200,4743.10066,MW,DE,DE_LU,forecast_onshore_wind_generation,Wind Onshore,2026-08-10T05:27:26Z
2026-08-10T05:25:30Z,2026-08-10T07:25:30+0200,4362fe35-cfeb-4c3c-9399-26381c363872,2026-08-01T05:00:00Z,2026-08-01T07:00:00+0200,4555.07549,MW,DE,DE_LU,forecast_onshore_wind_generation,Wind Onshore,2026-08-10T05:27:26Z
2026-08-10T05:25:30Z,2026-08-10T07:25:30+0200,4362fe35-cfeb-4c3c-9399-26381c363872,2026-08-01T05:15:00Z,2026-08-01T07:15:00+0200,4276.28468,MW,DE,DE_LU,forecast_onshore_wind_generation,Wind Onshore,2026-08-10T05:27:26Z
2026-08-10T05:25:30Z,2026-08-10T07:25:30+0200,4362fe35-cfeb-4c3c-9399-26381c363872,2026-08-01T05:30:00Z,2026-08-01T07:30:00+0200,4006.88223,MW,DE,DE_LU,forecast_onshore_wind_generation,Wind Onshore,2026-08-10T05:27:26Z
2026-08-10T05:25:30Z,2026-08-10T07:25:30+0200,4362fe35-cfeb-4c3c-9399-26381c363872,2026-08-01T05:45:00Z,2026-08-01T07:45:00+0200,3758.00051,MW,DE,DE_LU,forecast_onshore_wind_generation,Wind Onshore,2026-08-10T05:27:26Z
2026-08-10T05:25:30Z,2026-08-10T07:25:30+0200,4362fe35-cfeb-4c3c-9399-26381c363872,2026-08-01T06:00:00Z,2026-08-01T08:00:00+0200,3593.43718,MW,DE,DE_LU,forecast_onshore_wind_generation,Wind Onshore,2026-08-10T05:27:26Z
2026-08-10T05:25:30Z,2026-08-10T07:25:30+0200,4362fe35-cfeb-4c3c-9399-26381c363872,2026-08-01T06:15:00Z,2026-08-01T08:15:00+0200,3466.97129,MW,DE,DE_LU,forecast_onshore_wind_generation,Wind Onshore,2026-08-10T05:27:26Z
2026-08-10T05:25:30Z,2026-08-10T07:25:30+0200,4362fe35-cfeb-4c3c-9399-26381c363872,2026-08-01T06:30:00Z,2026-08-01T08:30:00+0200,3316.65694,MW,DE,DE_LU,forecast_onshore_wind_generation,Wind Onshore,2026-08-10T05:27:26Z
2026-08-10T05:25:30Z,2026-08-10T07:25:30+0200,4362fe35-cfeb-4c3c-9399-26381c363872,2026-08-01T06:45:00Z,2026-08-01T08:45:00+0200,3171.91148,MW,DE,DE_LU,forecast_onshore_wind_generation,Wind Onshore,2026-08-10T05:27:26Z
2026-08-10T05:25:30Z,2026-08-10T07:25:30+0200,4362fe35-cfeb-4c3c-9399-26381c363872,2026-08-01T07:00:00Z,2026-08-01T09:00:00+0200,3019.72665,MW,DE,DE_LU,forecast_onshore_wind_generation,Wind Onshore,2026-08-10T05:27:26Z
2026-08-10T05:25:30Z,2026-08-10T07:25:30+0200,4362fe35-cfeb-4c3c-9399-26381c363872,2026-08-01T07:15:00Z,2026-08-01T09:15:00+0200,2954.27266,MW,DE,DE_LU,forecast_onshore_wind_generation,Wind Onshore,2026-08-10T05:27:26Z
2026-08-10T05:25:30Z,2026-08-10T07:25:30+0200,4362fe35-cfeb-4c3c-9399-26381c363872,2026-08-01T07:30:00Z,2026-08-01T09:30:00+0200,2886.47912,MW,DE,DE_LU,forecast_onshore_wind_generation,Wind Onshore,2026-08-10T05:27:26Z
2026-08-10T05:25:30Z,2026-08-10T07:25:30+0200,4362fe35-cfeb-4c3c-9399-26381c363872,2026-08-01T07:45:00Z,2026-08-01T09:45:00+0200,2823.52187,MW,DE,DE_LU,forecast_onshore_wind_generation,Wind Onshore,2026-08-10T05:27:26Z
2026-08-10T05:25:30Z,2026-08-10T07:25:30+0200,4362fe35-cfeb-4c3c-9399-26381c363872,2026-08-01T08:00:00Z,2026-08-01T10:00:00+0200,2749.15017,MW,DE,DE_LU,forecast_onshore_wind_generation,Wind Onshore,2026-08-10T05:27:26Z
2026-08-10T05:25:30Z,2026-08-10T07:25:30+0200,4362fe35-cfeb-4c3c-9399-26381c363872,2026-08-01T08:15:00Z,2026-08-01T10:15:00+0200,2719.66553,MW,DE,DE_LU,forecast_onshore_wind_generation,Wind Onshore,2026-08-10T05:27:26Z
2026-08-10T05:25:30Z,2026-08-10T07:25:30+0200,4362fe35-cfeb-4c3c-9399-26381c363872,2026-08-01T08:30:00Z,2026-08-01T10:30:00+0200,2691.95477,MW,DE,DE_LU,forecast_onshore_wind_generation,Wind Onshore,2026-08-10T05:27:26Z
2026-08-10T05:25:30Z,2026-08-10T07:25:30+0200,4362fe35-cfeb-4c3c-9399-26381c363872,2026-08-01T08:45:00Z,2026-08-01T10:45:00+0200,2661.0302,MW,DE,DE_LU,forecast_onshore_wind_generation,Wind Onshore,2026-08-10T05:27:26Z
2026-08-10T05:25:30Z,2026-08-10T07:25:30+0200,4362fe35-cfeb-4c3c-9399-26381c363872,2026-08-01T09:00:00Z,2026-08-01T11:00:00+0200,2630.71973,MW,DE,DE_LU,forecast_onshore_wind_generation,Wind Onshore,2026-08-10T05:27:26Z
2026-08-10T05:25:30Z,2026-08-10T07:25:30+0200,4362fe35-cfeb-4c3c-9399-26381c363872,2026-08-01T09:15:00Z,2026-08-01T11:15:00+0200,2606.93261,MW,DE,DE_LU,forecast_onshore_wind_generation,Wind Onshore,2026-08-10T05:27:26Z
2026-08-10T05:25:30Z,2026-08-10T07:25:30+0200,4362fe35-cfeb-4c3c-9399-26381c363872,2026-08-01T09:30:00Z,2026-08-01T11:30:00+0200,2585.55601,MW,DE,DE_LU,forecast_onshore_wind_generation,Wind Onshore,2026-08-10T05:27:26Z
2026-08-10T05:25:30Z,2026-08-10T07:25:30+0200,4362fe35-cfeb-4c3c-9399-26381c363872,2026-08-01T09:45:00Z,2026-08-01T11:45:00+0200,2564.02286,MW,DE,DE_LU,forecast_onshore_wind_generation,Wind Onshore,2026-08-10T05:27:26Z
2026-08-10T05:25:30Z,2026-08-10T07:25:30+0200,4362fe35-cfeb-4c3c-9399-26381c363872,2026-08-01T10:00:00Z,2026-08-01T12:00:00+0200,2545.32716,MW,DE,DE_LU,forecast_onshore_wind_generation,Wind Onshore,2026-08-10T05:27:26Z
2026-08-10T05:25:30Z,2026-08-10T07:25:30+0200,4362fe35-cfeb-4c3c-9399-26381c363872,2026-08-01T10:15:00Z,2026-08-01T12:15:00+0200,2594.14861,MW,DE,DE_LU,forecast_onshore_wind_generation,Wind Onshore,2026-08-10T05:27:26Z
2026-08-10T05:25:30Z,2026-08-10T07:25:30+0200,4362fe35-cfeb-4c3c-9399-26381c363872,2026-08-01T10:30:00Z,2026-08-01T12:30:00+0200,2648.26647,MW,DE,DE_LU,forecast_onshore_wind_generation,Wind Onshore,2026-08-10T05:27:26Z
2026-08-10T05:25:30Z,2026-08-10T07:25:30+0200,4362fe35-cfeb-4c3c-9399-26381c363872,2026-08-01T10:45:00Z,2026-08-01T12:45:00+0200,2712.77288,MW,DE,DE_LU,forecast_onshore_wind_generation,Wind Onshore,2026-08-10T05:27:26Z
2026-08-10T05:25:30Z,2026-08-10T07:25:30+0200,4362fe35-cfeb-4c3c-9399-26381c363872,2026-08-01T11:00:00Z,2026-08-01T13:00:00+0200,2764.38215,MW,DE,DE_LU,forecast_onshore_wind_generation,Wind Onshore,2026-08-10T05:27:26Z
2026-08-10T05:25:30Z,2026-08-10T07:25:30+0200,4362fe35-cfeb-4c3c-9399-26381c363872,2026-08-01T11:15:00Z,2026-08-01T13:15:00+0200,2876.94705,MW,DE,DE_LU,forecast_onshore_wind_generation,Wind Onshore,2026-08-10T05:27:26Z
2026-08-10T05:25:30Z,2026-08-10T07:25:30+0200,4362fe35-cfeb-4c3c-9399-26381c363872,2026-08-01T11:30:00Z,2026-08-01T13:30:00+0200,2984.64381,MW,DE,DE_LU,forecast_onshore_wind_generation,Wind Onshore,2026-08-10T05:27:26Z
2026-08-10T05:25:30Z,2026-08-10T07:25:30+0200,4362fe35-cfeb-4c3c-9399-26381c363872,2026-08-01T11:45:00Z,2026-08-01T13:45:00+0200,3125.53575,MW,DE,DE_LU,forecast_onshore_wind_generation,Wind Onshore,2026-08-10T05:27:26Z
2026-08-10T05:25:30Z,2026-08-10T07:25:30+0200,4362fe35-cfeb-4c3c-9399-26381c363872,2026-08-01T12:00:00Z,2026-08-01T14:00:00+0200,3254.67797,MW,DE,DE_LU,forecast_onshore_wind_generation,Wind Onshore,2026-08-10T05:27:26Z
2026-08-10T05:25:30Z,2026-08-10T07:25:30+0200,4362fe35-cfeb-4c3c-9399-26381c363872,2026-08-01T12:15:00Z,2026-08-01T14:15:00+0200,3393.90041,MW,DE,DE_LU,forecast_onshore_wind_generation,Wind Onshore,2026-08-10T05:27:26Z
2026-08-10T05:25:30Z,2026-08-10T07:25:30+0200,4362fe35-cfeb-4c3c-9399-26381c363872,2026-08-01T12:30:00Z,2026-08-01T14:30:00+0200,3529.12884,MW,DE,DE_LU,forecast_onshore_wind_generation,Wind Onshore,2026-08-10T05:27:26Z
2026-08-10T05:25:30Z,2026-08-10T07:25:30+0200,4362fe35-cfeb-4c3c-9399-26381c363872,2026-08-01T12:45:00Z,2026-08-01T14:45:00+0200,3652.00067,MW,DE,DE_LU,forecast_onshore_wind_generation,Wind Onshore,2026-08-10T05:27:26Z
2026-08-10T05:25:30Z,2026-08-10T07:25:30+0200,4362fe35-cfeb-4c3c-9399-26381c363872,2026-08-01T13:00:00Z,2026-08-01T15:00:00+0200,3762.48343,MW,DE,DE_LU,forecast_onshore_wind_generation,Wind Onshore,2026-08-10T05:27:26Z
2026-08-10T05:25:30Z,2026-08-10T07:25:30+0200,4362fe35-cfeb-4c3c-9399-26381c363872,2026-08-01T13:15:00Z,2026-08-01T15:15:00+0200,3850.90588,MW,DE,DE_LU,forecast_onshore_wind_generation,Wind Onshore,2026-08-10T05:27:26Z
2026-08-10T05:25:30Z,2026-08-10T07:25:30+0200,4362fe35-cfeb-4c3c-9399-26381c363872,2026-08-01T13:30:00Z,2026-08-01T15:30:00+0200,3942.97881,MW,DE,DE_LU,forecast_onshore_wind_generation,Wind Onshore,2026-08-10T05:27:26Z
2026-08-10T05:25:30Z,2026-08-10T07:25:30+0200,4362fe35-cfeb-4c3c-9399-26381c363872,2026-08-01T13:45:00Z,2026-08-01T15:45:00+0200,4033.663,MW,DE,DE_LU,forecast_onshore_wind_generation,Wind Onshore,2026-08-10T05:27:26Z
2026-08-10T05:25:30Z,2026-08-10T07:25:30+0200,4362fe35-cfeb-4c3c-9399-26381c363872,2026-08-01T14:00:00Z,2026-08-01T16:00:00+0200,4129.62224,MW,DE,DE_LU,forecast_onshore_wind_generation,Wind Onshore,2026-08-10T05:27:26Z
2026-08-10T05:25:30Z,2026-08-10T07:25:30+0200,4362fe35-cfeb-4c3c-9399-26381c363872,2026-08-01T14:15:00Z,2026-08-01T16:15:00+0200,4190.49582,MW,DE,DE_LU,forecast_onshore_wind_generation,Wind Onshore,2026-08-10T05:27:26Z
2026-08-10T05:25:30Z,2026-08-10T07:25:30+0200,4362fe35-cfeb-4c3c-9399-26381c363872,2026-08-01T14:30:00Z,2026-08-01T16:30:00+0200,4232.38232,MW,DE,DE_LU,forecast_onshore_wind_generation,Wind Onshore,2026-08-10T05:27:26Z
2026-08-10T05:25:30Z,2026-08-10T07:25:30+0200,4362fe35-cfeb-4c3c-9399-26381c363872,2026-08-01T14:45:00Z,2026-08-01T16:45:00+0200,4262.18515,MW,DE,DE_LU,forecast_onshore_wind_generation,Wind Onshore,2026-08-10T05:27:26Z
2026-08-10T05:25:30Z,2026-08-10T07:25:30+0200,4362fe35-cfeb-4c3c-9399-26381c363872,2026-08-01T15:00:00Z,2026-08-01T17:00:00+0200,4263.40382,MW,DE,DE_LU,forecast_onshore_wind_generation,Wind Onshore,2026-08-10T05:27:26Z
2026-08-10T05:25:30Z,2026-08-10T07:25:30+0200,4362fe35-cfeb-4c3c-9399-26381c363872,2026-08-01T15:15:00Z,2026-08-01T17:15:00+0200,4231.82998,MW,DE,DE_LU,forecast_onshore_wind_generation,Wind Onshore,2026-08-10T05:27:26Z
2026-08-10T05:25:30Z,2026-08-10T07:25:30+0200,4362fe35-cfeb-4c3c-9399-26381c363872,2026-08-01T15:30:00Z,2026-08-01T17:30:00+0200,4200.85137,MW,DE,DE_LU,forecast_onshore_wind_generation,Wind Onshore,2026-08-10T05:27:26Z
2026-08-10T05:25:30Z,2026-08-10T07:25:30+0200,4362fe35-cfeb-4c3c-9399-26381c363872,2026-08-01T15:45:00Z,2026-08-01T17:45:00+0200,4173.23644,MW,DE,DE_LU,forecast_onshore_wind_generation,Wind Onshore,2026-08-10T05:27:26Z
2026-08-10T05:25:30Z,2026-08-10T07:25:30+0200,4362fe35-cfeb-4c3c-9399-26381c363872,2026-08-01T16:00:00Z,2026-08-01T18:00:00+0200,4148.69563,MW,DE,DE_LU,forecast_onshore_wind_generation,Wind Onshore,2026-08-10T05:27:26Z
2026-08-10T05:25:30Z,2026-08-10T07:25:30+0200,4362fe35-cfeb-4c3c-9399-26381c363872,2026-08-01T16:15:00Z,2026-08-01T18:15:00+0200,4092.69994,MW,DE,DE_LU,forecast_onshore_wind_generation,Wind Onshore,2026-08-10T05:27:26Z
2026-08-10T05:25:30Z,2026-08-10T07:25:30+0200,4362fe35-cfeb-4c3c-9399-26381c363872,2026-08-01T16:30:00Z,2026-08-01T18:30:00+0200,4035.44181,MW,DE,DE_LU,forecast_onshore_wind_generation,Wind Onshore,2026-08-10T05:27:26Z
2026-08-10T05:25:30Z,2026-08-10T07:25:30+0200,4362fe35-cfeb-4c3c-9399-26381c363872,2026-08-01T16:45:00Z,2026-08-01T18:45:00+0200,3980.63066,MW,DE,DE_LU,forecast_onshore_wind_generation,Wind Onshore,2026-08-10T05:27:26Z
2026-08-10T05:25:30Z,2026-08-10T07:25:30+0200,4362fe35-cfeb-4c3c-9399-26381c363872,2026-08-01T17:00:00Z,2026-08-01T19:00:00+0200,3922.8553,MW,DE,DE_LU,forecast_onshore_wind_generation,Wind Onshore,2026-08-10T05:27:26Z
2026-08-10T05:25:30Z,2026-08-10T07:25:30+0200,4362fe35-cfeb-4c3c-9399-26381c363872,2026-08-01T17:15:00Z,2026-08-01T19:15:00+0200,3890.02473,MW,DE,DE_LU,forecast_onshore_wind_generation,Wind Onshore,2026-08-10T05:27:26Z
2026-08-10T05:25:30Z,2026-08-10T07:25:30+0200,4362fe35-cfeb-4c3c-9399-26381c363872,2026-08-01T17:30:00Z,2026-08-01T19:30:00+0200,3853.55434,MW,DE,DE_LU,forecast_onshore_wind_generation,Wind Onshore,2026-08-10T05:27:26Z
2026-08-10T05:25:30Z,2026-08-10T07:25:30+0200,4362fe35-cfeb-4c3c-9399-26381c363872,2026-08-01T17:45:00Z,2026-08-01T19:45:00+0200,3839.10026,MW,DE,DE_LU,forecast_onshore_wind_generation,Wind Onshore,2026-08-10T05:27:26Z
2026-08-10T05:25:30Z,2026-08-10T07:25:30+0200,4362fe35-cfeb-4c3c-9399-26381c363872,2026-08-01T18:00:00Z,2026-08-01T20:00:00+0200,3819.63751,MW,DE,DE_LU,forecast_onshore_wind_generation,Wind Onshore,2026-08-10T05:27:26Z
2026-08-10T05:25:30Z,2026-08-10T07:25:30+0200,4362fe35-cfeb-4c3c-9399-26381c363872,2026-08-01T18:15:00Z,2026-08-01T20:15:00+0200,3976.09047,MW,DE,DE_LU,forecast_onshore_wind_generation,Wind Onshore,2026-08-10T05:27:26Z
2026-08-10T05:25:30Z,2026-08-10T07:25:30+0200,4362fe35-cfeb-4c3c-9399-26381c363872,2026-08-01T18:30:00Z,2026-08-01T20:30:00+0200,4101.36206,MW,DE,DE_LU,forecast_onshore_wind_generation,Wind Onshore,2026-08-10T05:27:26Z
2026-08-10T05:25:30Z,2026-08-10T07:25:30+0200,4362fe35-cfeb-4c3c-9399-26381c363872,2026-08-01T18:45:00Z,2026-08-01T20:45:00+0200,4165.57994,MW,DE,DE_LU,forecast_onshore_wind_generation,Wind Onshore,2026-08-10T05:27:26Z
2026-08-10T05:25:30Z,2026-08-10T07:25:30+0200,4362fe35-cfeb-4c3c-9399-26381c363872,2026-08-01T19:00:00Z,2026-08-01T21:00:00+0200,4155.10614,MW,DE,DE_LU,forecast_onshore_wind_generation,Wind Onshore,2026-08-10T05:27:26Z
2026-08-10T05:25:30Z,2026-08-10T07:25:30+0200,4362fe35-cfeb-4c3c-9399-26381c363872,2026-08-01T19:15:00Z,2026-08-01T21:15:00+0200,4232.4481,MW,DE,DE_LU,forecast_onshore_wind_generation,Wind Onshore,2026-08-10T05:27:26Z
2026-08-10T05:25:30Z,2026-08-10T07:25:30+0200,4362fe35-cfeb-4c3c-9399-26381c363872,2026-08-01T19:30:00Z,2026-08-01T21:30:00+0200,4370.97438,MW,DE,DE_LU,forecast_onshore_wind_generation,Wind Onshore,2026-08-10T05:27:26Z
2026-08-10T05:25:30Z,2026-08-10T07:25:30+0200,4362fe35-cfeb-4c3c-9399-26381c363872,2026-08-01T19:45:00Z,2026-08-01T21:45:00+0200,4520.93072,MW,DE,DE_LU,forecast_onshore_wind_generation,Wind Onshore,2026-08-10T05:27:26Z
2026-08-10T05:25:30Z,2026-08-10T07:25:30+0200,4362fe35-cfeb-4c3c-9399-26381c363872,2026-08-01T20:00:00Z,2026-08-01T22:00:00+0200,4667.33799,MW,DE,DE_LU,forecast_onshore_wind_generation,Wind Onshore,2026-08-10T05:27:26Z
2026-08-10T05:25:30Z,2026-08-10T07:25:30+0200,4362fe35-cfeb-4c3c-9399-26381c363872,2026-08-01T20:15:00Z,2026-08-01T22:15:00+0200,4719.93934,MW,DE,DE_LU,forecast_onshore_wind_generation,Wind Onshore,2026-08-10T05:27:26Z
2026-08-10T05:25:30Z,2026-08-10T07:25:30+0200,4362fe35-cfeb-4c3c-9399-26381c363872,2026-08-01T20:30:00Z,2026-08-01T22:30:00+0200,4770.21867,MW,DE,DE_LU,forecast_onshore_wind_generation,Wind Onshore,2026-08-10T05:27:26Z
2026-08-10T05:25:30Z,2026-08-10T07:25:30+0200,4362fe35-cfeb-4c3c-9399-26381c363872,2026-08-01T20:45:00Z,2026-08-01T22:45:00+0200,4814.88468,MW,DE,DE_LU,forecast_onshore_wind_generation,Wind Onshore,2026-08-10T05:27:26Z
2026-08-10T05:25:30Z,2026-08-10T07:25:30+0200,4362fe35-cfeb-4c3c-9399-26381c363872,2026-08-01T21:00:00Z,2026-08-01T23:00:00+0200,4858.20864,MW,DE,DE_LU,forecast_onshore_wind_generation,Wind Onshore,2026-08-10T05:27:26Z
2026-08-10T05:25:30Z,2026-08-10T07:25:30+0200,4362fe35-cfeb-4c3c-9399-26381c363872,2026-08-01T21:15:00Z,2026-08-01T23:15:00+0200,4856.30762,MW,DE,DE_LU,forecast_onshore_wind_generation,Wind Onshore,2026-08-10T05:27:26Z
2026-08-10T05:25:30Z,2026-08-10T07:25:30+0200,4362fe35-cfeb-4c3c-9399-26381c363872,2026-08-01T21:30:00Z,2026-08-01T23:30:00+0200,4857.44253,MW,DE,DE_LU,forecast_onshore_wind_generation,Wind Onshore,2026-08-10T05:27:26Z
2026-08-10T05:25:30Z,2026-08-10T07:25:30+0200,4362fe35-cfeb-4c3c-9399-26381c363872,2026-08-01T21:45:00Z,2026-08-01T23:45:00+0200,4862.7151,MW,DE,DE_LU,forecast_onshore_wind_generation,Wind Onshore,2026-08-10T05:27:26Z
2026-08-10T05:25:30Z,2026-08-10T07:25:30+0200,4362fe35-cfeb-4c3c-9399-26381c363872,2026-08-01T22:00:00Z,2026-08-02T00:00:00+0200,4522.12818,MW,DE,DE_LU,forecast_onshore_wind_generation,Wind Onshore,2026-08-10T05:27:26Z
2026-08-10T05:25:30Z,2026-08-10T07:25:30+0200,4362fe35-cfeb-4c3c-9399-26381c363872,2026-08-01T22:15:00Z,2026-08-02T00:15:00+0200,4509.22157,MW,DE,DE_LU,forecast_onshore_wind_generation,Wind Onshore,2026-08-10T05:27:26Z
2026-08-10T05:25:30Z,2026-08-10T07:25:30+0200,4362fe35-cfeb-4c3c-9399-26381c363872,2026-08-01T22:30:00Z,2026-08-02T00:30:00+0200,4498.5719,MW,DE,DE_LU,forecast_onshore_wind_generation,Wind Onshore,2026-08-10T05:27:26Z
2026-08-10T05:25:30Z,2026-08-10T07:25:30+0200,4362fe35-cfeb-4c3c-9399-26381c363872,2026-08-01T22:45:00Z,2026-08-02T00:45:00+0200,4482.04784,MW,DE,DE_LU,forecast_onshore_wind_generation,Wind Onshore,2026-08-10T05:27:26Z
2026-08-10T05:25:30Z,2026-08-10T07:25:30+0200,4362fe35-cfeb-4c3c-9399-26381c363872,2026-08-01T23:00:00Z,2026-08-02T01:00:00+0200,4475.59807,MW,DE,DE_LU,forecast_onshore_wind_generation,Wind Onshore,2026-08-10T05:27:26Z
2026-08-10T05:25:30Z,2026-08-10T07:25:30+0200,4362fe35-cfeb-4c3c-9399-26381c363872,2026-08-01T23:15:00Z,2026-08-02T01:15:00+0200,4466.29307,MW,DE,DE_LU,forecast_onshore_wind_generation,Wind Onshore,2026-08-10T05:27:26Z
2026-08-10T05:25:30Z,2026-08-10T07:25:30+0200,4362fe35-cfeb-4c3c-9399-26381c363872,2026-08-01T23:30:00Z,2026-08-02T01:30:00+0200,4470.65742,MW,DE,DE_LU,forecast_onshore_wind_generation,Wind Onshore,2026-08-10T05:27:26Z
2026-08-10T05:25:30Z,2026-08-10T07:25:30+0200,4362fe35-cfeb-4c3c-9399-26381c363872,2026-08-01T23:45:00Z,2026-08-02T01:45:00+0200,4506.76085,MW,DE,DE_LU,forecast_onshore_wind_generation,Wind Onshore,2026-08-10T05:27:26Z
2026-08-10T05:25:30Z,2026-08-10T07:25:30+0200,4362fe35-cfeb-4c3c-9399-26381c363872,2026-08-02T00:00:00Z,2026-08-02T02:00:00+0200,4569.59961,MW,DE,DE_LU,forecast_onshore_wind_generation,Wind Onshore,2026-08-10T05:27:26Z
2026-08-10T05:25:30Z,2026-08-10T07:25:30+0200,4362fe35-cfeb-4c3c-9399-26381c363872,2026-08-02T00:15:00Z,2026-08-02T02:15:00+0200,4595.0106,MW,DE,DE_LU,forecast_onshore_wind_generation,Wind Onshore,2026-08-10T05:27:26Z
2026-08-10T05:25:30Z,2026-08-10T07:25:30+0200,4362fe35-cfeb-4c3c-9399-26381c363872,2026-08-02T00:30:00Z,2026-08-02T02:30:00+0200,4590.37851,MW,DE,DE_LU,forecast_onshore_wind_generation,Wind Onshore,2026-08-10T05:27:26Z
2026-08-10T05:25:30Z,2026-08-10T07:25:30+0200,4362fe35-cfeb-4c3c-9399-26381c363872,2026-08-02T00:45:00Z,2026-08-02T02:45:00+0200,4575.25157,MW,DE,DE_LU,forecast_onshore_wind_generation,Wind Onshore,2026-08-10T05:27:26Z
2026-08-10T05:25:30Z,2026-08-10T07:25:30+0200,4362fe35-cfeb-4c3c-9399-26381c363872,2026-08-02T01:00:00Z,2026-08-02T03:00:00+0200,4549.8559,MW,DE,DE_LU,forecast_onshore_wind_generation,Wind Onshore,2026-08-10T05:27:26Z
2026-08-10T05:25:30Z,2026-08-10T07:25:30+0200,4362fe35-cfeb-4c3c-9399-26381c363872,2026-08-02T01:15:00Z,2026-08-02T03:15:00+0200,4524.57956,MW,DE,DE_LU,forecast_onshore_wind_generation,Wind Onshore,2026-08-10T05:27:26Z
2026-08-10T05:25:30Z,2026-08-10T07:25:30+0200,4362fe35-cfeb-4c3c-9399-26381c363872,2026-08-02T01:30:00Z,2026-08-02T03:30:00+0200,4498.08642,MW,DE,DE_LU,forecast_onshore_wind_generation,Wind Onshore,2026-08-10T05:27:26Z
2026-08-10T05:25:30Z,2026-08-10T07:25:30+0200,4362fe35-cfeb-4c3c-9399-26381c363872,2026-08-02T01:45:00Z,2026-08-02T03:45:00+0200,4470.73751,MW,DE,DE_LU,forecast_onshore_wind_generation,Wind Onshore,2026-08-10T05:27:26Z
2026-08-10T05:25:30Z,2026-08-10T07:25:30+0200,4362fe35-cfeb-4c3c-9399-26381c363872,2026-08-02T02:00:00Z,2026-08-02T04:00:00+0200,4445.4882,MW,DE,DE_LU,forecast_onshore_wind_generation,Wind Onshore,2026-08-10T05:27:26Z
2026-08-10T05:25:30Z,2026-08-10T07:25:30+0200,4362fe35-cfeb-4c3c-9399-26381c363872,2026-08-02T02:15:00Z,2026-08-02T04:15:00+0200,4428.97378,MW,DE,DE_LU,forecast_onshore_wind_generation,Wind Onshore,2026-08-10T05:27:26Z
2026-08-10T05:25:30Z,2026-08-10T07:25:30+0200,4362fe35-cfeb-4c3c-9399-26381c363872,2026-08-02T02:30:00Z,2026-08-02T04:30:00+0200,4413.11211,MW,DE,DE_LU,forecast_onshore_wind_generation,Wind Onshore,2026-08-10T05:27:26Z
2026-08-10T05:25:30Z,2026-08-10T07:25:30+0200,4362fe35-cfeb-4c3c-9399-26381c363872,2026-08-02T02:45:00Z,2026-08-02T04:45:00+0200,4401.04219,MW,DE,DE_LU,forecast_onshore_wind_generation,Wind Onshore,2026-08-10T05:27:26Z
2026-08-10T05:25:30Z,2026-08-10T07:25:30+0200,4362fe35-cfeb-4c3c-9399-26381c363872,2026-08-02T03:00:00Z,2026-08-02T05:00:00+0200,4392.96068,MW,DE,DE_LU,forecast_onshore_wind_generation,Wind Onshore,2026-08-10T05:27:26Z
2026-08-10T05:25:30Z,2026-08-10T07:25:30+0200,4362fe35-cfeb-4c3c-9399-26381c363872,2026-08-02T03:15:00Z,2026-08-02T05:15:00+0200,4399.03683,MW,DE,DE_LU,forecast_onshore_wind_generation,Wind Onshore,2026-08-10T05:27:26Z
2026-08-10T05:25:30Z,2026-08-10T07:25:30+0200,4362fe35-cfeb-4c3c-9399-26381c363872,2026-08-02T03:30:00Z,2026-08-02T05:30:00+0200,4407.44487,MW,DE,DE_LU,forecast_onshore_wind_generation,Wind Onshore,2026-08-10T05:27:26Z
2026-08-10T05:25:30Z,2026-08-10T07:25:30+0200,4362fe35-cfeb-4c3c-9399-26381c363872,2026-08-02T03:45:00Z,2026-08-02T05:45:00+0200,4409.53872,MW,DE,DE_LU,forecast_onshore_wind_generation,Wind Onshore,2026-08-10T05:27:26Z
2026-08-10T05:25:30Z,2026-08-10T07:25:30+0200,4362fe35-cfeb-4c3c-9399-26381c363872,2026-08-02T04:00:00Z,2026-08-02T06:00:00+0200,4432.65667,MW,DE,DE_LU,forecast_onshore_wind_generation,Wind Onshore,2026-08-10T05:27:26Z
2026-08-10T05:25:30Z,2026-08-10T07:25:30+0200,4362fe35-cfeb-4c3c-9399-26381c363872,2026-08-02T04:15:00Z,2026-08-02T06:15:00+0200,4400.16441,MW,DE,DE_LU,forecast_onshore_wind_generation,Wind Onshore,2026-08-10T05:27:26Z
2026-08-10T05:25:30Z,2026-08-10T07:25:30+0200,4362fe35-cfeb-4c3c-9399-26381c363872,2026-08-02T04:30:00Z,2026-08-02T06:30:00+0200,4360.51762,MW,DE,DE_LU,forecast_onshore_wind_generation,Wind Onshore,2026-08-10T05:27:26Z
2026-08-10T05:25:30Z,2026-08-10T07:25:30+0200,4362fe35-cfeb-4c3c-9399-26381c363872,2026-08-02T04:45:00Z,2026-08-02T06:45:00+0200,4305.55444,MW,DE,DE_LU,forecast_onshore_wind_generation,Wind Onshore,2026-08-10T05:27:26Z
2026-08-10T05:25:30Z,2026-08-10T07:25:30+0200,4362fe35-cfeb-4c3c-9399-26381c363872,2026-08-02T05:00:00Z,2026-08-02T07:00:00+0200,4232.07643,MW,DE,DE_LU,forecast_onshore_wind_generation,Wind Onshore,2026-08-10T05:27:26Z
2026-08-10T05:25:30Z,2026-08-10T07:25:30+0200,4362fe35-cfeb-4c3c-9399-26381c363872,2026-08-02T05:15:00Z,2026-08-02T07:15:00+0200,4025.85129,MW,DE,DE_LU,forecast_onshore_wind_generation,Wind Onshore,2026-08-10T05:27:26Z
2026-08-10T05:25:30Z,2026-08-10T07:25:30+0200,4362fe35-cfeb-4c3c-9399-26381c363872,2026-08-02T05:30:00Z,2026-08-02T07:30:00+0200,3824.35812,MW,DE,DE_LU,forecast_onshore_wind_generation,Wind Onshore,2026-08-10T05:27:26Z
2026-08-10T05:25:30Z,2026-08-10T07:25:30+0200,4362fe35-cfeb-4c3c-9399-26381c363872,2026-08-02T05:45:00Z,2026-08-02T07:45:00+0200,3632.86044,MW,DE,DE_LU,forecast_onshore_wind_generation,Wind Onshore,2026-08-10T05:27:26Z
2026-08-10T05:25:30Z,2026-08-10T07:25:30+0200,4362fe35-cfeb-4c3c-9399-26381c363872,2026-08-02T06:00:00Z,2026-08-02T08:00:00+0200,3414.85782,MW,DE,DE_LU,forecast_onshore_wind_generation,Wind Onshore,2026-08-10T05:27:26Z
2026-08-10T05:25:30Z,2026-08-10T07:25:30+0200,4362fe35-cfeb-4c3c-9399-26381c363872,2026-08-02T06:15:00Z,2026-08-02T08:15:00+0200,3114.81418,MW,DE,DE_LU,forecast_onshore_wind_generation,Wind Onshore,2026-08-10T05:27:26Z
2026-08-10T05:25:30Z,2026-08-10T07:25:30+0200,4362fe35-cfeb-4c3c-9399-26381c363872,2026-08-02T06:30:00Z,2026-08-02T08:30:00+0200,2742.90827,MW,DE,DE_LU,forecast_onshore_wind_generation,Wind Onshore,2026-08-10T05:27:26Z
2026-08-10T05:25:30Z,2026-08-10T07:25:30+0200,4362fe35-cfeb-4c3c-9399-26381c363872,2026-08-02T06:45:00Z,2026-08-02T08:45:00+0200,2381.93755,MW,DE,DE_LU,forecast_onshore_wind_generation,Wind Onshore,2026-08-10T05:27:26Z
2026-08-10T05:25:30Z,2026-08-10T07:25:30+0200,4362fe35-cfeb-4c3c-9399-26381c363872,2026-08-02T07:00:00Z,2026-08-02T09:00:00+0200,2123.77985,MW,DE,DE_LU,forecast_onshore_wind_generation,Wind Onshore,2026-08-10T05:27:26Z
2026-08-10T05:25:30Z,2026-08-10T07:25:30+0200,4362fe35-cfeb-4c3c-9399-26381c363872,2026-08-02T07:15:00Z,2026-08-02T09:15:00+0200,2109.21518,MW,DE,DE_LU,forecast_onshore_wind_generation,Wind Onshore,2026-08-10T05:27:26Z
2026-08-10T05:25:30Z,2026-08-10T07:25:30+0200,4362fe35-cfeb-4c3c-9399-26381c363872,2026-08-02T07:30:00Z,2026-08-02T09:30:00+0200,2112.31465,MW,DE,DE_LU,forecast_onshore_wind_generation,Wind Onshore,2026-08-10T05:27:26Z
2026-08-10T05:25:30Z,2026-08-10T07:25:30+0200,4362fe35-cfeb-4c3c-9399-26381c363872,2026-08-02T07:45:00Z,2026-08-02T09:45:00+0200,2128.21486,MW,DE,DE_LU,forecast_onshore_wind_generation,Wind Onshore,2026-08-10T05:27:26Z
2026-08-10T05:25:30Z,2026-08-10T07:25:30+0200,4362fe35-cfeb-4c3c-9399-26381c363872,2026-08-02T08:00:00Z,2026-08-02T10:00:00+0200,2099.36465,MW,DE,DE_LU,forecast_onshore_wind_generation,Wind Onshore,2026-08-10T05:27:26Z
2026-08-10T05:25:30Z,2026-08-10T07:25:30+0200,4362fe35-cfeb-4c3c-9399-26381c363872,2026-08-02T08:15:00Z,2026-08-02T10:15:00+0200,2124.78204,MW,DE,DE_LU,forecast_onshore_wind_generation,Wind Onshore,2026-08-10T05:27:26Z
2026-08-10T05:25:30Z,2026-08-10T07:25:30+0200,4362fe35-cfeb-4c3c-9399-26381c363872,2026-08-02T08:30:00Z,2026-08-02T10:30:00+0200,2147.82857,MW,DE,DE_LU,forecast_onshore_wind_generation,Wind Onshore,2026-08-10T05:27:26Z
2026-08-10T05:25:30Z,2026-08-10T07:25:30+0200,4362fe35-cfeb-4c3c-9399-26381c363872,2026-08-02T08:45:00Z,2026-08-02T10:45:00+0200,2156.67458,MW,DE,DE_LU,forecast_onshore_wind_generation,Wind Onshore,2026-08-10T05:27:26Z
2026-08-10T05:25:30Z,2026-08-10T07:25:30+0200,4362fe35-cfeb-4c3c-9399-26381c363872,2026-08-02T09:00:00Z,2026-08-02T11:00:00+0200,2171.2011,MW,DE,DE_LU,forecast_onshore_wind_generation,Wind Onshore,2026-08-10T05:27:26Z
2026-08-10T05:25:30Z,2026-08-10T07:25:30+0200,4362fe35-cfeb-4c3c-9399-26381c363872,2026-08-02T09:15:00Z,2026-08-02T11:15:00+0200,2197.17868,MW,DE,DE_LU,forecast_onshore_wind_generation,Wind Onshore,2026-08-10T05:27:26Z
2026-08-10T05:25:30Z,2026-08-10T07:25:30+0200,4362fe35-cfeb-4c3c-9399-26381c363872,2026-08-02T09:30:00Z,2026-08-02T11:30:00+0200,2211.72184,MW,DE,DE_LU,forecast_onshore_wind_generation,Wind Onshore,2026-08-10T05:27:26Z
2026-08-10T05:25:30Z,2026-08-10T07:25:30+0200,4362fe35-cfeb-4c3c-9399-26381c363872,2026-08-02T09:45:00Z,2026-08-02T11:45:00+0200,2220.80252,MW,DE,DE_LU,forecast_onshore_wind_generation,Wind Onshore,2026-08-10T05:27:26Z
2026-08-10T05:25:30Z,2026-08-10T07:25:30+0200,4362fe35-cfeb-4c3c-9399-26381c363872,2026-08-02T10:00:00Z,2026-08-02T12:00:00+0200,2236.67052,MW,DE,DE_LU,forecast_onshore_wind_generation,Wind Onshore,2026-08-10T05:27:26Z
2026-08-10T05:25:30Z,2026-08-10T07:25:30+0200,4362fe35-cfeb-4c3c-9399-26381c363872,2026-08-02T10:15:00Z,2026-08-02T12:15:00+0200,2246.68042,MW,DE,DE_LU,forecast_onshore_wind_generation,Wind Onshore,2026-08-10T05:27:26Z
2026-08-10T05:25:30Z,2026-08-10T07:25:30+0200,4362fe35-cfeb-4c3c-9399-26381c363872,2026-08-02T10:30:00Z,2026-08-02T12:30:00+0200,2252.92103,MW,DE,DE_LU,forecast_onshore_wind_generation,Wind Onshore,2026-08-10T05:27:26Z
2026-08-10T05:25:30Z,2026-08-10T07:25:30+0200,4362fe35-cfeb-4c3c-9399-26381c363872,2026-08-02T10:45:00Z,2026-08-02T12:45:00+0200,2246.24837,MW,DE,DE_LU,forecast_onshore_wind_generation,Wind Onshore,2026-08-10T05:27:26Z
2026-08-10T05:25:30Z,2026-08-10T07:25:30+0200,4362fe35-cfeb-4c3c-9399-26381c363872,2026-08-02T11:00:00Z,2026-08-02T13:00:00+0200,2214.72303,MW,DE,DE_LU,forecast_onshore_wind_generation,Wind Onshore,2026-08-10T05:27:26Z
2026-08-10T05:25:30Z,2026-08-10T07:25:30+0200,4362fe35-cfeb-4c3c-9399-26381c363872,2026-08-02T11:15:00Z,2026-08-02T13:15:00+0200,2178.63543,MW,DE,DE_LU,forecast_onshore_wind_generation,Wind Onshore,2026-08-10T05:27:26Z
2026-08-10T05:25:30Z,2026-08-10T07:25:30+0200,4362fe35-cfeb-4c3c-9399-26381c363872,2026-08-02T11:30:00Z,2026-08-02T13:30:00+0200,2140.67443,MW,DE,DE_LU,forecast_onshore_wind_generation,Wind Onshore,2026-08-10T05:27:26Z
2026-08-10T05:25:30Z,2026-08-10T07:25:30+0200,4362fe35-cfeb-4c3c-9399-26381c363872,2026-08-02T11:45:00Z,2026-08-02T13:45:00+0200,2111.54652,MW,DE,DE_LU,forecast_onshore_wind_generation,Wind Onshore,2026-08-10T05:27:26Z
2026-08-10T05:25:30Z,2026-08-10T07:25:30+0200,4362fe35-cfeb-4c3c-9399-26381c363872,2026-08-02T12:00:00Z,2026-08-02T14:00:00+0200,2091.5345,MW,DE,DE_LU,forecast_onshore_wind_generation,Wind Onshore,2026-08-10T05:27:26Z
2026-08-10T05:25:30Z,2026-08-10T07:25:30+0200,4362fe35-cfeb-4c3c-9399-26381c363872,2026-08-02T12:15:00Z,2026-08-02T14:15:00+0200,2069.89693,MW,DE,DE_LU,forecast_onshore_wind_generation,Wind Onshore,2026-08-10T05:27:26Z
2026-08-10T05:25:30Z,2026-08-10T07:25:30+0200,4362fe35-cfeb-4c3c-9399-26381c363872,2026-08-02T12:30:00Z,2026-08-02T14:30:00+0200,2030.74431,MW,DE,DE_LU,forecast_onshore_wind_generation,Wind Onshore,2026-08-10T05:27:26Z
2026-08-10T05:25:30Z,2026-08-10T07:25:30+0200,4362fe35-cfeb-4c3c-9399-26381c363872,2026-08-02T12:45:00Z,2026-08-02T14:45:00+0200,1994.74252,MW,DE,DE_LU,forecast_onshore_wind_generation,Wind Onshore,2026-08-10T05:27:26Z
2026-08-10T05:25:30Z,2026-08-10T07:25:30+0200,4362fe35-cfeb-4c3c-9399-26381c363872,2026-08-02T13:00:00Z,2026-08-02T15:00:00+0200,1970.32147,MW,DE,DE_LU,forecast_onshore_wind_generation,Wind Onshore,2026-08-10T05:27:26Z
2026-08-10T05:25:30Z,2026-08-10T07:25:30+0200,4362fe35-cfeb-4c3c-9399-26381c363872,2026-08-02T13:15:00Z,2026-08-02T15:15:00+0200,1970.83166,MW,DE,DE_LU,forecast_onshore_wind_generation,Wind Onshore,2026-08-10T05:27:26Z
2026-08-10T05:25:30Z,2026-08-10T07:25:30+0200,4362fe35-cfeb-4c3c-9399-26381c363872,2026-08-02T13:30:00Z,2026-08-02T15:30:00+0200,1980.59386,MW,DE,DE_LU,forecast_onshore_wind_generation,Wind Onshore,2026-08-10T05:27:26Z
2026-08-10T05:25:30Z,2026-08-10T07:25:30+0200,4362fe35-cfeb-4c3c-9399-26381c363872,2026-08-02T13:45:00Z,2026-08-02T15:45:00+0200,1986.09041,MW,DE,DE_LU,forecast_onshore_wind_generation,Wind Onshore,2026-08-10T05:27:26Z
2026-08-10T05:25:30Z,2026-08-10T07:25:30+0200,4362fe35-cfeb-4c3c-9399-26381c363872,2026-08-02T14:00:00Z,2026-08-02T16:00:00+0200,1972.21867,MW,DE,DE_LU,forecast_onshore_wind_generation,Wind Onshore,2026-08-10T05:27:26Z
2026-08-10T05:25:30Z,2026-08-10T07:25:30+0200,4362fe35-cfeb-4c3c-9399-26381c363872,2026-08-02T14:15:00Z,2026-08-02T16:15:00+0200,2022.64828,MW,DE,DE_LU,forecast_onshore_wind_generation,Wind Onshore,2026-08-10T05:27:26Z
2026-08-10T05:25:30Z,2026-08-10T07:25:30+0200,4362fe35-cfeb-4c3c-9399-26381c363872,2026-08-02T14:30:00Z,2026-08-02T16:30:00+0200,2095.33361,MW,DE,DE_LU,forecast_onshore_wind_generation,Wind Onshore,2026-08-10T05:27:26Z
2026-08-10T05:25:30Z,2026-08-10T07:25:30+0200,4362fe35-cfeb-4c3c-9399-26381c363872,2026-08-02T14:45:00Z,2026-08-02T16:45:00+0200,2199.76909,MW,DE,DE_LU,forecast_onshore_wind_generation,Wind Onshore,2026-08-10T05:27:26Z
2026-08-10T05:25:30Z,2026-08-10T07:25:30+0200,4362fe35-cfeb-4c3c-9399-26381c363872,2026-08-02T15:00:00Z,2026-08-02T17:00:00+0200,2321.83863,MW,DE,DE_LU,forecast_onshore_wind_generation,Wind Onshore,2026-08-10T05:27:26Z
2026-08-10T05:25:30Z,2026-08-10T07:25:30+0200,4362fe35-cfeb-4c3c-9399-26381c363872,2026-08-02T15:15:00Z,2026-08-02T17:15:00+0200,2523.88767,MW,DE,DE_LU,forecast_onshore_wind_generation,Wind Onshore,2026-08-10T05:27:26Z
2026-08-10T05:25:30Z,2026-08-10T07:25:30+0200,4362fe35-cfeb-4c3c-9399-26381c363872,2026-08-02T15:30:00Z,2026-08-02T17:30:00+0200,2694.4297,MW,DE,DE_LU,forecast_onshore_wind_generation,Wind Onshore,2026-08-10T05:27:26Z
2026-08-10T05:25:30Z,2026-08-10T07:25:30+0200,4362fe35-cfeb-4c3c-9399-26381c363872,2026-08-02T15:45:00Z,2026-08-02T17:45:00+0200,2872.94274,MW,DE,DE_LU,forecast_onshore_wind_generation,Wind Onshore,2026-08-10T05:27:26Z
2026-08-10T05:25:30Z,2026-08-10T07:25:30+0200,4362fe35-cfeb-4c3c-9399-26381c363872,2026-08-02T16:00:00Z,2026-08-02T18:00:00+0200,3058.7608,MW,DE,DE_LU,forecast_onshore_wind_generation,Wind Onshore,2026-08-10T05:27:26Z
2026-08-10T05:25:30Z,2026-08-10T07:25:30+0200,4362fe35-cfeb-4c3c-9399-26381c363872,2026-08-02T16:15:00Z,2026-08-02T18:15:00+0200,3401.04448,MW,DE,DE_LU,forecast_onshore_wind_generation,Wind Onshore,2026-08-10T05:27:26Z
2026-08-10T05:25:30Z,2026-08-10T07:25:30+0200,4362fe35-cfeb-4c3c-9399-26381c363872,2026-08-02T16:30:00Z,2026-08-02T18:30:00+0200,3738.00328,MW,DE,DE_LU,forecast_onshore_wind_generation,Wind Onshore,2026-08-10T05:27:26Z
2026-08-10T05:25:30Z,2026-08-10T07:25:30+0200,4362fe35-cfeb-4c3c-9399-26381c363872,2026-08-02T16:45:00Z,2026-08-02T18:45:00+0200,4082.07899,MW,DE,DE_LU,forecast_onshore_wind_generation,Wind Onshore,2026-08-10T05:27:26Z
2026-08-10T05:25:30Z,2026-08-10T07:25:30+0200,4362fe35-cfeb-4c3c-9399-26381c363872,2026-08-02T17:00:00Z,2026-08-02T19:00:00+0200,4445.22815,MW,DE,DE_LU,forecast_onshore_wind_generation,Wind Onshore,2026-08-10T05:27:26Z
2026-08-10T05:25:30Z,2026-08-10T07:25:30+0200,4362fe35-cfeb-4c3c-9399-26381c363872,2026-08-02T17:15:00Z,2026-08-02T19:15:00+0200,5043.25593,MW,DE,DE_LU,forecast_onshore_wind_generation,Wind Onshore,2026-08-10T05:27:26Z
2026-08-10T05:25:30Z,2026-08-10T07:25:30+0200,4362fe35-cfeb-4c3c-9399-26381c363872,2026-08-02T17:30:00Z,2026-08-02T19:30:00+0200,5624.88319,MW,DE,DE_LU,forecast_onshore_wind_generation,Wind Onshore,2026-08-10T05:27:26Z
2026-08-10T05:25:30Z,2026-08-10T07:25:30+0200,4362fe35-cfeb-4c3c-9399-26381c363872,2026-08-02T17:45:00Z,2026-08-02T19:45:00+0200,6247.66741,MW,DE,DE_LU,forecast_onshore_wind_generation,Wind Onshore,2026-08-10T05:27:26Z
2026-08-10T05:25:30Z,2026-08-10T07:25:30+0200,4362fe35-cfeb-4c3c-9399-26381c363872,2026-08-02T18:00:00Z,2026-08-02T20:00:00+0200,6891.35163,MW,DE,DE_LU,forecast_onshore_wind_generation,Wind Onshore,2026-08-10T05:27:26Z
2026-08-10T05:25:30Z,2026-08-10T07:25:30+0200,4362fe35-cfeb-4c3c-9399-26381c363872,2026-08-02T18:15:00Z,2026-08-02T20:15:00+0200,7882.09098,MW,DE,DE_LU,forecast_onshore_wind_generation,Wind Onshore,2026-08-10T05:27:26Z
2026-08-10T05:25:30Z,2026-08-10T07:25:30+0200,4362fe35-cfeb-4c3c-9399-26381c363872,2026-08-02T18:30:00Z,2026-08-02T20:30:00+0200,8879.44667,MW,DE,DE_LU,forecast_onshore_wind_generation,Wind Onshore,2026-08-10T05:27:26Z
2026-08-10T05:25:30Z,2026-08-10T07:25:30+0200,4362fe35-cfeb-4c3c-9399-26381c363872,2026-08-02T18:45:00Z,2026-08-02T20:45:00+0200,9873.4309,MW,DE,DE_LU,forecast_onshore_wind_generation,Wind Onshore,2026-08-10T05:27:26Z
2026-08-10T05:25:30Z,2026-08-10T07:25:30+0200,4362fe35-cfeb-4c3c-9399-26381c363872,2026-08-02T19:00:00Z,2026-08-02T21:00:00+0200,10752.55864,MW,DE,DE_LU,forecast_onshore_wind_generation,Wind Onshore,2026-08-10T05:27:26Z
2026-08-10T05:25:30Z,2026-08-10T07:25:30+0200,4362fe35-cfeb-4c3c-9399-26381c363872,2026-08-02T19:15:00Z,2026-08-02T21:15:00+0200,11630.86079,MW,DE,DE_LU,forecast_onshore_wind_generation,Wind Onshore,2026-08-10T05:27:26Z
2026-08-10T05:25:30Z,2026-08-10T07:25:30+0200,4362fe35-cfeb-4c3c-9399-26381c363872,2026-08-02T19:30:00Z,2026-08-02T21:30:00+0200,12584.53568,MW,DE,DE_LU,forecast_onshore_wind_generation,Wind Onshore,2026-08-10T05:27:26Z
2026-08-10T05:25:30Z,2026-08-10T07:25:30+0200,4362fe35-cfeb-4c3c-9399-26381c363872,2026-08-02T19:45:00Z,2026-08-02T21:45:00+0200,13522.07863,MW,DE,DE_LU,forecast_onshore_wind_generation,Wind Onshore,2026-08-10T05:27:26Z
2026-08-10T05:25:30Z,2026-08-10T07:25:30+0200,4362fe35-cfeb-4c3c-9399-26381c363872,2026-08-02T20:00:00Z,2026-08-02T22:00:00+0200,14297.44837,MW,DE,DE_LU,forecast_onshore_wind_generation,Wind Onshore,2026-08-10T05:27:26Z
2026-08-10T05:25:30Z,2026-08-10T07:25:30+0200,4362fe35-cfeb-4c3c-9399-26381c363872,2026-08-02T20:15:00Z,2026-08-02T22:15:00+0200,14822.41204,MW,DE,DE_LU,forecast_onshore_wind_generation,Wind Onshore,2026-08-10T05:27:26Z
2026-08-10T05:25:30Z,2026-08-10T07:25:30+0200,4362fe35-cfeb-4c3c-9399-26381c363872,2026-08-02T20:30:00Z,2026-08-02T22:30:00+0200,15330.86543,MW,DE,DE_LU,forecast_onshore_wind_generation,Wind Onshore,2026-08-10T05:27:26Z
2026-08-10T05:25:30Z,2026-08-10T07:25:30+0200,4362fe35-cfeb-4c3c-9399-26381c363872,2026-08-02T20:45:00Z,2026-08-02T22:45:00+0200,15799.68837,MW,DE,DE_LU,forecast_onshore_wind_generation,Wind Onshore,2026-08-10T05:27:26Z
2026-08-10T05:25:30Z,2026-08-10T07:25:30+0200,4362fe35-cfeb-4c3c-9399-26381c363872,2026-08-02T21:00:00Z,2026-08-02T23:00:00+0200,16240.11051,MW,DE,DE_LU,forecast_onshore_wind_generation,Wind Onshore,2026-08-10T05:27:26Z
2026-08-10T05:25:30Z,2026-08-10T07:25:30+0200,4362fe35-cfeb-4c3c-9399-26381c363872,2026-08-02T21:15:00Z,2026-08-02T23:15:00+0200,16421.37007,MW,DE,DE_LU,forecast_onshore_wind_generation,Wind Onshore,2026-08-10T05:27:26Z
2026-08-10T05:25:30Z,2026-08-10T07:25:30+0200,4362fe35-cfeb-4c3c-9399-26381c363872,2026-08-02T21:30:00Z,2026-08-02T23:30:00+0200,16598.66629,MW,DE,DE_LU,forecast_onshore_wind_generation,Wind Onshore,2026-08-10T05:27:26Z
2026-08-10T05:25:30Z,2026-08-10T07:25:30+0200,4362fe35-cfeb-4c3c-9399-26381c363872,2026-08-02T21:45:00Z,2026-08-02T23:45:00+0200,16765.05573,MW,DE,DE_LU,forecast_onshore_wind_generation,Wind Onshore,2026-08-10T05:27:26Z
2026-08-10T05:25:30Z,2026-08-10T07:25:30+0200,4362fe35-cfeb-4c3c-9399-26381c363872,2026-08-02T22:00:00Z,2026-08-03T00:00:00+0200,17371.6397,MW,DE,DE_LU,forecast_onshore_wind_generation,Wind Onshore,2026-08-10T05:27:26Z
2026-08-10T05:25:30Z,2026-08-10T07:25:30+0200,4362fe35-cfeb-4c3c-9399-26381c363872,2026-08-02T22:15:00Z,2026-08-03T00:15:00+0200,17320.86514,MW,DE,DE_LU,forecast_onshore_wind_generation,Wind Onshore,2026-08-10T05:27:26Z
2026-08-10T05:25:30Z,2026-08-10T07:25:30+0200,4362fe35-cfeb-4c3c-9399-26381c363872,2026-08-02T22:30:00Z,2026-08-03T00:30:00+0200,17264.98593,MW,DE,DE_LU,forecast_onshore_wind_generation,Wind Onshore,2026-08-10T05:27:26Z
2026-08-10T05:25:30Z,2026-08-10T07:25:30+0200,4362fe35-cfeb-4c3c-9399-26381c363872,2026-08-02T22:45:00Z,2026-08-03T00:45:00+0200,17203.56255,MW,DE,DE_LU,forecast_onshore_wind_generation,Wind Onshore,2026-08-10T05:27:26Z
2026-08-10T05:25:30Z,2026-08-10T07:25:30+0200,4362fe35-cfeb-4c3c-9399-26381c363872,2026-08-02T23:00:00Z,2026-08-03T01:00:00+0200,17128.53349,MW,DE,DE_LU,forecast_onshore_wind_generation,Wind Onshore,2026-08-10T05:27:26Z
2026-08-10T05:25:30Z,2026-08-10T07:25:30+0200,4362fe35-cfeb-4c3c-9399-26381c363872,2026-08-02T23:15:00Z,2026-08-03T01:15:00+0200,16949.96828,MW,DE,DE_LU,forecast_onshore_wind_generation,Wind Onshore,2026-08-10T05:27:26Z
2026-08-10T05:25:30Z,2026-08-10T07:25:30+0200,4362fe35-cfeb-4c3c-9399-26381c363872,2026-08-02T23:30:00Z,2026-08-03T01:30:00+0200,16763.48132,MW,DE,DE_LU,forecast_onshore_wind_generation,Wind Onshore,2026-08-10T05:27:26Z
2026-08-10T05:25:30Z,2026-08-10T07:25:30+0200,4362fe35-cfeb-4c3c-9399-26381c363872,2026-08-02T23:45:00Z,2026-08-03T01:45:00+0200,16572.43851,MW,DE,DE_LU,forecast_onshore_wind_generation,Wind Onshore,2026-08-10T05:27:26Z
2026-08-10T05:25:30Z,2026-08-10T07:25:30+0200,4362fe35-cfeb-4c3c-9399-26381c363872,2026-08-03T00:00:00Z,2026-08-03T02:00:00+0200,16357.07208,MW,DE,DE_LU,forecast_onshore_wind_generation,Wind Onshore,2026-08-10T05:27:26Z
2026-08-10T05:25:30Z,2026-08-10T07:25:30+0200,4362fe35-cfeb-4c3c-9399-26381c363872,2026-08-03T00:15:00Z,2026-08-03T02:15:00+0200,16161.98363,MW,DE,DE_LU,forecast_onshore_wind_generation,Wind Onshore,2026-08-10T05:27:26Z
2026-08-10T05:25:30Z,2026-08-10T07:25:30+0200,4362fe35-cfeb-4c3c-9399-26381c363872,2026-08-03T00:30:00Z,2026-08-03T02:30:00+0200,15973.78682,MW,DE,DE_LU,forecast_onshore_wind_generation,Wind Onshore,2026-08-10T05:27:26Z
2026-08-10T05:25:30Z,2026-08-10T07:25:30+0200,4362fe35-cfeb-4c3c-9399-26381c363872,2026-08-03T00:45:00Z,2026-08-03T02:45:00+0200,15781.82323,MW,DE,DE_LU,forecast_onshore_wind_generation,Wind Onshore,2026-08-10T05:27:26Z
2026-08-10T05:25:30Z,2026-08-10T07:25:30+0200,4362fe35-cfeb-4c3c-9399-26381c363872,2026-08-03T01:00:00Z,2026-08-03T03:00:00+0200,15583.64062,MW,DE,DE_LU,forecast_onshore_wind_generation,Wind Onshore,2026-08-10T05:27:26Z
2026-08-10T05:25:30Z,2026-08-10T07:25:30+0200,4362fe35-cfeb-4c3c-9399-26381c363872,2026-08-03T01:15:00Z,2026-08-03T03:15:00+0200,15362.18286,MW,DE,DE_LU,forecast_onshore_wind_generation,Wind Onshore,2026-08-10T05:27:26Z
2026-08-10T05:25:30Z,2026-08-10T07:25:30+0200,4362fe35-cfeb-4c3c-9399-26381c363872,2026-08-03T01:30:00Z,2026-08-03T03:30:00+0200,15133.7249,MW,DE,DE_LU,forecast_onshore_wind_generation,Wind Onshore,2026-08-10T05:27:26Z
2026-08-10T05:25:30Z,2026-08-10T07:25:30+0200,4362fe35-cfeb-4c3c-9399-26381c363872,2026-08-03T01:45:00Z,2026-08-03T03:45:00+0200,14905.13486,MW,DE,DE_LU,forecast_onshore_wind_generation,Wind Onshore,2026-08-10T05:27:26Z
2026-08-10T05:25:30Z,2026-08-10T07:25:30+0200,4362fe35-cfeb-4c3c-9399-26381c363872,2026-08-03T02:00:00Z,2026-08-03T04:00:00+0200,14683.0513,MW,DE,DE_LU,forecast_onshore_wind_generation,Wind Onshore,2026-08-10T05:27:26Z
2026-08-10T05:25:30Z,2026-08-10T07:25:30+0200,4362fe35-cfeb-4c3c-9399-26381c363872,2026-08-03T02:15:00Z,2026-08-03T04:15:00+0200,14477.86466,MW,DE,DE_LU,forecast_onshore_wind_generation,Wind Onshore,2026-08-10T05:27:26Z
2026-08-10T05:25:30Z,2026-08-10T07:25:30+0200,4362fe35-cfeb-4c3c-9399-26381c363872,2026-08-03T02:30:00Z,2026-08-03T04:30:00+0200,14272.82374,MW,DE,DE_LU,forecast_onshore_wind_generation,Wind Onshore,2026-08-10T05:27:26Z
2026-08-10T05:25:30Z,2026-08-10T07:25:30+0200,4362fe35-cfeb-4c3c-9399-26381c363872,2026-08-03T02:45:00Z,2026-08-03T04:45:00+0200,14066.66549,MW,DE,DE_LU,forecast_onshore_wind_generation,Wind Onshore,2026-08-10T05:27:26Z
2026-08-10T05:25:30Z,2026-08-10T07:25:30+0200,4362fe35-cfeb-4c3c-9399-26381c363872,2026-08-03T03:00:00Z,2026-08-03T05:00:00+0200,13868.93753,MW,DE,DE_LU,forecast_onshore_wind_generation,Wind Onshore,2026-08-10T05:27:26Z
2026-08-10T05:25:30Z,2026-08-10T07:25:30+0200,4362fe35-cfeb-4c3c-9399-26381c363872,2026-08-03T03:15:00Z,2026-08-03T05:15:00+0200,13727.49517,MW,DE,DE_LU,forecast_onshore_wind_generation,Wind Onshore,2026-08-10T05:27:26Z
2026-08-10T05:25:30Z,2026-08-10T07:25:30+0200,4362fe35-cfeb-4c3c-9399-26381c363872,2026-08-03T03:30:00Z,2026-08-03T05:30:00+0200,13592.12607,MW,DE,DE_LU,forecast_onshore_wind_generation,Wind Onshore,2026-08-10T05:27:26Z
2026-08-10T05:25:30Z,2026-08-10T07:25:30+0200,4362fe35-cfeb-4c3c-9399-26381c363872,2026-08-03T03:45:00Z,2026-08-03T05:45:00+0200,13466.801,MW,DE,DE_LU,forecast_onshore_wind_generation,Wind Onshore,2026-08-10T05:27:26Z
2026-08-10T05:25:30Z,2026-08-10T07:25:30+0200,4362fe35-cfeb-4c3c-9399-26381c363872,2026-08-03T04:00:00Z,2026-08-03T06:00:00+0200,13504.8427,MW,DE,DE_LU,forecast_onshore_wind_generation,Wind Onshore,2026-08-10T05:27:26Z
2026-08-10T05:25:30Z,2026-08-10T07:25:30+0200,4362fe35-cfeb-4c3c-9399-26381c363872,2026-08-03T04:15:00Z,2026-08-03T06:15:00+0200,13298.73112,MW,DE,DE_LU,forecast_onshore_wind_generation,Wind Onshore,2026-08-10T05:27:26Z
2026-08-10T05:25:30Z,2026-08-10T07:25:30+0200,4362fe35-cfeb-4c3c-9399-26381c363872,2026-08-03T04:30:00Z,2026-08-03T06:30:00+0200,13094.32709,MW,DE,DE_LU,forecast_onshore_wind_generation,Wind Onshore,2026-08-10T05:27:26Z
2026-08-10T05:25:30Z,2026-08-10T07:25:30+0200,4362fe35-cfeb-4c3c-9399-26381c363872,2026-08-03T04:45:00Z,2026-08-03T06:45:00+0200,12852.49246,MW,DE,DE_LU,forecast_onshore_wind_generation,Wind Onshore,2026-08-10T05:27:26Z
2026-08-10T05:25:30Z,2026-08-10T07:25:30+0200,4362fe35-cfeb-4c3c-9399-26381c363872,2026-08-03T05:00:00Z,2026-08-03T07:00:00+0200,12587.30241,MW,DE,DE_LU,forecast_onshore_wind_generation,Wind Onshore,2026-08-10T05:27:26Z
2026-08-10T05:25:30Z,2026-08-10T07:25:30+0200,4362fe35-cfeb-4c3c-9399-26381c363872,2026-08-03T05:15:00Z,2026-08-03T07:15:00+0200,11999.40552,MW,DE,DE_LU,forecast_onshore_wind_generation,Wind Onshore,2026-08-10T05:27:26Z
2026-08-10T05:25:30Z,2026-08-10T07:25:30+0200,4362fe35-cfeb-4c3c-9399-26381c363872,2026-08-03T05:30:00Z,2026-08-03T07:30:00+0200,11424.66599,MW,DE,DE_LU,forecast_onshore_wind_generation,Wind Onshore,2026-08-10T05:27:26Z
2026-08-10T05:25:30Z,2026-08-10T07:25:30+0200,4362fe35-cfeb-4c3c-9399-26381c363872,2026-08-03T05:45:00Z,2026-08-03T07:45:00+0200,10868.58242,MW,DE,DE_LU,forecast_onshore_wind_generation,Wind Onshore,2026-08-10T05:27:26Z
2026-08-10T05:25:30Z,2026-08-10T07:25:30+0200,4362fe35-cfeb-4c3c-9399-26381c363872,2026-08-03T06:00:00Z,2026-08-03T08:00:00+0200,10152.23669,MW,DE,DE_LU,forecast_onshore_wind_generation,Wind Onshore,2026-08-10T05:27:26Z
2026-08-10T05:25:30Z,2026-08-10T07:25:30+0200,4362fe35-cfeb-4c3c-9399-26381c363872,2026-08-03T06:15:00Z,2026-08-03T08:15:00+0200,9063.89486,MW,DE,DE_LU,forecast_onshore_wind_generation,Wind Onshore,2026-08-10T05:27:26Z
2026-08-10T05:25:30Z,2026-08-10T07:25:30+0200,4362fe35-cfeb-4c3c-9399-26381c363872,2026-08-03T06:30:00Z,2026-08-03T08:30:00+0200,8025.35242,MW,DE,DE_LU,forecast_onshore_wind_generation,Wind Onshore,2026-08-10T05:27:26Z
2026-08-10T05:25:30Z,2026-08-10T07:25:30+0200,4362fe35-cfeb-4c3c-9399-26381c363872,2026-08-03T06:45:00Z,2026-08-03T08:45:00+0200,7012.58913,MW,DE,DE_LU,forecast_onshore_wind_generation,Wind Onshore,2026-08-10T05:27:26Z
2026-08-10T05:25:30Z,2026-08-10T07:25:30+0200,4362fe35-cfeb-4c3c-9399-26381c363872,2026-08-03T07:00:00Z,2026-08-03T09:00:00+0200,6129.38168,MW,DE,DE_LU,forecast_onshore_wind_generation,Wind Onshore,2026-08-10T05:27:26Z
2026-08-10T05:25:30Z,2026-08-10T07:25:30+0200,4362fe35-cfeb-4c3c-9399-26381c363872,2026-08-03T07:15:00Z,2026-08-03T09:15:00+0200,5682.85789,MW,DE,DE_LU,forecast_onshore_wind_generation,Wind Onshore,2026-08-10T05:27:26Z
2026-08-10T05:25:30Z,2026-08-10T07:25:30+0200,4362fe35-cfeb-4c3c-9399-26381c363872,2026-08-03T07:30:00Z,2026-08-03T09:30:00+0200,5314.19681,MW,DE,DE_LU,forecast_onshore_wind_generation,Wind Onshore,2026-08-10T05:27:26Z
2026-08-10T05:25:30Z,2026-08-10T07:25:30+0200,4362fe35-cfeb-4c3c-9399-26381c363872,2026-08-03T07:45:00Z,2026-08-03T09:45:00+0200,4999.56826,MW,DE,DE_LU,forecast_onshore_wind_generation,Wind Onshore,2026-08-10T05:27:26Z
2026-08-10T05:25:30Z,2026-08-10T07:25:30+0200,4362fe35-cfeb-4c3c-9399-26381c363872,2026-08-03T08:00:00Z,2026-08-03T10:00:00+0200,4773.52899,MW,DE,DE_LU,forecast_onshore_wind_generation,Wind Onshore,2026-08-10T05:27:26Z
2026-08-10T05:25:30Z,2026-08-10T07:25:30+0200,4362fe35-cfeb-4c3c-9399-26381c363872,2026-08-03T08:15:00Z,2026-08-03T10:15:00+0200,4790.29525,MW,DE,DE_LU,forecast_onshore_wind_generation,Wind Onshore,2026-08-10T05:27:26Z
2026-08-10T05:25:30Z,2026-08-10T07:25:30+0200,4362fe35-cfeb-4c3c-9399-26381c363872,2026-08-03T08:30:00Z,2026-08-03T10:30:00+0200,4814.31843,MW,DE,DE_LU,forecast_onshore_wind_generation,Wind Onshore,2026-08-10T05:27:26Z
2026-08-10T05:25:30Z,2026-08-10T07:25:30+0200,4362fe35-cfeb-4c3c-9399-26381c363872,2026-08-03T08:45:00Z,2026-08-03T10:45:00+0200,4857.57477,MW,DE,DE_LU,forecast_onshore_wind_generation,Wind Onshore,2026-08-10T05:27:26Z
2026-08-10T05:25:30Z,2026-08-10T07:25:30+0200,4362fe35-cfeb-4c3c-9399-26381c363872,2026-08-03T09:00:00Z,2026-08-03T11:00:00+0200,4915.2365,MW,DE,DE_LU,forecast_onshore_wind_generation,Wind Onshore,2026-08-10T05:27:26Z
2026-08-10T05:25:30Z,2026-08-10T07:25:30+0200,4362fe35-cfeb-4c3c-9399-26381c363872,2026-08-03T09:15:00Z,2026-08-03T11:15:00+0200,5035.87119,MW,DE,DE_LU,forecast_onshore_wind_generation,Wind Onshore,2026-08-10T05:27:26Z
2026-08-10T05:25:30Z,2026-08-10T07:25:30+0200,4362fe35-cfeb-4c3c-9399-26381c363872,2026-08-03T09:30:00Z,2026-08-03T11:30:00+0200,5142.66024,MW,DE,DE_LU,forecast_onshore_wind_generation,Wind Onshore,2026-08-10T05:27:26Z
2026-08-10T05:25:30Z,2026-08-10T07:25:30+0200,4362fe35-cfeb-4c3c-9399-26381c363872,2026-08-03T09:45:00Z,2026-08-03T11:45:00+0200,5210.44913,MW,DE,DE_LU,forecast_onshore_wind_generation,Wind Onshore,2026-08-10T05:27:26Z
2026-08-10T05:25:30Z,2026-08-10T07:25:30+0200,4362fe35-cfeb-4c3c-9399-26381c363872,2026-08-03T10:00:00Z,2026-08-03T12:00:00+0200,5251.38425,MW,DE,DE_LU,forecast_onshore_wind_generation,Wind Onshore,2026-08-10T05:27:26Z
2026-08-10T05:25:30Z,2026-08-10T07:25:30+0200,4362fe35-cfeb-4c3c-9399-26381c363872,2026-08-03T10:15:00Z,2026-08-03T12:15:00+0200,5190.94093,MW,DE,DE_LU,forecast_onshore_wind_generation,Wind Onshore,2026-08-10T05:27:26Z
2026-08-10T05:25:30Z,2026-08-10T07:25:30+0200,4362fe35-cfeb-4c3c-9399-26381c363872,2026-08-03T10:30:00Z,2026-08-03T12:30:00+0200,5112.75532,MW,DE,DE_LU,forecast_onshore_wind_generation,Wind Onshore,2026-08-10T05:27:26Z
2026-08-10T05:25:30Z,2026-08-10T07:25:30+0200,4362fe35-cfeb-4c3c-9399-26381c363872,2026-08-03T10:45:00Z,2026-08-03T12:45:00+0200,5023.62604,MW,DE,DE_LU,forecast_onshore_wind_generation,Wind Onshore,2026-08-10T05:27:26Z
2026-08-10T05:25:30Z,2026-08-10T07:25:30+0200,4362fe35-cfeb-4c3c-9399-26381c363872,2026-08-03T11:00:00Z,2026-08-03T13:00:00+0200,4930.08888,MW,DE,DE_LU,forecast_onshore_wind_generation,Wind Onshore,2026-08-10T05:27:26Z
2026-08-10T05:25:30Z,2026-08-10T07:25:30+0200,4362fe35-cfeb-4c3c-9399-26381c363872,2026-08-03T11:15:00Z,2026-08-03T13:15:00+0200,4807.39623,MW,DE,DE_LU,forecast_onshore_wind_generation,Wind Onshore,2026-08-10T05:27:26Z
2026-08-10T05:25:30Z,2026-08-10T07:25:30+0200,4362fe35-cfeb-4c3c-9399-26381c363872,2026-08-03T11:30:00Z,2026-08-03T13:30:00+0200,4704.54804,MW,DE,DE_LU,forecast_onshore_wind_generation,Wind Onshore,2026-08-10T05:27:26Z
2026-08-10T05:25:30Z,2026-08-10T07:25:30+0200,4362fe35-cfeb-4c3c-9399-26381c363872,2026-08-03T11:45:00Z,2026-08-03T13:45:00+0200,4628.97608,MW,DE,DE_LU,forecast_onshore_wind_generation,Wind Onshore,2026-08-10T05:27:26Z
2026-08-10T05:25:30Z,2026-08-10T07:25:30+0200,4362fe35-cfeb-4c3c-9399-26381c363872,2026-08-03T12:00:00Z,2026-08-03T14:00:00+0200,4608.45949,MW,DE,DE_LU,forecast_onshore_wind_generation,Wind Onshore,2026-08-10T05:27:26Z
2026-08-10T05:25:30Z,2026-08-10T07:25:30+0200,4362fe35-cfeb-4c3c-9399-26381c363872,2026-08-03T12:15:00Z,2026-08-03T14:15:00+0200,4574.94195,MW,DE,DE_LU,forecast_onshore_wind_generation,Wind Onshore,2026-08-10T05:27:26Z
2026-08-10T05:25:30Z,2026-08-10T07:25:30+0200,4362fe35-cfeb-4c3c-9399-26381c363872,2026-08-03T12:30:00Z,2026-08-03T14:30:00+0200,4530.84753,MW,DE,DE_LU,forecast_onshore_wind_generation,Wind Onshore,2026-08-10T05:27:26Z
2026-08-10T05:25:30Z,2026-08-10T07:25:30+0200,4362fe35-cfeb-4c3c-9399-26381c363872,2026-08-03T12:45:00Z,2026-08-03T14:45:00+0200,4493.51756,MW,DE,DE_LU,forecast_onshore_wind_generation,Wind Onshore,2026-08-10T05:27:26Z
2026-08-10T05:25:30Z,2026-08-10T07:25:30+0200,4362fe35-cfeb-4c3c-9399-26381c363872,2026-08-03T13:00:00Z,2026-08-03T15:00:00+0200,4471.55394,MW,DE,DE_LU,forecast_onshore_wind_generation,Wind Onshore,2026-08-10T05:27:26Z
2026-08-10T05:25:30Z,2026-08-10T07:25:30+0200,4362fe35-cfeb-4c3c-9399-26381c363872,2026-08-03T13:15:00Z,2026-08-03T15:15:00+0200,4539.64995,MW,DE,DE_LU,forecast_onshore_wind_generation,Wind Onshore,2026-08-10T05:27:26Z
2026-08-10T05:25:30Z,2026-08-10T07:25:30+0200,4362fe35-cfeb-4c3c-9399-26381c363872,2026-08-03T13:30:00Z,2026-08-03T15:30:00+0200,4633.93929,MW,DE,DE_LU,forecast_onshore_wind_generation,Wind Onshore,2026-08-10T05:27:26Z
2026-08-10T05:25:30Z,2026-08-10T07:25:30+0200,4362fe35-cfeb-4c3c-9399-26381c363872,2026-08-03T13:45:00Z,2026-08-03T15:45:00+0200,4727.71445,MW,DE,DE_LU,forecast_onshore_wind_generation,Wind Onshore,2026-08-10T05:27:26Z
2026-08-10T05:25:30Z,2026-08-10T07:25:30+0200,4362fe35-cfeb-4c3c-9399-26381c363872,2026-08-03T14:00:00Z,2026-08-03T16:00:00+0200,4819.55404,MW,DE,DE_LU,forecast_onshore_wind_generation,Wind Onshore,2026-08-10T05:27:26Z
2026-08-10T05:25:30Z,2026-08-10T07:25:30+0200,4362fe35-cfeb-4c3c-9399-26381c363872,2026-08-03T14:15:00Z,2026-08-03T16:15:00+0200,5003.69257,MW,DE,DE_LU,forecast_onshore_wind_generation,Wind Onshore,2026-08-10T05:27:26Z
2026-08-10T05:25:30Z,2026-08-10T07:25:30+0200,4362fe35-cfeb-4c3c-9399-26381c363872,2026-08-03T14:30:00Z,2026-08-03T16:30:00+0200,5176.29548,MW,DE,DE_LU,forecast_onshore_wind_generation,Wind Onshore,2026-08-10T05:27:26Z
2026-08-10T05:25:30Z,2026-08-10T07:25:30+0200,4362fe35-cfeb-4c3c-9399-26381c363872,2026-08-03T14:45:00Z,2026-08-03T16:45:00+0200,5359.65283,MW,DE,DE_LU,forecast_onshore_wind_generation,Wind Onshore,2026-08-10T05:27:26Z
2026-08-10T05:25:30Z,2026-08-10T07:25:30+0200,4362fe35-cfeb-4c3c-9399-26381c363872,2026-08-03T15:00:00Z,2026-08-03T17:00:00+0200,5539.3537,MW,DE,DE_LU,forecast_onshore_wind_generation,Wind Onshore,2026-08-10T05:27:26Z
2026-08-10T05:25:30Z,2026-08-10T07:25:30+0200,4362fe35-cfeb-4c3c-9399-26381c363872,2026-08-03T15:15:00Z,2026-08-03T17:15:00+0200,5790.5263,MW,DE,DE_LU,forecast_onshore_wind_generation,Wind Onshore,2026-08-10T05:27:26Z
2026-08-10T05:25:30Z,2026-08-10T07:25:30+0200,4362fe35-cfeb-4c3c-9399-26381c363872,2026-08-03T15:30:00Z,2026-08-03T17:30:00+0200,6060.36123,MW,DE,DE_LU,forecast_onshore_wind_generation,Wind Onshore,2026-08-10T05:27:26Z
2026-08-10T05:25:30Z,2026-08-10T07:25:30+0200,4362fe35-cfeb-4c3c-9399-26381c363872,2026-08-03T15:45:00Z,2026-08-03T17:45:00+0200,6371.26415,MW,DE,DE_LU,forecast_onshore_wind_generation,Wind Onshore,2026-08-10T05:27:26Z
2026-08-10T05:25:30Z,2026-08-10T07:25:30+0200,4362fe35-cfeb-4c3c-9399-26381c363872,2026-08-03T16:00:00Z,2026-08-03T18:00:00+0200,6718.77807,MW,DE,DE_LU,forecast_onshore_wind_generation,Wind Onshore,2026-08-10T05:27:26Z
2026-08-10T05:25:30Z,2026-08-10T07:25:30+0200,4362fe35-cfeb-4c3c-9399-26381c363872,2026-08-03T16:15:00Z,2026-08-03T18:15:00+0200,7109.54638,MW,DE,DE_LU,forecast_onshore_wind_generation,Wind Onshore,2026-08-10T05:27:26Z
2026-08-10T05:25:30Z,2026-08-10T07:25:30+0200,4362fe35-cfeb-4c3c-9399-26381c363872,2026-08-03T16:30:00Z,2026-08-03T18:30:00+0200,7514.30328,MW,DE,DE_LU,forecast_onshore_wind_generation,Wind Onshore,2026-08-10T05:27:26Z
2026-08-10T05:25:30Z,2026-08-10T07:25:30+0200,4362fe35-cfeb-4c3c-9399-26381c363872,2026-08-03T16:45:00Z,2026-08-03T18:45:00+0200,7934.85405,MW,DE,DE_LU,forecast_onshore_wind_generation,Wind Onshore,2026-08-10T05:27:26Z
2026-08-10T05:25:30Z,2026-08-10T07:25:30+0200,4362fe35-cfeb-4c3c-9399-26381c363872,2026-08-03T17:00:00Z,2026-08-03T19:00:00+0200,8345.91338,MW,DE,DE_LU,forecast_onshore_wind_generation,Wind Onshore,2026-08-10T05:27:26Z
2026-08-10T05:25:30Z,2026-08-10T07:25:30+0200,4362fe35-cfeb-4c3c-9399-26381c363872,2026-08-03T17:15:00Z,2026-08-03T19:15:00+0200,8871.85931,MW,DE,DE_LU,forecast_onshore_wind_generation,Wind Onshore,2026-08-10T05:27:26Z
2026-08-10T05:25:30Z,2026-08-10T07:25:30+0200,4362fe35-cfeb-4c3c-9399-26381c363872,2026-08-03T17:30:00Z,2026-08-03T19:30:00+0200,9374.26426,MW,DE,DE_LU,forecast_onshore_wind_generation,Wind Onshore,2026-08-10T05:27:26Z
2026-08-10T05:25:30Z,2026-08-10T07:25:30+0200,4362fe35-cfeb-4c3c-9399-26381c363872,2026-08-03T17:45:00Z,2026-08-03T19:45:00+0200,9928.93946,MW,DE,DE_LU,forecast_onshore_wind_generation,Wind Onshore,2026-08-10T05:27:26Z
2026-08-10T05:25:30Z,2026-08-10T07:25:30+0200,4362fe35-cfeb-4c3c-9399-26381c363872,2026-08-03T18:00:00Z,2026-08-03T20:00:00+0200,10483.70412,MW,DE,DE_LU,forecast_onshore_wind_generation,Wind Onshore,2026-08-10T05:27:26Z
2026-08-10T05:25:30Z,2026-08-10T07:25:30+0200,4362fe35-cfeb-4c3c-9399-26381c363872,2026-08-03T18:15:00Z,2026-08-03T20:15:00+0200,11278.31912,MW,DE,DE_LU,forecast_onshore_wind_generation,Wind Onshore,2026-08-10T05:27:26Z
2026-08-10T05:25:30Z,2026-08-10T07:25:30+0200,4362fe35-cfeb-4c3c-9399-26381c363872,2026-08-03T18:30:00Z,2026-08-03T20:30:00+0200,12050.23098,MW,DE,DE_LU,forecast_onshore_wind_generation,Wind Onshore,2026-08-10T05:27:26Z
2026-08-10T05:25:30Z,2026-08-10T07:25:30+0200,4362fe35-cfeb-4c3c-9399-26381c363872,2026-08-03T18:45:00Z,2026-08-03T20:45:00+0200,12714.43593,MW,DE,DE_LU,forecast_onshore_wind_generation,Wind Onshore,2026-08-10T05:27:26Z
2026-08-10T05:25:30Z,2026-08-10T07:25:30+0200,4362fe35-cfeb-4c3c-9399-26381c363872,2026-08-03T19:00:00Z,2026-08-03T21:00:00+0200,13124.78749,MW,DE,DE_LU,forecast_onshore_wind_generation,Wind Onshore,2026-08-10T05:27:26Z
2026-08-10T05:25:30Z,2026-08-10T07:25:30+0200,4362fe35-cfeb-4c3c-9399-26381c363872,2026-08-03T19:15:00Z,2026-08-03T21:15:00+0200,13473.57702,MW,DE,DE_LU,forecast_onshore_wind_generation,Wind Onshore,2026-08-10T05:27:26Z
2026-08-10T05:25:30Z,2026-08-10T07:25:30+0200,4362fe35-cfeb-4c3c-9399-26381c363872,2026-08-03T19:30:00Z,2026-08-03T21:30:00+0200,13894.86444,MW,DE,DE_LU,forecast_onshore_wind_generation,Wind Onshore,2026-08-10T05:27:26Z
2026-08-10T05:25:30Z,2026-08-10T07:25:30+0200,4362fe35-cfeb-4c3c-9399-26381c363872,2026-08-03T19:45:00Z,2026-08-03T21:45:00+0200,14312.96071,MW,DE,DE_LU,forecast_onshore_wind_generation,Wind Onshore,2026-08-10T05:27:26Z
2026-08-10T05:25:30Z,2026-08-10T07:25:30+0200,4362fe35-cfeb-4c3c-9399-26381c363872,2026-08-03T20:00:00Z,2026-08-03T22:00:00+0200,14469.93011,MW,DE,DE_LU,forecast_onshore_wind_generation,Wind Onshore,2026-08-10T05:27:26Z
2026-08-10T05:25:30Z,2026-08-10T07:25:30+0200,4362fe35-cfeb-4c3c-9399-26381c363872,2026-08-03T20:15:00Z,2026-08-03T22:15:00+0200,14608.00404,MW,DE,DE_LU,forecast_onshore_wind_generation,Wind Onshore,2026-08-10T05:27:26Z
2026-08-10T05:25:30Z,2026-08-10T07:25:30+0200,4362fe35-cfeb-4c3c-9399-26381c363872,2026-08-03T20:30:00Z,2026-08-03T22:30:00+0200,14730.23924,MW,DE,DE_LU,forecast_onshore_wind_generation,Wind Onshore,2026-08-10T05:27:26Z
2026-08-10T05:25:30Z,2026-08-10T07:25:30+0200,4362fe35-cfeb-4c3c-9399-26381c363872,2026-08-03T20:45:00Z,2026-08-03T22:45:00+0200,14831.42945,MW,DE,DE_LU,forecast_onshore_wind_generation,Wind Onshore,2026-08-10T05:27:26Z
2026-08-10T05:25:30Z,2026-08-10T07:25:30+0200,4362fe35-cfeb-4c3c-9399-26381c363872,2026-08-03T21:00:00Z,2026-08-03T23:00:00+0200,14926.92005,MW,DE,DE_LU,forecast_onshore_wind_generation,Wind Onshore,2026-08-10T05:27:26Z
2026-08-10T05:25:30Z,2026-08-10T07:25:30+0200,4362fe35-cfeb-4c3c-9399-26381c363872,2026-08-03T21:15:00Z,2026-08-03T23:15:00+0200,14706.4037,MW,DE,DE_LU,forecast_onshore_wind_generation,Wind Onshore,2026-08-10T05:27:26Z
2026-08-10T05:25:30Z,2026-08-10T07:25:30+0200,4362fe35-cfeb-4c3c-9399-26381c363872,2026-08-03T21:30:00Z,2026-08-03T23:30:00+0200,14482.74903,MW,DE,DE_LU,forecast_onshore_wind_generation,Wind Onshore,2026-08-10T05:27:26Z
2026-08-10T05:25:30Z,2026-08-10T07:25:30+0200,4362fe35-cfeb-4c3c-9399-26381c363872,2026-08-03T21:45:00Z,2026-08-03T23:45:00+0200,14258.81573,MW,DE,DE_LU,forecast_onshore_wind_generation,Wind Onshore,2026-08-10T05:27:26Z
2026-08-10T05:25:30Z,2026-08-10T07:25:30+0200,4362fe35-cfeb-4c3c-9399-26381c363872,2026-08-03T22:00:00Z,2026-08-04T00:00:00+0200,14423.72087,MW,DE,DE_LU,forecast_onshore_wind_generation,Wind Onshore,2026-08-10T05:27:26Z
2026-08-10T05:25:30Z,2026-08-10T07:25:30+0200,4362fe35-cfeb-4c3c-9399-26381c363872,2026-08-03T22:15:00Z,2026-08-04T00:15:00+0200,14203.76954,MW,DE,DE_LU,forecast_onshore_wind_generation,Wind Onshore,2026-08-10T05:27:26Z
2026-08-10T05:25:30Z,2026-08-10T07:25:30+0200,4362fe35-cfeb-4c3c-9399-26381c363872,2026-08-03T22:30:00Z,2026-08-04T00:30:00+0200,13987.00047,MW,DE,DE_LU,forecast_onshore_wind_generation,Wind Onshore,2026-08-10T05:27:26Z
2026-08-10T05:25:30Z,2026-08-10T07:25:30+0200,4362fe35-cfeb-4c3c-9399-26381c363872,2026-08-03T22:45:00Z,2026-08-04T00:45:00+0200,13784.2007,MW,DE,DE_LU,forecast_onshore_wind_generation,Wind Onshore,2026-08-10T05:27:26Z
2026-08-10T05:25:30Z,2026-08-10T07:25:30+0200,4362fe35-cfeb-4c3c-9399-26381c363872,2026-08-03T23:00:00Z,2026-08-04T01:00:00+0200,13574.37428,MW,DE,DE_LU,forecast_onshore_wind_generation,Wind Onshore,2026-08-10T05:27:26Z
2026-08-10T05:25:30Z,2026-08-10T07:25:30+0200,4362fe35-cfeb-4c3c-9399-26381c363872,2026-08-03T23:15:00Z,2026-08-04T01:15:00+0200,13382.06373,MW,DE,DE_LU,forecast_onshore_wind_generation,Wind Onshore,2026-08-10T05:27:26Z
2026-08-10T05:25:30Z,2026-08-10T07:25:30+0200,4362fe35-cfeb-4c3c-9399-26381c363872,2026-08-03T23:30:00Z,2026-08-04T01:30:00+0200,13210.12372,MW,DE,DE_LU,forecast_onshore_wind_generation,Wind Onshore,2026-08-10T05:27:26Z
2026-08-10T05:25:30Z,2026-08-10T07:25:30+0200,4362fe35-cfeb-4c3c-9399-26381c363872,2026-08-03T23:45:00Z,2026-08-04T01:45:00+0200,13029.25258,MW,DE,DE_LU,forecast_onshore_wind_generation,Wind Onshore,2026-08-10T05:27:26Z
2026-08-10T05:25:30Z,2026-08-10T07:25:30+0200,4362fe35-cfeb-4c3c-9399-26381c363872,2026-08-04T00:00:00Z,2026-08-04T02:00:00+0200,12847.04483,MW,DE,DE_LU,forecast_onshore_wind_generation,Wind Onshore,2026-08-10T05:27:26Z
2026-08-10T05:25:30Z,2026-08-10T07:25:30+0200,4362fe35-cfeb-4c3c-9399-26381c363872,2026-08-04T00:15:00Z,2026-08-04T02:15:00+0200,12611.78859,MW,DE,DE_LU,forecast_onshore_wind_generation,Wind Onshore,2026-08-10T05:27:26Z
2026-08-10T05:25:30Z,2026-08-10T07:25:30+0200,4362fe35-cfeb-4c3c-9399-26381c363872,2026-08-04T00:30:00Z,2026-08-04T02:30:00+0200,12359.91155,MW,DE,DE_LU,forecast_onshore_wind_generation,Wind Onshore,2026-08-10T05:27:26Z
2026-08-10T05:25:30Z,2026-08-10T07:25:30+0200,4362fe35-cfeb-4c3c-9399-26381c363872,2026-08-04T00:45:00Z,2026-08-04T02:45:00+0200,12094.10882,MW,DE,DE_LU,forecast_onshore_wind_generation,Wind Onshore,2026-08-10T05:27:26Z
2026-08-10T05:25:30Z,2026-08-10T07:25:30+0200,4362fe35-cfeb-4c3c-9399-26381c363872,2026-08-04T01:00:00Z,2026-08-04T03:00:00+0200,11813.93828,MW,DE,DE_LU,forecast_onshore_wind_generation,Wind Onshore,2026-08-10T05:27:26Z
2026-08-10T05:25:30Z,2026-08-10T07:25:30+0200,4362fe35-cfeb-4c3c-9399-26381c363872,2026-08-04T01:15:00Z,2026-08-04T03:15:00+0200,11573.60837,MW,DE,DE_LU,forecast_onshore_wind_generation,Wind Onshore,2026-08-10T05:27:26Z
2026-08-10T05:25:30Z,2026-08-10T07:25:30+0200,4362fe35-cfeb-4c3c-9399-26381c363872,2026-08-04T01:30:00Z,2026-08-04T03:30:00+0200,11334.11112,MW,DE,DE_LU,forecast_onshore_wind_generation,Wind Onshore,2026-08-10T05:27:26Z
2026-08-10T05:25:30Z,2026-08-10T07:25:30+0200,4362fe35-cfeb-4c3c-9399-26381c363872,2026-08-04T01:45:00Z,2026-08-04T03:45:00+0200,11110.98669,MW,DE,DE_LU,forecast_onshore_wind_generation,Wind Onshore,2026-08-10T05:27:26Z
2026-08-10T05:25:30Z,2026-08-10T07:25:30+0200,4362fe35-cfeb-4c3c-9399-26381c363872,2026-08-04T02:00:00Z,2026-08-04T04:00:00+0200,10884.74407,MW,DE,DE_LU,forecast_onshore_wind_generation,Wind Onshore,2026-08-10T05:27:26Z
2026-08-10T05:25:30Z,2026-08-10T07:25:30+0200,4362fe35-cfeb-4c3c-9399-26381c363872,2026-08-04T02:15:00Z,2026-08-04T04:15:00+0200,10704.32281,MW,DE,DE_LU,forecast_onshore_wind_generation,Wind Onshore,2026-08-10T05:27:26Z
2026-08-10T05:25:30Z,2026-08-10T07:25:30+0200,4362fe35-cfeb-4c3c-9399-26381c363872,2026-08-04T02:30:00Z,2026-08-04T04:30:00+0200,10526.16484,MW,DE,DE_LU,forecast_onshore_wind_generation,Wind Onshore,2026-08-10T05:27:26Z
2026-08-10T05:25:30Z,2026-08-10T07:25:30+0200,4362fe35-cfeb-4c3c-9399-26381c363872,2026-08-04T02:45:00Z,2026-08-04T04:45:00+0200,10342.78847,MW,DE,DE_LU,forecast_onshore_wind_generation,Wind Onshore,2026-08-10T05:27:26Z
2026-08-10T05:25:30Z,2026-08-10T07:25:30+0200,4362fe35-cfeb-4c3c-9399-26381c363872,2026-08-04T03:00:00Z,2026-08-04T05:00:00+0200,10174.08876,MW,DE,DE_LU,forecast_onshore_wind_generation,Wind Onshore,2026-08-10T05:27:26Z
2026-08-10T05:25:30Z,2026-08-10T07:25:30+0200,4362fe35-cfeb-4c3c-9399-26381c363872,2026-08-04T03:15:00Z,2026-08-04T05:15:00+0200,10038.36903,MW,DE,DE_LU,forecast_onshore_wind_generation,Wind Onshore,2026-08-10T05:27:26Z
2026-08-10T05:25:30Z,2026-08-10T07:25:30+0200,4362fe35-cfeb-4c3c-9399-26381c363872,2026-08-04T03:30:00Z,2026-08-04T05:30:00+0200,9909.76046,MW,DE,DE_LU,forecast_onshore_wind_generation,Wind Onshore,2026-08-10T05:27:26Z
2026-08-10T05:25:30Z,2026-08-10T07:25:30+0200,4362fe35-cfeb-4c3c-9399-26381c363872,2026-08-04T03:45:00Z,2026-08-04T05:45:00+0200,9771.08341,MW,DE,DE_LU,forecast_onshore_wind_generation,Wind Onshore,2026-08-10T05:27:26Z
2026-08-10T05:25:30Z,2026-08-10T07:25:30+0200,4362fe35-cfeb-4c3c-9399-26381c363872,2026-08-04T04:00:00Z,2026-08-04T06:00:00+0200,9796.06653,MW,DE,DE_LU,forecast_onshore_wind_generation,Wind Onshore,2026-08-10T05:27:26Z
2026-08-10T05:25:30Z,2026-08-10T07:25:30+0200,4362fe35-cfeb-4c3c-9399-26381c363872,2026-08-04T04:15:00Z,2026-08-04T06:15:00+0200,9554.61324,MW,DE,DE_LU,forecast_onshore_wind_generation,Wind Onshore,2026-08-10T05:27:26Z
2026-08-10T05:25:30Z,2026-08-10T07:25:30+0200,4362fe35-cfeb-4c3c-9399-26381c363872,2026-08-04T04:30:00Z,2026-08-04T06:30:00+0200,9317.63938,MW,DE,DE_LU,forecast_onshore_wind_generation,Wind Onshore,2026-08-10T05:27:26Z
2026-08-10T05:25:30Z,2026-08-10T07:25:30+0200,4362fe35-cfeb-4c3c-9399-26381c363872,2026-08-04T04:45:00Z,2026-08-04T06:45:00+0200,9069.18702,MW,DE,DE_LU,forecast_onshore_wind_generation,Wind Onshore,2026-08-10T05:27:26Z
2026-08-10T05:25:30Z,2026-08-10T07:25:30+0200,4362fe35-cfeb-4c3c-9399-26381c363872,2026-08-04T05:00:00Z,2026-08-04T07:00:00+0200,8768.3062,MW,DE,DE_LU,forecast_onshore_wind_generation,Wind Onshore,2026-08-10T05:27:26Z
2026-08-10T05:25:30Z,2026-08-10T07:25:30+0200,4362fe35-cfeb-4c3c-9399-26381c363872,2026-08-04T05:15:00Z,2026-08-04T07:15:00+0200,8443.08818,MW,DE,DE_LU,forecast_onshore_wind_generation,Wind Onshore,2026-08-10T05:27:26Z
2026-08-10T05:25:30Z,2026-08-10T07:25:30+0200,4362fe35-cfeb-4c3c-9399-26381c363872,2026-08-04T05:30:00Z,2026-08-04T07:30:00+0200,8093.42363,MW,DE,DE_LU,forecast_onshore_wind_generation,Wind Onshore,2026-08-10T05:27:26Z
2026-08-10T05:25:30Z,2026-08-10T07:25:30+0200,4362fe35-cfeb-4c3c-9399-26381c363872,2026-08-04T05:45:00Z,2026-08-04T07:45:00+0200,7727.01378,MW,DE,DE_LU,forecast_onshore_wind_generation,Wind Onshore,2026-08-10T05:27:26Z
2026-08-10T05:25:30Z,2026-08-10T07:25:30+0200,4362fe35-cfeb-4c3c-9399-26381c363872,2026-08-04T06:00:00Z,2026-08-04T08:00:00+0200,7279.58616,MW,DE,DE_LU,forecast_onshore_wind_generation,Wind Onshore,2026-08-10T05:27:26Z
2026-08-10T05:25:30Z,2026-08-10T07:25:30+0200,4362fe35-cfeb-4c3c-9399-26381c363872,2026-08-04T06:15:00Z,2026-08-04T08:15:00+0200,6788.34655,MW,DE,DE_LU,forecast_onshore_wind_generation,Wind Onshore,2026-08-10T05:27:26Z
2026-08-10T05:25:30Z,2026-08-10T07:25:30+0200,4362fe35-cfeb-4c3c-9399-26381c363872,2026-08-04T06:30:00Z,2026-08-04T08:30:00+0200,6238.61716,MW,DE,DE_LU,forecast_onshore_wind_generation,Wind Onshore,2026-08-10T05:27:26Z
2026-08-10T05:25:30Z,2026-08-10T07:25:30+0200,4362fe35-cfeb-4c3c-9399-26381c363872,2026-08-04T06:45:00Z,2026-08-04T08:45:00+0200,5776.50668,MW,DE,DE_LU,forecast_onshore_wind_generation,Wind Onshore,2026-08-10T05:27:26Z
2026-08-10T05:25:30Z,2026-08-10T07:25:30+0200,4362fe35-cfeb-4c3c-9399-26381c363872,2026-08-04T07:00:00Z,2026-08-04T09:00:00+0200,5398.8283,MW,DE,DE_LU,forecast_onshore_wind_generation,Wind Onshore,2026-08-10T05:27:26Z
2026-08-10T05:25:30Z,2026-08-10T07:25:30+0200,4362fe35-cfeb-4c3c-9399-26381c363872,2026-08-04T07:15:00Z,2026-08-04T09:15:00+0200,5027.32002,MW,DE,DE_LU,forecast_onshore_wind_generation,Wind Onshore,2026-08-10T05:27:26Z
2026-08-10T05:25:30Z,2026-08-10T07:25:30+0200,4362fe35-cfeb-4c3c-9399-26381c363872,2026-08-04T07:30:00Z,2026-08-04T09:30:00+0200,4676.64419,MW,DE,DE_LU,forecast_onshore_wind_generation,Wind Onshore,2026-08-10T05:27:26Z
2026-08-10T05:25:30Z,2026-08-10T07:25:30+0200,4362fe35-cfeb-4c3c-9399-26381c363872,2026-08-04T07:45:00Z,2026-08-04T09:45:00+0200,4354.47868,MW,DE,DE_LU,forecast_onshore_wind_generation,Wind Onshore,2026-08-10T05:27:26Z
2026-08-10T05:25:30Z,2026-08-10T07:25:30+0200,4362fe35-cfeb-4c3c-9399-26381c363872,2026-08-04T08:00:00Z,2026-08-04T10:00:00+0200,4036.29363,MW,DE,DE_LU,forecast_onshore_wind_generation,Wind Onshore,2026-08-10T05:27:26Z
2026-08-10T05:25:30Z,2026-08-10T07:25:30+0200,4362fe35-cfeb-4c3c-9399-26381c363872,2026-08-04T08:15:00Z,2026-08-04T10:15:00+0200,3919.00726,MW,DE,DE_LU,forecast_onshore_wind_generation,Wind Onshore,2026-08-10T05:27:26Z
2026-08-10T05:25:30Z,2026-08-10T07:25:30+0200,4362fe35-cfeb-4c3c-9399-26381c363872,2026-08-04T08:30:00Z,2026-08-04T10:30:00+0200,3792.30016,MW,DE,DE_LU,forecast_onshore_wind_generation,Wind Onshore,2026-08-10T05:27:26Z
2026-08-10T05:25:30Z,2026-08-10T07:25:30+0200,4362fe35-cfeb-4c3c-9399-26381c363872,2026-08-04T08:45:00Z,2026-08-04T10:45:00+0200,3659.62722,MW,DE,DE_LU,forecast_onshore_wind_generation,Wind Onshore,2026-08-10T05:27:26Z
2026-08-10T05:25:30Z,2026-08-10T07:25:30+0200,4362fe35-cfeb-4c3c-9399-26381c363872,2026-08-04T09:00:00Z,2026-08-04T11:00:00+0200,3539.37627,MW,DE,DE_LU,forecast_onshore_wind_generation,Wind Onshore,2026-08-10T05:27:26Z
2026-08-10T05:25:30Z,2026-08-10T07:25:30+0200,4362fe35-cfeb-4c3c-9399-26381c363872,2026-08-04T09:15:00Z,2026-08-04T11:15:00+0200,3534.70646,MW,DE,DE_LU,forecast_onshore_wind_generation,Wind Onshore,2026-08-10T05:27:26Z
2026-08-10T05:25:30Z,2026-08-10T07:25:30+0200,4362fe35-cfeb-4c3c-9399-26381c363872,2026-08-04T09:30:00Z,2026-08-04T11:30:00+0200,3531.01623,MW,DE,DE_LU,forecast_onshore_wind_generation,Wind Onshore,2026-08-10T05:27:26Z
2026-08-10T05:25:30Z,2026-08-10T07:25:30+0200,4362fe35-cfeb-4c3c-9399-26381c363872,2026-08-04T09:45:00Z,2026-08-04T11:45:00+0200,3538.16271,MW,DE,DE_LU,forecast_onshore_wind_generation,Wind Onshore,2026-08-10T05:27:26Z
2026-08-10T05:25:30Z,2026-08-10T07:25:30+0200,4362fe35-cfeb-4c3c-9399-26381c363872,2026-08-04T10:00:00Z,2026-08-04T12:00:00+0200,3558.76114,MW,DE,DE_LU,forecast_onshore_wind_generation,Wind Onshore,2026-08-10T05:27:26Z
2026-08-10T05:25:30Z,2026-08-10T07:25:30+0200,4362fe35-cfeb-4c3c-9399-26381c363872,2026-08-04T10:15:00Z,2026-08-04T12:15:00+0200,3703.85742,MW,DE,DE_LU,forecast_onshore_wind_generation,Wind Onshore,2026-08-10T05:27:26Z
2026-08-10T05:25:30Z,2026-08-10T07:25:30+0200,4362fe35-cfeb-4c3c-9399-26381c363872,2026-08-04T10:30:00Z,2026-08-04T12:30:00+0200,3847.14081,MW,DE,DE_LU,forecast_onshore_wind_generation,Wind Onshore,2026-08-10T05:27:26Z
2026-08-10T05:25:30Z,2026-08-10T07:25:30+0200,4362fe35-cfeb-4c3c-9399-26381c363872,2026-08-04T10:45:00Z,2026-08-04T12:45:00+0200,3987.26506,MW,DE,DE_LU,forecast_onshore_wind_generation,Wind Onshore,2026-08-10T05:27:26Z
2026-08-10T05:25:30Z,2026-08-10T07:25:30+0200,4362fe35-cfeb-4c3c-9399-26381c363872,2026-08-04T11:00:00Z,2026-08-04T13:00:00+0200,4133.66828,MW,DE,DE_LU,forecast_onshore_wind_generation,Wind Onshore,2026-08-10T05:27:26Z
2026-08-10T05:25:30Z,2026-08-10T07:25:30+0200,4362fe35-cfeb-4c3c-9399-26381c363872,2026-08-04T11:15:00Z,2026-08-04T13:15:00+0200,4285.85654,MW,DE,DE_LU,forecast_onshore_wind_generation,Wind Onshore,2026-08-10T05:27:26Z
2026-08-10T05:25:30Z,2026-08-10T07:25:30+0200,4362fe35-cfeb-4c3c-9399-26381c363872,2026-08-04T11:30:00Z,2026-08-04T13:30:00+0200,4434.46076,MW,DE,DE_LU,forecast_onshore_wind_generation,Wind Onshore,2026-08-10T05:27:26Z
2026-08-10T05:25:30Z,2026-08-10T07:25:30+0200,4362fe35-cfeb-4c3c-9399-26381c363872,2026-08-04T11:45:00Z,2026-08-04T13:45:00+0200,4588.74193,MW,DE,DE_LU,forecast_onshore_wind_generation,Wind Onshore,2026-08-10T05:27:26Z
2026-08-10T05:25:30Z,2026-08-10T07:25:30+0200,4362fe35-cfeb-4c3c-9399-26381c363872,2026-08-04T12:00:00Z,2026-08-04T14:00:00+0200,4784.6333,MW,DE,DE_LU,forecast_onshore_wind_generation,Wind Onshore,2026-08-10T05:27:26Z
2026-08-10T05:25:30Z,2026-08-10T07:25:30+0200,4362fe35-cfeb-4c3c-9399-26381c363872,2026-08-04T12:15:00Z,2026-08-04T14:15:00+0200,4950.35893,MW,DE,DE_LU,forecast_onshore_wind_generation,Wind Onshore,2026-08-10T05:27:26Z
2026-08-10T05:25:30Z,2026-08-10T07:25:30+0200,4362fe35-cfeb-4c3c-9399-26381c363872,2026-08-04T12:30:00Z,2026-08-04T14:30:00+0200,5105.21982,MW,DE,DE_LU,forecast_onshore_wind_generation,Wind Onshore,2026-08-10T05:27:26Z
2026-08-10T05:25:30Z,2026-08-10T07:25:30+0200,4362fe35-cfeb-4c3c-9399-26381c363872,2026-08-04T12:45:00Z,2026-08-04T14:45:00+0200,5259.62156,MW,DE,DE_LU,forecast_onshore_wind_generation,Wind Onshore,2026-08-10T05:27:26Z
2026-08-10T05:25:30Z,2026-08-10T07:25:30+0200,4362fe35-cfeb-4c3c-9399-26381c363872,2026-08-04T13:00:00Z,2026-08-04T15:00:00+0200,5411.38736,MW,DE,DE_LU,forecast_onshore_wind_generation,Wind Onshore,2026-08-10T05:27:26Z
2026-08-10T05:25:30Z,2026-08-10T07:25:30+0200,4362fe35-cfeb-4c3c-9399-26381c363872,2026-08-04T13:15:00Z,2026-08-04T15:15:00+0200,5524.52711,MW,DE,DE_LU,forecast_onshore_wind_generation,Wind Onshore,2026-08-10T05:27:26Z
2026-08-10T05:25:30Z,2026-08-10T07:25:30+0200,4362fe35-cfeb-4c3c-9399-26381c363872,2026-08-04T13:30:00Z,2026-08-04T15:30:00+0200,5640.48659,MW,DE,DE_LU,forecast_onshore_wind_generation,Wind Onshore,2026-08-10T05:27:26Z
2026-08-10T05:25:30Z,2026-08-10T07:25:30+0200,4362fe35-cfeb-4c3c-9399-26381c363872,2026-08-04T13:45:00Z,2026-08-04T15:45:00+0200,5736.81389,MW,DE,DE_LU,forecast_onshore_wind_generation,Wind Onshore,2026-08-10T05:27:26Z
2026-08-10T05:25:30Z,2026-08-10T07:25:30+0200,4362fe35-cfeb-4c3c-9399-26381c363872,2026-08-04T14:00:00Z,2026-08-04T16:00:00+0200,5811.88235,MW,DE,DE_LU,forecast_onshore_wind_generation,Wind Onshore,2026-08-10T05:27:26Z
2026-08-10T05:25:30Z,2026-08-10T07:25:30+0200,4362fe35-cfeb-4c3c-9399-26381c363872,2026-08-04T14:15:00Z,2026-08-04T16:15:00+0200,5857.26418,MW,DE,DE_LU,forecast_onshore_wind_generation,Wind Onshore,2026-08-10T05:27:26Z
2026-08-10T05:25:30Z,2026-08-10T07:25:30+0200,4362fe35-cfeb-4c3c-9399-26381c363872,2026-08-04T14:30:00Z,2026-08-04T16:30:00+0200,5904.17533,MW,DE,DE_LU,forecast_onshore_wind_generation,Wind Onshore,2026-08-10T05:27:26Z
2026-08-10T05:25:30Z,2026-08-10T07:25:30+0200,4362fe35-cfeb-4c3c-9399-26381c363872,2026-08-04T14:45:00Z,2026-08-04T16:45:00+0200,5952.93125,MW,DE,DE_LU,forecast_onshore_wind_generation,Wind Onshore,2026-08-10T05:27:26Z
2026-08-10T05:25:30Z,2026-08-10T07:25:30+0200,4362fe35-cfeb-4c3c-9399-26381c363872,2026-08-04T15:00:00Z,2026-08-04T17:00:00+0200,5995.65538,MW,DE,DE_LU,forecast_onshore_wind_generation,Wind Onshore,2026-08-10T05:27:26Z
2026-08-10T05:25:30Z,2026-08-10T07:25:30+0200,4362fe35-cfeb-4c3c-9399-26381c363872,2026-08-04T15:15:00Z,2026-08-04T17:15:00+0200,6011.76912,MW,DE,DE_LU,forecast_onshore_wind_generation,Wind Onshore,2026-08-10T05:27:26Z
2026-08-10T05:25:30Z,2026-08-10T07:25:30+0200,4362fe35-cfeb-4c3c-9399-26381c363872,2026-08-04T15:30:00Z,2026-08-04T17:30:00+0200,6040.51769,MW,DE,DE_LU,forecast_onshore_wind_generation,Wind Onshore,2026-08-10T05:27:26Z
2026-08-10T05:25:30Z,2026-08-10T07:25:30+0200,4362fe35-cfeb-4c3c-9399-26381c363872,2026-08-04T15:45:00Z,2026-08-04T17:45:00+0200,6070.31244,MW,DE,DE_LU,forecast_onshore_wind_generation,Wind Onshore,2026-08-10T05:27:26Z
2026-08-10T05:25:30Z,2026-08-10T07:25:30+0200,4362fe35-cfeb-4c3c-9399-26381c363872,2026-08-04T16:00:00Z,2026-08-04T18:00:00+0200,6097.78987,MW,DE,DE_LU,forecast_onshore_wind_generation,Wind Onshore,2026-08-10T05:27:26Z
2026-08-10T05:25:30Z,2026-08-10T07:25:30+0200,4362fe35-cfeb-4c3c-9399-26381c363872,2026-08-04T16:15:00Z,2026-08-04T18:15:00+0200,6046.84477,MW,DE,DE_LU,forecast_onshore_wind_generation,Wind Onshore,2026-08-10T05:27:26Z
2026-08-10T05:25:30Z,2026-08-10T07:25:30+0200,4362fe35-cfeb-4c3c-9399-26381c363872,2026-08-04T16:30:00Z,2026-08-04T18:30:00+0200,5998.76968,MW,DE,DE_LU,forecast_onshore_wind_generation,Wind Onshore,2026-08-10T05:27:26Z
2026-08-10T05:25:30Z,2026-08-10T07:25:30+0200,4362fe35-cfeb-4c3c-9399-26381c363872,2026-08-04T16:45:00Z,2026-08-04T18:45:00+0200,5963.54971,MW,DE,DE_LU,forecast_onshore_wind_generation,Wind Onshore,2026-08-10T05:27:26Z
2026-08-10T05:25:30Z,2026-08-10T07:25:30+0200,4362fe35-cfeb-4c3c-9399-26381c363872,2026-08-04T17:00:00Z,2026-08-04T19:00:00+0200,5939.32516,MW,DE,DE_LU,forecast_onshore_wind_generation,Wind Onshore,2026-08-10T05:27:26Z
2026-08-10T05:25:30Z,2026-08-10T07:25:30+0200,4362fe35-cfeb-4c3c-9399-26381c363872,2026-08-04T17:15:00Z,2026-08-04T19:15:00+0200,6111.25817,MW,DE,DE_LU,forecast_onshore_wind_generation,Wind Onshore,2026-08-10T05:27:26Z
2026-08-10T05:25:30Z,2026-08-10T07:25:30+0200,4362fe35-cfeb-4c3c-9399-26381c363872,2026-08-04T17:30:00Z,2026-08-04T19:30:00+0200,6280.79395,MW,DE,DE_LU,forecast_onshore_wind_generation,Wind Onshore,2026-08-10T05:27:26Z
2026-08-10T05:25:30Z,2026-08-10T07:25:30+0200,4362fe35-cfeb-4c3c-9399-26381c363872,2026-08-04T17:45:00Z,2026-08-04T19:45:00+0200,6482.878,MW,DE,DE_LU,forecast_onshore_wind_generation,Wind Onshore,2026-08-10T05:27:26Z
2026-08-10T05:25:30Z,2026-08-10T07:25:30+0200,4362fe35-cfeb-4c3c-9399-26381c363872,2026-08-04T18:00:00Z,2026-08-04T20:00:00+0200,6686.235,MW,DE,DE_LU,forecast_onshore_wind_generation,Wind Onshore,2026-08-10T05:27:26Z
2026-08-10T05:25:30Z,2026-08-10T07:25:30+0200,4362fe35-cfeb-4c3c-9399-26381c363872,2026-08-04T18:15:00Z,2026-08-04T20:15:00+0200,7001.47212,MW,DE,DE_LU,forecast_onshore_wind_generation,Wind Onshore,2026-08-10T05:27:26Z
2026-08-10T05:25:30Z,2026-08-10T07:25:30+0200,4362fe35-cfeb-4c3c-9399-26381c363872,2026-08-04T18:30:00Z,2026-08-04T20:30:00+0200,7285.2936,MW,DE,DE_LU,forecast_onshore_wind_generation,Wind Onshore,2026-08-10T05:27:26Z
2026-08-10T05:25:30Z,2026-08-10T07:25:30+0200,4362fe35-cfeb-4c3c-9399-26381c363872,2026-08-04T18:45:00Z,2026-08-04T20:45:00+0200,7463.17666,MW,DE,DE_LU,forecast_onshore_wind_generation,Wind Onshore,2026-08-10T05:27:26Z
2026-08-10T05:25:30Z,2026-08-10T07:25:30+0200,4362fe35-cfeb-4c3c-9399-26381c363872,2026-08-04T19:00:00Z,2026-08-04T21:00:00+0200,7528.40842,MW,DE,DE_LU,forecast_onshore_wind_generation,Wind Onshore,2026-08-10T05:27:26Z
2026-08-10T05:25:30Z,2026-08-10T07:25:30+0200,4362fe35-cfeb-4c3c-9399-26381c363872,2026-08-04T19:15:00Z,2026-08-04T21:15:00+0200,7669.30932,MW,DE,DE_LU,forecast_onshore_wind_generation,Wind Onshore,2026-08-10T05:27:26Z
2026-08-10T05:25:30Z,2026-08-10T07:25:30+0200,4362fe35-cfeb-4c3c-9399-26381c363872,2026-08-04T19:30:00Z,2026-08-04T21:30:00+0200,7919.50505,MW,DE,DE_LU,forecast_onshore_wind_generation,Wind Onshore,2026-08-10T05:27:26Z
2026-08-10T05:25:30Z,2026-08-10T07:25:30+0200,4362fe35-cfeb-4c3c-9399-26381c363872,2026-08-04T19:45:00Z,2026-08-04T21:45:00+0200,8203.99885,MW,DE,DE_LU,forecast_onshore_wind_generation,Wind Onshore,2026-08-10T05:27:26Z
2026-08-10T05:25:30Z,2026-08-10T07:25:30+0200,4362fe35-cfeb-4c3c-9399-26381c363872,2026-08-04T20:00:00Z,2026-08-04T22:00:00+0200,8459.3996,MW,DE,DE_LU,forecast_onshore_wind_generation,Wind Onshore,2026-08-10T05:27:26Z
2026-08-10T05:25:30Z,2026-08-10T07:25:30+0200,4362fe35-cfeb-4c3c-9399-26381c363872,2026-08-04T20:15:00Z,2026-08-04T22:15:00+0200,8736.98554,MW,DE,DE_LU,forecast_onshore_wind_generation,Wind Onshore,2026-08-10T05:27:26Z
2026-08-10T05:25:30Z,2026-08-10T07:25:30+0200,4362fe35-cfeb-4c3c-9399-26381c363872,2026-08-04T20:30:00Z,2026-08-04T22:30:00+0200,8997.92601,MW,DE,DE_LU,forecast_onshore_wind_generation,Wind Onshore,2026-08-10T05:27:26Z
2026-08-10T05:25:30Z,2026-08-10T07:25:30+0200,4362fe35-cfeb-4c3c-9399-26381c363872,2026-08-04T20:45:00Z,2026-08-04T22:45:00+0200,9243.97928,MW,DE,DE_LU,forecast_onshore_wind_generation,Wind Onshore,2026-08-10T05:27:26Z
2026-08-10T05:25:30Z,2026-08-10T07:25:30+0200,4362fe35-cfeb-4c3c-9399-26381c363872,2026-08-04T21:00:00Z,2026-08-04T23:00:00+0200,9504.9381,MW,DE,DE_LU,forecast_onshore_wind_generation,Wind Onshore,2026-08-10T05:27:26Z
2026-08-10T05:25:30Z,2026-08-10T07:25:30+0200,4362fe35-cfeb-4c3c-9399-26381c363872,2026-08-04T21:15:00Z,2026-08-04T23:15:00+0200,9594.28071,MW,DE,DE_LU,forecast_onshore_wind_generation,Wind Onshore,2026-08-10T05:27:26Z
2026-08-10T05:25:30Z,2026-08-10T07:25:30+0200,4362fe35-cfeb-4c3c-9399-26381c363872,2026-08-04T21:30:00Z,2026-08-04T23:30:00+0200,9683.66466,MW,DE,DE_LU,forecast_onshore_wind_generation,Wind Onshore,2026-08-10T05:27:26Z
2026-08-10T05:25:30Z,2026-08-10T07:25:30+0200,4362fe35-cfeb-4c3c-9399-26381c363872,2026-08-04T21:45:00Z,2026-08-04T23:45:00+0200,9766.22556,MW,DE,DE_LU,forecast_onshore_wind_generation,Wind Onshore,2026-08-10T05:27:26Z
2026-08-10T05:25:30Z,2026-08-10T07:25:30+0200,4362fe35-cfeb-4c3c-9399-26381c363872,2026-08-04T22:00:00Z,2026-08-05T00:00:00+0200,8403.26223,MW,DE,DE_LU,forecast_onshore_wind_generation,Wind Onshore,2026-08-10T05:27:26Z
2026-08-10T05:25:30Z,2026-08-10T07:25:30+0200,4362fe35-cfeb-4c3c-9399-26381c363872,2026-08-04T22:15:00Z,2026-08-05T00:15:00+0200,8289.53176,MW,DE,DE_LU,forecast_onshore_wind_generation,Wind Onshore,2026-08-10T05:27:26Z
2026-08-10T05:25:30Z,2026-08-10T07:25:30+0200,4362fe35-cfeb-4c3c-9399-26381c363872,2026-08-04T22:30:00Z,2026-08-05T00:30:00+0200,8182.282,MW,DE,DE_LU,forecast_onshore_wind_generation,Wind Onshore,2026-08-10T05:27:26Z
2026-08-10T05:25:30Z,2026-08-10T07:25:30+0200,4362fe35-cfeb-4c3c-9399-26381c363872,2026-08-04T22:45:00Z,2026-08-05T00:45:00+0200,8103.35113,MW,DE,DE_LU,forecast_onshore_wind_generation,Wind Onshore,2026-08-10T05:27:26Z
2026-08-10T05:25:30Z,2026-08-10T07:25:30+0200,4362fe35-cfeb-4c3c-9399-26381c363872,2026-08-04T23:00:00Z,2026-08-05T01:00:00+0200,8067.41891,MW,DE,DE_LU,forecast_onshore_wind_generation,Wind Onshore,2026-08-10T05:27:26Z
2026-08-10T05:25:30Z,2026-08-10T07:25:30+0200,4362fe35-cfeb-4c3c-9399-26381c363872,2026-08-04T23:15:00Z,2026-08-05T01:15:00+0200,7972.77421,MW,DE,DE_LU,forecast_onshore_wind_generation,Wind Onshore,2026-08-10T05:27:26Z
2026-08-10T05:25:30Z,2026-08-10T07:25:30+0200,4362fe35-cfeb-4c3c-9399-26381c363872,2026-08-04T23:30:00Z,2026-08-05T01:30:00+0200,7896.27686,MW,DE,DE_LU,forecast_onshore_wind_generation,Wind Onshore,2026-08-10T05:27:26Z
2026-08-10T05:25:30Z,2026-08-10T07:25:30+0200,4362fe35-cfeb-4c3c-9399-26381c363872,2026-08-04T23:45:00Z,2026-08-05T01:45:00+0200,7867.81432,MW,DE,DE_LU,forecast_onshore_wind_generation,Wind Onshore,2026-08-10T05:27:26Z
2026-08-10T05:25:30Z,2026-08-10T07:25:30+0200,4362fe35-cfeb-4c3c-9399-26381c363872,2026-08-05T00:00:00Z,2026-08-05T02:00:00+0200,7920.38985,MW,DE,DE_LU,forecast_onshore_wind_generation,Wind Onshore,2026-08-10T05:27:26Z
2026-08-10T05:25:30Z,2026-08-10T07:25:30+0200,4362fe35-cfeb-4c3c-9399-26381c363872,2026-08-05T00:15:00Z,2026-08-05T02:15:00+0200,7965.41549,MW,DE,DE_LU,forecast_onshore_wind_generation,Wind Onshore,2026-08-10T05:27:26Z
2026-08-10T05:25:30Z,2026-08-10T07:25:30+0200,4362fe35-cfeb-4c3c-9399-26381c363872,2026-08-05T00:30:00Z,2026-08-05T02:30:00+0200,7971.26632,MW,DE,DE_LU,forecast_onshore_wind_generation,Wind Onshore,2026-08-10T05:27:26Z
2026-08-10T05:25:30Z,2026-08-10T07:25:30+0200,4362fe35-cfeb-4c3c-9399-26381c363872,2026-08-05T00:45:00Z,2026-08-05T02:45:00+0200,7948.4942,MW,DE,DE_LU,forecast_onshore_wind_generation,Wind Onshore,2026-08-10T05:27:26Z
2026-08-10T05:25:30Z,2026-08-10T07:25:30+0200,4362fe35-cfeb-4c3c-9399-26381c363872,2026-08-05T01:00:00Z,2026-08-05T03:00:00+0200,7909.57355,MW,DE,DE_LU,forecast_onshore_wind_generation,Wind Onshore,2026-08-10T05:27:26Z
2026-08-10T05:25:30Z,2026-08-10T07:25:30+0200,4362fe35-cfeb-4c3c-9399-26381c363872,2026-08-05T01:15:00Z,2026-08-05T03:15:00+0200,7894.40477,MW,DE,DE_LU,forecast_onshore_wind_generation,Wind Onshore,2026-08-10T05:27:26Z
2026-08-10T05:25:30Z,2026-08-10T07:25:30+0200,4362fe35-cfeb-4c3c-9399-26381c363872,2026-08-05T01:30:00Z,2026-08-05T03:30:00+0200,7877.02768,MW,DE,DE_LU,forecast_onshore_wind_generation,Wind Onshore,2026-08-10T05:27:26Z
2026-08-10T05:25:30Z,2026-08-10T07:25:30+0200,4362fe35-cfeb-4c3c-9399-26381c363872,2026-08-05T01:45:00Z,2026-08-05T03:45:00+0200,7868.67486,MW,DE,DE_LU,forecast_onshore_wind_generation,Wind Onshore,2026-08-10T05:27:26Z
2026-08-10T05:25:30Z,2026-08-10T07:25:30+0200,4362fe35-cfeb-4c3c-9399-26381c363872,2026-08-05T02:00:00Z,2026-08-05T04:00:00+0200,7890.74283,MW,DE,DE_LU,forecast_onshore_wind_generation,Wind Onshore,2026-08-10T05:27:26Z
2026-08-10T05:25:30Z,2026-08-10T07:25:30+0200,4362fe35-cfeb-4c3c-9399-26381c363872,2026-08-05T02:15:00Z,2026-08-05T04:15:00+0200,8056.29455,MW,DE,DE_LU,forecast_onshore_wind_generation,Wind Onshore,2026-08-10T05:27:26Z
2026-08-10T05:25:30Z,2026-08-10T07:25:30+0200,4362fe35-cfeb-4c3c-9399-26381c363872,2026-08-05T02:30:00Z,2026-08-05T04:30:00+0200,8217.86083,MW,DE,DE_LU,forecast_onshore_wind_generation,Wind Onshore,2026-08-10T05:27:26Z
2026-08-10T05:25:30Z,2026-08-10T07:25:30+0200,4362fe35-cfeb-4c3c-9399-26381c363872,2026-08-05T02:45:00Z,2026-08-05T04:45:00+0200,8384.48481,MW,DE,DE_LU,forecast_onshore_wind_generation,Wind Onshore,2026-08-10T05:27:26Z
2026-08-10T05:25:30Z,2026-08-10T07:25:30+0200,4362fe35-cfeb-4c3c-9399-26381c363872,2026-08-05T03:00:00Z,2026-08-05T05:00:00+0200,8555.0103,MW,DE,DE_LU,forecast_onshore_wind_generation,Wind Onshore,2026-08-10T05:27:26Z
2026-08-10T05:25:30Z,2026-08-10T07:25:30+0200,4362fe35-cfeb-4c3c-9399-26381c363872,2026-08-05T03:15:00Z,2026-08-05T05:15:00+0200,8813.55654,MW,DE,DE_LU,forecast_onshore_wind_generation,Wind Onshore,2026-08-10T05:27:26Z
2026-08-10T05:25:30Z,2026-08-10T07:25:30+0200,4362fe35-cfeb-4c3c-9399-26381c363872,2026-08-05T03:30:00Z,2026-08-05T05:30:00+0200,9072.08451,MW,DE,DE_LU,forecast_onshore_wind_generation,Wind Onshore,2026-08-10T05:27:26Z
2026-08-10T05:25:30Z,2026-08-10T07:25:30+0200,4362fe35-cfeb-4c3c-9399-26381c363872,2026-08-05T03:45:00Z,2026-08-05T05:45:00+0200,9304.49957,MW,DE,DE_LU,forecast_onshore_wind_generation,Wind Onshore,2026-08-10T05:27:26Z
2026-08-10T05:25:30Z,2026-08-10T07:25:30+0200,4362fe35-cfeb-4c3c-9399-26381c363872,2026-08-05T04:00:00Z,2026-08-05T06:00:00+0200,9615.73995,MW,DE,DE_LU,forecast_onshore_wind_generation,Wind Onshore,2026-08-10T05:27:26Z
2026-08-10T05:25:30Z,2026-08-10T07:25:30+0200,4362fe35-cfeb-4c3c-9399-26381c363872,2026-08-05T04:15:00Z,2026-08-05T06:15:00+0200,9716.38317,MW,DE,DE_LU,forecast_onshore_wind_generation,Wind Onshore,2026-08-10T05:27:26Z
2026-08-10T05:25:30Z,2026-08-10T07:25:30+0200,4362fe35-cfeb-4c3c-9399-26381c363872,2026-08-05T04:30:00Z,2026-08-05T06:30:00+0200,9817.99926,MW,DE,DE_LU,forecast_onshore_wind_generation,Wind Onshore,2026-08-10T05:27:26Z
2026-08-10T05:25:30Z,2026-08-10T07:25:30+0200,4362fe35-cfeb-4c3c-9399-26381c363872,2026-08-05T04:45:00Z,2026-08-05T06:45:00+0200,9891.32309,MW,DE,DE_LU,forecast_onshore_wind_generation,Wind Onshore,2026-08-10T05:27:26Z
2026-08-10T05:25:30Z,2026-08-10T07:25:30+0200,4362fe35-cfeb-4c3c-9399-26381c363872,2026-08-05T05:00:00Z,2026-08-05T07:00:00+0200,9938.63864,MW,DE,DE_LU,forecast_onshore_wind_generation,Wind Onshore,2026-08-10T05:27:26Z
2026-08-10T05:25:30Z,2026-08-10T07:25:30+0200,4362fe35-cfeb-4c3c-9399-26381c363872,2026-08-05T05:15:00Z,2026-08-05T07:15:00+0200,9746.19827,MW,DE,DE_LU,forecast_onshore_wind_generation,Wind Onshore,2026-08-10T05:27:26Z
2026-08-10T05:25:30Z,2026-08-10T07:25:30+0200,4362fe35-cfeb-4c3c-9399-26381c363872,2026-08-05T05:30:00Z,2026-08-05T07:30:00+0200,9566.18508,MW,DE,DE_LU,forecast_onshore_wind_generation,Wind Onshore,2026-08-10T05:27:26Z
2026-08-10T05:25:30Z,2026-08-10T07:25:30+0200,4362fe35-cfeb-4c3c-9399-26381c363872,2026-08-05T05:45:00Z,2026-08-05T07:45:00+0200,9405.79875,MW,DE,DE_LU,forecast_onshore_wind_generation,Wind Onshore,2026-08-10T05:27:26Z
2026-08-10T05:25:30Z,2026-08-10T07:25:30+0200,4362fe35-cfeb-4c3c-9399-26381c363872,2026-08-05T06:00:00Z,2026-08-05T08:00:00+0200,9161.76005,MW,DE,DE_LU,forecast_onshore_wind_generation,Wind Onshore,2026-08-10T05:27:26Z
2026-08-10T05:25:30Z,2026-08-10T07:25:30+0200,4362fe35-cfeb-4c3c-9399-26381c363872,2026-08-05T06:15:00Z,2026-08-05T08:15:00+0200,8838.51734,MW,DE,DE_LU,forecast_onshore_wind_generation,Wind Onshore,2026-08-10T05:27:26Z
2026-08-10T05:25:30Z,2026-08-10T07:25:30+0200,4362fe35-cfeb-4c3c-9399-26381c363872,2026-08-05T06:30:00Z,2026-08-05T08:30:00+0200,8492.8251,MW,DE,DE_LU,forecast_onshore_wind_generation,Wind Onshore,2026-08-10T05:27:26Z
2026-08-10T05:25:30Z,2026-08-10T07:25:30+0200,4362fe35-cfeb-4c3c-9399-26381c363872,2026-08-05T06:45:00Z,2026-08-05T08:45:00+0200,8232.93783,MW,DE,DE_LU,forecast_onshore_wind_generation,Wind Onshore,2026-08-10T05:27:26Z
2026-08-10T05:25:30Z,2026-08-10T07:25:30+0200,4362fe35-cfeb-4c3c-9399-26381c363872,2026-08-05T07:00:00Z,2026-08-05T09:00:00+0200,8000.22621,MW,DE,DE_LU,forecast_onshore_wind_generation,Wind Onshore,2026-08-10T05:27:26Z
2026-08-10T05:25:30Z,2026-08-10T07:25:30+0200,4362fe35-cfeb-4c3c-9399-26381c363872,2026-08-05T07:15:00Z,2026-08-05T09:15:00+0200,8094.37411,MW,DE,DE_LU,forecast_onshore_wind_generation,Wind Onshore,2026-08-10T05:27:26Z
2026-08-10T05:25:30Z,2026-08-10T07:25:30+0200,4362fe35-cfeb-4c3c-9399-26381c363872,2026-08-05T07:30:00Z,2026-08-05T09:30:00+0200,8175.71318,MW,DE,DE_LU,forecast_onshore_wind_generation,Wind Onshore,2026-08-10T05:27:26Z
2026-08-10T05:25:30Z,2026-08-10T07:25:30+0200,4362fe35-cfeb-4c3c-9399-26381c363872,2026-08-05T07:45:00Z,2026-08-05T09:45:00+0200,8266.6068,MW,DE,DE_LU,forecast_onshore_wind_generation,Wind Onshore,2026-08-10T05:27:26Z
2026-08-10T05:25:30Z,2026-08-10T07:25:30+0200,4362fe35-cfeb-4c3c-9399-26381c363872,2026-08-05T08:00:00Z,2026-08-05T10:00:00+0200,8369.25869,MW,DE,DE_LU,forecast_onshore_wind_generation,Wind Onshore,2026-08-10T05:27:26Z
2026-08-10T05:25:30Z,2026-08-10T07:25:30+0200,4362fe35-cfeb-4c3c-9399-26381c363872,2026-08-05T08:15:00Z,2026-08-05T10:15:00+0200,8657.84325,MW,DE,DE_LU,forecast_onshore_wind_generation,Wind Onshore,2026-08-10T05:27:26Z
2026-08-10T05:25:30Z,2026-08-10T07:25:30+0200,4362fe35-cfeb-4c3c-9399-26381c363872,2026-08-05T08:30:00Z,2026-08-05T10:30:00+0200,8846.06631,MW,DE,DE_LU,forecast_onshore_wind_generation,Wind Onshore,2026-08-10T05:27:26Z
2026-08-10T05:25:30Z,2026-08-10T07:25:30+0200,4362fe35-cfeb-4c3c-9399-26381c363872,2026-08-05T08:45:00Z,2026-08-05T10:45:00+0200,9069.26036,MW,DE,DE_LU,forecast_onshore_wind_generation,Wind Onshore,2026-08-10T05:27:26Z
2026-08-10T05:25:30Z,2026-08-10T07:25:30+0200,4362fe35-cfeb-4c3c-9399-26381c363872,2026-08-05T09:00:00Z,2026-08-05T11:00:00+0200,9252.95625,MW,DE,DE_LU,forecast_onshore_wind_generation,Wind Onshore,2026-08-10T05:27:26Z
2026-08-10T05:25:30Z,2026-08-10T07:25:30+0200,4362fe35-cfeb-4c3c-9399-26381c363872,2026-08-05T09:15:00Z,2026-08-05T11:15:00+0200,9440.35573,MW,DE,DE_LU,forecast_onshore_wind_generation,Wind Onshore,2026-08-10T05:27:26Z
2026-08-10T05:25:30Z,2026-08-10T07:25:30+0200,4362fe35-cfeb-4c3c-9399-26381c363872,2026-08-05T09:30:00Z,2026-08-05T11:30:00+0200,9646.56814,MW,DE,DE_LU,forecast_onshore_wind_generation,Wind Onshore,2026-08-10T05:27:26Z
2026-08-10T05:25:30Z,2026-08-10T07:25:30+0200,4362fe35-cfeb-4c3c-9399-26381c363872,2026-08-05T09:45:00Z,2026-08-05T11:45:00+0200,9893.66688,MW,DE,DE_LU,forecast_onshore_wind_generation,Wind Onshore,2026-08-10T05:27:26Z
2026-08-10T05:25:30Z,2026-08-10T07:25:30+0200,4362fe35-cfeb-4c3c-9399-26381c363872,2026-08-05T10:00:00Z,2026-08-05T12:00:00+0200,10202.39651,MW,DE,DE_LU,forecast_onshore_wind_generation,Wind Onshore,2026-08-10T05:27:26Z
2026-08-10T05:25:30Z,2026-08-10T07:25:30+0200,4362fe35-cfeb-4c3c-9399-26381c363872,2026-08-05T10:15:00Z,2026-08-05T12:15:00+0200,10351.2792,MW,DE,DE_LU,forecast_onshore_wind_generation,Wind Onshore,2026-08-10T05:27:26Z
2026-08-10T05:25:30Z,2026-08-10T07:25:30+0200,4362fe35-cfeb-4c3c-9399-26381c363872,2026-08-05T10:30:00Z,2026-08-05T12:30:00+0200,10571.0219,MW,DE,DE_LU,forecast_onshore_wind_generation,Wind Onshore,2026-08-10T05:27:26Z
2026-08-10T05:25:30Z,2026-08-10T07:25:30+0200,4362fe35-cfeb-4c3c-9399-26381c363872,2026-08-05T10:45:00Z,2026-08-05T12:45:00+0200,10689.01606,MW,DE,DE_LU,forecast_onshore_wind_generation,Wind Onshore,2026-08-10T05:27:26Z
2026-08-10T05:25:30Z,2026-08-10T07:25:30+0200,4362fe35-cfeb-4c3c-9399-26381c363872,2026-08-05T11:00:00Z,2026-08-05T13:00:00+0200,10868.86024,MW,DE,DE_LU,forecast_onshore_wind_generation,Wind Onshore,2026-08-10T05:27:26Z
2026-08-10T05:25:30Z,2026-08-10T07:25:30+0200,4362fe35-cfeb-4c3c-9399-26381c363872,2026-08-05T11:15:00Z,2026-08-05T13:15:00+0200,11084.87908,MW,DE,DE_LU,forecast_onshore_wind_generation,Wind Onshore,2026-08-10T05:27:26Z
2026-08-10T05:25:30Z,2026-08-10T07:25:30+0200,4362fe35-cfeb-4c3c-9399-26381c363872,2026-08-05T11:30:00Z,2026-08-05T13:30:00+0200,11449.85881,MW,DE,DE_LU,forecast_onshore_wind_generation,Wind Onshore,2026-08-10T05:27:26Z
2026-08-10T05:25:30Z,2026-08-10T07:25:30+0200,4362fe35-cfeb-4c3c-9399-26381c363872,2026-08-05T11:45:00Z,2026-08-05T13:45:00+0200,11753.2404,MW,DE,DE_LU,forecast_onshore_wind_generation,Wind Onshore,2026-08-10T05:27:26Z
2026-08-10T05:25:30Z,2026-08-10T07:25:30+0200,4362fe35-cfeb-4c3c-9399-26381c363872,2026-08-05T12:00:00Z,2026-08-05T14:00:00+0200,12184.8704,MW,DE,DE_LU,forecast_onshore_wind_generation,Wind Onshore,2026-08-10T05:27:26Z
2026-08-10T05:25:30Z,2026-08-10T07:25:30+0200,4362fe35-cfeb-4c3c-9399-26381c363872,2026-08-05T12:15:00Z,2026-08-05T14:15:00+0200,12482.1338,MW,DE,DE_LU,forecast_onshore_wind_generation,Wind Onshore,2026-08-10T05:27:26Z
2026-08-10T05:25:30Z,2026-08-10T07:25:30+0200,4362fe35-cfeb-4c3c-9399-26381c363872,2026-08-05T12:30:00Z,2026-08-05T14:30:00+0200,12704.59384,MW,DE,DE_LU,forecast_onshore_wind_generation,Wind Onshore,2026-08-10T05:27:26Z
2026-08-10T05:25:30Z,2026-08-10T07:25:30+0200,4362fe35-cfeb-4c3c-9399-26381c363872,2026-08-05T12:45:00Z,2026-08-05T14:45:00+0200,12959.83302,MW,DE,DE_LU,forecast_onshore_wind_generation,Wind Onshore,2026-08-10T05:27:26Z
2026-08-10T05:25:30Z,2026-08-10T07:25:30+0200,4362fe35-cfeb-4c3c-9399-26381c363872,2026-08-05T13:00:00Z,2026-08-05T15:00:00+0200,13097.78527,MW,DE,DE_LU,forecast_onshore_wind_generation,Wind Onshore,2026-08-10T05:27:26Z
2026-08-10T05:25:30Z,2026-08-10T07:25:30+0200,4362fe35-cfeb-4c3c-9399-26381c363872,2026-08-05T13:15:00Z,2026-08-05T15:15:00+0200,13234.62743,MW,DE,DE_LU,forecast_onshore_wind_generation,Wind Onshore,2026-08-10T05:27:26Z
2026-08-10T05:25:30Z,2026-08-10T07:25:30+0200,4362fe35-cfeb-4c3c-9399-26381c363872,2026-08-05T13:30:00Z,2026-08-05T15:30:00+0200,13314.65764,MW,DE,DE_LU,forecast_onshore_wind_generation,Wind Onshore,2026-08-10T05:27:26Z
2026-08-10T05:25:30Z,2026-08-10T07:25:30+0200,4362fe35-cfeb-4c3c-9399-26381c363872,2026-08-05T13:45:00Z,2026-08-05T15:45:00+0200,13412.57101,MW,DE,DE_LU,forecast_onshore_wind_generation,Wind Onshore,2026-08-10T05:27:26Z
2026-08-10T05:25:30Z,2026-08-10T07:25:30+0200,4362fe35-cfeb-4c3c-9399-26381c363872,2026-08-05T14:00:00Z,2026-08-05T16:00:00+0200,13489.46,MW,DE,DE_LU,forecast_onshore_wind_generation,Wind Onshore,2026-08-10T05:27:26Z
2026-08-10T05:25:30Z,2026-08-10T07:25:30+0200,4362fe35-cfeb-4c3c-9399-26381c363872,2026-08-05T14:15:00Z,2026-08-05T16:15:00+0200,13637.35265,MW,DE,DE_LU,forecast_onshore_wind_generation,Wind Onshore,2026-08-10T05:27:26Z
2026-08-10T05:25:30Z,2026-08-10T07:25:30+0200,4362fe35-cfeb-4c3c-9399-26381c363872,2026-08-05T14:30:00Z,2026-08-05T16:30:00+0200,13786.98908,MW,DE,DE_LU,forecast_onshore_wind_generation,Wind Onshore,2026-08-10T05:27:26Z
2026-08-10T05:25:30Z,2026-08-10T07:25:30+0200,4362fe35-cfeb-4c3c-9399-26381c363872,2026-08-05T14:45:00Z,2026-08-05T16:45:00+0200,13885.51281,MW,DE,DE_LU,forecast_onshore_wind_generation,Wind Onshore,2026-08-10T05:27:26Z
2026-08-10T05:25:30Z,2026-08-10T07:25:30+0200,4362fe35-cfeb-4c3c-9399-26381c363872,2026-08-05T15:00:00Z,2026-08-05T17:00:00+0200,13968.63321,MW,DE,DE_LU,forecast_onshore_wind_generation,Wind Onshore,2026-08-10T05:27:26Z
2026-08-10T05:25:30Z,2026-08-10T07:25:30+0200,4362fe35-cfeb-4c3c-9399-26381c363872,2026-08-05T15:15:00Z,2026-08-05T17:15:00+0200,13796.17125,MW,DE,DE_LU,forecast_onshore_wind_generation,Wind Onshore,2026-08-10T05:27:26Z
2026-08-10T05:25:30Z,2026-08-10T07:25:30+0200,4362fe35-cfeb-4c3c-9399-26381c363872,2026-08-05T15:30:00Z,2026-08-05T17:30:00+0200,13360.6088,MW,DE,DE_LU,forecast_onshore_wind_generation,Wind Onshore,2026-08-10T05:27:26Z
2026-08-10T05:25:30Z,2026-08-10T07:25:30+0200,4362fe35-cfeb-4c3c-9399-26381c363872,2026-08-05T15:45:00Z,2026-08-05T17:45:00+0200,12908.19438,MW,DE,DE_LU,forecast_onshore_wind_generation,Wind Onshore,2026-08-10T05:27:26Z
2026-08-10T05:25:30Z,2026-08-10T07:25:30+0200,4362fe35-cfeb-4c3c-9399-26381c363872,2026-08-05T16:00:00Z,2026-08-05T18:00:00+0200,12446.44477,MW,DE,DE_LU,forecast_onshore_wind_generation,Wind Onshore,2026-08-10T05:27:26Z
2026-08-10T05:25:30Z,2026-08-10T07:25:30+0200,4362fe35-cfeb-4c3c-9399-26381c363872,2026-08-05T16:15:00Z,2026-08-05T18:15:00+0200,11942.89831,MW,DE,DE_LU,forecast_onshore_wind_generation,Wind Onshore,2026-08-10T05:27:26Z
2026-08-10T05:25:30Z,2026-08-10T07:25:30+0200,4362fe35-cfeb-4c3c-9399-26381c363872,2026-08-05T16:30:00Z,2026-08-05T18:30:00+0200,11437.76634,MW,DE,DE_LU,forecast_onshore_wind_generation,Wind Onshore,2026-08-10T05:27:26Z
2026-08-10T05:25:30Z,2026-08-10T07:25:30+0200,4362fe35-cfeb-4c3c-9399-26381c363872,2026-08-05T16:45:00Z,2026-08-05T18:45:00+0200,10926.47834,MW,DE,DE_LU,forecast_onshore_wind_generation,Wind Onshore,2026-08-10T05:27:26Z
2026-08-10T05:25:30Z,2026-08-10T07:25:30+0200,4362fe35-cfeb-4c3c-9399-26381c363872,2026-08-05T17:00:00Z,2026-08-05T19:00:00+0200,10402.25774,MW,DE,DE_LU,forecast_onshore_wind_generation,Wind Onshore,2026-08-10T05:27:26Z
2026-08-10T05:25:30Z,2026-08-10T07:25:30+0200,4362fe35-cfeb-4c3c-9399-26381c363872,2026-08-05T17:15:00Z,2026-08-05T19:15:00+0200,9882.77107,MW,DE,DE_LU,forecast_onshore_wind_generation,Wind Onshore,2026-08-10T05:27:26Z
2026-08-10T05:25:30Z,2026-08-10T07:25:30+0200,4362fe35-cfeb-4c3c-9399-26381c363872,2026-08-05T17:30:00Z,2026-08-05T19:30:00+0200,9353.40944,MW,DE,DE_LU,forecast_onshore_wind_generation,Wind Onshore,2026-08-10T05:27:26Z
2026-08-10T05:25:30Z,2026-08-10T07:25:30+0200,4362fe35-cfeb-4c3c-9399-26381c363872,2026-08-05T17:45:00Z,2026-08-05T19:45:00+0200,8832.5074,MW,DE,DE_LU,forecast_onshore_wind_generation,Wind Onshore,2026-08-10T05:27:26Z
2026-08-10T05:25:30Z,2026-08-10T07:25:30+0200,4362fe35-cfeb-4c3c-9399-26381c363872,2026-08-05T18:00:00Z,2026-08-05T20:00:00+0200,8331.40484,MW,DE,DE_LU,forecast_onshore_wind_generation,Wind Onshore,2026-08-10T05:27:26Z
2026-08-10T05:25:30Z,2026-08-10T07:25:30+0200,4362fe35-cfeb-4c3c-9399-26381c363872,2026-08-05T18:15:00Z,2026-08-05T20:15:00+0200,8035.37687,MW,DE,DE_LU,forecast_onshore_wind_generation,Wind Onshore,2026-08-10T05:27:26Z
2026-08-10T05:25:30Z,2026-08-10T07:25:30+0200,4362fe35-cfeb-4c3c-9399-26381c363872,2026-08-05T18:30:00Z,2026-08-05T20:30:00+0200,7709.95684,MW,DE,DE_LU,forecast_onshore_wind_generation,Wind Onshore,2026-08-10T05:27:26Z
2026-08-10T05:25:30Z,2026-08-10T07:25:30+0200,4362fe35-cfeb-4c3c-9399-26381c363872,2026-08-05T18:45:00Z,2026-08-05T20:45:00+0200,7340.62129,MW,DE,DE_LU,forecast_onshore_wind_generation,Wind Onshore,2026-08-10T05:27:26Z
2026-08-10T05:25:30Z,2026-08-10T07:25:30+0200,4362fe35-cfeb-4c3c-9399-26381c363872,2026-08-05T19:00:00Z,2026-08-05T21:00:00+0200,6863.97023,MW,DE,DE_LU,forecast_onshore_wind_generation,Wind Onshore,2026-08-10T05:27:26Z
2026-08-10T05:25:30Z,2026-08-10T07:25:30+0200,4362fe35-cfeb-4c3c-9399-26381c363872,2026-08-05T19:15:00Z,2026-08-05T21:15:00+0200,6540.81353,MW,DE,DE_LU,forecast_onshore_wind_generation,Wind Onshore,2026-08-10T05:27:26Z
2026-08-10T05:25:30Z,2026-08-10T07:25:30+0200,4362fe35-cfeb-4c3c-9399-26381c363872,2026-08-05T19:30:00Z,2026-08-05T21:30:00+0200,6311.60948,MW,DE,DE_LU,forecast_onshore_wind_generation,Wind Onshore,2026-08-10T05:27:26Z
2026-08-10T05:25:30Z,2026-08-10T07:25:30+0200,4362fe35-cfeb-4c3c-9399-26381c363872,2026-08-05T19:45:00Z,2026-08-05T21:45:00+0200,6098.98004,MW,DE,DE_LU,forecast_onshore_wind_generation,Wind Onshore,2026-08-10T05:27:26Z
2026-08-10T05:25:30Z,2026-08-10T07:25:30+0200,4362fe35-cfeb-4c3c-9399-26381c363872,2026-08-05T20:00:00Z,2026-08-05T22:00:00+0200,5916.5227,MW,DE,DE_LU,forecast_onshore_wind_generation,Wind Onshore,2026-08-10T05:27:26Z
2026-08-10T05:25:30Z,2026-08-10T07:25:30+0200,4362fe35-cfeb-4c3c-9399-26381c363872,2026-08-05T20:15:00Z,2026-08-05T22:15:00+0200,5874.37611,MW,DE,DE_LU,forecast_onshore_wind_generation,Wind Onshore,2026-08-10T05:27:26Z
2026-08-10T05:25:30Z,2026-08-10T07:25:30+0200,4362fe35-cfeb-4c3c-9399-26381c363872,2026-08-05T20:30:00Z,2026-08-05T22:30:00+0200,5841.56576,MW,DE,DE_LU,forecast_onshore_wind_generation,Wind Onshore,2026-08-10T05:27:26Z
2026-08-10T05:25:30Z,2026-08-10T07:25:30+0200,4362fe35-cfeb-4c3c-9399-26381c363872,2026-08-05T20:45:00Z,2026-08-05T22:45:00+0200,5809.9323,MW,DE,DE_LU,forecast_onshore_wind_generation,Wind Onshore,2026-08-10T05:27:26Z
2026-08-10T05:25:30Z,2026-08-10T07:25:30+0200,4362fe35-cfeb-4c3c-9399-26381c363872,2026-08-05T21:00:00Z,2026-08-05T23:00:00+0200,5790.37013,MW,DE,DE_LU,forecast_onshore_wind_generation,Wind Onshore,2026-08-10T05:27:26Z
2026-08-10T05:25:30Z,2026-08-10T07:25:30+0200,4362fe35-cfeb-4c3c-9399-26381c363872,2026-08-05T21:15:00Z,2026-08-05T23:15:00+0200,5807.17453,MW,DE,DE_LU,forecast_onshore_wind_generation,Wind Onshore,2026-08-10T05:27:26Z
2026-08-10T05:25:30Z,2026-08-10T07:25:30+0200,4362fe35-cfeb-4c3c-9399-26381c363872,2026-08-05T21:30:00Z,2026-08-05T23:30:00+0200,5823.76561,MW,DE,DE_LU,forecast_onshore_wind_generation,Wind Onshore,2026-08-10T05:27:26Z
2026-08-10T05:25:30Z,2026-08-10T07:25:30+0200,4362fe35-cfeb-4c3c-9399-26381c363872,2026-08-05T21:45:00Z,2026-08-05T23:45:00+0200,5845.21138,MW,DE,DE_LU,forecast_onshore_wind_generation,Wind Onshore,2026-08-10T05:27:26Z
2026-08-10T05:25:30Z,2026-08-10T07:25:30+0200,4362fe35-cfeb-4c3c-9399-26381c363872,2026-08-05T22:00:00Z,2026-08-06T00:00:00+0200,6299.65849,MW,DE,DE_LU,forecast_onshore_wind_generation,Wind Onshore,2026-08-10T05:27:26Z
2026-08-10T05:25:30Z,2026-08-10T07:25:30+0200,4362fe35-cfeb-4c3c-9399-26381c363872,2026-08-05T22:15:00Z,2026-08-06T00:15:00+0200,6451.91291,MW,DE,DE_LU,forecast_onshore_wind_generation,Wind Onshore,2026-08-10T05:27:26Z
2026-08-10T05:25:30Z,2026-08-10T07:25:30+0200,4362fe35-cfeb-4c3c-9399-26381c363872,2026-08-05T22:30:00Z,2026-08-06T00:30:00+0200,6614.30855,MW,DE,DE_LU,forecast_onshore_wind_generation,Wind Onshore,2026-08-10T05:27:26Z
2026-08-10T05:25:30Z,2026-08-10T07:25:30+0200,4362fe35-cfeb-4c3c-9399-26381c363872,2026-08-05T22:45:00Z,2026-08-06T00:45:00+0200,6783.63325,MW,DE,DE_LU,forecast_onshore_wind_generation,Wind Onshore,2026-08-10T05:27:26Z
2026-08-10T05:25:30Z,2026-08-10T07:25:30+0200,4362fe35-cfeb-4c3c-9399-26381c363872,2026-08-05T23:00:00Z,2026-08-06T01:00:00+0200,6964.63142,MW,DE,DE_LU,forecast_onshore_wind_generation,Wind Onshore,2026-08-10T05:27:26Z
2026-08-10T05:25:30Z,2026-08-10T07:25:30+0200,4362fe35-cfeb-4c3c-9399-26381c363872,2026-08-05T23:15:00Z,2026-08-06T01:15:00+0200,7122.57391,MW,DE,DE_LU,forecast_onshore_wind_generation,Wind Onshore,2026-08-10T05:27:26Z
2026-08-10T05:25:30Z,2026-08-10T07:25:30+0200,4362fe35-cfeb-4c3c-9399-26381c363872,2026-08-05T23:30:00Z,2026-08-06T01:30:00+0200,7304.22904,MW,DE,DE_LU,forecast_onshore_wind_generation,Wind Onshore,2026-08-10T05:27:26Z
2026-08-10T05:25:30Z,2026-08-10T07:25:30+0200,4362fe35-cfeb-4c3c-9399-26381c363872,2026-08-05T23:45:00Z,2026-08-06T01:45:00+0200,7541.64925,MW,DE,DE_LU,forecast_onshore_wind_generation,Wind Onshore,2026-08-10T05:27:26Z
2026-08-10T05:25:30Z,2026-08-10T07:25:30+0200,4362fe35-cfeb-4c3c-9399-26381c363872,2026-08-06T00:00:00Z,2026-08-06T02:00:00+0200,7815.24884,MW,DE,DE_LU,forecast_onshore_wind_generation,Wind Onshore,2026-08-10T05:27:26Z
2026-08-10T05:25:30Z,2026-08-10T07:25:30+0200,4362fe35-cfeb-4c3c-9399-26381c363872,2026-08-06T00:15:00Z,2026-08-06T02:15:00+0200,8008.61235,MW,DE,DE_LU,forecast_onshore_wind_generation,Wind Onshore,2026-08-10T05:27:26Z
2026-08-10T05:25:30Z,2026-08-10T07:25:30+0200,4362fe35-cfeb-4c3c-9399-26381c363872,2026-08-06T00:30:00Z,2026-08-06T02:30:00+0200,8148.3863,MW,DE,DE_LU,forecast_onshore_wind_generation,Wind Onshore,2026-08-10T05:27:26Z
2026-08-10T05:25:30Z,2026-08-10T07:25:30+0200,4362fe35-cfeb-4c3c-9399-26381c363872,2026-08-06T00:45:00Z,2026-08-06T02:45:00+0200,8259.26768,MW,DE,DE_LU,forecast_onshore_wind_generation,Wind Onshore,2026-08-10T05:27:26Z
2026-08-10T05:25:30Z,2026-08-10T07:25:30+0200,4362fe35-cfeb-4c3c-9399-26381c363872,2026-08-06T01:00:00Z,2026-08-06T03:00:00+0200,8348.52903,MW,DE,DE_LU,forecast_onshore_wind_generation,Wind Onshore,2026-08-10T05:27:26Z
2026-08-10T05:25:30Z,2026-08-10T07:25:30+0200,4362fe35-cfeb-4c3c-9399-26381c363872,2026-08-06T01:15:00Z,2026-08-06T03:15:00+0200,8374.01355,MW,DE,DE_LU,forecast_onshore_wind_generation,Wind Onshore,2026-08-10T05:27:26Z
2026-08-10T05:25:30Z,2026-08-10T07:25:30+0200,4362fe35-cfeb-4c3c-9399-26381c363872,2026-08-06T01:30:00Z,2026-08-06T03:30:00+0200,8395.27719,MW,DE,DE_LU,forecast_onshore_wind_generation,Wind Onshore,2026-08-10T05:27:26Z
2026-08-10T05:25:30Z,2026-08-10T07:25:30+0200,4362fe35-cfeb-4c3c-9399-26381c363872,2026-08-06T01:45:00Z,2026-08-06T03:45:00+0200,8411.5752,MW,DE,DE_LU,forecast_onshore_wind_generation,Wind Onshore,2026-08-10T05:27:26Z
2026-08-10T05:25:30Z,2026-08-10T07:25:30+0200,4362fe35-cfeb-4c3c-9399-26381c363872,2026-08-06T02:00:00Z,2026-08-06T04:00:00+0200,8427.02185,MW,DE,DE_LU,forecast_onshore_wind_generation,Wind Onshore,2026-08-10T05:27:26Z
2026-08-10T05:25:30Z,2026-08-10T07:25:30+0200,4362fe35-cfeb-4c3c-9399-26381c363872,2026-08-06T02:15:00Z,2026-08-06T04:15:00+0200,8472.71273,MW,DE,DE_LU,forecast_onshore_wind_generation,Wind Onshore,2026-08-10T05:27:26Z
2026-08-10T05:25:30Z,2026-08-10T07:25:30+0200,4362fe35-cfeb-4c3c-9399-26381c363872,2026-08-06T02:30:00Z,2026-08-06T04:30:00+0200,8516.91617,MW,DE,DE_LU,forecast_onshore_wind_generation,Wind Onshore,2026-08-10T05:27:26Z
2026-08-10T05:25:30Z,2026-08-10T07:25:30+0200,4362fe35-cfeb-4c3c-9399-26381c363872,2026-08-06T02:45:00Z,2026-08-06T04:45:00+0200,8573.38694,MW,DE,DE_LU,forecast_onshore_wind_generation,Wind Onshore,2026-08-10T05:27:26Z
2026-08-10T05:25:30Z,2026-08-10T07:25:30+0200,4362fe35-cfeb-4c3c-9399-26381c363872,2026-08-06T03:00:00Z,2026-08-06T05:00:00+0200,8621.5708,MW,DE,DE_LU,forecast_onshore_wind_generation,Wind Onshore,2026-08-10T05:27:26Z
2026-08-10T05:25:30Z,2026-08-10T07:25:30+0200,4362fe35-cfeb-4c3c-9399-26381c363872,2026-08-06T03:15:00Z,2026-08-06T05:15:00+0200,8714.45944,MW,DE,DE_LU,forecast_onshore_wind_generation,Wind Onshore,2026-08-10T05:27:26Z
2026-08-10T05:25:30Z,2026-08-10T07:25:30+0200,4362fe35-cfeb-4c3c-9399-26381c363872,2026-08-06T03:30:00Z,2026-08-06T05:30:00+0200,8814.58939,MW,DE,DE_LU,forecast_onshore_wind_generation,Wind Onshore,2026-08-10T05:27:26Z
2026-08-10T05:25:30Z,2026-08-10T07:25:30+0200,4362fe35-cfeb-4c3c-9399-26381c363872,2026-08-06T03:45:00Z,2026-08-06T05:45:00+0200,8898.4976,MW,DE,DE_LU,forecast_onshore_wind_generation,Wind Onshore,2026-08-10T05:27:26Z
2026-08-10T05:25:30Z,2026-08-10T07:25:30+0200,4362fe35-cfeb-4c3c-9399-26381c363872,2026-08-06T04:00:00Z,2026-08-06T06:00:00+0200,9082.693,MW,DE,DE_LU,forecast_onshore_wind_generation,Wind Onshore,2026-08-10T05:27:26Z
2026-08-10T05:25:30Z,2026-08-10T07:25:30+0200,4362fe35-cfeb-4c3c-9399-26381c363872,2026-08-06T04:15:00Z,2026-08-06T06:15:00+0200,9064.14204,MW,DE,DE_LU,forecast_onshore_wind_generation,Wind Onshore,2026-08-10T05:27:26Z
2026-08-10T05:25:30Z,2026-08-10T07:25:30+0200,4362fe35-cfeb-4c3c-9399-26381c363872,2026-08-06T04:30:00Z,2026-08-06T06:30:00+0200,9034.43776,MW,DE,DE_LU,forecast_onshore_wind_generation,Wind Onshore,2026-08-10T05:27:26Z
2026-08-10T05:25:30Z,2026-08-10T07:25:30+0200,4362fe35-cfeb-4c3c-9399-26381c363872,2026-08-06T04:45:00Z,2026-08-06T06:45:00+0200,8954.80885,MW,DE,DE_LU,forecast_onshore_wind_generation,Wind Onshore,2026-08-10T05:27:26Z
2026-08-10T05:25:30Z,2026-08-10T07:25:30+0200,4362fe35-cfeb-4c3c-9399-26381c363872,2026-08-06T05:00:00Z,2026-08-06T07:00:00+0200,8774.52822,MW,DE,DE_LU,forecast_onshore_wind_generation,Wind Onshore,2026-08-10T05:27:26Z
2026-08-10T05:25:30Z,2026-08-10T07:25:30+0200,4362fe35-cfeb-4c3c-9399-26381c363872,2026-08-06T05:15:00Z,2026-08-06T07:15:00+0200,8414.96979,MW,DE,DE_LU,forecast_onshore_wind_generation,Wind Onshore,2026-08-10T05:27:26Z
2026-08-10T05:25:30Z,2026-08-10T07:25:30+0200,4362fe35-cfeb-4c3c-9399-26381c363872,2026-08-06T05:30:00Z,2026-08-06T07:30:00+0200,8007.77264,MW,DE,DE_LU,forecast_onshore_wind_generation,Wind Onshore,2026-08-10T05:27:26Z
2026-08-10T05:25:30Z,2026-08-10T07:25:30+0200,4362fe35-cfeb-4c3c-9399-26381c363872,2026-08-06T05:45:00Z,2026-08-06T07:45:00+0200,7654.35951,MW,DE,DE_LU,forecast_onshore_wind_generation,Wind Onshore,2026-08-10T05:27:26Z
2026-08-10T05:25:30Z,2026-08-10T07:25:30+0200,4362fe35-cfeb-4c3c-9399-26381c363872,2026-08-06T06:00:00Z,2026-08-06T08:00:00+0200,7653.33273,MW,DE,DE_LU,forecast_onshore_wind_generation,Wind Onshore,2026-08-10T05:27:26Z
2026-08-10T05:25:30Z,2026-08-10T07:25:30+0200,4362fe35-cfeb-4c3c-9399-26381c363872,2026-08-06T06:15:00Z,2026-08-06T08:15:00+0200,7839.75959,MW,DE,DE_LU,forecast_onshore_wind_generation,Wind Onshore,2026-08-10T05:27:26Z
2026-08-10T05:25:30Z,2026-08-10T07:25:30+0200,4362fe35-cfeb-4c3c-9399-26381c363872,2026-08-06T06:30:00Z,2026-08-06T08:30:00+0200,8088.57843,MW,DE,DE_LU,forecast_onshore_wind_generation,Wind Onshore,2026-08-10T05:27:26Z
2026-08-10T05:25:30Z,2026-08-10T07:25:30+0200,4362fe35-cfeb-4c3c-9399-26381c363872,2026-08-06T06:45:00Z,2026-08-06T08:45:00+0200,8398.03509,MW,DE,DE_LU,forecast_onshore_wind_generation,Wind Onshore,2026-08-10T05:27:26Z
2026-08-10T05:25:30Z,2026-08-10T07:25:30+0200,4362fe35-cfeb-4c3c-9399-26381c363872,2026-08-06T07:00:00Z,2026-08-06T09:00:00+0200,8805.53884,MW,DE,DE_LU,forecast_onshore_wind_generation,Wind Onshore,2026-08-10T05:27:26Z
2026-08-10T05:25:30Z,2026-08-10T07:25:30+0200,4362fe35-cfeb-4c3c-9399-26381c363872,2026-08-06T07:15:00Z,2026-08-06T09:15:00+0200,9433.22097,MW,DE,DE_LU,forecast_onshore_wind_generation,Wind Onshore,2026-08-10T05:27:26Z
2026-08-10T05:25:30Z,2026-08-10T07:25:30+0200,4362fe35-cfeb-4c3c-9399-26381c363872,2026-08-06T07:30:00Z,2026-08-06T09:30:00+0200,10062.305,MW,DE,DE_LU,forecast_onshore_wind_generation,Wind Onshore,2026-08-10T05:27:26Z
2026-08-10T05:25:30Z,2026-08-10T07:25:30+0200,4362fe35-cfeb-4c3c-9399-26381c363872,2026-08-06T07:45:00Z,2026-08-06T09:45:00+0200,10726.19901,MW,DE,DE_LU,forecast_onshore_wind_generation,Wind Onshore,2026-08-10T05:27:26Z
2026-08-10T05:25:30Z,2026-08-10T07:25:30+0200,4362fe35-cfeb-4c3c-9399-26381c363872,2026-08-06T08:00:00Z,2026-08-06T10:00:00+0200,11382.9672,MW,DE,DE_LU,forecast_onshore_wind_generation,Wind Onshore,2026-08-10T05:27:26Z
2026-08-10T05:25:30Z,2026-08-10T07:25:30+0200,4362fe35-cfeb-4c3c-9399-26381c363872,2026-08-06T08:15:00Z,2026-08-06T10:15:00+0200,12186.86429,MW,DE,DE_LU,forecast_onshore_wind_generation,Wind Onshore,2026-08-10T05:27:26Z
2026-08-10T05:25:30Z,2026-08-10T07:25:30+0200,4362fe35-cfeb-4c3c-9399-26381c363872,2026-08-06T08:30:00Z,2026-08-06T10:30:00+0200,12689.17173,MW,DE,DE_LU,forecast_onshore_wind_generation,Wind Onshore,2026-08-10T05:27:26Z
2026-08-10T05:25:30Z,2026-08-10T07:25:30+0200,4362fe35-cfeb-4c3c-9399-26381c363872,2026-08-06T08:45:00Z,2026-08-06T10:45:00+0200,13265.86211,MW,DE,DE_LU,forecast_onshore_wind_generation,Wind Onshore,2026-08-10T05:27:26Z
2026-08-10T05:25:30Z,2026-08-10T07:25:30+0200,4362fe35-cfeb-4c3c-9399-26381c363872,2026-08-06T09:00:00Z,2026-08-06T11:00:00+0200,13980.93596,MW,DE,DE_LU,forecast_onshore_wind_generation,Wind Onshore,2026-08-10T05:27:26Z
2026-08-10T05:25:30Z,2026-08-10T07:25:30+0200,4362fe35-cfeb-4c3c-9399-26381c363872,2026-08-06T09:15:00Z,2026-08-06T11:15:00+0200,14532.77309,MW,DE,DE_LU,forecast_onshore_wind_generation,Wind Onshore,2026-08-10T05:27:26Z
2026-08-10T05:25:30Z,2026-08-10T07:25:30+0200,4362fe35-cfeb-4c3c-9399-26381c363872,2026-08-06T09:30:00Z,2026-08-06T11:30:00+0200,15087.75449,MW,DE,DE_LU,forecast_onshore_wind_generation,Wind Onshore,2026-08-10T05:27:26Z
2026-08-10T05:25:30Z,2026-08-10T07:25:30+0200,4362fe35-cfeb-4c3c-9399-26381c363872,2026-08-06T09:45:00Z,2026-08-06T11:45:00+0200,15449.49163,MW,DE,DE_LU,forecast_onshore_wind_generation,Wind Onshore,2026-08-10T05:27:26Z
2026-08-10T05:25:30Z,2026-08-10T07:25:30+0200,4362fe35-cfeb-4c3c-9399-26381c363872,2026-08-06T10:00:00Z,2026-08-06T12:00:00+0200,16245.63603,MW,DE,DE_LU,forecast_onshore_wind_generation,Wind Onshore,2026-08-10T05:27:26Z
2026-08-10T05:25:30Z,2026-08-10T07:25:30+0200,4362fe35-cfeb-4c3c-9399-26381c363872,2026-08-06T10:15:00Z,2026-08-06T12:15:00+0200,16300.07764,MW,DE,DE_LU,forecast_onshore_wind_generation,Wind Onshore,2026-08-10T05:27:26Z
2026-08-10T05:25:30Z,2026-08-10T07:25:30+0200,4362fe35-cfeb-4c3c-9399-26381c363872,2026-08-06T10:30:00Z,2026-08-06T12:30:00+0200,16665.62382,MW,DE,DE_LU,forecast_onshore_wind_generation,Wind Onshore,2026-08-10T05:27:26Z
2026-08-10T05:25:30Z,2026-08-10T07:25:30+0200,4362fe35-cfeb-4c3c-9399-26381c363872,2026-08-06T10:45:00Z,2026-08-06T12:45:00+0200,17060.74729,MW,DE,DE_LU,forecast_onshore_wind_generation,Wind Onshore,2026-08-10T05:27:26Z
2026-08-10T05:25:30Z,2026-08-10T07:25:30+0200,4362fe35-cfeb-4c3c-9399-26381c363872,2026-08-06T11:00:00Z,2026-08-06T13:00:00+0200,17620.86084,MW,DE,DE_LU,forecast_onshore_wind_generation,Wind Onshore,2026-08-10T05:27:26Z
2026-08-10T05:25:30Z,2026-08-10T07:25:30+0200,4362fe35-cfeb-4c3c-9399-26381c363872,2026-08-06T11:15:00Z,2026-08-06T13:15:00+0200,17864.198,MW,DE,DE_LU,forecast_onshore_wind_generation,Wind Onshore,2026-08-10T05:27:26Z
2026-08-10T05:25:30Z,2026-08-10T07:25:30+0200,4362fe35-cfeb-4c3c-9399-26381c363872,2026-08-06T11:30:00Z,2026-08-06T13:30:00+0200,18038.47584,MW,DE,DE_LU,forecast_onshore_wind_generation,Wind Onshore,2026-08-10T05:27:26Z
2026-08-10T05:25:30Z,2026-08-10T07:25:30+0200,4362fe35-cfeb-4c3c-9399-26381c363872,2026-08-06T11:45:00Z,2026-08-06T13:45:00+0200,18280.36606,MW,DE,DE_LU,forecast_onshore_wind_generation,Wind Onshore,2026-08-10T05:27:26Z
2026-08-10T05:25:30Z,2026-08-10T07:25:30+0200,4362fe35-cfeb-4c3c-9399-26381c363872,2026-08-06T12:00:00Z,2026-08-06T14:00:00+0200,18472.83501,MW,DE,DE_LU,forecast_onshore_wind_generation,Wind Onshore,2026-08-10T05:27:26Z
2026-08-10T05:25:30Z,2026-08-10T07:25:30+0200,4362fe35-cfeb-4c3c-9399-26381c363872,2026-08-06T12:15:00Z,2026-08-06T14:15:00+0200,18659.26013,MW,DE,DE_LU,forecast_onshore_wind_generation,Wind Onshore,2026-08-10T05:27:26Z
2026-08-10T05:25:30Z,2026-08-10T07:25:30+0200,4362fe35-cfeb-4c3c-9399-26381c363872,2026-08-06T12:30:00Z,2026-08-06T14:30:00+0200,18921.44129,MW,DE,DE_LU,forecast_onshore_wind_generation,Wind Onshore,2026-08-10T05:27:26Z
2026-08-10T05:25:30Z,2026-08-10T07:25:30+0200,4362fe35-cfeb-4c3c-9399-26381c363872,2026-08-06T12:45:00Z,2026-08-06T14:45:00+0200,19201.25273,MW,DE,DE_LU,forecast_onshore_wind_generation,Wind Onshore,2026-08-10T05:27:26Z
2026-08-10T05:25:30Z,2026-08-10T07:25:30+0200,4362fe35-cfeb-4c3c-9399-26381c363872,2026-08-06T13:00:00Z,2026-08-06T15:00:00+0200,19516.40344,MW,DE,DE_LU,forecast_onshore_wind_generation,Wind Onshore,2026-08-10T05:27:26Z
2026-08-10T05:25:30Z,2026-08-10T07:25:30+0200,4362fe35-cfeb-4c3c-9399-26381c363872,2026-08-06T13:15:00Z,2026-08-06T15:15:00+0200,19732.3366,MW,DE,DE_LU,forecast_onshore_wind_generation,Wind Onshore,2026-08-10T05:27:26Z
2026-08-10T05:25:30Z,2026-08-10T07:25:30+0200,4362fe35-cfeb-4c3c-9399-26381c363872,2026-08-06T13:30:00Z,2026-08-06T15:30:00+0200,19966.07806,MW,DE,DE_LU,forecast_onshore_wind_generation,Wind Onshore,2026-08-10T05:27:26Z
2026-08-10T05:25:30Z,2026-08-10T07:25:30+0200,4362fe35-cfeb-4c3c-9399-26381c363872,2026-08-06T13:45:00Z,2026-08-06T15:45:00+0200,20178.68142,MW,DE,DE_LU,forecast_onshore_wind_generation,Wind Onshore,2026-08-10T05:27:26Z
2026-08-10T05:25:30Z,2026-08-10T07:25:30+0200,4362fe35-cfeb-4c3c-9399-26381c363872,2026-08-06T14:00:00Z,2026-08-06T16:00:00+0200,20308.90072,MW,DE,DE_LU,forecast_onshore_wind_generation,Wind Onshore,2026-08-10T05:27:26Z
2026-08-10T05:25:30Z,2026-08-10T07:25:30+0200,4362fe35-cfeb-4c3c-9399-26381c363872,2026-08-06T14:15:00Z,2026-08-06T16:15:00+0200,20609.94157,MW,DE,DE_LU,forecast_onshore_wind_generation,Wind Onshore,2026-08-10T05:27:26Z
2026-08-10T05:25:30Z,2026-08-10T07:25:30+0200,4362fe35-cfeb-4c3c-9399-26381c363872,2026-08-06T14:30:00Z,2026-08-06T16:30:00+0200,20661.14128,MW,DE,DE_LU,forecast_onshore_wind_generation,Wind Onshore,2026-08-10T05:27:26Z
2026-08-10T05:25:30Z,2026-08-10T07:25:30+0200,4362fe35-cfeb-4c3c-9399-26381c363872,2026-08-06T14:45:00Z,2026-08-06T16:45:00+0200,20843.20238,MW,DE,DE_LU,forecast_onshore_wind_generation,Wind Onshore,2026-08-10T05:27:26Z
2026-08-10T05:25:30Z,2026-08-10T07:25:30+0200,4362fe35-cfeb-4c3c-9399-26381c363872,2026-08-06T15:00:00Z,2026-08-06T17:00:00+0200,20984.68564,MW,DE,DE_LU,forecast_onshore_wind_generation,Wind Onshore,2026-08-10T05:27:26Z
2026-08-10T05:25:30Z,2026-08-10T07:25:30+0200,4362fe35-cfeb-4c3c-9399-26381c363872,2026-08-06T15:15:00Z,2026-08-06T17:15:00+0200,21437.53493,MW,DE,DE_LU,forecast_onshore_wind_generation,Wind Onshore,2026-08-10T05:27:26Z
2026-08-10T05:25:30Z,2026-08-10T07:25:30+0200,4362fe35-cfeb-4c3c-9399-26381c363872,2026-08-06T15:30:00Z,2026-08-06T17:30:00+0200,21750.42269,MW,DE,DE_LU,forecast_onshore_wind_generation,Wind Onshore,2026-08-10T05:27:26Z
2026-08-10T05:25:30Z,2026-08-10T07:25:30+0200,4362fe35-cfeb-4c3c-9399-26381c363872,2026-08-06T15:45:00Z,2026-08-06T17:45:00+0200,21868.40405,MW,DE,DE_LU,forecast_onshore_wind_generation,Wind Onshore,2026-08-10T05:27:26Z
2026-08-10T05:25:30Z,2026-08-10T07:25:30+0200,4362fe35-cfeb-4c3c-9399-26381c363872,2026-08-06T16:00:00Z,2026-08-06T18:00:00+0200,21739.8946,MW,DE,DE_LU,forecast_onshore_wind_generation,Wind Onshore,2026-08-10T05:27:26Z
2026-08-10T05:25:30Z,2026-08-10T07:25:30+0200,4362fe35-cfeb-4c3c-9399-26381c363872,2026-08-06T16:15:00Z,2026-08-06T18:15:00+0200,21499.00088,MW,DE,DE_LU,forecast_onshore_wind_generation,Wind Onshore,2026-08-10T05:27:26Z
2026-08-10T05:25:30Z,2026-08-10T07:25:30+0200,4362fe35-cfeb-4c3c-9399-26381c363872,2026-08-06T16:30:00Z,2026-08-06T18:30:00+0200,21111.43556,MW,DE,DE_LU,forecast_onshore_wind_generation,Wind Onshore,2026-08-10T05:27:26Z
2026-08-10T05:25:30Z,2026-08-10T07:25:30+0200,4362fe35-cfeb-4c3c-9399-26381c363872,2026-08-06T16:45:00Z,2026-08-06T18:45:00+0200,20697.51581,MW,DE,DE_LU,forecast_onshore_wind_generation,Wind Onshore,2026-08-10T05:27:26Z
2026-08-10T05:25:30Z,2026-08-10T07:25:30+0200,4362fe35-cfeb-4c3c-9399-26381c363872,2026-08-06T17:00:00Z,2026-08-06T19:00:00+0200,20251.00044,MW,DE,DE_LU,forecast_onshore_wind_generation,Wind Onshore,2026-08-10T05:27:26Z
2026-08-10T05:25:30Z,2026-08-10T07:25:30+0200,4362fe35-cfeb-4c3c-9399-26381c363872,2026-08-06T17:15:00Z,2026-08-06T19:15:00+0200,19726.0324,MW,DE,DE_LU,forecast_onshore_wind_generation,Wind Onshore,2026-08-10T05:27:26Z
2026-08-10T05:25:30Z,2026-08-10T07:25:30+0200,4362fe35-cfeb-4c3c-9399-26381c363872,2026-08-06T17:30:00Z,2026-08-06T19:30:00+0200,19175.16097,MW,DE,DE_LU,forecast_onshore_wind_generation,Wind Onshore,2026-08-10T05:27:26Z
2026-08-10T05:25:30Z,2026-08-10T07:25:30+0200,4362fe35-cfeb-4c3c-9399-26381c363872,2026-08-06T17:45:00Z,2026-08-06T19:45:00+0200,18610.89234,MW,DE,DE_LU,forecast_onshore_wind_generation,Wind Onshore,2026-08-10T05:27:26Z
2026-08-10T05:25:30Z,2026-08-10T07:25:30+0200,4362fe35-cfeb-4c3c-9399-26381c363872,2026-08-06T18:00:00Z,2026-08-06T20:00:00+0200,18037.02624,MW,DE,DE_LU,forecast_onshore_wind_generation,Wind Onshore,2026-08-10T05:27:26Z
2026-08-10T05:25:30Z,2026-08-10T07:25:30+0200,4362fe35-cfeb-4c3c-9399-26381c363872,2026-08-06T18:15:00Z,2026-08-06T20:15:00+0200,17518.15847,MW,DE,DE_LU,forecast_onshore_wind_generation,Wind Onshore,2026-08-10T05:27:26Z
2026-08-10T05:25:30Z,2026-08-10T07:25:30+0200,4362fe35-cfeb-4c3c-9399-26381c363872,2026-08-06T18:30:00Z,2026-08-06T20:30:00+0200,16969.79934,MW,DE,DE_LU,forecast_onshore_wind_generation,Wind Onshore,2026-08-10T05:27:26Z
2026-08-10T05:25:30Z,2026-08-10T07:25:30+0200,4362fe35-cfeb-4c3c-9399-26381c363872,2026-08-06T18:45:00Z,2026-08-06T20:45:00+0200,16379.15093,MW,DE,DE_LU,forecast_onshore_wind_generation,Wind Onshore,2026-08-10T05:27:26Z
2026-08-10T05:25:30Z,2026-08-10T07:25:30+0200,4362fe35-cfeb-4c3c-9399-26381c363872,2026-08-06T19:00:00Z,2026-08-06T21:00:00+0200,15718.16368,MW,DE,DE_LU,forecast_onshore_wind_generation,Wind Onshore,2026-08-10T05:27:26Z
2026-08-10T05:25:30Z,2026-08-10T07:25:30+0200,4362fe35-cfeb-4c3c-9399-26381c363872,2026-08-06T19:15:00Z,2026-08-06T21:15:00+0200,15195.12574,MW,DE,DE_LU,forecast_onshore_wind_generation,Wind Onshore,2026-08-10T05:27:26Z
2026-08-10T05:25:30Z,2026-08-10T07:25:30+0200,4362fe35-cfeb-4c3c-9399-26381c363872,2026-08-06T19:30:00Z,2026-08-06T21:30:00+0200,14752.81622,MW,DE,DE_LU,forecast_onshore_wind_generation,Wind Onshore,2026-08-10T05:27:26Z
2026-08-10T05:25:30Z,2026-08-10T07:25:30+0200,4362fe35-cfeb-4c3c-9399-26381c363872,2026-08-06T19:45:00Z,2026-08-06T21:45:00+0200,14317.45051,MW,DE,DE_LU,forecast_onshore_wind_generation,Wind Onshore,2026-08-10T05:27:26Z
2026-08-10T05:25:30Z,2026-08-10T07:25:30+0200,4362fe35-cfeb-4c3c-9399-26381c363872,2026-08-06T20:00:00Z,2026-08-06T22:00:00+0200,13758.23586,MW,DE,DE_LU,forecast_onshore_wind_generation,Wind Onshore,2026-08-10T05:27:26Z
2026-08-10T05:25:30Z,2026-08-10T07:25:30+0200,4362fe35-cfeb-4c3c-9399-26381c363872,2026-08-06T20:15:00Z,2026-08-06T22:15:00+0200,13451.06397,MW,DE,DE_LU,forecast_onshore_wind_generation,Wind Onshore,2026-08-10T05:27:26Z
2026-08-10T05:25:30Z,2026-08-10T07:25:30+0200,4362fe35-cfeb-4c3c-9399-26381c363872,2026-08-06T20:30:00Z,2026-08-06T22:30:00+0200,13146.70676,MW,DE,DE_LU,forecast_onshore_wind_generation,Wind Onshore,2026-08-10T05:27:26Z
2026-08-10T05:25:30Z,2026-08-10T07:25:30+0200,4362fe35-cfeb-4c3c-9399-26381c363872,2026-08-06T20:45:00Z,2026-08-06T22:45:00+0200,12844.43483,MW,DE,DE_LU,forecast_onshore_wind_generation,Wind Onshore,2026-08-10T05:27:26Z
2026-08-10T05:25:30Z,2026-08-10T07:25:30+0200,4362fe35-cfeb-4c3c-9399-26381c363872,2026-08-06T21:00:00Z,2026-08-06T23:00:00+0200,12556.9137,MW,DE,DE_LU,forecast_onshore_wind_generation,Wind Onshore,2026-08-10T05:27:26Z
2026-08-10T05:25:30Z,2026-08-10T07:25:30+0200,4362fe35-cfeb-4c3c-9399-26381c363872,2026-08-06T21:15:00Z,2026-08-06T23:15:00+0200,12274.027,MW,DE,DE_LU,forecast_onshore_wind_generation,Wind Onshore,2026-08-10T05:27:26Z
2026-08-10T05:25:30Z,2026-08-10T07:25:30+0200,4362fe35-cfeb-4c3c-9399-26381c363872,2026-08-06T21:30:00Z,2026-08-06T23:30:00+0200,11991.21092,MW,DE,DE_LU,forecast_onshore_wind_generation,Wind Onshore,2026-08-10T05:27:26Z
2026-08-10T05:25:30Z,2026-08-10T07:25:30+0200,4362fe35-cfeb-4c3c-9399-26381c363872,2026-08-06T21:45:00Z,2026-08-06T23:45:00+0200,11703.66884,MW,DE,DE_LU,forecast_onshore_wind_generation,Wind Onshore,2026-08-10T05:27:26Z
2026-08-10T05:25:30Z,2026-08-10T07:25:30+0200,4362fe35-cfeb-4c3c-9399-26381c363872,2026-08-06T22:00:00Z,2026-08-07T00:00:00+0200,11403.40845,MW,DE,DE_LU,forecast_onshore_wind_generation,Wind Onshore,2026-08-10T05:27:26Z
2026-08-10T05:25:30Z,2026-08-10T07:25:30+0200,4362fe35-cfeb-4c3c-9399-26381c363872,2026-08-06T22:15:00Z,2026-08-07T00:15:00+0200,11212.66307,MW,DE,DE_LU,forecast_onshore_wind_generation,Wind Onshore,2026-08-10T05:27:26Z
2026-08-10T05:25:30Z,2026-08-10T07:25:30+0200,4362fe35-cfeb-4c3c-9399-26381c363872,2026-08-06T22:30:00Z,2026-08-07T00:30:00+0200,11025.05933,MW,DE,DE_LU,forecast_onshore_wind_generation,Wind Onshore,2026-08-10T05:27:26Z
2026-08-10T05:25:30Z,2026-08-10T07:25:30+0200,4362fe35-cfeb-4c3c-9399-26381c363872,2026-08-06T22:45:00Z,2026-08-07T00:45:00+0200,10837.12435,MW,DE,DE_LU,forecast_onshore_wind_generation,Wind Onshore,2026-08-10T05:27:26Z
2026-08-10T05:25:30Z,2026-08-10T07:25:30+0200,4362fe35-cfeb-4c3c-9399-26381c363872,2026-08-06T23:00:00Z,2026-08-07T01:00:00+0200,10667.2771,MW,DE,DE_LU,forecast_onshore_wind_generation,Wind Onshore,2026-08-10T05:27:26Z
2026-08-10T05:25:30Z,2026-08-10T07:25:30+0200,4362fe35-cfeb-4c3c-9399-26381c363872,2026-08-06T23:15:00Z,2026-08-07T01:15:00+0200,10533.70489,MW,DE,DE_LU,forecast_onshore_wind_generation,Wind Onshore,2026-08-10T05:27:26Z
2026-08-10T05:25:30Z,2026-08-10T07:25:30+0200,4362fe35-cfeb-4c3c-9399-26381c363872,2026-08-06T23:30:00Z,2026-08-07T01:30:00+0200,10430.99348,MW,DE,DE_LU,forecast_onshore_wind_generation,Wind Onshore,2026-08-10T05:27:26Z
2026-08-10T05:25:30Z,2026-08-10T07:25:30+0200,4362fe35-cfeb-4c3c-9399-26381c363872,2026-08-06T23:45:00Z,2026-08-07T01:45:00+0200,10390.02231,MW,DE,DE_LU,forecast_onshore_wind_generation,Wind Onshore,2026-08-10T05:27:26Z
2026-08-10T05:25:30Z,2026-08-10T07:25:30+0200,4362fe35-cfeb-4c3c-9399-26381c363872,2026-08-07T00:00:00Z,2026-08-07T02:00:00+0200,10412.09397,MW,DE,DE_LU,forecast_onshore_wind_generation,Wind Onshore,2026-08-10T05:27:26Z
2026-08-10T05:25:30Z,2026-08-10T07:25:30+0200,4362fe35-cfeb-4c3c-9399-26381c363872,2026-08-07T00:15:00Z,2026-08-07T02:15:00+0200,10349.44645,MW,DE,DE_LU,forecast_onshore_wind_generation,Wind Onshore,2026-08-10T05:27:26Z
2026-08-10T05:25:30Z,2026-08-10T07:25:30+0200,4362fe35-cfeb-4c3c-9399-26381c363872,2026-08-07T00:30:00Z,2026-08-07T02:30:00+0200,10227.49328,MW,DE,DE_LU,forecast_onshore_wind_generation,Wind Onshore,2026-08-10T05:27:26Z
2026-08-10T05:25:30Z,2026-08-10T07:25:30+0200,4362fe35-cfeb-4c3c-9399-26381c363872,2026-08-07T00:45:00Z,2026-08-07T02:45:00+0200,10084.25697,MW,DE,DE_LU,forecast_onshore_wind_generation,Wind Onshore,2026-08-10T05:27:26Z
2026-08-10T05:25:30Z,2026-08-10T07:25:30+0200,4362fe35-cfeb-4c3c-9399-26381c363872,2026-08-07T01:00:00Z,2026-08-07T03:00:00+0200,9923.13226,MW,DE,DE_LU,forecast_onshore_wind_generation,Wind Onshore,2026-08-10T05:27:26Z
2026-08-10T05:25:30Z,2026-08-10T07:25:30+0200,4362fe35-cfeb-4c3c-9399-26381c363872,2026-08-07T01:15:00Z,2026-08-07T03:15:00+0200,9761.07197,MW,DE,DE_LU,forecast_onshore_wind_generation,Wind Onshore,2026-08-10T05:27:26Z
2026-08-10T05:25:30Z,2026-08-10T07:25:30+0200,4362fe35-cfeb-4c3c-9399-26381c363872,2026-08-07T01:30:00Z,2026-08-07T03:30:00+0200,9598.48611,MW,DE,DE_LU,forecast_onshore_wind_generation,Wind Onshore,2026-08-10T05:27:26Z
2026-08-10T05:25:30Z,2026-08-10T07:25:30+0200,4362fe35-cfeb-4c3c-9399-26381c363872,2026-08-07T01:45:00Z,2026-08-07T03:45:00+0200,9446.64709,MW,DE,DE_LU,forecast_onshore_wind_generation,Wind Onshore,2026-08-10T05:27:26Z
2026-08-10T05:25:30Z,2026-08-10T07:25:30+0200,4362fe35-cfeb-4c3c-9399-26381c363872,2026-08-07T02:00:00Z,2026-08-07T04:00:00+0200,9301.97521,MW,DE,DE_LU,forecast_onshore_wind_generation,Wind Onshore,2026-08-10T05:27:26Z
2026-08-10T05:25:30Z,2026-08-10T07:25:30+0200,4362fe35-cfeb-4c3c-9399-26381c363872,2026-08-07T02:15:00Z,2026-08-07T04:15:00+0200,9187.33915,MW,DE,DE_LU,forecast_onshore_wind_generation,Wind Onshore,2026-08-10T05:27:26Z
2026-08-10T05:25:30Z,2026-08-10T07:25:30+0200,4362fe35-cfeb-4c3c-9399-26381c363872,2026-08-07T02:30:00Z,2026-08-07T04:30:00+0200,9072.5724,MW,DE,DE_LU,forecast_onshore_wind_generation,Wind Onshore,2026-08-10T05:27:26Z
2026-08-10T05:25:30Z,2026-08-10T07:25:30+0200,4362fe35-cfeb-4c3c-9399-26381c363872,2026-08-07T02:45:00Z,2026-08-07T04:45:00+0200,8967.07568,MW,DE,DE_LU,forecast_onshore_wind_generation,Wind Onshore,2026-08-10T05:27:26Z
2026-08-10T05:25:30Z,2026-08-10T07:25:30+0200,4362fe35-cfeb-4c3c-9399-26381c363872,2026-08-07T03:00:00Z,2026-08-07T05:00:00+0200,8876.95451,MW,DE,DE_LU,forecast_onshore_wind_generation,Wind Onshore,2026-08-10T05:27:26Z
2026-08-10T05:25:30Z,2026-08-10T07:25:30+0200,4362fe35-cfeb-4c3c-9399-26381c363872,2026-08-07T03:15:00Z,2026-08-07T05:15:00+0200,8769.17068,MW,DE,DE_LU,forecast_onshore_wind_generation,Wind Onshore,2026-08-10T05:27:26Z
2026-08-10T05:25:30Z,2026-08-10T07:25:30+0200,4362fe35-cfeb-4c3c-9399-26381c363872,2026-08-07T03:30:00Z,2026-08-07T05:30:00+0200,8663.7766,MW,DE,DE_LU,forecast_onshore_wind_generation,Wind Onshore,2026-08-10T05:27:26Z
2026-08-10T05:25:30Z,2026-08-10T07:25:30+0200,4362fe35-cfeb-4c3c-9399-26381c363872,2026-08-07T03:45:00Z,2026-08-07T05:45:00+0200,8559.91024,MW,DE,DE_LU,forecast_onshore_wind_generation,Wind Onshore,2026-08-10T05:27:26Z
2026-08-10T05:25:30Z,2026-08-10T07:25:30+0200,4362fe35-cfeb-4c3c-9399-26381c363872,2026-08-07T04:00:00Z,2026-08-07T06:00:00+0200,8537.01923,MW,DE,DE_LU,forecast_onshore_wind_generation,Wind Onshore,2026-08-10T05:27:26Z
2026-08-10T05:25:30Z,2026-08-10T07:25:30+0200,4362fe35-cfeb-4c3c-9399-26381c363872,2026-08-07T04:15:00Z,2026-08-07T06:15:00+0200,8307.26489,MW,DE,DE_LU,forecast_onshore_wind_generation,Wind Onshore,2026-08-10T05:27:26Z
2026-08-10T05:25:30Z,2026-08-10T07:25:30+0200,4362fe35-cfeb-4c3c-9399-26381c363872,2026-08-07T04:30:00Z,2026-08-07T06:30:00+0200,8036.8941,MW,DE,DE_LU,forecast_onshore_wind_generation,Wind Onshore,2026-08-10T05:27:26Z
2026-08-10T05:25:30Z,2026-08-10T07:25:30+0200,4362fe35-cfeb-4c3c-9399-26381c363872,2026-08-07T04:45:00Z,2026-08-07T06:45:00+0200,7657.8981,MW,DE,DE_LU,forecast_onshore_wind_generation,Wind Onshore,2026-08-10T05:27:26Z
2026-08-10T05:25:30Z,2026-08-10T07:25:30+0200,4362fe35-cfeb-4c3c-9399-26381c363872,2026-08-07T05:00:00Z,2026-08-07T07:00:00+0200,7230.08711,MW,DE,DE_LU,forecast_onshore_wind_generation,Wind Onshore,2026-08-10T05:27:26Z
2026-08-10T05:25:30Z,2026-08-10T07:25:30+0200,4362fe35-cfeb-4c3c-9399-26381c363872,2026-08-07T05:15:00Z,2026-08-07T07:15:00+0200,6763.30764,MW,DE,DE_LU,forecast_onshore_wind_generation,Wind Onshore,2026-08-10T05:27:26Z
2026-08-10T05:25:30Z,2026-08-10T07:25:30+0200,4362fe35-cfeb-4c3c-9399-26381c363872,2026-08-07T05:30:00Z,2026-08-07T07:30:00+0200,6245.06393,MW,DE,DE_LU,forecast_onshore_wind_generation,Wind Onshore,2026-08-10T05:27:26Z
2026-08-10T05:25:30Z,2026-08-10T07:25:30+0200,4362fe35-cfeb-4c3c-9399-26381c363872,2026-08-07T05:45:00Z,2026-08-07T07:45:00+0200,5796.64488,MW,DE,DE_LU,forecast_onshore_wind_generation,Wind Onshore,2026-08-10T05:27:26Z
2026-08-10T05:25:30Z,2026-08-10T07:25:30+0200,4362fe35-cfeb-4c3c-9399-26381c363872,2026-08-07T06:00:00Z,2026-08-07T08:00:00+0200,5563.17402,MW,DE,DE_LU,forecast_onshore_wind_generation,Wind Onshore,2026-08-10T05:27:26Z
2026-08-10T05:25:30Z,2026-08-10T07:25:30+0200,4362fe35-cfeb-4c3c-9399-26381c363872,2026-08-07T06:15:00Z,2026-08-07T08:15:00+0200,5496.67626,MW,DE,DE_LU,forecast_onshore_wind_generation,Wind Onshore,2026-08-10T05:27:26Z
2026-08-10T05:25:30Z,2026-08-10T07:25:30+0200,4362fe35-cfeb-4c3c-9399-26381c363872,2026-08-07T06:30:00Z,2026-08-07T08:30:00+0200,5457.92252,MW,DE,DE_LU,forecast_onshore_wind_generation,Wind Onshore,2026-08-10T05:27:26Z
2026-08-10T05:25:30Z,2026-08-10T07:25:30+0200,4362fe35-cfeb-4c3c-9399-26381c363872,2026-08-07T06:45:00Z,2026-08-07T08:45:00+0200,5462.93124,MW,DE,DE_LU,forecast_onshore_wind_generation,Wind Onshore,2026-08-10T05:27:26Z
2026-08-10T05:25:30Z,2026-08-10T07:25:30+0200,4362fe35-cfeb-4c3c-9399-26381c363872,2026-08-07T07:00:00Z,2026-08-07T09:00:00+0200,5471.777,MW,DE,DE_LU,forecast_onshore_wind_generation,Wind Onshore,2026-08-10T05:27:26Z
2026-08-10T05:25:30Z,2026-08-10T07:25:30+0200,4362fe35-cfeb-4c3c-9399-26381c363872,2026-08-07T07:15:00Z,2026-08-07T09:15:00+0200,5486.83955,MW,DE,DE_LU,forecast_onshore_wind_generation,Wind Onshore,2026-08-10T05:27:26Z
2026-08-10T05:25:30Z,2026-08-10T07:25:30+0200,4362fe35-cfeb-4c3c-9399-26381c363872,2026-08-07T07:30:00Z,2026-08-07T09:30:00+0200,5497.84579,MW,DE,DE_LU,forecast_onshore_wind_generation,Wind Onshore,2026-08-10T05:27:26Z
2026-08-10T05:25:30Z,2026-08-10T07:25:30+0200,4362fe35-cfeb-4c3c-9399-26381c363872,2026-08-07T07:45:00Z,2026-08-07T09:45:00+0200,5499.9078,MW,DE,DE_LU,forecast_onshore_wind_generation,Wind Onshore,2026-08-10T05:27:26Z
2026-08-10T05:25:30Z,2026-08-10T07:25:30+0200,4362fe35-cfeb-4c3c-9399-26381c363872,2026-08-07T08:00:00Z,2026-08-07T10:00:00+0200,5497.29455,MW,DE,DE_LU,forecast_onshore_wind_generation,Wind Onshore,2026-08-10T05:27:26Z
2026-08-10T05:25:30Z,2026-08-10T07:25:30+0200,4362fe35-cfeb-4c3c-9399-26381c363872,2026-08-07T08:15:00Z,2026-08-07T10:15:00+0200,5511.09882,MW,DE,DE_LU,forecast_onshore_wind_generation,Wind Onshore,2026-08-10T05:27:26Z
2026-08-10T05:25:30Z,2026-08-10T07:25:30+0200,4362fe35-cfeb-4c3c-9399-26381c363872,2026-08-07T08:30:00Z,2026-08-07T10:30:00+0200,5528.09882,MW,DE,DE_LU,forecast_onshore_wind_generation,Wind Onshore,2026-08-10T05:27:26Z
2026-08-10T05:25:30Z,2026-08-10T07:25:30+0200,4362fe35-cfeb-4c3c-9399-26381c363872,2026-08-07T08:45:00Z,2026-08-07T10:45:00+0200,5550.60432,MW,DE,DE_LU,forecast_onshore_wind_generation,Wind Onshore,2026-08-10T05:27:26Z
2026-08-10T05:25:30Z,2026-08-10T07:25:30+0200,4362fe35-cfeb-4c3c-9399-26381c363872,2026-08-07T09:00:00Z,2026-08-07T11:00:00+0200,5573.73069,MW,DE,DE_LU,forecast_onshore_wind_generation,Wind Onshore,2026-08-10T05:27:26Z
2026-08-10T05:25:30Z,2026-08-10T07:25:30+0200,4362fe35-cfeb-4c3c-9399-26381c363872,2026-08-07T09:15:00Z,2026-08-07T11:15:00+0200,5632.97273,MW,DE,DE_LU,forecast_onshore_wind_generation,Wind Onshore,2026-08-10T05:27:26Z
2026-08-10T05:25:30Z,2026-08-10T07:25:30+0200,4362fe35-cfeb-4c3c-9399-26381c363872,2026-08-07T09:30:00Z,2026-08-07T11:30:00+0200,5691.54854,MW,DE,DE_LU,forecast_onshore_wind_generation,Wind Onshore,2026-08-10T05:27:26Z
2026-08-10T05:25:30Z,2026-08-10T07:25:30+0200,4362fe35-cfeb-4c3c-9399-26381c363872,2026-08-07T09:45:00Z,2026-08-07T11:45:00+0200,5739.60559,MW,DE,DE_LU,forecast_onshore_wind_generation,Wind Onshore,2026-08-10T05:27:26Z
2026-08-10T05:25:30Z,2026-08-10T07:25:30+0200,4362fe35-cfeb-4c3c-9399-26381c363872,2026-08-07T10:00:00Z,2026-08-07T12:00:00+0200,5780.81076,MW,DE,DE_LU,forecast_onshore_wind_generation,Wind Onshore,2026-08-10T05:27:26Z
2026-08-10T05:25:30Z,2026-08-10T07:25:30+0200,4362fe35-cfeb-4c3c-9399-26381c363872,2026-08-07T10:15:00Z,2026-08-07T12:15:00+0200,5764.1295,MW,DE,DE_LU,forecast_onshore_wind_generation,Wind Onshore,2026-08-10T05:27:26Z
2026-08-10T05:25:30Z,2026-08-10T07:25:30+0200,4362fe35-cfeb-4c3c-9399-26381c363872,2026-08-07T10:30:00Z,2026-08-07T12:30:00+0200,5744.6285,MW,DE,DE_LU,forecast_onshore_wind_generation,Wind Onshore,2026-08-10T05:27:26Z
2026-08-10T05:25:30Z,2026-08-10T07:25:30+0200,4362fe35-cfeb-4c3c-9399-26381c363872,2026-08-07T10:45:00Z,2026-08-07T12:45:00+0200,5735.43897,MW,DE,DE_LU,forecast_onshore_wind_generation,Wind Onshore,2026-08-10T05:27:26Z
2026-08-10T05:25:30Z,2026-08-10T07:25:30+0200,4362fe35-cfeb-4c3c-9399-26381c363872,2026-08-07T11:00:00Z,2026-08-07T13:00:00+0200,5715.00433,MW,DE,DE_LU,forecast_onshore_wind_generation,Wind Onshore,2026-08-10T05:27:26Z
2026-08-10T05:25:30Z,2026-08-10T07:25:30+0200,4362fe35-cfeb-4c3c-9399-26381c363872,2026-08-07T11:15:00Z,2026-08-07T13:15:00+0200,5698.06672,MW,DE,DE_LU,forecast_onshore_wind_generation,Wind Onshore,2026-08-10T05:27:26Z
2026-08-10T05:25:30Z,2026-08-10T07:25:30+0200,4362fe35-cfeb-4c3c-9399-26381c363872,2026-08-07T11:30:00Z,2026-08-07T13:30:00+0200,5692.75063,MW,DE,DE_LU,forecast_onshore_wind_generation,Wind Onshore,2026-08-10T05:27:26Z
2026-08-10T05:25:30Z,2026-08-10T07:25:30+0200,4362fe35-cfeb-4c3c-9399-26381c363872,2026-08-07T11:45:00Z,2026-08-07T13:45:00+0200,5717.41354,MW,DE,DE_LU,forecast_onshore_wind_generation,Wind Onshore,2026-08-10T05:27:26Z
2026-08-10T05:25:30Z,2026-08-10T07:25:30+0200,4362fe35-cfeb-4c3c-9399-26381c363872,2026-08-07T12:00:00Z,2026-08-07T14:00:00+0200,5799.8548,MW,DE,DE_LU,forecast_onshore_wind_generation,Wind Onshore,2026-08-10T05:27:26Z
2026-08-10T05:25:30Z,2026-08-10T07:25:30+0200,4362fe35-cfeb-4c3c-9399-26381c363872,2026-08-07T12:15:00Z,2026-08-07T14:15:00+0200,5825.01383,MW,DE,DE_LU,forecast_onshore_wind_generation,Wind Onshore,2026-08-10T05:27:26Z
2026-08-10T05:25:30Z,2026-08-10T07:25:30+0200,4362fe35-cfeb-4c3c-9399-26381c363872,2026-08-07T12:30:00Z,2026-08-07T14:30:00+0200,5818.25813,MW,DE,DE_LU,forecast_onshore_wind_generation,Wind Onshore,2026-08-10T05:27:26Z
2026-08-10T05:25:30Z,2026-08-10T07:25:30+0200,4362fe35-cfeb-4c3c-9399-26381c363872,2026-08-07T12:45:00Z,2026-08-07T14:45:00+0200,5798.77943,MW,DE,DE_LU,forecast_onshore_wind_generation,Wind Onshore,2026-08-10T05:27:26Z
2026-08-10T05:25:30Z,2026-08-10T07:25:30+0200,4362fe35-cfeb-4c3c-9399-26381c363872,2026-08-07T13:00:00Z,2026-08-07T15:00:00+0200,5771.63667,MW,DE,DE_LU,forecast_onshore_wind_generation,Wind Onshore,2026-08-10T05:27:26Z
2026-08-10T05:25:30Z,2026-08-10T07:25:30+0200,4362fe35-cfeb-4c3c-9399-26381c363872,2026-08-07T13:15:00Z,2026-08-07T15:15:00+0200,5753.79572,MW,DE,DE_LU,forecast_onshore_wind_generation,Wind Onshore,2026-08-10T05:27:26Z
2026-08-10T05:25:30Z,2026-08-10T07:25:30+0200,4362fe35-cfeb-4c3c-9399-26381c363872,2026-08-07T13:30:00Z,2026-08-07T15:30:00+0200,5737.18038,MW,DE,DE_LU,forecast_onshore_wind_generation,Wind Onshore,2026-08-10T05:27:26Z
2026-08-10T05:25:30Z,2026-08-10T07:25:30+0200,4362fe35-cfeb-4c3c-9399-26381c363872,2026-08-07T13:45:00Z,2026-08-07T15:45:00+0200,5714.34339,MW,DE,DE_LU,forecast_onshore_wind_generation,Wind Onshore,2026-08-10T05:27:26Z
2026-08-10T05:25:30Z,2026-08-10T07:25:30+0200,4362fe35-cfeb-4c3c-9399-26381c363872,2026-08-07T14:00:00Z,2026-08-07T16:00:00+0200,5678.8397,MW,DE,DE_LU,forecast_onshore_wind_generation,Wind Onshore,2026-08-10T05:27:26Z
2026-08-10T05:25:30Z,2026-08-10T07:25:30+0200,4362fe35-cfeb-4c3c-9399-26381c363872,2026-08-07T14:15:00Z,2026-08-07T16:15:00+0200,5618.35778,MW,DE,DE_LU,forecast_onshore_wind_generation,Wind Onshore,2026-08-10T05:27:26Z
2026-08-10T05:25:30Z,2026-08-10T07:25:30+0200,4362fe35-cfeb-4c3c-9399-26381c363872,2026-08-07T14:30:00Z,2026-08-07T16:30:00+0200,5554.25065,MW,DE,DE_LU,forecast_onshore_wind_generation,Wind Onshore,2026-08-10T05:27:26Z
2026-08-10T05:25:30Z,2026-08-10T07:25:30+0200,4362fe35-cfeb-4c3c-9399-26381c363872,2026-08-07T14:45:00Z,2026-08-07T16:45:00+0200,5478.87019,MW,DE,DE_LU,forecast_onshore_wind_generation,Wind Onshore,2026-08-10T05:27:26Z
2026-08-10T05:25:30Z,2026-08-10T07:25:30+0200,4362fe35-cfeb-4c3c-9399-26381c363872,2026-08-07T15:00:00Z,2026-08-07T17:00:00+0200,5402.42716,MW,DE,DE_LU,forecast_onshore_wind_generation,Wind Onshore,2026-08-10T05:27:26Z
2026-08-10T05:25:30Z,2026-08-10T07:25:30+0200,4362fe35-cfeb-4c3c-9399-26381c363872,2026-08-07T15:15:00Z,2026-08-07T17:15:00+0200,5316.78487,MW,DE,DE_LU,forecast_onshore_wind_generation,Wind Onshore,2026-08-10T05:27:26Z
2026-08-10T05:25:30Z,2026-08-10T07:25:30+0200,4362fe35-cfeb-4c3c-9399-26381c363872,2026-08-07T15:30:00Z,2026-08-07T17:30:00+0200,5231.02965,MW,DE,DE_LU,forecast_onshore_wind_generation,Wind Onshore,2026-08-10T05:27:26Z
2026-08-10T05:25:30Z,2026-08-10T07:25:30+0200,4362fe35-cfeb-4c3c-9399-26381c363872,2026-08-07T15:45:00Z,2026-08-07T17:45:00+0200,5153.31524,MW,DE,DE_LU,forecast_onshore_wind_generation,Wind Onshore,2026-08-10T05:27:26Z
2026-08-10T05:25:30Z,2026-08-10T07:25:30+0200,4362fe35-cfeb-4c3c-9399-26381c363872,2026-08-07T16:00:00Z,2026-08-07T18:00:00+0200,5077.70145,MW,DE,DE_LU,forecast_onshore_wind_generation,Wind Onshore,2026-08-10T05:27:26Z
2026-08-10T05:25:30Z,2026-08-10T07:25:30+0200,4362fe35-cfeb-4c3c-9399-26381c363872,2026-08-07T16:15:00Z,2026-08-07T18:15:00+0200,4980.77472,MW,DE,DE_LU,forecast_onshore_wind_generation,Wind Onshore,2026-08-10T05:27:26Z
2026-08-10T05:25:30Z,2026-08-10T07:25:30+0200,4362fe35-cfeb-4c3c-9399-26381c363872,2026-08-07T16:30:00Z,2026-08-07T18:30:00+0200,4883.74524,MW,DE,DE_LU,forecast_onshore_wind_generation,Wind Onshore,2026-08-10T05:27:26Z
2026-08-10T05:25:30Z,2026-08-10T07:25:30+0200,4362fe35-cfeb-4c3c-9399-26381c363872,2026-08-07T16:45:00Z,2026-08-07T18:45:00+0200,4792.12686,MW,DE,DE_LU,forecast_onshore_wind_generation,Wind Onshore,2026-08-10T05:27:26Z
2026-08-10T05:25:30Z,2026-08-10T07:25:30+0200,4362fe35-cfeb-4c3c-9399-26381c363872,2026-08-07T17:00:00Z,2026-08-07T19:00:00+0200,4704.66674,MW,DE,DE_LU,forecast_onshore_wind_generation,Wind Onshore,2026-08-10T05:27:26Z
2026-08-10T05:25:30Z,2026-08-10T07:25:30+0200,4362fe35-cfeb-4c3c-9399-26381c363872,2026-08-07T17:15:00Z,2026-08-07T19:15:00+0200,4679.05611,MW,DE,DE_LU,forecast_onshore_wind_generation,Wind Onshore,2026-08-10T05:27:26Z
2026-08-10T05:25:30Z,2026-08-10T07:25:30+0200,4362fe35-cfeb-4c3c-9399-26381c363872,2026-08-07T17:30:00Z,2026-08-07T19:30:00+0200,4644.70623,MW,DE,DE_LU,forecast_onshore_wind_generation,Wind Onshore,2026-08-10T05:27:26Z
2026-08-10T05:25:30Z,2026-08-10T07:25:30+0200,4362fe35-cfeb-4c3c-9399-26381c363872,2026-08-07T17:45:00Z,2026-08-07T19:45:00+0200,4627.88871,MW,DE,DE_LU,forecast_onshore_wind_generation,Wind Onshore,2026-08-10T05:27:26Z
2026-08-10T05:25:30Z,2026-08-10T07:25:30+0200,4362fe35-cfeb-4c3c-9399-26381c363872,2026-08-07T18:00:00Z,2026-08-07T20:00:00+0200,4603.569,MW,DE,DE_LU,forecast_onshore_wind_generation,Wind Onshore,2026-08-10T05:27:26Z
2026-08-10T05:25:30Z,2026-08-10T07:25:30+0200,4362fe35-cfeb-4c3c-9399-26381c363872,2026-08-07T18:15:00Z,2026-08-07T20:15:00+0200,4674.07697,MW,DE,DE_LU,forecast_onshore_wind_generation,Wind Onshore,2026-08-10T05:27:26Z
2026-08-10T05:25:30Z,2026-08-10T07:25:30+0200,4362fe35-cfeb-4c3c-9399-26381c363872,2026-08-07T18:30:00Z,2026-08-07T20:30:00+0200,4712.38958,MW,DE,DE_LU,forecast_onshore_wind_generation,Wind Onshore,2026-08-10T05:27:26Z
2026-08-10T05:25:30Z,2026-08-10T07:25:30+0200,4362fe35-cfeb-4c3c-9399-26381c363872,2026-08-07T18:45:00Z,2026-08-07T20:45:00+0200,4678.70115,MW,DE,DE_LU,forecast_onshore_wind_generation,Wind Onshore,2026-08-10T05:27:26Z
2026-08-10T05:25:30Z,2026-08-10T07:25:30+0200,4362fe35-cfeb-4c3c-9399-26381c363872,2026-08-07T19:00:00Z,2026-08-07T21:00:00+0200,4575.03054,MW,DE,DE_LU,forecast_onshore_wind_generation,Wind Onshore,2026-08-10T05:27:26Z
2026-08-10T05:25:30Z,2026-08-10T07:25:30+0200,4362fe35-cfeb-4c3c-9399-26381c363872,2026-08-07T19:15:00Z,2026-08-07T21:15:00+0200,4601.27076,MW,DE,DE_LU,forecast_onshore_wind_generation,Wind Onshore,2026-08-10T05:27:26Z
2026-08-10T05:25:30Z,2026-08-10T07:25:30+0200,4362fe35-cfeb-4c3c-9399-26381c363872,2026-08-07T19:30:00Z,2026-08-07T21:30:00+0200,4710.07949,MW,DE,DE_LU,forecast_onshore_wind_generation,Wind Onshore,2026-08-10T05:27:26Z
2026-08-10T05:25:30Z,2026-08-10T07:25:30+0200,4362fe35-cfeb-4c3c-9399-26381c363872,2026-08-07T19:45:00Z,2026-08-07T21:45:00+0200,4836.99375,MW,DE,DE_LU,forecast_onshore_wind_generation,Wind Onshore,2026-08-10T05:27:26Z
2026-08-10T05:25:30Z,2026-08-10T07:25:30+0200,4362fe35-cfeb-4c3c-9399-26381c363872,2026-08-07T20:00:00Z,2026-08-07T22:00:00+0200,4960.31596,MW,DE,DE_LU,forecast_onshore_wind_generation,Wind Onshore,2026-08-10T05:27:26Z
2026-08-10T05:25:30Z,2026-08-10T07:25:30+0200,4362fe35-cfeb-4c3c-9399-26381c363872,2026-08-07T20:15:00Z,2026-08-07T22:15:00+0200,4981.78269,MW,DE,DE_LU,forecast_onshore_wind_generation,Wind Onshore,2026-08-10T05:27:26Z
2026-08-10T05:25:30Z,2026-08-10T07:25:30+0200,4362fe35-cfeb-4c3c-9399-26381c363872,2026-08-07T20:30:00Z,2026-08-07T22:30:00+0200,4998.16319,MW,DE,DE_LU,forecast_onshore_wind_generation,Wind Onshore,2026-08-10T05:27:26Z
2026-08-10T05:25:30Z,2026-08-10T07:25:30+0200,4362fe35-cfeb-4c3c-9399-26381c363872,2026-08-07T20:45:00Z,2026-08-07T22:45:00+0200,4999.43289,MW,DE,DE_LU,forecast_onshore_wind_generation,Wind Onshore,2026-08-10T05:27:26Z
2026-08-10T05:25:30Z,2026-08-10T07:25:30+0200,4362fe35-cfeb-4c3c-9399-26381c363872,2026-08-07T21:00:00Z,2026-08-07T23:00:00+0200,4998.0768,MW,DE,DE_LU,forecast_onshore_wind_generation,Wind Onshore,2026-08-10T05:27:26Z
2026-08-10T05:25:30Z,2026-08-10T07:25:30+0200,4362fe35-cfeb-4c3c-9399-26381c363872,2026-08-07T21:15:00Z,2026-08-07T23:15:00+0200,4957.68327,MW,DE,DE_LU,forecast_onshore_wind_generation,Wind Onshore,2026-08-10T05:27:26Z
2026-08-10T05:25:30Z,2026-08-10T07:25:30+0200,4362fe35-cfeb-4c3c-9399-26381c363872,2026-08-07T21:30:00Z,2026-08-07T23:30:00+0200,4916.66421,MW,DE,DE_LU,forecast_onshore_wind_generation,Wind Onshore,2026-08-10T05:27:26Z
2026-08-10T05:25:30Z,2026-08-10T07:25:30+0200,4362fe35-cfeb-4c3c-9399-26381c363872,2026-08-07T21:45:00Z,2026-08-07T23:45:00+0200,4871.73945,MW,DE,DE_LU,forecast_onshore_wind_generation,Wind Onshore,2026-08-10T05:27:26Z
2026-08-10T05:25:30Z,2026-08-10T07:25:30+0200,4362fe35-cfeb-4c3c-9399-26381c363872,2026-08-07T22:00:00Z,2026-08-08T00:00:00+0200,4903.90204,MW,DE,DE_LU,forecast_onshore_wind_generation,Wind Onshore,2026-08-10T05:27:26Z
2026-08-10T05:25:30Z,2026-08-10T07:25:30+0200,4362fe35-cfeb-4c3c-9399-26381c363872,2026-08-07T22:15:00Z,2026-08-08T00:15:00+0200,4850.49099,MW,DE,DE_LU,forecast_onshore_wind_generation,Wind Onshore,2026-08-10T05:27:26Z
2026-08-10T05:25:30Z,2026-08-10T07:25:30+0200,4362fe35-cfeb-4c3c-9399-26381c363872,2026-08-07T22:30:00Z,2026-08-08T00:30:00+0200,4796.50268,MW,DE,DE_LU,forecast_onshore_wind_generation,Wind Onshore,2026-08-10T05:27:26Z
2026-08-10T05:25:30Z,2026-08-10T07:25:30+0200,4362fe35-cfeb-4c3c-9399-26381c363872,2026-08-07T22:45:00Z,2026-08-08T00:45:00+0200,4743.69187,MW,DE,DE_LU,forecast_onshore_wind_generation,Wind Onshore,2026-08-10T05:27:26Z
2026-08-10T05:25:30Z,2026-08-10T07:25:30+0200,4362fe35-cfeb-4c3c-9399-26381c363872,2026-08-07T23:00:00Z,2026-08-08T01:00:00+0200,4692.83366,MW,DE,DE_LU,forecast_onshore_wind_generation,Wind Onshore,2026-08-10T05:27:26Z
2026-08-10T05:25:30Z,2026-08-10T07:25:30+0200,4362fe35-cfeb-4c3c-9399-26381c363872,2026-08-07T23:15:00Z,2026-08-08T01:15:00+0200,4637.69604,MW,DE,DE_LU,forecast_onshore_wind_generation,Wind Onshore,2026-08-10T05:27:26Z
2026-08-10T05:25:30Z,2026-08-10T07:25:30+0200,4362fe35-cfeb-4c3c-9399-26381c363872,2026-08-07T23:30:00Z,2026-08-08T01:30:00+0200,4597.86411,MW,DE,DE_LU,forecast_onshore_wind_generation,Wind Onshore,2026-08-10T05:27:26Z
2026-08-10T05:25:30Z,2026-08-10T07:25:30+0200,4362fe35-cfeb-4c3c-9399-26381c363872,2026-08-07T23:45:00Z,2026-08-08T01:45:00+0200,4592.7197,MW,DE,DE_LU,forecast_onshore_wind_generation,Wind Onshore,2026-08-10T05:27:26Z
2026-08-10T05:25:30Z,2026-08-10T07:25:30+0200,4362fe35-cfeb-4c3c-9399-26381c363872,2026-08-08T00:00:00Z,2026-08-08T02:00:00+0200,4612.54248,MW,DE,DE_LU,forecast_onshore_wind_generation,Wind Onshore,2026-08-10T05:27:26Z
2026-08-10T05:25:30Z,2026-08-10T07:25:30+0200,4362fe35-cfeb-4c3c-9399-26381c363872,2026-08-08T00:15:00Z,2026-08-08T02:15:00+0200,4585.15281,MW,DE,DE_LU,forecast_onshore_wind_generation,Wind Onshore,2026-08-10T05:27:26Z
2026-08-10T05:25:30Z,2026-08-10T07:25:30+0200,4362fe35-cfeb-4c3c-9399-26381c363872,2026-08-08T00:30:00Z,2026-08-08T02:30:00+0200,4525.51685,MW,DE,DE_LU,forecast_onshore_wind_generation,Wind Onshore,2026-08-10T05:27:26Z
2026-08-10T05:25:30Z,2026-08-10T07:25:30+0200,4362fe35-cfeb-4c3c-9399-26381c363872,2026-08-08T00:45:00Z,2026-08-08T02:45:00+0200,4451.24519,MW,DE,DE_LU,forecast_onshore_wind_generation,Wind Onshore,2026-08-10T05:27:26Z
2026-08-10T05:25:30Z,2026-08-10T07:25:30+0200,4362fe35-cfeb-4c3c-9399-26381c363872,2026-08-08T01:00:00Z,2026-08-08T03:00:00+0200,4368.64463,MW,DE,DE_LU,forecast_onshore_wind_generation,Wind Onshore,2026-08-10T05:27:26Z
2026-08-10T05:25:30Z,2026-08-10T07:25:30+0200,4362fe35-cfeb-4c3c-9399-26381c363872,2026-08-08T01:15:00Z,2026-08-08T03:15:00+0200,4294.155,MW,DE,DE_LU,forecast_onshore_wind_generation,Wind Onshore,2026-08-10T05:27:26Z
2026-08-10T05:25:30Z,2026-08-10T07:25:30+0200,4362fe35-cfeb-4c3c-9399-26381c363872,2026-08-08T01:30:00Z,2026-08-08T03:30:00+0200,4216.38994,MW,DE,DE_LU,forecast_onshore_wind_generation,Wind Onshore,2026-08-10T05:27:26Z
2026-08-10T05:25:30Z,2026-08-10T07:25:30+0200,4362fe35-cfeb-4c3c-9399-26381c363872,2026-08-08T01:45:00Z,2026-08-08T03:45:00+0200,4141.51168,MW,DE,DE_LU,forecast_onshore_wind_generation,Wind Onshore,2026-08-10T05:27:26Z
2026-08-10T05:25:30Z,2026-08-10T07:25:30+0200,4362fe35-cfeb-4c3c-9399-26381c363872,2026-08-08T02:00:00Z,2026-08-08T04:00:00+0200,4066.03734,MW,DE,DE_LU,forecast_onshore_wind_generation,Wind Onshore,2026-08-10T05:27:26Z
2026-08-10T05:25:30Z,2026-08-10T07:25:30+0200,4362fe35-cfeb-4c3c-9399-26381c363872,2026-08-08T02:15:00Z,2026-08-08T04:15:00+0200,3989.32769,MW,DE,DE_LU,forecast_onshore_wind_generation,Wind Onshore,2026-08-10T05:27:26Z
2026-08-10T05:25:30Z,2026-08-10T07:25:30+0200,4362fe35-cfeb-4c3c-9399-26381c363872,2026-08-08T02:30:00Z,2026-08-08T04:30:00+0200,3911.16571,MW,DE,DE_LU,forecast_onshore_wind_generation,Wind Onshore,2026-08-10T05:27:26Z
2026-08-10T05:25:30Z,2026-08-10T07:25:30+0200,4362fe35-cfeb-4c3c-9399-26381c363872,2026-08-08T02:45:00Z,2026-08-08T04:45:00+0200,3836.32129,MW,DE,DE_LU,forecast_onshore_wind_generation,Wind Onshore,2026-08-10T05:27:26Z
2026-08-10T05:25:30Z,2026-08-10T07:25:30+0200,4362fe35-cfeb-4c3c-9399-26381c363872,2026-08-08T03:00:00Z,2026-08-08T05:00:00+0200,3767.5075,MW,DE,DE_LU,forecast_onshore_wind_generation,Wind Onshore,2026-08-10T05:27:26Z
2026-08-10T05:25:30Z,2026-08-10T07:25:30+0200,4362fe35-cfeb-4c3c-9399-26381c363872,2026-08-08T03:15:00Z,2026-08-08T05:15:00+0200,3707.15927,MW,DE,DE_LU,forecast_onshore_wind_generation,Wind Onshore,2026-08-10T05:27:26Z
2026-08-10T05:25:30Z,2026-08-10T07:25:30+0200,4362fe35-cfeb-4c3c-9399-26381c363872,2026-08-08T03:30:00Z,2026-08-08T05:30:00+0200,3645.92704,MW,DE,DE_LU,forecast_onshore_wind_generation,Wind Onshore,2026-08-10T05:27:26Z
2026-08-10T05:25:30Z,2026-08-10T07:25:30+0200,4362fe35-cfeb-4c3c-9399-26381c363872,2026-08-08T03:45:00Z,2026-08-08T05:45:00+0200,3585.20572,MW,DE,DE_LU,forecast_onshore_wind_generation,Wind Onshore,2026-08-10T05:27:26Z
2026-08-10T05:25:30Z,2026-08-10T07:25:30+0200,4362fe35-cfeb-4c3c-9399-26381c363872,2026-08-08T04:00:00Z,2026-08-08T06:00:00+0200,3537.88802,MW,DE,DE_LU,forecast_onshore_wind_generation,Wind Onshore,2026-08-10T05:27:26Z
2026-08-10T05:25:30Z,2026-08-10T07:25:30+0200,4362fe35-cfeb-4c3c-9399-26381c363872,2026-08-08T04:15:00Z,2026-08-08T06:15:00+0200,3476.5218,MW,DE,DE_LU,forecast_onshore_wind_generation,Wind Onshore,2026-08-10T05:27:26Z
2026-08-10T05:25:30Z,2026-08-10T07:25:30+0200,4362fe35-cfeb-4c3c-9399-26381c363872,2026-08-08T04:30:00Z,2026-08-08T06:30:00+0200,3410.54032,MW,DE,DE_LU,forecast_onshore_wind_generation,Wind Onshore,2026-08-10T05:27:26Z
2026-08-10T05:25:30Z,2026-08-10T07:25:30+0200,4362fe35-cfeb-4c3c-9399-26381c363872,2026-08-08T04:45:00Z,2026-08-08T06:45:00+0200,3335.62643,MW,DE,DE_LU,forecast_onshore_wind_generation,Wind Onshore,2026-08-10T05:27:26Z
2026-08-10T05:25:30Z,2026-08-10T07:25:30+0200,4362fe35-cfeb-4c3c-9399-26381c363872,2026-08-08T05:00:00Z,2026-08-08T07:00:00+0200,3249.19071,MW,DE,DE_LU,forecast_onshore_wind_generation,Wind Onshore,2026-08-10T05:27:26Z
2026-08-10T05:25:30Z,2026-08-10T07:25:30+0200,4362fe35-cfeb-4c3c-9399-26381c363872,2026-08-08T05:15:00Z,2026-08-08T07:15:00+0200,3072.90508,MW,DE,DE_LU,forecast_onshore_wind_generation,Wind Onshore,2026-08-10T05:27:26Z
2026-08-10T05:25:30Z,2026-08-10T07:25:30+0200,4362fe35-cfeb-4c3c-9399-26381c363872,2026-08-08T05:30:00Z,2026-08-08T07:30:00+0200,2912.11978,MW,DE,DE_LU,forecast_onshore_wind_generation,Wind Onshore,2026-08-10T05:27:26Z
2026-08-10T05:25:30Z,2026-08-10T07:25:30+0200,4362fe35-cfeb-4c3c-9399-26381c363872,2026-08-08T05:45:00Z,2026-08-08T07:45:00+0200,2768.0151,MW,DE,DE_LU,forecast_onshore_wind_generation,Wind Onshore,2026-08-10T05:27:26Z
2026-08-10T05:25:30Z,2026-08-10T07:25:30+0200,4362fe35-cfeb-4c3c-9399-26381c363872,2026-08-08T06:00:00Z,2026-08-08T08:00:00+0200,2586.42067,MW,DE,DE_LU,forecast_onshore_wind_generation,Wind Onshore,2026-08-10T05:27:26Z
2026-08-10T05:25:30Z,2026-08-10T07:25:30+0200,4362fe35-cfeb-4c3c-9399-26381c363872,2026-08-08T06:15:00Z,2026-08-08T08:15:00+0200,2296.54239,MW,DE,DE_LU,forecast_onshore_wind_generation,Wind Onshore,2026-08-10T05:27:26Z
2026-08-10T05:25:30Z,2026-08-10T07:25:30+0200,4362fe35-cfeb-4c3c-9399-26381c363872,2026-08-08T06:30:00Z,2026-08-08T08:30:00+0200,1972.47613,MW,DE,DE_LU,forecast_onshore_wind_generation,Wind Onshore,2026-08-10T05:27:26Z
2026-08-10T05:25:30Z,2026-08-10T07:25:30+0200,4362fe35-cfeb-4c3c-9399-26381c363872,2026-08-08T06:45:00Z,2026-08-08T08:45:00+0200,1654.20968,MW,DE,DE_LU,forecast_onshore_wind_generation,Wind Onshore,2026-08-10T05:27:26Z
2026-08-10T05:25:30Z,2026-08-10T07:25:30+0200,4362fe35-cfeb-4c3c-9399-26381c363872,2026-08-08T07:00:00Z,2026-08-08T09:00:00+0200,1326.68639,MW,DE,DE_LU,forecast_onshore_wind_generation,Wind Onshore,2026-08-10T05:27:26Z
2026-08-10T05:25:30Z,2026-08-10T07:25:30+0200,4362fe35-cfeb-4c3c-9399-26381c363872,2026-08-08T07:15:00Z,2026-08-08T09:15:00+0200,1257.70216,MW,DE,DE_LU,forecast_onshore_wind_generation,Wind Onshore,2026-08-10T05:27:26Z
2026-08-10T05:25:30Z,2026-08-10T07:25:30+0200,4362fe35-cfeb-4c3c-9399-26381c363872,2026-08-08T07:30:00Z,2026-08-08T09:30:00+0200,1189.9879,MW,DE,DE_LU,forecast_onshore_wind_generation,Wind Onshore,2026-08-10T05:27:26Z
2026-08-10T05:25:30Z,2026-08-10T07:25:30+0200,4362fe35-cfeb-4c3c-9399-26381c363872,2026-08-08T07:45:00Z,2026-08-08T09:45:00+0200,1117.75866,MW,DE,DE_LU,forecast_onshore_wind_generation,Wind Onshore,2026-08-10T05:27:26Z
2026-08-10T05:25:30Z,2026-08-10T07:25:30+0200,4362fe35-cfeb-4c3c-9399-26381c363872,2026-08-08T08:00:00Z,2026-08-08T10:00:00+0200,1049.9346,MW,DE,DE_LU,forecast_onshore_wind_generation,Wind Onshore,2026-08-10T05:27:26Z
2026-08-10T05:25:30Z,2026-08-10T07:25:30+0200,4362fe35-cfeb-4c3c-9399-26381c363872,2026-08-08T08:15:00Z,2026-08-08T10:15:00+0200,1021.44913,MW,DE,DE_LU,forecast_onshore_wind_generation,Wind Onshore,2026-08-10T05:27:26Z
2026-08-10T05:25:30Z,2026-08-10T07:25:30+0200,4362fe35-cfeb-4c3c-9399-26381c363872,2026-08-08T08:30:00Z,2026-08-08T10:30:00+0200,993.5381,MW,DE,DE_LU,forecast_onshore_wind_generation,Wind Onshore,2026-08-10T05:27:26Z
2026-08-10T05:25:30Z,2026-08-10T07:25:30+0200,4362fe35-cfeb-4c3c-9399-26381c363872,2026-08-08T08:45:00Z,2026-08-08T10:45:00+0200,963.36861,MW,DE,DE_LU,forecast_onshore_wind_generation,Wind Onshore,2026-08-10T05:27:26Z
2026-08-10T05:25:30Z,2026-08-10T07:25:30+0200,4362fe35-cfeb-4c3c-9399-26381c363872,2026-08-08T09:00:00Z,2026-08-08T11:00:00+0200,938.44063,MW,DE,DE_LU,forecast_onshore_wind_generation,Wind Onshore,2026-08-10T05:27:26Z
2026-08-10T05:25:30Z,2026-08-10T07:25:30+0200,4362fe35-cfeb-4c3c-9399-26381c363872,2026-08-08T09:15:00Z,2026-08-08T11:15:00+0200,915.47672,MW,DE,DE_LU,forecast_onshore_wind_generation,Wind Onshore,2026-08-10T05:27:26Z
2026-08-10T05:25:30Z,2026-08-10T07:25:30+0200,4362fe35-cfeb-4c3c-9399-26381c363872,2026-08-08T09:30:00Z,2026-08-08T11:30:00+0200,893.63548,MW,DE,DE_LU,forecast_onshore_wind_generation,Wind Onshore,2026-08-10T05:27:26Z
2026-08-10T05:25:30Z,2026-08-10T07:25:30+0200,4362fe35-cfeb-4c3c-9399-26381c363872,2026-08-08T09:45:00Z,2026-08-08T11:45:00+0200,870.43989,MW,DE,DE_LU,forecast_onshore_wind_generation,Wind Onshore,2026-08-10T05:27:26Z
2026-08-10T05:25:30Z,2026-08-10T07:25:30+0200,4362fe35-cfeb-4c3c-9399-26381c363872,2026-08-08T10:00:00Z,2026-08-08T12:00:00+0200,834.75466,MW,DE,DE_LU,forecast_onshore_wind_generation,Wind Onshore,2026-08-10T05:27:26Z
2026-08-10T05:25:30Z,2026-08-10T07:25:30+0200,4362fe35-cfeb-4c3c-9399-26381c363872,2026-08-08T10:15:00Z,2026-08-08T12:15:00+0200,785.8595,MW,DE,DE_LU,forecast_onshore_wind_generation,Wind Onshore,2026-08-10T05:27:26Z
2026-08-10T05:25:30Z,2026-08-10T07:25:30+0200,4362fe35-cfeb-4c3c-9399-26381c363872,2026-08-08T10:30:00Z,2026-08-08T12:30:00+0200,736.50729,MW,DE,DE_LU,forecast_onshore_wind_generation,Wind Onshore,2026-08-10T05:27:26Z
2026-08-10T05:25:30Z,2026-08-10T07:25:30+0200,4362fe35-cfeb-4c3c-9399-26381c363872,2026-08-08T10:45:00Z,2026-08-08T12:45:00+0200,688.75504,MW,DE,DE_LU,forecast_onshore_wind_generation,Wind Onshore,2026-08-10T05:27:26Z
2026-08-10T05:25:30Z,2026-08-10T07:25:30+0200,4362fe35-cfeb-4c3c-9399-26381c363872,2026-08-08T11:00:00Z,2026-08-08T13:00:00+0200,649.91227,MW,DE,DE_LU,forecast_onshore_wind_generation,Wind Onshore,2026-08-10T05:27:26Z
2026-08-10T05:25:30Z,2026-08-10T07:25:30+0200,4362fe35-cfeb-4c3c-9399-26381c363872,2026-08-08T11:15:00Z,2026-08-08T13:15:00+0200,627.01558,MW,DE,DE_LU,forecast_onshore_wind_generation,Wind Onshore,2026-08-10T05:27:26Z
2026-08-10T05:25:30Z,2026-08-10T07:25:30+0200,4362fe35-cfeb-4c3c-9399-26381c363872,2026-08-08T11:30:00Z,2026-08-08T13:30:00+0200,605.09818,MW,DE,DE_LU,forecast_onshore_wind_generation,Wind Onshore,2026-08-10T05:27:26Z
2026-08-10T05:25:30Z,2026-08-10T07:25:30+0200,4362fe35-cfeb-4c3c-9399-26381c363872,2026-08-08T11:45:00Z,2026-08-08T13:45:00+0200,585.34242,MW,DE,DE_LU,forecast_onshore_wind_generation,Wind Onshore,2026-08-10T05:27:26Z
2026-08-10T05:25:30Z,2026-08-10T07:25:30+0200,4362fe35-cfeb-4c3c-9399-26381c363872,2026-08-08T12:00:00Z,2026-08-08T14:00:00+0200,569.6071,MW,DE,DE_LU,forecast_onshore_wind_generation,Wind Onshore,2026-08-10T05:27:26Z
2026-08-10T05:25:30Z,2026-08-10T07:25:30+0200,4362fe35-cfeb-4c3c-9399-26381c363872,2026-08-08T12:15:00Z,2026-08-08T14:15:00+0200,554.3085,MW,DE,DE_LU,forecast_onshore_wind_generation,Wind Onshore,2026-08-10T05:27:26Z
2026-08-10T05:25:30Z,2026-08-10T07:25:30+0200,4362fe35-cfeb-4c3c-9399-26381c363872,2026-08-08T12:30:00Z,2026-08-08T14:30:00+0200,537.42945,MW,DE,DE_LU,forecast_onshore_wind_generation,Wind Onshore,2026-08-10T05:27:26Z
2026-08-10T05:25:30Z,2026-08-10T07:25:30+0200,4362fe35-cfeb-4c3c-9399-26381c363872,2026-08-08T12:45:00Z,2026-08-08T14:45:00+0200,520.82636,MW,DE,DE_LU,forecast_onshore_wind_generation,Wind Onshore,2026-08-10T05:27:26Z
2026-08-10T05:25:30Z,2026-08-10T07:25:30+0200,4362fe35-cfeb-4c3c-9399-26381c363872,2026-08-08T13:00:00Z,2026-08-08T15:00:00+0200,512.61873,MW,DE,DE_LU,forecast_onshore_wind_generation,Wind Onshore,2026-08-10T05:27:26Z
2026-08-10T05:25:30Z,2026-08-10T07:25:30+0200,4362fe35-cfeb-4c3c-9399-26381c363872,2026-08-08T13:15:00Z,2026-08-08T15:15:00+0200,526.82593,MW,DE,DE_LU,forecast_onshore_wind_generation,Wind Onshore,2026-08-10T05:27:26Z
2026-08-10T05:25:30Z,2026-08-10T07:25:30+0200,4362fe35-cfeb-4c3c-9399-26381c363872,2026-08-08T13:30:00Z,2026-08-08T15:30:00+0200,541.1128,MW,DE,DE_LU,forecast_onshore_wind_generation,Wind Onshore,2026-08-10T05:27:26Z
2026-08-10T05:25:30Z,2026-08-10T07:25:30+0200,4362fe35-cfeb-4c3c-9399-26381c363872,2026-08-08T13:45:00Z,2026-08-08T15:45:00+0200,555.5819,MW,DE,DE_LU,forecast_onshore_wind_generation,Wind Onshore,2026-08-10T05:27:26Z
2026-08-10T05:25:30Z,2026-08-10T07:25:30+0200,4362fe35-cfeb-4c3c-9399-26381c363872,2026-08-08T14:00:00Z,2026-08-08T16:00:00+0200,565.87728,MW,DE,DE_LU,forecast_onshore_wind_generation,Wind Onshore,2026-08-10T05:27:26Z
2026-08-10T05:25:30Z,2026-08-10T07:25:30+0200,4362fe35-cfeb-4c3c-9399-26381c363872,2026-08-08T14:15:00Z,2026-08-08T16:15:00+0200,584.14893,MW,DE,DE_LU,forecast_onshore_wind_generation,Wind Onshore,2026-08-10T05:27:26Z
2026-08-10T05:25:30Z,2026-08-10T07:25:30+0200,4362fe35-cfeb-4c3c-9399-26381c363872,2026-08-08T14:30:00Z,2026-08-08T16:30:00+0200,603.72892,MW,DE,DE_LU,forecast_onshore_wind_generation,Wind Onshore,2026-08-10T05:27:26Z
2026-08-10T05:25:30Z,2026-08-10T07:25:30+0200,4362fe35-cfeb-4c3c-9399-26381c363872,2026-08-08T14:45:00Z,2026-08-08T16:45:00+0200,624.59372,MW,DE,DE_LU,forecast_onshore_wind_generation,Wind Onshore,2026-08-10T05:27:26Z
2026-08-10T05:25:30Z,2026-08-10T07:25:30+0200,4362fe35-cfeb-4c3c-9399-26381c363872,2026-08-08T15:00:00Z,2026-08-08T17:00:00+0200,648.56411,MW,DE,DE_LU,forecast_onshore_wind_generation,Wind Onshore,2026-08-10T05:27:26Z
2026-08-10T05:25:30Z,2026-08-10T07:25:30+0200,4362fe35-cfeb-4c3c-9399-26381c363872,2026-08-08T15:15:00Z,2026-08-08T17:15:00+0200,691.58761,MW,DE,DE_LU,forecast_onshore_wind_generation,Wind Onshore,2026-08-10T05:27:26Z
2026-08-10T05:25:30Z,2026-08-10T07:25:30+0200,4362fe35-cfeb-4c3c-9399-26381c363872,2026-08-08T15:30:00Z,2026-08-08T17:30:00+0200,737.94517,MW,DE,DE_LU,forecast_onshore_wind_generation,Wind Onshore,2026-08-10T05:27:26Z
2026-08-10T05:25:30Z,2026-08-10T07:25:30+0200,4362fe35-cfeb-4c3c-9399-26381c363872,2026-08-08T15:45:00Z,2026-08-08T17:45:00+0200,786.817,MW,DE,DE_LU,forecast_onshore_wind_generation,Wind Onshore,2026-08-10T05:27:26Z
2026-08-10T05:25:30Z,2026-08-10T07:25:30+0200,4362fe35-cfeb-4c3c-9399-26381c363872,2026-08-08T16:00:00Z,2026-08-08T18:00:00+0200,840.49442,MW,DE,DE_LU,forecast_onshore_wind_generation,Wind Onshore,2026-08-10T05:27:26Z
2026-08-10T05:25:30Z,2026-08-10T07:25:30+0200,4362fe35-cfeb-4c3c-9399-26381c363872,2026-08-08T16:15:00Z,2026-08-08T18:15:00+0200,953.12619,MW,DE,DE_LU,forecast_onshore_wind_generation,Wind Onshore,2026-08-10T05:27:26Z
2026-08-10T05:25:30Z,2026-08-10T07:25:30+0200,4362fe35-cfeb-4c3c-9399-26381c363872,2026-08-08T16:30:00Z,2026-08-08T18:30:00+0200,1066.39044,MW,DE,DE_LU,forecast_onshore_wind_generation,Wind Onshore,2026-08-10T05:27:26Z
2026-08-10T05:25:30Z,2026-08-10T07:25:30+0200,4362fe35-cfeb-4c3c-9399-26381c363872,2026-08-08T16:45:00Z,2026-08-08T18:45:00+0200,1186.34368,MW,DE,DE_LU,forecast_onshore_wind_generation,Wind Onshore,2026-08-10T05:27:26Z
2026-08-10T05:25:30Z,2026-08-10T07:25:30+0200,4362fe35-cfeb-4c3c-9399-26381c363872,2026-08-08T17:00:00Z,2026-08-08T19:00:00+0200,1316.4447,MW,DE,DE_LU,forecast_onshore_wind_generation,Wind Onshore,2026-08-10T05:27:26Z
2026-08-10T05:25:30Z,2026-08-10T07:25:30+0200,4362fe35-cfeb-4c3c-9399-26381c363872,2026-08-08T17:15:00Z,2026-08-08T19:15:00+0200,1692.59344,MW,DE,DE_LU,forecast_onshore_wind_generation,Wind Onshore,2026-08-10T05:27:26Z
2026-08-10T05:25:30Z,2026-08-10T07:25:30+0200,4362fe35-cfeb-4c3c-9399-26381c363872,2026-08-08T17:30:00Z,2026-08-08T19:30:00+0200,2048.63318,MW,DE,DE_LU,forecast_onshore_wind_generation,Wind Onshore,2026-08-10T05:27:26Z
2026-08-10T05:25:30Z,2026-08-10T07:25:30+0200,4362fe35-cfeb-4c3c-9399-26381c363872,2026-08-08T17:45:00Z,2026-08-08T19:45:00+0200,2424.15833,MW,DE,DE_LU,forecast_onshore_wind_generation,Wind Onshore,2026-08-10T05:27:26Z
2026-08-10T05:25:30Z,2026-08-10T07:25:30+0200,4362fe35-cfeb-4c3c-9399-26381c363872,2026-08-08T18:00:00Z,2026-08-08T20:00:00+0200,2817.93784,MW,DE,DE_LU,forecast_onshore_wind_generation,Wind Onshore,2026-08-10T05:27:26Z
2026-08-10T05:25:30Z,2026-08-10T07:25:30+0200,4362fe35-cfeb-4c3c-9399-26381c363872,2026-08-08T18:15:00Z,2026-08-08T20:15:00+0200,3524.92729,MW,DE,DE_LU,forecast_onshore_wind_generation,Wind Onshore,2026-08-10T05:27:26Z
2026-08-10T05:25:30Z,2026-08-10T07:25:30+0200,4362fe35-cfeb-4c3c-9399-26381c363872,2026-08-08T18:30:00Z,2026-08-08T20:30:00+0200,4174.78414,MW,DE,DE_LU,forecast_onshore_wind_generation,Wind Onshore,2026-08-10T05:27:26Z
2026-08-10T05:25:30Z,2026-08-10T07:25:30+0200,4362fe35-cfeb-4c3c-9399-26381c363872,2026-08-08T18:45:00Z,2026-08-08T20:45:00+0200,4751.50587,MW,DE,DE_LU,forecast_onshore_wind_generation,Wind Onshore,2026-08-10T05:27:26Z
2026-08-10T05:25:30Z,2026-08-10T07:25:30+0200,4362fe35-cfeb-4c3c-9399-26381c363872,2026-08-08T19:00:00Z,2026-08-08T21:00:00+0200,5231.73381,MW,DE,DE_LU,forecast_onshore_wind_generation,Wind Onshore,2026-08-10T05:27:26Z
2026-08-10T05:25:30Z,2026-08-10T07:25:30+0200,4362fe35-cfeb-4c3c-9399-26381c363872,2026-08-08T19:15:00Z,2026-08-08T21:15:00+0200,5806.60745,MW,DE,DE_LU,forecast_onshore_wind_generation,Wind Onshore,2026-08-10T05:27:26Z
2026-08-10T05:25:30Z,2026-08-10T07:25:30+0200,4362fe35-cfeb-4c3c-9399-26381c363872,2026-08-08T19:30:00Z,2026-08-08T21:30:00+0200,6475.72469,MW,DE,DE_LU,forecast_onshore_wind_generation,Wind Onshore,2026-08-10T05:27:26Z
2026-08-10T05:25:30Z,2026-08-10T07:25:30+0200,4362fe35-cfeb-4c3c-9399-26381c363872,2026-08-08T19:45:00Z,2026-08-08T21:45:00+0200,7190.31783,MW,DE,DE_LU,forecast_onshore_wind_generation,Wind Onshore,2026-08-10T05:27:26Z
2026-08-10T05:25:30Z,2026-08-10T07:25:30+0200,4362fe35-cfeb-4c3c-9399-26381c363872,2026-08-08T20:00:00Z,2026-08-08T22:00:00+0200,7905.76889,MW,DE,DE_LU,forecast_onshore_wind_generation,Wind Onshore,2026-08-10T05:27:26Z
2026-08-10T05:25:30Z,2026-08-10T07:25:30+0200,4362fe35-cfeb-4c3c-9399-26381c363872,2026-08-08T20:15:00Z,2026-08-08T22:15:00+0200,8471.10001,MW,DE,DE_LU,forecast_onshore_wind_generation,Wind Onshore,2026-08-10T05:27:26Z
2026-08-10T05:25:30Z,2026-08-10T07:25:30+0200,4362fe35-cfeb-4c3c-9399-26381c363872,2026-08-08T20:30:00Z,2026-08-08T22:30:00+0200,9042.94055,MW,DE,DE_LU,forecast_onshore_wind_generation,Wind Onshore,2026-08-10T05:27:26Z
2026-08-10T05:25:30Z,2026-08-10T07:25:30+0200,4362fe35-cfeb-4c3c-9399-26381c363872,2026-08-08T20:45:00Z,2026-08-08T22:45:00+0200,9609.67335,MW,DE,DE_LU,forecast_onshore_wind_generation,Wind Onshore,2026-08-10T05:27:26Z
2026-08-10T05:25:30Z,2026-08-10T07:25:30+0200,4362fe35-cfeb-4c3c-9399-26381c363872,2026-08-08T21:00:00Z,2026-08-08T23:00:00+0200,10165.3914,MW,DE,DE_LU,forecast_onshore_wind_generation,Wind Onshore,2026-08-10T05:27:26Z
2026-08-10T05:25:30Z,2026-08-10T07:25:30+0200,4362fe35-cfeb-4c3c-9399-26381c363872,2026-08-08T21:15:00Z,2026-08-08T23:15:00+0200,10565.93443,MW,DE,DE_LU,forecast_onshore_wind_generation,Wind Onshore,2026-08-10T05:27:26Z
2026-08-10T05:25:30Z,2026-08-10T07:25:30+0200,4362fe35-cfeb-4c3c-9399-26381c363872,2026-08-08T21:30:00Z,2026-08-08T23:30:00+0200,10959.83926,MW,DE,DE_LU,forecast_onshore_wind_generation,Wind Onshore,2026-08-10T05:27:26Z
2026-08-10T05:25:30Z,2026-08-10T07:25:30+0200,4362fe35-cfeb-4c3c-9399-26381c363872,2026-08-08T21:45:00Z,2026-08-08T23:45:00+0200,11336.12162,MW,DE,DE_LU,forecast_onshore_wind_generation,Wind Onshore,2026-08-10T05:27:26Z
2026-08-10T05:25:30Z,2026-08-10T07:25:30+0200,4362fe35-cfeb-4c3c-9399-26381c363872,2026-08-08T22:00:00Z,2026-08-09T00:00:00+0200,12027.55981,MW,DE,DE_LU,forecast_onshore_wind_generation,Wind Onshore,2026-08-10T05:27:26Z
2026-08-10T05:25:30Z,2026-08-10T07:25:30+0200,4362fe35-cfeb-4c3c-9399-26381c363872,2026-08-08T22:15:00Z,2026-08-09T00:15:00+0200,12267.80768,MW,DE,DE_LU,forecast_onshore_wind_generation,Wind Onshore,2026-08-10T05:27:26Z
2026-08-10T05:25:30Z,2026-08-10T07:25:30+0200,4362fe35-cfeb-4c3c-9399-26381c363872,2026-08-08T22:30:00Z,2026-08-09T00:30:00+0200,12505.41221,MW,DE,DE_LU,forecast_onshore_wind_generation,Wind Onshore,2026-08-10T05:27:26Z
2026-08-10T05:25:30Z,2026-08-10T07:25:30+0200,4362fe35-cfeb-4c3c-9399-26381c363872,2026-08-08T22:45:00Z,2026-08-09T00:45:00+0200,12734.05017,MW,DE,DE_LU,forecast_onshore_wind_generation,Wind Onshore,2026-08-10T05:27:26Z
2026-08-10T05:25:30Z,2026-08-10T07:25:30+0200,4362fe35-cfeb-4c3c-9399-26381c363872,2026-08-08T23:00:00Z,2026-08-09T01:00:00+0200,12954.72814,MW,DE,DE_LU,forecast_onshore_wind_generation,Wind Onshore,2026-08-10T05:27:26Z
2026-08-10T05:25:30Z,2026-08-10T07:25:30+0200,4362fe35-cfeb-4c3c-9399-26381c363872,2026-08-08T23:15:00Z,2026-08-09T01:15:00+0200,13020.02324,MW,DE,DE_LU,forecast_onshore_wind_generation,Wind Onshore,2026-08-10T05:27:26Z
2026-08-10T05:25:30Z,2026-08-10T07:25:30+0200,4362fe35-cfeb-4c3c-9399-26381c363872,2026-08-08T23:30:00Z,2026-08-09T01:30:00+0200,13097.70826,MW,DE,DE_LU,forecast_onshore_wind_generation,Wind Onshore,2026-08-10T05:27:26Z
2026-08-10T05:25:30Z,2026-08-10T07:25:30+0200,4362fe35-cfeb-4c3c-9399-26381c363872,2026-08-08T23:45:00Z,2026-08-09T01:45:00+0200,13194.86486,MW,DE,DE_LU,forecast_onshore_wind_generation,Wind Onshore,2026-08-10T05:27:26Z
2026-08-10T05:25:30Z,2026-08-10T07:25:30+0200,4362fe35-cfeb-4c3c-9399-26381c363872,2026-08-09T00:00:00Z,2026-08-09T02:00:00+0200,13291.47309,MW,DE,DE_LU,forecast_onshore_wind_generation,Wind Onshore,2026-08-10T05:27:26Z
2026-08-10T05:25:30Z,2026-08-10T07:25:30+0200,4362fe35-cfeb-4c3c-9399-26381c363872,2026-08-09T00:15:00Z,2026-08-09T02:15:00+0200,13323.74414,MW,DE,DE_LU,forecast_onshore_wind_generation,Wind Onshore,2026-08-10T05:27:26Z
2026-08-10T05:25:30Z,2026-08-10T07:25:30+0200,4362fe35-cfeb-4c3c-9399-26381c363872,2026-08-09T00:30:00Z,2026-08-09T02:30:00+0200,13334.01898,MW,DE,DE_LU,forecast_onshore_wind_generation,Wind Onshore,2026-08-10T05:27:26Z
2026-08-10T05:25:30Z,2026-08-10T07:25:30+0200,4362fe35-cfeb-4c3c-9399-26381c363872,2026-08-09T00:45:00Z,2026-08-09T02:45:00+0200,13323.48634,MW,DE,DE_LU,forecast_onshore_wind_generation,Wind Onshore,2026-08-10T05:27:26Z
2026-08-10T05:25:30Z,2026-08-10T07:25:30+0200,4362fe35-cfeb-4c3c-9399-26381c363872,2026-08-09T01:00:00Z,2026-08-09T03:00:00+0200,13293.30452,MW,DE,DE_LU,forecast_onshore_wind_generation,Wind Onshore,2026-08-10T05:27:26Z
2026-08-10T05:25:30Z,2026-08-10T07:25:30+0200,4362fe35-cfeb-4c3c-9399-26381c363872,2026-08-09T01:15:00Z,2026-08-09T03:15:00+0200,13239.07296,MW,DE,DE_LU,forecast_onshore_wind_generation,Wind Onshore,2026-08-10T05:27:26Z
2026-08-10T05:25:30Z,2026-08-10T07:25:30+0200,4362fe35-cfeb-4c3c-9399-26381c363872,2026-08-09T01:30:00Z,2026-08-09T03:30:00+0200,13186.57379,MW,DE,DE_LU,forecast_onshore_wind_generation,Wind Onshore,2026-08-10T05:27:26Z
2026-08-10T05:25:30Z,2026-08-10T07:25:30+0200,4362fe35-cfeb-4c3c-9399-26381c363872,2026-08-09T01:45:00Z,2026-08-09T03:45:00+0200,13127.94358,MW,DE,DE_LU,forecast_onshore_wind_generation,Wind Onshore,2026-08-10T05:27:26Z
2026-08-10T05:25:30Z,2026-08-10T07:25:30+0200,4362fe35-cfeb-4c3c-9399-26381c363872,2026-08-09T02:00:00Z,2026-08-09T04:00:00+0200,13062.81568,MW,DE,DE_LU,forecast_onshore_wind_generation,Wind Onshore,2026-08-10T05:27:26Z
2026-08-10T05:25:30Z,2026-08-10T07:25:30+0200,4362fe35-cfeb-4c3c-9399-26381c363872,2026-08-09T02:15:00Z,2026-08-09T04:15:00+0200,12928.8548,MW,DE,DE_LU,forecast_onshore_wind_generation,Wind Onshore,2026-08-10T05:27:26Z
2026-08-10T05:25:30Z,2026-08-10T07:25:30+0200,4362fe35-cfeb-4c3c-9399-26381c363872,2026-08-09T02:30:00Z,2026-08-09T04:30:00+0200,12798.68752,MW,DE,DE_LU,forecast_onshore_wind_generation,Wind Onshore,2026-08-10T05:27:26Z
2026-08-10T05:25:30Z,2026-08-10T07:25:30+0200,4362fe35-cfeb-4c3c-9399-26381c363872,2026-08-09T02:45:00Z,2026-08-09T04:45:00+0200,12669.57143,MW,DE,DE_LU,forecast_onshore_wind_generation,Wind Onshore,2026-08-10T05:27:26Z
2026-08-10T05:25:30Z,2026-08-10T07:25:30+0200,4362fe35-cfeb-4c3c-9399-26381c363872,2026-08-09T03:00:00Z,2026-08-09T05:00:00+0200,12539.33729,MW,DE,DE_LU,forecast_onshore_wind_generation,Wind Onshore,2026-08-10T05:27:26Z
2026-08-10T05:25:30Z,2026-08-10T07:25:30+0200,4362fe35-cfeb-4c3c-9399-26381c363872,2026-08-09T03:15:00Z,2026-08-09T05:15:00+0200,12350.01364,MW,DE,DE_LU,forecast_onshore_wind_generation,Wind Onshore,2026-08-10T05:27:26Z
2026-08-10T05:25:30Z,2026-08-10T07:25:30+0200,4362fe35-cfeb-4c3c-9399-26381c363872,2026-08-09T03:30:00Z,2026-08-09T05:30:00+0200,12160.49553,MW,DE,DE_LU,forecast_onshore_wind_generation,Wind Onshore,2026-08-10T05:27:26Z
2026-08-10T05:25:30Z,2026-08-10T07:25:30+0200,4362fe35-cfeb-4c3c-9399-26381c363872,2026-08-09T03:45:00Z,2026-08-09T05:45:00+0200,11971.03232,MW,DE,DE_LU,forecast_onshore_wind_generation,Wind Onshore,2026-08-10T05:27:26Z
2026-08-10T05:25:30Z,2026-08-10T07:25:30+0200,4362fe35-cfeb-4c3c-9399-26381c363872,2026-08-09T04:00:00Z,2026-08-09T06:00:00+0200,11953.40772,MW,DE,DE_LU,forecast_onshore_wind_generation,Wind Onshore,2026-08-10T05:27:26Z
2026-08-10T05:25:30Z,2026-08-10T07:25:30+0200,4362fe35-cfeb-4c3c-9399-26381c363872,2026-08-09T04:15:00Z,2026-08-09T06:15:00+0200,11717.37346,MW,DE,DE_LU,forecast_onshore_wind_generation,Wind Onshore,2026-08-10T05:27:26Z
2026-08-10T05:25:30Z,2026-08-10T07:25:30+0200,4362fe35-cfeb-4c3c-9399-26381c363872,2026-08-09T04:30:00Z,2026-08-09T06:30:00+0200,11475.48251,MW,DE,DE_LU,forecast_onshore_wind_generation,Wind Onshore,2026-08-10T05:27:26Z
2026-08-10T05:25:30Z,2026-08-10T07:25:30+0200,4362fe35-cfeb-4c3c-9399-26381c363872,2026-08-09T04:45:00Z,2026-08-09T06:45:00+0200,11219.87374,MW,DE,DE_LU,forecast_onshore_wind_generation,Wind Onshore,2026-08-10T05:27:26Z
2026-08-10T05:25:30Z,2026-08-10T07:25:30+0200,4362fe35-cfeb-4c3c-9399-26381c363872,2026-08-09T05:00:00Z,2026-08-09T07:00:00+0200,10937.87092,MW,DE,DE_LU,forecast_onshore_wind_generation,Wind Onshore,2026-08-10T05:27:26Z
2026-08-10T05:25:30Z,2026-08-10T07:25:30+0200,4362fe35-cfeb-4c3c-9399-26381c363872,2026-08-09T05:15:00Z,2026-08-09T07:15:00+0200,10372.35296,MW,DE,DE_LU,forecast_onshore_wind_generation,Wind Onshore,2026-08-10T05:27:26Z
2026-08-10T05:25:30Z,2026-08-10T07:25:30+0200,4362fe35-cfeb-4c3c-9399-26381c363872,2026-08-09T05:30:00Z,2026-08-09T07:30:00+0200,9822.91761,MW,DE,DE_LU,forecast_onshore_wind_generation,Wind Onshore,2026-08-10T05:27:26Z
2026-08-10T05:25:30Z,2026-08-10T07:25:30+0200,4362fe35-cfeb-4c3c-9399-26381c363872,2026-08-09T05:45:00Z,2026-08-09T07:45:00+0200,9289.27228,MW,DE,DE_LU,forecast_onshore_wind_generation,Wind Onshore,2026-08-10T05:27:26Z
2026-08-10T05:25:30Z,2026-08-10T07:25:30+0200,4362fe35-cfeb-4c3c-9399-26381c363872,2026-08-09T06:00:00Z,2026-08-09T08:00:00+0200,8618.41405,MW,DE,DE_LU,forecast_onshore_wind_generation,Wind Onshore,2026-08-10T05:27:26Z
2026-08-10T05:25:30Z,2026-08-10T07:25:30+0200,4362fe35-cfeb-4c3c-9399-26381c363872,2026-08-09T06:15:00Z,2026-08-09T08:15:00+0200,7683.05076,MW,DE,DE_LU,forecast_onshore_wind_generation,Wind Onshore,2026-08-10T05:27:26Z
2026-08-10T05:25:30Z,2026-08-10T07:25:30+0200,4362fe35-cfeb-4c3c-9399-26381c363872,2026-08-09T06:30:00Z,2026-08-09T08:30:00+0200,6694.55287,MW,DE,DE_LU,forecast_onshore_wind_generation,Wind Onshore,2026-08-10T05:27:26Z
2026-08-10T05:25:30Z,2026-08-10T07:25:30+0200,4362fe35-cfeb-4c3c-9399-26381c363872,2026-08-09T06:45:00Z,2026-08-09T08:45:00+0200,5751.38474,MW,DE,DE_LU,forecast_onshore_wind_generation,Wind Onshore,2026-08-10T05:27:26Z
2026-08-10T05:25:30Z,2026-08-10T07:25:30+0200,4362fe35-cfeb-4c3c-9399-26381c363872,2026-08-09T07:00:00Z,2026-08-09T09:00:00+0200,4810.58432,MW,DE,DE_LU,forecast_onshore_wind_generation,Wind Onshore,2026-08-10T05:27:26Z
2026-08-10T05:25:30Z,2026-08-10T07:25:30+0200,4362fe35-cfeb-4c3c-9399-26381c363872,2026-08-09T07:15:00Z,2026-08-09T09:15:00+0200,4306.75704,MW,DE,DE_LU,forecast_onshore_wind_generation,Wind Onshore,2026-08-10T05:27:26Z
2026-08-10T05:25:30Z,2026-08-10T07:25:30+0200,4362fe35-cfeb-4c3c-9399-26381c363872,2026-08-09T07:30:00Z,2026-08-09T09:30:00+0200,3737.17009,MW,DE,DE_LU,forecast_onshore_wind_generation,Wind Onshore,2026-08-10T05:27:26Z
2026-08-10T05:25:30Z,2026-08-10T07:25:30+0200,4362fe35-cfeb-4c3c-9399-26381c363872,2026-08-09T07:45:00Z,2026-08-09T09:45:00+0200,3264.49184,MW,DE,DE_LU,forecast_onshore_wind_generation,Wind Onshore,2026-08-10T05:27:26Z
2026-08-10T05:25:30Z,2026-08-10T07:25:30+0200,4362fe35-cfeb-4c3c-9399-26381c363872,2026-08-09T08:00:00Z,2026-08-09T10:00:00+0200,2813.9455,MW,DE,DE_LU,forecast_onshore_wind_generation,Wind Onshore,2026-08-10T05:27:26Z
2026-08-10T05:25:30Z,2026-08-10T07:25:30+0200,4362fe35-cfeb-4c3c-9399-26381c363872,2026-08-09T08:15:00Z,2026-08-09T10:15:00+0200,2674.84392,MW,DE,DE_LU,forecast_onshore_wind_generation,Wind Onshore,2026-08-10T05:27:26Z
2026-08-10T05:25:30Z,2026-08-10T07:25:30+0200,4362fe35-cfeb-4c3c-9399-26381c363872,2026-08-09T08:30:00Z,2026-08-09T10:30:00+0200,2519.59782,MW,DE,DE_LU,forecast_onshore_wind_generation,Wind Onshore,2026-08-10T05:27:26Z
2026-08-10T05:25:30Z,2026-08-10T07:25:30+0200,4362fe35-cfeb-4c3c-9399-26381c363872,2026-08-09T08:45:00Z,2026-08-09T10:45:00+0200,2364.87919,MW,DE,DE_LU,forecast_onshore_wind_generation,Wind Onshore,2026-08-10T05:27:26Z
2026-08-10T05:25:30Z,2026-08-10T07:25:30+0200,4362fe35-cfeb-4c3c-9399-26381c363872,2026-08-09T09:00:00Z,2026-08-09T11:00:00+0200,2250.09613,MW,DE,DE_LU,forecast_onshore_wind_generation,Wind Onshore,2026-08-10T05:27:26Z
2026-08-10T05:25:30Z,2026-08-10T07:25:30+0200,4362fe35-cfeb-4c3c-9399-26381c363872,2026-08-09T09:15:00Z,2026-08-09T11:15:00+0200,2220.1785,MW,DE,DE_LU,forecast_onshore_wind_generation,Wind Onshore,2026-08-10T05:27:26Z
2026-08-10T05:25:30Z,2026-08-10T07:25:30+0200,4362fe35-cfeb-4c3c-9399-26381c363872,2026-08-09T09:30:00Z,2026-08-09T11:30:00+0200,2221.20479,MW,DE,DE_LU,forecast_onshore_wind_generation,Wind Onshore,2026-08-10T05:27:26Z
2026-08-10T05:25:30Z,2026-08-10T07:25:30+0200,4362fe35-cfeb-4c3c-9399-26381c363872,2026-08-09T09:45:00Z,2026-08-09T11:45:00+0200,2215.88193,MW,DE,DE_LU,forecast_onshore_wind_generation,Wind Onshore,2026-08-10T05:27:26Z
2026-08-10T05:25:30Z,2026-08-10T07:25:30+0200,4362fe35-cfeb-4c3c-9399-26381c363872,2026-08-09T10:00:00Z,2026-08-09T12:00:00+0200,2215.58715,MW,DE,DE_LU,forecast_onshore_wind_generation,Wind Onshore,2026-08-10T05:27:26Z
2026-08-10T05:25:30Z,2026-08-10T07:25:30+0200,4362fe35-cfeb-4c3c-9399-26381c363872,2026-08-09T10:15:00Z,2026-08-09T12:15:00+0200,2202.22136,MW,DE,DE_LU,forecast_onshore_wind_generation,Wind Onshore,2026-08-10T05:27:26Z
2026-08-10T05:25:30Z,2026-08-10T07:25:30+0200,4362fe35-cfeb-4c3c-9399-26381c363872,2026-08-09T10:30:00Z,2026-08-09T12:30:00+0200,2220.30284,MW,DE,DE_LU,forecast_onshore_wind_generation,Wind Onshore,2026-08-10T05:27:26Z
2026-08-10T05:25:30Z,2026-08-10T07:25:30+0200,4362fe35-cfeb-4c3c-9399-26381c363872,2026-08-09T10:45:00Z,2026-08-09T12:45:00+0200,2265.63882,MW,DE,DE_LU,forecast_onshore_wind_generation,Wind Onshore,2026-08-10T05:27:26Z
2026-08-10T05:25:30Z,2026-08-10T07:25:30+0200,4362fe35-cfeb-4c3c-9399-26381c363872,2026-08-09T11:00:00Z,2026-08-09T13:00:00+0200,2257.34225,MW,DE,DE_LU,forecast_onshore_wind_generation,Wind Onshore,2026-08-10T05:27:26Z
2026-08-10T05:25:30Z,2026-08-10T07:25:30+0200,4362fe35-cfeb-4c3c-9399-26381c363872,2026-08-09T11:15:00Z,2026-08-09T13:15:00+0200,2330.10807,MW,DE,DE_LU,forecast_onshore_wind_generation,Wind Onshore,2026-08-10T05:27:26Z
2026-08-10T05:25:30Z,2026-08-10T07:25:30+0200,4362fe35-cfeb-4c3c-9399-26381c363872,2026-08-09T11:30:00Z,2026-08-09T13:30:00+0200,2411.98279,MW,DE,DE_LU,forecast_onshore_wind_generation,Wind Onshore,2026-08-10T05:27:26Z
2026-08-10T05:25:30Z,2026-08-10T07:25:30+0200,4362fe35-cfeb-4c3c-9399-26381c363872,2026-08-09T11:45:00Z,2026-08-09T13:45:00+0200,2540.71066,MW,DE,DE_LU,forecast_onshore_wind_generation,Wind Onshore,2026-08-10T05:27:26Z
2026-08-10T05:25:30Z,2026-08-10T07:25:30+0200,4362fe35-cfeb-4c3c-9399-26381c363872,2026-08-09T12:00:00Z,2026-08-09T14:00:00+0200,2712.31398,MW,DE,DE_LU,forecast_onshore_wind_generation,Wind Onshore,2026-08-10T05:27:26Z
2026-08-10T05:25:30Z,2026-08-10T07:25:30+0200,4362fe35-cfeb-4c3c-9399-26381c363872,2026-08-09T12:15:00Z,2026-08-09T14:15:00+0200,2942.07646,MW,DE,DE_LU,forecast_onshore_wind_generation,Wind Onshore,2026-08-10T05:27:26Z
2026-08-10T05:25:30Z,2026-08-10T07:25:30+0200,4362fe35-cfeb-4c3c-9399-26381c363872,2026-08-09T12:30:00Z,2026-08-09T14:30:00+0200,3205.37833,MW,DE,DE_LU,forecast_onshore_wind_generation,Wind Onshore,2026-08-10T05:27:26Z
2026-08-10T05:25:30Z,2026-08-10T07:25:30+0200,4362fe35-cfeb-4c3c-9399-26381c363872,2026-08-09T12:45:00Z,2026-08-09T14:45:00+0200,3469.91443,MW,DE,DE_LU,forecast_onshore_wind_generation,Wind Onshore,2026-08-10T05:27:26Z
2026-08-10T05:25:30Z,2026-08-10T07:25:30+0200,4362fe35-cfeb-4c3c-9399-26381c363872,2026-08-09T13:00:00Z,2026-08-09T15:00:00+0200,3756.79195,MW,DE,DE_LU,forecast_onshore_wind_generation,Wind Onshore,2026-08-10T05:27:26Z
2026-08-10T05:25:30Z,2026-08-10T07:25:30+0200,4362fe35-cfeb-4c3c-9399-26381c363872,2026-08-09T13:15:00Z,2026-08-09T15:15:00+0200,4113.65054,MW,DE,DE_LU,forecast_onshore_wind_generation,Wind Onshore,2026-08-10T05:27:26Z
2026-08-10T05:25:30Z,2026-08-10T07:25:30+0200,4362fe35-cfeb-4c3c-9399-26381c363872,2026-08-09T13:30:00Z,2026-08-09T15:30:00+0200,4341.19393,MW,DE,DE_LU,forecast_onshore_wind_generation,Wind Onshore,2026-08-10T05:27:26Z
2026-08-10T05:25:30Z,2026-08-10T07:25:30+0200,4362fe35-cfeb-4c3c-9399-26381c363872,2026-08-09T13:45:00Z,2026-08-09T15:45:00+0200,4633.99577,MW,DE,DE_LU,forecast_onshore_wind_generation,Wind Onshore,2026-08-10T05:27:26Z
2026-08-10T05:25:30Z,2026-08-10T07:25:30+0200,4362fe35-cfeb-4c3c-9399-26381c363872,2026-08-09T14:00:00Z,2026-08-09T16:00:00+0200,4903.04365,MW,DE,DE_LU,forecast_onshore_wind_generation,Wind Onshore,2026-08-10T05:27:26Z
2026-08-10T05:25:30Z,2026-08-10T07:25:30+0200,4362fe35-cfeb-4c3c-9399-26381c363872,2026-08-09T14:15:00Z,2026-08-09T16:15:00+0200,5087.24195,MW,DE,DE_LU,forecast_onshore_wind_generation,Wind Onshore,2026-08-10T05:27:26Z
2026-08-10T05:25:30Z,2026-08-10T07:25:30+0200,4362fe35-cfeb-4c3c-9399-26381c363872,2026-08-09T14:30:00Z,2026-08-09T16:30:00+0200,5328.77949,MW,DE,DE_LU,forecast_onshore_wind_generation,Wind Onshore,2026-08-10T05:27:26Z
2026-08-10T05:25:30Z,2026-08-10T07:25:30+0200,4362fe35-cfeb-4c3c-9399-26381c363872,2026-08-09T14:45:00Z,2026-08-09T16:45:00+0200,5782.7671,MW,DE,DE_LU,forecast_onshore_wind_generation,Wind Onshore,2026-08-10T05:27:26Z
2026-08-10T05:25:30Z,2026-08-10T07:25:30+0200,4362fe35-cfeb-4c3c-9399-26381c363872,2026-08-09T15:00:00Z,2026-08-09T17:00:00+0200,5903.40379,MW,DE,DE_LU,forecast_onshore_wind_generation,Wind Onshore,2026-08-10T05:27:26Z
2026-08-10T05:25:30Z,2026-08-10T07:25:30+0200,4362fe35-cfeb-4c3c-9399-26381c363872,2026-08-09T15:15:00Z,2026-08-09T17:15:00+0200,6172.41191,MW,DE,DE_LU,forecast_onshore_wind_generation,Wind Onshore,2026-08-10T05:27:26Z
2026-08-10T05:25:30Z,2026-08-10T07:25:30+0200,4362fe35-cfeb-4c3c-9399-26381c363872,2026-08-09T15:30:00Z,2026-08-09T17:30:00+0200,6218.84661,MW,DE,DE_LU,forecast_onshore_wind_generation,Wind Onshore,2026-08-10T05:27:26Z
2026-08-10T05:25:30Z,2026-08-10T07:25:30+0200,4362fe35-cfeb-4c3c-9399-26381c363872,2026-08-09T15:45:00Z,2026-08-09T17:45:00+0200,6218.00204,MW,DE,DE_LU,forecast_onshore_wind_generation,Wind Onshore,2026-08-10T05:27:26Z
2026-08-10T05:25:30Z,2026-08-10T07:25:30+0200,4362fe35-cfeb-4c3c-9399-26381c363872,2026-08-09T16:00:00Z,2026-08-09T18:00:00+0200,6181.92632,MW,DE,DE_LU,forecast_onshore_wind_generation,Wind Onshore,2026-08-10T05:27:26Z
2026-08-10T05:25:30Z,2026-08-10T07:25:30+0200,4362fe35-cfeb-4c3c-9399-26381c363872,2026-08-09T16:15:00Z,2026-08-09T18:15:00+0200,6087.18545,MW,DE,DE_LU,forecast_onshore_wind_generation,Wind Onshore,2026-08-10T05:27:26Z
2026-08-10T05:25:30Z,2026-08-10T07:25:30+0200,4362fe35-cfeb-4c3c-9399-26381c363872,2026-08-09T16:30:00Z,2026-08-09T18:30:00+0200,6000.19685,MW,DE,DE_LU,forecast_onshore_wind_generation,Wind Onshore,2026-08-10T05:27:26Z
2026-08-10T05:25:30Z,2026-08-10T07:25:30+0200,4362fe35-cfeb-4c3c-9399-26381c363872,2026-08-09T16:45:00Z,2026-08-09T18:45:00+0200,5898.64366,MW,DE,DE_LU,forecast_onshore_wind_generation,Wind Onshore,2026-08-10T05:27:26Z
2026-08-10T05:25:30Z,2026-08-10T07:25:30+0200,4362fe35-cfeb-4c3c-9399-26381c363872,2026-08-09T17:00:00Z,2026-08-09T19:00:00+0200,5806.93969,MW,DE,DE_LU,forecast_onshore_wind_generation,Wind Onshore,2026-08-10T05:27:26Z
2026-08-10T05:25:30Z,2026-08-10T07:25:30+0200,4362fe35-cfeb-4c3c-9399-26381c363872,2026-08-09T17:15:00Z,2026-08-09T19:15:00+0200,5787.40722,MW,DE,DE_LU,forecast_onshore_wind_generation,Wind Onshore,2026-08-10T05:27:26Z
2026-08-10T05:25:30Z,2026-08-10T07:25:30+0200,4362fe35-cfeb-4c3c-9399-26381c363872,2026-08-09T17:30:00Z,2026-08-09T19:30:00+0200,5760.06015,MW,DE,DE_LU,forecast_onshore_wind_generation,Wind Onshore,2026-08-10T05:27:26Z
2026-08-10T05:25:30Z,2026-08-10T07:25:30+0200,4362fe35-cfeb-4c3c-9399-26381c363872,2026-08-09T17:45:00Z,2026-08-09T19:45:00+0200,5754.71881,MW,DE,DE_LU,forecast_onshore_wind_generation,Wind Onshore,2026-08-10T05:27:26Z
2026-08-10T05:25:30Z,2026-08-10T07:25:30+0200,4362fe35-cfeb-4c3c-9399-26381c363872,2026-08-09T18:00:00Z,2026-08-09T20:00:00+0200,5747.80306,MW,DE,DE_LU,forecast_onshore_wind_generation,Wind Onshore,2026-08-10T05:27:26Z
2026-08-10T05:25:30Z,2026-08-10T07:25:30+0200,4362fe35-cfeb-4c3c-9399-26381c363872,2026-08-09T18:15:00Z,2026-08-09T20:15:00+0200,5887.17036,MW,DE,DE_LU,forecast_onshore_wind_generation,Wind Onshore,2026-08-10T05:27:26Z
2026-08-10T05:25:30Z,2026-08-10T07:25:30+0200,4362fe35-cfeb-4c3c-9399-26381c363872,2026-08-09T18:30:00Z,2026-08-09T20:30:00+0200,5983.77651,MW,DE,DE_LU,forecast_onshore_wind_generation,Wind Onshore,2026-08-10T05:27:26Z
2026-08-10T05:25:30Z,2026-08-10T07:25:30+0200,4362fe35-cfeb-4c3c-9399-26381c363872,2026-08-09T18:45:00Z,2026-08-09T20:45:00+0200,6006.07646,MW,DE,DE_LU,forecast_onshore_wind_generation,Wind Onshore,2026-08-10T05:27:26Z
2026-08-10T05:25:30Z,2026-08-10T07:25:30+0200,4362fe35-cfeb-4c3c-9399-26381c363872,2026-08-09T19:00:00Z,2026-08-09T21:00:00+0200,5933.07422,MW,DE,DE_LU,forecast_onshore_wind_generation,Wind Onshore,2026-08-10T05:27:26Z
2026-08-10T05:25:30Z,2026-08-10T07:25:30+0200,4362fe35-cfeb-4c3c-9399-26381c363872,2026-08-09T19:15:00Z,2026-08-09T21:15:00+0200,5960.51932,MW,DE,DE_LU,forecast_onshore_wind_generation,Wind Onshore,2026-08-10T05:27:26Z
2026-08-10T05:25:30Z,2026-08-10T07:25:30+0200,4362fe35-cfeb-4c3c-9399-26381c363872,2026-08-09T19:30:00Z,2026-08-09T21:30:00+0200,6065.3177,MW,DE,DE_LU,forecast_onshore_wind_generation,Wind Onshore,2026-08-10T05:27:26Z
2026-08-10T05:25:30Z,2026-08-10T07:25:30+0200,4362fe35-cfeb-4c3c-9399-26381c363872,2026-08-09T19:45:00Z,2026-08-09T21:45:00+0200,6154.51899,MW,DE,DE_LU,forecast_onshore_wind_generation,Wind Onshore,2026-08-10T05:27:26Z
2026-08-10T05:25:30Z,2026-08-10T07:25:30+0200,4362fe35-cfeb-4c3c-9399-26381c363872,2026-08-09T20:00:00Z,2026-08-09T22:00:00+0200,6215.91781,MW,DE,DE_LU,forecast_onshore_wind_generation,Wind Onshore,2026-08-10T05:27:26Z
2026-08-10T05:25:30Z,2026-08-10T07:25:30+0200,4362fe35-cfeb-4c3c-9399-26381c363872,2026-08-09T20:15:00Z,2026-08-09T22:15:00+0200,6196.71845,MW,DE,DE_LU,forecast_onshore_wind_generation,Wind Onshore,2026-08-10T05:27:26Z
2026-08-10T05:25:30Z,2026-08-10T07:25:30+0200,4362fe35-cfeb-4c3c-9399-26381c363872,2026-08-09T20:30:00Z,2026-08-09T22:30:00+0200,6182.19322,MW,DE,DE_LU,forecast_onshore_wind_generation,Wind Onshore,2026-08-10T05:27:26Z
2026-08-10T05:25:30Z,2026-08-10T07:25:30+0200,4362fe35-cfeb-4c3c-9399-26381c363872,2026-08-09T20:45:00Z,2026-08-09T22:45:00+0200,6192.67865,MW,DE,DE_LU,forecast_onshore_wind_generation,Wind Onshore,2026-08-10T05:27:26Z
2026-08-10T05:25:30Z,2026-08-10T07:25:30+0200,4362fe35-cfeb-4c3c-9399-26381c363872,2026-08-09T21:00:00Z,2026-08-09T23:00:00+0200,6206.11458,MW,DE,DE_LU,forecast_onshore_wind_generation,Wind Onshore,2026-08-10T05:27:26Z
2026-08-10T05:25:30Z,2026-08-10T07:25:30+0200,4362fe35-cfeb-4c3c-9399-26381c363872,2026-08-09T21:15:00Z,2026-08-09T23:15:00+0200,6168.54564,MW,DE,DE_LU,forecast_onshore_wind_generation,Wind Onshore,2026-08-10T05:27:26Z
2026-08-10T05:25:30Z,2026-08-10T07:25:30+0200,4362fe35-cfeb-4c3c-9399-26381c363872,2026-08-09T21:30:00Z,2026-08-09T23:30:00+0200,6134.1002,MW,DE,DE_LU,forecast_onshore_wind_generation,Wind Onshore,2026-08-10T05:27:26Z
2026-08-10T05:25:30Z,2026-08-10T07:25:30+0200,4362fe35-cfeb-4c3c-9399-26381c363872,2026-08-09T21:45:00Z,2026-08-09T23:45:00+0200,6085.40306,MW,DE,DE_LU,forecast_onshore_wind_generation,Wind Onshore,2026-08-10T05:27:26Z
2026-08-10T05:25:30Z,2026-08-10T07:25:30+0200,4362fe35-cfeb-4c3c-9399-26381c363872,2026-08-09T22:00:00Z,2026-08-10T00:00:00+0200,8095.74698,MW,DE,DE_LU,forecast_onshore_wind_generation,Wind Onshore,2026-08-10T05:27:26Z
2026-08-10T05:25:30Z,2026-08-10T07:25:30+0200,4362fe35-cfeb-4c3c-9399-26381c363872,2026-08-09T22:15:00Z,2026-08-10T00:15:00+0200,7946.96811,MW,DE,DE_LU,forecast_onshore_wind_generation,Wind Onshore,2026-08-10T05:27:26Z
2026-08-10T05:25:30Z,2026-08-10T07:25:30+0200,4362fe35-cfeb-4c3c-9399-26381c363872,2026-08-09T22:30:00Z,2026-08-10T00:30:00+0200,7798.31526,MW,DE,DE_LU,forecast_onshore_wind_generation,Wind Onshore,2026-08-10T05:27:26Z
2026-08-10T05:25:30Z,2026-08-10T07:25:30+0200,4362fe35-cfeb-4c3c-9399-26381c363872,2026-08-09T22:45:00Z,2026-08-10T00:45:00+0200,7658.64134,MW,DE,DE_LU,forecast_onshore_wind_generation,Wind Onshore,2026-08-10T05:27:26Z
2026-08-10T05:25:30Z,2026-08-10T07:25:30+0200,4362fe35-cfeb-4c3c-9399-26381c363872,2026-08-09T23:00:00Z,2026-08-10T01:00:00+0200,7522.03897,MW,DE,DE_LU,forecast_onshore_wind_generation,Wind Onshore,2026-08-10T05:27:26Z
2026-08-10T05:25:30Z,2026-08-10T07:25:30+0200,4362fe35-cfeb-4c3c-9399-26381c363872,2026-08-09T23:15:00Z,2026-08-10T01:15:00+0200,7328.28884,MW,DE,DE_LU,forecast_onshore_wind_generation,Wind Onshore,2026-08-10T05:27:26Z
2026-08-10T05:25:30Z,2026-08-10T07:25:30+0200,4362fe35-cfeb-4c3c-9399-26381c363872,2026-08-09T23:30:00Z,2026-08-10T01:30:00+0200,7143.97612,MW,DE,DE_LU,forecast_onshore_wind_generation,Wind Onshore,2026-08-10T05:27:26Z
2026-08-10T05:25:30Z,2026-08-10T07:25:30+0200,4362fe35-cfeb-4c3c-9399-26381c363872,2026-08-09T23:45:00Z,2026-08-10T01:45:00+0200,7011.39513,MW,DE,DE_LU,forecast_onshore_wind_generation,Wind Onshore,2026-08-10T05:27:26Z
2026-08-10T05:25:30Z,2026-08-10T07:25:30+0200,4362fe35-cfeb-4c3c-9399-26381c363872,2026-08-10T00:00:00Z,2026-08-10T02:00:00+0200,6915.04033,MW,DE,DE_LU,forecast_onshore_wind_generation,Wind Onshore,2026-08-10T05:27:26Z
2026-08-10T05:25:30Z,2026-08-10T07:25:30+0200,4362fe35-cfeb-4c3c-9399-26381c363872,2026-08-10T00:15:00Z,2026-08-10T02:15:00+0200,6881.96775,MW,DE,DE_LU,forecast_onshore_wind_generation,Wind Onshore,2026-08-10T05:27:26Z
2026-08-10T05:25:30Z,2026-08-10T07:25:30+0200,4362fe35-cfeb-4c3c-9399-26381c363872,2026-08-10T00:30:00Z,2026-08-10T02:30:00+0200,6826.24134,MW,DE,DE_LU,forecast_onshore_wind_generation,Wind Onshore,2026-08-10T05:27:26Z
2026-08-10T05:25:30Z,2026-08-10T07:25:30+0200,4362fe35-cfeb-4c3c-9399-26381c363872,2026-08-10T00:45:00Z,2026-08-10T02:45:00+0200,6745.40577,MW,DE,DE_LU,forecast_onshore_wind_generation,Wind Onshore,2026-08-10T05:27:26Z
2026-08-10T05:25:30Z,2026-08-10T07:25:30+0200,4362fe35-cfeb-4c3c-9399-26381c363872,2026-08-10T01:00:00Z,2026-08-10T03:00:00+0200,6649.76886,MW,DE,DE_LU,forecast_onshore_wind_generation,Wind Onshore,2026-08-10T05:27:26Z
2026-08-10T05:25:30Z,2026-08-10T07:25:30+0200,4362fe35-cfeb-4c3c-9399-26381c363872,2026-08-10T01:15:00Z,2026-08-10T03:15:00+0200,6617.78444,MW,DE,DE_LU,forecast_onshore_wind_generation,Wind Onshore,2026-08-10T05:27:26Z
2026-08-10T05:25:30Z,2026-08-10T07:25:30+0200,4362fe35-cfeb-4c3c-9399-26381c363872,2026-08-10T01:30:00Z,2026-08-10T03:30:00+0200,6594.80868,MW,DE,DE_LU,forecast_onshore_wind_generation,Wind Onshore,2026-08-10T05:27:26Z
2026-08-10T05:25:30Z,2026-08-10T07:25:30+0200,4362fe35-cfeb-4c3c-9399-26381c363872,2026-08-10T01:45:00Z,2026-08-10T03:45:00+0200,6575.67668,MW,DE,DE_LU,forecast_onshore_wind_generation,Wind Onshore,2026-08-10T05:27:26Z
2026-08-10T05:25:30Z,2026-08-10T07:25:30+0200,4362fe35-cfeb-4c3c-9399-26381c363872,2026-08-10T02:00:00Z,2026-08-10T04:00:00+0200,6555.60231,MW,DE,DE_LU,forecast_onshore_wind_generation,Wind Onshore,2026-08-10T05:27:26Z
2026-08-10T05:25:30Z,2026-08-10T07:25:30+0200,4362fe35-cfeb-4c3c-9399-26381c363872,2026-08-10T02:15:00Z,2026-08-10T04:15:00+0200,6639.5832,MW,DE,DE_LU,forecast_onshore_wind_generation,Wind Onshore,2026-08-10T05:27:26Z
2026-08-10T05:25:30Z,2026-08-10T07:25:30+0200,4362fe35-cfeb-4c3c-9399-26381c363872,2026-08-10T02:30:00Z,2026-08-10T04:30:00+0200,6724.56643,MW,DE,DE_LU,forecast_onshore_wind_generation,Wind Onshore,2026-08-10T05:27:26Z
2026-08-10T05:25:30Z,2026-08-10T07:25:30+0200,4362fe35-cfeb-4c3c-9399-26381c363872,2026-08-10T02:45:00Z,2026-08-10T04:45:00+0200,6819.12141,MW,DE,DE_LU,forecast_onshore_wind_generation,Wind Onshore,2026-08-10T05:27:26Z
2026-08-10T05:25:30Z,2026-08-10T07:25:30+0200,4362fe35-cfeb-4c3c-9399-26381c363872,2026-08-10T03:00:00Z,2026-08-10T05:00:00+0200,6932.23442,MW,DE,DE_LU,forecast_onshore_wind_generation,Wind Onshore,2026-08-10T05:27:26Z
2026-08-10T05:25:30Z,2026-08-10T07:25:30+0200,4362fe35-cfeb-4c3c-9399-26381c363872,2026-08-10T03:15:00Z,2026-08-10T05:15:00+0200,7102.83014,MW,DE,DE_LU,forecast_onshore_wind_generation,Wind Onshore,2026-08-10T05:27:26Z
2026-08-10T05:25:30Z,2026-08-10T07:25:30+0200,4362fe35-cfeb-4c3c-9399-26381c363872,2026-08-10T03:30:00Z,2026-08-10T05:30:00+0200,7280.10737,MW,DE,DE_LU,forecast_onshore_wind_generation,Wind Onshore,2026-08-10T05:27:26Z
2026-08-10T05:25:30Z,2026-08-10T07:25:30+0200,4362fe35-cfeb-4c3c-9399-26381c363872,2026-08-10T03:45:00Z,2026-08-10T05:45:00+0200,7452.28811,MW,DE,DE_LU,forecast_onshore_wind_generation,Wind Onshore,2026-08-10T05:27:26Z
2026-08-10T05:25:30Z,2026-08-10T07:25:30+0200,4362fe35-cfeb-4c3c-9399-26381c363872,2026-08-10T04:00:00Z,2026-08-10T06:00:00+0200,7719.65027,MW,DE,DE_LU,forecast_onshore_wind_generation,Wind Onshore,2026-08-10T05:27:26Z
2026-08-10T05:25:30Z,2026-08-10T07:25:30+0200,4362fe35-cfeb-4c3c-9399-26381c363872,2026-08-10T04:15:00Z,2026-08-10T06:15:00+0200,8013.48764,MW,DE,DE_LU,forecast_onshore_wind_generation,Wind Onshore,2026-08-10T05:27:26Z
2026-08-10T05:25:30Z,2026-08-10T07:25:30+0200,4362fe35-cfeb-4c3c-9399-26381c363872,2026-08-10T04:30:00Z,2026-08-10T06:30:00+0200,8295.23428,MW,DE,DE_LU,forecast_onshore_wind_generation,Wind Onshore,2026-08-10T05:27:26Z
2026-08-10T05:25:30Z,2026-08-10T07:25:30+0200,4362fe35-cfeb-4c3c-9399-26381c363872,2026-08-10T04:45:00Z,2026-08-10T06:45:00+0200,8567.34793,MW,DE,DE_LU,forecast_onshore_wind_generation,Wind Onshore,2026-08-10T05:27:26Z
2026-08-10T05:25:30Z,2026-08-10T07:25:30+0200,4362fe35-cfeb-4c3c-9399-26381c363872,2026-08-10T05:00:00Z,2026-08-10T07:00:00+0200,8824.03045,MW,DE,DE_LU,forecast_onshore_wind_generation,Wind Onshore,2026-08-10T05:27:26Z
2026-08-10T05:25:30Z,2026-08-10T07:25:30+0200,4362fe35-cfeb-4c3c-9399-26381c363872,2026-08-10T05:15:00Z,2026-08-10T07:15:00+0200,8842.92876,MW,DE,DE_LU,forecast_onshore_wind_generation,Wind Onshore,2026-08-10T05:27:26Z
2026-08-10T05:25:30Z,2026-08-10T07:25:30+0200,4362fe35-cfeb-4c3c-9399-26381c363872,2026-08-10T05:30:00Z,2026-08-10T07:30:00+0200,8875.48477,MW,DE,DE_LU,forecast_onshore_wind_generation,Wind Onshore,2026-08-10T05:27:26Z
