collection_time_utc,collection_time_local,run_id,timestamp_utc,timestamp_local,value,unit,country,entsoe_area,variable,source,updated_at_utc
2026-09-23T17:01:50Z,2026-09-23T19:01:50+0200,a0951cff-e3ff-4fab-a385-431e734962aa,2026-09-16T17:15:00Z,2026-09-16T19:15:00+0200,5.233,MW,NL,NL,actual_solar_generation,Solar | Actual Aggregated,2026-09-23T17:02:25Z
2026-09-23T17:01:50Z,2026-09-23T19:01:50+0200,a0951cff-e3ff-4fab-a385-431e734962aa,2026-09-16T17:15:00Z,2026-09-16T19:15:00+0200,0.0,MW,NL,NL,actual_solar_generation,Solar | Actual Consumption,2026-09-23T17:02:25Z
2026-09-23T17:01:50Z,2026-09-23T19:01:50+0200,a0951cff-e3ff-4fab-a385-431e734962aa,2026-09-16T17:30:00Z,2026-09-16T19:30:00+0200,0.293,MW,NL,NL,actual_solar_generation,Solar | Actual Aggregated,2026-09-23T17:02:25Z
2026-09-23T17:01:50Z,2026-09-23T19:01:50+0200,a0951cff-e3ff-4fab-a385-431e734962aa,2026-09-16T17:30:00Z,2026-09-16T19:30:00+0200,0.0,MW,NL,NL,actual_solar_generation,Solar | Actual Consumption,2026-09-23T17:02:25Z
2026-09-23T17:01:50Z,2026-09-23T19:01:50+0200,a0951cff-e3ff-4fab-a385-431e734962aa,2026-09-16T17:45:00Z,2026-09-16T19:45:00+0200,0.0,MW,NL,NL,actual_solar_generation,Solar | Actual Aggregated,2026-09-23T17:02:25Z
2026-09-23T17:01:50Z,2026-09-23T19:01:50+0200,a0951cff-e3ff-4fab-a385-431e734962aa,2026-09-16T17:45:00Z,2026-09-16T19:45:00+0200,1.029,MW,NL,NL,actual_solar_generation,Solar | Actual Consumption,2026-09-23T17:02:25Z
2026-09-23T17:01:50Z,2026-09-23T19:01:50+0200,a0951cff-e3ff-4fab-a385-431e734962aa,2026-09-16T18:00:00Z,2026-09-16T20:00:00+0200,0.0,MW,NL,NL,actual_solar_generation,Solar | Actual Aggregated,2026-09-23T17:02:25Z
2026-09-23T17:01:50Z,2026-09-23T19:01:50+0200,a0951cff-e3ff-4fab-a385-431e734962aa,2026-09-16T18:00:00Z,2026-09-16T20:00:00+0200,0.122,MW,NL,NL,actual_solar_generation,Solar | Actual Consumption,2026-09-23T17:02:25Z
2026-09-23T17:01:50Z,2026-09-23T19:01:50+0200,a0951cff-e3ff-4fab-a385-431e734962aa,2026-09-16T18:15:00Z,2026-09-16T20:15:00+0200,0.0,MW,NL,NL,actual_solar_generation,Solar | Actual Aggregated,2026-09-23T17:02:25Z
2026-09-23T17:01:50Z,2026-09-23T19:01:50+0200,a0951cff-e3ff-4fab-a385-431e734962aa,2026-09-16T18:15:00Z,2026-09-16T20:15:00+0200,0.122,MW,NL,NL,actual_solar_generation,Solar | Actual Consumption,2026-09-23T17:02:25Z
2026-09-23T17:01:50Z,2026-09-23T19:01:50+0200,a0951cff-e3ff-4fab-a385-431e734962aa,2026-09-16T18:30:00Z,2026-09-16T20:30:00+0200,0.0,MW,NL,NL,actual_solar_generation,Solar | Actual Aggregated,2026-09-23T17:02:25Z
2026-09-23T17:01:50Z,2026-09-23T19:01:50+0200,a0951cff-e3ff-4fab-a385-431e734962aa,2026-09-16T18:30:00Z,2026-09-16T20:30:00+0200,0.122,MW,NL,NL,actual_solar_generation,Solar | Actual Consumption,2026-09-23T17:02:25Z
2026-09-23T17:01:50Z,2026-09-23T19:01:50+0200,a0951cff-e3ff-4fab-a385-431e734962aa,2026-09-16T18:45:00Z,2026-09-16T20:45:00+0200,0.0,MW,NL,NL,actual_solar_generation,Solar | Actual Aggregated,2026-09-23T17:02:25Z
2026-09-23T17:01:50Z,2026-09-23T19:01:50+0200,a0951cff-e3ff-4fab-a385-431e734962aa,2026-09-16T18:45:00Z,2026-09-16T20:45:00+0200,0.122,MW,NL,NL,actual_solar_generation,Solar | Actual Consumption,2026-09-23T17:02:25Z
2026-09-23T17:01:50Z,2026-09-23T19:01:50+0200,a0951cff-e3ff-4fab-a385-431e734962aa,2026-09-16T19:00:00Z,2026-09-16T21:00:00+0200,0.0,MW,NL,NL,actual_solar_generation,Solar | Actual Aggregated,2026-09-23T17:02:25Z
2026-09-23T17:01:50Z,2026-09-23T19:01:50+0200,a0951cff-e3ff-4fab-a385-431e734962aa,2026-09-16T19:00:00Z,2026-09-16T21:00:00+0200,0.122,MW,NL,NL,actual_solar_generation,Solar | Actual Consumption,2026-09-23T17:02:25Z
2026-09-23T17:01:50Z,2026-09-23T19:01:50+0200,a0951cff-e3ff-4fab-a385-431e734962aa,2026-09-16T19:15:00Z,2026-09-16T21:15:00+0200,0.0,MW,NL,NL,actual_solar_generation,Solar | Actual Aggregated,2026-09-23T17:02:25Z
2026-09-23T17:01:50Z,2026-09-23T19:01:50+0200,a0951cff-e3ff-4fab-a385-431e734962aa,2026-09-16T19:15:00Z,2026-09-16T21:15:00+0200,0.122,MW,NL,NL,actual_solar_generation,Solar | Actual Consumption,2026-09-23T17:02:25Z
2026-09-23T17:01:50Z,2026-09-23T19:01:50+0200,a0951cff-e3ff-4fab-a385-431e734962aa,2026-09-16T19:30:00Z,2026-09-16T21:30:00+0200,0.0,MW,NL,NL,actual_solar_generation,Solar | Actual Aggregated,2026-09-23T17:02:25Z
2026-09-23T17:01:50Z,2026-09-23T19:01:50+0200,a0951cff-e3ff-4fab-a385-431e734962aa,2026-09-16T19:30:00Z,2026-09-16T21:30:00+0200,0.122,MW,NL,NL,actual_solar_generation,Solar | Actual Consumption,2026-09-23T17:02:25Z
2026-09-23T17:01:50Z,2026-09-23T19:01:50+0200,a0951cff-e3ff-4fab-a385-431e734962aa,2026-09-16T19:45:00Z,2026-09-16T21:45:00+0200,0.0,MW,NL,NL,actual_solar_generation,Solar | Actual Aggregated,2026-09-23T17:02:25Z
2026-09-23T17:01:50Z,2026-09-23T19:01:50+0200,a0951cff-e3ff-4fab-a385-431e734962aa,2026-09-16T19:45:00Z,2026-09-16T21:45:00+0200,0.122,MW,NL,NL,actual_solar_generation,Solar | Actual Consumption,2026-09-23T17:02:25Z
2026-09-23T17:01:50Z,2026-09-23T19:01:50+0200,a0951cff-e3ff-4fab-a385-431e734962aa,2026-09-16T20:00:00Z,2026-09-16T22:00:00+0200,0.0,MW,NL,NL,actual_solar_generation,Solar | Actual Aggregated,2026-09-23T17:02:25Z
2026-09-23T17:01:50Z,2026-09-23T19:01:50+0200,a0951cff-e3ff-4fab-a385-431e734962aa,2026-09-16T20:00:00Z,2026-09-16T22:00:00+0200,0.122,MW,NL,NL,actual_solar_generation,Solar | Actual Consumption,2026-09-23T17:02:25Z
2026-09-23T17:01:50Z,2026-09-23T19:01:50+0200,a0951cff-e3ff-4fab-a385-431e734962aa,2026-09-16T20:15:00Z,2026-09-16T22:15:00+0200,0.0,MW,NL,NL,actual_solar_generation,Solar | Actual Aggregated,2026-09-23T17:02:25Z
2026-09-23T17:01:50Z,2026-09-23T19:01:50+0200,a0951cff-e3ff-4fab-a385-431e734962aa,2026-09-16T20:15:00Z,2026-09-16T22:15:00+0200,0.127,MW,NL,NL,actual_solar_generation,Solar | Actual Consumption,2026-09-23T17:02:25Z
2026-09-23T17:01:50Z,2026-09-23T19:01:50+0200,a0951cff-e3ff-4fab-a385-431e734962aa,2026-09-16T20:30:00Z,2026-09-16T22:30:00+0200,0.0,MW,NL,NL,actual_solar_generation,Solar | Actual Aggregated,2026-09-23T17:02:25Z
2026-09-23T17:01:50Z,2026-09-23T19:01:50+0200,a0951cff-e3ff-4fab-a385-431e734962aa,2026-09-16T20:30:00Z,2026-09-16T22:30:00+0200,0.126,MW,NL,NL,actual_solar_generation,Solar | Actual Consumption,2026-09-23T17:02:25Z
2026-09-23T17:01:50Z,2026-09-23T19:01:50+0200,a0951cff-e3ff-4fab-a385-431e734962aa,2026-09-16T20:45:00Z,2026-09-16T22:45:00+0200,0.0,MW,NL,NL,actual_solar_generation,Solar | Actual Aggregated,2026-09-23T17:02:25Z
2026-09-23T17:01:50Z,2026-09-23T19:01:50+0200,a0951cff-e3ff-4fab-a385-431e734962aa,2026-09-16T20:45:00Z,2026-09-16T22:45:00+0200,0.11,MW,NL,NL,actual_solar_generation,Solar | Actual Consumption,2026-09-23T17:02:25Z
2026-09-23T17:01:50Z,2026-09-23T19:01:50+0200,a0951cff-e3ff-4fab-a385-431e734962aa,2026-09-16T21:00:00Z,2026-09-16T23:00:00+0200,0.0,MW,NL,NL,actual_solar_generation,Solar | Actual Aggregated,2026-09-23T17:02:25Z
2026-09-23T17:01:50Z,2026-09-23T19:01:50+0200,a0951cff-e3ff-4fab-a385-431e734962aa,2026-09-16T21:00:00Z,2026-09-16T23:00:00+0200,0.117,MW,NL,NL,actual_solar_generation,Solar | Actual Consumption,2026-09-23T17:02:25Z
2026-09-23T17:01:50Z,2026-09-23T19:01:50+0200,a0951cff-e3ff-4fab-a385-431e734962aa,2026-09-16T21:15:00Z,2026-09-16T23:15:00+0200,0.0,MW,NL,NL,actual_solar_generation,Solar | Actual Aggregated,2026-09-23T17:02:25Z
2026-09-23T17:01:50Z,2026-09-23T19:01:50+0200,a0951cff-e3ff-4fab-a385-431e734962aa,2026-09-16T21:15:00Z,2026-09-16T23:15:00+0200,0.119,MW,NL,NL,actual_solar_generation,Solar | Actual Consumption,2026-09-23T17:02:25Z
2026-09-23T17:01:50Z,2026-09-23T19:01:50+0200,a0951cff-e3ff-4fab-a385-431e734962aa,2026-09-16T21:30:00Z,2026-09-16T23:30:00+0200,0.0,MW,NL,NL,actual_solar_generation,Solar | Actual Aggregated,2026-09-23T17:02:25Z
2026-09-23T17:01:50Z,2026-09-23T19:01:50+0200,a0951cff-e3ff-4fab-a385-431e734962aa,2026-09-16T21:30:00Z,2026-09-16T23:30:00+0200,0.119,MW,NL,NL,actual_solar_generation,Solar | Actual Consumption,2026-09-23T17:02:25Z
2026-09-23T17:01:50Z,2026-09-23T19:01:50+0200,a0951cff-e3ff-4fab-a385-431e734962aa,2026-09-16T21:45:00Z,2026-09-16T23:45:00+0200,0.0,MW,NL,NL,actual_solar_generation,Solar | Actual Aggregated,2026-09-23T17:02:25Z
2026-09-23T17:01:50Z,2026-09-23T19:01:50+0200,a0951cff-e3ff-4fab-a385-431e734962aa,2026-09-16T21:45:00Z,2026-09-16T23:45:00+0200,0.128,MW,NL,NL,actual_solar_generation,Solar | Actual Consumption,2026-09-23T17:02:25Z
2026-09-23T17:01:50Z,2026-09-23T19:01:50+0200,a0951cff-e3ff-4fab-a385-431e734962aa,2026-09-16T22:00:00Z,2026-09-17T00:00:00+0200,0.0,MW,NL,NL,actual_solar_generation,Solar | Actual Aggregated,2026-09-23T17:02:25Z
2026-09-23T17:01:50Z,2026-09-23T19:01:50+0200,a0951cff-e3ff-4fab-a385-431e734962aa,2026-09-16T22:00:00Z,2026-09-17T00:00:00+0200,0.132,MW,NL,NL,actual_solar_generation,Solar | Actual Consumption,2026-09-23T17:02:25Z
2026-09-23T17:01:50Z,2026-09-23T19:01:50+0200,a0951cff-e3ff-4fab-a385-431e734962aa,2026-09-16T22:15:00Z,2026-09-17T00:15:00+0200,0.0,MW,NL,NL,actual_solar_generation,Solar | Actual Aggregated,2026-09-23T17:02:25Z
2026-09-23T17:01:50Z,2026-09-23T19:01:50+0200,a0951cff-e3ff-4fab-a385-431e734962aa,2026-09-16T22:15:00Z,2026-09-17T00:15:00+0200,0.122,MW,NL,NL,actual_solar_generation,Solar | Actual Consumption,2026-09-23T17:02:25Z
2026-09-23T17:01:50Z,2026-09-23T19:01:50+0200,a0951cff-e3ff-4fab-a385-431e734962aa,2026-09-16T22:30:00Z,2026-09-17T00:30:00+0200,0.0,MW,NL,NL,actual_solar_generation,Solar | Actual Aggregated,2026-09-23T17:02:25Z
2026-09-23T17:01:50Z,2026-09-23T19:01:50+0200,a0951cff-e3ff-4fab-a385-431e734962aa,2026-09-16T22:30:00Z,2026-09-17T00:30:00+0200,0.122,MW,NL,NL,actual_solar_generation,Solar | Actual Consumption,2026-09-23T17:02:25Z
2026-09-23T17:01:50Z,2026-09-23T19:01:50+0200,a0951cff-e3ff-4fab-a385-431e734962aa,2026-09-16T22:45:00Z,2026-09-17T00:45:00+0200,0.0,MW,NL,NL,actual_solar_generation,Solar | Actual Aggregated,2026-09-23T17:02:25Z
2026-09-23T17:01:50Z,2026-09-23T19:01:50+0200,a0951cff-e3ff-4fab-a385-431e734962aa,2026-09-16T22:45:00Z,2026-09-17T00:45:00+0200,0.122,MW,NL,NL,actual_solar_generation,Solar | Actual Consumption,2026-09-23T17:02:25Z
2026-09-23T17:01:50Z,2026-09-23T19:01:50+0200,a0951cff-e3ff-4fab-a385-431e734962aa,2026-09-16T23:00:00Z,2026-09-17T01:00:00+0200,0.0,MW,NL,NL,actual_solar_generation,Solar | Actual Aggregated,2026-09-23T17:02:25Z
2026-09-23T17:01:50Z,2026-09-23T19:01:50+0200,a0951cff-e3ff-4fab-a385-431e734962aa,2026-09-16T23:00:00Z,2026-09-17T01:00:00+0200,0.122,MW,NL,NL,actual_solar_generation,Solar | Actual Consumption,2026-09-23T17:02:25Z
2026-09-23T17:01:50Z,2026-09-23T19:01:50+0200,a0951cff-e3ff-4fab-a385-431e734962aa,2026-09-16T23:15:00Z,2026-09-17T01:15:00+0200,0.0,MW,NL,NL,actual_solar_generation,Solar | Actual Aggregated,2026-09-23T17:02:25Z
2026-09-23T17:01:50Z,2026-09-23T19:01:50+0200,a0951cff-e3ff-4fab-a385-431e734962aa,2026-09-16T23:15:00Z,2026-09-17T01:15:00+0200,0.122,MW,NL,NL,actual_solar_generation,Solar | Actual Consumption,2026-09-23T17:02:25Z
2026-09-23T17:01:50Z,2026-09-23T19:01:50+0200,a0951cff-e3ff-4fab-a385-431e734962aa,2026-09-16T23:30:00Z,2026-09-17T01:30:00+0200,0.0,MW,NL,NL,actual_solar_generation,Solar | Actual Aggregated,2026-09-23T17:02:25Z
2026-09-23T17:01:50Z,2026-09-23T19:01:50+0200,a0951cff-e3ff-4fab-a385-431e734962aa,2026-09-16T23:30:00Z,2026-09-17T01:30:00+0200,0.122,MW,NL,NL,actual_solar_generation,Solar | Actual Consumption,2026-09-23T17:02:25Z
2026-09-23T17:01:50Z,2026-09-23T19:01:50+0200,a0951cff-e3ff-4fab-a385-431e734962aa,2026-09-16T23:45:00Z,2026-09-17T01:45:00+0200,0.0,MW,NL,NL,actual_solar_generation,Solar | Actual Aggregated,2026-09-23T17:02:25Z
2026-09-23T17:01:50Z,2026-09-23T19:01:50+0200,a0951cff-e3ff-4fab-a385-431e734962aa,2026-09-16T23:45:00Z,2026-09-17T01:45:00+0200,0.122,MW,NL,NL,actual_solar_generation,Solar | Actual Consumption,2026-09-23T17:02:25Z
2026-09-23T17:01:50Z,2026-09-23T19:01:50+0200,a0951cff-e3ff-4fab-a385-431e734962aa,2026-09-17T00:00:00Z,2026-09-17T02:00:00+0200,0.0,MW,NL,NL,actual_solar_generation,Solar | Actual Aggregated,2026-09-23T17:02:25Z
2026-09-23T17:01:50Z,2026-09-23T19:01:50+0200,a0951cff-e3ff-4fab-a385-431e734962aa,2026-09-17T00:00:00Z,2026-09-17T02:00:00+0200,0.13,MW,NL,NL,actual_solar_generation,Solar | Actual Consumption,2026-09-23T17:02:25Z
2026-09-23T17:01:50Z,2026-09-23T19:01:50+0200,a0951cff-e3ff-4fab-a385-431e734962aa,2026-09-17T00:15:00Z,2026-09-17T02:15:00+0200,0.0,MW,NL,NL,actual_solar_generation,Solar | Actual Aggregated,2026-09-23T17:02:25Z
2026-09-23T17:01:50Z,2026-09-23T19:01:50+0200,a0951cff-e3ff-4fab-a385-431e734962aa,2026-09-17T00:15:00Z,2026-09-17T02:15:00+0200,0.133,MW,NL,NL,actual_solar_generation,Solar | Actual Consumption,2026-09-23T17:02:25Z
2026-09-23T17:01:50Z,2026-09-23T19:01:50+0200,a0951cff-e3ff-4fab-a385-431e734962aa,2026-09-17T00:30:00Z,2026-09-17T02:30:00+0200,0.0,MW,NL,NL,actual_solar_generation,Solar | Actual Aggregated,2026-09-23T17:02:25Z
2026-09-23T17:01:50Z,2026-09-23T19:01:50+0200,a0951cff-e3ff-4fab-a385-431e734962aa,2026-09-17T00:30:00Z,2026-09-17T02:30:00+0200,0.13,MW,NL,NL,actual_solar_generation,Solar | Actual Consumption,2026-09-23T17:02:25Z
2026-09-23T17:01:50Z,2026-09-23T19:01:50+0200,a0951cff-e3ff-4fab-a385-431e734962aa,2026-09-17T00:45:00Z,2026-09-17T02:45:00+0200,0.0,MW,NL,NL,actual_solar_generation,Solar | Actual Aggregated,2026-09-23T17:02:25Z
2026-09-23T17:01:50Z,2026-09-23T19:01:50+0200,a0951cff-e3ff-4fab-a385-431e734962aa,2026-09-17T00:45:00Z,2026-09-17T02:45:00+0200,0.13,MW,NL,NL,actual_solar_generation,Solar | Actual Consumption,2026-09-23T17:02:25Z
2026-09-23T17:01:50Z,2026-09-23T19:01:50+0200,a0951cff-e3ff-4fab-a385-431e734962aa,2026-09-17T01:00:00Z,2026-09-17T03:00:00+0200,0.0,MW,NL,NL,actual_solar_generation,Solar | Actual Aggregated,2026-09-23T17:02:25Z
2026-09-23T17:01:50Z,2026-09-23T19:01:50+0200,a0951cff-e3ff-4fab-a385-431e734962aa,2026-09-17T01:00:00Z,2026-09-17T03:00:00+0200,0.125,MW,NL,NL,actual_solar_generation,Solar | Actual Consumption,2026-09-23T17:02:25Z
2026-09-23T17:01:50Z,2026-09-23T19:01:50+0200,a0951cff-e3ff-4fab-a385-431e734962aa,2026-09-17T01:15:00Z,2026-09-17T03:15:00+0200,0.0,MW,NL,NL,actual_solar_generation,Solar | Actual Aggregated,2026-09-23T17:02:25Z
2026-09-23T17:01:50Z,2026-09-23T19:01:50+0200,a0951cff-e3ff-4fab-a385-431e734962aa,2026-09-17T01:15:00Z,2026-09-17T03:15:00+0200,0.123,MW,NL,NL,actual_solar_generation,Solar | Actual Consumption,2026-09-23T17:02:25Z
2026-09-23T17:01:50Z,2026-09-23T19:01:50+0200,a0951cff-e3ff-4fab-a385-431e734962aa,2026-09-17T01:30:00Z,2026-09-17T03:30:00+0200,0.0,MW,NL,NL,actual_solar_generation,Solar | Actual Aggregated,2026-09-23T17:02:25Z
2026-09-23T17:01:50Z,2026-09-23T19:01:50+0200,a0951cff-e3ff-4fab-a385-431e734962aa,2026-09-17T01:30:00Z,2026-09-17T03:30:00+0200,0.132,MW,NL,NL,actual_solar_generation,Solar | Actual Consumption,2026-09-23T17:02:25Z
2026-09-23T17:01:50Z,2026-09-23T19:01:50+0200,a0951cff-e3ff-4fab-a385-431e734962aa,2026-09-17T01:45:00Z,2026-09-17T03:45:00+0200,0.0,MW,NL,NL,actual_solar_generation,Solar | Actual Aggregated,2026-09-23T17:02:25Z
2026-09-23T17:01:50Z,2026-09-23T19:01:50+0200,a0951cff-e3ff-4fab-a385-431e734962aa,2026-09-17T01:45:00Z,2026-09-17T03:45:00+0200,0.116,MW,NL,NL,actual_solar_generation,Solar | Actual Consumption,2026-09-23T17:02:25Z
2026-09-23T17:01:50Z,2026-09-23T19:01:50+0200,a0951cff-e3ff-4fab-a385-431e734962aa,2026-09-17T02:00:00Z,2026-09-17T04:00:00+0200,0.0,MW,NL,NL,actual_solar_generation,Solar | Actual Aggregated,2026-09-23T17:02:25Z
2026-09-23T17:01:50Z,2026-09-23T19:01:50+0200,a0951cff-e3ff-4fab-a385-431e734962aa,2026-09-17T02:00:00Z,2026-09-17T04:00:00+0200,0.125,MW,NL,NL,actual_solar_generation,Solar | Actual Consumption,2026-09-23T17:02:25Z
2026-09-23T17:01:50Z,2026-09-23T19:01:50+0200,a0951cff-e3ff-4fab-a385-431e734962aa,2026-09-17T02:15:00Z,2026-09-17T04:15:00+0200,0.0,MW,NL,NL,actual_solar_generation,Solar | Actual Aggregated,2026-09-23T17:02:25Z
2026-09-23T17:01:50Z,2026-09-23T19:01:50+0200,a0951cff-e3ff-4fab-a385-431e734962aa,2026-09-17T02:15:00Z,2026-09-17T04:15:00+0200,0.129,MW,NL,NL,actual_solar_generation,Solar | Actual Consumption,2026-09-23T17:02:25Z
2026-09-23T17:01:50Z,2026-09-23T19:01:50+0200,a0951cff-e3ff-4fab-a385-431e734962aa,2026-09-17T02:30:00Z,2026-09-17T04:30:00+0200,0.0,MW,NL,NL,actual_solar_generation,Solar | Actual Aggregated,2026-09-23T17:02:25Z
2026-09-23T17:01:50Z,2026-09-23T19:01:50+0200,a0951cff-e3ff-4fab-a385-431e734962aa,2026-09-17T02:30:00Z,2026-09-17T04:30:00+0200,0.112,MW,NL,NL,actual_solar_generation,Solar | Actual Consumption,2026-09-23T17:02:25Z
2026-09-23T17:01:50Z,2026-09-23T19:01:50+0200,a0951cff-e3ff-4fab-a385-431e734962aa,2026-09-17T02:45:00Z,2026-09-17T04:45:00+0200,0.0,MW,NL,NL,actual_solar_generation,Solar | Actual Aggregated,2026-09-23T17:02:25Z
2026-09-23T17:01:50Z,2026-09-23T19:01:50+0200,a0951cff-e3ff-4fab-a385-431e734962aa,2026-09-17T02:45:00Z,2026-09-17T04:45:00+0200,0.128,MW,NL,NL,actual_solar_generation,Solar | Actual Consumption,2026-09-23T17:02:25Z
2026-09-23T17:01:50Z,2026-09-23T19:01:50+0200,a0951cff-e3ff-4fab-a385-431e734962aa,2026-09-17T03:00:00Z,2026-09-17T05:00:00+0200,0.0,MW,NL,NL,actual_solar_generation,Solar | Actual Aggregated,2026-09-23T17:02:25Z
2026-09-23T17:01:50Z,2026-09-23T19:01:50+0200,a0951cff-e3ff-4fab-a385-431e734962aa,2026-09-17T03:00:00Z,2026-09-17T05:00:00+0200,0.128,MW,NL,NL,actual_solar_generation,Solar | Actual Consumption,2026-09-23T17:02:25Z
2026-09-23T17:01:50Z,2026-09-23T19:01:50+0200,a0951cff-e3ff-4fab-a385-431e734962aa,2026-09-17T03:15:00Z,2026-09-17T05:15:00+0200,0.0,MW,NL,NL,actual_solar_generation,Solar | Actual Aggregated,2026-09-23T17:02:25Z
2026-09-23T17:01:50Z,2026-09-23T19:01:50+0200,a0951cff-e3ff-4fab-a385-431e734962aa,2026-09-17T03:15:00Z,2026-09-17T05:15:00+0200,0.123,MW,NL,NL,actual_solar_generation,Solar | Actual Consumption,2026-09-23T17:02:25Z
2026-09-23T17:01:50Z,2026-09-23T19:01:50+0200,a0951cff-e3ff-4fab-a385-431e734962aa,2026-09-17T03:30:00Z,2026-09-17T05:30:00+0200,0.0,MW,NL,NL,actual_solar_generation,Solar | Actual Aggregated,2026-09-23T17:02:25Z
2026-09-23T17:01:50Z,2026-09-23T19:01:50+0200,a0951cff-e3ff-4fab-a385-431e734962aa,2026-09-17T03:30:00Z,2026-09-17T05:30:00+0200,0.123,MW,NL,NL,actual_solar_generation,Solar | Actual Consumption,2026-09-23T17:02:25Z
2026-09-23T17:01:50Z,2026-09-23T19:01:50+0200,a0951cff-e3ff-4fab-a385-431e734962aa,2026-09-17T03:45:00Z,2026-09-17T05:45:00+0200,0.0,MW,NL,NL,actual_solar_generation,Solar | Actual Aggregated,2026-09-23T17:02:25Z
2026-09-23T17:01:50Z,2026-09-23T19:01:50+0200,a0951cff-e3ff-4fab-a385-431e734962aa,2026-09-17T03:45:00Z,2026-09-17T05:45:00+0200,0.123,MW,NL,NL,actual_solar_generation,Solar | Actual Consumption,2026-09-23T17:02:25Z
2026-09-23T17:01:50Z,2026-09-23T19:01:50+0200,a0951cff-e3ff-4fab-a385-431e734962aa,2026-09-17T04:00:00Z,2026-09-17T06:00:00+0200,0.0,MW,NL,NL,actual_solar_generation,Solar | Actual Aggregated,2026-09-23T17:02:25Z
2026-09-23T17:01:50Z,2026-09-23T19:01:50+0200,a0951cff-e3ff-4fab-a385-431e734962aa,2026-09-17T04:00:00Z,2026-09-17T06:00:00+0200,0.123,MW,NL,NL,actual_solar_generation,Solar | Actual Consumption,2026-09-23T17:02:25Z
2026-09-23T17:01:50Z,2026-09-23T19:01:50+0200,a0951cff-e3ff-4fab-a385-431e734962aa,2026-09-17T04:15:00Z,2026-09-17T06:15:00+0200,0.0,MW,NL,NL,actual_solar_generation,Solar | Actual Aggregated,2026-09-23T17:02:25Z
2026-09-23T17:01:50Z,2026-09-23T19:01:50+0200,a0951cff-e3ff-4fab-a385-431e734962aa,2026-09-17T04:15:00Z,2026-09-17T06:15:00+0200,0.123,MW,NL,NL,actual_solar_generation,Solar | Actual Consumption,2026-09-23T17:02:25Z
2026-09-23T17:01:50Z,2026-09-23T19:01:50+0200,a0951cff-e3ff-4fab-a385-431e734962aa,2026-09-17T04:30:00Z,2026-09-17T06:30:00+0200,0.0,MW,NL,NL,actual_solar_generation,Solar | Actual Aggregated,2026-09-23T17:02:25Z
2026-09-23T17:01:50Z,2026-09-23T19:01:50+0200,a0951cff-e3ff-4fab-a385-431e734962aa,2026-09-17T04:30:00Z,2026-09-17T06:30:00+0200,0.123,MW,NL,NL,actual_solar_generation,Solar | Actual Consumption,2026-09-23T17:02:25Z
2026-09-23T17:01:50Z,2026-09-23T19:01:50+0200,a0951cff-e3ff-4fab-a385-431e734962aa,2026-09-17T04:45:00Z,2026-09-17T06:45:00+0200,0.0,MW,NL,NL,actual_solar_generation,Solar | Actual Aggregated,2026-09-23T17:02:25Z
2026-09-23T17:01:50Z,2026-09-23T19:01:50+0200,a0951cff-e3ff-4fab-a385-431e734962aa,2026-09-17T04:45:00Z,2026-09-17T06:45:00+0200,0.123,MW,NL,NL,actual_solar_generation,Solar | Actual Consumption,2026-09-23T17:02:25Z
2026-09-23T17:01:50Z,2026-09-23T19:01:50+0200,a0951cff-e3ff-4fab-a385-431e734962aa,2026-09-17T05:00:00Z,2026-09-17T07:00:00+0200,0.215,MW,NL,NL,actual_solar_generation,Solar | Actual Aggregated,2026-09-23T17:02:25Z
2026-09-23T17:01:50Z,2026-09-23T19:01:50+0200,a0951cff-e3ff-4fab-a385-431e734962aa,2026-09-17T05:00:00Z,2026-09-17T07:00:00+0200,0.123,MW,NL,NL,actual_solar_generation,Solar | Actual Consumption,2026-09-23T17:02:25Z
2026-09-23T17:01:50Z,2026-09-23T19:01:50+0200,a0951cff-e3ff-4fab-a385-431e734962aa,2026-09-17T05:15:00Z,2026-09-17T07:15:00+0200,0.437,MW,NL,NL,actual_solar_generation,Solar | Actual Aggregated,2026-09-23T17:02:25Z
2026-09-23T17:01:50Z,2026-09-23T19:01:50+0200,a0951cff-e3ff-4fab-a385-431e734962aa,2026-09-17T05:15:00Z,2026-09-17T07:15:00+0200,0.0,MW,NL,NL,actual_solar_generation,Solar | Actual Consumption,2026-09-23T17:02:25Z
2026-09-23T17:01:50Z,2026-09-23T19:01:50+0200,a0951cff-e3ff-4fab-a385-431e734962aa,2026-09-17T05:30:00Z,2026-09-17T07:30:00+0200,3.725,MW,NL,NL,actual_solar_generation,Solar | Actual Aggregated,2026-09-23T17:02:25Z
2026-09-23T17:01:50Z,2026-09-23T19:01:50+0200,a0951cff-e3ff-4fab-a385-431e734962aa,2026-09-17T05:30:00Z,2026-09-17T07:30:00+0200,0.0,MW,NL,NL,actual_solar_generation,Solar | Actual Consumption,2026-09-23T17:02:25Z
2026-09-23T17:01:50Z,2026-09-23T19:01:50+0200,a0951cff-e3ff-4fab-a385-431e734962aa,2026-09-17T05:45:00Z,2026-09-17T07:45:00+0200,6.837,MW,NL,NL,actual_solar_generation,Solar | Actual Aggregated,2026-09-23T17:02:25Z
2026-09-23T17:01:50Z,2026-09-23T19:01:50+0200,a0951cff-e3ff-4fab-a385-431e734962aa,2026-09-17T05:45:00Z,2026-09-17T07:45:00+0200,0.0,MW,NL,NL,actual_solar_generation,Solar | Actual Consumption,2026-09-23T17:02:25Z
2026-09-23T17:01:50Z,2026-09-23T19:01:50+0200,a0951cff-e3ff-4fab-a385-431e734962aa,2026-09-17T06:00:00Z,2026-09-17T08:00:00+0200,7.164,MW,NL,NL,actual_solar_generation,Solar | Actual Aggregated,2026-09-23T17:02:25Z
2026-09-23T17:01:50Z,2026-09-23T19:01:50+0200,a0951cff-e3ff-4fab-a385-431e734962aa,2026-09-17T06:00:00Z,2026-09-17T08:00:00+0200,0.0,MW,NL,NL,actual_solar_generation,Solar | Actual Consumption,2026-09-23T17:02:25Z
2026-09-23T17:01:50Z,2026-09-23T19:01:50+0200,a0951cff-e3ff-4fab-a385-431e734962aa,2026-09-17T06:15:00Z,2026-09-17T08:15:00+0200,7.469,MW,NL,NL,actual_solar_generation,Solar | Actual Aggregated,2026-09-23T17:02:25Z
2026-09-23T17:01:50Z,2026-09-23T19:01:50+0200,a0951cff-e3ff-4fab-a385-431e734962aa,2026-09-17T06:15:00Z,2026-09-17T08:15:00+0200,0.0,MW,NL,NL,actual_solar_generation,Solar | Actual Consumption,2026-09-23T17:02:25Z
2026-09-23T17:01:50Z,2026-09-23T19:01:50+0200,a0951cff-e3ff-4fab-a385-431e734962aa,2026-09-17T06:30:00Z,2026-09-17T08:30:00+0200,12.827,MW,NL,NL,actual_solar_generation,Solar | Actual Aggregated,2026-09-23T17:02:25Z
2026-09-23T17:01:50Z,2026-09-23T19:01:50+0200,a0951cff-e3ff-4fab-a385-431e734962aa,2026-09-17T06:30:00Z,2026-09-17T08:30:00+0200,0.0,MW,NL,NL,actual_solar_generation,Solar | Actual Consumption,2026-09-23T17:02:25Z
2026-09-23T17:01:50Z,2026-09-23T19:01:50+0200,a0951cff-e3ff-4fab-a385-431e734962aa,2026-09-17T06:45:00Z,2026-09-17T08:45:00+0200,16.417,MW,NL,NL,actual_solar_generation,Solar | Actual Aggregated,2026-09-23T17:02:25Z
2026-09-23T17:01:50Z,2026-09-23T19:01:50+0200,a0951cff-e3ff-4fab-a385-431e734962aa,2026-09-17T06:45:00Z,2026-09-17T08:45:00+0200,0.0,MW,NL,NL,actual_solar_generation,Solar | Actual Consumption,2026-09-23T17:02:25Z
2026-09-23T17:01:50Z,2026-09-23T19:01:50+0200,a0951cff-e3ff-4fab-a385-431e734962aa,2026-09-17T07:00:00Z,2026-09-17T09:00:00+0200,17.132,MW,NL,NL,actual_solar_generation,Solar | Actual Aggregated,2026-09-23T17:02:25Z
2026-09-23T17:01:50Z,2026-09-23T19:01:50+0200,a0951cff-e3ff-4fab-a385-431e734962aa,2026-09-17T07:00:00Z,2026-09-17T09:00:00+0200,0.0,MW,NL,NL,actual_solar_generation,Solar | Actual Consumption,2026-09-23T17:02:25Z
2026-09-23T17:01:50Z,2026-09-23T19:01:50+0200,a0951cff-e3ff-4fab-a385-431e734962aa,2026-09-17T07:15:00Z,2026-09-17T09:15:00+0200,20.922,MW,NL,NL,actual_solar_generation,Solar | Actual Aggregated,2026-09-23T17:02:25Z
2026-09-23T17:01:50Z,2026-09-23T19:01:50+0200,a0951cff-e3ff-4fab-a385-431e734962aa,2026-09-17T07:15:00Z,2026-09-17T09:15:00+0200,0.0,MW,NL,NL,actual_solar_generation,Solar | Actual Consumption,2026-09-23T17:02:25Z
2026-09-23T17:01:50Z,2026-09-23T19:01:50+0200,a0951cff-e3ff-4fab-a385-431e734962aa,2026-09-17T07:30:00Z,2026-09-17T09:30:00+0200,29.495,MW,NL,NL,actual_solar_generation,Solar | Actual Aggregated,2026-09-23T17:02:25Z
2026-09-23T17:01:50Z,2026-09-23T19:01:50+0200,a0951cff-e3ff-4fab-a385-431e734962aa,2026-09-17T07:30:00Z,2026-09-17T09:30:00+0200,0.0,MW,NL,NL,actual_solar_generation,Solar | Actual Consumption,2026-09-23T17:02:25Z
2026-09-23T17:01:50Z,2026-09-23T19:01:50+0200,a0951cff-e3ff-4fab-a385-431e734962aa,2026-09-17T07:45:00Z,2026-09-17T09:45:00+0200,34.573,MW,NL,NL,actual_solar_generation,Solar | Actual Aggregated,2026-09-23T17:02:25Z
2026-09-23T17:01:50Z,2026-09-23T19:01:50+0200,a0951cff-e3ff-4fab-a385-431e734962aa,2026-09-17T07:45:00Z,2026-09-17T09:45:00+0200,0.0,MW,NL,NL,actual_solar_generation,Solar | Actual Consumption,2026-09-23T17:02:25Z
2026-09-23T17:01:50Z,2026-09-23T19:01:50+0200,a0951cff-e3ff-4fab-a385-431e734962aa,2026-09-17T08:00:00Z,2026-09-17T10:00:00+0200,54.755,MW,NL,NL,actual_solar_generation,Solar | Actual Aggregated,2026-09-23T17:02:25Z
2026-09-23T17:01:50Z,2026-09-23T19:01:50+0200,a0951cff-e3ff-4fab-a385-431e734962aa,2026-09-17T08:00:00Z,2026-09-17T10:00:00+0200,0.0,MW,NL,NL,actual_solar_generation,Solar | Actual Consumption,2026-09-23T17:02:25Z
2026-09-23T17:01:50Z,2026-09-23T19:01:50+0200,a0951cff-e3ff-4fab-a385-431e734962aa,2026-09-17T08:15:00Z,2026-09-17T10:15:00+0200,59.057,MW,NL,NL,actual_solar_generation,Solar | Actual Aggregated,2026-09-23T17:02:25Z
2026-09-23T17:01:50Z,2026-09-23T19:01:50+0200,a0951cff-e3ff-4fab-a385-431e734962aa,2026-09-17T08:15:00Z,2026-09-17T10:15:00+0200,0.0,MW,NL,NL,actual_solar_generation,Solar | Actual Consumption,2026-09-23T17:02:25Z
2026-09-23T17:01:50Z,2026-09-23T19:01:50+0200,a0951cff-e3ff-4fab-a385-431e734962aa,2026-09-17T08:30:00Z,2026-09-17T10:30:00+0200,67.994,MW,NL,NL,actual_solar_generation,Solar | Actual Aggregated,2026-09-23T17:02:25Z
2026-09-23T17:01:50Z,2026-09-23T19:01:50+0200,a0951cff-e3ff-4fab-a385-431e734962aa,2026-09-17T08:30:00Z,2026-09-17T10:30:00+0200,0.0,MW,NL,NL,actual_solar_generation,Solar | Actual Consumption,2026-09-23T17:02:25Z
2026-09-23T17:01:50Z,2026-09-23T19:01:50+0200,a0951cff-e3ff-4fab-a385-431e734962aa,2026-09-17T08:45:00Z,2026-09-17T10:45:00+0200,81.708,MW,NL,NL,actual_solar_generation,Solar | Actual Aggregated,2026-09-23T17:02:25Z
2026-09-23T17:01:50Z,2026-09-23T19:01:50+0200,a0951cff-e3ff-4fab-a385-431e734962aa,2026-09-17T08:45:00Z,2026-09-17T10:45:00+0200,0.0,MW,NL,NL,actual_solar_generation,Solar | Actual Consumption,2026-09-23T17:02:25Z
2026-09-23T17:01:50Z,2026-09-23T19:01:50+0200,a0951cff-e3ff-4fab-a385-431e734962aa,2026-09-17T09:00:00Z,2026-09-17T11:00:00+0200,116.857,MW,NL,NL,actual_solar_generation,Solar | Actual Aggregated,2026-09-23T17:02:25Z
2026-09-23T17:01:50Z,2026-09-23T19:01:50+0200,a0951cff-e3ff-4fab-a385-431e734962aa,2026-09-17T09:00:00Z,2026-09-17T11:00:00+0200,0.0,MW,NL,NL,actual_solar_generation,Solar | Actual Consumption,2026-09-23T17:02:25Z
2026-09-23T17:01:50Z,2026-09-23T19:01:50+0200,a0951cff-e3ff-4fab-a385-431e734962aa,2026-09-17T09:15:00Z,2026-09-17T11:15:00+0200,116.617,MW,NL,NL,actual_solar_generation,Solar | Actual Aggregated,2026-09-23T17:02:25Z
2026-09-23T17:01:50Z,2026-09-23T19:01:50+0200,a0951cff-e3ff-4fab-a385-431e734962aa,2026-09-17T09:15:00Z,2026-09-17T11:15:00+0200,0.0,MW,NL,NL,actual_solar_generation,Solar | Actual Consumption,2026-09-23T17:02:25Z
2026-09-23T17:01:50Z,2026-09-23T19:01:50+0200,a0951cff-e3ff-4fab-a385-431e734962aa,2026-09-17T09:30:00Z,2026-09-17T11:30:00+0200,102.422,MW,NL,NL,actual_solar_generation,Solar | Actual Aggregated,2026-09-23T17:02:25Z
2026-09-23T17:01:50Z,2026-09-23T19:01:50+0200,a0951cff-e3ff-4fab-a385-431e734962aa,2026-09-17T09:30:00Z,2026-09-17T11:30:00+0200,0.0,MW,NL,NL,actual_solar_generation,Solar | Actual Consumption,2026-09-23T17:02:25Z
2026-09-23T17:01:50Z,2026-09-23T19:01:50+0200,a0951cff-e3ff-4fab-a385-431e734962aa,2026-09-17T09:45:00Z,2026-09-17T11:45:00+0200,88.729,MW,NL,NL,actual_solar_generation,Solar | Actual Aggregated,2026-09-23T17:02:25Z
2026-09-23T17:01:50Z,2026-09-23T19:01:50+0200,a0951cff-e3ff-4fab-a385-431e734962aa,2026-09-17T09:45:00Z,2026-09-17T11:45:00+0200,0.0,MW,NL,NL,actual_solar_generation,Solar | Actual Consumption,2026-09-23T17:02:25Z
2026-09-23T17:01:50Z,2026-09-23T19:01:50+0200,a0951cff-e3ff-4fab-a385-431e734962aa,2026-09-17T10:00:00Z,2026-09-17T12:00:00+0200,96.255,MW,NL,NL,actual_solar_generation,Solar | Actual Aggregated,2026-09-23T17:02:25Z
2026-09-23T17:01:50Z,2026-09-23T19:01:50+0200,a0951cff-e3ff-4fab-a385-431e734962aa,2026-09-17T10:00:00Z,2026-09-17T12:00:00+0200,0.0,MW,NL,NL,actual_solar_generation,Solar | Actual Consumption,2026-09-23T17:02:25Z
2026-09-23T17:01:50Z,2026-09-23T19:01:50+0200,a0951cff-e3ff-4fab-a385-431e734962aa,2026-09-17T10:15:00Z,2026-09-17T12:15:00+0200,102.248,MW,NL,NL,actual_solar_generation,Solar | Actual Aggregated,2026-09-23T17:02:25Z
2026-09-23T17:01:50Z,2026-09-23T19:01:50+0200,a0951cff-e3ff-4fab-a385-431e734962aa,2026-09-17T10:15:00Z,2026-09-17T12:15:00+0200,0.0,MW,NL,NL,actual_solar_generation,Solar | Actual Consumption,2026-09-23T17:02:25Z
2026-09-23T17:01:50Z,2026-09-23T19:01:50+0200,a0951cff-e3ff-4fab-a385-431e734962aa,2026-09-17T10:30:00Z,2026-09-17T12:30:00+0200,116.186,MW,NL,NL,actual_solar_generation,Solar | Actual Aggregated,2026-09-23T17:02:25Z
2026-09-23T17:01:50Z,2026-09-23T19:01:50+0200,a0951cff-e3ff-4fab-a385-431e734962aa,2026-09-17T10:30:00Z,2026-09-17T12:30:00+0200,0.0,MW,NL,NL,actual_solar_generation,Solar | Actual Consumption,2026-09-23T17:02:25Z
2026-09-23T17:01:50Z,2026-09-23T19:01:50+0200,a0951cff-e3ff-4fab-a385-431e734962aa,2026-09-17T10:45:00Z,2026-09-17T12:45:00+0200,109.381,MW,NL,NL,actual_solar_generation,Solar | Actual Aggregated,2026-09-23T17:02:25Z
2026-09-23T17:01:50Z,2026-09-23T19:01:50+0200,a0951cff-e3ff-4fab-a385-431e734962aa,2026-09-17T10:45:00Z,2026-09-17T12:45:00+0200,0.0,MW,NL,NL,actual_solar_generation,Solar | Actual Consumption,2026-09-23T17:02:25Z
2026-09-23T17:01:50Z,2026-09-23T19:01:50+0200,a0951cff-e3ff-4fab-a385-431e734962aa,2026-09-17T11:00:00Z,2026-09-17T13:00:00+0200,96.293,MW,NL,NL,actual_solar_generation,Solar | Actual Aggregated,2026-09-23T17:02:25Z
2026-09-23T17:01:50Z,2026-09-23T19:01:50+0200,a0951cff-e3ff-4fab-a385-431e734962aa,2026-09-17T11:00:00Z,2026-09-17T13:00:00+0200,0.0,MW,NL,NL,actual_solar_generation,Solar | Actual Consumption,2026-09-23T17:02:25Z
2026-09-23T17:01:50Z,2026-09-23T19:01:50+0200,a0951cff-e3ff-4fab-a385-431e734962aa,2026-09-17T11:15:00Z,2026-09-17T13:15:00+0200,84.043,MW,NL,NL,actual_solar_generation,Solar | Actual Aggregated,2026-09-23T17:02:25Z
2026-09-23T17:01:50Z,2026-09-23T19:01:50+0200,a0951cff-e3ff-4fab-a385-431e734962aa,2026-09-17T11:15:00Z,2026-09-17T13:15:00+0200,0.0,MW,NL,NL,actual_solar_generation,Solar | Actual Consumption,2026-09-23T17:02:25Z
2026-09-23T17:01:50Z,2026-09-23T19:01:50+0200,a0951cff-e3ff-4fab-a385-431e734962aa,2026-09-17T11:30:00Z,2026-09-17T13:30:00+0200,68.713,MW,NL,NL,actual_solar_generation,Solar | Actual Aggregated,2026-09-23T17:02:25Z
2026-09-23T17:01:50Z,2026-09-23T19:01:50+0200,a0951cff-e3ff-4fab-a385-431e734962aa,2026-09-17T11:30:00Z,2026-09-17T13:30:00+0200,0.0,MW,NL,NL,actual_solar_generation,Solar | Actual Consumption,2026-09-23T17:02:25Z
2026-09-23T17:01:50Z,2026-09-23T19:01:50+0200,a0951cff-e3ff-4fab-a385-431e734962aa,2026-09-17T11:45:00Z,2026-09-17T13:45:00+0200,42.744,MW,NL,NL,actual_solar_generation,Solar | Actual Aggregated,2026-09-23T17:02:25Z
2026-09-23T17:01:50Z,2026-09-23T19:01:50+0200,a0951cff-e3ff-4fab-a385-431e734962aa,2026-09-17T11:45:00Z,2026-09-17T13:45:00+0200,0.0,MW,NL,NL,actual_solar_generation,Solar | Actual Consumption,2026-09-23T17:02:25Z
2026-09-23T17:01:50Z,2026-09-23T19:01:50+0200,a0951cff-e3ff-4fab-a385-431e734962aa,2026-09-17T12:00:00Z,2026-09-17T14:00:00+0200,23.267,MW,NL,NL,actual_solar_generation,Solar | Actual Aggregated,2026-09-23T17:02:25Z
2026-09-23T17:01:50Z,2026-09-23T19:01:50+0200,a0951cff-e3ff-4fab-a385-431e734962aa,2026-09-17T12:00:00Z,2026-09-17T14:00:00+0200,0.0,MW,NL,NL,actual_solar_generation,Solar | Actual Consumption,2026-09-23T17:02:25Z
2026-09-23T17:01:50Z,2026-09-23T19:01:50+0200,a0951cff-e3ff-4fab-a385-431e734962aa,2026-09-17T12:15:00Z,2026-09-17T14:15:00+0200,38.646,MW,NL,NL,actual_solar_generation,Solar | Actual Aggregated,2026-09-23T17:02:25Z
2026-09-23T17:01:50Z,2026-09-23T19:01:50+0200,a0951cff-e3ff-4fab-a385-431e734962aa,2026-09-17T12:15:00Z,2026-09-17T14:15:00+0200,0.0,MW,NL,NL,actual_solar_generation,Solar | Actual Consumption,2026-09-23T17:02:25Z
2026-09-23T17:01:50Z,2026-09-23T19:01:50+0200,a0951cff-e3ff-4fab-a385-431e734962aa,2026-09-17T12:30:00Z,2026-09-17T14:30:00+0200,40.371,MW,NL,NL,actual_solar_generation,Solar | Actual Aggregated,2026-09-23T17:02:25Z
2026-09-23T17:01:50Z,2026-09-23T19:01:50+0200,a0951cff-e3ff-4fab-a385-431e734962aa,2026-09-17T12:30:00Z,2026-09-17T14:30:00+0200,0.0,MW,NL,NL,actual_solar_generation,Solar | Actual Consumption,2026-09-23T17:02:25Z
2026-09-23T17:01:50Z,2026-09-23T19:01:50+0200,a0951cff-e3ff-4fab-a385-431e734962aa,2026-09-17T12:45:00Z,2026-09-17T14:45:00+0200,47.77,MW,NL,NL,actual_solar_generation,Solar | Actual Aggregated,2026-09-23T17:02:25Z
2026-09-23T17:01:50Z,2026-09-23T19:01:50+0200,a0951cff-e3ff-4fab-a385-431e734962aa,2026-09-17T12:45:00Z,2026-09-17T14:45:00+0200,0.0,MW,NL,NL,actual_solar_generation,Solar | Actual Consumption,2026-09-23T17:02:25Z
2026-09-23T17:01:50Z,2026-09-23T19:01:50+0200,a0951cff-e3ff-4fab-a385-431e734962aa,2026-09-17T13:00:00Z,2026-09-17T15:00:00+0200,46.55,MW,NL,NL,actual_solar_generation,Solar | Actual Aggregated,2026-09-23T17:02:25Z
2026-09-23T17:01:50Z,2026-09-23T19:01:50+0200,a0951cff-e3ff-4fab-a385-431e734962aa,2026-09-17T13:00:00Z,2026-09-17T15:00:00+0200,0.0,MW,NL,NL,actual_solar_generation,Solar | Actual Consumption,2026-09-23T17:02:25Z
2026-09-23T17:01:50Z,2026-09-23T19:01:50+0200,a0951cff-e3ff-4fab-a385-431e734962aa,2026-09-17T13:15:00Z,2026-09-17T15:15:00+0200,52.921,MW,NL,NL,actual_solar_generation,Solar | Actual Aggregated,2026-09-23T17:02:25Z
2026-09-23T17:01:50Z,2026-09-23T19:01:50+0200,a0951cff-e3ff-4fab-a385-431e734962aa,2026-09-17T13:15:00Z,2026-09-17T15:15:00+0200,0.0,MW,NL,NL,actual_solar_generation,Solar | Actual Consumption,2026-09-23T17:02:25Z
2026-09-23T17:01:50Z,2026-09-23T19:01:50+0200,a0951cff-e3ff-4fab-a385-431e734962aa,2026-09-17T13:30:00Z,2026-09-17T15:30:00+0200,59.896,MW,NL,NL,actual_solar_generation,Solar | Actual Aggregated,2026-09-23T17:02:25Z
2026-09-23T17:01:50Z,2026-09-23T19:01:50+0200,a0951cff-e3ff-4fab-a385-431e734962aa,2026-09-17T13:30:00Z,2026-09-17T15:30:00+0200,0.0,MW,NL,NL,actual_solar_generation,Solar | Actual Consumption,2026-09-23T17:02:25Z
2026-09-23T17:01:50Z,2026-09-23T19:01:50+0200,a0951cff-e3ff-4fab-a385-431e734962aa,2026-09-17T13:45:00Z,2026-09-17T15:45:00+0200,51.322,MW,NL,NL,actual_solar_generation,Solar | Actual Aggregated,2026-09-23T17:02:25Z
2026-09-23T17:01:50Z,2026-09-23T19:01:50+0200,a0951cff-e3ff-4fab-a385-431e734962aa,2026-09-17T13:45:00Z,2026-09-17T15:45:00+0200,0.0,MW,NL,NL,actual_solar_generation,Solar | Actual Consumption,2026-09-23T17:02:25Z
2026-09-23T17:01:50Z,2026-09-23T19:01:50+0200,a0951cff-e3ff-4fab-a385-431e734962aa,2026-09-17T14:00:00Z,2026-09-17T16:00:00+0200,46.404,MW,NL,NL,actual_solar_generation,Solar | Actual Aggregated,2026-09-23T17:02:25Z
2026-09-23T17:01:50Z,2026-09-23T19:01:50+0200,a0951cff-e3ff-4fab-a385-431e734962aa,2026-09-17T14:00:00Z,2026-09-17T16:00:00+0200,0.0,MW,NL,NL,actual_solar_generation,Solar | Actual Consumption,2026-09-23T17:02:25Z
2026-09-23T17:01:50Z,2026-09-23T19:01:50+0200,a0951cff-e3ff-4fab-a385-431e734962aa,2026-09-17T14:15:00Z,2026-09-17T16:15:00+0200,43.896,MW,NL,NL,actual_solar_generation,Solar | Actual Aggregated,2026-09-23T17:02:25Z
2026-09-23T17:01:50Z,2026-09-23T19:01:50+0200,a0951cff-e3ff-4fab-a385-431e734962aa,2026-09-17T14:15:00Z,2026-09-17T16:15:00+0200,0.0,MW,NL,NL,actual_solar_generation,Solar | Actual Consumption,2026-09-23T17:02:25Z
2026-09-23T17:01:50Z,2026-09-23T19:01:50+0200,a0951cff-e3ff-4fab-a385-431e734962aa,2026-09-17T14:30:00Z,2026-09-17T16:30:00+0200,36.493,MW,NL,NL,actual_solar_generation,Solar | Actual Aggregated,2026-09-23T17:02:25Z
2026-09-23T17:01:50Z,2026-09-23T19:01:50+0200,a0951cff-e3ff-4fab-a385-431e734962aa,2026-09-17T14:30:00Z,2026-09-17T16:30:00+0200,0.0,MW,NL,NL,actual_solar_generation,Solar | Actual Consumption,2026-09-23T17:02:25Z
2026-09-23T17:01:50Z,2026-09-23T19:01:50+0200,a0951cff-e3ff-4fab-a385-431e734962aa,2026-09-17T14:45:00Z,2026-09-17T16:45:00+0200,29.804,MW,NL,NL,actual_solar_generation,Solar | Actual Aggregated,2026-09-23T17:02:25Z
2026-09-23T17:01:50Z,2026-09-23T19:01:50+0200,a0951cff-e3ff-4fab-a385-431e734962aa,2026-09-17T14:45:00Z,2026-09-17T16:45:00+0200,0.0,MW,NL,NL,actual_solar_generation,Solar | Actual Consumption,2026-09-23T17:02:25Z
2026-09-23T17:01:50Z,2026-09-23T19:01:50+0200,a0951cff-e3ff-4fab-a385-431e734962aa,2026-09-17T15:00:00Z,2026-09-17T17:00:00+0200,28.251,MW,NL,NL,actual_solar_generation,Solar | Actual Aggregated,2026-09-23T17:02:25Z
2026-09-23T17:01:50Z,2026-09-23T19:01:50+0200,a0951cff-e3ff-4fab-a385-431e734962aa,2026-09-17T15:00:00Z,2026-09-17T17:00:00+0200,0.0,MW,NL,NL,actual_solar_generation,Solar | Actual Consumption,2026-09-23T17:02:25Z
2026-09-23T17:01:50Z,2026-09-23T19:01:50+0200,a0951cff-e3ff-4fab-a385-431e734962aa,2026-09-17T15:15:00Z,2026-09-17T17:15:00+0200,30.069,MW,NL,NL,actual_solar_generation,Solar | Actual Aggregated,2026-09-23T17:02:25Z
2026-09-23T17:01:50Z,2026-09-23T19:01:50+0200,a0951cff-e3ff-4fab-a385-431e734962aa,2026-09-17T15:15:00Z,2026-09-17T17:15:00+0200,0.0,MW,NL,NL,actual_solar_generation,Solar | Actual Consumption,2026-09-23T17:02:25Z
2026-09-23T17:01:50Z,2026-09-23T19:01:50+0200,a0951cff-e3ff-4fab-a385-431e734962aa,2026-09-17T15:30:00Z,2026-09-17T17:30:00+0200,17.504,MW,NL,NL,actual_solar_generation,Solar | Actual Aggregated,2026-09-23T17:02:25Z
2026-09-23T17:01:50Z,2026-09-23T19:01:50+0200,a0951cff-e3ff-4fab-a385-431e734962aa,2026-09-17T15:30:00Z,2026-09-17T17:30:00+0200,0.0,MW,NL,NL,actual_solar_generation,Solar | Actual Consumption,2026-09-23T17:02:25Z
2026-09-23T17:01:50Z,2026-09-23T19:01:50+0200,a0951cff-e3ff-4fab-a385-431e734962aa,2026-09-17T15:45:00Z,2026-09-17T17:45:00+0200,11.402,MW,NL,NL,actual_solar_generation,Solar | Actual Aggregated,2026-09-23T17:02:25Z
2026-09-23T17:01:50Z,2026-09-23T19:01:50+0200,a0951cff-e3ff-4fab-a385-431e734962aa,2026-09-17T15:45:00Z,2026-09-17T17:45:00+0200,0.0,MW,NL,NL,actual_solar_generation,Solar | Actual Consumption,2026-09-23T17:02:25Z
2026-09-23T17:01:50Z,2026-09-23T19:01:50+0200,a0951cff-e3ff-4fab-a385-431e734962aa,2026-09-17T16:00:00Z,2026-09-17T18:00:00+0200,8.454,MW,NL,NL,actual_solar_generation,Solar | Actual Aggregated,2026-09-23T17:02:25Z
2026-09-23T17:01:50Z,2026-09-23T19:01:50+0200,a0951cff-e3ff-4fab-a385-431e734962aa,2026-09-17T16:00:00Z,2026-09-17T18:00:00+0200,0.0,MW,NL,NL,actual_solar_generation,Solar | Actual Consumption,2026-09-23T17:02:25Z
2026-09-23T17:01:50Z,2026-09-23T19:01:50+0200,a0951cff-e3ff-4fab-a385-431e734962aa,2026-09-17T16:15:00Z,2026-09-17T18:15:00+0200,5.738,MW,NL,NL,actual_solar_generation,Solar | Actual Aggregated,2026-09-23T17:02:25Z
2026-09-23T17:01:50Z,2026-09-23T19:01:50+0200,a0951cff-e3ff-4fab-a385-431e734962aa,2026-09-17T16:15:00Z,2026-09-17T18:15:00+0200,0.0,MW,NL,NL,actual_solar_generation,Solar | Actual Consumption,2026-09-23T17:02:25Z
2026-09-23T17:01:50Z,2026-09-23T19:01:50+0200,a0951cff-e3ff-4fab-a385-431e734962aa,2026-09-17T16:30:00Z,2026-09-17T18:30:00+0200,3.735,MW,NL,NL,actual_solar_generation,Solar | Actual Aggregated,2026-09-23T17:02:25Z
2026-09-23T17:01:50Z,2026-09-23T19:01:50+0200,a0951cff-e3ff-4fab-a385-431e734962aa,2026-09-17T16:30:00Z,2026-09-17T18:30:00+0200,0.0,MW,NL,NL,actual_solar_generation,Solar | Actual Consumption,2026-09-23T17:02:25Z
2026-09-23T17:01:50Z,2026-09-23T19:01:50+0200,a0951cff-e3ff-4fab-a385-431e734962aa,2026-09-17T16:45:00Z,2026-09-17T18:45:00+0200,2.294,MW,NL,NL,actual_solar_generation,Solar | Actual Aggregated,2026-09-23T17:02:25Z
2026-09-23T17:01:50Z,2026-09-23T19:01:50+0200,a0951cff-e3ff-4fab-a385-431e734962aa,2026-09-17T16:45:00Z,2026-09-17T18:45:00+0200,0.0,MW,NL,NL,actual_solar_generation,Solar | Actual Consumption,2026-09-23T17:02:25Z
2026-09-23T17:01:50Z,2026-09-23T19:01:50+0200,a0951cff-e3ff-4fab-a385-431e734962aa,2026-09-17T17:00:00Z,2026-09-17T19:00:00+0200,1.895,MW,NL,NL,actual_solar_generation,Solar | Actual Aggregated,2026-09-23T17:02:25Z
2026-09-23T17:01:50Z,2026-09-23T19:01:50+0200,a0951cff-e3ff-4fab-a385-431e734962aa,2026-09-17T17:00:00Z,2026-09-17T19:00:00+0200,0.78,MW,NL,NL,actual_solar_generation,Solar | Actual Consumption,2026-09-23T17:02:25Z
2026-09-23T17:01:50Z,2026-09-23T19:01:50+0200,a0951cff-e3ff-4fab-a385-431e734962aa,2026-09-17T17:15:00Z,2026-09-17T19:15:00+0200,0.391,MW,NL,NL,actual_solar_generation,Solar | Actual Aggregated,2026-09-23T17:02:25Z
2026-09-23T17:01:50Z,2026-09-23T19:01:50+0200,a0951cff-e3ff-4fab-a385-431e734962aa,2026-09-17T17:15:00Z,2026-09-17T19:15:00+0200,0.913,MW,NL,NL,actual_solar_generation,Solar | Actual Consumption,2026-09-23T17:02:25Z
2026-09-23T17:01:50Z,2026-09-23T19:01:50+0200,a0951cff-e3ff-4fab-a385-431e734962aa,2026-09-17T17:30:00Z,2026-09-17T19:30:00+0200,0.211,MW,NL,NL,actual_solar_generation,Solar | Actual Aggregated,2026-09-23T17:02:25Z
2026-09-23T17:01:50Z,2026-09-23T19:01:50+0200,a0951cff-e3ff-4fab-a385-431e734962aa,2026-09-17T17:30:00Z,2026-09-17T19:30:00+0200,0.11,MW,NL,NL,actual_solar_generation,Solar | Actual Consumption,2026-09-23T17:02:25Z
2026-09-23T17:01:50Z,2026-09-23T19:01:50+0200,a0951cff-e3ff-4fab-a385-431e734962aa,2026-09-17T17:45:00Z,2026-09-17T19:45:00+0200,0.0,MW,NL,NL,actual_solar_generation,Solar | Actual Aggregated,2026-09-23T17:02:25Z
2026-09-23T17:01:50Z,2026-09-23T19:01:50+0200,a0951cff-e3ff-4fab-a385-431e734962aa,2026-09-17T17:45:00Z,2026-09-17T19:45:00+0200,0.11,MW,NL,NL,actual_solar_generation,Solar | Actual Consumption,2026-09-23T17:02:25Z
2026-09-23T17:01:50Z,2026-09-23T19:01:50+0200,a0951cff-e3ff-4fab-a385-431e734962aa,2026-09-17T18:00:00Z,2026-09-17T20:00:00+0200,0.0,MW,NL,NL,actual_solar_generation,Solar | Actual Aggregated,2026-09-23T17:02:25Z
2026-09-23T17:01:50Z,2026-09-23T19:01:50+0200,a0951cff-e3ff-4fab-a385-431e734962aa,2026-09-17T18:00:00Z,2026-09-17T20:00:00+0200,0.137,MW,NL,NL,actual_solar_generation,Solar | Actual Consumption,2026-09-23T17:02:25Z
2026-09-23T17:01:50Z,2026-09-23T19:01:50+0200,a0951cff-e3ff-4fab-a385-431e734962aa,2026-09-17T18:15:00Z,2026-09-17T20:15:00+0200,0.0,MW,NL,NL,actual_solar_generation,Solar | Actual Aggregated,2026-09-23T17:02:25Z
2026-09-23T17:01:50Z,2026-09-23T19:01:50+0200,a0951cff-e3ff-4fab-a385-431e734962aa,2026-09-17T18:15:00Z,2026-09-17T20:15:00+0200,0.114,MW,NL,NL,actual_solar_generation,Solar | Actual Consumption,2026-09-23T17:02:25Z
2026-09-23T17:01:50Z,2026-09-23T19:01:50+0200,a0951cff-e3ff-4fab-a385-431e734962aa,2026-09-17T18:30:00Z,2026-09-17T20:30:00+0200,0.0,MW,NL,NL,actual_solar_generation,Solar | Actual Aggregated,2026-09-23T17:02:25Z
2026-09-23T17:01:50Z,2026-09-23T19:01:50+0200,a0951cff-e3ff-4fab-a385-431e734962aa,2026-09-17T18:30:00Z,2026-09-17T20:30:00+0200,0.131,MW,NL,NL,actual_solar_generation,Solar | Actual Consumption,2026-09-23T17:02:25Z
2026-09-23T17:01:50Z,2026-09-23T19:01:50+0200,a0951cff-e3ff-4fab-a385-431e734962aa,2026-09-17T18:45:00Z,2026-09-17T20:45:00+0200,0.0,MW,NL,NL,actual_solar_generation,Solar | Actual Aggregated,2026-09-23T17:02:25Z
2026-09-23T17:01:50Z,2026-09-23T19:01:50+0200,a0951cff-e3ff-4fab-a385-431e734962aa,2026-09-17T18:45:00Z,2026-09-17T20:45:00+0200,0.131,MW,NL,NL,actual_solar_generation,Solar | Actual Consumption,2026-09-23T17:02:25Z
2026-09-23T17:01:50Z,2026-09-23T19:01:50+0200,a0951cff-e3ff-4fab-a385-431e734962aa,2026-09-17T19:00:00Z,2026-09-17T21:00:00+0200,0.0,MW,NL,NL,actual_solar_generation,Solar | Actual Aggregated,2026-09-23T17:02:25Z
2026-09-23T17:01:50Z,2026-09-23T19:01:50+0200,a0951cff-e3ff-4fab-a385-431e734962aa,2026-09-17T19:00:00Z,2026-09-17T21:00:00+0200,0.131,MW,NL,NL,actual_solar_generation,Solar | Actual Consumption,2026-09-23T17:02:25Z
2026-09-23T17:01:50Z,2026-09-23T19:01:50+0200,a0951cff-e3ff-4fab-a385-431e734962aa,2026-09-17T19:15:00Z,2026-09-17T21:15:00+0200,0.0,MW,NL,NL,actual_solar_generation,Solar | Actual Aggregated,2026-09-23T17:02:25Z
2026-09-23T17:01:50Z,2026-09-23T19:01:50+0200,a0951cff-e3ff-4fab-a385-431e734962aa,2026-09-17T19:15:00Z,2026-09-17T21:15:00+0200,0.11,MW,NL,NL,actual_solar_generation,Solar | Actual Consumption,2026-09-23T17:02:25Z
2026-09-23T17:01:50Z,2026-09-23T19:01:50+0200,a0951cff-e3ff-4fab-a385-431e734962aa,2026-09-17T19:30:00Z,2026-09-17T21:30:00+0200,0.0,MW,NL,NL,actual_solar_generation,Solar | Actual Aggregated,2026-09-23T17:02:25Z
2026-09-23T17:01:50Z,2026-09-23T19:01:50+0200,a0951cff-e3ff-4fab-a385-431e734962aa,2026-09-17T19:30:00Z,2026-09-17T21:30:00+0200,0.137,MW,NL,NL,actual_solar_generation,Solar | Actual Consumption,2026-09-23T17:02:25Z
2026-09-23T17:01:50Z,2026-09-23T19:01:50+0200,a0951cff-e3ff-4fab-a385-431e734962aa,2026-09-17T19:45:00Z,2026-09-17T21:45:00+0200,0.0,MW,NL,NL,actual_solar_generation,Solar | Actual Aggregated,2026-09-23T17:02:25Z
2026-09-23T17:01:50Z,2026-09-23T19:01:50+0200,a0951cff-e3ff-4fab-a385-431e734962aa,2026-09-17T19:45:00Z,2026-09-17T21:45:00+0200,0.12,MW,NL,NL,actual_solar_generation,Solar | Actual Consumption,2026-09-23T17:02:25Z
2026-09-23T17:01:50Z,2026-09-23T19:01:50+0200,a0951cff-e3ff-4fab-a385-431e734962aa,2026-09-17T20:00:00Z,2026-09-17T22:00:00+0200,0.0,MW,NL,NL,actual_solar_generation,Solar | Actual Aggregated,2026-09-23T17:02:25Z
2026-09-23T17:01:50Z,2026-09-23T19:01:50+0200,a0951cff-e3ff-4fab-a385-431e734962aa,2026-09-17T20:00:00Z,2026-09-17T22:00:00+0200,0.133,MW,NL,NL,actual_solar_generation,Solar | Actual Consumption,2026-09-23T17:02:25Z
2026-09-23T17:01:50Z,2026-09-23T19:01:50+0200,a0951cff-e3ff-4fab-a385-431e734962aa,2026-09-17T20:15:00Z,2026-09-17T22:15:00+0200,0.0,MW,NL,NL,actual_solar_generation,Solar | Actual Aggregated,2026-09-23T17:02:25Z
2026-09-23T17:01:50Z,2026-09-23T19:01:50+0200,a0951cff-e3ff-4fab-a385-431e734962aa,2026-09-17T20:15:00Z,2026-09-17T22:15:00+0200,0.118,MW,NL,NL,actual_solar_generation,Solar | Actual Consumption,2026-09-23T17:02:25Z
2026-09-23T17:01:50Z,2026-09-23T19:01:50+0200,a0951cff-e3ff-4fab-a385-431e734962aa,2026-09-17T20:30:00Z,2026-09-17T22:30:00+0200,0.0,MW,NL,NL,actual_solar_generation,Solar | Actual Aggregated,2026-09-23T17:02:25Z
2026-09-23T17:01:50Z,2026-09-23T19:01:50+0200,a0951cff-e3ff-4fab-a385-431e734962aa,2026-09-17T20:30:00Z,2026-09-17T22:30:00+0200,0.137,MW,NL,NL,actual_solar_generation,Solar | Actual Consumption,2026-09-23T17:02:25Z
2026-09-23T17:01:50Z,2026-09-23T19:01:50+0200,a0951cff-e3ff-4fab-a385-431e734962aa,2026-09-17T20:45:00Z,2026-09-17T22:45:00+0200,0.0,MW,NL,NL,actual_solar_generation,Solar | Actual Aggregated,2026-09-23T17:02:25Z
2026-09-23T17:01:50Z,2026-09-23T19:01:50+0200,a0951cff-e3ff-4fab-a385-431e734962aa,2026-09-17T20:45:00Z,2026-09-17T22:45:00+0200,0.121,MW,NL,NL,actual_solar_generation,Solar | Actual Consumption,2026-09-23T17:02:25Z
2026-09-23T17:01:50Z,2026-09-23T19:01:50+0200,a0951cff-e3ff-4fab-a385-431e734962aa,2026-09-17T21:00:00Z,2026-09-17T23:00:00+0200,0.0,MW,NL,NL,actual_solar_generation,Solar | Actual Aggregated,2026-09-23T17:02:25Z
2026-09-23T17:01:50Z,2026-09-23T19:01:50+0200,a0951cff-e3ff-4fab-a385-431e734962aa,2026-09-17T21:00:00Z,2026-09-17T23:00:00+0200,0.129,MW,NL,NL,actual_solar_generation,Solar | Actual Consumption,2026-09-23T17:02:25Z
2026-09-23T17:01:50Z,2026-09-23T19:01:50+0200,a0951cff-e3ff-4fab-a385-431e734962aa,2026-09-17T21:15:00Z,2026-09-17T23:15:00+0200,0.0,MW,NL,NL,actual_solar_generation,Solar | Actual Aggregated,2026-09-23T17:02:25Z
2026-09-23T17:01:50Z,2026-09-23T19:01:50+0200,a0951cff-e3ff-4fab-a385-431e734962aa,2026-09-17T21:15:00Z,2026-09-17T23:15:00+0200,0.129,MW,NL,NL,actual_solar_generation,Solar | Actual Consumption,2026-09-23T17:02:25Z
2026-09-23T17:01:50Z,2026-09-23T19:01:50+0200,a0951cff-e3ff-4fab-a385-431e734962aa,2026-09-17T21:30:00Z,2026-09-17T23:30:00+0200,0.0,MW,NL,NL,actual_solar_generation,Solar | Actual Aggregated,2026-09-23T17:02:25Z
2026-09-23T17:01:50Z,2026-09-23T19:01:50+0200,a0951cff-e3ff-4fab-a385-431e734962aa,2026-09-17T21:30:00Z,2026-09-17T23:30:00+0200,0.129,MW,NL,NL,actual_solar_generation,Solar | Actual Consumption,2026-09-23T17:02:25Z
2026-09-23T17:01:50Z,2026-09-23T19:01:50+0200,a0951cff-e3ff-4fab-a385-431e734962aa,2026-09-17T21:45:00Z,2026-09-17T23:45:00+0200,0.0,MW,NL,NL,actual_solar_generation,Solar | Actual Aggregated,2026-09-23T17:02:25Z
2026-09-23T17:01:50Z,2026-09-23T19:01:50+0200,a0951cff-e3ff-4fab-a385-431e734962aa,2026-09-17T21:45:00Z,2026-09-17T23:45:00+0200,0.129,MW,NL,NL,actual_solar_generation,Solar | Actual Consumption,2026-09-23T17:02:25Z
2026-09-23T17:01:50Z,2026-09-23T19:01:50+0200,a0951cff-e3ff-4fab-a385-431e734962aa,2026-09-17T22:00:00Z,2026-09-18T00:00:00+0200,0.0,MW,NL,NL,actual_solar_generation,Solar | Actual Aggregated,2026-09-23T17:02:25Z
2026-09-23T17:01:50Z,2026-09-23T19:01:50+0200,a0951cff-e3ff-4fab-a385-431e734962aa,2026-09-17T22:00:00Z,2026-09-18T00:00:00+0200,0.129,MW,NL,NL,actual_solar_generation,Solar | Actual Consumption,2026-09-23T17:02:25Z
2026-09-23T17:01:50Z,2026-09-23T19:01:50+0200,a0951cff-e3ff-4fab-a385-431e734962aa,2026-09-17T22:15:00Z,2026-09-18T00:15:00+0200,0.0,MW,NL,NL,actual_solar_generation,Solar | Actual Aggregated,2026-09-23T17:02:25Z
2026-09-23T17:01:50Z,2026-09-23T19:01:50+0200,a0951cff-e3ff-4fab-a385-431e734962aa,2026-09-17T22:15:00Z,2026-09-18T00:15:00+0200,0.129,MW,NL,NL,actual_solar_generation,Solar | Actual Consumption,2026-09-23T17:02:25Z
2026-09-23T17:01:50Z,2026-09-23T19:01:50+0200,a0951cff-e3ff-4fab-a385-431e734962aa,2026-09-17T22:30:00Z,2026-09-18T00:30:00+0200,0.0,MW,NL,NL,actual_solar_generation,Solar | Actual Aggregated,2026-09-23T17:02:25Z
2026-09-23T17:01:50Z,2026-09-23T19:01:50+0200,a0951cff-e3ff-4fab-a385-431e734962aa,2026-09-17T22:30:00Z,2026-09-18T00:30:00+0200,0.117,MW,NL,NL,actual_solar_generation,Solar | Actual Consumption,2026-09-23T17:02:25Z
2026-09-23T17:01:50Z,2026-09-23T19:01:50+0200,a0951cff-e3ff-4fab-a385-431e734962aa,2026-09-17T22:45:00Z,2026-09-18T00:45:00+0200,0.0,MW,NL,NL,actual_solar_generation,Solar | Actual Aggregated,2026-09-23T17:02:25Z
2026-09-23T17:01:50Z,2026-09-23T19:01:50+0200,a0951cff-e3ff-4fab-a385-431e734962aa,2026-09-17T22:45:00Z,2026-09-18T00:45:00+0200,0.123,MW,NL,NL,actual_solar_generation,Solar | Actual Consumption,2026-09-23T17:02:25Z
2026-09-23T17:01:50Z,2026-09-23T19:01:50+0200,a0951cff-e3ff-4fab-a385-431e734962aa,2026-09-17T23:00:00Z,2026-09-18T01:00:00+0200,0.0,MW,NL,NL,actual_solar_generation,Solar | Actual Aggregated,2026-09-23T17:02:25Z
2026-09-23T17:01:50Z,2026-09-23T19:01:50+0200,a0951cff-e3ff-4fab-a385-431e734962aa,2026-09-17T23:00:00Z,2026-09-18T01:00:00+0200,0.129,MW,NL,NL,actual_solar_generation,Solar | Actual Consumption,2026-09-23T17:02:25Z
2026-09-23T17:01:50Z,2026-09-23T19:01:50+0200,a0951cff-e3ff-4fab-a385-431e734962aa,2026-09-17T23:15:00Z,2026-09-18T01:15:00+0200,0.0,MW,NL,NL,actual_solar_generation,Solar | Actual Aggregated,2026-09-23T17:02:25Z
2026-09-23T17:01:50Z,2026-09-23T19:01:50+0200,a0951cff-e3ff-4fab-a385-431e734962aa,2026-09-17T23:15:00Z,2026-09-18T01:15:00+0200,0.129,MW,NL,NL,actual_solar_generation,Solar | Actual Consumption,2026-09-23T17:02:25Z
2026-09-23T17:01:50Z,2026-09-23T19:01:50+0200,a0951cff-e3ff-4fab-a385-431e734962aa,2026-09-17T23:30:00Z,2026-09-18T01:30:00+0200,0.0,MW,NL,NL,actual_solar_generation,Solar | Actual Aggregated,2026-09-23T17:02:25Z
2026-09-23T17:01:50Z,2026-09-23T19:01:50+0200,a0951cff-e3ff-4fab-a385-431e734962aa,2026-09-17T23:30:00Z,2026-09-18T01:30:00+0200,0.129,MW,NL,NL,actual_solar_generation,Solar | Actual Consumption,2026-09-23T17:02:25Z
2026-09-23T17:01:50Z,2026-09-23T19:01:50+0200,a0951cff-e3ff-4fab-a385-431e734962aa,2026-09-17T23:45:00Z,2026-09-18T01:45:00+0200,0.0,MW,NL,NL,actual_solar_generation,Solar | Actual Aggregated,2026-09-23T17:02:25Z
2026-09-23T17:01:50Z,2026-09-23T19:01:50+0200,a0951cff-e3ff-4fab-a385-431e734962aa,2026-09-17T23:45:00Z,2026-09-18T01:45:00+0200,0.12,MW,NL,NL,actual_solar_generation,Solar | Actual Consumption,2026-09-23T17:02:25Z
2026-09-23T17:01:50Z,2026-09-23T19:01:50+0200,a0951cff-e3ff-4fab-a385-431e734962aa,2026-09-18T00:00:00Z,2026-09-18T02:00:00+0200,0.0,MW,NL,NL,actual_solar_generation,Solar | Actual Aggregated,2026-09-23T17:02:25Z
2026-09-23T17:01:50Z,2026-09-23T19:01:50+0200,a0951cff-e3ff-4fab-a385-431e734962aa,2026-09-18T00:00:00Z,2026-09-18T02:00:00+0200,0.124,MW,NL,NL,actual_solar_generation,Solar | Actual Consumption,2026-09-23T17:02:25Z
2026-09-23T17:01:50Z,2026-09-23T19:01:50+0200,a0951cff-e3ff-4fab-a385-431e734962aa,2026-09-18T00:15:00Z,2026-09-18T02:15:00+0200,0.0,MW,NL,NL,actual_solar_generation,Solar | Actual Aggregated,2026-09-23T17:02:25Z
2026-09-23T17:01:50Z,2026-09-23T19:01:50+0200,a0951cff-e3ff-4fab-a385-431e734962aa,2026-09-18T00:15:00Z,2026-09-18T02:15:00+0200,0.134,MW,NL,NL,actual_solar_generation,Solar | Actual Consumption,2026-09-23T17:02:25Z
2026-09-23T17:01:50Z,2026-09-23T19:01:50+0200,a0951cff-e3ff-4fab-a385-431e734962aa,2026-09-18T00:30:00Z,2026-09-18T02:30:00+0200,0.0,MW,NL,NL,actual_solar_generation,Solar | Actual Aggregated,2026-09-23T17:02:25Z
2026-09-23T17:01:50Z,2026-09-23T19:01:50+0200,a0951cff-e3ff-4fab-a385-431e734962aa,2026-09-18T00:30:00Z,2026-09-18T02:30:00+0200,0.12,MW,NL,NL,actual_solar_generation,Solar | Actual Consumption,2026-09-23T17:02:25Z
2026-09-23T17:01:50Z,2026-09-23T19:01:50+0200,a0951cff-e3ff-4fab-a385-431e734962aa,2026-09-18T00:45:00Z,2026-09-18T02:45:00+0200,0.0,MW,NL,NL,actual_solar_generation,Solar | Actual Aggregated,2026-09-23T17:02:25Z
2026-09-23T17:01:50Z,2026-09-23T19:01:50+0200,a0951cff-e3ff-4fab-a385-431e734962aa,2026-09-18T00:45:00Z,2026-09-18T02:45:00+0200,0.12,MW,NL,NL,actual_solar_generation,Solar | Actual Consumption,2026-09-23T17:02:25Z
2026-09-23T17:01:50Z,2026-09-23T19:01:50+0200,a0951cff-e3ff-4fab-a385-431e734962aa,2026-09-18T01:00:00Z,2026-09-18T03:00:00+0200,0.0,MW,NL,NL,actual_solar_generation,Solar | Actual Aggregated,2026-09-23T17:02:25Z
2026-09-23T17:01:50Z,2026-09-23T19:01:50+0200,a0951cff-e3ff-4fab-a385-431e734962aa,2026-09-18T01:00:00Z,2026-09-18T03:00:00+0200,0.138,MW,NL,NL,actual_solar_generation,Solar | Actual Consumption,2026-09-23T17:02:25Z
2026-09-23T17:01:50Z,2026-09-23T19:01:50+0200,a0951cff-e3ff-4fab-a385-431e734962aa,2026-09-18T01:15:00Z,2026-09-18T03:15:00+0200,0.0,MW,NL,NL,actual_solar_generation,Solar | Actual Aggregated,2026-09-23T17:02:25Z
2026-09-23T17:01:50Z,2026-09-23T19:01:50+0200,a0951cff-e3ff-4fab-a385-431e734962aa,2026-09-18T01:15:00Z,2026-09-18T03:15:00+0200,0.123,MW,NL,NL,actual_solar_generation,Solar | Actual Consumption,2026-09-23T17:02:25Z
2026-09-23T17:01:50Z,2026-09-23T19:01:50+0200,a0951cff-e3ff-4fab-a385-431e734962aa,2026-09-18T01:30:00Z,2026-09-18T03:30:00+0200,0.0,MW,NL,NL,actual_solar_generation,Solar | Actual Aggregated,2026-09-23T17:02:25Z
2026-09-23T17:01:50Z,2026-09-23T19:01:50+0200,a0951cff-e3ff-4fab-a385-431e734962aa,2026-09-18T01:30:00Z,2026-09-18T03:30:00+0200,0.123,MW,NL,NL,actual_solar_generation,Solar | Actual Consumption,2026-09-23T17:02:25Z
2026-09-23T17:01:50Z,2026-09-23T19:01:50+0200,a0951cff-e3ff-4fab-a385-431e734962aa,2026-09-18T01:45:00Z,2026-09-18T03:45:00+0200,0.0,MW,NL,NL,actual_solar_generation,Solar | Actual Aggregated,2026-09-23T17:02:25Z
2026-09-23T17:01:50Z,2026-09-23T19:01:50+0200,a0951cff-e3ff-4fab-a385-431e734962aa,2026-09-18T01:45:00Z,2026-09-18T03:45:00+0200,0.132,MW,NL,NL,actual_solar_generation,Solar | Actual Consumption,2026-09-23T17:02:25Z
2026-09-23T17:01:50Z,2026-09-23T19:01:50+0200,a0951cff-e3ff-4fab-a385-431e734962aa,2026-09-18T02:00:00Z,2026-09-18T04:00:00+0200,0.0,MW,NL,NL,actual_solar_generation,Solar | Actual Aggregated,2026-09-23T17:02:25Z
2026-09-23T17:01:50Z,2026-09-23T19:01:50+0200,a0951cff-e3ff-4fab-a385-431e734962aa,2026-09-18T02:00:00Z,2026-09-18T04:00:00+0200,0.137,MW,NL,NL,actual_solar_generation,Solar | Actual Consumption,2026-09-23T17:02:25Z
2026-09-23T17:01:50Z,2026-09-23T19:01:50+0200,a0951cff-e3ff-4fab-a385-431e734962aa,2026-09-18T02:15:00Z,2026-09-18T04:15:00+0200,0.0,MW,NL,NL,actual_solar_generation,Solar | Actual Aggregated,2026-09-23T17:02:25Z
2026-09-23T17:01:50Z,2026-09-23T19:01:50+0200,a0951cff-e3ff-4fab-a385-431e734962aa,2026-09-18T02:15:00Z,2026-09-18T04:15:00+0200,0.13,MW,NL,NL,actual_solar_generation,Solar | Actual Consumption,2026-09-23T17:02:25Z
2026-09-23T17:01:50Z,2026-09-23T19:01:50+0200,a0951cff-e3ff-4fab-a385-431e734962aa,2026-09-18T02:30:00Z,2026-09-18T04:30:00+0200,0.0,MW,NL,NL,actual_solar_generation,Solar | Actual Aggregated,2026-09-23T17:02:25Z
2026-09-23T17:01:50Z,2026-09-23T19:01:50+0200,a0951cff-e3ff-4fab-a385-431e734962aa,2026-09-18T02:30:00Z,2026-09-18T04:30:00+0200,0.13,MW,NL,NL,actual_solar_generation,Solar | Actual Consumption,2026-09-23T17:02:25Z
2026-09-23T17:01:50Z,2026-09-23T19:01:50+0200,a0951cff-e3ff-4fab-a385-431e734962aa,2026-09-18T02:45:00Z,2026-09-18T04:45:00+0200,0.0,MW,NL,NL,actual_solar_generation,Solar | Actual Aggregated,2026-09-23T17:02:25Z
2026-09-23T17:01:50Z,2026-09-23T19:01:50+0200,a0951cff-e3ff-4fab-a385-431e734962aa,2026-09-18T02:45:00Z,2026-09-18T04:45:00+0200,0.13,MW,NL,NL,actual_solar_generation,Solar | Actual Consumption,2026-09-23T17:02:25Z
2026-09-23T17:01:50Z,2026-09-23T19:01:50+0200,a0951cff-e3ff-4fab-a385-431e734962aa,2026-09-18T03:00:00Z,2026-09-18T05:00:00+0200,0.0,MW,NL,NL,actual_solar_generation,Solar | Actual Aggregated,2026-09-23T17:02:25Z
2026-09-23T17:01:50Z,2026-09-23T19:01:50+0200,a0951cff-e3ff-4fab-a385-431e734962aa,2026-09-18T03:00:00Z,2026-09-18T05:00:00+0200,0.13,MW,NL,NL,actual_solar_generation,Solar | Actual Consumption,2026-09-23T17:02:25Z
2026-09-23T17:01:50Z,2026-09-23T19:01:50+0200,a0951cff-e3ff-4fab-a385-431e734962aa,2026-09-18T03:15:00Z,2026-09-18T05:15:00+0200,0.0,MW,NL,NL,actual_solar_generation,Solar | Actual Aggregated,2026-09-23T17:02:25Z
2026-09-23T17:01:50Z,2026-09-23T19:01:50+0200,a0951cff-e3ff-4fab-a385-431e734962aa,2026-09-18T03:15:00Z,2026-09-18T05:15:00+0200,0.124,MW,NL,NL,actual_solar_generation,Solar | Actual Consumption,2026-09-23T17:02:25Z
2026-09-23T17:01:50Z,2026-09-23T19:01:50+0200,a0951cff-e3ff-4fab-a385-431e734962aa,2026-09-18T03:30:00Z,2026-09-18T05:30:00+0200,0.0,MW,NL,NL,actual_solar_generation,Solar | Actual Aggregated,2026-09-23T17:02:25Z
2026-09-23T17:01:50Z,2026-09-23T19:01:50+0200,a0951cff-e3ff-4fab-a385-431e734962aa,2026-09-18T03:30:00Z,2026-09-18T05:30:00+0200,0.119,MW,NL,NL,actual_solar_generation,Solar | Actual Consumption,2026-09-23T17:02:25Z
2026-09-23T17:01:50Z,2026-09-23T19:01:50+0200,a0951cff-e3ff-4fab-a385-431e734962aa,2026-09-18T03:45:00Z,2026-09-18T05:45:00+0200,0.0,MW,NL,NL,actual_solar_generation,Solar | Actual Aggregated,2026-09-23T17:02:25Z
2026-09-23T17:01:50Z,2026-09-23T19:01:50+0200,a0951cff-e3ff-4fab-a385-431e734962aa,2026-09-18T03:45:00Z,2026-09-18T05:45:00+0200,0.132,MW,NL,NL,actual_solar_generation,Solar | Actual Consumption,2026-09-23T17:02:25Z
2026-09-23T17:01:50Z,2026-09-23T19:01:50+0200,a0951cff-e3ff-4fab-a385-431e734962aa,2026-09-18T04:00:00Z,2026-09-18T06:00:00+0200,0.0,MW,NL,NL,actual_solar_generation,Solar | Actual Aggregated,2026-09-23T17:02:25Z
2026-09-23T17:01:50Z,2026-09-23T19:01:50+0200,a0951cff-e3ff-4fab-a385-431e734962aa,2026-09-18T04:00:00Z,2026-09-18T06:00:00+0200,0.127,MW,NL,NL,actual_solar_generation,Solar | Actual Consumption,2026-09-23T17:02:25Z
2026-09-23T17:01:50Z,2026-09-23T19:01:50+0200,a0951cff-e3ff-4fab-a385-431e734962aa,2026-09-18T04:15:00Z,2026-09-18T06:15:00+0200,0.0,MW,NL,NL,actual_solar_generation,Solar | Actual Aggregated,2026-09-23T17:02:25Z
2026-09-23T17:01:50Z,2026-09-23T19:01:50+0200,a0951cff-e3ff-4fab-a385-431e734962aa,2026-09-18T04:15:00Z,2026-09-18T06:15:00+0200,0.116,MW,NL,NL,actual_solar_generation,Solar | Actual Consumption,2026-09-23T17:02:25Z
2026-09-23T17:01:50Z,2026-09-23T19:01:50+0200,a0951cff-e3ff-4fab-a385-431e734962aa,2026-09-18T04:30:00Z,2026-09-18T06:30:00+0200,0.0,MW,NL,NL,actual_solar_generation,Solar | Actual Aggregated,2026-09-23T17:02:25Z
2026-09-23T17:01:50Z,2026-09-23T19:01:50+0200,a0951cff-e3ff-4fab-a385-431e734962aa,2026-09-18T04:30:00Z,2026-09-18T06:30:00+0200,0.138,MW,NL,NL,actual_solar_generation,Solar | Actual Consumption,2026-09-23T17:02:25Z
2026-09-23T17:01:50Z,2026-09-23T19:01:50+0200,a0951cff-e3ff-4fab-a385-431e734962aa,2026-09-18T04:45:00Z,2026-09-18T06:45:00+0200,0.0,MW,NL,NL,actual_solar_generation,Solar | Actual Aggregated,2026-09-23T17:02:25Z
2026-09-23T17:01:50Z,2026-09-23T19:01:50+0200,a0951cff-e3ff-4fab-a385-431e734962aa,2026-09-18T04:45:00Z,2026-09-18T06:45:00+0200,0.113,MW,NL,NL,actual_solar_generation,Solar | Actual Consumption,2026-09-23T17:02:25Z
2026-09-23T17:01:50Z,2026-09-23T19:01:50+0200,a0951cff-e3ff-4fab-a385-431e734962aa,2026-09-18T05:00:00Z,2026-09-18T07:00:00+0200,0.0,MW,NL,NL,actual_solar_generation,Solar | Actual Aggregated,2026-09-23T17:02:25Z
2026-09-23T17:01:50Z,2026-09-23T19:01:50+0200,a0951cff-e3ff-4fab-a385-431e734962aa,2026-09-18T05:00:00Z,2026-09-18T07:00:00+0200,0.127,MW,NL,NL,actual_solar_generation,Solar | Actual Consumption,2026-09-23T17:02:25Z
2026-09-23T17:01:50Z,2026-09-23T19:01:50+0200,a0951cff-e3ff-4fab-a385-431e734962aa,2026-09-18T05:15:00Z,2026-09-18T07:15:00+0200,0.27,MW,NL,NL,actual_solar_generation,Solar | Actual Aggregated,2026-09-23T17:02:25Z
2026-09-23T17:01:50Z,2026-09-23T19:01:50+0200,a0951cff-e3ff-4fab-a385-431e734962aa,2026-09-18T05:15:00Z,2026-09-18T07:15:00+0200,0.127,MW,NL,NL,actual_solar_generation,Solar | Actual Consumption,2026-09-23T17:02:25Z
2026-09-23T17:01:50Z,2026-09-23T19:01:50+0200,a0951cff-e3ff-4fab-a385-431e734962aa,2026-09-18T05:30:00Z,2026-09-18T07:30:00+0200,4.046,MW,NL,NL,actual_solar_generation,Solar | Actual Aggregated,2026-09-23T17:02:25Z
2026-09-23T17:01:50Z,2026-09-23T19:01:50+0200,a0951cff-e3ff-4fab-a385-431e734962aa,2026-09-18T05:30:00Z,2026-09-18T07:30:00+0200,0.0,MW,NL,NL,actual_solar_generation,Solar | Actual Consumption,2026-09-23T17:02:25Z
2026-09-23T17:01:50Z,2026-09-23T19:01:50+0200,a0951cff-e3ff-4fab-a385-431e734962aa,2026-09-18T05:45:00Z,2026-09-18T07:45:00+0200,7.687,MW,NL,NL,actual_solar_generation,Solar | Actual Aggregated,2026-09-23T17:02:25Z
2026-09-23T17:01:50Z,2026-09-23T19:01:50+0200,a0951cff-e3ff-4fab-a385-431e734962aa,2026-09-18T05:45:00Z,2026-09-18T07:45:00+0200,0.0,MW,NL,NL,actual_solar_generation,Solar | Actual Consumption,2026-09-23T17:02:25Z
2026-09-23T17:01:50Z,2026-09-23T19:01:50+0200,a0951cff-e3ff-4fab-a385-431e734962aa,2026-09-18T06:00:00Z,2026-09-18T08:00:00+0200,12.813,MW,NL,NL,actual_solar_generation,Solar | Actual Aggregated,2026-09-23T17:02:25Z
2026-09-23T17:01:50Z,2026-09-23T19:01:50+0200,a0951cff-e3ff-4fab-a385-431e734962aa,2026-09-18T06:00:00Z,2026-09-18T08:00:00+0200,0.0,MW,NL,NL,actual_solar_generation,Solar | Actual Consumption,2026-09-23T17:02:25Z
2026-09-23T17:01:50Z,2026-09-23T19:01:50+0200,a0951cff-e3ff-4fab-a385-431e734962aa,2026-09-18T06:15:00Z,2026-09-18T08:15:00+0200,24.772,MW,NL,NL,actual_solar_generation,Solar | Actual Aggregated,2026-09-23T17:02:25Z
2026-09-23T17:01:50Z,2026-09-23T19:01:50+0200,a0951cff-e3ff-4fab-a385-431e734962aa,2026-09-18T06:15:00Z,2026-09-18T08:15:00+0200,0.0,MW,NL,NL,actual_solar_generation,Solar | Actual Consumption,2026-09-23T17:02:25Z
2026-09-23T17:01:50Z,2026-09-23T19:01:50+0200,a0951cff-e3ff-4fab-a385-431e734962aa,2026-09-18T06:30:00Z,2026-09-18T08:30:00+0200,22.868,MW,NL,NL,actual_solar_generation,Solar | Actual Aggregated,2026-09-23T17:02:25Z
2026-09-23T17:01:50Z,2026-09-23T19:01:50+0200,a0951cff-e3ff-4fab-a385-431e734962aa,2026-09-18T06:30:00Z,2026-09-18T08:30:00+0200,0.0,MW,NL,NL,actual_solar_generation,Solar | Actual Consumption,2026-09-23T17:02:25Z
2026-09-23T17:01:50Z,2026-09-23T19:01:50+0200,a0951cff-e3ff-4fab-a385-431e734962aa,2026-09-18T06:45:00Z,2026-09-18T08:45:00+0200,29.199,MW,NL,NL,actual_solar_generation,Solar | Actual Aggregated,2026-09-23T17:02:25Z
2026-09-23T17:01:50Z,2026-09-23T19:01:50+0200,a0951cff-e3ff-4fab-a385-431e734962aa,2026-09-18T06:45:00Z,2026-09-18T08:45:00+0200,0.0,MW,NL,NL,actual_solar_generation,Solar | Actual Consumption,2026-09-23T17:02:25Z
2026-09-23T17:01:50Z,2026-09-23T19:01:50+0200,a0951cff-e3ff-4fab-a385-431e734962aa,2026-09-18T07:00:00Z,2026-09-18T09:00:00+0200,41.481,MW,NL,NL,actual_solar_generation,Solar | Actual Aggregated,2026-09-23T17:02:25Z
2026-09-23T17:01:50Z,2026-09-23T19:01:50+0200,a0951cff-e3ff-4fab-a385-431e734962aa,2026-09-18T07:00:00Z,2026-09-18T09:00:00+0200,0.0,MW,NL,NL,actual_solar_generation,Solar | Actual Consumption,2026-09-23T17:02:25Z
2026-09-23T17:01:50Z,2026-09-23T19:01:50+0200,a0951cff-e3ff-4fab-a385-431e734962aa,2026-09-18T07:15:00Z,2026-09-18T09:15:00+0200,51.528,MW,NL,NL,actual_solar_generation,Solar | Actual Aggregated,2026-09-23T17:02:25Z
2026-09-23T17:01:50Z,2026-09-23T19:01:50+0200,a0951cff-e3ff-4fab-a385-431e734962aa,2026-09-18T07:15:00Z,2026-09-18T09:15:00+0200,0.0,MW,NL,NL,actual_solar_generation,Solar | Actual Consumption,2026-09-23T17:02:25Z
2026-09-23T17:01:50Z,2026-09-23T19:01:50+0200,a0951cff-e3ff-4fab-a385-431e734962aa,2026-09-18T07:30:00Z,2026-09-18T09:30:00+0200,76.234,MW,NL,NL,actual_solar_generation,Solar | Actual Aggregated,2026-09-23T17:02:25Z
2026-09-23T17:01:50Z,2026-09-23T19:01:50+0200,a0951cff-e3ff-4fab-a385-431e734962aa,2026-09-18T07:30:00Z,2026-09-18T09:30:00+0200,0.0,MW,NL,NL,actual_solar_generation,Solar | Actual Consumption,2026-09-23T17:02:25Z
2026-09-23T17:01:50Z,2026-09-23T19:01:50+0200,a0951cff-e3ff-4fab-a385-431e734962aa,2026-09-18T07:45:00Z,2026-09-18T09:45:00+0200,93.826,MW,NL,NL,actual_solar_generation,Solar | Actual Aggregated,2026-09-23T17:02:25Z
2026-09-23T17:01:50Z,2026-09-23T19:01:50+0200,a0951cff-e3ff-4fab-a385-431e734962aa,2026-09-18T07:45:00Z,2026-09-18T09:45:00+0200,0.0,MW,NL,NL,actual_solar_generation,Solar | Actual Consumption,2026-09-23T17:02:25Z
2026-09-23T17:01:50Z,2026-09-23T19:01:50+0200,a0951cff-e3ff-4fab-a385-431e734962aa,2026-09-18T08:00:00Z,2026-09-18T10:00:00+0200,108.85,MW,NL,NL,actual_solar_generation,Solar | Actual Aggregated,2026-09-23T17:02:25Z
2026-09-23T17:01:50Z,2026-09-23T19:01:50+0200,a0951cff-e3ff-4fab-a385-431e734962aa,2026-09-18T08:00:00Z,2026-09-18T10:00:00+0200,0.0,MW,NL,NL,actual_solar_generation,Solar | Actual Consumption,2026-09-23T17:02:25Z
2026-09-23T17:01:50Z,2026-09-23T19:01:50+0200,a0951cff-e3ff-4fab-a385-431e734962aa,2026-09-18T08:15:00Z,2026-09-18T10:15:00+0200,123.28,MW,NL,NL,actual_solar_generation,Solar | Actual Aggregated,2026-09-23T17:02:25Z
2026-09-23T17:01:50Z,2026-09-23T19:01:50+0200,a0951cff-e3ff-4fab-a385-431e734962aa,2026-09-18T08:15:00Z,2026-09-18T10:15:00+0200,0.0,MW,NL,NL,actual_solar_generation,Solar | Actual Consumption,2026-09-23T17:02:25Z
2026-09-23T17:01:50Z,2026-09-23T19:01:50+0200,a0951cff-e3ff-4fab-a385-431e734962aa,2026-09-18T08:30:00Z,2026-09-18T10:30:00+0200,121.915,MW,NL,NL,actual_solar_generation,Solar | Actual Aggregated,2026-09-23T17:02:25Z
2026-09-23T17:01:50Z,2026-09-23T19:01:50+0200,a0951cff-e3ff-4fab-a385-431e734962aa,2026-09-18T08:30:00Z,2026-09-18T10:30:00+0200,0.0,MW,NL,NL,actual_solar_generation,Solar | Actual Consumption,2026-09-23T17:02:25Z
2026-09-23T17:01:50Z,2026-09-23T19:01:50+0200,a0951cff-e3ff-4fab-a385-431e734962aa,2026-09-18T08:45:00Z,2026-09-18T10:45:00+0200,138.411,MW,NL,NL,actual_solar_generation,Solar | Actual Aggregated,2026-09-23T17:02:25Z
2026-09-23T17:01:50Z,2026-09-23T19:01:50+0200,a0951cff-e3ff-4fab-a385-431e734962aa,2026-09-18T08:45:00Z,2026-09-18T10:45:00+0200,0.0,MW,NL,NL,actual_solar_generation,Solar | Actual Consumption,2026-09-23T17:02:25Z
2026-09-23T17:01:50Z,2026-09-23T19:01:50+0200,a0951cff-e3ff-4fab-a385-431e734962aa,2026-09-18T09:00:00Z,2026-09-18T11:00:00+0200,135.236,MW,NL,NL,actual_solar_generation,Solar | Actual Aggregated,2026-09-23T17:02:25Z
2026-09-23T17:01:50Z,2026-09-23T19:01:50+0200,a0951cff-e3ff-4fab-a385-431e734962aa,2026-09-18T09:00:00Z,2026-09-18T11:00:00+0200,0.0,MW,NL,NL,actual_solar_generation,Solar | Actual Consumption,2026-09-23T17:02:25Z
2026-09-23T17:01:50Z,2026-09-23T19:01:50+0200,a0951cff-e3ff-4fab-a385-431e734962aa,2026-09-18T09:15:00Z,2026-09-18T11:15:00+0200,89.252,MW,NL,NL,actual_solar_generation,Solar | Actual Aggregated,2026-09-23T17:02:25Z
2026-09-23T17:01:50Z,2026-09-23T19:01:50+0200,a0951cff-e3ff-4fab-a385-431e734962aa,2026-09-18T09:15:00Z,2026-09-18T11:15:00+0200,0.0,MW,NL,NL,actual_solar_generation,Solar | Actual Consumption,2026-09-23T17:02:25Z
2026-09-23T17:01:50Z,2026-09-23T19:01:50+0200,a0951cff-e3ff-4fab-a385-431e734962aa,2026-09-18T09:30:00Z,2026-09-18T11:30:00+0200,88.203,MW,NL,NL,actual_solar_generation,Solar | Actual Aggregated,2026-09-23T17:02:25Z
2026-09-23T17:01:50Z,2026-09-23T19:01:50+0200,a0951cff-e3ff-4fab-a385-431e734962aa,2026-09-18T09:30:00Z,2026-09-18T11:30:00+0200,0.0,MW,NL,NL,actual_solar_generation,Solar | Actual Consumption,2026-09-23T17:02:25Z
2026-09-23T17:01:50Z,2026-09-23T19:01:50+0200,a0951cff-e3ff-4fab-a385-431e734962aa,2026-09-18T09:45:00Z,2026-09-18T11:45:00+0200,162.449,MW,NL,NL,actual_solar_generation,Solar | Actual Aggregated,2026-09-23T17:02:25Z
2026-09-23T17:01:50Z,2026-09-23T19:01:50+0200,a0951cff-e3ff-4fab-a385-431e734962aa,2026-09-18T09:45:00Z,2026-09-18T11:45:00+0200,0.0,MW,NL,NL,actual_solar_generation,Solar | Actual Consumption,2026-09-23T17:02:25Z
2026-09-23T17:01:50Z,2026-09-23T19:01:50+0200,a0951cff-e3ff-4fab-a385-431e734962aa,2026-09-18T10:00:00Z,2026-09-18T12:00:00+0200,171.83,MW,NL,NL,actual_solar_generation,Solar | Actual Aggregated,2026-09-23T17:02:25Z
2026-09-23T17:01:50Z,2026-09-23T19:01:50+0200,a0951cff-e3ff-4fab-a385-431e734962aa,2026-09-18T10:00:00Z,2026-09-18T12:00:00+0200,0.0,MW,NL,NL,actual_solar_generation,Solar | Actual Consumption,2026-09-23T17:02:25Z
2026-09-23T17:01:50Z,2026-09-23T19:01:50+0200,a0951cff-e3ff-4fab-a385-431e734962aa,2026-09-18T10:15:00Z,2026-09-18T12:15:00+0200,113.852,MW,NL,NL,actual_solar_generation,Solar | Actual Aggregated,2026-09-23T17:02:25Z
2026-09-23T17:01:50Z,2026-09-23T19:01:50+0200,a0951cff-e3ff-4fab-a385-431e734962aa,2026-09-18T10:15:00Z,2026-09-18T12:15:00+0200,0.0,MW,NL,NL,actual_solar_generation,Solar | Actual Consumption,2026-09-23T17:02:25Z
2026-09-23T17:01:50Z,2026-09-23T19:01:50+0200,a0951cff-e3ff-4fab-a385-431e734962aa,2026-09-18T10:30:00Z,2026-09-18T12:30:00+0200,132.661,MW,NL,NL,actual_solar_generation,Solar | Actual Aggregated,2026-09-23T17:02:25Z
2026-09-23T17:01:50Z,2026-09-23T19:01:50+0200,a0951cff-e3ff-4fab-a385-431e734962aa,2026-09-18T10:30:00Z,2026-09-18T12:30:00+0200,0.0,MW,NL,NL,actual_solar_generation,Solar | Actual Consumption,2026-09-23T17:02:25Z
2026-09-23T17:01:50Z,2026-09-23T19:01:50+0200,a0951cff-e3ff-4fab-a385-431e734962aa,2026-09-18T10:45:00Z,2026-09-18T12:45:00+0200,161.663,MW,NL,NL,actual_solar_generation,Solar | Actual Aggregated,2026-09-23T17:02:25Z
2026-09-23T17:01:50Z,2026-09-23T19:01:50+0200,a0951cff-e3ff-4fab-a385-431e734962aa,2026-09-18T10:45:00Z,2026-09-18T12:45:00+0200,0.0,MW,NL,NL,actual_solar_generation,Solar | Actual Consumption,2026-09-23T17:02:25Z
2026-09-23T17:01:50Z,2026-09-23T19:01:50+0200,a0951cff-e3ff-4fab-a385-431e734962aa,2026-09-18T11:00:00Z,2026-09-18T13:00:00+0200,108.422,MW,NL,NL,actual_solar_generation,Solar | Actual Aggregated,2026-09-23T17:02:25Z
2026-09-23T17:01:50Z,2026-09-23T19:01:50+0200,a0951cff-e3ff-4fab-a385-431e734962aa,2026-09-18T11:00:00Z,2026-09-18T13:00:00+0200,0.0,MW,NL,NL,actual_solar_generation,Solar | Actual Consumption,2026-09-23T17:02:25Z
2026-09-23T17:01:50Z,2026-09-23T19:01:50+0200,a0951cff-e3ff-4fab-a385-431e734962aa,2026-09-18T11:15:00Z,2026-09-18T13:15:00+0200,89.613,MW,NL,NL,actual_solar_generation,Solar | Actual Aggregated,2026-09-23T17:02:25Z
2026-09-23T17:01:50Z,2026-09-23T19:01:50+0200,a0951cff-e3ff-4fab-a385-431e734962aa,2026-09-18T11:15:00Z,2026-09-18T13:15:00+0200,0.0,MW,NL,NL,actual_solar_generation,Solar | Actual Consumption,2026-09-23T17:02:25Z
2026-09-23T17:01:50Z,2026-09-23T19:01:50+0200,a0951cff-e3ff-4fab-a385-431e734962aa,2026-09-18T11:30:00Z,2026-09-18T13:30:00+0200,92.632,MW,NL,NL,actual_solar_generation,Solar | Actual Aggregated,2026-09-23T17:02:25Z
2026-09-23T17:01:50Z,2026-09-23T19:01:50+0200,a0951cff-e3ff-4fab-a385-431e734962aa,2026-09-18T11:30:00Z,2026-09-18T13:30:00+0200,0.0,MW,NL,NL,actual_solar_generation,Solar | Actual Consumption,2026-09-23T17:02:25Z
2026-09-23T17:01:50Z,2026-09-23T19:01:50+0200,a0951cff-e3ff-4fab-a385-431e734962aa,2026-09-18T11:45:00Z,2026-09-18T13:45:00+0200,92.111,MW,NL,NL,actual_solar_generation,Solar | Actual Aggregated,2026-09-23T17:02:25Z
2026-09-23T17:01:50Z,2026-09-23T19:01:50+0200,a0951cff-e3ff-4fab-a385-431e734962aa,2026-09-18T11:45:00Z,2026-09-18T13:45:00+0200,0.0,MW,NL,NL,actual_solar_generation,Solar | Actual Consumption,2026-09-23T17:02:25Z
2026-09-23T17:01:50Z,2026-09-23T19:01:50+0200,a0951cff-e3ff-4fab-a385-431e734962aa,2026-09-18T12:00:00Z,2026-09-18T14:00:00+0200,88.176,MW,NL,NL,actual_solar_generation,Solar | Actual Aggregated,2026-09-23T17:02:25Z
2026-09-23T17:01:50Z,2026-09-23T19:01:50+0200,a0951cff-e3ff-4fab-a385-431e734962aa,2026-09-18T12:00:00Z,2026-09-18T14:00:00+0200,0.0,MW,NL,NL,actual_solar_generation,Solar | Actual Consumption,2026-09-23T17:02:25Z
2026-09-23T17:01:50Z,2026-09-23T19:01:50+0200,a0951cff-e3ff-4fab-a385-431e734962aa,2026-09-18T12:15:00Z,2026-09-18T14:15:00+0200,83.889,MW,NL,NL,actual_solar_generation,Solar | Actual Aggregated,2026-09-23T17:02:25Z
2026-09-23T17:01:50Z,2026-09-23T19:01:50+0200,a0951cff-e3ff-4fab-a385-431e734962aa,2026-09-18T12:15:00Z,2026-09-18T14:15:00+0200,0.0,MW,NL,NL,actual_solar_generation,Solar | Actual Consumption,2026-09-23T17:02:25Z
2026-09-23T17:01:50Z,2026-09-23T19:01:50+0200,a0951cff-e3ff-4fab-a385-431e734962aa,2026-09-18T12:30:00Z,2026-09-18T14:30:00+0200,71.973,MW,NL,NL,actual_solar_generation,Solar | Actual Aggregated,2026-09-23T17:02:25Z
2026-09-23T17:01:50Z,2026-09-23T19:01:50+0200,a0951cff-e3ff-4fab-a385-431e734962aa,2026-09-18T12:30:00Z,2026-09-18T14:30:00+0200,0.0,MW,NL,NL,actual_solar_generation,Solar | Actual Consumption,2026-09-23T17:02:25Z
2026-09-23T17:01:50Z,2026-09-23T19:01:50+0200,a0951cff-e3ff-4fab-a385-431e734962aa,2026-09-18T12:45:00Z,2026-09-18T14:45:00+0200,85.552,MW,NL,NL,actual_solar_generation,Solar | Actual Aggregated,2026-09-23T17:02:25Z
2026-09-23T17:01:50Z,2026-09-23T19:01:50+0200,a0951cff-e3ff-4fab-a385-431e734962aa,2026-09-18T12:45:00Z,2026-09-18T14:45:00+0200,0.0,MW,NL,NL,actual_solar_generation,Solar | Actual Consumption,2026-09-23T17:02:25Z
2026-09-23T17:01:50Z,2026-09-23T19:01:50+0200,a0951cff-e3ff-4fab-a385-431e734962aa,2026-09-18T13:00:00Z,2026-09-18T15:00:00+0200,60.141,MW,NL,NL,actual_solar_generation,Solar | Actual Aggregated,2026-09-23T17:02:25Z
2026-09-23T17:01:50Z,2026-09-23T19:01:50+0200,a0951cff-e3ff-4fab-a385-431e734962aa,2026-09-18T13:00:00Z,2026-09-18T15:00:00+0200,0.0,MW,NL,NL,actual_solar_generation,Solar | Actual Consumption,2026-09-23T17:02:25Z
2026-09-23T17:01:50Z,2026-09-23T19:01:50+0200,a0951cff-e3ff-4fab-a385-431e734962aa,2026-09-18T13:15:00Z,2026-09-18T15:15:00+0200,43.19,MW,NL,NL,actual_solar_generation,Solar | Actual Aggregated,2026-09-23T17:02:25Z
2026-09-23T17:01:50Z,2026-09-23T19:01:50+0200,a0951cff-e3ff-4fab-a385-431e734962aa,2026-09-18T13:15:00Z,2026-09-18T15:15:00+0200,0.0,MW,NL,NL,actual_solar_generation,Solar | Actual Consumption,2026-09-23T17:02:25Z
2026-09-23T17:01:50Z,2026-09-23T19:01:50+0200,a0951cff-e3ff-4fab-a385-431e734962aa,2026-09-18T13:30:00Z,2026-09-18T15:30:00+0200,69.673,MW,NL,NL,actual_solar_generation,Solar | Actual Aggregated,2026-09-23T17:02:25Z
2026-09-23T17:01:50Z,2026-09-23T19:01:50+0200,a0951cff-e3ff-4fab-a385-431e734962aa,2026-09-18T13:30:00Z,2026-09-18T15:30:00+0200,0.0,MW,NL,NL,actual_solar_generation,Solar | Actual Consumption,2026-09-23T17:02:25Z
2026-09-23T17:01:50Z,2026-09-23T19:01:50+0200,a0951cff-e3ff-4fab-a385-431e734962aa,2026-09-18T13:45:00Z,2026-09-18T15:45:00+0200,75.066,MW,NL,NL,actual_solar_generation,Solar | Actual Aggregated,2026-09-23T17:02:25Z
2026-09-23T17:01:50Z,2026-09-23T19:01:50+0200,a0951cff-e3ff-4fab-a385-431e734962aa,2026-09-18T13:45:00Z,2026-09-18T15:45:00+0200,0.0,MW,NL,NL,actual_solar_generation,Solar | Actual Consumption,2026-09-23T17:02:25Z
2026-09-23T17:01:50Z,2026-09-23T19:01:50+0200,a0951cff-e3ff-4fab-a385-431e734962aa,2026-09-18T14:00:00Z,2026-09-18T16:00:00+0200,91.407,MW,NL,NL,actual_solar_generation,Solar | Actual Aggregated,2026-09-23T17:02:25Z
2026-09-23T17:01:50Z,2026-09-23T19:01:50+0200,a0951cff-e3ff-4fab-a385-431e734962aa,2026-09-18T14:00:00Z,2026-09-18T16:00:00+0200,0.0,MW,NL,NL,actual_solar_generation,Solar | Actual Consumption,2026-09-23T17:02:25Z
2026-09-23T17:01:50Z,2026-09-23T19:01:50+0200,a0951cff-e3ff-4fab-a385-431e734962aa,2026-09-18T14:15:00Z,2026-09-18T16:15:00+0200,74.301,MW,NL,NL,actual_solar_generation,Solar | Actual Aggregated,2026-09-23T17:02:25Z
2026-09-23T17:01:50Z,2026-09-23T19:01:50+0200,a0951cff-e3ff-4fab-a385-431e734962aa,2026-09-18T14:15:00Z,2026-09-18T16:15:00+0200,0.0,MW,NL,NL,actual_solar_generation,Solar | Actual Consumption,2026-09-23T17:02:25Z
2026-09-23T17:01:50Z,2026-09-23T19:01:50+0200,a0951cff-e3ff-4fab-a385-431e734962aa,2026-09-18T14:30:00Z,2026-09-18T16:30:00+0200,59.195,MW,NL,NL,actual_solar_generation,Solar | Actual Aggregated,2026-09-23T17:02:25Z
2026-09-23T17:01:50Z,2026-09-23T19:01:50+0200,a0951cff-e3ff-4fab-a385-431e734962aa,2026-09-18T14:30:00Z,2026-09-18T16:30:00+0200,0.0,MW,NL,NL,actual_solar_generation,Solar | Actual Consumption,2026-09-23T17:02:25Z
2026-09-23T17:01:50Z,2026-09-23T19:01:50+0200,a0951cff-e3ff-4fab-a385-431e734962aa,2026-09-18T14:45:00Z,2026-09-18T16:45:00+0200,34.592,MW,NL,NL,actual_solar_generation,Solar | Actual Aggregated,2026-09-23T17:02:25Z
2026-09-23T17:01:50Z,2026-09-23T19:01:50+0200,a0951cff-e3ff-4fab-a385-431e734962aa,2026-09-18T14:45:00Z,2026-09-18T16:45:00+0200,0.0,MW,NL,NL,actual_solar_generation,Solar | Actual Consumption,2026-09-23T17:02:25Z
2026-09-23T17:01:50Z,2026-09-23T19:01:50+0200,a0951cff-e3ff-4fab-a385-431e734962aa,2026-09-18T15:00:00Z,2026-09-18T17:00:00+0200,45.986,MW,NL,NL,actual_solar_generation,Solar | Actual Aggregated,2026-09-23T17:02:25Z
2026-09-23T17:01:50Z,2026-09-23T19:01:50+0200,a0951cff-e3ff-4fab-a385-431e734962aa,2026-09-18T15:00:00Z,2026-09-18T17:00:00+0200,0.0,MW,NL,NL,actual_solar_generation,Solar | Actual Consumption,2026-09-23T17:02:25Z
2026-09-23T17:01:50Z,2026-09-23T19:01:50+0200,a0951cff-e3ff-4fab-a385-431e734962aa,2026-09-18T15:15:00Z,2026-09-18T17:15:00+0200,48.79,MW,NL,NL,actual_solar_generation,Solar | Actual Aggregated,2026-09-23T17:02:25Z
2026-09-23T17:01:50Z,2026-09-23T19:01:50+0200,a0951cff-e3ff-4fab-a385-431e734962aa,2026-09-18T15:15:00Z,2026-09-18T17:15:00+0200,0.0,MW,NL,NL,actual_solar_generation,Solar | Actual Consumption,2026-09-23T17:02:25Z
2026-09-23T17:01:50Z,2026-09-23T19:01:50+0200,a0951cff-e3ff-4fab-a385-431e734962aa,2026-09-18T15:30:00Z,2026-09-18T17:30:00+0200,36.946,MW,NL,NL,actual_solar_generation,Solar | Actual Aggregated,2026-09-23T17:02:25Z
2026-09-23T17:01:50Z,2026-09-23T19:01:50+0200,a0951cff-e3ff-4fab-a385-431e734962aa,2026-09-18T15:30:00Z,2026-09-18T17:30:00+0200,0.0,MW,NL,NL,actual_solar_generation,Solar | Actual Consumption,2026-09-23T17:02:25Z
2026-09-23T17:01:50Z,2026-09-23T19:01:50+0200,a0951cff-e3ff-4fab-a385-431e734962aa,2026-09-18T15:45:00Z,2026-09-18T17:45:00+0200,31.285,MW,NL,NL,actual_solar_generation,Solar | Actual Aggregated,2026-09-23T17:02:25Z
2026-09-23T17:01:50Z,2026-09-23T19:01:50+0200,a0951cff-e3ff-4fab-a385-431e734962aa,2026-09-18T15:45:00Z,2026-09-18T17:45:00+0200,0.0,MW,NL,NL,actual_solar_generation,Solar | Actual Consumption,2026-09-23T17:02:25Z
2026-09-23T17:01:50Z,2026-09-23T19:01:50+0200,a0951cff-e3ff-4fab-a385-431e734962aa,2026-09-18T16:00:00Z,2026-09-18T18:00:00+0200,12.526,MW,NL,NL,actual_solar_generation,Solar | Actual Aggregated,2026-09-23T17:02:25Z
2026-09-23T17:01:50Z,2026-09-23T19:01:50+0200,a0951cff-e3ff-4fab-a385-431e734962aa,2026-09-18T16:00:00Z,2026-09-18T18:00:00+0200,0.0,MW,NL,NL,actual_solar_generation,Solar | Actual Consumption,2026-09-23T17:02:25Z
2026-09-23T17:01:50Z,2026-09-23T19:01:50+0200,a0951cff-e3ff-4fab-a385-431e734962aa,2026-09-18T16:15:00Z,2026-09-18T18:15:00+0200,12.734,MW,NL,NL,actual_solar_generation,Solar | Actual Aggregated,2026-09-23T17:02:25Z
2026-09-23T17:01:50Z,2026-09-23T19:01:50+0200,a0951cff-e3ff-4fab-a385-431e734962aa,2026-09-18T16:15:00Z,2026-09-18T18:15:00+0200,0.0,MW,NL,NL,actual_solar_generation,Solar | Actual Consumption,2026-09-23T17:02:25Z
2026-09-23T17:01:50Z,2026-09-23T19:01:50+0200,a0951cff-e3ff-4fab-a385-431e734962aa,2026-09-18T16:30:00Z,2026-09-18T18:30:00+0200,18.936,MW,NL,NL,actual_solar_generation,Solar | Actual Aggregated,2026-09-23T17:02:25Z
2026-09-23T17:01:50Z,2026-09-23T19:01:50+0200,a0951cff-e3ff-4fab-a385-431e734962aa,2026-09-18T16:30:00Z,2026-09-18T18:30:00+0200,0.0,MW,NL,NL,actual_solar_generation,Solar | Actual Consumption,2026-09-23T17:02:25Z
2026-09-23T17:01:50Z,2026-09-23T19:01:50+0200,a0951cff-e3ff-4fab-a385-431e734962aa,2026-09-18T16:45:00Z,2026-09-18T18:45:00+0200,19.771,MW,NL,NL,actual_solar_generation,Solar | Actual Aggregated,2026-09-23T17:02:25Z
2026-09-23T17:01:50Z,2026-09-23T19:01:50+0200,a0951cff-e3ff-4fab-a385-431e734962aa,2026-09-18T16:45:00Z,2026-09-18T18:45:00+0200,0.0,MW,NL,NL,actual_solar_generation,Solar | Actual Consumption,2026-09-23T17:02:25Z
2026-09-23T17:01:50Z,2026-09-23T19:01:50+0200,a0951cff-e3ff-4fab-a385-431e734962aa,2026-09-18T17:00:00Z,2026-09-18T19:00:00+0200,7.933,MW,NL,NL,actual_solar_generation,Solar | Actual Aggregated,2026-09-23T17:02:25Z
2026-09-23T17:01:50Z,2026-09-23T19:01:50+0200,a0951cff-e3ff-4fab-a385-431e734962aa,2026-09-18T17:00:00Z,2026-09-18T19:00:00+0200,0.0,MW,NL,NL,actual_solar_generation,Solar | Actual Consumption,2026-09-23T17:02:25Z
2026-09-23T17:01:50Z,2026-09-23T19:01:50+0200,a0951cff-e3ff-4fab-a385-431e734962aa,2026-09-18T17:15:00Z,2026-09-18T19:15:00+0200,2.385,MW,NL,NL,actual_solar_generation,Solar | Actual Aggregated,2026-09-23T17:02:25Z
2026-09-23T17:01:50Z,2026-09-23T19:01:50+0200,a0951cff-e3ff-4fab-a385-431e734962aa,2026-09-18T17:15:00Z,2026-09-18T19:15:00+0200,0.0,MW,NL,NL,actual_solar_generation,Solar | Actual Consumption,2026-09-23T17:02:25Z
2026-09-23T17:01:50Z,2026-09-23T19:01:50+0200,a0951cff-e3ff-4fab-a385-431e734962aa,2026-09-18T17:30:00Z,2026-09-18T19:30:00+0200,0.0,MW,NL,NL,actual_solar_generation,Solar | Actual Aggregated,2026-09-23T17:02:25Z
2026-09-23T17:01:50Z,2026-09-23T19:01:50+0200,a0951cff-e3ff-4fab-a385-431e734962aa,2026-09-18T17:30:00Z,2026-09-18T19:30:00+0200,0.757,MW,NL,NL,actual_solar_generation,Solar | Actual Consumption,2026-09-23T17:02:25Z
2026-09-23T17:01:50Z,2026-09-23T19:01:50+0200,a0951cff-e3ff-4fab-a385-431e734962aa,2026-09-18T17:45:00Z,2026-09-18T19:45:00+0200,0.0,MW,NL,NL,actual_solar_generation,Solar | Actual Aggregated,2026-09-23T17:02:25Z
2026-09-23T17:01:50Z,2026-09-23T19:01:50+0200,a0951cff-e3ff-4fab-a385-431e734962aa,2026-09-18T17:45:00Z,2026-09-18T19:45:00+0200,0.125,MW,NL,NL,actual_solar_generation,Solar | Actual Consumption,2026-09-23T17:02:25Z
2026-09-23T17:01:50Z,2026-09-23T19:01:50+0200,a0951cff-e3ff-4fab-a385-431e734962aa,2026-09-18T18:00:00Z,2026-09-18T20:00:00+0200,0.0,MW,NL,NL,actual_solar_generation,Solar | Actual Aggregated,2026-09-23T17:02:25Z
2026-09-23T17:01:50Z,2026-09-23T19:01:50+0200,a0951cff-e3ff-4fab-a385-431e734962aa,2026-09-18T18:00:00Z,2026-09-18T20:00:00+0200,0.117,MW,NL,NL,actual_solar_generation,Solar | Actual Consumption,2026-09-23T17:02:25Z
2026-09-23T17:01:50Z,2026-09-23T19:01:50+0200,a0951cff-e3ff-4fab-a385-431e734962aa,2026-09-18T18:15:00Z,2026-09-18T20:15:00+0200,0.0,MW,NL,NL,actual_solar_generation,Solar | Actual Aggregated,2026-09-23T17:02:25Z
2026-09-23T17:01:50Z,2026-09-23T19:01:50+0200,a0951cff-e3ff-4fab-a385-431e734962aa,2026-09-18T18:15:00Z,2026-09-18T20:15:00+0200,0.134,MW,NL,NL,actual_solar_generation,Solar | Actual Consumption,2026-09-23T17:02:25Z
2026-09-23T17:01:50Z,2026-09-23T19:01:50+0200,a0951cff-e3ff-4fab-a385-431e734962aa,2026-09-18T18:30:00Z,2026-09-18T20:30:00+0200,0.0,MW,NL,NL,actual_solar_generation,Solar | Actual Aggregated,2026-09-23T17:02:25Z
2026-09-23T17:01:50Z,2026-09-23T19:01:50+0200,a0951cff-e3ff-4fab-a385-431e734962aa,2026-09-18T18:30:00Z,2026-09-18T20:30:00+0200,0.121,MW,NL,NL,actual_solar_generation,Solar | Actual Consumption,2026-09-23T17:02:25Z
2026-09-23T17:01:50Z,2026-09-23T19:01:50+0200,a0951cff-e3ff-4fab-a385-431e734962aa,2026-09-18T18:45:00Z,2026-09-18T20:45:00+0200,0.0,MW,NL,NL,actual_solar_generation,Solar | Actual Aggregated,2026-09-23T17:02:25Z
2026-09-23T17:01:50Z,2026-09-23T19:01:50+0200,a0951cff-e3ff-4fab-a385-431e734962aa,2026-09-18T18:45:00Z,2026-09-18T20:45:00+0200,0.12,MW,NL,NL,actual_solar_generation,Solar | Actual Consumption,2026-09-23T17:02:25Z
2026-09-23T17:01:50Z,2026-09-23T19:01:50+0200,a0951cff-e3ff-4fab-a385-431e734962aa,2026-09-18T19:00:00Z,2026-09-18T21:00:00+0200,0.0,MW,NL,NL,actual_solar_generation,Solar | Actual Aggregated,2026-09-23T17:02:25Z
2026-09-23T17:01:50Z,2026-09-23T19:01:50+0200,a0951cff-e3ff-4fab-a385-431e734962aa,2026-09-18T19:00:00Z,2026-09-18T21:00:00+0200,0.123,MW,NL,NL,actual_solar_generation,Solar | Actual Consumption,2026-09-23T17:02:25Z
2026-09-23T17:01:50Z,2026-09-23T19:01:50+0200,a0951cff-e3ff-4fab-a385-431e734962aa,2026-09-18T19:15:00Z,2026-09-18T21:15:00+0200,0.0,MW,NL,NL,actual_solar_generation,Solar | Actual Aggregated,2026-09-23T17:02:25Z
2026-09-23T17:01:50Z,2026-09-23T19:01:50+0200,a0951cff-e3ff-4fab-a385-431e734962aa,2026-09-18T19:15:00Z,2026-09-18T21:15:00+0200,0.123,MW,NL,NL,actual_solar_generation,Solar | Actual Consumption,2026-09-23T17:02:25Z
2026-09-23T17:01:50Z,2026-09-23T19:01:50+0200,a0951cff-e3ff-4fab-a385-431e734962aa,2026-09-18T19:30:00Z,2026-09-18T21:30:00+0200,0.0,MW,NL,NL,actual_solar_generation,Solar | Actual Aggregated,2026-09-23T17:02:25Z
2026-09-23T17:01:50Z,2026-09-23T19:01:50+0200,a0951cff-e3ff-4fab-a385-431e734962aa,2026-09-18T19:30:00Z,2026-09-18T21:30:00+0200,0.123,MW,NL,NL,actual_solar_generation,Solar | Actual Consumption,2026-09-23T17:02:25Z
2026-09-23T17:01:50Z,2026-09-23T19:01:50+0200,a0951cff-e3ff-4fab-a385-431e734962aa,2026-09-18T19:45:00Z,2026-09-18T21:45:00+0200,0.0,MW,NL,NL,actual_solar_generation,Solar | Actual Aggregated,2026-09-23T17:02:25Z
2026-09-23T17:01:50Z,2026-09-23T19:01:50+0200,a0951cff-e3ff-4fab-a385-431e734962aa,2026-09-18T19:45:00Z,2026-09-18T21:45:00+0200,0.123,MW,NL,NL,actual_solar_generation,Solar | Actual Consumption,2026-09-23T17:02:25Z
2026-09-23T17:01:50Z,2026-09-23T19:01:50+0200,a0951cff-e3ff-4fab-a385-431e734962aa,2026-09-18T20:00:00Z,2026-09-18T22:00:00+0200,0.0,MW,NL,NL,actual_solar_generation,Solar | Actual Aggregated,2026-09-23T17:02:25Z
2026-09-23T17:01:50Z,2026-09-23T19:01:50+0200,a0951cff-e3ff-4fab-a385-431e734962aa,2026-09-18T20:00:00Z,2026-09-18T22:00:00+0200,0.123,MW,NL,NL,actual_solar_generation,Solar | Actual Consumption,2026-09-23T17:02:25Z
2026-09-23T17:01:50Z,2026-09-23T19:01:50+0200,a0951cff-e3ff-4fab-a385-431e734962aa,2026-09-18T20:15:00Z,2026-09-18T22:15:00+0200,0.0,MW,NL,NL,actual_solar_generation,Solar | Actual Aggregated,2026-09-23T17:02:25Z
2026-09-23T17:01:50Z,2026-09-23T19:01:50+0200,a0951cff-e3ff-4fab-a385-431e734962aa,2026-09-18T20:15:00Z,2026-09-18T22:15:00+0200,0.123,MW,NL,NL,actual_solar_generation,Solar | Actual Consumption,2026-09-23T17:02:25Z
2026-09-23T17:01:50Z,2026-09-23T19:01:50+0200,a0951cff-e3ff-4fab-a385-431e734962aa,2026-09-18T20:30:00Z,2026-09-18T22:30:00+0200,0.0,MW,NL,NL,actual_solar_generation,Solar | Actual Aggregated,2026-09-23T17:02:25Z
2026-09-23T17:01:50Z,2026-09-23T19:01:50+0200,a0951cff-e3ff-4fab-a385-431e734962aa,2026-09-18T20:30:00Z,2026-09-18T22:30:00+0200,0.123,MW,NL,NL,actual_solar_generation,Solar | Actual Consumption,2026-09-23T17:02:25Z
2026-09-23T17:01:50Z,2026-09-23T19:01:50+0200,a0951cff-e3ff-4fab-a385-431e734962aa,2026-09-18T20:45:00Z,2026-09-18T22:45:00+0200,0.0,MW,NL,NL,actual_solar_generation,Solar | Actual Aggregated,2026-09-23T17:02:25Z
2026-09-23T17:01:50Z,2026-09-23T19:01:50+0200,a0951cff-e3ff-4fab-a385-431e734962aa,2026-09-18T20:45:00Z,2026-09-18T22:45:00+0200,0.134,MW,NL,NL,actual_solar_generation,Solar | Actual Consumption,2026-09-23T17:02:25Z
2026-09-23T17:01:50Z,2026-09-23T19:01:50+0200,a0951cff-e3ff-4fab-a385-431e734962aa,2026-09-18T21:00:00Z,2026-09-18T23:00:00+0200,0.0,MW,NL,NL,actual_solar_generation,Solar | Actual Aggregated,2026-09-23T17:02:25Z
2026-09-23T17:01:50Z,2026-09-23T19:01:50+0200,a0951cff-e3ff-4fab-a385-431e734962aa,2026-09-18T21:00:00Z,2026-09-18T23:00:00+0200,0.121,MW,NL,NL,actual_solar_generation,Solar | Actual Consumption,2026-09-23T17:02:25Z
2026-09-23T17:01:50Z,2026-09-23T19:01:50+0200,a0951cff-e3ff-4fab-a385-431e734962aa,2026-09-18T21:15:00Z,2026-09-18T23:15:00+0200,0.0,MW,NL,NL,actual_solar_generation,Solar | Actual Aggregated,2026-09-23T17:02:25Z
2026-09-23T17:01:50Z,2026-09-23T19:01:50+0200,a0951cff-e3ff-4fab-a385-431e734962aa,2026-09-18T21:15:00Z,2026-09-18T23:15:00+0200,0.137,MW,NL,NL,actual_solar_generation,Solar | Actual Consumption,2026-09-23T17:02:25Z
2026-09-23T17:01:50Z,2026-09-23T19:01:50+0200,a0951cff-e3ff-4fab-a385-431e734962aa,2026-09-18T21:30:00Z,2026-09-18T23:30:00+0200,0.0,MW,NL,NL,actual_solar_generation,Solar | Actual Aggregated,2026-09-23T17:02:25Z
2026-09-23T17:01:50Z,2026-09-23T19:01:50+0200,a0951cff-e3ff-4fab-a385-431e734962aa,2026-09-18T21:30:00Z,2026-09-18T23:30:00+0200,0.126,MW,NL,NL,actual_solar_generation,Solar | Actual Consumption,2026-09-23T17:02:25Z
2026-09-23T17:01:50Z,2026-09-23T19:01:50+0200,a0951cff-e3ff-4fab-a385-431e734962aa,2026-09-18T21:45:00Z,2026-09-18T23:45:00+0200,0.0,MW,NL,NL,actual_solar_generation,Solar | Actual Aggregated,2026-09-23T17:02:25Z
2026-09-23T17:01:50Z,2026-09-23T19:01:50+0200,a0951cff-e3ff-4fab-a385-431e734962aa,2026-09-18T21:45:00Z,2026-09-18T23:45:00+0200,0.121,MW,NL,NL,actual_solar_generation,Solar | Actual Consumption,2026-09-23T17:02:25Z
2026-09-23T17:01:50Z,2026-09-23T19:01:50+0200,a0951cff-e3ff-4fab-a385-431e734962aa,2026-09-18T22:00:00Z,2026-09-19T00:00:00+0200,0.0,MW,NL,NL,actual_solar_generation,Solar | Actual Aggregated,2026-09-23T17:02:25Z
2026-09-23T17:01:50Z,2026-09-23T19:01:50+0200,a0951cff-e3ff-4fab-a385-431e734962aa,2026-09-18T22:00:00Z,2026-09-19T00:00:00+0200,0.121,MW,NL,NL,actual_solar_generation,Solar | Actual Consumption,2026-09-23T17:02:25Z
2026-09-23T17:01:50Z,2026-09-23T19:01:50+0200,a0951cff-e3ff-4fab-a385-431e734962aa,2026-09-18T22:15:00Z,2026-09-19T00:15:00+0200,0.0,MW,NL,NL,actual_solar_generation,Solar | Actual Aggregated,2026-09-23T17:02:25Z
2026-09-23T17:01:50Z,2026-09-23T19:01:50+0200,a0951cff-e3ff-4fab-a385-431e734962aa,2026-09-18T22:15:00Z,2026-09-19T00:15:00+0200,0.126,MW,NL,NL,actual_solar_generation,Solar | Actual Consumption,2026-09-23T17:02:25Z
2026-09-23T17:01:50Z,2026-09-23T19:01:50+0200,a0951cff-e3ff-4fab-a385-431e734962aa,2026-09-18T22:30:00Z,2026-09-19T00:30:00+0200,0.0,MW,NL,NL,actual_solar_generation,Solar | Actual Aggregated,2026-09-23T17:02:25Z
2026-09-23T17:01:50Z,2026-09-23T19:01:50+0200,a0951cff-e3ff-4fab-a385-431e734962aa,2026-09-18T22:30:00Z,2026-09-19T00:30:00+0200,0.126,MW,NL,NL,actual_solar_generation,Solar | Actual Consumption,2026-09-23T17:02:25Z
2026-09-23T17:01:50Z,2026-09-23T19:01:50+0200,a0951cff-e3ff-4fab-a385-431e734962aa,2026-09-18T22:45:00Z,2026-09-19T00:45:00+0200,0.0,MW,NL,NL,actual_solar_generation,Solar | Actual Aggregated,2026-09-23T17:02:25Z
2026-09-23T17:01:50Z,2026-09-23T19:01:50+0200,a0951cff-e3ff-4fab-a385-431e734962aa,2026-09-18T22:45:00Z,2026-09-19T00:45:00+0200,0.126,MW,NL,NL,actual_solar_generation,Solar | Actual Consumption,2026-09-23T17:02:25Z
2026-09-23T17:01:50Z,2026-09-23T19:01:50+0200,a0951cff-e3ff-4fab-a385-431e734962aa,2026-09-18T23:00:00Z,2026-09-19T01:00:00+0200,0.0,MW,NL,NL,actual_solar_generation,Solar | Actual Aggregated,2026-09-23T17:02:25Z
2026-09-23T17:01:50Z,2026-09-23T19:01:50+0200,a0951cff-e3ff-4fab-a385-431e734962aa,2026-09-18T23:00:00Z,2026-09-19T01:00:00+0200,0.126,MW,NL,NL,actual_solar_generation,Solar | Actual Consumption,2026-09-23T17:02:25Z
2026-09-23T17:01:50Z,2026-09-23T19:01:50+0200,a0951cff-e3ff-4fab-a385-431e734962aa,2026-09-18T23:15:00Z,2026-09-19T01:15:00+0200,0.0,MW,NL,NL,actual_solar_generation,Solar | Actual Aggregated,2026-09-23T17:02:25Z
2026-09-23T17:01:50Z,2026-09-23T19:01:50+0200,a0951cff-e3ff-4fab-a385-431e734962aa,2026-09-18T23:15:00Z,2026-09-19T01:15:00+0200,0.126,MW,NL,NL,actual_solar_generation,Solar | Actual Consumption,2026-09-23T17:02:25Z
2026-09-23T17:01:50Z,2026-09-23T19:01:50+0200,a0951cff-e3ff-4fab-a385-431e734962aa,2026-09-18T23:30:00Z,2026-09-19T01:30:00+0200,0.0,MW,NL,NL,actual_solar_generation,Solar | Actual Aggregated,2026-09-23T17:02:25Z
2026-09-23T17:01:50Z,2026-09-23T19:01:50+0200,a0951cff-e3ff-4fab-a385-431e734962aa,2026-09-18T23:30:00Z,2026-09-19T01:30:00+0200,0.126,MW,NL,NL,actual_solar_generation,Solar | Actual Consumption,2026-09-23T17:02:25Z
2026-09-23T17:01:50Z,2026-09-23T19:01:50+0200,a0951cff-e3ff-4fab-a385-431e734962aa,2026-09-18T23:45:00Z,2026-09-19T01:45:00+0200,0.0,MW,NL,NL,actual_solar_generation,Solar | Actual Aggregated,2026-09-23T17:02:25Z
2026-09-23T17:01:50Z,2026-09-23T19:01:50+0200,a0951cff-e3ff-4fab-a385-431e734962aa,2026-09-18T23:45:00Z,2026-09-19T01:45:00+0200,0.126,MW,NL,NL,actual_solar_generation,Solar | Actual Consumption,2026-09-23T17:02:25Z
2026-09-23T17:01:50Z,2026-09-23T19:01:50+0200,a0951cff-e3ff-4fab-a385-431e734962aa,2026-09-19T00:00:00Z,2026-09-19T02:00:00+0200,0.0,MW,NL,NL,actual_solar_generation,Solar | Actual Aggregated,2026-09-23T17:02:25Z
2026-09-23T17:01:50Z,2026-09-23T19:01:50+0200,a0951cff-e3ff-4fab-a385-431e734962aa,2026-09-19T00:00:00Z,2026-09-19T02:00:00+0200,0.126,MW,NL,NL,actual_solar_generation,Solar | Actual Consumption,2026-09-23T17:02:25Z
2026-09-23T17:01:50Z,2026-09-23T19:01:50+0200,a0951cff-e3ff-4fab-a385-431e734962aa,2026-09-19T00:15:00Z,2026-09-19T02:15:00+0200,0.0,MW,NL,NL,actual_solar_generation,Solar | Actual Aggregated,2026-09-23T17:02:25Z
2026-09-23T17:01:50Z,2026-09-23T19:01:50+0200,a0951cff-e3ff-4fab-a385-431e734962aa,2026-09-19T00:15:00Z,2026-09-19T02:15:00+0200,0.126,MW,NL,NL,actual_solar_generation,Solar | Actual Consumption,2026-09-23T17:02:25Z
2026-09-23T17:01:50Z,2026-09-23T19:01:50+0200,a0951cff-e3ff-4fab-a385-431e734962aa,2026-09-19T00:30:00Z,2026-09-19T02:30:00+0200,0.0,MW,NL,NL,actual_solar_generation,Solar | Actual Aggregated,2026-09-23T17:02:25Z
2026-09-23T17:01:50Z,2026-09-23T19:01:50+0200,a0951cff-e3ff-4fab-a385-431e734962aa,2026-09-19T00:30:00Z,2026-09-19T02:30:00+0200,0.126,MW,NL,NL,actual_solar_generation,Solar | Actual Consumption,2026-09-23T17:02:25Z
2026-09-23T17:01:50Z,2026-09-23T19:01:50+0200,a0951cff-e3ff-4fab-a385-431e734962aa,2026-09-19T00:45:00Z,2026-09-19T02:45:00+0200,0.0,MW,NL,NL,actual_solar_generation,Solar | Actual Aggregated,2026-09-23T17:02:25Z
2026-09-23T17:01:50Z,2026-09-23T19:01:50+0200,a0951cff-e3ff-4fab-a385-431e734962aa,2026-09-19T00:45:00Z,2026-09-19T02:45:00+0200,0.131,MW,NL,NL,actual_solar_generation,Solar | Actual Consumption,2026-09-23T17:02:25Z
2026-09-23T17:01:50Z,2026-09-23T19:01:50+0200,a0951cff-e3ff-4fab-a385-431e734962aa,2026-09-19T01:00:00Z,2026-09-19T03:00:00+0200,0.0,MW,NL,NL,actual_solar_generation,Solar | Actual Aggregated,2026-09-23T17:02:25Z
2026-09-23T17:01:50Z,2026-09-23T19:01:50+0200,a0951cff-e3ff-4fab-a385-431e734962aa,2026-09-19T01:00:00Z,2026-09-19T03:00:00+0200,0.133,MW,NL,NL,actual_solar_generation,Solar | Actual Consumption,2026-09-23T17:02:25Z
2026-09-23T17:01:50Z,2026-09-23T19:01:50+0200,a0951cff-e3ff-4fab-a385-431e734962aa,2026-09-19T01:15:00Z,2026-09-19T03:15:00+0200,0.0,MW,NL,NL,actual_solar_generation,Solar | Actual Aggregated,2026-09-23T17:02:25Z
2026-09-23T17:01:50Z,2026-09-23T19:01:50+0200,a0951cff-e3ff-4fab-a385-431e734962aa,2026-09-19T01:15:00Z,2026-09-19T03:15:00+0200,0.119,MW,NL,NL,actual_solar_generation,Solar | Actual Consumption,2026-09-23T17:02:25Z
2026-09-23T17:01:50Z,2026-09-23T19:01:50+0200,a0951cff-e3ff-4fab-a385-431e734962aa,2026-09-19T01:30:00Z,2026-09-19T03:30:00+0200,0.0,MW,NL,NL,actual_solar_generation,Solar | Actual Aggregated,2026-09-23T17:02:25Z
2026-09-23T17:01:50Z,2026-09-23T19:01:50+0200,a0951cff-e3ff-4fab-a385-431e734962aa,2026-09-19T01:30:00Z,2026-09-19T03:30:00+0200,0.138,MW,NL,NL,actual_solar_generation,Solar | Actual Consumption,2026-09-23T17:02:25Z
2026-09-23T17:01:50Z,2026-09-23T19:01:50+0200,a0951cff-e3ff-4fab-a385-431e734962aa,2026-09-19T01:45:00Z,2026-09-19T03:45:00+0200,0.0,MW,NL,NL,actual_solar_generation,Solar | Actual Aggregated,2026-09-23T17:02:25Z
2026-09-23T17:01:50Z,2026-09-23T19:01:50+0200,a0951cff-e3ff-4fab-a385-431e734962aa,2026-09-19T01:45:00Z,2026-09-19T03:45:00+0200,0.131,MW,NL,NL,actual_solar_generation,Solar | Actual Consumption,2026-09-23T17:02:25Z
2026-09-23T17:01:50Z,2026-09-23T19:01:50+0200,a0951cff-e3ff-4fab-a385-431e734962aa,2026-09-19T02:00:00Z,2026-09-19T04:00:00+0200,0.0,MW,NL,NL,actual_solar_generation,Solar | Actual Aggregated,2026-09-23T17:02:25Z
2026-09-23T17:01:50Z,2026-09-23T19:01:50+0200,a0951cff-e3ff-4fab-a385-431e734962aa,2026-09-19T02:00:00Z,2026-09-19T04:00:00+0200,0.123,MW,NL,NL,actual_solar_generation,Solar | Actual Consumption,2026-09-23T17:02:25Z
2026-09-23T17:01:50Z,2026-09-23T19:01:50+0200,a0951cff-e3ff-4fab-a385-431e734962aa,2026-09-19T02:15:00Z,2026-09-19T04:15:00+0200,0.0,MW,NL,NL,actual_solar_generation,Solar | Actual Aggregated,2026-09-23T17:02:25Z
2026-09-23T17:01:50Z,2026-09-23T19:01:50+0200,a0951cff-e3ff-4fab-a385-431e734962aa,2026-09-19T02:15:00Z,2026-09-19T04:15:00+0200,0.138,MW,NL,NL,actual_solar_generation,Solar | Actual Consumption,2026-09-23T17:02:25Z
2026-09-23T17:01:50Z,2026-09-23T19:01:50+0200,a0951cff-e3ff-4fab-a385-431e734962aa,2026-09-19T02:30:00Z,2026-09-19T04:30:00+0200,0.0,MW,NL,NL,actual_solar_generation,Solar | Actual Aggregated,2026-09-23T17:02:25Z
2026-09-23T17:01:50Z,2026-09-23T19:01:50+0200,a0951cff-e3ff-4fab-a385-431e734962aa,2026-09-19T02:30:00Z,2026-09-19T04:30:00+0200,0.12,MW,NL,NL,actual_solar_generation,Solar | Actual Consumption,2026-09-23T17:02:25Z
2026-09-23T17:01:50Z,2026-09-23T19:01:50+0200,a0951cff-e3ff-4fab-a385-431e734962aa,2026-09-19T02:45:00Z,2026-09-19T04:45:00+0200,0.0,MW,NL,NL,actual_solar_generation,Solar | Actual Aggregated,2026-09-23T17:02:25Z
2026-09-23T17:01:50Z,2026-09-23T19:01:50+0200,a0951cff-e3ff-4fab-a385-431e734962aa,2026-09-19T02:45:00Z,2026-09-19T04:45:00+0200,0.136,MW,NL,NL,actual_solar_generation,Solar | Actual Consumption,2026-09-23T17:02:25Z
2026-09-23T17:01:50Z,2026-09-23T19:01:50+0200,a0951cff-e3ff-4fab-a385-431e734962aa,2026-09-19T03:00:00Z,2026-09-19T05:00:00+0200,0.0,MW,NL,NL,actual_solar_generation,Solar | Actual Aggregated,2026-09-23T17:02:25Z
2026-09-23T17:01:50Z,2026-09-23T19:01:50+0200,a0951cff-e3ff-4fab-a385-431e734962aa,2026-09-19T03:00:00Z,2026-09-19T05:00:00+0200,0.135,MW,NL,NL,actual_solar_generation,Solar | Actual Consumption,2026-09-23T17:02:25Z
2026-09-23T17:01:50Z,2026-09-23T19:01:50+0200,a0951cff-e3ff-4fab-a385-431e734962aa,2026-09-19T03:15:00Z,2026-09-19T05:15:00+0200,0.0,MW,NL,NL,actual_solar_generation,Solar | Actual Aggregated,2026-09-23T17:02:25Z
2026-09-23T17:01:50Z,2026-09-23T19:01:50+0200,a0951cff-e3ff-4fab-a385-431e734962aa,2026-09-19T03:15:00Z,2026-09-19T05:15:00+0200,0.131,MW,NL,NL,actual_solar_generation,Solar | Actual Consumption,2026-09-23T17:02:25Z
2026-09-23T17:01:50Z,2026-09-23T19:01:50+0200,a0951cff-e3ff-4fab-a385-431e734962aa,2026-09-19T03:30:00Z,2026-09-19T05:30:00+0200,0.0,MW,NL,NL,actual_solar_generation,Solar | Actual Aggregated,2026-09-23T17:02:25Z
2026-09-23T17:01:50Z,2026-09-23T19:01:50+0200,a0951cff-e3ff-4fab-a385-431e734962aa,2026-09-19T03:30:00Z,2026-09-19T05:30:00+0200,0.131,MW,NL,NL,actual_solar_generation,Solar | Actual Consumption,2026-09-23T17:02:25Z
2026-09-23T17:01:50Z,2026-09-23T19:01:50+0200,a0951cff-e3ff-4fab-a385-431e734962aa,2026-09-19T03:45:00Z,2026-09-19T05:45:00+0200,0.0,MW,NL,NL,actual_solar_generation,Solar | Actual Aggregated,2026-09-23T17:02:25Z
2026-09-23T17:01:50Z,2026-09-23T19:01:50+0200,a0951cff-e3ff-4fab-a385-431e734962aa,2026-09-19T03:45:00Z,2026-09-19T05:45:00+0200,0.131,MW,NL,NL,actual_solar_generation,Solar | Actual Consumption,2026-09-23T17:02:25Z
2026-09-23T17:01:50Z,2026-09-23T19:01:50+0200,a0951cff-e3ff-4fab-a385-431e734962aa,2026-09-19T04:00:00Z,2026-09-19T06:00:00+0200,0.0,MW,NL,NL,actual_solar_generation,Solar | Actual Aggregated,2026-09-23T17:02:25Z
2026-09-23T17:01:50Z,2026-09-23T19:01:50+0200,a0951cff-e3ff-4fab-a385-431e734962aa,2026-09-19T04:00:00Z,2026-09-19T06:00:00+0200,0.116,MW,NL,NL,actual_solar_generation,Solar | Actual Consumption,2026-09-23T17:02:25Z
2026-09-23T17:01:50Z,2026-09-23T19:01:50+0200,a0951cff-e3ff-4fab-a385-431e734962aa,2026-09-19T04:15:00Z,2026-09-19T06:15:00+0200,0.0,MW,NL,NL,actual_solar_generation,Solar | Actual Aggregated,2026-09-23T17:02:25Z
2026-09-23T17:01:50Z,2026-09-23T19:01:50+0200,a0951cff-e3ff-4fab-a385-431e734962aa,2026-09-19T04:15:00Z,2026-09-19T06:15:00+0200,0.139,MW,NL,NL,actual_solar_generation,Solar | Actual Consumption,2026-09-23T17:02:25Z
2026-09-23T17:01:50Z,2026-09-23T19:01:50+0200,a0951cff-e3ff-4fab-a385-431e734962aa,2026-09-19T04:30:00Z,2026-09-19T06:30:00+0200,0.0,MW,NL,NL,actual_solar_generation,Solar | Actual Aggregated,2026-09-23T17:02:25Z
2026-09-23T17:01:50Z,2026-09-23T19:01:50+0200,a0951cff-e3ff-4fab-a385-431e734962aa,2026-09-19T04:30:00Z,2026-09-19T06:30:00+0200,0.119,MW,NL,NL,actual_solar_generation,Solar | Actual Consumption,2026-09-23T17:02:25Z
2026-09-23T17:01:50Z,2026-09-23T19:01:50+0200,a0951cff-e3ff-4fab-a385-431e734962aa,2026-09-19T04:45:00Z,2026-09-19T06:45:00+0200,0.0,MW,NL,NL,actual_solar_generation,Solar | Actual Aggregated,2026-09-23T17:02:25Z
2026-09-23T17:01:50Z,2026-09-23T19:01:50+0200,a0951cff-e3ff-4fab-a385-431e734962aa,2026-09-19T04:45:00Z,2026-09-19T06:45:00+0200,0.119,MW,NL,NL,actual_solar_generation,Solar | Actual Consumption,2026-09-23T17:02:25Z
2026-09-23T17:01:50Z,2026-09-23T19:01:50+0200,a0951cff-e3ff-4fab-a385-431e734962aa,2026-09-19T05:00:00Z,2026-09-19T07:00:00+0200,0.0,MW,NL,NL,actual_solar_generation,Solar | Actual Aggregated,2026-09-23T17:02:25Z
2026-09-23T17:01:50Z,2026-09-23T19:01:50+0200,a0951cff-e3ff-4fab-a385-431e734962aa,2026-09-19T05:00:00Z,2026-09-19T07:00:00+0200,0.126,MW,NL,NL,actual_solar_generation,Solar | Actual Consumption,2026-09-23T17:02:25Z
2026-09-23T17:01:50Z,2026-09-23T19:01:50+0200,a0951cff-e3ff-4fab-a385-431e734962aa,2026-09-19T05:15:00Z,2026-09-19T07:15:00+0200,0.0,MW,NL,NL,actual_solar_generation,Solar | Actual Aggregated,2026-09-23T17:02:25Z
2026-09-23T17:01:50Z,2026-09-23T19:01:50+0200,a0951cff-e3ff-4fab-a385-431e734962aa,2026-09-19T05:15:00Z,2026-09-19T07:15:00+0200,0.126,MW,NL,NL,actual_solar_generation,Solar | Actual Consumption,2026-09-23T17:02:25Z
2026-09-23T17:01:50Z,2026-09-23T19:01:50+0200,a0951cff-e3ff-4fab-a385-431e734962aa,2026-09-19T05:30:00Z,2026-09-19T07:30:00+0200,4.768,MW,NL,NL,actual_solar_generation,Solar | Actual Aggregated,2026-09-23T17:02:25Z
2026-09-23T17:01:50Z,2026-09-23T19:01:50+0200,a0951cff-e3ff-4fab-a385-431e734962aa,2026-09-19T05:30:00Z,2026-09-19T07:30:00+0200,0.126,MW,NL,NL,actual_solar_generation,Solar | Actual Consumption,2026-09-23T17:02:25Z
2026-09-23T17:01:50Z,2026-09-23T19:01:50+0200,a0951cff-e3ff-4fab-a385-431e734962aa,2026-09-19T05:45:00Z,2026-09-19T07:45:00+0200,8.153,MW,NL,NL,actual_solar_generation,Solar | Actual Aggregated,2026-09-23T17:02:25Z
2026-09-23T17:01:50Z,2026-09-23T19:01:50+0200,a0951cff-e3ff-4fab-a385-431e734962aa,2026-09-19T05:45:00Z,2026-09-19T07:45:00+0200,0.0,MW,NL,NL,actual_solar_generation,Solar | Actual Consumption,2026-09-23T17:02:25Z
2026-09-23T17:01:50Z,2026-09-23T19:01:50+0200,a0951cff-e3ff-4fab-a385-431e734962aa,2026-09-19T06:00:00Z,2026-09-19T08:00:00+0200,12.057,MW,NL,NL,actual_solar_generation,Solar | Actual Aggregated,2026-09-23T17:02:25Z
2026-09-23T17:01:50Z,2026-09-23T19:01:50+0200,a0951cff-e3ff-4fab-a385-431e734962aa,2026-09-19T06:00:00Z,2026-09-19T08:00:00+0200,0.0,MW,NL,NL,actual_solar_generation,Solar | Actual Consumption,2026-09-23T17:02:25Z
2026-09-23T17:01:50Z,2026-09-23T19:01:50+0200,a0951cff-e3ff-4fab-a385-431e734962aa,2026-09-19T06:15:00Z,2026-09-19T08:15:00+0200,14.621,MW,NL,NL,actual_solar_generation,Solar | Actual Aggregated,2026-09-23T17:02:25Z
2026-09-23T17:01:50Z,2026-09-23T19:01:50+0200,a0951cff-e3ff-4fab-a385-431e734962aa,2026-09-19T06:15:00Z,2026-09-19T08:15:00+0200,0.0,MW,NL,NL,actual_solar_generation,Solar | Actual Consumption,2026-09-23T17:02:25Z
2026-09-23T17:01:50Z,2026-09-23T19:01:50+0200,a0951cff-e3ff-4fab-a385-431e734962aa,2026-09-19T06:30:00Z,2026-09-19T08:30:00+0200,26.408,MW,NL,NL,actual_solar_generation,Solar | Actual Aggregated,2026-09-23T17:02:25Z
2026-09-23T17:01:50Z,2026-09-23T19:01:50+0200,a0951cff-e3ff-4fab-a385-431e734962aa,2026-09-19T06:30:00Z,2026-09-19T08:30:00+0200,0.0,MW,NL,NL,actual_solar_generation,Solar | Actual Consumption,2026-09-23T17:02:25Z
2026-09-23T17:01:50Z,2026-09-23T19:01:50+0200,a0951cff-e3ff-4fab-a385-431e734962aa,2026-09-19T06:45:00Z,2026-09-19T08:45:00+0200,35.445,MW,NL,NL,actual_solar_generation,Solar | Actual Aggregated,2026-09-23T17:02:25Z
2026-09-23T17:01:50Z,2026-09-23T19:01:50+0200,a0951cff-e3ff-4fab-a385-431e734962aa,2026-09-19T06:45:00Z,2026-09-19T08:45:00+0200,0.0,MW,NL,NL,actual_solar_generation,Solar | Actual Consumption,2026-09-23T17:02:25Z
2026-09-23T17:01:50Z,2026-09-23T19:01:50+0200,a0951cff-e3ff-4fab-a385-431e734962aa,2026-09-19T07:00:00Z,2026-09-19T09:00:00+0200,35.655,MW,NL,NL,actual_solar_generation,Solar | Actual Aggregated,2026-09-23T17:02:25Z
2026-09-23T17:01:50Z,2026-09-23T19:01:50+0200,a0951cff-e3ff-4fab-a385-431e734962aa,2026-09-19T07:00:00Z,2026-09-19T09:00:00+0200,0.0,MW,NL,NL,actual_solar_generation,Solar | Actual Consumption,2026-09-23T17:02:25Z
2026-09-23T17:01:50Z,2026-09-23T19:01:50+0200,a0951cff-e3ff-4fab-a385-431e734962aa,2026-09-19T07:15:00Z,2026-09-19T09:15:00+0200,31.115,MW,NL,NL,actual_solar_generation,Solar | Actual Aggregated,2026-09-23T17:02:25Z
2026-09-23T17:01:50Z,2026-09-23T19:01:50+0200,a0951cff-e3ff-4fab-a385-431e734962aa,2026-09-19T07:15:00Z,2026-09-19T09:15:00+0200,0.0,MW,NL,NL,actual_solar_generation,Solar | Actual Consumption,2026-09-23T17:02:25Z
2026-09-23T17:01:50Z,2026-09-23T19:01:50+0200,a0951cff-e3ff-4fab-a385-431e734962aa,2026-09-19T07:30:00Z,2026-09-19T09:30:00+0200,24.884,MW,NL,NL,actual_solar_generation,Solar | Actual Aggregated,2026-09-23T17:02:25Z
2026-09-23T17:01:50Z,2026-09-23T19:01:50+0200,a0951cff-e3ff-4fab-a385-431e734962aa,2026-09-19T07:30:00Z,2026-09-19T09:30:00+0200,0.0,MW,NL,NL,actual_solar_generation,Solar | Actual Consumption,2026-09-23T17:02:25Z
2026-09-23T17:01:50Z,2026-09-23T19:01:50+0200,a0951cff-e3ff-4fab-a385-431e734962aa,2026-09-19T07:45:00Z,2026-09-19T09:45:00+0200,24.682,MW,NL,NL,actual_solar_generation,Solar | Actual Aggregated,2026-09-23T17:02:25Z
2026-09-23T17:01:50Z,2026-09-23T19:01:50+0200,a0951cff-e3ff-4fab-a385-431e734962aa,2026-09-19T07:45:00Z,2026-09-19T09:45:00+0200,0.0,MW,NL,NL,actual_solar_generation,Solar | Actual Consumption,2026-09-23T17:02:25Z
2026-09-23T17:01:50Z,2026-09-23T19:01:50+0200,a0951cff-e3ff-4fab-a385-431e734962aa,2026-09-19T08:00:00Z,2026-09-19T10:00:00+0200,23.015,MW,NL,NL,actual_solar_generation,Solar | Actual Aggregated,2026-09-23T17:02:25Z
2026-09-23T17:01:50Z,2026-09-23T19:01:50+0200,a0951cff-e3ff-4fab-a385-431e734962aa,2026-09-19T08:00:00Z,2026-09-19T10:00:00+0200,0.0,MW,NL,NL,actual_solar_generation,Solar | Actual Consumption,2026-09-23T17:02:25Z
2026-09-23T17:01:50Z,2026-09-23T19:01:50+0200,a0951cff-e3ff-4fab-a385-431e734962aa,2026-09-19T08:15:00Z,2026-09-19T10:15:00+0200,30.387,MW,NL,NL,actual_solar_generation,Solar | Actual Aggregated,2026-09-23T17:02:25Z
2026-09-23T17:01:50Z,2026-09-23T19:01:50+0200,a0951cff-e3ff-4fab-a385-431e734962aa,2026-09-19T08:15:00Z,2026-09-19T10:15:00+0200,0.0,MW,NL,NL,actual_solar_generation,Solar | Actual Consumption,2026-09-23T17:02:25Z
2026-09-23T17:01:50Z,2026-09-23T19:01:50+0200,a0951cff-e3ff-4fab-a385-431e734962aa,2026-09-19T08:30:00Z,2026-09-19T10:30:00+0200,31.701,MW,NL,NL,actual_solar_generation,Solar | Actual Aggregated,2026-09-23T17:02:25Z
2026-09-23T17:01:50Z,2026-09-23T19:01:50+0200,a0951cff-e3ff-4fab-a385-431e734962aa,2026-09-19T08:30:00Z,2026-09-19T10:30:00+0200,0.0,MW,NL,NL,actual_solar_generation,Solar | Actual Consumption,2026-09-23T17:02:25Z
2026-09-23T17:01:50Z,2026-09-23T19:01:50+0200,a0951cff-e3ff-4fab-a385-431e734962aa,2026-09-19T08:45:00Z,2026-09-19T10:45:00+0200,8.862,MW,NL,NL,actual_solar_generation,Solar | Actual Aggregated,2026-09-23T17:02:25Z
2026-09-23T17:01:50Z,2026-09-23T19:01:50+0200,a0951cff-e3ff-4fab-a385-431e734962aa,2026-09-19T08:45:00Z,2026-09-19T10:45:00+0200,0.0,MW,NL,NL,actual_solar_generation,Solar | Actual Consumption,2026-09-23T17:02:25Z
2026-09-23T17:01:50Z,2026-09-23T19:01:50+0200,a0951cff-e3ff-4fab-a385-431e734962aa,2026-09-19T09:00:00Z,2026-09-19T11:00:00+0200,15.904,MW,NL,NL,actual_solar_generation,Solar | Actual Aggregated,2026-09-23T17:02:25Z
2026-09-23T17:01:50Z,2026-09-23T19:01:50+0200,a0951cff-e3ff-4fab-a385-431e734962aa,2026-09-19T09:00:00Z,2026-09-19T11:00:00+0200,0.0,MW,NL,NL,actual_solar_generation,Solar | Actual Consumption,2026-09-23T17:02:25Z
2026-09-23T17:01:50Z,2026-09-23T19:01:50+0200,a0951cff-e3ff-4fab-a385-431e734962aa,2026-09-19T09:15:00Z,2026-09-19T11:15:00+0200,0.334,MW,NL,NL,actual_solar_generation,Solar | Actual Aggregated,2026-09-23T17:02:25Z
2026-09-23T17:01:50Z,2026-09-23T19:01:50+0200,a0951cff-e3ff-4fab-a385-431e734962aa,2026-09-19T09:15:00Z,2026-09-19T11:15:00+0200,0.0,MW,NL,NL,actual_solar_generation,Solar | Actual Consumption,2026-09-23T17:02:25Z
2026-09-23T17:01:50Z,2026-09-23T19:01:50+0200,a0951cff-e3ff-4fab-a385-431e734962aa,2026-09-19T09:30:00Z,2026-09-19T11:30:00+0200,0.339,MW,NL,NL,actual_solar_generation,Solar | Actual Aggregated,2026-09-23T17:02:25Z
2026-09-23T17:01:50Z,2026-09-23T19:01:50+0200,a0951cff-e3ff-4fab-a385-431e734962aa,2026-09-19T09:30:00Z,2026-09-19T11:30:00+0200,0.0,MW,NL,NL,actual_solar_generation,Solar | Actual Consumption,2026-09-23T17:02:25Z
2026-09-23T17:01:50Z,2026-09-23T19:01:50+0200,a0951cff-e3ff-4fab-a385-431e734962aa,2026-09-19T09:45:00Z,2026-09-19T11:45:00+0200,0.509,MW,NL,NL,actual_solar_generation,Solar | Actual Aggregated,2026-09-23T17:02:25Z
2026-09-23T17:01:50Z,2026-09-23T19:01:50+0200,a0951cff-e3ff-4fab-a385-431e734962aa,2026-09-19T09:45:00Z,2026-09-19T11:45:00+0200,0.0,MW,NL,NL,actual_solar_generation,Solar | Actual Consumption,2026-09-23T17:02:25Z
2026-09-23T17:01:50Z,2026-09-23T19:01:50+0200,a0951cff-e3ff-4fab-a385-431e734962aa,2026-09-19T10:00:00Z,2026-09-19T12:00:00+0200,0.665,MW,NL,NL,actual_solar_generation,Solar | Actual Aggregated,2026-09-23T17:02:25Z
2026-09-23T17:01:50Z,2026-09-23T19:01:50+0200,a0951cff-e3ff-4fab-a385-431e734962aa,2026-09-19T10:00:00Z,2026-09-19T12:00:00+0200,0.0,MW,NL,NL,actual_solar_generation,Solar | Actual Consumption,2026-09-23T17:02:25Z
2026-09-23T17:01:50Z,2026-09-23T19:01:50+0200,a0951cff-e3ff-4fab-a385-431e734962aa,2026-09-19T10:15:00Z,2026-09-19T12:15:00+0200,0.464,MW,NL,NL,actual_solar_generation,Solar | Actual Aggregated,2026-09-23T17:02:25Z
2026-09-23T17:01:50Z,2026-09-23T19:01:50+0200,a0951cff-e3ff-4fab-a385-431e734962aa,2026-09-19T10:15:00Z,2026-09-19T12:15:00+0200,0.0,MW,NL,NL,actual_solar_generation,Solar | Actual Consumption,2026-09-23T17:02:25Z
2026-09-23T17:01:50Z,2026-09-23T19:01:50+0200,a0951cff-e3ff-4fab-a385-431e734962aa,2026-09-19T10:30:00Z,2026-09-19T12:30:00+0200,0.475,MW,NL,NL,actual_solar_generation,Solar | Actual Aggregated,2026-09-23T17:02:25Z
2026-09-23T17:01:50Z,2026-09-23T19:01:50+0200,a0951cff-e3ff-4fab-a385-431e734962aa,2026-09-19T10:30:00Z,2026-09-19T12:30:00+0200,0.0,MW,NL,NL,actual_solar_generation,Solar | Actual Consumption,2026-09-23T17:02:25Z
2026-09-23T17:01:50Z,2026-09-23T19:01:50+0200,a0951cff-e3ff-4fab-a385-431e734962aa,2026-09-19T10:45:00Z,2026-09-19T12:45:00+0200,0.307,MW,NL,NL,actual_solar_generation,Solar | Actual Aggregated,2026-09-23T17:02:25Z
2026-09-23T17:01:50Z,2026-09-23T19:01:50+0200,a0951cff-e3ff-4fab-a385-431e734962aa,2026-09-19T10:45:00Z,2026-09-19T12:45:00+0200,0.0,MW,NL,NL,actual_solar_generation,Solar | Actual Consumption,2026-09-23T17:02:25Z
2026-09-23T17:01:50Z,2026-09-23T19:01:50+0200,a0951cff-e3ff-4fab-a385-431e734962aa,2026-09-19T11:00:00Z,2026-09-19T13:00:00+0200,0.0,MW,NL,NL,actual_solar_generation,Solar | Actual Aggregated,2026-09-23T17:02:25Z
2026-09-23T17:01:50Z,2026-09-23T19:01:50+0200,a0951cff-e3ff-4fab-a385-431e734962aa,2026-09-19T11:00:00Z,2026-09-19T13:00:00+0200,0.0,MW,NL,NL,actual_solar_generation,Solar | Actual Consumption,2026-09-23T17:02:25Z
2026-09-23T17:01:50Z,2026-09-23T19:01:50+0200,a0951cff-e3ff-4fab-a385-431e734962aa,2026-09-19T11:15:00Z,2026-09-19T13:15:00+0200,0.0,MW,NL,NL,actual_solar_generation,Solar | Actual Aggregated,2026-09-23T17:02:25Z
2026-09-23T17:01:50Z,2026-09-23T19:01:50+0200,a0951cff-e3ff-4fab-a385-431e734962aa,2026-09-19T11:15:00Z,2026-09-19T13:15:00+0200,0.0,MW,NL,NL,actual_solar_generation,Solar | Actual Consumption,2026-09-23T17:02:25Z
2026-09-23T17:01:50Z,2026-09-23T19:01:50+0200,a0951cff-e3ff-4fab-a385-431e734962aa,2026-09-19T11:30:00Z,2026-09-19T13:30:00+0200,0.0,MW,NL,NL,actual_solar_generation,Solar | Actual Aggregated,2026-09-23T17:02:25Z
2026-09-23T17:01:50Z,2026-09-23T19:01:50+0200,a0951cff-e3ff-4fab-a385-431e734962aa,2026-09-19T11:30:00Z,2026-09-19T13:30:00+0200,0.0,MW,NL,NL,actual_solar_generation,Solar | Actual Consumption,2026-09-23T17:02:25Z
2026-09-23T17:01:50Z,2026-09-23T19:01:50+0200,a0951cff-e3ff-4fab-a385-431e734962aa,2026-09-19T11:45:00Z,2026-09-19T13:45:00+0200,0.0,MW,NL,NL,actual_solar_generation,Solar | Actual Aggregated,2026-09-23T17:02:25Z
2026-09-23T17:01:50Z,2026-09-23T19:01:50+0200,a0951cff-e3ff-4fab-a385-431e734962aa,2026-09-19T11:45:00Z,2026-09-19T13:45:00+0200,0.0,MW,NL,NL,actual_solar_generation,Solar | Actual Consumption,2026-09-23T17:02:25Z
2026-09-23T17:01:50Z,2026-09-23T19:01:50+0200,a0951cff-e3ff-4fab-a385-431e734962aa,2026-09-19T12:00:00Z,2026-09-19T14:00:00+0200,0.247,MW,NL,NL,actual_solar_generation,Solar | Actual Aggregated,2026-09-23T17:02:25Z
2026-09-23T17:01:50Z,2026-09-23T19:01:50+0200,a0951cff-e3ff-4fab-a385-431e734962aa,2026-09-19T12:00:00Z,2026-09-19T14:00:00+0200,0.0,MW,NL,NL,actual_solar_generation,Solar | Actual Consumption,2026-09-23T17:02:25Z
2026-09-23T17:01:50Z,2026-09-23T19:01:50+0200,a0951cff-e3ff-4fab-a385-431e734962aa,2026-09-19T12:15:00Z,2026-09-19T14:15:00+0200,0.0,MW,NL,NL,actual_solar_generation,Solar | Actual Aggregated,2026-09-23T17:02:25Z
2026-09-23T17:01:50Z,2026-09-23T19:01:50+0200,a0951cff-e3ff-4fab-a385-431e734962aa,2026-09-19T12:15:00Z,2026-09-19T14:15:00+0200,0.0,MW,NL,NL,actual_solar_generation,Solar | Actual Consumption,2026-09-23T17:02:25Z
2026-09-23T17:01:50Z,2026-09-23T19:01:50+0200,a0951cff-e3ff-4fab-a385-431e734962aa,2026-09-19T12:30:00Z,2026-09-19T14:30:00+0200,0.245,MW,NL,NL,actual_solar_generation,Solar | Actual Aggregated,2026-09-23T17:02:25Z
2026-09-23T17:01:50Z,2026-09-23T19:01:50+0200,a0951cff-e3ff-4fab-a385-431e734962aa,2026-09-19T12:30:00Z,2026-09-19T14:30:00+0200,0.0,MW,NL,NL,actual_solar_generation,Solar | Actual Consumption,2026-09-23T17:02:25Z
2026-09-23T17:01:50Z,2026-09-23T19:01:50+0200,a0951cff-e3ff-4fab-a385-431e734962aa,2026-09-19T12:45:00Z,2026-09-19T14:45:00+0200,0.0,MW,NL,NL,actual_solar_generation,Solar | Actual Aggregated,2026-09-23T17:02:25Z
2026-09-23T17:01:50Z,2026-09-23T19:01:50+0200,a0951cff-e3ff-4fab-a385-431e734962aa,2026-09-19T12:45:00Z,2026-09-19T14:45:00+0200,0.0,MW,NL,NL,actual_solar_generation,Solar | Actual Consumption,2026-09-23T17:02:25Z
2026-09-23T17:01:50Z,2026-09-23T19:01:50+0200,a0951cff-e3ff-4fab-a385-431e734962aa,2026-09-19T13:00:00Z,2026-09-19T15:00:00+0200,0.0,MW,NL,NL,actual_solar_generation,Solar | Actual Aggregated,2026-09-23T17:02:25Z
2026-09-23T17:01:50Z,2026-09-23T19:01:50+0200,a0951cff-e3ff-4fab-a385-431e734962aa,2026-09-19T13:00:00Z,2026-09-19T15:00:00+0200,0.0,MW,NL,NL,actual_solar_generation,Solar | Actual Consumption,2026-09-23T17:02:25Z
2026-09-23T17:01:50Z,2026-09-23T19:01:50+0200,a0951cff-e3ff-4fab-a385-431e734962aa,2026-09-19T13:15:00Z,2026-09-19T15:15:00+0200,0.31,MW,NL,NL,actual_solar_generation,Solar | Actual Aggregated,2026-09-23T17:02:25Z
2026-09-23T17:01:50Z,2026-09-23T19:01:50+0200,a0951cff-e3ff-4fab-a385-431e734962aa,2026-09-19T13:15:00Z,2026-09-19T15:15:00+0200,0.0,MW,NL,NL,actual_solar_generation,Solar | Actual Consumption,2026-09-23T17:02:25Z
2026-09-23T17:01:50Z,2026-09-23T19:01:50+0200,a0951cff-e3ff-4fab-a385-431e734962aa,2026-09-19T13:30:00Z,2026-09-19T15:30:00+0200,0.347,MW,NL,NL,actual_solar_generation,Solar | Actual Aggregated,2026-09-23T17:02:25Z
2026-09-23T17:01:50Z,2026-09-23T19:01:50+0200,a0951cff-e3ff-4fab-a385-431e734962aa,2026-09-19T13:30:00Z,2026-09-19T15:30:00+0200,0.0,MW,NL,NL,actual_solar_generation,Solar | Actual Consumption,2026-09-23T17:02:25Z
2026-09-23T17:01:50Z,2026-09-23T19:01:50+0200,a0951cff-e3ff-4fab-a385-431e734962aa,2026-09-19T13:45:00Z,2026-09-19T15:45:00+0200,0.254,MW,NL,NL,actual_solar_generation,Solar | Actual Aggregated,2026-09-23T17:02:25Z
2026-09-23T17:01:50Z,2026-09-23T19:01:50+0200,a0951cff-e3ff-4fab-a385-431e734962aa,2026-09-19T13:45:00Z,2026-09-19T15:45:00+0200,0.0,MW,NL,NL,actual_solar_generation,Solar | Actual Consumption,2026-09-23T17:02:25Z
2026-09-23T17:01:50Z,2026-09-23T19:01:50+0200,a0951cff-e3ff-4fab-a385-431e734962aa,2026-09-19T14:00:00Z,2026-09-19T16:00:00+0200,0.277,MW,NL,NL,actual_solar_generation,Solar | Actual Aggregated,2026-09-23T17:02:25Z
2026-09-23T17:01:50Z,2026-09-23T19:01:50+0200,a0951cff-e3ff-4fab-a385-431e734962aa,2026-09-19T14:00:00Z,2026-09-19T16:00:00+0200,0.0,MW,NL,NL,actual_solar_generation,Solar | Actual Consumption,2026-09-23T17:02:25Z
2026-09-23T17:01:50Z,2026-09-23T19:01:50+0200,a0951cff-e3ff-4fab-a385-431e734962aa,2026-09-19T14:15:00Z,2026-09-19T16:15:00+0200,11.273,MW,NL,NL,actual_solar_generation,Solar | Actual Aggregated,2026-09-23T17:02:25Z
2026-09-23T17:01:50Z,2026-09-23T19:01:50+0200,a0951cff-e3ff-4fab-a385-431e734962aa,2026-09-19T14:15:00Z,2026-09-19T16:15:00+0200,0.0,MW,NL,NL,actual_solar_generation,Solar | Actual Consumption,2026-09-23T17:02:25Z
2026-09-23T17:01:50Z,2026-09-23T19:01:50+0200,a0951cff-e3ff-4fab-a385-431e734962aa,2026-09-19T14:30:00Z,2026-09-19T16:30:00+0200,6.778,MW,NL,NL,actual_solar_generation,Solar | Actual Aggregated,2026-09-23T17:02:25Z
2026-09-23T17:01:50Z,2026-09-23T19:01:50+0200,a0951cff-e3ff-4fab-a385-431e734962aa,2026-09-19T14:30:00Z,2026-09-19T16:30:00+0200,0.0,MW,NL,NL,actual_solar_generation,Solar | Actual Consumption,2026-09-23T17:02:25Z
2026-09-23T17:01:50Z,2026-09-23T19:01:50+0200,a0951cff-e3ff-4fab-a385-431e734962aa,2026-09-19T14:45:00Z,2026-09-19T16:45:00+0200,6.266,MW,NL,NL,actual_solar_generation,Solar | Actual Aggregated,2026-09-23T17:02:25Z
2026-09-23T17:01:50Z,2026-09-23T19:01:50+0200,a0951cff-e3ff-4fab-a385-431e734962aa,2026-09-19T14:45:00Z,2026-09-19T16:45:00+0200,0.0,MW,NL,NL,actual_solar_generation,Solar | Actual Consumption,2026-09-23T17:02:25Z
2026-09-23T17:01:50Z,2026-09-23T19:01:50+0200,a0951cff-e3ff-4fab-a385-431e734962aa,2026-09-19T15:00:00Z,2026-09-19T17:00:00+0200,5.957,MW,NL,NL,actual_solar_generation,Solar | Actual Aggregated,2026-09-23T17:02:25Z
2026-09-23T17:01:50Z,2026-09-23T19:01:50+0200,a0951cff-e3ff-4fab-a385-431e734962aa,2026-09-19T15:00:00Z,2026-09-19T17:00:00+0200,0.0,MW,NL,NL,actual_solar_generation,Solar | Actual Consumption,2026-09-23T17:02:25Z
2026-09-23T17:01:50Z,2026-09-23T19:01:50+0200,a0951cff-e3ff-4fab-a385-431e734962aa,2026-09-19T15:15:00Z,2026-09-19T17:15:00+0200,5.483,MW,NL,NL,actual_solar_generation,Solar | Actual Aggregated,2026-09-23T17:02:25Z
2026-09-23T17:01:50Z,2026-09-23T19:01:50+0200,a0951cff-e3ff-4fab-a385-431e734962aa,2026-09-19T15:15:00Z,2026-09-19T17:15:00+0200,0.0,MW,NL,NL,actual_solar_generation,Solar | Actual Consumption,2026-09-23T17:02:25Z
2026-09-23T17:01:50Z,2026-09-23T19:01:50+0200,a0951cff-e3ff-4fab-a385-431e734962aa,2026-09-19T15:30:00Z,2026-09-19T17:30:00+0200,3.705,MW,NL,NL,actual_solar_generation,Solar | Actual Aggregated,2026-09-23T17:02:25Z
2026-09-23T17:01:50Z,2026-09-23T19:01:50+0200,a0951cff-e3ff-4fab-a385-431e734962aa,2026-09-19T15:30:00Z,2026-09-19T17:30:00+0200,0.0,MW,NL,NL,actual_solar_generation,Solar | Actual Consumption,2026-09-23T17:02:25Z
2026-09-23T17:01:50Z,2026-09-23T19:01:50+0200,a0951cff-e3ff-4fab-a385-431e734962aa,2026-09-19T15:45:00Z,2026-09-19T17:45:00+0200,2.211,MW,NL,NL,actual_solar_generation,Solar | Actual Aggregated,2026-09-23T17:02:25Z
2026-09-23T17:01:50Z,2026-09-23T19:01:50+0200,a0951cff-e3ff-4fab-a385-431e734962aa,2026-09-19T15:45:00Z,2026-09-19T17:45:00+0200,0.0,MW,NL,NL,actual_solar_generation,Solar | Actual Consumption,2026-09-23T17:02:25Z
2026-09-23T17:01:50Z,2026-09-23T19:01:50+0200,a0951cff-e3ff-4fab-a385-431e734962aa,2026-09-19T16:00:00Z,2026-09-19T18:00:00+0200,2.227,MW,NL,NL,actual_solar_generation,Solar | Actual Aggregated,2026-09-23T17:02:25Z
2026-09-23T17:01:50Z,2026-09-23T19:01:50+0200,a0951cff-e3ff-4fab-a385-431e734962aa,2026-09-19T16:00:00Z,2026-09-19T18:00:00+0200,0.0,MW,NL,NL,actual_solar_generation,Solar | Actual Consumption,2026-09-23T17:02:25Z
2026-09-23T17:01:50Z,2026-09-23T19:01:50+0200,a0951cff-e3ff-4fab-a385-431e734962aa,2026-09-19T16:15:00Z,2026-09-19T18:15:00+0200,5.601,MW,NL,NL,actual_solar_generation,Solar | Actual Aggregated,2026-09-23T17:02:25Z
2026-09-23T17:01:50Z,2026-09-23T19:01:50+0200,a0951cff-e3ff-4fab-a385-431e734962aa,2026-09-19T16:15:00Z,2026-09-19T18:15:00+0200,0.0,MW,NL,NL,actual_solar_generation,Solar | Actual Consumption,2026-09-23T17:02:25Z
2026-09-23T17:01:50Z,2026-09-23T19:01:50+0200,a0951cff-e3ff-4fab-a385-431e734962aa,2026-09-19T16:30:00Z,2026-09-19T18:30:00+0200,4.363,MW,NL,NL,actual_solar_generation,Solar | Actual Aggregated,2026-09-23T17:02:25Z
2026-09-23T17:01:50Z,2026-09-23T19:01:50+0200,a0951cff-e3ff-4fab-a385-431e734962aa,2026-09-19T16:30:00Z,2026-09-19T18:30:00+0200,0.0,MW,NL,NL,actual_solar_generation,Solar | Actual Consumption,2026-09-23T17:02:25Z
2026-09-23T17:01:50Z,2026-09-23T19:01:50+0200,a0951cff-e3ff-4fab-a385-431e734962aa,2026-09-19T16:45:00Z,2026-09-19T18:45:00+0200,4.542,MW,NL,NL,actual_solar_generation,Solar | Actual Aggregated,2026-09-23T17:02:25Z
2026-09-23T17:01:50Z,2026-09-23T19:01:50+0200,a0951cff-e3ff-4fab-a385-431e734962aa,2026-09-19T16:45:00Z,2026-09-19T18:45:00+0200,0.0,MW,NL,NL,actual_solar_generation,Solar | Actual Consumption,2026-09-23T17:02:25Z
2026-09-23T17:01:50Z,2026-09-23T19:01:50+0200,a0951cff-e3ff-4fab-a385-431e734962aa,2026-09-19T17:00:00Z,2026-09-19T19:00:00+0200,4.021,MW,NL,NL,actual_solar_generation,Solar | Actual Aggregated,2026-09-23T17:02:25Z
2026-09-23T17:01:50Z,2026-09-23T19:01:50+0200,a0951cff-e3ff-4fab-a385-431e734962aa,2026-09-19T17:00:00Z,2026-09-19T19:00:00+0200,0.0,MW,NL,NL,actual_solar_generation,Solar | Actual Consumption,2026-09-23T17:02:25Z
2026-09-23T17:01:50Z,2026-09-23T19:01:50+0200,a0951cff-e3ff-4fab-a385-431e734962aa,2026-09-19T17:15:00Z,2026-09-19T19:15:00+0200,1.904,MW,NL,NL,actual_solar_generation,Solar | Actual Aggregated,2026-09-23T17:02:25Z
2026-09-23T17:01:50Z,2026-09-23T19:01:50+0200,a0951cff-e3ff-4fab-a385-431e734962aa,2026-09-19T17:15:00Z,2026-09-19T19:15:00+0200,0.0,MW,NL,NL,actual_solar_generation,Solar | Actual Consumption,2026-09-23T17:02:25Z
2026-09-23T17:01:50Z,2026-09-23T19:01:50+0200,a0951cff-e3ff-4fab-a385-431e734962aa,2026-09-19T17:30:00Z,2026-09-19T19:30:00+0200,0.0,MW,NL,NL,actual_solar_generation,Solar | Actual Aggregated,2026-09-23T17:02:25Z
2026-09-23T17:01:50Z,2026-09-23T19:01:50+0200,a0951cff-e3ff-4fab-a385-431e734962aa,2026-09-19T17:30:00Z,2026-09-19T19:30:00+0200,0.55,MW,NL,NL,actual_solar_generation,Solar | Actual Consumption,2026-09-23T17:02:25Z
2026-09-23T17:01:50Z,2026-09-23T19:01:50+0200,a0951cff-e3ff-4fab-a385-431e734962aa,2026-09-19T17:45:00Z,2026-09-19T19:45:00+0200,0.0,MW,NL,NL,actual_solar_generation,Solar | Actual Aggregated,2026-09-23T17:02:25Z
2026-09-23T17:01:50Z,2026-09-23T19:01:50+0200,a0951cff-e3ff-4fab-a385-431e734962aa,2026-09-19T17:45:00Z,2026-09-19T19:45:00+0200,0.117,MW,NL,NL,actual_solar_generation,Solar | Actual Consumption,2026-09-23T17:02:25Z
2026-09-23T17:01:50Z,2026-09-23T19:01:50+0200,a0951cff-e3ff-4fab-a385-431e734962aa,2026-09-19T18:00:00Z,2026-09-19T20:00:00+0200,0.0,MW,NL,NL,actual_solar_generation,Solar | Actual Aggregated,2026-09-23T17:02:25Z
2026-09-23T17:01:50Z,2026-09-23T19:01:50+0200,a0951cff-e3ff-4fab-a385-431e734962aa,2026-09-19T18:00:00Z,2026-09-19T20:00:00+0200,0.139,MW,NL,NL,actual_solar_generation,Solar | Actual Consumption,2026-09-23T17:02:25Z
2026-09-23T17:01:50Z,2026-09-23T19:01:50+0200,a0951cff-e3ff-4fab-a385-431e734962aa,2026-09-19T18:15:00Z,2026-09-19T20:15:00+0200,0.0,MW,NL,NL,actual_solar_generation,Solar | Actual Aggregated,2026-09-23T17:02:25Z
2026-09-23T17:01:50Z,2026-09-23T19:01:50+0200,a0951cff-e3ff-4fab-a385-431e734962aa,2026-09-19T18:15:00Z,2026-09-19T20:15:00+0200,0.128,MW,NL,NL,actual_solar_generation,Solar | Actual Consumption,2026-09-23T17:02:25Z
2026-09-23T17:01:50Z,2026-09-23T19:01:50+0200,a0951cff-e3ff-4fab-a385-431e734962aa,2026-09-19T18:30:00Z,2026-09-19T20:30:00+0200,0.0,MW,NL,NL,actual_solar_generation,Solar | Actual Aggregated,2026-09-23T17:02:25Z
2026-09-23T17:01:50Z,2026-09-23T19:01:50+0200,a0951cff-e3ff-4fab-a385-431e734962aa,2026-09-19T18:30:00Z,2026-09-19T20:30:00+0200,0.128,MW,NL,NL,actual_solar_generation,Solar | Actual Consumption,2026-09-23T17:02:25Z
2026-09-23T17:01:50Z,2026-09-23T19:01:50+0200,a0951cff-e3ff-4fab-a385-431e734962aa,2026-09-19T18:45:00Z,2026-09-19T20:45:00+0200,0.0,MW,NL,NL,actual_solar_generation,Solar | Actual Aggregated,2026-09-23T17:02:25Z
2026-09-23T17:01:50Z,2026-09-23T19:01:50+0200,a0951cff-e3ff-4fab-a385-431e734962aa,2026-09-19T18:45:00Z,2026-09-19T20:45:00+0200,0.128,MW,NL,NL,actual_solar_generation,Solar | Actual Consumption,2026-09-23T17:02:25Z
2026-09-23T17:01:50Z,2026-09-23T19:01:50+0200,a0951cff-e3ff-4fab-a385-431e734962aa,2026-09-19T19:00:00Z,2026-09-19T21:00:00+0200,0.0,MW,NL,NL,actual_solar_generation,Solar | Actual Aggregated,2026-09-23T17:02:25Z
2026-09-23T17:01:50Z,2026-09-23T19:01:50+0200,a0951cff-e3ff-4fab-a385-431e734962aa,2026-09-19T19:00:00Z,2026-09-19T21:00:00+0200,0.125,MW,NL,NL,actual_solar_generation,Solar | Actual Consumption,2026-09-23T17:02:25Z
2026-09-23T17:01:50Z,2026-09-23T19:01:50+0200,a0951cff-e3ff-4fab-a385-431e734962aa,2026-09-19T19:15:00Z,2026-09-19T21:15:00+0200,0.0,MW,NL,NL,actual_solar_generation,Solar | Actual Aggregated,2026-09-23T17:02:25Z
2026-09-23T17:01:50Z,2026-09-23T19:01:50+0200,a0951cff-e3ff-4fab-a385-431e734962aa,2026-09-19T19:15:00Z,2026-09-19T21:15:00+0200,0.119,MW,NL,NL,actual_solar_generation,Solar | Actual Consumption,2026-09-23T17:02:25Z
2026-09-23T17:01:50Z,2026-09-23T19:01:50+0200,a0951cff-e3ff-4fab-a385-431e734962aa,2026-09-19T19:30:00Z,2026-09-19T21:30:00+0200,0.0,MW,NL,NL,actual_solar_generation,Solar | Actual Aggregated,2026-09-23T17:02:25Z
2026-09-23T17:01:50Z,2026-09-23T19:01:50+0200,a0951cff-e3ff-4fab-a385-431e734962aa,2026-09-19T19:30:00Z,2026-09-19T21:30:00+0200,0.119,MW,NL,NL,actual_solar_generation,Solar | Actual Consumption,2026-09-23T17:02:25Z
2026-09-23T17:01:50Z,2026-09-23T19:01:50+0200,a0951cff-e3ff-4fab-a385-431e734962aa,2026-09-19T19:45:00Z,2026-09-19T21:45:00+0200,0.0,MW,NL,NL,actual_solar_generation,Solar | Actual Aggregated,2026-09-23T17:02:25Z
2026-09-23T17:01:50Z,2026-09-23T19:01:50+0200,a0951cff-e3ff-4fab-a385-431e734962aa,2026-09-19T19:45:00Z,2026-09-19T21:45:00+0200,0.132,MW,NL,NL,actual_solar_generation,Solar | Actual Consumption,2026-09-23T17:02:25Z
2026-09-23T17:01:50Z,2026-09-23T19:01:50+0200,a0951cff-e3ff-4fab-a385-431e734962aa,2026-09-19T20:00:00Z,2026-09-19T22:00:00+0200,0.0,MW,NL,NL,actual_solar_generation,Solar | Actual Aggregated,2026-09-23T17:02:25Z
2026-09-23T17:01:50Z,2026-09-23T19:01:50+0200,a0951cff-e3ff-4fab-a385-431e734962aa,2026-09-19T20:00:00Z,2026-09-19T22:00:00+0200,0.132,MW,NL,NL,actual_solar_generation,Solar | Actual Consumption,2026-09-23T17:02:25Z
2026-09-23T17:01:50Z,2026-09-23T19:01:50+0200,a0951cff-e3ff-4fab-a385-431e734962aa,2026-09-19T20:15:00Z,2026-09-19T22:15:00+0200,0.0,MW,NL,NL,actual_solar_generation,Solar | Actual Aggregated,2026-09-23T17:02:25Z
2026-09-23T17:01:50Z,2026-09-23T19:01:50+0200,a0951cff-e3ff-4fab-a385-431e734962aa,2026-09-19T20:15:00Z,2026-09-19T22:15:00+0200,0.117,MW,NL,NL,actual_solar_generation,Solar | Actual Consumption,2026-09-23T17:02:25Z
2026-09-23T17:01:50Z,2026-09-23T19:01:50+0200,a0951cff-e3ff-4fab-a385-431e734962aa,2026-09-19T20:30:00Z,2026-09-19T22:30:00+0200,0.0,MW,NL,NL,actual_solar_generation,Solar | Actual Aggregated,2026-09-23T17:02:25Z
2026-09-23T17:01:50Z,2026-09-23T19:01:50+0200,a0951cff-e3ff-4fab-a385-431e734962aa,2026-09-19T20:30:00Z,2026-09-19T22:30:00+0200,0.131,MW,NL,NL,actual_solar_generation,Solar | Actual Consumption,2026-09-23T17:02:25Z
2026-09-23T17:01:50Z,2026-09-23T19:01:50+0200,a0951cff-e3ff-4fab-a385-431e734962aa,2026-09-19T20:45:00Z,2026-09-19T22:45:00+0200,0.0,MW,NL,NL,actual_solar_generation,Solar | Actual Aggregated,2026-09-23T17:02:25Z
2026-09-23T17:01:50Z,2026-09-23T19:01:50+0200,a0951cff-e3ff-4fab-a385-431e734962aa,2026-09-19T20:45:00Z,2026-09-19T22:45:00+0200,0.135,MW,NL,NL,actual_solar_generation,Solar | Actual Consumption,2026-09-23T17:02:25Z
2026-09-23T17:01:50Z,2026-09-23T19:01:50+0200,a0951cff-e3ff-4fab-a385-431e734962aa,2026-09-19T21:00:00Z,2026-09-19T23:00:00+0200,0.0,MW,NL,NL,actual_solar_generation,Solar | Actual Aggregated,2026-09-23T17:02:25Z
2026-09-23T17:01:50Z,2026-09-23T19:01:50+0200,a0951cff-e3ff-4fab-a385-431e734962aa,2026-09-19T21:00:00Z,2026-09-19T23:00:00+0200,0.133,MW,NL,NL,actual_solar_generation,Solar | Actual Consumption,2026-09-23T17:02:25Z
2026-09-23T17:01:50Z,2026-09-23T19:01:50+0200,a0951cff-e3ff-4fab-a385-431e734962aa,2026-09-19T21:15:00Z,2026-09-19T23:15:00+0200,0.0,MW,NL,NL,actual_solar_generation,Solar | Actual Aggregated,2026-09-23T17:02:25Z
2026-09-23T17:01:50Z,2026-09-23T19:01:50+0200,a0951cff-e3ff-4fab-a385-431e734962aa,2026-09-19T21:15:00Z,2026-09-19T23:15:00+0200,0.128,MW,NL,NL,actual_solar_generation,Solar | Actual Consumption,2026-09-23T17:02:25Z
2026-09-23T17:01:50Z,2026-09-23T19:01:50+0200,a0951cff-e3ff-4fab-a385-431e734962aa,2026-09-19T21:30:00Z,2026-09-19T23:30:00+0200,0.0,MW,NL,NL,actual_solar_generation,Solar | Actual Aggregated,2026-09-23T17:02:25Z
2026-09-23T17:01:50Z,2026-09-23T19:01:50+0200,a0951cff-e3ff-4fab-a385-431e734962aa,2026-09-19T21:30:00Z,2026-09-19T23:30:00+0200,0.118,MW,NL,NL,actual_solar_generation,Solar | Actual Consumption,2026-09-23T17:02:25Z
2026-09-23T17:01:50Z,2026-09-23T19:01:50+0200,a0951cff-e3ff-4fab-a385-431e734962aa,2026-09-19T21:45:00Z,2026-09-19T23:45:00+0200,0.0,MW,NL,NL,actual_solar_generation,Solar | Actual Aggregated,2026-09-23T17:02:25Z
2026-09-23T17:01:50Z,2026-09-23T19:01:50+0200,a0951cff-e3ff-4fab-a385-431e734962aa,2026-09-19T21:45:00Z,2026-09-19T23:45:00+0200,0.137,MW,NL,NL,actual_solar_generation,Solar | Actual Consumption,2026-09-23T17:02:25Z
2026-09-23T17:01:50Z,2026-09-23T19:01:50+0200,a0951cff-e3ff-4fab-a385-431e734962aa,2026-09-19T22:00:00Z,2026-09-20T00:00:00+0200,0.0,MW,NL,NL,actual_solar_generation,Solar | Actual Aggregated,2026-09-23T17:02:25Z
2026-09-23T17:01:50Z,2026-09-23T19:01:50+0200,a0951cff-e3ff-4fab-a385-431e734962aa,2026-09-19T22:00:00Z,2026-09-20T00:00:00+0200,0.123,MW,NL,NL,actual_solar_generation,Solar | Actual Consumption,2026-09-23T17:02:25Z
2026-09-23T17:01:50Z,2026-09-23T19:01:50+0200,a0951cff-e3ff-4fab-a385-431e734962aa,2026-09-19T22:15:00Z,2026-09-20T00:15:00+0200,0.0,MW,NL,NL,actual_solar_generation,Solar | Actual Aggregated,2026-09-23T17:02:25Z
2026-09-23T17:01:50Z,2026-09-23T19:01:50+0200,a0951cff-e3ff-4fab-a385-431e734962aa,2026-09-19T22:15:00Z,2026-09-20T00:15:00+0200,0.132,MW,NL,NL,actual_solar_generation,Solar | Actual Consumption,2026-09-23T17:02:25Z
2026-09-23T17:01:50Z,2026-09-23T19:01:50+0200,a0951cff-e3ff-4fab-a385-431e734962aa,2026-09-19T22:30:00Z,2026-09-20T00:30:00+0200,0.0,MW,NL,NL,actual_solar_generation,Solar | Actual Aggregated,2026-09-23T17:02:25Z
2026-09-23T17:01:50Z,2026-09-23T19:01:50+0200,a0951cff-e3ff-4fab-a385-431e734962aa,2026-09-19T22:30:00Z,2026-09-20T00:30:00+0200,0.116,MW,NL,NL,actual_solar_generation,Solar | Actual Consumption,2026-09-23T17:02:25Z
2026-09-23T17:01:50Z,2026-09-23T19:01:50+0200,a0951cff-e3ff-4fab-a385-431e734962aa,2026-09-19T22:45:00Z,2026-09-20T00:45:00+0200,0.0,MW,NL,NL,actual_solar_generation,Solar | Actual Aggregated,2026-09-23T17:02:25Z
2026-09-23T17:01:50Z,2026-09-23T19:01:50+0200,a0951cff-e3ff-4fab-a385-431e734962aa,2026-09-19T22:45:00Z,2026-09-20T00:45:00+0200,0.12,MW,NL,NL,actual_solar_generation,Solar | Actual Consumption,2026-09-23T17:02:25Z
2026-09-23T17:01:50Z,2026-09-23T19:01:50+0200,a0951cff-e3ff-4fab-a385-431e734962aa,2026-09-19T23:00:00Z,2026-09-20T01:00:00+0200,0.0,MW,NL,NL,actual_solar_generation,Solar | Actual Aggregated,2026-09-23T17:02:25Z
2026-09-23T17:01:50Z,2026-09-23T19:01:50+0200,a0951cff-e3ff-4fab-a385-431e734962aa,2026-09-19T23:00:00Z,2026-09-20T01:00:00+0200,0.138,MW,NL,NL,actual_solar_generation,Solar | Actual Consumption,2026-09-23T17:02:25Z
2026-09-23T17:01:50Z,2026-09-23T19:01:50+0200,a0951cff-e3ff-4fab-a385-431e734962aa,2026-09-19T23:15:00Z,2026-09-20T01:15:00+0200,0.0,MW,NL,NL,actual_solar_generation,Solar | Actual Aggregated,2026-09-23T17:02:25Z
2026-09-23T17:01:50Z,2026-09-23T19:01:50+0200,a0951cff-e3ff-4fab-a385-431e734962aa,2026-09-19T23:15:00Z,2026-09-20T01:15:00+0200,0.129,MW,NL,NL,actual_solar_generation,Solar | Actual Consumption,2026-09-23T17:02:25Z
2026-09-23T17:01:50Z,2026-09-23T19:01:50+0200,a0951cff-e3ff-4fab-a385-431e734962aa,2026-09-19T23:30:00Z,2026-09-20T01:30:00+0200,0.0,MW,NL,NL,actual_solar_generation,Solar | Actual Aggregated,2026-09-23T17:02:25Z
2026-09-23T17:01:50Z,2026-09-23T19:01:50+0200,a0951cff-e3ff-4fab-a385-431e734962aa,2026-09-19T23:30:00Z,2026-09-20T01:30:00+0200,0.129,MW,NL,NL,actual_solar_generation,Solar | Actual Consumption,2026-09-23T17:02:25Z
2026-09-23T17:01:50Z,2026-09-23T19:01:50+0200,a0951cff-e3ff-4fab-a385-431e734962aa,2026-09-19T23:45:00Z,2026-09-20T01:45:00+0200,0.0,MW,NL,NL,actual_solar_generation,Solar | Actual Aggregated,2026-09-23T17:02:25Z
2026-09-23T17:01:50Z,2026-09-23T19:01:50+0200,a0951cff-e3ff-4fab-a385-431e734962aa,2026-09-19T23:45:00Z,2026-09-20T01:45:00+0200,0.129,MW,NL,NL,actual_solar_generation,Solar | Actual Consumption,2026-09-23T17:02:25Z
2026-09-23T17:01:50Z,2026-09-23T19:01:50+0200,a0951cff-e3ff-4fab-a385-431e734962aa,2026-09-20T00:00:00Z,2026-09-20T02:00:00+0200,0.0,MW,NL,NL,actual_solar_generation,Solar | Actual Aggregated,2026-09-23T17:02:25Z
2026-09-23T17:01:50Z,2026-09-23T19:01:50+0200,a0951cff-e3ff-4fab-a385-431e734962aa,2026-09-20T00:00:00Z,2026-09-20T02:00:00+0200,0.129,MW,NL,NL,actual_solar_generation,Solar | Actual Consumption,2026-09-23T17:02:25Z
2026-09-23T17:01:50Z,2026-09-23T19:01:50+0200,a0951cff-e3ff-4fab-a385-431e734962aa,2026-09-20T00:15:00Z,2026-09-20T02:15:00+0200,0.0,MW,NL,NL,actual_solar_generation,Solar | Actual Aggregated,2026-09-23T17:02:25Z
2026-09-23T17:01:50Z,2026-09-23T19:01:50+0200,a0951cff-e3ff-4fab-a385-431e734962aa,2026-09-20T00:15:00Z,2026-09-20T02:15:00+0200,0.129,MW,NL,NL,actual_solar_generation,Solar | Actual Consumption,2026-09-23T17:02:25Z
2026-09-23T17:01:50Z,2026-09-23T19:01:50+0200,a0951cff-e3ff-4fab-a385-431e734962aa,2026-09-20T00:30:00Z,2026-09-20T02:30:00+0200,0.0,MW,NL,NL,actual_solar_generation,Solar | Actual Aggregated,2026-09-23T17:02:25Z
2026-09-23T17:01:50Z,2026-09-23T19:01:50+0200,a0951cff-e3ff-4fab-a385-431e734962aa,2026-09-20T00:30:00Z,2026-09-20T02:30:00+0200,0.129,MW,NL,NL,actual_solar_generation,Solar | Actual Consumption,2026-09-23T17:02:25Z
2026-09-23T17:01:50Z,2026-09-23T19:01:50+0200,a0951cff-e3ff-4fab-a385-431e734962aa,2026-09-20T00:45:00Z,2026-09-20T02:45:00+0200,0.0,MW,NL,NL,actual_solar_generation,Solar | Actual Aggregated,2026-09-23T17:02:25Z
2026-09-23T17:01:50Z,2026-09-23T19:01:50+0200,a0951cff-e3ff-4fab-a385-431e734962aa,2026-09-20T00:45:00Z,2026-09-20T02:45:00+0200,0.129,MW,NL,NL,actual_solar_generation,Solar | Actual Consumption,2026-09-23T17:02:25Z
2026-09-23T17:01:50Z,2026-09-23T19:01:50+0200,a0951cff-e3ff-4fab-a385-431e734962aa,2026-09-20T01:00:00Z,2026-09-20T03:00:00+0200,0.0,MW,NL,NL,actual_solar_generation,Solar | Actual Aggregated,2026-09-23T17:02:25Z
2026-09-23T17:01:50Z,2026-09-23T19:01:50+0200,a0951cff-e3ff-4fab-a385-431e734962aa,2026-09-20T01:00:00Z,2026-09-20T03:00:00+0200,0.129,MW,NL,NL,actual_solar_generation,Solar | Actual Consumption,2026-09-23T17:02:25Z
2026-09-23T17:01:50Z,2026-09-23T19:01:50+0200,a0951cff-e3ff-4fab-a385-431e734962aa,2026-09-20T01:15:00Z,2026-09-20T03:15:00+0200,0.0,MW,NL,NL,actual_solar_generation,Solar | Actual Aggregated,2026-09-23T17:02:25Z
2026-09-23T17:01:50Z,2026-09-23T19:01:50+0200,a0951cff-e3ff-4fab-a385-431e734962aa,2026-09-20T01:15:00Z,2026-09-20T03:15:00+0200,0.111,MW,NL,NL,actual_solar_generation,Solar | Actual Consumption,2026-09-23T17:02:25Z
2026-09-23T17:01:50Z,2026-09-23T19:01:50+0200,a0951cff-e3ff-4fab-a385-431e734962aa,2026-09-20T01:30:00Z,2026-09-20T03:30:00+0200,0.0,MW,NL,NL,actual_solar_generation,Solar | Actual Aggregated,2026-09-23T17:02:25Z
2026-09-23T17:01:50Z,2026-09-23T19:01:50+0200,a0951cff-e3ff-4fab-a385-431e734962aa,2026-09-20T01:30:00Z,2026-09-20T03:30:00+0200,0.124,MW,NL,NL,actual_solar_generation,Solar | Actual Consumption,2026-09-23T17:02:25Z
2026-09-23T17:01:50Z,2026-09-23T19:01:50+0200,a0951cff-e3ff-4fab-a385-431e734962aa,2026-09-20T01:45:00Z,2026-09-20T03:45:00+0200,0.0,MW,NL,NL,actual_solar_generation,Solar | Actual Aggregated,2026-09-23T17:02:25Z
2026-09-23T17:01:50Z,2026-09-23T19:01:50+0200,a0951cff-e3ff-4fab-a385-431e734962aa,2026-09-20T01:45:00Z,2026-09-20T03:45:00+0200,0.124,MW,NL,NL,actual_solar_generation,Solar | Actual Consumption,2026-09-23T17:02:25Z
2026-09-23T17:01:50Z,2026-09-23T19:01:50+0200,a0951cff-e3ff-4fab-a385-431e734962aa,2026-09-20T02:00:00Z,2026-09-20T04:00:00+0200,0.0,MW,NL,NL,actual_solar_generation,Solar | Actual Aggregated,2026-09-23T17:02:25Z
2026-09-23T17:01:50Z,2026-09-23T19:01:50+0200,a0951cff-e3ff-4fab-a385-431e734962aa,2026-09-20T02:00:00Z,2026-09-20T04:00:00+0200,0.133,MW,NL,NL,actual_solar_generation,Solar | Actual Consumption,2026-09-23T17:02:25Z
2026-09-23T17:01:50Z,2026-09-23T19:01:50+0200,a0951cff-e3ff-4fab-a385-431e734962aa,2026-09-20T02:15:00Z,2026-09-20T04:15:00+0200,0.0,MW,NL,NL,actual_solar_generation,Solar | Actual Aggregated,2026-09-23T17:02:25Z
2026-09-23T17:01:50Z,2026-09-23T19:01:50+0200,a0951cff-e3ff-4fab-a385-431e734962aa,2026-09-20T02:15:00Z,2026-09-20T04:15:00+0200,0.131,MW,NL,NL,actual_solar_generation,Solar | Actual Consumption,2026-09-23T17:02:25Z
2026-09-23T17:01:50Z,2026-09-23T19:01:50+0200,a0951cff-e3ff-4fab-a385-431e734962aa,2026-09-20T02:30:00Z,2026-09-20T04:30:00+0200,0.0,MW,NL,NL,actual_solar_generation,Solar | Actual Aggregated,2026-09-23T17:02:25Z
2026-09-23T17:01:50Z,2026-09-23T19:01:50+0200,a0951cff-e3ff-4fab-a385-431e734962aa,2026-09-20T02:30:00Z,2026-09-20T04:30:00+0200,0.12,MW,NL,NL,actual_solar_generation,Solar | Actual Consumption,2026-09-23T17:02:25Z
2026-09-23T17:01:50Z,2026-09-23T19:01:50+0200,a0951cff-e3ff-4fab-a385-431e734962aa,2026-09-20T02:45:00Z,2026-09-20T04:45:00+0200,0.0,MW,NL,NL,actual_solar_generation,Solar | Actual Aggregated,2026-09-23T17:02:25Z
2026-09-23T17:01:50Z,2026-09-23T19:01:50+0200,a0951cff-e3ff-4fab-a385-431e734962aa,2026-09-20T02:45:00Z,2026-09-20T04:45:00+0200,0.131,MW,NL,NL,actual_solar_generation,Solar | Actual Consumption,2026-09-23T17:02:25Z
2026-09-23T17:01:50Z,2026-09-23T19:01:50+0200,a0951cff-e3ff-4fab-a385-431e734962aa,2026-09-20T03:00:00Z,2026-09-20T05:00:00+0200,0.0,MW,NL,NL,actual_solar_generation,Solar | Actual Aggregated,2026-09-23T17:02:25Z
2026-09-23T17:01:50Z,2026-09-23T19:01:50+0200,a0951cff-e3ff-4fab-a385-431e734962aa,2026-09-20T03:00:00Z,2026-09-20T05:00:00+0200,0.129,MW,NL,NL,actual_solar_generation,Solar | Actual Consumption,2026-09-23T17:02:25Z
2026-09-23T17:01:50Z,2026-09-23T19:01:50+0200,a0951cff-e3ff-4fab-a385-431e734962aa,2026-09-20T03:15:00Z,2026-09-20T05:15:00+0200,0.0,MW,NL,NL,actual_solar_generation,Solar | Actual Aggregated,2026-09-23T17:02:25Z
2026-09-23T17:01:50Z,2026-09-23T19:01:50+0200,a0951cff-e3ff-4fab-a385-431e734962aa,2026-09-20T03:15:00Z,2026-09-20T05:15:00+0200,0.121,MW,NL,NL,actual_solar_generation,Solar | Actual Consumption,2026-09-23T17:02:25Z
2026-09-23T17:01:50Z,2026-09-23T19:01:50+0200,a0951cff-e3ff-4fab-a385-431e734962aa,2026-09-20T03:30:00Z,2026-09-20T05:30:00+0200,0.0,MW,NL,NL,actual_solar_generation,Solar | Actual Aggregated,2026-09-23T17:02:25Z
2026-09-23T17:01:50Z,2026-09-23T19:01:50+0200,a0951cff-e3ff-4fab-a385-431e734962aa,2026-09-20T03:30:00Z,2026-09-20T05:30:00+0200,0.129,MW,NL,NL,actual_solar_generation,Solar | Actual Consumption,2026-09-23T17:02:25Z
2026-09-23T17:01:50Z,2026-09-23T19:01:50+0200,a0951cff-e3ff-4fab-a385-431e734962aa,2026-09-20T03:45:00Z,2026-09-20T05:45:00+0200,0.0,MW,NL,NL,actual_solar_generation,Solar | Actual Aggregated,2026-09-23T17:02:25Z
2026-09-23T17:01:50Z,2026-09-23T19:01:50+0200,a0951cff-e3ff-4fab-a385-431e734962aa,2026-09-20T03:45:00Z,2026-09-20T05:45:00+0200,0.123,MW,NL,NL,actual_solar_generation,Solar | Actual Consumption,2026-09-23T17:02:25Z
2026-09-23T17:01:50Z,2026-09-23T19:01:50+0200,a0951cff-e3ff-4fab-a385-431e734962aa,2026-09-20T04:00:00Z,2026-09-20T06:00:00+0200,0.0,MW,NL,NL,actual_solar_generation,Solar | Actual Aggregated,2026-09-23T17:02:25Z
2026-09-23T17:01:50Z,2026-09-23T19:01:50+0200,a0951cff-e3ff-4fab-a385-431e734962aa,2026-09-20T04:00:00Z,2026-09-20T06:00:00+0200,0.13,MW,NL,NL,actual_solar_generation,Solar | Actual Consumption,2026-09-23T17:02:25Z
2026-09-23T17:01:50Z,2026-09-23T19:01:50+0200,a0951cff-e3ff-4fab-a385-431e734962aa,2026-09-20T04:15:00Z,2026-09-20T06:15:00+0200,0.0,MW,NL,NL,actual_solar_generation,Solar | Actual Aggregated,2026-09-23T17:02:25Z
2026-09-23T17:01:50Z,2026-09-23T19:01:50+0200,a0951cff-e3ff-4fab-a385-431e734962aa,2026-09-20T04:15:00Z,2026-09-20T06:15:00+0200,0.13,MW,NL,NL,actual_solar_generation,Solar | Actual Consumption,2026-09-23T17:02:25Z
2026-09-23T17:01:50Z,2026-09-23T19:01:50+0200,a0951cff-e3ff-4fab-a385-431e734962aa,2026-09-20T04:30:00Z,2026-09-20T06:30:00+0200,0.0,MW,NL,NL,actual_solar_generation,Solar | Actual Aggregated,2026-09-23T17:02:25Z
2026-09-23T17:01:50Z,2026-09-23T19:01:50+0200,a0951cff-e3ff-4fab-a385-431e734962aa,2026-09-20T04:30:00Z,2026-09-20T06:30:00+0200,0.116,MW,NL,NL,actual_solar_generation,Solar | Actual Consumption,2026-09-23T17:02:25Z
2026-09-23T17:01:50Z,2026-09-23T19:01:50+0200,a0951cff-e3ff-4fab-a385-431e734962aa,2026-09-20T04:45:00Z,2026-09-20T06:45:00+0200,0.0,MW,NL,NL,actual_solar_generation,Solar | Actual Aggregated,2026-09-23T17:02:25Z
2026-09-23T17:01:50Z,2026-09-23T19:01:50+0200,a0951cff-e3ff-4fab-a385-431e734962aa,2026-09-20T04:45:00Z,2026-09-20T06:45:00+0200,0.122,MW,NL,NL,actual_solar_generation,Solar | Actual Consumption,2026-09-23T17:02:25Z
2026-09-23T17:01:50Z,2026-09-23T19:01:50+0200,a0951cff-e3ff-4fab-a385-431e734962aa,2026-09-20T05:00:00Z,2026-09-20T07:00:00+0200,0.0,MW,NL,NL,actual_solar_generation,Solar | Actual Aggregated,2026-09-23T17:02:25Z
2026-09-23T17:01:50Z,2026-09-23T19:01:50+0200,a0951cff-e3ff-4fab-a385-431e734962aa,2026-09-20T05:00:00Z,2026-09-20T07:00:00+0200,0.134,MW,NL,NL,actual_solar_generation,Solar | Actual Consumption,2026-09-23T17:02:25Z
2026-09-23T17:01:50Z,2026-09-23T19:01:50+0200,a0951cff-e3ff-4fab-a385-431e734962aa,2026-09-20T05:15:00Z,2026-09-20T07:15:00+0200,0.427,MW,NL,NL,actual_solar_generation,Solar | Actual Aggregated,2026-09-23T17:02:25Z
2026-09-23T17:01:50Z,2026-09-23T19:01:50+0200,a0951cff-e3ff-4fab-a385-431e734962aa,2026-09-20T05:15:00Z,2026-09-20T07:15:00+0200,0.122,MW,NL,NL,actual_solar_generation,Solar | Actual Consumption,2026-09-23T17:02:25Z
2026-09-23T17:01:50Z,2026-09-23T19:01:50+0200,a0951cff-e3ff-4fab-a385-431e734962aa,2026-09-20T05:30:00Z,2026-09-20T07:30:00+0200,3.841,MW,NL,NL,actual_solar_generation,Solar | Actual Aggregated,2026-09-23T17:02:25Z
2026-09-23T17:01:50Z,2026-09-23T19:01:50+0200,a0951cff-e3ff-4fab-a385-431e734962aa,2026-09-20T05:30:00Z,2026-09-20T07:30:00+0200,0.0,MW,NL,NL,actual_solar_generation,Solar | Actual Consumption,2026-09-23T17:02:25Z
2026-09-23T17:01:50Z,2026-09-23T19:01:50+0200,a0951cff-e3ff-4fab-a385-431e734962aa,2026-09-20T05:45:00Z,2026-09-20T07:45:00+0200,7.38,MW,NL,NL,actual_solar_generation,Solar | Actual Aggregated,2026-09-23T17:02:25Z
2026-09-23T17:01:50Z,2026-09-23T19:01:50+0200,a0951cff-e3ff-4fab-a385-431e734962aa,2026-09-20T05:45:00Z,2026-09-20T07:45:00+0200,0.0,MW,NL,NL,actual_solar_generation,Solar | Actual Consumption,2026-09-23T17:02:25Z
2026-09-23T17:01:50Z,2026-09-23T19:01:50+0200,a0951cff-e3ff-4fab-a385-431e734962aa,2026-09-20T06:00:00Z,2026-09-20T08:00:00+0200,10.296,MW,NL,NL,actual_solar_generation,Solar | Actual Aggregated,2026-09-23T17:02:25Z
2026-09-23T17:01:50Z,2026-09-23T19:01:50+0200,a0951cff-e3ff-4fab-a385-431e734962aa,2026-09-20T06:00:00Z,2026-09-20T08:00:00+0200,0.0,MW,NL,NL,actual_solar_generation,Solar | Actual Consumption,2026-09-23T17:02:25Z
2026-09-23T17:01:50Z,2026-09-23T19:01:50+0200,a0951cff-e3ff-4fab-a385-431e734962aa,2026-09-20T06:15:00Z,2026-09-20T08:15:00+0200,17.153,MW,NL,NL,actual_solar_generation,Solar | Actual Aggregated,2026-09-23T17:02:25Z
2026-09-23T17:01:50Z,2026-09-23T19:01:50+0200,a0951cff-e3ff-4fab-a385-431e734962aa,2026-09-20T06:15:00Z,2026-09-20T08:15:00+0200,0.0,MW,NL,NL,actual_solar_generation,Solar | Actual Consumption,2026-09-23T17:02:25Z
2026-09-23T17:01:50Z,2026-09-23T19:01:50+0200,a0951cff-e3ff-4fab-a385-431e734962aa,2026-09-20T06:30:00Z,2026-09-20T08:30:00+0200,31.031,MW,NL,NL,actual_solar_generation,Solar | Actual Aggregated,2026-09-23T17:02:25Z
2026-09-23T17:01:50Z,2026-09-23T19:01:50+0200,a0951cff-e3ff-4fab-a385-431e734962aa,2026-09-20T06:30:00Z,2026-09-20T08:30:00+0200,0.0,MW,NL,NL,actual_solar_generation,Solar | Actual Consumption,2026-09-23T17:02:25Z
2026-09-23T17:01:50Z,2026-09-23T19:01:50+0200,a0951cff-e3ff-4fab-a385-431e734962aa,2026-09-20T06:45:00Z,2026-09-20T08:45:00+0200,49.525,MW,NL,NL,actual_solar_generation,Solar | Actual Aggregated,2026-09-23T17:02:25Z
2026-09-23T17:01:50Z,2026-09-23T19:01:50+0200,a0951cff-e3ff-4fab-a385-431e734962aa,2026-09-20T06:45:00Z,2026-09-20T08:45:00+0200,0.0,MW,NL,NL,actual_solar_generation,Solar | Actual Consumption,2026-09-23T17:02:25Z
2026-09-23T17:01:50Z,2026-09-23T19:01:50+0200,a0951cff-e3ff-4fab-a385-431e734962aa,2026-09-20T07:00:00Z,2026-09-20T09:00:00+0200,61.638,MW,NL,NL,actual_solar_generation,Solar | Actual Aggregated,2026-09-23T17:02:25Z
2026-09-23T17:01:50Z,2026-09-23T19:01:50+0200,a0951cff-e3ff-4fab-a385-431e734962aa,2026-09-20T07:00:00Z,2026-09-20T09:00:00+0200,0.0,MW,NL,NL,actual_solar_generation,Solar | Actual Consumption,2026-09-23T17:02:25Z
2026-09-23T17:01:50Z,2026-09-23T19:01:50+0200,a0951cff-e3ff-4fab-a385-431e734962aa,2026-09-20T07:15:00Z,2026-09-20T09:15:00+0200,59.474,MW,NL,NL,actual_solar_generation,Solar | Actual Aggregated,2026-09-23T17:02:25Z
2026-09-23T17:01:50Z,2026-09-23T19:01:50+0200,a0951cff-e3ff-4fab-a385-431e734962aa,2026-09-20T07:15:00Z,2026-09-20T09:15:00+0200,0.0,MW,NL,NL,actual_solar_generation,Solar | Actual Consumption,2026-09-23T17:02:25Z
2026-09-23T17:01:50Z,2026-09-23T19:01:50+0200,a0951cff-e3ff-4fab-a385-431e734962aa,2026-09-20T07:30:00Z,2026-09-20T09:30:00+0200,64.625,MW,NL,NL,actual_solar_generation,Solar | Actual Aggregated,2026-09-23T17:02:25Z
2026-09-23T17:01:50Z,2026-09-23T19:01:50+0200,a0951cff-e3ff-4fab-a385-431e734962aa,2026-09-20T07:30:00Z,2026-09-20T09:30:00+0200,0.0,MW,NL,NL,actual_solar_generation,Solar | Actual Consumption,2026-09-23T17:02:25Z
2026-09-23T17:01:50Z,2026-09-23T19:01:50+0200,a0951cff-e3ff-4fab-a385-431e734962aa,2026-09-20T07:45:00Z,2026-09-20T09:45:00+0200,78.595,MW,NL,NL,actual_solar_generation,Solar | Actual Aggregated,2026-09-23T17:02:25Z
2026-09-23T17:01:50Z,2026-09-23T19:01:50+0200,a0951cff-e3ff-4fab-a385-431e734962aa,2026-09-20T07:45:00Z,2026-09-20T09:45:00+0200,0.0,MW,NL,NL,actual_solar_generation,Solar | Actual Consumption,2026-09-23T17:02:25Z
2026-09-23T17:01:50Z,2026-09-23T19:01:50+0200,a0951cff-e3ff-4fab-a385-431e734962aa,2026-09-20T08:00:00Z,2026-09-20T10:00:00+0200,88.28,MW,NL,NL,actual_solar_generation,Solar | Actual Aggregated,2026-09-23T17:02:25Z
2026-09-23T17:01:50Z,2026-09-23T19:01:50+0200,a0951cff-e3ff-4fab-a385-431e734962aa,2026-09-20T08:00:00Z,2026-09-20T10:00:00+0200,0.0,MW,NL,NL,actual_solar_generation,Solar | Actual Consumption,2026-09-23T17:02:25Z
2026-09-23T17:01:50Z,2026-09-23T19:01:50+0200,a0951cff-e3ff-4fab-a385-431e734962aa,2026-09-20T08:15:00Z,2026-09-20T10:15:00+0200,90.002,MW,NL,NL,actual_solar_generation,Solar | Actual Aggregated,2026-09-23T17:02:25Z
2026-09-23T17:01:50Z,2026-09-23T19:01:50+0200,a0951cff-e3ff-4fab-a385-431e734962aa,2026-09-20T08:15:00Z,2026-09-20T10:15:00+0200,0.0,MW,NL,NL,actual_solar_generation,Solar | Actual Consumption,2026-09-23T17:02:25Z
2026-09-23T17:01:50Z,2026-09-23T19:01:50+0200,a0951cff-e3ff-4fab-a385-431e734962aa,2026-09-20T08:30:00Z,2026-09-20T10:30:00+0200,31.805,MW,NL,NL,actual_solar_generation,Solar | Actual Aggregated,2026-09-23T17:02:25Z
2026-09-23T17:01:50Z,2026-09-23T19:01:50+0200,a0951cff-e3ff-4fab-a385-431e734962aa,2026-09-20T08:30:00Z,2026-09-20T10:30:00+0200,0.0,MW,NL,NL,actual_solar_generation,Solar | Actual Consumption,2026-09-23T17:02:25Z
2026-09-23T17:01:50Z,2026-09-23T19:01:50+0200,a0951cff-e3ff-4fab-a385-431e734962aa,2026-09-20T08:45:00Z,2026-09-20T10:45:00+0200,1.118,MW,NL,NL,actual_solar_generation,Solar | Actual Aggregated,2026-09-23T17:02:25Z
2026-09-23T17:01:50Z,2026-09-23T19:01:50+0200,a0951cff-e3ff-4fab-a385-431e734962aa,2026-09-20T08:45:00Z,2026-09-20T10:45:00+0200,0.0,MW,NL,NL,actual_solar_generation,Solar | Actual Consumption,2026-09-23T17:02:25Z
2026-09-23T17:01:50Z,2026-09-23T19:01:50+0200,a0951cff-e3ff-4fab-a385-431e734962aa,2026-09-20T09:00:00Z,2026-09-20T11:00:00+0200,0.279,MW,NL,NL,actual_solar_generation,Solar | Actual Aggregated,2026-09-23T17:02:25Z
2026-09-23T17:01:50Z,2026-09-23T19:01:50+0200,a0951cff-e3ff-4fab-a385-431e734962aa,2026-09-20T09:00:00Z,2026-09-20T11:00:00+0200,0.0,MW,NL,NL,actual_solar_generation,Solar | Actual Consumption,2026-09-23T17:02:25Z
2026-09-23T17:01:50Z,2026-09-23T19:01:50+0200,a0951cff-e3ff-4fab-a385-431e734962aa,2026-09-20T09:15:00Z,2026-09-20T11:15:00+0200,0.242,MW,NL,NL,actual_solar_generation,Solar | Actual Aggregated,2026-09-23T17:02:25Z
2026-09-23T17:01:50Z,2026-09-23T19:01:50+0200,a0951cff-e3ff-4fab-a385-431e734962aa,2026-09-20T09:15:00Z,2026-09-20T11:15:00+0200,0.0,MW,NL,NL,actual_solar_generation,Solar | Actual Consumption,2026-09-23T17:02:25Z
2026-09-23T17:01:50Z,2026-09-23T19:01:50+0200,a0951cff-e3ff-4fab-a385-431e734962aa,2026-09-20T09:30:00Z,2026-09-20T11:30:00+0200,0.0,MW,NL,NL,actual_solar_generation,Solar | Actual Aggregated,2026-09-23T17:02:25Z
2026-09-23T17:01:50Z,2026-09-23T19:01:50+0200,a0951cff-e3ff-4fab-a385-431e734962aa,2026-09-20T09:30:00Z,2026-09-20T11:30:00+0200,0.0,MW,NL,NL,actual_solar_generation,Solar | Actual Consumption,2026-09-23T17:02:25Z
2026-09-23T17:01:50Z,2026-09-23T19:01:50+0200,a0951cff-e3ff-4fab-a385-431e734962aa,2026-09-20T09:45:00Z,2026-09-20T11:45:00+0200,0.0,MW,NL,NL,actual_solar_generation,Solar | Actual Aggregated,2026-09-23T17:02:25Z
2026-09-23T17:01:50Z,2026-09-23T19:01:50+0200,a0951cff-e3ff-4fab-a385-431e734962aa,2026-09-20T09:45:00Z,2026-09-20T11:45:00+0200,0.0,MW,NL,NL,actual_solar_generation,Solar | Actual Consumption,2026-09-23T17:02:25Z
2026-09-23T17:01:50Z,2026-09-23T19:01:50+0200,a0951cff-e3ff-4fab-a385-431e734962aa,2026-09-20T10:00:00Z,2026-09-20T12:00:00+0200,0.0,MW,NL,NL,actual_solar_generation,Solar | Actual Aggregated,2026-09-23T17:02:25Z
2026-09-23T17:01:50Z,2026-09-23T19:01:50+0200,a0951cff-e3ff-4fab-a385-431e734962aa,2026-09-20T10:00:00Z,2026-09-20T12:00:00+0200,0.185,MW,NL,NL,actual_solar_generation,Solar | Actual Consumption,2026-09-23T17:02:25Z
2026-09-23T17:01:50Z,2026-09-23T19:01:50+0200,a0951cff-e3ff-4fab-a385-431e734962aa,2026-09-20T10:15:00Z,2026-09-20T12:15:00+0200,0.0,MW,NL,NL,actual_solar_generation,Solar | Actual Aggregated,2026-09-23T17:02:25Z
2026-09-23T17:01:50Z,2026-09-23T19:01:50+0200,a0951cff-e3ff-4fab-a385-431e734962aa,2026-09-20T10:15:00Z,2026-09-20T12:15:00+0200,0.0,MW,NL,NL,actual_solar_generation,Solar | Actual Consumption,2026-09-23T17:02:25Z
2026-09-23T17:01:50Z,2026-09-23T19:01:50+0200,a0951cff-e3ff-4fab-a385-431e734962aa,2026-09-20T10:30:00Z,2026-09-20T12:30:00+0200,0.0,MW,NL,NL,actual_solar_generation,Solar | Actual Aggregated,2026-09-23T17:02:25Z
2026-09-23T17:01:50Z,2026-09-23T19:01:50+0200,a0951cff-e3ff-4fab-a385-431e734962aa,2026-09-20T10:30:00Z,2026-09-20T12:30:00+0200,0.0,MW,NL,NL,actual_solar_generation,Solar | Actual Consumption,2026-09-23T17:02:25Z
2026-09-23T17:01:50Z,2026-09-23T19:01:50+0200,a0951cff-e3ff-4fab-a385-431e734962aa,2026-09-20T10:45:00Z,2026-09-20T12:45:00+0200,0.436,MW,NL,NL,actual_solar_generation,Solar | Actual Aggregated,2026-09-23T17:02:25Z
2026-09-23T17:01:50Z,2026-09-23T19:01:50+0200,a0951cff-e3ff-4fab-a385-431e734962aa,2026-09-20T10:45:00Z,2026-09-20T12:45:00+0200,0.0,MW,NL,NL,actual_solar_generation,Solar | Actual Consumption,2026-09-23T17:02:25Z
2026-09-23T17:01:50Z,2026-09-23T19:01:50+0200,a0951cff-e3ff-4fab-a385-431e734962aa,2026-09-20T11:00:00Z,2026-09-20T13:00:00+0200,0.0,MW,NL,NL,actual_solar_generation,Solar | Actual Aggregated,2026-09-23T17:02:25Z
2026-09-23T17:01:50Z,2026-09-23T19:01:50+0200,a0951cff-e3ff-4fab-a385-431e734962aa,2026-09-20T11:00:00Z,2026-09-20T13:00:00+0200,0.0,MW,NL,NL,actual_solar_generation,Solar | Actual Consumption,2026-09-23T17:02:25Z
2026-09-23T17:01:50Z,2026-09-23T19:01:50+0200,a0951cff-e3ff-4fab-a385-431e734962aa,2026-09-20T11:15:00Z,2026-09-20T13:15:00+0200,0.261,MW,NL,NL,actual_solar_generation,Solar | Actual Aggregated,2026-09-23T17:02:25Z
2026-09-23T17:01:50Z,2026-09-23T19:01:50+0200,a0951cff-e3ff-4fab-a385-431e734962aa,2026-09-20T11:15:00Z,2026-09-20T13:15:00+0200,0.0,MW,NL,NL,actual_solar_generation,Solar | Actual Consumption,2026-09-23T17:02:25Z
2026-09-23T17:01:50Z,2026-09-23T19:01:50+0200,a0951cff-e3ff-4fab-a385-431e734962aa,2026-09-20T11:30:00Z,2026-09-20T13:30:00+0200,0.0,MW,NL,NL,actual_solar_generation,Solar | Actual Aggregated,2026-09-23T17:02:25Z
2026-09-23T17:01:50Z,2026-09-23T19:01:50+0200,a0951cff-e3ff-4fab-a385-431e734962aa,2026-09-20T11:30:00Z,2026-09-20T13:30:00+0200,0.0,MW,NL,NL,actual_solar_generation,Solar | Actual Consumption,2026-09-23T17:02:25Z
2026-09-23T17:01:50Z,2026-09-23T19:01:50+0200,a0951cff-e3ff-4fab-a385-431e734962aa,2026-09-20T11:45:00Z,2026-09-20T13:45:00+0200,0.0,MW,NL,NL,actual_solar_generation,Solar | Actual Aggregated,2026-09-23T17:02:25Z
2026-09-23T17:01:50Z,2026-09-23T19:01:50+0200,a0951cff-e3ff-4fab-a385-431e734962aa,2026-09-20T11:45:00Z,2026-09-20T13:45:00+0200,0.0,MW,NL,NL,actual_solar_generation,Solar | Actual Consumption,2026-09-23T17:02:25Z
2026-09-23T17:01:50Z,2026-09-23T19:01:50+0200,a0951cff-e3ff-4fab-a385-431e734962aa,2026-09-20T12:00:00Z,2026-09-20T14:00:00+0200,0.0,MW,NL,NL,actual_solar_generation,Solar | Actual Aggregated,2026-09-23T17:02:25Z
2026-09-23T17:01:50Z,2026-09-23T19:01:50+0200,a0951cff-e3ff-4fab-a385-431e734962aa,2026-09-20T12:00:00Z,2026-09-20T14:00:00+0200,0.0,MW,NL,NL,actual_solar_generation,Solar | Actual Consumption,2026-09-23T17:02:25Z
2026-09-23T17:01:50Z,2026-09-23T19:01:50+0200,a0951cff-e3ff-4fab-a385-431e734962aa,2026-09-20T12:15:00Z,2026-09-20T14:15:00+0200,0.0,MW,NL,NL,actual_solar_generation,Solar | Actual Aggregated,2026-09-23T17:02:25Z
2026-09-23T17:01:50Z,2026-09-23T19:01:50+0200,a0951cff-e3ff-4fab-a385-431e734962aa,2026-09-20T12:15:00Z,2026-09-20T14:15:00+0200,0.196,MW,NL,NL,actual_solar_generation,Solar | Actual Consumption,2026-09-23T17:02:25Z
2026-09-23T17:01:50Z,2026-09-23T19:01:50+0200,a0951cff-e3ff-4fab-a385-431e734962aa,2026-09-20T12:30:00Z,2026-09-20T14:30:00+0200,0.266,MW,NL,NL,actual_solar_generation,Solar | Actual Aggregated,2026-09-23T17:02:25Z
2026-09-23T17:01:50Z,2026-09-23T19:01:50+0200,a0951cff-e3ff-4fab-a385-431e734962aa,2026-09-20T12:30:00Z,2026-09-20T14:30:00+0200,0.0,MW,NL,NL,actual_solar_generation,Solar | Actual Consumption,2026-09-23T17:02:25Z
2026-09-23T17:01:50Z,2026-09-23T19:01:50+0200,a0951cff-e3ff-4fab-a385-431e734962aa,2026-09-20T12:45:00Z,2026-09-20T14:45:00+0200,0.0,MW,NL,NL,actual_solar_generation,Solar | Actual Aggregated,2026-09-23T17:02:25Z
2026-09-23T17:01:50Z,2026-09-23T19:01:50+0200,a0951cff-e3ff-4fab-a385-431e734962aa,2026-09-20T12:45:00Z,2026-09-20T14:45:00+0200,0.0,MW,NL,NL,actual_solar_generation,Solar | Actual Consumption,2026-09-23T17:02:25Z
2026-09-23T17:01:50Z,2026-09-23T19:01:50+0200,a0951cff-e3ff-4fab-a385-431e734962aa,2026-09-20T13:00:00Z,2026-09-20T15:00:00+0200,0.488,MW,NL,NL,actual_solar_generation,Solar | Actual Aggregated,2026-09-23T17:02:25Z
2026-09-23T17:01:50Z,2026-09-23T19:01:50+0200,a0951cff-e3ff-4fab-a385-431e734962aa,2026-09-20T13:00:00Z,2026-09-20T15:00:00+0200,0.0,MW,NL,NL,actual_solar_generation,Solar | Actual Consumption,2026-09-23T17:02:25Z
2026-09-23T17:01:50Z,2026-09-23T19:01:50+0200,a0951cff-e3ff-4fab-a385-431e734962aa,2026-09-20T13:15:00Z,2026-09-20T15:15:00+0200,0.0,MW,NL,NL,actual_solar_generation,Solar | Actual Aggregated,2026-09-23T17:02:25Z
2026-09-23T17:01:50Z,2026-09-23T19:01:50+0200,a0951cff-e3ff-4fab-a385-431e734962aa,2026-09-20T13:15:00Z,2026-09-20T15:15:00+0200,0.0,MW,NL,NL,actual_solar_generation,Solar | Actual Consumption,2026-09-23T17:02:25Z
2026-09-23T17:01:50Z,2026-09-23T19:01:50+0200,a0951cff-e3ff-4fab-a385-431e734962aa,2026-09-20T13:30:00Z,2026-09-20T15:30:00+0200,50.814,MW,NL,NL,actual_solar_generation,Solar | Actual Aggregated,2026-09-23T17:02:25Z
2026-09-23T17:01:50Z,2026-09-23T19:01:50+0200,a0951cff-e3ff-4fab-a385-431e734962aa,2026-09-20T13:30:00Z,2026-09-20T15:30:00+0200,0.0,MW,NL,NL,actual_solar_generation,Solar | Actual Consumption,2026-09-23T17:02:25Z
2026-09-23T17:01:50Z,2026-09-23T19:01:50+0200,a0951cff-e3ff-4fab-a385-431e734962aa,2026-09-20T13:45:00Z,2026-09-20T15:45:00+0200,35.462,MW,NL,NL,actual_solar_generation,Solar | Actual Aggregated,2026-09-23T17:02:25Z
2026-09-23T17:01:50Z,2026-09-23T19:01:50+0200,a0951cff-e3ff-4fab-a385-431e734962aa,2026-09-20T13:45:00Z,2026-09-20T15:45:00+0200,0.0,MW,NL,NL,actual_solar_generation,Solar | Actual Consumption,2026-09-23T17:02:25Z
2026-09-23T17:01:50Z,2026-09-23T19:01:50+0200,a0951cff-e3ff-4fab-a385-431e734962aa,2026-09-20T14:00:00Z,2026-09-20T16:00:00+0200,25.112,MW,NL,NL,actual_solar_generation,Solar | Actual Aggregated,2026-09-23T17:02:25Z
2026-09-23T17:01:50Z,2026-09-23T19:01:50+0200,a0951cff-e3ff-4fab-a385-431e734962aa,2026-09-20T14:00:00Z,2026-09-20T16:00:00+0200,0.0,MW,NL,NL,actual_solar_generation,Solar | Actual Consumption,2026-09-23T17:02:25Z
2026-09-23T17:01:50Z,2026-09-23T19:01:50+0200,a0951cff-e3ff-4fab-a385-431e734962aa,2026-09-20T14:15:00Z,2026-09-20T16:15:00+0200,20.276,MW,NL,NL,actual_solar_generation,Solar | Actual Aggregated,2026-09-23T17:02:25Z
2026-09-23T17:01:50Z,2026-09-23T19:01:50+0200,a0951cff-e3ff-4fab-a385-431e734962aa,2026-09-20T14:15:00Z,2026-09-20T16:15:00+0200,0.0,MW,NL,NL,actual_solar_generation,Solar | Actual Consumption,2026-09-23T17:02:25Z
2026-09-23T17:01:50Z,2026-09-23T19:01:50+0200,a0951cff-e3ff-4fab-a385-431e734962aa,2026-09-20T14:30:00Z,2026-09-20T16:30:00+0200,25.761,MW,NL,NL,actual_solar_generation,Solar | Actual Aggregated,2026-09-23T17:02:25Z
2026-09-23T17:01:50Z,2026-09-23T19:01:50+0200,a0951cff-e3ff-4fab-a385-431e734962aa,2026-09-20T14:30:00Z,2026-09-20T16:30:00+0200,0.0,MW,NL,NL,actual_solar_generation,Solar | Actual Consumption,2026-09-23T17:02:25Z
2026-09-23T17:01:50Z,2026-09-23T19:01:50+0200,a0951cff-e3ff-4fab-a385-431e734962aa,2026-09-20T14:45:00Z,2026-09-20T16:45:00+0200,23.919,MW,NL,NL,actual_solar_generation,Solar | Actual Aggregated,2026-09-23T17:02:25Z
2026-09-23T17:01:50Z,2026-09-23T19:01:50+0200,a0951cff-e3ff-4fab-a385-431e734962aa,2026-09-20T14:45:00Z,2026-09-20T16:45:00+0200,0.0,MW,NL,NL,actual_solar_generation,Solar | Actual Consumption,2026-09-23T17:02:25Z
2026-09-23T17:01:50Z,2026-09-23T19:01:50+0200,a0951cff-e3ff-4fab-a385-431e734962aa,2026-09-20T15:00:00Z,2026-09-20T17:00:00+0200,111.241,MW,NL,NL,actual_solar_generation,Solar | Actual Aggregated,2026-09-23T17:02:25Z
2026-09-23T17:01:50Z,2026-09-23T19:01:50+0200,a0951cff-e3ff-4fab-a385-431e734962aa,2026-09-20T15:00:00Z,2026-09-20T17:00:00+0200,0.0,MW,NL,NL,actual_solar_generation,Solar | Actual Consumption,2026-09-23T17:02:25Z
2026-09-23T17:01:50Z,2026-09-23T19:01:50+0200,a0951cff-e3ff-4fab-a385-431e734962aa,2026-09-20T15:15:00Z,2026-09-20T17:15:00+0200,93.908,MW,NL,NL,actual_solar_generation,Solar | Actual Aggregated,2026-09-23T17:02:25Z
2026-09-23T17:01:50Z,2026-09-23T19:01:50+0200,a0951cff-e3ff-4fab-a385-431e734962aa,2026-09-20T15:15:00Z,2026-09-20T17:15:00+0200,0.0,MW,NL,NL,actual_solar_generation,Solar | Actual Consumption,2026-09-23T17:02:25Z
2026-09-23T17:01:50Z,2026-09-23T19:01:50+0200,a0951cff-e3ff-4fab-a385-431e734962aa,2026-09-20T15:30:00Z,2026-09-20T17:30:00+0200,66.976,MW,NL,NL,actual_solar_generation,Solar | Actual Aggregated,2026-09-23T17:02:25Z
2026-09-23T17:01:50Z,2026-09-23T19:01:50+0200,a0951cff-e3ff-4fab-a385-431e734962aa,2026-09-20T15:30:00Z,2026-09-20T17:30:00+0200,0.0,MW,NL,NL,actual_solar_generation,Solar | Actual Consumption,2026-09-23T17:02:25Z
2026-09-23T17:01:50Z,2026-09-23T19:01:50+0200,a0951cff-e3ff-4fab-a385-431e734962aa,2026-09-20T15:45:00Z,2026-09-20T17:45:00+0200,49.196,MW,NL,NL,actual_solar_generation,Solar | Actual Aggregated,2026-09-23T17:02:25Z
2026-09-23T17:01:50Z,2026-09-23T19:01:50+0200,a0951cff-e3ff-4fab-a385-431e734962aa,2026-09-20T15:45:00Z,2026-09-20T17:45:00+0200,0.0,MW,NL,NL,actual_solar_generation,Solar | Actual Consumption,2026-09-23T17:02:25Z
2026-09-23T17:01:50Z,2026-09-23T19:01:50+0200,a0951cff-e3ff-4fab-a385-431e734962aa,2026-09-20T16:00:00Z,2026-09-20T18:00:00+0200,41.115,MW,NL,NL,actual_solar_generation,Solar | Actual Aggregated,2026-09-23T17:02:25Z
2026-09-23T17:01:50Z,2026-09-23T19:01:50+0200,a0951cff-e3ff-4fab-a385-431e734962aa,2026-09-20T16:00:00Z,2026-09-20T18:00:00+0200,0.0,MW,NL,NL,actual_solar_generation,Solar | Actual Consumption,2026-09-23T17:02:25Z
2026-09-23T17:01:50Z,2026-09-23T19:01:50+0200,a0951cff-e3ff-4fab-a385-431e734962aa,2026-09-20T16:15:00Z,2026-09-20T18:15:00+0200,31.488,MW,NL,NL,actual_solar_generation,Solar | Actual Aggregated,2026-09-23T17:02:25Z
2026-09-23T17:01:50Z,2026-09-23T19:01:50+0200,a0951cff-e3ff-4fab-a385-431e734962aa,2026-09-20T16:15:00Z,2026-09-20T18:15:00+0200,0.0,MW,NL,NL,actual_solar_generation,Solar | Actual Consumption,2026-09-23T17:02:25Z
2026-09-23T17:01:50Z,2026-09-23T19:01:50+0200,a0951cff-e3ff-4fab-a385-431e734962aa,2026-09-20T16:30:00Z,2026-09-20T18:30:00+0200,19.332,MW,NL,NL,actual_solar_generation,Solar | Actual Aggregated,2026-09-23T17:02:25Z
2026-09-23T17:01:50Z,2026-09-23T19:01:50+0200,a0951cff-e3ff-4fab-a385-431e734962aa,2026-09-20T16:30:00Z,2026-09-20T18:30:00+0200,0.0,MW,NL,NL,actual_solar_generation,Solar | Actual Consumption,2026-09-23T17:02:25Z
2026-09-23T17:01:50Z,2026-09-23T19:01:50+0200,a0951cff-e3ff-4fab-a385-431e734962aa,2026-09-20T16:45:00Z,2026-09-20T18:45:00+0200,11.819,MW,NL,NL,actual_solar_generation,Solar | Actual Aggregated,2026-09-23T17:02:25Z
2026-09-23T17:01:50Z,2026-09-23T19:01:50+0200,a0951cff-e3ff-4fab-a385-431e734962aa,2026-09-20T16:45:00Z,2026-09-20T18:45:00+0200,0.0,MW,NL,NL,actual_solar_generation,Solar | Actual Consumption,2026-09-23T17:02:25Z
2026-09-23T17:01:50Z,2026-09-23T19:01:50+0200,a0951cff-e3ff-4fab-a385-431e734962aa,2026-09-20T17:00:00Z,2026-09-20T19:00:00+0200,6.049,MW,NL,NL,actual_solar_generation,Solar | Actual Aggregated,2026-09-23T17:02:25Z
2026-09-23T17:01:50Z,2026-09-23T19:01:50+0200,a0951cff-e3ff-4fab-a385-431e734962aa,2026-09-20T17:00:00Z,2026-09-20T19:00:00+0200,0.0,MW,NL,NL,actual_solar_generation,Solar | Actual Consumption,2026-09-23T17:02:25Z
2026-09-23T17:01:50Z,2026-09-23T19:01:50+0200,a0951cff-e3ff-4fab-a385-431e734962aa,2026-09-20T17:15:00Z,2026-09-20T19:15:00+0200,2.167,MW,NL,NL,actual_solar_generation,Solar | Actual Aggregated,2026-09-23T17:02:25Z
2026-09-23T17:01:50Z,2026-09-23T19:01:50+0200,a0951cff-e3ff-4fab-a385-431e734962aa,2026-09-20T17:15:00Z,2026-09-20T19:15:00+0200,0.0,MW,NL,NL,actual_solar_generation,Solar | Actual Consumption,2026-09-23T17:02:25Z
2026-09-23T17:01:50Z,2026-09-23T19:01:50+0200,a0951cff-e3ff-4fab-a385-431e734962aa,2026-09-20T17:30:00Z,2026-09-20T19:30:00+0200,0.235,MW,NL,NL,actual_solar_generation,Solar | Actual Aggregated,2026-09-23T17:02:25Z
2026-09-23T17:01:50Z,2026-09-23T19:01:50+0200,a0951cff-e3ff-4fab-a385-431e734962aa,2026-09-20T17:30:00Z,2026-09-20T19:30:00+0200,0.705,MW,NL,NL,actual_solar_generation,Solar | Actual Consumption,2026-09-23T17:02:25Z
2026-09-23T17:01:50Z,2026-09-23T19:01:50+0200,a0951cff-e3ff-4fab-a385-431e734962aa,2026-09-20T17:45:00Z,2026-09-20T19:45:00+0200,0.0,MW,NL,NL,actual_solar_generation,Solar | Actual Aggregated,2026-09-23T17:02:25Z
2026-09-23T17:01:50Z,2026-09-23T19:01:50+0200,a0951cff-e3ff-4fab-a385-431e734962aa,2026-09-20T17:45:00Z,2026-09-20T19:45:00+0200,0.121,MW,NL,NL,actual_solar_generation,Solar | Actual Consumption,2026-09-23T17:02:25Z
2026-09-23T17:01:50Z,2026-09-23T19:01:50+0200,a0951cff-e3ff-4fab-a385-431e734962aa,2026-09-20T18:00:00Z,2026-09-20T20:00:00+0200,0.0,MW,NL,NL,actual_solar_generation,Solar | Actual Aggregated,2026-09-23T17:02:25Z
2026-09-23T17:01:50Z,2026-09-23T19:01:50+0200,a0951cff-e3ff-4fab-a385-431e734962aa,2026-09-20T18:00:00Z,2026-09-20T20:00:00+0200,0.145,MW,NL,NL,actual_solar_generation,Solar | Actual Consumption,2026-09-23T17:02:25Z
2026-09-23T17:01:50Z,2026-09-23T19:01:50+0200,a0951cff-e3ff-4fab-a385-431e734962aa,2026-09-20T18:15:00Z,2026-09-20T20:15:00+0200,0.0,MW,NL,NL,actual_solar_generation,Solar | Actual Aggregated,2026-09-23T17:02:25Z
2026-09-23T17:01:50Z,2026-09-23T19:01:50+0200,a0951cff-e3ff-4fab-a385-431e734962aa,2026-09-20T18:15:00Z,2026-09-20T20:15:00+0200,0.121,MW,NL,NL,actual_solar_generation,Solar | Actual Consumption,2026-09-23T17:02:25Z
2026-09-23T17:01:50Z,2026-09-23T19:01:50+0200,a0951cff-e3ff-4fab-a385-431e734962aa,2026-09-20T18:30:00Z,2026-09-20T20:30:00+0200,0.0,MW,NL,NL,actual_solar_generation,Solar | Actual Aggregated,2026-09-23T17:02:25Z
2026-09-23T17:01:50Z,2026-09-23T19:01:50+0200,a0951cff-e3ff-4fab-a385-431e734962aa,2026-09-20T18:30:00Z,2026-09-20T20:30:00+0200,0.138,MW,NL,NL,actual_solar_generation,Solar | Actual Consumption,2026-09-23T17:02:25Z
2026-09-23T17:01:50Z,2026-09-23T19:01:50+0200,a0951cff-e3ff-4fab-a385-431e734962aa,2026-09-20T18:45:00Z,2026-09-20T20:45:00+0200,0.0,MW,NL,NL,actual_solar_generation,Solar | Actual Aggregated,2026-09-23T17:02:25Z
2026-09-23T17:01:50Z,2026-09-23T19:01:50+0200,a0951cff-e3ff-4fab-a385-431e734962aa,2026-09-20T18:45:00Z,2026-09-20T20:45:00+0200,0.129,MW,NL,NL,actual_solar_generation,Solar | Actual Consumption,2026-09-23T17:02:25Z
2026-09-23T17:01:50Z,2026-09-23T19:01:50+0200,a0951cff-e3ff-4fab-a385-431e734962aa,2026-09-20T19:00:00Z,2026-09-20T21:00:00+0200,0.0,MW,NL,NL,actual_solar_generation,Solar | Actual Aggregated,2026-09-23T17:02:25Z
2026-09-23T17:01:50Z,2026-09-23T19:01:50+0200,a0951cff-e3ff-4fab-a385-431e734962aa,2026-09-20T19:00:00Z,2026-09-20T21:00:00+0200,0.129,MW,NL,NL,actual_solar_generation,Solar | Actual Consumption,2026-09-23T17:02:25Z
2026-09-23T17:01:50Z,2026-09-23T19:01:50+0200,a0951cff-e3ff-4fab-a385-431e734962aa,2026-09-20T19:15:00Z,2026-09-20T21:15:00+0200,0.0,MW,NL,NL,actual_solar_generation,Solar | Actual Aggregated,2026-09-23T17:02:25Z
2026-09-23T17:01:50Z,2026-09-23T19:01:50+0200,a0951cff-e3ff-4fab-a385-431e734962aa,2026-09-20T19:15:00Z,2026-09-20T21:15:00+0200,0.129,MW,NL,NL,actual_solar_generation,Solar | Actual Consumption,2026-09-23T17:02:25Z
2026-09-23T17:01:50Z,2026-09-23T19:01:50+0200,a0951cff-e3ff-4fab-a385-431e734962aa,2026-09-20T19:30:00Z,2026-09-20T21:30:00+0200,0.0,MW,NL,NL,actual_solar_generation,Solar | Actual Aggregated,2026-09-23T17:02:25Z
2026-09-23T17:01:50Z,2026-09-23T19:01:50+0200,a0951cff-e3ff-4fab-a385-431e734962aa,2026-09-20T19:30:00Z,2026-09-20T21:30:00+0200,0.129,MW,NL,NL,actual_solar_generation,Solar | Actual Consumption,2026-09-23T17:02:25Z
2026-09-23T17:01:50Z,2026-09-23T19:01:50+0200,a0951cff-e3ff-4fab-a385-431e734962aa,2026-09-20T19:45:00Z,2026-09-20T21:45:00+0200,0.0,MW,NL,NL,actual_solar_generation,Solar | Actual Aggregated,2026-09-23T17:02:25Z
2026-09-23T17:01:50Z,2026-09-23T19:01:50+0200,a0951cff-e3ff-4fab-a385-431e734962aa,2026-09-20T19:45:00Z,2026-09-20T21:45:00+0200,0.129,MW,NL,NL,actual_solar_generation,Solar | Actual Consumption,2026-09-23T17:02:25Z
2026-09-23T17:01:50Z,2026-09-23T19:01:50+0200,a0951cff-e3ff-4fab-a385-431e734962aa,2026-09-20T20:00:00Z,2026-09-20T22:00:00+0200,0.0,MW,NL,NL,actual_solar_generation,Solar | Actual Aggregated,2026-09-23T17:02:25Z
2026-09-23T17:01:50Z,2026-09-23T19:01:50+0200,a0951cff-e3ff-4fab-a385-431e734962aa,2026-09-20T20:00:00Z,2026-09-20T22:00:00+0200,0.129,MW,NL,NL,actual_solar_generation,Solar | Actual Consumption,2026-09-23T17:02:25Z
2026-09-23T17:01:50Z,2026-09-23T19:01:50+0200,a0951cff-e3ff-4fab-a385-431e734962aa,2026-09-20T20:15:00Z,2026-09-20T22:15:00+0200,0.0,MW,NL,NL,actual_solar_generation,Solar | Actual Aggregated,2026-09-23T17:02:25Z
2026-09-23T17:01:50Z,2026-09-23T19:01:50+0200,a0951cff-e3ff-4fab-a385-431e734962aa,2026-09-20T20:15:00Z,2026-09-20T22:15:00+0200,0.129,MW,NL,NL,actual_solar_generation,Solar | Actual Consumption,2026-09-23T17:02:25Z
2026-09-23T17:01:50Z,2026-09-23T19:01:50+0200,a0951cff-e3ff-4fab-a385-431e734962aa,2026-09-20T20:30:00Z,2026-09-20T22:30:00+0200,0.0,MW,NL,NL,actual_solar_generation,Solar | Actual Aggregated,2026-09-23T17:02:25Z
2026-09-23T17:01:50Z,2026-09-23T19:01:50+0200,a0951cff-e3ff-4fab-a385-431e734962aa,2026-09-20T20:30:00Z,2026-09-20T22:30:00+0200,0.129,MW,NL,NL,actual_solar_generation,Solar | Actual Consumption,2026-09-23T17:02:25Z
2026-09-23T17:01:50Z,2026-09-23T19:01:50+0200,a0951cff-e3ff-4fab-a385-431e734962aa,2026-09-20T20:45:00Z,2026-09-20T22:45:00+0200,0.0,MW,NL,NL,actual_solar_generation,Solar | Actual Aggregated,2026-09-23T17:02:25Z
2026-09-23T17:01:50Z,2026-09-23T19:01:50+0200,a0951cff-e3ff-4fab-a385-431e734962aa,2026-09-20T20:45:00Z,2026-09-20T22:45:00+0200,0.129,MW,NL,NL,actual_solar_generation,Solar | Actual Consumption,2026-09-23T17:02:25Z
2026-09-23T17:01:50Z,2026-09-23T19:01:50+0200,a0951cff-e3ff-4fab-a385-431e734962aa,2026-09-20T21:00:00Z,2026-09-20T23:00:00+0200,0.0,MW,NL,NL,actual_solar_generation,Solar | Actual Aggregated,2026-09-23T17:02:25Z
2026-09-23T17:01:50Z,2026-09-23T19:01:50+0200,a0951cff-e3ff-4fab-a385-431e734962aa,2026-09-20T21:00:00Z,2026-09-20T23:00:00+0200,0.129,MW,NL,NL,actual_solar_generation,Solar | Actual Consumption,2026-09-23T17:02:25Z
2026-09-23T17:01:50Z,2026-09-23T19:01:50+0200,a0951cff-e3ff-4fab-a385-431e734962aa,2026-09-20T21:15:00Z,2026-09-20T23:15:00+0200,0.0,MW,NL,NL,actual_solar_generation,Solar | Actual Aggregated,2026-09-23T17:02:25Z
2026-09-23T17:01:50Z,2026-09-23T19:01:50+0200,a0951cff-e3ff-4fab-a385-431e734962aa,2026-09-20T21:15:00Z,2026-09-20T23:15:00+0200,0.129,MW,NL,NL,actual_solar_generation,Solar | Actual Consumption,2026-09-23T17:02:25Z
2026-09-23T17:01:50Z,2026-09-23T19:01:50+0200,a0951cff-e3ff-4fab-a385-431e734962aa,2026-09-20T21:30:00Z,2026-09-20T23:30:00+0200,0.0,MW,NL,NL,actual_solar_generation,Solar | Actual Aggregated,2026-09-23T17:02:25Z
2026-09-23T17:01:50Z,2026-09-23T19:01:50+0200,a0951cff-e3ff-4fab-a385-431e734962aa,2026-09-20T21:30:00Z,2026-09-20T23:30:00+0200,0.129,MW,NL,NL,actual_solar_generation,Solar | Actual Consumption,2026-09-23T17:02:25Z
2026-09-23T17:01:50Z,2026-09-23T19:01:50+0200,a0951cff-e3ff-4fab-a385-431e734962aa,2026-09-20T21:45:00Z,2026-09-20T23:45:00+0200,0.0,MW,NL,NL,actual_solar_generation,Solar | Actual Aggregated,2026-09-23T17:02:25Z
2026-09-23T17:01:50Z,2026-09-23T19:01:50+0200,a0951cff-e3ff-4fab-a385-431e734962aa,2026-09-20T21:45:00Z,2026-09-20T23:45:00+0200,0.129,MW,NL,NL,actual_solar_generation,Solar | Actual Consumption,2026-09-23T17:02:25Z
2026-09-23T17:01:50Z,2026-09-23T19:01:50+0200,a0951cff-e3ff-4fab-a385-431e734962aa,2026-09-20T22:00:00Z,2026-09-21T00:00:00+0200,0.0,MW,NL,NL,actual_solar_generation,Solar | Actual Aggregated,2026-09-23T17:02:25Z
2026-09-23T17:01:50Z,2026-09-23T19:01:50+0200,a0951cff-e3ff-4fab-a385-431e734962aa,2026-09-20T22:00:00Z,2026-09-21T00:00:00+0200,0.129,MW,NL,NL,actual_solar_generation,Solar | Actual Consumption,2026-09-23T17:02:25Z
2026-09-23T17:01:50Z,2026-09-23T19:01:50+0200,a0951cff-e3ff-4fab-a385-431e734962aa,2026-09-20T22:15:00Z,2026-09-21T00:15:00+0200,0.0,MW,NL,NL,actual_solar_generation,Solar | Actual Aggregated,2026-09-23T17:02:25Z
2026-09-23T17:01:50Z,2026-09-23T19:01:50+0200,a0951cff-e3ff-4fab-a385-431e734962aa,2026-09-20T22:15:00Z,2026-09-21T00:15:00+0200,0.129,MW,NL,NL,actual_solar_generation,Solar | Actual Consumption,2026-09-23T17:02:25Z
2026-09-23T17:01:50Z,2026-09-23T19:01:50+0200,a0951cff-e3ff-4fab-a385-431e734962aa,2026-09-20T22:30:00Z,2026-09-21T00:30:00+0200,0.0,MW,NL,NL,actual_solar_generation,Solar | Actual Aggregated,2026-09-23T17:02:25Z
2026-09-23T17:01:50Z,2026-09-23T19:01:50+0200,a0951cff-e3ff-4fab-a385-431e734962aa,2026-09-20T22:30:00Z,2026-09-21T00:30:00+0200,0.117,MW,NL,NL,actual_solar_generation,Solar | Actual Consumption,2026-09-23T17:02:25Z
2026-09-23T17:01:50Z,2026-09-23T19:01:50+0200,a0951cff-e3ff-4fab-a385-431e734962aa,2026-09-20T22:45:00Z,2026-09-21T00:45:00+0200,0.0,MW,NL,NL,actual_solar_generation,Solar | Actual Aggregated,2026-09-23T17:02:25Z
2026-09-23T17:01:50Z,2026-09-23T19:01:50+0200,a0951cff-e3ff-4fab-a385-431e734962aa,2026-09-20T22:45:00Z,2026-09-21T00:45:00+0200,0.126,MW,NL,NL,actual_solar_generation,Solar | Actual Consumption,2026-09-23T17:02:25Z
2026-09-23T17:01:50Z,2026-09-23T19:01:50+0200,a0951cff-e3ff-4fab-a385-431e734962aa,2026-09-20T23:00:00Z,2026-09-21T01:00:00+0200,0.0,MW,NL,NL,actual_solar_generation,Solar | Actual Aggregated,2026-09-23T17:02:25Z
2026-09-23T17:01:50Z,2026-09-23T19:01:50+0200,a0951cff-e3ff-4fab-a385-431e734962aa,2026-09-20T23:00:00Z,2026-09-21T01:00:00+0200,0.125,MW,NL,NL,actual_solar_generation,Solar | Actual Consumption,2026-09-23T17:02:25Z
2026-09-23T17:01:50Z,2026-09-23T19:01:50+0200,a0951cff-e3ff-4fab-a385-431e734962aa,2026-09-20T23:15:00Z,2026-09-21T01:15:00+0200,0.0,MW,NL,NL,actual_solar_generation,Solar | Actual Aggregated,2026-09-23T17:02:25Z
2026-09-23T17:01:50Z,2026-09-23T19:01:50+0200,a0951cff-e3ff-4fab-a385-431e734962aa,2026-09-20T23:15:00Z,2026-09-21T01:15:00+0200,0.125,MW,NL,NL,actual_solar_generation,Solar | Actual Consumption,2026-09-23T17:02:25Z
2026-09-23T17:01:50Z,2026-09-23T19:01:50+0200,a0951cff-e3ff-4fab-a385-431e734962aa,2026-09-20T23:30:00Z,2026-09-21T01:30:00+0200,0.0,MW,NL,NL,actual_solar_generation,Solar | Actual Aggregated,2026-09-23T17:02:25Z
2026-09-23T17:01:50Z,2026-09-23T19:01:50+0200,a0951cff-e3ff-4fab-a385-431e734962aa,2026-09-20T23:30:00Z,2026-09-21T01:30:00+0200,0.125,MW,NL,NL,actual_solar_generation,Solar | Actual Consumption,2026-09-23T17:02:25Z
2026-09-23T17:01:50Z,2026-09-23T19:01:50+0200,a0951cff-e3ff-4fab-a385-431e734962aa,2026-09-20T23:45:00Z,2026-09-21T01:45:00+0200,0.0,MW,NL,NL,actual_solar_generation,Solar | Actual Aggregated,2026-09-23T17:02:25Z
2026-09-23T17:01:50Z,2026-09-23T19:01:50+0200,a0951cff-e3ff-4fab-a385-431e734962aa,2026-09-20T23:45:00Z,2026-09-21T01:45:00+0200,0.127,MW,NL,NL,actual_solar_generation,Solar | Actual Consumption,2026-09-23T17:02:25Z
2026-09-23T17:01:50Z,2026-09-23T19:01:50+0200,a0951cff-e3ff-4fab-a385-431e734962aa,2026-09-21T00:00:00Z,2026-09-21T02:00:00+0200,0.0,MW,NL,NL,actual_solar_generation,Solar | Actual Aggregated,2026-09-23T17:02:25Z
2026-09-23T17:01:50Z,2026-09-23T19:01:50+0200,a0951cff-e3ff-4fab-a385-431e734962aa,2026-09-21T00:00:00Z,2026-09-21T02:00:00+0200,0.133,MW,NL,NL,actual_solar_generation,Solar | Actual Consumption,2026-09-23T17:02:25Z
2026-09-23T17:01:50Z,2026-09-23T19:01:50+0200,a0951cff-e3ff-4fab-a385-431e734962aa,2026-09-21T00:15:00Z,2026-09-21T02:15:00+0200,0.0,MW,NL,NL,actual_solar_generation,Solar | Actual Aggregated,2026-09-23T17:02:25Z
2026-09-23T17:01:50Z,2026-09-23T19:01:50+0200,a0951cff-e3ff-4fab-a385-431e734962aa,2026-09-21T00:15:00Z,2026-09-21T02:15:00+0200,0.13,MW,NL,NL,actual_solar_generation,Solar | Actual Consumption,2026-09-23T17:02:25Z
2026-09-23T17:01:50Z,2026-09-23T19:01:50+0200,a0951cff-e3ff-4fab-a385-431e734962aa,2026-09-21T00:30:00Z,2026-09-21T02:30:00+0200,0.0,MW,NL,NL,actual_solar_generation,Solar | Actual Aggregated,2026-09-23T17:02:25Z
2026-09-23T17:01:50Z,2026-09-23T19:01:50+0200,a0951cff-e3ff-4fab-a385-431e734962aa,2026-09-21T00:30:00Z,2026-09-21T02:30:00+0200,0.127,MW,NL,NL,actual_solar_generation,Solar | Actual Consumption,2026-09-23T17:02:25Z
2026-09-23T17:01:50Z,2026-09-23T19:01:50+0200,a0951cff-e3ff-4fab-a385-431e734962aa,2026-09-21T00:45:00Z,2026-09-21T02:45:00+0200,0.0,MW,NL,NL,actual_solar_generation,Solar | Actual Aggregated,2026-09-23T17:02:25Z
2026-09-23T17:01:50Z,2026-09-23T19:01:50+0200,a0951cff-e3ff-4fab-a385-431e734962aa,2026-09-21T00:45:00Z,2026-09-21T02:45:00+0200,0.12,MW,NL,NL,actual_solar_generation,Solar | Actual Consumption,2026-09-23T17:02:25Z
2026-09-23T17:01:50Z,2026-09-23T19:01:50+0200,a0951cff-e3ff-4fab-a385-431e734962aa,2026-09-21T01:00:00Z,2026-09-21T03:00:00+0200,0.0,MW,NL,NL,actual_solar_generation,Solar | Actual Aggregated,2026-09-23T17:02:25Z
2026-09-23T17:01:50Z,2026-09-23T19:01:50+0200,a0951cff-e3ff-4fab-a385-431e734962aa,2026-09-21T01:00:00Z,2026-09-21T03:00:00+0200,0.12,MW,NL,NL,actual_solar_generation,Solar | Actual Consumption,2026-09-23T17:02:25Z
2026-09-23T17:01:50Z,2026-09-23T19:01:50+0200,a0951cff-e3ff-4fab-a385-431e734962aa,2026-09-21T01:15:00Z,2026-09-21T03:15:00+0200,0.0,MW,NL,NL,actual_solar_generation,Solar | Actual Aggregated,2026-09-23T17:02:25Z
2026-09-23T17:01:50Z,2026-09-23T19:01:50+0200,a0951cff-e3ff-4fab-a385-431e734962aa,2026-09-21T01:15:00Z,2026-09-21T03:15:00+0200,0.136,MW,NL,NL,actual_solar_generation,Solar | Actual Consumption,2026-09-23T17:02:25Z
2026-09-23T17:01:50Z,2026-09-23T19:01:50+0200,a0951cff-e3ff-4fab-a385-431e734962aa,2026-09-21T01:30:00Z,2026-09-21T03:30:00+0200,0.0,MW,NL,NL,actual_solar_generation,Solar | Actual Aggregated,2026-09-23T17:02:25Z
2026-09-23T17:01:50Z,2026-09-23T19:01:50+0200,a0951cff-e3ff-4fab-a385-431e734962aa,2026-09-21T01:30:00Z,2026-09-21T03:30:00+0200,0.122,MW,NL,NL,actual_solar_generation,Solar | Actual Consumption,2026-09-23T17:02:25Z
2026-09-23T17:01:50Z,2026-09-23T19:01:50+0200,a0951cff-e3ff-4fab-a385-431e734962aa,2026-09-21T01:45:00Z,2026-09-21T03:45:00+0200,0.0,MW,NL,NL,actual_solar_generation,Solar | Actual Aggregated,2026-09-23T17:02:25Z
2026-09-23T17:01:50Z,2026-09-23T19:01:50+0200,a0951cff-e3ff-4fab-a385-431e734962aa,2026-09-21T01:45:00Z,2026-09-21T03:45:00+0200,0.122,MW,NL,NL,actual_solar_generation,Solar | Actual Consumption,2026-09-23T17:02:25Z
2026-09-23T17:01:50Z,2026-09-23T19:01:50+0200,a0951cff-e3ff-4fab-a385-431e734962aa,2026-09-21T02:00:00Z,2026-09-21T04:00:00+0200,0.0,MW,NL,NL,actual_solar_generation,Solar | Actual Aggregated,2026-09-23T17:02:25Z
2026-09-23T17:01:50Z,2026-09-23T19:01:50+0200,a0951cff-e3ff-4fab-a385-431e734962aa,2026-09-21T02:00:00Z,2026-09-21T04:00:00+0200,0.122,MW,NL,NL,actual_solar_generation,Solar | Actual Consumption,2026-09-23T17:02:25Z
2026-09-23T17:01:50Z,2026-09-23T19:01:50+0200,a0951cff-e3ff-4fab-a385-431e734962aa,2026-09-21T02:15:00Z,2026-09-21T04:15:00+0200,0.0,MW,NL,NL,actual_solar_generation,Solar | Actual Aggregated,2026-09-23T17:02:25Z
2026-09-23T17:01:50Z,2026-09-23T19:01:50+0200,a0951cff-e3ff-4fab-a385-431e734962aa,2026-09-21T02:15:00Z,2026-09-21T04:15:00+0200,0.132,MW,NL,NL,actual_solar_generation,Solar | Actual Consumption,2026-09-23T17:02:25Z
2026-09-23T17:01:50Z,2026-09-23T19:01:50+0200,a0951cff-e3ff-4fab-a385-431e734962aa,2026-09-21T02:30:00Z,2026-09-21T04:30:00+0200,0.0,MW,NL,NL,actual_solar_generation,Solar | Actual Aggregated,2026-09-23T17:02:25Z
2026-09-23T17:01:50Z,2026-09-23T19:01:50+0200,a0951cff-e3ff-4fab-a385-431e734962aa,2026-09-21T02:30:00Z,2026-09-21T04:30:00+0200,0.133,MW,NL,NL,actual_solar_generation,Solar | Actual Consumption,2026-09-23T17:02:25Z
2026-09-23T17:01:50Z,2026-09-23T19:01:50+0200,a0951cff-e3ff-4fab-a385-431e734962aa,2026-09-21T02:45:00Z,2026-09-21T04:45:00+0200,0.0,MW,NL,NL,actual_solar_generation,Solar | Actual Aggregated,2026-09-23T17:02:25Z
2026-09-23T17:01:50Z,2026-09-23T19:01:50+0200,a0951cff-e3ff-4fab-a385-431e734962aa,2026-09-21T02:45:00Z,2026-09-21T04:45:00+0200,0.12,MW,NL,NL,actual_solar_generation,Solar | Actual Consumption,2026-09-23T17:02:25Z
2026-09-23T17:01:50Z,2026-09-23T19:01:50+0200,a0951cff-e3ff-4fab-a385-431e734962aa,2026-09-21T03:00:00Z,2026-09-21T05:00:00+0200,0.0,MW,NL,NL,actual_solar_generation,Solar | Actual Aggregated,2026-09-23T17:02:25Z
2026-09-23T17:01:50Z,2026-09-23T19:01:50+0200,a0951cff-e3ff-4fab-a385-431e734962aa,2026-09-21T03:00:00Z,2026-09-21T05:00:00+0200,0.126,MW,NL,NL,actual_solar_generation,Solar | Actual Consumption,2026-09-23T17:02:25Z
2026-09-23T17:01:50Z,2026-09-23T19:01:50+0200,a0951cff-e3ff-4fab-a385-431e734962aa,2026-09-21T03:15:00Z,2026-09-21T05:15:00+0200,0.0,MW,NL,NL,actual_solar_generation,Solar | Actual Aggregated,2026-09-23T17:02:25Z
2026-09-23T17:01:50Z,2026-09-23T19:01:50+0200,a0951cff-e3ff-4fab-a385-431e734962aa,2026-09-21T03:15:00Z,2026-09-21T05:15:00+0200,0.12,MW,NL,NL,actual_solar_generation,Solar | Actual Consumption,2026-09-23T17:02:25Z
2026-09-23T17:01:50Z,2026-09-23T19:01:50+0200,a0951cff-e3ff-4fab-a385-431e734962aa,2026-09-21T03:30:00Z,2026-09-21T05:30:00+0200,0.0,MW,NL,NL,actual_solar_generation,Solar | Actual Aggregated,2026-09-23T17:02:25Z
2026-09-23T17:01:50Z,2026-09-23T19:01:50+0200,a0951cff-e3ff-4fab-a385-431e734962aa,2026-09-21T03:30:00Z,2026-09-21T05:30:00+0200,0.123,MW,NL,NL,actual_solar_generation,Solar | Actual Consumption,2026-09-23T17:02:25Z
2026-09-23T17:01:50Z,2026-09-23T19:01:50+0200,a0951cff-e3ff-4fab-a385-431e734962aa,2026-09-21T03:45:00Z,2026-09-21T05:45:00+0200,0.0,MW,NL,NL,actual_solar_generation,Solar | Actual Aggregated,2026-09-23T17:02:25Z
2026-09-23T17:01:50Z,2026-09-23T19:01:50+0200,a0951cff-e3ff-4fab-a385-431e734962aa,2026-09-21T03:45:00Z,2026-09-21T05:45:00+0200,0.129,MW,NL,NL,actual_solar_generation,Solar | Actual Consumption,2026-09-23T17:02:25Z
2026-09-23T17:01:50Z,2026-09-23T19:01:50+0200,a0951cff-e3ff-4fab-a385-431e734962aa,2026-09-21T04:00:00Z,2026-09-21T06:00:00+0200,0.0,MW,NL,NL,actual_solar_generation,Solar | Actual Aggregated,2026-09-23T17:02:25Z
2026-09-23T17:01:50Z,2026-09-23T19:01:50+0200,a0951cff-e3ff-4fab-a385-431e734962aa,2026-09-21T04:00:00Z,2026-09-21T06:00:00+0200,0.129,MW,NL,NL,actual_solar_generation,Solar | Actual Consumption,2026-09-23T17:02:25Z
2026-09-23T17:01:50Z,2026-09-23T19:01:50+0200,a0951cff-e3ff-4fab-a385-431e734962aa,2026-09-21T04:15:00Z,2026-09-21T06:15:00+0200,0.0,MW,NL,NL,actual_solar_generation,Solar | Actual Aggregated,2026-09-23T17:02:25Z
2026-09-23T17:01:50Z,2026-09-23T19:01:50+0200,a0951cff-e3ff-4fab-a385-431e734962aa,2026-09-21T04:15:00Z,2026-09-21T06:15:00+0200,0.116,MW,NL,NL,actual_solar_generation,Solar | Actual Consumption,2026-09-23T17:02:25Z
2026-09-23T17:01:50Z,2026-09-23T19:01:50+0200,a0951cff-e3ff-4fab-a385-431e734962aa,2026-09-21T04:30:00Z,2026-09-21T06:30:00+0200,0.0,MW,NL,NL,actual_solar_generation,Solar | Actual Aggregated,2026-09-23T17:02:25Z
2026-09-23T17:01:50Z,2026-09-23T19:01:50+0200,a0951cff-e3ff-4fab-a385-431e734962aa,2026-09-21T04:30:00Z,2026-09-21T06:30:00+0200,0.116,MW,NL,NL,actual_solar_generation,Solar | Actual Consumption,2026-09-23T17:02:25Z
2026-09-23T17:01:50Z,2026-09-23T19:01:50+0200,a0951cff-e3ff-4fab-a385-431e734962aa,2026-09-21T04:45:00Z,2026-09-21T06:45:00+0200,0.0,MW,NL,NL,actual_solar_generation,Solar | Actual Aggregated,2026-09-23T17:02:25Z
2026-09-23T17:01:50Z,2026-09-23T19:01:50+0200,a0951cff-e3ff-4fab-a385-431e734962aa,2026-09-21T04:45:00Z,2026-09-21T06:45:00+0200,0.133,MW,NL,NL,actual_solar_generation,Solar | Actual Consumption,2026-09-23T17:02:25Z
2026-09-23T17:01:50Z,2026-09-23T19:01:50+0200,a0951cff-e3ff-4fab-a385-431e734962aa,2026-09-21T05:00:00Z,2026-09-21T07:00:00+0200,0.0,MW,NL,NL,actual_solar_generation,Solar | Actual Aggregated,2026-09-23T17:02:25Z
2026-09-23T17:01:50Z,2026-09-23T19:01:50+0200,a0951cff-e3ff-4fab-a385-431e734962aa,2026-09-21T05:00:00Z,2026-09-21T07:00:00+0200,0.128,MW,NL,NL,actual_solar_generation,Solar | Actual Consumption,2026-09-23T17:02:25Z
2026-09-23T17:01:50Z,2026-09-23T19:01:50+0200,a0951cff-e3ff-4fab-a385-431e734962aa,2026-09-21T05:15:00Z,2026-09-21T07:15:00+0200,4.108,MW,NL,NL,actual_solar_generation,Solar | Actual Aggregated,2026-09-23T17:02:25Z
2026-09-23T17:01:50Z,2026-09-23T19:01:50+0200,a0951cff-e3ff-4fab-a385-431e734962aa,2026-09-21T05:15:00Z,2026-09-21T07:15:00+0200,0.0,MW,NL,NL,actual_solar_generation,Solar | Actual Consumption,2026-09-23T17:02:25Z
2026-09-23T17:01:50Z,2026-09-23T19:01:50+0200,a0951cff-e3ff-4fab-a385-431e734962aa,2026-09-21T05:30:00Z,2026-09-21T07:30:00+0200,7.355,MW,NL,NL,actual_solar_generation,Solar | Actual Aggregated,2026-09-23T17:02:25Z
2026-09-23T17:01:50Z,2026-09-23T19:01:50+0200,a0951cff-e3ff-4fab-a385-431e734962aa,2026-09-21T05:30:00Z,2026-09-21T07:30:00+0200,0.0,MW,NL,NL,actual_solar_generation,Solar | Actual Consumption,2026-09-23T17:02:25Z
2026-09-23T17:01:50Z,2026-09-23T19:01:50+0200,a0951cff-e3ff-4fab-a385-431e734962aa,2026-09-21T05:45:00Z,2026-09-21T07:45:00+0200,16.179,MW,NL,NL,actual_solar_generation,Solar | Actual Aggregated,2026-09-23T17:02:25Z
2026-09-23T17:01:50Z,2026-09-23T19:01:50+0200,a0951cff-e3ff-4fab-a385-431e734962aa,2026-09-21T05:45:00Z,2026-09-21T07:45:00+0200,0.0,MW,NL,NL,actual_solar_generation,Solar | Actual Consumption,2026-09-23T17:02:25Z
2026-09-23T17:01:50Z,2026-09-23T19:01:50+0200,a0951cff-e3ff-4fab-a385-431e734962aa,2026-09-21T06:00:00Z,2026-09-21T08:00:00+0200,16.872,MW,NL,NL,actual_solar_generation,Solar | Actual Aggregated,2026-09-23T17:02:25Z
2026-09-23T17:01:50Z,2026-09-23T19:01:50+0200,a0951cff-e3ff-4fab-a385-431e734962aa,2026-09-21T06:00:00Z,2026-09-21T08:00:00+0200,0.0,MW,NL,NL,actual_solar_generation,Solar | Actual Consumption,2026-09-23T17:02:25Z
2026-09-23T17:01:50Z,2026-09-23T19:01:50+0200,a0951cff-e3ff-4fab-a385-431e734962aa,2026-09-21T06:15:00Z,2026-09-21T08:15:00+0200,16.891,MW,NL,NL,actual_solar_generation,Solar | Actual Aggregated,2026-09-23T17:02:25Z
2026-09-23T17:01:50Z,2026-09-23T19:01:50+0200,a0951cff-e3ff-4fab-a385-431e734962aa,2026-09-21T06:15:00Z,2026-09-21T08:15:00+0200,0.0,MW,NL,NL,actual_solar_generation,Solar | Actual Consumption,2026-09-23T17:02:25Z
2026-09-23T17:01:50Z,2026-09-23T19:01:50+0200,a0951cff-e3ff-4fab-a385-431e734962aa,2026-09-21T06:30:00Z,2026-09-21T08:30:00+0200,29.42,MW,NL,NL,actual_solar_generation,Solar | Actual Aggregated,2026-09-23T17:02:25Z
2026-09-23T17:01:50Z,2026-09-23T19:01:50+0200,a0951cff-e3ff-4fab-a385-431e734962aa,2026-09-21T06:30:00Z,2026-09-21T08:30:00+0200,0.0,MW,NL,NL,actual_solar_generation,Solar | Actual Consumption,2026-09-23T17:02:25Z
2026-09-23T17:01:50Z,2026-09-23T19:01:50+0200,a0951cff-e3ff-4fab-a385-431e734962aa,2026-09-21T06:45:00Z,2026-09-21T08:45:00+0200,33.013,MW,NL,NL,actual_solar_generation,Solar | Actual Aggregated,2026-09-23T17:02:25Z
2026-09-23T17:01:50Z,2026-09-23T19:01:50+0200,a0951cff-e3ff-4fab-a385-431e734962aa,2026-09-21T06:45:00Z,2026-09-21T08:45:00+0200,0.0,MW,NL,NL,actual_solar_generation,Solar | Actual Consumption,2026-09-23T17:02:25Z
2026-09-23T17:01:50Z,2026-09-23T19:01:50+0200,a0951cff-e3ff-4fab-a385-431e734962aa,2026-09-21T07:00:00Z,2026-09-21T09:00:00+0200,63.918,MW,NL,NL,actual_solar_generation,Solar | Actual Aggregated,2026-09-23T17:02:25Z
2026-09-23T17:01:50Z,2026-09-23T19:01:50+0200,a0951cff-e3ff-4fab-a385-431e734962aa,2026-09-21T07:00:00Z,2026-09-21T09:00:00+0200,0.0,MW,NL,NL,actual_solar_generation,Solar | Actual Consumption,2026-09-23T17:02:25Z
2026-09-23T17:01:50Z,2026-09-23T19:01:50+0200,a0951cff-e3ff-4fab-a385-431e734962aa,2026-09-21T07:15:00Z,2026-09-21T09:15:00+0200,47.159,MW,NL,NL,actual_solar_generation,Solar | Actual Aggregated,2026-09-23T17:02:25Z
2026-09-23T17:01:50Z,2026-09-23T19:01:50+0200,a0951cff-e3ff-4fab-a385-431e734962aa,2026-09-21T07:15:00Z,2026-09-21T09:15:00+0200,0.0,MW,NL,NL,actual_solar_generation,Solar | Actual Consumption,2026-09-23T17:02:25Z
2026-09-23T17:01:50Z,2026-09-23T19:01:50+0200,a0951cff-e3ff-4fab-a385-431e734962aa,2026-09-21T07:30:00Z,2026-09-21T09:30:00+0200,105.681,MW,NL,NL,actual_solar_generation,Solar | Actual Aggregated,2026-09-23T17:02:25Z
2026-09-23T17:01:50Z,2026-09-23T19:01:50+0200,a0951cff-e3ff-4fab-a385-431e734962aa,2026-09-21T07:30:00Z,2026-09-21T09:30:00+0200,0.0,MW,NL,NL,actual_solar_generation,Solar | Actual Consumption,2026-09-23T17:02:25Z
2026-09-23T17:01:50Z,2026-09-23T19:01:50+0200,a0951cff-e3ff-4fab-a385-431e734962aa,2026-09-21T07:45:00Z,2026-09-21T09:45:00+0200,87.09,MW,NL,NL,actual_solar_generation,Solar | Actual Aggregated,2026-09-23T17:02:25Z
2026-09-23T17:01:50Z,2026-09-23T19:01:50+0200,a0951cff-e3ff-4fab-a385-431e734962aa,2026-09-21T07:45:00Z,2026-09-21T09:45:00+0200,0.0,MW,NL,NL,actual_solar_generation,Solar | Actual Consumption,2026-09-23T17:02:25Z
2026-09-23T17:01:50Z,2026-09-23T19:01:50+0200,a0951cff-e3ff-4fab-a385-431e734962aa,2026-09-21T08:00:00Z,2026-09-21T10:00:00+0200,115.616,MW,NL,NL,actual_solar_generation,Solar | Actual Aggregated,2026-09-23T17:02:25Z
2026-09-23T17:01:50Z,2026-09-23T19:01:50+0200,a0951cff-e3ff-4fab-a385-431e734962aa,2026-09-21T08:00:00Z,2026-09-21T10:00:00+0200,0.0,MW,NL,NL,actual_solar_generation,Solar | Actual Consumption,2026-09-23T17:02:25Z
2026-09-23T17:01:50Z,2026-09-23T19:01:50+0200,a0951cff-e3ff-4fab-a385-431e734962aa,2026-09-21T08:15:00Z,2026-09-21T10:15:00+0200,121.094,MW,NL,NL,actual_solar_generation,Solar | Actual Aggregated,2026-09-23T17:02:25Z
2026-09-23T17:01:50Z,2026-09-23T19:01:50+0200,a0951cff-e3ff-4fab-a385-431e734962aa,2026-09-21T08:15:00Z,2026-09-21T10:15:00+0200,0.0,MW,NL,NL,actual_solar_generation,Solar | Actual Consumption,2026-09-23T17:02:25Z
2026-09-23T17:01:50Z,2026-09-23T19:01:50+0200,a0951cff-e3ff-4fab-a385-431e734962aa,2026-09-21T08:30:00Z,2026-09-21T10:30:00+0200,115.145,MW,NL,NL,actual_solar_generation,Solar | Actual Aggregated,2026-09-23T17:02:25Z
2026-09-23T17:01:50Z,2026-09-23T19:01:50+0200,a0951cff-e3ff-4fab-a385-431e734962aa,2026-09-21T08:30:00Z,2026-09-21T10:30:00+0200,0.0,MW,NL,NL,actual_solar_generation,Solar | Actual Consumption,2026-09-23T17:02:25Z
2026-09-23T17:01:50Z,2026-09-23T19:01:50+0200,a0951cff-e3ff-4fab-a385-431e734962aa,2026-09-21T08:45:00Z,2026-09-21T10:45:00+0200,153.192,MW,NL,NL,actual_solar_generation,Solar | Actual Aggregated,2026-09-23T17:02:25Z
2026-09-23T17:01:50Z,2026-09-23T19:01:50+0200,a0951cff-e3ff-4fab-a385-431e734962aa,2026-09-21T08:45:00Z,2026-09-21T10:45:00+0200,0.0,MW,NL,NL,actual_solar_generation,Solar | Actual Consumption,2026-09-23T17:02:25Z
2026-09-23T17:01:50Z,2026-09-23T19:01:50+0200,a0951cff-e3ff-4fab-a385-431e734962aa,2026-09-21T09:00:00Z,2026-09-21T11:00:00+0200,171.059,MW,NL,NL,actual_solar_generation,Solar | Actual Aggregated,2026-09-23T17:02:25Z
2026-09-23T17:01:50Z,2026-09-23T19:01:50+0200,a0951cff-e3ff-4fab-a385-431e734962aa,2026-09-21T09:00:00Z,2026-09-21T11:00:00+0200,0.0,MW,NL,NL,actual_solar_generation,Solar | Actual Consumption,2026-09-23T17:02:25Z
2026-09-23T17:01:50Z,2026-09-23T19:01:50+0200,a0951cff-e3ff-4fab-a385-431e734962aa,2026-09-21T09:15:00Z,2026-09-21T11:15:00+0200,152.599,MW,NL,NL,actual_solar_generation,Solar | Actual Aggregated,2026-09-23T17:02:25Z
2026-09-23T17:01:50Z,2026-09-23T19:01:50+0200,a0951cff-e3ff-4fab-a385-431e734962aa,2026-09-21T09:15:00Z,2026-09-21T11:15:00+0200,0.0,MW,NL,NL,actual_solar_generation,Solar | Actual Consumption,2026-09-23T17:02:25Z
2026-09-23T17:01:50Z,2026-09-23T19:01:50+0200,a0951cff-e3ff-4fab-a385-431e734962aa,2026-09-21T09:30:00Z,2026-09-21T11:30:00+0200,165.892,MW,NL,NL,actual_solar_generation,Solar | Actual Aggregated,2026-09-23T17:02:25Z
2026-09-23T17:01:50Z,2026-09-23T19:01:50+0200,a0951cff-e3ff-4fab-a385-431e734962aa,2026-09-21T09:30:00Z,2026-09-21T11:30:00+0200,0.0,MW,NL,NL,actual_solar_generation,Solar | Actual Consumption,2026-09-23T17:02:25Z
2026-09-23T17:01:50Z,2026-09-23T19:01:50+0200,a0951cff-e3ff-4fab-a385-431e734962aa,2026-09-21T09:45:00Z,2026-09-21T11:45:00+0200,152.264,MW,NL,NL,actual_solar_generation,Solar | Actual Aggregated,2026-09-23T17:02:25Z
2026-09-23T17:01:50Z,2026-09-23T19:01:50+0200,a0951cff-e3ff-4fab-a385-431e734962aa,2026-09-21T09:45:00Z,2026-09-21T11:45:00+0200,0.0,MW,NL,NL,actual_solar_generation,Solar | Actual Consumption,2026-09-23T17:02:25Z
2026-09-23T17:01:50Z,2026-09-23T19:01:50+0200,a0951cff-e3ff-4fab-a385-431e734962aa,2026-09-21T10:00:00Z,2026-09-21T12:00:00+0200,172.825,MW,NL,NL,actual_solar_generation,Solar | Actual Aggregated,2026-09-23T17:02:25Z
2026-09-23T17:01:50Z,2026-09-23T19:01:50+0200,a0951cff-e3ff-4fab-a385-431e734962aa,2026-09-21T10:00:00Z,2026-09-21T12:00:00+0200,0.0,MW,NL,NL,actual_solar_generation,Solar | Actual Consumption,2026-09-23T17:02:25Z
2026-09-23T17:01:50Z,2026-09-23T19:01:50+0200,a0951cff-e3ff-4fab-a385-431e734962aa,2026-09-21T10:15:00Z,2026-09-21T12:15:00+0200,181.392,MW,NL,NL,actual_solar_generation,Solar | Actual Aggregated,2026-09-23T17:02:25Z
2026-09-23T17:01:50Z,2026-09-23T19:01:50+0200,a0951cff-e3ff-4fab-a385-431e734962aa,2026-09-21T10:15:00Z,2026-09-21T12:15:00+0200,0.0,MW,NL,NL,actual_solar_generation,Solar | Actual Consumption,2026-09-23T17:02:25Z
2026-09-23T17:01:50Z,2026-09-23T19:01:50+0200,a0951cff-e3ff-4fab-a385-431e734962aa,2026-09-21T10:30:00Z,2026-09-21T12:30:00+0200,182.413,MW,NL,NL,actual_solar_generation,Solar | Actual Aggregated,2026-09-23T17:02:25Z
2026-09-23T17:01:50Z,2026-09-23T19:01:50+0200,a0951cff-e3ff-4fab-a385-431e734962aa,2026-09-21T10:30:00Z,2026-09-21T12:30:00+0200,0.0,MW,NL,NL,actual_solar_generation,Solar | Actual Consumption,2026-09-23T17:02:25Z
2026-09-23T17:01:50Z,2026-09-23T19:01:50+0200,a0951cff-e3ff-4fab-a385-431e734962aa,2026-09-21T10:45:00Z,2026-09-21T12:45:00+0200,182.401,MW,NL,NL,actual_solar_generation,Solar | Actual Aggregated,2026-09-23T17:02:25Z
2026-09-23T17:01:50Z,2026-09-23T19:01:50+0200,a0951cff-e3ff-4fab-a385-431e734962aa,2026-09-21T10:45:00Z,2026-09-21T12:45:00+0200,0.0,MW,NL,NL,actual_solar_generation,Solar | Actual Consumption,2026-09-23T17:02:25Z
2026-09-23T17:01:50Z,2026-09-23T19:01:50+0200,a0951cff-e3ff-4fab-a385-431e734962aa,2026-09-21T11:00:00Z,2026-09-21T13:00:00+0200,169.4,MW,NL,NL,actual_solar_generation,Solar | Actual Aggregated,2026-09-23T17:02:25Z
2026-09-23T17:01:50Z,2026-09-23T19:01:50+0200,a0951cff-e3ff-4fab-a385-431e734962aa,2026-09-21T11:00:00Z,2026-09-21T13:00:00+0200,0.0,MW,NL,NL,actual_solar_generation,Solar | Actual Consumption,2026-09-23T17:02:25Z
2026-09-23T17:01:50Z,2026-09-23T19:01:50+0200,a0951cff-e3ff-4fab-a385-431e734962aa,2026-09-21T11:15:00Z,2026-09-21T13:15:00+0200,184.33,MW,NL,NL,actual_solar_generation,Solar | Actual Aggregated,2026-09-23T17:02:25Z
2026-09-23T17:01:50Z,2026-09-23T19:01:50+0200,a0951cff-e3ff-4fab-a385-431e734962aa,2026-09-21T11:15:00Z,2026-09-21T13:15:00+0200,0.0,MW,NL,NL,actual_solar_generation,Solar | Actual Consumption,2026-09-23T17:02:25Z
2026-09-23T17:01:50Z,2026-09-23T19:01:50+0200,a0951cff-e3ff-4fab-a385-431e734962aa,2026-09-21T11:30:00Z,2026-09-21T13:30:00+0200,183.792,MW,NL,NL,actual_solar_generation,Solar | Actual Aggregated,2026-09-23T17:02:25Z
2026-09-23T17:01:50Z,2026-09-23T19:01:50+0200,a0951cff-e3ff-4fab-a385-431e734962aa,2026-09-21T11:30:00Z,2026-09-21T13:30:00+0200,0.0,MW,NL,NL,actual_solar_generation,Solar | Actual Consumption,2026-09-23T17:02:25Z
2026-09-23T17:01:50Z,2026-09-23T19:01:50+0200,a0951cff-e3ff-4fab-a385-431e734962aa,2026-09-21T11:45:00Z,2026-09-21T13:45:00+0200,196.856,MW,NL,NL,actual_solar_generation,Solar | Actual Aggregated,2026-09-23T17:02:25Z
2026-09-23T17:01:50Z,2026-09-23T19:01:50+0200,a0951cff-e3ff-4fab-a385-431e734962aa,2026-09-21T11:45:00Z,2026-09-21T13:45:00+0200,0.0,MW,NL,NL,actual_solar_generation,Solar | Actual Consumption,2026-09-23T17:02:25Z
2026-09-23T17:01:50Z,2026-09-23T19:01:50+0200,a0951cff-e3ff-4fab-a385-431e734962aa,2026-09-21T12:00:00Z,2026-09-21T14:00:00+0200,172.589,MW,NL,NL,actual_solar_generation,Solar | Actual Aggregated,2026-09-23T17:02:25Z
2026-09-23T17:01:50Z,2026-09-23T19:01:50+0200,a0951cff-e3ff-4fab-a385-431e734962aa,2026-09-21T12:00:00Z,2026-09-21T14:00:00+0200,0.0,MW,NL,NL,actual_solar_generation,Solar | Actual Consumption,2026-09-23T17:02:25Z
2026-09-23T17:01:50Z,2026-09-23T19:01:50+0200,a0951cff-e3ff-4fab-a385-431e734962aa,2026-09-21T12:15:00Z,2026-09-21T14:15:00+0200,202.141,MW,NL,NL,actual_solar_generation,Solar | Actual Aggregated,2026-09-23T17:02:25Z
2026-09-23T17:01:50Z,2026-09-23T19:01:50+0200,a0951cff-e3ff-4fab-a385-431e734962aa,2026-09-21T12:15:00Z,2026-09-21T14:15:00+0200,0.0,MW,NL,NL,actual_solar_generation,Solar | Actual Consumption,2026-09-23T17:02:25Z
2026-09-23T17:01:50Z,2026-09-23T19:01:50+0200,a0951cff-e3ff-4fab-a385-431e734962aa,2026-09-21T12:30:00Z,2026-09-21T14:30:00+0200,185.336,MW,NL,NL,actual_solar_generation,Solar | Actual Aggregated,2026-09-23T17:02:25Z
2026-09-23T17:01:50Z,2026-09-23T19:01:50+0200,a0951cff-e3ff-4fab-a385-431e734962aa,2026-09-21T12:30:00Z,2026-09-21T14:30:00+0200,0.0,MW,NL,NL,actual_solar_generation,Solar | Actual Consumption,2026-09-23T17:02:25Z
2026-09-23T17:01:50Z,2026-09-23T19:01:50+0200,a0951cff-e3ff-4fab-a385-431e734962aa,2026-09-21T12:45:00Z,2026-09-21T14:45:00+0200,145.435,MW,NL,NL,actual_solar_generation,Solar | Actual Aggregated,2026-09-23T17:02:25Z
2026-09-23T17:01:50Z,2026-09-23T19:01:50+0200,a0951cff-e3ff-4fab-a385-431e734962aa,2026-09-21T12:45:00Z,2026-09-21T14:45:00+0200,0.0,MW,NL,NL,actual_solar_generation,Solar | Actual Consumption,2026-09-23T17:02:25Z
2026-09-23T17:01:50Z,2026-09-23T19:01:50+0200,a0951cff-e3ff-4fab-a385-431e734962aa,2026-09-21T13:00:00Z,2026-09-21T15:00:00+0200,183.958,MW,NL,NL,actual_solar_generation,Solar | Actual Aggregated,2026-09-23T17:02:25Z
2026-09-23T17:01:50Z,2026-09-23T19:01:50+0200,a0951cff-e3ff-4fab-a385-431e734962aa,2026-09-21T13:00:00Z,2026-09-21T15:00:00+0200,0.0,MW,NL,NL,actual_solar_generation,Solar | Actual Consumption,2026-09-23T17:02:25Z
2026-09-23T17:01:50Z,2026-09-23T19:01:50+0200,a0951cff-e3ff-4fab-a385-431e734962aa,2026-09-21T13:15:00Z,2026-09-21T15:15:00+0200,156.255,MW,NL,NL,actual_solar_generation,Solar | Actual Aggregated,2026-09-23T17:02:25Z
2026-09-23T17:01:50Z,2026-09-23T19:01:50+0200,a0951cff-e3ff-4fab-a385-431e734962aa,2026-09-21T13:15:00Z,2026-09-21T15:15:00+0200,0.0,MW,NL,NL,actual_solar_generation,Solar | Actual Consumption,2026-09-23T17:02:25Z
2026-09-23T17:01:50Z,2026-09-23T19:01:50+0200,a0951cff-e3ff-4fab-a385-431e734962aa,2026-09-21T13:30:00Z,2026-09-21T15:30:00+0200,159.553,MW,NL,NL,actual_solar_generation,Solar | Actual Aggregated,2026-09-23T17:02:25Z
2026-09-23T17:01:50Z,2026-09-23T19:01:50+0200,a0951cff-e3ff-4fab-a385-431e734962aa,2026-09-21T13:30:00Z,2026-09-21T15:30:00+0200,0.0,MW,NL,NL,actual_solar_generation,Solar | Actual Consumption,2026-09-23T17:02:25Z
2026-09-23T17:01:50Z,2026-09-23T19:01:50+0200,a0951cff-e3ff-4fab-a385-431e734962aa,2026-09-21T13:45:00Z,2026-09-21T15:45:00+0200,139.888,MW,NL,NL,actual_solar_generation,Solar | Actual Aggregated,2026-09-23T17:02:25Z
2026-09-23T17:01:50Z,2026-09-23T19:01:50+0200,a0951cff-e3ff-4fab-a385-431e734962aa,2026-09-21T13:45:00Z,2026-09-21T15:45:00+0200,0.0,MW,NL,NL,actual_solar_generation,Solar | Actual Consumption,2026-09-23T17:02:25Z
2026-09-23T17:01:50Z,2026-09-23T19:01:50+0200,a0951cff-e3ff-4fab-a385-431e734962aa,2026-09-21T14:00:00Z,2026-09-21T16:00:00+0200,138.099,MW,NL,NL,actual_solar_generation,Solar | Actual Aggregated,2026-09-23T17:02:25Z
2026-09-23T17:01:50Z,2026-09-23T19:01:50+0200,a0951cff-e3ff-4fab-a385-431e734962aa,2026-09-21T14:00:00Z,2026-09-21T16:00:00+0200,0.0,MW,NL,NL,actual_solar_generation,Solar | Actual Consumption,2026-09-23T17:02:25Z
2026-09-23T17:01:50Z,2026-09-23T19:01:50+0200,a0951cff-e3ff-4fab-a385-431e734962aa,2026-09-21T14:15:00Z,2026-09-21T16:15:00+0200,131.618,MW,NL,NL,actual_solar_generation,Solar | Actual Aggregated,2026-09-23T17:02:25Z
2026-09-23T17:01:50Z,2026-09-23T19:01:50+0200,a0951cff-e3ff-4fab-a385-431e734962aa,2026-09-21T14:15:00Z,2026-09-21T16:15:00+0200,0.0,MW,NL,NL,actual_solar_generation,Solar | Actual Consumption,2026-09-23T17:02:25Z
2026-09-23T17:01:50Z,2026-09-23T19:01:50+0200,a0951cff-e3ff-4fab-a385-431e734962aa,2026-09-21T14:30:00Z,2026-09-21T16:30:00+0200,116.188,MW,NL,NL,actual_solar_generation,Solar | Actual Aggregated,2026-09-23T17:02:25Z
2026-09-23T17:01:50Z,2026-09-23T19:01:50+0200,a0951cff-e3ff-4fab-a385-431e734962aa,2026-09-21T14:30:00Z,2026-09-21T16:30:00+0200,0.0,MW,NL,NL,actual_solar_generation,Solar | Actual Consumption,2026-09-23T17:02:25Z
2026-09-23T17:01:50Z,2026-09-23T19:01:50+0200,a0951cff-e3ff-4fab-a385-431e734962aa,2026-09-21T14:45:00Z,2026-09-21T16:45:00+0200,96.635,MW,NL,NL,actual_solar_generation,Solar | Actual Aggregated,2026-09-23T17:02:25Z
2026-09-23T17:01:50Z,2026-09-23T19:01:50+0200,a0951cff-e3ff-4fab-a385-431e734962aa,2026-09-21T14:45:00Z,2026-09-21T16:45:00+0200,0.0,MW,NL,NL,actual_solar_generation,Solar | Actual Consumption,2026-09-23T17:02:25Z
2026-09-23T17:01:50Z,2026-09-23T19:01:50+0200,a0951cff-e3ff-4fab-a385-431e734962aa,2026-09-21T15:00:00Z,2026-09-21T17:00:00+0200,93.55,MW,NL,NL,actual_solar_generation,Solar | Actual Aggregated,2026-09-23T17:02:25Z
2026-09-23T17:01:50Z,2026-09-23T19:01:50+0200,a0951cff-e3ff-4fab-a385-431e734962aa,2026-09-21T15:00:00Z,2026-09-21T17:00:00+0200,0.0,MW,NL,NL,actual_solar_generation,Solar | Actual Consumption,2026-09-23T17:02:25Z
2026-09-23T17:01:50Z,2026-09-23T19:01:50+0200,a0951cff-e3ff-4fab-a385-431e734962aa,2026-09-21T15:15:00Z,2026-09-21T17:15:00+0200,81.118,MW,NL,NL,actual_solar_generation,Solar | Actual Aggregated,2026-09-23T17:02:25Z
2026-09-23T17:01:50Z,2026-09-23T19:01:50+0200,a0951cff-e3ff-4fab-a385-431e734962aa,2026-09-21T15:15:00Z,2026-09-21T17:15:00+0200,0.0,MW,NL,NL,actual_solar_generation,Solar | Actual Consumption,2026-09-23T17:02:25Z
2026-09-23T17:01:50Z,2026-09-23T19:01:50+0200,a0951cff-e3ff-4fab-a385-431e734962aa,2026-09-21T15:30:00Z,2026-09-21T17:30:00+0200,70.205,MW,NL,NL,actual_solar_generation,Solar | Actual Aggregated,2026-09-23T17:02:25Z
2026-09-23T17:01:50Z,2026-09-23T19:01:50+0200,a0951cff-e3ff-4fab-a385-431e734962aa,2026-09-21T15:30:00Z,2026-09-21T17:30:00+0200,0.0,MW,NL,NL,actual_solar_generation,Solar | Actual Consumption,2026-09-23T17:02:25Z
2026-09-23T17:01:50Z,2026-09-23T19:01:50+0200,a0951cff-e3ff-4fab-a385-431e734962aa,2026-09-21T15:45:00Z,2026-09-21T17:45:00+0200,50.54,MW,NL,NL,actual_solar_generation,Solar | Actual Aggregated,2026-09-23T17:02:25Z
2026-09-23T17:01:50Z,2026-09-23T19:01:50+0200,a0951cff-e3ff-4fab-a385-431e734962aa,2026-09-21T15:45:00Z,2026-09-21T17:45:00+0200,0.0,MW,NL,NL,actual_solar_generation,Solar | Actual Consumption,2026-09-23T17:02:25Z
2026-09-23T17:01:50Z,2026-09-23T19:01:50+0200,a0951cff-e3ff-4fab-a385-431e734962aa,2026-09-21T16:00:00Z,2026-09-21T18:00:00+0200,45.946,MW,NL,NL,actual_solar_generation,Solar | Actual Aggregated,2026-09-23T17:02:25Z
2026-09-23T17:01:50Z,2026-09-23T19:01:50+0200,a0951cff-e3ff-4fab-a385-431e734962aa,2026-09-21T16:00:00Z,2026-09-21T18:00:00+0200,0.0,MW,NL,NL,actual_solar_generation,Solar | Actual Consumption,2026-09-23T17:02:25Z
2026-09-23T17:01:50Z,2026-09-23T19:01:50+0200,a0951cff-e3ff-4fab-a385-431e734962aa,2026-09-21T16:15:00Z,2026-09-21T18:15:00+0200,36.37,MW,NL,NL,actual_solar_generation,Solar | Actual Aggregated,2026-09-23T17:02:25Z
2026-09-23T17:01:50Z,2026-09-23T19:01:50+0200,a0951cff-e3ff-4fab-a385-431e734962aa,2026-09-21T16:15:00Z,2026-09-21T18:15:00+0200,0.0,MW,NL,NL,actual_solar_generation,Solar | Actual Consumption,2026-09-23T17:02:25Z
2026-09-23T17:01:50Z,2026-09-23T19:01:50+0200,a0951cff-e3ff-4fab-a385-431e734962aa,2026-09-21T16:30:00Z,2026-09-21T18:30:00+0200,25.383,MW,NL,NL,actual_solar_generation,Solar | Actual Aggregated,2026-09-23T17:02:25Z
2026-09-23T17:01:50Z,2026-09-23T19:01:50+0200,a0951cff-e3ff-4fab-a385-431e734962aa,2026-09-21T16:30:00Z,2026-09-21T18:30:00+0200,0.0,MW,NL,NL,actual_solar_generation,Solar | Actual Consumption,2026-09-23T17:02:25Z
2026-09-23T17:01:50Z,2026-09-23T19:01:50+0200,a0951cff-e3ff-4fab-a385-431e734962aa,2026-09-21T16:45:00Z,2026-09-21T18:45:00+0200,18.254,MW,NL,NL,actual_solar_generation,Solar | Actual Aggregated,2026-09-23T17:02:25Z
2026-09-23T17:01:50Z,2026-09-23T19:01:50+0200,a0951cff-e3ff-4fab-a385-431e734962aa,2026-09-21T16:45:00Z,2026-09-21T18:45:00+0200,0.0,MW,NL,NL,actual_solar_generation,Solar | Actual Consumption,2026-09-23T17:02:25Z
2026-09-23T17:01:50Z,2026-09-23T19:01:50+0200,a0951cff-e3ff-4fab-a385-431e734962aa,2026-09-21T17:00:00Z,2026-09-21T19:00:00+0200,8.786,MW,NL,NL,actual_solar_generation,Solar | Actual Aggregated,2026-09-23T17:02:25Z
2026-09-23T17:01:50Z,2026-09-23T19:01:50+0200,a0951cff-e3ff-4fab-a385-431e734962aa,2026-09-21T17:00:00Z,2026-09-21T19:00:00+0200,0.0,MW,NL,NL,actual_solar_generation,Solar | Actual Consumption,2026-09-23T17:02:25Z
2026-09-23T17:01:50Z,2026-09-23T19:01:50+0200,a0951cff-e3ff-4fab-a385-431e734962aa,2026-09-21T17:15:00Z,2026-09-21T19:15:00+0200,3.136,MW,NL,NL,actual_solar_generation,Solar | Actual Aggregated,2026-09-23T17:02:25Z
2026-09-23T17:01:50Z,2026-09-23T19:01:50+0200,a0951cff-e3ff-4fab-a385-431e734962aa,2026-09-21T17:15:00Z,2026-09-21T19:15:00+0200,0.0,MW,NL,NL,actual_solar_generation,Solar | Actual Consumption,2026-09-23T17:02:25Z
2026-09-23T17:01:50Z,2026-09-23T19:01:50+0200,a0951cff-e3ff-4fab-a385-431e734962aa,2026-09-21T17:30:00Z,2026-09-21T19:30:00+0200,0.461,MW,NL,NL,actual_solar_generation,Solar | Actual Aggregated,2026-09-23T17:02:25Z
2026-09-23T17:01:50Z,2026-09-23T19:01:50+0200,a0951cff-e3ff-4fab-a385-431e734962aa,2026-09-21T17:30:00Z,2026-09-21T19:30:00+0200,1.014,MW,NL,NL,actual_solar_generation,Solar | Actual Consumption,2026-09-23T17:02:25Z
2026-09-23T17:01:50Z,2026-09-23T19:01:50+0200,a0951cff-e3ff-4fab-a385-431e734962aa,2026-09-21T17:45:00Z,2026-09-21T19:45:00+0200,0.0,MW,NL,NL,actual_solar_generation,Solar | Actual Aggregated,2026-09-23T17:02:25Z
2026-09-23T17:01:50Z,2026-09-23T19:01:50+0200,a0951cff-e3ff-4fab-a385-431e734962aa,2026-09-21T17:45:00Z,2026-09-21T19:45:00+0200,0.117,MW,NL,NL,actual_solar_generation,Solar | Actual Consumption,2026-09-23T17:02:25Z
2026-09-23T17:01:50Z,2026-09-23T19:01:50+0200,a0951cff-e3ff-4fab-a385-431e734962aa,2026-09-21T18:00:00Z,2026-09-21T20:00:00+0200,0.0,MW,NL,NL,actual_solar_generation,Solar | Actual Aggregated,2026-09-23T17:02:25Z
2026-09-23T17:01:50Z,2026-09-23T19:01:50+0200,a0951cff-e3ff-4fab-a385-431e734962aa,2026-09-21T18:00:00Z,2026-09-21T20:00:00+0200,0.128,MW,NL,NL,actual_solar_generation,Solar | Actual Consumption,2026-09-23T17:02:25Z
2026-09-23T17:01:50Z,2026-09-23T19:01:50+0200,a0951cff-e3ff-4fab-a385-431e734962aa,2026-09-21T18:15:00Z,2026-09-21T20:15:00+0200,0.0,MW,NL,NL,actual_solar_generation,Solar | Actual Aggregated,2026-09-23T17:02:25Z
2026-09-23T17:01:50Z,2026-09-23T19:01:50+0200,a0951cff-e3ff-4fab-a385-431e734962aa,2026-09-21T18:15:00Z,2026-09-21T20:15:00+0200,0.124,MW,NL,NL,actual_solar_generation,Solar | Actual Consumption,2026-09-23T17:02:25Z
2026-09-23T17:01:50Z,2026-09-23T19:01:50+0200,a0951cff-e3ff-4fab-a385-431e734962aa,2026-09-21T18:30:00Z,2026-09-21T20:30:00+0200,0.0,MW,NL,NL,actual_solar_generation,Solar | Actual Aggregated,2026-09-23T17:02:25Z
2026-09-23T17:01:50Z,2026-09-23T19:01:50+0200,a0951cff-e3ff-4fab-a385-431e734962aa,2026-09-21T18:30:00Z,2026-09-21T20:30:00+0200,0.124,MW,NL,NL,actual_solar_generation,Solar | Actual Consumption,2026-09-23T17:02:25Z
2026-09-23T17:01:50Z,2026-09-23T19:01:50+0200,a0951cff-e3ff-4fab-a385-431e734962aa,2026-09-21T18:45:00Z,2026-09-21T20:45:00+0200,0.0,MW,NL,NL,actual_solar_generation,Solar | Actual Aggregated,2026-09-23T17:02:25Z
2026-09-23T17:01:50Z,2026-09-23T19:01:50+0200,a0951cff-e3ff-4fab-a385-431e734962aa,2026-09-21T18:45:00Z,2026-09-21T20:45:00+0200,0.124,MW,NL,NL,actual_solar_generation,Solar | Actual Consumption,2026-09-23T17:02:25Z
2026-09-23T17:01:50Z,2026-09-23T19:01:50+0200,a0951cff-e3ff-4fab-a385-431e734962aa,2026-09-21T19:00:00Z,2026-09-21T21:00:00+0200,0.0,MW,NL,NL,actual_solar_generation,Solar | Actual Aggregated,2026-09-23T17:02:25Z
2026-09-23T17:01:50Z,2026-09-23T19:01:50+0200,a0951cff-e3ff-4fab-a385-431e734962aa,2026-09-21T19:00:00Z,2026-09-21T21:00:00+0200,0.124,MW,NL,NL,actual_solar_generation,Solar | Actual Consumption,2026-09-23T17:02:25Z
2026-09-23T17:01:50Z,2026-09-23T19:01:50+0200,a0951cff-e3ff-4fab-a385-431e734962aa,2026-09-21T19:15:00Z,2026-09-21T21:15:00+0200,0.0,MW,NL,NL,actual_solar_generation,Solar | Actual Aggregated,2026-09-23T17:02:25Z
2026-09-23T17:01:50Z,2026-09-23T19:01:50+0200,a0951cff-e3ff-4fab-a385-431e734962aa,2026-09-21T19:15:00Z,2026-09-21T21:15:00+0200,0.124,MW,NL,NL,actual_solar_generation,Solar | Actual Consumption,2026-09-23T17:02:25Z
2026-09-23T17:01:50Z,2026-09-23T19:01:50+0200,a0951cff-e3ff-4fab-a385-431e734962aa,2026-09-21T19:30:00Z,2026-09-21T21:30:00+0200,0.0,MW,NL,NL,actual_solar_generation,Solar | Actual Aggregated,2026-09-23T17:02:25Z
2026-09-23T17:01:50Z,2026-09-23T19:01:50+0200,a0951cff-e3ff-4fab-a385-431e734962aa,2026-09-21T19:30:00Z,2026-09-21T21:30:00+0200,0.124,MW,NL,NL,actual_solar_generation,Solar | Actual Consumption,2026-09-23T17:02:25Z
2026-09-23T17:01:50Z,2026-09-23T19:01:50+0200,a0951cff-e3ff-4fab-a385-431e734962aa,2026-09-21T19:45:00Z,2026-09-21T21:45:00+0200,0.0,MW,NL,NL,actual_solar_generation,Solar | Actual Aggregated,2026-09-23T17:02:25Z
2026-09-23T17:01:50Z,2026-09-23T19:01:50+0200,a0951cff-e3ff-4fab-a385-431e734962aa,2026-09-21T19:45:00Z,2026-09-21T21:45:00+0200,0.124,MW,NL,NL,actual_solar_generation,Solar | Actual Consumption,2026-09-23T17:02:25Z
2026-09-23T17:01:50Z,2026-09-23T19:01:50+0200,a0951cff-e3ff-4fab-a385-431e734962aa,2026-09-21T20:00:00Z,2026-09-21T22:00:00+0200,0.0,MW,NL,NL,actual_solar_generation,Solar | Actual Aggregated,2026-09-23T17:02:25Z
2026-09-23T17:01:50Z,2026-09-23T19:01:50+0200,a0951cff-e3ff-4fab-a385-431e734962aa,2026-09-21T20:00:00Z,2026-09-21T22:00:00+0200,0.124,MW,NL,NL,actual_solar_generation,Solar | Actual Consumption,2026-09-23T17:02:25Z
2026-09-23T17:01:50Z,2026-09-23T19:01:50+0200,a0951cff-e3ff-4fab-a385-431e734962aa,2026-09-21T20:15:00Z,2026-09-21T22:15:00+0200,0.0,MW,NL,NL,actual_solar_generation,Solar | Actual Aggregated,2026-09-23T17:02:25Z
2026-09-23T17:01:50Z,2026-09-23T19:01:50+0200,a0951cff-e3ff-4fab-a385-431e734962aa,2026-09-21T20:15:00Z,2026-09-21T22:15:00+0200,0.124,MW,NL,NL,actual_solar_generation,Solar | Actual Consumption,2026-09-23T17:02:25Z
2026-09-23T17:01:50Z,2026-09-23T19:01:50+0200,a0951cff-e3ff-4fab-a385-431e734962aa,2026-09-21T20:30:00Z,2026-09-21T22:30:00+0200,0.0,MW,NL,NL,actual_solar_generation,Solar | Actual Aggregated,2026-09-23T17:02:25Z
2026-09-23T17:01:50Z,2026-09-23T19:01:50+0200,a0951cff-e3ff-4fab-a385-431e734962aa,2026-09-21T20:30:00Z,2026-09-21T22:30:00+0200,0.124,MW,NL,NL,actual_solar_generation,Solar | Actual Consumption,2026-09-23T17:02:25Z
2026-09-23T17:01:50Z,2026-09-23T19:01:50+0200,a0951cff-e3ff-4fab-a385-431e734962aa,2026-09-21T20:45:00Z,2026-09-21T22:45:00+0200,0.0,MW,NL,NL,actual_solar_generation,Solar | Actual Aggregated,2026-09-23T17:02:25Z
2026-09-23T17:01:50Z,2026-09-23T19:01:50+0200,a0951cff-e3ff-4fab-a385-431e734962aa,2026-09-21T20:45:00Z,2026-09-21T22:45:00+0200,0.124,MW,NL,NL,actual_solar_generation,Solar | Actual Consumption,2026-09-23T17:02:25Z
2026-09-23T17:01:50Z,2026-09-23T19:01:50+0200,a0951cff-e3ff-4fab-a385-431e734962aa,2026-09-21T21:00:00Z,2026-09-21T23:00:00+0200,0.0,MW,NL,NL,actual_solar_generation,Solar | Actual Aggregated,2026-09-23T17:02:25Z
2026-09-23T17:01:50Z,2026-09-23T19:01:50+0200,a0951cff-e3ff-4fab-a385-431e734962aa,2026-09-21T21:00:00Z,2026-09-21T23:00:00+0200,0.124,MW,NL,NL,actual_solar_generation,Solar | Actual Consumption,2026-09-23T17:02:25Z
2026-09-23T17:01:50Z,2026-09-23T19:01:50+0200,a0951cff-e3ff-4fab-a385-431e734962aa,2026-09-21T21:15:00Z,2026-09-21T23:15:00+0200,0.0,MW,NL,NL,actual_solar_generation,Solar | Actual Aggregated,2026-09-23T17:02:25Z
2026-09-23T17:01:50Z,2026-09-23T19:01:50+0200,a0951cff-e3ff-4fab-a385-431e734962aa,2026-09-21T21:15:00Z,2026-09-21T23:15:00+0200,0.124,MW,NL,NL,actual_solar_generation,Solar | Actual Consumption,2026-09-23T17:02:25Z
2026-09-23T17:01:50Z,2026-09-23T19:01:50+0200,a0951cff-e3ff-4fab-a385-431e734962aa,2026-09-21T21:30:00Z,2026-09-21T23:30:00+0200,0.0,MW,NL,NL,actual_solar_generation,Solar | Actual Aggregated,2026-09-23T17:02:25Z
2026-09-23T17:01:50Z,2026-09-23T19:01:50+0200,a0951cff-e3ff-4fab-a385-431e734962aa,2026-09-21T21:30:00Z,2026-09-21T23:30:00+0200,0.124,MW,NL,NL,actual_solar_generation,Solar | Actual Consumption,2026-09-23T17:02:25Z
2026-09-23T17:01:50Z,2026-09-23T19:01:50+0200,a0951cff-e3ff-4fab-a385-431e734962aa,2026-09-21T21:45:00Z,2026-09-21T23:45:00+0200,0.0,MW,NL,NL,actual_solar_generation,Solar | Actual Aggregated,2026-09-23T17:02:25Z
2026-09-23T17:01:50Z,2026-09-23T19:01:50+0200,a0951cff-e3ff-4fab-a385-431e734962aa,2026-09-21T21:45:00Z,2026-09-21T23:45:00+0200,0.124,MW,NL,NL,actual_solar_generation,Solar | Actual Consumption,2026-09-23T17:02:25Z
2026-09-23T17:01:50Z,2026-09-23T19:01:50+0200,a0951cff-e3ff-4fab-a385-431e734962aa,2026-09-21T22:00:00Z,2026-09-22T00:00:00+0200,0.0,MW,NL,NL,actual_solar_generation,Solar | Actual Aggregated,2026-09-23T17:02:25Z
2026-09-23T17:01:50Z,2026-09-23T19:01:50+0200,a0951cff-e3ff-4fab-a385-431e734962aa,2026-09-21T22:00:00Z,2026-09-22T00:00:00+0200,0.124,MW,NL,NL,actual_solar_generation,Solar | Actual Consumption,2026-09-23T17:02:25Z
2026-09-23T17:01:50Z,2026-09-23T19:01:50+0200,a0951cff-e3ff-4fab-a385-431e734962aa,2026-09-21T22:15:00Z,2026-09-22T00:15:00+0200,0.0,MW,NL,NL,actual_solar_generation,Solar | Actual Aggregated,2026-09-23T17:02:25Z
2026-09-23T17:01:50Z,2026-09-23T19:01:50+0200,a0951cff-e3ff-4fab-a385-431e734962aa,2026-09-21T22:15:00Z,2026-09-22T00:15:00+0200,0.124,MW,NL,NL,actual_solar_generation,Solar | Actual Consumption,2026-09-23T17:02:25Z
2026-09-23T17:01:50Z,2026-09-23T19:01:50+0200,a0951cff-e3ff-4fab-a385-431e734962aa,2026-09-21T22:30:00Z,2026-09-22T00:30:00+0200,0.0,MW,NL,NL,actual_solar_generation,Solar | Actual Aggregated,2026-09-23T17:02:25Z
2026-09-23T17:01:50Z,2026-09-23T19:01:50+0200,a0951cff-e3ff-4fab-a385-431e734962aa,2026-09-21T22:30:00Z,2026-09-22T00:30:00+0200,0.124,MW,NL,NL,actual_solar_generation,Solar | Actual Consumption,2026-09-23T17:02:25Z
2026-09-23T17:01:50Z,2026-09-23T19:01:50+0200,a0951cff-e3ff-4fab-a385-431e734962aa,2026-09-21T22:45:00Z,2026-09-22T00:45:00+0200,0.0,MW,NL,NL,actual_solar_generation,Solar | Actual Aggregated,2026-09-23T17:02:25Z
2026-09-23T17:01:50Z,2026-09-23T19:01:50+0200,a0951cff-e3ff-4fab-a385-431e734962aa,2026-09-21T22:45:00Z,2026-09-22T00:45:00+0200,0.124,MW,NL,NL,actual_solar_generation,Solar | Actual Consumption,2026-09-23T17:02:25Z
2026-09-23T17:01:50Z,2026-09-23T19:01:50+0200,a0951cff-e3ff-4fab-a385-431e734962aa,2026-09-21T23:00:00Z,2026-09-22T01:00:00+0200,0.0,MW,NL,NL,actual_solar_generation,Solar | Actual Aggregated,2026-09-23T17:02:25Z
2026-09-23T17:01:50Z,2026-09-23T19:01:50+0200,a0951cff-e3ff-4fab-a385-431e734962aa,2026-09-21T23:00:00Z,2026-09-22T01:00:00+0200,0.118,MW,NL,NL,actual_solar_generation,Solar | Actual Consumption,2026-09-23T17:02:25Z
2026-09-23T17:01:50Z,2026-09-23T19:01:50+0200,a0951cff-e3ff-4fab-a385-431e734962aa,2026-09-21T23:15:00Z,2026-09-22T01:15:00+0200,0.0,MW,NL,NL,actual_solar_generation,Solar | Actual Aggregated,2026-09-23T17:02:25Z
2026-09-23T17:01:50Z,2026-09-23T19:01:50+0200,a0951cff-e3ff-4fab-a385-431e734962aa,2026-09-21T23:15:00Z,2026-09-22T01:15:00+0200,0.116,MW,NL,NL,actual_solar_generation,Solar | Actual Consumption,2026-09-23T17:02:25Z
2026-09-23T17:01:50Z,2026-09-23T19:01:50+0200,a0951cff-e3ff-4fab-a385-431e734962aa,2026-09-21T23:30:00Z,2026-09-22T01:30:00+0200,0.0,MW,NL,NL,actual_solar_generation,Solar | Actual Aggregated,2026-09-23T17:02:25Z
2026-09-23T17:01:50Z,2026-09-23T19:01:50+0200,a0951cff-e3ff-4fab-a385-431e734962aa,2026-09-21T23:30:00Z,2026-09-22T01:30:00+0200,0.121,MW,NL,NL,actual_solar_generation,Solar | Actual Consumption,2026-09-23T17:02:25Z
2026-09-23T17:01:50Z,2026-09-23T19:01:50+0200,a0951cff-e3ff-4fab-a385-431e734962aa,2026-09-21T23:45:00Z,2026-09-22T01:45:00+0200,0.0,MW,NL,NL,actual_solar_generation,Solar | Actual Aggregated,2026-09-23T17:02:25Z
2026-09-23T17:01:50Z,2026-09-23T19:01:50+0200,a0951cff-e3ff-4fab-a385-431e734962aa,2026-09-21T23:45:00Z,2026-09-22T01:45:00+0200,0.121,MW,NL,NL,actual_solar_generation,Solar | Actual Consumption,2026-09-23T17:02:25Z
2026-09-23T17:01:50Z,2026-09-23T19:01:50+0200,a0951cff-e3ff-4fab-a385-431e734962aa,2026-09-22T00:00:00Z,2026-09-22T02:00:00+0200,0.0,MW,NL,NL,actual_solar_generation,Solar | Actual Aggregated,2026-09-23T17:02:25Z
2026-09-23T17:01:50Z,2026-09-23T19:01:50+0200,a0951cff-e3ff-4fab-a385-431e734962aa,2026-09-22T00:00:00Z,2026-09-22T02:00:00+0200,0.121,MW,NL,NL,actual_solar_generation,Solar | Actual Consumption,2026-09-23T17:02:25Z
2026-09-23T17:01:50Z,2026-09-23T19:01:50+0200,a0951cff-e3ff-4fab-a385-431e734962aa,2026-09-22T00:15:00Z,2026-09-22T02:15:00+0200,0.0,MW,NL,NL,actual_solar_generation,Solar | Actual Aggregated,2026-09-23T17:02:25Z
2026-09-23T17:01:50Z,2026-09-23T19:01:50+0200,a0951cff-e3ff-4fab-a385-431e734962aa,2026-09-22T00:15:00Z,2026-09-22T02:15:00+0200,0.121,MW,NL,NL,actual_solar_generation,Solar | Actual Consumption,2026-09-23T17:02:25Z
2026-09-23T17:01:50Z,2026-09-23T19:01:50+0200,a0951cff-e3ff-4fab-a385-431e734962aa,2026-09-22T00:30:00Z,2026-09-22T02:30:00+0200,0.0,MW,NL,NL,actual_solar_generation,Solar | Actual Aggregated,2026-09-23T17:02:25Z
2026-09-23T17:01:50Z,2026-09-23T19:01:50+0200,a0951cff-e3ff-4fab-a385-431e734962aa,2026-09-22T00:30:00Z,2026-09-22T02:30:00+0200,0.121,MW,NL,NL,actual_solar_generation,Solar | Actual Consumption,2026-09-23T17:02:25Z
2026-09-23T17:01:50Z,2026-09-23T19:01:50+0200,a0951cff-e3ff-4fab-a385-431e734962aa,2026-09-22T00:45:00Z,2026-09-22T02:45:00+0200,0.0,MW,NL,NL,actual_solar_generation,Solar | Actual Aggregated,2026-09-23T17:02:25Z
2026-09-23T17:01:50Z,2026-09-23T19:01:50+0200,a0951cff-e3ff-4fab-a385-431e734962aa,2026-09-22T00:45:00Z,2026-09-22T02:45:00+0200,0.121,MW,NL,NL,actual_solar_generation,Solar | Actual Consumption,2026-09-23T17:02:25Z
2026-09-23T17:01:50Z,2026-09-23T19:01:50+0200,a0951cff-e3ff-4fab-a385-431e734962aa,2026-09-22T01:00:00Z,2026-09-22T03:00:00+0200,0.0,MW,NL,NL,actual_solar_generation,Solar | Actual Aggregated,2026-09-23T17:02:25Z
2026-09-23T17:01:50Z,2026-09-23T19:01:50+0200,a0951cff-e3ff-4fab-a385-431e734962aa,2026-09-22T01:00:00Z,2026-09-22T03:00:00+0200,0.125,MW,NL,NL,actual_solar_generation,Solar | Actual Consumption,2026-09-23T17:02:25Z
2026-09-23T17:01:50Z,2026-09-23T19:01:50+0200,a0951cff-e3ff-4fab-a385-431e734962aa,2026-09-22T01:15:00Z,2026-09-22T03:15:00+0200,0.0,MW,NL,NL,actual_solar_generation,Solar | Actual Aggregated,2026-09-23T17:02:25Z
2026-09-23T17:01:50Z,2026-09-23T19:01:50+0200,a0951cff-e3ff-4fab-a385-431e734962aa,2026-09-22T01:15:00Z,2026-09-22T03:15:00+0200,0.134,MW,NL,NL,actual_solar_generation,Solar | Actual Consumption,2026-09-23T17:02:25Z
2026-09-23T17:01:50Z,2026-09-23T19:01:50+0200,a0951cff-e3ff-4fab-a385-431e734962aa,2026-09-22T01:30:00Z,2026-09-22T03:30:00+0200,0.0,MW,NL,NL,actual_solar_generation,Solar | Actual Aggregated,2026-09-23T17:02:25Z
2026-09-23T17:01:50Z,2026-09-23T19:01:50+0200,a0951cff-e3ff-4fab-a385-431e734962aa,2026-09-22T01:30:00Z,2026-09-22T03:30:00+0200,0.111,MW,NL,NL,actual_solar_generation,Solar | Actual Consumption,2026-09-23T17:02:25Z
2026-09-23T17:01:50Z,2026-09-23T19:01:50+0200,a0951cff-e3ff-4fab-a385-431e734962aa,2026-09-22T01:45:00Z,2026-09-22T03:45:00+0200,0.0,MW,NL,NL,actual_solar_generation,Solar | Actual Aggregated,2026-09-23T17:02:25Z
2026-09-23T17:01:50Z,2026-09-23T19:01:50+0200,a0951cff-e3ff-4fab-a385-431e734962aa,2026-09-22T01:45:00Z,2026-09-22T03:45:00+0200,0.136,MW,NL,NL,actual_solar_generation,Solar | Actual Consumption,2026-09-23T17:02:25Z
2026-09-23T17:01:50Z,2026-09-23T19:01:50+0200,a0951cff-e3ff-4fab-a385-431e734962aa,2026-09-22T02:00:00Z,2026-09-22T04:00:00+0200,0.0,MW,NL,NL,actual_solar_generation,Solar | Actual Aggregated,2026-09-23T17:02:25Z
2026-09-23T17:01:50Z,2026-09-23T19:01:50+0200,a0951cff-e3ff-4fab-a385-431e734962aa,2026-09-22T02:00:00Z,2026-09-22T04:00:00+0200,0.114,MW,NL,NL,actual_solar_generation,Solar | Actual Consumption,2026-09-23T17:02:25Z
2026-09-23T17:01:50Z,2026-09-23T19:01:50+0200,a0951cff-e3ff-4fab-a385-431e734962aa,2026-09-22T02:15:00Z,2026-09-22T04:15:00+0200,0.0,MW,NL,NL,actual_solar_generation,Solar | Actual Aggregated,2026-09-23T17:02:25Z
2026-09-23T17:01:50Z,2026-09-23T19:01:50+0200,a0951cff-e3ff-4fab-a385-431e734962aa,2026-09-22T02:15:00Z,2026-09-22T04:15:00+0200,0.13,MW,NL,NL,actual_solar_generation,Solar | Actual Consumption,2026-09-23T17:02:25Z
2026-09-23T17:01:50Z,2026-09-23T19:01:50+0200,a0951cff-e3ff-4fab-a385-431e734962aa,2026-09-22T02:30:00Z,2026-09-22T04:30:00+0200,0.0,MW,NL,NL,actual_solar_generation,Solar | Actual Aggregated,2026-09-23T17:02:25Z
2026-09-23T17:01:50Z,2026-09-23T19:01:50+0200,a0951cff-e3ff-4fab-a385-431e734962aa,2026-09-22T02:30:00Z,2026-09-22T04:30:00+0200,0.111,MW,NL,NL,actual_solar_generation,Solar | Actual Consumption,2026-09-23T17:02:25Z
2026-09-23T17:01:50Z,2026-09-23T19:01:50+0200,a0951cff-e3ff-4fab-a385-431e734962aa,2026-09-22T02:45:00Z,2026-09-22T04:45:00+0200,0.0,MW,NL,NL,actual_solar_generation,Solar | Actual Aggregated,2026-09-23T17:02:25Z
2026-09-23T17:01:50Z,2026-09-23T19:01:50+0200,a0951cff-e3ff-4fab-a385-431e734962aa,2026-09-22T02:45:00Z,2026-09-22T04:45:00+0200,0.13,MW,NL,NL,actual_solar_generation,Solar | Actual Consumption,2026-09-23T17:02:25Z
2026-09-23T17:01:50Z,2026-09-23T19:01:50+0200,a0951cff-e3ff-4fab-a385-431e734962aa,2026-09-22T03:00:00Z,2026-09-22T05:00:00+0200,0.0,MW,NL,NL,actual_solar_generation,Solar | Actual Aggregated,2026-09-23T17:02:25Z
2026-09-23T17:01:50Z,2026-09-23T19:01:50+0200,a0951cff-e3ff-4fab-a385-431e734962aa,2026-09-22T03:00:00Z,2026-09-22T05:00:00+0200,0.13,MW,NL,NL,actual_solar_generation,Solar | Actual Consumption,2026-09-23T17:02:25Z
2026-09-23T17:01:50Z,2026-09-23T19:01:50+0200,a0951cff-e3ff-4fab-a385-431e734962aa,2026-09-22T03:15:00Z,2026-09-22T05:15:00+0200,0.0,MW,NL,NL,actual_solar_generation,Solar | Actual Aggregated,2026-09-23T17:02:25Z
2026-09-23T17:01:50Z,2026-09-23T19:01:50+0200,a0951cff-e3ff-4fab-a385-431e734962aa,2026-09-22T03:15:00Z,2026-09-22T05:15:00+0200,0.122,MW,NL,NL,actual_solar_generation,Solar | Actual Consumption,2026-09-23T17:02:25Z
2026-09-23T17:01:50Z,2026-09-23T19:01:50+0200,a0951cff-e3ff-4fab-a385-431e734962aa,2026-09-22T03:30:00Z,2026-09-22T05:30:00+0200,0.0,MW,NL,NL,actual_solar_generation,Solar | Actual Aggregated,2026-09-23T17:02:25Z
2026-09-23T17:01:50Z,2026-09-23T19:01:50+0200,a0951cff-e3ff-4fab-a385-431e734962aa,2026-09-22T03:30:00Z,2026-09-22T05:30:00+0200,0.122,MW,NL,NL,actual_solar_generation,Solar | Actual Consumption,2026-09-23T17:02:25Z
2026-09-23T17:01:50Z,2026-09-23T19:01:50+0200,a0951cff-e3ff-4fab-a385-431e734962aa,2026-09-22T03:45:00Z,2026-09-22T05:45:00+0200,0.0,MW,NL,NL,actual_solar_generation,Solar | Actual Aggregated,2026-09-23T17:02:25Z
2026-09-23T17:01:50Z,2026-09-23T19:01:50+0200,a0951cff-e3ff-4fab-a385-431e734962aa,2026-09-22T03:45:00Z,2026-09-22T05:45:00+0200,0.122,MW,NL,NL,actual_solar_generation,Solar | Actual Consumption,2026-09-23T17:02:25Z
2026-09-23T17:01:50Z,2026-09-23T19:01:50+0200,a0951cff-e3ff-4fab-a385-431e734962aa,2026-09-22T04:00:00Z,2026-09-22T06:00:00+0200,0.0,MW,NL,NL,actual_solar_generation,Solar | Actual Aggregated,2026-09-23T17:02:25Z
2026-09-23T17:01:50Z,2026-09-23T19:01:50+0200,a0951cff-e3ff-4fab-a385-431e734962aa,2026-09-22T04:00:00Z,2026-09-22T06:00:00+0200,0.122,MW,NL,NL,actual_solar_generation,Solar | Actual Consumption,2026-09-23T17:02:25Z
2026-09-23T17:01:50Z,2026-09-23T19:01:50+0200,a0951cff-e3ff-4fab-a385-431e734962aa,2026-09-22T04:15:00Z,2026-09-22T06:15:00+0200,0.0,MW,NL,NL,actual_solar_generation,Solar | Actual Aggregated,2026-09-23T17:02:25Z
2026-09-23T17:01:50Z,2026-09-23T19:01:50+0200,a0951cff-e3ff-4fab-a385-431e734962aa,2026-09-22T04:15:00Z,2026-09-22T06:15:00+0200,0.122,MW,NL,NL,actual_solar_generation,Solar | Actual Consumption,2026-09-23T17:02:25Z
2026-09-23T17:01:50Z,2026-09-23T19:01:50+0200,a0951cff-e3ff-4fab-a385-431e734962aa,2026-09-22T04:30:00Z,2026-09-22T06:30:00+0200,0.0,MW,NL,NL,actual_solar_generation,Solar | Actual Aggregated,2026-09-23T17:02:25Z
2026-09-23T17:01:50Z,2026-09-23T19:01:50+0200,a0951cff-e3ff-4fab-a385-431e734962aa,2026-09-22T04:30:00Z,2026-09-22T06:30:00+0200,0.122,MW,NL,NL,actual_solar_generation,Solar | Actual Consumption,2026-09-23T17:02:25Z
2026-09-23T17:01:50Z,2026-09-23T19:01:50+0200,a0951cff-e3ff-4fab-a385-431e734962aa,2026-09-22T04:45:00Z,2026-09-22T06:45:00+0200,0.0,MW,NL,NL,actual_solar_generation,Solar | Actual Aggregated,2026-09-23T17:02:25Z
2026-09-23T17:01:50Z,2026-09-23T19:01:50+0200,a0951cff-e3ff-4fab-a385-431e734962aa,2026-09-22T04:45:00Z,2026-09-22T06:45:00+0200,0.122,MW,NL,NL,actual_solar_generation,Solar | Actual Consumption,2026-09-23T17:02:25Z
2026-09-23T17:01:50Z,2026-09-23T19:01:50+0200,a0951cff-e3ff-4fab-a385-431e734962aa,2026-09-22T05:00:00Z,2026-09-22T07:00:00+0200,0.0,MW,NL,NL,actual_solar_generation,Solar | Actual Aggregated,2026-09-23T17:02:25Z
2026-09-23T17:01:50Z,2026-09-23T19:01:50+0200,a0951cff-e3ff-4fab-a385-431e734962aa,2026-09-22T05:00:00Z,2026-09-22T07:00:00+0200,0.122,MW,NL,NL,actual_solar_generation,Solar | Actual Consumption,2026-09-23T17:02:25Z
2026-09-23T17:01:50Z,2026-09-23T19:01:50+0200,a0951cff-e3ff-4fab-a385-431e734962aa,2026-09-22T05:15:00Z,2026-09-22T07:15:00+0200,0.703,MW,NL,NL,actual_solar_generation,Solar | Actual Aggregated,2026-09-23T17:02:25Z
2026-09-23T17:01:50Z,2026-09-23T19:01:50+0200,a0951cff-e3ff-4fab-a385-431e734962aa,2026-09-22T05:15:00Z,2026-09-22T07:15:00+0200,0.0,MW,NL,NL,actual_solar_generation,Solar | Actual Consumption,2026-09-23T17:02:25Z
2026-09-23T17:01:50Z,2026-09-23T19:01:50+0200,a0951cff-e3ff-4fab-a385-431e734962aa,2026-09-22T05:30:00Z,2026-09-22T07:30:00+0200,5.896,MW,NL,NL,actual_solar_generation,Solar | Actual Aggregated,2026-09-23T17:02:25Z
2026-09-23T17:01:50Z,2026-09-23T19:01:50+0200,a0951cff-e3ff-4fab-a385-431e734962aa,2026-09-22T05:30:00Z,2026-09-22T07:30:00+0200,0.0,MW,NL,NL,actual_solar_generation,Solar | Actual Consumption,2026-09-23T17:02:25Z
2026-09-23T17:01:50Z,2026-09-23T19:01:50+0200,a0951cff-e3ff-4fab-a385-431e734962aa,2026-09-22T05:45:00Z,2026-09-22T07:45:00+0200,11.282,MW,NL,NL,actual_solar_generation,Solar | Actual Aggregated,2026-09-23T17:02:25Z
2026-09-23T17:01:50Z,2026-09-23T19:01:50+0200,a0951cff-e3ff-4fab-a385-431e734962aa,2026-09-22T05:45:00Z,2026-09-22T07:45:00+0200,0.0,MW,NL,NL,actual_solar_generation,Solar | Actual Consumption,2026-09-23T17:02:25Z
2026-09-23T17:01:50Z,2026-09-23T19:01:50+0200,a0951cff-e3ff-4fab-a385-431e734962aa,2026-09-22T06:00:00Z,2026-09-22T08:00:00+0200,19.571,MW,NL,NL,actual_solar_generation,Solar | Actual Aggregated,2026-09-23T17:02:25Z
2026-09-23T17:01:50Z,2026-09-23T19:01:50+0200,a0951cff-e3ff-4fab-a385-431e734962aa,2026-09-22T06:00:00Z,2026-09-22T08:00:00+0200,0.0,MW,NL,NL,actual_solar_generation,Solar | Actual Consumption,2026-09-23T17:02:25Z
2026-09-23T17:01:50Z,2026-09-23T19:01:50+0200,a0951cff-e3ff-4fab-a385-431e734962aa,2026-09-22T06:15:00Z,2026-09-22T08:15:00+0200,29.924,MW,NL,NL,actual_solar_generation,Solar | Actual Aggregated,2026-09-23T17:02:25Z
2026-09-23T17:01:50Z,2026-09-23T19:01:50+0200,a0951cff-e3ff-4fab-a385-431e734962aa,2026-09-22T06:15:00Z,2026-09-22T08:15:00+0200,0.0,MW,NL,NL,actual_solar_generation,Solar | Actual Consumption,2026-09-23T17:02:25Z
2026-09-23T17:01:50Z,2026-09-23T19:01:50+0200,a0951cff-e3ff-4fab-a385-431e734962aa,2026-09-22T06:30:00Z,2026-09-22T08:30:00+0200,40.841,MW,NL,NL,actual_solar_generation,Solar | Actual Aggregated,2026-09-23T17:02:25Z
2026-09-23T17:01:50Z,2026-09-23T19:01:50+0200,a0951cff-e3ff-4fab-a385-431e734962aa,2026-09-22T06:30:00Z,2026-09-22T08:30:00+0200,0.0,MW,NL,NL,actual_solar_generation,Solar | Actual Consumption,2026-09-23T17:02:25Z
2026-09-23T17:01:50Z,2026-09-23T19:01:50+0200,a0951cff-e3ff-4fab-a385-431e734962aa,2026-09-22T06:45:00Z,2026-09-22T08:45:00+0200,41.153,MW,NL,NL,actual_solar_generation,Solar | Actual Aggregated,2026-09-23T17:02:25Z
2026-09-23T17:01:50Z,2026-09-23T19:01:50+0200,a0951cff-e3ff-4fab-a385-431e734962aa,2026-09-22T06:45:00Z,2026-09-22T08:45:00+0200,0.0,MW,NL,NL,actual_solar_generation,Solar | Actual Consumption,2026-09-23T17:02:25Z
2026-09-23T17:01:50Z,2026-09-23T19:01:50+0200,a0951cff-e3ff-4fab-a385-431e734962aa,2026-09-22T07:00:00Z,2026-09-22T09:00:00+0200,50.102,MW,NL,NL,actual_solar_generation,Solar | Actual Aggregated,2026-09-23T17:02:25Z
2026-09-23T17:01:50Z,2026-09-23T19:01:50+0200,a0951cff-e3ff-4fab-a385-431e734962aa,2026-09-22T07:00:00Z,2026-09-22T09:00:00+0200,0.0,MW,NL,NL,actual_solar_generation,Solar | Actual Consumption,2026-09-23T17:02:25Z
2026-09-23T17:01:50Z,2026-09-23T19:01:50+0200,a0951cff-e3ff-4fab-a385-431e734962aa,2026-09-22T07:15:00Z,2026-09-22T09:15:00+0200,65.675,MW,NL,NL,actual_solar_generation,Solar | Actual Aggregated,2026-09-23T17:02:25Z
2026-09-23T17:01:50Z,2026-09-23T19:01:50+0200,a0951cff-e3ff-4fab-a385-431e734962aa,2026-09-22T07:15:00Z,2026-09-22T09:15:00+0200,0.0,MW,NL,NL,actual_solar_generation,Solar | Actual Consumption,2026-09-23T17:02:25Z
2026-09-23T17:01:50Z,2026-09-23T19:01:50+0200,a0951cff-e3ff-4fab-a385-431e734962aa,2026-09-22T07:30:00Z,2026-09-22T09:30:00+0200,67.598,MW,NL,NL,actual_solar_generation,Solar | Actual Aggregated,2026-09-23T17:02:25Z
2026-09-23T17:01:50Z,2026-09-23T19:01:50+0200,a0951cff-e3ff-4fab-a385-431e734962aa,2026-09-22T07:30:00Z,2026-09-22T09:30:00+0200,0.0,MW,NL,NL,actual_solar_generation,Solar | Actual Consumption,2026-09-23T17:02:25Z
2026-09-23T17:01:50Z,2026-09-23T19:01:50+0200,a0951cff-e3ff-4fab-a385-431e734962aa,2026-09-22T07:45:00Z,2026-09-22T09:45:00+0200,75.619,MW,NL,NL,actual_solar_generation,Solar | Actual Aggregated,2026-09-23T17:02:25Z
2026-09-23T17:01:50Z,2026-09-23T19:01:50+0200,a0951cff-e3ff-4fab-a385-431e734962aa,2026-09-22T07:45:00Z,2026-09-22T09:45:00+0200,0.0,MW,NL,NL,actual_solar_generation,Solar | Actual Consumption,2026-09-23T17:02:25Z
2026-09-23T17:01:50Z,2026-09-23T19:01:50+0200,a0951cff-e3ff-4fab-a385-431e734962aa,2026-09-22T08:00:00Z,2026-09-22T10:00:00+0200,95.114,MW,NL,NL,actual_solar_generation,Solar | Actual Aggregated,2026-09-23T17:02:25Z
2026-09-23T17:01:50Z,2026-09-23T19:01:50+0200,a0951cff-e3ff-4fab-a385-431e734962aa,2026-09-22T08:00:00Z,2026-09-22T10:00:00+0200,0.0,MW,NL,NL,actual_solar_generation,Solar | Actual Consumption,2026-09-23T17:02:25Z
2026-09-23T17:01:50Z,2026-09-23T19:01:50+0200,a0951cff-e3ff-4fab-a385-431e734962aa,2026-09-22T08:15:00Z,2026-09-22T10:15:00+0200,97.33,MW,NL,NL,actual_solar_generation,Solar | Actual Aggregated,2026-09-23T17:02:25Z
2026-09-23T17:01:50Z,2026-09-23T19:01:50+0200,a0951cff-e3ff-4fab-a385-431e734962aa,2026-09-22T08:15:00Z,2026-09-22T10:15:00+0200,0.0,MW,NL,NL,actual_solar_generation,Solar | Actual Consumption,2026-09-23T17:02:25Z
2026-09-23T17:01:50Z,2026-09-23T19:01:50+0200,a0951cff-e3ff-4fab-a385-431e734962aa,2026-09-22T08:30:00Z,2026-09-22T10:30:00+0200,95.812,MW,NL,NL,actual_solar_generation,Solar | Actual Aggregated,2026-09-23T17:02:25Z
2026-09-23T17:01:50Z,2026-09-23T19:01:50+0200,a0951cff-e3ff-4fab-a385-431e734962aa,2026-09-22T08:30:00Z,2026-09-22T10:30:00+0200,0.0,MW,NL,NL,actual_solar_generation,Solar | Actual Consumption,2026-09-23T17:02:25Z
2026-09-23T17:01:50Z,2026-09-23T19:01:50+0200,a0951cff-e3ff-4fab-a385-431e734962aa,2026-09-22T08:45:00Z,2026-09-22T10:45:00+0200,91.435,MW,NL,NL,actual_solar_generation,Solar | Actual Aggregated,2026-09-23T17:02:25Z
2026-09-23T17:01:50Z,2026-09-23T19:01:50+0200,a0951cff-e3ff-4fab-a385-431e734962aa,2026-09-22T08:45:00Z,2026-09-22T10:45:00+0200,0.0,MW,NL,NL,actual_solar_generation,Solar | Actual Consumption,2026-09-23T17:02:25Z
2026-09-23T17:01:50Z,2026-09-23T19:01:50+0200,a0951cff-e3ff-4fab-a385-431e734962aa,2026-09-22T09:00:00Z,2026-09-22T11:00:00+0200,107.457,MW,NL,NL,actual_solar_generation,Solar | Actual Aggregated,2026-09-23T17:02:25Z
2026-09-23T17:01:50Z,2026-09-23T19:01:50+0200,a0951cff-e3ff-4fab-a385-431e734962aa,2026-09-22T09:00:00Z,2026-09-22T11:00:00+0200,0.0,MW,NL,NL,actual_solar_generation,Solar | Actual Consumption,2026-09-23T17:02:25Z
2026-09-23T17:01:50Z,2026-09-23T19:01:50+0200,a0951cff-e3ff-4fab-a385-431e734962aa,2026-09-22T09:15:00Z,2026-09-22T11:15:00+0200,122.452,MW,NL,NL,actual_solar_generation,Solar | Actual Aggregated,2026-09-23T17:02:25Z
2026-09-23T17:01:50Z,2026-09-23T19:01:50+0200,a0951cff-e3ff-4fab-a385-431e734962aa,2026-09-22T09:15:00Z,2026-09-22T11:15:00+0200,0.0,MW,NL,NL,actual_solar_generation,Solar | Actual Consumption,2026-09-23T17:02:25Z
2026-09-23T17:01:50Z,2026-09-23T19:01:50+0200,a0951cff-e3ff-4fab-a385-431e734962aa,2026-09-22T09:30:00Z,2026-09-22T11:30:00+0200,78.538,MW,NL,NL,actual_solar_generation,Solar | Actual Aggregated,2026-09-23T17:02:25Z
2026-09-23T17:01:50Z,2026-09-23T19:01:50+0200,a0951cff-e3ff-4fab-a385-431e734962aa,2026-09-22T09:30:00Z,2026-09-22T11:30:00+0200,0.0,MW,NL,NL,actual_solar_generation,Solar | Actual Consumption,2026-09-23T17:02:25Z
2026-09-23T17:01:50Z,2026-09-23T19:01:50+0200,a0951cff-e3ff-4fab-a385-431e734962aa,2026-09-22T09:45:00Z,2026-09-22T11:45:00+0200,86.559,MW,NL,NL,actual_solar_generation,Solar | Actual Aggregated,2026-09-23T17:02:25Z
2026-09-23T17:01:50Z,2026-09-23T19:01:50+0200,a0951cff-e3ff-4fab-a385-431e734962aa,2026-09-22T09:45:00Z,2026-09-22T11:45:00+0200,0.0,MW,NL,NL,actual_solar_generation,Solar | Actual Consumption,2026-09-23T17:02:25Z
2026-09-23T17:01:50Z,2026-09-23T19:01:50+0200,a0951cff-e3ff-4fab-a385-431e734962aa,2026-09-22T10:00:00Z,2026-09-22T12:00:00+0200,104.485,MW,NL,NL,actual_solar_generation,Solar | Actual Aggregated,2026-09-23T17:02:25Z
2026-09-23T17:01:50Z,2026-09-23T19:01:50+0200,a0951cff-e3ff-4fab-a385-431e734962aa,2026-09-22T10:00:00Z,2026-09-22T12:00:00+0200,0.0,MW,NL,NL,actual_solar_generation,Solar | Actual Consumption,2026-09-23T17:02:25Z
2026-09-23T17:01:50Z,2026-09-23T19:01:50+0200,a0951cff-e3ff-4fab-a385-431e734962aa,2026-09-22T10:15:00Z,2026-09-22T12:15:00+0200,78.71,MW,NL,NL,actual_solar_generation,Solar | Actual Aggregated,2026-09-23T17:02:25Z
2026-09-23T17:01:50Z,2026-09-23T19:01:50+0200,a0951cff-e3ff-4fab-a385-431e734962aa,2026-09-22T10:15:00Z,2026-09-22T12:15:00+0200,0.0,MW,NL,NL,actual_solar_generation,Solar | Actual Consumption,2026-09-23T17:02:25Z
2026-09-23T17:01:50Z,2026-09-23T19:01:50+0200,a0951cff-e3ff-4fab-a385-431e734962aa,2026-09-22T10:30:00Z,2026-09-22T12:30:00+0200,69.301,MW,NL,NL,actual_solar_generation,Solar | Actual Aggregated,2026-09-23T17:02:25Z
2026-09-23T17:01:50Z,2026-09-23T19:01:50+0200,a0951cff-e3ff-4fab-a385-431e734962aa,2026-09-22T10:30:00Z,2026-09-22T12:30:00+0200,0.0,MW,NL,NL,actual_solar_generation,Solar | Actual Consumption,2026-09-23T17:02:25Z
2026-09-23T17:01:50Z,2026-09-23T19:01:50+0200,a0951cff-e3ff-4fab-a385-431e734962aa,2026-09-22T10:45:00Z,2026-09-22T12:45:00+0200,70.379,MW,NL,NL,actual_solar_generation,Solar | Actual Aggregated,2026-09-23T17:02:25Z
2026-09-23T17:01:50Z,2026-09-23T19:01:50+0200,a0951cff-e3ff-4fab-a385-431e734962aa,2026-09-22T10:45:00Z,2026-09-22T12:45:00+0200,0.0,MW,NL,NL,actual_solar_generation,Solar | Actual Consumption,2026-09-23T17:02:25Z
2026-09-23T17:01:50Z,2026-09-23T19:01:50+0200,a0951cff-e3ff-4fab-a385-431e734962aa,2026-09-22T11:00:00Z,2026-09-22T13:00:00+0200,77.348,MW,NL,NL,actual_solar_generation,Solar | Actual Aggregated,2026-09-23T17:02:25Z
2026-09-23T17:01:50Z,2026-09-23T19:01:50+0200,a0951cff-e3ff-4fab-a385-431e734962aa,2026-09-22T11:00:00Z,2026-09-22T13:00:00+0200,0.0,MW,NL,NL,actual_solar_generation,Solar | Actual Consumption,2026-09-23T17:02:25Z
2026-09-23T17:01:50Z,2026-09-23T19:01:50+0200,a0951cff-e3ff-4fab-a385-431e734962aa,2026-09-22T11:15:00Z,2026-09-22T13:15:00+0200,69.702,MW,NL,NL,actual_solar_generation,Solar | Actual Aggregated,2026-09-23T17:02:25Z
2026-09-23T17:01:50Z,2026-09-23T19:01:50+0200,a0951cff-e3ff-4fab-a385-431e734962aa,2026-09-22T11:15:00Z,2026-09-22T13:15:00+0200,0.0,MW,NL,NL,actual_solar_generation,Solar | Actual Consumption,2026-09-23T17:02:25Z
2026-09-23T17:01:50Z,2026-09-23T19:01:50+0200,a0951cff-e3ff-4fab-a385-431e734962aa,2026-09-22T11:30:00Z,2026-09-22T13:30:00+0200,72.401,MW,NL,NL,actual_solar_generation,Solar | Actual Aggregated,2026-09-23T17:02:25Z
2026-09-23T17:01:50Z,2026-09-23T19:01:50+0200,a0951cff-e3ff-4fab-a385-431e734962aa,2026-09-22T11:30:00Z,2026-09-22T13:30:00+0200,0.0,MW,NL,NL,actual_solar_generation,Solar | Actual Consumption,2026-09-23T17:02:25Z
2026-09-23T17:01:50Z,2026-09-23T19:01:50+0200,a0951cff-e3ff-4fab-a385-431e734962aa,2026-09-22T11:45:00Z,2026-09-22T13:45:00+0200,87.267,MW,NL,NL,actual_solar_generation,Solar | Actual Aggregated,2026-09-23T17:02:25Z
2026-09-23T17:01:50Z,2026-09-23T19:01:50+0200,a0951cff-e3ff-4fab-a385-431e734962aa,2026-09-22T11:45:00Z,2026-09-22T13:45:00+0200,0.0,MW,NL,NL,actual_solar_generation,Solar | Actual Consumption,2026-09-23T17:02:25Z
2026-09-23T17:01:50Z,2026-09-23T19:01:50+0200,a0951cff-e3ff-4fab-a385-431e734962aa,2026-09-22T12:00:00Z,2026-09-22T14:00:00+0200,81.862,MW,NL,NL,actual_solar_generation,Solar | Actual Aggregated,2026-09-23T17:02:25Z
2026-09-23T17:01:50Z,2026-09-23T19:01:50+0200,a0951cff-e3ff-4fab-a385-431e734962aa,2026-09-22T12:00:00Z,2026-09-22T14:00:00+0200,0.0,MW,NL,NL,actual_solar_generation,Solar | Actual Consumption,2026-09-23T17:02:25Z
2026-09-23T17:01:50Z,2026-09-23T19:01:50+0200,a0951cff-e3ff-4fab-a385-431e734962aa,2026-09-22T12:15:00Z,2026-09-22T14:15:00+0200,75.643,MW,NL,NL,actual_solar_generation,Solar | Actual Aggregated,2026-09-23T17:02:25Z
2026-09-23T17:01:50Z,2026-09-23T19:01:50+0200,a0951cff-e3ff-4fab-a385-431e734962aa,2026-09-22T12:15:00Z,2026-09-22T14:15:00+0200,0.0,MW,NL,NL,actual_solar_generation,Solar | Actual Consumption,2026-09-23T17:02:25Z
2026-09-23T17:01:50Z,2026-09-23T19:01:50+0200,a0951cff-e3ff-4fab-a385-431e734962aa,2026-09-22T12:30:00Z,2026-09-22T14:30:00+0200,93.258,MW,NL,NL,actual_solar_generation,Solar | Actual Aggregated,2026-09-23T17:02:25Z
2026-09-23T17:01:50Z,2026-09-23T19:01:50+0200,a0951cff-e3ff-4fab-a385-431e734962aa,2026-09-22T12:30:00Z,2026-09-22T14:30:00+0200,0.0,MW,NL,NL,actual_solar_generation,Solar | Actual Consumption,2026-09-23T17:02:25Z
2026-09-23T17:01:50Z,2026-09-23T19:01:50+0200,a0951cff-e3ff-4fab-a385-431e734962aa,2026-09-22T12:45:00Z,2026-09-22T14:45:00+0200,96.317,MW,NL,NL,actual_solar_generation,Solar | Actual Aggregated,2026-09-23T17:02:25Z
2026-09-23T17:01:50Z,2026-09-23T19:01:50+0200,a0951cff-e3ff-4fab-a385-431e734962aa,2026-09-22T12:45:00Z,2026-09-22T14:45:00+0200,0.0,MW,NL,NL,actual_solar_generation,Solar | Actual Consumption,2026-09-23T17:02:25Z
2026-09-23T17:01:50Z,2026-09-23T19:01:50+0200,a0951cff-e3ff-4fab-a385-431e734962aa,2026-09-22T13:00:00Z,2026-09-22T15:00:00+0200,77.629,MW,NL,NL,actual_solar_generation,Solar | Actual Aggregated,2026-09-23T17:02:25Z
2026-09-23T17:01:50Z,2026-09-23T19:01:50+0200,a0951cff-e3ff-4fab-a385-431e734962aa,2026-09-22T13:00:00Z,2026-09-22T15:00:00+0200,0.0,MW,NL,NL,actual_solar_generation,Solar | Actual Consumption,2026-09-23T17:02:25Z
2026-09-23T17:01:50Z,2026-09-23T19:01:50+0200,a0951cff-e3ff-4fab-a385-431e734962aa,2026-09-22T13:15:00Z,2026-09-22T15:15:00+0200,65.132,MW,NL,NL,actual_solar_generation,Solar | Actual Aggregated,2026-09-23T17:02:25Z
2026-09-23T17:01:50Z,2026-09-23T19:01:50+0200,a0951cff-e3ff-4fab-a385-431e734962aa,2026-09-22T13:15:00Z,2026-09-22T15:15:00+0200,0.0,MW,NL,NL,actual_solar_generation,Solar | Actual Consumption,2026-09-23T17:02:25Z
2026-09-23T17:01:50Z,2026-09-23T19:01:50+0200,a0951cff-e3ff-4fab-a385-431e734962aa,2026-09-22T13:30:00Z,2026-09-22T15:30:00+0200,65.634,MW,NL,NL,actual_solar_generation,Solar | Actual Aggregated,2026-09-23T17:02:25Z
2026-09-23T17:01:50Z,2026-09-23T19:01:50+0200,a0951cff-e3ff-4fab-a385-431e734962aa,2026-09-22T13:30:00Z,2026-09-22T15:30:00+0200,0.0,MW,NL,NL,actual_solar_generation,Solar | Actual Consumption,2026-09-23T17:02:25Z
2026-09-23T17:01:50Z,2026-09-23T19:01:50+0200,a0951cff-e3ff-4fab-a385-431e734962aa,2026-09-22T13:45:00Z,2026-09-22T15:45:00+0200,64.363,MW,NL,NL,actual_solar_generation,Solar | Actual Aggregated,2026-09-23T17:02:25Z
2026-09-23T17:01:50Z,2026-09-23T19:01:50+0200,a0951cff-e3ff-4fab-a385-431e734962aa,2026-09-22T13:45:00Z,2026-09-22T15:45:00+0200,0.0,MW,NL,NL,actual_solar_generation,Solar | Actual Consumption,2026-09-23T17:02:25Z
2026-09-23T17:01:50Z,2026-09-23T19:01:50+0200,a0951cff-e3ff-4fab-a385-431e734962aa,2026-09-22T14:00:00Z,2026-09-22T16:00:00+0200,65.552,MW,NL,NL,actual_solar_generation,Solar | Actual Aggregated,2026-09-23T17:02:25Z
2026-09-23T17:01:50Z,2026-09-23T19:01:50+0200,a0951cff-e3ff-4fab-a385-431e734962aa,2026-09-22T14:00:00Z,2026-09-22T16:00:00+0200,0.0,MW,NL,NL,actual_solar_generation,Solar | Actual Consumption,2026-09-23T17:02:25Z
2026-09-23T17:01:50Z,2026-09-23T19:01:50+0200,a0951cff-e3ff-4fab-a385-431e734962aa,2026-09-22T14:15:00Z,2026-09-22T16:15:00+0200,75.437,MW,NL,NL,actual_solar_generation,Solar | Actual Aggregated,2026-09-23T17:02:25Z
2026-09-23T17:01:50Z,2026-09-23T19:01:50+0200,a0951cff-e3ff-4fab-a385-431e734962aa,2026-09-22T14:15:00Z,2026-09-22T16:15:00+0200,0.0,MW,NL,NL,actual_solar_generation,Solar | Actual Consumption,2026-09-23T17:02:25Z
2026-09-23T17:01:50Z,2026-09-23T19:01:50+0200,a0951cff-e3ff-4fab-a385-431e734962aa,2026-09-22T14:30:00Z,2026-09-22T16:30:00+0200,73.519,MW,NL,NL,actual_solar_generation,Solar | Actual Aggregated,2026-09-23T17:02:25Z
2026-09-23T17:01:50Z,2026-09-23T19:01:50+0200,a0951cff-e3ff-4fab-a385-431e734962aa,2026-09-22T14:30:00Z,2026-09-22T16:30:00+0200,0.0,MW,NL,NL,actual_solar_generation,Solar | Actual Consumption,2026-09-23T17:02:25Z
2026-09-23T17:01:50Z,2026-09-23T19:01:50+0200,a0951cff-e3ff-4fab-a385-431e734962aa,2026-09-22T14:45:00Z,2026-09-22T16:45:00+0200,67.136,MW,NL,NL,actual_solar_generation,Solar | Actual Aggregated,2026-09-23T17:02:25Z
2026-09-23T17:01:50Z,2026-09-23T19:01:50+0200,a0951cff-e3ff-4fab-a385-431e734962aa,2026-09-22T14:45:00Z,2026-09-22T16:45:00+0200,0.0,MW,NL,NL,actual_solar_generation,Solar | Actual Consumption,2026-09-23T17:02:25Z
2026-09-23T17:01:50Z,2026-09-23T19:01:50+0200,a0951cff-e3ff-4fab-a385-431e734962aa,2026-09-22T15:00:00Z,2026-09-22T17:00:00+0200,44.226,MW,NL,NL,actual_solar_generation,Solar | Actual Aggregated,2026-09-23T17:02:25Z
2026-09-23T17:01:50Z,2026-09-23T19:01:50+0200,a0951cff-e3ff-4fab-a385-431e734962aa,2026-09-22T15:00:00Z,2026-09-22T17:00:00+0200,0.0,MW,NL,NL,actual_solar_generation,Solar | Actual Consumption,2026-09-23T17:02:25Z
2026-09-23T17:01:50Z,2026-09-23T19:01:50+0200,a0951cff-e3ff-4fab-a385-431e734962aa,2026-09-22T15:15:00Z,2026-09-22T17:15:00+0200,47.564,MW,NL,NL,actual_solar_generation,Solar | Actual Aggregated,2026-09-23T17:02:25Z
2026-09-23T17:01:50Z,2026-09-23T19:01:50+0200,a0951cff-e3ff-4fab-a385-431e734962aa,2026-09-22T15:15:00Z,2026-09-22T17:15:00+0200,0.0,MW,NL,NL,actual_solar_generation,Solar | Actual Consumption,2026-09-23T17:02:25Z
2026-09-23T17:01:50Z,2026-09-23T19:01:50+0200,a0951cff-e3ff-4fab-a385-431e734962aa,2026-09-22T15:30:00Z,2026-09-22T17:30:00+0200,46.253,MW,NL,NL,actual_solar_generation,Solar | Actual Aggregated,2026-09-23T17:02:25Z
2026-09-23T17:01:50Z,2026-09-23T19:01:50+0200,a0951cff-e3ff-4fab-a385-431e734962aa,2026-09-22T15:30:00Z,2026-09-22T17:30:00+0200,0.0,MW,NL,NL,actual_solar_generation,Solar | Actual Consumption,2026-09-23T17:02:25Z
2026-09-23T17:01:50Z,2026-09-23T19:01:50+0200,a0951cff-e3ff-4fab-a385-431e734962aa,2026-09-22T15:45:00Z,2026-09-22T17:45:00+0200,46.056,MW,NL,NL,actual_solar_generation,Solar | Actual Aggregated,2026-09-23T17:02:25Z
2026-09-23T17:01:50Z,2026-09-23T19:01:50+0200,a0951cff-e3ff-4fab-a385-431e734962aa,2026-09-22T15:45:00Z,2026-09-22T17:45:00+0200,0.0,MW,NL,NL,actual_solar_generation,Solar | Actual Consumption,2026-09-23T17:02:25Z
2026-09-23T17:01:50Z,2026-09-23T19:01:50+0200,a0951cff-e3ff-4fab-a385-431e734962aa,2026-09-22T16:00:00Z,2026-09-22T18:00:00+0200,36.362,MW,NL,NL,actual_solar_generation,Solar | Actual Aggregated,2026-09-23T17:02:25Z
2026-09-23T17:01:50Z,2026-09-23T19:01:50+0200,a0951cff-e3ff-4fab-a385-431e734962aa,2026-09-22T16:00:00Z,2026-09-22T18:00:00+0200,0.0,MW,NL,NL,actual_solar_generation,Solar | Actual Consumption,2026-09-23T17:02:25Z
2026-09-23T17:01:50Z,2026-09-23T19:01:50+0200,a0951cff-e3ff-4fab-a385-431e734962aa,2026-09-22T16:15:00Z,2026-09-22T18:15:00+0200,25.706,MW,NL,NL,actual_solar_generation,Solar | Actual Aggregated,2026-09-23T17:02:25Z
2026-09-23T17:01:50Z,2026-09-23T19:01:50+0200,a0951cff-e3ff-4fab-a385-431e734962aa,2026-09-22T16:15:00Z,2026-09-22T18:15:00+0200,0.0,MW,NL,NL,actual_solar_generation,Solar | Actual Consumption,2026-09-23T17:02:25Z
2026-09-23T17:01:50Z,2026-09-23T19:01:50+0200,a0951cff-e3ff-4fab-a385-431e734962aa,2026-09-22T16:30:00Z,2026-09-22T18:30:00+0200,14.165,MW,NL,NL,actual_solar_generation,Solar | Actual Aggregated,2026-09-23T17:02:25Z
2026-09-23T17:01:50Z,2026-09-23T19:01:50+0200,a0951cff-e3ff-4fab-a385-431e734962aa,2026-09-22T16:30:00Z,2026-09-22T18:30:00+0200,0.0,MW,NL,NL,actual_solar_generation,Solar | Actual Consumption,2026-09-23T17:02:25Z
2026-09-23T17:01:50Z,2026-09-23T19:01:50+0200,a0951cff-e3ff-4fab-a385-431e734962aa,2026-09-22T16:45:00Z,2026-09-22T18:45:00+0200,7.147,MW,NL,NL,actual_solar_generation,Solar | Actual Aggregated,2026-09-23T17:02:25Z
2026-09-23T17:01:50Z,2026-09-23T19:01:50+0200,a0951cff-e3ff-4fab-a385-431e734962aa,2026-09-22T16:45:00Z,2026-09-22T18:45:00+0200,0.0,MW,NL,NL,actual_solar_generation,Solar | Actual Consumption,2026-09-23T17:02:25Z
2026-09-23T17:01:50Z,2026-09-23T19:01:50+0200,a0951cff-e3ff-4fab-a385-431e734962aa,2026-09-22T17:00:00Z,2026-09-22T19:00:00+0200,3.1,MW,NL,NL,actual_solar_generation,Solar | Actual Aggregated,2026-09-23T17:02:25Z
2026-09-23T17:01:50Z,2026-09-23T19:01:50+0200,a0951cff-e3ff-4fab-a385-431e734962aa,2026-09-22T17:00:00Z,2026-09-22T19:00:00+0200,0.0,MW,NL,NL,actual_solar_generation,Solar | Actual Consumption,2026-09-23T17:02:25Z
2026-09-23T17:01:50Z,2026-09-23T19:01:50+0200,a0951cff-e3ff-4fab-a385-431e734962aa,2026-09-22T17:15:00Z,2026-09-22T19:15:00+0200,1.158,MW,NL,NL,actual_solar_generation,Solar | Actual Aggregated,2026-09-23T17:02:25Z
2026-09-23T17:01:50Z,2026-09-23T19:01:50+0200,a0951cff-e3ff-4fab-a385-431e734962aa,2026-09-22T17:15:00Z,2026-09-22T19:15:00+0200,0.0,MW,NL,NL,actual_solar_generation,Solar | Actual Consumption,2026-09-23T17:02:25Z
2026-09-23T17:01:50Z,2026-09-23T19:01:50+0200,a0951cff-e3ff-4fab-a385-431e734962aa,2026-09-22T17:30:00Z,2026-09-22T19:30:00+0200,0.0,MW,NL,NL,actual_solar_generation,Solar | Actual Aggregated,2026-09-23T17:02:25Z
2026-09-23T17:01:50Z,2026-09-23T19:01:50+0200,a0951cff-e3ff-4fab-a385-431e734962aa,2026-09-22T17:30:00Z,2026-09-22T19:30:00+0200,0.563,MW,NL,NL,actual_solar_generation,Solar | Actual Consumption,2026-09-23T17:02:25Z
2026-09-23T17:01:50Z,2026-09-23T19:01:50+0200,a0951cff-e3ff-4fab-a385-431e734962aa,2026-09-22T17:45:00Z,2026-09-22T19:45:00+0200,0.0,MW,NL,NL,actual_solar_generation,Solar | Actual Aggregated,2026-09-23T17:02:25Z
2026-09-23T17:01:50Z,2026-09-23T19:01:50+0200,a0951cff-e3ff-4fab-a385-431e734962aa,2026-09-22T17:45:00Z,2026-09-22T19:45:00+0200,0.126,MW,NL,NL,actual_solar_generation,Solar | Actual Consumption,2026-09-23T17:02:25Z
2026-09-23T17:01:50Z,2026-09-23T19:01:50+0200,a0951cff-e3ff-4fab-a385-431e734962aa,2026-09-22T18:00:00Z,2026-09-22T20:00:00+0200,0.0,MW,NL,NL,actual_solar_generation,Solar | Actual Aggregated,2026-09-23T17:02:25Z
2026-09-23T17:01:50Z,2026-09-23T19:01:50+0200,a0951cff-e3ff-4fab-a385-431e734962aa,2026-09-22T18:00:00Z,2026-09-22T20:00:00+0200,0.126,MW,NL,NL,actual_solar_generation,Solar | Actual Consumption,2026-09-23T17:02:25Z
2026-09-23T17:01:50Z,2026-09-23T19:01:50+0200,a0951cff-e3ff-4fab-a385-431e734962aa,2026-09-22T18:15:00Z,2026-09-22T20:15:00+0200,0.0,MW,NL,NL,actual_solar_generation,Solar | Actual Aggregated,2026-09-23T17:02:25Z
2026-09-23T17:01:50Z,2026-09-23T19:01:50+0200,a0951cff-e3ff-4fab-a385-431e734962aa,2026-09-22T18:15:00Z,2026-09-22T20:15:00+0200,0.126,MW,NL,NL,actual_solar_generation,Solar | Actual Consumption,2026-09-23T17:02:25Z
2026-09-23T17:01:50Z,2026-09-23T19:01:50+0200,a0951cff-e3ff-4fab-a385-431e734962aa,2026-09-22T18:30:00Z,2026-09-22T20:30:00+0200,0.0,MW,NL,NL,actual_solar_generation,Solar | Actual Aggregated,2026-09-23T17:02:25Z
2026-09-23T17:01:50Z,2026-09-23T19:01:50+0200,a0951cff-e3ff-4fab-a385-431e734962aa,2026-09-22T18:30:00Z,2026-09-22T20:30:00+0200,0.115,MW,NL,NL,actual_solar_generation,Solar | Actual Consumption,2026-09-23T17:02:25Z
2026-09-23T17:01:50Z,2026-09-23T19:01:50+0200,a0951cff-e3ff-4fab-a385-431e734962aa,2026-09-22T18:45:00Z,2026-09-22T20:45:00+0200,0.0,MW,NL,NL,actual_solar_generation,Solar | Actual Aggregated,2026-09-23T17:02:25Z
2026-09-23T17:01:50Z,2026-09-23T19:01:50+0200,a0951cff-e3ff-4fab-a385-431e734962aa,2026-09-22T18:45:00Z,2026-09-22T20:45:00+0200,0.118,MW,NL,NL,actual_solar_generation,Solar | Actual Consumption,2026-09-23T17:02:25Z
2026-09-23T17:01:50Z,2026-09-23T19:01:50+0200,a0951cff-e3ff-4fab-a385-431e734962aa,2026-09-22T19:00:00Z,2026-09-22T21:00:00+0200,0.0,MW,NL,NL,actual_solar_generation,Solar | Actual Aggregated,2026-09-23T17:02:25Z
2026-09-23T17:01:50Z,2026-09-23T19:01:50+0200,a0951cff-e3ff-4fab-a385-431e734962aa,2026-09-22T19:00:00Z,2026-09-22T21:00:00+0200,0.122,MW,NL,NL,actual_solar_generation,Solar | Actual Consumption,2026-09-23T17:02:25Z
2026-09-23T17:01:50Z,2026-09-23T19:01:50+0200,a0951cff-e3ff-4fab-a385-431e734962aa,2026-09-22T19:15:00Z,2026-09-22T21:15:00+0200,0.0,MW,NL,NL,actual_solar_generation,Solar | Actual Aggregated,2026-09-23T17:02:25Z
2026-09-23T17:01:50Z,2026-09-23T19:01:50+0200,a0951cff-e3ff-4fab-a385-431e734962aa,2026-09-22T19:15:00Z,2026-09-22T21:15:00+0200,0.122,MW,NL,NL,actual_solar_generation,Solar | Actual Consumption,2026-09-23T17:02:25Z
2026-09-23T17:01:50Z,2026-09-23T19:01:50+0200,a0951cff-e3ff-4fab-a385-431e734962aa,2026-09-22T19:30:00Z,2026-09-22T21:30:00+0200,0.0,MW,NL,NL,actual_solar_generation,Solar | Actual Aggregated,2026-09-23T17:02:25Z
2026-09-23T17:01:50Z,2026-09-23T19:01:50+0200,a0951cff-e3ff-4fab-a385-431e734962aa,2026-09-22T19:30:00Z,2026-09-22T21:30:00+0200,0.122,MW,NL,NL,actual_solar_generation,Solar | Actual Consumption,2026-09-23T17:02:25Z
2026-09-23T17:01:50Z,2026-09-23T19:01:50+0200,a0951cff-e3ff-4fab-a385-431e734962aa,2026-09-22T19:45:00Z,2026-09-22T21:45:00+0200,0.0,MW,NL,NL,actual_solar_generation,Solar | Actual Aggregated,2026-09-23T17:02:25Z
2026-09-23T17:01:50Z,2026-09-23T19:01:50+0200,a0951cff-e3ff-4fab-a385-431e734962aa,2026-09-22T19:45:00Z,2026-09-22T21:45:00+0200,0.122,MW,NL,NL,actual_solar_generation,Solar | Actual Consumption,2026-09-23T17:02:25Z
2026-09-23T17:01:50Z,2026-09-23T19:01:50+0200,a0951cff-e3ff-4fab-a385-431e734962aa,2026-09-22T20:00:00Z,2026-09-22T22:00:00+0200,0.0,MW,NL,NL,actual_solar_generation,Solar | Actual Aggregated,2026-09-23T17:02:25Z
2026-09-23T17:01:50Z,2026-09-23T19:01:50+0200,a0951cff-e3ff-4fab-a385-431e734962aa,2026-09-22T20:00:00Z,2026-09-22T22:00:00+0200,0.122,MW,NL,NL,actual_solar_generation,Solar | Actual Consumption,2026-09-23T17:02:25Z
2026-09-23T17:01:50Z,2026-09-23T19:01:50+0200,a0951cff-e3ff-4fab-a385-431e734962aa,2026-09-22T20:15:00Z,2026-09-22T22:15:00+0200,0.0,MW,NL,NL,actual_solar_generation,Solar | Actual Aggregated,2026-09-23T17:02:25Z
2026-09-23T17:01:50Z,2026-09-23T19:01:50+0200,a0951cff-e3ff-4fab-a385-431e734962aa,2026-09-22T20:15:00Z,2026-09-22T22:15:00+0200,0.131,MW,NL,NL,actual_solar_generation,Solar | Actual Consumption,2026-09-23T17:02:25Z
2026-09-23T17:01:50Z,2026-09-23T19:01:50+0200,a0951cff-e3ff-4fab-a385-431e734962aa,2026-09-22T20:30:00Z,2026-09-22T22:30:00+0200,0.0,MW,NL,NL,actual_solar_generation,Solar | Actual Aggregated,2026-09-23T17:02:25Z
2026-09-23T17:01:50Z,2026-09-23T19:01:50+0200,a0951cff-e3ff-4fab-a385-431e734962aa,2026-09-22T20:30:00Z,2026-09-22T22:30:00+0200,0.128,MW,NL,NL,actual_solar_generation,Solar | Actual Consumption,2026-09-23T17:02:25Z
2026-09-23T17:01:50Z,2026-09-23T19:01:50+0200,a0951cff-e3ff-4fab-a385-431e734962aa,2026-09-22T20:45:00Z,2026-09-22T22:45:00+0200,0.0,MW,NL,NL,actual_solar_generation,Solar | Actual Aggregated,2026-09-23T17:02:25Z
2026-09-23T17:01:50Z,2026-09-23T19:01:50+0200,a0951cff-e3ff-4fab-a385-431e734962aa,2026-09-22T20:45:00Z,2026-09-22T22:45:00+0200,0.113,MW,NL,NL,actual_solar_generation,Solar | Actual Consumption,2026-09-23T17:02:25Z
2026-09-23T17:01:50Z,2026-09-23T19:01:50+0200,a0951cff-e3ff-4fab-a385-431e734962aa,2026-09-22T21:00:00Z,2026-09-22T23:00:00+0200,0.0,MW,NL,NL,actual_solar_generation,Solar | Actual Aggregated,2026-09-23T17:02:25Z
2026-09-23T17:01:50Z,2026-09-23T19:01:50+0200,a0951cff-e3ff-4fab-a385-431e734962aa,2026-09-22T21:00:00Z,2026-09-22T23:00:00+0200,0.127,MW,NL,NL,actual_solar_generation,Solar | Actual Consumption,2026-09-23T17:02:25Z
2026-09-23T17:01:50Z,2026-09-23T19:01:50+0200,a0951cff-e3ff-4fab-a385-431e734962aa,2026-09-22T21:15:00Z,2026-09-22T23:15:00+0200,0.0,MW,NL,NL,actual_solar_generation,Solar | Actual Aggregated,2026-09-23T17:02:25Z
2026-09-23T17:01:50Z,2026-09-23T19:01:50+0200,a0951cff-e3ff-4fab-a385-431e734962aa,2026-09-22T21:15:00Z,2026-09-22T23:15:00+0200,0.127,MW,NL,NL,actual_solar_generation,Solar | Actual Consumption,2026-09-23T17:02:25Z
2026-09-23T17:01:50Z,2026-09-23T19:01:50+0200,a0951cff-e3ff-4fab-a385-431e734962aa,2026-09-22T21:30:00Z,2026-09-22T23:30:00+0200,0.0,MW,NL,NL,actual_solar_generation,Solar | Actual Aggregated,2026-09-23T17:02:25Z
2026-09-23T17:01:50Z,2026-09-23T19:01:50+0200,a0951cff-e3ff-4fab-a385-431e734962aa,2026-09-22T21:30:00Z,2026-09-22T23:30:00+0200,0.118,MW,NL,NL,actual_solar_generation,Solar | Actual Consumption,2026-09-23T17:02:25Z
2026-09-23T17:01:50Z,2026-09-23T19:01:50+0200,a0951cff-e3ff-4fab-a385-431e734962aa,2026-09-22T21:45:00Z,2026-09-22T23:45:00+0200,0.0,MW,NL,NL,actual_solar_generation,Solar | Actual Aggregated,2026-09-23T17:02:25Z
2026-09-23T17:01:50Z,2026-09-23T19:01:50+0200,a0951cff-e3ff-4fab-a385-431e734962aa,2026-09-22T21:45:00Z,2026-09-22T23:45:00+0200,0.126,MW,NL,NL,actual_solar_generation,Solar | Actual Consumption,2026-09-23T17:02:25Z
2026-09-23T17:01:50Z,2026-09-23T19:01:50+0200,a0951cff-e3ff-4fab-a385-431e734962aa,2026-09-22T22:00:00Z,2026-09-23T00:00:00+0200,0.0,MW,NL,NL,actual_solar_generation,Solar | Actual Aggregated,2026-09-23T17:02:25Z
2026-09-23T17:01:50Z,2026-09-23T19:01:50+0200,a0951cff-e3ff-4fab-a385-431e734962aa,2026-09-22T22:00:00Z,2026-09-23T00:00:00+0200,0.11,MW,NL,NL,actual_solar_generation,Solar | Actual Consumption,2026-09-23T17:02:25Z
2026-09-23T17:01:50Z,2026-09-23T19:01:50+0200,a0951cff-e3ff-4fab-a385-431e734962aa,2026-09-22T22:15:00Z,2026-09-23T00:15:00+0200,0.0,MW,NL,NL,actual_solar_generation,Solar | Actual Aggregated,2026-09-23T17:02:25Z
2026-09-23T17:01:50Z,2026-09-23T19:01:50+0200,a0951cff-e3ff-4fab-a385-431e734962aa,2026-09-22T22:15:00Z,2026-09-23T00:15:00+0200,0.128,MW,NL,NL,actual_solar_generation,Solar | Actual Consumption,2026-09-23T17:02:25Z
2026-09-23T17:01:50Z,2026-09-23T19:01:50+0200,a0951cff-e3ff-4fab-a385-431e734962aa,2026-09-22T22:30:00Z,2026-09-23T00:30:00+0200,0.0,MW,NL,NL,actual_solar_generation,Solar | Actual Aggregated,2026-09-23T17:02:25Z
2026-09-23T17:01:50Z,2026-09-23T19:01:50+0200,a0951cff-e3ff-4fab-a385-431e734962aa,2026-09-22T22:30:00Z,2026-09-23T00:30:00+0200,0.123,MW,NL,NL,actual_solar_generation,Solar | Actual Consumption,2026-09-23T17:02:25Z
2026-09-23T17:01:50Z,2026-09-23T19:01:50+0200,a0951cff-e3ff-4fab-a385-431e734962aa,2026-09-22T22:45:00Z,2026-09-23T00:45:00+0200,0.0,MW,NL,NL,actual_solar_generation,Solar | Actual Aggregated,2026-09-23T17:02:25Z
2026-09-23T17:01:50Z,2026-09-23T19:01:50+0200,a0951cff-e3ff-4fab-a385-431e734962aa,2026-09-22T22:45:00Z,2026-09-23T00:45:00+0200,0.113,MW,NL,NL,actual_solar_generation,Solar | Actual Consumption,2026-09-23T17:02:25Z
2026-09-23T17:01:50Z,2026-09-23T19:01:50+0200,a0951cff-e3ff-4fab-a385-431e734962aa,2026-09-22T23:00:00Z,2026-09-23T01:00:00+0200,0.0,MW,NL,NL,actual_solar_generation,Solar | Actual Aggregated,2026-09-23T17:02:25Z
2026-09-23T17:01:50Z,2026-09-23T19:01:50+0200,a0951cff-e3ff-4fab-a385-431e734962aa,2026-09-22T23:00:00Z,2026-09-23T01:00:00+0200,0.136,MW,NL,NL,actual_solar_generation,Solar | Actual Consumption,2026-09-23T17:02:25Z
2026-09-23T17:01:50Z,2026-09-23T19:01:50+0200,a0951cff-e3ff-4fab-a385-431e734962aa,2026-09-22T23:15:00Z,2026-09-23T01:15:00+0200,0.0,MW,NL,NL,actual_solar_generation,Solar | Actual Aggregated,2026-09-23T17:02:25Z
2026-09-23T17:01:50Z,2026-09-23T19:01:50+0200,a0951cff-e3ff-4fab-a385-431e734962aa,2026-09-22T23:15:00Z,2026-09-23T01:15:00+0200,0.111,MW,NL,NL,actual_solar_generation,Solar | Actual Consumption,2026-09-23T17:02:25Z
2026-09-23T17:01:50Z,2026-09-23T19:01:50+0200,a0951cff-e3ff-4fab-a385-431e734962aa,2026-09-22T23:30:00Z,2026-09-23T01:30:00+0200,0.0,MW,NL,NL,actual_solar_generation,Solar | Actual Aggregated,2026-09-23T17:02:25Z
2026-09-23T17:01:50Z,2026-09-23T19:01:50+0200,a0951cff-e3ff-4fab-a385-431e734962aa,2026-09-22T23:30:00Z,2026-09-23T01:30:00+0200,0.143,MW,NL,NL,actual_solar_generation,Solar | Actual Consumption,2026-09-23T17:02:25Z
2026-09-23T17:01:50Z,2026-09-23T19:01:50+0200,a0951cff-e3ff-4fab-a385-431e734962aa,2026-09-22T23:45:00Z,2026-09-23T01:45:00+0200,0.0,MW,NL,NL,actual_solar_generation,Solar | Actual Aggregated,2026-09-23T17:02:25Z
2026-09-23T17:01:50Z,2026-09-23T19:01:50+0200,a0951cff-e3ff-4fab-a385-431e734962aa,2026-09-22T23:45:00Z,2026-09-23T01:45:00+0200,0.118,MW,NL,NL,actual_solar_generation,Solar | Actual Consumption,2026-09-23T17:02:25Z
2026-09-23T17:01:50Z,2026-09-23T19:01:50+0200,a0951cff-e3ff-4fab-a385-431e734962aa,2026-09-23T00:00:00Z,2026-09-23T02:00:00+0200,0.0,MW,NL,NL,actual_solar_generation,Solar | Actual Aggregated,2026-09-23T17:02:25Z
2026-09-23T17:01:50Z,2026-09-23T19:01:50+0200,a0951cff-e3ff-4fab-a385-431e734962aa,2026-09-23T00:00:00Z,2026-09-23T02:00:00+0200,0.115,MW,NL,NL,actual_solar_generation,Solar | Actual Consumption,2026-09-23T17:02:25Z
2026-09-23T17:01:50Z,2026-09-23T19:01:50+0200,a0951cff-e3ff-4fab-a385-431e734962aa,2026-09-23T00:15:00Z,2026-09-23T02:15:00+0200,0.0,MW,NL,NL,actual_solar_generation,Solar | Actual Aggregated,2026-09-23T17:02:25Z
2026-09-23T17:01:50Z,2026-09-23T19:01:50+0200,a0951cff-e3ff-4fab-a385-431e734962aa,2026-09-23T00:15:00Z,2026-09-23T02:15:00+0200,0.119,MW,NL,NL,actual_solar_generation,Solar | Actual Consumption,2026-09-23T17:02:25Z
2026-09-23T17:01:50Z,2026-09-23T19:01:50+0200,a0951cff-e3ff-4fab-a385-431e734962aa,2026-09-23T00:30:00Z,2026-09-23T02:30:00+0200,0.0,MW,NL,NL,actual_solar_generation,Solar | Actual Aggregated,2026-09-23T17:02:25Z
2026-09-23T17:01:50Z,2026-09-23T19:01:50+0200,a0951cff-e3ff-4fab-a385-431e734962aa,2026-09-23T00:30:00Z,2026-09-23T02:30:00+0200,0.126,MW,NL,NL,actual_solar_generation,Solar | Actual Consumption,2026-09-23T17:02:25Z
2026-09-23T17:01:50Z,2026-09-23T19:01:50+0200,a0951cff-e3ff-4fab-a385-431e734962aa,2026-09-23T00:45:00Z,2026-09-23T02:45:00+0200,0.0,MW,NL,NL,actual_solar_generation,Solar | Actual Aggregated,2026-09-23T17:02:25Z
2026-09-23T17:01:50Z,2026-09-23T19:01:50+0200,a0951cff-e3ff-4fab-a385-431e734962aa,2026-09-23T00:45:00Z,2026-09-23T02:45:00+0200,0.126,MW,NL,NL,actual_solar_generation,Solar | Actual Consumption,2026-09-23T17:02:25Z
2026-09-23T17:01:50Z,2026-09-23T19:01:50+0200,a0951cff-e3ff-4fab-a385-431e734962aa,2026-09-23T01:00:00Z,2026-09-23T03:00:00+0200,0.0,MW,NL,NL,actual_solar_generation,Solar | Actual Aggregated,2026-09-23T17:02:25Z
2026-09-23T17:01:50Z,2026-09-23T19:01:50+0200,a0951cff-e3ff-4fab-a385-431e734962aa,2026-09-23T01:00:00Z,2026-09-23T03:00:00+0200,0.126,MW,NL,NL,actual_solar_generation,Solar | Actual Consumption,2026-09-23T17:02:25Z
2026-09-23T17:01:50Z,2026-09-23T19:01:50+0200,a0951cff-e3ff-4fab-a385-431e734962aa,2026-09-23T01:15:00Z,2026-09-23T03:15:00+0200,0.0,MW,NL,NL,actual_solar_generation,Solar | Actual Aggregated,2026-09-23T17:02:25Z
2026-09-23T17:01:50Z,2026-09-23T19:01:50+0200,a0951cff-e3ff-4fab-a385-431e734962aa,2026-09-23T01:15:00Z,2026-09-23T03:15:00+0200,0.126,MW,NL,NL,actual_solar_generation,Solar | Actual Consumption,2026-09-23T17:02:25Z
2026-09-23T17:01:50Z,2026-09-23T19:01:50+0200,a0951cff-e3ff-4fab-a385-431e734962aa,2026-09-23T01:30:00Z,2026-09-23T03:30:00+0200,0.0,MW,NL,NL,actual_solar_generation,Solar | Actual Aggregated,2026-09-23T17:02:25Z
2026-09-23T17:01:50Z,2026-09-23T19:01:50+0200,a0951cff-e3ff-4fab-a385-431e734962aa,2026-09-23T01:30:00Z,2026-09-23T03:30:00+0200,0.108,MW,NL,NL,actual_solar_generation,Solar | Actual Consumption,2026-09-23T17:02:25Z
2026-09-23T17:01:50Z,2026-09-23T19:01:50+0200,a0951cff-e3ff-4fab-a385-431e734962aa,2026-09-23T01:45:00Z,2026-09-23T03:45:00+0200,0.0,MW,NL,NL,actual_solar_generation,Solar | Actual Aggregated,2026-09-23T17:02:25Z
2026-09-23T17:01:50Z,2026-09-23T19:01:50+0200,a0951cff-e3ff-4fab-a385-431e734962aa,2026-09-23T01:45:00Z,2026-09-23T03:45:00+0200,0.127,MW,NL,NL,actual_solar_generation,Solar | Actual Consumption,2026-09-23T17:02:25Z
2026-09-23T17:01:50Z,2026-09-23T19:01:50+0200,a0951cff-e3ff-4fab-a385-431e734962aa,2026-09-23T02:00:00Z,2026-09-23T04:00:00+0200,0.0,MW,NL,NL,actual_solar_generation,Solar | Actual Aggregated,2026-09-23T17:02:25Z
2026-09-23T17:01:50Z,2026-09-23T19:01:50+0200,a0951cff-e3ff-4fab-a385-431e734962aa,2026-09-23T02:00:00Z,2026-09-23T04:00:00+0200,0.127,MW,NL,NL,actual_solar_generation,Solar | Actual Consumption,2026-09-23T17:02:25Z
2026-09-23T17:01:50Z,2026-09-23T19:01:50+0200,a0951cff-e3ff-4fab-a385-431e734962aa,2026-09-23T02:15:00Z,2026-09-23T04:15:00+0200,0.0,MW,NL,NL,actual_solar_generation,Solar | Actual Aggregated,2026-09-23T17:02:25Z
2026-09-23T17:01:50Z,2026-09-23T19:01:50+0200,a0951cff-e3ff-4fab-a385-431e734962aa,2026-09-23T02:15:00Z,2026-09-23T04:15:00+0200,0.127,MW,NL,NL,actual_solar_generation,Solar | Actual Consumption,2026-09-23T17:02:25Z
2026-09-23T17:01:50Z,2026-09-23T19:01:50+0200,a0951cff-e3ff-4fab-a385-431e734962aa,2026-09-23T02:30:00Z,2026-09-23T04:30:00+0200,0.0,MW,NL,NL,actual_solar_generation,Solar | Actual Aggregated,2026-09-23T17:02:25Z
2026-09-23T17:01:50Z,2026-09-23T19:01:50+0200,a0951cff-e3ff-4fab-a385-431e734962aa,2026-09-23T02:30:00Z,2026-09-23T04:30:00+0200,0.12,MW,NL,NL,actual_solar_generation,Solar | Actual Consumption,2026-09-23T17:02:25Z
2026-09-23T17:01:50Z,2026-09-23T19:01:50+0200,a0951cff-e3ff-4fab-a385-431e734962aa,2026-09-23T02:45:00Z,2026-09-23T04:45:00+0200,0.0,MW,NL,NL,actual_solar_generation,Solar | Actual Aggregated,2026-09-23T17:02:25Z
2026-09-23T17:01:50Z,2026-09-23T19:01:50+0200,a0951cff-e3ff-4fab-a385-431e734962aa,2026-09-23T02:45:00Z,2026-09-23T04:45:00+0200,0.117,MW,NL,NL,actual_solar_generation,Solar | Actual Consumption,2026-09-23T17:02:25Z
2026-09-23T17:01:50Z,2026-09-23T19:01:50+0200,a0951cff-e3ff-4fab-a385-431e734962aa,2026-09-23T03:00:00Z,2026-09-23T05:00:00+0200,0.0,MW,NL,NL,actual_solar_generation,Solar | Actual Aggregated,2026-09-23T17:02:25Z
2026-09-23T17:01:50Z,2026-09-23T19:01:50+0200,a0951cff-e3ff-4fab-a385-431e734962aa,2026-09-23T03:00:00Z,2026-09-23T05:00:00+0200,0.124,MW,NL,NL,actual_solar_generation,Solar | Actual Consumption,2026-09-23T17:02:25Z
2026-09-23T17:01:50Z,2026-09-23T19:01:50+0200,a0951cff-e3ff-4fab-a385-431e734962aa,2026-09-23T03:15:00Z,2026-09-23T05:15:00+0200,0.0,MW,NL,NL,actual_solar_generation,Solar | Actual Aggregated,2026-09-23T17:02:25Z
2026-09-23T17:01:50Z,2026-09-23T19:01:50+0200,a0951cff-e3ff-4fab-a385-431e734962aa,2026-09-23T03:15:00Z,2026-09-23T05:15:00+0200,0.128,MW,NL,NL,actual_solar_generation,Solar | Actual Consumption,2026-09-23T17:02:25Z
2026-09-23T17:01:50Z,2026-09-23T19:01:50+0200,a0951cff-e3ff-4fab-a385-431e734962aa,2026-09-23T03:30:00Z,2026-09-23T05:30:00+0200,0.0,MW,NL,NL,actual_solar_generation,Solar | Actual Aggregated,2026-09-23T17:02:25Z
2026-09-23T17:01:50Z,2026-09-23T19:01:50+0200,a0951cff-e3ff-4fab-a385-431e734962aa,2026-09-23T03:30:00Z,2026-09-23T05:30:00+0200,0.128,MW,NL,NL,actual_solar_generation,Solar | Actual Consumption,2026-09-23T17:02:25Z
2026-09-23T17:01:50Z,2026-09-23T19:01:50+0200,a0951cff-e3ff-4fab-a385-431e734962aa,2026-09-23T03:45:00Z,2026-09-23T05:45:00+0200,0.0,MW,NL,NL,actual_solar_generation,Solar | Actual Aggregated,2026-09-23T17:02:25Z
2026-09-23T17:01:50Z,2026-09-23T19:01:50+0200,a0951cff-e3ff-4fab-a385-431e734962aa,2026-09-23T03:45:00Z,2026-09-23T05:45:00+0200,0.121,MW,NL,NL,actual_solar_generation,Solar | Actual Consumption,2026-09-23T17:02:25Z
2026-09-23T17:01:50Z,2026-09-23T19:01:50+0200,a0951cff-e3ff-4fab-a385-431e734962aa,2026-09-23T04:00:00Z,2026-09-23T06:00:00+0200,0.0,MW,NL,NL,actual_solar_generation,Solar | Actual Aggregated,2026-09-23T17:02:25Z
2026-09-23T17:01:50Z,2026-09-23T19:01:50+0200,a0951cff-e3ff-4fab-a385-431e734962aa,2026-09-23T04:00:00Z,2026-09-23T06:00:00+0200,0.117,MW,NL,NL,actual_solar_generation,Solar | Actual Consumption,2026-09-23T17:02:25Z
2026-09-23T17:01:50Z,2026-09-23T19:01:50+0200,a0951cff-e3ff-4fab-a385-431e734962aa,2026-09-23T04:15:00Z,2026-09-23T06:15:00+0200,0.0,MW,NL,NL,actual_solar_generation,Solar | Actual Aggregated,2026-09-23T17:02:25Z
2026-09-23T17:01:50Z,2026-09-23T19:01:50+0200,a0951cff-e3ff-4fab-a385-431e734962aa,2026-09-23T04:15:00Z,2026-09-23T06:15:00+0200,0.121,MW,NL,NL,actual_solar_generation,Solar | Actual Consumption,2026-09-23T17:02:25Z
2026-09-23T17:01:50Z,2026-09-23T19:01:50+0200,a0951cff-e3ff-4fab-a385-431e734962aa,2026-09-23T04:30:00Z,2026-09-23T06:30:00+0200,0.0,MW,NL,NL,actual_solar_generation,Solar | Actual Aggregated,2026-09-23T17:02:25Z
2026-09-23T17:01:50Z,2026-09-23T19:01:50+0200,a0951cff-e3ff-4fab-a385-431e734962aa,2026-09-23T04:30:00Z,2026-09-23T06:30:00+0200,0.13,MW,NL,NL,actual_solar_generation,Solar | Actual Consumption,2026-09-23T17:02:25Z
2026-09-23T17:01:50Z,2026-09-23T19:01:50+0200,a0951cff-e3ff-4fab-a385-431e734962aa,2026-09-23T04:45:00Z,2026-09-23T06:45:00+0200,0.0,MW,NL,NL,actual_solar_generation,Solar | Actual Aggregated,2026-09-23T17:02:25Z
2026-09-23T17:01:50Z,2026-09-23T19:01:50+0200,a0951cff-e3ff-4fab-a385-431e734962aa,2026-09-23T04:45:00Z,2026-09-23T06:45:00+0200,0.121,MW,NL,NL,actual_solar_generation,Solar | Actual Consumption,2026-09-23T17:02:25Z
2026-09-23T17:01:50Z,2026-09-23T19:01:50+0200,a0951cff-e3ff-4fab-a385-431e734962aa,2026-09-23T05:00:00Z,2026-09-23T07:00:00+0200,0.0,MW,NL,NL,actual_solar_generation,Solar | Actual Aggregated,2026-09-23T17:02:25Z
2026-09-23T17:01:50Z,2026-09-23T19:01:50+0200,a0951cff-e3ff-4fab-a385-431e734962aa,2026-09-23T05:00:00Z,2026-09-23T07:00:00+0200,0.121,MW,NL,NL,actual_solar_generation,Solar | Actual Consumption,2026-09-23T17:02:25Z
2026-09-23T17:01:50Z,2026-09-23T19:01:50+0200,a0951cff-e3ff-4fab-a385-431e734962aa,2026-09-23T05:15:00Z,2026-09-23T07:15:00+0200,0.23,MW,NL,NL,actual_solar_generation,Solar | Actual Aggregated,2026-09-23T17:02:25Z
2026-09-23T17:01:50Z,2026-09-23T19:01:50+0200,a0951cff-e3ff-4fab-a385-431e734962aa,2026-09-23T05:15:00Z,2026-09-23T07:15:00+0200,0.121,MW,NL,NL,actual_solar_generation,Solar | Actual Consumption,2026-09-23T17:02:25Z
2026-09-23T17:01:50Z,2026-09-23T19:01:50+0200,a0951cff-e3ff-4fab-a385-431e734962aa,2026-09-23T05:30:00Z,2026-09-23T07:30:00+0200,1.693,MW,NL,NL,actual_solar_generation,Solar | Actual Aggregated,2026-09-23T17:02:25Z
2026-09-23T17:01:50Z,2026-09-23T19:01:50+0200,a0951cff-e3ff-4fab-a385-431e734962aa,2026-09-23T05:30:00Z,2026-09-23T07:30:00+0200,0.0,MW,NL,NL,actual_solar_generation,Solar | Actual Consumption,2026-09-23T17:02:25Z
2026-09-23T17:01:50Z,2026-09-23T19:01:50+0200,a0951cff-e3ff-4fab-a385-431e734962aa,2026-09-23T05:45:00Z,2026-09-23T07:45:00+0200,5.695,MW,NL,NL,actual_solar_generation,Solar | Actual Aggregated,2026-09-23T17:02:25Z
2026-09-23T17:01:50Z,2026-09-23T19:01:50+0200,a0951cff-e3ff-4fab-a385-431e734962aa,2026-09-23T05:45:00Z,2026-09-23T07:45:00+0200,0.0,MW,NL,NL,actual_solar_generation,Solar | Actual Consumption,2026-09-23T17:02:25Z
2026-09-23T17:01:50Z,2026-09-23T19:01:50+0200,a0951cff-e3ff-4fab-a385-431e734962aa,2026-09-23T06:00:00Z,2026-09-23T08:00:00+0200,12.36,MW,NL,NL,actual_solar_generation,Solar | Actual Aggregated,2026-09-23T17:02:25Z
2026-09-23T17:01:50Z,2026-09-23T19:01:50+0200,a0951cff-e3ff-4fab-a385-431e734962aa,2026-09-23T06:00:00Z,2026-09-23T08:00:00+0200,0.0,MW,NL,NL,actual_solar_generation,Solar | Actual Consumption,2026-09-23T17:02:25Z
2026-09-23T17:01:50Z,2026-09-23T19:01:50+0200,a0951cff-e3ff-4fab-a385-431e734962aa,2026-09-23T06:15:00Z,2026-09-23T08:15:00+0200,22.204,MW,NL,NL,actual_solar_generation,Solar | Actual Aggregated,2026-09-23T17:02:25Z
2026-09-23T17:01:50Z,2026-09-23T19:01:50+0200,a0951cff-e3ff-4fab-a385-431e734962aa,2026-09-23T06:15:00Z,2026-09-23T08:15:00+0200,0.0,MW,NL,NL,actual_solar_generation,Solar | Actual Consumption,2026-09-23T17:02:25Z
2026-09-23T17:01:50Z,2026-09-23T19:01:50+0200,a0951cff-e3ff-4fab-a385-431e734962aa,2026-09-23T06:30:00Z,2026-09-23T08:30:00+0200,25.736,MW,NL,NL,actual_solar_generation,Solar | Actual Aggregated,2026-09-23T17:02:25Z
2026-09-23T17:01:50Z,2026-09-23T19:01:50+0200,a0951cff-e3ff-4fab-a385-431e734962aa,2026-09-23T06:30:00Z,2026-09-23T08:30:00+0200,0.0,MW,NL,NL,actual_solar_generation,Solar | Actual Consumption,2026-09-23T17:02:25Z
2026-09-23T17:01:50Z,2026-09-23T19:01:50+0200,a0951cff-e3ff-4fab-a385-431e734962aa,2026-09-23T06:45:00Z,2026-09-23T08:45:00+0200,24.339,MW,NL,NL,actual_solar_generation,Solar | Actual Aggregated,2026-09-23T17:02:25Z
2026-09-23T17:01:50Z,2026-09-23T19:01:50+0200,a0951cff-e3ff-4fab-a385-431e734962aa,2026-09-23T06:45:00Z,2026-09-23T08:45:00+0200,0.0,MW,NL,NL,actual_solar_generation,Solar | Actual Consumption,2026-09-23T17:02:25Z
2026-09-23T17:01:50Z,2026-09-23T19:01:50+0200,a0951cff-e3ff-4fab-a385-431e734962aa,2026-09-23T07:00:00Z,2026-09-23T09:00:00+0200,43.023,MW,NL,NL,actual_solar_generation,Solar | Actual Aggregated,2026-09-23T17:02:25Z
2026-09-23T17:01:50Z,2026-09-23T19:01:50+0200,a0951cff-e3ff-4fab-a385-431e734962aa,2026-09-23T07:00:00Z,2026-09-23T09:00:00+0200,0.0,MW,NL,NL,actual_solar_generation,Solar | Actual Consumption,2026-09-23T17:02:25Z
2026-09-23T17:01:50Z,2026-09-23T19:01:50+0200,a0951cff-e3ff-4fab-a385-431e734962aa,2026-09-23T07:15:00Z,2026-09-23T09:15:00+0200,81.298,MW,NL,NL,actual_solar_generation,Solar | Actual Aggregated,2026-09-23T17:02:25Z
2026-09-23T17:01:50Z,2026-09-23T19:01:50+0200,a0951cff-e3ff-4fab-a385-431e734962aa,2026-09-23T07:15:00Z,2026-09-23T09:15:00+0200,0.0,MW,NL,NL,actual_solar_generation,Solar | Actual Consumption,2026-09-23T17:02:25Z
2026-09-23T17:01:50Z,2026-09-23T19:01:50+0200,a0951cff-e3ff-4fab-a385-431e734962aa,2026-09-23T07:30:00Z,2026-09-23T09:30:00+0200,79.156,MW,NL,NL,actual_solar_generation,Solar | Actual Aggregated,2026-09-23T17:02:25Z
2026-09-23T17:01:50Z,2026-09-23T19:01:50+0200,a0951cff-e3ff-4fab-a385-431e734962aa,2026-09-23T07:30:00Z,2026-09-23T09:30:00+0200,0.0,MW,NL,NL,actual_solar_generation,Solar | Actual Consumption,2026-09-23T17:02:25Z
2026-09-23T17:01:50Z,2026-09-23T19:01:50+0200,a0951cff-e3ff-4fab-a385-431e734962aa,2026-09-23T07:45:00Z,2026-09-23T09:45:00+0200,76.976,MW,NL,NL,actual_solar_generation,Solar | Actual Aggregated,2026-09-23T17:02:25Z
2026-09-23T17:01:50Z,2026-09-23T19:01:50+0200,a0951cff-e3ff-4fab-a385-431e734962aa,2026-09-23T07:45:00Z,2026-09-23T09:45:00+0200,0.0,MW,NL,NL,actual_solar_generation,Solar | Actual Consumption,2026-09-23T17:02:25Z
2026-09-23T17:01:50Z,2026-09-23T19:01:50+0200,a0951cff-e3ff-4fab-a385-431e734962aa,2026-09-23T08:00:00Z,2026-09-23T10:00:00+0200,86.448,MW,NL,NL,actual_solar_generation,Solar | Actual Aggregated,2026-09-23T17:02:25Z
2026-09-23T17:01:50Z,2026-09-23T19:01:50+0200,a0951cff-e3ff-4fab-a385-431e734962aa,2026-09-23T08:00:00Z,2026-09-23T10:00:00+0200,0.0,MW,NL,NL,actual_solar_generation,Solar | Actual Consumption,2026-09-23T17:02:25Z
2026-09-23T17:01:50Z,2026-09-23T19:01:50+0200,a0951cff-e3ff-4fab-a385-431e734962aa,2026-09-23T08:15:00Z,2026-09-23T10:15:00+0200,131.878,MW,NL,NL,actual_solar_generation,Solar | Actual Aggregated,2026-09-23T17:02:25Z
2026-09-23T17:01:50Z,2026-09-23T19:01:50+0200,a0951cff-e3ff-4fab-a385-431e734962aa,2026-09-23T08:15:00Z,2026-09-23T10:15:00+0200,0.0,MW,NL,NL,actual_solar_generation,Solar | Actual Consumption,2026-09-23T17:02:25Z
2026-09-23T17:01:50Z,2026-09-23T19:01:50+0200,a0951cff-e3ff-4fab-a385-431e734962aa,2026-09-23T08:30:00Z,2026-09-23T10:30:00+0200,148.333,MW,NL,NL,actual_solar_generation,Solar | Actual Aggregated,2026-09-23T17:02:25Z
2026-09-23T17:01:50Z,2026-09-23T19:01:50+0200,a0951cff-e3ff-4fab-a385-431e734962aa,2026-09-23T08:30:00Z,2026-09-23T10:30:00+0200,0.0,MW,NL,NL,actual_solar_generation,Solar | Actual Consumption,2026-09-23T17:02:25Z
2026-09-23T17:01:50Z,2026-09-23T19:01:50+0200,a0951cff-e3ff-4fab-a385-431e734962aa,2026-09-23T08:45:00Z,2026-09-23T10:45:00+0200,158.368,MW,NL,NL,actual_solar_generation,Solar | Actual Aggregated,2026-09-23T17:02:25Z
2026-09-23T17:01:50Z,2026-09-23T19:01:50+0200,a0951cff-e3ff-4fab-a385-431e734962aa,2026-09-23T08:45:00Z,2026-09-23T10:45:00+0200,0.0,MW,NL,NL,actual_solar_generation,Solar | Actual Consumption,2026-09-23T17:02:25Z
2026-09-23T17:01:50Z,2026-09-23T19:01:50+0200,a0951cff-e3ff-4fab-a385-431e734962aa,2026-09-23T09:00:00Z,2026-09-23T11:00:00+0200,169.308,MW,NL,NL,actual_solar_generation,Solar | Actual Aggregated,2026-09-23T17:02:25Z
2026-09-23T17:01:50Z,2026-09-23T19:01:50+0200,a0951cff-e3ff-4fab-a385-431e734962aa,2026-09-23T09:00:00Z,2026-09-23T11:00:00+0200,0.0,MW,NL,NL,actual_solar_generation,Solar | Actual Consumption,2026-09-23T17:02:25Z
2026-09-23T17:01:50Z,2026-09-23T19:01:50+0200,a0951cff-e3ff-4fab-a385-431e734962aa,2026-09-23T09:15:00Z,2026-09-23T11:15:00+0200,169.695,MW,NL,NL,actual_solar_generation,Solar | Actual Aggregated,2026-09-23T17:02:25Z
2026-09-23T17:01:50Z,2026-09-23T19:01:50+0200,a0951cff-e3ff-4fab-a385-431e734962aa,2026-09-23T09:15:00Z,2026-09-23T11:15:00+0200,0.0,MW,NL,NL,actual_solar_generation,Solar | Actual Consumption,2026-09-23T17:02:25Z
2026-09-23T17:01:50Z,2026-09-23T19:01:50+0200,a0951cff-e3ff-4fab-a385-431e734962aa,2026-09-23T09:30:00Z,2026-09-23T11:30:00+0200,179.999,MW,NL,NL,actual_solar_generation,Solar | Actual Aggregated,2026-09-23T17:02:25Z
2026-09-23T17:01:50Z,2026-09-23T19:01:50+0200,a0951cff-e3ff-4fab-a385-431e734962aa,2026-09-23T09:30:00Z,2026-09-23T11:30:00+0200,0.0,MW,NL,NL,actual_solar_generation,Solar | Actual Consumption,2026-09-23T17:02:25Z
2026-09-23T17:01:50Z,2026-09-23T19:01:50+0200,a0951cff-e3ff-4fab-a385-431e734962aa,2026-09-23T09:45:00Z,2026-09-23T11:45:00+0200,184.992,MW,NL,NL,actual_solar_generation,Solar | Actual Aggregated,2026-09-23T17:02:25Z
2026-09-23T17:01:50Z,2026-09-23T19:01:50+0200,a0951cff-e3ff-4fab-a385-431e734962aa,2026-09-23T09:45:00Z,2026-09-23T11:45:00+0200,0.0,MW,NL,NL,actual_solar_generation,Solar | Actual Consumption,2026-09-23T17:02:25Z
2026-09-23T17:01:50Z,2026-09-23T19:01:50+0200,a0951cff-e3ff-4fab-a385-431e734962aa,2026-09-23T10:00:00Z,2026-09-23T12:00:00+0200,178.561,MW,NL,NL,actual_solar_generation,Solar | Actual Aggregated,2026-09-23T17:02:25Z
2026-09-23T17:01:50Z,2026-09-23T19:01:50+0200,a0951cff-e3ff-4fab-a385-431e734962aa,2026-09-23T10:00:00Z,2026-09-23T12:00:00+0200,0.0,MW,NL,NL,actual_solar_generation,Solar | Actual Consumption,2026-09-23T17:02:25Z
2026-09-23T17:01:50Z,2026-09-23T19:01:50+0200,a0951cff-e3ff-4fab-a385-431e734962aa,2026-09-23T10:15:00Z,2026-09-23T12:15:00+0200,199.171,MW,NL,NL,actual_solar_generation,Solar | Actual Aggregated,2026-09-23T17:02:25Z
2026-09-23T17:01:50Z,2026-09-23T19:01:50+0200,a0951cff-e3ff-4fab-a385-431e734962aa,2026-09-23T10:15:00Z,2026-09-23T12:15:00+0200,0.0,MW,NL,NL,actual_solar_generation,Solar | Actual Consumption,2026-09-23T17:02:25Z
2026-09-23T17:01:50Z,2026-09-23T19:01:50+0200,a0951cff-e3ff-4fab-a385-431e734962aa,2026-09-23T10:30:00Z,2026-09-23T12:30:00+0200,184.712,MW,NL,NL,actual_solar_generation,Solar | Actual Aggregated,2026-09-23T17:02:25Z
2026-09-23T17:01:50Z,2026-09-23T19:01:50+0200,a0951cff-e3ff-4fab-a385-431e734962aa,2026-09-23T10:30:00Z,2026-09-23T12:30:00+0200,0.0,MW,NL,NL,actual_solar_generation,Solar | Actual Consumption,2026-09-23T17:02:25Z
2026-09-23T17:01:50Z,2026-09-23T19:01:50+0200,a0951cff-e3ff-4fab-a385-431e734962aa,2026-09-23T10:45:00Z,2026-09-23T12:45:00+0200,152.942,MW,NL,NL,actual_solar_generation,Solar | Actual Aggregated,2026-09-23T17:02:25Z
2026-09-23T17:01:50Z,2026-09-23T19:01:50+0200,a0951cff-e3ff-4fab-a385-431e734962aa,2026-09-23T10:45:00Z,2026-09-23T12:45:00+0200,0.0,MW,NL,NL,actual_solar_generation,Solar | Actual Consumption,2026-09-23T17:02:25Z
2026-09-23T17:01:50Z,2026-09-23T19:01:50+0200,a0951cff-e3ff-4fab-a385-431e734962aa,2026-09-23T11:00:00Z,2026-09-23T13:00:00+0200,159.294,MW,NL,NL,actual_solar_generation,Solar | Actual Aggregated,2026-09-23T17:02:25Z
2026-09-23T17:01:50Z,2026-09-23T19:01:50+0200,a0951cff-e3ff-4fab-a385-431e734962aa,2026-09-23T11:00:00Z,2026-09-23T13:00:00+0200,0.0,MW,NL,NL,actual_solar_generation,Solar | Actual Consumption,2026-09-23T17:02:25Z
2026-09-23T17:01:50Z,2026-09-23T19:01:50+0200,a0951cff-e3ff-4fab-a385-431e734962aa,2026-09-23T11:15:00Z,2026-09-23T13:15:00+0200,184.752,MW,NL,NL,actual_solar_generation,Solar | Actual Aggregated,2026-09-23T17:02:25Z
2026-09-23T17:01:50Z,2026-09-23T19:01:50+0200,a0951cff-e3ff-4fab-a385-431e734962aa,2026-09-23T11:15:00Z,2026-09-23T13:15:00+0200,0.0,MW,NL,NL,actual_solar_generation,Solar | Actual Consumption,2026-09-23T17:02:25Z
2026-09-23T17:01:50Z,2026-09-23T19:01:50+0200,a0951cff-e3ff-4fab-a385-431e734962aa,2026-09-23T11:30:00Z,2026-09-23T13:30:00+0200,153.746,MW,NL,NL,actual_solar_generation,Solar | Actual Aggregated,2026-09-23T17:02:25Z
2026-09-23T17:01:50Z,2026-09-23T19:01:50+0200,a0951cff-e3ff-4fab-a385-431e734962aa,2026-09-23T11:30:00Z,2026-09-23T13:30:00+0200,0.0,MW,NL,NL,actual_solar_generation,Solar | Actual Consumption,2026-09-23T17:02:25Z
2026-09-23T17:01:50Z,2026-09-23T19:01:50+0200,a0951cff-e3ff-4fab-a385-431e734962aa,2026-09-23T11:45:00Z,2026-09-23T13:45:00+0200,153.797,MW,NL,NL,actual_solar_generation,Solar | Actual Aggregated,2026-09-23T17:02:25Z
2026-09-23T17:01:50Z,2026-09-23T19:01:50+0200,a0951cff-e3ff-4fab-a385-431e734962aa,2026-09-23T11:45:00Z,2026-09-23T13:45:00+0200,0.0,MW,NL,NL,actual_solar_generation,Solar | Actual Consumption,2026-09-23T17:02:25Z
2026-09-23T17:01:50Z,2026-09-23T19:01:50+0200,a0951cff-e3ff-4fab-a385-431e734962aa,2026-09-23T12:00:00Z,2026-09-23T14:00:00+0200,132.897,MW,NL,NL,actual_solar_generation,Solar | Actual Aggregated,2026-09-23T17:02:25Z
2026-09-23T17:01:50Z,2026-09-23T19:01:50+0200,a0951cff-e3ff-4fab-a385-431e734962aa,2026-09-23T12:00:00Z,2026-09-23T14:00:00+0200,0.0,MW,NL,NL,actual_solar_generation,Solar | Actual Consumption,2026-09-23T17:02:25Z
2026-09-23T17:01:50Z,2026-09-23T19:01:50+0200,a0951cff-e3ff-4fab-a385-431e734962aa,2026-09-23T12:15:00Z,2026-09-23T14:15:00+0200,149.978,MW,NL,NL,actual_solar_generation,Solar | Actual Aggregated,2026-09-23T17:02:25Z
2026-09-23T17:01:50Z,2026-09-23T19:01:50+0200,a0951cff-e3ff-4fab-a385-431e734962aa,2026-09-23T12:15:00Z,2026-09-23T14:15:00+0200,0.0,MW,NL,NL,actual_solar_generation,Solar | Actual Consumption,2026-09-23T17:02:25Z
2026-09-23T17:01:50Z,2026-09-23T19:01:50+0200,a0951cff-e3ff-4fab-a385-431e734962aa,2026-09-23T12:30:00Z,2026-09-23T14:30:00+0200,140.336,MW,NL,NL,actual_solar_generation,Solar | Actual Aggregated,2026-09-23T17:02:25Z
2026-09-23T17:01:50Z,2026-09-23T19:01:50+0200,a0951cff-e3ff-4fab-a385-431e734962aa,2026-09-23T12:30:00Z,2026-09-23T14:30:00+0200,0.0,MW,NL,NL,actual_solar_generation,Solar | Actual Consumption,2026-09-23T17:02:25Z
2026-09-23T17:01:50Z,2026-09-23T19:01:50+0200,a0951cff-e3ff-4fab-a385-431e734962aa,2026-09-23T12:45:00Z,2026-09-23T14:45:00+0200,120.542,MW,NL,NL,actual_solar_generation,Solar | Actual Aggregated,2026-09-23T17:02:25Z
2026-09-23T17:01:50Z,2026-09-23T19:01:50+0200,a0951cff-e3ff-4fab-a385-431e734962aa,2026-09-23T12:45:00Z,2026-09-23T14:45:00+0200,0.0,MW,NL,NL,actual_solar_generation,Solar | Actual Consumption,2026-09-23T17:02:25Z
2026-09-23T17:01:50Z,2026-09-23T19:01:50+0200,a0951cff-e3ff-4fab-a385-431e734962aa,2026-09-23T13:00:00Z,2026-09-23T15:00:00+0200,84.237,MW,NL,NL,actual_solar_generation,Solar | Actual Aggregated,2026-09-23T17:02:25Z
2026-09-23T17:01:50Z,2026-09-23T19:01:50+0200,a0951cff-e3ff-4fab-a385-431e734962aa,2026-09-23T13:00:00Z,2026-09-23T15:00:00+0200,0.0,MW,NL,NL,actual_solar_generation,Solar | Actual Consumption,2026-09-23T17:02:25Z
2026-09-23T17:01:50Z,2026-09-23T19:01:50+0200,a0951cff-e3ff-4fab-a385-431e734962aa,2026-09-23T13:15:00Z,2026-09-23T15:15:00+0200,74.482,MW,NL,NL,actual_solar_generation,Solar | Actual Aggregated,2026-09-23T17:02:25Z
2026-09-23T17:01:50Z,2026-09-23T19:01:50+0200,a0951cff-e3ff-4fab-a385-431e734962aa,2026-09-23T13:15:00Z,2026-09-23T15:15:00+0200,0.0,MW,NL,NL,actual_solar_generation,Solar | Actual Consumption,2026-09-23T17:02:25Z
2026-09-23T17:01:50Z,2026-09-23T19:01:50+0200,a0951cff-e3ff-4fab-a385-431e734962aa,2026-09-23T13:30:00Z,2026-09-23T15:30:00+0200,59.157,MW,NL,NL,actual_solar_generation,Solar | Actual Aggregated,2026-09-23T17:02:25Z
2026-09-23T17:01:50Z,2026-09-23T19:01:50+0200,a0951cff-e3ff-4fab-a385-431e734962aa,2026-09-23T13:30:00Z,2026-09-23T15:30:00+0200,0.0,MW,NL,NL,actual_solar_generation,Solar | Actual Consumption,2026-09-23T17:02:25Z
2026-09-23T17:01:50Z,2026-09-23T19:01:50+0200,a0951cff-e3ff-4fab-a385-431e734962aa,2026-09-23T13:45:00Z,2026-09-23T15:45:00+0200,40.874,MW,NL,NL,actual_solar_generation,Solar | Actual Aggregated,2026-09-23T17:02:25Z
2026-09-23T17:01:50Z,2026-09-23T19:01:50+0200,a0951cff-e3ff-4fab-a385-431e734962aa,2026-09-23T13:45:00Z,2026-09-23T15:45:00+0200,0.0,MW,NL,NL,actual_solar_generation,Solar | Actual Consumption,2026-09-23T17:02:25Z
2026-09-23T17:01:50Z,2026-09-23T19:01:50+0200,a0951cff-e3ff-4fab-a385-431e734962aa,2026-09-23T14:00:00Z,2026-09-23T16:00:00+0200,51.738,MW,NL,NL,actual_solar_generation,Solar | Actual Aggregated,2026-09-23T17:02:25Z
2026-09-23T17:01:50Z,2026-09-23T19:01:50+0200,a0951cff-e3ff-4fab-a385-431e734962aa,2026-09-23T14:00:00Z,2026-09-23T16:00:00+0200,0.0,MW,NL,NL,actual_solar_generation,Solar | Actual Consumption,2026-09-23T17:02:25Z
2026-09-23T17:01:50Z,2026-09-23T19:01:50+0200,a0951cff-e3ff-4fab-a385-431e734962aa,2026-09-23T14:15:00Z,2026-09-23T16:15:00+0200,46.71,MW,NL,NL,actual_solar_generation,Solar | Actual Aggregated,2026-09-23T17:02:25Z
2026-09-23T17:01:50Z,2026-09-23T19:01:50+0200,a0951cff-e3ff-4fab-a385-431e734962aa,2026-09-23T14:15:00Z,2026-09-23T16:15:00+0200,0.0,MW,NL,NL,actual_solar_generation,Solar | Actual Consumption,2026-09-23T17:02:25Z
2026-09-23T17:01:50Z,2026-09-23T19:01:50+0200,a0951cff-e3ff-4fab-a385-431e734962aa,2026-09-23T14:30:00Z,2026-09-23T16:30:00+0200,48.998,MW,NL,NL,actual_solar_generation,Solar | Actual Aggregated,2026-09-23T17:02:25Z
2026-09-23T17:01:50Z,2026-09-23T19:01:50+0200,a0951cff-e3ff-4fab-a385-431e734962aa,2026-09-23T14:30:00Z,2026-09-23T16:30:00+0200,0.0,MW,NL,NL,actual_solar_generation,Solar | Actual Consumption,2026-09-23T17:02:25Z
2026-09-23T17:01:50Z,2026-09-23T19:01:50+0200,a0951cff-e3ff-4fab-a385-431e734962aa,2026-09-23T14:45:00Z,2026-09-23T16:45:00+0200,48.817,MW,NL,NL,actual_solar_generation,Solar | Actual Aggregated,2026-09-23T17:02:25Z
2026-09-23T17:01:50Z,2026-09-23T19:01:50+0200,a0951cff-e3ff-4fab-a385-431e734962aa,2026-09-23T14:45:00Z,2026-09-23T16:45:00+0200,0.0,MW,NL,NL,actual_solar_generation,Solar | Actual Consumption,2026-09-23T17:02:25Z
2026-09-23T17:01:50Z,2026-09-23T19:01:50+0200,a0951cff-e3ff-4fab-a385-431e734962aa,2026-09-23T15:00:00Z,2026-09-23T17:00:00+0200,24.75,MW,NL,NL,actual_solar_generation,Solar | Actual Aggregated,2026-09-23T17:02:25Z
2026-09-23T17:01:50Z,2026-09-23T19:01:50+0200,a0951cff-e3ff-4fab-a385-431e734962aa,2026-09-23T15:00:00Z,2026-09-23T17:00:00+0200,0.0,MW,NL,NL,actual_solar_generation,Solar | Actual Consumption,2026-09-23T17:02:25Z
2026-09-23T17:01:50Z,2026-09-23T19:01:50+0200,a0951cff-e3ff-4fab-a385-431e734962aa,2026-09-23T15:15:00Z,2026-09-23T17:15:00+0200,20.75,MW,NL,NL,actual_solar_generation,Solar | Actual Aggregated,2026-09-23T17:02:25Z
2026-09-23T17:01:50Z,2026-09-23T19:01:50+0200,a0951cff-e3ff-4fab-a385-431e734962aa,2026-09-23T15:15:00Z,2026-09-23T17:15:00+0200,0.0,MW,NL,NL,actual_solar_generation,Solar | Actual Consumption,2026-09-23T17:02:25Z
2026-09-23T17:01:50Z,2026-09-23T19:01:50+0200,a0951cff-e3ff-4fab-a385-431e734962aa,2026-09-23T15:30:00Z,2026-09-23T17:30:00+0200,12.496,MW,NL,NL,actual_solar_generation,Solar | Actual Aggregated,2026-09-23T17:02:25Z
2026-09-23T17:01:50Z,2026-09-23T19:01:50+0200,a0951cff-e3ff-4fab-a385-431e734962aa,2026-09-23T15:30:00Z,2026-09-23T17:30:00+0200,0.0,MW,NL,NL,actual_solar_generation,Solar | Actual Consumption,2026-09-23T17:02:25Z
2026-09-23T17:01:50Z,2026-09-23T19:01:50+0200,a0951cff-e3ff-4fab-a385-431e734962aa,2026-09-23T15:45:00Z,2026-09-23T17:45:00+0200,11.472,MW,NL,NL,actual_solar_generation,Solar | Actual Aggregated,2026-09-23T17:02:25Z
2026-09-23T17:01:50Z,2026-09-23T19:01:50+0200,a0951cff-e3ff-4fab-a385-431e734962aa,2026-09-23T15:45:00Z,2026-09-23T17:45:00+0200,0.0,MW,NL,NL,actual_solar_generation,Solar | Actual Consumption,2026-09-23T17:02:25Z
2026-09-23T17:01:50Z,2026-09-23T19:01:50+0200,a0951cff-e3ff-4fab-a385-431e734962aa,2026-09-23T16:00:00Z,2026-09-23T18:00:00+0200,11.254,MW,NL,NL,actual_solar_generation,Solar | Actual Aggregated,2026-09-23T17:02:25Z
2026-09-23T17:01:50Z,2026-09-23T19:01:50+0200,a0951cff-e3ff-4fab-a385-431e734962aa,2026-09-23T16:00:00Z,2026-09-23T18:00:00+0200,0.0,MW,NL,NL,actual_solar_generation,Solar | Actual Consumption,2026-09-23T17:02:25Z
