collection_time_utc,collection_time_local,run_id,timestamp_utc,timestamp_local,value,unit,country,entsoe_area,variable,source,updated_at_utc
2026-09-20T06:27:27Z,2026-09-20T08:27:27+0200,5dd01d44-5791-4b31-82b5-fd0ca25cd855,2026-09-13T06:30:00Z,2026-09-13T08:30:00+0200,23.188,MW,NL,NL,actual_solar_generation,Solar | Actual Aggregated,2026-09-20T06:27:59Z
2026-09-20T06:27:27Z,2026-09-20T08:27:27+0200,5dd01d44-5791-4b31-82b5-fd0ca25cd855,2026-09-13T06:30:00Z,2026-09-13T08:30:00+0200,0.0,MW,NL,NL,actual_solar_generation,Solar | Actual Consumption,2026-09-20T06:27:59Z
2026-09-20T06:27:27Z,2026-09-20T08:27:27+0200,5dd01d44-5791-4b31-82b5-fd0ca25cd855,2026-09-13T06:45:00Z,2026-09-13T08:45:00+0200,36.275,MW,NL,NL,actual_solar_generation,Solar | Actual Aggregated,2026-09-20T06:27:59Z
2026-09-20T06:27:27Z,2026-09-20T08:27:27+0200,5dd01d44-5791-4b31-82b5-fd0ca25cd855,2026-09-13T06:45:00Z,2026-09-13T08:45:00+0200,0.0,MW,NL,NL,actual_solar_generation,Solar | Actual Consumption,2026-09-20T06:27:59Z
2026-09-20T06:27:27Z,2026-09-20T08:27:27+0200,5dd01d44-5791-4b31-82b5-fd0ca25cd855,2026-09-13T07:00:00Z,2026-09-13T09:00:00+0200,44.545,MW,NL,NL,actual_solar_generation,Solar | Actual Aggregated,2026-09-20T06:27:59Z
2026-09-20T06:27:27Z,2026-09-20T08:27:27+0200,5dd01d44-5791-4b31-82b5-fd0ca25cd855,2026-09-13T07:00:00Z,2026-09-13T09:00:00+0200,0.0,MW,NL,NL,actual_solar_generation,Solar | Actual Consumption,2026-09-20T06:27:59Z
2026-09-20T06:27:27Z,2026-09-20T08:27:27+0200,5dd01d44-5791-4b31-82b5-fd0ca25cd855,2026-09-13T07:15:00Z,2026-09-13T09:15:00+0200,49.472,MW,NL,NL,actual_solar_generation,Solar | Actual Aggregated,2026-09-20T06:27:59Z
2026-09-20T06:27:27Z,2026-09-20T08:27:27+0200,5dd01d44-5791-4b31-82b5-fd0ca25cd855,2026-09-13T07:15:00Z,2026-09-13T09:15:00+0200,0.0,MW,NL,NL,actual_solar_generation,Solar | Actual Consumption,2026-09-20T06:27:59Z
2026-09-20T06:27:27Z,2026-09-20T08:27:27+0200,5dd01d44-5791-4b31-82b5-fd0ca25cd855,2026-09-13T07:30:00Z,2026-09-13T09:30:00+0200,59.27,MW,NL,NL,actual_solar_generation,Solar | Actual Aggregated,2026-09-20T06:27:59Z
2026-09-20T06:27:27Z,2026-09-20T08:27:27+0200,5dd01d44-5791-4b31-82b5-fd0ca25cd855,2026-09-13T07:30:00Z,2026-09-13T09:30:00+0200,0.0,MW,NL,NL,actual_solar_generation,Solar | Actual Consumption,2026-09-20T06:27:59Z
2026-09-20T06:27:27Z,2026-09-20T08:27:27+0200,5dd01d44-5791-4b31-82b5-fd0ca25cd855,2026-09-13T07:45:00Z,2026-09-13T09:45:00+0200,67.477,MW,NL,NL,actual_solar_generation,Solar | Actual Aggregated,2026-09-20T06:27:59Z
2026-09-20T06:27:27Z,2026-09-20T08:27:27+0200,5dd01d44-5791-4b31-82b5-fd0ca25cd855,2026-09-13T07:45:00Z,2026-09-13T09:45:00+0200,0.0,MW,NL,NL,actual_solar_generation,Solar | Actual Consumption,2026-09-20T06:27:59Z
2026-09-20T06:27:27Z,2026-09-20T08:27:27+0200,5dd01d44-5791-4b31-82b5-fd0ca25cd855,2026-09-13T08:00:00Z,2026-09-13T10:00:00+0200,72.757,MW,NL,NL,actual_solar_generation,Solar | Actual Aggregated,2026-09-20T06:27:59Z
2026-09-20T06:27:27Z,2026-09-20T08:27:27+0200,5dd01d44-5791-4b31-82b5-fd0ca25cd855,2026-09-13T08:00:00Z,2026-09-13T10:00:00+0200,0.0,MW,NL,NL,actual_solar_generation,Solar | Actual Consumption,2026-09-20T06:27:59Z
2026-09-20T06:27:27Z,2026-09-20T08:27:27+0200,5dd01d44-5791-4b31-82b5-fd0ca25cd855,2026-09-13T08:15:00Z,2026-09-13T10:15:00+0200,68.619,MW,NL,NL,actual_solar_generation,Solar | Actual Aggregated,2026-09-20T06:27:59Z
2026-09-20T06:27:27Z,2026-09-20T08:27:27+0200,5dd01d44-5791-4b31-82b5-fd0ca25cd855,2026-09-13T08:15:00Z,2026-09-13T10:15:00+0200,0.0,MW,NL,NL,actual_solar_generation,Solar | Actual Consumption,2026-09-20T06:27:59Z
2026-09-20T06:27:27Z,2026-09-20T08:27:27+0200,5dd01d44-5791-4b31-82b5-fd0ca25cd855,2026-09-13T08:30:00Z,2026-09-13T10:30:00+0200,92.945,MW,NL,NL,actual_solar_generation,Solar | Actual Aggregated,2026-09-20T06:27:59Z
2026-09-20T06:27:27Z,2026-09-20T08:27:27+0200,5dd01d44-5791-4b31-82b5-fd0ca25cd855,2026-09-13T08:30:00Z,2026-09-13T10:30:00+0200,0.0,MW,NL,NL,actual_solar_generation,Solar | Actual Consumption,2026-09-20T06:27:59Z
2026-09-20T06:27:27Z,2026-09-20T08:27:27+0200,5dd01d44-5791-4b31-82b5-fd0ca25cd855,2026-09-13T08:45:00Z,2026-09-13T10:45:00+0200,89.97,MW,NL,NL,actual_solar_generation,Solar | Actual Aggregated,2026-09-20T06:27:59Z
2026-09-20T06:27:27Z,2026-09-20T08:27:27+0200,5dd01d44-5791-4b31-82b5-fd0ca25cd855,2026-09-13T08:45:00Z,2026-09-13T10:45:00+0200,0.0,MW,NL,NL,actual_solar_generation,Solar | Actual Consumption,2026-09-20T06:27:59Z
2026-09-20T06:27:27Z,2026-09-20T08:27:27+0200,5dd01d44-5791-4b31-82b5-fd0ca25cd855,2026-09-13T09:00:00Z,2026-09-13T11:00:00+0200,92.097,MW,NL,NL,actual_solar_generation,Solar | Actual Aggregated,2026-09-20T06:27:59Z
2026-09-20T06:27:27Z,2026-09-20T08:27:27+0200,5dd01d44-5791-4b31-82b5-fd0ca25cd855,2026-09-13T09:00:00Z,2026-09-13T11:00:00+0200,0.0,MW,NL,NL,actual_solar_generation,Solar | Actual Consumption,2026-09-20T06:27:59Z
2026-09-20T06:27:27Z,2026-09-20T08:27:27+0200,5dd01d44-5791-4b31-82b5-fd0ca25cd855,2026-09-13T09:15:00Z,2026-09-13T11:15:00+0200,89.235,MW,NL,NL,actual_solar_generation,Solar | Actual Aggregated,2026-09-20T06:27:59Z
2026-09-20T06:27:27Z,2026-09-20T08:27:27+0200,5dd01d44-5791-4b31-82b5-fd0ca25cd855,2026-09-13T09:15:00Z,2026-09-13T11:15:00+0200,0.0,MW,NL,NL,actual_solar_generation,Solar | Actual Consumption,2026-09-20T06:27:59Z
2026-09-20T06:27:27Z,2026-09-20T08:27:27+0200,5dd01d44-5791-4b31-82b5-fd0ca25cd855,2026-09-13T09:30:00Z,2026-09-13T11:30:00+0200,118.423,MW,NL,NL,actual_solar_generation,Solar | Actual Aggregated,2026-09-20T06:27:59Z
2026-09-20T06:27:27Z,2026-09-20T08:27:27+0200,5dd01d44-5791-4b31-82b5-fd0ca25cd855,2026-09-13T09:30:00Z,2026-09-13T11:30:00+0200,0.0,MW,NL,NL,actual_solar_generation,Solar | Actual Consumption,2026-09-20T06:27:59Z
2026-09-20T06:27:27Z,2026-09-20T08:27:27+0200,5dd01d44-5791-4b31-82b5-fd0ca25cd855,2026-09-13T09:45:00Z,2026-09-13T11:45:00+0200,118.314,MW,NL,NL,actual_solar_generation,Solar | Actual Aggregated,2026-09-20T06:27:59Z
2026-09-20T06:27:27Z,2026-09-20T08:27:27+0200,5dd01d44-5791-4b31-82b5-fd0ca25cd855,2026-09-13T09:45:00Z,2026-09-13T11:45:00+0200,0.0,MW,NL,NL,actual_solar_generation,Solar | Actual Consumption,2026-09-20T06:27:59Z
2026-09-20T06:27:27Z,2026-09-20T08:27:27+0200,5dd01d44-5791-4b31-82b5-fd0ca25cd855,2026-09-13T10:00:00Z,2026-09-13T12:00:00+0200,93.128,MW,NL,NL,actual_solar_generation,Solar | Actual Aggregated,2026-09-20T06:27:59Z
2026-09-20T06:27:27Z,2026-09-20T08:27:27+0200,5dd01d44-5791-4b31-82b5-fd0ca25cd855,2026-09-13T10:00:00Z,2026-09-13T12:00:00+0200,0.0,MW,NL,NL,actual_solar_generation,Solar | Actual Consumption,2026-09-20T06:27:59Z
2026-09-20T06:27:27Z,2026-09-20T08:27:27+0200,5dd01d44-5791-4b31-82b5-fd0ca25cd855,2026-09-13T10:15:00Z,2026-09-13T12:15:00+0200,108.017,MW,NL,NL,actual_solar_generation,Solar | Actual Aggregated,2026-09-20T06:27:59Z
2026-09-20T06:27:27Z,2026-09-20T08:27:27+0200,5dd01d44-5791-4b31-82b5-fd0ca25cd855,2026-09-13T10:15:00Z,2026-09-13T12:15:00+0200,0.0,MW,NL,NL,actual_solar_generation,Solar | Actual Consumption,2026-09-20T06:27:59Z
2026-09-20T06:27:27Z,2026-09-20T08:27:27+0200,5dd01d44-5791-4b31-82b5-fd0ca25cd855,2026-09-13T10:30:00Z,2026-09-13T12:30:00+0200,105.478,MW,NL,NL,actual_solar_generation,Solar | Actual Aggregated,2026-09-20T06:27:59Z
2026-09-20T06:27:27Z,2026-09-20T08:27:27+0200,5dd01d44-5791-4b31-82b5-fd0ca25cd855,2026-09-13T10:30:00Z,2026-09-13T12:30:00+0200,0.0,MW,NL,NL,actual_solar_generation,Solar | Actual Consumption,2026-09-20T06:27:59Z
2026-09-20T06:27:27Z,2026-09-20T08:27:27+0200,5dd01d44-5791-4b31-82b5-fd0ca25cd855,2026-09-13T10:45:00Z,2026-09-13T12:45:00+0200,97.215,MW,NL,NL,actual_solar_generation,Solar | Actual Aggregated,2026-09-20T06:27:59Z
2026-09-20T06:27:27Z,2026-09-20T08:27:27+0200,5dd01d44-5791-4b31-82b5-fd0ca25cd855,2026-09-13T10:45:00Z,2026-09-13T12:45:00+0200,0.0,MW,NL,NL,actual_solar_generation,Solar | Actual Consumption,2026-09-20T06:27:59Z
2026-09-20T06:27:27Z,2026-09-20T08:27:27+0200,5dd01d44-5791-4b31-82b5-fd0ca25cd855,2026-09-13T11:00:00Z,2026-09-13T13:00:00+0200,103.95,MW,NL,NL,actual_solar_generation,Solar | Actual Aggregated,2026-09-20T06:27:59Z
2026-09-20T06:27:27Z,2026-09-20T08:27:27+0200,5dd01d44-5791-4b31-82b5-fd0ca25cd855,2026-09-13T11:00:00Z,2026-09-13T13:00:00+0200,0.0,MW,NL,NL,actual_solar_generation,Solar | Actual Consumption,2026-09-20T06:27:59Z
2026-09-20T06:27:27Z,2026-09-20T08:27:27+0200,5dd01d44-5791-4b31-82b5-fd0ca25cd855,2026-09-13T11:15:00Z,2026-09-13T13:15:00+0200,106.147,MW,NL,NL,actual_solar_generation,Solar | Actual Aggregated,2026-09-20T06:27:59Z
2026-09-20T06:27:27Z,2026-09-20T08:27:27+0200,5dd01d44-5791-4b31-82b5-fd0ca25cd855,2026-09-13T11:15:00Z,2026-09-13T13:15:00+0200,0.0,MW,NL,NL,actual_solar_generation,Solar | Actual Consumption,2026-09-20T06:27:59Z
2026-09-20T06:27:27Z,2026-09-20T08:27:27+0200,5dd01d44-5791-4b31-82b5-fd0ca25cd855,2026-09-13T11:30:00Z,2026-09-13T13:30:00+0200,89.551,MW,NL,NL,actual_solar_generation,Solar | Actual Aggregated,2026-09-20T06:27:59Z
2026-09-20T06:27:27Z,2026-09-20T08:27:27+0200,5dd01d44-5791-4b31-82b5-fd0ca25cd855,2026-09-13T11:30:00Z,2026-09-13T13:30:00+0200,0.0,MW,NL,NL,actual_solar_generation,Solar | Actual Consumption,2026-09-20T06:27:59Z
2026-09-20T06:27:27Z,2026-09-20T08:27:27+0200,5dd01d44-5791-4b31-82b5-fd0ca25cd855,2026-09-13T11:45:00Z,2026-09-13T13:45:00+0200,84.589,MW,NL,NL,actual_solar_generation,Solar | Actual Aggregated,2026-09-20T06:27:59Z
2026-09-20T06:27:27Z,2026-09-20T08:27:27+0200,5dd01d44-5791-4b31-82b5-fd0ca25cd855,2026-09-13T11:45:00Z,2026-09-13T13:45:00+0200,0.0,MW,NL,NL,actual_solar_generation,Solar | Actual Consumption,2026-09-20T06:27:59Z
2026-09-20T06:27:27Z,2026-09-20T08:27:27+0200,5dd01d44-5791-4b31-82b5-fd0ca25cd855,2026-09-13T12:00:00Z,2026-09-13T14:00:00+0200,83.151,MW,NL,NL,actual_solar_generation,Solar | Actual Aggregated,2026-09-20T06:27:59Z
2026-09-20T06:27:27Z,2026-09-20T08:27:27+0200,5dd01d44-5791-4b31-82b5-fd0ca25cd855,2026-09-13T12:00:00Z,2026-09-13T14:00:00+0200,0.0,MW,NL,NL,actual_solar_generation,Solar | Actual Consumption,2026-09-20T06:27:59Z
2026-09-20T06:27:27Z,2026-09-20T08:27:27+0200,5dd01d44-5791-4b31-82b5-fd0ca25cd855,2026-09-13T12:15:00Z,2026-09-13T14:15:00+0200,79.196,MW,NL,NL,actual_solar_generation,Solar | Actual Aggregated,2026-09-20T06:27:59Z
2026-09-20T06:27:27Z,2026-09-20T08:27:27+0200,5dd01d44-5791-4b31-82b5-fd0ca25cd855,2026-09-13T12:15:00Z,2026-09-13T14:15:00+0200,0.0,MW,NL,NL,actual_solar_generation,Solar | Actual Consumption,2026-09-20T06:27:59Z
2026-09-20T06:27:27Z,2026-09-20T08:27:27+0200,5dd01d44-5791-4b31-82b5-fd0ca25cd855,2026-09-13T12:30:00Z,2026-09-13T14:30:00+0200,86.928,MW,NL,NL,actual_solar_generation,Solar | Actual Aggregated,2026-09-20T06:27:59Z
2026-09-20T06:27:27Z,2026-09-20T08:27:27+0200,5dd01d44-5791-4b31-82b5-fd0ca25cd855,2026-09-13T12:30:00Z,2026-09-13T14:30:00+0200,0.0,MW,NL,NL,actual_solar_generation,Solar | Actual Consumption,2026-09-20T06:27:59Z
2026-09-20T06:27:27Z,2026-09-20T08:27:27+0200,5dd01d44-5791-4b31-82b5-fd0ca25cd855,2026-09-13T12:45:00Z,2026-09-13T14:45:00+0200,104.595,MW,NL,NL,actual_solar_generation,Solar | Actual Aggregated,2026-09-20T06:27:59Z
2026-09-20T06:27:27Z,2026-09-20T08:27:27+0200,5dd01d44-5791-4b31-82b5-fd0ca25cd855,2026-09-13T12:45:00Z,2026-09-13T14:45:00+0200,0.0,MW,NL,NL,actual_solar_generation,Solar | Actual Consumption,2026-09-20T06:27:59Z
2026-09-20T06:27:27Z,2026-09-20T08:27:27+0200,5dd01d44-5791-4b31-82b5-fd0ca25cd855,2026-09-13T13:00:00Z,2026-09-13T15:00:00+0200,100.393,MW,NL,NL,actual_solar_generation,Solar | Actual Aggregated,2026-09-20T06:27:59Z
2026-09-20T06:27:27Z,2026-09-20T08:27:27+0200,5dd01d44-5791-4b31-82b5-fd0ca25cd855,2026-09-13T13:00:00Z,2026-09-13T15:00:00+0200,0.0,MW,NL,NL,actual_solar_generation,Solar | Actual Consumption,2026-09-20T06:27:59Z
2026-09-20T06:27:27Z,2026-09-20T08:27:27+0200,5dd01d44-5791-4b31-82b5-fd0ca25cd855,2026-09-13T13:15:00Z,2026-09-13T15:15:00+0200,118.169,MW,NL,NL,actual_solar_generation,Solar | Actual Aggregated,2026-09-20T06:27:59Z
2026-09-20T06:27:27Z,2026-09-20T08:27:27+0200,5dd01d44-5791-4b31-82b5-fd0ca25cd855,2026-09-13T13:15:00Z,2026-09-13T15:15:00+0200,0.0,MW,NL,NL,actual_solar_generation,Solar | Actual Consumption,2026-09-20T06:27:59Z
2026-09-20T06:27:27Z,2026-09-20T08:27:27+0200,5dd01d44-5791-4b31-82b5-fd0ca25cd855,2026-09-13T13:30:00Z,2026-09-13T15:30:00+0200,151.809,MW,NL,NL,actual_solar_generation,Solar | Actual Aggregated,2026-09-20T06:27:59Z
2026-09-20T06:27:27Z,2026-09-20T08:27:27+0200,5dd01d44-5791-4b31-82b5-fd0ca25cd855,2026-09-13T13:30:00Z,2026-09-13T15:30:00+0200,0.0,MW,NL,NL,actual_solar_generation,Solar | Actual Consumption,2026-09-20T06:27:59Z
2026-09-20T06:27:27Z,2026-09-20T08:27:27+0200,5dd01d44-5791-4b31-82b5-fd0ca25cd855,2026-09-13T13:45:00Z,2026-09-13T15:45:00+0200,112.001,MW,NL,NL,actual_solar_generation,Solar | Actual Aggregated,2026-09-20T06:27:59Z
2026-09-20T06:27:27Z,2026-09-20T08:27:27+0200,5dd01d44-5791-4b31-82b5-fd0ca25cd855,2026-09-13T13:45:00Z,2026-09-13T15:45:00+0200,0.0,MW,NL,NL,actual_solar_generation,Solar | Actual Consumption,2026-09-20T06:27:59Z
2026-09-20T06:27:27Z,2026-09-20T08:27:27+0200,5dd01d44-5791-4b31-82b5-fd0ca25cd855,2026-09-13T14:00:00Z,2026-09-13T16:00:00+0200,98.882,MW,NL,NL,actual_solar_generation,Solar | Actual Aggregated,2026-09-20T06:27:59Z
2026-09-20T06:27:27Z,2026-09-20T08:27:27+0200,5dd01d44-5791-4b31-82b5-fd0ca25cd855,2026-09-13T14:00:00Z,2026-09-13T16:00:00+0200,0.0,MW,NL,NL,actual_solar_generation,Solar | Actual Consumption,2026-09-20T06:27:59Z
2026-09-20T06:27:27Z,2026-09-20T08:27:27+0200,5dd01d44-5791-4b31-82b5-fd0ca25cd855,2026-09-13T14:15:00Z,2026-09-13T16:15:00+0200,81.098,MW,NL,NL,actual_solar_generation,Solar | Actual Aggregated,2026-09-20T06:27:59Z
2026-09-20T06:27:27Z,2026-09-20T08:27:27+0200,5dd01d44-5791-4b31-82b5-fd0ca25cd855,2026-09-13T14:15:00Z,2026-09-13T16:15:00+0200,0.0,MW,NL,NL,actual_solar_generation,Solar | Actual Consumption,2026-09-20T06:27:59Z
2026-09-20T06:27:27Z,2026-09-20T08:27:27+0200,5dd01d44-5791-4b31-82b5-fd0ca25cd855,2026-09-13T14:30:00Z,2026-09-13T16:30:00+0200,70.303,MW,NL,NL,actual_solar_generation,Solar | Actual Aggregated,2026-09-20T06:27:59Z
2026-09-20T06:27:27Z,2026-09-20T08:27:27+0200,5dd01d44-5791-4b31-82b5-fd0ca25cd855,2026-09-13T14:30:00Z,2026-09-13T16:30:00+0200,0.0,MW,NL,NL,actual_solar_generation,Solar | Actual Consumption,2026-09-20T06:27:59Z
2026-09-20T06:27:27Z,2026-09-20T08:27:27+0200,5dd01d44-5791-4b31-82b5-fd0ca25cd855,2026-09-13T14:45:00Z,2026-09-13T16:45:00+0200,55.932,MW,NL,NL,actual_solar_generation,Solar | Actual Aggregated,2026-09-20T06:27:59Z
2026-09-20T06:27:27Z,2026-09-20T08:27:27+0200,5dd01d44-5791-4b31-82b5-fd0ca25cd855,2026-09-13T14:45:00Z,2026-09-13T16:45:00+0200,0.0,MW,NL,NL,actual_solar_generation,Solar | Actual Consumption,2026-09-20T06:27:59Z
2026-09-20T06:27:27Z,2026-09-20T08:27:27+0200,5dd01d44-5791-4b31-82b5-fd0ca25cd855,2026-09-13T15:00:00Z,2026-09-13T17:00:00+0200,46.938,MW,NL,NL,actual_solar_generation,Solar | Actual Aggregated,2026-09-20T06:27:59Z
2026-09-20T06:27:27Z,2026-09-20T08:27:27+0200,5dd01d44-5791-4b31-82b5-fd0ca25cd855,2026-09-13T15:00:00Z,2026-09-13T17:00:00+0200,0.0,MW,NL,NL,actual_solar_generation,Solar | Actual Consumption,2026-09-20T06:27:59Z
2026-09-20T06:27:27Z,2026-09-20T08:27:27+0200,5dd01d44-5791-4b31-82b5-fd0ca25cd855,2026-09-13T15:15:00Z,2026-09-13T17:15:00+0200,39.346,MW,NL,NL,actual_solar_generation,Solar | Actual Aggregated,2026-09-20T06:27:59Z
2026-09-20T06:27:27Z,2026-09-20T08:27:27+0200,5dd01d44-5791-4b31-82b5-fd0ca25cd855,2026-09-13T15:15:00Z,2026-09-13T17:15:00+0200,0.0,MW,NL,NL,actual_solar_generation,Solar | Actual Consumption,2026-09-20T06:27:59Z
2026-09-20T06:27:27Z,2026-09-20T08:27:27+0200,5dd01d44-5791-4b31-82b5-fd0ca25cd855,2026-09-13T15:30:00Z,2026-09-13T17:30:00+0200,32.782,MW,NL,NL,actual_solar_generation,Solar | Actual Aggregated,2026-09-20T06:27:59Z
2026-09-20T06:27:27Z,2026-09-20T08:27:27+0200,5dd01d44-5791-4b31-82b5-fd0ca25cd855,2026-09-13T15:30:00Z,2026-09-13T17:30:00+0200,0.0,MW,NL,NL,actual_solar_generation,Solar | Actual Consumption,2026-09-20T06:27:59Z
2026-09-20T06:27:27Z,2026-09-20T08:27:27+0200,5dd01d44-5791-4b31-82b5-fd0ca25cd855,2026-09-13T15:45:00Z,2026-09-13T17:45:00+0200,44.074,MW,NL,NL,actual_solar_generation,Solar | Actual Aggregated,2026-09-20T06:27:59Z
2026-09-20T06:27:27Z,2026-09-20T08:27:27+0200,5dd01d44-5791-4b31-82b5-fd0ca25cd855,2026-09-13T15:45:00Z,2026-09-13T17:45:00+0200,0.0,MW,NL,NL,actual_solar_generation,Solar | Actual Consumption,2026-09-20T06:27:59Z
2026-09-20T06:27:27Z,2026-09-20T08:27:27+0200,5dd01d44-5791-4b31-82b5-fd0ca25cd855,2026-09-13T16:00:00Z,2026-09-13T18:00:00+0200,41.407,MW,NL,NL,actual_solar_generation,Solar | Actual Aggregated,2026-09-20T06:27:59Z
2026-09-20T06:27:27Z,2026-09-20T08:27:27+0200,5dd01d44-5791-4b31-82b5-fd0ca25cd855,2026-09-13T16:00:00Z,2026-09-13T18:00:00+0200,0.0,MW,NL,NL,actual_solar_generation,Solar | Actual Consumption,2026-09-20T06:27:59Z
2026-09-20T06:27:27Z,2026-09-20T08:27:27+0200,5dd01d44-5791-4b31-82b5-fd0ca25cd855,2026-09-13T16:15:00Z,2026-09-13T18:15:00+0200,37.236,MW,NL,NL,actual_solar_generation,Solar | Actual Aggregated,2026-09-20T06:27:59Z
2026-09-20T06:27:27Z,2026-09-20T08:27:27+0200,5dd01d44-5791-4b31-82b5-fd0ca25cd855,2026-09-13T16:15:00Z,2026-09-13T18:15:00+0200,0.0,MW,NL,NL,actual_solar_generation,Solar | Actual Consumption,2026-09-20T06:27:59Z
2026-09-20T06:27:27Z,2026-09-20T08:27:27+0200,5dd01d44-5791-4b31-82b5-fd0ca25cd855,2026-09-13T16:30:00Z,2026-09-13T18:30:00+0200,35.965,MW,NL,NL,actual_solar_generation,Solar | Actual Aggregated,2026-09-20T06:27:59Z
2026-09-20T06:27:27Z,2026-09-20T08:27:27+0200,5dd01d44-5791-4b31-82b5-fd0ca25cd855,2026-09-13T16:30:00Z,2026-09-13T18:30:00+0200,0.0,MW,NL,NL,actual_solar_generation,Solar | Actual Consumption,2026-09-20T06:27:59Z
2026-09-20T06:27:27Z,2026-09-20T08:27:27+0200,5dd01d44-5791-4b31-82b5-fd0ca25cd855,2026-09-13T16:45:00Z,2026-09-13T18:45:00+0200,25.214,MW,NL,NL,actual_solar_generation,Solar | Actual Aggregated,2026-09-20T06:27:59Z
2026-09-20T06:27:27Z,2026-09-20T08:27:27+0200,5dd01d44-5791-4b31-82b5-fd0ca25cd855,2026-09-13T16:45:00Z,2026-09-13T18:45:00+0200,0.0,MW,NL,NL,actual_solar_generation,Solar | Actual Consumption,2026-09-20T06:27:59Z
2026-09-20T06:27:27Z,2026-09-20T08:27:27+0200,5dd01d44-5791-4b31-82b5-fd0ca25cd855,2026-09-13T17:00:00Z,2026-09-13T19:00:00+0200,16.242,MW,NL,NL,actual_solar_generation,Solar | Actual Aggregated,2026-09-20T06:27:59Z
2026-09-20T06:27:27Z,2026-09-20T08:27:27+0200,5dd01d44-5791-4b31-82b5-fd0ca25cd855,2026-09-13T17:00:00Z,2026-09-13T19:00:00+0200,0.0,MW,NL,NL,actual_solar_generation,Solar | Actual Consumption,2026-09-20T06:27:59Z
2026-09-20T06:27:27Z,2026-09-20T08:27:27+0200,5dd01d44-5791-4b31-82b5-fd0ca25cd855,2026-09-13T17:15:00Z,2026-09-13T19:15:00+0200,7.978,MW,NL,NL,actual_solar_generation,Solar | Actual Aggregated,2026-09-20T06:27:59Z
2026-09-20T06:27:27Z,2026-09-20T08:27:27+0200,5dd01d44-5791-4b31-82b5-fd0ca25cd855,2026-09-13T17:15:00Z,2026-09-13T19:15:00+0200,0.0,MW,NL,NL,actual_solar_generation,Solar | Actual Consumption,2026-09-20T06:27:59Z
2026-09-20T06:27:27Z,2026-09-20T08:27:27+0200,5dd01d44-5791-4b31-82b5-fd0ca25cd855,2026-09-13T17:30:00Z,2026-09-13T19:30:00+0200,2.397,MW,NL,NL,actual_solar_generation,Solar | Actual Aggregated,2026-09-20T06:27:59Z
2026-09-20T06:27:27Z,2026-09-20T08:27:27+0200,5dd01d44-5791-4b31-82b5-fd0ca25cd855,2026-09-13T17:30:00Z,2026-09-13T19:30:00+0200,0.0,MW,NL,NL,actual_solar_generation,Solar | Actual Consumption,2026-09-20T06:27:59Z
2026-09-20T06:27:27Z,2026-09-20T08:27:27+0200,5dd01d44-5791-4b31-82b5-fd0ca25cd855,2026-09-13T17:45:00Z,2026-09-13T19:45:00+0200,0.0,MW,NL,NL,actual_solar_generation,Solar | Actual Aggregated,2026-09-20T06:27:59Z
2026-09-20T06:27:27Z,2026-09-20T08:27:27+0200,5dd01d44-5791-4b31-82b5-fd0ca25cd855,2026-09-13T17:45:00Z,2026-09-13T19:45:00+0200,0.125,MW,NL,NL,actual_solar_generation,Solar | Actual Consumption,2026-09-20T06:27:59Z
2026-09-20T06:27:27Z,2026-09-20T08:27:27+0200,5dd01d44-5791-4b31-82b5-fd0ca25cd855,2026-09-13T18:00:00Z,2026-09-13T20:00:00+0200,0.0,MW,NL,NL,actual_solar_generation,Solar | Actual Aggregated,2026-09-20T06:27:59Z
2026-09-20T06:27:27Z,2026-09-20T08:27:27+0200,5dd01d44-5791-4b31-82b5-fd0ca25cd855,2026-09-13T18:00:00Z,2026-09-13T20:00:00+0200,0.125,MW,NL,NL,actual_solar_generation,Solar | Actual Consumption,2026-09-20T06:27:59Z
2026-09-20T06:27:27Z,2026-09-20T08:27:27+0200,5dd01d44-5791-4b31-82b5-fd0ca25cd855,2026-09-13T18:15:00Z,2026-09-13T20:15:00+0200,0.0,MW,NL,NL,actual_solar_generation,Solar | Actual Aggregated,2026-09-20T06:27:59Z
2026-09-20T06:27:27Z,2026-09-20T08:27:27+0200,5dd01d44-5791-4b31-82b5-fd0ca25cd855,2026-09-13T18:15:00Z,2026-09-13T20:15:00+0200,0.125,MW,NL,NL,actual_solar_generation,Solar | Actual Consumption,2026-09-20T06:27:59Z
2026-09-20T06:27:27Z,2026-09-20T08:27:27+0200,5dd01d44-5791-4b31-82b5-fd0ca25cd855,2026-09-13T18:30:00Z,2026-09-13T20:30:00+0200,0.0,MW,NL,NL,actual_solar_generation,Solar | Actual Aggregated,2026-09-20T06:27:59Z
2026-09-20T06:27:27Z,2026-09-20T08:27:27+0200,5dd01d44-5791-4b31-82b5-fd0ca25cd855,2026-09-13T18:30:00Z,2026-09-13T20:30:00+0200,0.125,MW,NL,NL,actual_solar_generation,Solar | Actual Consumption,2026-09-20T06:27:59Z
2026-09-20T06:27:27Z,2026-09-20T08:27:27+0200,5dd01d44-5791-4b31-82b5-fd0ca25cd855,2026-09-13T18:45:00Z,2026-09-13T20:45:00+0200,0.0,MW,NL,NL,actual_solar_generation,Solar | Actual Aggregated,2026-09-20T06:27:59Z
2026-09-20T06:27:27Z,2026-09-20T08:27:27+0200,5dd01d44-5791-4b31-82b5-fd0ca25cd855,2026-09-13T18:45:00Z,2026-09-13T20:45:00+0200,0.125,MW,NL,NL,actual_solar_generation,Solar | Actual Consumption,2026-09-20T06:27:59Z
2026-09-20T06:27:27Z,2026-09-20T08:27:27+0200,5dd01d44-5791-4b31-82b5-fd0ca25cd855,2026-09-13T19:00:00Z,2026-09-13T21:00:00+0200,0.0,MW,NL,NL,actual_solar_generation,Solar | Actual Aggregated,2026-09-20T06:27:59Z
2026-09-20T06:27:27Z,2026-09-20T08:27:27+0200,5dd01d44-5791-4b31-82b5-fd0ca25cd855,2026-09-13T19:00:00Z,2026-09-13T21:00:00+0200,0.125,MW,NL,NL,actual_solar_generation,Solar | Actual Consumption,2026-09-20T06:27:59Z
2026-09-20T06:27:27Z,2026-09-20T08:27:27+0200,5dd01d44-5791-4b31-82b5-fd0ca25cd855,2026-09-13T19:15:00Z,2026-09-13T21:15:00+0200,0.0,MW,NL,NL,actual_solar_generation,Solar | Actual Aggregated,2026-09-20T06:27:59Z
2026-09-20T06:27:27Z,2026-09-20T08:27:27+0200,5dd01d44-5791-4b31-82b5-fd0ca25cd855,2026-09-13T19:15:00Z,2026-09-13T21:15:00+0200,0.125,MW,NL,NL,actual_solar_generation,Solar | Actual Consumption,2026-09-20T06:27:59Z
2026-09-20T06:27:27Z,2026-09-20T08:27:27+0200,5dd01d44-5791-4b31-82b5-fd0ca25cd855,2026-09-13T19:30:00Z,2026-09-13T21:30:00+0200,0.0,MW,NL,NL,actual_solar_generation,Solar | Actual Aggregated,2026-09-20T06:27:59Z
2026-09-20T06:27:27Z,2026-09-20T08:27:27+0200,5dd01d44-5791-4b31-82b5-fd0ca25cd855,2026-09-13T19:30:00Z,2026-09-13T21:30:00+0200,0.125,MW,NL,NL,actual_solar_generation,Solar | Actual Consumption,2026-09-20T06:27:59Z
2026-09-20T06:27:27Z,2026-09-20T08:27:27+0200,5dd01d44-5791-4b31-82b5-fd0ca25cd855,2026-09-13T19:45:00Z,2026-09-13T21:45:00+0200,0.0,MW,NL,NL,actual_solar_generation,Solar | Actual Aggregated,2026-09-20T06:27:59Z
2026-09-20T06:27:27Z,2026-09-20T08:27:27+0200,5dd01d44-5791-4b31-82b5-fd0ca25cd855,2026-09-13T19:45:00Z,2026-09-13T21:45:00+0200,0.125,MW,NL,NL,actual_solar_generation,Solar | Actual Consumption,2026-09-20T06:27:59Z
2026-09-20T06:27:27Z,2026-09-20T08:27:27+0200,5dd01d44-5791-4b31-82b5-fd0ca25cd855,2026-09-13T20:00:00Z,2026-09-13T22:00:00+0200,0.0,MW,NL,NL,actual_solar_generation,Solar | Actual Aggregated,2026-09-20T06:27:59Z
2026-09-20T06:27:27Z,2026-09-20T08:27:27+0200,5dd01d44-5791-4b31-82b5-fd0ca25cd855,2026-09-13T20:00:00Z,2026-09-13T22:00:00+0200,0.125,MW,NL,NL,actual_solar_generation,Solar | Actual Consumption,2026-09-20T06:27:59Z
2026-09-20T06:27:27Z,2026-09-20T08:27:27+0200,5dd01d44-5791-4b31-82b5-fd0ca25cd855,2026-09-13T20:15:00Z,2026-09-13T22:15:00+0200,0.0,MW,NL,NL,actual_solar_generation,Solar | Actual Aggregated,2026-09-20T06:27:59Z
2026-09-20T06:27:27Z,2026-09-20T08:27:27+0200,5dd01d44-5791-4b31-82b5-fd0ca25cd855,2026-09-13T20:15:00Z,2026-09-13T22:15:00+0200,0.125,MW,NL,NL,actual_solar_generation,Solar | Actual Consumption,2026-09-20T06:27:59Z
2026-09-20T06:27:27Z,2026-09-20T08:27:27+0200,5dd01d44-5791-4b31-82b5-fd0ca25cd855,2026-09-13T20:30:00Z,2026-09-13T22:30:00+0200,0.0,MW,NL,NL,actual_solar_generation,Solar | Actual Aggregated,2026-09-20T06:27:59Z
2026-09-20T06:27:27Z,2026-09-20T08:27:27+0200,5dd01d44-5791-4b31-82b5-fd0ca25cd855,2026-09-13T20:30:00Z,2026-09-13T22:30:00+0200,0.135,MW,NL,NL,actual_solar_generation,Solar | Actual Consumption,2026-09-20T06:27:59Z
2026-09-20T06:27:27Z,2026-09-20T08:27:27+0200,5dd01d44-5791-4b31-82b5-fd0ca25cd855,2026-09-13T20:45:00Z,2026-09-13T22:45:00+0200,0.0,MW,NL,NL,actual_solar_generation,Solar | Actual Aggregated,2026-09-20T06:27:59Z
2026-09-20T06:27:27Z,2026-09-20T08:27:27+0200,5dd01d44-5791-4b31-82b5-fd0ca25cd855,2026-09-13T20:45:00Z,2026-09-13T22:45:00+0200,0.135,MW,NL,NL,actual_solar_generation,Solar | Actual Consumption,2026-09-20T06:27:59Z
2026-09-20T06:27:27Z,2026-09-20T08:27:27+0200,5dd01d44-5791-4b31-82b5-fd0ca25cd855,2026-09-13T21:00:00Z,2026-09-13T23:00:00+0200,0.0,MW,NL,NL,actual_solar_generation,Solar | Actual Aggregated,2026-09-20T06:27:59Z
2026-09-20T06:27:27Z,2026-09-20T08:27:27+0200,5dd01d44-5791-4b31-82b5-fd0ca25cd855,2026-09-13T21:00:00Z,2026-09-13T23:00:00+0200,0.119,MW,NL,NL,actual_solar_generation,Solar | Actual Consumption,2026-09-20T06:27:59Z
2026-09-20T06:27:27Z,2026-09-20T08:27:27+0200,5dd01d44-5791-4b31-82b5-fd0ca25cd855,2026-09-13T21:15:00Z,2026-09-13T23:15:00+0200,0.0,MW,NL,NL,actual_solar_generation,Solar | Actual Aggregated,2026-09-20T06:27:59Z
2026-09-20T06:27:27Z,2026-09-20T08:27:27+0200,5dd01d44-5791-4b31-82b5-fd0ca25cd855,2026-09-13T21:15:00Z,2026-09-13T23:15:00+0200,0.124,MW,NL,NL,actual_solar_generation,Solar | Actual Consumption,2026-09-20T06:27:59Z
2026-09-20T06:27:27Z,2026-09-20T08:27:27+0200,5dd01d44-5791-4b31-82b5-fd0ca25cd855,2026-09-13T21:30:00Z,2026-09-13T23:30:00+0200,0.0,MW,NL,NL,actual_solar_generation,Solar | Actual Aggregated,2026-09-20T06:27:59Z
2026-09-20T06:27:27Z,2026-09-20T08:27:27+0200,5dd01d44-5791-4b31-82b5-fd0ca25cd855,2026-09-13T21:30:00Z,2026-09-13T23:30:00+0200,0.127,MW,NL,NL,actual_solar_generation,Solar | Actual Consumption,2026-09-20T06:27:59Z
2026-09-20T06:27:27Z,2026-09-20T08:27:27+0200,5dd01d44-5791-4b31-82b5-fd0ca25cd855,2026-09-13T21:45:00Z,2026-09-13T23:45:00+0200,0.0,MW,NL,NL,actual_solar_generation,Solar | Actual Aggregated,2026-09-20T06:27:59Z
2026-09-20T06:27:27Z,2026-09-20T08:27:27+0200,5dd01d44-5791-4b31-82b5-fd0ca25cd855,2026-09-13T21:45:00Z,2026-09-13T23:45:00+0200,0.127,MW,NL,NL,actual_solar_generation,Solar | Actual Consumption,2026-09-20T06:27:59Z
2026-09-20T06:27:27Z,2026-09-20T08:27:27+0200,5dd01d44-5791-4b31-82b5-fd0ca25cd855,2026-09-13T22:00:00Z,2026-09-14T00:00:00+0200,0.0,MW,NL,NL,actual_solar_generation,Solar | Actual Aggregated,2026-09-20T06:27:59Z
2026-09-20T06:27:27Z,2026-09-20T08:27:27+0200,5dd01d44-5791-4b31-82b5-fd0ca25cd855,2026-09-13T22:00:00Z,2026-09-14T00:00:00+0200,0.127,MW,NL,NL,actual_solar_generation,Solar | Actual Consumption,2026-09-20T06:27:59Z
2026-09-20T06:27:27Z,2026-09-20T08:27:27+0200,5dd01d44-5791-4b31-82b5-fd0ca25cd855,2026-09-13T22:15:00Z,2026-09-14T00:15:00+0200,0.0,MW,NL,NL,actual_solar_generation,Solar | Actual Aggregated,2026-09-20T06:27:59Z
2026-09-20T06:27:27Z,2026-09-20T08:27:27+0200,5dd01d44-5791-4b31-82b5-fd0ca25cd855,2026-09-13T22:15:00Z,2026-09-14T00:15:00+0200,0.127,MW,NL,NL,actual_solar_generation,Solar | Actual Consumption,2026-09-20T06:27:59Z
2026-09-20T06:27:27Z,2026-09-20T08:27:27+0200,5dd01d44-5791-4b31-82b5-fd0ca25cd855,2026-09-13T22:30:00Z,2026-09-14T00:30:00+0200,0.0,MW,NL,NL,actual_solar_generation,Solar | Actual Aggregated,2026-09-20T06:27:59Z
2026-09-20T06:27:27Z,2026-09-20T08:27:27+0200,5dd01d44-5791-4b31-82b5-fd0ca25cd855,2026-09-13T22:30:00Z,2026-09-14T00:30:00+0200,0.127,MW,NL,NL,actual_solar_generation,Solar | Actual Consumption,2026-09-20T06:27:59Z
2026-09-20T06:27:27Z,2026-09-20T08:27:27+0200,5dd01d44-5791-4b31-82b5-fd0ca25cd855,2026-09-13T22:45:00Z,2026-09-14T00:45:00+0200,0.0,MW,NL,NL,actual_solar_generation,Solar | Actual Aggregated,2026-09-20T06:27:59Z
2026-09-20T06:27:27Z,2026-09-20T08:27:27+0200,5dd01d44-5791-4b31-82b5-fd0ca25cd855,2026-09-13T22:45:00Z,2026-09-14T00:45:00+0200,0.127,MW,NL,NL,actual_solar_generation,Solar | Actual Consumption,2026-09-20T06:27:59Z
2026-09-20T06:27:27Z,2026-09-20T08:27:27+0200,5dd01d44-5791-4b31-82b5-fd0ca25cd855,2026-09-13T23:00:00Z,2026-09-14T01:00:00+0200,0.0,MW,NL,NL,actual_solar_generation,Solar | Actual Aggregated,2026-09-20T06:27:59Z
2026-09-20T06:27:27Z,2026-09-20T08:27:27+0200,5dd01d44-5791-4b31-82b5-fd0ca25cd855,2026-09-13T23:00:00Z,2026-09-14T01:00:00+0200,0.127,MW,NL,NL,actual_solar_generation,Solar | Actual Consumption,2026-09-20T06:27:59Z
2026-09-20T06:27:27Z,2026-09-20T08:27:27+0200,5dd01d44-5791-4b31-82b5-fd0ca25cd855,2026-09-13T23:15:00Z,2026-09-14T01:15:00+0200,0.0,MW,NL,NL,actual_solar_generation,Solar | Actual Aggregated,2026-09-20T06:27:59Z
2026-09-20T06:27:27Z,2026-09-20T08:27:27+0200,5dd01d44-5791-4b31-82b5-fd0ca25cd855,2026-09-13T23:15:00Z,2026-09-14T01:15:00+0200,0.127,MW,NL,NL,actual_solar_generation,Solar | Actual Consumption,2026-09-20T06:27:59Z
2026-09-20T06:27:27Z,2026-09-20T08:27:27+0200,5dd01d44-5791-4b31-82b5-fd0ca25cd855,2026-09-13T23:30:00Z,2026-09-14T01:30:00+0200,0.0,MW,NL,NL,actual_solar_generation,Solar | Actual Aggregated,2026-09-20T06:27:59Z
2026-09-20T06:27:27Z,2026-09-20T08:27:27+0200,5dd01d44-5791-4b31-82b5-fd0ca25cd855,2026-09-13T23:30:00Z,2026-09-14T01:30:00+0200,0.127,MW,NL,NL,actual_solar_generation,Solar | Actual Consumption,2026-09-20T06:27:59Z
2026-09-20T06:27:27Z,2026-09-20T08:27:27+0200,5dd01d44-5791-4b31-82b5-fd0ca25cd855,2026-09-13T23:45:00Z,2026-09-14T01:45:00+0200,0.0,MW,NL,NL,actual_solar_generation,Solar | Actual Aggregated,2026-09-20T06:27:59Z
2026-09-20T06:27:27Z,2026-09-20T08:27:27+0200,5dd01d44-5791-4b31-82b5-fd0ca25cd855,2026-09-13T23:45:00Z,2026-09-14T01:45:00+0200,0.125,MW,NL,NL,actual_solar_generation,Solar | Actual Consumption,2026-09-20T06:27:59Z
2026-09-20T06:27:27Z,2026-09-20T08:27:27+0200,5dd01d44-5791-4b31-82b5-fd0ca25cd855,2026-09-14T00:00:00Z,2026-09-14T02:00:00+0200,0.0,MW,NL,NL,actual_solar_generation,Solar | Actual Aggregated,2026-09-20T06:27:59Z
2026-09-20T06:27:27Z,2026-09-20T08:27:27+0200,5dd01d44-5791-4b31-82b5-fd0ca25cd855,2026-09-14T00:00:00Z,2026-09-14T02:00:00+0200,0.12,MW,NL,NL,actual_solar_generation,Solar | Actual Consumption,2026-09-20T06:27:59Z
2026-09-20T06:27:27Z,2026-09-20T08:27:27+0200,5dd01d44-5791-4b31-82b5-fd0ca25cd855,2026-09-14T00:15:00Z,2026-09-14T02:15:00+0200,0.0,MW,NL,NL,actual_solar_generation,Solar | Actual Aggregated,2026-09-20T06:27:59Z
2026-09-20T06:27:27Z,2026-09-20T08:27:27+0200,5dd01d44-5791-4b31-82b5-fd0ca25cd855,2026-09-14T00:15:00Z,2026-09-14T02:15:00+0200,0.12,MW,NL,NL,actual_solar_generation,Solar | Actual Consumption,2026-09-20T06:27:59Z
2026-09-20T06:27:27Z,2026-09-20T08:27:27+0200,5dd01d44-5791-4b31-82b5-fd0ca25cd855,2026-09-14T00:30:00Z,2026-09-14T02:30:00+0200,0.0,MW,NL,NL,actual_solar_generation,Solar | Actual Aggregated,2026-09-20T06:27:59Z
2026-09-20T06:27:27Z,2026-09-20T08:27:27+0200,5dd01d44-5791-4b31-82b5-fd0ca25cd855,2026-09-14T00:30:00Z,2026-09-14T02:30:00+0200,0.13,MW,NL,NL,actual_solar_generation,Solar | Actual Consumption,2026-09-20T06:27:59Z
2026-09-20T06:27:27Z,2026-09-20T08:27:27+0200,5dd01d44-5791-4b31-82b5-fd0ca25cd855,2026-09-14T00:45:00Z,2026-09-14T02:45:00+0200,0.0,MW,NL,NL,actual_solar_generation,Solar | Actual Aggregated,2026-09-20T06:27:59Z
2026-09-20T06:27:27Z,2026-09-20T08:27:27+0200,5dd01d44-5791-4b31-82b5-fd0ca25cd855,2026-09-14T00:45:00Z,2026-09-14T02:45:00+0200,0.12,MW,NL,NL,actual_solar_generation,Solar | Actual Consumption,2026-09-20T06:27:59Z
2026-09-20T06:27:27Z,2026-09-20T08:27:27+0200,5dd01d44-5791-4b31-82b5-fd0ca25cd855,2026-09-14T01:00:00Z,2026-09-14T03:00:00+0200,0.0,MW,NL,NL,actual_solar_generation,Solar | Actual Aggregated,2026-09-20T06:27:59Z
2026-09-20T06:27:27Z,2026-09-20T08:27:27+0200,5dd01d44-5791-4b31-82b5-fd0ca25cd855,2026-09-14T01:00:00Z,2026-09-14T03:00:00+0200,0.12,MW,NL,NL,actual_solar_generation,Solar | Actual Consumption,2026-09-20T06:27:59Z
2026-09-20T06:27:27Z,2026-09-20T08:27:27+0200,5dd01d44-5791-4b31-82b5-fd0ca25cd855,2026-09-14T01:15:00Z,2026-09-14T03:15:00+0200,0.0,MW,NL,NL,actual_solar_generation,Solar | Actual Aggregated,2026-09-20T06:27:59Z
2026-09-20T06:27:27Z,2026-09-20T08:27:27+0200,5dd01d44-5791-4b31-82b5-fd0ca25cd855,2026-09-14T01:15:00Z,2026-09-14T03:15:00+0200,0.122,MW,NL,NL,actual_solar_generation,Solar | Actual Consumption,2026-09-20T06:27:59Z
2026-09-20T06:27:27Z,2026-09-20T08:27:27+0200,5dd01d44-5791-4b31-82b5-fd0ca25cd855,2026-09-14T01:30:00Z,2026-09-14T03:30:00+0200,0.0,MW,NL,NL,actual_solar_generation,Solar | Actual Aggregated,2026-09-20T06:27:59Z
2026-09-20T06:27:27Z,2026-09-20T08:27:27+0200,5dd01d44-5791-4b31-82b5-fd0ca25cd855,2026-09-14T01:30:00Z,2026-09-14T03:30:00+0200,0.123,MW,NL,NL,actual_solar_generation,Solar | Actual Consumption,2026-09-20T06:27:59Z
2026-09-20T06:27:27Z,2026-09-20T08:27:27+0200,5dd01d44-5791-4b31-82b5-fd0ca25cd855,2026-09-14T01:45:00Z,2026-09-14T03:45:00+0200,0.0,MW,NL,NL,actual_solar_generation,Solar | Actual Aggregated,2026-09-20T06:27:59Z
2026-09-20T06:27:27Z,2026-09-20T08:27:27+0200,5dd01d44-5791-4b31-82b5-fd0ca25cd855,2026-09-14T01:45:00Z,2026-09-14T03:45:00+0200,0.123,MW,NL,NL,actual_solar_generation,Solar | Actual Consumption,2026-09-20T06:27:59Z
2026-09-20T06:27:27Z,2026-09-20T08:27:27+0200,5dd01d44-5791-4b31-82b5-fd0ca25cd855,2026-09-14T02:00:00Z,2026-09-14T04:00:00+0200,0.0,MW,NL,NL,actual_solar_generation,Solar | Actual Aggregated,2026-09-20T06:27:59Z
2026-09-20T06:27:27Z,2026-09-20T08:27:27+0200,5dd01d44-5791-4b31-82b5-fd0ca25cd855,2026-09-14T02:00:00Z,2026-09-14T04:00:00+0200,0.123,MW,NL,NL,actual_solar_generation,Solar | Actual Consumption,2026-09-20T06:27:59Z
2026-09-20T06:27:27Z,2026-09-20T08:27:27+0200,5dd01d44-5791-4b31-82b5-fd0ca25cd855,2026-09-14T02:15:00Z,2026-09-14T04:15:00+0200,0.0,MW,NL,NL,actual_solar_generation,Solar | Actual Aggregated,2026-09-20T06:27:59Z
2026-09-20T06:27:27Z,2026-09-20T08:27:27+0200,5dd01d44-5791-4b31-82b5-fd0ca25cd855,2026-09-14T02:15:00Z,2026-09-14T04:15:00+0200,0.13,MW,NL,NL,actual_solar_generation,Solar | Actual Consumption,2026-09-20T06:27:59Z
2026-09-20T06:27:27Z,2026-09-20T08:27:27+0200,5dd01d44-5791-4b31-82b5-fd0ca25cd855,2026-09-14T02:30:00Z,2026-09-14T04:30:00+0200,0.0,MW,NL,NL,actual_solar_generation,Solar | Actual Aggregated,2026-09-20T06:27:59Z
2026-09-20T06:27:27Z,2026-09-20T08:27:27+0200,5dd01d44-5791-4b31-82b5-fd0ca25cd855,2026-09-14T02:30:00Z,2026-09-14T04:30:00+0200,0.122,MW,NL,NL,actual_solar_generation,Solar | Actual Consumption,2026-09-20T06:27:59Z
2026-09-20T06:27:27Z,2026-09-20T08:27:27+0200,5dd01d44-5791-4b31-82b5-fd0ca25cd855,2026-09-14T02:45:00Z,2026-09-14T04:45:00+0200,0.0,MW,NL,NL,actual_solar_generation,Solar | Actual Aggregated,2026-09-20T06:27:59Z
2026-09-20T06:27:27Z,2026-09-20T08:27:27+0200,5dd01d44-5791-4b31-82b5-fd0ca25cd855,2026-09-14T02:45:00Z,2026-09-14T04:45:00+0200,0.122,MW,NL,NL,actual_solar_generation,Solar | Actual Consumption,2026-09-20T06:27:59Z
2026-09-20T06:27:27Z,2026-09-20T08:27:27+0200,5dd01d44-5791-4b31-82b5-fd0ca25cd855,2026-09-14T03:00:00Z,2026-09-14T05:00:00+0200,0.0,MW,NL,NL,actual_solar_generation,Solar | Actual Aggregated,2026-09-20T06:27:59Z
2026-09-20T06:27:27Z,2026-09-20T08:27:27+0200,5dd01d44-5791-4b31-82b5-fd0ca25cd855,2026-09-14T03:00:00Z,2026-09-14T05:00:00+0200,0.122,MW,NL,NL,actual_solar_generation,Solar | Actual Consumption,2026-09-20T06:27:59Z
2026-09-20T06:27:27Z,2026-09-20T08:27:27+0200,5dd01d44-5791-4b31-82b5-fd0ca25cd855,2026-09-14T03:15:00Z,2026-09-14T05:15:00+0200,0.0,MW,NL,NL,actual_solar_generation,Solar | Actual Aggregated,2026-09-20T06:27:59Z
2026-09-20T06:27:27Z,2026-09-20T08:27:27+0200,5dd01d44-5791-4b31-82b5-fd0ca25cd855,2026-09-14T03:15:00Z,2026-09-14T05:15:00+0200,0.127,MW,NL,NL,actual_solar_generation,Solar | Actual Consumption,2026-09-20T06:27:59Z
2026-09-20T06:27:27Z,2026-09-20T08:27:27+0200,5dd01d44-5791-4b31-82b5-fd0ca25cd855,2026-09-14T03:30:00Z,2026-09-14T05:30:00+0200,0.0,MW,NL,NL,actual_solar_generation,Solar | Actual Aggregated,2026-09-20T06:27:59Z
2026-09-20T06:27:27Z,2026-09-20T08:27:27+0200,5dd01d44-5791-4b31-82b5-fd0ca25cd855,2026-09-14T03:30:00Z,2026-09-14T05:30:00+0200,0.13,MW,NL,NL,actual_solar_generation,Solar | Actual Consumption,2026-09-20T06:27:59Z
2026-09-20T06:27:27Z,2026-09-20T08:27:27+0200,5dd01d44-5791-4b31-82b5-fd0ca25cd855,2026-09-14T03:45:00Z,2026-09-14T05:45:00+0200,0.0,MW,NL,NL,actual_solar_generation,Solar | Actual Aggregated,2026-09-20T06:27:59Z
2026-09-20T06:27:27Z,2026-09-20T08:27:27+0200,5dd01d44-5791-4b31-82b5-fd0ca25cd855,2026-09-14T03:45:00Z,2026-09-14T05:45:00+0200,0.13,MW,NL,NL,actual_solar_generation,Solar | Actual Consumption,2026-09-20T06:27:59Z
2026-09-20T06:27:27Z,2026-09-20T08:27:27+0200,5dd01d44-5791-4b31-82b5-fd0ca25cd855,2026-09-14T04:00:00Z,2026-09-14T06:00:00+0200,0.0,MW,NL,NL,actual_solar_generation,Solar | Actual Aggregated,2026-09-20T06:27:59Z
2026-09-20T06:27:27Z,2026-09-20T08:27:27+0200,5dd01d44-5791-4b31-82b5-fd0ca25cd855,2026-09-14T04:00:00Z,2026-09-14T06:00:00+0200,0.122,MW,NL,NL,actual_solar_generation,Solar | Actual Consumption,2026-09-20T06:27:59Z
2026-09-20T06:27:27Z,2026-09-20T08:27:27+0200,5dd01d44-5791-4b31-82b5-fd0ca25cd855,2026-09-14T04:15:00Z,2026-09-14T06:15:00+0200,0.0,MW,NL,NL,actual_solar_generation,Solar | Actual Aggregated,2026-09-20T06:27:59Z
2026-09-20T06:27:27Z,2026-09-20T08:27:27+0200,5dd01d44-5791-4b31-82b5-fd0ca25cd855,2026-09-14T04:15:00Z,2026-09-14T06:15:00+0200,0.129,MW,NL,NL,actual_solar_generation,Solar | Actual Consumption,2026-09-20T06:27:59Z
2026-09-20T06:27:27Z,2026-09-20T08:27:27+0200,5dd01d44-5791-4b31-82b5-fd0ca25cd855,2026-09-14T04:30:00Z,2026-09-14T06:30:00+0200,0.0,MW,NL,NL,actual_solar_generation,Solar | Actual Aggregated,2026-09-20T06:27:59Z
2026-09-20T06:27:27Z,2026-09-20T08:27:27+0200,5dd01d44-5791-4b31-82b5-fd0ca25cd855,2026-09-14T04:30:00Z,2026-09-14T06:30:00+0200,0.122,MW,NL,NL,actual_solar_generation,Solar | Actual Consumption,2026-09-20T06:27:59Z
2026-09-20T06:27:27Z,2026-09-20T08:27:27+0200,5dd01d44-5791-4b31-82b5-fd0ca25cd855,2026-09-14T04:45:00Z,2026-09-14T06:45:00+0200,0.0,MW,NL,NL,actual_solar_generation,Solar | Actual Aggregated,2026-09-20T06:27:59Z
2026-09-20T06:27:27Z,2026-09-20T08:27:27+0200,5dd01d44-5791-4b31-82b5-fd0ca25cd855,2026-09-14T04:45:00Z,2026-09-14T06:45:00+0200,0.122,MW,NL,NL,actual_solar_generation,Solar | Actual Consumption,2026-09-20T06:27:59Z
2026-09-20T06:27:27Z,2026-09-20T08:27:27+0200,5dd01d44-5791-4b31-82b5-fd0ca25cd855,2026-09-14T05:00:00Z,2026-09-14T07:00:00+0200,0.382,MW,NL,NL,actual_solar_generation,Solar | Actual Aggregated,2026-09-20T06:27:59Z
2026-09-20T06:27:27Z,2026-09-20T08:27:27+0200,5dd01d44-5791-4b31-82b5-fd0ca25cd855,2026-09-14T05:00:00Z,2026-09-14T07:00:00+0200,0.122,MW,NL,NL,actual_solar_generation,Solar | Actual Consumption,2026-09-20T06:27:59Z
2026-09-20T06:27:27Z,2026-09-20T08:27:27+0200,5dd01d44-5791-4b31-82b5-fd0ca25cd855,2026-09-14T05:15:00Z,2026-09-14T07:15:00+0200,4.529,MW,NL,NL,actual_solar_generation,Solar | Actual Aggregated,2026-09-20T06:27:59Z
2026-09-20T06:27:27Z,2026-09-20T08:27:27+0200,5dd01d44-5791-4b31-82b5-fd0ca25cd855,2026-09-14T05:15:00Z,2026-09-14T07:15:00+0200,0.0,MW,NL,NL,actual_solar_generation,Solar | Actual Consumption,2026-09-20T06:27:59Z
2026-09-20T06:27:27Z,2026-09-20T08:27:27+0200,5dd01d44-5791-4b31-82b5-fd0ca25cd855,2026-09-14T05:30:00Z,2026-09-14T07:30:00+0200,7.578,MW,NL,NL,actual_solar_generation,Solar | Actual Aggregated,2026-09-20T06:27:59Z
2026-09-20T06:27:27Z,2026-09-20T08:27:27+0200,5dd01d44-5791-4b31-82b5-fd0ca25cd855,2026-09-14T05:30:00Z,2026-09-14T07:30:00+0200,0.0,MW,NL,NL,actual_solar_generation,Solar | Actual Consumption,2026-09-20T06:27:59Z
2026-09-20T06:27:27Z,2026-09-20T08:27:27+0200,5dd01d44-5791-4b31-82b5-fd0ca25cd855,2026-09-14T05:45:00Z,2026-09-14T07:45:00+0200,13.589,MW,NL,NL,actual_solar_generation,Solar | Actual Aggregated,2026-09-20T06:27:59Z
2026-09-20T06:27:27Z,2026-09-20T08:27:27+0200,5dd01d44-5791-4b31-82b5-fd0ca25cd855,2026-09-14T05:45:00Z,2026-09-14T07:45:00+0200,0.0,MW,NL,NL,actual_solar_generation,Solar | Actual Consumption,2026-09-20T06:27:59Z
2026-09-20T06:27:27Z,2026-09-20T08:27:27+0200,5dd01d44-5791-4b31-82b5-fd0ca25cd855,2026-09-14T06:00:00Z,2026-09-14T08:00:00+0200,17.784,MW,NL,NL,actual_solar_generation,Solar | Actual Aggregated,2026-09-20T06:27:59Z
2026-09-20T06:27:27Z,2026-09-20T08:27:27+0200,5dd01d44-5791-4b31-82b5-fd0ca25cd855,2026-09-14T06:00:00Z,2026-09-14T08:00:00+0200,0.0,MW,NL,NL,actual_solar_generation,Solar | Actual Consumption,2026-09-20T06:27:59Z
2026-09-20T06:27:27Z,2026-09-20T08:27:27+0200,5dd01d44-5791-4b31-82b5-fd0ca25cd855,2026-09-14T06:15:00Z,2026-09-14T08:15:00+0200,27.637,MW,NL,NL,actual_solar_generation,Solar | Actual Aggregated,2026-09-20T06:27:59Z
2026-09-20T06:27:27Z,2026-09-20T08:27:27+0200,5dd01d44-5791-4b31-82b5-fd0ca25cd855,2026-09-14T06:15:00Z,2026-09-14T08:15:00+0200,0.0,MW,NL,NL,actual_solar_generation,Solar | Actual Consumption,2026-09-20T06:27:59Z
2026-09-20T06:27:27Z,2026-09-20T08:27:27+0200,5dd01d44-5791-4b31-82b5-fd0ca25cd855,2026-09-14T06:30:00Z,2026-09-14T08:30:00+0200,48.529,MW,NL,NL,actual_solar_generation,Solar | Actual Aggregated,2026-09-20T06:27:59Z
2026-09-20T06:27:27Z,2026-09-20T08:27:27+0200,5dd01d44-5791-4b31-82b5-fd0ca25cd855,2026-09-14T06:30:00Z,2026-09-14T08:30:00+0200,0.0,MW,NL,NL,actual_solar_generation,Solar | Actual Consumption,2026-09-20T06:27:59Z
2026-09-20T06:27:27Z,2026-09-20T08:27:27+0200,5dd01d44-5791-4b31-82b5-fd0ca25cd855,2026-09-14T06:45:00Z,2026-09-14T08:45:00+0200,64.679,MW,NL,NL,actual_solar_generation,Solar | Actual Aggregated,2026-09-20T06:27:59Z
2026-09-20T06:27:27Z,2026-09-20T08:27:27+0200,5dd01d44-5791-4b31-82b5-fd0ca25cd855,2026-09-14T06:45:00Z,2026-09-14T08:45:00+0200,0.0,MW,NL,NL,actual_solar_generation,Solar | Actual Consumption,2026-09-20T06:27:59Z
2026-09-20T06:27:27Z,2026-09-20T08:27:27+0200,5dd01d44-5791-4b31-82b5-fd0ca25cd855,2026-09-14T07:00:00Z,2026-09-14T09:00:00+0200,65.168,MW,NL,NL,actual_solar_generation,Solar | Actual Aggregated,2026-09-20T06:27:59Z
2026-09-20T06:27:27Z,2026-09-20T08:27:27+0200,5dd01d44-5791-4b31-82b5-fd0ca25cd855,2026-09-14T07:00:00Z,2026-09-14T09:00:00+0200,0.0,MW,NL,NL,actual_solar_generation,Solar | Actual Consumption,2026-09-20T06:27:59Z
2026-09-20T06:27:27Z,2026-09-20T08:27:27+0200,5dd01d44-5791-4b31-82b5-fd0ca25cd855,2026-09-14T07:15:00Z,2026-09-14T09:15:00+0200,64.746,MW,NL,NL,actual_solar_generation,Solar | Actual Aggregated,2026-09-20T06:27:59Z
2026-09-20T06:27:27Z,2026-09-20T08:27:27+0200,5dd01d44-5791-4b31-82b5-fd0ca25cd855,2026-09-14T07:15:00Z,2026-09-14T09:15:00+0200,0.0,MW,NL,NL,actual_solar_generation,Solar | Actual Consumption,2026-09-20T06:27:59Z
2026-09-20T06:27:27Z,2026-09-20T08:27:27+0200,5dd01d44-5791-4b31-82b5-fd0ca25cd855,2026-09-14T07:30:00Z,2026-09-14T09:30:00+0200,63.959,MW,NL,NL,actual_solar_generation,Solar | Actual Aggregated,2026-09-20T06:27:59Z
2026-09-20T06:27:27Z,2026-09-20T08:27:27+0200,5dd01d44-5791-4b31-82b5-fd0ca25cd855,2026-09-14T07:30:00Z,2026-09-14T09:30:00+0200,0.0,MW,NL,NL,actual_solar_generation,Solar | Actual Consumption,2026-09-20T06:27:59Z
2026-09-20T06:27:27Z,2026-09-20T08:27:27+0200,5dd01d44-5791-4b31-82b5-fd0ca25cd855,2026-09-14T07:45:00Z,2026-09-14T09:45:00+0200,102.022,MW,NL,NL,actual_solar_generation,Solar | Actual Aggregated,2026-09-20T06:27:59Z
2026-09-20T06:27:27Z,2026-09-20T08:27:27+0200,5dd01d44-5791-4b31-82b5-fd0ca25cd855,2026-09-14T07:45:00Z,2026-09-14T09:45:00+0200,0.0,MW,NL,NL,actual_solar_generation,Solar | Actual Consumption,2026-09-20T06:27:59Z
2026-09-20T06:27:27Z,2026-09-20T08:27:27+0200,5dd01d44-5791-4b31-82b5-fd0ca25cd855,2026-09-14T08:00:00Z,2026-09-14T10:00:00+0200,136.672,MW,NL,NL,actual_solar_generation,Solar | Actual Aggregated,2026-09-20T06:27:59Z
2026-09-20T06:27:27Z,2026-09-20T08:27:27+0200,5dd01d44-5791-4b31-82b5-fd0ca25cd855,2026-09-14T08:00:00Z,2026-09-14T10:00:00+0200,0.0,MW,NL,NL,actual_solar_generation,Solar | Actual Consumption,2026-09-20T06:27:59Z
2026-09-20T06:27:27Z,2026-09-20T08:27:27+0200,5dd01d44-5791-4b31-82b5-fd0ca25cd855,2026-09-14T08:15:00Z,2026-09-14T10:15:00+0200,144.076,MW,NL,NL,actual_solar_generation,Solar | Actual Aggregated,2026-09-20T06:27:59Z
2026-09-20T06:27:27Z,2026-09-20T08:27:27+0200,5dd01d44-5791-4b31-82b5-fd0ca25cd855,2026-09-14T08:15:00Z,2026-09-14T10:15:00+0200,0.0,MW,NL,NL,actual_solar_generation,Solar | Actual Consumption,2026-09-20T06:27:59Z
2026-09-20T06:27:27Z,2026-09-20T08:27:27+0200,5dd01d44-5791-4b31-82b5-fd0ca25cd855,2026-09-14T08:30:00Z,2026-09-14T10:30:00+0200,154.581,MW,NL,NL,actual_solar_generation,Solar | Actual Aggregated,2026-09-20T06:27:59Z
2026-09-20T06:27:27Z,2026-09-20T08:27:27+0200,5dd01d44-5791-4b31-82b5-fd0ca25cd855,2026-09-14T08:30:00Z,2026-09-14T10:30:00+0200,0.0,MW,NL,NL,actual_solar_generation,Solar | Actual Consumption,2026-09-20T06:27:59Z
2026-09-20T06:27:27Z,2026-09-20T08:27:27+0200,5dd01d44-5791-4b31-82b5-fd0ca25cd855,2026-09-14T08:45:00Z,2026-09-14T10:45:00+0200,156.668,MW,NL,NL,actual_solar_generation,Solar | Actual Aggregated,2026-09-20T06:27:59Z
2026-09-20T06:27:27Z,2026-09-20T08:27:27+0200,5dd01d44-5791-4b31-82b5-fd0ca25cd855,2026-09-14T08:45:00Z,2026-09-14T10:45:00+0200,0.0,MW,NL,NL,actual_solar_generation,Solar | Actual Consumption,2026-09-20T06:27:59Z
2026-09-20T06:27:27Z,2026-09-20T08:27:27+0200,5dd01d44-5791-4b31-82b5-fd0ca25cd855,2026-09-14T09:00:00Z,2026-09-14T11:00:00+0200,161.738,MW,NL,NL,actual_solar_generation,Solar | Actual Aggregated,2026-09-20T06:27:59Z
2026-09-20T06:27:27Z,2026-09-20T08:27:27+0200,5dd01d44-5791-4b31-82b5-fd0ca25cd855,2026-09-14T09:00:00Z,2026-09-14T11:00:00+0200,0.0,MW,NL,NL,actual_solar_generation,Solar | Actual Consumption,2026-09-20T06:27:59Z
2026-09-20T06:27:27Z,2026-09-20T08:27:27+0200,5dd01d44-5791-4b31-82b5-fd0ca25cd855,2026-09-14T09:15:00Z,2026-09-14T11:15:00+0200,165.538,MW,NL,NL,actual_solar_generation,Solar | Actual Aggregated,2026-09-20T06:27:59Z
2026-09-20T06:27:27Z,2026-09-20T08:27:27+0200,5dd01d44-5791-4b31-82b5-fd0ca25cd855,2026-09-14T09:15:00Z,2026-09-14T11:15:00+0200,0.0,MW,NL,NL,actual_solar_generation,Solar | Actual Consumption,2026-09-20T06:27:59Z
2026-09-20T06:27:27Z,2026-09-20T08:27:27+0200,5dd01d44-5791-4b31-82b5-fd0ca25cd855,2026-09-14T09:30:00Z,2026-09-14T11:30:00+0200,163.666,MW,NL,NL,actual_solar_generation,Solar | Actual Aggregated,2026-09-20T06:27:59Z
2026-09-20T06:27:27Z,2026-09-20T08:27:27+0200,5dd01d44-5791-4b31-82b5-fd0ca25cd855,2026-09-14T09:30:00Z,2026-09-14T11:30:00+0200,0.0,MW,NL,NL,actual_solar_generation,Solar | Actual Consumption,2026-09-20T06:27:59Z
2026-09-20T06:27:27Z,2026-09-20T08:27:27+0200,5dd01d44-5791-4b31-82b5-fd0ca25cd855,2026-09-14T09:45:00Z,2026-09-14T11:45:00+0200,190.242,MW,NL,NL,actual_solar_generation,Solar | Actual Aggregated,2026-09-20T06:27:59Z
2026-09-20T06:27:27Z,2026-09-20T08:27:27+0200,5dd01d44-5791-4b31-82b5-fd0ca25cd855,2026-09-14T09:45:00Z,2026-09-14T11:45:00+0200,0.0,MW,NL,NL,actual_solar_generation,Solar | Actual Consumption,2026-09-20T06:27:59Z
2026-09-20T06:27:27Z,2026-09-20T08:27:27+0200,5dd01d44-5791-4b31-82b5-fd0ca25cd855,2026-09-14T10:00:00Z,2026-09-14T12:00:00+0200,202.577,MW,NL,NL,actual_solar_generation,Solar | Actual Aggregated,2026-09-20T06:27:59Z
2026-09-20T06:27:27Z,2026-09-20T08:27:27+0200,5dd01d44-5791-4b31-82b5-fd0ca25cd855,2026-09-14T10:00:00Z,2026-09-14T12:00:00+0200,0.0,MW,NL,NL,actual_solar_generation,Solar | Actual Consumption,2026-09-20T06:27:59Z
2026-09-20T06:27:27Z,2026-09-20T08:27:27+0200,5dd01d44-5791-4b31-82b5-fd0ca25cd855,2026-09-14T10:15:00Z,2026-09-14T12:15:00+0200,211.57,MW,NL,NL,actual_solar_generation,Solar | Actual Aggregated,2026-09-20T06:27:59Z
2026-09-20T06:27:27Z,2026-09-20T08:27:27+0200,5dd01d44-5791-4b31-82b5-fd0ca25cd855,2026-09-14T10:15:00Z,2026-09-14T12:15:00+0200,0.0,MW,NL,NL,actual_solar_generation,Solar | Actual Consumption,2026-09-20T06:27:59Z
2026-09-20T06:27:27Z,2026-09-20T08:27:27+0200,5dd01d44-5791-4b31-82b5-fd0ca25cd855,2026-09-14T10:30:00Z,2026-09-14T12:30:00+0200,215.043,MW,NL,NL,actual_solar_generation,Solar | Actual Aggregated,2026-09-20T06:27:59Z
2026-09-20T06:27:27Z,2026-09-20T08:27:27+0200,5dd01d44-5791-4b31-82b5-fd0ca25cd855,2026-09-14T10:30:00Z,2026-09-14T12:30:00+0200,0.0,MW,NL,NL,actual_solar_generation,Solar | Actual Consumption,2026-09-20T06:27:59Z
2026-09-20T06:27:27Z,2026-09-20T08:27:27+0200,5dd01d44-5791-4b31-82b5-fd0ca25cd855,2026-09-14T10:45:00Z,2026-09-14T12:45:00+0200,218.05,MW,NL,NL,actual_solar_generation,Solar | Actual Aggregated,2026-09-20T06:27:59Z
2026-09-20T06:27:27Z,2026-09-20T08:27:27+0200,5dd01d44-5791-4b31-82b5-fd0ca25cd855,2026-09-14T10:45:00Z,2026-09-14T12:45:00+0200,0.0,MW,NL,NL,actual_solar_generation,Solar | Actual Consumption,2026-09-20T06:27:59Z
2026-09-20T06:27:27Z,2026-09-20T08:27:27+0200,5dd01d44-5791-4b31-82b5-fd0ca25cd855,2026-09-14T11:00:00Z,2026-09-14T13:00:00+0200,224.436,MW,NL,NL,actual_solar_generation,Solar | Actual Aggregated,2026-09-20T06:27:59Z
2026-09-20T06:27:27Z,2026-09-20T08:27:27+0200,5dd01d44-5791-4b31-82b5-fd0ca25cd855,2026-09-14T11:00:00Z,2026-09-14T13:00:00+0200,0.0,MW,NL,NL,actual_solar_generation,Solar | Actual Consumption,2026-09-20T06:27:59Z
2026-09-20T06:27:27Z,2026-09-20T08:27:27+0200,5dd01d44-5791-4b31-82b5-fd0ca25cd855,2026-09-14T11:15:00Z,2026-09-14T13:15:00+0200,221.494,MW,NL,NL,actual_solar_generation,Solar | Actual Aggregated,2026-09-20T06:27:59Z
2026-09-20T06:27:27Z,2026-09-20T08:27:27+0200,5dd01d44-5791-4b31-82b5-fd0ca25cd855,2026-09-14T11:15:00Z,2026-09-14T13:15:00+0200,0.0,MW,NL,NL,actual_solar_generation,Solar | Actual Consumption,2026-09-20T06:27:59Z
2026-09-20T06:27:27Z,2026-09-20T08:27:27+0200,5dd01d44-5791-4b31-82b5-fd0ca25cd855,2026-09-14T11:30:00Z,2026-09-14T13:30:00+0200,218.985,MW,NL,NL,actual_solar_generation,Solar | Actual Aggregated,2026-09-20T06:27:59Z
2026-09-20T06:27:27Z,2026-09-20T08:27:27+0200,5dd01d44-5791-4b31-82b5-fd0ca25cd855,2026-09-14T11:30:00Z,2026-09-14T13:30:00+0200,0.0,MW,NL,NL,actual_solar_generation,Solar | Actual Consumption,2026-09-20T06:27:59Z
2026-09-20T06:27:27Z,2026-09-20T08:27:27+0200,5dd01d44-5791-4b31-82b5-fd0ca25cd855,2026-09-14T11:45:00Z,2026-09-14T13:45:00+0200,213.639,MW,NL,NL,actual_solar_generation,Solar | Actual Aggregated,2026-09-20T06:27:59Z
2026-09-20T06:27:27Z,2026-09-20T08:27:27+0200,5dd01d44-5791-4b31-82b5-fd0ca25cd855,2026-09-14T11:45:00Z,2026-09-14T13:45:00+0200,0.0,MW,NL,NL,actual_solar_generation,Solar | Actual Consumption,2026-09-20T06:27:59Z
2026-09-20T06:27:27Z,2026-09-20T08:27:27+0200,5dd01d44-5791-4b31-82b5-fd0ca25cd855,2026-09-14T12:00:00Z,2026-09-14T14:00:00+0200,198.327,MW,NL,NL,actual_solar_generation,Solar | Actual Aggregated,2026-09-20T06:27:59Z
2026-09-20T06:27:27Z,2026-09-20T08:27:27+0200,5dd01d44-5791-4b31-82b5-fd0ca25cd855,2026-09-14T12:00:00Z,2026-09-14T14:00:00+0200,0.0,MW,NL,NL,actual_solar_generation,Solar | Actual Consumption,2026-09-20T06:27:59Z
2026-09-20T06:27:27Z,2026-09-20T08:27:27+0200,5dd01d44-5791-4b31-82b5-fd0ca25cd855,2026-09-14T12:15:00Z,2026-09-14T14:15:00+0200,207.44,MW,NL,NL,actual_solar_generation,Solar | Actual Aggregated,2026-09-20T06:27:59Z
2026-09-20T06:27:27Z,2026-09-20T08:27:27+0200,5dd01d44-5791-4b31-82b5-fd0ca25cd855,2026-09-14T12:15:00Z,2026-09-14T14:15:00+0200,0.0,MW,NL,NL,actual_solar_generation,Solar | Actual Consumption,2026-09-20T06:27:59Z
2026-09-20T06:27:27Z,2026-09-20T08:27:27+0200,5dd01d44-5791-4b31-82b5-fd0ca25cd855,2026-09-14T12:30:00Z,2026-09-14T14:30:00+0200,193.065,MW,NL,NL,actual_solar_generation,Solar | Actual Aggregated,2026-09-20T06:27:59Z
2026-09-20T06:27:27Z,2026-09-20T08:27:27+0200,5dd01d44-5791-4b31-82b5-fd0ca25cd855,2026-09-14T12:30:00Z,2026-09-14T14:30:00+0200,0.0,MW,NL,NL,actual_solar_generation,Solar | Actual Consumption,2026-09-20T06:27:59Z
2026-09-20T06:27:27Z,2026-09-20T08:27:27+0200,5dd01d44-5791-4b31-82b5-fd0ca25cd855,2026-09-14T12:45:00Z,2026-09-14T14:45:00+0200,183.921,MW,NL,NL,actual_solar_generation,Solar | Actual Aggregated,2026-09-20T06:27:59Z
2026-09-20T06:27:27Z,2026-09-20T08:27:27+0200,5dd01d44-5791-4b31-82b5-fd0ca25cd855,2026-09-14T12:45:00Z,2026-09-14T14:45:00+0200,0.0,MW,NL,NL,actual_solar_generation,Solar | Actual Consumption,2026-09-20T06:27:59Z
2026-09-20T06:27:27Z,2026-09-20T08:27:27+0200,5dd01d44-5791-4b31-82b5-fd0ca25cd855,2026-09-14T13:00:00Z,2026-09-14T15:00:00+0200,189.749,MW,NL,NL,actual_solar_generation,Solar | Actual Aggregated,2026-09-20T06:27:59Z
2026-09-20T06:27:27Z,2026-09-20T08:27:27+0200,5dd01d44-5791-4b31-82b5-fd0ca25cd855,2026-09-14T13:00:00Z,2026-09-14T15:00:00+0200,0.0,MW,NL,NL,actual_solar_generation,Solar | Actual Consumption,2026-09-20T06:27:59Z
2026-09-20T06:27:27Z,2026-09-20T08:27:27+0200,5dd01d44-5791-4b31-82b5-fd0ca25cd855,2026-09-14T13:15:00Z,2026-09-14T15:15:00+0200,152.339,MW,NL,NL,actual_solar_generation,Solar | Actual Aggregated,2026-09-20T06:27:59Z
2026-09-20T06:27:27Z,2026-09-20T08:27:27+0200,5dd01d44-5791-4b31-82b5-fd0ca25cd855,2026-09-14T13:15:00Z,2026-09-14T15:15:00+0200,0.0,MW,NL,NL,actual_solar_generation,Solar | Actual Consumption,2026-09-20T06:27:59Z
2026-09-20T06:27:27Z,2026-09-20T08:27:27+0200,5dd01d44-5791-4b31-82b5-fd0ca25cd855,2026-09-14T13:30:00Z,2026-09-14T15:30:00+0200,169.74,MW,NL,NL,actual_solar_generation,Solar | Actual Aggregated,2026-09-20T06:27:59Z
2026-09-20T06:27:27Z,2026-09-20T08:27:27+0200,5dd01d44-5791-4b31-82b5-fd0ca25cd855,2026-09-14T13:30:00Z,2026-09-14T15:30:00+0200,0.0,MW,NL,NL,actual_solar_generation,Solar | Actual Consumption,2026-09-20T06:27:59Z
2026-09-20T06:27:27Z,2026-09-20T08:27:27+0200,5dd01d44-5791-4b31-82b5-fd0ca25cd855,2026-09-14T13:45:00Z,2026-09-14T15:45:00+0200,164.852,MW,NL,NL,actual_solar_generation,Solar | Actual Aggregated,2026-09-20T06:27:59Z
2026-09-20T06:27:27Z,2026-09-20T08:27:27+0200,5dd01d44-5791-4b31-82b5-fd0ca25cd855,2026-09-14T13:45:00Z,2026-09-14T15:45:00+0200,0.0,MW,NL,NL,actual_solar_generation,Solar | Actual Consumption,2026-09-20T06:27:59Z
2026-09-20T06:27:27Z,2026-09-20T08:27:27+0200,5dd01d44-5791-4b31-82b5-fd0ca25cd855,2026-09-14T14:00:00Z,2026-09-14T16:00:00+0200,120.308,MW,NL,NL,actual_solar_generation,Solar | Actual Aggregated,2026-09-20T06:27:59Z
2026-09-20T06:27:27Z,2026-09-20T08:27:27+0200,5dd01d44-5791-4b31-82b5-fd0ca25cd855,2026-09-14T14:00:00Z,2026-09-14T16:00:00+0200,0.0,MW,NL,NL,actual_solar_generation,Solar | Actual Consumption,2026-09-20T06:27:59Z
2026-09-20T06:27:27Z,2026-09-20T08:27:27+0200,5dd01d44-5791-4b31-82b5-fd0ca25cd855,2026-09-14T14:15:00Z,2026-09-14T16:15:00+0200,123.805,MW,NL,NL,actual_solar_generation,Solar | Actual Aggregated,2026-09-20T06:27:59Z
2026-09-20T06:27:27Z,2026-09-20T08:27:27+0200,5dd01d44-5791-4b31-82b5-fd0ca25cd855,2026-09-14T14:15:00Z,2026-09-14T16:15:00+0200,0.0,MW,NL,NL,actual_solar_generation,Solar | Actual Consumption,2026-09-20T06:27:59Z
2026-09-20T06:27:27Z,2026-09-20T08:27:27+0200,5dd01d44-5791-4b31-82b5-fd0ca25cd855,2026-09-14T14:30:00Z,2026-09-14T16:30:00+0200,115.437,MW,NL,NL,actual_solar_generation,Solar | Actual Aggregated,2026-09-20T06:27:59Z
2026-09-20T06:27:27Z,2026-09-20T08:27:27+0200,5dd01d44-5791-4b31-82b5-fd0ca25cd855,2026-09-14T14:30:00Z,2026-09-14T16:30:00+0200,0.0,MW,NL,NL,actual_solar_generation,Solar | Actual Consumption,2026-09-20T06:27:59Z
2026-09-20T06:27:27Z,2026-09-20T08:27:27+0200,5dd01d44-5791-4b31-82b5-fd0ca25cd855,2026-09-14T14:45:00Z,2026-09-14T16:45:00+0200,81.634,MW,NL,NL,actual_solar_generation,Solar | Actual Aggregated,2026-09-20T06:27:59Z
2026-09-20T06:27:27Z,2026-09-20T08:27:27+0200,5dd01d44-5791-4b31-82b5-fd0ca25cd855,2026-09-14T14:45:00Z,2026-09-14T16:45:00+0200,0.0,MW,NL,NL,actual_solar_generation,Solar | Actual Consumption,2026-09-20T06:27:59Z
2026-09-20T06:27:27Z,2026-09-20T08:27:27+0200,5dd01d44-5791-4b31-82b5-fd0ca25cd855,2026-09-14T15:00:00Z,2026-09-14T17:00:00+0200,51.243,MW,NL,NL,actual_solar_generation,Solar | Actual Aggregated,2026-09-20T06:27:59Z
2026-09-20T06:27:27Z,2026-09-20T08:27:27+0200,5dd01d44-5791-4b31-82b5-fd0ca25cd855,2026-09-14T15:00:00Z,2026-09-14T17:00:00+0200,0.0,MW,NL,NL,actual_solar_generation,Solar | Actual Consumption,2026-09-20T06:27:59Z
2026-09-20T06:27:27Z,2026-09-20T08:27:27+0200,5dd01d44-5791-4b31-82b5-fd0ca25cd855,2026-09-14T15:15:00Z,2026-09-14T17:15:00+0200,52.15,MW,NL,NL,actual_solar_generation,Solar | Actual Aggregated,2026-09-20T06:27:59Z
2026-09-20T06:27:27Z,2026-09-20T08:27:27+0200,5dd01d44-5791-4b31-82b5-fd0ca25cd855,2026-09-14T15:15:00Z,2026-09-14T17:15:00+0200,0.0,MW,NL,NL,actual_solar_generation,Solar | Actual Consumption,2026-09-20T06:27:59Z
2026-09-20T06:27:27Z,2026-09-20T08:27:27+0200,5dd01d44-5791-4b31-82b5-fd0ca25cd855,2026-09-14T15:30:00Z,2026-09-14T17:30:00+0200,31.568,MW,NL,NL,actual_solar_generation,Solar | Actual Aggregated,2026-09-20T06:27:59Z
2026-09-20T06:27:27Z,2026-09-20T08:27:27+0200,5dd01d44-5791-4b31-82b5-fd0ca25cd855,2026-09-14T15:30:00Z,2026-09-14T17:30:00+0200,0.0,MW,NL,NL,actual_solar_generation,Solar | Actual Consumption,2026-09-20T06:27:59Z
2026-09-20T06:27:27Z,2026-09-20T08:27:27+0200,5dd01d44-5791-4b31-82b5-fd0ca25cd855,2026-09-14T15:45:00Z,2026-09-14T17:45:00+0200,22.434,MW,NL,NL,actual_solar_generation,Solar | Actual Aggregated,2026-09-20T06:27:59Z
2026-09-20T06:27:27Z,2026-09-20T08:27:27+0200,5dd01d44-5791-4b31-82b5-fd0ca25cd855,2026-09-14T15:45:00Z,2026-09-14T17:45:00+0200,0.0,MW,NL,NL,actual_solar_generation,Solar | Actual Consumption,2026-09-20T06:27:59Z
2026-09-20T06:27:27Z,2026-09-20T08:27:27+0200,5dd01d44-5791-4b31-82b5-fd0ca25cd855,2026-09-14T16:00:00Z,2026-09-14T18:00:00+0200,22.399,MW,NL,NL,actual_solar_generation,Solar | Actual Aggregated,2026-09-20T06:27:59Z
2026-09-20T06:27:27Z,2026-09-20T08:27:27+0200,5dd01d44-5791-4b31-82b5-fd0ca25cd855,2026-09-14T16:00:00Z,2026-09-14T18:00:00+0200,0.0,MW,NL,NL,actual_solar_generation,Solar | Actual Consumption,2026-09-20T06:27:59Z
2026-09-20T06:27:27Z,2026-09-20T08:27:27+0200,5dd01d44-5791-4b31-82b5-fd0ca25cd855,2026-09-14T16:15:00Z,2026-09-14T18:15:00+0200,16.786,MW,NL,NL,actual_solar_generation,Solar | Actual Aggregated,2026-09-20T06:27:59Z
2026-09-20T06:27:27Z,2026-09-20T08:27:27+0200,5dd01d44-5791-4b31-82b5-fd0ca25cd855,2026-09-14T16:15:00Z,2026-09-14T18:15:00+0200,0.0,MW,NL,NL,actual_solar_generation,Solar | Actual Consumption,2026-09-20T06:27:59Z
2026-09-20T06:27:27Z,2026-09-20T08:27:27+0200,5dd01d44-5791-4b31-82b5-fd0ca25cd855,2026-09-14T16:30:00Z,2026-09-14T18:30:00+0200,12.59,MW,NL,NL,actual_solar_generation,Solar | Actual Aggregated,2026-09-20T06:27:59Z
2026-09-20T06:27:27Z,2026-09-20T08:27:27+0200,5dd01d44-5791-4b31-82b5-fd0ca25cd855,2026-09-14T16:30:00Z,2026-09-14T18:30:00+0200,0.0,MW,NL,NL,actual_solar_generation,Solar | Actual Consumption,2026-09-20T06:27:59Z
2026-09-20T06:27:27Z,2026-09-20T08:27:27+0200,5dd01d44-5791-4b31-82b5-fd0ca25cd855,2026-09-14T16:45:00Z,2026-09-14T18:45:00+0200,10.768,MW,NL,NL,actual_solar_generation,Solar | Actual Aggregated,2026-09-20T06:27:59Z
2026-09-20T06:27:27Z,2026-09-20T08:27:27+0200,5dd01d44-5791-4b31-82b5-fd0ca25cd855,2026-09-14T16:45:00Z,2026-09-14T18:45:00+0200,0.0,MW,NL,NL,actual_solar_generation,Solar | Actual Consumption,2026-09-20T06:27:59Z
2026-09-20T06:27:27Z,2026-09-20T08:27:27+0200,5dd01d44-5791-4b31-82b5-fd0ca25cd855,2026-09-14T17:00:00Z,2026-09-14T19:00:00+0200,8.626,MW,NL,NL,actual_solar_generation,Solar | Actual Aggregated,2026-09-20T06:27:59Z
2026-09-20T06:27:27Z,2026-09-20T08:27:27+0200,5dd01d44-5791-4b31-82b5-fd0ca25cd855,2026-09-14T17:00:00Z,2026-09-14T19:00:00+0200,0.0,MW,NL,NL,actual_solar_generation,Solar | Actual Consumption,2026-09-20T06:27:59Z
2026-09-20T06:27:27Z,2026-09-20T08:27:27+0200,5dd01d44-5791-4b31-82b5-fd0ca25cd855,2026-09-14T17:15:00Z,2026-09-14T19:15:00+0200,3.835,MW,NL,NL,actual_solar_generation,Solar | Actual Aggregated,2026-09-20T06:27:59Z
2026-09-20T06:27:27Z,2026-09-20T08:27:27+0200,5dd01d44-5791-4b31-82b5-fd0ca25cd855,2026-09-14T17:15:00Z,2026-09-14T19:15:00+0200,0.0,MW,NL,NL,actual_solar_generation,Solar | Actual Consumption,2026-09-20T06:27:59Z
2026-09-20T06:27:27Z,2026-09-20T08:27:27+0200,5dd01d44-5791-4b31-82b5-fd0ca25cd855,2026-09-14T17:30:00Z,2026-09-14T19:30:00+0200,0.0,MW,NL,NL,actual_solar_generation,Solar | Actual Aggregated,2026-09-20T06:27:59Z
2026-09-20T06:27:27Z,2026-09-20T08:27:27+0200,5dd01d44-5791-4b31-82b5-fd0ca25cd855,2026-09-14T17:30:00Z,2026-09-14T19:30:00+0200,0.134,MW,NL,NL,actual_solar_generation,Solar | Actual Consumption,2026-09-20T06:27:59Z
2026-09-20T06:27:27Z,2026-09-20T08:27:27+0200,5dd01d44-5791-4b31-82b5-fd0ca25cd855,2026-09-14T17:45:00Z,2026-09-14T19:45:00+0200,0.0,MW,NL,NL,actual_solar_generation,Solar | Actual Aggregated,2026-09-20T06:27:59Z
2026-09-20T06:27:27Z,2026-09-20T08:27:27+0200,5dd01d44-5791-4b31-82b5-fd0ca25cd855,2026-09-14T17:45:00Z,2026-09-14T19:45:00+0200,0.518,MW,NL,NL,actual_solar_generation,Solar | Actual Consumption,2026-09-20T06:27:59Z
2026-09-20T06:27:27Z,2026-09-20T08:27:27+0200,5dd01d44-5791-4b31-82b5-fd0ca25cd855,2026-09-14T18:00:00Z,2026-09-14T20:00:00+0200,0.0,MW,NL,NL,actual_solar_generation,Solar | Actual Aggregated,2026-09-20T06:27:59Z
2026-09-20T06:27:27Z,2026-09-20T08:27:27+0200,5dd01d44-5791-4b31-82b5-fd0ca25cd855,2026-09-14T18:00:00Z,2026-09-14T20:00:00+0200,0.123,MW,NL,NL,actual_solar_generation,Solar | Actual Consumption,2026-09-20T06:27:59Z
2026-09-20T06:27:27Z,2026-09-20T08:27:27+0200,5dd01d44-5791-4b31-82b5-fd0ca25cd855,2026-09-14T18:15:00Z,2026-09-14T20:15:00+0200,0.0,MW,NL,NL,actual_solar_generation,Solar | Actual Aggregated,2026-09-20T06:27:59Z
2026-09-20T06:27:27Z,2026-09-20T08:27:27+0200,5dd01d44-5791-4b31-82b5-fd0ca25cd855,2026-09-14T18:15:00Z,2026-09-14T20:15:00+0200,0.123,MW,NL,NL,actual_solar_generation,Solar | Actual Consumption,2026-09-20T06:27:59Z
2026-09-20T06:27:27Z,2026-09-20T08:27:27+0200,5dd01d44-5791-4b31-82b5-fd0ca25cd855,2026-09-14T18:30:00Z,2026-09-14T20:30:00+0200,0.0,MW,NL,NL,actual_solar_generation,Solar | Actual Aggregated,2026-09-20T06:27:59Z
2026-09-20T06:27:27Z,2026-09-20T08:27:27+0200,5dd01d44-5791-4b31-82b5-fd0ca25cd855,2026-09-14T18:30:00Z,2026-09-14T20:30:00+0200,0.123,MW,NL,NL,actual_solar_generation,Solar | Actual Consumption,2026-09-20T06:27:59Z
2026-09-20T06:27:27Z,2026-09-20T08:27:27+0200,5dd01d44-5791-4b31-82b5-fd0ca25cd855,2026-09-14T18:45:00Z,2026-09-14T20:45:00+0200,0.0,MW,NL,NL,actual_solar_generation,Solar | Actual Aggregated,2026-09-20T06:27:59Z
2026-09-20T06:27:27Z,2026-09-20T08:27:27+0200,5dd01d44-5791-4b31-82b5-fd0ca25cd855,2026-09-14T18:45:00Z,2026-09-14T20:45:00+0200,0.123,MW,NL,NL,actual_solar_generation,Solar | Actual Consumption,2026-09-20T06:27:59Z
2026-09-20T06:27:27Z,2026-09-20T08:27:27+0200,5dd01d44-5791-4b31-82b5-fd0ca25cd855,2026-09-14T19:00:00Z,2026-09-14T21:00:00+0200,0.0,MW,NL,NL,actual_solar_generation,Solar | Actual Aggregated,2026-09-20T06:27:59Z
2026-09-20T06:27:27Z,2026-09-20T08:27:27+0200,5dd01d44-5791-4b31-82b5-fd0ca25cd855,2026-09-14T19:00:00Z,2026-09-14T21:00:00+0200,0.123,MW,NL,NL,actual_solar_generation,Solar | Actual Consumption,2026-09-20T06:27:59Z
2026-09-20T06:27:27Z,2026-09-20T08:27:27+0200,5dd01d44-5791-4b31-82b5-fd0ca25cd855,2026-09-14T19:15:00Z,2026-09-14T21:15:00+0200,0.0,MW,NL,NL,actual_solar_generation,Solar | Actual Aggregated,2026-09-20T06:27:59Z
2026-09-20T06:27:27Z,2026-09-20T08:27:27+0200,5dd01d44-5791-4b31-82b5-fd0ca25cd855,2026-09-14T19:15:00Z,2026-09-14T21:15:00+0200,0.123,MW,NL,NL,actual_solar_generation,Solar | Actual Consumption,2026-09-20T06:27:59Z
2026-09-20T06:27:27Z,2026-09-20T08:27:27+0200,5dd01d44-5791-4b31-82b5-fd0ca25cd855,2026-09-14T19:30:00Z,2026-09-14T21:30:00+0200,0.0,MW,NL,NL,actual_solar_generation,Solar | Actual Aggregated,2026-09-20T06:27:59Z
2026-09-20T06:27:27Z,2026-09-20T08:27:27+0200,5dd01d44-5791-4b31-82b5-fd0ca25cd855,2026-09-14T19:30:00Z,2026-09-14T21:30:00+0200,0.123,MW,NL,NL,actual_solar_generation,Solar | Actual Consumption,2026-09-20T06:27:59Z
2026-09-20T06:27:27Z,2026-09-20T08:27:27+0200,5dd01d44-5791-4b31-82b5-fd0ca25cd855,2026-09-14T19:45:00Z,2026-09-14T21:45:00+0200,0.0,MW,NL,NL,actual_solar_generation,Solar | Actual Aggregated,2026-09-20T06:27:59Z
2026-09-20T06:27:27Z,2026-09-20T08:27:27+0200,5dd01d44-5791-4b31-82b5-fd0ca25cd855,2026-09-14T19:45:00Z,2026-09-14T21:45:00+0200,0.123,MW,NL,NL,actual_solar_generation,Solar | Actual Consumption,2026-09-20T06:27:59Z
2026-09-20T06:27:27Z,2026-09-20T08:27:27+0200,5dd01d44-5791-4b31-82b5-fd0ca25cd855,2026-09-14T20:00:00Z,2026-09-14T22:00:00+0200,0.0,MW,NL,NL,actual_solar_generation,Solar | Actual Aggregated,2026-09-20T06:27:59Z
2026-09-20T06:27:27Z,2026-09-20T08:27:27+0200,5dd01d44-5791-4b31-82b5-fd0ca25cd855,2026-09-14T20:00:00Z,2026-09-14T22:00:00+0200,0.123,MW,NL,NL,actual_solar_generation,Solar | Actual Consumption,2026-09-20T06:27:59Z
2026-09-20T06:27:27Z,2026-09-20T08:27:27+0200,5dd01d44-5791-4b31-82b5-fd0ca25cd855,2026-09-14T20:15:00Z,2026-09-14T22:15:00+0200,0.0,MW,NL,NL,actual_solar_generation,Solar | Actual Aggregated,2026-09-20T06:27:59Z
2026-09-20T06:27:27Z,2026-09-20T08:27:27+0200,5dd01d44-5791-4b31-82b5-fd0ca25cd855,2026-09-14T20:15:00Z,2026-09-14T22:15:00+0200,0.123,MW,NL,NL,actual_solar_generation,Solar | Actual Consumption,2026-09-20T06:27:59Z
2026-09-20T06:27:27Z,2026-09-20T08:27:27+0200,5dd01d44-5791-4b31-82b5-fd0ca25cd855,2026-09-14T20:30:00Z,2026-09-14T22:30:00+0200,0.0,MW,NL,NL,actual_solar_generation,Solar | Actual Aggregated,2026-09-20T06:27:59Z
2026-09-20T06:27:27Z,2026-09-20T08:27:27+0200,5dd01d44-5791-4b31-82b5-fd0ca25cd855,2026-09-14T20:30:00Z,2026-09-14T22:30:00+0200,0.123,MW,NL,NL,actual_solar_generation,Solar | Actual Consumption,2026-09-20T06:27:59Z
2026-09-20T06:27:27Z,2026-09-20T08:27:27+0200,5dd01d44-5791-4b31-82b5-fd0ca25cd855,2026-09-14T20:45:00Z,2026-09-14T22:45:00+0200,0.0,MW,NL,NL,actual_solar_generation,Solar | Actual Aggregated,2026-09-20T06:27:59Z
2026-09-20T06:27:27Z,2026-09-20T08:27:27+0200,5dd01d44-5791-4b31-82b5-fd0ca25cd855,2026-09-14T20:45:00Z,2026-09-14T22:45:00+0200,0.123,MW,NL,NL,actual_solar_generation,Solar | Actual Consumption,2026-09-20T06:27:59Z
2026-09-20T06:27:27Z,2026-09-20T08:27:27+0200,5dd01d44-5791-4b31-82b5-fd0ca25cd855,2026-09-14T21:00:00Z,2026-09-14T23:00:00+0200,0.0,MW,NL,NL,actual_solar_generation,Solar | Actual Aggregated,2026-09-20T06:27:59Z
2026-09-20T06:27:27Z,2026-09-20T08:27:27+0200,5dd01d44-5791-4b31-82b5-fd0ca25cd855,2026-09-14T21:00:00Z,2026-09-14T23:00:00+0200,0.135,MW,NL,NL,actual_solar_generation,Solar | Actual Consumption,2026-09-20T06:27:59Z
2026-09-20T06:27:27Z,2026-09-20T08:27:27+0200,5dd01d44-5791-4b31-82b5-fd0ca25cd855,2026-09-14T21:15:00Z,2026-09-14T23:15:00+0200,0.0,MW,NL,NL,actual_solar_generation,Solar | Actual Aggregated,2026-09-20T06:27:59Z
2026-09-20T06:27:27Z,2026-09-20T08:27:27+0200,5dd01d44-5791-4b31-82b5-fd0ca25cd855,2026-09-14T21:15:00Z,2026-09-14T23:15:00+0200,0.12,MW,NL,NL,actual_solar_generation,Solar | Actual Consumption,2026-09-20T06:27:59Z
2026-09-20T06:27:27Z,2026-09-20T08:27:27+0200,5dd01d44-5791-4b31-82b5-fd0ca25cd855,2026-09-14T21:30:00Z,2026-09-14T23:30:00+0200,0.0,MW,NL,NL,actual_solar_generation,Solar | Actual Aggregated,2026-09-20T06:27:59Z
2026-09-20T06:27:27Z,2026-09-20T08:27:27+0200,5dd01d44-5791-4b31-82b5-fd0ca25cd855,2026-09-14T21:30:00Z,2026-09-14T23:30:00+0200,0.117,MW,NL,NL,actual_solar_generation,Solar | Actual Consumption,2026-09-20T06:27:59Z
2026-09-20T06:27:27Z,2026-09-20T08:27:27+0200,5dd01d44-5791-4b31-82b5-fd0ca25cd855,2026-09-14T21:45:00Z,2026-09-14T23:45:00+0200,0.0,MW,NL,NL,actual_solar_generation,Solar | Actual Aggregated,2026-09-20T06:27:59Z
2026-09-20T06:27:27Z,2026-09-20T08:27:27+0200,5dd01d44-5791-4b31-82b5-fd0ca25cd855,2026-09-14T21:45:00Z,2026-09-14T23:45:00+0200,0.119,MW,NL,NL,actual_solar_generation,Solar | Actual Consumption,2026-09-20T06:27:59Z
2026-09-20T06:27:27Z,2026-09-20T08:27:27+0200,5dd01d44-5791-4b31-82b5-fd0ca25cd855,2026-09-14T22:00:00Z,2026-09-15T00:00:00+0200,0.0,MW,NL,NL,actual_solar_generation,Solar | Actual Aggregated,2026-09-20T06:27:59Z
2026-09-20T06:27:27Z,2026-09-20T08:27:27+0200,5dd01d44-5791-4b31-82b5-fd0ca25cd855,2026-09-14T22:00:00Z,2026-09-15T00:00:00+0200,0.124,MW,NL,NL,actual_solar_generation,Solar | Actual Consumption,2026-09-20T06:27:59Z
2026-09-20T06:27:27Z,2026-09-20T08:27:27+0200,5dd01d44-5791-4b31-82b5-fd0ca25cd855,2026-09-14T22:15:00Z,2026-09-15T00:15:00+0200,0.0,MW,NL,NL,actual_solar_generation,Solar | Actual Aggregated,2026-09-20T06:27:59Z
2026-09-20T06:27:27Z,2026-09-20T08:27:27+0200,5dd01d44-5791-4b31-82b5-fd0ca25cd855,2026-09-14T22:15:00Z,2026-09-15T00:15:00+0200,0.124,MW,NL,NL,actual_solar_generation,Solar | Actual Consumption,2026-09-20T06:27:59Z
2026-09-20T06:27:27Z,2026-09-20T08:27:27+0200,5dd01d44-5791-4b31-82b5-fd0ca25cd855,2026-09-14T22:30:00Z,2026-09-15T00:30:00+0200,0.0,MW,NL,NL,actual_solar_generation,Solar | Actual Aggregated,2026-09-20T06:27:59Z
2026-09-20T06:27:27Z,2026-09-20T08:27:27+0200,5dd01d44-5791-4b31-82b5-fd0ca25cd855,2026-09-14T22:30:00Z,2026-09-15T00:30:00+0200,0.124,MW,NL,NL,actual_solar_generation,Solar | Actual Consumption,2026-09-20T06:27:59Z
2026-09-20T06:27:27Z,2026-09-20T08:27:27+0200,5dd01d44-5791-4b31-82b5-fd0ca25cd855,2026-09-14T22:45:00Z,2026-09-15T00:45:00+0200,0.0,MW,NL,NL,actual_solar_generation,Solar | Actual Aggregated,2026-09-20T06:27:59Z
2026-09-20T06:27:27Z,2026-09-20T08:27:27+0200,5dd01d44-5791-4b31-82b5-fd0ca25cd855,2026-09-14T22:45:00Z,2026-09-15T00:45:00+0200,0.124,MW,NL,NL,actual_solar_generation,Solar | Actual Consumption,2026-09-20T06:27:59Z
2026-09-20T06:27:27Z,2026-09-20T08:27:27+0200,5dd01d44-5791-4b31-82b5-fd0ca25cd855,2026-09-14T23:00:00Z,2026-09-15T01:00:00+0200,0.0,MW,NL,NL,actual_solar_generation,Solar | Actual Aggregated,2026-09-20T06:27:59Z
2026-09-20T06:27:27Z,2026-09-20T08:27:27+0200,5dd01d44-5791-4b31-82b5-fd0ca25cd855,2026-09-14T23:00:00Z,2026-09-15T01:00:00+0200,0.124,MW,NL,NL,actual_solar_generation,Solar | Actual Consumption,2026-09-20T06:27:59Z
2026-09-20T06:27:27Z,2026-09-20T08:27:27+0200,5dd01d44-5791-4b31-82b5-fd0ca25cd855,2026-09-14T23:15:00Z,2026-09-15T01:15:00+0200,0.0,MW,NL,NL,actual_solar_generation,Solar | Actual Aggregated,2026-09-20T06:27:59Z
2026-09-20T06:27:27Z,2026-09-20T08:27:27+0200,5dd01d44-5791-4b31-82b5-fd0ca25cd855,2026-09-14T23:15:00Z,2026-09-15T01:15:00+0200,0.124,MW,NL,NL,actual_solar_generation,Solar | Actual Consumption,2026-09-20T06:27:59Z
2026-09-20T06:27:27Z,2026-09-20T08:27:27+0200,5dd01d44-5791-4b31-82b5-fd0ca25cd855,2026-09-14T23:30:00Z,2026-09-15T01:30:00+0200,0.0,MW,NL,NL,actual_solar_generation,Solar | Actual Aggregated,2026-09-20T06:27:59Z
2026-09-20T06:27:27Z,2026-09-20T08:27:27+0200,5dd01d44-5791-4b31-82b5-fd0ca25cd855,2026-09-14T23:30:00Z,2026-09-15T01:30:00+0200,0.124,MW,NL,NL,actual_solar_generation,Solar | Actual Consumption,2026-09-20T06:27:59Z
2026-09-20T06:27:27Z,2026-09-20T08:27:27+0200,5dd01d44-5791-4b31-82b5-fd0ca25cd855,2026-09-14T23:45:00Z,2026-09-15T01:45:00+0200,0.0,MW,NL,NL,actual_solar_generation,Solar | Actual Aggregated,2026-09-20T06:27:59Z
2026-09-20T06:27:27Z,2026-09-20T08:27:27+0200,5dd01d44-5791-4b31-82b5-fd0ca25cd855,2026-09-14T23:45:00Z,2026-09-15T01:45:00+0200,0.124,MW,NL,NL,actual_solar_generation,Solar | Actual Consumption,2026-09-20T06:27:59Z
2026-09-20T06:27:27Z,2026-09-20T08:27:27+0200,5dd01d44-5791-4b31-82b5-fd0ca25cd855,2026-09-15T00:00:00Z,2026-09-15T02:00:00+0200,0.0,MW,NL,NL,actual_solar_generation,Solar | Actual Aggregated,2026-09-20T06:27:59Z
2026-09-20T06:27:27Z,2026-09-20T08:27:27+0200,5dd01d44-5791-4b31-82b5-fd0ca25cd855,2026-09-15T00:00:00Z,2026-09-15T02:00:00+0200,0.124,MW,NL,NL,actual_solar_generation,Solar | Actual Consumption,2026-09-20T06:27:59Z
2026-09-20T06:27:27Z,2026-09-20T08:27:27+0200,5dd01d44-5791-4b31-82b5-fd0ca25cd855,2026-09-15T00:15:00Z,2026-09-15T02:15:00+0200,0.0,MW,NL,NL,actual_solar_generation,Solar | Actual Aggregated,2026-09-20T06:27:59Z
2026-09-20T06:27:27Z,2026-09-20T08:27:27+0200,5dd01d44-5791-4b31-82b5-fd0ca25cd855,2026-09-15T00:15:00Z,2026-09-15T02:15:00+0200,0.124,MW,NL,NL,actual_solar_generation,Solar | Actual Consumption,2026-09-20T06:27:59Z
2026-09-20T06:27:27Z,2026-09-20T08:27:27+0200,5dd01d44-5791-4b31-82b5-fd0ca25cd855,2026-09-15T00:30:00Z,2026-09-15T02:30:00+0200,0.0,MW,NL,NL,actual_solar_generation,Solar | Actual Aggregated,2026-09-20T06:27:59Z
2026-09-20T06:27:27Z,2026-09-20T08:27:27+0200,5dd01d44-5791-4b31-82b5-fd0ca25cd855,2026-09-15T00:30:00Z,2026-09-15T02:30:00+0200,0.124,MW,NL,NL,actual_solar_generation,Solar | Actual Consumption,2026-09-20T06:27:59Z
2026-09-20T06:27:27Z,2026-09-20T08:27:27+0200,5dd01d44-5791-4b31-82b5-fd0ca25cd855,2026-09-15T00:45:00Z,2026-09-15T02:45:00+0200,0.0,MW,NL,NL,actual_solar_generation,Solar | Actual Aggregated,2026-09-20T06:27:59Z
2026-09-20T06:27:27Z,2026-09-20T08:27:27+0200,5dd01d44-5791-4b31-82b5-fd0ca25cd855,2026-09-15T00:45:00Z,2026-09-15T02:45:00+0200,0.124,MW,NL,NL,actual_solar_generation,Solar | Actual Consumption,2026-09-20T06:27:59Z
2026-09-20T06:27:27Z,2026-09-20T08:27:27+0200,5dd01d44-5791-4b31-82b5-fd0ca25cd855,2026-09-15T01:00:00Z,2026-09-15T03:00:00+0200,0.0,MW,NL,NL,actual_solar_generation,Solar | Actual Aggregated,2026-09-20T06:27:59Z
2026-09-20T06:27:27Z,2026-09-20T08:27:27+0200,5dd01d44-5791-4b31-82b5-fd0ca25cd855,2026-09-15T01:00:00Z,2026-09-15T03:00:00+0200,0.124,MW,NL,NL,actual_solar_generation,Solar | Actual Consumption,2026-09-20T06:27:59Z
2026-09-20T06:27:27Z,2026-09-20T08:27:27+0200,5dd01d44-5791-4b31-82b5-fd0ca25cd855,2026-09-15T01:15:00Z,2026-09-15T03:15:00+0200,0.0,MW,NL,NL,actual_solar_generation,Solar | Actual Aggregated,2026-09-20T06:27:59Z
2026-09-20T06:27:27Z,2026-09-20T08:27:27+0200,5dd01d44-5791-4b31-82b5-fd0ca25cd855,2026-09-15T01:15:00Z,2026-09-15T03:15:00+0200,0.124,MW,NL,NL,actual_solar_generation,Solar | Actual Consumption,2026-09-20T06:27:59Z
2026-09-20T06:27:27Z,2026-09-20T08:27:27+0200,5dd01d44-5791-4b31-82b5-fd0ca25cd855,2026-09-15T01:30:00Z,2026-09-15T03:30:00+0200,0.0,MW,NL,NL,actual_solar_generation,Solar | Actual Aggregated,2026-09-20T06:27:59Z
2026-09-20T06:27:27Z,2026-09-20T08:27:27+0200,5dd01d44-5791-4b31-82b5-fd0ca25cd855,2026-09-15T01:30:00Z,2026-09-15T03:30:00+0200,0.124,MW,NL,NL,actual_solar_generation,Solar | Actual Consumption,2026-09-20T06:27:59Z
2026-09-20T06:27:27Z,2026-09-20T08:27:27+0200,5dd01d44-5791-4b31-82b5-fd0ca25cd855,2026-09-15T01:45:00Z,2026-09-15T03:45:00+0200,0.0,MW,NL,NL,actual_solar_generation,Solar | Actual Aggregated,2026-09-20T06:27:59Z
2026-09-20T06:27:27Z,2026-09-20T08:27:27+0200,5dd01d44-5791-4b31-82b5-fd0ca25cd855,2026-09-15T01:45:00Z,2026-09-15T03:45:00+0200,0.124,MW,NL,NL,actual_solar_generation,Solar | Actual Consumption,2026-09-20T06:27:59Z
2026-09-20T06:27:27Z,2026-09-20T08:27:27+0200,5dd01d44-5791-4b31-82b5-fd0ca25cd855,2026-09-15T02:00:00Z,2026-09-15T04:00:00+0200,0.0,MW,NL,NL,actual_solar_generation,Solar | Actual Aggregated,2026-09-20T06:27:59Z
2026-09-20T06:27:27Z,2026-09-20T08:27:27+0200,5dd01d44-5791-4b31-82b5-fd0ca25cd855,2026-09-15T02:00:00Z,2026-09-15T04:00:00+0200,0.12,MW,NL,NL,actual_solar_generation,Solar | Actual Consumption,2026-09-20T06:27:59Z
2026-09-20T06:27:27Z,2026-09-20T08:27:27+0200,5dd01d44-5791-4b31-82b5-fd0ca25cd855,2026-09-15T02:15:00Z,2026-09-15T04:15:00+0200,0.0,MW,NL,NL,actual_solar_generation,Solar | Actual Aggregated,2026-09-20T06:27:59Z
2026-09-20T06:27:27Z,2026-09-20T08:27:27+0200,5dd01d44-5791-4b31-82b5-fd0ca25cd855,2026-09-15T02:15:00Z,2026-09-15T04:15:00+0200,0.12,MW,NL,NL,actual_solar_generation,Solar | Actual Consumption,2026-09-20T06:27:59Z
2026-09-20T06:27:27Z,2026-09-20T08:27:27+0200,5dd01d44-5791-4b31-82b5-fd0ca25cd855,2026-09-15T02:30:00Z,2026-09-15T04:30:00+0200,0.0,MW,NL,NL,actual_solar_generation,Solar | Actual Aggregated,2026-09-20T06:27:59Z
2026-09-20T06:27:27Z,2026-09-20T08:27:27+0200,5dd01d44-5791-4b31-82b5-fd0ca25cd855,2026-09-15T02:30:00Z,2026-09-15T04:30:00+0200,0.12,MW,NL,NL,actual_solar_generation,Solar | Actual Consumption,2026-09-20T06:27:59Z
2026-09-20T06:27:27Z,2026-09-20T08:27:27+0200,5dd01d44-5791-4b31-82b5-fd0ca25cd855,2026-09-15T02:45:00Z,2026-09-15T04:45:00+0200,0.0,MW,NL,NL,actual_solar_generation,Solar | Actual Aggregated,2026-09-20T06:27:59Z
2026-09-20T06:27:27Z,2026-09-20T08:27:27+0200,5dd01d44-5791-4b31-82b5-fd0ca25cd855,2026-09-15T02:45:00Z,2026-09-15T04:45:00+0200,0.12,MW,NL,NL,actual_solar_generation,Solar | Actual Consumption,2026-09-20T06:27:59Z
2026-09-20T06:27:27Z,2026-09-20T08:27:27+0200,5dd01d44-5791-4b31-82b5-fd0ca25cd855,2026-09-15T03:00:00Z,2026-09-15T05:00:00+0200,0.0,MW,NL,NL,actual_solar_generation,Solar | Actual Aggregated,2026-09-20T06:27:59Z
2026-09-20T06:27:27Z,2026-09-20T08:27:27+0200,5dd01d44-5791-4b31-82b5-fd0ca25cd855,2026-09-15T03:00:00Z,2026-09-15T05:00:00+0200,0.12,MW,NL,NL,actual_solar_generation,Solar | Actual Consumption,2026-09-20T06:27:59Z
2026-09-20T06:27:27Z,2026-09-20T08:27:27+0200,5dd01d44-5791-4b31-82b5-fd0ca25cd855,2026-09-15T03:15:00Z,2026-09-15T05:15:00+0200,0.0,MW,NL,NL,actual_solar_generation,Solar | Actual Aggregated,2026-09-20T06:27:59Z
2026-09-20T06:27:27Z,2026-09-20T08:27:27+0200,5dd01d44-5791-4b31-82b5-fd0ca25cd855,2026-09-15T03:15:00Z,2026-09-15T05:15:00+0200,0.12,MW,NL,NL,actual_solar_generation,Solar | Actual Consumption,2026-09-20T06:27:59Z
2026-09-20T06:27:27Z,2026-09-20T08:27:27+0200,5dd01d44-5791-4b31-82b5-fd0ca25cd855,2026-09-15T03:30:00Z,2026-09-15T05:30:00+0200,0.0,MW,NL,NL,actual_solar_generation,Solar | Actual Aggregated,2026-09-20T06:27:59Z
2026-09-20T06:27:27Z,2026-09-20T08:27:27+0200,5dd01d44-5791-4b31-82b5-fd0ca25cd855,2026-09-15T03:30:00Z,2026-09-15T05:30:00+0200,0.12,MW,NL,NL,actual_solar_generation,Solar | Actual Consumption,2026-09-20T06:27:59Z
2026-09-20T06:27:27Z,2026-09-20T08:27:27+0200,5dd01d44-5791-4b31-82b5-fd0ca25cd855,2026-09-15T03:45:00Z,2026-09-15T05:45:00+0200,0.0,MW,NL,NL,actual_solar_generation,Solar | Actual Aggregated,2026-09-20T06:27:59Z
2026-09-20T06:27:27Z,2026-09-20T08:27:27+0200,5dd01d44-5791-4b31-82b5-fd0ca25cd855,2026-09-15T03:45:00Z,2026-09-15T05:45:00+0200,0.12,MW,NL,NL,actual_solar_generation,Solar | Actual Consumption,2026-09-20T06:27:59Z
2026-09-20T06:27:27Z,2026-09-20T08:27:27+0200,5dd01d44-5791-4b31-82b5-fd0ca25cd855,2026-09-15T04:00:00Z,2026-09-15T06:00:00+0200,0.0,MW,NL,NL,actual_solar_generation,Solar | Actual Aggregated,2026-09-20T06:27:59Z
2026-09-20T06:27:27Z,2026-09-20T08:27:27+0200,5dd01d44-5791-4b31-82b5-fd0ca25cd855,2026-09-15T04:00:00Z,2026-09-15T06:00:00+0200,0.136,MW,NL,NL,actual_solar_generation,Solar | Actual Consumption,2026-09-20T06:27:59Z
2026-09-20T06:27:27Z,2026-09-20T08:27:27+0200,5dd01d44-5791-4b31-82b5-fd0ca25cd855,2026-09-15T04:15:00Z,2026-09-15T06:15:00+0200,0.0,MW,NL,NL,actual_solar_generation,Solar | Actual Aggregated,2026-09-20T06:27:59Z
2026-09-20T06:27:27Z,2026-09-20T08:27:27+0200,5dd01d44-5791-4b31-82b5-fd0ca25cd855,2026-09-15T04:15:00Z,2026-09-15T06:15:00+0200,0.117,MW,NL,NL,actual_solar_generation,Solar | Actual Consumption,2026-09-20T06:27:59Z
2026-09-20T06:27:27Z,2026-09-20T08:27:27+0200,5dd01d44-5791-4b31-82b5-fd0ca25cd855,2026-09-15T04:30:00Z,2026-09-15T06:30:00+0200,0.0,MW,NL,NL,actual_solar_generation,Solar | Actual Aggregated,2026-09-20T06:27:59Z
2026-09-20T06:27:27Z,2026-09-20T08:27:27+0200,5dd01d44-5791-4b31-82b5-fd0ca25cd855,2026-09-15T04:30:00Z,2026-09-15T06:30:00+0200,0.132,MW,NL,NL,actual_solar_generation,Solar | Actual Consumption,2026-09-20T06:27:59Z
2026-09-20T06:27:27Z,2026-09-20T08:27:27+0200,5dd01d44-5791-4b31-82b5-fd0ca25cd855,2026-09-15T04:45:00Z,2026-09-15T06:45:00+0200,0.0,MW,NL,NL,actual_solar_generation,Solar | Actual Aggregated,2026-09-20T06:27:59Z
2026-09-20T06:27:27Z,2026-09-20T08:27:27+0200,5dd01d44-5791-4b31-82b5-fd0ca25cd855,2026-09-15T04:45:00Z,2026-09-15T06:45:00+0200,0.125,MW,NL,NL,actual_solar_generation,Solar | Actual Consumption,2026-09-20T06:27:59Z
2026-09-20T06:27:27Z,2026-09-20T08:27:27+0200,5dd01d44-5791-4b31-82b5-fd0ca25cd855,2026-09-15T05:00:00Z,2026-09-15T07:00:00+0200,0.0,MW,NL,NL,actual_solar_generation,Solar | Actual Aggregated,2026-09-20T06:27:59Z
2026-09-20T06:27:27Z,2026-09-20T08:27:27+0200,5dd01d44-5791-4b31-82b5-fd0ca25cd855,2026-09-15T05:00:00Z,2026-09-15T07:00:00+0200,0.125,MW,NL,NL,actual_solar_generation,Solar | Actual Consumption,2026-09-20T06:27:59Z
2026-09-20T06:27:27Z,2026-09-20T08:27:27+0200,5dd01d44-5791-4b31-82b5-fd0ca25cd855,2026-09-15T05:15:00Z,2026-09-15T07:15:00+0200,1.716,MW,NL,NL,actual_solar_generation,Solar | Actual Aggregated,2026-09-20T06:27:59Z
2026-09-20T06:27:27Z,2026-09-20T08:27:27+0200,5dd01d44-5791-4b31-82b5-fd0ca25cd855,2026-09-15T05:15:00Z,2026-09-15T07:15:00+0200,0.0,MW,NL,NL,actual_solar_generation,Solar | Actual Consumption,2026-09-20T06:27:59Z
2026-09-20T06:27:27Z,2026-09-20T08:27:27+0200,5dd01d44-5791-4b31-82b5-fd0ca25cd855,2026-09-15T05:30:00Z,2026-09-15T07:30:00+0200,6.907,MW,NL,NL,actual_solar_generation,Solar | Actual Aggregated,2026-09-20T06:27:59Z
2026-09-20T06:27:27Z,2026-09-20T08:27:27+0200,5dd01d44-5791-4b31-82b5-fd0ca25cd855,2026-09-15T05:30:00Z,2026-09-15T07:30:00+0200,0.0,MW,NL,NL,actual_solar_generation,Solar | Actual Consumption,2026-09-20T06:27:59Z
2026-09-20T06:27:27Z,2026-09-20T08:27:27+0200,5dd01d44-5791-4b31-82b5-fd0ca25cd855,2026-09-15T05:45:00Z,2026-09-15T07:45:00+0200,12.771,MW,NL,NL,actual_solar_generation,Solar | Actual Aggregated,2026-09-20T06:27:59Z
2026-09-20T06:27:27Z,2026-09-20T08:27:27+0200,5dd01d44-5791-4b31-82b5-fd0ca25cd855,2026-09-15T05:45:00Z,2026-09-15T07:45:00+0200,0.0,MW,NL,NL,actual_solar_generation,Solar | Actual Consumption,2026-09-20T06:27:59Z
2026-09-20T06:27:27Z,2026-09-20T08:27:27+0200,5dd01d44-5791-4b31-82b5-fd0ca25cd855,2026-09-15T06:00:00Z,2026-09-15T08:00:00+0200,21.633,MW,NL,NL,actual_solar_generation,Solar | Actual Aggregated,2026-09-20T06:27:59Z
2026-09-20T06:27:27Z,2026-09-20T08:27:27+0200,5dd01d44-5791-4b31-82b5-fd0ca25cd855,2026-09-15T06:00:00Z,2026-09-15T08:00:00+0200,0.0,MW,NL,NL,actual_solar_generation,Solar | Actual Consumption,2026-09-20T06:27:59Z
2026-09-20T06:27:27Z,2026-09-20T08:27:27+0200,5dd01d44-5791-4b31-82b5-fd0ca25cd855,2026-09-15T06:15:00Z,2026-09-15T08:15:00+0200,36.674,MW,NL,NL,actual_solar_generation,Solar | Actual Aggregated,2026-09-20T06:27:59Z
2026-09-20T06:27:27Z,2026-09-20T08:27:27+0200,5dd01d44-5791-4b31-82b5-fd0ca25cd855,2026-09-15T06:15:00Z,2026-09-15T08:15:00+0200,0.0,MW,NL,NL,actual_solar_generation,Solar | Actual Consumption,2026-09-20T06:27:59Z
2026-09-20T06:27:27Z,2026-09-20T08:27:27+0200,5dd01d44-5791-4b31-82b5-fd0ca25cd855,2026-09-15T06:30:00Z,2026-09-15T08:30:00+0200,54.708,MW,NL,NL,actual_solar_generation,Solar | Actual Aggregated,2026-09-20T06:27:59Z
2026-09-20T06:27:27Z,2026-09-20T08:27:27+0200,5dd01d44-5791-4b31-82b5-fd0ca25cd855,2026-09-15T06:30:00Z,2026-09-15T08:30:00+0200,0.0,MW,NL,NL,actual_solar_generation,Solar | Actual Consumption,2026-09-20T06:27:59Z
2026-09-20T06:27:27Z,2026-09-20T08:27:27+0200,5dd01d44-5791-4b31-82b5-fd0ca25cd855,2026-09-15T06:45:00Z,2026-09-15T08:45:00+0200,50.447,MW,NL,NL,actual_solar_generation,Solar | Actual Aggregated,2026-09-20T06:27:59Z
2026-09-20T06:27:27Z,2026-09-20T08:27:27+0200,5dd01d44-5791-4b31-82b5-fd0ca25cd855,2026-09-15T06:45:00Z,2026-09-15T08:45:00+0200,0.0,MW,NL,NL,actual_solar_generation,Solar | Actual Consumption,2026-09-20T06:27:59Z
2026-09-20T06:27:27Z,2026-09-20T08:27:27+0200,5dd01d44-5791-4b31-82b5-fd0ca25cd855,2026-09-15T07:00:00Z,2026-09-15T09:00:00+0200,58.301,MW,NL,NL,actual_solar_generation,Solar | Actual Aggregated,2026-09-20T06:27:59Z
2026-09-20T06:27:27Z,2026-09-20T08:27:27+0200,5dd01d44-5791-4b31-82b5-fd0ca25cd855,2026-09-15T07:00:00Z,2026-09-15T09:00:00+0200,0.0,MW,NL,NL,actual_solar_generation,Solar | Actual Consumption,2026-09-20T06:27:59Z
2026-09-20T06:27:27Z,2026-09-20T08:27:27+0200,5dd01d44-5791-4b31-82b5-fd0ca25cd855,2026-09-15T07:15:00Z,2026-09-15T09:15:00+0200,83.086,MW,NL,NL,actual_solar_generation,Solar | Actual Aggregated,2026-09-20T06:27:59Z
2026-09-20T06:27:27Z,2026-09-20T08:27:27+0200,5dd01d44-5791-4b31-82b5-fd0ca25cd855,2026-09-15T07:15:00Z,2026-09-15T09:15:00+0200,0.0,MW,NL,NL,actual_solar_generation,Solar | Actual Consumption,2026-09-20T06:27:59Z
2026-09-20T06:27:27Z,2026-09-20T08:27:27+0200,5dd01d44-5791-4b31-82b5-fd0ca25cd855,2026-09-15T07:30:00Z,2026-09-15T09:30:00+0200,78.15,MW,NL,NL,actual_solar_generation,Solar | Actual Aggregated,2026-09-20T06:27:59Z
2026-09-20T06:27:27Z,2026-09-20T08:27:27+0200,5dd01d44-5791-4b31-82b5-fd0ca25cd855,2026-09-15T07:30:00Z,2026-09-15T09:30:00+0200,0.0,MW,NL,NL,actual_solar_generation,Solar | Actual Consumption,2026-09-20T06:27:59Z
2026-09-20T06:27:27Z,2026-09-20T08:27:27+0200,5dd01d44-5791-4b31-82b5-fd0ca25cd855,2026-09-15T07:45:00Z,2026-09-15T09:45:00+0200,92.468,MW,NL,NL,actual_solar_generation,Solar | Actual Aggregated,2026-09-20T06:27:59Z
2026-09-20T06:27:27Z,2026-09-20T08:27:27+0200,5dd01d44-5791-4b31-82b5-fd0ca25cd855,2026-09-15T07:45:00Z,2026-09-15T09:45:00+0200,0.0,MW,NL,NL,actual_solar_generation,Solar | Actual Consumption,2026-09-20T06:27:59Z
2026-09-20T06:27:27Z,2026-09-20T08:27:27+0200,5dd01d44-5791-4b31-82b5-fd0ca25cd855,2026-09-15T08:00:00Z,2026-09-15T10:00:00+0200,130.217,MW,NL,NL,actual_solar_generation,Solar | Actual Aggregated,2026-09-20T06:27:59Z
2026-09-20T06:27:27Z,2026-09-20T08:27:27+0200,5dd01d44-5791-4b31-82b5-fd0ca25cd855,2026-09-15T08:00:00Z,2026-09-15T10:00:00+0200,0.0,MW,NL,NL,actual_solar_generation,Solar | Actual Consumption,2026-09-20T06:27:59Z
2026-09-20T06:27:27Z,2026-09-20T08:27:27+0200,5dd01d44-5791-4b31-82b5-fd0ca25cd855,2026-09-15T08:15:00Z,2026-09-15T10:15:00+0200,150.431,MW,NL,NL,actual_solar_generation,Solar | Actual Aggregated,2026-09-20T06:27:59Z
2026-09-20T06:27:27Z,2026-09-20T08:27:27+0200,5dd01d44-5791-4b31-82b5-fd0ca25cd855,2026-09-15T08:15:00Z,2026-09-15T10:15:00+0200,0.0,MW,NL,NL,actual_solar_generation,Solar | Actual Consumption,2026-09-20T06:27:59Z
2026-09-20T06:27:27Z,2026-09-20T08:27:27+0200,5dd01d44-5791-4b31-82b5-fd0ca25cd855,2026-09-15T08:30:00Z,2026-09-15T10:30:00+0200,156.592,MW,NL,NL,actual_solar_generation,Solar | Actual Aggregated,2026-09-20T06:27:59Z
2026-09-20T06:27:27Z,2026-09-20T08:27:27+0200,5dd01d44-5791-4b31-82b5-fd0ca25cd855,2026-09-15T08:30:00Z,2026-09-15T10:30:00+0200,0.0,MW,NL,NL,actual_solar_generation,Solar | Actual Consumption,2026-09-20T06:27:59Z
2026-09-20T06:27:27Z,2026-09-20T08:27:27+0200,5dd01d44-5791-4b31-82b5-fd0ca25cd855,2026-09-15T08:45:00Z,2026-09-15T10:45:00+0200,149.166,MW,NL,NL,actual_solar_generation,Solar | Actual Aggregated,2026-09-20T06:27:59Z
2026-09-20T06:27:27Z,2026-09-20T08:27:27+0200,5dd01d44-5791-4b31-82b5-fd0ca25cd855,2026-09-15T08:45:00Z,2026-09-15T10:45:00+0200,0.0,MW,NL,NL,actual_solar_generation,Solar | Actual Consumption,2026-09-20T06:27:59Z
2026-09-20T06:27:27Z,2026-09-20T08:27:27+0200,5dd01d44-5791-4b31-82b5-fd0ca25cd855,2026-09-15T09:00:00Z,2026-09-15T11:00:00+0200,158.287,MW,NL,NL,actual_solar_generation,Solar | Actual Aggregated,2026-09-20T06:27:59Z
2026-09-20T06:27:27Z,2026-09-20T08:27:27+0200,5dd01d44-5791-4b31-82b5-fd0ca25cd855,2026-09-15T09:00:00Z,2026-09-15T11:00:00+0200,0.0,MW,NL,NL,actual_solar_generation,Solar | Actual Consumption,2026-09-20T06:27:59Z
2026-09-20T06:27:27Z,2026-09-20T08:27:27+0200,5dd01d44-5791-4b31-82b5-fd0ca25cd855,2026-09-15T09:15:00Z,2026-09-15T11:15:00+0200,170.619,MW,NL,NL,actual_solar_generation,Solar | Actual Aggregated,2026-09-20T06:27:59Z
2026-09-20T06:27:27Z,2026-09-20T08:27:27+0200,5dd01d44-5791-4b31-82b5-fd0ca25cd855,2026-09-15T09:15:00Z,2026-09-15T11:15:00+0200,0.0,MW,NL,NL,actual_solar_generation,Solar | Actual Consumption,2026-09-20T06:27:59Z
2026-09-20T06:27:27Z,2026-09-20T08:27:27+0200,5dd01d44-5791-4b31-82b5-fd0ca25cd855,2026-09-15T09:30:00Z,2026-09-15T11:30:00+0200,187.838,MW,NL,NL,actual_solar_generation,Solar | Actual Aggregated,2026-09-20T06:27:59Z
2026-09-20T06:27:27Z,2026-09-20T08:27:27+0200,5dd01d44-5791-4b31-82b5-fd0ca25cd855,2026-09-15T09:30:00Z,2026-09-15T11:30:00+0200,0.0,MW,NL,NL,actual_solar_generation,Solar | Actual Consumption,2026-09-20T06:27:59Z
2026-09-20T06:27:27Z,2026-09-20T08:27:27+0200,5dd01d44-5791-4b31-82b5-fd0ca25cd855,2026-09-15T09:45:00Z,2026-09-15T11:45:00+0200,179.389,MW,NL,NL,actual_solar_generation,Solar | Actual Aggregated,2026-09-20T06:27:59Z
2026-09-20T06:27:27Z,2026-09-20T08:27:27+0200,5dd01d44-5791-4b31-82b5-fd0ca25cd855,2026-09-15T09:45:00Z,2026-09-15T11:45:00+0200,0.0,MW,NL,NL,actual_solar_generation,Solar | Actual Consumption,2026-09-20T06:27:59Z
2026-09-20T06:27:27Z,2026-09-20T08:27:27+0200,5dd01d44-5791-4b31-82b5-fd0ca25cd855,2026-09-15T10:00:00Z,2026-09-15T12:00:00+0200,207.767,MW,NL,NL,actual_solar_generation,Solar | Actual Aggregated,2026-09-20T06:27:59Z
2026-09-20T06:27:27Z,2026-09-20T08:27:27+0200,5dd01d44-5791-4b31-82b5-fd0ca25cd855,2026-09-15T10:00:00Z,2026-09-15T12:00:00+0200,0.0,MW,NL,NL,actual_solar_generation,Solar | Actual Consumption,2026-09-20T06:27:59Z
2026-09-20T06:27:27Z,2026-09-20T08:27:27+0200,5dd01d44-5791-4b31-82b5-fd0ca25cd855,2026-09-15T10:15:00Z,2026-09-15T12:15:00+0200,213.312,MW,NL,NL,actual_solar_generation,Solar | Actual Aggregated,2026-09-20T06:27:59Z
2026-09-20T06:27:27Z,2026-09-20T08:27:27+0200,5dd01d44-5791-4b31-82b5-fd0ca25cd855,2026-09-15T10:15:00Z,2026-09-15T12:15:00+0200,0.0,MW,NL,NL,actual_solar_generation,Solar | Actual Consumption,2026-09-20T06:27:59Z
2026-09-20T06:27:27Z,2026-09-20T08:27:27+0200,5dd01d44-5791-4b31-82b5-fd0ca25cd855,2026-09-15T10:30:00Z,2026-09-15T12:30:00+0200,210.196,MW,NL,NL,actual_solar_generation,Solar | Actual Aggregated,2026-09-20T06:27:59Z
2026-09-20T06:27:27Z,2026-09-20T08:27:27+0200,5dd01d44-5791-4b31-82b5-fd0ca25cd855,2026-09-15T10:30:00Z,2026-09-15T12:30:00+0200,0.0,MW,NL,NL,actual_solar_generation,Solar | Actual Consumption,2026-09-20T06:27:59Z
2026-09-20T06:27:27Z,2026-09-20T08:27:27+0200,5dd01d44-5791-4b31-82b5-fd0ca25cd855,2026-09-15T10:45:00Z,2026-09-15T12:45:00+0200,202.731,MW,NL,NL,actual_solar_generation,Solar | Actual Aggregated,2026-09-20T06:27:59Z
2026-09-20T06:27:27Z,2026-09-20T08:27:27+0200,5dd01d44-5791-4b31-82b5-fd0ca25cd855,2026-09-15T10:45:00Z,2026-09-15T12:45:00+0200,0.0,MW,NL,NL,actual_solar_generation,Solar | Actual Consumption,2026-09-20T06:27:59Z
2026-09-20T06:27:27Z,2026-09-20T08:27:27+0200,5dd01d44-5791-4b31-82b5-fd0ca25cd855,2026-09-15T11:00:00Z,2026-09-15T13:00:00+0200,209.9,MW,NL,NL,actual_solar_generation,Solar | Actual Aggregated,2026-09-20T06:27:59Z
2026-09-20T06:27:27Z,2026-09-20T08:27:27+0200,5dd01d44-5791-4b31-82b5-fd0ca25cd855,2026-09-15T11:00:00Z,2026-09-15T13:00:00+0200,0.0,MW,NL,NL,actual_solar_generation,Solar | Actual Consumption,2026-09-20T06:27:59Z
2026-09-20T06:27:27Z,2026-09-20T08:27:27+0200,5dd01d44-5791-4b31-82b5-fd0ca25cd855,2026-09-15T11:15:00Z,2026-09-15T13:15:00+0200,203.126,MW,NL,NL,actual_solar_generation,Solar | Actual Aggregated,2026-09-20T06:27:59Z
2026-09-20T06:27:27Z,2026-09-20T08:27:27+0200,5dd01d44-5791-4b31-82b5-fd0ca25cd855,2026-09-15T11:15:00Z,2026-09-15T13:15:00+0200,0.0,MW,NL,NL,actual_solar_generation,Solar | Actual Consumption,2026-09-20T06:27:59Z
2026-09-20T06:27:27Z,2026-09-20T08:27:27+0200,5dd01d44-5791-4b31-82b5-fd0ca25cd855,2026-09-15T11:30:00Z,2026-09-15T13:30:00+0200,207.275,MW,NL,NL,actual_solar_generation,Solar | Actual Aggregated,2026-09-20T06:27:59Z
2026-09-20T06:27:27Z,2026-09-20T08:27:27+0200,5dd01d44-5791-4b31-82b5-fd0ca25cd855,2026-09-15T11:30:00Z,2026-09-15T13:30:00+0200,0.0,MW,NL,NL,actual_solar_generation,Solar | Actual Consumption,2026-09-20T06:27:59Z
2026-09-20T06:27:27Z,2026-09-20T08:27:27+0200,5dd01d44-5791-4b31-82b5-fd0ca25cd855,2026-09-15T11:45:00Z,2026-09-15T13:45:00+0200,206.075,MW,NL,NL,actual_solar_generation,Solar | Actual Aggregated,2026-09-20T06:27:59Z
2026-09-20T06:27:27Z,2026-09-20T08:27:27+0200,5dd01d44-5791-4b31-82b5-fd0ca25cd855,2026-09-15T11:45:00Z,2026-09-15T13:45:00+0200,0.0,MW,NL,NL,actual_solar_generation,Solar | Actual Consumption,2026-09-20T06:27:59Z
2026-09-20T06:27:27Z,2026-09-20T08:27:27+0200,5dd01d44-5791-4b31-82b5-fd0ca25cd855,2026-09-15T12:00:00Z,2026-09-15T14:00:00+0200,203.422,MW,NL,NL,actual_solar_generation,Solar | Actual Aggregated,2026-09-20T06:27:59Z
2026-09-20T06:27:27Z,2026-09-20T08:27:27+0200,5dd01d44-5791-4b31-82b5-fd0ca25cd855,2026-09-15T12:00:00Z,2026-09-15T14:00:00+0200,0.0,MW,NL,NL,actual_solar_generation,Solar | Actual Consumption,2026-09-20T06:27:59Z
2026-09-20T06:27:27Z,2026-09-20T08:27:27+0200,5dd01d44-5791-4b31-82b5-fd0ca25cd855,2026-09-15T12:15:00Z,2026-09-15T14:15:00+0200,179.229,MW,NL,NL,actual_solar_generation,Solar | Actual Aggregated,2026-09-20T06:27:59Z
2026-09-20T06:27:27Z,2026-09-20T08:27:27+0200,5dd01d44-5791-4b31-82b5-fd0ca25cd855,2026-09-15T12:15:00Z,2026-09-15T14:15:00+0200,0.0,MW,NL,NL,actual_solar_generation,Solar | Actual Consumption,2026-09-20T06:27:59Z
2026-09-20T06:27:27Z,2026-09-20T08:27:27+0200,5dd01d44-5791-4b31-82b5-fd0ca25cd855,2026-09-15T12:30:00Z,2026-09-15T14:30:00+0200,202.421,MW,NL,NL,actual_solar_generation,Solar | Actual Aggregated,2026-09-20T06:27:59Z
2026-09-20T06:27:27Z,2026-09-20T08:27:27+0200,5dd01d44-5791-4b31-82b5-fd0ca25cd855,2026-09-15T12:30:00Z,2026-09-15T14:30:00+0200,0.0,MW,NL,NL,actual_solar_generation,Solar | Actual Consumption,2026-09-20T06:27:59Z
2026-09-20T06:27:27Z,2026-09-20T08:27:27+0200,5dd01d44-5791-4b31-82b5-fd0ca25cd855,2026-09-15T12:45:00Z,2026-09-15T14:45:00+0200,181.582,MW,NL,NL,actual_solar_generation,Solar | Actual Aggregated,2026-09-20T06:27:59Z
2026-09-20T06:27:27Z,2026-09-20T08:27:27+0200,5dd01d44-5791-4b31-82b5-fd0ca25cd855,2026-09-15T12:45:00Z,2026-09-15T14:45:00+0200,0.0,MW,NL,NL,actual_solar_generation,Solar | Actual Consumption,2026-09-20T06:27:59Z
2026-09-20T06:27:27Z,2026-09-20T08:27:27+0200,5dd01d44-5791-4b31-82b5-fd0ca25cd855,2026-09-15T13:00:00Z,2026-09-15T15:00:00+0200,146.661,MW,NL,NL,actual_solar_generation,Solar | Actual Aggregated,2026-09-20T06:27:59Z
2026-09-20T06:27:27Z,2026-09-20T08:27:27+0200,5dd01d44-5791-4b31-82b5-fd0ca25cd855,2026-09-15T13:00:00Z,2026-09-15T15:00:00+0200,0.0,MW,NL,NL,actual_solar_generation,Solar | Actual Consumption,2026-09-20T06:27:59Z
2026-09-20T06:27:27Z,2026-09-20T08:27:27+0200,5dd01d44-5791-4b31-82b5-fd0ca25cd855,2026-09-15T13:15:00Z,2026-09-15T15:15:00+0200,125.217,MW,NL,NL,actual_solar_generation,Solar | Actual Aggregated,2026-09-20T06:27:59Z
2026-09-20T06:27:27Z,2026-09-20T08:27:27+0200,5dd01d44-5791-4b31-82b5-fd0ca25cd855,2026-09-15T13:15:00Z,2026-09-15T15:15:00+0200,0.0,MW,NL,NL,actual_solar_generation,Solar | Actual Consumption,2026-09-20T06:27:59Z
2026-09-20T06:27:27Z,2026-09-20T08:27:27+0200,5dd01d44-5791-4b31-82b5-fd0ca25cd855,2026-09-15T13:30:00Z,2026-09-15T15:30:00+0200,136.596,MW,NL,NL,actual_solar_generation,Solar | Actual Aggregated,2026-09-20T06:27:59Z
2026-09-20T06:27:27Z,2026-09-20T08:27:27+0200,5dd01d44-5791-4b31-82b5-fd0ca25cd855,2026-09-15T13:30:00Z,2026-09-15T15:30:00+0200,0.0,MW,NL,NL,actual_solar_generation,Solar | Actual Consumption,2026-09-20T06:27:59Z
2026-09-20T06:27:27Z,2026-09-20T08:27:27+0200,5dd01d44-5791-4b31-82b5-fd0ca25cd855,2026-09-15T13:45:00Z,2026-09-15T15:45:00+0200,111.981,MW,NL,NL,actual_solar_generation,Solar | Actual Aggregated,2026-09-20T06:27:59Z
2026-09-20T06:27:27Z,2026-09-20T08:27:27+0200,5dd01d44-5791-4b31-82b5-fd0ca25cd855,2026-09-15T13:45:00Z,2026-09-15T15:45:00+0200,0.0,MW,NL,NL,actual_solar_generation,Solar | Actual Consumption,2026-09-20T06:27:59Z
2026-09-20T06:27:27Z,2026-09-20T08:27:27+0200,5dd01d44-5791-4b31-82b5-fd0ca25cd855,2026-09-15T14:00:00Z,2026-09-15T16:00:00+0200,85.874,MW,NL,NL,actual_solar_generation,Solar | Actual Aggregated,2026-09-20T06:27:59Z
2026-09-20T06:27:27Z,2026-09-20T08:27:27+0200,5dd01d44-5791-4b31-82b5-fd0ca25cd855,2026-09-15T14:00:00Z,2026-09-15T16:00:00+0200,0.0,MW,NL,NL,actual_solar_generation,Solar | Actual Consumption,2026-09-20T06:27:59Z
2026-09-20T06:27:27Z,2026-09-20T08:27:27+0200,5dd01d44-5791-4b31-82b5-fd0ca25cd855,2026-09-15T14:15:00Z,2026-09-15T16:15:00+0200,67.377,MW,NL,NL,actual_solar_generation,Solar | Actual Aggregated,2026-09-20T06:27:59Z
2026-09-20T06:27:27Z,2026-09-20T08:27:27+0200,5dd01d44-5791-4b31-82b5-fd0ca25cd855,2026-09-15T14:15:00Z,2026-09-15T16:15:00+0200,0.0,MW,NL,NL,actual_solar_generation,Solar | Actual Consumption,2026-09-20T06:27:59Z
2026-09-20T06:27:27Z,2026-09-20T08:27:27+0200,5dd01d44-5791-4b31-82b5-fd0ca25cd855,2026-09-15T14:30:00Z,2026-09-15T16:30:00+0200,51.573,MW,NL,NL,actual_solar_generation,Solar | Actual Aggregated,2026-09-20T06:27:59Z
2026-09-20T06:27:27Z,2026-09-20T08:27:27+0200,5dd01d44-5791-4b31-82b5-fd0ca25cd855,2026-09-15T14:30:00Z,2026-09-15T16:30:00+0200,0.0,MW,NL,NL,actual_solar_generation,Solar | Actual Consumption,2026-09-20T06:27:59Z
2026-09-20T06:27:27Z,2026-09-20T08:27:27+0200,5dd01d44-5791-4b31-82b5-fd0ca25cd855,2026-09-15T14:45:00Z,2026-09-15T16:45:00+0200,38.719,MW,NL,NL,actual_solar_generation,Solar | Actual Aggregated,2026-09-20T06:27:59Z
2026-09-20T06:27:27Z,2026-09-20T08:27:27+0200,5dd01d44-5791-4b31-82b5-fd0ca25cd855,2026-09-15T14:45:00Z,2026-09-15T16:45:00+0200,0.0,MW,NL,NL,actual_solar_generation,Solar | Actual Consumption,2026-09-20T06:27:59Z
2026-09-20T06:27:27Z,2026-09-20T08:27:27+0200,5dd01d44-5791-4b31-82b5-fd0ca25cd855,2026-09-15T15:00:00Z,2026-09-15T17:00:00+0200,29.845,MW,NL,NL,actual_solar_generation,Solar | Actual Aggregated,2026-09-20T06:27:59Z
2026-09-20T06:27:27Z,2026-09-20T08:27:27+0200,5dd01d44-5791-4b31-82b5-fd0ca25cd855,2026-09-15T15:00:00Z,2026-09-15T17:00:00+0200,0.0,MW,NL,NL,actual_solar_generation,Solar | Actual Consumption,2026-09-20T06:27:59Z
2026-09-20T06:27:27Z,2026-09-20T08:27:27+0200,5dd01d44-5791-4b31-82b5-fd0ca25cd855,2026-09-15T15:15:00Z,2026-09-15T17:15:00+0200,35.617,MW,NL,NL,actual_solar_generation,Solar | Actual Aggregated,2026-09-20T06:27:59Z
2026-09-20T06:27:27Z,2026-09-20T08:27:27+0200,5dd01d44-5791-4b31-82b5-fd0ca25cd855,2026-09-15T15:15:00Z,2026-09-15T17:15:00+0200,0.0,MW,NL,NL,actual_solar_generation,Solar | Actual Consumption,2026-09-20T06:27:59Z
2026-09-20T06:27:27Z,2026-09-20T08:27:27+0200,5dd01d44-5791-4b31-82b5-fd0ca25cd855,2026-09-15T15:30:00Z,2026-09-15T17:30:00+0200,30.907,MW,NL,NL,actual_solar_generation,Solar | Actual Aggregated,2026-09-20T06:27:59Z
2026-09-20T06:27:27Z,2026-09-20T08:27:27+0200,5dd01d44-5791-4b31-82b5-fd0ca25cd855,2026-09-15T15:30:00Z,2026-09-15T17:30:00+0200,0.0,MW,NL,NL,actual_solar_generation,Solar | Actual Consumption,2026-09-20T06:27:59Z
2026-09-20T06:27:27Z,2026-09-20T08:27:27+0200,5dd01d44-5791-4b31-82b5-fd0ca25cd855,2026-09-15T15:45:00Z,2026-09-15T17:45:00+0200,18.911,MW,NL,NL,actual_solar_generation,Solar | Actual Aggregated,2026-09-20T06:27:59Z
2026-09-20T06:27:27Z,2026-09-20T08:27:27+0200,5dd01d44-5791-4b31-82b5-fd0ca25cd855,2026-09-15T15:45:00Z,2026-09-15T17:45:00+0200,0.0,MW,NL,NL,actual_solar_generation,Solar | Actual Consumption,2026-09-20T06:27:59Z
2026-09-20T06:27:27Z,2026-09-20T08:27:27+0200,5dd01d44-5791-4b31-82b5-fd0ca25cd855,2026-09-15T16:00:00Z,2026-09-15T18:00:00+0200,22.804,MW,NL,NL,actual_solar_generation,Solar | Actual Aggregated,2026-09-20T06:27:59Z
2026-09-20T06:27:27Z,2026-09-20T08:27:27+0200,5dd01d44-5791-4b31-82b5-fd0ca25cd855,2026-09-15T16:00:00Z,2026-09-15T18:00:00+0200,0.0,MW,NL,NL,actual_solar_generation,Solar | Actual Consumption,2026-09-20T06:27:59Z
2026-09-20T06:27:27Z,2026-09-20T08:27:27+0200,5dd01d44-5791-4b31-82b5-fd0ca25cd855,2026-09-15T16:15:00Z,2026-09-15T18:15:00+0200,24.698,MW,NL,NL,actual_solar_generation,Solar | Actual Aggregated,2026-09-20T06:27:59Z
2026-09-20T06:27:27Z,2026-09-20T08:27:27+0200,5dd01d44-5791-4b31-82b5-fd0ca25cd855,2026-09-15T16:15:00Z,2026-09-15T18:15:00+0200,0.0,MW,NL,NL,actual_solar_generation,Solar | Actual Consumption,2026-09-20T06:27:59Z
2026-09-20T06:27:27Z,2026-09-20T08:27:27+0200,5dd01d44-5791-4b31-82b5-fd0ca25cd855,2026-09-15T16:30:00Z,2026-09-15T18:30:00+0200,25.952,MW,NL,NL,actual_solar_generation,Solar | Actual Aggregated,2026-09-20T06:27:59Z
2026-09-20T06:27:27Z,2026-09-20T08:27:27+0200,5dd01d44-5791-4b31-82b5-fd0ca25cd855,2026-09-15T16:30:00Z,2026-09-15T18:30:00+0200,0.0,MW,NL,NL,actual_solar_generation,Solar | Actual Consumption,2026-09-20T06:27:59Z
2026-09-20T06:27:27Z,2026-09-20T08:27:27+0200,5dd01d44-5791-4b31-82b5-fd0ca25cd855,2026-09-15T16:45:00Z,2026-09-15T18:45:00+0200,17.656,MW,NL,NL,actual_solar_generation,Solar | Actual Aggregated,2026-09-20T06:27:59Z
2026-09-20T06:27:27Z,2026-09-20T08:27:27+0200,5dd01d44-5791-4b31-82b5-fd0ca25cd855,2026-09-15T16:45:00Z,2026-09-15T18:45:00+0200,0.0,MW,NL,NL,actual_solar_generation,Solar | Actual Consumption,2026-09-20T06:27:59Z
2026-09-20T06:27:27Z,2026-09-20T08:27:27+0200,5dd01d44-5791-4b31-82b5-fd0ca25cd855,2026-09-15T17:00:00Z,2026-09-15T19:00:00+0200,11.275,MW,NL,NL,actual_solar_generation,Solar | Actual Aggregated,2026-09-20T06:27:59Z
2026-09-20T06:27:27Z,2026-09-20T08:27:27+0200,5dd01d44-5791-4b31-82b5-fd0ca25cd855,2026-09-15T17:00:00Z,2026-09-15T19:00:00+0200,0.0,MW,NL,NL,actual_solar_generation,Solar | Actual Consumption,2026-09-20T06:27:59Z
2026-09-20T06:27:27Z,2026-09-20T08:27:27+0200,5dd01d44-5791-4b31-82b5-fd0ca25cd855,2026-09-15T17:15:00Z,2026-09-15T19:15:00+0200,6.49,MW,NL,NL,actual_solar_generation,Solar | Actual Aggregated,2026-09-20T06:27:59Z
2026-09-20T06:27:27Z,2026-09-20T08:27:27+0200,5dd01d44-5791-4b31-82b5-fd0ca25cd855,2026-09-15T17:15:00Z,2026-09-15T19:15:00+0200,0.0,MW,NL,NL,actual_solar_generation,Solar | Actual Consumption,2026-09-20T06:27:59Z
2026-09-20T06:27:27Z,2026-09-20T08:27:27+0200,5dd01d44-5791-4b31-82b5-fd0ca25cd855,2026-09-15T17:30:00Z,2026-09-15T19:30:00+0200,1.224,MW,NL,NL,actual_solar_generation,Solar | Actual Aggregated,2026-09-20T06:27:59Z
2026-09-20T06:27:27Z,2026-09-20T08:27:27+0200,5dd01d44-5791-4b31-82b5-fd0ca25cd855,2026-09-15T17:30:00Z,2026-09-15T19:30:00+0200,0.0,MW,NL,NL,actual_solar_generation,Solar | Actual Consumption,2026-09-20T06:27:59Z
2026-09-20T06:27:27Z,2026-09-20T08:27:27+0200,5dd01d44-5791-4b31-82b5-fd0ca25cd855,2026-09-15T17:45:00Z,2026-09-15T19:45:00+0200,0.0,MW,NL,NL,actual_solar_generation,Solar | Actual Aggregated,2026-09-20T06:27:59Z
2026-09-20T06:27:27Z,2026-09-20T08:27:27+0200,5dd01d44-5791-4b31-82b5-fd0ca25cd855,2026-09-15T17:45:00Z,2026-09-15T19:45:00+0200,0.555,MW,NL,NL,actual_solar_generation,Solar | Actual Consumption,2026-09-20T06:27:59Z
2026-09-20T06:27:27Z,2026-09-20T08:27:27+0200,5dd01d44-5791-4b31-82b5-fd0ca25cd855,2026-09-15T18:00:00Z,2026-09-15T20:00:00+0200,0.0,MW,NL,NL,actual_solar_generation,Solar | Actual Aggregated,2026-09-20T06:27:59Z
2026-09-20T06:27:27Z,2026-09-20T08:27:27+0200,5dd01d44-5791-4b31-82b5-fd0ca25cd855,2026-09-15T18:00:00Z,2026-09-15T20:00:00+0200,0.127,MW,NL,NL,actual_solar_generation,Solar | Actual Consumption,2026-09-20T06:27:59Z
2026-09-20T06:27:27Z,2026-09-20T08:27:27+0200,5dd01d44-5791-4b31-82b5-fd0ca25cd855,2026-09-15T18:15:00Z,2026-09-15T20:15:00+0200,0.0,MW,NL,NL,actual_solar_generation,Solar | Actual Aggregated,2026-09-20T06:27:59Z
2026-09-20T06:27:27Z,2026-09-20T08:27:27+0200,5dd01d44-5791-4b31-82b5-fd0ca25cd855,2026-09-15T18:15:00Z,2026-09-15T20:15:00+0200,0.121,MW,NL,NL,actual_solar_generation,Solar | Actual Consumption,2026-09-20T06:27:59Z
2026-09-20T06:27:27Z,2026-09-20T08:27:27+0200,5dd01d44-5791-4b31-82b5-fd0ca25cd855,2026-09-15T18:30:00Z,2026-09-15T20:30:00+0200,0.0,MW,NL,NL,actual_solar_generation,Solar | Actual Aggregated,2026-09-20T06:27:59Z
2026-09-20T06:27:27Z,2026-09-20T08:27:27+0200,5dd01d44-5791-4b31-82b5-fd0ca25cd855,2026-09-15T18:30:00Z,2026-09-15T20:30:00+0200,0.121,MW,NL,NL,actual_solar_generation,Solar | Actual Consumption,2026-09-20T06:27:59Z
2026-09-20T06:27:27Z,2026-09-20T08:27:27+0200,5dd01d44-5791-4b31-82b5-fd0ca25cd855,2026-09-15T18:45:00Z,2026-09-15T20:45:00+0200,0.0,MW,NL,NL,actual_solar_generation,Solar | Actual Aggregated,2026-09-20T06:27:59Z
2026-09-20T06:27:27Z,2026-09-20T08:27:27+0200,5dd01d44-5791-4b31-82b5-fd0ca25cd855,2026-09-15T18:45:00Z,2026-09-15T20:45:00+0200,0.134,MW,NL,NL,actual_solar_generation,Solar | Actual Consumption,2026-09-20T06:27:59Z
2026-09-20T06:27:27Z,2026-09-20T08:27:27+0200,5dd01d44-5791-4b31-82b5-fd0ca25cd855,2026-09-15T19:00:00Z,2026-09-15T21:00:00+0200,0.0,MW,NL,NL,actual_solar_generation,Solar | Actual Aggregated,2026-09-20T06:27:59Z
2026-09-20T06:27:27Z,2026-09-20T08:27:27+0200,5dd01d44-5791-4b31-82b5-fd0ca25cd855,2026-09-15T19:00:00Z,2026-09-15T21:00:00+0200,0.124,MW,NL,NL,actual_solar_generation,Solar | Actual Consumption,2026-09-20T06:27:59Z
2026-09-20T06:27:27Z,2026-09-20T08:27:27+0200,5dd01d44-5791-4b31-82b5-fd0ca25cd855,2026-09-15T19:15:00Z,2026-09-15T21:15:00+0200,0.0,MW,NL,NL,actual_solar_generation,Solar | Actual Aggregated,2026-09-20T06:27:59Z
2026-09-20T06:27:27Z,2026-09-20T08:27:27+0200,5dd01d44-5791-4b31-82b5-fd0ca25cd855,2026-09-15T19:15:00Z,2026-09-15T21:15:00+0200,0.121,MW,NL,NL,actual_solar_generation,Solar | Actual Consumption,2026-09-20T06:27:59Z
2026-09-20T06:27:27Z,2026-09-20T08:27:27+0200,5dd01d44-5791-4b31-82b5-fd0ca25cd855,2026-09-15T19:30:00Z,2026-09-15T21:30:00+0200,0.0,MW,NL,NL,actual_solar_generation,Solar | Actual Aggregated,2026-09-20T06:27:59Z
2026-09-20T06:27:27Z,2026-09-20T08:27:27+0200,5dd01d44-5791-4b31-82b5-fd0ca25cd855,2026-09-15T19:30:00Z,2026-09-15T21:30:00+0200,0.124,MW,NL,NL,actual_solar_generation,Solar | Actual Consumption,2026-09-20T06:27:59Z
2026-09-20T06:27:27Z,2026-09-20T08:27:27+0200,5dd01d44-5791-4b31-82b5-fd0ca25cd855,2026-09-15T19:45:00Z,2026-09-15T21:45:00+0200,0.0,MW,NL,NL,actual_solar_generation,Solar | Actual Aggregated,2026-09-20T06:27:59Z
2026-09-20T06:27:27Z,2026-09-20T08:27:27+0200,5dd01d44-5791-4b31-82b5-fd0ca25cd855,2026-09-15T19:45:00Z,2026-09-15T21:45:00+0200,0.124,MW,NL,NL,actual_solar_generation,Solar | Actual Consumption,2026-09-20T06:27:59Z
2026-09-20T06:27:27Z,2026-09-20T08:27:27+0200,5dd01d44-5791-4b31-82b5-fd0ca25cd855,2026-09-15T20:00:00Z,2026-09-15T22:00:00+0200,0.0,MW,NL,NL,actual_solar_generation,Solar | Actual Aggregated,2026-09-20T06:27:59Z
2026-09-20T06:27:27Z,2026-09-20T08:27:27+0200,5dd01d44-5791-4b31-82b5-fd0ca25cd855,2026-09-15T20:00:00Z,2026-09-15T22:00:00+0200,0.124,MW,NL,NL,actual_solar_generation,Solar | Actual Consumption,2026-09-20T06:27:59Z
2026-09-20T06:27:27Z,2026-09-20T08:27:27+0200,5dd01d44-5791-4b31-82b5-fd0ca25cd855,2026-09-15T20:15:00Z,2026-09-15T22:15:00+0200,0.0,MW,NL,NL,actual_solar_generation,Solar | Actual Aggregated,2026-09-20T06:27:59Z
2026-09-20T06:27:27Z,2026-09-20T08:27:27+0200,5dd01d44-5791-4b31-82b5-fd0ca25cd855,2026-09-15T20:15:00Z,2026-09-15T22:15:00+0200,0.124,MW,NL,NL,actual_solar_generation,Solar | Actual Consumption,2026-09-20T06:27:59Z
2026-09-20T06:27:27Z,2026-09-20T08:27:27+0200,5dd01d44-5791-4b31-82b5-fd0ca25cd855,2026-09-15T20:30:00Z,2026-09-15T22:30:00+0200,0.0,MW,NL,NL,actual_solar_generation,Solar | Actual Aggregated,2026-09-20T06:27:59Z
2026-09-20T06:27:27Z,2026-09-20T08:27:27+0200,5dd01d44-5791-4b31-82b5-fd0ca25cd855,2026-09-15T20:30:00Z,2026-09-15T22:30:00+0200,0.132,MW,NL,NL,actual_solar_generation,Solar | Actual Consumption,2026-09-20T06:27:59Z
2026-09-20T06:27:27Z,2026-09-20T08:27:27+0200,5dd01d44-5791-4b31-82b5-fd0ca25cd855,2026-09-15T20:45:00Z,2026-09-15T22:45:00+0200,0.0,MW,NL,NL,actual_solar_generation,Solar | Actual Aggregated,2026-09-20T06:27:59Z
2026-09-20T06:27:27Z,2026-09-20T08:27:27+0200,5dd01d44-5791-4b31-82b5-fd0ca25cd855,2026-09-15T20:45:00Z,2026-09-15T22:45:00+0200,0.13,MW,NL,NL,actual_solar_generation,Solar | Actual Consumption,2026-09-20T06:27:59Z
2026-09-20T06:27:27Z,2026-09-20T08:27:27+0200,5dd01d44-5791-4b31-82b5-fd0ca25cd855,2026-09-15T21:00:00Z,2026-09-15T23:00:00+0200,0.0,MW,NL,NL,actual_solar_generation,Solar | Actual Aggregated,2026-09-20T06:27:59Z
2026-09-20T06:27:27Z,2026-09-20T08:27:27+0200,5dd01d44-5791-4b31-82b5-fd0ca25cd855,2026-09-15T21:00:00Z,2026-09-15T23:00:00+0200,0.117,MW,NL,NL,actual_solar_generation,Solar | Actual Consumption,2026-09-20T06:27:59Z
2026-09-20T06:27:27Z,2026-09-20T08:27:27+0200,5dd01d44-5791-4b31-82b5-fd0ca25cd855,2026-09-15T21:15:00Z,2026-09-15T23:15:00+0200,0.0,MW,NL,NL,actual_solar_generation,Solar | Actual Aggregated,2026-09-20T06:27:59Z
2026-09-20T06:27:27Z,2026-09-20T08:27:27+0200,5dd01d44-5791-4b31-82b5-fd0ca25cd855,2026-09-15T21:15:00Z,2026-09-15T23:15:00+0200,0.123,MW,NL,NL,actual_solar_generation,Solar | Actual Consumption,2026-09-20T06:27:59Z
2026-09-20T06:27:27Z,2026-09-20T08:27:27+0200,5dd01d44-5791-4b31-82b5-fd0ca25cd855,2026-09-15T21:30:00Z,2026-09-15T23:30:00+0200,0.0,MW,NL,NL,actual_solar_generation,Solar | Actual Aggregated,2026-09-20T06:27:59Z
2026-09-20T06:27:27Z,2026-09-20T08:27:27+0200,5dd01d44-5791-4b31-82b5-fd0ca25cd855,2026-09-15T21:30:00Z,2026-09-15T23:30:00+0200,0.123,MW,NL,NL,actual_solar_generation,Solar | Actual Consumption,2026-09-20T06:27:59Z
2026-09-20T06:27:27Z,2026-09-20T08:27:27+0200,5dd01d44-5791-4b31-82b5-fd0ca25cd855,2026-09-15T21:45:00Z,2026-09-15T23:45:00+0200,0.0,MW,NL,NL,actual_solar_generation,Solar | Actual Aggregated,2026-09-20T06:27:59Z
2026-09-20T06:27:27Z,2026-09-20T08:27:27+0200,5dd01d44-5791-4b31-82b5-fd0ca25cd855,2026-09-15T21:45:00Z,2026-09-15T23:45:00+0200,0.123,MW,NL,NL,actual_solar_generation,Solar | Actual Consumption,2026-09-20T06:27:59Z
2026-09-20T06:27:27Z,2026-09-20T08:27:27+0200,5dd01d44-5791-4b31-82b5-fd0ca25cd855,2026-09-15T22:00:00Z,2026-09-16T00:00:00+0200,0.0,MW,NL,NL,actual_solar_generation,Solar | Actual Aggregated,2026-09-20T06:27:59Z
2026-09-20T06:27:27Z,2026-09-20T08:27:27+0200,5dd01d44-5791-4b31-82b5-fd0ca25cd855,2026-09-15T22:00:00Z,2026-09-16T00:00:00+0200,0.123,MW,NL,NL,actual_solar_generation,Solar | Actual Consumption,2026-09-20T06:27:59Z
2026-09-20T06:27:27Z,2026-09-20T08:27:27+0200,5dd01d44-5791-4b31-82b5-fd0ca25cd855,2026-09-15T22:15:00Z,2026-09-16T00:15:00+0200,0.0,MW,NL,NL,actual_solar_generation,Solar | Actual Aggregated,2026-09-20T06:27:59Z
2026-09-20T06:27:27Z,2026-09-20T08:27:27+0200,5dd01d44-5791-4b31-82b5-fd0ca25cd855,2026-09-15T22:15:00Z,2026-09-16T00:15:00+0200,0.123,MW,NL,NL,actual_solar_generation,Solar | Actual Consumption,2026-09-20T06:27:59Z
2026-09-20T06:27:27Z,2026-09-20T08:27:27+0200,5dd01d44-5791-4b31-82b5-fd0ca25cd855,2026-09-15T22:30:00Z,2026-09-16T00:30:00+0200,0.0,MW,NL,NL,actual_solar_generation,Solar | Actual Aggregated,2026-09-20T06:27:59Z
2026-09-20T06:27:27Z,2026-09-20T08:27:27+0200,5dd01d44-5791-4b31-82b5-fd0ca25cd855,2026-09-15T22:30:00Z,2026-09-16T00:30:00+0200,0.123,MW,NL,NL,actual_solar_generation,Solar | Actual Consumption,2026-09-20T06:27:59Z
2026-09-20T06:27:27Z,2026-09-20T08:27:27+0200,5dd01d44-5791-4b31-82b5-fd0ca25cd855,2026-09-15T22:45:00Z,2026-09-16T00:45:00+0200,0.0,MW,NL,NL,actual_solar_generation,Solar | Actual Aggregated,2026-09-20T06:27:59Z
2026-09-20T06:27:27Z,2026-09-20T08:27:27+0200,5dd01d44-5791-4b31-82b5-fd0ca25cd855,2026-09-15T22:45:00Z,2026-09-16T00:45:00+0200,0.123,MW,NL,NL,actual_solar_generation,Solar | Actual Consumption,2026-09-20T06:27:59Z
2026-09-20T06:27:27Z,2026-09-20T08:27:27+0200,5dd01d44-5791-4b31-82b5-fd0ca25cd855,2026-09-15T23:00:00Z,2026-09-16T01:00:00+0200,0.0,MW,NL,NL,actual_solar_generation,Solar | Actual Aggregated,2026-09-20T06:27:59Z
2026-09-20T06:27:27Z,2026-09-20T08:27:27+0200,5dd01d44-5791-4b31-82b5-fd0ca25cd855,2026-09-15T23:00:00Z,2026-09-16T01:00:00+0200,0.123,MW,NL,NL,actual_solar_generation,Solar | Actual Consumption,2026-09-20T06:27:59Z
2026-09-20T06:27:27Z,2026-09-20T08:27:27+0200,5dd01d44-5791-4b31-82b5-fd0ca25cd855,2026-09-15T23:15:00Z,2026-09-16T01:15:00+0200,0.0,MW,NL,NL,actual_solar_generation,Solar | Actual Aggregated,2026-09-20T06:27:59Z
2026-09-20T06:27:27Z,2026-09-20T08:27:27+0200,5dd01d44-5791-4b31-82b5-fd0ca25cd855,2026-09-15T23:15:00Z,2026-09-16T01:15:00+0200,0.123,MW,NL,NL,actual_solar_generation,Solar | Actual Consumption,2026-09-20T06:27:59Z
2026-09-20T06:27:27Z,2026-09-20T08:27:27+0200,5dd01d44-5791-4b31-82b5-fd0ca25cd855,2026-09-15T23:30:00Z,2026-09-16T01:30:00+0200,0.0,MW,NL,NL,actual_solar_generation,Solar | Actual Aggregated,2026-09-20T06:27:59Z
2026-09-20T06:27:27Z,2026-09-20T08:27:27+0200,5dd01d44-5791-4b31-82b5-fd0ca25cd855,2026-09-15T23:30:00Z,2026-09-16T01:30:00+0200,0.123,MW,NL,NL,actual_solar_generation,Solar | Actual Consumption,2026-09-20T06:27:59Z
2026-09-20T06:27:27Z,2026-09-20T08:27:27+0200,5dd01d44-5791-4b31-82b5-fd0ca25cd855,2026-09-15T23:45:00Z,2026-09-16T01:45:00+0200,0.0,MW,NL,NL,actual_solar_generation,Solar | Actual Aggregated,2026-09-20T06:27:59Z
2026-09-20T06:27:27Z,2026-09-20T08:27:27+0200,5dd01d44-5791-4b31-82b5-fd0ca25cd855,2026-09-15T23:45:00Z,2026-09-16T01:45:00+0200,0.123,MW,NL,NL,actual_solar_generation,Solar | Actual Consumption,2026-09-20T06:27:59Z
2026-09-20T06:27:27Z,2026-09-20T08:27:27+0200,5dd01d44-5791-4b31-82b5-fd0ca25cd855,2026-09-16T00:00:00Z,2026-09-16T02:00:00+0200,0.0,MW,NL,NL,actual_solar_generation,Solar | Actual Aggregated,2026-09-20T06:27:59Z
2026-09-20T06:27:27Z,2026-09-20T08:27:27+0200,5dd01d44-5791-4b31-82b5-fd0ca25cd855,2026-09-16T00:00:00Z,2026-09-16T02:00:00+0200,0.133,MW,NL,NL,actual_solar_generation,Solar | Actual Consumption,2026-09-20T06:27:59Z
2026-09-20T06:27:27Z,2026-09-20T08:27:27+0200,5dd01d44-5791-4b31-82b5-fd0ca25cd855,2026-09-16T00:15:00Z,2026-09-16T02:15:00+0200,0.0,MW,NL,NL,actual_solar_generation,Solar | Actual Aggregated,2026-09-20T06:27:59Z
2026-09-20T06:27:27Z,2026-09-20T08:27:27+0200,5dd01d44-5791-4b31-82b5-fd0ca25cd855,2026-09-16T00:15:00Z,2026-09-16T02:15:00+0200,0.124,MW,NL,NL,actual_solar_generation,Solar | Actual Consumption,2026-09-20T06:27:59Z
2026-09-20T06:27:27Z,2026-09-20T08:27:27+0200,5dd01d44-5791-4b31-82b5-fd0ca25cd855,2026-09-16T00:30:00Z,2026-09-16T02:30:00+0200,0.0,MW,NL,NL,actual_solar_generation,Solar | Actual Aggregated,2026-09-20T06:27:59Z
2026-09-20T06:27:27Z,2026-09-20T08:27:27+0200,5dd01d44-5791-4b31-82b5-fd0ca25cd855,2026-09-16T00:30:00Z,2026-09-16T02:30:00+0200,0.117,MW,NL,NL,actual_solar_generation,Solar | Actual Consumption,2026-09-20T06:27:59Z
2026-09-20T06:27:27Z,2026-09-20T08:27:27+0200,5dd01d44-5791-4b31-82b5-fd0ca25cd855,2026-09-16T00:45:00Z,2026-09-16T02:45:00+0200,0.0,MW,NL,NL,actual_solar_generation,Solar | Actual Aggregated,2026-09-20T06:27:59Z
2026-09-20T06:27:27Z,2026-09-20T08:27:27+0200,5dd01d44-5791-4b31-82b5-fd0ca25cd855,2026-09-16T00:45:00Z,2026-09-16T02:45:00+0200,0.129,MW,NL,NL,actual_solar_generation,Solar | Actual Consumption,2026-09-20T06:27:59Z
2026-09-20T06:27:27Z,2026-09-20T08:27:27+0200,5dd01d44-5791-4b31-82b5-fd0ca25cd855,2026-09-16T01:00:00Z,2026-09-16T03:00:00+0200,0.0,MW,NL,NL,actual_solar_generation,Solar | Actual Aggregated,2026-09-20T06:27:59Z
2026-09-20T06:27:27Z,2026-09-20T08:27:27+0200,5dd01d44-5791-4b31-82b5-fd0ca25cd855,2026-09-16T01:00:00Z,2026-09-16T03:00:00+0200,0.126,MW,NL,NL,actual_solar_generation,Solar | Actual Consumption,2026-09-20T06:27:59Z
2026-09-20T06:27:27Z,2026-09-20T08:27:27+0200,5dd01d44-5791-4b31-82b5-fd0ca25cd855,2026-09-16T01:15:00Z,2026-09-16T03:15:00+0200,0.0,MW,NL,NL,actual_solar_generation,Solar | Actual Aggregated,2026-09-20T06:27:59Z
2026-09-20T06:27:27Z,2026-09-20T08:27:27+0200,5dd01d44-5791-4b31-82b5-fd0ca25cd855,2026-09-16T01:15:00Z,2026-09-16T03:15:00+0200,0.121,MW,NL,NL,actual_solar_generation,Solar | Actual Consumption,2026-09-20T06:27:59Z
2026-09-20T06:27:27Z,2026-09-20T08:27:27+0200,5dd01d44-5791-4b31-82b5-fd0ca25cd855,2026-09-16T01:30:00Z,2026-09-16T03:30:00+0200,0.0,MW,NL,NL,actual_solar_generation,Solar | Actual Aggregated,2026-09-20T06:27:59Z
2026-09-20T06:27:27Z,2026-09-20T08:27:27+0200,5dd01d44-5791-4b31-82b5-fd0ca25cd855,2026-09-16T01:30:00Z,2026-09-16T03:30:00+0200,0.121,MW,NL,NL,actual_solar_generation,Solar | Actual Consumption,2026-09-20T06:27:59Z
2026-09-20T06:27:27Z,2026-09-20T08:27:27+0200,5dd01d44-5791-4b31-82b5-fd0ca25cd855,2026-09-16T01:45:00Z,2026-09-16T03:45:00+0200,0.0,MW,NL,NL,actual_solar_generation,Solar | Actual Aggregated,2026-09-20T06:27:59Z
2026-09-20T06:27:27Z,2026-09-20T08:27:27+0200,5dd01d44-5791-4b31-82b5-fd0ca25cd855,2026-09-16T01:45:00Z,2026-09-16T03:45:00+0200,0.121,MW,NL,NL,actual_solar_generation,Solar | Actual Consumption,2026-09-20T06:27:59Z
2026-09-20T06:27:27Z,2026-09-20T08:27:27+0200,5dd01d44-5791-4b31-82b5-fd0ca25cd855,2026-09-16T02:00:00Z,2026-09-16T04:00:00+0200,0.0,MW,NL,NL,actual_solar_generation,Solar | Actual Aggregated,2026-09-20T06:27:59Z
2026-09-20T06:27:27Z,2026-09-20T08:27:27+0200,5dd01d44-5791-4b31-82b5-fd0ca25cd855,2026-09-16T02:00:00Z,2026-09-16T04:00:00+0200,0.122,MW,NL,NL,actual_solar_generation,Solar | Actual Consumption,2026-09-20T06:27:59Z
2026-09-20T06:27:27Z,2026-09-20T08:27:27+0200,5dd01d44-5791-4b31-82b5-fd0ca25cd855,2026-09-16T02:15:00Z,2026-09-16T04:15:00+0200,0.0,MW,NL,NL,actual_solar_generation,Solar | Actual Aggregated,2026-09-20T06:27:59Z
2026-09-20T06:27:27Z,2026-09-20T08:27:27+0200,5dd01d44-5791-4b31-82b5-fd0ca25cd855,2026-09-16T02:15:00Z,2026-09-16T04:15:00+0200,0.125,MW,NL,NL,actual_solar_generation,Solar | Actual Consumption,2026-09-20T06:27:59Z
2026-09-20T06:27:27Z,2026-09-20T08:27:27+0200,5dd01d44-5791-4b31-82b5-fd0ca25cd855,2026-09-16T02:30:00Z,2026-09-16T04:30:00+0200,0.0,MW,NL,NL,actual_solar_generation,Solar | Actual Aggregated,2026-09-20T06:27:59Z
2026-09-20T06:27:27Z,2026-09-20T08:27:27+0200,5dd01d44-5791-4b31-82b5-fd0ca25cd855,2026-09-16T02:30:00Z,2026-09-16T04:30:00+0200,0.125,MW,NL,NL,actual_solar_generation,Solar | Actual Consumption,2026-09-20T06:27:59Z
2026-09-20T06:27:27Z,2026-09-20T08:27:27+0200,5dd01d44-5791-4b31-82b5-fd0ca25cd855,2026-09-16T02:45:00Z,2026-09-16T04:45:00+0200,0.0,MW,NL,NL,actual_solar_generation,Solar | Actual Aggregated,2026-09-20T06:27:59Z
2026-09-20T06:27:27Z,2026-09-20T08:27:27+0200,5dd01d44-5791-4b31-82b5-fd0ca25cd855,2026-09-16T02:45:00Z,2026-09-16T04:45:00+0200,0.125,MW,NL,NL,actual_solar_generation,Solar | Actual Consumption,2026-09-20T06:27:59Z
2026-09-20T06:27:27Z,2026-09-20T08:27:27+0200,5dd01d44-5791-4b31-82b5-fd0ca25cd855,2026-09-16T03:00:00Z,2026-09-16T05:00:00+0200,0.0,MW,NL,NL,actual_solar_generation,Solar | Actual Aggregated,2026-09-20T06:27:59Z
2026-09-20T06:27:27Z,2026-09-20T08:27:27+0200,5dd01d44-5791-4b31-82b5-fd0ca25cd855,2026-09-16T03:00:00Z,2026-09-16T05:00:00+0200,0.125,MW,NL,NL,actual_solar_generation,Solar | Actual Consumption,2026-09-20T06:27:59Z
2026-09-20T06:27:27Z,2026-09-20T08:27:27+0200,5dd01d44-5791-4b31-82b5-fd0ca25cd855,2026-09-16T03:15:00Z,2026-09-16T05:15:00+0200,0.0,MW,NL,NL,actual_solar_generation,Solar | Actual Aggregated,2026-09-20T06:27:59Z
2026-09-20T06:27:27Z,2026-09-20T08:27:27+0200,5dd01d44-5791-4b31-82b5-fd0ca25cd855,2026-09-16T03:15:00Z,2026-09-16T05:15:00+0200,0.125,MW,NL,NL,actual_solar_generation,Solar | Actual Consumption,2026-09-20T06:27:59Z
2026-09-20T06:27:27Z,2026-09-20T08:27:27+0200,5dd01d44-5791-4b31-82b5-fd0ca25cd855,2026-09-16T03:30:00Z,2026-09-16T05:30:00+0200,0.0,MW,NL,NL,actual_solar_generation,Solar | Actual Aggregated,2026-09-20T06:27:59Z
2026-09-20T06:27:27Z,2026-09-20T08:27:27+0200,5dd01d44-5791-4b31-82b5-fd0ca25cd855,2026-09-16T03:30:00Z,2026-09-16T05:30:00+0200,0.125,MW,NL,NL,actual_solar_generation,Solar | Actual Consumption,2026-09-20T06:27:59Z
2026-09-20T06:27:27Z,2026-09-20T08:27:27+0200,5dd01d44-5791-4b31-82b5-fd0ca25cd855,2026-09-16T03:45:00Z,2026-09-16T05:45:00+0200,0.0,MW,NL,NL,actual_solar_generation,Solar | Actual Aggregated,2026-09-20T06:27:59Z
2026-09-20T06:27:27Z,2026-09-20T08:27:27+0200,5dd01d44-5791-4b31-82b5-fd0ca25cd855,2026-09-16T03:45:00Z,2026-09-16T05:45:00+0200,0.125,MW,NL,NL,actual_solar_generation,Solar | Actual Consumption,2026-09-20T06:27:59Z
2026-09-20T06:27:27Z,2026-09-20T08:27:27+0200,5dd01d44-5791-4b31-82b5-fd0ca25cd855,2026-09-16T04:00:00Z,2026-09-16T06:00:00+0200,0.0,MW,NL,NL,actual_solar_generation,Solar | Actual Aggregated,2026-09-20T06:27:59Z
2026-09-20T06:27:27Z,2026-09-20T08:27:27+0200,5dd01d44-5791-4b31-82b5-fd0ca25cd855,2026-09-16T04:00:00Z,2026-09-16T06:00:00+0200,0.122,MW,NL,NL,actual_solar_generation,Solar | Actual Consumption,2026-09-20T06:27:59Z
2026-09-20T06:27:27Z,2026-09-20T08:27:27+0200,5dd01d44-5791-4b31-82b5-fd0ca25cd855,2026-09-16T04:15:00Z,2026-09-16T06:15:00+0200,0.0,MW,NL,NL,actual_solar_generation,Solar | Actual Aggregated,2026-09-20T06:27:59Z
2026-09-20T06:27:27Z,2026-09-20T08:27:27+0200,5dd01d44-5791-4b31-82b5-fd0ca25cd855,2026-09-16T04:15:00Z,2026-09-16T06:15:00+0200,0.121,MW,NL,NL,actual_solar_generation,Solar | Actual Consumption,2026-09-20T06:27:59Z
2026-09-20T06:27:27Z,2026-09-20T08:27:27+0200,5dd01d44-5791-4b31-82b5-fd0ca25cd855,2026-09-16T04:30:00Z,2026-09-16T06:30:00+0200,0.0,MW,NL,NL,actual_solar_generation,Solar | Actual Aggregated,2026-09-20T06:27:59Z
2026-09-20T06:27:27Z,2026-09-20T08:27:27+0200,5dd01d44-5791-4b31-82b5-fd0ca25cd855,2026-09-16T04:30:00Z,2026-09-16T06:30:00+0200,0.121,MW,NL,NL,actual_solar_generation,Solar | Actual Consumption,2026-09-20T06:27:59Z
2026-09-20T06:27:27Z,2026-09-20T08:27:27+0200,5dd01d44-5791-4b31-82b5-fd0ca25cd855,2026-09-16T04:45:00Z,2026-09-16T06:45:00+0200,0.0,MW,NL,NL,actual_solar_generation,Solar | Actual Aggregated,2026-09-20T06:27:59Z
2026-09-20T06:27:27Z,2026-09-20T08:27:27+0200,5dd01d44-5791-4b31-82b5-fd0ca25cd855,2026-09-16T04:45:00Z,2026-09-16T06:45:00+0200,0.126,MW,NL,NL,actual_solar_generation,Solar | Actual Consumption,2026-09-20T06:27:59Z
2026-09-20T06:27:27Z,2026-09-20T08:27:27+0200,5dd01d44-5791-4b31-82b5-fd0ca25cd855,2026-09-16T05:00:00Z,2026-09-16T07:00:00+0200,0.0,MW,NL,NL,actual_solar_generation,Solar | Actual Aggregated,2026-09-20T06:27:59Z
2026-09-20T06:27:27Z,2026-09-20T08:27:27+0200,5dd01d44-5791-4b31-82b5-fd0ca25cd855,2026-09-16T05:00:00Z,2026-09-16T07:00:00+0200,0.128,MW,NL,NL,actual_solar_generation,Solar | Actual Consumption,2026-09-20T06:27:59Z
2026-09-20T06:27:27Z,2026-09-20T08:27:27+0200,5dd01d44-5791-4b31-82b5-fd0ca25cd855,2026-09-16T05:15:00Z,2026-09-16T07:15:00+0200,2.337,MW,NL,NL,actual_solar_generation,Solar | Actual Aggregated,2026-09-20T06:27:59Z
2026-09-20T06:27:27Z,2026-09-20T08:27:27+0200,5dd01d44-5791-4b31-82b5-fd0ca25cd855,2026-09-16T05:15:00Z,2026-09-16T07:15:00+0200,0.0,MW,NL,NL,actual_solar_generation,Solar | Actual Consumption,2026-09-20T06:27:59Z
2026-09-20T06:27:27Z,2026-09-20T08:27:27+0200,5dd01d44-5791-4b31-82b5-fd0ca25cd855,2026-09-16T05:30:00Z,2026-09-16T07:30:00+0200,5.696,MW,NL,NL,actual_solar_generation,Solar | Actual Aggregated,2026-09-20T06:27:59Z
2026-09-20T06:27:27Z,2026-09-20T08:27:27+0200,5dd01d44-5791-4b31-82b5-fd0ca25cd855,2026-09-16T05:30:00Z,2026-09-16T07:30:00+0200,0.0,MW,NL,NL,actual_solar_generation,Solar | Actual Consumption,2026-09-20T06:27:59Z
2026-09-20T06:27:27Z,2026-09-20T08:27:27+0200,5dd01d44-5791-4b31-82b5-fd0ca25cd855,2026-09-16T05:45:00Z,2026-09-16T07:45:00+0200,11.154,MW,NL,NL,actual_solar_generation,Solar | Actual Aggregated,2026-09-20T06:27:59Z
2026-09-20T06:27:27Z,2026-09-20T08:27:27+0200,5dd01d44-5791-4b31-82b5-fd0ca25cd855,2026-09-16T05:45:00Z,2026-09-16T07:45:00+0200,0.0,MW,NL,NL,actual_solar_generation,Solar | Actual Consumption,2026-09-20T06:27:59Z
2026-09-20T06:27:27Z,2026-09-20T08:27:27+0200,5dd01d44-5791-4b31-82b5-fd0ca25cd855,2026-09-16T06:00:00Z,2026-09-16T08:00:00+0200,21.056,MW,NL,NL,actual_solar_generation,Solar | Actual Aggregated,2026-09-20T06:27:59Z
2026-09-20T06:27:27Z,2026-09-20T08:27:27+0200,5dd01d44-5791-4b31-82b5-fd0ca25cd855,2026-09-16T06:00:00Z,2026-09-16T08:00:00+0200,0.0,MW,NL,NL,actual_solar_generation,Solar | Actual Consumption,2026-09-20T06:27:59Z
2026-09-20T06:27:27Z,2026-09-20T08:27:27+0200,5dd01d44-5791-4b31-82b5-fd0ca25cd855,2026-09-16T06:15:00Z,2026-09-16T08:15:00+0200,31.972,MW,NL,NL,actual_solar_generation,Solar | Actual Aggregated,2026-09-20T06:27:59Z
2026-09-20T06:27:27Z,2026-09-20T08:27:27+0200,5dd01d44-5791-4b31-82b5-fd0ca25cd855,2026-09-16T06:15:00Z,2026-09-16T08:15:00+0200,0.0,MW,NL,NL,actual_solar_generation,Solar | Actual Consumption,2026-09-20T06:27:59Z
2026-09-20T06:27:27Z,2026-09-20T08:27:27+0200,5dd01d44-5791-4b31-82b5-fd0ca25cd855,2026-09-16T06:30:00Z,2026-09-16T08:30:00+0200,45.166,MW,NL,NL,actual_solar_generation,Solar | Actual Aggregated,2026-09-20T06:27:59Z
2026-09-20T06:27:27Z,2026-09-20T08:27:27+0200,5dd01d44-5791-4b31-82b5-fd0ca25cd855,2026-09-16T06:30:00Z,2026-09-16T08:30:00+0200,0.0,MW,NL,NL,actual_solar_generation,Solar | Actual Consumption,2026-09-20T06:27:59Z
2026-09-20T06:27:27Z,2026-09-20T08:27:27+0200,5dd01d44-5791-4b31-82b5-fd0ca25cd855,2026-09-16T06:45:00Z,2026-09-16T08:45:00+0200,59.934,MW,NL,NL,actual_solar_generation,Solar | Actual Aggregated,2026-09-20T06:27:59Z
2026-09-20T06:27:27Z,2026-09-20T08:27:27+0200,5dd01d44-5791-4b31-82b5-fd0ca25cd855,2026-09-16T06:45:00Z,2026-09-16T08:45:00+0200,0.0,MW,NL,NL,actual_solar_generation,Solar | Actual Consumption,2026-09-20T06:27:59Z
2026-09-20T06:27:27Z,2026-09-20T08:27:27+0200,5dd01d44-5791-4b31-82b5-fd0ca25cd855,2026-09-16T07:00:00Z,2026-09-16T09:00:00+0200,72.01,MW,NL,NL,actual_solar_generation,Solar | Actual Aggregated,2026-09-20T06:27:59Z
2026-09-20T06:27:27Z,2026-09-20T08:27:27+0200,5dd01d44-5791-4b31-82b5-fd0ca25cd855,2026-09-16T07:00:00Z,2026-09-16T09:00:00+0200,0.0,MW,NL,NL,actual_solar_generation,Solar | Actual Consumption,2026-09-20T06:27:59Z
2026-09-20T06:27:27Z,2026-09-20T08:27:27+0200,5dd01d44-5791-4b31-82b5-fd0ca25cd855,2026-09-16T07:15:00Z,2026-09-16T09:15:00+0200,89.675,MW,NL,NL,actual_solar_generation,Solar | Actual Aggregated,2026-09-20T06:27:59Z
2026-09-20T06:27:27Z,2026-09-20T08:27:27+0200,5dd01d44-5791-4b31-82b5-fd0ca25cd855,2026-09-16T07:15:00Z,2026-09-16T09:15:00+0200,0.0,MW,NL,NL,actual_solar_generation,Solar | Actual Consumption,2026-09-20T06:27:59Z
2026-09-20T06:27:27Z,2026-09-20T08:27:27+0200,5dd01d44-5791-4b31-82b5-fd0ca25cd855,2026-09-16T07:30:00Z,2026-09-16T09:30:00+0200,107.772,MW,NL,NL,actual_solar_generation,Solar | Actual Aggregated,2026-09-20T06:27:59Z
2026-09-20T06:27:27Z,2026-09-20T08:27:27+0200,5dd01d44-5791-4b31-82b5-fd0ca25cd855,2026-09-16T07:30:00Z,2026-09-16T09:30:00+0200,0.0,MW,NL,NL,actual_solar_generation,Solar | Actual Consumption,2026-09-20T06:27:59Z
2026-09-20T06:27:27Z,2026-09-20T08:27:27+0200,5dd01d44-5791-4b31-82b5-fd0ca25cd855,2026-09-16T07:45:00Z,2026-09-16T09:45:00+0200,92.894,MW,NL,NL,actual_solar_generation,Solar | Actual Aggregated,2026-09-20T06:27:59Z
2026-09-20T06:27:27Z,2026-09-20T08:27:27+0200,5dd01d44-5791-4b31-82b5-fd0ca25cd855,2026-09-16T07:45:00Z,2026-09-16T09:45:00+0200,0.0,MW,NL,NL,actual_solar_generation,Solar | Actual Consumption,2026-09-20T06:27:59Z
2026-09-20T06:27:27Z,2026-09-20T08:27:27+0200,5dd01d44-5791-4b31-82b5-fd0ca25cd855,2026-09-16T08:00:00Z,2026-09-16T10:00:00+0200,116.461,MW,NL,NL,actual_solar_generation,Solar | Actual Aggregated,2026-09-20T06:27:59Z
2026-09-20T06:27:27Z,2026-09-20T08:27:27+0200,5dd01d44-5791-4b31-82b5-fd0ca25cd855,2026-09-16T08:00:00Z,2026-09-16T10:00:00+0200,0.0,MW,NL,NL,actual_solar_generation,Solar | Actual Consumption,2026-09-20T06:27:59Z
2026-09-20T06:27:27Z,2026-09-20T08:27:27+0200,5dd01d44-5791-4b31-82b5-fd0ca25cd855,2026-09-16T08:15:00Z,2026-09-16T10:15:00+0200,124.962,MW,NL,NL,actual_solar_generation,Solar | Actual Aggregated,2026-09-20T06:27:59Z
2026-09-20T06:27:27Z,2026-09-20T08:27:27+0200,5dd01d44-5791-4b31-82b5-fd0ca25cd855,2026-09-16T08:15:00Z,2026-09-16T10:15:00+0200,0.0,MW,NL,NL,actual_solar_generation,Solar | Actual Consumption,2026-09-20T06:27:59Z
2026-09-20T06:27:27Z,2026-09-20T08:27:27+0200,5dd01d44-5791-4b31-82b5-fd0ca25cd855,2026-09-16T08:30:00Z,2026-09-16T10:30:00+0200,82.242,MW,NL,NL,actual_solar_generation,Solar | Actual Aggregated,2026-09-20T06:27:59Z
2026-09-20T06:27:27Z,2026-09-20T08:27:27+0200,5dd01d44-5791-4b31-82b5-fd0ca25cd855,2026-09-16T08:30:00Z,2026-09-16T10:30:00+0200,0.0,MW,NL,NL,actual_solar_generation,Solar | Actual Consumption,2026-09-20T06:27:59Z
2026-09-20T06:27:27Z,2026-09-20T08:27:27+0200,5dd01d44-5791-4b31-82b5-fd0ca25cd855,2026-09-16T08:45:00Z,2026-09-16T10:45:00+0200,109.657,MW,NL,NL,actual_solar_generation,Solar | Actual Aggregated,2026-09-20T06:27:59Z
2026-09-20T06:27:27Z,2026-09-20T08:27:27+0200,5dd01d44-5791-4b31-82b5-fd0ca25cd855,2026-09-16T08:45:00Z,2026-09-16T10:45:00+0200,0.0,MW,NL,NL,actual_solar_generation,Solar | Actual Consumption,2026-09-20T06:27:59Z
2026-09-20T06:27:27Z,2026-09-20T08:27:27+0200,5dd01d44-5791-4b31-82b5-fd0ca25cd855,2026-09-16T09:00:00Z,2026-09-16T11:00:00+0200,126.36,MW,NL,NL,actual_solar_generation,Solar | Actual Aggregated,2026-09-20T06:27:59Z
2026-09-20T06:27:27Z,2026-09-20T08:27:27+0200,5dd01d44-5791-4b31-82b5-fd0ca25cd855,2026-09-16T09:00:00Z,2026-09-16T11:00:00+0200,0.0,MW,NL,NL,actual_solar_generation,Solar | Actual Consumption,2026-09-20T06:27:59Z
2026-09-20T06:27:27Z,2026-09-20T08:27:27+0200,5dd01d44-5791-4b31-82b5-fd0ca25cd855,2026-09-16T09:15:00Z,2026-09-16T11:15:00+0200,90.852,MW,NL,NL,actual_solar_generation,Solar | Actual Aggregated,2026-09-20T06:27:59Z
2026-09-20T06:27:27Z,2026-09-20T08:27:27+0200,5dd01d44-5791-4b31-82b5-fd0ca25cd855,2026-09-16T09:15:00Z,2026-09-16T11:15:00+0200,0.0,MW,NL,NL,actual_solar_generation,Solar | Actual Consumption,2026-09-20T06:27:59Z
2026-09-20T06:27:27Z,2026-09-20T08:27:27+0200,5dd01d44-5791-4b31-82b5-fd0ca25cd855,2026-09-16T09:30:00Z,2026-09-16T11:30:00+0200,117.663,MW,NL,NL,actual_solar_generation,Solar | Actual Aggregated,2026-09-20T06:27:59Z
2026-09-20T06:27:27Z,2026-09-20T08:27:27+0200,5dd01d44-5791-4b31-82b5-fd0ca25cd855,2026-09-16T09:30:00Z,2026-09-16T11:30:00+0200,0.0,MW,NL,NL,actual_solar_generation,Solar | Actual Consumption,2026-09-20T06:27:59Z
2026-09-20T06:27:27Z,2026-09-20T08:27:27+0200,5dd01d44-5791-4b31-82b5-fd0ca25cd855,2026-09-16T09:45:00Z,2026-09-16T11:45:00+0200,98.303,MW,NL,NL,actual_solar_generation,Solar | Actual Aggregated,2026-09-20T06:27:59Z
2026-09-20T06:27:27Z,2026-09-20T08:27:27+0200,5dd01d44-5791-4b31-82b5-fd0ca25cd855,2026-09-16T09:45:00Z,2026-09-16T11:45:00+0200,0.0,MW,NL,NL,actual_solar_generation,Solar | Actual Consumption,2026-09-20T06:27:59Z
2026-09-20T06:27:27Z,2026-09-20T08:27:27+0200,5dd01d44-5791-4b31-82b5-fd0ca25cd855,2026-09-16T10:00:00Z,2026-09-16T12:00:00+0200,137.396,MW,NL,NL,actual_solar_generation,Solar | Actual Aggregated,2026-09-20T06:27:59Z
2026-09-20T06:27:27Z,2026-09-20T08:27:27+0200,5dd01d44-5791-4b31-82b5-fd0ca25cd855,2026-09-16T10:00:00Z,2026-09-16T12:00:00+0200,0.0,MW,NL,NL,actual_solar_generation,Solar | Actual Consumption,2026-09-20T06:27:59Z
2026-09-20T06:27:27Z,2026-09-20T08:27:27+0200,5dd01d44-5791-4b31-82b5-fd0ca25cd855,2026-09-16T10:15:00Z,2026-09-16T12:15:00+0200,126.513,MW,NL,NL,actual_solar_generation,Solar | Actual Aggregated,2026-09-20T06:27:59Z
2026-09-20T06:27:27Z,2026-09-20T08:27:27+0200,5dd01d44-5791-4b31-82b5-fd0ca25cd855,2026-09-16T10:15:00Z,2026-09-16T12:15:00+0200,0.0,MW,NL,NL,actual_solar_generation,Solar | Actual Consumption,2026-09-20T06:27:59Z
2026-09-20T06:27:27Z,2026-09-20T08:27:27+0200,5dd01d44-5791-4b31-82b5-fd0ca25cd855,2026-09-16T10:30:00Z,2026-09-16T12:30:00+0200,152.263,MW,NL,NL,actual_solar_generation,Solar | Actual Aggregated,2026-09-20T06:27:59Z
2026-09-20T06:27:27Z,2026-09-20T08:27:27+0200,5dd01d44-5791-4b31-82b5-fd0ca25cd855,2026-09-16T10:30:00Z,2026-09-16T12:30:00+0200,0.0,MW,NL,NL,actual_solar_generation,Solar | Actual Consumption,2026-09-20T06:27:59Z
2026-09-20T06:27:27Z,2026-09-20T08:27:27+0200,5dd01d44-5791-4b31-82b5-fd0ca25cd855,2026-09-16T10:45:00Z,2026-09-16T12:45:00+0200,116.082,MW,NL,NL,actual_solar_generation,Solar | Actual Aggregated,2026-09-20T06:27:59Z
2026-09-20T06:27:27Z,2026-09-20T08:27:27+0200,5dd01d44-5791-4b31-82b5-fd0ca25cd855,2026-09-16T10:45:00Z,2026-09-16T12:45:00+0200,0.0,MW,NL,NL,actual_solar_generation,Solar | Actual Consumption,2026-09-20T06:27:59Z
2026-09-20T06:27:27Z,2026-09-20T08:27:27+0200,5dd01d44-5791-4b31-82b5-fd0ca25cd855,2026-09-16T11:00:00Z,2026-09-16T13:00:00+0200,92.358,MW,NL,NL,actual_solar_generation,Solar | Actual Aggregated,2026-09-20T06:27:59Z
2026-09-20T06:27:27Z,2026-09-20T08:27:27+0200,5dd01d44-5791-4b31-82b5-fd0ca25cd855,2026-09-16T11:00:00Z,2026-09-16T13:00:00+0200,0.0,MW,NL,NL,actual_solar_generation,Solar | Actual Consumption,2026-09-20T06:27:59Z
2026-09-20T06:27:27Z,2026-09-20T08:27:27+0200,5dd01d44-5791-4b31-82b5-fd0ca25cd855,2026-09-16T11:15:00Z,2026-09-16T13:15:00+0200,207.031,MW,NL,NL,actual_solar_generation,Solar | Actual Aggregated,2026-09-20T06:27:59Z
2026-09-20T06:27:27Z,2026-09-20T08:27:27+0200,5dd01d44-5791-4b31-82b5-fd0ca25cd855,2026-09-16T11:15:00Z,2026-09-16T13:15:00+0200,0.0,MW,NL,NL,actual_solar_generation,Solar | Actual Consumption,2026-09-20T06:27:59Z
2026-09-20T06:27:27Z,2026-09-20T08:27:27+0200,5dd01d44-5791-4b31-82b5-fd0ca25cd855,2026-09-16T11:30:00Z,2026-09-16T13:30:00+0200,178.136,MW,NL,NL,actual_solar_generation,Solar | Actual Aggregated,2026-09-20T06:27:59Z
2026-09-20T06:27:27Z,2026-09-20T08:27:27+0200,5dd01d44-5791-4b31-82b5-fd0ca25cd855,2026-09-16T11:30:00Z,2026-09-16T13:30:00+0200,0.0,MW,NL,NL,actual_solar_generation,Solar | Actual Consumption,2026-09-20T06:27:59Z
2026-09-20T06:27:27Z,2026-09-20T08:27:27+0200,5dd01d44-5791-4b31-82b5-fd0ca25cd855,2026-09-16T11:45:00Z,2026-09-16T13:45:00+0200,128.676,MW,NL,NL,actual_solar_generation,Solar | Actual Aggregated,2026-09-20T06:27:59Z
2026-09-20T06:27:27Z,2026-09-20T08:27:27+0200,5dd01d44-5791-4b31-82b5-fd0ca25cd855,2026-09-16T11:45:00Z,2026-09-16T13:45:00+0200,0.0,MW,NL,NL,actual_solar_generation,Solar | Actual Consumption,2026-09-20T06:27:59Z
2026-09-20T06:27:27Z,2026-09-20T08:27:27+0200,5dd01d44-5791-4b31-82b5-fd0ca25cd855,2026-09-16T12:00:00Z,2026-09-16T14:00:00+0200,109.463,MW,NL,NL,actual_solar_generation,Solar | Actual Aggregated,2026-09-20T06:27:59Z
2026-09-20T06:27:27Z,2026-09-20T08:27:27+0200,5dd01d44-5791-4b31-82b5-fd0ca25cd855,2026-09-16T12:00:00Z,2026-09-16T14:00:00+0200,0.0,MW,NL,NL,actual_solar_generation,Solar | Actual Consumption,2026-09-20T06:27:59Z
2026-09-20T06:27:27Z,2026-09-20T08:27:27+0200,5dd01d44-5791-4b31-82b5-fd0ca25cd855,2026-09-16T12:15:00Z,2026-09-16T14:15:00+0200,123.833,MW,NL,NL,actual_solar_generation,Solar | Actual Aggregated,2026-09-20T06:27:59Z
2026-09-20T06:27:27Z,2026-09-20T08:27:27+0200,5dd01d44-5791-4b31-82b5-fd0ca25cd855,2026-09-16T12:15:00Z,2026-09-16T14:15:00+0200,0.0,MW,NL,NL,actual_solar_generation,Solar | Actual Consumption,2026-09-20T06:27:59Z
2026-09-20T06:27:27Z,2026-09-20T08:27:27+0200,5dd01d44-5791-4b31-82b5-fd0ca25cd855,2026-09-16T12:30:00Z,2026-09-16T14:30:00+0200,103.302,MW,NL,NL,actual_solar_generation,Solar | Actual Aggregated,2026-09-20T06:27:59Z
2026-09-20T06:27:27Z,2026-09-20T08:27:27+0200,5dd01d44-5791-4b31-82b5-fd0ca25cd855,2026-09-16T12:30:00Z,2026-09-16T14:30:00+0200,0.0,MW,NL,NL,actual_solar_generation,Solar | Actual Consumption,2026-09-20T06:27:59Z
2026-09-20T06:27:27Z,2026-09-20T08:27:27+0200,5dd01d44-5791-4b31-82b5-fd0ca25cd855,2026-09-16T12:45:00Z,2026-09-16T14:45:00+0200,123.771,MW,NL,NL,actual_solar_generation,Solar | Actual Aggregated,2026-09-20T06:27:59Z
2026-09-20T06:27:27Z,2026-09-20T08:27:27+0200,5dd01d44-5791-4b31-82b5-fd0ca25cd855,2026-09-16T12:45:00Z,2026-09-16T14:45:00+0200,0.0,MW,NL,NL,actual_solar_generation,Solar | Actual Consumption,2026-09-20T06:27:59Z
2026-09-20T06:27:27Z,2026-09-20T08:27:27+0200,5dd01d44-5791-4b31-82b5-fd0ca25cd855,2026-09-16T13:00:00Z,2026-09-16T15:00:00+0200,107.864,MW,NL,NL,actual_solar_generation,Solar | Actual Aggregated,2026-09-20T06:27:59Z
2026-09-20T06:27:27Z,2026-09-20T08:27:27+0200,5dd01d44-5791-4b31-82b5-fd0ca25cd855,2026-09-16T13:00:00Z,2026-09-16T15:00:00+0200,0.0,MW,NL,NL,actual_solar_generation,Solar | Actual Consumption,2026-09-20T06:27:59Z
2026-09-20T06:27:27Z,2026-09-20T08:27:27+0200,5dd01d44-5791-4b31-82b5-fd0ca25cd855,2026-09-16T13:15:00Z,2026-09-16T15:15:00+0200,84.901,MW,NL,NL,actual_solar_generation,Solar | Actual Aggregated,2026-09-20T06:27:59Z
2026-09-20T06:27:27Z,2026-09-20T08:27:27+0200,5dd01d44-5791-4b31-82b5-fd0ca25cd855,2026-09-16T13:15:00Z,2026-09-16T15:15:00+0200,0.0,MW,NL,NL,actual_solar_generation,Solar | Actual Consumption,2026-09-20T06:27:59Z
2026-09-20T06:27:27Z,2026-09-20T08:27:27+0200,5dd01d44-5791-4b31-82b5-fd0ca25cd855,2026-09-16T13:30:00Z,2026-09-16T15:30:00+0200,115.633,MW,NL,NL,actual_solar_generation,Solar | Actual Aggregated,2026-09-20T06:27:59Z
2026-09-20T06:27:27Z,2026-09-20T08:27:27+0200,5dd01d44-5791-4b31-82b5-fd0ca25cd855,2026-09-16T13:30:00Z,2026-09-16T15:30:00+0200,0.0,MW,NL,NL,actual_solar_generation,Solar | Actual Consumption,2026-09-20T06:27:59Z
2026-09-20T06:27:27Z,2026-09-20T08:27:27+0200,5dd01d44-5791-4b31-82b5-fd0ca25cd855,2026-09-16T13:45:00Z,2026-09-16T15:45:00+0200,137.387,MW,NL,NL,actual_solar_generation,Solar | Actual Aggregated,2026-09-20T06:27:59Z
2026-09-20T06:27:27Z,2026-09-20T08:27:27+0200,5dd01d44-5791-4b31-82b5-fd0ca25cd855,2026-09-16T13:45:00Z,2026-09-16T15:45:00+0200,0.0,MW,NL,NL,actual_solar_generation,Solar | Actual Consumption,2026-09-20T06:27:59Z
2026-09-20T06:27:27Z,2026-09-20T08:27:27+0200,5dd01d44-5791-4b31-82b5-fd0ca25cd855,2026-09-16T14:00:00Z,2026-09-16T16:00:00+0200,109.847,MW,NL,NL,actual_solar_generation,Solar | Actual Aggregated,2026-09-20T06:27:59Z
2026-09-20T06:27:27Z,2026-09-20T08:27:27+0200,5dd01d44-5791-4b31-82b5-fd0ca25cd855,2026-09-16T14:00:00Z,2026-09-16T16:00:00+0200,0.0,MW,NL,NL,actual_solar_generation,Solar | Actual Consumption,2026-09-20T06:27:59Z
2026-09-20T06:27:27Z,2026-09-20T08:27:27+0200,5dd01d44-5791-4b31-82b5-fd0ca25cd855,2026-09-16T14:15:00Z,2026-09-16T16:15:00+0200,136.981,MW,NL,NL,actual_solar_generation,Solar | Actual Aggregated,2026-09-20T06:27:59Z
2026-09-20T06:27:27Z,2026-09-20T08:27:27+0200,5dd01d44-5791-4b31-82b5-fd0ca25cd855,2026-09-16T14:15:00Z,2026-09-16T16:15:00+0200,0.0,MW,NL,NL,actual_solar_generation,Solar | Actual Consumption,2026-09-20T06:27:59Z
2026-09-20T06:27:27Z,2026-09-20T08:27:27+0200,5dd01d44-5791-4b31-82b5-fd0ca25cd855,2026-09-16T14:30:00Z,2026-09-16T16:30:00+0200,99.255,MW,NL,NL,actual_solar_generation,Solar | Actual Aggregated,2026-09-20T06:27:59Z
2026-09-20T06:27:27Z,2026-09-20T08:27:27+0200,5dd01d44-5791-4b31-82b5-fd0ca25cd855,2026-09-16T14:30:00Z,2026-09-16T16:30:00+0200,0.0,MW,NL,NL,actual_solar_generation,Solar | Actual Consumption,2026-09-20T06:27:59Z
2026-09-20T06:27:27Z,2026-09-20T08:27:27+0200,5dd01d44-5791-4b31-82b5-fd0ca25cd855,2026-09-16T14:45:00Z,2026-09-16T16:45:00+0200,91.842,MW,NL,NL,actual_solar_generation,Solar | Actual Aggregated,2026-09-20T06:27:59Z
2026-09-20T06:27:27Z,2026-09-20T08:27:27+0200,5dd01d44-5791-4b31-82b5-fd0ca25cd855,2026-09-16T14:45:00Z,2026-09-16T16:45:00+0200,0.0,MW,NL,NL,actual_solar_generation,Solar | Actual Consumption,2026-09-20T06:27:59Z
2026-09-20T06:27:27Z,2026-09-20T08:27:27+0200,5dd01d44-5791-4b31-82b5-fd0ca25cd855,2026-09-16T15:00:00Z,2026-09-16T17:00:00+0200,72.356,MW,NL,NL,actual_solar_generation,Solar | Actual Aggregated,2026-09-20T06:27:59Z
2026-09-20T06:27:27Z,2026-09-20T08:27:27+0200,5dd01d44-5791-4b31-82b5-fd0ca25cd855,2026-09-16T15:00:00Z,2026-09-16T17:00:00+0200,0.0,MW,NL,NL,actual_solar_generation,Solar | Actual Consumption,2026-09-20T06:27:59Z
2026-09-20T06:27:27Z,2026-09-20T08:27:27+0200,5dd01d44-5791-4b31-82b5-fd0ca25cd855,2026-09-16T15:15:00Z,2026-09-16T17:15:00+0200,83.934,MW,NL,NL,actual_solar_generation,Solar | Actual Aggregated,2026-09-20T06:27:59Z
2026-09-20T06:27:27Z,2026-09-20T08:27:27+0200,5dd01d44-5791-4b31-82b5-fd0ca25cd855,2026-09-16T15:15:00Z,2026-09-16T17:15:00+0200,0.0,MW,NL,NL,actual_solar_generation,Solar | Actual Consumption,2026-09-20T06:27:59Z
2026-09-20T06:27:27Z,2026-09-20T08:27:27+0200,5dd01d44-5791-4b31-82b5-fd0ca25cd855,2026-09-16T15:30:00Z,2026-09-16T17:30:00+0200,85.973,MW,NL,NL,actual_solar_generation,Solar | Actual Aggregated,2026-09-20T06:27:59Z
2026-09-20T06:27:27Z,2026-09-20T08:27:27+0200,5dd01d44-5791-4b31-82b5-fd0ca25cd855,2026-09-16T15:30:00Z,2026-09-16T17:30:00+0200,0.0,MW,NL,NL,actual_solar_generation,Solar | Actual Consumption,2026-09-20T06:27:59Z
2026-09-20T06:27:27Z,2026-09-20T08:27:27+0200,5dd01d44-5791-4b31-82b5-fd0ca25cd855,2026-09-16T15:45:00Z,2026-09-16T17:45:00+0200,59.281,MW,NL,NL,actual_solar_generation,Solar | Actual Aggregated,2026-09-20T06:27:59Z
2026-09-20T06:27:27Z,2026-09-20T08:27:27+0200,5dd01d44-5791-4b31-82b5-fd0ca25cd855,2026-09-16T15:45:00Z,2026-09-16T17:45:00+0200,0.0,MW,NL,NL,actual_solar_generation,Solar | Actual Consumption,2026-09-20T06:27:59Z
2026-09-20T06:27:27Z,2026-09-20T08:27:27+0200,5dd01d44-5791-4b31-82b5-fd0ca25cd855,2026-09-16T16:00:00Z,2026-09-16T18:00:00+0200,44.407,MW,NL,NL,actual_solar_generation,Solar | Actual Aggregated,2026-09-20T06:27:59Z
2026-09-20T06:27:27Z,2026-09-20T08:27:27+0200,5dd01d44-5791-4b31-82b5-fd0ca25cd855,2026-09-16T16:00:00Z,2026-09-16T18:00:00+0200,0.0,MW,NL,NL,actual_solar_generation,Solar | Actual Consumption,2026-09-20T06:27:59Z
2026-09-20T06:27:27Z,2026-09-20T08:27:27+0200,5dd01d44-5791-4b31-82b5-fd0ca25cd855,2026-09-16T16:15:00Z,2026-09-16T18:15:00+0200,39.89,MW,NL,NL,actual_solar_generation,Solar | Actual Aggregated,2026-09-20T06:27:59Z
2026-09-20T06:27:27Z,2026-09-20T08:27:27+0200,5dd01d44-5791-4b31-82b5-fd0ca25cd855,2026-09-16T16:15:00Z,2026-09-16T18:15:00+0200,0.0,MW,NL,NL,actual_solar_generation,Solar | Actual Consumption,2026-09-20T06:27:59Z
2026-09-20T06:27:27Z,2026-09-20T08:27:27+0200,5dd01d44-5791-4b31-82b5-fd0ca25cd855,2026-09-16T16:30:00Z,2026-09-16T18:30:00+0200,22.087,MW,NL,NL,actual_solar_generation,Solar | Actual Aggregated,2026-09-20T06:27:59Z
2026-09-20T06:27:27Z,2026-09-20T08:27:27+0200,5dd01d44-5791-4b31-82b5-fd0ca25cd855,2026-09-16T16:30:00Z,2026-09-16T18:30:00+0200,0.0,MW,NL,NL,actual_solar_generation,Solar | Actual Consumption,2026-09-20T06:27:59Z
2026-09-20T06:27:27Z,2026-09-20T08:27:27+0200,5dd01d44-5791-4b31-82b5-fd0ca25cd855,2026-09-16T16:45:00Z,2026-09-16T18:45:00+0200,12.36,MW,NL,NL,actual_solar_generation,Solar | Actual Aggregated,2026-09-20T06:27:59Z
2026-09-20T06:27:27Z,2026-09-20T08:27:27+0200,5dd01d44-5791-4b31-82b5-fd0ca25cd855,2026-09-16T16:45:00Z,2026-09-16T18:45:00+0200,0.0,MW,NL,NL,actual_solar_generation,Solar | Actual Consumption,2026-09-20T06:27:59Z
2026-09-20T06:27:27Z,2026-09-20T08:27:27+0200,5dd01d44-5791-4b31-82b5-fd0ca25cd855,2026-09-16T17:00:00Z,2026-09-16T19:00:00+0200,7.622,MW,NL,NL,actual_solar_generation,Solar | Actual Aggregated,2026-09-20T06:27:59Z
2026-09-20T06:27:27Z,2026-09-20T08:27:27+0200,5dd01d44-5791-4b31-82b5-fd0ca25cd855,2026-09-16T17:00:00Z,2026-09-16T19:00:00+0200,0.0,MW,NL,NL,actual_solar_generation,Solar | Actual Consumption,2026-09-20T06:27:59Z
2026-09-20T06:27:27Z,2026-09-20T08:27:27+0200,5dd01d44-5791-4b31-82b5-fd0ca25cd855,2026-09-16T17:15:00Z,2026-09-16T19:15:00+0200,5.233,MW,NL,NL,actual_solar_generation,Solar | Actual Aggregated,2026-09-20T06:27:59Z
2026-09-20T06:27:27Z,2026-09-20T08:27:27+0200,5dd01d44-5791-4b31-82b5-fd0ca25cd855,2026-09-16T17:15:00Z,2026-09-16T19:15:00+0200,0.0,MW,NL,NL,actual_solar_generation,Solar | Actual Consumption,2026-09-20T06:27:59Z
2026-09-20T06:27:27Z,2026-09-20T08:27:27+0200,5dd01d44-5791-4b31-82b5-fd0ca25cd855,2026-09-16T17:30:00Z,2026-09-16T19:30:00+0200,0.293,MW,NL,NL,actual_solar_generation,Solar | Actual Aggregated,2026-09-20T06:27:59Z
2026-09-20T06:27:27Z,2026-09-20T08:27:27+0200,5dd01d44-5791-4b31-82b5-fd0ca25cd855,2026-09-16T17:30:00Z,2026-09-16T19:30:00+0200,0.0,MW,NL,NL,actual_solar_generation,Solar | Actual Consumption,2026-09-20T06:27:59Z
2026-09-20T06:27:27Z,2026-09-20T08:27:27+0200,5dd01d44-5791-4b31-82b5-fd0ca25cd855,2026-09-16T17:45:00Z,2026-09-16T19:45:00+0200,0.0,MW,NL,NL,actual_solar_generation,Solar | Actual Aggregated,2026-09-20T06:27:59Z
2026-09-20T06:27:27Z,2026-09-20T08:27:27+0200,5dd01d44-5791-4b31-82b5-fd0ca25cd855,2026-09-16T17:45:00Z,2026-09-16T19:45:00+0200,1.029,MW,NL,NL,actual_solar_generation,Solar | Actual Consumption,2026-09-20T06:27:59Z
2026-09-20T06:27:27Z,2026-09-20T08:27:27+0200,5dd01d44-5791-4b31-82b5-fd0ca25cd855,2026-09-16T18:00:00Z,2026-09-16T20:00:00+0200,0.0,MW,NL,NL,actual_solar_generation,Solar | Actual Aggregated,2026-09-20T06:27:59Z
2026-09-20T06:27:27Z,2026-09-20T08:27:27+0200,5dd01d44-5791-4b31-82b5-fd0ca25cd855,2026-09-16T18:00:00Z,2026-09-16T20:00:00+0200,0.122,MW,NL,NL,actual_solar_generation,Solar | Actual Consumption,2026-09-20T06:27:59Z
2026-09-20T06:27:27Z,2026-09-20T08:27:27+0200,5dd01d44-5791-4b31-82b5-fd0ca25cd855,2026-09-16T18:15:00Z,2026-09-16T20:15:00+0200,0.0,MW,NL,NL,actual_solar_generation,Solar | Actual Aggregated,2026-09-20T06:27:59Z
2026-09-20T06:27:27Z,2026-09-20T08:27:27+0200,5dd01d44-5791-4b31-82b5-fd0ca25cd855,2026-09-16T18:15:00Z,2026-09-16T20:15:00+0200,0.122,MW,NL,NL,actual_solar_generation,Solar | Actual Consumption,2026-09-20T06:27:59Z
2026-09-20T06:27:27Z,2026-09-20T08:27:27+0200,5dd01d44-5791-4b31-82b5-fd0ca25cd855,2026-09-16T18:30:00Z,2026-09-16T20:30:00+0200,0.0,MW,NL,NL,actual_solar_generation,Solar | Actual Aggregated,2026-09-20T06:27:59Z
2026-09-20T06:27:27Z,2026-09-20T08:27:27+0200,5dd01d44-5791-4b31-82b5-fd0ca25cd855,2026-09-16T18:30:00Z,2026-09-16T20:30:00+0200,0.122,MW,NL,NL,actual_solar_generation,Solar | Actual Consumption,2026-09-20T06:27:59Z
2026-09-20T06:27:27Z,2026-09-20T08:27:27+0200,5dd01d44-5791-4b31-82b5-fd0ca25cd855,2026-09-16T18:45:00Z,2026-09-16T20:45:00+0200,0.0,MW,NL,NL,actual_solar_generation,Solar | Actual Aggregated,2026-09-20T06:27:59Z
2026-09-20T06:27:27Z,2026-09-20T08:27:27+0200,5dd01d44-5791-4b31-82b5-fd0ca25cd855,2026-09-16T18:45:00Z,2026-09-16T20:45:00+0200,0.122,MW,NL,NL,actual_solar_generation,Solar | Actual Consumption,2026-09-20T06:27:59Z
2026-09-20T06:27:27Z,2026-09-20T08:27:27+0200,5dd01d44-5791-4b31-82b5-fd0ca25cd855,2026-09-16T19:00:00Z,2026-09-16T21:00:00+0200,0.0,MW,NL,NL,actual_solar_generation,Solar | Actual Aggregated,2026-09-20T06:27:59Z
2026-09-20T06:27:27Z,2026-09-20T08:27:27+0200,5dd01d44-5791-4b31-82b5-fd0ca25cd855,2026-09-16T19:00:00Z,2026-09-16T21:00:00+0200,0.122,MW,NL,NL,actual_solar_generation,Solar | Actual Consumption,2026-09-20T06:27:59Z
2026-09-20T06:27:27Z,2026-09-20T08:27:27+0200,5dd01d44-5791-4b31-82b5-fd0ca25cd855,2026-09-16T19:15:00Z,2026-09-16T21:15:00+0200,0.0,MW,NL,NL,actual_solar_generation,Solar | Actual Aggregated,2026-09-20T06:27:59Z
2026-09-20T06:27:27Z,2026-09-20T08:27:27+0200,5dd01d44-5791-4b31-82b5-fd0ca25cd855,2026-09-16T19:15:00Z,2026-09-16T21:15:00+0200,0.122,MW,NL,NL,actual_solar_generation,Solar | Actual Consumption,2026-09-20T06:27:59Z
2026-09-20T06:27:27Z,2026-09-20T08:27:27+0200,5dd01d44-5791-4b31-82b5-fd0ca25cd855,2026-09-16T19:30:00Z,2026-09-16T21:30:00+0200,0.0,MW,NL,NL,actual_solar_generation,Solar | Actual Aggregated,2026-09-20T06:27:59Z
2026-09-20T06:27:27Z,2026-09-20T08:27:27+0200,5dd01d44-5791-4b31-82b5-fd0ca25cd855,2026-09-16T19:30:00Z,2026-09-16T21:30:00+0200,0.122,MW,NL,NL,actual_solar_generation,Solar | Actual Consumption,2026-09-20T06:27:59Z
2026-09-20T06:27:27Z,2026-09-20T08:27:27+0200,5dd01d44-5791-4b31-82b5-fd0ca25cd855,2026-09-16T19:45:00Z,2026-09-16T21:45:00+0200,0.0,MW,NL,NL,actual_solar_generation,Solar | Actual Aggregated,2026-09-20T06:27:59Z
2026-09-20T06:27:27Z,2026-09-20T08:27:27+0200,5dd01d44-5791-4b31-82b5-fd0ca25cd855,2026-09-16T19:45:00Z,2026-09-16T21:45:00+0200,0.122,MW,NL,NL,actual_solar_generation,Solar | Actual Consumption,2026-09-20T06:27:59Z
2026-09-20T06:27:27Z,2026-09-20T08:27:27+0200,5dd01d44-5791-4b31-82b5-fd0ca25cd855,2026-09-16T20:00:00Z,2026-09-16T22:00:00+0200,0.0,MW,NL,NL,actual_solar_generation,Solar | Actual Aggregated,2026-09-20T06:27:59Z
2026-09-20T06:27:27Z,2026-09-20T08:27:27+0200,5dd01d44-5791-4b31-82b5-fd0ca25cd855,2026-09-16T20:00:00Z,2026-09-16T22:00:00+0200,0.122,MW,NL,NL,actual_solar_generation,Solar | Actual Consumption,2026-09-20T06:27:59Z
2026-09-20T06:27:27Z,2026-09-20T08:27:27+0200,5dd01d44-5791-4b31-82b5-fd0ca25cd855,2026-09-16T20:15:00Z,2026-09-16T22:15:00+0200,0.0,MW,NL,NL,actual_solar_generation,Solar | Actual Aggregated,2026-09-20T06:27:59Z
2026-09-20T06:27:27Z,2026-09-20T08:27:27+0200,5dd01d44-5791-4b31-82b5-fd0ca25cd855,2026-09-16T20:15:00Z,2026-09-16T22:15:00+0200,0.127,MW,NL,NL,actual_solar_generation,Solar | Actual Consumption,2026-09-20T06:27:59Z
2026-09-20T06:27:27Z,2026-09-20T08:27:27+0200,5dd01d44-5791-4b31-82b5-fd0ca25cd855,2026-09-16T20:30:00Z,2026-09-16T22:30:00+0200,0.0,MW,NL,NL,actual_solar_generation,Solar | Actual Aggregated,2026-09-20T06:27:59Z
2026-09-20T06:27:27Z,2026-09-20T08:27:27+0200,5dd01d44-5791-4b31-82b5-fd0ca25cd855,2026-09-16T20:30:00Z,2026-09-16T22:30:00+0200,0.126,MW,NL,NL,actual_solar_generation,Solar | Actual Consumption,2026-09-20T06:27:59Z
2026-09-20T06:27:27Z,2026-09-20T08:27:27+0200,5dd01d44-5791-4b31-82b5-fd0ca25cd855,2026-09-16T20:45:00Z,2026-09-16T22:45:00+0200,0.0,MW,NL,NL,actual_solar_generation,Solar | Actual Aggregated,2026-09-20T06:27:59Z
2026-09-20T06:27:27Z,2026-09-20T08:27:27+0200,5dd01d44-5791-4b31-82b5-fd0ca25cd855,2026-09-16T20:45:00Z,2026-09-16T22:45:00+0200,0.11,MW,NL,NL,actual_solar_generation,Solar | Actual Consumption,2026-09-20T06:27:59Z
2026-09-20T06:27:27Z,2026-09-20T08:27:27+0200,5dd01d44-5791-4b31-82b5-fd0ca25cd855,2026-09-16T21:00:00Z,2026-09-16T23:00:00+0200,0.0,MW,NL,NL,actual_solar_generation,Solar | Actual Aggregated,2026-09-20T06:27:59Z
2026-09-20T06:27:27Z,2026-09-20T08:27:27+0200,5dd01d44-5791-4b31-82b5-fd0ca25cd855,2026-09-16T21:00:00Z,2026-09-16T23:00:00+0200,0.117,MW,NL,NL,actual_solar_generation,Solar | Actual Consumption,2026-09-20T06:27:59Z
2026-09-20T06:27:27Z,2026-09-20T08:27:27+0200,5dd01d44-5791-4b31-82b5-fd0ca25cd855,2026-09-16T21:15:00Z,2026-09-16T23:15:00+0200,0.0,MW,NL,NL,actual_solar_generation,Solar | Actual Aggregated,2026-09-20T06:27:59Z
2026-09-20T06:27:27Z,2026-09-20T08:27:27+0200,5dd01d44-5791-4b31-82b5-fd0ca25cd855,2026-09-16T21:15:00Z,2026-09-16T23:15:00+0200,0.119,MW,NL,NL,actual_solar_generation,Solar | Actual Consumption,2026-09-20T06:27:59Z
2026-09-20T06:27:27Z,2026-09-20T08:27:27+0200,5dd01d44-5791-4b31-82b5-fd0ca25cd855,2026-09-16T21:30:00Z,2026-09-16T23:30:00+0200,0.0,MW,NL,NL,actual_solar_generation,Solar | Actual Aggregated,2026-09-20T06:27:59Z
2026-09-20T06:27:27Z,2026-09-20T08:27:27+0200,5dd01d44-5791-4b31-82b5-fd0ca25cd855,2026-09-16T21:30:00Z,2026-09-16T23:30:00+0200,0.119,MW,NL,NL,actual_solar_generation,Solar | Actual Consumption,2026-09-20T06:27:59Z
2026-09-20T06:27:27Z,2026-09-20T08:27:27+0200,5dd01d44-5791-4b31-82b5-fd0ca25cd855,2026-09-16T21:45:00Z,2026-09-16T23:45:00+0200,0.0,MW,NL,NL,actual_solar_generation,Solar | Actual Aggregated,2026-09-20T06:27:59Z
2026-09-20T06:27:27Z,2026-09-20T08:27:27+0200,5dd01d44-5791-4b31-82b5-fd0ca25cd855,2026-09-16T21:45:00Z,2026-09-16T23:45:00+0200,0.128,MW,NL,NL,actual_solar_generation,Solar | Actual Consumption,2026-09-20T06:27:59Z
2026-09-20T06:27:27Z,2026-09-20T08:27:27+0200,5dd01d44-5791-4b31-82b5-fd0ca25cd855,2026-09-16T22:00:00Z,2026-09-17T00:00:00+0200,0.0,MW,NL,NL,actual_solar_generation,Solar | Actual Aggregated,2026-09-20T06:27:59Z
2026-09-20T06:27:27Z,2026-09-20T08:27:27+0200,5dd01d44-5791-4b31-82b5-fd0ca25cd855,2026-09-16T22:00:00Z,2026-09-17T00:00:00+0200,0.132,MW,NL,NL,actual_solar_generation,Solar | Actual Consumption,2026-09-20T06:27:59Z
2026-09-20T06:27:27Z,2026-09-20T08:27:27+0200,5dd01d44-5791-4b31-82b5-fd0ca25cd855,2026-09-16T22:15:00Z,2026-09-17T00:15:00+0200,0.0,MW,NL,NL,actual_solar_generation,Solar | Actual Aggregated,2026-09-20T06:27:59Z
2026-09-20T06:27:27Z,2026-09-20T08:27:27+0200,5dd01d44-5791-4b31-82b5-fd0ca25cd855,2026-09-16T22:15:00Z,2026-09-17T00:15:00+0200,0.122,MW,NL,NL,actual_solar_generation,Solar | Actual Consumption,2026-09-20T06:27:59Z
2026-09-20T06:27:27Z,2026-09-20T08:27:27+0200,5dd01d44-5791-4b31-82b5-fd0ca25cd855,2026-09-16T22:30:00Z,2026-09-17T00:30:00+0200,0.0,MW,NL,NL,actual_solar_generation,Solar | Actual Aggregated,2026-09-20T06:27:59Z
2026-09-20T06:27:27Z,2026-09-20T08:27:27+0200,5dd01d44-5791-4b31-82b5-fd0ca25cd855,2026-09-16T22:30:00Z,2026-09-17T00:30:00+0200,0.122,MW,NL,NL,actual_solar_generation,Solar | Actual Consumption,2026-09-20T06:27:59Z
2026-09-20T06:27:27Z,2026-09-20T08:27:27+0200,5dd01d44-5791-4b31-82b5-fd0ca25cd855,2026-09-16T22:45:00Z,2026-09-17T00:45:00+0200,0.0,MW,NL,NL,actual_solar_generation,Solar | Actual Aggregated,2026-09-20T06:27:59Z
2026-09-20T06:27:27Z,2026-09-20T08:27:27+0200,5dd01d44-5791-4b31-82b5-fd0ca25cd855,2026-09-16T22:45:00Z,2026-09-17T00:45:00+0200,0.122,MW,NL,NL,actual_solar_generation,Solar | Actual Consumption,2026-09-20T06:27:59Z
2026-09-20T06:27:27Z,2026-09-20T08:27:27+0200,5dd01d44-5791-4b31-82b5-fd0ca25cd855,2026-09-16T23:00:00Z,2026-09-17T01:00:00+0200,0.0,MW,NL,NL,actual_solar_generation,Solar | Actual Aggregated,2026-09-20T06:27:59Z
2026-09-20T06:27:27Z,2026-09-20T08:27:27+0200,5dd01d44-5791-4b31-82b5-fd0ca25cd855,2026-09-16T23:00:00Z,2026-09-17T01:00:00+0200,0.122,MW,NL,NL,actual_solar_generation,Solar | Actual Consumption,2026-09-20T06:27:59Z
2026-09-20T06:27:27Z,2026-09-20T08:27:27+0200,5dd01d44-5791-4b31-82b5-fd0ca25cd855,2026-09-16T23:15:00Z,2026-09-17T01:15:00+0200,0.0,MW,NL,NL,actual_solar_generation,Solar | Actual Aggregated,2026-09-20T06:27:59Z
2026-09-20T06:27:27Z,2026-09-20T08:27:27+0200,5dd01d44-5791-4b31-82b5-fd0ca25cd855,2026-09-16T23:15:00Z,2026-09-17T01:15:00+0200,0.122,MW,NL,NL,actual_solar_generation,Solar | Actual Consumption,2026-09-20T06:27:59Z
2026-09-20T06:27:27Z,2026-09-20T08:27:27+0200,5dd01d44-5791-4b31-82b5-fd0ca25cd855,2026-09-16T23:30:00Z,2026-09-17T01:30:00+0200,0.0,MW,NL,NL,actual_solar_generation,Solar | Actual Aggregated,2026-09-20T06:27:59Z
2026-09-20T06:27:27Z,2026-09-20T08:27:27+0200,5dd01d44-5791-4b31-82b5-fd0ca25cd855,2026-09-16T23:30:00Z,2026-09-17T01:30:00+0200,0.122,MW,NL,NL,actual_solar_generation,Solar | Actual Consumption,2026-09-20T06:27:59Z
2026-09-20T06:27:27Z,2026-09-20T08:27:27+0200,5dd01d44-5791-4b31-82b5-fd0ca25cd855,2026-09-16T23:45:00Z,2026-09-17T01:45:00+0200,0.0,MW,NL,NL,actual_solar_generation,Solar | Actual Aggregated,2026-09-20T06:27:59Z
2026-09-20T06:27:27Z,2026-09-20T08:27:27+0200,5dd01d44-5791-4b31-82b5-fd0ca25cd855,2026-09-16T23:45:00Z,2026-09-17T01:45:00+0200,0.122,MW,NL,NL,actual_solar_generation,Solar | Actual Consumption,2026-09-20T06:27:59Z
2026-09-20T06:27:27Z,2026-09-20T08:27:27+0200,5dd01d44-5791-4b31-82b5-fd0ca25cd855,2026-09-17T00:00:00Z,2026-09-17T02:00:00+0200,0.0,MW,NL,NL,actual_solar_generation,Solar | Actual Aggregated,2026-09-20T06:27:59Z
2026-09-20T06:27:27Z,2026-09-20T08:27:27+0200,5dd01d44-5791-4b31-82b5-fd0ca25cd855,2026-09-17T00:00:00Z,2026-09-17T02:00:00+0200,0.13,MW,NL,NL,actual_solar_generation,Solar | Actual Consumption,2026-09-20T06:27:59Z
2026-09-20T06:27:27Z,2026-09-20T08:27:27+0200,5dd01d44-5791-4b31-82b5-fd0ca25cd855,2026-09-17T00:15:00Z,2026-09-17T02:15:00+0200,0.0,MW,NL,NL,actual_solar_generation,Solar | Actual Aggregated,2026-09-20T06:27:59Z
2026-09-20T06:27:27Z,2026-09-20T08:27:27+0200,5dd01d44-5791-4b31-82b5-fd0ca25cd855,2026-09-17T00:15:00Z,2026-09-17T02:15:00+0200,0.133,MW,NL,NL,actual_solar_generation,Solar | Actual Consumption,2026-09-20T06:27:59Z
2026-09-20T06:27:27Z,2026-09-20T08:27:27+0200,5dd01d44-5791-4b31-82b5-fd0ca25cd855,2026-09-17T00:30:00Z,2026-09-17T02:30:00+0200,0.0,MW,NL,NL,actual_solar_generation,Solar | Actual Aggregated,2026-09-20T06:27:59Z
2026-09-20T06:27:27Z,2026-09-20T08:27:27+0200,5dd01d44-5791-4b31-82b5-fd0ca25cd855,2026-09-17T00:30:00Z,2026-09-17T02:30:00+0200,0.13,MW,NL,NL,actual_solar_generation,Solar | Actual Consumption,2026-09-20T06:27:59Z
2026-09-20T06:27:27Z,2026-09-20T08:27:27+0200,5dd01d44-5791-4b31-82b5-fd0ca25cd855,2026-09-17T00:45:00Z,2026-09-17T02:45:00+0200,0.0,MW,NL,NL,actual_solar_generation,Solar | Actual Aggregated,2026-09-20T06:27:59Z
2026-09-20T06:27:27Z,2026-09-20T08:27:27+0200,5dd01d44-5791-4b31-82b5-fd0ca25cd855,2026-09-17T00:45:00Z,2026-09-17T02:45:00+0200,0.13,MW,NL,NL,actual_solar_generation,Solar | Actual Consumption,2026-09-20T06:27:59Z
2026-09-20T06:27:27Z,2026-09-20T08:27:27+0200,5dd01d44-5791-4b31-82b5-fd0ca25cd855,2026-09-17T01:00:00Z,2026-09-17T03:00:00+0200,0.0,MW,NL,NL,actual_solar_generation,Solar | Actual Aggregated,2026-09-20T06:27:59Z
2026-09-20T06:27:27Z,2026-09-20T08:27:27+0200,5dd01d44-5791-4b31-82b5-fd0ca25cd855,2026-09-17T01:00:00Z,2026-09-17T03:00:00+0200,0.125,MW,NL,NL,actual_solar_generation,Solar | Actual Consumption,2026-09-20T06:27:59Z
2026-09-20T06:27:27Z,2026-09-20T08:27:27+0200,5dd01d44-5791-4b31-82b5-fd0ca25cd855,2026-09-17T01:15:00Z,2026-09-17T03:15:00+0200,0.0,MW,NL,NL,actual_solar_generation,Solar | Actual Aggregated,2026-09-20T06:27:59Z
2026-09-20T06:27:27Z,2026-09-20T08:27:27+0200,5dd01d44-5791-4b31-82b5-fd0ca25cd855,2026-09-17T01:15:00Z,2026-09-17T03:15:00+0200,0.123,MW,NL,NL,actual_solar_generation,Solar | Actual Consumption,2026-09-20T06:27:59Z
2026-09-20T06:27:27Z,2026-09-20T08:27:27+0200,5dd01d44-5791-4b31-82b5-fd0ca25cd855,2026-09-17T01:30:00Z,2026-09-17T03:30:00+0200,0.0,MW,NL,NL,actual_solar_generation,Solar | Actual Aggregated,2026-09-20T06:27:59Z
2026-09-20T06:27:27Z,2026-09-20T08:27:27+0200,5dd01d44-5791-4b31-82b5-fd0ca25cd855,2026-09-17T01:30:00Z,2026-09-17T03:30:00+0200,0.132,MW,NL,NL,actual_solar_generation,Solar | Actual Consumption,2026-09-20T06:27:59Z
2026-09-20T06:27:27Z,2026-09-20T08:27:27+0200,5dd01d44-5791-4b31-82b5-fd0ca25cd855,2026-09-17T01:45:00Z,2026-09-17T03:45:00+0200,0.0,MW,NL,NL,actual_solar_generation,Solar | Actual Aggregated,2026-09-20T06:27:59Z
2026-09-20T06:27:27Z,2026-09-20T08:27:27+0200,5dd01d44-5791-4b31-82b5-fd0ca25cd855,2026-09-17T01:45:00Z,2026-09-17T03:45:00+0200,0.116,MW,NL,NL,actual_solar_generation,Solar | Actual Consumption,2026-09-20T06:27:59Z
2026-09-20T06:27:27Z,2026-09-20T08:27:27+0200,5dd01d44-5791-4b31-82b5-fd0ca25cd855,2026-09-17T02:00:00Z,2026-09-17T04:00:00+0200,0.0,MW,NL,NL,actual_solar_generation,Solar | Actual Aggregated,2026-09-20T06:27:59Z
2026-09-20T06:27:27Z,2026-09-20T08:27:27+0200,5dd01d44-5791-4b31-82b5-fd0ca25cd855,2026-09-17T02:00:00Z,2026-09-17T04:00:00+0200,0.125,MW,NL,NL,actual_solar_generation,Solar | Actual Consumption,2026-09-20T06:27:59Z
2026-09-20T06:27:27Z,2026-09-20T08:27:27+0200,5dd01d44-5791-4b31-82b5-fd0ca25cd855,2026-09-17T02:15:00Z,2026-09-17T04:15:00+0200,0.0,MW,NL,NL,actual_solar_generation,Solar | Actual Aggregated,2026-09-20T06:27:59Z
2026-09-20T06:27:27Z,2026-09-20T08:27:27+0200,5dd01d44-5791-4b31-82b5-fd0ca25cd855,2026-09-17T02:15:00Z,2026-09-17T04:15:00+0200,0.129,MW,NL,NL,actual_solar_generation,Solar | Actual Consumption,2026-09-20T06:27:59Z
2026-09-20T06:27:27Z,2026-09-20T08:27:27+0200,5dd01d44-5791-4b31-82b5-fd0ca25cd855,2026-09-17T02:30:00Z,2026-09-17T04:30:00+0200,0.0,MW,NL,NL,actual_solar_generation,Solar | Actual Aggregated,2026-09-20T06:27:59Z
2026-09-20T06:27:27Z,2026-09-20T08:27:27+0200,5dd01d44-5791-4b31-82b5-fd0ca25cd855,2026-09-17T02:30:00Z,2026-09-17T04:30:00+0200,0.112,MW,NL,NL,actual_solar_generation,Solar | Actual Consumption,2026-09-20T06:27:59Z
2026-09-20T06:27:27Z,2026-09-20T08:27:27+0200,5dd01d44-5791-4b31-82b5-fd0ca25cd855,2026-09-17T02:45:00Z,2026-09-17T04:45:00+0200,0.0,MW,NL,NL,actual_solar_generation,Solar | Actual Aggregated,2026-09-20T06:27:59Z
2026-09-20T06:27:27Z,2026-09-20T08:27:27+0200,5dd01d44-5791-4b31-82b5-fd0ca25cd855,2026-09-17T02:45:00Z,2026-09-17T04:45:00+0200,0.128,MW,NL,NL,actual_solar_generation,Solar | Actual Consumption,2026-09-20T06:27:59Z
2026-09-20T06:27:27Z,2026-09-20T08:27:27+0200,5dd01d44-5791-4b31-82b5-fd0ca25cd855,2026-09-17T03:00:00Z,2026-09-17T05:00:00+0200,0.0,MW,NL,NL,actual_solar_generation,Solar | Actual Aggregated,2026-09-20T06:27:59Z
2026-09-20T06:27:27Z,2026-09-20T08:27:27+0200,5dd01d44-5791-4b31-82b5-fd0ca25cd855,2026-09-17T03:00:00Z,2026-09-17T05:00:00+0200,0.128,MW,NL,NL,actual_solar_generation,Solar | Actual Consumption,2026-09-20T06:27:59Z
2026-09-20T06:27:27Z,2026-09-20T08:27:27+0200,5dd01d44-5791-4b31-82b5-fd0ca25cd855,2026-09-17T03:15:00Z,2026-09-17T05:15:00+0200,0.0,MW,NL,NL,actual_solar_generation,Solar | Actual Aggregated,2026-09-20T06:27:59Z
2026-09-20T06:27:27Z,2026-09-20T08:27:27+0200,5dd01d44-5791-4b31-82b5-fd0ca25cd855,2026-09-17T03:15:00Z,2026-09-17T05:15:00+0200,0.123,MW,NL,NL,actual_solar_generation,Solar | Actual Consumption,2026-09-20T06:27:59Z
2026-09-20T06:27:27Z,2026-09-20T08:27:27+0200,5dd01d44-5791-4b31-82b5-fd0ca25cd855,2026-09-17T03:30:00Z,2026-09-17T05:30:00+0200,0.0,MW,NL,NL,actual_solar_generation,Solar | Actual Aggregated,2026-09-20T06:27:59Z
2026-09-20T06:27:27Z,2026-09-20T08:27:27+0200,5dd01d44-5791-4b31-82b5-fd0ca25cd855,2026-09-17T03:30:00Z,2026-09-17T05:30:00+0200,0.123,MW,NL,NL,actual_solar_generation,Solar | Actual Consumption,2026-09-20T06:27:59Z
2026-09-20T06:27:27Z,2026-09-20T08:27:27+0200,5dd01d44-5791-4b31-82b5-fd0ca25cd855,2026-09-17T03:45:00Z,2026-09-17T05:45:00+0200,0.0,MW,NL,NL,actual_solar_generation,Solar | Actual Aggregated,2026-09-20T06:27:59Z
2026-09-20T06:27:27Z,2026-09-20T08:27:27+0200,5dd01d44-5791-4b31-82b5-fd0ca25cd855,2026-09-17T03:45:00Z,2026-09-17T05:45:00+0200,0.123,MW,NL,NL,actual_solar_generation,Solar | Actual Consumption,2026-09-20T06:27:59Z
2026-09-20T06:27:27Z,2026-09-20T08:27:27+0200,5dd01d44-5791-4b31-82b5-fd0ca25cd855,2026-09-17T04:00:00Z,2026-09-17T06:00:00+0200,0.0,MW,NL,NL,actual_solar_generation,Solar | Actual Aggregated,2026-09-20T06:27:59Z
2026-09-20T06:27:27Z,2026-09-20T08:27:27+0200,5dd01d44-5791-4b31-82b5-fd0ca25cd855,2026-09-17T04:00:00Z,2026-09-17T06:00:00+0200,0.123,MW,NL,NL,actual_solar_generation,Solar | Actual Consumption,2026-09-20T06:27:59Z
2026-09-20T06:27:27Z,2026-09-20T08:27:27+0200,5dd01d44-5791-4b31-82b5-fd0ca25cd855,2026-09-17T04:15:00Z,2026-09-17T06:15:00+0200,0.0,MW,NL,NL,actual_solar_generation,Solar | Actual Aggregated,2026-09-20T06:27:59Z
2026-09-20T06:27:27Z,2026-09-20T08:27:27+0200,5dd01d44-5791-4b31-82b5-fd0ca25cd855,2026-09-17T04:15:00Z,2026-09-17T06:15:00+0200,0.123,MW,NL,NL,actual_solar_generation,Solar | Actual Consumption,2026-09-20T06:27:59Z
2026-09-20T06:27:27Z,2026-09-20T08:27:27+0200,5dd01d44-5791-4b31-82b5-fd0ca25cd855,2026-09-17T04:30:00Z,2026-09-17T06:30:00+0200,0.0,MW,NL,NL,actual_solar_generation,Solar | Actual Aggregated,2026-09-20T06:27:59Z
2026-09-20T06:27:27Z,2026-09-20T08:27:27+0200,5dd01d44-5791-4b31-82b5-fd0ca25cd855,2026-09-17T04:30:00Z,2026-09-17T06:30:00+0200,0.123,MW,NL,NL,actual_solar_generation,Solar | Actual Consumption,2026-09-20T06:27:59Z
2026-09-20T06:27:27Z,2026-09-20T08:27:27+0200,5dd01d44-5791-4b31-82b5-fd0ca25cd855,2026-09-17T04:45:00Z,2026-09-17T06:45:00+0200,0.0,MW,NL,NL,actual_solar_generation,Solar | Actual Aggregated,2026-09-20T06:27:59Z
2026-09-20T06:27:27Z,2026-09-20T08:27:27+0200,5dd01d44-5791-4b31-82b5-fd0ca25cd855,2026-09-17T04:45:00Z,2026-09-17T06:45:00+0200,0.123,MW,NL,NL,actual_solar_generation,Solar | Actual Consumption,2026-09-20T06:27:59Z
2026-09-20T06:27:27Z,2026-09-20T08:27:27+0200,5dd01d44-5791-4b31-82b5-fd0ca25cd855,2026-09-17T05:00:00Z,2026-09-17T07:00:00+0200,0.215,MW,NL,NL,actual_solar_generation,Solar | Actual Aggregated,2026-09-20T06:27:59Z
2026-09-20T06:27:27Z,2026-09-20T08:27:27+0200,5dd01d44-5791-4b31-82b5-fd0ca25cd855,2026-09-17T05:00:00Z,2026-09-17T07:00:00+0200,0.123,MW,NL,NL,actual_solar_generation,Solar | Actual Consumption,2026-09-20T06:27:59Z
2026-09-20T06:27:27Z,2026-09-20T08:27:27+0200,5dd01d44-5791-4b31-82b5-fd0ca25cd855,2026-09-17T05:15:00Z,2026-09-17T07:15:00+0200,0.437,MW,NL,NL,actual_solar_generation,Solar | Actual Aggregated,2026-09-20T06:27:59Z
2026-09-20T06:27:27Z,2026-09-20T08:27:27+0200,5dd01d44-5791-4b31-82b5-fd0ca25cd855,2026-09-17T05:15:00Z,2026-09-17T07:15:00+0200,0.0,MW,NL,NL,actual_solar_generation,Solar | Actual Consumption,2026-09-20T06:27:59Z
2026-09-20T06:27:27Z,2026-09-20T08:27:27+0200,5dd01d44-5791-4b31-82b5-fd0ca25cd855,2026-09-17T05:30:00Z,2026-09-17T07:30:00+0200,3.725,MW,NL,NL,actual_solar_generation,Solar | Actual Aggregated,2026-09-20T06:27:59Z
2026-09-20T06:27:27Z,2026-09-20T08:27:27+0200,5dd01d44-5791-4b31-82b5-fd0ca25cd855,2026-09-17T05:30:00Z,2026-09-17T07:30:00+0200,0.0,MW,NL,NL,actual_solar_generation,Solar | Actual Consumption,2026-09-20T06:27:59Z
2026-09-20T06:27:27Z,2026-09-20T08:27:27+0200,5dd01d44-5791-4b31-82b5-fd0ca25cd855,2026-09-17T05:45:00Z,2026-09-17T07:45:00+0200,6.837,MW,NL,NL,actual_solar_generation,Solar | Actual Aggregated,2026-09-20T06:27:59Z
2026-09-20T06:27:27Z,2026-09-20T08:27:27+0200,5dd01d44-5791-4b31-82b5-fd0ca25cd855,2026-09-17T05:45:00Z,2026-09-17T07:45:00+0200,0.0,MW,NL,NL,actual_solar_generation,Solar | Actual Consumption,2026-09-20T06:27:59Z
2026-09-20T06:27:27Z,2026-09-20T08:27:27+0200,5dd01d44-5791-4b31-82b5-fd0ca25cd855,2026-09-17T06:00:00Z,2026-09-17T08:00:00+0200,7.164,MW,NL,NL,actual_solar_generation,Solar | Actual Aggregated,2026-09-20T06:27:59Z
2026-09-20T06:27:27Z,2026-09-20T08:27:27+0200,5dd01d44-5791-4b31-82b5-fd0ca25cd855,2026-09-17T06:00:00Z,2026-09-17T08:00:00+0200,0.0,MW,NL,NL,actual_solar_generation,Solar | Actual Consumption,2026-09-20T06:27:59Z
2026-09-20T06:27:27Z,2026-09-20T08:27:27+0200,5dd01d44-5791-4b31-82b5-fd0ca25cd855,2026-09-17T06:15:00Z,2026-09-17T08:15:00+0200,7.469,MW,NL,NL,actual_solar_generation,Solar | Actual Aggregated,2026-09-20T06:27:59Z
2026-09-20T06:27:27Z,2026-09-20T08:27:27+0200,5dd01d44-5791-4b31-82b5-fd0ca25cd855,2026-09-17T06:15:00Z,2026-09-17T08:15:00+0200,0.0,MW,NL,NL,actual_solar_generation,Solar | Actual Consumption,2026-09-20T06:27:59Z
2026-09-20T06:27:27Z,2026-09-20T08:27:27+0200,5dd01d44-5791-4b31-82b5-fd0ca25cd855,2026-09-17T06:30:00Z,2026-09-17T08:30:00+0200,12.827,MW,NL,NL,actual_solar_generation,Solar | Actual Aggregated,2026-09-20T06:27:59Z
2026-09-20T06:27:27Z,2026-09-20T08:27:27+0200,5dd01d44-5791-4b31-82b5-fd0ca25cd855,2026-09-17T06:30:00Z,2026-09-17T08:30:00+0200,0.0,MW,NL,NL,actual_solar_generation,Solar | Actual Consumption,2026-09-20T06:27:59Z
2026-09-20T06:27:27Z,2026-09-20T08:27:27+0200,5dd01d44-5791-4b31-82b5-fd0ca25cd855,2026-09-17T06:45:00Z,2026-09-17T08:45:00+0200,16.417,MW,NL,NL,actual_solar_generation,Solar | Actual Aggregated,2026-09-20T06:27:59Z
2026-09-20T06:27:27Z,2026-09-20T08:27:27+0200,5dd01d44-5791-4b31-82b5-fd0ca25cd855,2026-09-17T06:45:00Z,2026-09-17T08:45:00+0200,0.0,MW,NL,NL,actual_solar_generation,Solar | Actual Consumption,2026-09-20T06:27:59Z
2026-09-20T06:27:27Z,2026-09-20T08:27:27+0200,5dd01d44-5791-4b31-82b5-fd0ca25cd855,2026-09-17T07:00:00Z,2026-09-17T09:00:00+0200,17.132,MW,NL,NL,actual_solar_generation,Solar | Actual Aggregated,2026-09-20T06:27:59Z
2026-09-20T06:27:27Z,2026-09-20T08:27:27+0200,5dd01d44-5791-4b31-82b5-fd0ca25cd855,2026-09-17T07:00:00Z,2026-09-17T09:00:00+0200,0.0,MW,NL,NL,actual_solar_generation,Solar | Actual Consumption,2026-09-20T06:27:59Z
2026-09-20T06:27:27Z,2026-09-20T08:27:27+0200,5dd01d44-5791-4b31-82b5-fd0ca25cd855,2026-09-17T07:15:00Z,2026-09-17T09:15:00+0200,20.922,MW,NL,NL,actual_solar_generation,Solar | Actual Aggregated,2026-09-20T06:27:59Z
2026-09-20T06:27:27Z,2026-09-20T08:27:27+0200,5dd01d44-5791-4b31-82b5-fd0ca25cd855,2026-09-17T07:15:00Z,2026-09-17T09:15:00+0200,0.0,MW,NL,NL,actual_solar_generation,Solar | Actual Consumption,2026-09-20T06:27:59Z
2026-09-20T06:27:27Z,2026-09-20T08:27:27+0200,5dd01d44-5791-4b31-82b5-fd0ca25cd855,2026-09-17T07:30:00Z,2026-09-17T09:30:00+0200,29.495,MW,NL,NL,actual_solar_generation,Solar | Actual Aggregated,2026-09-20T06:27:59Z
2026-09-20T06:27:27Z,2026-09-20T08:27:27+0200,5dd01d44-5791-4b31-82b5-fd0ca25cd855,2026-09-17T07:30:00Z,2026-09-17T09:30:00+0200,0.0,MW,NL,NL,actual_solar_generation,Solar | Actual Consumption,2026-09-20T06:27:59Z
2026-09-20T06:27:27Z,2026-09-20T08:27:27+0200,5dd01d44-5791-4b31-82b5-fd0ca25cd855,2026-09-17T07:45:00Z,2026-09-17T09:45:00+0200,34.573,MW,NL,NL,actual_solar_generation,Solar | Actual Aggregated,2026-09-20T06:27:59Z
2026-09-20T06:27:27Z,2026-09-20T08:27:27+0200,5dd01d44-5791-4b31-82b5-fd0ca25cd855,2026-09-17T07:45:00Z,2026-09-17T09:45:00+0200,0.0,MW,NL,NL,actual_solar_generation,Solar | Actual Consumption,2026-09-20T06:27:59Z
2026-09-20T06:27:27Z,2026-09-20T08:27:27+0200,5dd01d44-5791-4b31-82b5-fd0ca25cd855,2026-09-17T08:00:00Z,2026-09-17T10:00:00+0200,54.755,MW,NL,NL,actual_solar_generation,Solar | Actual Aggregated,2026-09-20T06:27:59Z
2026-09-20T06:27:27Z,2026-09-20T08:27:27+0200,5dd01d44-5791-4b31-82b5-fd0ca25cd855,2026-09-17T08:00:00Z,2026-09-17T10:00:00+0200,0.0,MW,NL,NL,actual_solar_generation,Solar | Actual Consumption,2026-09-20T06:27:59Z
2026-09-20T06:27:27Z,2026-09-20T08:27:27+0200,5dd01d44-5791-4b31-82b5-fd0ca25cd855,2026-09-17T08:15:00Z,2026-09-17T10:15:00+0200,59.057,MW,NL,NL,actual_solar_generation,Solar | Actual Aggregated,2026-09-20T06:27:59Z
2026-09-20T06:27:27Z,2026-09-20T08:27:27+0200,5dd01d44-5791-4b31-82b5-fd0ca25cd855,2026-09-17T08:15:00Z,2026-09-17T10:15:00+0200,0.0,MW,NL,NL,actual_solar_generation,Solar | Actual Consumption,2026-09-20T06:27:59Z
2026-09-20T06:27:27Z,2026-09-20T08:27:27+0200,5dd01d44-5791-4b31-82b5-fd0ca25cd855,2026-09-17T08:30:00Z,2026-09-17T10:30:00+0200,67.994,MW,NL,NL,actual_solar_generation,Solar | Actual Aggregated,2026-09-20T06:27:59Z
2026-09-20T06:27:27Z,2026-09-20T08:27:27+0200,5dd01d44-5791-4b31-82b5-fd0ca25cd855,2026-09-17T08:30:00Z,2026-09-17T10:30:00+0200,0.0,MW,NL,NL,actual_solar_generation,Solar | Actual Consumption,2026-09-20T06:27:59Z
2026-09-20T06:27:27Z,2026-09-20T08:27:27+0200,5dd01d44-5791-4b31-82b5-fd0ca25cd855,2026-09-17T08:45:00Z,2026-09-17T10:45:00+0200,81.708,MW,NL,NL,actual_solar_generation,Solar | Actual Aggregated,2026-09-20T06:27:59Z
2026-09-20T06:27:27Z,2026-09-20T08:27:27+0200,5dd01d44-5791-4b31-82b5-fd0ca25cd855,2026-09-17T08:45:00Z,2026-09-17T10:45:00+0200,0.0,MW,NL,NL,actual_solar_generation,Solar | Actual Consumption,2026-09-20T06:27:59Z
2026-09-20T06:27:27Z,2026-09-20T08:27:27+0200,5dd01d44-5791-4b31-82b5-fd0ca25cd855,2026-09-17T09:00:00Z,2026-09-17T11:00:00+0200,116.857,MW,NL,NL,actual_solar_generation,Solar | Actual Aggregated,2026-09-20T06:27:59Z
2026-09-20T06:27:27Z,2026-09-20T08:27:27+0200,5dd01d44-5791-4b31-82b5-fd0ca25cd855,2026-09-17T09:00:00Z,2026-09-17T11:00:00+0200,0.0,MW,NL,NL,actual_solar_generation,Solar | Actual Consumption,2026-09-20T06:27:59Z
2026-09-20T06:27:27Z,2026-09-20T08:27:27+0200,5dd01d44-5791-4b31-82b5-fd0ca25cd855,2026-09-17T09:15:00Z,2026-09-17T11:15:00+0200,116.617,MW,NL,NL,actual_solar_generation,Solar | Actual Aggregated,2026-09-20T06:27:59Z
2026-09-20T06:27:27Z,2026-09-20T08:27:27+0200,5dd01d44-5791-4b31-82b5-fd0ca25cd855,2026-09-17T09:15:00Z,2026-09-17T11:15:00+0200,0.0,MW,NL,NL,actual_solar_generation,Solar | Actual Consumption,2026-09-20T06:27:59Z
2026-09-20T06:27:27Z,2026-09-20T08:27:27+0200,5dd01d44-5791-4b31-82b5-fd0ca25cd855,2026-09-17T09:30:00Z,2026-09-17T11:30:00+0200,102.422,MW,NL,NL,actual_solar_generation,Solar | Actual Aggregated,2026-09-20T06:27:59Z
2026-09-20T06:27:27Z,2026-09-20T08:27:27+0200,5dd01d44-5791-4b31-82b5-fd0ca25cd855,2026-09-17T09:30:00Z,2026-09-17T11:30:00+0200,0.0,MW,NL,NL,actual_solar_generation,Solar | Actual Consumption,2026-09-20T06:27:59Z
2026-09-20T06:27:27Z,2026-09-20T08:27:27+0200,5dd01d44-5791-4b31-82b5-fd0ca25cd855,2026-09-17T09:45:00Z,2026-09-17T11:45:00+0200,88.729,MW,NL,NL,actual_solar_generation,Solar | Actual Aggregated,2026-09-20T06:27:59Z
2026-09-20T06:27:27Z,2026-09-20T08:27:27+0200,5dd01d44-5791-4b31-82b5-fd0ca25cd855,2026-09-17T09:45:00Z,2026-09-17T11:45:00+0200,0.0,MW,NL,NL,actual_solar_generation,Solar | Actual Consumption,2026-09-20T06:27:59Z
2026-09-20T06:27:27Z,2026-09-20T08:27:27+0200,5dd01d44-5791-4b31-82b5-fd0ca25cd855,2026-09-17T10:00:00Z,2026-09-17T12:00:00+0200,96.255,MW,NL,NL,actual_solar_generation,Solar | Actual Aggregated,2026-09-20T06:27:59Z
2026-09-20T06:27:27Z,2026-09-20T08:27:27+0200,5dd01d44-5791-4b31-82b5-fd0ca25cd855,2026-09-17T10:00:00Z,2026-09-17T12:00:00+0200,0.0,MW,NL,NL,actual_solar_generation,Solar | Actual Consumption,2026-09-20T06:27:59Z
2026-09-20T06:27:27Z,2026-09-20T08:27:27+0200,5dd01d44-5791-4b31-82b5-fd0ca25cd855,2026-09-17T10:15:00Z,2026-09-17T12:15:00+0200,102.248,MW,NL,NL,actual_solar_generation,Solar | Actual Aggregated,2026-09-20T06:27:59Z
2026-09-20T06:27:27Z,2026-09-20T08:27:27+0200,5dd01d44-5791-4b31-82b5-fd0ca25cd855,2026-09-17T10:15:00Z,2026-09-17T12:15:00+0200,0.0,MW,NL,NL,actual_solar_generation,Solar | Actual Consumption,2026-09-20T06:27:59Z
2026-09-20T06:27:27Z,2026-09-20T08:27:27+0200,5dd01d44-5791-4b31-82b5-fd0ca25cd855,2026-09-17T10:30:00Z,2026-09-17T12:30:00+0200,116.186,MW,NL,NL,actual_solar_generation,Solar | Actual Aggregated,2026-09-20T06:27:59Z
2026-09-20T06:27:27Z,2026-09-20T08:27:27+0200,5dd01d44-5791-4b31-82b5-fd0ca25cd855,2026-09-17T10:30:00Z,2026-09-17T12:30:00+0200,0.0,MW,NL,NL,actual_solar_generation,Solar | Actual Consumption,2026-09-20T06:27:59Z
2026-09-20T06:27:27Z,2026-09-20T08:27:27+0200,5dd01d44-5791-4b31-82b5-fd0ca25cd855,2026-09-17T10:45:00Z,2026-09-17T12:45:00+0200,109.381,MW,NL,NL,actual_solar_generation,Solar | Actual Aggregated,2026-09-20T06:27:59Z
2026-09-20T06:27:27Z,2026-09-20T08:27:27+0200,5dd01d44-5791-4b31-82b5-fd0ca25cd855,2026-09-17T10:45:00Z,2026-09-17T12:45:00+0200,0.0,MW,NL,NL,actual_solar_generation,Solar | Actual Consumption,2026-09-20T06:27:59Z
2026-09-20T06:27:27Z,2026-09-20T08:27:27+0200,5dd01d44-5791-4b31-82b5-fd0ca25cd855,2026-09-17T11:00:00Z,2026-09-17T13:00:00+0200,96.293,MW,NL,NL,actual_solar_generation,Solar | Actual Aggregated,2026-09-20T06:27:59Z
2026-09-20T06:27:27Z,2026-09-20T08:27:27+0200,5dd01d44-5791-4b31-82b5-fd0ca25cd855,2026-09-17T11:00:00Z,2026-09-17T13:00:00+0200,0.0,MW,NL,NL,actual_solar_generation,Solar | Actual Consumption,2026-09-20T06:27:59Z
2026-09-20T06:27:27Z,2026-09-20T08:27:27+0200,5dd01d44-5791-4b31-82b5-fd0ca25cd855,2026-09-17T11:15:00Z,2026-09-17T13:15:00+0200,84.043,MW,NL,NL,actual_solar_generation,Solar | Actual Aggregated,2026-09-20T06:27:59Z
2026-09-20T06:27:27Z,2026-09-20T08:27:27+0200,5dd01d44-5791-4b31-82b5-fd0ca25cd855,2026-09-17T11:15:00Z,2026-09-17T13:15:00+0200,0.0,MW,NL,NL,actual_solar_generation,Solar | Actual Consumption,2026-09-20T06:27:59Z
2026-09-20T06:27:27Z,2026-09-20T08:27:27+0200,5dd01d44-5791-4b31-82b5-fd0ca25cd855,2026-09-17T11:30:00Z,2026-09-17T13:30:00+0200,68.713,MW,NL,NL,actual_solar_generation,Solar | Actual Aggregated,2026-09-20T06:27:59Z
2026-09-20T06:27:27Z,2026-09-20T08:27:27+0200,5dd01d44-5791-4b31-82b5-fd0ca25cd855,2026-09-17T11:30:00Z,2026-09-17T13:30:00+0200,0.0,MW,NL,NL,actual_solar_generation,Solar | Actual Consumption,2026-09-20T06:27:59Z
2026-09-20T06:27:27Z,2026-09-20T08:27:27+0200,5dd01d44-5791-4b31-82b5-fd0ca25cd855,2026-09-17T11:45:00Z,2026-09-17T13:45:00+0200,42.744,MW,NL,NL,actual_solar_generation,Solar | Actual Aggregated,2026-09-20T06:27:59Z
2026-09-20T06:27:27Z,2026-09-20T08:27:27+0200,5dd01d44-5791-4b31-82b5-fd0ca25cd855,2026-09-17T11:45:00Z,2026-09-17T13:45:00+0200,0.0,MW,NL,NL,actual_solar_generation,Solar | Actual Consumption,2026-09-20T06:27:59Z
2026-09-20T06:27:27Z,2026-09-20T08:27:27+0200,5dd01d44-5791-4b31-82b5-fd0ca25cd855,2026-09-17T12:00:00Z,2026-09-17T14:00:00+0200,23.267,MW,NL,NL,actual_solar_generation,Solar | Actual Aggregated,2026-09-20T06:27:59Z
2026-09-20T06:27:27Z,2026-09-20T08:27:27+0200,5dd01d44-5791-4b31-82b5-fd0ca25cd855,2026-09-17T12:00:00Z,2026-09-17T14:00:00+0200,0.0,MW,NL,NL,actual_solar_generation,Solar | Actual Consumption,2026-09-20T06:27:59Z
2026-09-20T06:27:27Z,2026-09-20T08:27:27+0200,5dd01d44-5791-4b31-82b5-fd0ca25cd855,2026-09-17T12:15:00Z,2026-09-17T14:15:00+0200,38.646,MW,NL,NL,actual_solar_generation,Solar | Actual Aggregated,2026-09-20T06:27:59Z
2026-09-20T06:27:27Z,2026-09-20T08:27:27+0200,5dd01d44-5791-4b31-82b5-fd0ca25cd855,2026-09-17T12:15:00Z,2026-09-17T14:15:00+0200,0.0,MW,NL,NL,actual_solar_generation,Solar | Actual Consumption,2026-09-20T06:27:59Z
2026-09-20T06:27:27Z,2026-09-20T08:27:27+0200,5dd01d44-5791-4b31-82b5-fd0ca25cd855,2026-09-17T12:30:00Z,2026-09-17T14:30:00+0200,40.371,MW,NL,NL,actual_solar_generation,Solar | Actual Aggregated,2026-09-20T06:27:59Z
2026-09-20T06:27:27Z,2026-09-20T08:27:27+0200,5dd01d44-5791-4b31-82b5-fd0ca25cd855,2026-09-17T12:30:00Z,2026-09-17T14:30:00+0200,0.0,MW,NL,NL,actual_solar_generation,Solar | Actual Consumption,2026-09-20T06:27:59Z
2026-09-20T06:27:27Z,2026-09-20T08:27:27+0200,5dd01d44-5791-4b31-82b5-fd0ca25cd855,2026-09-17T12:45:00Z,2026-09-17T14:45:00+0200,47.77,MW,NL,NL,actual_solar_generation,Solar | Actual Aggregated,2026-09-20T06:27:59Z
2026-09-20T06:27:27Z,2026-09-20T08:27:27+0200,5dd01d44-5791-4b31-82b5-fd0ca25cd855,2026-09-17T12:45:00Z,2026-09-17T14:45:00+0200,0.0,MW,NL,NL,actual_solar_generation,Solar | Actual Consumption,2026-09-20T06:27:59Z
2026-09-20T06:27:27Z,2026-09-20T08:27:27+0200,5dd01d44-5791-4b31-82b5-fd0ca25cd855,2026-09-17T13:00:00Z,2026-09-17T15:00:00+0200,46.55,MW,NL,NL,actual_solar_generation,Solar | Actual Aggregated,2026-09-20T06:27:59Z
2026-09-20T06:27:27Z,2026-09-20T08:27:27+0200,5dd01d44-5791-4b31-82b5-fd0ca25cd855,2026-09-17T13:00:00Z,2026-09-17T15:00:00+0200,0.0,MW,NL,NL,actual_solar_generation,Solar | Actual Consumption,2026-09-20T06:27:59Z
2026-09-20T06:27:27Z,2026-09-20T08:27:27+0200,5dd01d44-5791-4b31-82b5-fd0ca25cd855,2026-09-17T13:15:00Z,2026-09-17T15:15:00+0200,52.921,MW,NL,NL,actual_solar_generation,Solar | Actual Aggregated,2026-09-20T06:27:59Z
2026-09-20T06:27:27Z,2026-09-20T08:27:27+0200,5dd01d44-5791-4b31-82b5-fd0ca25cd855,2026-09-17T13:15:00Z,2026-09-17T15:15:00+0200,0.0,MW,NL,NL,actual_solar_generation,Solar | Actual Consumption,2026-09-20T06:27:59Z
2026-09-20T06:27:27Z,2026-09-20T08:27:27+0200,5dd01d44-5791-4b31-82b5-fd0ca25cd855,2026-09-17T13:30:00Z,2026-09-17T15:30:00+0200,59.896,MW,NL,NL,actual_solar_generation,Solar | Actual Aggregated,2026-09-20T06:27:59Z
2026-09-20T06:27:27Z,2026-09-20T08:27:27+0200,5dd01d44-5791-4b31-82b5-fd0ca25cd855,2026-09-17T13:30:00Z,2026-09-17T15:30:00+0200,0.0,MW,NL,NL,actual_solar_generation,Solar | Actual Consumption,2026-09-20T06:27:59Z
2026-09-20T06:27:27Z,2026-09-20T08:27:27+0200,5dd01d44-5791-4b31-82b5-fd0ca25cd855,2026-09-17T13:45:00Z,2026-09-17T15:45:00+0200,51.322,MW,NL,NL,actual_solar_generation,Solar | Actual Aggregated,2026-09-20T06:27:59Z
2026-09-20T06:27:27Z,2026-09-20T08:27:27+0200,5dd01d44-5791-4b31-82b5-fd0ca25cd855,2026-09-17T13:45:00Z,2026-09-17T15:45:00+0200,0.0,MW,NL,NL,actual_solar_generation,Solar | Actual Consumption,2026-09-20T06:27:59Z
2026-09-20T06:27:27Z,2026-09-20T08:27:27+0200,5dd01d44-5791-4b31-82b5-fd0ca25cd855,2026-09-17T14:00:00Z,2026-09-17T16:00:00+0200,46.404,MW,NL,NL,actual_solar_generation,Solar | Actual Aggregated,2026-09-20T06:27:59Z
2026-09-20T06:27:27Z,2026-09-20T08:27:27+0200,5dd01d44-5791-4b31-82b5-fd0ca25cd855,2026-09-17T14:00:00Z,2026-09-17T16:00:00+0200,0.0,MW,NL,NL,actual_solar_generation,Solar | Actual Consumption,2026-09-20T06:27:59Z
2026-09-20T06:27:27Z,2026-09-20T08:27:27+0200,5dd01d44-5791-4b31-82b5-fd0ca25cd855,2026-09-17T14:15:00Z,2026-09-17T16:15:00+0200,43.896,MW,NL,NL,actual_solar_generation,Solar | Actual Aggregated,2026-09-20T06:27:59Z
2026-09-20T06:27:27Z,2026-09-20T08:27:27+0200,5dd01d44-5791-4b31-82b5-fd0ca25cd855,2026-09-17T14:15:00Z,2026-09-17T16:15:00+0200,0.0,MW,NL,NL,actual_solar_generation,Solar | Actual Consumption,2026-09-20T06:27:59Z
2026-09-20T06:27:27Z,2026-09-20T08:27:27+0200,5dd01d44-5791-4b31-82b5-fd0ca25cd855,2026-09-17T14:30:00Z,2026-09-17T16:30:00+0200,36.493,MW,NL,NL,actual_solar_generation,Solar | Actual Aggregated,2026-09-20T06:27:59Z
2026-09-20T06:27:27Z,2026-09-20T08:27:27+0200,5dd01d44-5791-4b31-82b5-fd0ca25cd855,2026-09-17T14:30:00Z,2026-09-17T16:30:00+0200,0.0,MW,NL,NL,actual_solar_generation,Solar | Actual Consumption,2026-09-20T06:27:59Z
2026-09-20T06:27:27Z,2026-09-20T08:27:27+0200,5dd01d44-5791-4b31-82b5-fd0ca25cd855,2026-09-17T14:45:00Z,2026-09-17T16:45:00+0200,29.804,MW,NL,NL,actual_solar_generation,Solar | Actual Aggregated,2026-09-20T06:27:59Z
2026-09-20T06:27:27Z,2026-09-20T08:27:27+0200,5dd01d44-5791-4b31-82b5-fd0ca25cd855,2026-09-17T14:45:00Z,2026-09-17T16:45:00+0200,0.0,MW,NL,NL,actual_solar_generation,Solar | Actual Consumption,2026-09-20T06:27:59Z
2026-09-20T06:27:27Z,2026-09-20T08:27:27+0200,5dd01d44-5791-4b31-82b5-fd0ca25cd855,2026-09-17T15:00:00Z,2026-09-17T17:00:00+0200,28.251,MW,NL,NL,actual_solar_generation,Solar | Actual Aggregated,2026-09-20T06:27:59Z
2026-09-20T06:27:27Z,2026-09-20T08:27:27+0200,5dd01d44-5791-4b31-82b5-fd0ca25cd855,2026-09-17T15:00:00Z,2026-09-17T17:00:00+0200,0.0,MW,NL,NL,actual_solar_generation,Solar | Actual Consumption,2026-09-20T06:27:59Z
2026-09-20T06:27:27Z,2026-09-20T08:27:27+0200,5dd01d44-5791-4b31-82b5-fd0ca25cd855,2026-09-17T15:15:00Z,2026-09-17T17:15:00+0200,30.069,MW,NL,NL,actual_solar_generation,Solar | Actual Aggregated,2026-09-20T06:27:59Z
2026-09-20T06:27:27Z,2026-09-20T08:27:27+0200,5dd01d44-5791-4b31-82b5-fd0ca25cd855,2026-09-17T15:15:00Z,2026-09-17T17:15:00+0200,0.0,MW,NL,NL,actual_solar_generation,Solar | Actual Consumption,2026-09-20T06:27:59Z
2026-09-20T06:27:27Z,2026-09-20T08:27:27+0200,5dd01d44-5791-4b31-82b5-fd0ca25cd855,2026-09-17T15:30:00Z,2026-09-17T17:30:00+0200,17.504,MW,NL,NL,actual_solar_generation,Solar | Actual Aggregated,2026-09-20T06:27:59Z
2026-09-20T06:27:27Z,2026-09-20T08:27:27+0200,5dd01d44-5791-4b31-82b5-fd0ca25cd855,2026-09-17T15:30:00Z,2026-09-17T17:30:00+0200,0.0,MW,NL,NL,actual_solar_generation,Solar | Actual Consumption,2026-09-20T06:27:59Z
2026-09-20T06:27:27Z,2026-09-20T08:27:27+0200,5dd01d44-5791-4b31-82b5-fd0ca25cd855,2026-09-17T15:45:00Z,2026-09-17T17:45:00+0200,11.402,MW,NL,NL,actual_solar_generation,Solar | Actual Aggregated,2026-09-20T06:27:59Z
2026-09-20T06:27:27Z,2026-09-20T08:27:27+0200,5dd01d44-5791-4b31-82b5-fd0ca25cd855,2026-09-17T15:45:00Z,2026-09-17T17:45:00+0200,0.0,MW,NL,NL,actual_solar_generation,Solar | Actual Consumption,2026-09-20T06:27:59Z
2026-09-20T06:27:27Z,2026-09-20T08:27:27+0200,5dd01d44-5791-4b31-82b5-fd0ca25cd855,2026-09-17T16:00:00Z,2026-09-17T18:00:00+0200,8.454,MW,NL,NL,actual_solar_generation,Solar | Actual Aggregated,2026-09-20T06:27:59Z
2026-09-20T06:27:27Z,2026-09-20T08:27:27+0200,5dd01d44-5791-4b31-82b5-fd0ca25cd855,2026-09-17T16:00:00Z,2026-09-17T18:00:00+0200,0.0,MW,NL,NL,actual_solar_generation,Solar | Actual Consumption,2026-09-20T06:27:59Z
2026-09-20T06:27:27Z,2026-09-20T08:27:27+0200,5dd01d44-5791-4b31-82b5-fd0ca25cd855,2026-09-17T16:15:00Z,2026-09-17T18:15:00+0200,5.738,MW,NL,NL,actual_solar_generation,Solar | Actual Aggregated,2026-09-20T06:27:59Z
2026-09-20T06:27:27Z,2026-09-20T08:27:27+0200,5dd01d44-5791-4b31-82b5-fd0ca25cd855,2026-09-17T16:15:00Z,2026-09-17T18:15:00+0200,0.0,MW,NL,NL,actual_solar_generation,Solar | Actual Consumption,2026-09-20T06:27:59Z
2026-09-20T06:27:27Z,2026-09-20T08:27:27+0200,5dd01d44-5791-4b31-82b5-fd0ca25cd855,2026-09-17T16:30:00Z,2026-09-17T18:30:00+0200,3.735,MW,NL,NL,actual_solar_generation,Solar | Actual Aggregated,2026-09-20T06:27:59Z
2026-09-20T06:27:27Z,2026-09-20T08:27:27+0200,5dd01d44-5791-4b31-82b5-fd0ca25cd855,2026-09-17T16:30:00Z,2026-09-17T18:30:00+0200,0.0,MW,NL,NL,actual_solar_generation,Solar | Actual Consumption,2026-09-20T06:27:59Z
2026-09-20T06:27:27Z,2026-09-20T08:27:27+0200,5dd01d44-5791-4b31-82b5-fd0ca25cd855,2026-09-17T16:45:00Z,2026-09-17T18:45:00+0200,2.294,MW,NL,NL,actual_solar_generation,Solar | Actual Aggregated,2026-09-20T06:27:59Z
2026-09-20T06:27:27Z,2026-09-20T08:27:27+0200,5dd01d44-5791-4b31-82b5-fd0ca25cd855,2026-09-17T16:45:00Z,2026-09-17T18:45:00+0200,0.0,MW,NL,NL,actual_solar_generation,Solar | Actual Consumption,2026-09-20T06:27:59Z
2026-09-20T06:27:27Z,2026-09-20T08:27:27+0200,5dd01d44-5791-4b31-82b5-fd0ca25cd855,2026-09-17T17:00:00Z,2026-09-17T19:00:00+0200,1.895,MW,NL,NL,actual_solar_generation,Solar | Actual Aggregated,2026-09-20T06:27:59Z
2026-09-20T06:27:27Z,2026-09-20T08:27:27+0200,5dd01d44-5791-4b31-82b5-fd0ca25cd855,2026-09-17T17:00:00Z,2026-09-17T19:00:00+0200,0.78,MW,NL,NL,actual_solar_generation,Solar | Actual Consumption,2026-09-20T06:27:59Z
2026-09-20T06:27:27Z,2026-09-20T08:27:27+0200,5dd01d44-5791-4b31-82b5-fd0ca25cd855,2026-09-17T17:15:00Z,2026-09-17T19:15:00+0200,0.391,MW,NL,NL,actual_solar_generation,Solar | Actual Aggregated,2026-09-20T06:27:59Z
2026-09-20T06:27:27Z,2026-09-20T08:27:27+0200,5dd01d44-5791-4b31-82b5-fd0ca25cd855,2026-09-17T17:15:00Z,2026-09-17T19:15:00+0200,0.913,MW,NL,NL,actual_solar_generation,Solar | Actual Consumption,2026-09-20T06:27:59Z
2026-09-20T06:27:27Z,2026-09-20T08:27:27+0200,5dd01d44-5791-4b31-82b5-fd0ca25cd855,2026-09-17T17:30:00Z,2026-09-17T19:30:00+0200,0.211,MW,NL,NL,actual_solar_generation,Solar | Actual Aggregated,2026-09-20T06:27:59Z
2026-09-20T06:27:27Z,2026-09-20T08:27:27+0200,5dd01d44-5791-4b31-82b5-fd0ca25cd855,2026-09-17T17:30:00Z,2026-09-17T19:30:00+0200,0.11,MW,NL,NL,actual_solar_generation,Solar | Actual Consumption,2026-09-20T06:27:59Z
2026-09-20T06:27:27Z,2026-09-20T08:27:27+0200,5dd01d44-5791-4b31-82b5-fd0ca25cd855,2026-09-17T17:45:00Z,2026-09-17T19:45:00+0200,0.0,MW,NL,NL,actual_solar_generation,Solar | Actual Aggregated,2026-09-20T06:27:59Z
2026-09-20T06:27:27Z,2026-09-20T08:27:27+0200,5dd01d44-5791-4b31-82b5-fd0ca25cd855,2026-09-17T17:45:00Z,2026-09-17T19:45:00+0200,0.11,MW,NL,NL,actual_solar_generation,Solar | Actual Consumption,2026-09-20T06:27:59Z
2026-09-20T06:27:27Z,2026-09-20T08:27:27+0200,5dd01d44-5791-4b31-82b5-fd0ca25cd855,2026-09-17T18:00:00Z,2026-09-17T20:00:00+0200,0.0,MW,NL,NL,actual_solar_generation,Solar | Actual Aggregated,2026-09-20T06:27:59Z
2026-09-20T06:27:27Z,2026-09-20T08:27:27+0200,5dd01d44-5791-4b31-82b5-fd0ca25cd855,2026-09-17T18:00:00Z,2026-09-17T20:00:00+0200,0.137,MW,NL,NL,actual_solar_generation,Solar | Actual Consumption,2026-09-20T06:27:59Z
2026-09-20T06:27:27Z,2026-09-20T08:27:27+0200,5dd01d44-5791-4b31-82b5-fd0ca25cd855,2026-09-17T18:15:00Z,2026-09-17T20:15:00+0200,0.0,MW,NL,NL,actual_solar_generation,Solar | Actual Aggregated,2026-09-20T06:27:59Z
2026-09-20T06:27:27Z,2026-09-20T08:27:27+0200,5dd01d44-5791-4b31-82b5-fd0ca25cd855,2026-09-17T18:15:00Z,2026-09-17T20:15:00+0200,0.114,MW,NL,NL,actual_solar_generation,Solar | Actual Consumption,2026-09-20T06:27:59Z
2026-09-20T06:27:27Z,2026-09-20T08:27:27+0200,5dd01d44-5791-4b31-82b5-fd0ca25cd855,2026-09-17T18:30:00Z,2026-09-17T20:30:00+0200,0.0,MW,NL,NL,actual_solar_generation,Solar | Actual Aggregated,2026-09-20T06:27:59Z
2026-09-20T06:27:27Z,2026-09-20T08:27:27+0200,5dd01d44-5791-4b31-82b5-fd0ca25cd855,2026-09-17T18:30:00Z,2026-09-17T20:30:00+0200,0.131,MW,NL,NL,actual_solar_generation,Solar | Actual Consumption,2026-09-20T06:27:59Z
2026-09-20T06:27:27Z,2026-09-20T08:27:27+0200,5dd01d44-5791-4b31-82b5-fd0ca25cd855,2026-09-17T18:45:00Z,2026-09-17T20:45:00+0200,0.0,MW,NL,NL,actual_solar_generation,Solar | Actual Aggregated,2026-09-20T06:27:59Z
2026-09-20T06:27:27Z,2026-09-20T08:27:27+0200,5dd01d44-5791-4b31-82b5-fd0ca25cd855,2026-09-17T18:45:00Z,2026-09-17T20:45:00+0200,0.131,MW,NL,NL,actual_solar_generation,Solar | Actual Consumption,2026-09-20T06:27:59Z
2026-09-20T06:27:27Z,2026-09-20T08:27:27+0200,5dd01d44-5791-4b31-82b5-fd0ca25cd855,2026-09-17T19:00:00Z,2026-09-17T21:00:00+0200,0.0,MW,NL,NL,actual_solar_generation,Solar | Actual Aggregated,2026-09-20T06:27:59Z
2026-09-20T06:27:27Z,2026-09-20T08:27:27+0200,5dd01d44-5791-4b31-82b5-fd0ca25cd855,2026-09-17T19:00:00Z,2026-09-17T21:00:00+0200,0.131,MW,NL,NL,actual_solar_generation,Solar | Actual Consumption,2026-09-20T06:27:59Z
2026-09-20T06:27:27Z,2026-09-20T08:27:27+0200,5dd01d44-5791-4b31-82b5-fd0ca25cd855,2026-09-17T19:15:00Z,2026-09-17T21:15:00+0200,0.0,MW,NL,NL,actual_solar_generation,Solar | Actual Aggregated,2026-09-20T06:27:59Z
2026-09-20T06:27:27Z,2026-09-20T08:27:27+0200,5dd01d44-5791-4b31-82b5-fd0ca25cd855,2026-09-17T19:15:00Z,2026-09-17T21:15:00+0200,0.11,MW,NL,NL,actual_solar_generation,Solar | Actual Consumption,2026-09-20T06:27:59Z
2026-09-20T06:27:27Z,2026-09-20T08:27:27+0200,5dd01d44-5791-4b31-82b5-fd0ca25cd855,2026-09-17T19:30:00Z,2026-09-17T21:30:00+0200,0.0,MW,NL,NL,actual_solar_generation,Solar | Actual Aggregated,2026-09-20T06:27:59Z
2026-09-20T06:27:27Z,2026-09-20T08:27:27+0200,5dd01d44-5791-4b31-82b5-fd0ca25cd855,2026-09-17T19:30:00Z,2026-09-17T21:30:00+0200,0.137,MW,NL,NL,actual_solar_generation,Solar | Actual Consumption,2026-09-20T06:27:59Z
2026-09-20T06:27:27Z,2026-09-20T08:27:27+0200,5dd01d44-5791-4b31-82b5-fd0ca25cd855,2026-09-17T19:45:00Z,2026-09-17T21:45:00+0200,0.0,MW,NL,NL,actual_solar_generation,Solar | Actual Aggregated,2026-09-20T06:27:59Z
2026-09-20T06:27:27Z,2026-09-20T08:27:27+0200,5dd01d44-5791-4b31-82b5-fd0ca25cd855,2026-09-17T19:45:00Z,2026-09-17T21:45:00+0200,0.12,MW,NL,NL,actual_solar_generation,Solar | Actual Consumption,2026-09-20T06:27:59Z
2026-09-20T06:27:27Z,2026-09-20T08:27:27+0200,5dd01d44-5791-4b31-82b5-fd0ca25cd855,2026-09-17T20:00:00Z,2026-09-17T22:00:00+0200,0.0,MW,NL,NL,actual_solar_generation,Solar | Actual Aggregated,2026-09-20T06:27:59Z
2026-09-20T06:27:27Z,2026-09-20T08:27:27+0200,5dd01d44-5791-4b31-82b5-fd0ca25cd855,2026-09-17T20:00:00Z,2026-09-17T22:00:00+0200,0.133,MW,NL,NL,actual_solar_generation,Solar | Actual Consumption,2026-09-20T06:27:59Z
2026-09-20T06:27:27Z,2026-09-20T08:27:27+0200,5dd01d44-5791-4b31-82b5-fd0ca25cd855,2026-09-17T20:15:00Z,2026-09-17T22:15:00+0200,0.0,MW,NL,NL,actual_solar_generation,Solar | Actual Aggregated,2026-09-20T06:27:59Z
2026-09-20T06:27:27Z,2026-09-20T08:27:27+0200,5dd01d44-5791-4b31-82b5-fd0ca25cd855,2026-09-17T20:15:00Z,2026-09-17T22:15:00+0200,0.118,MW,NL,NL,actual_solar_generation,Solar | Actual Consumption,2026-09-20T06:27:59Z
2026-09-20T06:27:27Z,2026-09-20T08:27:27+0200,5dd01d44-5791-4b31-82b5-fd0ca25cd855,2026-09-17T20:30:00Z,2026-09-17T22:30:00+0200,0.0,MW,NL,NL,actual_solar_generation,Solar | Actual Aggregated,2026-09-20T06:27:59Z
2026-09-20T06:27:27Z,2026-09-20T08:27:27+0200,5dd01d44-5791-4b31-82b5-fd0ca25cd855,2026-09-17T20:30:00Z,2026-09-17T22:30:00+0200,0.137,MW,NL,NL,actual_solar_generation,Solar | Actual Consumption,2026-09-20T06:27:59Z
2026-09-20T06:27:27Z,2026-09-20T08:27:27+0200,5dd01d44-5791-4b31-82b5-fd0ca25cd855,2026-09-17T20:45:00Z,2026-09-17T22:45:00+0200,0.0,MW,NL,NL,actual_solar_generation,Solar | Actual Aggregated,2026-09-20T06:27:59Z
2026-09-20T06:27:27Z,2026-09-20T08:27:27+0200,5dd01d44-5791-4b31-82b5-fd0ca25cd855,2026-09-17T20:45:00Z,2026-09-17T22:45:00+0200,0.121,MW,NL,NL,actual_solar_generation,Solar | Actual Consumption,2026-09-20T06:27:59Z
2026-09-20T06:27:27Z,2026-09-20T08:27:27+0200,5dd01d44-5791-4b31-82b5-fd0ca25cd855,2026-09-17T21:00:00Z,2026-09-17T23:00:00+0200,0.0,MW,NL,NL,actual_solar_generation,Solar | Actual Aggregated,2026-09-20T06:27:59Z
2026-09-20T06:27:27Z,2026-09-20T08:27:27+0200,5dd01d44-5791-4b31-82b5-fd0ca25cd855,2026-09-17T21:00:00Z,2026-09-17T23:00:00+0200,0.129,MW,NL,NL,actual_solar_generation,Solar | Actual Consumption,2026-09-20T06:27:59Z
2026-09-20T06:27:27Z,2026-09-20T08:27:27+0200,5dd01d44-5791-4b31-82b5-fd0ca25cd855,2026-09-17T21:15:00Z,2026-09-17T23:15:00+0200,0.0,MW,NL,NL,actual_solar_generation,Solar | Actual Aggregated,2026-09-20T06:27:59Z
2026-09-20T06:27:27Z,2026-09-20T08:27:27+0200,5dd01d44-5791-4b31-82b5-fd0ca25cd855,2026-09-17T21:15:00Z,2026-09-17T23:15:00+0200,0.129,MW,NL,NL,actual_solar_generation,Solar | Actual Consumption,2026-09-20T06:27:59Z
2026-09-20T06:27:27Z,2026-09-20T08:27:27+0200,5dd01d44-5791-4b31-82b5-fd0ca25cd855,2026-09-17T21:30:00Z,2026-09-17T23:30:00+0200,0.0,MW,NL,NL,actual_solar_generation,Solar | Actual Aggregated,2026-09-20T06:27:59Z
2026-09-20T06:27:27Z,2026-09-20T08:27:27+0200,5dd01d44-5791-4b31-82b5-fd0ca25cd855,2026-09-17T21:30:00Z,2026-09-17T23:30:00+0200,0.129,MW,NL,NL,actual_solar_generation,Solar | Actual Consumption,2026-09-20T06:27:59Z
2026-09-20T06:27:27Z,2026-09-20T08:27:27+0200,5dd01d44-5791-4b31-82b5-fd0ca25cd855,2026-09-17T21:45:00Z,2026-09-17T23:45:00+0200,0.0,MW,NL,NL,actual_solar_generation,Solar | Actual Aggregated,2026-09-20T06:27:59Z
2026-09-20T06:27:27Z,2026-09-20T08:27:27+0200,5dd01d44-5791-4b31-82b5-fd0ca25cd855,2026-09-17T21:45:00Z,2026-09-17T23:45:00+0200,0.129,MW,NL,NL,actual_solar_generation,Solar | Actual Consumption,2026-09-20T06:27:59Z
2026-09-20T06:27:27Z,2026-09-20T08:27:27+0200,5dd01d44-5791-4b31-82b5-fd0ca25cd855,2026-09-17T22:00:00Z,2026-09-18T00:00:00+0200,0.0,MW,NL,NL,actual_solar_generation,Solar | Actual Aggregated,2026-09-20T06:27:59Z
2026-09-20T06:27:27Z,2026-09-20T08:27:27+0200,5dd01d44-5791-4b31-82b5-fd0ca25cd855,2026-09-17T22:00:00Z,2026-09-18T00:00:00+0200,0.129,MW,NL,NL,actual_solar_generation,Solar | Actual Consumption,2026-09-20T06:27:59Z
2026-09-20T06:27:27Z,2026-09-20T08:27:27+0200,5dd01d44-5791-4b31-82b5-fd0ca25cd855,2026-09-17T22:15:00Z,2026-09-18T00:15:00+0200,0.0,MW,NL,NL,actual_solar_generation,Solar | Actual Aggregated,2026-09-20T06:27:59Z
2026-09-20T06:27:27Z,2026-09-20T08:27:27+0200,5dd01d44-5791-4b31-82b5-fd0ca25cd855,2026-09-17T22:15:00Z,2026-09-18T00:15:00+0200,0.129,MW,NL,NL,actual_solar_generation,Solar | Actual Consumption,2026-09-20T06:27:59Z
2026-09-20T06:27:27Z,2026-09-20T08:27:27+0200,5dd01d44-5791-4b31-82b5-fd0ca25cd855,2026-09-17T22:30:00Z,2026-09-18T00:30:00+0200,0.0,MW,NL,NL,actual_solar_generation,Solar | Actual Aggregated,2026-09-20T06:27:59Z
2026-09-20T06:27:27Z,2026-09-20T08:27:27+0200,5dd01d44-5791-4b31-82b5-fd0ca25cd855,2026-09-17T22:30:00Z,2026-09-18T00:30:00+0200,0.117,MW,NL,NL,actual_solar_generation,Solar | Actual Consumption,2026-09-20T06:27:59Z
2026-09-20T06:27:27Z,2026-09-20T08:27:27+0200,5dd01d44-5791-4b31-82b5-fd0ca25cd855,2026-09-17T22:45:00Z,2026-09-18T00:45:00+0200,0.0,MW,NL,NL,actual_solar_generation,Solar | Actual Aggregated,2026-09-20T06:27:59Z
2026-09-20T06:27:27Z,2026-09-20T08:27:27+0200,5dd01d44-5791-4b31-82b5-fd0ca25cd855,2026-09-17T22:45:00Z,2026-09-18T00:45:00+0200,0.123,MW,NL,NL,actual_solar_generation,Solar | Actual Consumption,2026-09-20T06:27:59Z
2026-09-20T06:27:27Z,2026-09-20T08:27:27+0200,5dd01d44-5791-4b31-82b5-fd0ca25cd855,2026-09-17T23:00:00Z,2026-09-18T01:00:00+0200,0.0,MW,NL,NL,actual_solar_generation,Solar | Actual Aggregated,2026-09-20T06:27:59Z
2026-09-20T06:27:27Z,2026-09-20T08:27:27+0200,5dd01d44-5791-4b31-82b5-fd0ca25cd855,2026-09-17T23:00:00Z,2026-09-18T01:00:00+0200,0.129,MW,NL,NL,actual_solar_generation,Solar | Actual Consumption,2026-09-20T06:27:59Z
2026-09-20T06:27:27Z,2026-09-20T08:27:27+0200,5dd01d44-5791-4b31-82b5-fd0ca25cd855,2026-09-17T23:15:00Z,2026-09-18T01:15:00+0200,0.0,MW,NL,NL,actual_solar_generation,Solar | Actual Aggregated,2026-09-20T06:27:59Z
2026-09-20T06:27:27Z,2026-09-20T08:27:27+0200,5dd01d44-5791-4b31-82b5-fd0ca25cd855,2026-09-17T23:15:00Z,2026-09-18T01:15:00+0200,0.129,MW,NL,NL,actual_solar_generation,Solar | Actual Consumption,2026-09-20T06:27:59Z
2026-09-20T06:27:27Z,2026-09-20T08:27:27+0200,5dd01d44-5791-4b31-82b5-fd0ca25cd855,2026-09-17T23:30:00Z,2026-09-18T01:30:00+0200,0.0,MW,NL,NL,actual_solar_generation,Solar | Actual Aggregated,2026-09-20T06:27:59Z
2026-09-20T06:27:27Z,2026-09-20T08:27:27+0200,5dd01d44-5791-4b31-82b5-fd0ca25cd855,2026-09-17T23:30:00Z,2026-09-18T01:30:00+0200,0.129,MW,NL,NL,actual_solar_generation,Solar | Actual Consumption,2026-09-20T06:27:59Z
2026-09-20T06:27:27Z,2026-09-20T08:27:27+0200,5dd01d44-5791-4b31-82b5-fd0ca25cd855,2026-09-17T23:45:00Z,2026-09-18T01:45:00+0200,0.0,MW,NL,NL,actual_solar_generation,Solar | Actual Aggregated,2026-09-20T06:27:59Z
2026-09-20T06:27:27Z,2026-09-20T08:27:27+0200,5dd01d44-5791-4b31-82b5-fd0ca25cd855,2026-09-17T23:45:00Z,2026-09-18T01:45:00+0200,0.12,MW,NL,NL,actual_solar_generation,Solar | Actual Consumption,2026-09-20T06:27:59Z
2026-09-20T06:27:27Z,2026-09-20T08:27:27+0200,5dd01d44-5791-4b31-82b5-fd0ca25cd855,2026-09-18T00:00:00Z,2026-09-18T02:00:00+0200,0.0,MW,NL,NL,actual_solar_generation,Solar | Actual Aggregated,2026-09-20T06:27:59Z
2026-09-20T06:27:27Z,2026-09-20T08:27:27+0200,5dd01d44-5791-4b31-82b5-fd0ca25cd855,2026-09-18T00:00:00Z,2026-09-18T02:00:00+0200,0.124,MW,NL,NL,actual_solar_generation,Solar | Actual Consumption,2026-09-20T06:27:59Z
2026-09-20T06:27:27Z,2026-09-20T08:27:27+0200,5dd01d44-5791-4b31-82b5-fd0ca25cd855,2026-09-18T00:15:00Z,2026-09-18T02:15:00+0200,0.0,MW,NL,NL,actual_solar_generation,Solar | Actual Aggregated,2026-09-20T06:27:59Z
2026-09-20T06:27:27Z,2026-09-20T08:27:27+0200,5dd01d44-5791-4b31-82b5-fd0ca25cd855,2026-09-18T00:15:00Z,2026-09-18T02:15:00+0200,0.134,MW,NL,NL,actual_solar_generation,Solar | Actual Consumption,2026-09-20T06:27:59Z
2026-09-20T06:27:27Z,2026-09-20T08:27:27+0200,5dd01d44-5791-4b31-82b5-fd0ca25cd855,2026-09-18T00:30:00Z,2026-09-18T02:30:00+0200,0.0,MW,NL,NL,actual_solar_generation,Solar | Actual Aggregated,2026-09-20T06:27:59Z
2026-09-20T06:27:27Z,2026-09-20T08:27:27+0200,5dd01d44-5791-4b31-82b5-fd0ca25cd855,2026-09-18T00:30:00Z,2026-09-18T02:30:00+0200,0.12,MW,NL,NL,actual_solar_generation,Solar | Actual Consumption,2026-09-20T06:27:59Z
2026-09-20T06:27:27Z,2026-09-20T08:27:27+0200,5dd01d44-5791-4b31-82b5-fd0ca25cd855,2026-09-18T00:45:00Z,2026-09-18T02:45:00+0200,0.0,MW,NL,NL,actual_solar_generation,Solar | Actual Aggregated,2026-09-20T06:27:59Z
2026-09-20T06:27:27Z,2026-09-20T08:27:27+0200,5dd01d44-5791-4b31-82b5-fd0ca25cd855,2026-09-18T00:45:00Z,2026-09-18T02:45:00+0200,0.12,MW,NL,NL,actual_solar_generation,Solar | Actual Consumption,2026-09-20T06:27:59Z
2026-09-20T06:27:27Z,2026-09-20T08:27:27+0200,5dd01d44-5791-4b31-82b5-fd0ca25cd855,2026-09-18T01:00:00Z,2026-09-18T03:00:00+0200,0.0,MW,NL,NL,actual_solar_generation,Solar | Actual Aggregated,2026-09-20T06:27:59Z
2026-09-20T06:27:27Z,2026-09-20T08:27:27+0200,5dd01d44-5791-4b31-82b5-fd0ca25cd855,2026-09-18T01:00:00Z,2026-09-18T03:00:00+0200,0.138,MW,NL,NL,actual_solar_generation,Solar | Actual Consumption,2026-09-20T06:27:59Z
2026-09-20T06:27:27Z,2026-09-20T08:27:27+0200,5dd01d44-5791-4b31-82b5-fd0ca25cd855,2026-09-18T01:15:00Z,2026-09-18T03:15:00+0200,0.0,MW,NL,NL,actual_solar_generation,Solar | Actual Aggregated,2026-09-20T06:27:59Z
2026-09-20T06:27:27Z,2026-09-20T08:27:27+0200,5dd01d44-5791-4b31-82b5-fd0ca25cd855,2026-09-18T01:15:00Z,2026-09-18T03:15:00+0200,0.123,MW,NL,NL,actual_solar_generation,Solar | Actual Consumption,2026-09-20T06:27:59Z
2026-09-20T06:27:27Z,2026-09-20T08:27:27+0200,5dd01d44-5791-4b31-82b5-fd0ca25cd855,2026-09-18T01:30:00Z,2026-09-18T03:30:00+0200,0.0,MW,NL,NL,actual_solar_generation,Solar | Actual Aggregated,2026-09-20T06:27:59Z
2026-09-20T06:27:27Z,2026-09-20T08:27:27+0200,5dd01d44-5791-4b31-82b5-fd0ca25cd855,2026-09-18T01:30:00Z,2026-09-18T03:30:00+0200,0.123,MW,NL,NL,actual_solar_generation,Solar | Actual Consumption,2026-09-20T06:27:59Z
2026-09-20T06:27:27Z,2026-09-20T08:27:27+0200,5dd01d44-5791-4b31-82b5-fd0ca25cd855,2026-09-18T01:45:00Z,2026-09-18T03:45:00+0200,0.0,MW,NL,NL,actual_solar_generation,Solar | Actual Aggregated,2026-09-20T06:27:59Z
2026-09-20T06:27:27Z,2026-09-20T08:27:27+0200,5dd01d44-5791-4b31-82b5-fd0ca25cd855,2026-09-18T01:45:00Z,2026-09-18T03:45:00+0200,0.132,MW,NL,NL,actual_solar_generation,Solar | Actual Consumption,2026-09-20T06:27:59Z
2026-09-20T06:27:27Z,2026-09-20T08:27:27+0200,5dd01d44-5791-4b31-82b5-fd0ca25cd855,2026-09-18T02:00:00Z,2026-09-18T04:00:00+0200,0.0,MW,NL,NL,actual_solar_generation,Solar | Actual Aggregated,2026-09-20T06:27:59Z
2026-09-20T06:27:27Z,2026-09-20T08:27:27+0200,5dd01d44-5791-4b31-82b5-fd0ca25cd855,2026-09-18T02:00:00Z,2026-09-18T04:00:00+0200,0.137,MW,NL,NL,actual_solar_generation,Solar | Actual Consumption,2026-09-20T06:27:59Z
2026-09-20T06:27:27Z,2026-09-20T08:27:27+0200,5dd01d44-5791-4b31-82b5-fd0ca25cd855,2026-09-18T02:15:00Z,2026-09-18T04:15:00+0200,0.0,MW,NL,NL,actual_solar_generation,Solar | Actual Aggregated,2026-09-20T06:27:59Z
2026-09-20T06:27:27Z,2026-09-20T08:27:27+0200,5dd01d44-5791-4b31-82b5-fd0ca25cd855,2026-09-18T02:15:00Z,2026-09-18T04:15:00+0200,0.13,MW,NL,NL,actual_solar_generation,Solar | Actual Consumption,2026-09-20T06:27:59Z
2026-09-20T06:27:27Z,2026-09-20T08:27:27+0200,5dd01d44-5791-4b31-82b5-fd0ca25cd855,2026-09-18T02:30:00Z,2026-09-18T04:30:00+0200,0.0,MW,NL,NL,actual_solar_generation,Solar | Actual Aggregated,2026-09-20T06:27:59Z
2026-09-20T06:27:27Z,2026-09-20T08:27:27+0200,5dd01d44-5791-4b31-82b5-fd0ca25cd855,2026-09-18T02:30:00Z,2026-09-18T04:30:00+0200,0.13,MW,NL,NL,actual_solar_generation,Solar | Actual Consumption,2026-09-20T06:27:59Z
2026-09-20T06:27:27Z,2026-09-20T08:27:27+0200,5dd01d44-5791-4b31-82b5-fd0ca25cd855,2026-09-18T02:45:00Z,2026-09-18T04:45:00+0200,0.0,MW,NL,NL,actual_solar_generation,Solar | Actual Aggregated,2026-09-20T06:27:59Z
2026-09-20T06:27:27Z,2026-09-20T08:27:27+0200,5dd01d44-5791-4b31-82b5-fd0ca25cd855,2026-09-18T02:45:00Z,2026-09-18T04:45:00+0200,0.13,MW,NL,NL,actual_solar_generation,Solar | Actual Consumption,2026-09-20T06:27:59Z
2026-09-20T06:27:27Z,2026-09-20T08:27:27+0200,5dd01d44-5791-4b31-82b5-fd0ca25cd855,2026-09-18T03:00:00Z,2026-09-18T05:00:00+0200,0.0,MW,NL,NL,actual_solar_generation,Solar | Actual Aggregated,2026-09-20T06:27:59Z
2026-09-20T06:27:27Z,2026-09-20T08:27:27+0200,5dd01d44-5791-4b31-82b5-fd0ca25cd855,2026-09-18T03:00:00Z,2026-09-18T05:00:00+0200,0.13,MW,NL,NL,actual_solar_generation,Solar | Actual Consumption,2026-09-20T06:27:59Z
2026-09-20T06:27:27Z,2026-09-20T08:27:27+0200,5dd01d44-5791-4b31-82b5-fd0ca25cd855,2026-09-18T03:15:00Z,2026-09-18T05:15:00+0200,0.0,MW,NL,NL,actual_solar_generation,Solar | Actual Aggregated,2026-09-20T06:27:59Z
2026-09-20T06:27:27Z,2026-09-20T08:27:27+0200,5dd01d44-5791-4b31-82b5-fd0ca25cd855,2026-09-18T03:15:00Z,2026-09-18T05:15:00+0200,0.124,MW,NL,NL,actual_solar_generation,Solar | Actual Consumption,2026-09-20T06:27:59Z
2026-09-20T06:27:27Z,2026-09-20T08:27:27+0200,5dd01d44-5791-4b31-82b5-fd0ca25cd855,2026-09-18T03:30:00Z,2026-09-18T05:30:00+0200,0.0,MW,NL,NL,actual_solar_generation,Solar | Actual Aggregated,2026-09-20T06:27:59Z
2026-09-20T06:27:27Z,2026-09-20T08:27:27+0200,5dd01d44-5791-4b31-82b5-fd0ca25cd855,2026-09-18T03:30:00Z,2026-09-18T05:30:00+0200,0.119,MW,NL,NL,actual_solar_generation,Solar | Actual Consumption,2026-09-20T06:27:59Z
2026-09-20T06:27:27Z,2026-09-20T08:27:27+0200,5dd01d44-5791-4b31-82b5-fd0ca25cd855,2026-09-18T03:45:00Z,2026-09-18T05:45:00+0200,0.0,MW,NL,NL,actual_solar_generation,Solar | Actual Aggregated,2026-09-20T06:27:59Z
2026-09-20T06:27:27Z,2026-09-20T08:27:27+0200,5dd01d44-5791-4b31-82b5-fd0ca25cd855,2026-09-18T03:45:00Z,2026-09-18T05:45:00+0200,0.132,MW,NL,NL,actual_solar_generation,Solar | Actual Consumption,2026-09-20T06:27:59Z
2026-09-20T06:27:27Z,2026-09-20T08:27:27+0200,5dd01d44-5791-4b31-82b5-fd0ca25cd855,2026-09-18T04:00:00Z,2026-09-18T06:00:00+0200,0.0,MW,NL,NL,actual_solar_generation,Solar | Actual Aggregated,2026-09-20T06:27:59Z
2026-09-20T06:27:27Z,2026-09-20T08:27:27+0200,5dd01d44-5791-4b31-82b5-fd0ca25cd855,2026-09-18T04:00:00Z,2026-09-18T06:00:00+0200,0.127,MW,NL,NL,actual_solar_generation,Solar | Actual Consumption,2026-09-20T06:27:59Z
2026-09-20T06:27:27Z,2026-09-20T08:27:27+0200,5dd01d44-5791-4b31-82b5-fd0ca25cd855,2026-09-18T04:15:00Z,2026-09-18T06:15:00+0200,0.0,MW,NL,NL,actual_solar_generation,Solar | Actual Aggregated,2026-09-20T06:27:59Z
2026-09-20T06:27:27Z,2026-09-20T08:27:27+0200,5dd01d44-5791-4b31-82b5-fd0ca25cd855,2026-09-18T04:15:00Z,2026-09-18T06:15:00+0200,0.116,MW,NL,NL,actual_solar_generation,Solar | Actual Consumption,2026-09-20T06:27:59Z
2026-09-20T06:27:27Z,2026-09-20T08:27:27+0200,5dd01d44-5791-4b31-82b5-fd0ca25cd855,2026-09-18T04:30:00Z,2026-09-18T06:30:00+0200,0.0,MW,NL,NL,actual_solar_generation,Solar | Actual Aggregated,2026-09-20T06:27:59Z
2026-09-20T06:27:27Z,2026-09-20T08:27:27+0200,5dd01d44-5791-4b31-82b5-fd0ca25cd855,2026-09-18T04:30:00Z,2026-09-18T06:30:00+0200,0.138,MW,NL,NL,actual_solar_generation,Solar | Actual Consumption,2026-09-20T06:27:59Z
2026-09-20T06:27:27Z,2026-09-20T08:27:27+0200,5dd01d44-5791-4b31-82b5-fd0ca25cd855,2026-09-18T04:45:00Z,2026-09-18T06:45:00+0200,0.0,MW,NL,NL,actual_solar_generation,Solar | Actual Aggregated,2026-09-20T06:27:59Z
2026-09-20T06:27:27Z,2026-09-20T08:27:27+0200,5dd01d44-5791-4b31-82b5-fd0ca25cd855,2026-09-18T04:45:00Z,2026-09-18T06:45:00+0200,0.113,MW,NL,NL,actual_solar_generation,Solar | Actual Consumption,2026-09-20T06:27:59Z
2026-09-20T06:27:27Z,2026-09-20T08:27:27+0200,5dd01d44-5791-4b31-82b5-fd0ca25cd855,2026-09-18T05:00:00Z,2026-09-18T07:00:00+0200,0.0,MW,NL,NL,actual_solar_generation,Solar | Actual Aggregated,2026-09-20T06:27:59Z
2026-09-20T06:27:27Z,2026-09-20T08:27:27+0200,5dd01d44-5791-4b31-82b5-fd0ca25cd855,2026-09-18T05:00:00Z,2026-09-18T07:00:00+0200,0.127,MW,NL,NL,actual_solar_generation,Solar | Actual Consumption,2026-09-20T06:27:59Z
2026-09-20T06:27:27Z,2026-09-20T08:27:27+0200,5dd01d44-5791-4b31-82b5-fd0ca25cd855,2026-09-18T05:15:00Z,2026-09-18T07:15:00+0200,0.27,MW,NL,NL,actual_solar_generation,Solar | Actual Aggregated,2026-09-20T06:27:59Z
2026-09-20T06:27:27Z,2026-09-20T08:27:27+0200,5dd01d44-5791-4b31-82b5-fd0ca25cd855,2026-09-18T05:15:00Z,2026-09-18T07:15:00+0200,0.127,MW,NL,NL,actual_solar_generation,Solar | Actual Consumption,2026-09-20T06:27:59Z
2026-09-20T06:27:27Z,2026-09-20T08:27:27+0200,5dd01d44-5791-4b31-82b5-fd0ca25cd855,2026-09-18T05:30:00Z,2026-09-18T07:30:00+0200,4.046,MW,NL,NL,actual_solar_generation,Solar | Actual Aggregated,2026-09-20T06:27:59Z
2026-09-20T06:27:27Z,2026-09-20T08:27:27+0200,5dd01d44-5791-4b31-82b5-fd0ca25cd855,2026-09-18T05:30:00Z,2026-09-18T07:30:00+0200,0.0,MW,NL,NL,actual_solar_generation,Solar | Actual Consumption,2026-09-20T06:27:59Z
2026-09-20T06:27:27Z,2026-09-20T08:27:27+0200,5dd01d44-5791-4b31-82b5-fd0ca25cd855,2026-09-18T05:45:00Z,2026-09-18T07:45:00+0200,7.687,MW,NL,NL,actual_solar_generation,Solar | Actual Aggregated,2026-09-20T06:27:59Z
2026-09-20T06:27:27Z,2026-09-20T08:27:27+0200,5dd01d44-5791-4b31-82b5-fd0ca25cd855,2026-09-18T05:45:00Z,2026-09-18T07:45:00+0200,0.0,MW,NL,NL,actual_solar_generation,Solar | Actual Consumption,2026-09-20T06:27:59Z
2026-09-20T06:27:27Z,2026-09-20T08:27:27+0200,5dd01d44-5791-4b31-82b5-fd0ca25cd855,2026-09-18T06:00:00Z,2026-09-18T08:00:00+0200,12.813,MW,NL,NL,actual_solar_generation,Solar | Actual Aggregated,2026-09-20T06:27:59Z
2026-09-20T06:27:27Z,2026-09-20T08:27:27+0200,5dd01d44-5791-4b31-82b5-fd0ca25cd855,2026-09-18T06:00:00Z,2026-09-18T08:00:00+0200,0.0,MW,NL,NL,actual_solar_generation,Solar | Actual Consumption,2026-09-20T06:27:59Z
2026-09-20T06:27:27Z,2026-09-20T08:27:27+0200,5dd01d44-5791-4b31-82b5-fd0ca25cd855,2026-09-18T06:15:00Z,2026-09-18T08:15:00+0200,24.772,MW,NL,NL,actual_solar_generation,Solar | Actual Aggregated,2026-09-20T06:27:59Z
2026-09-20T06:27:27Z,2026-09-20T08:27:27+0200,5dd01d44-5791-4b31-82b5-fd0ca25cd855,2026-09-18T06:15:00Z,2026-09-18T08:15:00+0200,0.0,MW,NL,NL,actual_solar_generation,Solar | Actual Consumption,2026-09-20T06:27:59Z
2026-09-20T06:27:27Z,2026-09-20T08:27:27+0200,5dd01d44-5791-4b31-82b5-fd0ca25cd855,2026-09-18T06:30:00Z,2026-09-18T08:30:00+0200,22.868,MW,NL,NL,actual_solar_generation,Solar | Actual Aggregated,2026-09-20T06:27:59Z
2026-09-20T06:27:27Z,2026-09-20T08:27:27+0200,5dd01d44-5791-4b31-82b5-fd0ca25cd855,2026-09-18T06:30:00Z,2026-09-18T08:30:00+0200,0.0,MW,NL,NL,actual_solar_generation,Solar | Actual Consumption,2026-09-20T06:27:59Z
2026-09-20T06:27:27Z,2026-09-20T08:27:27+0200,5dd01d44-5791-4b31-82b5-fd0ca25cd855,2026-09-18T06:45:00Z,2026-09-18T08:45:00+0200,29.199,MW,NL,NL,actual_solar_generation,Solar | Actual Aggregated,2026-09-20T06:27:59Z
2026-09-20T06:27:27Z,2026-09-20T08:27:27+0200,5dd01d44-5791-4b31-82b5-fd0ca25cd855,2026-09-18T06:45:00Z,2026-09-18T08:45:00+0200,0.0,MW,NL,NL,actual_solar_generation,Solar | Actual Consumption,2026-09-20T06:27:59Z
2026-09-20T06:27:27Z,2026-09-20T08:27:27+0200,5dd01d44-5791-4b31-82b5-fd0ca25cd855,2026-09-18T07:00:00Z,2026-09-18T09:00:00+0200,41.481,MW,NL,NL,actual_solar_generation,Solar | Actual Aggregated,2026-09-20T06:27:59Z
2026-09-20T06:27:27Z,2026-09-20T08:27:27+0200,5dd01d44-5791-4b31-82b5-fd0ca25cd855,2026-09-18T07:00:00Z,2026-09-18T09:00:00+0200,0.0,MW,NL,NL,actual_solar_generation,Solar | Actual Consumption,2026-09-20T06:27:59Z
2026-09-20T06:27:27Z,2026-09-20T08:27:27+0200,5dd01d44-5791-4b31-82b5-fd0ca25cd855,2026-09-18T07:15:00Z,2026-09-18T09:15:00+0200,51.528,MW,NL,NL,actual_solar_generation,Solar | Actual Aggregated,2026-09-20T06:27:59Z
2026-09-20T06:27:27Z,2026-09-20T08:27:27+0200,5dd01d44-5791-4b31-82b5-fd0ca25cd855,2026-09-18T07:15:00Z,2026-09-18T09:15:00+0200,0.0,MW,NL,NL,actual_solar_generation,Solar | Actual Consumption,2026-09-20T06:27:59Z
2026-09-20T06:27:27Z,2026-09-20T08:27:27+0200,5dd01d44-5791-4b31-82b5-fd0ca25cd855,2026-09-18T07:30:00Z,2026-09-18T09:30:00+0200,76.234,MW,NL,NL,actual_solar_generation,Solar | Actual Aggregated,2026-09-20T06:27:59Z
2026-09-20T06:27:27Z,2026-09-20T08:27:27+0200,5dd01d44-5791-4b31-82b5-fd0ca25cd855,2026-09-18T07:30:00Z,2026-09-18T09:30:00+0200,0.0,MW,NL,NL,actual_solar_generation,Solar | Actual Consumption,2026-09-20T06:27:59Z
2026-09-20T06:27:27Z,2026-09-20T08:27:27+0200,5dd01d44-5791-4b31-82b5-fd0ca25cd855,2026-09-18T07:45:00Z,2026-09-18T09:45:00+0200,93.826,MW,NL,NL,actual_solar_generation,Solar | Actual Aggregated,2026-09-20T06:27:59Z
2026-09-20T06:27:27Z,2026-09-20T08:27:27+0200,5dd01d44-5791-4b31-82b5-fd0ca25cd855,2026-09-18T07:45:00Z,2026-09-18T09:45:00+0200,0.0,MW,NL,NL,actual_solar_generation,Solar | Actual Consumption,2026-09-20T06:27:59Z
2026-09-20T06:27:27Z,2026-09-20T08:27:27+0200,5dd01d44-5791-4b31-82b5-fd0ca25cd855,2026-09-18T08:00:00Z,2026-09-18T10:00:00+0200,108.85,MW,NL,NL,actual_solar_generation,Solar | Actual Aggregated,2026-09-20T06:27:59Z
2026-09-20T06:27:27Z,2026-09-20T08:27:27+0200,5dd01d44-5791-4b31-82b5-fd0ca25cd855,2026-09-18T08:00:00Z,2026-09-18T10:00:00+0200,0.0,MW,NL,NL,actual_solar_generation,Solar | Actual Consumption,2026-09-20T06:27:59Z
2026-09-20T06:27:27Z,2026-09-20T08:27:27+0200,5dd01d44-5791-4b31-82b5-fd0ca25cd855,2026-09-18T08:15:00Z,2026-09-18T10:15:00+0200,123.28,MW,NL,NL,actual_solar_generation,Solar | Actual Aggregated,2026-09-20T06:27:59Z
2026-09-20T06:27:27Z,2026-09-20T08:27:27+0200,5dd01d44-5791-4b31-82b5-fd0ca25cd855,2026-09-18T08:15:00Z,2026-09-18T10:15:00+0200,0.0,MW,NL,NL,actual_solar_generation,Solar | Actual Consumption,2026-09-20T06:27:59Z
2026-09-20T06:27:27Z,2026-09-20T08:27:27+0200,5dd01d44-5791-4b31-82b5-fd0ca25cd855,2026-09-18T08:30:00Z,2026-09-18T10:30:00+0200,121.915,MW,NL,NL,actual_solar_generation,Solar | Actual Aggregated,2026-09-20T06:27:59Z
2026-09-20T06:27:27Z,2026-09-20T08:27:27+0200,5dd01d44-5791-4b31-82b5-fd0ca25cd855,2026-09-18T08:30:00Z,2026-09-18T10:30:00+0200,0.0,MW,NL,NL,actual_solar_generation,Solar | Actual Consumption,2026-09-20T06:27:59Z
2026-09-20T06:27:27Z,2026-09-20T08:27:27+0200,5dd01d44-5791-4b31-82b5-fd0ca25cd855,2026-09-18T08:45:00Z,2026-09-18T10:45:00+0200,138.411,MW,NL,NL,actual_solar_generation,Solar | Actual Aggregated,2026-09-20T06:27:59Z
2026-09-20T06:27:27Z,2026-09-20T08:27:27+0200,5dd01d44-5791-4b31-82b5-fd0ca25cd855,2026-09-18T08:45:00Z,2026-09-18T10:45:00+0200,0.0,MW,NL,NL,actual_solar_generation,Solar | Actual Consumption,2026-09-20T06:27:59Z
2026-09-20T06:27:27Z,2026-09-20T08:27:27+0200,5dd01d44-5791-4b31-82b5-fd0ca25cd855,2026-09-18T09:00:00Z,2026-09-18T11:00:00+0200,135.236,MW,NL,NL,actual_solar_generation,Solar | Actual Aggregated,2026-09-20T06:27:59Z
2026-09-20T06:27:27Z,2026-09-20T08:27:27+0200,5dd01d44-5791-4b31-82b5-fd0ca25cd855,2026-09-18T09:00:00Z,2026-09-18T11:00:00+0200,0.0,MW,NL,NL,actual_solar_generation,Solar | Actual Consumption,2026-09-20T06:27:59Z
2026-09-20T06:27:27Z,2026-09-20T08:27:27+0200,5dd01d44-5791-4b31-82b5-fd0ca25cd855,2026-09-18T09:15:00Z,2026-09-18T11:15:00+0200,89.252,MW,NL,NL,actual_solar_generation,Solar | Actual Aggregated,2026-09-20T06:27:59Z
2026-09-20T06:27:27Z,2026-09-20T08:27:27+0200,5dd01d44-5791-4b31-82b5-fd0ca25cd855,2026-09-18T09:15:00Z,2026-09-18T11:15:00+0200,0.0,MW,NL,NL,actual_solar_generation,Solar | Actual Consumption,2026-09-20T06:27:59Z
2026-09-20T06:27:27Z,2026-09-20T08:27:27+0200,5dd01d44-5791-4b31-82b5-fd0ca25cd855,2026-09-18T09:30:00Z,2026-09-18T11:30:00+0200,88.203,MW,NL,NL,actual_solar_generation,Solar | Actual Aggregated,2026-09-20T06:27:59Z
2026-09-20T06:27:27Z,2026-09-20T08:27:27+0200,5dd01d44-5791-4b31-82b5-fd0ca25cd855,2026-09-18T09:30:00Z,2026-09-18T11:30:00+0200,0.0,MW,NL,NL,actual_solar_generation,Solar | Actual Consumption,2026-09-20T06:27:59Z
2026-09-20T06:27:27Z,2026-09-20T08:27:27+0200,5dd01d44-5791-4b31-82b5-fd0ca25cd855,2026-09-18T09:45:00Z,2026-09-18T11:45:00+0200,162.449,MW,NL,NL,actual_solar_generation,Solar | Actual Aggregated,2026-09-20T06:27:59Z
2026-09-20T06:27:27Z,2026-09-20T08:27:27+0200,5dd01d44-5791-4b31-82b5-fd0ca25cd855,2026-09-18T09:45:00Z,2026-09-18T11:45:00+0200,0.0,MW,NL,NL,actual_solar_generation,Solar | Actual Consumption,2026-09-20T06:27:59Z
2026-09-20T06:27:27Z,2026-09-20T08:27:27+0200,5dd01d44-5791-4b31-82b5-fd0ca25cd855,2026-09-18T10:00:00Z,2026-09-18T12:00:00+0200,171.83,MW,NL,NL,actual_solar_generation,Solar | Actual Aggregated,2026-09-20T06:27:59Z
2026-09-20T06:27:27Z,2026-09-20T08:27:27+0200,5dd01d44-5791-4b31-82b5-fd0ca25cd855,2026-09-18T10:00:00Z,2026-09-18T12:00:00+0200,0.0,MW,NL,NL,actual_solar_generation,Solar | Actual Consumption,2026-09-20T06:27:59Z
2026-09-20T06:27:27Z,2026-09-20T08:27:27+0200,5dd01d44-5791-4b31-82b5-fd0ca25cd855,2026-09-18T10:15:00Z,2026-09-18T12:15:00+0200,113.852,MW,NL,NL,actual_solar_generation,Solar | Actual Aggregated,2026-09-20T06:27:59Z
2026-09-20T06:27:27Z,2026-09-20T08:27:27+0200,5dd01d44-5791-4b31-82b5-fd0ca25cd855,2026-09-18T10:15:00Z,2026-09-18T12:15:00+0200,0.0,MW,NL,NL,actual_solar_generation,Solar | Actual Consumption,2026-09-20T06:27:59Z
2026-09-20T06:27:27Z,2026-09-20T08:27:27+0200,5dd01d44-5791-4b31-82b5-fd0ca25cd855,2026-09-18T10:30:00Z,2026-09-18T12:30:00+0200,132.661,MW,NL,NL,actual_solar_generation,Solar | Actual Aggregated,2026-09-20T06:27:59Z
2026-09-20T06:27:27Z,2026-09-20T08:27:27+0200,5dd01d44-5791-4b31-82b5-fd0ca25cd855,2026-09-18T10:30:00Z,2026-09-18T12:30:00+0200,0.0,MW,NL,NL,actual_solar_generation,Solar | Actual Consumption,2026-09-20T06:27:59Z
2026-09-20T06:27:27Z,2026-09-20T08:27:27+0200,5dd01d44-5791-4b31-82b5-fd0ca25cd855,2026-09-18T10:45:00Z,2026-09-18T12:45:00+0200,161.663,MW,NL,NL,actual_solar_generation,Solar | Actual Aggregated,2026-09-20T06:27:59Z
2026-09-20T06:27:27Z,2026-09-20T08:27:27+0200,5dd01d44-5791-4b31-82b5-fd0ca25cd855,2026-09-18T10:45:00Z,2026-09-18T12:45:00+0200,0.0,MW,NL,NL,actual_solar_generation,Solar | Actual Consumption,2026-09-20T06:27:59Z
2026-09-20T06:27:27Z,2026-09-20T08:27:27+0200,5dd01d44-5791-4b31-82b5-fd0ca25cd855,2026-09-18T11:00:00Z,2026-09-18T13:00:00+0200,108.422,MW,NL,NL,actual_solar_generation,Solar | Actual Aggregated,2026-09-20T06:27:59Z
2026-09-20T06:27:27Z,2026-09-20T08:27:27+0200,5dd01d44-5791-4b31-82b5-fd0ca25cd855,2026-09-18T11:00:00Z,2026-09-18T13:00:00+0200,0.0,MW,NL,NL,actual_solar_generation,Solar | Actual Consumption,2026-09-20T06:27:59Z
2026-09-20T06:27:27Z,2026-09-20T08:27:27+0200,5dd01d44-5791-4b31-82b5-fd0ca25cd855,2026-09-18T11:15:00Z,2026-09-18T13:15:00+0200,89.613,MW,NL,NL,actual_solar_generation,Solar | Actual Aggregated,2026-09-20T06:27:59Z
2026-09-20T06:27:27Z,2026-09-20T08:27:27+0200,5dd01d44-5791-4b31-82b5-fd0ca25cd855,2026-09-18T11:15:00Z,2026-09-18T13:15:00+0200,0.0,MW,NL,NL,actual_solar_generation,Solar | Actual Consumption,2026-09-20T06:27:59Z
2026-09-20T06:27:27Z,2026-09-20T08:27:27+0200,5dd01d44-5791-4b31-82b5-fd0ca25cd855,2026-09-18T11:30:00Z,2026-09-18T13:30:00+0200,92.632,MW,NL,NL,actual_solar_generation,Solar | Actual Aggregated,2026-09-20T06:27:59Z
2026-09-20T06:27:27Z,2026-09-20T08:27:27+0200,5dd01d44-5791-4b31-82b5-fd0ca25cd855,2026-09-18T11:30:00Z,2026-09-18T13:30:00+0200,0.0,MW,NL,NL,actual_solar_generation,Solar | Actual Consumption,2026-09-20T06:27:59Z
2026-09-20T06:27:27Z,2026-09-20T08:27:27+0200,5dd01d44-5791-4b31-82b5-fd0ca25cd855,2026-09-18T11:45:00Z,2026-09-18T13:45:00+0200,92.111,MW,NL,NL,actual_solar_generation,Solar | Actual Aggregated,2026-09-20T06:27:59Z
2026-09-20T06:27:27Z,2026-09-20T08:27:27+0200,5dd01d44-5791-4b31-82b5-fd0ca25cd855,2026-09-18T11:45:00Z,2026-09-18T13:45:00+0200,0.0,MW,NL,NL,actual_solar_generation,Solar | Actual Consumption,2026-09-20T06:27:59Z
2026-09-20T06:27:27Z,2026-09-20T08:27:27+0200,5dd01d44-5791-4b31-82b5-fd0ca25cd855,2026-09-18T12:00:00Z,2026-09-18T14:00:00+0200,88.176,MW,NL,NL,actual_solar_generation,Solar | Actual Aggregated,2026-09-20T06:27:59Z
2026-09-20T06:27:27Z,2026-09-20T08:27:27+0200,5dd01d44-5791-4b31-82b5-fd0ca25cd855,2026-09-18T12:00:00Z,2026-09-18T14:00:00+0200,0.0,MW,NL,NL,actual_solar_generation,Solar | Actual Consumption,2026-09-20T06:27:59Z
2026-09-20T06:27:27Z,2026-09-20T08:27:27+0200,5dd01d44-5791-4b31-82b5-fd0ca25cd855,2026-09-18T12:15:00Z,2026-09-18T14:15:00+0200,83.889,MW,NL,NL,actual_solar_generation,Solar | Actual Aggregated,2026-09-20T06:27:59Z
2026-09-20T06:27:27Z,2026-09-20T08:27:27+0200,5dd01d44-5791-4b31-82b5-fd0ca25cd855,2026-09-18T12:15:00Z,2026-09-18T14:15:00+0200,0.0,MW,NL,NL,actual_solar_generation,Solar | Actual Consumption,2026-09-20T06:27:59Z
2026-09-20T06:27:27Z,2026-09-20T08:27:27+0200,5dd01d44-5791-4b31-82b5-fd0ca25cd855,2026-09-18T12:30:00Z,2026-09-18T14:30:00+0200,71.973,MW,NL,NL,actual_solar_generation,Solar | Actual Aggregated,2026-09-20T06:27:59Z
2026-09-20T06:27:27Z,2026-09-20T08:27:27+0200,5dd01d44-5791-4b31-82b5-fd0ca25cd855,2026-09-18T12:30:00Z,2026-09-18T14:30:00+0200,0.0,MW,NL,NL,actual_solar_generation,Solar | Actual Consumption,2026-09-20T06:27:59Z
2026-09-20T06:27:27Z,2026-09-20T08:27:27+0200,5dd01d44-5791-4b31-82b5-fd0ca25cd855,2026-09-18T12:45:00Z,2026-09-18T14:45:00+0200,85.552,MW,NL,NL,actual_solar_generation,Solar | Actual Aggregated,2026-09-20T06:27:59Z
2026-09-20T06:27:27Z,2026-09-20T08:27:27+0200,5dd01d44-5791-4b31-82b5-fd0ca25cd855,2026-09-18T12:45:00Z,2026-09-18T14:45:00+0200,0.0,MW,NL,NL,actual_solar_generation,Solar | Actual Consumption,2026-09-20T06:27:59Z
2026-09-20T06:27:27Z,2026-09-20T08:27:27+0200,5dd01d44-5791-4b31-82b5-fd0ca25cd855,2026-09-18T13:00:00Z,2026-09-18T15:00:00+0200,60.141,MW,NL,NL,actual_solar_generation,Solar | Actual Aggregated,2026-09-20T06:27:59Z
2026-09-20T06:27:27Z,2026-09-20T08:27:27+0200,5dd01d44-5791-4b31-82b5-fd0ca25cd855,2026-09-18T13:00:00Z,2026-09-18T15:00:00+0200,0.0,MW,NL,NL,actual_solar_generation,Solar | Actual Consumption,2026-09-20T06:27:59Z
2026-09-20T06:27:27Z,2026-09-20T08:27:27+0200,5dd01d44-5791-4b31-82b5-fd0ca25cd855,2026-09-18T13:15:00Z,2026-09-18T15:15:00+0200,43.19,MW,NL,NL,actual_solar_generation,Solar | Actual Aggregated,2026-09-20T06:27:59Z
2026-09-20T06:27:27Z,2026-09-20T08:27:27+0200,5dd01d44-5791-4b31-82b5-fd0ca25cd855,2026-09-18T13:15:00Z,2026-09-18T15:15:00+0200,0.0,MW,NL,NL,actual_solar_generation,Solar | Actual Consumption,2026-09-20T06:27:59Z
2026-09-20T06:27:27Z,2026-09-20T08:27:27+0200,5dd01d44-5791-4b31-82b5-fd0ca25cd855,2026-09-18T13:30:00Z,2026-09-18T15:30:00+0200,69.673,MW,NL,NL,actual_solar_generation,Solar | Actual Aggregated,2026-09-20T06:27:59Z
2026-09-20T06:27:27Z,2026-09-20T08:27:27+0200,5dd01d44-5791-4b31-82b5-fd0ca25cd855,2026-09-18T13:30:00Z,2026-09-18T15:30:00+0200,0.0,MW,NL,NL,actual_solar_generation,Solar | Actual Consumption,2026-09-20T06:27:59Z
2026-09-20T06:27:27Z,2026-09-20T08:27:27+0200,5dd01d44-5791-4b31-82b5-fd0ca25cd855,2026-09-18T13:45:00Z,2026-09-18T15:45:00+0200,75.066,MW,NL,NL,actual_solar_generation,Solar | Actual Aggregated,2026-09-20T06:27:59Z
2026-09-20T06:27:27Z,2026-09-20T08:27:27+0200,5dd01d44-5791-4b31-82b5-fd0ca25cd855,2026-09-18T13:45:00Z,2026-09-18T15:45:00+0200,0.0,MW,NL,NL,actual_solar_generation,Solar | Actual Consumption,2026-09-20T06:27:59Z
2026-09-20T06:27:27Z,2026-09-20T08:27:27+0200,5dd01d44-5791-4b31-82b5-fd0ca25cd855,2026-09-18T14:00:00Z,2026-09-18T16:00:00+0200,91.407,MW,NL,NL,actual_solar_generation,Solar | Actual Aggregated,2026-09-20T06:27:59Z
2026-09-20T06:27:27Z,2026-09-20T08:27:27+0200,5dd01d44-5791-4b31-82b5-fd0ca25cd855,2026-09-18T14:00:00Z,2026-09-18T16:00:00+0200,0.0,MW,NL,NL,actual_solar_generation,Solar | Actual Consumption,2026-09-20T06:27:59Z
2026-09-20T06:27:27Z,2026-09-20T08:27:27+0200,5dd01d44-5791-4b31-82b5-fd0ca25cd855,2026-09-18T14:15:00Z,2026-09-18T16:15:00+0200,74.301,MW,NL,NL,actual_solar_generation,Solar | Actual Aggregated,2026-09-20T06:27:59Z
2026-09-20T06:27:27Z,2026-09-20T08:27:27+0200,5dd01d44-5791-4b31-82b5-fd0ca25cd855,2026-09-18T14:15:00Z,2026-09-18T16:15:00+0200,0.0,MW,NL,NL,actual_solar_generation,Solar | Actual Consumption,2026-09-20T06:27:59Z
2026-09-20T06:27:27Z,2026-09-20T08:27:27+0200,5dd01d44-5791-4b31-82b5-fd0ca25cd855,2026-09-18T14:30:00Z,2026-09-18T16:30:00+0200,59.195,MW,NL,NL,actual_solar_generation,Solar | Actual Aggregated,2026-09-20T06:27:59Z
2026-09-20T06:27:27Z,2026-09-20T08:27:27+0200,5dd01d44-5791-4b31-82b5-fd0ca25cd855,2026-09-18T14:30:00Z,2026-09-18T16:30:00+0200,0.0,MW,NL,NL,actual_solar_generation,Solar | Actual Consumption,2026-09-20T06:27:59Z
2026-09-20T06:27:27Z,2026-09-20T08:27:27+0200,5dd01d44-5791-4b31-82b5-fd0ca25cd855,2026-09-18T14:45:00Z,2026-09-18T16:45:00+0200,34.592,MW,NL,NL,actual_solar_generation,Solar | Actual Aggregated,2026-09-20T06:27:59Z
2026-09-20T06:27:27Z,2026-09-20T08:27:27+0200,5dd01d44-5791-4b31-82b5-fd0ca25cd855,2026-09-18T14:45:00Z,2026-09-18T16:45:00+0200,0.0,MW,NL,NL,actual_solar_generation,Solar | Actual Consumption,2026-09-20T06:27:59Z
2026-09-20T06:27:27Z,2026-09-20T08:27:27+0200,5dd01d44-5791-4b31-82b5-fd0ca25cd855,2026-09-18T15:00:00Z,2026-09-18T17:00:00+0200,45.986,MW,NL,NL,actual_solar_generation,Solar | Actual Aggregated,2026-09-20T06:27:59Z
2026-09-20T06:27:27Z,2026-09-20T08:27:27+0200,5dd01d44-5791-4b31-82b5-fd0ca25cd855,2026-09-18T15:00:00Z,2026-09-18T17:00:00+0200,0.0,MW,NL,NL,actual_solar_generation,Solar | Actual Consumption,2026-09-20T06:27:59Z
2026-09-20T06:27:27Z,2026-09-20T08:27:27+0200,5dd01d44-5791-4b31-82b5-fd0ca25cd855,2026-09-18T15:15:00Z,2026-09-18T17:15:00+0200,48.79,MW,NL,NL,actual_solar_generation,Solar | Actual Aggregated,2026-09-20T06:27:59Z
2026-09-20T06:27:27Z,2026-09-20T08:27:27+0200,5dd01d44-5791-4b31-82b5-fd0ca25cd855,2026-09-18T15:15:00Z,2026-09-18T17:15:00+0200,0.0,MW,NL,NL,actual_solar_generation,Solar | Actual Consumption,2026-09-20T06:27:59Z
2026-09-20T06:27:27Z,2026-09-20T08:27:27+0200,5dd01d44-5791-4b31-82b5-fd0ca25cd855,2026-09-18T15:30:00Z,2026-09-18T17:30:00+0200,36.946,MW,NL,NL,actual_solar_generation,Solar | Actual Aggregated,2026-09-20T06:27:59Z
2026-09-20T06:27:27Z,2026-09-20T08:27:27+0200,5dd01d44-5791-4b31-82b5-fd0ca25cd855,2026-09-18T15:30:00Z,2026-09-18T17:30:00+0200,0.0,MW,NL,NL,actual_solar_generation,Solar | Actual Consumption,2026-09-20T06:27:59Z
2026-09-20T06:27:27Z,2026-09-20T08:27:27+0200,5dd01d44-5791-4b31-82b5-fd0ca25cd855,2026-09-18T15:45:00Z,2026-09-18T17:45:00+0200,31.285,MW,NL,NL,actual_solar_generation,Solar | Actual Aggregated,2026-09-20T06:27:59Z
2026-09-20T06:27:27Z,2026-09-20T08:27:27+0200,5dd01d44-5791-4b31-82b5-fd0ca25cd855,2026-09-18T15:45:00Z,2026-09-18T17:45:00+0200,0.0,MW,NL,NL,actual_solar_generation,Solar | Actual Consumption,2026-09-20T06:27:59Z
2026-09-20T06:27:27Z,2026-09-20T08:27:27+0200,5dd01d44-5791-4b31-82b5-fd0ca25cd855,2026-09-18T16:00:00Z,2026-09-18T18:00:00+0200,12.526,MW,NL,NL,actual_solar_generation,Solar | Actual Aggregated,2026-09-20T06:27:59Z
2026-09-20T06:27:27Z,2026-09-20T08:27:27+0200,5dd01d44-5791-4b31-82b5-fd0ca25cd855,2026-09-18T16:00:00Z,2026-09-18T18:00:00+0200,0.0,MW,NL,NL,actual_solar_generation,Solar | Actual Consumption,2026-09-20T06:27:59Z
2026-09-20T06:27:27Z,2026-09-20T08:27:27+0200,5dd01d44-5791-4b31-82b5-fd0ca25cd855,2026-09-18T16:15:00Z,2026-09-18T18:15:00+0200,12.734,MW,NL,NL,actual_solar_generation,Solar | Actual Aggregated,2026-09-20T06:27:59Z
2026-09-20T06:27:27Z,2026-09-20T08:27:27+0200,5dd01d44-5791-4b31-82b5-fd0ca25cd855,2026-09-18T16:15:00Z,2026-09-18T18:15:00+0200,0.0,MW,NL,NL,actual_solar_generation,Solar | Actual Consumption,2026-09-20T06:27:59Z
2026-09-20T06:27:27Z,2026-09-20T08:27:27+0200,5dd01d44-5791-4b31-82b5-fd0ca25cd855,2026-09-18T16:30:00Z,2026-09-18T18:30:00+0200,18.936,MW,NL,NL,actual_solar_generation,Solar | Actual Aggregated,2026-09-20T06:27:59Z
2026-09-20T06:27:27Z,2026-09-20T08:27:27+0200,5dd01d44-5791-4b31-82b5-fd0ca25cd855,2026-09-18T16:30:00Z,2026-09-18T18:30:00+0200,0.0,MW,NL,NL,actual_solar_generation,Solar | Actual Consumption,2026-09-20T06:27:59Z
2026-09-20T06:27:27Z,2026-09-20T08:27:27+0200,5dd01d44-5791-4b31-82b5-fd0ca25cd855,2026-09-18T16:45:00Z,2026-09-18T18:45:00+0200,19.771,MW,NL,NL,actual_solar_generation,Solar | Actual Aggregated,2026-09-20T06:27:59Z
2026-09-20T06:27:27Z,2026-09-20T08:27:27+0200,5dd01d44-5791-4b31-82b5-fd0ca25cd855,2026-09-18T16:45:00Z,2026-09-18T18:45:00+0200,0.0,MW,NL,NL,actual_solar_generation,Solar | Actual Consumption,2026-09-20T06:27:59Z
2026-09-20T06:27:27Z,2026-09-20T08:27:27+0200,5dd01d44-5791-4b31-82b5-fd0ca25cd855,2026-09-18T17:00:00Z,2026-09-18T19:00:00+0200,7.933,MW,NL,NL,actual_solar_generation,Solar | Actual Aggregated,2026-09-20T06:27:59Z
2026-09-20T06:27:27Z,2026-09-20T08:27:27+0200,5dd01d44-5791-4b31-82b5-fd0ca25cd855,2026-09-18T17:00:00Z,2026-09-18T19:00:00+0200,0.0,MW,NL,NL,actual_solar_generation,Solar | Actual Consumption,2026-09-20T06:27:59Z
2026-09-20T06:27:27Z,2026-09-20T08:27:27+0200,5dd01d44-5791-4b31-82b5-fd0ca25cd855,2026-09-18T17:15:00Z,2026-09-18T19:15:00+0200,2.385,MW,NL,NL,actual_solar_generation,Solar | Actual Aggregated,2026-09-20T06:27:59Z
2026-09-20T06:27:27Z,2026-09-20T08:27:27+0200,5dd01d44-5791-4b31-82b5-fd0ca25cd855,2026-09-18T17:15:00Z,2026-09-18T19:15:00+0200,0.0,MW,NL,NL,actual_solar_generation,Solar | Actual Consumption,2026-09-20T06:27:59Z
2026-09-20T06:27:27Z,2026-09-20T08:27:27+0200,5dd01d44-5791-4b31-82b5-fd0ca25cd855,2026-09-18T17:30:00Z,2026-09-18T19:30:00+0200,0.0,MW,NL,NL,actual_solar_generation,Solar | Actual Aggregated,2026-09-20T06:27:59Z
2026-09-20T06:27:27Z,2026-09-20T08:27:27+0200,5dd01d44-5791-4b31-82b5-fd0ca25cd855,2026-09-18T17:30:00Z,2026-09-18T19:30:00+0200,0.757,MW,NL,NL,actual_solar_generation,Solar | Actual Consumption,2026-09-20T06:27:59Z
2026-09-20T06:27:27Z,2026-09-20T08:27:27+0200,5dd01d44-5791-4b31-82b5-fd0ca25cd855,2026-09-18T17:45:00Z,2026-09-18T19:45:00+0200,0.0,MW,NL,NL,actual_solar_generation,Solar | Actual Aggregated,2026-09-20T06:27:59Z
2026-09-20T06:27:27Z,2026-09-20T08:27:27+0200,5dd01d44-5791-4b31-82b5-fd0ca25cd855,2026-09-18T17:45:00Z,2026-09-18T19:45:00+0200,0.125,MW,NL,NL,actual_solar_generation,Solar | Actual Consumption,2026-09-20T06:27:59Z
2026-09-20T06:27:27Z,2026-09-20T08:27:27+0200,5dd01d44-5791-4b31-82b5-fd0ca25cd855,2026-09-18T18:00:00Z,2026-09-18T20:00:00+0200,0.0,MW,NL,NL,actual_solar_generation,Solar | Actual Aggregated,2026-09-20T06:27:59Z
2026-09-20T06:27:27Z,2026-09-20T08:27:27+0200,5dd01d44-5791-4b31-82b5-fd0ca25cd855,2026-09-18T18:00:00Z,2026-09-18T20:00:00+0200,0.117,MW,NL,NL,actual_solar_generation,Solar | Actual Consumption,2026-09-20T06:27:59Z
2026-09-20T06:27:27Z,2026-09-20T08:27:27+0200,5dd01d44-5791-4b31-82b5-fd0ca25cd855,2026-09-18T18:15:00Z,2026-09-18T20:15:00+0200,0.0,MW,NL,NL,actual_solar_generation,Solar | Actual Aggregated,2026-09-20T06:27:59Z
2026-09-20T06:27:27Z,2026-09-20T08:27:27+0200,5dd01d44-5791-4b31-82b5-fd0ca25cd855,2026-09-18T18:15:00Z,2026-09-18T20:15:00+0200,0.134,MW,NL,NL,actual_solar_generation,Solar | Actual Consumption,2026-09-20T06:27:59Z
2026-09-20T06:27:27Z,2026-09-20T08:27:27+0200,5dd01d44-5791-4b31-82b5-fd0ca25cd855,2026-09-18T18:30:00Z,2026-09-18T20:30:00+0200,0.0,MW,NL,NL,actual_solar_generation,Solar | Actual Aggregated,2026-09-20T06:27:59Z
2026-09-20T06:27:27Z,2026-09-20T08:27:27+0200,5dd01d44-5791-4b31-82b5-fd0ca25cd855,2026-09-18T18:30:00Z,2026-09-18T20:30:00+0200,0.121,MW,NL,NL,actual_solar_generation,Solar | Actual Consumption,2026-09-20T06:27:59Z
2026-09-20T06:27:27Z,2026-09-20T08:27:27+0200,5dd01d44-5791-4b31-82b5-fd0ca25cd855,2026-09-18T18:45:00Z,2026-09-18T20:45:00+0200,0.0,MW,NL,NL,actual_solar_generation,Solar | Actual Aggregated,2026-09-20T06:27:59Z
2026-09-20T06:27:27Z,2026-09-20T08:27:27+0200,5dd01d44-5791-4b31-82b5-fd0ca25cd855,2026-09-18T18:45:00Z,2026-09-18T20:45:00+0200,0.12,MW,NL,NL,actual_solar_generation,Solar | Actual Consumption,2026-09-20T06:27:59Z
2026-09-20T06:27:27Z,2026-09-20T08:27:27+0200,5dd01d44-5791-4b31-82b5-fd0ca25cd855,2026-09-18T19:00:00Z,2026-09-18T21:00:00+0200,0.0,MW,NL,NL,actual_solar_generation,Solar | Actual Aggregated,2026-09-20T06:27:59Z
2026-09-20T06:27:27Z,2026-09-20T08:27:27+0200,5dd01d44-5791-4b31-82b5-fd0ca25cd855,2026-09-18T19:00:00Z,2026-09-18T21:00:00+0200,0.123,MW,NL,NL,actual_solar_generation,Solar | Actual Consumption,2026-09-20T06:27:59Z
2026-09-20T06:27:27Z,2026-09-20T08:27:27+0200,5dd01d44-5791-4b31-82b5-fd0ca25cd855,2026-09-18T19:15:00Z,2026-09-18T21:15:00+0200,0.0,MW,NL,NL,actual_solar_generation,Solar | Actual Aggregated,2026-09-20T06:27:59Z
2026-09-20T06:27:27Z,2026-09-20T08:27:27+0200,5dd01d44-5791-4b31-82b5-fd0ca25cd855,2026-09-18T19:15:00Z,2026-09-18T21:15:00+0200,0.123,MW,NL,NL,actual_solar_generation,Solar | Actual Consumption,2026-09-20T06:27:59Z
2026-09-20T06:27:27Z,2026-09-20T08:27:27+0200,5dd01d44-5791-4b31-82b5-fd0ca25cd855,2026-09-18T19:30:00Z,2026-09-18T21:30:00+0200,0.0,MW,NL,NL,actual_solar_generation,Solar | Actual Aggregated,2026-09-20T06:27:59Z
2026-09-20T06:27:27Z,2026-09-20T08:27:27+0200,5dd01d44-5791-4b31-82b5-fd0ca25cd855,2026-09-18T19:30:00Z,2026-09-18T21:30:00+0200,0.123,MW,NL,NL,actual_solar_generation,Solar | Actual Consumption,2026-09-20T06:27:59Z
2026-09-20T06:27:27Z,2026-09-20T08:27:27+0200,5dd01d44-5791-4b31-82b5-fd0ca25cd855,2026-09-18T19:45:00Z,2026-09-18T21:45:00+0200,0.0,MW,NL,NL,actual_solar_generation,Solar | Actual Aggregated,2026-09-20T06:27:59Z
2026-09-20T06:27:27Z,2026-09-20T08:27:27+0200,5dd01d44-5791-4b31-82b5-fd0ca25cd855,2026-09-18T19:45:00Z,2026-09-18T21:45:00+0200,0.123,MW,NL,NL,actual_solar_generation,Solar | Actual Consumption,2026-09-20T06:27:59Z
2026-09-20T06:27:27Z,2026-09-20T08:27:27+0200,5dd01d44-5791-4b31-82b5-fd0ca25cd855,2026-09-18T20:00:00Z,2026-09-18T22:00:00+0200,0.0,MW,NL,NL,actual_solar_generation,Solar | Actual Aggregated,2026-09-20T06:27:59Z
2026-09-20T06:27:27Z,2026-09-20T08:27:27+0200,5dd01d44-5791-4b31-82b5-fd0ca25cd855,2026-09-18T20:00:00Z,2026-09-18T22:00:00+0200,0.123,MW,NL,NL,actual_solar_generation,Solar | Actual Consumption,2026-09-20T06:27:59Z
2026-09-20T06:27:27Z,2026-09-20T08:27:27+0200,5dd01d44-5791-4b31-82b5-fd0ca25cd855,2026-09-18T20:15:00Z,2026-09-18T22:15:00+0200,0.0,MW,NL,NL,actual_solar_generation,Solar | Actual Aggregated,2026-09-20T06:27:59Z
2026-09-20T06:27:27Z,2026-09-20T08:27:27+0200,5dd01d44-5791-4b31-82b5-fd0ca25cd855,2026-09-18T20:15:00Z,2026-09-18T22:15:00+0200,0.123,MW,NL,NL,actual_solar_generation,Solar | Actual Consumption,2026-09-20T06:27:59Z
2026-09-20T06:27:27Z,2026-09-20T08:27:27+0200,5dd01d44-5791-4b31-82b5-fd0ca25cd855,2026-09-18T20:30:00Z,2026-09-18T22:30:00+0200,0.0,MW,NL,NL,actual_solar_generation,Solar | Actual Aggregated,2026-09-20T06:27:59Z
2026-09-20T06:27:27Z,2026-09-20T08:27:27+0200,5dd01d44-5791-4b31-82b5-fd0ca25cd855,2026-09-18T20:30:00Z,2026-09-18T22:30:00+0200,0.123,MW,NL,NL,actual_solar_generation,Solar | Actual Consumption,2026-09-20T06:27:59Z
2026-09-20T06:27:27Z,2026-09-20T08:27:27+0200,5dd01d44-5791-4b31-82b5-fd0ca25cd855,2026-09-18T20:45:00Z,2026-09-18T22:45:00+0200,0.0,MW,NL,NL,actual_solar_generation,Solar | Actual Aggregated,2026-09-20T06:27:59Z
2026-09-20T06:27:27Z,2026-09-20T08:27:27+0200,5dd01d44-5791-4b31-82b5-fd0ca25cd855,2026-09-18T20:45:00Z,2026-09-18T22:45:00+0200,0.134,MW,NL,NL,actual_solar_generation,Solar | Actual Consumption,2026-09-20T06:27:59Z
2026-09-20T06:27:27Z,2026-09-20T08:27:27+0200,5dd01d44-5791-4b31-82b5-fd0ca25cd855,2026-09-18T21:00:00Z,2026-09-18T23:00:00+0200,0.0,MW,NL,NL,actual_solar_generation,Solar | Actual Aggregated,2026-09-20T06:27:59Z
2026-09-20T06:27:27Z,2026-09-20T08:27:27+0200,5dd01d44-5791-4b31-82b5-fd0ca25cd855,2026-09-18T21:00:00Z,2026-09-18T23:00:00+0200,0.121,MW,NL,NL,actual_solar_generation,Solar | Actual Consumption,2026-09-20T06:27:59Z
2026-09-20T06:27:27Z,2026-09-20T08:27:27+0200,5dd01d44-5791-4b31-82b5-fd0ca25cd855,2026-09-18T21:15:00Z,2026-09-18T23:15:00+0200,0.0,MW,NL,NL,actual_solar_generation,Solar | Actual Aggregated,2026-09-20T06:27:59Z
2026-09-20T06:27:27Z,2026-09-20T08:27:27+0200,5dd01d44-5791-4b31-82b5-fd0ca25cd855,2026-09-18T21:15:00Z,2026-09-18T23:15:00+0200,0.137,MW,NL,NL,actual_solar_generation,Solar | Actual Consumption,2026-09-20T06:27:59Z
2026-09-20T06:27:27Z,2026-09-20T08:27:27+0200,5dd01d44-5791-4b31-82b5-fd0ca25cd855,2026-09-18T21:30:00Z,2026-09-18T23:30:00+0200,0.0,MW,NL,NL,actual_solar_generation,Solar | Actual Aggregated,2026-09-20T06:27:59Z
2026-09-20T06:27:27Z,2026-09-20T08:27:27+0200,5dd01d44-5791-4b31-82b5-fd0ca25cd855,2026-09-18T21:30:00Z,2026-09-18T23:30:00+0200,0.126,MW,NL,NL,actual_solar_generation,Solar | Actual Consumption,2026-09-20T06:27:59Z
2026-09-20T06:27:27Z,2026-09-20T08:27:27+0200,5dd01d44-5791-4b31-82b5-fd0ca25cd855,2026-09-18T21:45:00Z,2026-09-18T23:45:00+0200,0.0,MW,NL,NL,actual_solar_generation,Solar | Actual Aggregated,2026-09-20T06:27:59Z
2026-09-20T06:27:27Z,2026-09-20T08:27:27+0200,5dd01d44-5791-4b31-82b5-fd0ca25cd855,2026-09-18T21:45:00Z,2026-09-18T23:45:00+0200,0.121,MW,NL,NL,actual_solar_generation,Solar | Actual Consumption,2026-09-20T06:27:59Z
2026-09-20T06:27:27Z,2026-09-20T08:27:27+0200,5dd01d44-5791-4b31-82b5-fd0ca25cd855,2026-09-18T22:00:00Z,2026-09-19T00:00:00+0200,0.0,MW,NL,NL,actual_solar_generation,Solar | Actual Aggregated,2026-09-20T06:27:59Z
2026-09-20T06:27:27Z,2026-09-20T08:27:27+0200,5dd01d44-5791-4b31-82b5-fd0ca25cd855,2026-09-18T22:00:00Z,2026-09-19T00:00:00+0200,0.121,MW,NL,NL,actual_solar_generation,Solar | Actual Consumption,2026-09-20T06:27:59Z
2026-09-20T06:27:27Z,2026-09-20T08:27:27+0200,5dd01d44-5791-4b31-82b5-fd0ca25cd855,2026-09-18T22:15:00Z,2026-09-19T00:15:00+0200,0.0,MW,NL,NL,actual_solar_generation,Solar | Actual Aggregated,2026-09-20T06:27:59Z
2026-09-20T06:27:27Z,2026-09-20T08:27:27+0200,5dd01d44-5791-4b31-82b5-fd0ca25cd855,2026-09-18T22:15:00Z,2026-09-19T00:15:00+0200,0.126,MW,NL,NL,actual_solar_generation,Solar | Actual Consumption,2026-09-20T06:27:59Z
2026-09-20T06:27:27Z,2026-09-20T08:27:27+0200,5dd01d44-5791-4b31-82b5-fd0ca25cd855,2026-09-18T22:30:00Z,2026-09-19T00:30:00+0200,0.0,MW,NL,NL,actual_solar_generation,Solar | Actual Aggregated,2026-09-20T06:27:59Z
2026-09-20T06:27:27Z,2026-09-20T08:27:27+0200,5dd01d44-5791-4b31-82b5-fd0ca25cd855,2026-09-18T22:30:00Z,2026-09-19T00:30:00+0200,0.126,MW,NL,NL,actual_solar_generation,Solar | Actual Consumption,2026-09-20T06:27:59Z
2026-09-20T06:27:27Z,2026-09-20T08:27:27+0200,5dd01d44-5791-4b31-82b5-fd0ca25cd855,2026-09-18T22:45:00Z,2026-09-19T00:45:00+0200,0.0,MW,NL,NL,actual_solar_generation,Solar | Actual Aggregated,2026-09-20T06:27:59Z
2026-09-20T06:27:27Z,2026-09-20T08:27:27+0200,5dd01d44-5791-4b31-82b5-fd0ca25cd855,2026-09-18T22:45:00Z,2026-09-19T00:45:00+0200,0.126,MW,NL,NL,actual_solar_generation,Solar | Actual Consumption,2026-09-20T06:27:59Z
2026-09-20T06:27:27Z,2026-09-20T08:27:27+0200,5dd01d44-5791-4b31-82b5-fd0ca25cd855,2026-09-18T23:00:00Z,2026-09-19T01:00:00+0200,0.0,MW,NL,NL,actual_solar_generation,Solar | Actual Aggregated,2026-09-20T06:27:59Z
2026-09-20T06:27:27Z,2026-09-20T08:27:27+0200,5dd01d44-5791-4b31-82b5-fd0ca25cd855,2026-09-18T23:00:00Z,2026-09-19T01:00:00+0200,0.126,MW,NL,NL,actual_solar_generation,Solar | Actual Consumption,2026-09-20T06:27:59Z
2026-09-20T06:27:27Z,2026-09-20T08:27:27+0200,5dd01d44-5791-4b31-82b5-fd0ca25cd855,2026-09-18T23:15:00Z,2026-09-19T01:15:00+0200,0.0,MW,NL,NL,actual_solar_generation,Solar | Actual Aggregated,2026-09-20T06:27:59Z
2026-09-20T06:27:27Z,2026-09-20T08:27:27+0200,5dd01d44-5791-4b31-82b5-fd0ca25cd855,2026-09-18T23:15:00Z,2026-09-19T01:15:00+0200,0.126,MW,NL,NL,actual_solar_generation,Solar | Actual Consumption,2026-09-20T06:27:59Z
2026-09-20T06:27:27Z,2026-09-20T08:27:27+0200,5dd01d44-5791-4b31-82b5-fd0ca25cd855,2026-09-18T23:30:00Z,2026-09-19T01:30:00+0200,0.0,MW,NL,NL,actual_solar_generation,Solar | Actual Aggregated,2026-09-20T06:27:59Z
2026-09-20T06:27:27Z,2026-09-20T08:27:27+0200,5dd01d44-5791-4b31-82b5-fd0ca25cd855,2026-09-18T23:30:00Z,2026-09-19T01:30:00+0200,0.126,MW,NL,NL,actual_solar_generation,Solar | Actual Consumption,2026-09-20T06:27:59Z
2026-09-20T06:27:27Z,2026-09-20T08:27:27+0200,5dd01d44-5791-4b31-82b5-fd0ca25cd855,2026-09-18T23:45:00Z,2026-09-19T01:45:00+0200,0.0,MW,NL,NL,actual_solar_generation,Solar | Actual Aggregated,2026-09-20T06:27:59Z
2026-09-20T06:27:27Z,2026-09-20T08:27:27+0200,5dd01d44-5791-4b31-82b5-fd0ca25cd855,2026-09-18T23:45:00Z,2026-09-19T01:45:00+0200,0.126,MW,NL,NL,actual_solar_generation,Solar | Actual Consumption,2026-09-20T06:27:59Z
2026-09-20T06:27:27Z,2026-09-20T08:27:27+0200,5dd01d44-5791-4b31-82b5-fd0ca25cd855,2026-09-19T00:00:00Z,2026-09-19T02:00:00+0200,0.0,MW,NL,NL,actual_solar_generation,Solar | Actual Aggregated,2026-09-20T06:27:59Z
2026-09-20T06:27:27Z,2026-09-20T08:27:27+0200,5dd01d44-5791-4b31-82b5-fd0ca25cd855,2026-09-19T00:00:00Z,2026-09-19T02:00:00+0200,0.126,MW,NL,NL,actual_solar_generation,Solar | Actual Consumption,2026-09-20T06:27:59Z
2026-09-20T06:27:27Z,2026-09-20T08:27:27+0200,5dd01d44-5791-4b31-82b5-fd0ca25cd855,2026-09-19T00:15:00Z,2026-09-19T02:15:00+0200,0.0,MW,NL,NL,actual_solar_generation,Solar | Actual Aggregated,2026-09-20T06:27:59Z
2026-09-20T06:27:27Z,2026-09-20T08:27:27+0200,5dd01d44-5791-4b31-82b5-fd0ca25cd855,2026-09-19T00:15:00Z,2026-09-19T02:15:00+0200,0.126,MW,NL,NL,actual_solar_generation,Solar | Actual Consumption,2026-09-20T06:27:59Z
2026-09-20T06:27:27Z,2026-09-20T08:27:27+0200,5dd01d44-5791-4b31-82b5-fd0ca25cd855,2026-09-19T00:30:00Z,2026-09-19T02:30:00+0200,0.0,MW,NL,NL,actual_solar_generation,Solar | Actual Aggregated,2026-09-20T06:27:59Z
2026-09-20T06:27:27Z,2026-09-20T08:27:27+0200,5dd01d44-5791-4b31-82b5-fd0ca25cd855,2026-09-19T00:30:00Z,2026-09-19T02:30:00+0200,0.126,MW,NL,NL,actual_solar_generation,Solar | Actual Consumption,2026-09-20T06:27:59Z
2026-09-20T06:27:27Z,2026-09-20T08:27:27+0200,5dd01d44-5791-4b31-82b5-fd0ca25cd855,2026-09-19T00:45:00Z,2026-09-19T02:45:00+0200,0.0,MW,NL,NL,actual_solar_generation,Solar | Actual Aggregated,2026-09-20T06:27:59Z
2026-09-20T06:27:27Z,2026-09-20T08:27:27+0200,5dd01d44-5791-4b31-82b5-fd0ca25cd855,2026-09-19T00:45:00Z,2026-09-19T02:45:00+0200,0.131,MW,NL,NL,actual_solar_generation,Solar | Actual Consumption,2026-09-20T06:27:59Z
2026-09-20T06:27:27Z,2026-09-20T08:27:27+0200,5dd01d44-5791-4b31-82b5-fd0ca25cd855,2026-09-19T01:00:00Z,2026-09-19T03:00:00+0200,0.0,MW,NL,NL,actual_solar_generation,Solar | Actual Aggregated,2026-09-20T06:27:59Z
2026-09-20T06:27:27Z,2026-09-20T08:27:27+0200,5dd01d44-5791-4b31-82b5-fd0ca25cd855,2026-09-19T01:00:00Z,2026-09-19T03:00:00+0200,0.133,MW,NL,NL,actual_solar_generation,Solar | Actual Consumption,2026-09-20T06:27:59Z
2026-09-20T06:27:27Z,2026-09-20T08:27:27+0200,5dd01d44-5791-4b31-82b5-fd0ca25cd855,2026-09-19T01:15:00Z,2026-09-19T03:15:00+0200,0.0,MW,NL,NL,actual_solar_generation,Solar | Actual Aggregated,2026-09-20T06:27:59Z
2026-09-20T06:27:27Z,2026-09-20T08:27:27+0200,5dd01d44-5791-4b31-82b5-fd0ca25cd855,2026-09-19T01:15:00Z,2026-09-19T03:15:00+0200,0.119,MW,NL,NL,actual_solar_generation,Solar | Actual Consumption,2026-09-20T06:27:59Z
2026-09-20T06:27:27Z,2026-09-20T08:27:27+0200,5dd01d44-5791-4b31-82b5-fd0ca25cd855,2026-09-19T01:30:00Z,2026-09-19T03:30:00+0200,0.0,MW,NL,NL,actual_solar_generation,Solar | Actual Aggregated,2026-09-20T06:27:59Z
2026-09-20T06:27:27Z,2026-09-20T08:27:27+0200,5dd01d44-5791-4b31-82b5-fd0ca25cd855,2026-09-19T01:30:00Z,2026-09-19T03:30:00+0200,0.138,MW,NL,NL,actual_solar_generation,Solar | Actual Consumption,2026-09-20T06:27:59Z
2026-09-20T06:27:27Z,2026-09-20T08:27:27+0200,5dd01d44-5791-4b31-82b5-fd0ca25cd855,2026-09-19T01:45:00Z,2026-09-19T03:45:00+0200,0.0,MW,NL,NL,actual_solar_generation,Solar | Actual Aggregated,2026-09-20T06:27:59Z
2026-09-20T06:27:27Z,2026-09-20T08:27:27+0200,5dd01d44-5791-4b31-82b5-fd0ca25cd855,2026-09-19T01:45:00Z,2026-09-19T03:45:00+0200,0.131,MW,NL,NL,actual_solar_generation,Solar | Actual Consumption,2026-09-20T06:27:59Z
2026-09-20T06:27:27Z,2026-09-20T08:27:27+0200,5dd01d44-5791-4b31-82b5-fd0ca25cd855,2026-09-19T02:00:00Z,2026-09-19T04:00:00+0200,0.0,MW,NL,NL,actual_solar_generation,Solar | Actual Aggregated,2026-09-20T06:27:59Z
2026-09-20T06:27:27Z,2026-09-20T08:27:27+0200,5dd01d44-5791-4b31-82b5-fd0ca25cd855,2026-09-19T02:00:00Z,2026-09-19T04:00:00+0200,0.123,MW,NL,NL,actual_solar_generation,Solar | Actual Consumption,2026-09-20T06:27:59Z
2026-09-20T06:27:27Z,2026-09-20T08:27:27+0200,5dd01d44-5791-4b31-82b5-fd0ca25cd855,2026-09-19T02:15:00Z,2026-09-19T04:15:00+0200,0.0,MW,NL,NL,actual_solar_generation,Solar | Actual Aggregated,2026-09-20T06:27:59Z
2026-09-20T06:27:27Z,2026-09-20T08:27:27+0200,5dd01d44-5791-4b31-82b5-fd0ca25cd855,2026-09-19T02:15:00Z,2026-09-19T04:15:00+0200,0.138,MW,NL,NL,actual_solar_generation,Solar | Actual Consumption,2026-09-20T06:27:59Z
2026-09-20T06:27:27Z,2026-09-20T08:27:27+0200,5dd01d44-5791-4b31-82b5-fd0ca25cd855,2026-09-19T02:30:00Z,2026-09-19T04:30:00+0200,0.0,MW,NL,NL,actual_solar_generation,Solar | Actual Aggregated,2026-09-20T06:27:59Z
2026-09-20T06:27:27Z,2026-09-20T08:27:27+0200,5dd01d44-5791-4b31-82b5-fd0ca25cd855,2026-09-19T02:30:00Z,2026-09-19T04:30:00+0200,0.12,MW,NL,NL,actual_solar_generation,Solar | Actual Consumption,2026-09-20T06:27:59Z
2026-09-20T06:27:27Z,2026-09-20T08:27:27+0200,5dd01d44-5791-4b31-82b5-fd0ca25cd855,2026-09-19T02:45:00Z,2026-09-19T04:45:00+0200,0.0,MW,NL,NL,actual_solar_generation,Solar | Actual Aggregated,2026-09-20T06:27:59Z
2026-09-20T06:27:27Z,2026-09-20T08:27:27+0200,5dd01d44-5791-4b31-82b5-fd0ca25cd855,2026-09-19T02:45:00Z,2026-09-19T04:45:00+0200,0.136,MW,NL,NL,actual_solar_generation,Solar | Actual Consumption,2026-09-20T06:27:59Z
2026-09-20T06:27:27Z,2026-09-20T08:27:27+0200,5dd01d44-5791-4b31-82b5-fd0ca25cd855,2026-09-19T03:00:00Z,2026-09-19T05:00:00+0200,0.0,MW,NL,NL,actual_solar_generation,Solar | Actual Aggregated,2026-09-20T06:27:59Z
2026-09-20T06:27:27Z,2026-09-20T08:27:27+0200,5dd01d44-5791-4b31-82b5-fd0ca25cd855,2026-09-19T03:00:00Z,2026-09-19T05:00:00+0200,0.135,MW,NL,NL,actual_solar_generation,Solar | Actual Consumption,2026-09-20T06:27:59Z
2026-09-20T06:27:27Z,2026-09-20T08:27:27+0200,5dd01d44-5791-4b31-82b5-fd0ca25cd855,2026-09-19T03:15:00Z,2026-09-19T05:15:00+0200,0.0,MW,NL,NL,actual_solar_generation,Solar | Actual Aggregated,2026-09-20T06:27:59Z
2026-09-20T06:27:27Z,2026-09-20T08:27:27+0200,5dd01d44-5791-4b31-82b5-fd0ca25cd855,2026-09-19T03:15:00Z,2026-09-19T05:15:00+0200,0.131,MW,NL,NL,actual_solar_generation,Solar | Actual Consumption,2026-09-20T06:27:59Z
2026-09-20T06:27:27Z,2026-09-20T08:27:27+0200,5dd01d44-5791-4b31-82b5-fd0ca25cd855,2026-09-19T03:30:00Z,2026-09-19T05:30:00+0200,0.0,MW,NL,NL,actual_solar_generation,Solar | Actual Aggregated,2026-09-20T06:27:59Z
2026-09-20T06:27:27Z,2026-09-20T08:27:27+0200,5dd01d44-5791-4b31-82b5-fd0ca25cd855,2026-09-19T03:30:00Z,2026-09-19T05:30:00+0200,0.131,MW,NL,NL,actual_solar_generation,Solar | Actual Consumption,2026-09-20T06:27:59Z
2026-09-20T06:27:27Z,2026-09-20T08:27:27+0200,5dd01d44-5791-4b31-82b5-fd0ca25cd855,2026-09-19T03:45:00Z,2026-09-19T05:45:00+0200,0.0,MW,NL,NL,actual_solar_generation,Solar | Actual Aggregated,2026-09-20T06:27:59Z
2026-09-20T06:27:27Z,2026-09-20T08:27:27+0200,5dd01d44-5791-4b31-82b5-fd0ca25cd855,2026-09-19T03:45:00Z,2026-09-19T05:45:00+0200,0.131,MW,NL,NL,actual_solar_generation,Solar | Actual Consumption,2026-09-20T06:27:59Z
2026-09-20T06:27:27Z,2026-09-20T08:27:27+0200,5dd01d44-5791-4b31-82b5-fd0ca25cd855,2026-09-19T04:00:00Z,2026-09-19T06:00:00+0200,0.0,MW,NL,NL,actual_solar_generation,Solar | Actual Aggregated,2026-09-20T06:27:59Z
2026-09-20T06:27:27Z,2026-09-20T08:27:27+0200,5dd01d44-5791-4b31-82b5-fd0ca25cd855,2026-09-19T04:00:00Z,2026-09-19T06:00:00+0200,0.116,MW,NL,NL,actual_solar_generation,Solar | Actual Consumption,2026-09-20T06:27:59Z
2026-09-20T06:27:27Z,2026-09-20T08:27:27+0200,5dd01d44-5791-4b31-82b5-fd0ca25cd855,2026-09-19T04:15:00Z,2026-09-19T06:15:00+0200,0.0,MW,NL,NL,actual_solar_generation,Solar | Actual Aggregated,2026-09-20T06:27:59Z
2026-09-20T06:27:27Z,2026-09-20T08:27:27+0200,5dd01d44-5791-4b31-82b5-fd0ca25cd855,2026-09-19T04:15:00Z,2026-09-19T06:15:00+0200,0.139,MW,NL,NL,actual_solar_generation,Solar | Actual Consumption,2026-09-20T06:27:59Z
2026-09-20T06:27:27Z,2026-09-20T08:27:27+0200,5dd01d44-5791-4b31-82b5-fd0ca25cd855,2026-09-19T04:30:00Z,2026-09-19T06:30:00+0200,0.0,MW,NL,NL,actual_solar_generation,Solar | Actual Aggregated,2026-09-20T06:27:59Z
2026-09-20T06:27:27Z,2026-09-20T08:27:27+0200,5dd01d44-5791-4b31-82b5-fd0ca25cd855,2026-09-19T04:30:00Z,2026-09-19T06:30:00+0200,0.119,MW,NL,NL,actual_solar_generation,Solar | Actual Consumption,2026-09-20T06:27:59Z
2026-09-20T06:27:27Z,2026-09-20T08:27:27+0200,5dd01d44-5791-4b31-82b5-fd0ca25cd855,2026-09-19T04:45:00Z,2026-09-19T06:45:00+0200,0.0,MW,NL,NL,actual_solar_generation,Solar | Actual Aggregated,2026-09-20T06:27:59Z
2026-09-20T06:27:27Z,2026-09-20T08:27:27+0200,5dd01d44-5791-4b31-82b5-fd0ca25cd855,2026-09-19T04:45:00Z,2026-09-19T06:45:00+0200,0.119,MW,NL,NL,actual_solar_generation,Solar | Actual Consumption,2026-09-20T06:27:59Z
2026-09-20T06:27:27Z,2026-09-20T08:27:27+0200,5dd01d44-5791-4b31-82b5-fd0ca25cd855,2026-09-19T05:00:00Z,2026-09-19T07:00:00+0200,0.0,MW,NL,NL,actual_solar_generation,Solar | Actual Aggregated,2026-09-20T06:27:59Z
2026-09-20T06:27:27Z,2026-09-20T08:27:27+0200,5dd01d44-5791-4b31-82b5-fd0ca25cd855,2026-09-19T05:00:00Z,2026-09-19T07:00:00+0200,0.126,MW,NL,NL,actual_solar_generation,Solar | Actual Consumption,2026-09-20T06:27:59Z
2026-09-20T06:27:27Z,2026-09-20T08:27:27+0200,5dd01d44-5791-4b31-82b5-fd0ca25cd855,2026-09-19T05:15:00Z,2026-09-19T07:15:00+0200,0.0,MW,NL,NL,actual_solar_generation,Solar | Actual Aggregated,2026-09-20T06:27:59Z
2026-09-20T06:27:27Z,2026-09-20T08:27:27+0200,5dd01d44-5791-4b31-82b5-fd0ca25cd855,2026-09-19T05:15:00Z,2026-09-19T07:15:00+0200,0.126,MW,NL,NL,actual_solar_generation,Solar | Actual Consumption,2026-09-20T06:27:59Z
2026-09-20T06:27:27Z,2026-09-20T08:27:27+0200,5dd01d44-5791-4b31-82b5-fd0ca25cd855,2026-09-19T05:30:00Z,2026-09-19T07:30:00+0200,4.768,MW,NL,NL,actual_solar_generation,Solar | Actual Aggregated,2026-09-20T06:27:59Z
2026-09-20T06:27:27Z,2026-09-20T08:27:27+0200,5dd01d44-5791-4b31-82b5-fd0ca25cd855,2026-09-19T05:30:00Z,2026-09-19T07:30:00+0200,0.126,MW,NL,NL,actual_solar_generation,Solar | Actual Consumption,2026-09-20T06:27:59Z
2026-09-20T06:27:27Z,2026-09-20T08:27:27+0200,5dd01d44-5791-4b31-82b5-fd0ca25cd855,2026-09-19T05:45:00Z,2026-09-19T07:45:00+0200,8.153,MW,NL,NL,actual_solar_generation,Solar | Actual Aggregated,2026-09-20T06:27:59Z
2026-09-20T06:27:27Z,2026-09-20T08:27:27+0200,5dd01d44-5791-4b31-82b5-fd0ca25cd855,2026-09-19T05:45:00Z,2026-09-19T07:45:00+0200,0.0,MW,NL,NL,actual_solar_generation,Solar | Actual Consumption,2026-09-20T06:27:59Z
2026-09-20T06:27:27Z,2026-09-20T08:27:27+0200,5dd01d44-5791-4b31-82b5-fd0ca25cd855,2026-09-19T06:00:00Z,2026-09-19T08:00:00+0200,12.057,MW,NL,NL,actual_solar_generation,Solar | Actual Aggregated,2026-09-20T06:27:59Z
2026-09-20T06:27:27Z,2026-09-20T08:27:27+0200,5dd01d44-5791-4b31-82b5-fd0ca25cd855,2026-09-19T06:00:00Z,2026-09-19T08:00:00+0200,0.0,MW,NL,NL,actual_solar_generation,Solar | Actual Consumption,2026-09-20T06:27:59Z
2026-09-20T06:27:27Z,2026-09-20T08:27:27+0200,5dd01d44-5791-4b31-82b5-fd0ca25cd855,2026-09-19T06:15:00Z,2026-09-19T08:15:00+0200,14.621,MW,NL,NL,actual_solar_generation,Solar | Actual Aggregated,2026-09-20T06:27:59Z
2026-09-20T06:27:27Z,2026-09-20T08:27:27+0200,5dd01d44-5791-4b31-82b5-fd0ca25cd855,2026-09-19T06:15:00Z,2026-09-19T08:15:00+0200,0.0,MW,NL,NL,actual_solar_generation,Solar | Actual Consumption,2026-09-20T06:27:59Z
2026-09-20T06:27:27Z,2026-09-20T08:27:27+0200,5dd01d44-5791-4b31-82b5-fd0ca25cd855,2026-09-19T06:30:00Z,2026-09-19T08:30:00+0200,26.408,MW,NL,NL,actual_solar_generation,Solar | Actual Aggregated,2026-09-20T06:27:59Z
2026-09-20T06:27:27Z,2026-09-20T08:27:27+0200,5dd01d44-5791-4b31-82b5-fd0ca25cd855,2026-09-19T06:30:00Z,2026-09-19T08:30:00+0200,0.0,MW,NL,NL,actual_solar_generation,Solar | Actual Consumption,2026-09-20T06:27:59Z
2026-09-20T06:27:27Z,2026-09-20T08:27:27+0200,5dd01d44-5791-4b31-82b5-fd0ca25cd855,2026-09-19T06:45:00Z,2026-09-19T08:45:00+0200,35.445,MW,NL,NL,actual_solar_generation,Solar | Actual Aggregated,2026-09-20T06:27:59Z
2026-09-20T06:27:27Z,2026-09-20T08:27:27+0200,5dd01d44-5791-4b31-82b5-fd0ca25cd855,2026-09-19T06:45:00Z,2026-09-19T08:45:00+0200,0.0,MW,NL,NL,actual_solar_generation,Solar | Actual Consumption,2026-09-20T06:27:59Z
2026-09-20T06:27:27Z,2026-09-20T08:27:27+0200,5dd01d44-5791-4b31-82b5-fd0ca25cd855,2026-09-19T07:00:00Z,2026-09-19T09:00:00+0200,35.655,MW,NL,NL,actual_solar_generation,Solar | Actual Aggregated,2026-09-20T06:27:59Z
2026-09-20T06:27:27Z,2026-09-20T08:27:27+0200,5dd01d44-5791-4b31-82b5-fd0ca25cd855,2026-09-19T07:00:00Z,2026-09-19T09:00:00+0200,0.0,MW,NL,NL,actual_solar_generation,Solar | Actual Consumption,2026-09-20T06:27:59Z
2026-09-20T06:27:27Z,2026-09-20T08:27:27+0200,5dd01d44-5791-4b31-82b5-fd0ca25cd855,2026-09-19T07:15:00Z,2026-09-19T09:15:00+0200,31.115,MW,NL,NL,actual_solar_generation,Solar | Actual Aggregated,2026-09-20T06:27:59Z
2026-09-20T06:27:27Z,2026-09-20T08:27:27+0200,5dd01d44-5791-4b31-82b5-fd0ca25cd855,2026-09-19T07:15:00Z,2026-09-19T09:15:00+0200,0.0,MW,NL,NL,actual_solar_generation,Solar | Actual Consumption,2026-09-20T06:27:59Z
2026-09-20T06:27:27Z,2026-09-20T08:27:27+0200,5dd01d44-5791-4b31-82b5-fd0ca25cd855,2026-09-19T07:30:00Z,2026-09-19T09:30:00+0200,24.884,MW,NL,NL,actual_solar_generation,Solar | Actual Aggregated,2026-09-20T06:27:59Z
2026-09-20T06:27:27Z,2026-09-20T08:27:27+0200,5dd01d44-5791-4b31-82b5-fd0ca25cd855,2026-09-19T07:30:00Z,2026-09-19T09:30:00+0200,0.0,MW,NL,NL,actual_solar_generation,Solar | Actual Consumption,2026-09-20T06:27:59Z
2026-09-20T06:27:27Z,2026-09-20T08:27:27+0200,5dd01d44-5791-4b31-82b5-fd0ca25cd855,2026-09-19T07:45:00Z,2026-09-19T09:45:00+0200,24.682,MW,NL,NL,actual_solar_generation,Solar | Actual Aggregated,2026-09-20T06:27:59Z
2026-09-20T06:27:27Z,2026-09-20T08:27:27+0200,5dd01d44-5791-4b31-82b5-fd0ca25cd855,2026-09-19T07:45:00Z,2026-09-19T09:45:00+0200,0.0,MW,NL,NL,actual_solar_generation,Solar | Actual Consumption,2026-09-20T06:27:59Z
2026-09-20T06:27:27Z,2026-09-20T08:27:27+0200,5dd01d44-5791-4b31-82b5-fd0ca25cd855,2026-09-19T08:00:00Z,2026-09-19T10:00:00+0200,23.015,MW,NL,NL,actual_solar_generation,Solar | Actual Aggregated,2026-09-20T06:27:59Z
2026-09-20T06:27:27Z,2026-09-20T08:27:27+0200,5dd01d44-5791-4b31-82b5-fd0ca25cd855,2026-09-19T08:00:00Z,2026-09-19T10:00:00+0200,0.0,MW,NL,NL,actual_solar_generation,Solar | Actual Consumption,2026-09-20T06:27:59Z
2026-09-20T06:27:27Z,2026-09-20T08:27:27+0200,5dd01d44-5791-4b31-82b5-fd0ca25cd855,2026-09-19T08:15:00Z,2026-09-19T10:15:00+0200,30.387,MW,NL,NL,actual_solar_generation,Solar | Actual Aggregated,2026-09-20T06:27:59Z
2026-09-20T06:27:27Z,2026-09-20T08:27:27+0200,5dd01d44-5791-4b31-82b5-fd0ca25cd855,2026-09-19T08:15:00Z,2026-09-19T10:15:00+0200,0.0,MW,NL,NL,actual_solar_generation,Solar | Actual Consumption,2026-09-20T06:27:59Z
2026-09-20T06:27:27Z,2026-09-20T08:27:27+0200,5dd01d44-5791-4b31-82b5-fd0ca25cd855,2026-09-19T08:30:00Z,2026-09-19T10:30:00+0200,31.701,MW,NL,NL,actual_solar_generation,Solar | Actual Aggregated,2026-09-20T06:27:59Z
2026-09-20T06:27:27Z,2026-09-20T08:27:27+0200,5dd01d44-5791-4b31-82b5-fd0ca25cd855,2026-09-19T08:30:00Z,2026-09-19T10:30:00+0200,0.0,MW,NL,NL,actual_solar_generation,Solar | Actual Consumption,2026-09-20T06:27:59Z
2026-09-20T06:27:27Z,2026-09-20T08:27:27+0200,5dd01d44-5791-4b31-82b5-fd0ca25cd855,2026-09-19T08:45:00Z,2026-09-19T10:45:00+0200,8.862,MW,NL,NL,actual_solar_generation,Solar | Actual Aggregated,2026-09-20T06:27:59Z
2026-09-20T06:27:27Z,2026-09-20T08:27:27+0200,5dd01d44-5791-4b31-82b5-fd0ca25cd855,2026-09-19T08:45:00Z,2026-09-19T10:45:00+0200,0.0,MW,NL,NL,actual_solar_generation,Solar | Actual Consumption,2026-09-20T06:27:59Z
2026-09-20T06:27:27Z,2026-09-20T08:27:27+0200,5dd01d44-5791-4b31-82b5-fd0ca25cd855,2026-09-19T09:00:00Z,2026-09-19T11:00:00+0200,15.904,MW,NL,NL,actual_solar_generation,Solar | Actual Aggregated,2026-09-20T06:27:59Z
2026-09-20T06:27:27Z,2026-09-20T08:27:27+0200,5dd01d44-5791-4b31-82b5-fd0ca25cd855,2026-09-19T09:00:00Z,2026-09-19T11:00:00+0200,0.0,MW,NL,NL,actual_solar_generation,Solar | Actual Consumption,2026-09-20T06:27:59Z
2026-09-20T06:27:27Z,2026-09-20T08:27:27+0200,5dd01d44-5791-4b31-82b5-fd0ca25cd855,2026-09-19T09:15:00Z,2026-09-19T11:15:00+0200,0.334,MW,NL,NL,actual_solar_generation,Solar | Actual Aggregated,2026-09-20T06:27:59Z
2026-09-20T06:27:27Z,2026-09-20T08:27:27+0200,5dd01d44-5791-4b31-82b5-fd0ca25cd855,2026-09-19T09:15:00Z,2026-09-19T11:15:00+0200,0.0,MW,NL,NL,actual_solar_generation,Solar | Actual Consumption,2026-09-20T06:27:59Z
2026-09-20T06:27:27Z,2026-09-20T08:27:27+0200,5dd01d44-5791-4b31-82b5-fd0ca25cd855,2026-09-19T09:30:00Z,2026-09-19T11:30:00+0200,0.339,MW,NL,NL,actual_solar_generation,Solar | Actual Aggregated,2026-09-20T06:27:59Z
2026-09-20T06:27:27Z,2026-09-20T08:27:27+0200,5dd01d44-5791-4b31-82b5-fd0ca25cd855,2026-09-19T09:30:00Z,2026-09-19T11:30:00+0200,0.0,MW,NL,NL,actual_solar_generation,Solar | Actual Consumption,2026-09-20T06:27:59Z
2026-09-20T06:27:27Z,2026-09-20T08:27:27+0200,5dd01d44-5791-4b31-82b5-fd0ca25cd855,2026-09-19T09:45:00Z,2026-09-19T11:45:00+0200,0.509,MW,NL,NL,actual_solar_generation,Solar | Actual Aggregated,2026-09-20T06:27:59Z
2026-09-20T06:27:27Z,2026-09-20T08:27:27+0200,5dd01d44-5791-4b31-82b5-fd0ca25cd855,2026-09-19T09:45:00Z,2026-09-19T11:45:00+0200,0.0,MW,NL,NL,actual_solar_generation,Solar | Actual Consumption,2026-09-20T06:27:59Z
2026-09-20T06:27:27Z,2026-09-20T08:27:27+0200,5dd01d44-5791-4b31-82b5-fd0ca25cd855,2026-09-19T10:00:00Z,2026-09-19T12:00:00+0200,0.665,MW,NL,NL,actual_solar_generation,Solar | Actual Aggregated,2026-09-20T06:27:59Z
2026-09-20T06:27:27Z,2026-09-20T08:27:27+0200,5dd01d44-5791-4b31-82b5-fd0ca25cd855,2026-09-19T10:00:00Z,2026-09-19T12:00:00+0200,0.0,MW,NL,NL,actual_solar_generation,Solar | Actual Consumption,2026-09-20T06:27:59Z
2026-09-20T06:27:27Z,2026-09-20T08:27:27+0200,5dd01d44-5791-4b31-82b5-fd0ca25cd855,2026-09-19T10:15:00Z,2026-09-19T12:15:00+0200,0.464,MW,NL,NL,actual_solar_generation,Solar | Actual Aggregated,2026-09-20T06:27:59Z
2026-09-20T06:27:27Z,2026-09-20T08:27:27+0200,5dd01d44-5791-4b31-82b5-fd0ca25cd855,2026-09-19T10:15:00Z,2026-09-19T12:15:00+0200,0.0,MW,NL,NL,actual_solar_generation,Solar | Actual Consumption,2026-09-20T06:27:59Z
2026-09-20T06:27:27Z,2026-09-20T08:27:27+0200,5dd01d44-5791-4b31-82b5-fd0ca25cd855,2026-09-19T10:30:00Z,2026-09-19T12:30:00+0200,0.475,MW,NL,NL,actual_solar_generation,Solar | Actual Aggregated,2026-09-20T06:27:59Z
2026-09-20T06:27:27Z,2026-09-20T08:27:27+0200,5dd01d44-5791-4b31-82b5-fd0ca25cd855,2026-09-19T10:30:00Z,2026-09-19T12:30:00+0200,0.0,MW,NL,NL,actual_solar_generation,Solar | Actual Consumption,2026-09-20T06:27:59Z
2026-09-20T06:27:27Z,2026-09-20T08:27:27+0200,5dd01d44-5791-4b31-82b5-fd0ca25cd855,2026-09-19T10:45:00Z,2026-09-19T12:45:00+0200,0.307,MW,NL,NL,actual_solar_generation,Solar | Actual Aggregated,2026-09-20T06:27:59Z
2026-09-20T06:27:27Z,2026-09-20T08:27:27+0200,5dd01d44-5791-4b31-82b5-fd0ca25cd855,2026-09-19T10:45:00Z,2026-09-19T12:45:00+0200,0.0,MW,NL,NL,actual_solar_generation,Solar | Actual Consumption,2026-09-20T06:27:59Z
2026-09-20T06:27:27Z,2026-09-20T08:27:27+0200,5dd01d44-5791-4b31-82b5-fd0ca25cd855,2026-09-19T11:00:00Z,2026-09-19T13:00:00+0200,0.0,MW,NL,NL,actual_solar_generation,Solar | Actual Aggregated,2026-09-20T06:27:59Z
2026-09-20T06:27:27Z,2026-09-20T08:27:27+0200,5dd01d44-5791-4b31-82b5-fd0ca25cd855,2026-09-19T11:00:00Z,2026-09-19T13:00:00+0200,0.0,MW,NL,NL,actual_solar_generation,Solar | Actual Consumption,2026-09-20T06:27:59Z
2026-09-20T06:27:27Z,2026-09-20T08:27:27+0200,5dd01d44-5791-4b31-82b5-fd0ca25cd855,2026-09-19T11:15:00Z,2026-09-19T13:15:00+0200,0.0,MW,NL,NL,actual_solar_generation,Solar | Actual Aggregated,2026-09-20T06:27:59Z
2026-09-20T06:27:27Z,2026-09-20T08:27:27+0200,5dd01d44-5791-4b31-82b5-fd0ca25cd855,2026-09-19T11:15:00Z,2026-09-19T13:15:00+0200,0.0,MW,NL,NL,actual_solar_generation,Solar | Actual Consumption,2026-09-20T06:27:59Z
2026-09-20T06:27:27Z,2026-09-20T08:27:27+0200,5dd01d44-5791-4b31-82b5-fd0ca25cd855,2026-09-19T11:30:00Z,2026-09-19T13:30:00+0200,0.0,MW,NL,NL,actual_solar_generation,Solar | Actual Aggregated,2026-09-20T06:27:59Z
2026-09-20T06:27:27Z,2026-09-20T08:27:27+0200,5dd01d44-5791-4b31-82b5-fd0ca25cd855,2026-09-19T11:30:00Z,2026-09-19T13:30:00+0200,0.0,MW,NL,NL,actual_solar_generation,Solar | Actual Consumption,2026-09-20T06:27:59Z
2026-09-20T06:27:27Z,2026-09-20T08:27:27+0200,5dd01d44-5791-4b31-82b5-fd0ca25cd855,2026-09-19T11:45:00Z,2026-09-19T13:45:00+0200,0.0,MW,NL,NL,actual_solar_generation,Solar | Actual Aggregated,2026-09-20T06:27:59Z
2026-09-20T06:27:27Z,2026-09-20T08:27:27+0200,5dd01d44-5791-4b31-82b5-fd0ca25cd855,2026-09-19T11:45:00Z,2026-09-19T13:45:00+0200,0.0,MW,NL,NL,actual_solar_generation,Solar | Actual Consumption,2026-09-20T06:27:59Z
2026-09-20T06:27:27Z,2026-09-20T08:27:27+0200,5dd01d44-5791-4b31-82b5-fd0ca25cd855,2026-09-19T12:00:00Z,2026-09-19T14:00:00+0200,0.247,MW,NL,NL,actual_solar_generation,Solar | Actual Aggregated,2026-09-20T06:27:59Z
2026-09-20T06:27:27Z,2026-09-20T08:27:27+0200,5dd01d44-5791-4b31-82b5-fd0ca25cd855,2026-09-19T12:00:00Z,2026-09-19T14:00:00+0200,0.0,MW,NL,NL,actual_solar_generation,Solar | Actual Consumption,2026-09-20T06:27:59Z
2026-09-20T06:27:27Z,2026-09-20T08:27:27+0200,5dd01d44-5791-4b31-82b5-fd0ca25cd855,2026-09-19T12:15:00Z,2026-09-19T14:15:00+0200,0.0,MW,NL,NL,actual_solar_generation,Solar | Actual Aggregated,2026-09-20T06:27:59Z
2026-09-20T06:27:27Z,2026-09-20T08:27:27+0200,5dd01d44-5791-4b31-82b5-fd0ca25cd855,2026-09-19T12:15:00Z,2026-09-19T14:15:00+0200,0.0,MW,NL,NL,actual_solar_generation,Solar | Actual Consumption,2026-09-20T06:27:59Z
2026-09-20T06:27:27Z,2026-09-20T08:27:27+0200,5dd01d44-5791-4b31-82b5-fd0ca25cd855,2026-09-19T12:30:00Z,2026-09-19T14:30:00+0200,0.245,MW,NL,NL,actual_solar_generation,Solar | Actual Aggregated,2026-09-20T06:27:59Z
2026-09-20T06:27:27Z,2026-09-20T08:27:27+0200,5dd01d44-5791-4b31-82b5-fd0ca25cd855,2026-09-19T12:30:00Z,2026-09-19T14:30:00+0200,0.0,MW,NL,NL,actual_solar_generation,Solar | Actual Consumption,2026-09-20T06:27:59Z
2026-09-20T06:27:27Z,2026-09-20T08:27:27+0200,5dd01d44-5791-4b31-82b5-fd0ca25cd855,2026-09-19T12:45:00Z,2026-09-19T14:45:00+0200,0.0,MW,NL,NL,actual_solar_generation,Solar | Actual Aggregated,2026-09-20T06:27:59Z
2026-09-20T06:27:27Z,2026-09-20T08:27:27+0200,5dd01d44-5791-4b31-82b5-fd0ca25cd855,2026-09-19T12:45:00Z,2026-09-19T14:45:00+0200,0.0,MW,NL,NL,actual_solar_generation,Solar | Actual Consumption,2026-09-20T06:27:59Z
2026-09-20T06:27:27Z,2026-09-20T08:27:27+0200,5dd01d44-5791-4b31-82b5-fd0ca25cd855,2026-09-19T13:00:00Z,2026-09-19T15:00:00+0200,0.0,MW,NL,NL,actual_solar_generation,Solar | Actual Aggregated,2026-09-20T06:27:59Z
2026-09-20T06:27:27Z,2026-09-20T08:27:27+0200,5dd01d44-5791-4b31-82b5-fd0ca25cd855,2026-09-19T13:00:00Z,2026-09-19T15:00:00+0200,0.0,MW,NL,NL,actual_solar_generation,Solar | Actual Consumption,2026-09-20T06:27:59Z
2026-09-20T06:27:27Z,2026-09-20T08:27:27+0200,5dd01d44-5791-4b31-82b5-fd0ca25cd855,2026-09-19T13:15:00Z,2026-09-19T15:15:00+0200,0.31,MW,NL,NL,actual_solar_generation,Solar | Actual Aggregated,2026-09-20T06:27:59Z
2026-09-20T06:27:27Z,2026-09-20T08:27:27+0200,5dd01d44-5791-4b31-82b5-fd0ca25cd855,2026-09-19T13:15:00Z,2026-09-19T15:15:00+0200,0.0,MW,NL,NL,actual_solar_generation,Solar | Actual Consumption,2026-09-20T06:27:59Z
2026-09-20T06:27:27Z,2026-09-20T08:27:27+0200,5dd01d44-5791-4b31-82b5-fd0ca25cd855,2026-09-19T13:30:00Z,2026-09-19T15:30:00+0200,0.347,MW,NL,NL,actual_solar_generation,Solar | Actual Aggregated,2026-09-20T06:27:59Z
2026-09-20T06:27:27Z,2026-09-20T08:27:27+0200,5dd01d44-5791-4b31-82b5-fd0ca25cd855,2026-09-19T13:30:00Z,2026-09-19T15:30:00+0200,0.0,MW,NL,NL,actual_solar_generation,Solar | Actual Consumption,2026-09-20T06:27:59Z
2026-09-20T06:27:27Z,2026-09-20T08:27:27+0200,5dd01d44-5791-4b31-82b5-fd0ca25cd855,2026-09-19T13:45:00Z,2026-09-19T15:45:00+0200,0.254,MW,NL,NL,actual_solar_generation,Solar | Actual Aggregated,2026-09-20T06:27:59Z
2026-09-20T06:27:27Z,2026-09-20T08:27:27+0200,5dd01d44-5791-4b31-82b5-fd0ca25cd855,2026-09-19T13:45:00Z,2026-09-19T15:45:00+0200,0.0,MW,NL,NL,actual_solar_generation,Solar | Actual Consumption,2026-09-20T06:27:59Z
2026-09-20T06:27:27Z,2026-09-20T08:27:27+0200,5dd01d44-5791-4b31-82b5-fd0ca25cd855,2026-09-19T14:00:00Z,2026-09-19T16:00:00+0200,0.277,MW,NL,NL,actual_solar_generation,Solar | Actual Aggregated,2026-09-20T06:27:59Z
2026-09-20T06:27:27Z,2026-09-20T08:27:27+0200,5dd01d44-5791-4b31-82b5-fd0ca25cd855,2026-09-19T14:00:00Z,2026-09-19T16:00:00+0200,0.0,MW,NL,NL,actual_solar_generation,Solar | Actual Consumption,2026-09-20T06:27:59Z
2026-09-20T06:27:27Z,2026-09-20T08:27:27+0200,5dd01d44-5791-4b31-82b5-fd0ca25cd855,2026-09-19T14:15:00Z,2026-09-19T16:15:00+0200,11.273,MW,NL,NL,actual_solar_generation,Solar | Actual Aggregated,2026-09-20T06:27:59Z
2026-09-20T06:27:27Z,2026-09-20T08:27:27+0200,5dd01d44-5791-4b31-82b5-fd0ca25cd855,2026-09-19T14:15:00Z,2026-09-19T16:15:00+0200,0.0,MW,NL,NL,actual_solar_generation,Solar | Actual Consumption,2026-09-20T06:27:59Z
2026-09-20T06:27:27Z,2026-09-20T08:27:27+0200,5dd01d44-5791-4b31-82b5-fd0ca25cd855,2026-09-19T14:30:00Z,2026-09-19T16:30:00+0200,6.778,MW,NL,NL,actual_solar_generation,Solar | Actual Aggregated,2026-09-20T06:27:59Z
2026-09-20T06:27:27Z,2026-09-20T08:27:27+0200,5dd01d44-5791-4b31-82b5-fd0ca25cd855,2026-09-19T14:30:00Z,2026-09-19T16:30:00+0200,0.0,MW,NL,NL,actual_solar_generation,Solar | Actual Consumption,2026-09-20T06:27:59Z
2026-09-20T06:27:27Z,2026-09-20T08:27:27+0200,5dd01d44-5791-4b31-82b5-fd0ca25cd855,2026-09-19T14:45:00Z,2026-09-19T16:45:00+0200,6.266,MW,NL,NL,actual_solar_generation,Solar | Actual Aggregated,2026-09-20T06:27:59Z
2026-09-20T06:27:27Z,2026-09-20T08:27:27+0200,5dd01d44-5791-4b31-82b5-fd0ca25cd855,2026-09-19T14:45:00Z,2026-09-19T16:45:00+0200,0.0,MW,NL,NL,actual_solar_generation,Solar | Actual Consumption,2026-09-20T06:27:59Z
2026-09-20T06:27:27Z,2026-09-20T08:27:27+0200,5dd01d44-5791-4b31-82b5-fd0ca25cd855,2026-09-19T15:00:00Z,2026-09-19T17:00:00+0200,5.957,MW,NL,NL,actual_solar_generation,Solar | Actual Aggregated,2026-09-20T06:27:59Z
2026-09-20T06:27:27Z,2026-09-20T08:27:27+0200,5dd01d44-5791-4b31-82b5-fd0ca25cd855,2026-09-19T15:00:00Z,2026-09-19T17:00:00+0200,0.0,MW,NL,NL,actual_solar_generation,Solar | Actual Consumption,2026-09-20T06:27:59Z
2026-09-20T06:27:27Z,2026-09-20T08:27:27+0200,5dd01d44-5791-4b31-82b5-fd0ca25cd855,2026-09-19T15:15:00Z,2026-09-19T17:15:00+0200,5.483,MW,NL,NL,actual_solar_generation,Solar | Actual Aggregated,2026-09-20T06:27:59Z
2026-09-20T06:27:27Z,2026-09-20T08:27:27+0200,5dd01d44-5791-4b31-82b5-fd0ca25cd855,2026-09-19T15:15:00Z,2026-09-19T17:15:00+0200,0.0,MW,NL,NL,actual_solar_generation,Solar | Actual Consumption,2026-09-20T06:27:59Z
2026-09-20T06:27:27Z,2026-09-20T08:27:27+0200,5dd01d44-5791-4b31-82b5-fd0ca25cd855,2026-09-19T15:30:00Z,2026-09-19T17:30:00+0200,3.705,MW,NL,NL,actual_solar_generation,Solar | Actual Aggregated,2026-09-20T06:27:59Z
2026-09-20T06:27:27Z,2026-09-20T08:27:27+0200,5dd01d44-5791-4b31-82b5-fd0ca25cd855,2026-09-19T15:30:00Z,2026-09-19T17:30:00+0200,0.0,MW,NL,NL,actual_solar_generation,Solar | Actual Consumption,2026-09-20T06:27:59Z
2026-09-20T06:27:27Z,2026-09-20T08:27:27+0200,5dd01d44-5791-4b31-82b5-fd0ca25cd855,2026-09-19T15:45:00Z,2026-09-19T17:45:00+0200,2.211,MW,NL,NL,actual_solar_generation,Solar | Actual Aggregated,2026-09-20T06:27:59Z
2026-09-20T06:27:27Z,2026-09-20T08:27:27+0200,5dd01d44-5791-4b31-82b5-fd0ca25cd855,2026-09-19T15:45:00Z,2026-09-19T17:45:00+0200,0.0,MW,NL,NL,actual_solar_generation,Solar | Actual Consumption,2026-09-20T06:27:59Z
2026-09-20T06:27:27Z,2026-09-20T08:27:27+0200,5dd01d44-5791-4b31-82b5-fd0ca25cd855,2026-09-19T16:00:00Z,2026-09-19T18:00:00+0200,2.227,MW,NL,NL,actual_solar_generation,Solar | Actual Aggregated,2026-09-20T06:27:59Z
2026-09-20T06:27:27Z,2026-09-20T08:27:27+0200,5dd01d44-5791-4b31-82b5-fd0ca25cd855,2026-09-19T16:00:00Z,2026-09-19T18:00:00+0200,0.0,MW,NL,NL,actual_solar_generation,Solar | Actual Consumption,2026-09-20T06:27:59Z
2026-09-20T06:27:27Z,2026-09-20T08:27:27+0200,5dd01d44-5791-4b31-82b5-fd0ca25cd855,2026-09-19T16:15:00Z,2026-09-19T18:15:00+0200,5.601,MW,NL,NL,actual_solar_generation,Solar | Actual Aggregated,2026-09-20T06:27:59Z
2026-09-20T06:27:27Z,2026-09-20T08:27:27+0200,5dd01d44-5791-4b31-82b5-fd0ca25cd855,2026-09-19T16:15:00Z,2026-09-19T18:15:00+0200,0.0,MW,NL,NL,actual_solar_generation,Solar | Actual Consumption,2026-09-20T06:27:59Z
2026-09-20T06:27:27Z,2026-09-20T08:27:27+0200,5dd01d44-5791-4b31-82b5-fd0ca25cd855,2026-09-19T16:30:00Z,2026-09-19T18:30:00+0200,4.363,MW,NL,NL,actual_solar_generation,Solar | Actual Aggregated,2026-09-20T06:27:59Z
2026-09-20T06:27:27Z,2026-09-20T08:27:27+0200,5dd01d44-5791-4b31-82b5-fd0ca25cd855,2026-09-19T16:30:00Z,2026-09-19T18:30:00+0200,0.0,MW,NL,NL,actual_solar_generation,Solar | Actual Consumption,2026-09-20T06:27:59Z
2026-09-20T06:27:27Z,2026-09-20T08:27:27+0200,5dd01d44-5791-4b31-82b5-fd0ca25cd855,2026-09-19T16:45:00Z,2026-09-19T18:45:00+0200,4.542,MW,NL,NL,actual_solar_generation,Solar | Actual Aggregated,2026-09-20T06:27:59Z
2026-09-20T06:27:27Z,2026-09-20T08:27:27+0200,5dd01d44-5791-4b31-82b5-fd0ca25cd855,2026-09-19T16:45:00Z,2026-09-19T18:45:00+0200,0.0,MW,NL,NL,actual_solar_generation,Solar | Actual Consumption,2026-09-20T06:27:59Z
2026-09-20T06:27:27Z,2026-09-20T08:27:27+0200,5dd01d44-5791-4b31-82b5-fd0ca25cd855,2026-09-19T17:00:00Z,2026-09-19T19:00:00+0200,4.021,MW,NL,NL,actual_solar_generation,Solar | Actual Aggregated,2026-09-20T06:27:59Z
2026-09-20T06:27:27Z,2026-09-20T08:27:27+0200,5dd01d44-5791-4b31-82b5-fd0ca25cd855,2026-09-19T17:00:00Z,2026-09-19T19:00:00+0200,0.0,MW,NL,NL,actual_solar_generation,Solar | Actual Consumption,2026-09-20T06:27:59Z
2026-09-20T06:27:27Z,2026-09-20T08:27:27+0200,5dd01d44-5791-4b31-82b5-fd0ca25cd855,2026-09-19T17:15:00Z,2026-09-19T19:15:00+0200,1.904,MW,NL,NL,actual_solar_generation,Solar | Actual Aggregated,2026-09-20T06:27:59Z
2026-09-20T06:27:27Z,2026-09-20T08:27:27+0200,5dd01d44-5791-4b31-82b5-fd0ca25cd855,2026-09-19T17:15:00Z,2026-09-19T19:15:00+0200,0.0,MW,NL,NL,actual_solar_generation,Solar | Actual Consumption,2026-09-20T06:27:59Z
2026-09-20T06:27:27Z,2026-09-20T08:27:27+0200,5dd01d44-5791-4b31-82b5-fd0ca25cd855,2026-09-19T17:30:00Z,2026-09-19T19:30:00+0200,0.0,MW,NL,NL,actual_solar_generation,Solar | Actual Aggregated,2026-09-20T06:27:59Z
2026-09-20T06:27:27Z,2026-09-20T08:27:27+0200,5dd01d44-5791-4b31-82b5-fd0ca25cd855,2026-09-19T17:30:00Z,2026-09-19T19:30:00+0200,0.55,MW,NL,NL,actual_solar_generation,Solar | Actual Consumption,2026-09-20T06:27:59Z
2026-09-20T06:27:27Z,2026-09-20T08:27:27+0200,5dd01d44-5791-4b31-82b5-fd0ca25cd855,2026-09-19T17:45:00Z,2026-09-19T19:45:00+0200,0.0,MW,NL,NL,actual_solar_generation,Solar | Actual Aggregated,2026-09-20T06:27:59Z
2026-09-20T06:27:27Z,2026-09-20T08:27:27+0200,5dd01d44-5791-4b31-82b5-fd0ca25cd855,2026-09-19T17:45:00Z,2026-09-19T19:45:00+0200,0.117,MW,NL,NL,actual_solar_generation,Solar | Actual Consumption,2026-09-20T06:27:59Z
2026-09-20T06:27:27Z,2026-09-20T08:27:27+0200,5dd01d44-5791-4b31-82b5-fd0ca25cd855,2026-09-19T18:00:00Z,2026-09-19T20:00:00+0200,0.0,MW,NL,NL,actual_solar_generation,Solar | Actual Aggregated,2026-09-20T06:27:59Z
2026-09-20T06:27:27Z,2026-09-20T08:27:27+0200,5dd01d44-5791-4b31-82b5-fd0ca25cd855,2026-09-19T18:00:00Z,2026-09-19T20:00:00+0200,0.139,MW,NL,NL,actual_solar_generation,Solar | Actual Consumption,2026-09-20T06:27:59Z
2026-09-20T06:27:27Z,2026-09-20T08:27:27+0200,5dd01d44-5791-4b31-82b5-fd0ca25cd855,2026-09-19T18:15:00Z,2026-09-19T20:15:00+0200,0.0,MW,NL,NL,actual_solar_generation,Solar | Actual Aggregated,2026-09-20T06:27:59Z
2026-09-20T06:27:27Z,2026-09-20T08:27:27+0200,5dd01d44-5791-4b31-82b5-fd0ca25cd855,2026-09-19T18:15:00Z,2026-09-19T20:15:00+0200,0.128,MW,NL,NL,actual_solar_generation,Solar | Actual Consumption,2026-09-20T06:27:59Z
2026-09-20T06:27:27Z,2026-09-20T08:27:27+0200,5dd01d44-5791-4b31-82b5-fd0ca25cd855,2026-09-19T18:30:00Z,2026-09-19T20:30:00+0200,0.0,MW,NL,NL,actual_solar_generation,Solar | Actual Aggregated,2026-09-20T06:27:59Z
2026-09-20T06:27:27Z,2026-09-20T08:27:27+0200,5dd01d44-5791-4b31-82b5-fd0ca25cd855,2026-09-19T18:30:00Z,2026-09-19T20:30:00+0200,0.128,MW,NL,NL,actual_solar_generation,Solar | Actual Consumption,2026-09-20T06:27:59Z
2026-09-20T06:27:27Z,2026-09-20T08:27:27+0200,5dd01d44-5791-4b31-82b5-fd0ca25cd855,2026-09-19T18:45:00Z,2026-09-19T20:45:00+0200,0.0,MW,NL,NL,actual_solar_generation,Solar | Actual Aggregated,2026-09-20T06:27:59Z
2026-09-20T06:27:27Z,2026-09-20T08:27:27+0200,5dd01d44-5791-4b31-82b5-fd0ca25cd855,2026-09-19T18:45:00Z,2026-09-19T20:45:00+0200,0.128,MW,NL,NL,actual_solar_generation,Solar | Actual Consumption,2026-09-20T06:27:59Z
2026-09-20T06:27:27Z,2026-09-20T08:27:27+0200,5dd01d44-5791-4b31-82b5-fd0ca25cd855,2026-09-19T19:00:00Z,2026-09-19T21:00:00+0200,0.0,MW,NL,NL,actual_solar_generation,Solar | Actual Aggregated,2026-09-20T06:27:59Z
2026-09-20T06:27:27Z,2026-09-20T08:27:27+0200,5dd01d44-5791-4b31-82b5-fd0ca25cd855,2026-09-19T19:00:00Z,2026-09-19T21:00:00+0200,0.125,MW,NL,NL,actual_solar_generation,Solar | Actual Consumption,2026-09-20T06:27:59Z
2026-09-20T06:27:27Z,2026-09-20T08:27:27+0200,5dd01d44-5791-4b31-82b5-fd0ca25cd855,2026-09-19T19:15:00Z,2026-09-19T21:15:00+0200,0.0,MW,NL,NL,actual_solar_generation,Solar | Actual Aggregated,2026-09-20T06:27:59Z
2026-09-20T06:27:27Z,2026-09-20T08:27:27+0200,5dd01d44-5791-4b31-82b5-fd0ca25cd855,2026-09-19T19:15:00Z,2026-09-19T21:15:00+0200,0.119,MW,NL,NL,actual_solar_generation,Solar | Actual Consumption,2026-09-20T06:27:59Z
2026-09-20T06:27:27Z,2026-09-20T08:27:27+0200,5dd01d44-5791-4b31-82b5-fd0ca25cd855,2026-09-19T19:30:00Z,2026-09-19T21:30:00+0200,0.0,MW,NL,NL,actual_solar_generation,Solar | Actual Aggregated,2026-09-20T06:27:59Z
2026-09-20T06:27:27Z,2026-09-20T08:27:27+0200,5dd01d44-5791-4b31-82b5-fd0ca25cd855,2026-09-19T19:30:00Z,2026-09-19T21:30:00+0200,0.119,MW,NL,NL,actual_solar_generation,Solar | Actual Consumption,2026-09-20T06:27:59Z
2026-09-20T06:27:27Z,2026-09-20T08:27:27+0200,5dd01d44-5791-4b31-82b5-fd0ca25cd855,2026-09-19T19:45:00Z,2026-09-19T21:45:00+0200,0.0,MW,NL,NL,actual_solar_generation,Solar | Actual Aggregated,2026-09-20T06:27:59Z
2026-09-20T06:27:27Z,2026-09-20T08:27:27+0200,5dd01d44-5791-4b31-82b5-fd0ca25cd855,2026-09-19T19:45:00Z,2026-09-19T21:45:00+0200,0.132,MW,NL,NL,actual_solar_generation,Solar | Actual Consumption,2026-09-20T06:27:59Z
2026-09-20T06:27:27Z,2026-09-20T08:27:27+0200,5dd01d44-5791-4b31-82b5-fd0ca25cd855,2026-09-19T20:00:00Z,2026-09-19T22:00:00+0200,0.0,MW,NL,NL,actual_solar_generation,Solar | Actual Aggregated,2026-09-20T06:27:59Z
2026-09-20T06:27:27Z,2026-09-20T08:27:27+0200,5dd01d44-5791-4b31-82b5-fd0ca25cd855,2026-09-19T20:00:00Z,2026-09-19T22:00:00+0200,0.132,MW,NL,NL,actual_solar_generation,Solar | Actual Consumption,2026-09-20T06:27:59Z
2026-09-20T06:27:27Z,2026-09-20T08:27:27+0200,5dd01d44-5791-4b31-82b5-fd0ca25cd855,2026-09-19T20:15:00Z,2026-09-19T22:15:00+0200,0.0,MW,NL,NL,actual_solar_generation,Solar | Actual Aggregated,2026-09-20T06:27:59Z
2026-09-20T06:27:27Z,2026-09-20T08:27:27+0200,5dd01d44-5791-4b31-82b5-fd0ca25cd855,2026-09-19T20:15:00Z,2026-09-19T22:15:00+0200,0.117,MW,NL,NL,actual_solar_generation,Solar | Actual Consumption,2026-09-20T06:27:59Z
2026-09-20T06:27:27Z,2026-09-20T08:27:27+0200,5dd01d44-5791-4b31-82b5-fd0ca25cd855,2026-09-19T20:30:00Z,2026-09-19T22:30:00+0200,0.0,MW,NL,NL,actual_solar_generation,Solar | Actual Aggregated,2026-09-20T06:27:59Z
2026-09-20T06:27:27Z,2026-09-20T08:27:27+0200,5dd01d44-5791-4b31-82b5-fd0ca25cd855,2026-09-19T20:30:00Z,2026-09-19T22:30:00+0200,0.131,MW,NL,NL,actual_solar_generation,Solar | Actual Consumption,2026-09-20T06:27:59Z
2026-09-20T06:27:27Z,2026-09-20T08:27:27+0200,5dd01d44-5791-4b31-82b5-fd0ca25cd855,2026-09-19T20:45:00Z,2026-09-19T22:45:00+0200,0.0,MW,NL,NL,actual_solar_generation,Solar | Actual Aggregated,2026-09-20T06:27:59Z
2026-09-20T06:27:27Z,2026-09-20T08:27:27+0200,5dd01d44-5791-4b31-82b5-fd0ca25cd855,2026-09-19T20:45:00Z,2026-09-19T22:45:00+0200,0.135,MW,NL,NL,actual_solar_generation,Solar | Actual Consumption,2026-09-20T06:27:59Z
2026-09-20T06:27:27Z,2026-09-20T08:27:27+0200,5dd01d44-5791-4b31-82b5-fd0ca25cd855,2026-09-19T21:00:00Z,2026-09-19T23:00:00+0200,0.0,MW,NL,NL,actual_solar_generation,Solar | Actual Aggregated,2026-09-20T06:27:59Z
2026-09-20T06:27:27Z,2026-09-20T08:27:27+0200,5dd01d44-5791-4b31-82b5-fd0ca25cd855,2026-09-19T21:00:00Z,2026-09-19T23:00:00+0200,0.133,MW,NL,NL,actual_solar_generation,Solar | Actual Consumption,2026-09-20T06:27:59Z
2026-09-20T06:27:27Z,2026-09-20T08:27:27+0200,5dd01d44-5791-4b31-82b5-fd0ca25cd855,2026-09-19T21:15:00Z,2026-09-19T23:15:00+0200,0.0,MW,NL,NL,actual_solar_generation,Solar | Actual Aggregated,2026-09-20T06:27:59Z
2026-09-20T06:27:27Z,2026-09-20T08:27:27+0200,5dd01d44-5791-4b31-82b5-fd0ca25cd855,2026-09-19T21:15:00Z,2026-09-19T23:15:00+0200,0.128,MW,NL,NL,actual_solar_generation,Solar | Actual Consumption,2026-09-20T06:27:59Z
2026-09-20T06:27:27Z,2026-09-20T08:27:27+0200,5dd01d44-5791-4b31-82b5-fd0ca25cd855,2026-09-19T21:30:00Z,2026-09-19T23:30:00+0200,0.0,MW,NL,NL,actual_solar_generation,Solar | Actual Aggregated,2026-09-20T06:27:59Z
2026-09-20T06:27:27Z,2026-09-20T08:27:27+0200,5dd01d44-5791-4b31-82b5-fd0ca25cd855,2026-09-19T21:30:00Z,2026-09-19T23:30:00+0200,0.118,MW,NL,NL,actual_solar_generation,Solar | Actual Consumption,2026-09-20T06:27:59Z
2026-09-20T06:27:27Z,2026-09-20T08:27:27+0200,5dd01d44-5791-4b31-82b5-fd0ca25cd855,2026-09-19T21:45:00Z,2026-09-19T23:45:00+0200,0.0,MW,NL,NL,actual_solar_generation,Solar | Actual Aggregated,2026-09-20T06:27:59Z
2026-09-20T06:27:27Z,2026-09-20T08:27:27+0200,5dd01d44-5791-4b31-82b5-fd0ca25cd855,2026-09-19T21:45:00Z,2026-09-19T23:45:00+0200,0.137,MW,NL,NL,actual_solar_generation,Solar | Actual Consumption,2026-09-20T06:27:59Z
2026-09-20T06:27:27Z,2026-09-20T08:27:27+0200,5dd01d44-5791-4b31-82b5-fd0ca25cd855,2026-09-19T22:00:00Z,2026-09-20T00:00:00+0200,0.0,MW,NL,NL,actual_solar_generation,Solar | Actual Aggregated,2026-09-20T06:27:59Z
2026-09-20T06:27:27Z,2026-09-20T08:27:27+0200,5dd01d44-5791-4b31-82b5-fd0ca25cd855,2026-09-19T22:00:00Z,2026-09-20T00:00:00+0200,0.123,MW,NL,NL,actual_solar_generation,Solar | Actual Consumption,2026-09-20T06:27:59Z
2026-09-20T06:27:27Z,2026-09-20T08:27:27+0200,5dd01d44-5791-4b31-82b5-fd0ca25cd855,2026-09-19T22:15:00Z,2026-09-20T00:15:00+0200,0.0,MW,NL,NL,actual_solar_generation,Solar | Actual Aggregated,2026-09-20T06:27:59Z
2026-09-20T06:27:27Z,2026-09-20T08:27:27+0200,5dd01d44-5791-4b31-82b5-fd0ca25cd855,2026-09-19T22:15:00Z,2026-09-20T00:15:00+0200,0.132,MW,NL,NL,actual_solar_generation,Solar | Actual Consumption,2026-09-20T06:27:59Z
2026-09-20T06:27:27Z,2026-09-20T08:27:27+0200,5dd01d44-5791-4b31-82b5-fd0ca25cd855,2026-09-19T22:30:00Z,2026-09-20T00:30:00+0200,0.0,MW,NL,NL,actual_solar_generation,Solar | Actual Aggregated,2026-09-20T06:27:59Z
2026-09-20T06:27:27Z,2026-09-20T08:27:27+0200,5dd01d44-5791-4b31-82b5-fd0ca25cd855,2026-09-19T22:30:00Z,2026-09-20T00:30:00+0200,0.116,MW,NL,NL,actual_solar_generation,Solar | Actual Consumption,2026-09-20T06:27:59Z
2026-09-20T06:27:27Z,2026-09-20T08:27:27+0200,5dd01d44-5791-4b31-82b5-fd0ca25cd855,2026-09-19T22:45:00Z,2026-09-20T00:45:00+0200,0.0,MW,NL,NL,actual_solar_generation,Solar | Actual Aggregated,2026-09-20T06:27:59Z
2026-09-20T06:27:27Z,2026-09-20T08:27:27+0200,5dd01d44-5791-4b31-82b5-fd0ca25cd855,2026-09-19T22:45:00Z,2026-09-20T00:45:00+0200,0.12,MW,NL,NL,actual_solar_generation,Solar | Actual Consumption,2026-09-20T06:27:59Z
2026-09-20T06:27:27Z,2026-09-20T08:27:27+0200,5dd01d44-5791-4b31-82b5-fd0ca25cd855,2026-09-19T23:00:00Z,2026-09-20T01:00:00+0200,0.0,MW,NL,NL,actual_solar_generation,Solar | Actual Aggregated,2026-09-20T06:27:59Z
2026-09-20T06:27:27Z,2026-09-20T08:27:27+0200,5dd01d44-5791-4b31-82b5-fd0ca25cd855,2026-09-19T23:00:00Z,2026-09-20T01:00:00+0200,0.138,MW,NL,NL,actual_solar_generation,Solar | Actual Consumption,2026-09-20T06:27:59Z
2026-09-20T06:27:27Z,2026-09-20T08:27:27+0200,5dd01d44-5791-4b31-82b5-fd0ca25cd855,2026-09-19T23:15:00Z,2026-09-20T01:15:00+0200,0.0,MW,NL,NL,actual_solar_generation,Solar | Actual Aggregated,2026-09-20T06:27:59Z
2026-09-20T06:27:27Z,2026-09-20T08:27:27+0200,5dd01d44-5791-4b31-82b5-fd0ca25cd855,2026-09-19T23:15:00Z,2026-09-20T01:15:00+0200,0.129,MW,NL,NL,actual_solar_generation,Solar | Actual Consumption,2026-09-20T06:27:59Z
2026-09-20T06:27:27Z,2026-09-20T08:27:27+0200,5dd01d44-5791-4b31-82b5-fd0ca25cd855,2026-09-19T23:30:00Z,2026-09-20T01:30:00+0200,0.0,MW,NL,NL,actual_solar_generation,Solar | Actual Aggregated,2026-09-20T06:27:59Z
2026-09-20T06:27:27Z,2026-09-20T08:27:27+0200,5dd01d44-5791-4b31-82b5-fd0ca25cd855,2026-09-19T23:30:00Z,2026-09-20T01:30:00+0200,0.129,MW,NL,NL,actual_solar_generation,Solar | Actual Consumption,2026-09-20T06:27:59Z
2026-09-20T06:27:27Z,2026-09-20T08:27:27+0200,5dd01d44-5791-4b31-82b5-fd0ca25cd855,2026-09-19T23:45:00Z,2026-09-20T01:45:00+0200,0.0,MW,NL,NL,actual_solar_generation,Solar | Actual Aggregated,2026-09-20T06:27:59Z
2026-09-20T06:27:27Z,2026-09-20T08:27:27+0200,5dd01d44-5791-4b31-82b5-fd0ca25cd855,2026-09-19T23:45:00Z,2026-09-20T01:45:00+0200,0.129,MW,NL,NL,actual_solar_generation,Solar | Actual Consumption,2026-09-20T06:27:59Z
2026-09-20T06:27:27Z,2026-09-20T08:27:27+0200,5dd01d44-5791-4b31-82b5-fd0ca25cd855,2026-09-20T00:00:00Z,2026-09-20T02:00:00+0200,0.0,MW,NL,NL,actual_solar_generation,Solar | Actual Aggregated,2026-09-20T06:27:59Z
2026-09-20T06:27:27Z,2026-09-20T08:27:27+0200,5dd01d44-5791-4b31-82b5-fd0ca25cd855,2026-09-20T00:00:00Z,2026-09-20T02:00:00+0200,0.129,MW,NL,NL,actual_solar_generation,Solar | Actual Consumption,2026-09-20T06:27:59Z
2026-09-20T06:27:27Z,2026-09-20T08:27:27+0200,5dd01d44-5791-4b31-82b5-fd0ca25cd855,2026-09-20T00:15:00Z,2026-09-20T02:15:00+0200,0.0,MW,NL,NL,actual_solar_generation,Solar | Actual Aggregated,2026-09-20T06:27:59Z
2026-09-20T06:27:27Z,2026-09-20T08:27:27+0200,5dd01d44-5791-4b31-82b5-fd0ca25cd855,2026-09-20T00:15:00Z,2026-09-20T02:15:00+0200,0.129,MW,NL,NL,actual_solar_generation,Solar | Actual Consumption,2026-09-20T06:27:59Z
2026-09-20T06:27:27Z,2026-09-20T08:27:27+0200,5dd01d44-5791-4b31-82b5-fd0ca25cd855,2026-09-20T00:30:00Z,2026-09-20T02:30:00+0200,0.0,MW,NL,NL,actual_solar_generation,Solar | Actual Aggregated,2026-09-20T06:27:59Z
2026-09-20T06:27:27Z,2026-09-20T08:27:27+0200,5dd01d44-5791-4b31-82b5-fd0ca25cd855,2026-09-20T00:30:00Z,2026-09-20T02:30:00+0200,0.129,MW,NL,NL,actual_solar_generation,Solar | Actual Consumption,2026-09-20T06:27:59Z
2026-09-20T06:27:27Z,2026-09-20T08:27:27+0200,5dd01d44-5791-4b31-82b5-fd0ca25cd855,2026-09-20T00:45:00Z,2026-09-20T02:45:00+0200,0.0,MW,NL,NL,actual_solar_generation,Solar | Actual Aggregated,2026-09-20T06:27:59Z
2026-09-20T06:27:27Z,2026-09-20T08:27:27+0200,5dd01d44-5791-4b31-82b5-fd0ca25cd855,2026-09-20T00:45:00Z,2026-09-20T02:45:00+0200,0.129,MW,NL,NL,actual_solar_generation,Solar | Actual Consumption,2026-09-20T06:27:59Z
2026-09-20T06:27:27Z,2026-09-20T08:27:27+0200,5dd01d44-5791-4b31-82b5-fd0ca25cd855,2026-09-20T01:00:00Z,2026-09-20T03:00:00+0200,0.0,MW,NL,NL,actual_solar_generation,Solar | Actual Aggregated,2026-09-20T06:27:59Z
2026-09-20T06:27:27Z,2026-09-20T08:27:27+0200,5dd01d44-5791-4b31-82b5-fd0ca25cd855,2026-09-20T01:00:00Z,2026-09-20T03:00:00+0200,0.129,MW,NL,NL,actual_solar_generation,Solar | Actual Consumption,2026-09-20T06:27:59Z
2026-09-20T06:27:27Z,2026-09-20T08:27:27+0200,5dd01d44-5791-4b31-82b5-fd0ca25cd855,2026-09-20T01:15:00Z,2026-09-20T03:15:00+0200,0.0,MW,NL,NL,actual_solar_generation,Solar | Actual Aggregated,2026-09-20T06:27:59Z
2026-09-20T06:27:27Z,2026-09-20T08:27:27+0200,5dd01d44-5791-4b31-82b5-fd0ca25cd855,2026-09-20T01:15:00Z,2026-09-20T03:15:00+0200,0.111,MW,NL,NL,actual_solar_generation,Solar | Actual Consumption,2026-09-20T06:27:59Z
2026-09-20T06:27:27Z,2026-09-20T08:27:27+0200,5dd01d44-5791-4b31-82b5-fd0ca25cd855,2026-09-20T01:30:00Z,2026-09-20T03:30:00+0200,0.0,MW,NL,NL,actual_solar_generation,Solar | Actual Aggregated,2026-09-20T06:27:59Z
2026-09-20T06:27:27Z,2026-09-20T08:27:27+0200,5dd01d44-5791-4b31-82b5-fd0ca25cd855,2026-09-20T01:30:00Z,2026-09-20T03:30:00+0200,0.124,MW,NL,NL,actual_solar_generation,Solar | Actual Consumption,2026-09-20T06:27:59Z
2026-09-20T06:27:27Z,2026-09-20T08:27:27+0200,5dd01d44-5791-4b31-82b5-fd0ca25cd855,2026-09-20T01:45:00Z,2026-09-20T03:45:00+0200,0.0,MW,NL,NL,actual_solar_generation,Solar | Actual Aggregated,2026-09-20T06:27:59Z
2026-09-20T06:27:27Z,2026-09-20T08:27:27+0200,5dd01d44-5791-4b31-82b5-fd0ca25cd855,2026-09-20T01:45:00Z,2026-09-20T03:45:00+0200,0.124,MW,NL,NL,actual_solar_generation,Solar | Actual Consumption,2026-09-20T06:27:59Z
2026-09-20T06:27:27Z,2026-09-20T08:27:27+0200,5dd01d44-5791-4b31-82b5-fd0ca25cd855,2026-09-20T02:00:00Z,2026-09-20T04:00:00+0200,0.0,MW,NL,NL,actual_solar_generation,Solar | Actual Aggregated,2026-09-20T06:27:59Z
2026-09-20T06:27:27Z,2026-09-20T08:27:27+0200,5dd01d44-5791-4b31-82b5-fd0ca25cd855,2026-09-20T02:00:00Z,2026-09-20T04:00:00+0200,0.133,MW,NL,NL,actual_solar_generation,Solar | Actual Consumption,2026-09-20T06:27:59Z
2026-09-20T06:27:27Z,2026-09-20T08:27:27+0200,5dd01d44-5791-4b31-82b5-fd0ca25cd855,2026-09-20T02:15:00Z,2026-09-20T04:15:00+0200,0.0,MW,NL,NL,actual_solar_generation,Solar | Actual Aggregated,2026-09-20T06:27:59Z
2026-09-20T06:27:27Z,2026-09-20T08:27:27+0200,5dd01d44-5791-4b31-82b5-fd0ca25cd855,2026-09-20T02:15:00Z,2026-09-20T04:15:00+0200,0.131,MW,NL,NL,actual_solar_generation,Solar | Actual Consumption,2026-09-20T06:27:59Z
2026-09-20T06:27:27Z,2026-09-20T08:27:27+0200,5dd01d44-5791-4b31-82b5-fd0ca25cd855,2026-09-20T02:30:00Z,2026-09-20T04:30:00+0200,0.0,MW,NL,NL,actual_solar_generation,Solar | Actual Aggregated,2026-09-20T06:27:59Z
2026-09-20T06:27:27Z,2026-09-20T08:27:27+0200,5dd01d44-5791-4b31-82b5-fd0ca25cd855,2026-09-20T02:30:00Z,2026-09-20T04:30:00+0200,0.12,MW,NL,NL,actual_solar_generation,Solar | Actual Consumption,2026-09-20T06:27:59Z
2026-09-20T06:27:27Z,2026-09-20T08:27:27+0200,5dd01d44-5791-4b31-82b5-fd0ca25cd855,2026-09-20T02:45:00Z,2026-09-20T04:45:00+0200,0.0,MW,NL,NL,actual_solar_generation,Solar | Actual Aggregated,2026-09-20T06:27:59Z
2026-09-20T06:27:27Z,2026-09-20T08:27:27+0200,5dd01d44-5791-4b31-82b5-fd0ca25cd855,2026-09-20T02:45:00Z,2026-09-20T04:45:00+0200,0.131,MW,NL,NL,actual_solar_generation,Solar | Actual Consumption,2026-09-20T06:27:59Z
2026-09-20T06:27:27Z,2026-09-20T08:27:27+0200,5dd01d44-5791-4b31-82b5-fd0ca25cd855,2026-09-20T03:00:00Z,2026-09-20T05:00:00+0200,0.0,MW,NL,NL,actual_solar_generation,Solar | Actual Aggregated,2026-09-20T06:27:59Z
2026-09-20T06:27:27Z,2026-09-20T08:27:27+0200,5dd01d44-5791-4b31-82b5-fd0ca25cd855,2026-09-20T03:00:00Z,2026-09-20T05:00:00+0200,0.129,MW,NL,NL,actual_solar_generation,Solar | Actual Consumption,2026-09-20T06:27:59Z
2026-09-20T06:27:27Z,2026-09-20T08:27:27+0200,5dd01d44-5791-4b31-82b5-fd0ca25cd855,2026-09-20T03:15:00Z,2026-09-20T05:15:00+0200,0.0,MW,NL,NL,actual_solar_generation,Solar | Actual Aggregated,2026-09-20T06:27:59Z
2026-09-20T06:27:27Z,2026-09-20T08:27:27+0200,5dd01d44-5791-4b31-82b5-fd0ca25cd855,2026-09-20T03:15:00Z,2026-09-20T05:15:00+0200,0.121,MW,NL,NL,actual_solar_generation,Solar | Actual Consumption,2026-09-20T06:27:59Z
2026-09-20T06:27:27Z,2026-09-20T08:27:27+0200,5dd01d44-5791-4b31-82b5-fd0ca25cd855,2026-09-20T03:30:00Z,2026-09-20T05:30:00+0200,0.0,MW,NL,NL,actual_solar_generation,Solar | Actual Aggregated,2026-09-20T06:27:59Z
2026-09-20T06:27:27Z,2026-09-20T08:27:27+0200,5dd01d44-5791-4b31-82b5-fd0ca25cd855,2026-09-20T03:30:00Z,2026-09-20T05:30:00+0200,0.129,MW,NL,NL,actual_solar_generation,Solar | Actual Consumption,2026-09-20T06:27:59Z
2026-09-20T06:27:27Z,2026-09-20T08:27:27+0200,5dd01d44-5791-4b31-82b5-fd0ca25cd855,2026-09-20T03:45:00Z,2026-09-20T05:45:00+0200,0.0,MW,NL,NL,actual_solar_generation,Solar | Actual Aggregated,2026-09-20T06:27:59Z
2026-09-20T06:27:27Z,2026-09-20T08:27:27+0200,5dd01d44-5791-4b31-82b5-fd0ca25cd855,2026-09-20T03:45:00Z,2026-09-20T05:45:00+0200,0.123,MW,NL,NL,actual_solar_generation,Solar | Actual Consumption,2026-09-20T06:27:59Z
2026-09-20T06:27:27Z,2026-09-20T08:27:27+0200,5dd01d44-5791-4b31-82b5-fd0ca25cd855,2026-09-20T04:00:00Z,2026-09-20T06:00:00+0200,0.0,MW,NL,NL,actual_solar_generation,Solar | Actual Aggregated,2026-09-20T06:27:59Z
2026-09-20T06:27:27Z,2026-09-20T08:27:27+0200,5dd01d44-5791-4b31-82b5-fd0ca25cd855,2026-09-20T04:00:00Z,2026-09-20T06:00:00+0200,0.13,MW,NL,NL,actual_solar_generation,Solar | Actual Consumption,2026-09-20T06:27:59Z
2026-09-20T06:27:27Z,2026-09-20T08:27:27+0200,5dd01d44-5791-4b31-82b5-fd0ca25cd855,2026-09-20T04:15:00Z,2026-09-20T06:15:00+0200,0.0,MW,NL,NL,actual_solar_generation,Solar | Actual Aggregated,2026-09-20T06:27:59Z
2026-09-20T06:27:27Z,2026-09-20T08:27:27+0200,5dd01d44-5791-4b31-82b5-fd0ca25cd855,2026-09-20T04:15:00Z,2026-09-20T06:15:00+0200,0.13,MW,NL,NL,actual_solar_generation,Solar | Actual Consumption,2026-09-20T06:27:59Z
2026-09-20T06:27:27Z,2026-09-20T08:27:27+0200,5dd01d44-5791-4b31-82b5-fd0ca25cd855,2026-09-20T04:30:00Z,2026-09-20T06:30:00+0200,0.0,MW,NL,NL,actual_solar_generation,Solar | Actual Aggregated,2026-09-20T06:27:59Z
2026-09-20T06:27:27Z,2026-09-20T08:27:27+0200,5dd01d44-5791-4b31-82b5-fd0ca25cd855,2026-09-20T04:30:00Z,2026-09-20T06:30:00+0200,0.116,MW,NL,NL,actual_solar_generation,Solar | Actual Consumption,2026-09-20T06:27:59Z
2026-09-20T06:27:27Z,2026-09-20T08:27:27+0200,5dd01d44-5791-4b31-82b5-fd0ca25cd855,2026-09-20T04:45:00Z,2026-09-20T06:45:00+0200,0.0,MW,NL,NL,actual_solar_generation,Solar | Actual Aggregated,2026-09-20T06:27:59Z
2026-09-20T06:27:27Z,2026-09-20T08:27:27+0200,5dd01d44-5791-4b31-82b5-fd0ca25cd855,2026-09-20T04:45:00Z,2026-09-20T06:45:00+0200,0.122,MW,NL,NL,actual_solar_generation,Solar | Actual Consumption,2026-09-20T06:27:59Z
2026-09-20T06:27:27Z,2026-09-20T08:27:27+0200,5dd01d44-5791-4b31-82b5-fd0ca25cd855,2026-09-20T05:00:00Z,2026-09-20T07:00:00+0200,0.0,MW,NL,NL,actual_solar_generation,Solar | Actual Aggregated,2026-09-20T06:27:59Z
2026-09-20T06:27:27Z,2026-09-20T08:27:27+0200,5dd01d44-5791-4b31-82b5-fd0ca25cd855,2026-09-20T05:00:00Z,2026-09-20T07:00:00+0200,0.134,MW,NL,NL,actual_solar_generation,Solar | Actual Consumption,2026-09-20T06:27:59Z
2026-09-20T06:27:27Z,2026-09-20T08:27:27+0200,5dd01d44-5791-4b31-82b5-fd0ca25cd855,2026-09-20T05:15:00Z,2026-09-20T07:15:00+0200,0.427,MW,NL,NL,actual_solar_generation,Solar | Actual Aggregated,2026-09-20T06:27:59Z
2026-09-20T06:27:27Z,2026-09-20T08:27:27+0200,5dd01d44-5791-4b31-82b5-fd0ca25cd855,2026-09-20T05:15:00Z,2026-09-20T07:15:00+0200,0.122,MW,NL,NL,actual_solar_generation,Solar | Actual Consumption,2026-09-20T06:27:59Z
