collection_time_utc,collection_time_local,run_id,timestamp_utc,timestamp_local,value,unit,country,entsoe_area,variable,source,updated_at_utc
2026-09-24T20:56:21Z,2026-09-24T22:56:21+0200,dc914a0a-bbfd-4933-aa5a-9840c7a2aa48,2026-09-17T21:00:00Z,2026-09-17T23:00:00+0200,0.0,MW,DE,DE_LU,forecast_solar_generation,Solar,2026-09-24T20:57:31Z
2026-09-24T20:56:21Z,2026-09-24T22:56:21+0200,dc914a0a-bbfd-4933-aa5a-9840c7a2aa48,2026-09-17T21:15:00Z,2026-09-17T23:15:00+0200,0.0,MW,DE,DE_LU,forecast_solar_generation,Solar,2026-09-24T20:57:31Z
2026-09-24T20:56:21Z,2026-09-24T22:56:21+0200,dc914a0a-bbfd-4933-aa5a-9840c7a2aa48,2026-09-17T21:30:00Z,2026-09-17T23:30:00+0200,0.0,MW,DE,DE_LU,forecast_solar_generation,Solar,2026-09-24T20:57:31Z
2026-09-24T20:56:21Z,2026-09-24T22:56:21+0200,dc914a0a-bbfd-4933-aa5a-9840c7a2aa48,2026-09-17T21:45:00Z,2026-09-17T23:45:00+0200,0.0,MW,DE,DE_LU,forecast_solar_generation,Solar,2026-09-24T20:57:31Z
2026-09-24T20:56:21Z,2026-09-24T22:56:21+0200,dc914a0a-bbfd-4933-aa5a-9840c7a2aa48,2026-09-17T22:00:00Z,2026-09-18T00:00:00+0200,0.0,MW,DE,DE_LU,forecast_solar_generation,Solar,2026-09-24T20:57:31Z
2026-09-24T20:56:21Z,2026-09-24T22:56:21+0200,dc914a0a-bbfd-4933-aa5a-9840c7a2aa48,2026-09-17T22:15:00Z,2026-09-18T00:15:00+0200,0.0,MW,DE,DE_LU,forecast_solar_generation,Solar,2026-09-24T20:57:31Z
2026-09-24T20:56:21Z,2026-09-24T22:56:21+0200,dc914a0a-bbfd-4933-aa5a-9840c7a2aa48,2026-09-17T22:30:00Z,2026-09-18T00:30:00+0200,0.0,MW,DE,DE_LU,forecast_solar_generation,Solar,2026-09-24T20:57:31Z
2026-09-24T20:56:21Z,2026-09-24T22:56:21+0200,dc914a0a-bbfd-4933-aa5a-9840c7a2aa48,2026-09-17T22:45:00Z,2026-09-18T00:45:00+0200,0.0,MW,DE,DE_LU,forecast_solar_generation,Solar,2026-09-24T20:57:31Z
2026-09-24T20:56:21Z,2026-09-24T22:56:21+0200,dc914a0a-bbfd-4933-aa5a-9840c7a2aa48,2026-09-17T23:00:00Z,2026-09-18T01:00:00+0200,0.0,MW,DE,DE_LU,forecast_solar_generation,Solar,2026-09-24T20:57:31Z
2026-09-24T20:56:21Z,2026-09-24T22:56:21+0200,dc914a0a-bbfd-4933-aa5a-9840c7a2aa48,2026-09-17T23:15:00Z,2026-09-18T01:15:00+0200,0.0,MW,DE,DE_LU,forecast_solar_generation,Solar,2026-09-24T20:57:31Z
2026-09-24T20:56:21Z,2026-09-24T22:56:21+0200,dc914a0a-bbfd-4933-aa5a-9840c7a2aa48,2026-09-17T23:30:00Z,2026-09-18T01:30:00+0200,0.0,MW,DE,DE_LU,forecast_solar_generation,Solar,2026-09-24T20:57:31Z
2026-09-24T20:56:21Z,2026-09-24T22:56:21+0200,dc914a0a-bbfd-4933-aa5a-9840c7a2aa48,2026-09-17T23:45:00Z,2026-09-18T01:45:00+0200,0.0,MW,DE,DE_LU,forecast_solar_generation,Solar,2026-09-24T20:57:31Z
2026-09-24T20:56:21Z,2026-09-24T22:56:21+0200,dc914a0a-bbfd-4933-aa5a-9840c7a2aa48,2026-09-18T00:00:00Z,2026-09-18T02:00:00+0200,0.0,MW,DE,DE_LU,forecast_solar_generation,Solar,2026-09-24T20:57:31Z
2026-09-24T20:56:21Z,2026-09-24T22:56:21+0200,dc914a0a-bbfd-4933-aa5a-9840c7a2aa48,2026-09-18T00:15:00Z,2026-09-18T02:15:00+0200,0.0,MW,DE,DE_LU,forecast_solar_generation,Solar,2026-09-24T20:57:31Z
2026-09-24T20:56:21Z,2026-09-24T22:56:21+0200,dc914a0a-bbfd-4933-aa5a-9840c7a2aa48,2026-09-18T00:30:00Z,2026-09-18T02:30:00+0200,0.0,MW,DE,DE_LU,forecast_solar_generation,Solar,2026-09-24T20:57:31Z
2026-09-24T20:56:21Z,2026-09-24T22:56:21+0200,dc914a0a-bbfd-4933-aa5a-9840c7a2aa48,2026-09-18T00:45:00Z,2026-09-18T02:45:00+0200,0.0,MW,DE,DE_LU,forecast_solar_generation,Solar,2026-09-24T20:57:31Z
2026-09-24T20:56:21Z,2026-09-24T22:56:21+0200,dc914a0a-bbfd-4933-aa5a-9840c7a2aa48,2026-09-18T01:00:00Z,2026-09-18T03:00:00+0200,0.0,MW,DE,DE_LU,forecast_solar_generation,Solar,2026-09-24T20:57:31Z
2026-09-24T20:56:21Z,2026-09-24T22:56:21+0200,dc914a0a-bbfd-4933-aa5a-9840c7a2aa48,2026-09-18T01:15:00Z,2026-09-18T03:15:00+0200,0.0,MW,DE,DE_LU,forecast_solar_generation,Solar,2026-09-24T20:57:31Z
2026-09-24T20:56:21Z,2026-09-24T22:56:21+0200,dc914a0a-bbfd-4933-aa5a-9840c7a2aa48,2026-09-18T01:30:00Z,2026-09-18T03:30:00+0200,0.0,MW,DE,DE_LU,forecast_solar_generation,Solar,2026-09-24T20:57:31Z
2026-09-24T20:56:21Z,2026-09-24T22:56:21+0200,dc914a0a-bbfd-4933-aa5a-9840c7a2aa48,2026-09-18T01:45:00Z,2026-09-18T03:45:00+0200,0.0,MW,DE,DE_LU,forecast_solar_generation,Solar,2026-09-24T20:57:31Z
2026-09-24T20:56:21Z,2026-09-24T22:56:21+0200,dc914a0a-bbfd-4933-aa5a-9840c7a2aa48,2026-09-18T02:00:00Z,2026-09-18T04:00:00+0200,0.0,MW,DE,DE_LU,forecast_solar_generation,Solar,2026-09-24T20:57:31Z
2026-09-24T20:56:21Z,2026-09-24T22:56:21+0200,dc914a0a-bbfd-4933-aa5a-9840c7a2aa48,2026-09-18T02:15:00Z,2026-09-18T04:15:00+0200,0.0,MW,DE,DE_LU,forecast_solar_generation,Solar,2026-09-24T20:57:31Z
2026-09-24T20:56:21Z,2026-09-24T22:56:21+0200,dc914a0a-bbfd-4933-aa5a-9840c7a2aa48,2026-09-18T02:30:00Z,2026-09-18T04:30:00+0200,0.0,MW,DE,DE_LU,forecast_solar_generation,Solar,2026-09-24T20:57:31Z
2026-09-24T20:56:21Z,2026-09-24T22:56:21+0200,dc914a0a-bbfd-4933-aa5a-9840c7a2aa48,2026-09-18T02:45:00Z,2026-09-18T04:45:00+0200,0.0,MW,DE,DE_LU,forecast_solar_generation,Solar,2026-09-24T20:57:31Z
2026-09-24T20:56:21Z,2026-09-24T22:56:21+0200,dc914a0a-bbfd-4933-aa5a-9840c7a2aa48,2026-09-18T03:00:00Z,2026-09-18T05:00:00+0200,0.0,MW,DE,DE_LU,forecast_solar_generation,Solar,2026-09-24T20:57:31Z
2026-09-24T20:56:21Z,2026-09-24T22:56:21+0200,dc914a0a-bbfd-4933-aa5a-9840c7a2aa48,2026-09-18T03:15:00Z,2026-09-18T05:15:00+0200,0.0,MW,DE,DE_LU,forecast_solar_generation,Solar,2026-09-24T20:57:31Z
2026-09-24T20:56:21Z,2026-09-24T22:56:21+0200,dc914a0a-bbfd-4933-aa5a-9840c7a2aa48,2026-09-18T03:30:00Z,2026-09-18T05:30:00+0200,0.0,MW,DE,DE_LU,forecast_solar_generation,Solar,2026-09-24T20:57:31Z
2026-09-24T20:56:21Z,2026-09-24T22:56:21+0200,dc914a0a-bbfd-4933-aa5a-9840c7a2aa48,2026-09-18T03:45:00Z,2026-09-18T05:45:00+0200,0.0,MW,DE,DE_LU,forecast_solar_generation,Solar,2026-09-24T20:57:31Z
2026-09-24T20:56:21Z,2026-09-24T22:56:21+0200,dc914a0a-bbfd-4933-aa5a-9840c7a2aa48,2026-09-18T04:00:00Z,2026-09-18T06:00:00+0200,0.0,MW,DE,DE_LU,forecast_solar_generation,Solar,2026-09-24T20:57:31Z
2026-09-24T20:56:21Z,2026-09-24T22:56:21+0200,dc914a0a-bbfd-4933-aa5a-9840c7a2aa48,2026-09-18T04:15:00Z,2026-09-18T06:15:00+0200,0.0,MW,DE,DE_LU,forecast_solar_generation,Solar,2026-09-24T20:57:31Z
2026-09-24T20:56:21Z,2026-09-24T22:56:21+0200,dc914a0a-bbfd-4933-aa5a-9840c7a2aa48,2026-09-18T04:30:00Z,2026-09-18T06:30:00+0200,0.0,MW,DE,DE_LU,forecast_solar_generation,Solar,2026-09-24T20:57:31Z
2026-09-24T20:56:21Z,2026-09-24T22:56:21+0200,dc914a0a-bbfd-4933-aa5a-9840c7a2aa48,2026-09-18T04:45:00Z,2026-09-18T06:45:00+0200,56.81525,MW,DE,DE_LU,forecast_solar_generation,Solar,2026-09-24T20:57:31Z
2026-09-24T20:56:21Z,2026-09-24T22:56:21+0200,dc914a0a-bbfd-4933-aa5a-9840c7a2aa48,2026-09-18T05:00:00Z,2026-09-18T07:00:00+0200,292.49448,MW,DE,DE_LU,forecast_solar_generation,Solar,2026-09-24T20:57:31Z
2026-09-24T20:56:21Z,2026-09-24T22:56:21+0200,dc914a0a-bbfd-4933-aa5a-9840c7a2aa48,2026-09-18T05:15:00Z,2026-09-18T07:15:00+0200,804.47174,MW,DE,DE_LU,forecast_solar_generation,Solar,2026-09-24T20:57:31Z
2026-09-24T20:56:21Z,2026-09-24T22:56:21+0200,dc914a0a-bbfd-4933-aa5a-9840c7a2aa48,2026-09-18T05:30:00Z,2026-09-18T07:30:00+0200,1685.98328,MW,DE,DE_LU,forecast_solar_generation,Solar,2026-09-24T20:57:31Z
2026-09-24T20:56:21Z,2026-09-24T22:56:21+0200,dc914a0a-bbfd-4933-aa5a-9840c7a2aa48,2026-09-18T05:45:00Z,2026-09-18T07:45:00+0200,2909.96851,MW,DE,DE_LU,forecast_solar_generation,Solar,2026-09-24T20:57:31Z
2026-09-24T20:56:21Z,2026-09-24T22:56:21+0200,dc914a0a-bbfd-4933-aa5a-9840c7a2aa48,2026-09-18T06:00:00Z,2026-09-18T08:00:00+0200,4461.17053,MW,DE,DE_LU,forecast_solar_generation,Solar,2026-09-24T20:57:31Z
2026-09-24T20:56:21Z,2026-09-24T22:56:21+0200,dc914a0a-bbfd-4933-aa5a-9840c7a2aa48,2026-09-18T06:15:00Z,2026-09-18T08:15:00+0200,6322.24286,MW,DE,DE_LU,forecast_solar_generation,Solar,2026-09-24T20:57:31Z
2026-09-24T20:56:21Z,2026-09-24T22:56:21+0200,dc914a0a-bbfd-4933-aa5a-9840c7a2aa48,2026-09-18T06:30:00Z,2026-09-18T08:30:00+0200,8419.80706,MW,DE,DE_LU,forecast_solar_generation,Solar,2026-09-24T20:57:31Z
2026-09-24T20:56:21Z,2026-09-24T22:56:21+0200,dc914a0a-bbfd-4933-aa5a-9840c7a2aa48,2026-09-18T06:45:00Z,2026-09-18T08:45:00+0200,10644.90671,MW,DE,DE_LU,forecast_solar_generation,Solar,2026-09-24T20:57:31Z
2026-09-24T20:56:21Z,2026-09-24T22:56:21+0200,dc914a0a-bbfd-4933-aa5a-9840c7a2aa48,2026-09-18T07:00:00Z,2026-09-18T09:00:00+0200,12978.9189,MW,DE,DE_LU,forecast_solar_generation,Solar,2026-09-24T20:57:31Z
2026-09-24T20:56:21Z,2026-09-24T22:56:21+0200,dc914a0a-bbfd-4933-aa5a-9840c7a2aa48,2026-09-18T07:15:00Z,2026-09-18T09:15:00+0200,15423.62882,MW,DE,DE_LU,forecast_solar_generation,Solar,2026-09-24T20:57:31Z
2026-09-24T20:56:21Z,2026-09-24T22:56:21+0200,dc914a0a-bbfd-4933-aa5a-9840c7a2aa48,2026-09-18T07:30:00Z,2026-09-18T09:30:00+0200,17892.21234,MW,DE,DE_LU,forecast_solar_generation,Solar,2026-09-24T20:57:31Z
2026-09-24T20:56:21Z,2026-09-24T22:56:21+0200,dc914a0a-bbfd-4933-aa5a-9840c7a2aa48,2026-09-18T07:45:00Z,2026-09-18T09:45:00+0200,20295.8676,MW,DE,DE_LU,forecast_solar_generation,Solar,2026-09-24T20:57:31Z
2026-09-24T20:56:21Z,2026-09-24T22:56:21+0200,dc914a0a-bbfd-4933-aa5a-9840c7a2aa48,2026-09-18T08:00:00Z,2026-09-18T10:00:00+0200,22604.48325,MW,DE,DE_LU,forecast_solar_generation,Solar,2026-09-24T20:57:31Z
2026-09-24T20:56:21Z,2026-09-24T22:56:21+0200,dc914a0a-bbfd-4933-aa5a-9840c7a2aa48,2026-09-18T08:15:00Z,2026-09-18T10:15:00+0200,24804.01721,MW,DE,DE_LU,forecast_solar_generation,Solar,2026-09-24T20:57:31Z
2026-09-24T20:56:21Z,2026-09-24T22:56:21+0200,dc914a0a-bbfd-4933-aa5a-9840c7a2aa48,2026-09-18T08:30:00Z,2026-09-18T10:30:00+0200,26815.36011,MW,DE,DE_LU,forecast_solar_generation,Solar,2026-09-24T20:57:31Z
2026-09-24T20:56:21Z,2026-09-24T22:56:21+0200,dc914a0a-bbfd-4933-aa5a-9840c7a2aa48,2026-09-18T08:45:00Z,2026-09-18T10:45:00+0200,28600.00577,MW,DE,DE_LU,forecast_solar_generation,Solar,2026-09-24T20:57:31Z
2026-09-24T20:56:21Z,2026-09-24T22:56:21+0200,dc914a0a-bbfd-4933-aa5a-9840c7a2aa48,2026-09-18T09:00:00Z,2026-09-18T11:00:00+0200,30158.27401,MW,DE,DE_LU,forecast_solar_generation,Solar,2026-09-24T20:57:31Z
2026-09-24T20:56:21Z,2026-09-24T22:56:21+0200,dc914a0a-bbfd-4933-aa5a-9840c7a2aa48,2026-09-18T09:15:00Z,2026-09-18T11:15:00+0200,31559.04887,MW,DE,DE_LU,forecast_solar_generation,Solar,2026-09-24T20:57:31Z
2026-09-24T20:56:21Z,2026-09-24T22:56:21+0200,dc914a0a-bbfd-4933-aa5a-9840c7a2aa48,2026-09-18T09:30:00Z,2026-09-18T11:30:00+0200,32711.19952,MW,DE,DE_LU,forecast_solar_generation,Solar,2026-09-24T20:57:31Z
2026-09-24T20:56:21Z,2026-09-24T22:56:21+0200,dc914a0a-bbfd-4933-aa5a-9840c7a2aa48,2026-09-18T09:45:00Z,2026-09-18T11:45:00+0200,33648.22558,MW,DE,DE_LU,forecast_solar_generation,Solar,2026-09-24T20:57:31Z
2026-09-24T20:56:21Z,2026-09-24T22:56:21+0200,dc914a0a-bbfd-4933-aa5a-9840c7a2aa48,2026-09-18T10:00:00Z,2026-09-18T12:00:00+0200,34403.63629,MW,DE,DE_LU,forecast_solar_generation,Solar,2026-09-24T20:57:31Z
2026-09-24T20:56:21Z,2026-09-24T22:56:21+0200,dc914a0a-bbfd-4933-aa5a-9840c7a2aa48,2026-09-18T10:15:00Z,2026-09-18T12:15:00+0200,34920.07197,MW,DE,DE_LU,forecast_solar_generation,Solar,2026-09-24T20:57:31Z
2026-09-24T20:56:21Z,2026-09-24T22:56:21+0200,dc914a0a-bbfd-4933-aa5a-9840c7a2aa48,2026-09-18T10:30:00Z,2026-09-18T12:30:00+0200,35206.75007,MW,DE,DE_LU,forecast_solar_generation,Solar,2026-09-24T20:57:31Z
2026-09-24T20:56:21Z,2026-09-24T22:56:21+0200,dc914a0a-bbfd-4933-aa5a-9840c7a2aa48,2026-09-18T10:45:00Z,2026-09-18T12:45:00+0200,35300.85258,MW,DE,DE_LU,forecast_solar_generation,Solar,2026-09-24T20:57:31Z
2026-09-24T20:56:21Z,2026-09-24T22:56:21+0200,dc914a0a-bbfd-4933-aa5a-9840c7a2aa48,2026-09-18T11:00:00Z,2026-09-18T13:00:00+0200,35340.82993,MW,DE,DE_LU,forecast_solar_generation,Solar,2026-09-24T20:57:31Z
2026-09-24T20:56:21Z,2026-09-24T22:56:21+0200,dc914a0a-bbfd-4933-aa5a-9840c7a2aa48,2026-09-18T11:15:00Z,2026-09-18T13:15:00+0200,35288.61564,MW,DE,DE_LU,forecast_solar_generation,Solar,2026-09-24T20:57:31Z
2026-09-24T20:56:21Z,2026-09-24T22:56:21+0200,dc914a0a-bbfd-4933-aa5a-9840c7a2aa48,2026-09-18T11:30:00Z,2026-09-18T13:30:00+0200,35137.18228,MW,DE,DE_LU,forecast_solar_generation,Solar,2026-09-24T20:57:31Z
2026-09-24T20:56:21Z,2026-09-24T22:56:21+0200,dc914a0a-bbfd-4933-aa5a-9840c7a2aa48,2026-09-18T11:45:00Z,2026-09-18T13:45:00+0200,34810.37445,MW,DE,DE_LU,forecast_solar_generation,Solar,2026-09-24T20:57:31Z
2026-09-24T20:56:21Z,2026-09-24T22:56:21+0200,dc914a0a-bbfd-4933-aa5a-9840c7a2aa48,2026-09-18T12:00:00Z,2026-09-18T14:00:00+0200,34332.71401,MW,DE,DE_LU,forecast_solar_generation,Solar,2026-09-24T20:57:31Z
2026-09-24T20:56:21Z,2026-09-24T22:56:21+0200,dc914a0a-bbfd-4933-aa5a-9840c7a2aa48,2026-09-18T12:15:00Z,2026-09-18T14:15:00+0200,33679.64036,MW,DE,DE_LU,forecast_solar_generation,Solar,2026-09-24T20:57:31Z
2026-09-24T20:56:21Z,2026-09-24T22:56:21+0200,dc914a0a-bbfd-4933-aa5a-9840c7a2aa48,2026-09-18T12:30:00Z,2026-09-18T14:30:00+0200,32877.06992,MW,DE,DE_LU,forecast_solar_generation,Solar,2026-09-24T20:57:31Z
2026-09-24T20:56:21Z,2026-09-24T22:56:21+0200,dc914a0a-bbfd-4933-aa5a-9840c7a2aa48,2026-09-18T12:45:00Z,2026-09-18T14:45:00+0200,31865.84096,MW,DE,DE_LU,forecast_solar_generation,Solar,2026-09-24T20:57:31Z
2026-09-24T20:56:21Z,2026-09-24T22:56:21+0200,dc914a0a-bbfd-4933-aa5a-9840c7a2aa48,2026-09-18T13:00:00Z,2026-09-18T15:00:00+0200,30713.72406,MW,DE,DE_LU,forecast_solar_generation,Solar,2026-09-24T20:57:31Z
2026-09-24T20:56:21Z,2026-09-24T22:56:21+0200,dc914a0a-bbfd-4933-aa5a-9840c7a2aa48,2026-09-18T13:15:00Z,2026-09-18T15:15:00+0200,29406.05853,MW,DE,DE_LU,forecast_solar_generation,Solar,2026-09-24T20:57:31Z
2026-09-24T20:56:21Z,2026-09-24T22:56:21+0200,dc914a0a-bbfd-4933-aa5a-9840c7a2aa48,2026-09-18T13:30:00Z,2026-09-18T15:30:00+0200,27929.14292,MW,DE,DE_LU,forecast_solar_generation,Solar,2026-09-24T20:57:31Z
2026-09-24T20:56:21Z,2026-09-24T22:56:21+0200,dc914a0a-bbfd-4933-aa5a-9840c7a2aa48,2026-09-18T13:45:00Z,2026-09-18T15:45:00+0200,26324.14015,MW,DE,DE_LU,forecast_solar_generation,Solar,2026-09-24T20:57:31Z
2026-09-24T20:56:21Z,2026-09-24T22:56:21+0200,dc914a0a-bbfd-4933-aa5a-9840c7a2aa48,2026-09-18T14:00:00Z,2026-09-18T16:00:00+0200,24532.26494,MW,DE,DE_LU,forecast_solar_generation,Solar,2026-09-24T20:57:31Z
2026-09-24T20:56:21Z,2026-09-24T22:56:21+0200,dc914a0a-bbfd-4933-aa5a-9840c7a2aa48,2026-09-18T14:15:00Z,2026-09-18T16:15:00+0200,22547.08933,MW,DE,DE_LU,forecast_solar_generation,Solar,2026-09-24T20:57:31Z
2026-09-24T20:56:21Z,2026-09-24T22:56:21+0200,dc914a0a-bbfd-4933-aa5a-9840c7a2aa48,2026-09-18T14:30:00Z,2026-09-18T16:30:00+0200,20474.72866,MW,DE,DE_LU,forecast_solar_generation,Solar,2026-09-24T20:57:31Z
2026-09-24T20:56:21Z,2026-09-24T22:56:21+0200,dc914a0a-bbfd-4933-aa5a-9840c7a2aa48,2026-09-18T14:45:00Z,2026-09-18T16:45:00+0200,18348.04971,MW,DE,DE_LU,forecast_solar_generation,Solar,2026-09-24T20:57:31Z
2026-09-24T20:56:21Z,2026-09-24T22:56:21+0200,dc914a0a-bbfd-4933-aa5a-9840c7a2aa48,2026-09-18T15:00:00Z,2026-09-18T17:00:00+0200,16159.24074,MW,DE,DE_LU,forecast_solar_generation,Solar,2026-09-24T20:57:31Z
2026-09-24T20:56:21Z,2026-09-24T22:56:21+0200,dc914a0a-bbfd-4933-aa5a-9840c7a2aa48,2026-09-18T15:15:00Z,2026-09-18T17:15:00+0200,13894.83243,MW,DE,DE_LU,forecast_solar_generation,Solar,2026-09-24T20:57:31Z
2026-09-24T20:56:21Z,2026-09-24T22:56:21+0200,dc914a0a-bbfd-4933-aa5a-9840c7a2aa48,2026-09-18T15:30:00Z,2026-09-18T17:30:00+0200,11548.40975,MW,DE,DE_LU,forecast_solar_generation,Solar,2026-09-24T20:57:31Z
2026-09-24T20:56:21Z,2026-09-24T22:56:21+0200,dc914a0a-bbfd-4933-aa5a-9840c7a2aa48,2026-09-18T15:45:00Z,2026-09-18T17:45:00+0200,9189.80102,MW,DE,DE_LU,forecast_solar_generation,Solar,2026-09-24T20:57:31Z
2026-09-24T20:56:21Z,2026-09-24T22:56:21+0200,dc914a0a-bbfd-4933-aa5a-9840c7a2aa48,2026-09-18T16:00:00Z,2026-09-18T18:00:00+0200,6955.57647,MW,DE,DE_LU,forecast_solar_generation,Solar,2026-09-24T20:57:31Z
2026-09-24T20:56:21Z,2026-09-24T22:56:21+0200,dc914a0a-bbfd-4933-aa5a-9840c7a2aa48,2026-09-18T16:15:00Z,2026-09-18T18:15:00+0200,4846.07718,MW,DE,DE_LU,forecast_solar_generation,Solar,2026-09-24T20:57:31Z
2026-09-24T20:56:21Z,2026-09-24T22:56:21+0200,dc914a0a-bbfd-4933-aa5a-9840c7a2aa48,2026-09-18T16:30:00Z,2026-09-18T18:30:00+0200,3039.75293,MW,DE,DE_LU,forecast_solar_generation,Solar,2026-09-24T20:57:31Z
2026-09-24T20:56:21Z,2026-09-24T22:56:21+0200,dc914a0a-bbfd-4933-aa5a-9840c7a2aa48,2026-09-18T16:45:00Z,2026-09-18T18:45:00+0200,1632.11482,MW,DE,DE_LU,forecast_solar_generation,Solar,2026-09-24T20:57:31Z
2026-09-24T20:56:21Z,2026-09-24T22:56:21+0200,dc914a0a-bbfd-4933-aa5a-9840c7a2aa48,2026-09-18T17:00:00Z,2026-09-18T19:00:00+0200,696.9678,MW,DE,DE_LU,forecast_solar_generation,Solar,2026-09-24T20:57:31Z
2026-09-24T20:56:21Z,2026-09-24T22:56:21+0200,dc914a0a-bbfd-4933-aa5a-9840c7a2aa48,2026-09-18T17:15:00Z,2026-09-18T19:15:00+0200,219.95365,MW,DE,DE_LU,forecast_solar_generation,Solar,2026-09-24T20:57:31Z
2026-09-24T20:56:21Z,2026-09-24T22:56:21+0200,dc914a0a-bbfd-4933-aa5a-9840c7a2aa48,2026-09-18T17:30:00Z,2026-09-18T19:30:00+0200,59.84902,MW,DE,DE_LU,forecast_solar_generation,Solar,2026-09-24T20:57:31Z
2026-09-24T20:56:21Z,2026-09-24T22:56:21+0200,dc914a0a-bbfd-4933-aa5a-9840c7a2aa48,2026-09-18T17:45:00Z,2026-09-18T19:45:00+0200,9.39506,MW,DE,DE_LU,forecast_solar_generation,Solar,2026-09-24T20:57:31Z
2026-09-24T20:56:21Z,2026-09-24T22:56:21+0200,dc914a0a-bbfd-4933-aa5a-9840c7a2aa48,2026-09-18T18:00:00Z,2026-09-18T20:00:00+0200,0.0,MW,DE,DE_LU,forecast_solar_generation,Solar,2026-09-24T20:57:31Z
2026-09-24T20:56:21Z,2026-09-24T22:56:21+0200,dc914a0a-bbfd-4933-aa5a-9840c7a2aa48,2026-09-18T18:15:00Z,2026-09-18T20:15:00+0200,0.0,MW,DE,DE_LU,forecast_solar_generation,Solar,2026-09-24T20:57:31Z
2026-09-24T20:56:21Z,2026-09-24T22:56:21+0200,dc914a0a-bbfd-4933-aa5a-9840c7a2aa48,2026-09-18T18:30:00Z,2026-09-18T20:30:00+0200,0.0,MW,DE,DE_LU,forecast_solar_generation,Solar,2026-09-24T20:57:31Z
2026-09-24T20:56:21Z,2026-09-24T22:56:21+0200,dc914a0a-bbfd-4933-aa5a-9840c7a2aa48,2026-09-18T18:45:00Z,2026-09-18T20:45:00+0200,0.0,MW,DE,DE_LU,forecast_solar_generation,Solar,2026-09-24T20:57:31Z
2026-09-24T20:56:21Z,2026-09-24T22:56:21+0200,dc914a0a-bbfd-4933-aa5a-9840c7a2aa48,2026-09-18T19:00:00Z,2026-09-18T21:00:00+0200,0.0,MW,DE,DE_LU,forecast_solar_generation,Solar,2026-09-24T20:57:31Z
2026-09-24T20:56:21Z,2026-09-24T22:56:21+0200,dc914a0a-bbfd-4933-aa5a-9840c7a2aa48,2026-09-18T19:15:00Z,2026-09-18T21:15:00+0200,0.0,MW,DE,DE_LU,forecast_solar_generation,Solar,2026-09-24T20:57:31Z
2026-09-24T20:56:21Z,2026-09-24T22:56:21+0200,dc914a0a-bbfd-4933-aa5a-9840c7a2aa48,2026-09-18T19:30:00Z,2026-09-18T21:30:00+0200,0.0,MW,DE,DE_LU,forecast_solar_generation,Solar,2026-09-24T20:57:31Z
2026-09-24T20:56:21Z,2026-09-24T22:56:21+0200,dc914a0a-bbfd-4933-aa5a-9840c7a2aa48,2026-09-18T19:45:00Z,2026-09-18T21:45:00+0200,0.0,MW,DE,DE_LU,forecast_solar_generation,Solar,2026-09-24T20:57:31Z
2026-09-24T20:56:21Z,2026-09-24T22:56:21+0200,dc914a0a-bbfd-4933-aa5a-9840c7a2aa48,2026-09-18T20:00:00Z,2026-09-18T22:00:00+0200,0.0,MW,DE,DE_LU,forecast_solar_generation,Solar,2026-09-24T20:57:31Z
2026-09-24T20:56:21Z,2026-09-24T22:56:21+0200,dc914a0a-bbfd-4933-aa5a-9840c7a2aa48,2026-09-18T20:15:00Z,2026-09-18T22:15:00+0200,0.0,MW,DE,DE_LU,forecast_solar_generation,Solar,2026-09-24T20:57:31Z
2026-09-24T20:56:21Z,2026-09-24T22:56:21+0200,dc914a0a-bbfd-4933-aa5a-9840c7a2aa48,2026-09-18T20:30:00Z,2026-09-18T22:30:00+0200,0.0,MW,DE,DE_LU,forecast_solar_generation,Solar,2026-09-24T20:57:31Z
2026-09-24T20:56:21Z,2026-09-24T22:56:21+0200,dc914a0a-bbfd-4933-aa5a-9840c7a2aa48,2026-09-18T20:45:00Z,2026-09-18T22:45:00+0200,0.0,MW,DE,DE_LU,forecast_solar_generation,Solar,2026-09-24T20:57:31Z
2026-09-24T20:56:21Z,2026-09-24T22:56:21+0200,dc914a0a-bbfd-4933-aa5a-9840c7a2aa48,2026-09-18T21:00:00Z,2026-09-18T23:00:00+0200,0.0,MW,DE,DE_LU,forecast_solar_generation,Solar,2026-09-24T20:57:31Z
2026-09-24T20:56:21Z,2026-09-24T22:56:21+0200,dc914a0a-bbfd-4933-aa5a-9840c7a2aa48,2026-09-18T21:15:00Z,2026-09-18T23:15:00+0200,0.0,MW,DE,DE_LU,forecast_solar_generation,Solar,2026-09-24T20:57:31Z
2026-09-24T20:56:21Z,2026-09-24T22:56:21+0200,dc914a0a-bbfd-4933-aa5a-9840c7a2aa48,2026-09-18T21:30:00Z,2026-09-18T23:30:00+0200,0.0,MW,DE,DE_LU,forecast_solar_generation,Solar,2026-09-24T20:57:31Z
2026-09-24T20:56:21Z,2026-09-24T22:56:21+0200,dc914a0a-bbfd-4933-aa5a-9840c7a2aa48,2026-09-18T21:45:00Z,2026-09-18T23:45:00+0200,0.0,MW,DE,DE_LU,forecast_solar_generation,Solar,2026-09-24T20:57:31Z
2026-09-24T20:56:21Z,2026-09-24T22:56:21+0200,dc914a0a-bbfd-4933-aa5a-9840c7a2aa48,2026-09-18T22:00:00Z,2026-09-19T00:00:00+0200,0.0,MW,DE,DE_LU,forecast_solar_generation,Solar,2026-09-24T20:57:31Z
2026-09-24T20:56:21Z,2026-09-24T22:56:21+0200,dc914a0a-bbfd-4933-aa5a-9840c7a2aa48,2026-09-18T22:15:00Z,2026-09-19T00:15:00+0200,0.0,MW,DE,DE_LU,forecast_solar_generation,Solar,2026-09-24T20:57:31Z
2026-09-24T20:56:21Z,2026-09-24T22:56:21+0200,dc914a0a-bbfd-4933-aa5a-9840c7a2aa48,2026-09-18T22:30:00Z,2026-09-19T00:30:00+0200,0.0,MW,DE,DE_LU,forecast_solar_generation,Solar,2026-09-24T20:57:31Z
2026-09-24T20:56:21Z,2026-09-24T22:56:21+0200,dc914a0a-bbfd-4933-aa5a-9840c7a2aa48,2026-09-18T22:45:00Z,2026-09-19T00:45:00+0200,0.0,MW,DE,DE_LU,forecast_solar_generation,Solar,2026-09-24T20:57:31Z
2026-09-24T20:56:21Z,2026-09-24T22:56:21+0200,dc914a0a-bbfd-4933-aa5a-9840c7a2aa48,2026-09-18T23:00:00Z,2026-09-19T01:00:00+0200,0.0,MW,DE,DE_LU,forecast_solar_generation,Solar,2026-09-24T20:57:31Z
2026-09-24T20:56:21Z,2026-09-24T22:56:21+0200,dc914a0a-bbfd-4933-aa5a-9840c7a2aa48,2026-09-18T23:15:00Z,2026-09-19T01:15:00+0200,0.0,MW,DE,DE_LU,forecast_solar_generation,Solar,2026-09-24T20:57:31Z
2026-09-24T20:56:21Z,2026-09-24T22:56:21+0200,dc914a0a-bbfd-4933-aa5a-9840c7a2aa48,2026-09-18T23:30:00Z,2026-09-19T01:30:00+0200,0.0,MW,DE,DE_LU,forecast_solar_generation,Solar,2026-09-24T20:57:31Z
2026-09-24T20:56:21Z,2026-09-24T22:56:21+0200,dc914a0a-bbfd-4933-aa5a-9840c7a2aa48,2026-09-18T23:45:00Z,2026-09-19T01:45:00+0200,0.0,MW,DE,DE_LU,forecast_solar_generation,Solar,2026-09-24T20:57:31Z
2026-09-24T20:56:21Z,2026-09-24T22:56:21+0200,dc914a0a-bbfd-4933-aa5a-9840c7a2aa48,2026-09-19T00:00:00Z,2026-09-19T02:00:00+0200,0.0,MW,DE,DE_LU,forecast_solar_generation,Solar,2026-09-24T20:57:31Z
2026-09-24T20:56:21Z,2026-09-24T22:56:21+0200,dc914a0a-bbfd-4933-aa5a-9840c7a2aa48,2026-09-19T00:15:00Z,2026-09-19T02:15:00+0200,0.0,MW,DE,DE_LU,forecast_solar_generation,Solar,2026-09-24T20:57:31Z
2026-09-24T20:56:21Z,2026-09-24T22:56:21+0200,dc914a0a-bbfd-4933-aa5a-9840c7a2aa48,2026-09-19T00:30:00Z,2026-09-19T02:30:00+0200,0.0,MW,DE,DE_LU,forecast_solar_generation,Solar,2026-09-24T20:57:31Z
2026-09-24T20:56:21Z,2026-09-24T22:56:21+0200,dc914a0a-bbfd-4933-aa5a-9840c7a2aa48,2026-09-19T00:45:00Z,2026-09-19T02:45:00+0200,0.0,MW,DE,DE_LU,forecast_solar_generation,Solar,2026-09-24T20:57:31Z
2026-09-24T20:56:21Z,2026-09-24T22:56:21+0200,dc914a0a-bbfd-4933-aa5a-9840c7a2aa48,2026-09-19T01:00:00Z,2026-09-19T03:00:00+0200,0.0,MW,DE,DE_LU,forecast_solar_generation,Solar,2026-09-24T20:57:31Z
2026-09-24T20:56:21Z,2026-09-24T22:56:21+0200,dc914a0a-bbfd-4933-aa5a-9840c7a2aa48,2026-09-19T01:15:00Z,2026-09-19T03:15:00+0200,0.0,MW,DE,DE_LU,forecast_solar_generation,Solar,2026-09-24T20:57:31Z
2026-09-24T20:56:21Z,2026-09-24T22:56:21+0200,dc914a0a-bbfd-4933-aa5a-9840c7a2aa48,2026-09-19T01:30:00Z,2026-09-19T03:30:00+0200,0.0,MW,DE,DE_LU,forecast_solar_generation,Solar,2026-09-24T20:57:31Z
2026-09-24T20:56:21Z,2026-09-24T22:56:21+0200,dc914a0a-bbfd-4933-aa5a-9840c7a2aa48,2026-09-19T01:45:00Z,2026-09-19T03:45:00+0200,0.0,MW,DE,DE_LU,forecast_solar_generation,Solar,2026-09-24T20:57:31Z
2026-09-24T20:56:21Z,2026-09-24T22:56:21+0200,dc914a0a-bbfd-4933-aa5a-9840c7a2aa48,2026-09-19T02:00:00Z,2026-09-19T04:00:00+0200,0.0,MW,DE,DE_LU,forecast_solar_generation,Solar,2026-09-24T20:57:31Z
2026-09-24T20:56:21Z,2026-09-24T22:56:21+0200,dc914a0a-bbfd-4933-aa5a-9840c7a2aa48,2026-09-19T02:15:00Z,2026-09-19T04:15:00+0200,0.0,MW,DE,DE_LU,forecast_solar_generation,Solar,2026-09-24T20:57:31Z
2026-09-24T20:56:21Z,2026-09-24T22:56:21+0200,dc914a0a-bbfd-4933-aa5a-9840c7a2aa48,2026-09-19T02:30:00Z,2026-09-19T04:30:00+0200,0.0,MW,DE,DE_LU,forecast_solar_generation,Solar,2026-09-24T20:57:31Z
2026-09-24T20:56:21Z,2026-09-24T22:56:21+0200,dc914a0a-bbfd-4933-aa5a-9840c7a2aa48,2026-09-19T02:45:00Z,2026-09-19T04:45:00+0200,0.0,MW,DE,DE_LU,forecast_solar_generation,Solar,2026-09-24T20:57:31Z
2026-09-24T20:56:21Z,2026-09-24T22:56:21+0200,dc914a0a-bbfd-4933-aa5a-9840c7a2aa48,2026-09-19T03:00:00Z,2026-09-19T05:00:00+0200,0.0,MW,DE,DE_LU,forecast_solar_generation,Solar,2026-09-24T20:57:31Z
2026-09-24T20:56:21Z,2026-09-24T22:56:21+0200,dc914a0a-bbfd-4933-aa5a-9840c7a2aa48,2026-09-19T03:15:00Z,2026-09-19T05:15:00+0200,0.0,MW,DE,DE_LU,forecast_solar_generation,Solar,2026-09-24T20:57:31Z
2026-09-24T20:56:21Z,2026-09-24T22:56:21+0200,dc914a0a-bbfd-4933-aa5a-9840c7a2aa48,2026-09-19T03:30:00Z,2026-09-19T05:30:00+0200,0.0,MW,DE,DE_LU,forecast_solar_generation,Solar,2026-09-24T20:57:31Z
2026-09-24T20:56:21Z,2026-09-24T22:56:21+0200,dc914a0a-bbfd-4933-aa5a-9840c7a2aa48,2026-09-19T03:45:00Z,2026-09-19T05:45:00+0200,0.0,MW,DE,DE_LU,forecast_solar_generation,Solar,2026-09-24T20:57:31Z
2026-09-24T20:56:21Z,2026-09-24T22:56:21+0200,dc914a0a-bbfd-4933-aa5a-9840c7a2aa48,2026-09-19T04:00:00Z,2026-09-19T06:00:00+0200,0.0,MW,DE,DE_LU,forecast_solar_generation,Solar,2026-09-24T20:57:31Z
2026-09-24T20:56:21Z,2026-09-24T22:56:21+0200,dc914a0a-bbfd-4933-aa5a-9840c7a2aa48,2026-09-19T04:15:00Z,2026-09-19T06:15:00+0200,0.0,MW,DE,DE_LU,forecast_solar_generation,Solar,2026-09-24T20:57:31Z
2026-09-24T20:56:21Z,2026-09-24T22:56:21+0200,dc914a0a-bbfd-4933-aa5a-9840c7a2aa48,2026-09-19T04:30:00Z,2026-09-19T06:30:00+0200,0.0,MW,DE,DE_LU,forecast_solar_generation,Solar,2026-09-24T20:57:31Z
2026-09-24T20:56:21Z,2026-09-24T22:56:21+0200,dc914a0a-bbfd-4933-aa5a-9840c7a2aa48,2026-09-19T04:45:00Z,2026-09-19T06:45:00+0200,38.43525,MW,DE,DE_LU,forecast_solar_generation,Solar,2026-09-24T20:57:31Z
2026-09-24T20:56:21Z,2026-09-24T22:56:21+0200,dc914a0a-bbfd-4933-aa5a-9840c7a2aa48,2026-09-19T05:00:00Z,2026-09-19T07:00:00+0200,395.6251,MW,DE,DE_LU,forecast_solar_generation,Solar,2026-09-24T20:57:31Z
2026-09-24T20:56:21Z,2026-09-24T22:56:21+0200,dc914a0a-bbfd-4933-aa5a-9840c7a2aa48,2026-09-19T05:15:00Z,2026-09-19T07:15:00+0200,1184.29045,MW,DE,DE_LU,forecast_solar_generation,Solar,2026-09-24T20:57:31Z
2026-09-24T20:56:21Z,2026-09-24T22:56:21+0200,dc914a0a-bbfd-4933-aa5a-9840c7a2aa48,2026-09-19T05:30:00Z,2026-09-19T07:30:00+0200,2420.91718,MW,DE,DE_LU,forecast_solar_generation,Solar,2026-09-24T20:57:31Z
2026-09-24T20:56:21Z,2026-09-24T22:56:21+0200,dc914a0a-bbfd-4933-aa5a-9840c7a2aa48,2026-09-19T05:45:00Z,2026-09-19T07:45:00+0200,4052.65672,MW,DE,DE_LU,forecast_solar_generation,Solar,2026-09-24T20:57:31Z
2026-09-24T20:56:21Z,2026-09-24T22:56:21+0200,dc914a0a-bbfd-4933-aa5a-9840c7a2aa48,2026-09-19T06:00:00Z,2026-09-19T08:00:00+0200,6067.53301,MW,DE,DE_LU,forecast_solar_generation,Solar,2026-09-24T20:57:31Z
2026-09-24T20:56:21Z,2026-09-24T22:56:21+0200,dc914a0a-bbfd-4933-aa5a-9840c7a2aa48,2026-09-19T06:15:00Z,2026-09-19T08:15:00+0200,8399.50368,MW,DE,DE_LU,forecast_solar_generation,Solar,2026-09-24T20:57:31Z
2026-09-24T20:56:21Z,2026-09-24T22:56:21+0200,dc914a0a-bbfd-4933-aa5a-9840c7a2aa48,2026-09-19T06:30:00Z,2026-09-19T08:30:00+0200,10920.66415,MW,DE,DE_LU,forecast_solar_generation,Solar,2026-09-24T20:57:31Z
2026-09-24T20:56:21Z,2026-09-24T22:56:21+0200,dc914a0a-bbfd-4933-aa5a-9840c7a2aa48,2026-09-19T06:45:00Z,2026-09-19T08:45:00+0200,13480.66224,MW,DE,DE_LU,forecast_solar_generation,Solar,2026-09-24T20:57:31Z
2026-09-24T20:56:21Z,2026-09-24T22:56:21+0200,dc914a0a-bbfd-4933-aa5a-9840c7a2aa48,2026-09-19T07:00:00Z,2026-09-19T09:00:00+0200,16030.21552,MW,DE,DE_LU,forecast_solar_generation,Solar,2026-09-24T20:57:31Z
2026-09-24T20:56:21Z,2026-09-24T22:56:21+0200,dc914a0a-bbfd-4933-aa5a-9840c7a2aa48,2026-09-19T07:15:00Z,2026-09-19T09:15:00+0200,18562.55705,MW,DE,DE_LU,forecast_solar_generation,Solar,2026-09-24T20:57:31Z
2026-09-24T20:56:21Z,2026-09-24T22:56:21+0200,dc914a0a-bbfd-4933-aa5a-9840c7a2aa48,2026-09-19T07:30:00Z,2026-09-19T09:30:00+0200,20997.46792,MW,DE,DE_LU,forecast_solar_generation,Solar,2026-09-24T20:57:31Z
2026-09-24T20:56:21Z,2026-09-24T22:56:21+0200,dc914a0a-bbfd-4933-aa5a-9840c7a2aa48,2026-09-19T07:45:00Z,2026-09-19T09:45:00+0200,23269.8801,MW,DE,DE_LU,forecast_solar_generation,Solar,2026-09-24T20:57:31Z
2026-09-24T20:56:21Z,2026-09-24T22:56:21+0200,dc914a0a-bbfd-4933-aa5a-9840c7a2aa48,2026-09-19T08:00:00Z,2026-09-19T10:00:00+0200,25357.73424,MW,DE,DE_LU,forecast_solar_generation,Solar,2026-09-24T20:57:31Z
2026-09-24T20:56:21Z,2026-09-24T22:56:21+0200,dc914a0a-bbfd-4933-aa5a-9840c7a2aa48,2026-09-19T08:15:00Z,2026-09-19T10:15:00+0200,27315.68596,MW,DE,DE_LU,forecast_solar_generation,Solar,2026-09-24T20:57:31Z
2026-09-24T20:56:21Z,2026-09-24T22:56:21+0200,dc914a0a-bbfd-4933-aa5a-9840c7a2aa48,2026-09-19T08:30:00Z,2026-09-19T10:30:00+0200,29108.96088,MW,DE,DE_LU,forecast_solar_generation,Solar,2026-09-24T20:57:31Z
2026-09-24T20:56:21Z,2026-09-24T22:56:21+0200,dc914a0a-bbfd-4933-aa5a-9840c7a2aa48,2026-09-19T08:45:00Z,2026-09-19T10:45:00+0200,30691.78686,MW,DE,DE_LU,forecast_solar_generation,Solar,2026-09-24T20:57:31Z
2026-09-24T20:56:21Z,2026-09-24T22:56:21+0200,dc914a0a-bbfd-4933-aa5a-9840c7a2aa48,2026-09-19T09:00:00Z,2026-09-19T11:00:00+0200,32105.35481,MW,DE,DE_LU,forecast_solar_generation,Solar,2026-09-24T20:57:31Z
2026-09-24T20:56:21Z,2026-09-24T22:56:21+0200,dc914a0a-bbfd-4933-aa5a-9840c7a2aa48,2026-09-19T09:15:00Z,2026-09-19T11:15:00+0200,33306.4957,MW,DE,DE_LU,forecast_solar_generation,Solar,2026-09-24T20:57:31Z
2026-09-24T20:56:21Z,2026-09-24T22:56:21+0200,dc914a0a-bbfd-4933-aa5a-9840c7a2aa48,2026-09-19T09:30:00Z,2026-09-19T11:30:00+0200,34344.94136,MW,DE,DE_LU,forecast_solar_generation,Solar,2026-09-24T20:57:31Z
2026-09-24T20:56:21Z,2026-09-24T22:56:21+0200,dc914a0a-bbfd-4933-aa5a-9840c7a2aa48,2026-09-19T09:45:00Z,2026-09-19T11:45:00+0200,35235.01486,MW,DE,DE_LU,forecast_solar_generation,Solar,2026-09-24T20:57:31Z
2026-09-24T20:56:21Z,2026-09-24T22:56:21+0200,dc914a0a-bbfd-4933-aa5a-9840c7a2aa48,2026-09-19T10:00:00Z,2026-09-19T12:00:00+0200,35962.66521,MW,DE,DE_LU,forecast_solar_generation,Solar,2026-09-24T20:57:31Z
2026-09-24T20:56:21Z,2026-09-24T22:56:21+0200,dc914a0a-bbfd-4933-aa5a-9840c7a2aa48,2026-09-19T10:15:00Z,2026-09-19T12:15:00+0200,36493.07644,MW,DE,DE_LU,forecast_solar_generation,Solar,2026-09-24T20:57:31Z
2026-09-24T20:56:21Z,2026-09-24T22:56:21+0200,dc914a0a-bbfd-4933-aa5a-9840c7a2aa48,2026-09-19T10:30:00Z,2026-09-19T12:30:00+0200,36671.21011,MW,DE,DE_LU,forecast_solar_generation,Solar,2026-09-24T20:57:31Z
2026-09-24T20:56:21Z,2026-09-24T22:56:21+0200,dc914a0a-bbfd-4933-aa5a-9840c7a2aa48,2026-09-19T10:45:00Z,2026-09-19T12:45:00+0200,36627.09299,MW,DE,DE_LU,forecast_solar_generation,Solar,2026-09-24T20:57:31Z
2026-09-24T20:56:21Z,2026-09-24T22:56:21+0200,dc914a0a-bbfd-4933-aa5a-9840c7a2aa48,2026-09-19T11:00:00Z,2026-09-19T13:00:00+0200,36524.6661,MW,DE,DE_LU,forecast_solar_generation,Solar,2026-09-24T20:57:31Z
2026-09-24T20:56:21Z,2026-09-24T22:56:21+0200,dc914a0a-bbfd-4933-aa5a-9840c7a2aa48,2026-09-19T11:15:00Z,2026-09-19T13:15:00+0200,36364.60841,MW,DE,DE_LU,forecast_solar_generation,Solar,2026-09-24T20:57:31Z
2026-09-24T20:56:21Z,2026-09-24T22:56:21+0200,dc914a0a-bbfd-4933-aa5a-9840c7a2aa48,2026-09-19T11:30:00Z,2026-09-19T13:30:00+0200,36003.55695,MW,DE,DE_LU,forecast_solar_generation,Solar,2026-09-24T20:57:31Z
2026-09-24T20:56:21Z,2026-09-24T22:56:21+0200,dc914a0a-bbfd-4933-aa5a-9840c7a2aa48,2026-09-19T11:45:00Z,2026-09-19T13:45:00+0200,35522.58096,MW,DE,DE_LU,forecast_solar_generation,Solar,2026-09-24T20:57:31Z
2026-09-24T20:56:21Z,2026-09-24T22:56:21+0200,dc914a0a-bbfd-4933-aa5a-9840c7a2aa48,2026-09-19T12:00:00Z,2026-09-19T14:00:00+0200,34903.56307,MW,DE,DE_LU,forecast_solar_generation,Solar,2026-09-24T20:57:31Z
2026-09-24T20:56:21Z,2026-09-24T22:56:21+0200,dc914a0a-bbfd-4933-aa5a-9840c7a2aa48,2026-09-19T12:15:00Z,2026-09-19T14:15:00+0200,34230.42461,MW,DE,DE_LU,forecast_solar_generation,Solar,2026-09-24T20:57:31Z
2026-09-24T20:56:21Z,2026-09-24T22:56:21+0200,dc914a0a-bbfd-4933-aa5a-9840c7a2aa48,2026-09-19T12:30:00Z,2026-09-19T14:30:00+0200,33404.41211,MW,DE,DE_LU,forecast_solar_generation,Solar,2026-09-24T20:57:31Z
2026-09-24T20:56:21Z,2026-09-24T22:56:21+0200,dc914a0a-bbfd-4933-aa5a-9840c7a2aa48,2026-09-19T12:45:00Z,2026-09-19T14:45:00+0200,32300.42555,MW,DE,DE_LU,forecast_solar_generation,Solar,2026-09-24T20:57:31Z
2026-09-24T20:56:21Z,2026-09-24T22:56:21+0200,dc914a0a-bbfd-4933-aa5a-9840c7a2aa48,2026-09-19T13:00:00Z,2026-09-19T15:00:00+0200,31130.73266,MW,DE,DE_LU,forecast_solar_generation,Solar,2026-09-24T20:57:31Z
2026-09-24T20:56:21Z,2026-09-24T22:56:21+0200,dc914a0a-bbfd-4933-aa5a-9840c7a2aa48,2026-09-19T13:15:00Z,2026-09-19T15:15:00+0200,29876.92365,MW,DE,DE_LU,forecast_solar_generation,Solar,2026-09-24T20:57:31Z
2026-09-24T20:56:21Z,2026-09-24T22:56:21+0200,dc914a0a-bbfd-4933-aa5a-9840c7a2aa48,2026-09-19T13:30:00Z,2026-09-19T15:30:00+0200,28431.22498,MW,DE,DE_LU,forecast_solar_generation,Solar,2026-09-24T20:57:31Z
2026-09-24T20:56:21Z,2026-09-24T22:56:21+0200,dc914a0a-bbfd-4933-aa5a-9840c7a2aa48,2026-09-19T13:45:00Z,2026-09-19T15:45:00+0200,26936.52627,MW,DE,DE_LU,forecast_solar_generation,Solar,2026-09-24T20:57:31Z
2026-09-24T20:56:21Z,2026-09-24T22:56:21+0200,dc914a0a-bbfd-4933-aa5a-9840c7a2aa48,2026-09-19T14:00:00Z,2026-09-19T16:00:00+0200,25136.72724,MW,DE,DE_LU,forecast_solar_generation,Solar,2026-09-24T20:57:31Z
2026-09-24T20:56:21Z,2026-09-24T22:56:21+0200,dc914a0a-bbfd-4933-aa5a-9840c7a2aa48,2026-09-19T14:15:00Z,2026-09-19T16:15:00+0200,23075.61365,MW,DE,DE_LU,forecast_solar_generation,Solar,2026-09-24T20:57:31Z
2026-09-24T20:56:21Z,2026-09-24T22:56:21+0200,dc914a0a-bbfd-4933-aa5a-9840c7a2aa48,2026-09-19T14:30:00Z,2026-09-19T16:30:00+0200,20876.31879,MW,DE,DE_LU,forecast_solar_generation,Solar,2026-09-24T20:57:31Z
2026-09-24T20:56:21Z,2026-09-24T22:56:21+0200,dc914a0a-bbfd-4933-aa5a-9840c7a2aa48,2026-09-19T14:45:00Z,2026-09-19T16:45:00+0200,18576.97309,MW,DE,DE_LU,forecast_solar_generation,Solar,2026-09-24T20:57:31Z
2026-09-24T20:56:21Z,2026-09-24T22:56:21+0200,dc914a0a-bbfd-4933-aa5a-9840c7a2aa48,2026-09-19T15:00:00Z,2026-09-19T17:00:00+0200,16160.07615,MW,DE,DE_LU,forecast_solar_generation,Solar,2026-09-24T20:57:31Z
2026-09-24T20:56:21Z,2026-09-24T22:56:21+0200,dc914a0a-bbfd-4933-aa5a-9840c7a2aa48,2026-09-19T15:15:00Z,2026-09-19T17:15:00+0200,13642.27959,MW,DE,DE_LU,forecast_solar_generation,Solar,2026-09-24T20:57:31Z
2026-09-24T20:56:21Z,2026-09-24T22:56:21+0200,dc914a0a-bbfd-4933-aa5a-9840c7a2aa48,2026-09-19T15:30:00Z,2026-09-19T17:30:00+0200,11118.31026,MW,DE,DE_LU,forecast_solar_generation,Solar,2026-09-24T20:57:31Z
2026-09-24T20:56:21Z,2026-09-24T22:56:21+0200,dc914a0a-bbfd-4933-aa5a-9840c7a2aa48,2026-09-19T15:45:00Z,2026-09-19T17:45:00+0200,8703.8502,MW,DE,DE_LU,forecast_solar_generation,Solar,2026-09-24T20:57:31Z
2026-09-24T20:56:21Z,2026-09-24T22:56:21+0200,dc914a0a-bbfd-4933-aa5a-9840c7a2aa48,2026-09-19T16:00:00Z,2026-09-19T18:00:00+0200,6450.18311,MW,DE,DE_LU,forecast_solar_generation,Solar,2026-09-24T20:57:31Z
2026-09-24T20:56:21Z,2026-09-24T22:56:21+0200,dc914a0a-bbfd-4933-aa5a-9840c7a2aa48,2026-09-19T16:15:00Z,2026-09-19T18:15:00+0200,4412.24401,MW,DE,DE_LU,forecast_solar_generation,Solar,2026-09-24T20:57:31Z
2026-09-24T20:56:21Z,2026-09-24T22:56:21+0200,dc914a0a-bbfd-4933-aa5a-9840c7a2aa48,2026-09-19T16:30:00Z,2026-09-19T18:30:00+0200,2712.19708,MW,DE,DE_LU,forecast_solar_generation,Solar,2026-09-24T20:57:31Z
2026-09-24T20:56:21Z,2026-09-24T22:56:21+0200,dc914a0a-bbfd-4933-aa5a-9840c7a2aa48,2026-09-19T16:45:00Z,2026-09-19T18:45:00+0200,1398.9316,MW,DE,DE_LU,forecast_solar_generation,Solar,2026-09-24T20:57:31Z
2026-09-24T20:56:21Z,2026-09-24T22:56:21+0200,dc914a0a-bbfd-4933-aa5a-9840c7a2aa48,2026-09-19T17:00:00Z,2026-09-19T19:00:00+0200,534.27424,MW,DE,DE_LU,forecast_solar_generation,Solar,2026-09-24T20:57:31Z
2026-09-24T20:56:21Z,2026-09-24T22:56:21+0200,dc914a0a-bbfd-4933-aa5a-9840c7a2aa48,2026-09-19T17:15:00Z,2026-09-19T19:15:00+0200,145.2872,MW,DE,DE_LU,forecast_solar_generation,Solar,2026-09-24T20:57:31Z
2026-09-24T20:56:21Z,2026-09-24T22:56:21+0200,dc914a0a-bbfd-4933-aa5a-9840c7a2aa48,2026-09-19T17:30:00Z,2026-09-19T19:30:00+0200,41.69235,MW,DE,DE_LU,forecast_solar_generation,Solar,2026-09-24T20:57:31Z
2026-09-24T20:56:21Z,2026-09-24T22:56:21+0200,dc914a0a-bbfd-4933-aa5a-9840c7a2aa48,2026-09-19T17:45:00Z,2026-09-19T19:45:00+0200,2.66448,MW,DE,DE_LU,forecast_solar_generation,Solar,2026-09-24T20:57:31Z
2026-09-24T20:56:21Z,2026-09-24T22:56:21+0200,dc914a0a-bbfd-4933-aa5a-9840c7a2aa48,2026-09-19T18:00:00Z,2026-09-19T20:00:00+0200,0.0,MW,DE,DE_LU,forecast_solar_generation,Solar,2026-09-24T20:57:31Z
2026-09-24T20:56:21Z,2026-09-24T22:56:21+0200,dc914a0a-bbfd-4933-aa5a-9840c7a2aa48,2026-09-19T18:15:00Z,2026-09-19T20:15:00+0200,0.0,MW,DE,DE_LU,forecast_solar_generation,Solar,2026-09-24T20:57:31Z
2026-09-24T20:56:21Z,2026-09-24T22:56:21+0200,dc914a0a-bbfd-4933-aa5a-9840c7a2aa48,2026-09-19T18:30:00Z,2026-09-19T20:30:00+0200,0.0,MW,DE,DE_LU,forecast_solar_generation,Solar,2026-09-24T20:57:31Z
2026-09-24T20:56:21Z,2026-09-24T22:56:21+0200,dc914a0a-bbfd-4933-aa5a-9840c7a2aa48,2026-09-19T18:45:00Z,2026-09-19T20:45:00+0200,0.0,MW,DE,DE_LU,forecast_solar_generation,Solar,2026-09-24T20:57:31Z
2026-09-24T20:56:21Z,2026-09-24T22:56:21+0200,dc914a0a-bbfd-4933-aa5a-9840c7a2aa48,2026-09-19T19:00:00Z,2026-09-19T21:00:00+0200,0.0,MW,DE,DE_LU,forecast_solar_generation,Solar,2026-09-24T20:57:31Z
2026-09-24T20:56:21Z,2026-09-24T22:56:21+0200,dc914a0a-bbfd-4933-aa5a-9840c7a2aa48,2026-09-19T19:15:00Z,2026-09-19T21:15:00+0200,0.0,MW,DE,DE_LU,forecast_solar_generation,Solar,2026-09-24T20:57:31Z
2026-09-24T20:56:21Z,2026-09-24T22:56:21+0200,dc914a0a-bbfd-4933-aa5a-9840c7a2aa48,2026-09-19T19:30:00Z,2026-09-19T21:30:00+0200,0.0,MW,DE,DE_LU,forecast_solar_generation,Solar,2026-09-24T20:57:31Z
2026-09-24T20:56:21Z,2026-09-24T22:56:21+0200,dc914a0a-bbfd-4933-aa5a-9840c7a2aa48,2026-09-19T19:45:00Z,2026-09-19T21:45:00+0200,0.0,MW,DE,DE_LU,forecast_solar_generation,Solar,2026-09-24T20:57:31Z
2026-09-24T20:56:21Z,2026-09-24T22:56:21+0200,dc914a0a-bbfd-4933-aa5a-9840c7a2aa48,2026-09-19T20:00:00Z,2026-09-19T22:00:00+0200,0.0,MW,DE,DE_LU,forecast_solar_generation,Solar,2026-09-24T20:57:31Z
2026-09-24T20:56:21Z,2026-09-24T22:56:21+0200,dc914a0a-bbfd-4933-aa5a-9840c7a2aa48,2026-09-19T20:15:00Z,2026-09-19T22:15:00+0200,0.0,MW,DE,DE_LU,forecast_solar_generation,Solar,2026-09-24T20:57:31Z
2026-09-24T20:56:21Z,2026-09-24T22:56:21+0200,dc914a0a-bbfd-4933-aa5a-9840c7a2aa48,2026-09-19T20:30:00Z,2026-09-19T22:30:00+0200,0.0,MW,DE,DE_LU,forecast_solar_generation,Solar,2026-09-24T20:57:31Z
2026-09-24T20:56:21Z,2026-09-24T22:56:21+0200,dc914a0a-bbfd-4933-aa5a-9840c7a2aa48,2026-09-19T20:45:00Z,2026-09-19T22:45:00+0200,0.0,MW,DE,DE_LU,forecast_solar_generation,Solar,2026-09-24T20:57:31Z
2026-09-24T20:56:21Z,2026-09-24T22:56:21+0200,dc914a0a-bbfd-4933-aa5a-9840c7a2aa48,2026-09-19T21:00:00Z,2026-09-19T23:00:00+0200,0.0,MW,DE,DE_LU,forecast_solar_generation,Solar,2026-09-24T20:57:31Z
2026-09-24T20:56:21Z,2026-09-24T22:56:21+0200,dc914a0a-bbfd-4933-aa5a-9840c7a2aa48,2026-09-19T21:15:00Z,2026-09-19T23:15:00+0200,0.0,MW,DE,DE_LU,forecast_solar_generation,Solar,2026-09-24T20:57:31Z
2026-09-24T20:56:21Z,2026-09-24T22:56:21+0200,dc914a0a-bbfd-4933-aa5a-9840c7a2aa48,2026-09-19T21:30:00Z,2026-09-19T23:30:00+0200,0.0,MW,DE,DE_LU,forecast_solar_generation,Solar,2026-09-24T20:57:31Z
2026-09-24T20:56:21Z,2026-09-24T22:56:21+0200,dc914a0a-bbfd-4933-aa5a-9840c7a2aa48,2026-09-19T21:45:00Z,2026-09-19T23:45:00+0200,0.0,MW,DE,DE_LU,forecast_solar_generation,Solar,2026-09-24T20:57:31Z
2026-09-24T20:56:21Z,2026-09-24T22:56:21+0200,dc914a0a-bbfd-4933-aa5a-9840c7a2aa48,2026-09-19T22:00:00Z,2026-09-20T00:00:00+0200,0.0,MW,DE,DE_LU,forecast_solar_generation,Solar,2026-09-24T20:57:31Z
2026-09-24T20:56:21Z,2026-09-24T22:56:21+0200,dc914a0a-bbfd-4933-aa5a-9840c7a2aa48,2026-09-19T22:15:00Z,2026-09-20T00:15:00+0200,0.0,MW,DE,DE_LU,forecast_solar_generation,Solar,2026-09-24T20:57:31Z
2026-09-24T20:56:21Z,2026-09-24T22:56:21+0200,dc914a0a-bbfd-4933-aa5a-9840c7a2aa48,2026-09-19T22:30:00Z,2026-09-20T00:30:00+0200,0.0,MW,DE,DE_LU,forecast_solar_generation,Solar,2026-09-24T20:57:31Z
2026-09-24T20:56:21Z,2026-09-24T22:56:21+0200,dc914a0a-bbfd-4933-aa5a-9840c7a2aa48,2026-09-19T22:45:00Z,2026-09-20T00:45:00+0200,0.0,MW,DE,DE_LU,forecast_solar_generation,Solar,2026-09-24T20:57:31Z
2026-09-24T20:56:21Z,2026-09-24T22:56:21+0200,dc914a0a-bbfd-4933-aa5a-9840c7a2aa48,2026-09-19T23:00:00Z,2026-09-20T01:00:00+0200,0.0,MW,DE,DE_LU,forecast_solar_generation,Solar,2026-09-24T20:57:31Z
2026-09-24T20:56:21Z,2026-09-24T22:56:21+0200,dc914a0a-bbfd-4933-aa5a-9840c7a2aa48,2026-09-19T23:15:00Z,2026-09-20T01:15:00+0200,0.0,MW,DE,DE_LU,forecast_solar_generation,Solar,2026-09-24T20:57:31Z
2026-09-24T20:56:21Z,2026-09-24T22:56:21+0200,dc914a0a-bbfd-4933-aa5a-9840c7a2aa48,2026-09-19T23:30:00Z,2026-09-20T01:30:00+0200,0.0,MW,DE,DE_LU,forecast_solar_generation,Solar,2026-09-24T20:57:31Z
2026-09-24T20:56:21Z,2026-09-24T22:56:21+0200,dc914a0a-bbfd-4933-aa5a-9840c7a2aa48,2026-09-19T23:45:00Z,2026-09-20T01:45:00+0200,0.0,MW,DE,DE_LU,forecast_solar_generation,Solar,2026-09-24T20:57:31Z
2026-09-24T20:56:21Z,2026-09-24T22:56:21+0200,dc914a0a-bbfd-4933-aa5a-9840c7a2aa48,2026-09-20T00:00:00Z,2026-09-20T02:00:00+0200,0.0,MW,DE,DE_LU,forecast_solar_generation,Solar,2026-09-24T20:57:31Z
2026-09-24T20:56:21Z,2026-09-24T22:56:21+0200,dc914a0a-bbfd-4933-aa5a-9840c7a2aa48,2026-09-20T00:15:00Z,2026-09-20T02:15:00+0200,0.0,MW,DE,DE_LU,forecast_solar_generation,Solar,2026-09-24T20:57:31Z
2026-09-24T20:56:21Z,2026-09-24T22:56:21+0200,dc914a0a-bbfd-4933-aa5a-9840c7a2aa48,2026-09-20T00:30:00Z,2026-09-20T02:30:00+0200,0.0,MW,DE,DE_LU,forecast_solar_generation,Solar,2026-09-24T20:57:31Z
2026-09-24T20:56:21Z,2026-09-24T22:56:21+0200,dc914a0a-bbfd-4933-aa5a-9840c7a2aa48,2026-09-20T00:45:00Z,2026-09-20T02:45:00+0200,0.0,MW,DE,DE_LU,forecast_solar_generation,Solar,2026-09-24T20:57:31Z
2026-09-24T20:56:21Z,2026-09-24T22:56:21+0200,dc914a0a-bbfd-4933-aa5a-9840c7a2aa48,2026-09-20T01:00:00Z,2026-09-20T03:00:00+0200,0.0,MW,DE,DE_LU,forecast_solar_generation,Solar,2026-09-24T20:57:31Z
2026-09-24T20:56:21Z,2026-09-24T22:56:21+0200,dc914a0a-bbfd-4933-aa5a-9840c7a2aa48,2026-09-20T01:15:00Z,2026-09-20T03:15:00+0200,0.0,MW,DE,DE_LU,forecast_solar_generation,Solar,2026-09-24T20:57:31Z
2026-09-24T20:56:21Z,2026-09-24T22:56:21+0200,dc914a0a-bbfd-4933-aa5a-9840c7a2aa48,2026-09-20T01:30:00Z,2026-09-20T03:30:00+0200,0.0,MW,DE,DE_LU,forecast_solar_generation,Solar,2026-09-24T20:57:31Z
2026-09-24T20:56:21Z,2026-09-24T22:56:21+0200,dc914a0a-bbfd-4933-aa5a-9840c7a2aa48,2026-09-20T01:45:00Z,2026-09-20T03:45:00+0200,0.0,MW,DE,DE_LU,forecast_solar_generation,Solar,2026-09-24T20:57:31Z
2026-09-24T20:56:21Z,2026-09-24T22:56:21+0200,dc914a0a-bbfd-4933-aa5a-9840c7a2aa48,2026-09-20T02:00:00Z,2026-09-20T04:00:00+0200,0.0,MW,DE,DE_LU,forecast_solar_generation,Solar,2026-09-24T20:57:31Z
2026-09-24T20:56:21Z,2026-09-24T22:56:21+0200,dc914a0a-bbfd-4933-aa5a-9840c7a2aa48,2026-09-20T02:15:00Z,2026-09-20T04:15:00+0200,0.0,MW,DE,DE_LU,forecast_solar_generation,Solar,2026-09-24T20:57:31Z
2026-09-24T20:56:21Z,2026-09-24T22:56:21+0200,dc914a0a-bbfd-4933-aa5a-9840c7a2aa48,2026-09-20T02:30:00Z,2026-09-20T04:30:00+0200,0.0,MW,DE,DE_LU,forecast_solar_generation,Solar,2026-09-24T20:57:31Z
2026-09-24T20:56:21Z,2026-09-24T22:56:21+0200,dc914a0a-bbfd-4933-aa5a-9840c7a2aa48,2026-09-20T02:45:00Z,2026-09-20T04:45:00+0200,0.0,MW,DE,DE_LU,forecast_solar_generation,Solar,2026-09-24T20:57:31Z
2026-09-24T20:56:21Z,2026-09-24T22:56:21+0200,dc914a0a-bbfd-4933-aa5a-9840c7a2aa48,2026-09-20T03:00:00Z,2026-09-20T05:00:00+0200,0.0,MW,DE,DE_LU,forecast_solar_generation,Solar,2026-09-24T20:57:31Z
2026-09-24T20:56:21Z,2026-09-24T22:56:21+0200,dc914a0a-bbfd-4933-aa5a-9840c7a2aa48,2026-09-20T03:15:00Z,2026-09-20T05:15:00+0200,0.0,MW,DE,DE_LU,forecast_solar_generation,Solar,2026-09-24T20:57:31Z
2026-09-24T20:56:21Z,2026-09-24T22:56:21+0200,dc914a0a-bbfd-4933-aa5a-9840c7a2aa48,2026-09-20T03:30:00Z,2026-09-20T05:30:00+0200,0.0,MW,DE,DE_LU,forecast_solar_generation,Solar,2026-09-24T20:57:31Z
2026-09-24T20:56:21Z,2026-09-24T22:56:21+0200,dc914a0a-bbfd-4933-aa5a-9840c7a2aa48,2026-09-20T03:45:00Z,2026-09-20T05:45:00+0200,0.0,MW,DE,DE_LU,forecast_solar_generation,Solar,2026-09-24T20:57:31Z
2026-09-24T20:56:21Z,2026-09-24T22:56:21+0200,dc914a0a-bbfd-4933-aa5a-9840c7a2aa48,2026-09-20T04:00:00Z,2026-09-20T06:00:00+0200,0.0,MW,DE,DE_LU,forecast_solar_generation,Solar,2026-09-24T20:57:31Z
2026-09-24T20:56:21Z,2026-09-24T22:56:21+0200,dc914a0a-bbfd-4933-aa5a-9840c7a2aa48,2026-09-20T04:15:00Z,2026-09-20T06:15:00+0200,0.0,MW,DE,DE_LU,forecast_solar_generation,Solar,2026-09-24T20:57:31Z
2026-09-24T20:56:21Z,2026-09-24T22:56:21+0200,dc914a0a-bbfd-4933-aa5a-9840c7a2aa48,2026-09-20T04:30:00Z,2026-09-20T06:30:00+0200,0.0,MW,DE,DE_LU,forecast_solar_generation,Solar,2026-09-24T20:57:31Z
2026-09-24T20:56:21Z,2026-09-24T22:56:21+0200,dc914a0a-bbfd-4933-aa5a-9840c7a2aa48,2026-09-20T04:45:00Z,2026-09-20T06:45:00+0200,13.062,MW,DE,DE_LU,forecast_solar_generation,Solar,2026-09-24T20:57:31Z
2026-09-24T20:56:21Z,2026-09-24T22:56:21+0200,dc914a0a-bbfd-4933-aa5a-9840c7a2aa48,2026-09-20T05:00:00Z,2026-09-20T07:00:00+0200,211.58887,MW,DE,DE_LU,forecast_solar_generation,Solar,2026-09-24T20:57:31Z
2026-09-24T20:56:21Z,2026-09-24T22:56:21+0200,dc914a0a-bbfd-4933-aa5a-9840c7a2aa48,2026-09-20T05:15:00Z,2026-09-20T07:15:00+0200,681.22047,MW,DE,DE_LU,forecast_solar_generation,Solar,2026-09-24T20:57:31Z
2026-09-24T20:56:21Z,2026-09-24T22:56:21+0200,dc914a0a-bbfd-4933-aa5a-9840c7a2aa48,2026-09-20T05:30:00Z,2026-09-20T07:30:00+0200,1488.3069,MW,DE,DE_LU,forecast_solar_generation,Solar,2026-09-24T20:57:31Z
2026-09-24T20:56:21Z,2026-09-24T22:56:21+0200,dc914a0a-bbfd-4933-aa5a-9840c7a2aa48,2026-09-20T05:45:00Z,2026-09-20T07:45:00+0200,2598.90268,MW,DE,DE_LU,forecast_solar_generation,Solar,2026-09-24T20:57:31Z
2026-09-24T20:56:21Z,2026-09-24T22:56:21+0200,dc914a0a-bbfd-4933-aa5a-9840c7a2aa48,2026-09-20T06:00:00Z,2026-09-20T08:00:00+0200,3986.93837,MW,DE,DE_LU,forecast_solar_generation,Solar,2026-09-24T20:57:31Z
2026-09-24T20:56:21Z,2026-09-24T22:56:21+0200,dc914a0a-bbfd-4933-aa5a-9840c7a2aa48,2026-09-20T06:15:00Z,2026-09-20T08:15:00+0200,5610.30453,MW,DE,DE_LU,forecast_solar_generation,Solar,2026-09-24T20:57:31Z
2026-09-24T20:56:21Z,2026-09-24T22:56:21+0200,dc914a0a-bbfd-4933-aa5a-9840c7a2aa48,2026-09-20T06:30:00Z,2026-09-20T08:30:00+0200,7384.7585,MW,DE,DE_LU,forecast_solar_generation,Solar,2026-09-24T20:57:31Z
2026-09-24T20:56:21Z,2026-09-24T22:56:21+0200,dc914a0a-bbfd-4933-aa5a-9840c7a2aa48,2026-09-20T06:45:00Z,2026-09-20T08:45:00+0200,9248.40625,MW,DE,DE_LU,forecast_solar_generation,Solar,2026-09-24T20:57:31Z
2026-09-24T20:56:21Z,2026-09-24T22:56:21+0200,dc914a0a-bbfd-4933-aa5a-9840c7a2aa48,2026-09-20T07:00:00Z,2026-09-20T09:00:00+0200,11165.71487,MW,DE,DE_LU,forecast_solar_generation,Solar,2026-09-24T20:57:31Z
2026-09-24T20:56:21Z,2026-09-24T22:56:21+0200,dc914a0a-bbfd-4933-aa5a-9840c7a2aa48,2026-09-20T07:15:00Z,2026-09-20T09:15:00+0200,13108.41336,MW,DE,DE_LU,forecast_solar_generation,Solar,2026-09-24T20:57:31Z
2026-09-24T20:56:21Z,2026-09-24T22:56:21+0200,dc914a0a-bbfd-4933-aa5a-9840c7a2aa48,2026-09-20T07:30:00Z,2026-09-20T09:30:00+0200,15060.4641,MW,DE,DE_LU,forecast_solar_generation,Solar,2026-09-24T20:57:31Z
2026-09-24T20:56:21Z,2026-09-24T22:56:21+0200,dc914a0a-bbfd-4933-aa5a-9840c7a2aa48,2026-09-20T07:45:00Z,2026-09-20T09:45:00+0200,16941.14448,MW,DE,DE_LU,forecast_solar_generation,Solar,2026-09-24T20:57:31Z
2026-09-24T20:56:21Z,2026-09-24T22:56:21+0200,dc914a0a-bbfd-4933-aa5a-9840c7a2aa48,2026-09-20T08:00:00Z,2026-09-20T10:00:00+0200,18722.6638,MW,DE,DE_LU,forecast_solar_generation,Solar,2026-09-24T20:57:31Z
2026-09-24T20:56:21Z,2026-09-24T22:56:21+0200,dc914a0a-bbfd-4933-aa5a-9840c7a2aa48,2026-09-20T08:15:00Z,2026-09-20T10:15:00+0200,20439.76504,MW,DE,DE_LU,forecast_solar_generation,Solar,2026-09-24T20:57:31Z
2026-09-24T20:56:21Z,2026-09-24T22:56:21+0200,dc914a0a-bbfd-4933-aa5a-9840c7a2aa48,2026-09-20T08:30:00Z,2026-09-20T10:30:00+0200,21997.39001,MW,DE,DE_LU,forecast_solar_generation,Solar,2026-09-24T20:57:31Z
2026-09-24T20:56:21Z,2026-09-24T22:56:21+0200,dc914a0a-bbfd-4933-aa5a-9840c7a2aa48,2026-09-20T08:45:00Z,2026-09-20T10:45:00+0200,23437.94037,MW,DE,DE_LU,forecast_solar_generation,Solar,2026-09-24T20:57:31Z
2026-09-24T20:56:21Z,2026-09-24T22:56:21+0200,dc914a0a-bbfd-4933-aa5a-9840c7a2aa48,2026-09-20T09:00:00Z,2026-09-20T11:00:00+0200,24775.72963,MW,DE,DE_LU,forecast_solar_generation,Solar,2026-09-24T20:57:31Z
2026-09-24T20:56:21Z,2026-09-24T22:56:21+0200,dc914a0a-bbfd-4933-aa5a-9840c7a2aa48,2026-09-20T09:15:00Z,2026-09-20T11:15:00+0200,25920.67585,MW,DE,DE_LU,forecast_solar_generation,Solar,2026-09-24T20:57:31Z
2026-09-24T20:56:21Z,2026-09-24T22:56:21+0200,dc914a0a-bbfd-4933-aa5a-9840c7a2aa48,2026-09-20T09:30:00Z,2026-09-20T11:30:00+0200,26886.04681,MW,DE,DE_LU,forecast_solar_generation,Solar,2026-09-24T20:57:31Z
2026-09-24T20:56:21Z,2026-09-24T22:56:21+0200,dc914a0a-bbfd-4933-aa5a-9840c7a2aa48,2026-09-20T09:45:00Z,2026-09-20T11:45:00+0200,27724.75936,MW,DE,DE_LU,forecast_solar_generation,Solar,2026-09-24T20:57:31Z
2026-09-24T20:56:21Z,2026-09-24T22:56:21+0200,dc914a0a-bbfd-4933-aa5a-9840c7a2aa48,2026-09-20T10:00:00Z,2026-09-20T12:00:00+0200,28426.33738,MW,DE,DE_LU,forecast_solar_generation,Solar,2026-09-24T20:57:31Z
2026-09-24T20:56:21Z,2026-09-24T22:56:21+0200,dc914a0a-bbfd-4933-aa5a-9840c7a2aa48,2026-09-20T10:15:00Z,2026-09-20T12:15:00+0200,28963.28169,MW,DE,DE_LU,forecast_solar_generation,Solar,2026-09-24T20:57:31Z
2026-09-24T20:56:21Z,2026-09-24T22:56:21+0200,dc914a0a-bbfd-4933-aa5a-9840c7a2aa48,2026-09-20T10:30:00Z,2026-09-20T12:30:00+0200,29276.03631,MW,DE,DE_LU,forecast_solar_generation,Solar,2026-09-24T20:57:31Z
2026-09-24T20:56:21Z,2026-09-24T22:56:21+0200,dc914a0a-bbfd-4933-aa5a-9840c7a2aa48,2026-09-20T10:45:00Z,2026-09-20T12:45:00+0200,29311.35536,MW,DE,DE_LU,forecast_solar_generation,Solar,2026-09-24T20:57:31Z
2026-09-24T20:56:21Z,2026-09-24T22:56:21+0200,dc914a0a-bbfd-4933-aa5a-9840c7a2aa48,2026-09-20T11:00:00Z,2026-09-20T13:00:00+0200,29264.01012,MW,DE,DE_LU,forecast_solar_generation,Solar,2026-09-24T20:57:31Z
2026-09-24T20:56:21Z,2026-09-24T22:56:21+0200,dc914a0a-bbfd-4933-aa5a-9840c7a2aa48,2026-09-20T11:15:00Z,2026-09-20T13:15:00+0200,29072.77861,MW,DE,DE_LU,forecast_solar_generation,Solar,2026-09-24T20:57:31Z
2026-09-24T20:56:21Z,2026-09-24T22:56:21+0200,dc914a0a-bbfd-4933-aa5a-9840c7a2aa48,2026-09-20T11:30:00Z,2026-09-20T13:30:00+0200,28670.41558,MW,DE,DE_LU,forecast_solar_generation,Solar,2026-09-24T20:57:31Z
2026-09-24T20:56:21Z,2026-09-24T22:56:21+0200,dc914a0a-bbfd-4933-aa5a-9840c7a2aa48,2026-09-20T11:45:00Z,2026-09-20T13:45:00+0200,28108.11954,MW,DE,DE_LU,forecast_solar_generation,Solar,2026-09-24T20:57:31Z
2026-09-24T20:56:21Z,2026-09-24T22:56:21+0200,dc914a0a-bbfd-4933-aa5a-9840c7a2aa48,2026-09-20T12:00:00Z,2026-09-20T14:00:00+0200,27451.66757,MW,DE,DE_LU,forecast_solar_generation,Solar,2026-09-24T20:57:31Z
2026-09-24T20:56:21Z,2026-09-24T22:56:21+0200,dc914a0a-bbfd-4933-aa5a-9840c7a2aa48,2026-09-20T12:15:00Z,2026-09-20T14:15:00+0200,26740.67525,MW,DE,DE_LU,forecast_solar_generation,Solar,2026-09-24T20:57:31Z
2026-09-24T20:56:21Z,2026-09-24T22:56:21+0200,dc914a0a-bbfd-4933-aa5a-9840c7a2aa48,2026-09-20T12:30:00Z,2026-09-20T14:30:00+0200,25913.92055,MW,DE,DE_LU,forecast_solar_generation,Solar,2026-09-24T20:57:31Z
2026-09-24T20:56:21Z,2026-09-24T22:56:21+0200,dc914a0a-bbfd-4933-aa5a-9840c7a2aa48,2026-09-20T12:45:00Z,2026-09-20T14:45:00+0200,24904.1586,MW,DE,DE_LU,forecast_solar_generation,Solar,2026-09-24T20:57:31Z
2026-09-24T20:56:21Z,2026-09-24T22:56:21+0200,dc914a0a-bbfd-4933-aa5a-9840c7a2aa48,2026-09-20T13:00:00Z,2026-09-20T15:00:00+0200,23823.36919,MW,DE,DE_LU,forecast_solar_generation,Solar,2026-09-24T20:57:31Z
2026-09-24T20:56:21Z,2026-09-24T22:56:21+0200,dc914a0a-bbfd-4933-aa5a-9840c7a2aa48,2026-09-20T13:15:00Z,2026-09-20T15:15:00+0200,22590.33604,MW,DE,DE_LU,forecast_solar_generation,Solar,2026-09-24T20:57:31Z
2026-09-24T20:56:21Z,2026-09-24T22:56:21+0200,dc914a0a-bbfd-4933-aa5a-9840c7a2aa48,2026-09-20T13:30:00Z,2026-09-20T15:30:00+0200,21269.72774,MW,DE,DE_LU,forecast_solar_generation,Solar,2026-09-24T20:57:31Z
2026-09-24T20:56:21Z,2026-09-24T22:56:21+0200,dc914a0a-bbfd-4933-aa5a-9840c7a2aa48,2026-09-20T13:45:00Z,2026-09-20T15:45:00+0200,19902.89206,MW,DE,DE_LU,forecast_solar_generation,Solar,2026-09-24T20:57:31Z
2026-09-24T20:56:21Z,2026-09-24T22:56:21+0200,dc914a0a-bbfd-4933-aa5a-9840c7a2aa48,2026-09-20T14:00:00Z,2026-09-20T16:00:00+0200,18416.03311,MW,DE,DE_LU,forecast_solar_generation,Solar,2026-09-24T20:57:31Z
2026-09-24T20:56:21Z,2026-09-24T22:56:21+0200,dc914a0a-bbfd-4933-aa5a-9840c7a2aa48,2026-09-20T14:15:00Z,2026-09-20T16:15:00+0200,16868.69787,MW,DE,DE_LU,forecast_solar_generation,Solar,2026-09-24T20:57:31Z
2026-09-24T20:56:21Z,2026-09-24T22:56:21+0200,dc914a0a-bbfd-4933-aa5a-9840c7a2aa48,2026-09-20T14:30:00Z,2026-09-20T16:30:00+0200,15204.05456,MW,DE,DE_LU,forecast_solar_generation,Solar,2026-09-24T20:57:31Z
2026-09-24T20:56:21Z,2026-09-24T22:56:21+0200,dc914a0a-bbfd-4933-aa5a-9840c7a2aa48,2026-09-20T14:45:00Z,2026-09-20T16:45:00+0200,13510.15894,MW,DE,DE_LU,forecast_solar_generation,Solar,2026-09-24T20:57:31Z
2026-09-24T20:56:21Z,2026-09-24T22:56:21+0200,dc914a0a-bbfd-4933-aa5a-9840c7a2aa48,2026-09-20T15:00:00Z,2026-09-20T17:00:00+0200,11774.09267,MW,DE,DE_LU,forecast_solar_generation,Solar,2026-09-24T20:57:31Z
2026-09-24T20:56:21Z,2026-09-24T22:56:21+0200,dc914a0a-bbfd-4933-aa5a-9840c7a2aa48,2026-09-20T15:15:00Z,2026-09-20T17:15:00+0200,10020.21792,MW,DE,DE_LU,forecast_solar_generation,Solar,2026-09-24T20:57:31Z
2026-09-24T20:56:21Z,2026-09-24T22:56:21+0200,dc914a0a-bbfd-4933-aa5a-9840c7a2aa48,2026-09-20T15:30:00Z,2026-09-20T17:30:00+0200,8266.0235,MW,DE,DE_LU,forecast_solar_generation,Solar,2026-09-24T20:57:31Z
2026-09-24T20:56:21Z,2026-09-24T22:56:21+0200,dc914a0a-bbfd-4933-aa5a-9840c7a2aa48,2026-09-20T15:45:00Z,2026-09-20T17:45:00+0200,6531.36112,MW,DE,DE_LU,forecast_solar_generation,Solar,2026-09-24T20:57:31Z
2026-09-24T20:56:21Z,2026-09-24T22:56:21+0200,dc914a0a-bbfd-4933-aa5a-9840c7a2aa48,2026-09-20T16:00:00Z,2026-09-20T18:00:00+0200,4864.03396,MW,DE,DE_LU,forecast_solar_generation,Solar,2026-09-24T20:57:31Z
2026-09-24T20:56:21Z,2026-09-24T22:56:21+0200,dc914a0a-bbfd-4933-aa5a-9840c7a2aa48,2026-09-20T16:15:00Z,2026-09-20T18:15:00+0200,3362.48706,MW,DE,DE_LU,forecast_solar_generation,Solar,2026-09-24T20:57:31Z
2026-09-24T20:56:21Z,2026-09-24T22:56:21+0200,dc914a0a-bbfd-4933-aa5a-9840c7a2aa48,2026-09-20T16:30:00Z,2026-09-20T18:30:00+0200,2080.20515,MW,DE,DE_LU,forecast_solar_generation,Solar,2026-09-24T20:57:31Z
2026-09-24T20:56:21Z,2026-09-24T22:56:21+0200,dc914a0a-bbfd-4933-aa5a-9840c7a2aa48,2026-09-20T16:45:00Z,2026-09-20T18:45:00+0200,1078.14848,MW,DE,DE_LU,forecast_solar_generation,Solar,2026-09-24T20:57:31Z
2026-09-24T20:56:21Z,2026-09-24T22:56:21+0200,dc914a0a-bbfd-4933-aa5a-9840c7a2aa48,2026-09-20T17:00:00Z,2026-09-20T19:00:00+0200,427.36025,MW,DE,DE_LU,forecast_solar_generation,Solar,2026-09-24T20:57:31Z
2026-09-24T20:56:21Z,2026-09-24T22:56:21+0200,dc914a0a-bbfd-4933-aa5a-9840c7a2aa48,2026-09-20T17:15:00Z,2026-09-20T19:15:00+0200,119.74091,MW,DE,DE_LU,forecast_solar_generation,Solar,2026-09-24T20:57:31Z
2026-09-24T20:56:21Z,2026-09-24T22:56:21+0200,dc914a0a-bbfd-4933-aa5a-9840c7a2aa48,2026-09-20T17:30:00Z,2026-09-20T19:30:00+0200,31.27072,MW,DE,DE_LU,forecast_solar_generation,Solar,2026-09-24T20:57:31Z
2026-09-24T20:56:21Z,2026-09-24T22:56:21+0200,dc914a0a-bbfd-4933-aa5a-9840c7a2aa48,2026-09-20T17:45:00Z,2026-09-20T19:45:00+0200,3.21495,MW,DE,DE_LU,forecast_solar_generation,Solar,2026-09-24T20:57:31Z
2026-09-24T20:56:21Z,2026-09-24T22:56:21+0200,dc914a0a-bbfd-4933-aa5a-9840c7a2aa48,2026-09-20T18:00:00Z,2026-09-20T20:00:00+0200,0.0,MW,DE,DE_LU,forecast_solar_generation,Solar,2026-09-24T20:57:31Z
2026-09-24T20:56:21Z,2026-09-24T22:56:21+0200,dc914a0a-bbfd-4933-aa5a-9840c7a2aa48,2026-09-20T18:15:00Z,2026-09-20T20:15:00+0200,0.0,MW,DE,DE_LU,forecast_solar_generation,Solar,2026-09-24T20:57:31Z
2026-09-24T20:56:21Z,2026-09-24T22:56:21+0200,dc914a0a-bbfd-4933-aa5a-9840c7a2aa48,2026-09-20T18:30:00Z,2026-09-20T20:30:00+0200,0.0,MW,DE,DE_LU,forecast_solar_generation,Solar,2026-09-24T20:57:31Z
2026-09-24T20:56:21Z,2026-09-24T22:56:21+0200,dc914a0a-bbfd-4933-aa5a-9840c7a2aa48,2026-09-20T18:45:00Z,2026-09-20T20:45:00+0200,0.0,MW,DE,DE_LU,forecast_solar_generation,Solar,2026-09-24T20:57:31Z
2026-09-24T20:56:21Z,2026-09-24T22:56:21+0200,dc914a0a-bbfd-4933-aa5a-9840c7a2aa48,2026-09-20T19:00:00Z,2026-09-20T21:00:00+0200,0.0,MW,DE,DE_LU,forecast_solar_generation,Solar,2026-09-24T20:57:31Z
2026-09-24T20:56:21Z,2026-09-24T22:56:21+0200,dc914a0a-bbfd-4933-aa5a-9840c7a2aa48,2026-09-20T19:15:00Z,2026-09-20T21:15:00+0200,0.0,MW,DE,DE_LU,forecast_solar_generation,Solar,2026-09-24T20:57:31Z
2026-09-24T20:56:21Z,2026-09-24T22:56:21+0200,dc914a0a-bbfd-4933-aa5a-9840c7a2aa48,2026-09-20T19:30:00Z,2026-09-20T21:30:00+0200,0.0,MW,DE,DE_LU,forecast_solar_generation,Solar,2026-09-24T20:57:31Z
2026-09-24T20:56:21Z,2026-09-24T22:56:21+0200,dc914a0a-bbfd-4933-aa5a-9840c7a2aa48,2026-09-20T19:45:00Z,2026-09-20T21:45:00+0200,0.0,MW,DE,DE_LU,forecast_solar_generation,Solar,2026-09-24T20:57:31Z
2026-09-24T20:56:21Z,2026-09-24T22:56:21+0200,dc914a0a-bbfd-4933-aa5a-9840c7a2aa48,2026-09-20T20:00:00Z,2026-09-20T22:00:00+0200,0.0,MW,DE,DE_LU,forecast_solar_generation,Solar,2026-09-24T20:57:31Z
2026-09-24T20:56:21Z,2026-09-24T22:56:21+0200,dc914a0a-bbfd-4933-aa5a-9840c7a2aa48,2026-09-20T20:15:00Z,2026-09-20T22:15:00+0200,0.0,MW,DE,DE_LU,forecast_solar_generation,Solar,2026-09-24T20:57:31Z
2026-09-24T20:56:21Z,2026-09-24T22:56:21+0200,dc914a0a-bbfd-4933-aa5a-9840c7a2aa48,2026-09-20T20:30:00Z,2026-09-20T22:30:00+0200,0.0,MW,DE,DE_LU,forecast_solar_generation,Solar,2026-09-24T20:57:31Z
2026-09-24T20:56:21Z,2026-09-24T22:56:21+0200,dc914a0a-bbfd-4933-aa5a-9840c7a2aa48,2026-09-20T20:45:00Z,2026-09-20T22:45:00+0200,0.0,MW,DE,DE_LU,forecast_solar_generation,Solar,2026-09-24T20:57:31Z
2026-09-24T20:56:21Z,2026-09-24T22:56:21+0200,dc914a0a-bbfd-4933-aa5a-9840c7a2aa48,2026-09-20T21:00:00Z,2026-09-20T23:00:00+0200,0.0,MW,DE,DE_LU,forecast_solar_generation,Solar,2026-09-24T20:57:31Z
2026-09-24T20:56:21Z,2026-09-24T22:56:21+0200,dc914a0a-bbfd-4933-aa5a-9840c7a2aa48,2026-09-20T21:15:00Z,2026-09-20T23:15:00+0200,0.0,MW,DE,DE_LU,forecast_solar_generation,Solar,2026-09-24T20:57:31Z
2026-09-24T20:56:21Z,2026-09-24T22:56:21+0200,dc914a0a-bbfd-4933-aa5a-9840c7a2aa48,2026-09-20T21:30:00Z,2026-09-20T23:30:00+0200,0.0,MW,DE,DE_LU,forecast_solar_generation,Solar,2026-09-24T20:57:31Z
2026-09-24T20:56:21Z,2026-09-24T22:56:21+0200,dc914a0a-bbfd-4933-aa5a-9840c7a2aa48,2026-09-20T21:45:00Z,2026-09-20T23:45:00+0200,0.0,MW,DE,DE_LU,forecast_solar_generation,Solar,2026-09-24T20:57:31Z
2026-09-24T20:56:21Z,2026-09-24T22:56:21+0200,dc914a0a-bbfd-4933-aa5a-9840c7a2aa48,2026-09-20T22:00:00Z,2026-09-21T00:00:00+0200,0.0,MW,DE,DE_LU,forecast_solar_generation,Solar,2026-09-24T20:57:31Z
2026-09-24T20:56:21Z,2026-09-24T22:56:21+0200,dc914a0a-bbfd-4933-aa5a-9840c7a2aa48,2026-09-20T22:15:00Z,2026-09-21T00:15:00+0200,0.0,MW,DE,DE_LU,forecast_solar_generation,Solar,2026-09-24T20:57:31Z
2026-09-24T20:56:21Z,2026-09-24T22:56:21+0200,dc914a0a-bbfd-4933-aa5a-9840c7a2aa48,2026-09-20T22:30:00Z,2026-09-21T00:30:00+0200,0.0,MW,DE,DE_LU,forecast_solar_generation,Solar,2026-09-24T20:57:31Z
2026-09-24T20:56:21Z,2026-09-24T22:56:21+0200,dc914a0a-bbfd-4933-aa5a-9840c7a2aa48,2026-09-20T22:45:00Z,2026-09-21T00:45:00+0200,0.0,MW,DE,DE_LU,forecast_solar_generation,Solar,2026-09-24T20:57:31Z
2026-09-24T20:56:21Z,2026-09-24T22:56:21+0200,dc914a0a-bbfd-4933-aa5a-9840c7a2aa48,2026-09-20T23:00:00Z,2026-09-21T01:00:00+0200,0.0,MW,DE,DE_LU,forecast_solar_generation,Solar,2026-09-24T20:57:31Z
2026-09-24T20:56:21Z,2026-09-24T22:56:21+0200,dc914a0a-bbfd-4933-aa5a-9840c7a2aa48,2026-09-20T23:15:00Z,2026-09-21T01:15:00+0200,0.0,MW,DE,DE_LU,forecast_solar_generation,Solar,2026-09-24T20:57:31Z
2026-09-24T20:56:21Z,2026-09-24T22:56:21+0200,dc914a0a-bbfd-4933-aa5a-9840c7a2aa48,2026-09-20T23:30:00Z,2026-09-21T01:30:00+0200,0.0,MW,DE,DE_LU,forecast_solar_generation,Solar,2026-09-24T20:57:31Z
2026-09-24T20:56:21Z,2026-09-24T22:56:21+0200,dc914a0a-bbfd-4933-aa5a-9840c7a2aa48,2026-09-20T23:45:00Z,2026-09-21T01:45:00+0200,0.0,MW,DE,DE_LU,forecast_solar_generation,Solar,2026-09-24T20:57:31Z
2026-09-24T20:56:21Z,2026-09-24T22:56:21+0200,dc914a0a-bbfd-4933-aa5a-9840c7a2aa48,2026-09-21T00:00:00Z,2026-09-21T02:00:00+0200,0.0,MW,DE,DE_LU,forecast_solar_generation,Solar,2026-09-24T20:57:31Z
2026-09-24T20:56:21Z,2026-09-24T22:56:21+0200,dc914a0a-bbfd-4933-aa5a-9840c7a2aa48,2026-09-21T00:15:00Z,2026-09-21T02:15:00+0200,0.0,MW,DE,DE_LU,forecast_solar_generation,Solar,2026-09-24T20:57:31Z
2026-09-24T20:56:21Z,2026-09-24T22:56:21+0200,dc914a0a-bbfd-4933-aa5a-9840c7a2aa48,2026-09-21T00:30:00Z,2026-09-21T02:30:00+0200,0.0,MW,DE,DE_LU,forecast_solar_generation,Solar,2026-09-24T20:57:31Z
2026-09-24T20:56:21Z,2026-09-24T22:56:21+0200,dc914a0a-bbfd-4933-aa5a-9840c7a2aa48,2026-09-21T00:45:00Z,2026-09-21T02:45:00+0200,0.0,MW,DE,DE_LU,forecast_solar_generation,Solar,2026-09-24T20:57:31Z
2026-09-24T20:56:21Z,2026-09-24T22:56:21+0200,dc914a0a-bbfd-4933-aa5a-9840c7a2aa48,2026-09-21T01:00:00Z,2026-09-21T03:00:00+0200,0.0,MW,DE,DE_LU,forecast_solar_generation,Solar,2026-09-24T20:57:31Z
2026-09-24T20:56:21Z,2026-09-24T22:56:21+0200,dc914a0a-bbfd-4933-aa5a-9840c7a2aa48,2026-09-21T01:15:00Z,2026-09-21T03:15:00+0200,0.0,MW,DE,DE_LU,forecast_solar_generation,Solar,2026-09-24T20:57:31Z
2026-09-24T20:56:21Z,2026-09-24T22:56:21+0200,dc914a0a-bbfd-4933-aa5a-9840c7a2aa48,2026-09-21T01:30:00Z,2026-09-21T03:30:00+0200,0.0,MW,DE,DE_LU,forecast_solar_generation,Solar,2026-09-24T20:57:31Z
2026-09-24T20:56:21Z,2026-09-24T22:56:21+0200,dc914a0a-bbfd-4933-aa5a-9840c7a2aa48,2026-09-21T01:45:00Z,2026-09-21T03:45:00+0200,0.0,MW,DE,DE_LU,forecast_solar_generation,Solar,2026-09-24T20:57:31Z
2026-09-24T20:56:21Z,2026-09-24T22:56:21+0200,dc914a0a-bbfd-4933-aa5a-9840c7a2aa48,2026-09-21T02:00:00Z,2026-09-21T04:00:00+0200,0.0,MW,DE,DE_LU,forecast_solar_generation,Solar,2026-09-24T20:57:31Z
2026-09-24T20:56:21Z,2026-09-24T22:56:21+0200,dc914a0a-bbfd-4933-aa5a-9840c7a2aa48,2026-09-21T02:15:00Z,2026-09-21T04:15:00+0200,0.0,MW,DE,DE_LU,forecast_solar_generation,Solar,2026-09-24T20:57:31Z
2026-09-24T20:56:21Z,2026-09-24T22:56:21+0200,dc914a0a-bbfd-4933-aa5a-9840c7a2aa48,2026-09-21T02:30:00Z,2026-09-21T04:30:00+0200,0.0,MW,DE,DE_LU,forecast_solar_generation,Solar,2026-09-24T20:57:31Z
2026-09-24T20:56:21Z,2026-09-24T22:56:21+0200,dc914a0a-bbfd-4933-aa5a-9840c7a2aa48,2026-09-21T02:45:00Z,2026-09-21T04:45:00+0200,0.0,MW,DE,DE_LU,forecast_solar_generation,Solar,2026-09-24T20:57:31Z
2026-09-24T20:56:21Z,2026-09-24T22:56:21+0200,dc914a0a-bbfd-4933-aa5a-9840c7a2aa48,2026-09-21T03:00:00Z,2026-09-21T05:00:00+0200,0.0,MW,DE,DE_LU,forecast_solar_generation,Solar,2026-09-24T20:57:31Z
2026-09-24T20:56:21Z,2026-09-24T22:56:21+0200,dc914a0a-bbfd-4933-aa5a-9840c7a2aa48,2026-09-21T03:15:00Z,2026-09-21T05:15:00+0200,0.0,MW,DE,DE_LU,forecast_solar_generation,Solar,2026-09-24T20:57:31Z
2026-09-24T20:56:21Z,2026-09-24T22:56:21+0200,dc914a0a-bbfd-4933-aa5a-9840c7a2aa48,2026-09-21T03:30:00Z,2026-09-21T05:30:00+0200,0.0,MW,DE,DE_LU,forecast_solar_generation,Solar,2026-09-24T20:57:31Z
2026-09-24T20:56:21Z,2026-09-24T22:56:21+0200,dc914a0a-bbfd-4933-aa5a-9840c7a2aa48,2026-09-21T03:45:00Z,2026-09-21T05:45:00+0200,0.0,MW,DE,DE_LU,forecast_solar_generation,Solar,2026-09-24T20:57:31Z
2026-09-24T20:56:21Z,2026-09-24T22:56:21+0200,dc914a0a-bbfd-4933-aa5a-9840c7a2aa48,2026-09-21T04:00:00Z,2026-09-21T06:00:00+0200,0.0,MW,DE,DE_LU,forecast_solar_generation,Solar,2026-09-24T20:57:31Z
2026-09-24T20:56:21Z,2026-09-24T22:56:21+0200,dc914a0a-bbfd-4933-aa5a-9840c7a2aa48,2026-09-21T04:15:00Z,2026-09-21T06:15:00+0200,0.0,MW,DE,DE_LU,forecast_solar_generation,Solar,2026-09-24T20:57:31Z
2026-09-24T20:56:21Z,2026-09-24T22:56:21+0200,dc914a0a-bbfd-4933-aa5a-9840c7a2aa48,2026-09-21T04:30:00Z,2026-09-21T06:30:00+0200,0.0,MW,DE,DE_LU,forecast_solar_generation,Solar,2026-09-24T20:57:31Z
2026-09-24T20:56:21Z,2026-09-24T22:56:21+0200,dc914a0a-bbfd-4933-aa5a-9840c7a2aa48,2026-09-21T04:45:00Z,2026-09-21T06:45:00+0200,17.053,MW,DE,DE_LU,forecast_solar_generation,Solar,2026-09-24T20:57:31Z
2026-09-24T20:56:21Z,2026-09-24T22:56:21+0200,dc914a0a-bbfd-4933-aa5a-9840c7a2aa48,2026-09-21T05:00:00Z,2026-09-21T07:00:00+0200,209.74514,MW,DE,DE_LU,forecast_solar_generation,Solar,2026-09-24T20:57:31Z
2026-09-24T20:56:21Z,2026-09-24T22:56:21+0200,dc914a0a-bbfd-4933-aa5a-9840c7a2aa48,2026-09-21T05:15:00Z,2026-09-21T07:15:00+0200,755.02609,MW,DE,DE_LU,forecast_solar_generation,Solar,2026-09-24T20:57:31Z
2026-09-24T20:56:21Z,2026-09-24T22:56:21+0200,dc914a0a-bbfd-4933-aa5a-9840c7a2aa48,2026-09-21T05:30:00Z,2026-09-21T07:30:00+0200,1771.64295,MW,DE,DE_LU,forecast_solar_generation,Solar,2026-09-24T20:57:31Z
2026-09-24T20:56:21Z,2026-09-24T22:56:21+0200,dc914a0a-bbfd-4933-aa5a-9840c7a2aa48,2026-09-21T05:45:00Z,2026-09-21T07:45:00+0200,3212.79067,MW,DE,DE_LU,forecast_solar_generation,Solar,2026-09-24T20:57:31Z
2026-09-24T20:56:21Z,2026-09-24T22:56:21+0200,dc914a0a-bbfd-4933-aa5a-9840c7a2aa48,2026-09-21T06:00:00Z,2026-09-21T08:00:00+0200,5013.69297,MW,DE,DE_LU,forecast_solar_generation,Solar,2026-09-24T20:57:31Z
2026-09-24T20:56:21Z,2026-09-24T22:56:21+0200,dc914a0a-bbfd-4933-aa5a-9840c7a2aa48,2026-09-21T06:15:00Z,2026-09-21T08:15:00+0200,7114.76027,MW,DE,DE_LU,forecast_solar_generation,Solar,2026-09-24T20:57:31Z
2026-09-24T20:56:21Z,2026-09-24T22:56:21+0200,dc914a0a-bbfd-4933-aa5a-9840c7a2aa48,2026-09-21T06:30:00Z,2026-09-21T08:30:00+0200,9410.87376,MW,DE,DE_LU,forecast_solar_generation,Solar,2026-09-24T20:57:31Z
2026-09-24T20:56:21Z,2026-09-24T22:56:21+0200,dc914a0a-bbfd-4933-aa5a-9840c7a2aa48,2026-09-21T06:45:00Z,2026-09-21T08:45:00+0200,11825.83567,MW,DE,DE_LU,forecast_solar_generation,Solar,2026-09-24T20:57:31Z
2026-09-24T20:56:21Z,2026-09-24T22:56:21+0200,dc914a0a-bbfd-4933-aa5a-9840c7a2aa48,2026-09-21T07:00:00Z,2026-09-21T09:00:00+0200,14308.90979,MW,DE,DE_LU,forecast_solar_generation,Solar,2026-09-24T20:57:31Z
2026-09-24T20:56:21Z,2026-09-24T22:56:21+0200,dc914a0a-bbfd-4933-aa5a-9840c7a2aa48,2026-09-21T07:15:00Z,2026-09-21T09:15:00+0200,16875.35379,MW,DE,DE_LU,forecast_solar_generation,Solar,2026-09-24T20:57:31Z
2026-09-24T20:56:21Z,2026-09-24T22:56:21+0200,dc914a0a-bbfd-4933-aa5a-9840c7a2aa48,2026-09-21T07:30:00Z,2026-09-21T09:30:00+0200,19454.20387,MW,DE,DE_LU,forecast_solar_generation,Solar,2026-09-24T20:57:31Z
2026-09-24T20:56:21Z,2026-09-24T22:56:21+0200,dc914a0a-bbfd-4933-aa5a-9840c7a2aa48,2026-09-21T07:45:00Z,2026-09-21T09:45:00+0200,21903.49826,MW,DE,DE_LU,forecast_solar_generation,Solar,2026-09-24T20:57:31Z
2026-09-24T20:56:21Z,2026-09-24T22:56:21+0200,dc914a0a-bbfd-4933-aa5a-9840c7a2aa48,2026-09-21T08:00:00Z,2026-09-21T10:00:00+0200,24200.33574,MW,DE,DE_LU,forecast_solar_generation,Solar,2026-09-24T20:57:31Z
2026-09-24T20:56:21Z,2026-09-24T22:56:21+0200,dc914a0a-bbfd-4933-aa5a-9840c7a2aa48,2026-09-21T08:15:00Z,2026-09-21T10:15:00+0200,26342.83848,MW,DE,DE_LU,forecast_solar_generation,Solar,2026-09-24T20:57:31Z
2026-09-24T20:56:21Z,2026-09-24T22:56:21+0200,dc914a0a-bbfd-4933-aa5a-9840c7a2aa48,2026-09-21T08:30:00Z,2026-09-21T10:30:00+0200,28265.72039,MW,DE,DE_LU,forecast_solar_generation,Solar,2026-09-24T20:57:31Z
2026-09-24T20:56:21Z,2026-09-24T22:56:21+0200,dc914a0a-bbfd-4933-aa5a-9840c7a2aa48,2026-09-21T08:45:00Z,2026-09-21T10:45:00+0200,29963.80933,MW,DE,DE_LU,forecast_solar_generation,Solar,2026-09-24T20:57:31Z
2026-09-24T20:56:21Z,2026-09-24T22:56:21+0200,dc914a0a-bbfd-4933-aa5a-9840c7a2aa48,2026-09-21T09:00:00Z,2026-09-21T11:00:00+0200,31485.7886,MW,DE,DE_LU,forecast_solar_generation,Solar,2026-09-24T20:57:31Z
2026-09-24T20:56:21Z,2026-09-24T22:56:21+0200,dc914a0a-bbfd-4933-aa5a-9840c7a2aa48,2026-09-21T09:15:00Z,2026-09-21T11:15:00+0200,32827.21757,MW,DE,DE_LU,forecast_solar_generation,Solar,2026-09-24T20:57:31Z
2026-09-24T20:56:21Z,2026-09-24T22:56:21+0200,dc914a0a-bbfd-4933-aa5a-9840c7a2aa48,2026-09-21T09:30:00Z,2026-09-21T11:30:00+0200,33968.50152,MW,DE,DE_LU,forecast_solar_generation,Solar,2026-09-24T20:57:31Z
2026-09-24T20:56:21Z,2026-09-24T22:56:21+0200,dc914a0a-bbfd-4933-aa5a-9840c7a2aa48,2026-09-21T09:45:00Z,2026-09-21T11:45:00+0200,34910.42775,MW,DE,DE_LU,forecast_solar_generation,Solar,2026-09-24T20:57:31Z
2026-09-24T20:56:21Z,2026-09-24T22:56:21+0200,dc914a0a-bbfd-4933-aa5a-9840c7a2aa48,2026-09-21T10:00:00Z,2026-09-21T12:00:00+0200,35679.24372,MW,DE,DE_LU,forecast_solar_generation,Solar,2026-09-24T20:57:31Z
2026-09-24T20:56:21Z,2026-09-24T22:56:21+0200,dc914a0a-bbfd-4933-aa5a-9840c7a2aa48,2026-09-21T10:15:00Z,2026-09-21T12:15:00+0200,36290.52299,MW,DE,DE_LU,forecast_solar_generation,Solar,2026-09-24T20:57:31Z
2026-09-24T20:56:21Z,2026-09-24T22:56:21+0200,dc914a0a-bbfd-4933-aa5a-9840c7a2aa48,2026-09-21T10:30:00Z,2026-09-21T12:30:00+0200,36663.89926,MW,DE,DE_LU,forecast_solar_generation,Solar,2026-09-24T20:57:31Z
2026-09-24T20:56:21Z,2026-09-24T22:56:21+0200,dc914a0a-bbfd-4933-aa5a-9840c7a2aa48,2026-09-21T10:45:00Z,2026-09-21T12:45:00+0200,36808.00079,MW,DE,DE_LU,forecast_solar_generation,Solar,2026-09-24T20:57:31Z
2026-09-24T20:56:21Z,2026-09-24T22:56:21+0200,dc914a0a-bbfd-4933-aa5a-9840c7a2aa48,2026-09-21T11:00:00Z,2026-09-21T13:00:00+0200,36812.06588,MW,DE,DE_LU,forecast_solar_generation,Solar,2026-09-24T20:57:31Z
2026-09-24T20:56:21Z,2026-09-24T22:56:21+0200,dc914a0a-bbfd-4933-aa5a-9840c7a2aa48,2026-09-21T11:15:00Z,2026-09-21T13:15:00+0200,36624.34848,MW,DE,DE_LU,forecast_solar_generation,Solar,2026-09-24T20:57:31Z
2026-09-24T20:56:21Z,2026-09-24T22:56:21+0200,dc914a0a-bbfd-4933-aa5a-9840c7a2aa48,2026-09-21T11:30:00Z,2026-09-21T13:30:00+0200,36287.58599,MW,DE,DE_LU,forecast_solar_generation,Solar,2026-09-24T20:57:31Z
2026-09-24T20:56:21Z,2026-09-24T22:56:21+0200,dc914a0a-bbfd-4933-aa5a-9840c7a2aa48,2026-09-21T11:45:00Z,2026-09-21T13:45:00+0200,35789.19971,MW,DE,DE_LU,forecast_solar_generation,Solar,2026-09-24T20:57:31Z
2026-09-24T20:56:21Z,2026-09-24T22:56:21+0200,dc914a0a-bbfd-4933-aa5a-9840c7a2aa48,2026-09-21T12:00:00Z,2026-09-21T14:00:00+0200,35195.06996,MW,DE,DE_LU,forecast_solar_generation,Solar,2026-09-24T20:57:31Z
2026-09-24T20:56:21Z,2026-09-24T22:56:21+0200,dc914a0a-bbfd-4933-aa5a-9840c7a2aa48,2026-09-21T12:15:00Z,2026-09-21T14:15:00+0200,34453.71674,MW,DE,DE_LU,forecast_solar_generation,Solar,2026-09-24T20:57:31Z
2026-09-24T20:56:21Z,2026-09-24T22:56:21+0200,dc914a0a-bbfd-4933-aa5a-9840c7a2aa48,2026-09-21T12:30:00Z,2026-09-21T14:30:00+0200,33600.99847,MW,DE,DE_LU,forecast_solar_generation,Solar,2026-09-24T20:57:31Z
2026-09-24T20:56:21Z,2026-09-24T22:56:21+0200,dc914a0a-bbfd-4933-aa5a-9840c7a2aa48,2026-09-21T12:45:00Z,2026-09-21T14:45:00+0200,32616.50467,MW,DE,DE_LU,forecast_solar_generation,Solar,2026-09-24T20:57:31Z
2026-09-24T20:56:21Z,2026-09-24T22:56:21+0200,dc914a0a-bbfd-4933-aa5a-9840c7a2aa48,2026-09-21T13:00:00Z,2026-09-21T15:00:00+0200,31421.45748,MW,DE,DE_LU,forecast_solar_generation,Solar,2026-09-24T20:57:31Z
2026-09-24T20:56:21Z,2026-09-24T22:56:21+0200,dc914a0a-bbfd-4933-aa5a-9840c7a2aa48,2026-09-21T13:15:00Z,2026-09-21T15:15:00+0200,30055.04125,MW,DE,DE_LU,forecast_solar_generation,Solar,2026-09-24T20:57:31Z
2026-09-24T20:56:21Z,2026-09-24T22:56:21+0200,dc914a0a-bbfd-4933-aa5a-9840c7a2aa48,2026-09-21T13:30:00Z,2026-09-21T15:30:00+0200,28532.91316,MW,DE,DE_LU,forecast_solar_generation,Solar,2026-09-24T20:57:31Z
2026-09-24T20:56:21Z,2026-09-24T22:56:21+0200,dc914a0a-bbfd-4933-aa5a-9840c7a2aa48,2026-09-21T13:45:00Z,2026-09-21T15:45:00+0200,26841.70295,MW,DE,DE_LU,forecast_solar_generation,Solar,2026-09-24T20:57:31Z
2026-09-24T20:56:21Z,2026-09-24T22:56:21+0200,dc914a0a-bbfd-4933-aa5a-9840c7a2aa48,2026-09-21T14:00:00Z,2026-09-21T16:00:00+0200,24971.94612,MW,DE,DE_LU,forecast_solar_generation,Solar,2026-09-24T20:57:31Z
2026-09-24T20:56:21Z,2026-09-24T22:56:21+0200,dc914a0a-bbfd-4933-aa5a-9840c7a2aa48,2026-09-21T14:15:00Z,2026-09-21T16:15:00+0200,22983.29454,MW,DE,DE_LU,forecast_solar_generation,Solar,2026-09-24T20:57:31Z
2026-09-24T20:56:21Z,2026-09-24T22:56:21+0200,dc914a0a-bbfd-4933-aa5a-9840c7a2aa48,2026-09-21T14:30:00Z,2026-09-21T16:30:00+0200,20876.22968,MW,DE,DE_LU,forecast_solar_generation,Solar,2026-09-24T20:57:31Z
2026-09-24T20:56:21Z,2026-09-24T22:56:21+0200,dc914a0a-bbfd-4933-aa5a-9840c7a2aa48,2026-09-21T14:45:00Z,2026-09-21T16:45:00+0200,18649.80172,MW,DE,DE_LU,forecast_solar_generation,Solar,2026-09-24T20:57:31Z
2026-09-24T20:56:21Z,2026-09-24T22:56:21+0200,dc914a0a-bbfd-4933-aa5a-9840c7a2aa48,2026-09-21T15:00:00Z,2026-09-21T17:00:00+0200,16273.39386,MW,DE,DE_LU,forecast_solar_generation,Solar,2026-09-24T20:57:31Z
2026-09-24T20:56:21Z,2026-09-24T22:56:21+0200,dc914a0a-bbfd-4933-aa5a-9840c7a2aa48,2026-09-21T15:15:00Z,2026-09-21T17:15:00+0200,13820.90959,MW,DE,DE_LU,forecast_solar_generation,Solar,2026-09-24T20:57:31Z
2026-09-24T20:56:21Z,2026-09-24T22:56:21+0200,dc914a0a-bbfd-4933-aa5a-9840c7a2aa48,2026-09-21T15:30:00Z,2026-09-21T17:30:00+0200,11300.53195,MW,DE,DE_LU,forecast_solar_generation,Solar,2026-09-24T20:57:31Z
2026-09-24T20:56:21Z,2026-09-24T22:56:21+0200,dc914a0a-bbfd-4933-aa5a-9840c7a2aa48,2026-09-21T15:45:00Z,2026-09-21T17:45:00+0200,8797.13159,MW,DE,DE_LU,forecast_solar_generation,Solar,2026-09-24T20:57:31Z
2026-09-24T20:56:21Z,2026-09-24T22:56:21+0200,dc914a0a-bbfd-4933-aa5a-9840c7a2aa48,2026-09-21T16:00:00Z,2026-09-21T18:00:00+0200,6409.08771,MW,DE,DE_LU,forecast_solar_generation,Solar,2026-09-24T20:57:31Z
2026-09-24T20:56:21Z,2026-09-24T22:56:21+0200,dc914a0a-bbfd-4933-aa5a-9840c7a2aa48,2026-09-21T16:15:00Z,2026-09-21T18:15:00+0200,4284.84405,MW,DE,DE_LU,forecast_solar_generation,Solar,2026-09-24T20:57:31Z
2026-09-24T20:56:21Z,2026-09-24T22:56:21+0200,dc914a0a-bbfd-4933-aa5a-9840c7a2aa48,2026-09-21T16:30:00Z,2026-09-21T18:30:00+0200,2561.46445,MW,DE,DE_LU,forecast_solar_generation,Solar,2026-09-24T20:57:31Z
2026-09-24T20:56:21Z,2026-09-24T22:56:21+0200,dc914a0a-bbfd-4933-aa5a-9840c7a2aa48,2026-09-21T16:45:00Z,2026-09-21T18:45:00+0200,1261.50039,MW,DE,DE_LU,forecast_solar_generation,Solar,2026-09-24T20:57:31Z
2026-09-24T20:56:21Z,2026-09-24T22:56:21+0200,dc914a0a-bbfd-4933-aa5a-9840c7a2aa48,2026-09-21T17:00:00Z,2026-09-21T19:00:00+0200,456.68954,MW,DE,DE_LU,forecast_solar_generation,Solar,2026-09-24T20:57:31Z
2026-09-24T20:56:21Z,2026-09-24T22:56:21+0200,dc914a0a-bbfd-4933-aa5a-9840c7a2aa48,2026-09-21T17:15:00Z,2026-09-21T19:15:00+0200,124.54591,MW,DE,DE_LU,forecast_solar_generation,Solar,2026-09-24T20:57:31Z
2026-09-24T20:56:21Z,2026-09-24T22:56:21+0200,dc914a0a-bbfd-4933-aa5a-9840c7a2aa48,2026-09-21T17:30:00Z,2026-09-21T19:30:00+0200,40.18218,MW,DE,DE_LU,forecast_solar_generation,Solar,2026-09-24T20:57:31Z
2026-09-24T20:56:21Z,2026-09-24T22:56:21+0200,dc914a0a-bbfd-4933-aa5a-9840c7a2aa48,2026-09-21T17:45:00Z,2026-09-21T19:45:00+0200,2.46126,MW,DE,DE_LU,forecast_solar_generation,Solar,2026-09-24T20:57:31Z
2026-09-24T20:56:21Z,2026-09-24T22:56:21+0200,dc914a0a-bbfd-4933-aa5a-9840c7a2aa48,2026-09-21T18:00:00Z,2026-09-21T20:00:00+0200,0.0,MW,DE,DE_LU,forecast_solar_generation,Solar,2026-09-24T20:57:31Z
2026-09-24T20:56:21Z,2026-09-24T22:56:21+0200,dc914a0a-bbfd-4933-aa5a-9840c7a2aa48,2026-09-21T18:15:00Z,2026-09-21T20:15:00+0200,0.0,MW,DE,DE_LU,forecast_solar_generation,Solar,2026-09-24T20:57:31Z
2026-09-24T20:56:21Z,2026-09-24T22:56:21+0200,dc914a0a-bbfd-4933-aa5a-9840c7a2aa48,2026-09-21T18:30:00Z,2026-09-21T20:30:00+0200,0.0,MW,DE,DE_LU,forecast_solar_generation,Solar,2026-09-24T20:57:31Z
2026-09-24T20:56:21Z,2026-09-24T22:56:21+0200,dc914a0a-bbfd-4933-aa5a-9840c7a2aa48,2026-09-21T18:45:00Z,2026-09-21T20:45:00+0200,0.0,MW,DE,DE_LU,forecast_solar_generation,Solar,2026-09-24T20:57:31Z
2026-09-24T20:56:21Z,2026-09-24T22:56:21+0200,dc914a0a-bbfd-4933-aa5a-9840c7a2aa48,2026-09-21T19:00:00Z,2026-09-21T21:00:00+0200,0.0,MW,DE,DE_LU,forecast_solar_generation,Solar,2026-09-24T20:57:31Z
2026-09-24T20:56:21Z,2026-09-24T22:56:21+0200,dc914a0a-bbfd-4933-aa5a-9840c7a2aa48,2026-09-21T19:15:00Z,2026-09-21T21:15:00+0200,0.0,MW,DE,DE_LU,forecast_solar_generation,Solar,2026-09-24T20:57:31Z
2026-09-24T20:56:21Z,2026-09-24T22:56:21+0200,dc914a0a-bbfd-4933-aa5a-9840c7a2aa48,2026-09-21T19:30:00Z,2026-09-21T21:30:00+0200,0.0,MW,DE,DE_LU,forecast_solar_generation,Solar,2026-09-24T20:57:31Z
2026-09-24T20:56:21Z,2026-09-24T22:56:21+0200,dc914a0a-bbfd-4933-aa5a-9840c7a2aa48,2026-09-21T19:45:00Z,2026-09-21T21:45:00+0200,0.0,MW,DE,DE_LU,forecast_solar_generation,Solar,2026-09-24T20:57:31Z
2026-09-24T20:56:21Z,2026-09-24T22:56:21+0200,dc914a0a-bbfd-4933-aa5a-9840c7a2aa48,2026-09-21T20:00:00Z,2026-09-21T22:00:00+0200,0.0,MW,DE,DE_LU,forecast_solar_generation,Solar,2026-09-24T20:57:31Z
2026-09-24T20:56:21Z,2026-09-24T22:56:21+0200,dc914a0a-bbfd-4933-aa5a-9840c7a2aa48,2026-09-21T20:15:00Z,2026-09-21T22:15:00+0200,0.0,MW,DE,DE_LU,forecast_solar_generation,Solar,2026-09-24T20:57:31Z
2026-09-24T20:56:21Z,2026-09-24T22:56:21+0200,dc914a0a-bbfd-4933-aa5a-9840c7a2aa48,2026-09-21T20:30:00Z,2026-09-21T22:30:00+0200,0.0,MW,DE,DE_LU,forecast_solar_generation,Solar,2026-09-24T20:57:31Z
2026-09-24T20:56:21Z,2026-09-24T22:56:21+0200,dc914a0a-bbfd-4933-aa5a-9840c7a2aa48,2026-09-21T20:45:00Z,2026-09-21T22:45:00+0200,0.0,MW,DE,DE_LU,forecast_solar_generation,Solar,2026-09-24T20:57:31Z
2026-09-24T20:56:21Z,2026-09-24T22:56:21+0200,dc914a0a-bbfd-4933-aa5a-9840c7a2aa48,2026-09-21T21:00:00Z,2026-09-21T23:00:00+0200,0.0,MW,DE,DE_LU,forecast_solar_generation,Solar,2026-09-24T20:57:31Z
2026-09-24T20:56:21Z,2026-09-24T22:56:21+0200,dc914a0a-bbfd-4933-aa5a-9840c7a2aa48,2026-09-21T21:15:00Z,2026-09-21T23:15:00+0200,0.0,MW,DE,DE_LU,forecast_solar_generation,Solar,2026-09-24T20:57:31Z
2026-09-24T20:56:21Z,2026-09-24T22:56:21+0200,dc914a0a-bbfd-4933-aa5a-9840c7a2aa48,2026-09-21T21:30:00Z,2026-09-21T23:30:00+0200,0.0,MW,DE,DE_LU,forecast_solar_generation,Solar,2026-09-24T20:57:31Z
2026-09-24T20:56:21Z,2026-09-24T22:56:21+0200,dc914a0a-bbfd-4933-aa5a-9840c7a2aa48,2026-09-21T21:45:00Z,2026-09-21T23:45:00+0200,0.0,MW,DE,DE_LU,forecast_solar_generation,Solar,2026-09-24T20:57:31Z
2026-09-24T20:56:21Z,2026-09-24T22:56:21+0200,dc914a0a-bbfd-4933-aa5a-9840c7a2aa48,2026-09-21T22:00:00Z,2026-09-22T00:00:00+0200,0.0,MW,DE,DE_LU,forecast_solar_generation,Solar,2026-09-24T20:57:31Z
2026-09-24T20:56:21Z,2026-09-24T22:56:21+0200,dc914a0a-bbfd-4933-aa5a-9840c7a2aa48,2026-09-21T22:15:00Z,2026-09-22T00:15:00+0200,0.0,MW,DE,DE_LU,forecast_solar_generation,Solar,2026-09-24T20:57:31Z
2026-09-24T20:56:21Z,2026-09-24T22:56:21+0200,dc914a0a-bbfd-4933-aa5a-9840c7a2aa48,2026-09-21T22:30:00Z,2026-09-22T00:30:00+0200,0.0,MW,DE,DE_LU,forecast_solar_generation,Solar,2026-09-24T20:57:31Z
2026-09-24T20:56:21Z,2026-09-24T22:56:21+0200,dc914a0a-bbfd-4933-aa5a-9840c7a2aa48,2026-09-21T22:45:00Z,2026-09-22T00:45:00+0200,0.0,MW,DE,DE_LU,forecast_solar_generation,Solar,2026-09-24T20:57:31Z
2026-09-24T20:56:21Z,2026-09-24T22:56:21+0200,dc914a0a-bbfd-4933-aa5a-9840c7a2aa48,2026-09-21T23:00:00Z,2026-09-22T01:00:00+0200,0.0,MW,DE,DE_LU,forecast_solar_generation,Solar,2026-09-24T20:57:31Z
2026-09-24T20:56:21Z,2026-09-24T22:56:21+0200,dc914a0a-bbfd-4933-aa5a-9840c7a2aa48,2026-09-21T23:15:00Z,2026-09-22T01:15:00+0200,0.0,MW,DE,DE_LU,forecast_solar_generation,Solar,2026-09-24T20:57:31Z
2026-09-24T20:56:21Z,2026-09-24T22:56:21+0200,dc914a0a-bbfd-4933-aa5a-9840c7a2aa48,2026-09-21T23:30:00Z,2026-09-22T01:30:00+0200,0.0,MW,DE,DE_LU,forecast_solar_generation,Solar,2026-09-24T20:57:31Z
2026-09-24T20:56:21Z,2026-09-24T22:56:21+0200,dc914a0a-bbfd-4933-aa5a-9840c7a2aa48,2026-09-21T23:45:00Z,2026-09-22T01:45:00+0200,0.0,MW,DE,DE_LU,forecast_solar_generation,Solar,2026-09-24T20:57:31Z
2026-09-24T20:56:21Z,2026-09-24T22:56:21+0200,dc914a0a-bbfd-4933-aa5a-9840c7a2aa48,2026-09-22T00:00:00Z,2026-09-22T02:00:00+0200,0.0,MW,DE,DE_LU,forecast_solar_generation,Solar,2026-09-24T20:57:31Z
2026-09-24T20:56:21Z,2026-09-24T22:56:21+0200,dc914a0a-bbfd-4933-aa5a-9840c7a2aa48,2026-09-22T00:15:00Z,2026-09-22T02:15:00+0200,0.0,MW,DE,DE_LU,forecast_solar_generation,Solar,2026-09-24T20:57:31Z
2026-09-24T20:56:21Z,2026-09-24T22:56:21+0200,dc914a0a-bbfd-4933-aa5a-9840c7a2aa48,2026-09-22T00:30:00Z,2026-09-22T02:30:00+0200,0.0,MW,DE,DE_LU,forecast_solar_generation,Solar,2026-09-24T20:57:31Z
2026-09-24T20:56:21Z,2026-09-24T22:56:21+0200,dc914a0a-bbfd-4933-aa5a-9840c7a2aa48,2026-09-22T00:45:00Z,2026-09-22T02:45:00+0200,0.0,MW,DE,DE_LU,forecast_solar_generation,Solar,2026-09-24T20:57:31Z
2026-09-24T20:56:21Z,2026-09-24T22:56:21+0200,dc914a0a-bbfd-4933-aa5a-9840c7a2aa48,2026-09-22T01:00:00Z,2026-09-22T03:00:00+0200,0.0,MW,DE,DE_LU,forecast_solar_generation,Solar,2026-09-24T20:57:31Z
2026-09-24T20:56:21Z,2026-09-24T22:56:21+0200,dc914a0a-bbfd-4933-aa5a-9840c7a2aa48,2026-09-22T01:15:00Z,2026-09-22T03:15:00+0200,0.0,MW,DE,DE_LU,forecast_solar_generation,Solar,2026-09-24T20:57:31Z
2026-09-24T20:56:21Z,2026-09-24T22:56:21+0200,dc914a0a-bbfd-4933-aa5a-9840c7a2aa48,2026-09-22T01:30:00Z,2026-09-22T03:30:00+0200,0.0,MW,DE,DE_LU,forecast_solar_generation,Solar,2026-09-24T20:57:31Z
2026-09-24T20:56:21Z,2026-09-24T22:56:21+0200,dc914a0a-bbfd-4933-aa5a-9840c7a2aa48,2026-09-22T01:45:00Z,2026-09-22T03:45:00+0200,0.0,MW,DE,DE_LU,forecast_solar_generation,Solar,2026-09-24T20:57:31Z
2026-09-24T20:56:21Z,2026-09-24T22:56:21+0200,dc914a0a-bbfd-4933-aa5a-9840c7a2aa48,2026-09-22T02:00:00Z,2026-09-22T04:00:00+0200,0.0,MW,DE,DE_LU,forecast_solar_generation,Solar,2026-09-24T20:57:31Z
2026-09-24T20:56:21Z,2026-09-24T22:56:21+0200,dc914a0a-bbfd-4933-aa5a-9840c7a2aa48,2026-09-22T02:15:00Z,2026-09-22T04:15:00+0200,0.0,MW,DE,DE_LU,forecast_solar_generation,Solar,2026-09-24T20:57:31Z
2026-09-24T20:56:21Z,2026-09-24T22:56:21+0200,dc914a0a-bbfd-4933-aa5a-9840c7a2aa48,2026-09-22T02:30:00Z,2026-09-22T04:30:00+0200,0.0,MW,DE,DE_LU,forecast_solar_generation,Solar,2026-09-24T20:57:31Z
2026-09-24T20:56:21Z,2026-09-24T22:56:21+0200,dc914a0a-bbfd-4933-aa5a-9840c7a2aa48,2026-09-22T02:45:00Z,2026-09-22T04:45:00+0200,0.0,MW,DE,DE_LU,forecast_solar_generation,Solar,2026-09-24T20:57:31Z
2026-09-24T20:56:21Z,2026-09-24T22:56:21+0200,dc914a0a-bbfd-4933-aa5a-9840c7a2aa48,2026-09-22T03:00:00Z,2026-09-22T05:00:00+0200,0.0,MW,DE,DE_LU,forecast_solar_generation,Solar,2026-09-24T20:57:31Z
2026-09-24T20:56:21Z,2026-09-24T22:56:21+0200,dc914a0a-bbfd-4933-aa5a-9840c7a2aa48,2026-09-22T03:15:00Z,2026-09-22T05:15:00+0200,0.0,MW,DE,DE_LU,forecast_solar_generation,Solar,2026-09-24T20:57:31Z
2026-09-24T20:56:21Z,2026-09-24T22:56:21+0200,dc914a0a-bbfd-4933-aa5a-9840c7a2aa48,2026-09-22T03:30:00Z,2026-09-22T05:30:00+0200,0.0,MW,DE,DE_LU,forecast_solar_generation,Solar,2026-09-24T20:57:31Z
2026-09-24T20:56:21Z,2026-09-24T22:56:21+0200,dc914a0a-bbfd-4933-aa5a-9840c7a2aa48,2026-09-22T03:45:00Z,2026-09-22T05:45:00+0200,0.0,MW,DE,DE_LU,forecast_solar_generation,Solar,2026-09-24T20:57:31Z
2026-09-24T20:56:21Z,2026-09-24T22:56:21+0200,dc914a0a-bbfd-4933-aa5a-9840c7a2aa48,2026-09-22T04:00:00Z,2026-09-22T06:00:00+0200,0.0,MW,DE,DE_LU,forecast_solar_generation,Solar,2026-09-24T20:57:31Z
2026-09-24T20:56:21Z,2026-09-24T22:56:21+0200,dc914a0a-bbfd-4933-aa5a-9840c7a2aa48,2026-09-22T04:15:00Z,2026-09-22T06:15:00+0200,0.0,MW,DE,DE_LU,forecast_solar_generation,Solar,2026-09-24T20:57:31Z
2026-09-24T20:56:21Z,2026-09-24T22:56:21+0200,dc914a0a-bbfd-4933-aa5a-9840c7a2aa48,2026-09-22T04:30:00Z,2026-09-22T06:30:00+0200,0.0,MW,DE,DE_LU,forecast_solar_generation,Solar,2026-09-24T20:57:31Z
2026-09-24T20:56:21Z,2026-09-24T22:56:21+0200,dc914a0a-bbfd-4933-aa5a-9840c7a2aa48,2026-09-22T04:45:00Z,2026-09-22T06:45:00+0200,9.94,MW,DE,DE_LU,forecast_solar_generation,Solar,2026-09-24T20:57:31Z
2026-09-24T20:56:21Z,2026-09-24T22:56:21+0200,dc914a0a-bbfd-4933-aa5a-9840c7a2aa48,2026-09-22T05:00:00Z,2026-09-22T07:00:00+0200,284.70897,MW,DE,DE_LU,forecast_solar_generation,Solar,2026-09-24T20:57:31Z
2026-09-24T20:56:21Z,2026-09-24T22:56:21+0200,dc914a0a-bbfd-4933-aa5a-9840c7a2aa48,2026-09-22T05:15:00Z,2026-09-22T07:15:00+0200,1029.6677,MW,DE,DE_LU,forecast_solar_generation,Solar,2026-09-24T20:57:31Z
2026-09-24T20:56:21Z,2026-09-24T22:56:21+0200,dc914a0a-bbfd-4933-aa5a-9840c7a2aa48,2026-09-22T05:30:00Z,2026-09-22T07:30:00+0200,2272.01687,MW,DE,DE_LU,forecast_solar_generation,Solar,2026-09-24T20:57:31Z
2026-09-24T20:56:21Z,2026-09-24T22:56:21+0200,dc914a0a-bbfd-4933-aa5a-9840c7a2aa48,2026-09-22T05:45:00Z,2026-09-22T07:45:00+0200,3989.83373,MW,DE,DE_LU,forecast_solar_generation,Solar,2026-09-24T20:57:31Z
2026-09-24T20:56:21Z,2026-09-24T22:56:21+0200,dc914a0a-bbfd-4933-aa5a-9840c7a2aa48,2026-09-22T06:00:00Z,2026-09-22T08:00:00+0200,6133.68665,MW,DE,DE_LU,forecast_solar_generation,Solar,2026-09-24T20:57:31Z
2026-09-24T20:56:21Z,2026-09-24T22:56:21+0200,dc914a0a-bbfd-4933-aa5a-9840c7a2aa48,2026-09-22T06:15:00Z,2026-09-22T08:15:00+0200,8613.98751,MW,DE,DE_LU,forecast_solar_generation,Solar,2026-09-24T20:57:31Z
2026-09-24T20:56:21Z,2026-09-24T22:56:21+0200,dc914a0a-bbfd-4933-aa5a-9840c7a2aa48,2026-09-22T06:30:00Z,2026-09-22T08:30:00+0200,11341.63816,MW,DE,DE_LU,forecast_solar_generation,Solar,2026-09-24T20:57:31Z
2026-09-24T20:56:21Z,2026-09-24T22:56:21+0200,dc914a0a-bbfd-4933-aa5a-9840c7a2aa48,2026-09-22T06:45:00Z,2026-09-22T08:45:00+0200,14177.46697,MW,DE,DE_LU,forecast_solar_generation,Solar,2026-09-24T20:57:31Z
2026-09-24T20:56:21Z,2026-09-24T22:56:21+0200,dc914a0a-bbfd-4933-aa5a-9840c7a2aa48,2026-09-22T07:00:00Z,2026-09-22T09:00:00+0200,17066.51612,MW,DE,DE_LU,forecast_solar_generation,Solar,2026-09-24T20:57:31Z
2026-09-24T20:56:21Z,2026-09-24T22:56:21+0200,dc914a0a-bbfd-4933-aa5a-9840c7a2aa48,2026-09-22T07:15:00Z,2026-09-22T09:15:00+0200,19991.85434,MW,DE,DE_LU,forecast_solar_generation,Solar,2026-09-24T20:57:31Z
2026-09-24T20:56:21Z,2026-09-24T22:56:21+0200,dc914a0a-bbfd-4933-aa5a-9840c7a2aa48,2026-09-22T07:30:00Z,2026-09-22T09:30:00+0200,22848.1743,MW,DE,DE_LU,forecast_solar_generation,Solar,2026-09-24T20:57:31Z
2026-09-24T20:56:21Z,2026-09-24T22:56:21+0200,dc914a0a-bbfd-4933-aa5a-9840c7a2aa48,2026-09-22T07:45:00Z,2026-09-22T09:45:00+0200,25534.55801,MW,DE,DE_LU,forecast_solar_generation,Solar,2026-09-24T20:57:31Z
2026-09-24T20:56:21Z,2026-09-24T22:56:21+0200,dc914a0a-bbfd-4933-aa5a-9840c7a2aa48,2026-09-22T08:00:00Z,2026-09-22T10:00:00+0200,27990.05444,MW,DE,DE_LU,forecast_solar_generation,Solar,2026-09-24T20:57:31Z
2026-09-24T20:56:21Z,2026-09-24T22:56:21+0200,dc914a0a-bbfd-4933-aa5a-9840c7a2aa48,2026-09-22T08:15:00Z,2026-09-22T10:15:00+0200,30230.04852,MW,DE,DE_LU,forecast_solar_generation,Solar,2026-09-24T20:57:31Z
2026-09-24T20:56:21Z,2026-09-24T22:56:21+0200,dc914a0a-bbfd-4933-aa5a-9840c7a2aa48,2026-09-22T08:30:00Z,2026-09-22T10:30:00+0200,32219.33285,MW,DE,DE_LU,forecast_solar_generation,Solar,2026-09-24T20:57:31Z
2026-09-24T20:56:21Z,2026-09-24T22:56:21+0200,dc914a0a-bbfd-4933-aa5a-9840c7a2aa48,2026-09-22T08:45:00Z,2026-09-22T10:45:00+0200,33979.01905,MW,DE,DE_LU,forecast_solar_generation,Solar,2026-09-24T20:57:31Z
2026-09-24T20:56:21Z,2026-09-24T22:56:21+0200,dc914a0a-bbfd-4933-aa5a-9840c7a2aa48,2026-09-22T09:00:00Z,2026-09-22T11:00:00+0200,35509.13884,MW,DE,DE_LU,forecast_solar_generation,Solar,2026-09-24T20:57:31Z
2026-09-24T20:56:21Z,2026-09-24T22:56:21+0200,dc914a0a-bbfd-4933-aa5a-9840c7a2aa48,2026-09-22T09:15:00Z,2026-09-22T11:15:00+0200,36822.67428,MW,DE,DE_LU,forecast_solar_generation,Solar,2026-09-24T20:57:31Z
2026-09-24T20:56:21Z,2026-09-24T22:56:21+0200,dc914a0a-bbfd-4933-aa5a-9840c7a2aa48,2026-09-22T09:30:00Z,2026-09-22T11:30:00+0200,37945.87613,MW,DE,DE_LU,forecast_solar_generation,Solar,2026-09-24T20:57:31Z
2026-09-24T20:56:21Z,2026-09-24T22:56:21+0200,dc914a0a-bbfd-4933-aa5a-9840c7a2aa48,2026-09-22T09:45:00Z,2026-09-22T11:45:00+0200,38857.10128,MW,DE,DE_LU,forecast_solar_generation,Solar,2026-09-24T20:57:31Z
2026-09-24T20:56:21Z,2026-09-24T22:56:21+0200,dc914a0a-bbfd-4933-aa5a-9840c7a2aa48,2026-09-22T10:00:00Z,2026-09-22T12:00:00+0200,39564.41052,MW,DE,DE_LU,forecast_solar_generation,Solar,2026-09-24T20:57:31Z
2026-09-24T20:56:21Z,2026-09-24T22:56:21+0200,dc914a0a-bbfd-4933-aa5a-9840c7a2aa48,2026-09-22T10:15:00Z,2026-09-22T12:15:00+0200,40095.98041,MW,DE,DE_LU,forecast_solar_generation,Solar,2026-09-24T20:57:31Z
2026-09-24T20:56:21Z,2026-09-24T22:56:21+0200,dc914a0a-bbfd-4933-aa5a-9840c7a2aa48,2026-09-22T10:30:00Z,2026-09-22T12:30:00+0200,40488.19713,MW,DE,DE_LU,forecast_solar_generation,Solar,2026-09-24T20:57:31Z
2026-09-24T20:56:21Z,2026-09-24T22:56:21+0200,dc914a0a-bbfd-4933-aa5a-9840c7a2aa48,2026-09-22T10:45:00Z,2026-09-22T12:45:00+0200,40762.10125,MW,DE,DE_LU,forecast_solar_generation,Solar,2026-09-24T20:57:31Z
2026-09-24T20:56:21Z,2026-09-24T22:56:21+0200,dc914a0a-bbfd-4933-aa5a-9840c7a2aa48,2026-09-22T11:00:00Z,2026-09-22T13:00:00+0200,40830.98125,MW,DE,DE_LU,forecast_solar_generation,Solar,2026-09-24T20:57:31Z
2026-09-24T20:56:21Z,2026-09-24T22:56:21+0200,dc914a0a-bbfd-4933-aa5a-9840c7a2aa48,2026-09-22T11:15:00Z,2026-09-22T13:15:00+0200,40710.63384,MW,DE,DE_LU,forecast_solar_generation,Solar,2026-09-24T20:57:31Z
2026-09-24T20:56:21Z,2026-09-24T22:56:21+0200,dc914a0a-bbfd-4933-aa5a-9840c7a2aa48,2026-09-22T11:30:00Z,2026-09-22T13:30:00+0200,40513.80158,MW,DE,DE_LU,forecast_solar_generation,Solar,2026-09-24T20:57:31Z
2026-09-24T20:56:21Z,2026-09-24T22:56:21+0200,dc914a0a-bbfd-4933-aa5a-9840c7a2aa48,2026-09-22T11:45:00Z,2026-09-22T13:45:00+0200,40134.26918,MW,DE,DE_LU,forecast_solar_generation,Solar,2026-09-24T20:57:31Z
2026-09-24T20:56:21Z,2026-09-24T22:56:21+0200,dc914a0a-bbfd-4933-aa5a-9840c7a2aa48,2026-09-22T12:00:00Z,2026-09-22T14:00:00+0200,39616.27543,MW,DE,DE_LU,forecast_solar_generation,Solar,2026-09-24T20:57:31Z
2026-09-24T20:56:21Z,2026-09-24T22:56:21+0200,dc914a0a-bbfd-4933-aa5a-9840c7a2aa48,2026-09-22T12:15:00Z,2026-09-22T14:15:00+0200,38913.74061,MW,DE,DE_LU,forecast_solar_generation,Solar,2026-09-24T20:57:31Z
2026-09-24T20:56:21Z,2026-09-24T22:56:21+0200,dc914a0a-bbfd-4933-aa5a-9840c7a2aa48,2026-09-22T12:30:00Z,2026-09-22T14:30:00+0200,38034.99559,MW,DE,DE_LU,forecast_solar_generation,Solar,2026-09-24T20:57:31Z
2026-09-24T20:56:21Z,2026-09-24T22:56:21+0200,dc914a0a-bbfd-4933-aa5a-9840c7a2aa48,2026-09-22T12:45:00Z,2026-09-22T14:45:00+0200,36959.95186,MW,DE,DE_LU,forecast_solar_generation,Solar,2026-09-24T20:57:31Z
2026-09-24T20:56:21Z,2026-09-24T22:56:21+0200,dc914a0a-bbfd-4933-aa5a-9840c7a2aa48,2026-09-22T13:00:00Z,2026-09-22T15:00:00+0200,35645.91194,MW,DE,DE_LU,forecast_solar_generation,Solar,2026-09-24T20:57:31Z
2026-09-24T20:56:21Z,2026-09-24T22:56:21+0200,dc914a0a-bbfd-4933-aa5a-9840c7a2aa48,2026-09-22T13:15:00Z,2026-09-22T15:15:00+0200,34103.85149,MW,DE,DE_LU,forecast_solar_generation,Solar,2026-09-24T20:57:31Z
2026-09-24T20:56:21Z,2026-09-24T22:56:21+0200,dc914a0a-bbfd-4933-aa5a-9840c7a2aa48,2026-09-22T13:30:00Z,2026-09-22T15:30:00+0200,32370.31434,MW,DE,DE_LU,forecast_solar_generation,Solar,2026-09-24T20:57:31Z
2026-09-24T20:56:21Z,2026-09-24T22:56:21+0200,dc914a0a-bbfd-4933-aa5a-9840c7a2aa48,2026-09-22T13:45:00Z,2026-09-22T15:45:00+0200,30374.74578,MW,DE,DE_LU,forecast_solar_generation,Solar,2026-09-24T20:57:31Z
2026-09-24T20:56:21Z,2026-09-24T22:56:21+0200,dc914a0a-bbfd-4933-aa5a-9840c7a2aa48,2026-09-22T14:00:00Z,2026-09-22T16:00:00+0200,28229.44417,MW,DE,DE_LU,forecast_solar_generation,Solar,2026-09-24T20:57:31Z
2026-09-24T20:56:21Z,2026-09-24T22:56:21+0200,dc914a0a-bbfd-4933-aa5a-9840c7a2aa48,2026-09-22T14:15:00Z,2026-09-22T16:15:00+0200,25890.57306,MW,DE,DE_LU,forecast_solar_generation,Solar,2026-09-24T20:57:31Z
2026-09-24T20:56:21Z,2026-09-24T22:56:21+0200,dc914a0a-bbfd-4933-aa5a-9840c7a2aa48,2026-09-22T14:30:00Z,2026-09-22T16:30:00+0200,23379.26344,MW,DE,DE_LU,forecast_solar_generation,Solar,2026-09-24T20:57:31Z
2026-09-24T20:56:21Z,2026-09-24T22:56:21+0200,dc914a0a-bbfd-4933-aa5a-9840c7a2aa48,2026-09-22T14:45:00Z,2026-09-22T16:45:00+0200,20773.94249,MW,DE,DE_LU,forecast_solar_generation,Solar,2026-09-24T20:57:31Z
2026-09-24T20:56:21Z,2026-09-24T22:56:21+0200,dc914a0a-bbfd-4933-aa5a-9840c7a2aa48,2026-09-22T15:00:00Z,2026-09-22T17:00:00+0200,17975.5123,MW,DE,DE_LU,forecast_solar_generation,Solar,2026-09-24T20:57:31Z
2026-09-24T20:56:21Z,2026-09-24T22:56:21+0200,dc914a0a-bbfd-4933-aa5a-9840c7a2aa48,2026-09-22T15:15:00Z,2026-09-22T17:15:00+0200,15063.87001,MW,DE,DE_LU,forecast_solar_generation,Solar,2026-09-24T20:57:31Z
2026-09-24T20:56:21Z,2026-09-24T22:56:21+0200,dc914a0a-bbfd-4933-aa5a-9840c7a2aa48,2026-09-22T15:30:00Z,2026-09-22T17:30:00+0200,12140.63948,MW,DE,DE_LU,forecast_solar_generation,Solar,2026-09-24T20:57:31Z
2026-09-24T20:56:21Z,2026-09-24T22:56:21+0200,dc914a0a-bbfd-4933-aa5a-9840c7a2aa48,2026-09-22T15:45:00Z,2026-09-22T17:45:00+0200,9340.41167,MW,DE,DE_LU,forecast_solar_generation,Solar,2026-09-24T20:57:31Z
2026-09-24T20:56:21Z,2026-09-24T22:56:21+0200,dc914a0a-bbfd-4933-aa5a-9840c7a2aa48,2026-09-22T16:00:00Z,2026-09-22T18:00:00+0200,6748.7086,MW,DE,DE_LU,forecast_solar_generation,Solar,2026-09-24T20:57:31Z
2026-09-24T20:56:21Z,2026-09-24T22:56:21+0200,dc914a0a-bbfd-4933-aa5a-9840c7a2aa48,2026-09-22T16:15:00Z,2026-09-22T18:15:00+0200,4465.47867,MW,DE,DE_LU,forecast_solar_generation,Solar,2026-09-24T20:57:31Z
2026-09-24T20:56:21Z,2026-09-24T22:56:21+0200,dc914a0a-bbfd-4933-aa5a-9840c7a2aa48,2026-09-22T16:30:00Z,2026-09-22T18:30:00+0200,2591.82756,MW,DE,DE_LU,forecast_solar_generation,Solar,2026-09-24T20:57:31Z
2026-09-24T20:56:21Z,2026-09-24T22:56:21+0200,dc914a0a-bbfd-4933-aa5a-9840c7a2aa48,2026-09-22T16:45:00Z,2026-09-22T18:45:00+0200,1175.0821,MW,DE,DE_LU,forecast_solar_generation,Solar,2026-09-24T20:57:31Z
2026-09-24T20:56:21Z,2026-09-24T22:56:21+0200,dc914a0a-bbfd-4933-aa5a-9840c7a2aa48,2026-09-22T17:00:00Z,2026-09-22T19:00:00+0200,356.73334,MW,DE,DE_LU,forecast_solar_generation,Solar,2026-09-24T20:57:31Z
2026-09-24T20:56:21Z,2026-09-24T22:56:21+0200,dc914a0a-bbfd-4933-aa5a-9840c7a2aa48,2026-09-22T17:15:00Z,2026-09-22T19:15:00+0200,92.73202,MW,DE,DE_LU,forecast_solar_generation,Solar,2026-09-24T20:57:31Z
2026-09-24T20:56:21Z,2026-09-24T22:56:21+0200,dc914a0a-bbfd-4933-aa5a-9840c7a2aa48,2026-09-22T17:30:00Z,2026-09-22T19:30:00+0200,32.26349,MW,DE,DE_LU,forecast_solar_generation,Solar,2026-09-24T20:57:31Z
2026-09-24T20:56:21Z,2026-09-24T22:56:21+0200,dc914a0a-bbfd-4933-aa5a-9840c7a2aa48,2026-09-22T17:45:00Z,2026-09-22T19:45:00+0200,1.37305,MW,DE,DE_LU,forecast_solar_generation,Solar,2026-09-24T20:57:31Z
2026-09-24T20:56:21Z,2026-09-24T22:56:21+0200,dc914a0a-bbfd-4933-aa5a-9840c7a2aa48,2026-09-22T18:00:00Z,2026-09-22T20:00:00+0200,0.0,MW,DE,DE_LU,forecast_solar_generation,Solar,2026-09-24T20:57:31Z
2026-09-24T20:56:21Z,2026-09-24T22:56:21+0200,dc914a0a-bbfd-4933-aa5a-9840c7a2aa48,2026-09-22T18:15:00Z,2026-09-22T20:15:00+0200,0.0,MW,DE,DE_LU,forecast_solar_generation,Solar,2026-09-24T20:57:31Z
2026-09-24T20:56:21Z,2026-09-24T22:56:21+0200,dc914a0a-bbfd-4933-aa5a-9840c7a2aa48,2026-09-22T18:30:00Z,2026-09-22T20:30:00+0200,0.0,MW,DE,DE_LU,forecast_solar_generation,Solar,2026-09-24T20:57:31Z
2026-09-24T20:56:21Z,2026-09-24T22:56:21+0200,dc914a0a-bbfd-4933-aa5a-9840c7a2aa48,2026-09-22T18:45:00Z,2026-09-22T20:45:00+0200,0.0,MW,DE,DE_LU,forecast_solar_generation,Solar,2026-09-24T20:57:31Z
2026-09-24T20:56:21Z,2026-09-24T22:56:21+0200,dc914a0a-bbfd-4933-aa5a-9840c7a2aa48,2026-09-22T19:00:00Z,2026-09-22T21:00:00+0200,0.0,MW,DE,DE_LU,forecast_solar_generation,Solar,2026-09-24T20:57:31Z
2026-09-24T20:56:21Z,2026-09-24T22:56:21+0200,dc914a0a-bbfd-4933-aa5a-9840c7a2aa48,2026-09-22T19:15:00Z,2026-09-22T21:15:00+0200,0.0,MW,DE,DE_LU,forecast_solar_generation,Solar,2026-09-24T20:57:31Z
2026-09-24T20:56:21Z,2026-09-24T22:56:21+0200,dc914a0a-bbfd-4933-aa5a-9840c7a2aa48,2026-09-22T19:30:00Z,2026-09-22T21:30:00+0200,0.0,MW,DE,DE_LU,forecast_solar_generation,Solar,2026-09-24T20:57:31Z
2026-09-24T20:56:21Z,2026-09-24T22:56:21+0200,dc914a0a-bbfd-4933-aa5a-9840c7a2aa48,2026-09-22T19:45:00Z,2026-09-22T21:45:00+0200,0.0,MW,DE,DE_LU,forecast_solar_generation,Solar,2026-09-24T20:57:31Z
2026-09-24T20:56:21Z,2026-09-24T22:56:21+0200,dc914a0a-bbfd-4933-aa5a-9840c7a2aa48,2026-09-22T20:00:00Z,2026-09-22T22:00:00+0200,0.0,MW,DE,DE_LU,forecast_solar_generation,Solar,2026-09-24T20:57:31Z
2026-09-24T20:56:21Z,2026-09-24T22:56:21+0200,dc914a0a-bbfd-4933-aa5a-9840c7a2aa48,2026-09-22T20:15:00Z,2026-09-22T22:15:00+0200,0.0,MW,DE,DE_LU,forecast_solar_generation,Solar,2026-09-24T20:57:31Z
2026-09-24T20:56:21Z,2026-09-24T22:56:21+0200,dc914a0a-bbfd-4933-aa5a-9840c7a2aa48,2026-09-22T20:30:00Z,2026-09-22T22:30:00+0200,0.0,MW,DE,DE_LU,forecast_solar_generation,Solar,2026-09-24T20:57:31Z
2026-09-24T20:56:21Z,2026-09-24T22:56:21+0200,dc914a0a-bbfd-4933-aa5a-9840c7a2aa48,2026-09-22T20:45:00Z,2026-09-22T22:45:00+0200,0.0,MW,DE,DE_LU,forecast_solar_generation,Solar,2026-09-24T20:57:31Z
2026-09-24T20:56:21Z,2026-09-24T22:56:21+0200,dc914a0a-bbfd-4933-aa5a-9840c7a2aa48,2026-09-22T21:00:00Z,2026-09-22T23:00:00+0200,0.0,MW,DE,DE_LU,forecast_solar_generation,Solar,2026-09-24T20:57:31Z
2026-09-24T20:56:21Z,2026-09-24T22:56:21+0200,dc914a0a-bbfd-4933-aa5a-9840c7a2aa48,2026-09-22T21:15:00Z,2026-09-22T23:15:00+0200,0.0,MW,DE,DE_LU,forecast_solar_generation,Solar,2026-09-24T20:57:31Z
2026-09-24T20:56:21Z,2026-09-24T22:56:21+0200,dc914a0a-bbfd-4933-aa5a-9840c7a2aa48,2026-09-22T21:30:00Z,2026-09-22T23:30:00+0200,0.0,MW,DE,DE_LU,forecast_solar_generation,Solar,2026-09-24T20:57:31Z
2026-09-24T20:56:21Z,2026-09-24T22:56:21+0200,dc914a0a-bbfd-4933-aa5a-9840c7a2aa48,2026-09-22T21:45:00Z,2026-09-22T23:45:00+0200,0.0,MW,DE,DE_LU,forecast_solar_generation,Solar,2026-09-24T20:57:31Z
2026-09-24T20:56:21Z,2026-09-24T22:56:21+0200,dc914a0a-bbfd-4933-aa5a-9840c7a2aa48,2026-09-22T22:00:00Z,2026-09-23T00:00:00+0200,0.0,MW,DE,DE_LU,forecast_solar_generation,Solar,2026-09-24T20:57:31Z
2026-09-24T20:56:21Z,2026-09-24T22:56:21+0200,dc914a0a-bbfd-4933-aa5a-9840c7a2aa48,2026-09-22T22:15:00Z,2026-09-23T00:15:00+0200,0.0,MW,DE,DE_LU,forecast_solar_generation,Solar,2026-09-24T20:57:31Z
2026-09-24T20:56:21Z,2026-09-24T22:56:21+0200,dc914a0a-bbfd-4933-aa5a-9840c7a2aa48,2026-09-22T22:30:00Z,2026-09-23T00:30:00+0200,0.0,MW,DE,DE_LU,forecast_solar_generation,Solar,2026-09-24T20:57:31Z
2026-09-24T20:56:21Z,2026-09-24T22:56:21+0200,dc914a0a-bbfd-4933-aa5a-9840c7a2aa48,2026-09-22T22:45:00Z,2026-09-23T00:45:00+0200,0.0,MW,DE,DE_LU,forecast_solar_generation,Solar,2026-09-24T20:57:31Z
2026-09-24T20:56:21Z,2026-09-24T22:56:21+0200,dc914a0a-bbfd-4933-aa5a-9840c7a2aa48,2026-09-22T23:00:00Z,2026-09-23T01:00:00+0200,0.0,MW,DE,DE_LU,forecast_solar_generation,Solar,2026-09-24T20:57:31Z
2026-09-24T20:56:21Z,2026-09-24T22:56:21+0200,dc914a0a-bbfd-4933-aa5a-9840c7a2aa48,2026-09-22T23:15:00Z,2026-09-23T01:15:00+0200,0.0,MW,DE,DE_LU,forecast_solar_generation,Solar,2026-09-24T20:57:31Z
2026-09-24T20:56:21Z,2026-09-24T22:56:21+0200,dc914a0a-bbfd-4933-aa5a-9840c7a2aa48,2026-09-22T23:30:00Z,2026-09-23T01:30:00+0200,0.0,MW,DE,DE_LU,forecast_solar_generation,Solar,2026-09-24T20:57:31Z
2026-09-24T20:56:21Z,2026-09-24T22:56:21+0200,dc914a0a-bbfd-4933-aa5a-9840c7a2aa48,2026-09-22T23:45:00Z,2026-09-23T01:45:00+0200,0.0,MW,DE,DE_LU,forecast_solar_generation,Solar,2026-09-24T20:57:31Z
2026-09-24T20:56:21Z,2026-09-24T22:56:21+0200,dc914a0a-bbfd-4933-aa5a-9840c7a2aa48,2026-09-23T00:00:00Z,2026-09-23T02:00:00+0200,0.0,MW,DE,DE_LU,forecast_solar_generation,Solar,2026-09-24T20:57:31Z
2026-09-24T20:56:21Z,2026-09-24T22:56:21+0200,dc914a0a-bbfd-4933-aa5a-9840c7a2aa48,2026-09-23T00:15:00Z,2026-09-23T02:15:00+0200,0.0,MW,DE,DE_LU,forecast_solar_generation,Solar,2026-09-24T20:57:31Z
2026-09-24T20:56:21Z,2026-09-24T22:56:21+0200,dc914a0a-bbfd-4933-aa5a-9840c7a2aa48,2026-09-23T00:30:00Z,2026-09-23T02:30:00+0200,0.0,MW,DE,DE_LU,forecast_solar_generation,Solar,2026-09-24T20:57:31Z
2026-09-24T20:56:21Z,2026-09-24T22:56:21+0200,dc914a0a-bbfd-4933-aa5a-9840c7a2aa48,2026-09-23T00:45:00Z,2026-09-23T02:45:00+0200,0.0,MW,DE,DE_LU,forecast_solar_generation,Solar,2026-09-24T20:57:31Z
2026-09-24T20:56:21Z,2026-09-24T22:56:21+0200,dc914a0a-bbfd-4933-aa5a-9840c7a2aa48,2026-09-23T01:00:00Z,2026-09-23T03:00:00+0200,0.0,MW,DE,DE_LU,forecast_solar_generation,Solar,2026-09-24T20:57:31Z
2026-09-24T20:56:21Z,2026-09-24T22:56:21+0200,dc914a0a-bbfd-4933-aa5a-9840c7a2aa48,2026-09-23T01:15:00Z,2026-09-23T03:15:00+0200,0.0,MW,DE,DE_LU,forecast_solar_generation,Solar,2026-09-24T20:57:31Z
2026-09-24T20:56:21Z,2026-09-24T22:56:21+0200,dc914a0a-bbfd-4933-aa5a-9840c7a2aa48,2026-09-23T01:30:00Z,2026-09-23T03:30:00+0200,0.0,MW,DE,DE_LU,forecast_solar_generation,Solar,2026-09-24T20:57:31Z
2026-09-24T20:56:21Z,2026-09-24T22:56:21+0200,dc914a0a-bbfd-4933-aa5a-9840c7a2aa48,2026-09-23T01:45:00Z,2026-09-23T03:45:00+0200,0.0,MW,DE,DE_LU,forecast_solar_generation,Solar,2026-09-24T20:57:31Z
2026-09-24T20:56:21Z,2026-09-24T22:56:21+0200,dc914a0a-bbfd-4933-aa5a-9840c7a2aa48,2026-09-23T02:00:00Z,2026-09-23T04:00:00+0200,0.0,MW,DE,DE_LU,forecast_solar_generation,Solar,2026-09-24T20:57:31Z
2026-09-24T20:56:21Z,2026-09-24T22:56:21+0200,dc914a0a-bbfd-4933-aa5a-9840c7a2aa48,2026-09-23T02:15:00Z,2026-09-23T04:15:00+0200,0.0,MW,DE,DE_LU,forecast_solar_generation,Solar,2026-09-24T20:57:31Z
2026-09-24T20:56:21Z,2026-09-24T22:56:21+0200,dc914a0a-bbfd-4933-aa5a-9840c7a2aa48,2026-09-23T02:30:00Z,2026-09-23T04:30:00+0200,0.0,MW,DE,DE_LU,forecast_solar_generation,Solar,2026-09-24T20:57:31Z
2026-09-24T20:56:21Z,2026-09-24T22:56:21+0200,dc914a0a-bbfd-4933-aa5a-9840c7a2aa48,2026-09-23T02:45:00Z,2026-09-23T04:45:00+0200,0.0,MW,DE,DE_LU,forecast_solar_generation,Solar,2026-09-24T20:57:31Z
2026-09-24T20:56:21Z,2026-09-24T22:56:21+0200,dc914a0a-bbfd-4933-aa5a-9840c7a2aa48,2026-09-23T03:00:00Z,2026-09-23T05:00:00+0200,0.0,MW,DE,DE_LU,forecast_solar_generation,Solar,2026-09-24T20:57:31Z
2026-09-24T20:56:21Z,2026-09-24T22:56:21+0200,dc914a0a-bbfd-4933-aa5a-9840c7a2aa48,2026-09-23T03:15:00Z,2026-09-23T05:15:00+0200,0.0,MW,DE,DE_LU,forecast_solar_generation,Solar,2026-09-24T20:57:31Z
2026-09-24T20:56:21Z,2026-09-24T22:56:21+0200,dc914a0a-bbfd-4933-aa5a-9840c7a2aa48,2026-09-23T03:30:00Z,2026-09-23T05:30:00+0200,0.0,MW,DE,DE_LU,forecast_solar_generation,Solar,2026-09-24T20:57:31Z
2026-09-24T20:56:21Z,2026-09-24T22:56:21+0200,dc914a0a-bbfd-4933-aa5a-9840c7a2aa48,2026-09-23T03:45:00Z,2026-09-23T05:45:00+0200,0.0,MW,DE,DE_LU,forecast_solar_generation,Solar,2026-09-24T20:57:31Z
2026-09-24T20:56:21Z,2026-09-24T22:56:21+0200,dc914a0a-bbfd-4933-aa5a-9840c7a2aa48,2026-09-23T04:00:00Z,2026-09-23T06:00:00+0200,0.0,MW,DE,DE_LU,forecast_solar_generation,Solar,2026-09-24T20:57:31Z
2026-09-24T20:56:21Z,2026-09-24T22:56:21+0200,dc914a0a-bbfd-4933-aa5a-9840c7a2aa48,2026-09-23T04:15:00Z,2026-09-23T06:15:00+0200,0.0,MW,DE,DE_LU,forecast_solar_generation,Solar,2026-09-24T20:57:31Z
2026-09-24T20:56:21Z,2026-09-24T22:56:21+0200,dc914a0a-bbfd-4933-aa5a-9840c7a2aa48,2026-09-23T04:30:00Z,2026-09-23T06:30:00+0200,0.0,MW,DE,DE_LU,forecast_solar_generation,Solar,2026-09-24T20:57:31Z
2026-09-24T20:56:21Z,2026-09-24T22:56:21+0200,dc914a0a-bbfd-4933-aa5a-9840c7a2aa48,2026-09-23T04:45:00Z,2026-09-23T06:45:00+0200,6.369,MW,DE,DE_LU,forecast_solar_generation,Solar,2026-09-24T20:57:31Z
2026-09-24T20:56:21Z,2026-09-24T22:56:21+0200,dc914a0a-bbfd-4933-aa5a-9840c7a2aa48,2026-09-23T05:00:00Z,2026-09-23T07:00:00+0200,312.11427,MW,DE,DE_LU,forecast_solar_generation,Solar,2026-09-24T20:57:31Z
2026-09-24T20:56:21Z,2026-09-24T22:56:21+0200,dc914a0a-bbfd-4933-aa5a-9840c7a2aa48,2026-09-23T05:15:00Z,2026-09-23T07:15:00+0200,1177.57359,MW,DE,DE_LU,forecast_solar_generation,Solar,2026-09-24T20:57:31Z
2026-09-24T20:56:21Z,2026-09-24T22:56:21+0200,dc914a0a-bbfd-4933-aa5a-9840c7a2aa48,2026-09-23T05:30:00Z,2026-09-23T07:30:00+0200,2670.05595,MW,DE,DE_LU,forecast_solar_generation,Solar,2026-09-24T20:57:31Z
2026-09-24T20:56:21Z,2026-09-24T22:56:21+0200,dc914a0a-bbfd-4933-aa5a-9840c7a2aa48,2026-09-23T05:45:00Z,2026-09-23T07:45:00+0200,4751.47006,MW,DE,DE_LU,forecast_solar_generation,Solar,2026-09-24T20:57:31Z
2026-09-24T20:56:21Z,2026-09-24T22:56:21+0200,dc914a0a-bbfd-4933-aa5a-9840c7a2aa48,2026-09-23T06:00:00Z,2026-09-23T08:00:00+0200,7406.07337,MW,DE,DE_LU,forecast_solar_generation,Solar,2026-09-24T20:57:31Z
2026-09-24T20:56:21Z,2026-09-24T22:56:21+0200,dc914a0a-bbfd-4933-aa5a-9840c7a2aa48,2026-09-23T06:15:00Z,2026-09-23T08:15:00+0200,10457.6123,MW,DE,DE_LU,forecast_solar_generation,Solar,2026-09-24T20:57:31Z
2026-09-24T20:56:21Z,2026-09-24T22:56:21+0200,dc914a0a-bbfd-4933-aa5a-9840c7a2aa48,2026-09-23T06:30:00Z,2026-09-23T08:30:00+0200,13838.26017,MW,DE,DE_LU,forecast_solar_generation,Solar,2026-09-24T20:57:31Z
2026-09-24T20:56:21Z,2026-09-24T22:56:21+0200,dc914a0a-bbfd-4933-aa5a-9840c7a2aa48,2026-09-23T06:45:00Z,2026-09-23T08:45:00+0200,17316.84495,MW,DE,DE_LU,forecast_solar_generation,Solar,2026-09-24T20:57:31Z
2026-09-24T20:56:21Z,2026-09-24T22:56:21+0200,dc914a0a-bbfd-4933-aa5a-9840c7a2aa48,2026-09-23T07:00:00Z,2026-09-23T09:00:00+0200,20823.66911,MW,DE,DE_LU,forecast_solar_generation,Solar,2026-09-24T20:57:31Z
2026-09-24T20:56:21Z,2026-09-24T22:56:21+0200,dc914a0a-bbfd-4933-aa5a-9840c7a2aa48,2026-09-23T07:15:00Z,2026-09-23T09:15:00+0200,24308.96782,MW,DE,DE_LU,forecast_solar_generation,Solar,2026-09-24T20:57:31Z
2026-09-24T20:56:21Z,2026-09-24T22:56:21+0200,dc914a0a-bbfd-4933-aa5a-9840c7a2aa48,2026-09-23T07:30:00Z,2026-09-23T09:30:00+0200,27662.27288,MW,DE,DE_LU,forecast_solar_generation,Solar,2026-09-24T20:57:31Z
2026-09-24T20:56:21Z,2026-09-24T22:56:21+0200,dc914a0a-bbfd-4933-aa5a-9840c7a2aa48,2026-09-23T07:45:00Z,2026-09-23T09:45:00+0200,30774.23319,MW,DE,DE_LU,forecast_solar_generation,Solar,2026-09-24T20:57:31Z
2026-09-24T20:56:21Z,2026-09-24T22:56:21+0200,dc914a0a-bbfd-4933-aa5a-9840c7a2aa48,2026-09-23T08:00:00Z,2026-09-23T10:00:00+0200,33632.42326,MW,DE,DE_LU,forecast_solar_generation,Solar,2026-09-24T20:57:31Z
2026-09-24T20:56:21Z,2026-09-24T22:56:21+0200,dc914a0a-bbfd-4933-aa5a-9840c7a2aa48,2026-09-23T08:15:00Z,2026-09-23T10:15:00+0200,36250.63391,MW,DE,DE_LU,forecast_solar_generation,Solar,2026-09-24T20:57:31Z
2026-09-24T20:56:21Z,2026-09-24T22:56:21+0200,dc914a0a-bbfd-4933-aa5a-9840c7a2aa48,2026-09-23T08:30:00Z,2026-09-23T10:30:00+0200,38608.28475,MW,DE,DE_LU,forecast_solar_generation,Solar,2026-09-24T20:57:31Z
2026-09-24T20:56:21Z,2026-09-24T22:56:21+0200,dc914a0a-bbfd-4933-aa5a-9840c7a2aa48,2026-09-23T08:45:00Z,2026-09-23T10:45:00+0200,40731.15463,MW,DE,DE_LU,forecast_solar_generation,Solar,2026-09-24T20:57:31Z
2026-09-24T20:56:21Z,2026-09-24T22:56:21+0200,dc914a0a-bbfd-4933-aa5a-9840c7a2aa48,2026-09-23T09:00:00Z,2026-09-23T11:00:00+0200,42578.4256,MW,DE,DE_LU,forecast_solar_generation,Solar,2026-09-24T20:57:31Z
2026-09-24T20:56:21Z,2026-09-24T22:56:21+0200,dc914a0a-bbfd-4933-aa5a-9840c7a2aa48,2026-09-23T09:15:00Z,2026-09-23T11:15:00+0200,44163.31728,MW,DE,DE_LU,forecast_solar_generation,Solar,2026-09-24T20:57:31Z
2026-09-24T20:56:21Z,2026-09-24T22:56:21+0200,dc914a0a-bbfd-4933-aa5a-9840c7a2aa48,2026-09-23T09:30:00Z,2026-09-23T11:30:00+0200,45482.89831,MW,DE,DE_LU,forecast_solar_generation,Solar,2026-09-24T20:57:31Z
2026-09-24T20:56:21Z,2026-09-24T22:56:21+0200,dc914a0a-bbfd-4933-aa5a-9840c7a2aa48,2026-09-23T09:45:00Z,2026-09-23T11:45:00+0200,46549.91312,MW,DE,DE_LU,forecast_solar_generation,Solar,2026-09-24T20:57:31Z
2026-09-24T20:56:21Z,2026-09-24T22:56:21+0200,dc914a0a-bbfd-4933-aa5a-9840c7a2aa48,2026-09-23T10:00:00Z,2026-09-23T12:00:00+0200,47386.62575,MW,DE,DE_LU,forecast_solar_generation,Solar,2026-09-24T20:57:31Z
2026-09-24T20:56:21Z,2026-09-24T22:56:21+0200,dc914a0a-bbfd-4933-aa5a-9840c7a2aa48,2026-09-23T10:15:00Z,2026-09-23T12:15:00+0200,48000.14468,MW,DE,DE_LU,forecast_solar_generation,Solar,2026-09-24T20:57:31Z
2026-09-24T20:56:21Z,2026-09-24T22:56:21+0200,dc914a0a-bbfd-4933-aa5a-9840c7a2aa48,2026-09-23T10:30:00Z,2026-09-23T12:30:00+0200,48427.29402,MW,DE,DE_LU,forecast_solar_generation,Solar,2026-09-24T20:57:31Z
2026-09-24T20:56:21Z,2026-09-24T22:56:21+0200,dc914a0a-bbfd-4933-aa5a-9840c7a2aa48,2026-09-23T10:45:00Z,2026-09-23T12:45:00+0200,48667.90498,MW,DE,DE_LU,forecast_solar_generation,Solar,2026-09-24T20:57:31Z
2026-09-24T20:56:21Z,2026-09-24T22:56:21+0200,dc914a0a-bbfd-4933-aa5a-9840c7a2aa48,2026-09-23T11:00:00Z,2026-09-23T13:00:00+0200,48689.61718,MW,DE,DE_LU,forecast_solar_generation,Solar,2026-09-24T20:57:31Z
2026-09-24T20:56:21Z,2026-09-24T22:56:21+0200,dc914a0a-bbfd-4933-aa5a-9840c7a2aa48,2026-09-23T11:15:00Z,2026-09-23T13:15:00+0200,48492.49552,MW,DE,DE_LU,forecast_solar_generation,Solar,2026-09-24T20:57:31Z
2026-09-24T20:56:21Z,2026-09-24T22:56:21+0200,dc914a0a-bbfd-4933-aa5a-9840c7a2aa48,2026-09-23T11:30:00Z,2026-09-23T13:30:00+0200,48115.96602,MW,DE,DE_LU,forecast_solar_generation,Solar,2026-09-24T20:57:31Z
2026-09-24T20:56:21Z,2026-09-24T22:56:21+0200,dc914a0a-bbfd-4933-aa5a-9840c7a2aa48,2026-09-23T11:45:00Z,2026-09-23T13:45:00+0200,47532.45839,MW,DE,DE_LU,forecast_solar_generation,Solar,2026-09-24T20:57:31Z
2026-09-24T20:56:21Z,2026-09-24T22:56:21+0200,dc914a0a-bbfd-4933-aa5a-9840c7a2aa48,2026-09-23T12:00:00Z,2026-09-23T14:00:00+0200,46719.42327,MW,DE,DE_LU,forecast_solar_generation,Solar,2026-09-24T20:57:31Z
2026-09-24T20:56:21Z,2026-09-24T22:56:21+0200,dc914a0a-bbfd-4933-aa5a-9840c7a2aa48,2026-09-23T12:15:00Z,2026-09-23T14:15:00+0200,45657.59026,MW,DE,DE_LU,forecast_solar_generation,Solar,2026-09-24T20:57:31Z
2026-09-24T20:56:21Z,2026-09-24T22:56:21+0200,dc914a0a-bbfd-4933-aa5a-9840c7a2aa48,2026-09-23T12:30:00Z,2026-09-23T14:30:00+0200,44379.73925,MW,DE,DE_LU,forecast_solar_generation,Solar,2026-09-24T20:57:31Z
2026-09-24T20:56:21Z,2026-09-24T22:56:21+0200,dc914a0a-bbfd-4933-aa5a-9840c7a2aa48,2026-09-23T12:45:00Z,2026-09-23T14:45:00+0200,42906.04884,MW,DE,DE_LU,forecast_solar_generation,Solar,2026-09-24T20:57:31Z
2026-09-24T20:56:21Z,2026-09-24T22:56:21+0200,dc914a0a-bbfd-4933-aa5a-9840c7a2aa48,2026-09-23T13:00:00Z,2026-09-23T15:00:00+0200,41154.13736,MW,DE,DE_LU,forecast_solar_generation,Solar,2026-09-24T20:57:31Z
2026-09-24T20:56:21Z,2026-09-24T22:56:21+0200,dc914a0a-bbfd-4933-aa5a-9840c7a2aa48,2026-09-23T13:15:00Z,2026-09-23T15:15:00+0200,39149.30037,MW,DE,DE_LU,forecast_solar_generation,Solar,2026-09-24T20:57:31Z
2026-09-24T20:56:21Z,2026-09-24T22:56:21+0200,dc914a0a-bbfd-4933-aa5a-9840c7a2aa48,2026-09-23T13:30:00Z,2026-09-23T15:30:00+0200,36931.63051,MW,DE,DE_LU,forecast_solar_generation,Solar,2026-09-24T20:57:31Z
2026-09-24T20:56:21Z,2026-09-24T22:56:21+0200,dc914a0a-bbfd-4933-aa5a-9840c7a2aa48,2026-09-23T13:45:00Z,2026-09-23T15:45:00+0200,34447.13641,MW,DE,DE_LU,forecast_solar_generation,Solar,2026-09-24T20:57:31Z
2026-09-24T20:56:21Z,2026-09-24T22:56:21+0200,dc914a0a-bbfd-4933-aa5a-9840c7a2aa48,2026-09-23T14:00:00Z,2026-09-23T16:00:00+0200,31810.11968,MW,DE,DE_LU,forecast_solar_generation,Solar,2026-09-24T20:57:31Z
2026-09-24T20:56:21Z,2026-09-24T22:56:21+0200,dc914a0a-bbfd-4933-aa5a-9840c7a2aa48,2026-09-23T14:15:00Z,2026-09-23T16:15:00+0200,28960.55733,MW,DE,DE_LU,forecast_solar_generation,Solar,2026-09-24T20:57:31Z
2026-09-24T20:56:21Z,2026-09-24T22:56:21+0200,dc914a0a-bbfd-4933-aa5a-9840c7a2aa48,2026-09-23T14:30:00Z,2026-09-23T16:30:00+0200,25950.17956,MW,DE,DE_LU,forecast_solar_generation,Solar,2026-09-24T20:57:31Z
2026-09-24T20:56:21Z,2026-09-24T22:56:21+0200,dc914a0a-bbfd-4933-aa5a-9840c7a2aa48,2026-09-23T14:45:00Z,2026-09-23T16:45:00+0200,22766.2477,MW,DE,DE_LU,forecast_solar_generation,Solar,2026-09-24T20:57:31Z
2026-09-24T20:56:21Z,2026-09-24T22:56:21+0200,dc914a0a-bbfd-4933-aa5a-9840c7a2aa48,2026-09-23T15:00:00Z,2026-09-23T17:00:00+0200,19442.94073,MW,DE,DE_LU,forecast_solar_generation,Solar,2026-09-24T20:57:31Z
2026-09-24T20:56:21Z,2026-09-24T22:56:21+0200,dc914a0a-bbfd-4933-aa5a-9840c7a2aa48,2026-09-23T15:15:00Z,2026-09-23T17:15:00+0200,16040.77408,MW,DE,DE_LU,forecast_solar_generation,Solar,2026-09-24T20:57:31Z
2026-09-24T20:56:21Z,2026-09-24T22:56:21+0200,dc914a0a-bbfd-4933-aa5a-9840c7a2aa48,2026-09-23T15:30:00Z,2026-09-23T17:30:00+0200,12733.39395,MW,DE,DE_LU,forecast_solar_generation,Solar,2026-09-24T20:57:31Z
2026-09-24T20:56:21Z,2026-09-24T22:56:21+0200,dc914a0a-bbfd-4933-aa5a-9840c7a2aa48,2026-09-23T15:45:00Z,2026-09-23T17:45:00+0200,9627.38355,MW,DE,DE_LU,forecast_solar_generation,Solar,2026-09-24T20:57:31Z
2026-09-24T20:56:21Z,2026-09-24T22:56:21+0200,dc914a0a-bbfd-4933-aa5a-9840c7a2aa48,2026-09-23T16:00:00Z,2026-09-23T18:00:00+0200,6852.70414,MW,DE,DE_LU,forecast_solar_generation,Solar,2026-09-24T20:57:31Z
2026-09-24T20:56:21Z,2026-09-24T22:56:21+0200,dc914a0a-bbfd-4933-aa5a-9840c7a2aa48,2026-09-23T16:15:00Z,2026-09-23T18:15:00+0200,4449.33218,MW,DE,DE_LU,forecast_solar_generation,Solar,2026-09-24T20:57:31Z
2026-09-24T20:56:21Z,2026-09-24T22:56:21+0200,dc914a0a-bbfd-4933-aa5a-9840c7a2aa48,2026-09-23T16:30:00Z,2026-09-23T18:30:00+0200,2508.27705,MW,DE,DE_LU,forecast_solar_generation,Solar,2026-09-24T20:57:31Z
2026-09-24T20:56:21Z,2026-09-24T22:56:21+0200,dc914a0a-bbfd-4933-aa5a-9840c7a2aa48,2026-09-23T16:45:00Z,2026-09-23T18:45:00+0200,1087.56197,MW,DE,DE_LU,forecast_solar_generation,Solar,2026-09-24T20:57:31Z
2026-09-24T20:56:21Z,2026-09-24T22:56:21+0200,dc914a0a-bbfd-4933-aa5a-9840c7a2aa48,2026-09-23T17:00:00Z,2026-09-23T19:00:00+0200,303.3838,MW,DE,DE_LU,forecast_solar_generation,Solar,2026-09-24T20:57:31Z
2026-09-24T20:56:21Z,2026-09-24T22:56:21+0200,dc914a0a-bbfd-4933-aa5a-9840c7a2aa48,2026-09-23T17:15:00Z,2026-09-23T19:15:00+0200,74.15622,MW,DE,DE_LU,forecast_solar_generation,Solar,2026-09-24T20:57:31Z
2026-09-24T20:56:21Z,2026-09-24T22:56:21+0200,dc914a0a-bbfd-4933-aa5a-9840c7a2aa48,2026-09-23T17:30:00Z,2026-09-23T19:30:00+0200,17.27199,MW,DE,DE_LU,forecast_solar_generation,Solar,2026-09-24T20:57:31Z
2026-09-24T20:56:21Z,2026-09-24T22:56:21+0200,dc914a0a-bbfd-4933-aa5a-9840c7a2aa48,2026-09-23T17:45:00Z,2026-09-23T19:45:00+0200,0.0,MW,DE,DE_LU,forecast_solar_generation,Solar,2026-09-24T20:57:31Z
2026-09-24T20:56:21Z,2026-09-24T22:56:21+0200,dc914a0a-bbfd-4933-aa5a-9840c7a2aa48,2026-09-23T18:00:00Z,2026-09-23T20:00:00+0200,0.0,MW,DE,DE_LU,forecast_solar_generation,Solar,2026-09-24T20:57:31Z
2026-09-24T20:56:21Z,2026-09-24T22:56:21+0200,dc914a0a-bbfd-4933-aa5a-9840c7a2aa48,2026-09-23T18:15:00Z,2026-09-23T20:15:00+0200,0.0,MW,DE,DE_LU,forecast_solar_generation,Solar,2026-09-24T20:57:31Z
2026-09-24T20:56:21Z,2026-09-24T22:56:21+0200,dc914a0a-bbfd-4933-aa5a-9840c7a2aa48,2026-09-23T18:30:00Z,2026-09-23T20:30:00+0200,0.0,MW,DE,DE_LU,forecast_solar_generation,Solar,2026-09-24T20:57:31Z
2026-09-24T20:56:21Z,2026-09-24T22:56:21+0200,dc914a0a-bbfd-4933-aa5a-9840c7a2aa48,2026-09-23T18:45:00Z,2026-09-23T20:45:00+0200,0.0,MW,DE,DE_LU,forecast_solar_generation,Solar,2026-09-24T20:57:31Z
2026-09-24T20:56:21Z,2026-09-24T22:56:21+0200,dc914a0a-bbfd-4933-aa5a-9840c7a2aa48,2026-09-23T19:00:00Z,2026-09-23T21:00:00+0200,0.0,MW,DE,DE_LU,forecast_solar_generation,Solar,2026-09-24T20:57:31Z
2026-09-24T20:56:21Z,2026-09-24T22:56:21+0200,dc914a0a-bbfd-4933-aa5a-9840c7a2aa48,2026-09-23T19:15:00Z,2026-09-23T21:15:00+0200,0.0,MW,DE,DE_LU,forecast_solar_generation,Solar,2026-09-24T20:57:31Z
2026-09-24T20:56:21Z,2026-09-24T22:56:21+0200,dc914a0a-bbfd-4933-aa5a-9840c7a2aa48,2026-09-23T19:30:00Z,2026-09-23T21:30:00+0200,0.0,MW,DE,DE_LU,forecast_solar_generation,Solar,2026-09-24T20:57:31Z
2026-09-24T20:56:21Z,2026-09-24T22:56:21+0200,dc914a0a-bbfd-4933-aa5a-9840c7a2aa48,2026-09-23T19:45:00Z,2026-09-23T21:45:00+0200,0.0,MW,DE,DE_LU,forecast_solar_generation,Solar,2026-09-24T20:57:31Z
2026-09-24T20:56:21Z,2026-09-24T22:56:21+0200,dc914a0a-bbfd-4933-aa5a-9840c7a2aa48,2026-09-23T20:00:00Z,2026-09-23T22:00:00+0200,0.0,MW,DE,DE_LU,forecast_solar_generation,Solar,2026-09-24T20:57:31Z
2026-09-24T20:56:21Z,2026-09-24T22:56:21+0200,dc914a0a-bbfd-4933-aa5a-9840c7a2aa48,2026-09-23T20:15:00Z,2026-09-23T22:15:00+0200,0.0,MW,DE,DE_LU,forecast_solar_generation,Solar,2026-09-24T20:57:31Z
2026-09-24T20:56:21Z,2026-09-24T22:56:21+0200,dc914a0a-bbfd-4933-aa5a-9840c7a2aa48,2026-09-23T20:30:00Z,2026-09-23T22:30:00+0200,0.0,MW,DE,DE_LU,forecast_solar_generation,Solar,2026-09-24T20:57:31Z
2026-09-24T20:56:21Z,2026-09-24T22:56:21+0200,dc914a0a-bbfd-4933-aa5a-9840c7a2aa48,2026-09-23T20:45:00Z,2026-09-23T22:45:00+0200,0.0,MW,DE,DE_LU,forecast_solar_generation,Solar,2026-09-24T20:57:31Z
2026-09-24T20:56:21Z,2026-09-24T22:56:21+0200,dc914a0a-bbfd-4933-aa5a-9840c7a2aa48,2026-09-23T21:00:00Z,2026-09-23T23:00:00+0200,0.0,MW,DE,DE_LU,forecast_solar_generation,Solar,2026-09-24T20:57:31Z
2026-09-24T20:56:21Z,2026-09-24T22:56:21+0200,dc914a0a-bbfd-4933-aa5a-9840c7a2aa48,2026-09-23T21:15:00Z,2026-09-23T23:15:00+0200,0.0,MW,DE,DE_LU,forecast_solar_generation,Solar,2026-09-24T20:57:31Z
2026-09-24T20:56:21Z,2026-09-24T22:56:21+0200,dc914a0a-bbfd-4933-aa5a-9840c7a2aa48,2026-09-23T21:30:00Z,2026-09-23T23:30:00+0200,0.0,MW,DE,DE_LU,forecast_solar_generation,Solar,2026-09-24T20:57:31Z
2026-09-24T20:56:21Z,2026-09-24T22:56:21+0200,dc914a0a-bbfd-4933-aa5a-9840c7a2aa48,2026-09-23T21:45:00Z,2026-09-23T23:45:00+0200,0.0,MW,DE,DE_LU,forecast_solar_generation,Solar,2026-09-24T20:57:31Z
2026-09-24T20:56:21Z,2026-09-24T22:56:21+0200,dc914a0a-bbfd-4933-aa5a-9840c7a2aa48,2026-09-23T22:00:00Z,2026-09-24T00:00:00+0200,0.0,MW,DE,DE_LU,forecast_solar_generation,Solar,2026-09-24T20:57:31Z
2026-09-24T20:56:21Z,2026-09-24T22:56:21+0200,dc914a0a-bbfd-4933-aa5a-9840c7a2aa48,2026-09-23T22:15:00Z,2026-09-24T00:15:00+0200,0.0,MW,DE,DE_LU,forecast_solar_generation,Solar,2026-09-24T20:57:31Z
2026-09-24T20:56:21Z,2026-09-24T22:56:21+0200,dc914a0a-bbfd-4933-aa5a-9840c7a2aa48,2026-09-23T22:30:00Z,2026-09-24T00:30:00+0200,0.0,MW,DE,DE_LU,forecast_solar_generation,Solar,2026-09-24T20:57:31Z
2026-09-24T20:56:21Z,2026-09-24T22:56:21+0200,dc914a0a-bbfd-4933-aa5a-9840c7a2aa48,2026-09-23T22:45:00Z,2026-09-24T00:45:00+0200,0.0,MW,DE,DE_LU,forecast_solar_generation,Solar,2026-09-24T20:57:31Z
2026-09-24T20:56:21Z,2026-09-24T22:56:21+0200,dc914a0a-bbfd-4933-aa5a-9840c7a2aa48,2026-09-23T23:00:00Z,2026-09-24T01:00:00+0200,0.0,MW,DE,DE_LU,forecast_solar_generation,Solar,2026-09-24T20:57:31Z
2026-09-24T20:56:21Z,2026-09-24T22:56:21+0200,dc914a0a-bbfd-4933-aa5a-9840c7a2aa48,2026-09-23T23:15:00Z,2026-09-24T01:15:00+0200,0.0,MW,DE,DE_LU,forecast_solar_generation,Solar,2026-09-24T20:57:31Z
2026-09-24T20:56:21Z,2026-09-24T22:56:21+0200,dc914a0a-bbfd-4933-aa5a-9840c7a2aa48,2026-09-23T23:30:00Z,2026-09-24T01:30:00+0200,0.0,MW,DE,DE_LU,forecast_solar_generation,Solar,2026-09-24T20:57:31Z
2026-09-24T20:56:21Z,2026-09-24T22:56:21+0200,dc914a0a-bbfd-4933-aa5a-9840c7a2aa48,2026-09-23T23:45:00Z,2026-09-24T01:45:00+0200,0.0,MW,DE,DE_LU,forecast_solar_generation,Solar,2026-09-24T20:57:31Z
2026-09-24T20:56:21Z,2026-09-24T22:56:21+0200,dc914a0a-bbfd-4933-aa5a-9840c7a2aa48,2026-09-24T00:00:00Z,2026-09-24T02:00:00+0200,0.0,MW,DE,DE_LU,forecast_solar_generation,Solar,2026-09-24T20:57:31Z
2026-09-24T20:56:21Z,2026-09-24T22:56:21+0200,dc914a0a-bbfd-4933-aa5a-9840c7a2aa48,2026-09-24T00:15:00Z,2026-09-24T02:15:00+0200,0.0,MW,DE,DE_LU,forecast_solar_generation,Solar,2026-09-24T20:57:31Z
2026-09-24T20:56:21Z,2026-09-24T22:56:21+0200,dc914a0a-bbfd-4933-aa5a-9840c7a2aa48,2026-09-24T00:30:00Z,2026-09-24T02:30:00+0200,0.0,MW,DE,DE_LU,forecast_solar_generation,Solar,2026-09-24T20:57:31Z
2026-09-24T20:56:21Z,2026-09-24T22:56:21+0200,dc914a0a-bbfd-4933-aa5a-9840c7a2aa48,2026-09-24T00:45:00Z,2026-09-24T02:45:00+0200,0.0,MW,DE,DE_LU,forecast_solar_generation,Solar,2026-09-24T20:57:31Z
2026-09-24T20:56:21Z,2026-09-24T22:56:21+0200,dc914a0a-bbfd-4933-aa5a-9840c7a2aa48,2026-09-24T01:00:00Z,2026-09-24T03:00:00+0200,0.0,MW,DE,DE_LU,forecast_solar_generation,Solar,2026-09-24T20:57:31Z
2026-09-24T20:56:21Z,2026-09-24T22:56:21+0200,dc914a0a-bbfd-4933-aa5a-9840c7a2aa48,2026-09-24T01:15:00Z,2026-09-24T03:15:00+0200,0.0,MW,DE,DE_LU,forecast_solar_generation,Solar,2026-09-24T20:57:31Z
2026-09-24T20:56:21Z,2026-09-24T22:56:21+0200,dc914a0a-bbfd-4933-aa5a-9840c7a2aa48,2026-09-24T01:30:00Z,2026-09-24T03:30:00+0200,0.0,MW,DE,DE_LU,forecast_solar_generation,Solar,2026-09-24T20:57:31Z
2026-09-24T20:56:21Z,2026-09-24T22:56:21+0200,dc914a0a-bbfd-4933-aa5a-9840c7a2aa48,2026-09-24T01:45:00Z,2026-09-24T03:45:00+0200,0.0,MW,DE,DE_LU,forecast_solar_generation,Solar,2026-09-24T20:57:31Z
2026-09-24T20:56:21Z,2026-09-24T22:56:21+0200,dc914a0a-bbfd-4933-aa5a-9840c7a2aa48,2026-09-24T02:00:00Z,2026-09-24T04:00:00+0200,0.0,MW,DE,DE_LU,forecast_solar_generation,Solar,2026-09-24T20:57:31Z
2026-09-24T20:56:21Z,2026-09-24T22:56:21+0200,dc914a0a-bbfd-4933-aa5a-9840c7a2aa48,2026-09-24T02:15:00Z,2026-09-24T04:15:00+0200,0.0,MW,DE,DE_LU,forecast_solar_generation,Solar,2026-09-24T20:57:31Z
2026-09-24T20:56:21Z,2026-09-24T22:56:21+0200,dc914a0a-bbfd-4933-aa5a-9840c7a2aa48,2026-09-24T02:30:00Z,2026-09-24T04:30:00+0200,0.0,MW,DE,DE_LU,forecast_solar_generation,Solar,2026-09-24T20:57:31Z
2026-09-24T20:56:21Z,2026-09-24T22:56:21+0200,dc914a0a-bbfd-4933-aa5a-9840c7a2aa48,2026-09-24T02:45:00Z,2026-09-24T04:45:00+0200,0.0,MW,DE,DE_LU,forecast_solar_generation,Solar,2026-09-24T20:57:31Z
2026-09-24T20:56:21Z,2026-09-24T22:56:21+0200,dc914a0a-bbfd-4933-aa5a-9840c7a2aa48,2026-09-24T03:00:00Z,2026-09-24T05:00:00+0200,0.0,MW,DE,DE_LU,forecast_solar_generation,Solar,2026-09-24T20:57:31Z
2026-09-24T20:56:21Z,2026-09-24T22:56:21+0200,dc914a0a-bbfd-4933-aa5a-9840c7a2aa48,2026-09-24T03:15:00Z,2026-09-24T05:15:00+0200,0.0,MW,DE,DE_LU,forecast_solar_generation,Solar,2026-09-24T20:57:31Z
2026-09-24T20:56:21Z,2026-09-24T22:56:21+0200,dc914a0a-bbfd-4933-aa5a-9840c7a2aa48,2026-09-24T03:30:00Z,2026-09-24T05:30:00+0200,0.0,MW,DE,DE_LU,forecast_solar_generation,Solar,2026-09-24T20:57:31Z
2026-09-24T20:56:21Z,2026-09-24T22:56:21+0200,dc914a0a-bbfd-4933-aa5a-9840c7a2aa48,2026-09-24T03:45:00Z,2026-09-24T05:45:00+0200,0.0,MW,DE,DE_LU,forecast_solar_generation,Solar,2026-09-24T20:57:31Z
2026-09-24T20:56:21Z,2026-09-24T22:56:21+0200,dc914a0a-bbfd-4933-aa5a-9840c7a2aa48,2026-09-24T04:00:00Z,2026-09-24T06:00:00+0200,0.0,MW,DE,DE_LU,forecast_solar_generation,Solar,2026-09-24T20:57:31Z
2026-09-24T20:56:21Z,2026-09-24T22:56:21+0200,dc914a0a-bbfd-4933-aa5a-9840c7a2aa48,2026-09-24T04:15:00Z,2026-09-24T06:15:00+0200,0.0,MW,DE,DE_LU,forecast_solar_generation,Solar,2026-09-24T20:57:31Z
2026-09-24T20:56:21Z,2026-09-24T22:56:21+0200,dc914a0a-bbfd-4933-aa5a-9840c7a2aa48,2026-09-24T04:30:00Z,2026-09-24T06:30:00+0200,0.0,MW,DE,DE_LU,forecast_solar_generation,Solar,2026-09-24T20:57:31Z
2026-09-24T20:56:21Z,2026-09-24T22:56:21+0200,dc914a0a-bbfd-4933-aa5a-9840c7a2aa48,2026-09-24T04:45:00Z,2026-09-24T06:45:00+0200,1.436,MW,DE,DE_LU,forecast_solar_generation,Solar,2026-09-24T20:57:31Z
2026-09-24T20:56:21Z,2026-09-24T22:56:21+0200,dc914a0a-bbfd-4933-aa5a-9840c7a2aa48,2026-09-24T05:00:00Z,2026-09-24T07:00:00+0200,121.89401,MW,DE,DE_LU,forecast_solar_generation,Solar,2026-09-24T20:57:31Z
2026-09-24T20:56:21Z,2026-09-24T22:56:21+0200,dc914a0a-bbfd-4933-aa5a-9840c7a2aa48,2026-09-24T05:15:00Z,2026-09-24T07:15:00+0200,467.05514,MW,DE,DE_LU,forecast_solar_generation,Solar,2026-09-24T20:57:31Z
2026-09-24T20:56:21Z,2026-09-24T22:56:21+0200,dc914a0a-bbfd-4933-aa5a-9840c7a2aa48,2026-09-24T05:30:00Z,2026-09-24T07:30:00+0200,1142.90398,MW,DE,DE_LU,forecast_solar_generation,Solar,2026-09-24T20:57:31Z
2026-09-24T20:56:21Z,2026-09-24T22:56:21+0200,dc914a0a-bbfd-4933-aa5a-9840c7a2aa48,2026-09-24T05:45:00Z,2026-09-24T07:45:00+0200,2211.31,MW,DE,DE_LU,forecast_solar_generation,Solar,2026-09-24T20:57:31Z
2026-09-24T20:56:21Z,2026-09-24T22:56:21+0200,dc914a0a-bbfd-4933-aa5a-9840c7a2aa48,2026-09-24T06:00:00Z,2026-09-24T08:00:00+0200,3626.32316,MW,DE,DE_LU,forecast_solar_generation,Solar,2026-09-24T20:57:31Z
2026-09-24T20:56:21Z,2026-09-24T22:56:21+0200,dc914a0a-bbfd-4933-aa5a-9840c7a2aa48,2026-09-24T06:15:00Z,2026-09-24T08:15:00+0200,5290.47827,MW,DE,DE_LU,forecast_solar_generation,Solar,2026-09-24T20:57:31Z
2026-09-24T20:56:21Z,2026-09-24T22:56:21+0200,dc914a0a-bbfd-4933-aa5a-9840c7a2aa48,2026-09-24T06:30:00Z,2026-09-24T08:30:00+0200,7171.34879,MW,DE,DE_LU,forecast_solar_generation,Solar,2026-09-24T20:57:31Z
2026-09-24T20:56:21Z,2026-09-24T22:56:21+0200,dc914a0a-bbfd-4933-aa5a-9840c7a2aa48,2026-09-24T06:45:00Z,2026-09-24T08:45:00+0200,9129.23708,MW,DE,DE_LU,forecast_solar_generation,Solar,2026-09-24T20:57:31Z
2026-09-24T20:56:21Z,2026-09-24T22:56:21+0200,dc914a0a-bbfd-4933-aa5a-9840c7a2aa48,2026-09-24T07:00:00Z,2026-09-24T09:00:00+0200,11108.56793,MW,DE,DE_LU,forecast_solar_generation,Solar,2026-09-24T20:57:31Z
2026-09-24T20:56:21Z,2026-09-24T22:56:21+0200,dc914a0a-bbfd-4933-aa5a-9840c7a2aa48,2026-09-24T07:15:00Z,2026-09-24T09:15:00+0200,13112.02041,MW,DE,DE_LU,forecast_solar_generation,Solar,2026-09-24T20:57:31Z
2026-09-24T20:56:21Z,2026-09-24T22:56:21+0200,dc914a0a-bbfd-4933-aa5a-9840c7a2aa48,2026-09-24T07:30:00Z,2026-09-24T09:30:00+0200,15090.98818,MW,DE,DE_LU,forecast_solar_generation,Solar,2026-09-24T20:57:31Z
2026-09-24T20:56:21Z,2026-09-24T22:56:21+0200,dc914a0a-bbfd-4933-aa5a-9840c7a2aa48,2026-09-24T07:45:00Z,2026-09-24T09:45:00+0200,16984.19323,MW,DE,DE_LU,forecast_solar_generation,Solar,2026-09-24T20:57:31Z
2026-09-24T20:56:21Z,2026-09-24T22:56:21+0200,dc914a0a-bbfd-4933-aa5a-9840c7a2aa48,2026-09-24T08:00:00Z,2026-09-24T10:00:00+0200,18828.27783,MW,DE,DE_LU,forecast_solar_generation,Solar,2026-09-24T20:57:31Z
2026-09-24T20:56:21Z,2026-09-24T22:56:21+0200,dc914a0a-bbfd-4933-aa5a-9840c7a2aa48,2026-09-24T08:15:00Z,2026-09-24T10:15:00+0200,20611.01352,MW,DE,DE_LU,forecast_solar_generation,Solar,2026-09-24T20:57:31Z
2026-09-24T20:56:21Z,2026-09-24T22:56:21+0200,dc914a0a-bbfd-4933-aa5a-9840c7a2aa48,2026-09-24T08:30:00Z,2026-09-24T10:30:00+0200,22282.29406,MW,DE,DE_LU,forecast_solar_generation,Solar,2026-09-24T20:57:31Z
2026-09-24T20:56:21Z,2026-09-24T22:56:21+0200,dc914a0a-bbfd-4933-aa5a-9840c7a2aa48,2026-09-24T08:45:00Z,2026-09-24T10:45:00+0200,23836.33596,MW,DE,DE_LU,forecast_solar_generation,Solar,2026-09-24T20:57:31Z
2026-09-24T20:56:21Z,2026-09-24T22:56:21+0200,dc914a0a-bbfd-4933-aa5a-9840c7a2aa48,2026-09-24T09:00:00Z,2026-09-24T11:00:00+0200,25274.17021,MW,DE,DE_LU,forecast_solar_generation,Solar,2026-09-24T20:57:31Z
2026-09-24T20:56:21Z,2026-09-24T22:56:21+0200,dc914a0a-bbfd-4933-aa5a-9840c7a2aa48,2026-09-24T09:15:00Z,2026-09-24T11:15:00+0200,26613.71605,MW,DE,DE_LU,forecast_solar_generation,Solar,2026-09-24T20:57:31Z
2026-09-24T20:56:21Z,2026-09-24T22:56:21+0200,dc914a0a-bbfd-4933-aa5a-9840c7a2aa48,2026-09-24T09:30:00Z,2026-09-24T11:30:00+0200,27781.59674,MW,DE,DE_LU,forecast_solar_generation,Solar,2026-09-24T20:57:31Z
2026-09-24T20:56:21Z,2026-09-24T22:56:21+0200,dc914a0a-bbfd-4933-aa5a-9840c7a2aa48,2026-09-24T09:45:00Z,2026-09-24T11:45:00+0200,28751.56079,MW,DE,DE_LU,forecast_solar_generation,Solar,2026-09-24T20:57:31Z
2026-09-24T20:56:21Z,2026-09-24T22:56:21+0200,dc914a0a-bbfd-4933-aa5a-9840c7a2aa48,2026-09-24T10:00:00Z,2026-09-24T12:00:00+0200,29563.48832,MW,DE,DE_LU,forecast_solar_generation,Solar,2026-09-24T20:57:31Z
2026-09-24T20:56:21Z,2026-09-24T22:56:21+0200,dc914a0a-bbfd-4933-aa5a-9840c7a2aa48,2026-09-24T10:15:00Z,2026-09-24T12:15:00+0200,30221.43057,MW,DE,DE_LU,forecast_solar_generation,Solar,2026-09-24T20:57:31Z
2026-09-24T20:56:21Z,2026-09-24T22:56:21+0200,dc914a0a-bbfd-4933-aa5a-9840c7a2aa48,2026-09-24T10:30:00Z,2026-09-24T12:30:00+0200,30702.33798,MW,DE,DE_LU,forecast_solar_generation,Solar,2026-09-24T20:57:31Z
2026-09-24T20:56:21Z,2026-09-24T22:56:21+0200,dc914a0a-bbfd-4933-aa5a-9840c7a2aa48,2026-09-24T10:45:00Z,2026-09-24T12:45:00+0200,30996.40922,MW,DE,DE_LU,forecast_solar_generation,Solar,2026-09-24T20:57:31Z
2026-09-24T20:56:21Z,2026-09-24T22:56:21+0200,dc914a0a-bbfd-4933-aa5a-9840c7a2aa48,2026-09-24T11:00:00Z,2026-09-24T13:00:00+0200,31151.83821,MW,DE,DE_LU,forecast_solar_generation,Solar,2026-09-24T20:57:31Z
2026-09-24T20:56:21Z,2026-09-24T22:56:21+0200,dc914a0a-bbfd-4933-aa5a-9840c7a2aa48,2026-09-24T11:15:00Z,2026-09-24T13:15:00+0200,31141.39896,MW,DE,DE_LU,forecast_solar_generation,Solar,2026-09-24T20:57:31Z
2026-09-24T20:56:21Z,2026-09-24T22:56:21+0200,dc914a0a-bbfd-4933-aa5a-9840c7a2aa48,2026-09-24T11:30:00Z,2026-09-24T13:30:00+0200,31008.76186,MW,DE,DE_LU,forecast_solar_generation,Solar,2026-09-24T20:57:31Z
2026-09-24T20:56:21Z,2026-09-24T22:56:21+0200,dc914a0a-bbfd-4933-aa5a-9840c7a2aa48,2026-09-24T11:45:00Z,2026-09-24T13:45:00+0200,30705.84258,MW,DE,DE_LU,forecast_solar_generation,Solar,2026-09-24T20:57:31Z
2026-09-24T20:56:21Z,2026-09-24T22:56:21+0200,dc914a0a-bbfd-4933-aa5a-9840c7a2aa48,2026-09-24T12:00:00Z,2026-09-24T14:00:00+0200,30333.7983,MW,DE,DE_LU,forecast_solar_generation,Solar,2026-09-24T20:57:31Z
2026-09-24T20:56:21Z,2026-09-24T22:56:21+0200,dc914a0a-bbfd-4933-aa5a-9840c7a2aa48,2026-09-24T12:15:00Z,2026-09-24T14:15:00+0200,29815.29925,MW,DE,DE_LU,forecast_solar_generation,Solar,2026-09-24T20:57:31Z
2026-09-24T20:56:21Z,2026-09-24T22:56:21+0200,dc914a0a-bbfd-4933-aa5a-9840c7a2aa48,2026-09-24T12:30:00Z,2026-09-24T14:30:00+0200,29179.08498,MW,DE,DE_LU,forecast_solar_generation,Solar,2026-09-24T20:57:31Z
2026-09-24T20:56:21Z,2026-09-24T22:56:21+0200,dc914a0a-bbfd-4933-aa5a-9840c7a2aa48,2026-09-24T12:45:00Z,2026-09-24T14:45:00+0200,28422.41452,MW,DE,DE_LU,forecast_solar_generation,Solar,2026-09-24T20:57:31Z
2026-09-24T20:56:21Z,2026-09-24T22:56:21+0200,dc914a0a-bbfd-4933-aa5a-9840c7a2aa48,2026-09-24T13:00:00Z,2026-09-24T15:00:00+0200,27485.08282,MW,DE,DE_LU,forecast_solar_generation,Solar,2026-09-24T20:57:31Z
2026-09-24T20:56:21Z,2026-09-24T22:56:21+0200,dc914a0a-bbfd-4933-aa5a-9840c7a2aa48,2026-09-24T13:15:00Z,2026-09-24T15:15:00+0200,26414.13956,MW,DE,DE_LU,forecast_solar_generation,Solar,2026-09-24T20:57:31Z
2026-09-24T20:56:21Z,2026-09-24T22:56:21+0200,dc914a0a-bbfd-4933-aa5a-9840c7a2aa48,2026-09-24T13:30:00Z,2026-09-24T15:30:00+0200,25126.41479,MW,DE,DE_LU,forecast_solar_generation,Solar,2026-09-24T20:57:31Z
2026-09-24T20:56:21Z,2026-09-24T22:56:21+0200,dc914a0a-bbfd-4933-aa5a-9840c7a2aa48,2026-09-24T13:45:00Z,2026-09-24T15:45:00+0200,23627.21057,MW,DE,DE_LU,forecast_solar_generation,Solar,2026-09-24T20:57:31Z
2026-09-24T20:56:21Z,2026-09-24T22:56:21+0200,dc914a0a-bbfd-4933-aa5a-9840c7a2aa48,2026-09-24T14:00:00Z,2026-09-24T16:00:00+0200,21902.36197,MW,DE,DE_LU,forecast_solar_generation,Solar,2026-09-24T20:57:31Z
2026-09-24T20:56:21Z,2026-09-24T22:56:21+0200,dc914a0a-bbfd-4933-aa5a-9840c7a2aa48,2026-09-24T14:15:00Z,2026-09-24T16:15:00+0200,20043.08859,MW,DE,DE_LU,forecast_solar_generation,Solar,2026-09-24T20:57:31Z
2026-09-24T20:56:21Z,2026-09-24T22:56:21+0200,dc914a0a-bbfd-4933-aa5a-9840c7a2aa48,2026-09-24T14:30:00Z,2026-09-24T16:30:00+0200,18039.29177,MW,DE,DE_LU,forecast_solar_generation,Solar,2026-09-24T20:57:31Z
2026-09-24T20:56:21Z,2026-09-24T22:56:21+0200,dc914a0a-bbfd-4933-aa5a-9840c7a2aa48,2026-09-24T14:45:00Z,2026-09-24T16:45:00+0200,15939.90692,MW,DE,DE_LU,forecast_solar_generation,Solar,2026-09-24T20:57:31Z
2026-09-24T20:56:21Z,2026-09-24T22:56:21+0200,dc914a0a-bbfd-4933-aa5a-9840c7a2aa48,2026-09-24T15:00:00Z,2026-09-24T17:00:00+0200,13732.85779,MW,DE,DE_LU,forecast_solar_generation,Solar,2026-09-24T20:57:31Z
2026-09-24T20:56:21Z,2026-09-24T22:56:21+0200,dc914a0a-bbfd-4933-aa5a-9840c7a2aa48,2026-09-24T15:15:00Z,2026-09-24T17:15:00+0200,11484.90311,MW,DE,DE_LU,forecast_solar_generation,Solar,2026-09-24T20:57:31Z
2026-09-24T20:56:21Z,2026-09-24T22:56:21+0200,dc914a0a-bbfd-4933-aa5a-9840c7a2aa48,2026-09-24T15:30:00Z,2026-09-24T17:30:00+0200,9258.15058,MW,DE,DE_LU,forecast_solar_generation,Solar,2026-09-24T20:57:31Z
2026-09-24T20:56:21Z,2026-09-24T22:56:21+0200,dc914a0a-bbfd-4933-aa5a-9840c7a2aa48,2026-09-24T15:45:00Z,2026-09-24T17:45:00+0200,7114.07696,MW,DE,DE_LU,forecast_solar_generation,Solar,2026-09-24T20:57:31Z
2026-09-24T20:56:21Z,2026-09-24T22:56:21+0200,dc914a0a-bbfd-4933-aa5a-9840c7a2aa48,2026-09-24T16:00:00Z,2026-09-24T18:00:00+0200,5100.28254,MW,DE,DE_LU,forecast_solar_generation,Solar,2026-09-24T20:57:31Z
2026-09-24T20:56:21Z,2026-09-24T22:56:21+0200,dc914a0a-bbfd-4933-aa5a-9840c7a2aa48,2026-09-24T16:15:00Z,2026-09-24T18:15:00+0200,3365.25232,MW,DE,DE_LU,forecast_solar_generation,Solar,2026-09-24T20:57:31Z
2026-09-24T20:56:21Z,2026-09-24T22:56:21+0200,dc914a0a-bbfd-4933-aa5a-9840c7a2aa48,2026-09-24T16:30:00Z,2026-09-24T18:30:00+0200,1952.60439,MW,DE,DE_LU,forecast_solar_generation,Solar,2026-09-24T20:57:31Z
2026-09-24T20:56:21Z,2026-09-24T22:56:21+0200,dc914a0a-bbfd-4933-aa5a-9840c7a2aa48,2026-09-24T16:45:00Z,2026-09-24T18:45:00+0200,881.47241,MW,DE,DE_LU,forecast_solar_generation,Solar,2026-09-24T20:57:31Z
2026-09-24T20:56:21Z,2026-09-24T22:56:21+0200,dc914a0a-bbfd-4933-aa5a-9840c7a2aa48,2026-09-24T17:00:00Z,2026-09-24T19:00:00+0200,273.29175,MW,DE,DE_LU,forecast_solar_generation,Solar,2026-09-24T20:57:31Z
2026-09-24T20:56:21Z,2026-09-24T22:56:21+0200,dc914a0a-bbfd-4933-aa5a-9840c7a2aa48,2026-09-24T17:15:00Z,2026-09-24T19:15:00+0200,58.81221,MW,DE,DE_LU,forecast_solar_generation,Solar,2026-09-24T20:57:31Z
2026-09-24T20:56:21Z,2026-09-24T22:56:21+0200,dc914a0a-bbfd-4933-aa5a-9840c7a2aa48,2026-09-24T17:30:00Z,2026-09-24T19:30:00+0200,8.53844,MW,DE,DE_LU,forecast_solar_generation,Solar,2026-09-24T20:57:31Z
2026-09-24T20:56:21Z,2026-09-24T22:56:21+0200,dc914a0a-bbfd-4933-aa5a-9840c7a2aa48,2026-09-24T17:45:00Z,2026-09-24T19:45:00+0200,0.0,MW,DE,DE_LU,forecast_solar_generation,Solar,2026-09-24T20:57:31Z
2026-09-24T20:56:21Z,2026-09-24T22:56:21+0200,dc914a0a-bbfd-4933-aa5a-9840c7a2aa48,2026-09-24T18:00:00Z,2026-09-24T20:00:00+0200,0.0,MW,DE,DE_LU,forecast_solar_generation,Solar,2026-09-24T20:57:31Z
2026-09-24T20:56:21Z,2026-09-24T22:56:21+0200,dc914a0a-bbfd-4933-aa5a-9840c7a2aa48,2026-09-24T18:15:00Z,2026-09-24T20:15:00+0200,0.0,MW,DE,DE_LU,forecast_solar_generation,Solar,2026-09-24T20:57:31Z
2026-09-24T20:56:21Z,2026-09-24T22:56:21+0200,dc914a0a-bbfd-4933-aa5a-9840c7a2aa48,2026-09-24T18:30:00Z,2026-09-24T20:30:00+0200,0.0,MW,DE,DE_LU,forecast_solar_generation,Solar,2026-09-24T20:57:31Z
2026-09-24T20:56:21Z,2026-09-24T22:56:21+0200,dc914a0a-bbfd-4933-aa5a-9840c7a2aa48,2026-09-24T18:45:00Z,2026-09-24T20:45:00+0200,0.0,MW,DE,DE_LU,forecast_solar_generation,Solar,2026-09-24T20:57:31Z
2026-09-24T20:56:21Z,2026-09-24T22:56:21+0200,dc914a0a-bbfd-4933-aa5a-9840c7a2aa48,2026-09-24T19:00:00Z,2026-09-24T21:00:00+0200,0.0,MW,DE,DE_LU,forecast_solar_generation,Solar,2026-09-24T20:57:31Z
2026-09-24T20:56:21Z,2026-09-24T22:56:21+0200,dc914a0a-bbfd-4933-aa5a-9840c7a2aa48,2026-09-24T19:15:00Z,2026-09-24T21:15:00+0200,0.0,MW,DE,DE_LU,forecast_solar_generation,Solar,2026-09-24T20:57:31Z
2026-09-24T20:56:21Z,2026-09-24T22:56:21+0200,dc914a0a-bbfd-4933-aa5a-9840c7a2aa48,2026-09-24T19:30:00Z,2026-09-24T21:30:00+0200,0.0,MW,DE,DE_LU,forecast_solar_generation,Solar,2026-09-24T20:57:31Z
2026-09-24T20:56:21Z,2026-09-24T22:56:21+0200,dc914a0a-bbfd-4933-aa5a-9840c7a2aa48,2026-09-24T19:45:00Z,2026-09-24T21:45:00+0200,0.0,MW,DE,DE_LU,forecast_solar_generation,Solar,2026-09-24T20:57:31Z
2026-09-24T20:56:21Z,2026-09-24T22:56:21+0200,dc914a0a-bbfd-4933-aa5a-9840c7a2aa48,2026-09-24T20:00:00Z,2026-09-24T22:00:00+0200,0.0,MW,DE,DE_LU,forecast_solar_generation,Solar,2026-09-24T20:57:31Z
2026-09-24T20:56:21Z,2026-09-24T22:56:21+0200,dc914a0a-bbfd-4933-aa5a-9840c7a2aa48,2026-09-24T20:15:00Z,2026-09-24T22:15:00+0200,0.0,MW,DE,DE_LU,forecast_solar_generation,Solar,2026-09-24T20:57:31Z
2026-09-24T20:56:21Z,2026-09-24T22:56:21+0200,dc914a0a-bbfd-4933-aa5a-9840c7a2aa48,2026-09-24T20:30:00Z,2026-09-24T22:30:00+0200,0.0,MW,DE,DE_LU,forecast_solar_generation,Solar,2026-09-24T20:57:31Z
2026-09-24T20:56:21Z,2026-09-24T22:56:21+0200,dc914a0a-bbfd-4933-aa5a-9840c7a2aa48,2026-09-24T20:45:00Z,2026-09-24T22:45:00+0200,0.0,MW,DE,DE_LU,forecast_solar_generation,Solar,2026-09-24T20:57:31Z
2026-09-24T20:56:21Z,2026-09-24T22:56:21+0200,dc914a0a-bbfd-4933-aa5a-9840c7a2aa48,2026-09-24T21:00:00Z,2026-09-24T23:00:00+0200,0.0,MW,DE,DE_LU,forecast_solar_generation,Solar,2026-09-24T20:57:33Z
2026-09-24T20:56:21Z,2026-09-24T22:56:21+0200,dc914a0a-bbfd-4933-aa5a-9840c7a2aa48,2026-09-24T21:15:00Z,2026-09-24T23:15:00+0200,0.0,MW,DE,DE_LU,forecast_solar_generation,Solar,2026-09-24T20:57:33Z
2026-09-24T20:56:21Z,2026-09-24T22:56:21+0200,dc914a0a-bbfd-4933-aa5a-9840c7a2aa48,2026-09-24T21:30:00Z,2026-09-24T23:30:00+0200,0.0,MW,DE,DE_LU,forecast_solar_generation,Solar,2026-09-24T20:57:33Z
2026-09-24T20:56:21Z,2026-09-24T22:56:21+0200,dc914a0a-bbfd-4933-aa5a-9840c7a2aa48,2026-09-24T21:45:00Z,2026-09-24T23:45:00+0200,0.0,MW,DE,DE_LU,forecast_solar_generation,Solar,2026-09-24T20:57:33Z
2026-09-24T20:56:21Z,2026-09-24T22:56:21+0200,dc914a0a-bbfd-4933-aa5a-9840c7a2aa48,2026-09-24T22:00:00Z,2026-09-25T00:00:00+0200,0.0,MW,DE,DE_LU,forecast_solar_generation,Solar,2026-09-24T20:57:33Z
2026-09-24T20:56:21Z,2026-09-24T22:56:21+0200,dc914a0a-bbfd-4933-aa5a-9840c7a2aa48,2026-09-24T22:15:00Z,2026-09-25T00:15:00+0200,0.0,MW,DE,DE_LU,forecast_solar_generation,Solar,2026-09-24T20:57:33Z
2026-09-24T20:56:21Z,2026-09-24T22:56:21+0200,dc914a0a-bbfd-4933-aa5a-9840c7a2aa48,2026-09-24T22:30:00Z,2026-09-25T00:30:00+0200,0.0,MW,DE,DE_LU,forecast_solar_generation,Solar,2026-09-24T20:57:33Z
2026-09-24T20:56:21Z,2026-09-24T22:56:21+0200,dc914a0a-bbfd-4933-aa5a-9840c7a2aa48,2026-09-24T22:45:00Z,2026-09-25T00:45:00+0200,0.0,MW,DE,DE_LU,forecast_solar_generation,Solar,2026-09-24T20:57:33Z
2026-09-24T20:56:21Z,2026-09-24T22:56:21+0200,dc914a0a-bbfd-4933-aa5a-9840c7a2aa48,2026-09-24T23:00:00Z,2026-09-25T01:00:00+0200,0.0,MW,DE,DE_LU,forecast_solar_generation,Solar,2026-09-24T20:57:33Z
2026-09-24T20:56:21Z,2026-09-24T22:56:21+0200,dc914a0a-bbfd-4933-aa5a-9840c7a2aa48,2026-09-24T23:15:00Z,2026-09-25T01:15:00+0200,0.0,MW,DE,DE_LU,forecast_solar_generation,Solar,2026-09-24T20:57:33Z
2026-09-24T20:56:21Z,2026-09-24T22:56:21+0200,dc914a0a-bbfd-4933-aa5a-9840c7a2aa48,2026-09-24T23:30:00Z,2026-09-25T01:30:00+0200,0.0,MW,DE,DE_LU,forecast_solar_generation,Solar,2026-09-24T20:57:33Z
2026-09-24T20:56:21Z,2026-09-24T22:56:21+0200,dc914a0a-bbfd-4933-aa5a-9840c7a2aa48,2026-09-24T23:45:00Z,2026-09-25T01:45:00+0200,0.0,MW,DE,DE_LU,forecast_solar_generation,Solar,2026-09-24T20:57:33Z
2026-09-24T20:56:21Z,2026-09-24T22:56:21+0200,dc914a0a-bbfd-4933-aa5a-9840c7a2aa48,2026-09-25T00:00:00Z,2026-09-25T02:00:00+0200,0.0,MW,DE,DE_LU,forecast_solar_generation,Solar,2026-09-24T20:57:33Z
2026-09-24T20:56:21Z,2026-09-24T22:56:21+0200,dc914a0a-bbfd-4933-aa5a-9840c7a2aa48,2026-09-25T00:15:00Z,2026-09-25T02:15:00+0200,0.0,MW,DE,DE_LU,forecast_solar_generation,Solar,2026-09-24T20:57:33Z
2026-09-24T20:56:21Z,2026-09-24T22:56:21+0200,dc914a0a-bbfd-4933-aa5a-9840c7a2aa48,2026-09-25T00:30:00Z,2026-09-25T02:30:00+0200,0.0,MW,DE,DE_LU,forecast_solar_generation,Solar,2026-09-24T20:57:33Z
2026-09-24T20:56:21Z,2026-09-24T22:56:21+0200,dc914a0a-bbfd-4933-aa5a-9840c7a2aa48,2026-09-25T00:45:00Z,2026-09-25T02:45:00+0200,0.0,MW,DE,DE_LU,forecast_solar_generation,Solar,2026-09-24T20:57:33Z
2026-09-24T20:56:21Z,2026-09-24T22:56:21+0200,dc914a0a-bbfd-4933-aa5a-9840c7a2aa48,2026-09-25T01:00:00Z,2026-09-25T03:00:00+0200,0.0,MW,DE,DE_LU,forecast_solar_generation,Solar,2026-09-24T20:57:33Z
2026-09-24T20:56:21Z,2026-09-24T22:56:21+0200,dc914a0a-bbfd-4933-aa5a-9840c7a2aa48,2026-09-25T01:15:00Z,2026-09-25T03:15:00+0200,0.0,MW,DE,DE_LU,forecast_solar_generation,Solar,2026-09-24T20:57:33Z
2026-09-24T20:56:21Z,2026-09-24T22:56:21+0200,dc914a0a-bbfd-4933-aa5a-9840c7a2aa48,2026-09-25T01:30:00Z,2026-09-25T03:30:00+0200,0.0,MW,DE,DE_LU,forecast_solar_generation,Solar,2026-09-24T20:57:33Z
2026-09-24T20:56:21Z,2026-09-24T22:56:21+0200,dc914a0a-bbfd-4933-aa5a-9840c7a2aa48,2026-09-25T01:45:00Z,2026-09-25T03:45:00+0200,0.0,MW,DE,DE_LU,forecast_solar_generation,Solar,2026-09-24T20:57:33Z
2026-09-24T20:56:21Z,2026-09-24T22:56:21+0200,dc914a0a-bbfd-4933-aa5a-9840c7a2aa48,2026-09-25T02:00:00Z,2026-09-25T04:00:00+0200,0.0,MW,DE,DE_LU,forecast_solar_generation,Solar,2026-09-24T20:57:33Z
2026-09-24T20:56:21Z,2026-09-24T22:56:21+0200,dc914a0a-bbfd-4933-aa5a-9840c7a2aa48,2026-09-25T02:15:00Z,2026-09-25T04:15:00+0200,0.0,MW,DE,DE_LU,forecast_solar_generation,Solar,2026-09-24T20:57:33Z
2026-09-24T20:56:21Z,2026-09-24T22:56:21+0200,dc914a0a-bbfd-4933-aa5a-9840c7a2aa48,2026-09-25T02:30:00Z,2026-09-25T04:30:00+0200,0.0,MW,DE,DE_LU,forecast_solar_generation,Solar,2026-09-24T20:57:33Z
2026-09-24T20:56:21Z,2026-09-24T22:56:21+0200,dc914a0a-bbfd-4933-aa5a-9840c7a2aa48,2026-09-25T02:45:00Z,2026-09-25T04:45:00+0200,0.0,MW,DE,DE_LU,forecast_solar_generation,Solar,2026-09-24T20:57:33Z
2026-09-24T20:56:21Z,2026-09-24T22:56:21+0200,dc914a0a-bbfd-4933-aa5a-9840c7a2aa48,2026-09-25T03:00:00Z,2026-09-25T05:00:00+0200,0.0,MW,DE,DE_LU,forecast_solar_generation,Solar,2026-09-24T20:57:33Z
2026-09-24T20:56:21Z,2026-09-24T22:56:21+0200,dc914a0a-bbfd-4933-aa5a-9840c7a2aa48,2026-09-25T03:15:00Z,2026-09-25T05:15:00+0200,0.0,MW,DE,DE_LU,forecast_solar_generation,Solar,2026-09-24T20:57:33Z
2026-09-24T20:56:21Z,2026-09-24T22:56:21+0200,dc914a0a-bbfd-4933-aa5a-9840c7a2aa48,2026-09-25T03:30:00Z,2026-09-25T05:30:00+0200,0.0,MW,DE,DE_LU,forecast_solar_generation,Solar,2026-09-24T20:57:33Z
2026-09-24T20:56:21Z,2026-09-24T22:56:21+0200,dc914a0a-bbfd-4933-aa5a-9840c7a2aa48,2026-09-25T03:45:00Z,2026-09-25T05:45:00+0200,0.0,MW,DE,DE_LU,forecast_solar_generation,Solar,2026-09-24T20:57:33Z
2026-09-24T20:56:21Z,2026-09-24T22:56:21+0200,dc914a0a-bbfd-4933-aa5a-9840c7a2aa48,2026-09-25T04:00:00Z,2026-09-25T06:00:00+0200,0.0,MW,DE,DE_LU,forecast_solar_generation,Solar,2026-09-24T20:57:33Z
2026-09-24T20:56:21Z,2026-09-24T22:56:21+0200,dc914a0a-bbfd-4933-aa5a-9840c7a2aa48,2026-09-25T04:15:00Z,2026-09-25T06:15:00+0200,0.0,MW,DE,DE_LU,forecast_solar_generation,Solar,2026-09-24T20:57:33Z
2026-09-24T20:56:21Z,2026-09-24T22:56:21+0200,dc914a0a-bbfd-4933-aa5a-9840c7a2aa48,2026-09-25T04:30:00Z,2026-09-25T06:30:00+0200,0.0,MW,DE,DE_LU,forecast_solar_generation,Solar,2026-09-24T20:57:33Z
2026-09-24T20:56:21Z,2026-09-24T22:56:21+0200,dc914a0a-bbfd-4933-aa5a-9840c7a2aa48,2026-09-25T04:45:00Z,2026-09-25T06:45:00+0200,0.73,MW,DE,DE_LU,forecast_solar_generation,Solar,2026-09-24T20:57:33Z
2026-09-24T20:56:21Z,2026-09-24T22:56:21+0200,dc914a0a-bbfd-4933-aa5a-9840c7a2aa48,2026-09-25T05:00:00Z,2026-09-25T07:00:00+0200,147.26406,MW,DE,DE_LU,forecast_solar_generation,Solar,2026-09-24T20:57:33Z
2026-09-24T20:56:21Z,2026-09-24T22:56:21+0200,dc914a0a-bbfd-4933-aa5a-9840c7a2aa48,2026-09-25T05:15:00Z,2026-09-25T07:15:00+0200,686.02339,MW,DE,DE_LU,forecast_solar_generation,Solar,2026-09-24T20:57:33Z
2026-09-24T20:56:21Z,2026-09-24T22:56:21+0200,dc914a0a-bbfd-4933-aa5a-9840c7a2aa48,2026-09-25T05:30:00Z,2026-09-25T07:30:00+0200,1784.67697,MW,DE,DE_LU,forecast_solar_generation,Solar,2026-09-24T20:57:33Z
2026-09-24T20:56:21Z,2026-09-24T22:56:21+0200,dc914a0a-bbfd-4933-aa5a-9840c7a2aa48,2026-09-25T05:45:00Z,2026-09-25T07:45:00+0200,3476.74532,MW,DE,DE_LU,forecast_solar_generation,Solar,2026-09-24T20:57:33Z
2026-09-24T20:56:21Z,2026-09-24T22:56:21+0200,dc914a0a-bbfd-4933-aa5a-9840c7a2aa48,2026-09-25T06:00:00Z,2026-09-25T08:00:00+0200,5707.22013,MW,DE,DE_LU,forecast_solar_generation,Solar,2026-09-24T20:57:33Z
2026-09-24T20:56:21Z,2026-09-24T22:56:21+0200,dc914a0a-bbfd-4933-aa5a-9840c7a2aa48,2026-09-25T06:15:00Z,2026-09-25T08:15:00+0200,8332.66617,MW,DE,DE_LU,forecast_solar_generation,Solar,2026-09-24T20:57:33Z
2026-09-24T20:56:21Z,2026-09-24T22:56:21+0200,dc914a0a-bbfd-4933-aa5a-9840c7a2aa48,2026-09-25T06:30:00Z,2026-09-25T08:30:00+0200,11338.26069,MW,DE,DE_LU,forecast_solar_generation,Solar,2026-09-24T20:57:33Z
2026-09-24T20:56:21Z,2026-09-24T22:56:21+0200,dc914a0a-bbfd-4933-aa5a-9840c7a2aa48,2026-09-25T06:45:00Z,2026-09-25T08:45:00+0200,14528.83315,MW,DE,DE_LU,forecast_solar_generation,Solar,2026-09-24T20:57:33Z
2026-09-24T20:56:21Z,2026-09-24T22:56:21+0200,dc914a0a-bbfd-4933-aa5a-9840c7a2aa48,2026-09-25T07:00:00Z,2026-09-25T09:00:00+0200,17847.78348,MW,DE,DE_LU,forecast_solar_generation,Solar,2026-09-24T20:57:33Z
2026-09-24T20:56:21Z,2026-09-24T22:56:21+0200,dc914a0a-bbfd-4933-aa5a-9840c7a2aa48,2026-09-25T07:15:00Z,2026-09-25T09:15:00+0200,21259.13066,MW,DE,DE_LU,forecast_solar_generation,Solar,2026-09-24T20:57:33Z
2026-09-24T20:56:21Z,2026-09-24T22:56:21+0200,dc914a0a-bbfd-4933-aa5a-9840c7a2aa48,2026-09-25T07:30:00Z,2026-09-25T09:30:00+0200,24625.53877,MW,DE,DE_LU,forecast_solar_generation,Solar,2026-09-24T20:57:33Z
2026-09-24T20:56:21Z,2026-09-24T22:56:21+0200,dc914a0a-bbfd-4933-aa5a-9840c7a2aa48,2026-09-25T07:45:00Z,2026-09-25T09:45:00+0200,27819.7332,MW,DE,DE_LU,forecast_solar_generation,Solar,2026-09-24T20:57:33Z
2026-09-24T20:56:21Z,2026-09-24T22:56:21+0200,dc914a0a-bbfd-4933-aa5a-9840c7a2aa48,2026-09-25T08:00:00Z,2026-09-25T10:00:00+0200,30808.28081,MW,DE,DE_LU,forecast_solar_generation,Solar,2026-09-24T20:57:33Z
2026-09-24T20:56:21Z,2026-09-24T22:56:21+0200,dc914a0a-bbfd-4933-aa5a-9840c7a2aa48,2026-09-25T08:15:00Z,2026-09-25T10:15:00+0200,33565.12709,MW,DE,DE_LU,forecast_solar_generation,Solar,2026-09-24T20:57:33Z
2026-09-24T20:56:21Z,2026-09-24T22:56:21+0200,dc914a0a-bbfd-4933-aa5a-9840c7a2aa48,2026-09-25T08:30:00Z,2026-09-25T10:30:00+0200,36053.81621,MW,DE,DE_LU,forecast_solar_generation,Solar,2026-09-24T20:57:33Z
2026-09-24T20:56:21Z,2026-09-24T22:56:21+0200,dc914a0a-bbfd-4933-aa5a-9840c7a2aa48,2026-09-25T08:45:00Z,2026-09-25T10:45:00+0200,38280.67364,MW,DE,DE_LU,forecast_solar_generation,Solar,2026-09-24T20:57:33Z
2026-09-24T20:56:21Z,2026-09-24T22:56:21+0200,dc914a0a-bbfd-4933-aa5a-9840c7a2aa48,2026-09-25T09:00:00Z,2026-09-25T11:00:00+0200,40261.48213,MW,DE,DE_LU,forecast_solar_generation,Solar,2026-09-24T20:57:33Z
2026-09-24T20:56:21Z,2026-09-24T22:56:21+0200,dc914a0a-bbfd-4933-aa5a-9840c7a2aa48,2026-09-25T09:15:00Z,2026-09-25T11:15:00+0200,41992.91677,MW,DE,DE_LU,forecast_solar_generation,Solar,2026-09-24T20:57:33Z
2026-09-24T20:56:21Z,2026-09-24T22:56:21+0200,dc914a0a-bbfd-4933-aa5a-9840c7a2aa48,2026-09-25T09:30:00Z,2026-09-25T11:30:00+0200,43435.35785,MW,DE,DE_LU,forecast_solar_generation,Solar,2026-09-24T20:57:33Z
2026-09-24T20:56:21Z,2026-09-24T22:56:21+0200,dc914a0a-bbfd-4933-aa5a-9840c7a2aa48,2026-09-25T09:45:00Z,2026-09-25T11:45:00+0200,44577.11697,MW,DE,DE_LU,forecast_solar_generation,Solar,2026-09-24T20:57:33Z
2026-09-24T20:56:21Z,2026-09-24T22:56:21+0200,dc914a0a-bbfd-4933-aa5a-9840c7a2aa48,2026-09-25T10:00:00Z,2026-09-25T12:00:00+0200,45487.47724,MW,DE,DE_LU,forecast_solar_generation,Solar,2026-09-24T20:57:33Z
2026-09-24T20:56:21Z,2026-09-24T22:56:21+0200,dc914a0a-bbfd-4933-aa5a-9840c7a2aa48,2026-09-25T10:15:00Z,2026-09-25T12:15:00+0200,46178.86918,MW,DE,DE_LU,forecast_solar_generation,Solar,2026-09-24T20:57:33Z
2026-09-24T20:56:21Z,2026-09-24T22:56:21+0200,dc914a0a-bbfd-4933-aa5a-9840c7a2aa48,2026-09-25T10:30:00Z,2026-09-25T12:30:00+0200,46666.88356,MW,DE,DE_LU,forecast_solar_generation,Solar,2026-09-24T20:57:33Z
2026-09-24T20:56:21Z,2026-09-24T22:56:21+0200,dc914a0a-bbfd-4933-aa5a-9840c7a2aa48,2026-09-25T10:45:00Z,2026-09-25T12:45:00+0200,46959.10536,MW,DE,DE_LU,forecast_solar_generation,Solar,2026-09-24T20:57:33Z
2026-09-24T20:56:21Z,2026-09-24T22:56:21+0200,dc914a0a-bbfd-4933-aa5a-9840c7a2aa48,2026-09-25T11:00:00Z,2026-09-25T13:00:00+0200,47038.14346,MW,DE,DE_LU,forecast_solar_generation,Solar,2026-09-24T20:57:33Z
2026-09-24T20:56:21Z,2026-09-24T22:56:21+0200,dc914a0a-bbfd-4933-aa5a-9840c7a2aa48,2026-09-25T11:15:00Z,2026-09-25T13:15:00+0200,46911.4325,MW,DE,DE_LU,forecast_solar_generation,Solar,2026-09-24T20:57:33Z
2026-09-24T20:56:21Z,2026-09-24T22:56:21+0200,dc914a0a-bbfd-4933-aa5a-9840c7a2aa48,2026-09-25T11:30:00Z,2026-09-25T13:30:00+0200,46612.93422,MW,DE,DE_LU,forecast_solar_generation,Solar,2026-09-24T20:57:33Z
2026-09-24T20:56:21Z,2026-09-24T22:56:21+0200,dc914a0a-bbfd-4933-aa5a-9840c7a2aa48,2026-09-25T11:45:00Z,2026-09-25T13:45:00+0200,46115.2045,MW,DE,DE_LU,forecast_solar_generation,Solar,2026-09-24T20:57:33Z
2026-09-24T20:56:21Z,2026-09-24T22:56:21+0200,dc914a0a-bbfd-4933-aa5a-9840c7a2aa48,2026-09-25T12:00:00Z,2026-09-25T14:00:00+0200,45449.7159,MW,DE,DE_LU,forecast_solar_generation,Solar,2026-09-24T20:57:33Z
2026-09-24T20:56:21Z,2026-09-24T22:56:21+0200,dc914a0a-bbfd-4933-aa5a-9840c7a2aa48,2026-09-25T12:15:00Z,2026-09-25T14:15:00+0200,44588.30456,MW,DE,DE_LU,forecast_solar_generation,Solar,2026-09-24T20:57:33Z
2026-09-24T20:56:21Z,2026-09-24T22:56:21+0200,dc914a0a-bbfd-4933-aa5a-9840c7a2aa48,2026-09-25T12:30:00Z,2026-09-25T14:30:00+0200,43545.69666,MW,DE,DE_LU,forecast_solar_generation,Solar,2026-09-24T20:57:33Z
2026-09-24T20:56:21Z,2026-09-24T22:56:21+0200,dc914a0a-bbfd-4933-aa5a-9840c7a2aa48,2026-09-25T12:45:00Z,2026-09-25T14:45:00+0200,42321.53447,MW,DE,DE_LU,forecast_solar_generation,Solar,2026-09-24T20:57:33Z
2026-09-24T20:56:21Z,2026-09-24T22:56:21+0200,dc914a0a-bbfd-4933-aa5a-9840c7a2aa48,2026-09-25T13:00:00Z,2026-09-25T15:00:00+0200,40812.75199,MW,DE,DE_LU,forecast_solar_generation,Solar,2026-09-24T20:57:33Z
2026-09-24T20:56:21Z,2026-09-24T22:56:21+0200,dc914a0a-bbfd-4933-aa5a-9840c7a2aa48,2026-09-25T13:15:00Z,2026-09-25T15:15:00+0200,39018.99294,MW,DE,DE_LU,forecast_solar_generation,Solar,2026-09-24T20:57:33Z
2026-09-24T20:56:21Z,2026-09-24T22:56:21+0200,dc914a0a-bbfd-4933-aa5a-9840c7a2aa48,2026-09-25T13:30:00Z,2026-09-25T15:30:00+0200,36973.45334,MW,DE,DE_LU,forecast_solar_generation,Solar,2026-09-24T20:57:33Z
2026-09-24T20:56:21Z,2026-09-24T22:56:21+0200,dc914a0a-bbfd-4933-aa5a-9840c7a2aa48,2026-09-25T13:45:00Z,2026-09-25T15:45:00+0200,34668.00823,MW,DE,DE_LU,forecast_solar_generation,Solar,2026-09-24T20:57:33Z
2026-09-24T20:56:21Z,2026-09-24T22:56:21+0200,dc914a0a-bbfd-4933-aa5a-9840c7a2aa48,2026-09-25T14:00:00Z,2026-09-25T16:00:00+0200,32206.20065,MW,DE,DE_LU,forecast_solar_generation,Solar,2026-09-24T20:57:33Z
2026-09-24T20:56:21Z,2026-09-24T22:56:21+0200,dc914a0a-bbfd-4933-aa5a-9840c7a2aa48,2026-09-25T14:15:00Z,2026-09-25T16:15:00+0200,29558.4694,MW,DE,DE_LU,forecast_solar_generation,Solar,2026-09-24T20:57:33Z
2026-09-24T20:56:21Z,2026-09-24T22:56:21+0200,dc914a0a-bbfd-4933-aa5a-9840c7a2aa48,2026-09-25T14:30:00Z,2026-09-25T16:30:00+0200,26690.79857,MW,DE,DE_LU,forecast_solar_generation,Solar,2026-09-24T20:57:33Z
2026-09-24T20:56:21Z,2026-09-24T22:56:21+0200,dc914a0a-bbfd-4933-aa5a-9840c7a2aa48,2026-09-25T14:45:00Z,2026-09-25T16:45:00+0200,23587.42445,MW,DE,DE_LU,forecast_solar_generation,Solar,2026-09-24T20:57:33Z
2026-09-24T20:56:21Z,2026-09-24T22:56:21+0200,dc914a0a-bbfd-4933-aa5a-9840c7a2aa48,2026-09-25T15:00:00Z,2026-09-25T17:00:00+0200,20267.65141,MW,DE,DE_LU,forecast_solar_generation,Solar,2026-09-24T20:57:33Z
2026-09-24T20:56:21Z,2026-09-24T22:56:21+0200,dc914a0a-bbfd-4933-aa5a-9840c7a2aa48,2026-09-25T15:15:00Z,2026-09-25T17:15:00+0200,16812.70996,MW,DE,DE_LU,forecast_solar_generation,Solar,2026-09-24T20:57:33Z
2026-09-24T20:56:21Z,2026-09-24T22:56:21+0200,dc914a0a-bbfd-4933-aa5a-9840c7a2aa48,2026-09-25T15:30:00Z,2026-09-25T17:30:00+0200,13368.55432,MW,DE,DE_LU,forecast_solar_generation,Solar,2026-09-24T20:57:33Z
2026-09-24T20:56:21Z,2026-09-24T22:56:21+0200,dc914a0a-bbfd-4933-aa5a-9840c7a2aa48,2026-09-25T15:45:00Z,2026-09-25T17:45:00+0200,10058.54723,MW,DE,DE_LU,forecast_solar_generation,Solar,2026-09-24T20:57:33Z
2026-09-24T20:56:21Z,2026-09-24T22:56:21+0200,dc914a0a-bbfd-4933-aa5a-9840c7a2aa48,2026-09-25T16:00:00Z,2026-09-25T18:00:00+0200,7083.1146,MW,DE,DE_LU,forecast_solar_generation,Solar,2026-09-24T20:57:33Z
2026-09-24T20:56:21Z,2026-09-24T22:56:21+0200,dc914a0a-bbfd-4933-aa5a-9840c7a2aa48,2026-09-25T16:15:00Z,2026-09-25T18:15:00+0200,4534.98263,MW,DE,DE_LU,forecast_solar_generation,Solar,2026-09-24T20:57:33Z
2026-09-24T20:56:21Z,2026-09-24T22:56:21+0200,dc914a0a-bbfd-4933-aa5a-9840c7a2aa48,2026-09-25T16:30:00Z,2026-09-25T18:30:00+0200,2509.34826,MW,DE,DE_LU,forecast_solar_generation,Solar,2026-09-24T20:57:33Z
2026-09-24T20:56:21Z,2026-09-24T22:56:21+0200,dc914a0a-bbfd-4933-aa5a-9840c7a2aa48,2026-09-25T16:45:00Z,2026-09-25T18:45:00+0200,1050.04954,MW,DE,DE_LU,forecast_solar_generation,Solar,2026-09-24T20:57:33Z
2026-09-24T20:56:21Z,2026-09-24T22:56:21+0200,dc914a0a-bbfd-4933-aa5a-9840c7a2aa48,2026-09-25T17:00:00Z,2026-09-25T19:00:00+0200,280.32689,MW,DE,DE_LU,forecast_solar_generation,Solar,2026-09-24T20:57:33Z
2026-09-24T20:56:21Z,2026-09-24T22:56:21+0200,dc914a0a-bbfd-4933-aa5a-9840c7a2aa48,2026-09-25T17:15:00Z,2026-09-25T19:15:00+0200,62.23252,MW,DE,DE_LU,forecast_solar_generation,Solar,2026-09-24T20:57:33Z
2026-09-24T20:56:21Z,2026-09-24T22:56:21+0200,dc914a0a-bbfd-4933-aa5a-9840c7a2aa48,2026-09-25T17:30:00Z,2026-09-25T19:30:00+0200,0.0,MW,DE,DE_LU,forecast_solar_generation,Solar,2026-09-24T20:57:33Z
2026-09-24T20:56:21Z,2026-09-24T22:56:21+0200,dc914a0a-bbfd-4933-aa5a-9840c7a2aa48,2026-09-25T17:45:00Z,2026-09-25T19:45:00+0200,0.0,MW,DE,DE_LU,forecast_solar_generation,Solar,2026-09-24T20:57:33Z
2026-09-24T20:56:21Z,2026-09-24T22:56:21+0200,dc914a0a-bbfd-4933-aa5a-9840c7a2aa48,2026-09-25T18:00:00Z,2026-09-25T20:00:00+0200,0.0,MW,DE,DE_LU,forecast_solar_generation,Solar,2026-09-24T20:57:33Z
2026-09-24T20:56:21Z,2026-09-24T22:56:21+0200,dc914a0a-bbfd-4933-aa5a-9840c7a2aa48,2026-09-25T18:15:00Z,2026-09-25T20:15:00+0200,0.0,MW,DE,DE_LU,forecast_solar_generation,Solar,2026-09-24T20:57:33Z
2026-09-24T20:56:21Z,2026-09-24T22:56:21+0200,dc914a0a-bbfd-4933-aa5a-9840c7a2aa48,2026-09-25T18:30:00Z,2026-09-25T20:30:00+0200,0.0,MW,DE,DE_LU,forecast_solar_generation,Solar,2026-09-24T20:57:33Z
2026-09-24T20:56:21Z,2026-09-24T22:56:21+0200,dc914a0a-bbfd-4933-aa5a-9840c7a2aa48,2026-09-25T18:45:00Z,2026-09-25T20:45:00+0200,0.0,MW,DE,DE_LU,forecast_solar_generation,Solar,2026-09-24T20:57:33Z
2026-09-24T20:56:21Z,2026-09-24T22:56:21+0200,dc914a0a-bbfd-4933-aa5a-9840c7a2aa48,2026-09-25T19:00:00Z,2026-09-25T21:00:00+0200,0.0,MW,DE,DE_LU,forecast_solar_generation,Solar,2026-09-24T20:57:33Z
2026-09-24T20:56:21Z,2026-09-24T22:56:21+0200,dc914a0a-bbfd-4933-aa5a-9840c7a2aa48,2026-09-25T19:15:00Z,2026-09-25T21:15:00+0200,0.0,MW,DE,DE_LU,forecast_solar_generation,Solar,2026-09-24T20:57:33Z
2026-09-24T20:56:21Z,2026-09-24T22:56:21+0200,dc914a0a-bbfd-4933-aa5a-9840c7a2aa48,2026-09-25T19:30:00Z,2026-09-25T21:30:00+0200,0.0,MW,DE,DE_LU,forecast_solar_generation,Solar,2026-09-24T20:57:33Z
2026-09-24T20:56:21Z,2026-09-24T22:56:21+0200,dc914a0a-bbfd-4933-aa5a-9840c7a2aa48,2026-09-25T19:45:00Z,2026-09-25T21:45:00+0200,0.0,MW,DE,DE_LU,forecast_solar_generation,Solar,2026-09-24T20:57:33Z
2026-09-24T20:56:21Z,2026-09-24T22:56:21+0200,dc914a0a-bbfd-4933-aa5a-9840c7a2aa48,2026-09-25T20:00:00Z,2026-09-25T22:00:00+0200,0.0,MW,DE,DE_LU,forecast_solar_generation,Solar,2026-09-24T20:57:33Z
2026-09-24T20:56:21Z,2026-09-24T22:56:21+0200,dc914a0a-bbfd-4933-aa5a-9840c7a2aa48,2026-09-25T20:15:00Z,2026-09-25T22:15:00+0200,0.0,MW,DE,DE_LU,forecast_solar_generation,Solar,2026-09-24T20:57:33Z
2026-09-24T20:56:21Z,2026-09-24T22:56:21+0200,dc914a0a-bbfd-4933-aa5a-9840c7a2aa48,2026-09-25T20:30:00Z,2026-09-25T22:30:00+0200,0.0,MW,DE,DE_LU,forecast_solar_generation,Solar,2026-09-24T20:57:33Z
2026-09-24T20:56:21Z,2026-09-24T22:56:21+0200,dc914a0a-bbfd-4933-aa5a-9840c7a2aa48,2026-09-25T20:45:00Z,2026-09-25T22:45:00+0200,0.0,MW,DE,DE_LU,forecast_solar_generation,Solar,2026-09-24T20:57:33Z
2026-09-24T20:56:21Z,2026-09-24T22:56:21+0200,dc914a0a-bbfd-4933-aa5a-9840c7a2aa48,2026-09-25T21:00:00Z,2026-09-25T23:00:00+0200,0.0,MW,DE,DE_LU,forecast_solar_generation,Solar,2026-09-24T20:57:33Z
2026-09-24T20:56:21Z,2026-09-24T22:56:21+0200,dc914a0a-bbfd-4933-aa5a-9840c7a2aa48,2026-09-25T21:15:00Z,2026-09-25T23:15:00+0200,0.0,MW,DE,DE_LU,forecast_solar_generation,Solar,2026-09-24T20:57:33Z
2026-09-24T20:56:21Z,2026-09-24T22:56:21+0200,dc914a0a-bbfd-4933-aa5a-9840c7a2aa48,2026-09-25T21:30:00Z,2026-09-25T23:30:00+0200,0.0,MW,DE,DE_LU,forecast_solar_generation,Solar,2026-09-24T20:57:33Z
2026-09-24T20:56:21Z,2026-09-24T22:56:21+0200,dc914a0a-bbfd-4933-aa5a-9840c7a2aa48,2026-09-25T21:45:00Z,2026-09-25T23:45:00+0200,0.0,MW,DE,DE_LU,forecast_solar_generation,Solar,2026-09-24T20:57:33Z
