collection_time_utc,collection_time_local,run_id,timestamp_utc,timestamp_local,value,unit,country,entsoe_area,variable,source,updated_at_utc
2026-09-13T18:59:46Z,2026-09-13T20:59:46+0200,d4303d36-784d-4112-aeb9-e8cb25469a92,2026-09-06T19:15:00Z,2026-09-06T21:15:00+0200,0.0,MW,DK1,DK_1,forecast_solar_generation,Solar,2026-09-13T19:00:54Z
2026-09-13T18:59:46Z,2026-09-13T20:59:46+0200,d4303d36-784d-4112-aeb9-e8cb25469a92,2026-09-06T19:30:00Z,2026-09-06T21:30:00+0200,0.0,MW,DK1,DK_1,forecast_solar_generation,Solar,2026-09-13T19:00:54Z
2026-09-13T18:59:46Z,2026-09-13T20:59:46+0200,d4303d36-784d-4112-aeb9-e8cb25469a92,2026-09-06T19:45:00Z,2026-09-06T21:45:00+0200,0.0,MW,DK1,DK_1,forecast_solar_generation,Solar,2026-09-13T19:00:54Z
2026-09-13T18:59:46Z,2026-09-13T20:59:46+0200,d4303d36-784d-4112-aeb9-e8cb25469a92,2026-09-06T20:00:00Z,2026-09-06T22:00:00+0200,0.0,MW,DK1,DK_1,forecast_solar_generation,Solar,2026-09-13T19:00:54Z
2026-09-13T18:59:46Z,2026-09-13T20:59:46+0200,d4303d36-784d-4112-aeb9-e8cb25469a92,2026-09-06T20:15:00Z,2026-09-06T22:15:00+0200,0.0,MW,DK1,DK_1,forecast_solar_generation,Solar,2026-09-13T19:00:54Z
2026-09-13T18:59:46Z,2026-09-13T20:59:46+0200,d4303d36-784d-4112-aeb9-e8cb25469a92,2026-09-06T20:30:00Z,2026-09-06T22:30:00+0200,0.0,MW,DK1,DK_1,forecast_solar_generation,Solar,2026-09-13T19:00:54Z
2026-09-13T18:59:46Z,2026-09-13T20:59:46+0200,d4303d36-784d-4112-aeb9-e8cb25469a92,2026-09-06T20:45:00Z,2026-09-06T22:45:00+0200,0.0,MW,DK1,DK_1,forecast_solar_generation,Solar,2026-09-13T19:00:54Z
2026-09-13T18:59:46Z,2026-09-13T20:59:46+0200,d4303d36-784d-4112-aeb9-e8cb25469a92,2026-09-06T21:00:00Z,2026-09-06T23:00:00+0200,0.0,MW,DK1,DK_1,forecast_solar_generation,Solar,2026-09-13T19:00:54Z
2026-09-13T18:59:46Z,2026-09-13T20:59:46+0200,d4303d36-784d-4112-aeb9-e8cb25469a92,2026-09-06T21:15:00Z,2026-09-06T23:15:00+0200,0.0,MW,DK1,DK_1,forecast_solar_generation,Solar,2026-09-13T19:00:54Z
2026-09-13T18:59:46Z,2026-09-13T20:59:46+0200,d4303d36-784d-4112-aeb9-e8cb25469a92,2026-09-06T21:30:00Z,2026-09-06T23:30:00+0200,0.0,MW,DK1,DK_1,forecast_solar_generation,Solar,2026-09-13T19:00:54Z
2026-09-13T18:59:46Z,2026-09-13T20:59:46+0200,d4303d36-784d-4112-aeb9-e8cb25469a92,2026-09-06T21:45:00Z,2026-09-06T23:45:00+0200,0.0,MW,DK1,DK_1,forecast_solar_generation,Solar,2026-09-13T19:00:54Z
2026-09-13T18:59:46Z,2026-09-13T20:59:46+0200,d4303d36-784d-4112-aeb9-e8cb25469a92,2026-09-06T22:00:00Z,2026-09-07T00:00:00+0200,0.0,MW,DK1,DK_1,forecast_solar_generation,Solar,2026-09-13T19:00:54Z
2026-09-13T18:59:46Z,2026-09-13T20:59:46+0200,d4303d36-784d-4112-aeb9-e8cb25469a92,2026-09-06T22:15:00Z,2026-09-07T00:15:00+0200,0.0,MW,DK1,DK_1,forecast_solar_generation,Solar,2026-09-13T19:00:54Z
2026-09-13T18:59:46Z,2026-09-13T20:59:46+0200,d4303d36-784d-4112-aeb9-e8cb25469a92,2026-09-06T22:30:00Z,2026-09-07T00:30:00+0200,0.0,MW,DK1,DK_1,forecast_solar_generation,Solar,2026-09-13T19:00:54Z
2026-09-13T18:59:46Z,2026-09-13T20:59:46+0200,d4303d36-784d-4112-aeb9-e8cb25469a92,2026-09-06T22:45:00Z,2026-09-07T00:45:00+0200,0.0,MW,DK1,DK_1,forecast_solar_generation,Solar,2026-09-13T19:00:54Z
2026-09-13T18:59:46Z,2026-09-13T20:59:46+0200,d4303d36-784d-4112-aeb9-e8cb25469a92,2026-09-06T23:00:00Z,2026-09-07T01:00:00+0200,0.0,MW,DK1,DK_1,forecast_solar_generation,Solar,2026-09-13T19:00:54Z
2026-09-13T18:59:46Z,2026-09-13T20:59:46+0200,d4303d36-784d-4112-aeb9-e8cb25469a92,2026-09-06T23:15:00Z,2026-09-07T01:15:00+0200,0.0,MW,DK1,DK_1,forecast_solar_generation,Solar,2026-09-13T19:00:54Z
2026-09-13T18:59:46Z,2026-09-13T20:59:46+0200,d4303d36-784d-4112-aeb9-e8cb25469a92,2026-09-06T23:30:00Z,2026-09-07T01:30:00+0200,0.0,MW,DK1,DK_1,forecast_solar_generation,Solar,2026-09-13T19:00:54Z
2026-09-13T18:59:46Z,2026-09-13T20:59:46+0200,d4303d36-784d-4112-aeb9-e8cb25469a92,2026-09-06T23:45:00Z,2026-09-07T01:45:00+0200,0.0,MW,DK1,DK_1,forecast_solar_generation,Solar,2026-09-13T19:00:54Z
2026-09-13T18:59:46Z,2026-09-13T20:59:46+0200,d4303d36-784d-4112-aeb9-e8cb25469a92,2026-09-07T00:00:00Z,2026-09-07T02:00:00+0200,0.0,MW,DK1,DK_1,forecast_solar_generation,Solar,2026-09-13T19:00:54Z
2026-09-13T18:59:46Z,2026-09-13T20:59:46+0200,d4303d36-784d-4112-aeb9-e8cb25469a92,2026-09-07T00:15:00Z,2026-09-07T02:15:00+0200,0.0,MW,DK1,DK_1,forecast_solar_generation,Solar,2026-09-13T19:00:54Z
2026-09-13T18:59:46Z,2026-09-13T20:59:46+0200,d4303d36-784d-4112-aeb9-e8cb25469a92,2026-09-07T00:30:00Z,2026-09-07T02:30:00+0200,0.0,MW,DK1,DK_1,forecast_solar_generation,Solar,2026-09-13T19:00:54Z
2026-09-13T18:59:46Z,2026-09-13T20:59:46+0200,d4303d36-784d-4112-aeb9-e8cb25469a92,2026-09-07T00:45:00Z,2026-09-07T02:45:00+0200,0.0,MW,DK1,DK_1,forecast_solar_generation,Solar,2026-09-13T19:00:54Z
2026-09-13T18:59:46Z,2026-09-13T20:59:46+0200,d4303d36-784d-4112-aeb9-e8cb25469a92,2026-09-07T01:00:00Z,2026-09-07T03:00:00+0200,0.0,MW,DK1,DK_1,forecast_solar_generation,Solar,2026-09-13T19:00:54Z
2026-09-13T18:59:46Z,2026-09-13T20:59:46+0200,d4303d36-784d-4112-aeb9-e8cb25469a92,2026-09-07T01:15:00Z,2026-09-07T03:15:00+0200,0.0,MW,DK1,DK_1,forecast_solar_generation,Solar,2026-09-13T19:00:54Z
2026-09-13T18:59:46Z,2026-09-13T20:59:46+0200,d4303d36-784d-4112-aeb9-e8cb25469a92,2026-09-07T01:30:00Z,2026-09-07T03:30:00+0200,0.0,MW,DK1,DK_1,forecast_solar_generation,Solar,2026-09-13T19:00:54Z
2026-09-13T18:59:46Z,2026-09-13T20:59:46+0200,d4303d36-784d-4112-aeb9-e8cb25469a92,2026-09-07T01:45:00Z,2026-09-07T03:45:00+0200,0.0,MW,DK1,DK_1,forecast_solar_generation,Solar,2026-09-13T19:00:54Z
2026-09-13T18:59:46Z,2026-09-13T20:59:46+0200,d4303d36-784d-4112-aeb9-e8cb25469a92,2026-09-07T02:00:00Z,2026-09-07T04:00:00+0200,0.0,MW,DK1,DK_1,forecast_solar_generation,Solar,2026-09-13T19:00:54Z
2026-09-13T18:59:46Z,2026-09-13T20:59:46+0200,d4303d36-784d-4112-aeb9-e8cb25469a92,2026-09-07T02:15:00Z,2026-09-07T04:15:00+0200,0.0,MW,DK1,DK_1,forecast_solar_generation,Solar,2026-09-13T19:00:54Z
2026-09-13T18:59:46Z,2026-09-13T20:59:46+0200,d4303d36-784d-4112-aeb9-e8cb25469a92,2026-09-07T02:30:00Z,2026-09-07T04:30:00+0200,0.0,MW,DK1,DK_1,forecast_solar_generation,Solar,2026-09-13T19:00:54Z
2026-09-13T18:59:46Z,2026-09-13T20:59:46+0200,d4303d36-784d-4112-aeb9-e8cb25469a92,2026-09-07T02:45:00Z,2026-09-07T04:45:00+0200,0.0,MW,DK1,DK_1,forecast_solar_generation,Solar,2026-09-13T19:00:54Z
2026-09-13T18:59:46Z,2026-09-13T20:59:46+0200,d4303d36-784d-4112-aeb9-e8cb25469a92,2026-09-07T03:00:00Z,2026-09-07T05:00:00+0200,0.0,MW,DK1,DK_1,forecast_solar_generation,Solar,2026-09-13T19:00:54Z
2026-09-13T18:59:46Z,2026-09-13T20:59:46+0200,d4303d36-784d-4112-aeb9-e8cb25469a92,2026-09-07T03:15:00Z,2026-09-07T05:15:00+0200,0.0,MW,DK1,DK_1,forecast_solar_generation,Solar,2026-09-13T19:00:54Z
2026-09-13T18:59:46Z,2026-09-13T20:59:46+0200,d4303d36-784d-4112-aeb9-e8cb25469a92,2026-09-07T03:30:00Z,2026-09-07T05:30:00+0200,0.0,MW,DK1,DK_1,forecast_solar_generation,Solar,2026-09-13T19:00:54Z
2026-09-13T18:59:46Z,2026-09-13T20:59:46+0200,d4303d36-784d-4112-aeb9-e8cb25469a92,2026-09-07T03:45:00Z,2026-09-07T05:45:00+0200,0.0,MW,DK1,DK_1,forecast_solar_generation,Solar,2026-09-13T19:00:54Z
2026-09-13T18:59:46Z,2026-09-13T20:59:46+0200,d4303d36-784d-4112-aeb9-e8cb25469a92,2026-09-07T04:00:00Z,2026-09-07T06:00:00+0200,0.0,MW,DK1,DK_1,forecast_solar_generation,Solar,2026-09-13T19:00:54Z
2026-09-13T18:59:46Z,2026-09-13T20:59:46+0200,d4303d36-784d-4112-aeb9-e8cb25469a92,2026-09-07T04:15:00Z,2026-09-07T06:15:00+0200,0.0,MW,DK1,DK_1,forecast_solar_generation,Solar,2026-09-13T19:00:54Z
2026-09-13T18:59:46Z,2026-09-13T20:59:46+0200,d4303d36-784d-4112-aeb9-e8cb25469a92,2026-09-07T04:30:00Z,2026-09-07T06:30:00+0200,0.1,MW,DK1,DK_1,forecast_solar_generation,Solar,2026-09-13T19:00:54Z
2026-09-13T18:59:46Z,2026-09-13T20:59:46+0200,d4303d36-784d-4112-aeb9-e8cb25469a92,2026-09-07T04:45:00Z,2026-09-07T06:45:00+0200,5.31,MW,DK1,DK_1,forecast_solar_generation,Solar,2026-09-13T19:00:54Z
2026-09-13T18:59:46Z,2026-09-13T20:59:46+0200,d4303d36-784d-4112-aeb9-e8cb25469a92,2026-09-07T05:00:00Z,2026-09-07T07:00:00+0200,37.378333,MW,DK1,DK_1,forecast_solar_generation,Solar,2026-09-13T19:00:54Z
2026-09-13T18:59:46Z,2026-09-13T20:59:46+0200,d4303d36-784d-4112-aeb9-e8cb25469a92,2026-09-07T05:15:00Z,2026-09-07T07:15:00+0200,95.536666,MW,DK1,DK_1,forecast_solar_generation,Solar,2026-09-13T19:00:54Z
2026-09-13T18:59:46Z,2026-09-13T20:59:46+0200,d4303d36-784d-4112-aeb9-e8cb25469a92,2026-09-07T05:30:00Z,2026-09-07T07:30:00+0200,171.028333,MW,DK1,DK_1,forecast_solar_generation,Solar,2026-09-13T19:00:54Z
2026-09-13T18:59:46Z,2026-09-13T20:59:46+0200,d4303d36-784d-4112-aeb9-e8cb25469a92,2026-09-07T05:45:00Z,2026-09-07T07:45:00+0200,259.896666,MW,DK1,DK_1,forecast_solar_generation,Solar,2026-09-13T19:00:54Z
2026-09-13T18:59:46Z,2026-09-13T20:59:46+0200,d4303d36-784d-4112-aeb9-e8cb25469a92,2026-09-07T06:00:00Z,2026-09-07T08:00:00+0200,359.821666,MW,DK1,DK_1,forecast_solar_generation,Solar,2026-09-13T19:00:54Z
2026-09-13T18:59:46Z,2026-09-13T20:59:46+0200,d4303d36-784d-4112-aeb9-e8cb25469a92,2026-09-07T06:15:00Z,2026-09-07T08:15:00+0200,467.405,MW,DK1,DK_1,forecast_solar_generation,Solar,2026-09-13T19:00:54Z
2026-09-13T18:59:46Z,2026-09-13T20:59:46+0200,d4303d36-784d-4112-aeb9-e8cb25469a92,2026-09-07T06:30:00Z,2026-09-07T08:30:00+0200,578.636666,MW,DK1,DK_1,forecast_solar_generation,Solar,2026-09-13T19:00:54Z
2026-09-13T18:59:46Z,2026-09-13T20:59:46+0200,d4303d36-784d-4112-aeb9-e8cb25469a92,2026-09-07T06:45:00Z,2026-09-07T08:45:00+0200,690.035,MW,DK1,DK_1,forecast_solar_generation,Solar,2026-09-13T19:00:54Z
2026-09-13T18:59:46Z,2026-09-13T20:59:46+0200,d4303d36-784d-4112-aeb9-e8cb25469a92,2026-09-07T07:00:00Z,2026-09-07T09:00:00+0200,804.361666,MW,DK1,DK_1,forecast_solar_generation,Solar,2026-09-13T19:00:54Z
2026-09-13T18:59:46Z,2026-09-13T20:59:46+0200,d4303d36-784d-4112-aeb9-e8cb25469a92,2026-09-07T07:15:00Z,2026-09-07T09:15:00+0200,913.713333,MW,DK1,DK_1,forecast_solar_generation,Solar,2026-09-13T19:00:54Z
2026-09-13T18:59:46Z,2026-09-13T20:59:46+0200,d4303d36-784d-4112-aeb9-e8cb25469a92,2026-09-07T07:30:00Z,2026-09-07T09:30:00+0200,1017.788333,MW,DK1,DK_1,forecast_solar_generation,Solar,2026-09-13T19:00:54Z
2026-09-13T18:59:46Z,2026-09-13T20:59:46+0200,d4303d36-784d-4112-aeb9-e8cb25469a92,2026-09-07T07:45:00Z,2026-09-07T09:45:00+0200,1112.986666,MW,DK1,DK_1,forecast_solar_generation,Solar,2026-09-13T19:00:54Z
2026-09-13T18:59:46Z,2026-09-13T20:59:46+0200,d4303d36-784d-4112-aeb9-e8cb25469a92,2026-09-07T08:00:00Z,2026-09-07T10:00:00+0200,1199.41,MW,DK1,DK_1,forecast_solar_generation,Solar,2026-09-13T19:00:54Z
2026-09-13T18:59:46Z,2026-09-13T20:59:46+0200,d4303d36-784d-4112-aeb9-e8cb25469a92,2026-09-07T08:15:00Z,2026-09-07T10:15:00+0200,1278.521666,MW,DK1,DK_1,forecast_solar_generation,Solar,2026-09-13T19:00:54Z
2026-09-13T18:59:46Z,2026-09-13T20:59:46+0200,d4303d36-784d-4112-aeb9-e8cb25469a92,2026-09-07T08:30:00Z,2026-09-07T10:30:00+0200,1348.333333,MW,DK1,DK_1,forecast_solar_generation,Solar,2026-09-13T19:00:54Z
2026-09-13T18:59:46Z,2026-09-13T20:59:46+0200,d4303d36-784d-4112-aeb9-e8cb25469a92,2026-09-07T08:45:00Z,2026-09-07T10:45:00+0200,1399.168333,MW,DK1,DK_1,forecast_solar_generation,Solar,2026-09-13T19:00:54Z
2026-09-13T18:59:46Z,2026-09-13T20:59:46+0200,d4303d36-784d-4112-aeb9-e8cb25469a92,2026-09-07T09:00:00Z,2026-09-07T11:00:00+0200,1434.123333,MW,DK1,DK_1,forecast_solar_generation,Solar,2026-09-13T19:00:54Z
2026-09-13T18:59:46Z,2026-09-13T20:59:46+0200,d4303d36-784d-4112-aeb9-e8cb25469a92,2026-09-07T09:15:00Z,2026-09-07T11:15:00+0200,1461.056666,MW,DK1,DK_1,forecast_solar_generation,Solar,2026-09-13T19:00:54Z
2026-09-13T18:59:46Z,2026-09-13T20:59:46+0200,d4303d36-784d-4112-aeb9-e8cb25469a92,2026-09-07T09:30:00Z,2026-09-07T11:30:00+0200,1481.811666,MW,DK1,DK_1,forecast_solar_generation,Solar,2026-09-13T19:00:54Z
2026-09-13T18:59:46Z,2026-09-13T20:59:46+0200,d4303d36-784d-4112-aeb9-e8cb25469a92,2026-09-07T09:45:00Z,2026-09-07T11:45:00+0200,1486.281666,MW,DK1,DK_1,forecast_solar_generation,Solar,2026-09-13T19:00:54Z
2026-09-13T18:59:46Z,2026-09-13T20:59:46+0200,d4303d36-784d-4112-aeb9-e8cb25469a92,2026-09-07T10:00:00Z,2026-09-07T12:00:00+0200,1478.701666,MW,DK1,DK_1,forecast_solar_generation,Solar,2026-09-13T19:00:54Z
2026-09-13T18:59:46Z,2026-09-13T20:59:46+0200,d4303d36-784d-4112-aeb9-e8cb25469a92,2026-09-07T10:15:00Z,2026-09-07T12:15:00+0200,1469.405,MW,DK1,DK_1,forecast_solar_generation,Solar,2026-09-13T19:00:54Z
2026-09-13T18:59:46Z,2026-09-13T20:59:46+0200,d4303d36-784d-4112-aeb9-e8cb25469a92,2026-09-07T10:30:00Z,2026-09-07T12:30:00+0200,1462.305,MW,DK1,DK_1,forecast_solar_generation,Solar,2026-09-13T19:00:54Z
2026-09-13T18:59:46Z,2026-09-13T20:59:46+0200,d4303d36-784d-4112-aeb9-e8cb25469a92,2026-09-07T10:45:00Z,2026-09-07T12:45:00+0200,1445.13,MW,DK1,DK_1,forecast_solar_generation,Solar,2026-09-13T19:00:54Z
2026-09-13T18:59:46Z,2026-09-13T20:59:46+0200,d4303d36-784d-4112-aeb9-e8cb25469a92,2026-09-07T11:00:00Z,2026-09-07T13:00:00+0200,1424.151666,MW,DK1,DK_1,forecast_solar_generation,Solar,2026-09-13T19:00:54Z
2026-09-13T18:59:46Z,2026-09-13T20:59:46+0200,d4303d36-784d-4112-aeb9-e8cb25469a92,2026-09-07T11:15:00Z,2026-09-07T13:15:00+0200,1409.041666,MW,DK1,DK_1,forecast_solar_generation,Solar,2026-09-13T19:00:54Z
2026-09-13T18:59:46Z,2026-09-13T20:59:46+0200,d4303d36-784d-4112-aeb9-e8cb25469a92,2026-09-07T11:30:00Z,2026-09-07T13:30:00+0200,1407.015,MW,DK1,DK_1,forecast_solar_generation,Solar,2026-09-13T19:00:54Z
2026-09-13T18:59:46Z,2026-09-13T20:59:46+0200,d4303d36-784d-4112-aeb9-e8cb25469a92,2026-09-07T11:45:00Z,2026-09-07T13:45:00+0200,1421.685,MW,DK1,DK_1,forecast_solar_generation,Solar,2026-09-13T19:00:54Z
2026-09-13T18:59:46Z,2026-09-13T20:59:46+0200,d4303d36-784d-4112-aeb9-e8cb25469a92,2026-09-07T12:00:00Z,2026-09-07T14:00:00+0200,1443.39,MW,DK1,DK_1,forecast_solar_generation,Solar,2026-09-13T19:00:54Z
2026-09-13T18:59:46Z,2026-09-13T20:59:46+0200,d4303d36-784d-4112-aeb9-e8cb25469a92,2026-09-07T12:15:00Z,2026-09-07T14:15:00+0200,1456.67,MW,DK1,DK_1,forecast_solar_generation,Solar,2026-09-13T19:00:54Z
2026-09-13T18:59:46Z,2026-09-13T20:59:46+0200,d4303d36-784d-4112-aeb9-e8cb25469a92,2026-09-07T12:30:00Z,2026-09-07T14:30:00+0200,1448.863333,MW,DK1,DK_1,forecast_solar_generation,Solar,2026-09-13T19:00:54Z
2026-09-13T18:59:46Z,2026-09-13T20:59:46+0200,d4303d36-784d-4112-aeb9-e8cb25469a92,2026-09-07T12:45:00Z,2026-09-07T14:45:00+0200,1430.703333,MW,DK1,DK_1,forecast_solar_generation,Solar,2026-09-13T19:00:54Z
2026-09-13T18:59:46Z,2026-09-13T20:59:46+0200,d4303d36-784d-4112-aeb9-e8cb25469a92,2026-09-07T13:00:00Z,2026-09-07T15:00:00+0200,1407.816666,MW,DK1,DK_1,forecast_solar_generation,Solar,2026-09-13T19:00:54Z
2026-09-13T18:59:46Z,2026-09-13T20:59:46+0200,d4303d36-784d-4112-aeb9-e8cb25469a92,2026-09-07T13:15:00Z,2026-09-07T15:15:00+0200,1380.901666,MW,DK1,DK_1,forecast_solar_generation,Solar,2026-09-13T19:00:54Z
2026-09-13T18:59:46Z,2026-09-13T20:59:46+0200,d4303d36-784d-4112-aeb9-e8cb25469a92,2026-09-07T13:30:00Z,2026-09-07T15:30:00+0200,1353.366666,MW,DK1,DK_1,forecast_solar_generation,Solar,2026-09-13T19:00:54Z
2026-09-13T18:59:46Z,2026-09-13T20:59:46+0200,d4303d36-784d-4112-aeb9-e8cb25469a92,2026-09-07T13:45:00Z,2026-09-07T15:45:00+0200,1313.498333,MW,DK1,DK_1,forecast_solar_generation,Solar,2026-09-13T19:00:54Z
2026-09-13T18:59:46Z,2026-09-13T20:59:46+0200,d4303d36-784d-4112-aeb9-e8cb25469a92,2026-09-07T14:00:00Z,2026-09-07T16:00:00+0200,1266.735,MW,DK1,DK_1,forecast_solar_generation,Solar,2026-09-13T19:00:54Z
2026-09-13T18:59:46Z,2026-09-13T20:59:46+0200,d4303d36-784d-4112-aeb9-e8cb25469a92,2026-09-07T14:15:00Z,2026-09-07T16:15:00+0200,1207.618333,MW,DK1,DK_1,forecast_solar_generation,Solar,2026-09-13T19:00:54Z
2026-09-13T18:59:46Z,2026-09-13T20:59:46+0200,d4303d36-784d-4112-aeb9-e8cb25469a92,2026-09-07T14:30:00Z,2026-09-07T16:30:00+0200,1135.999999,MW,DK1,DK_1,forecast_solar_generation,Solar,2026-09-13T19:00:54Z
2026-09-13T18:59:46Z,2026-09-13T20:59:46+0200,d4303d36-784d-4112-aeb9-e8cb25469a92,2026-09-07T14:45:00Z,2026-09-07T16:45:00+0200,1062.236666,MW,DK1,DK_1,forecast_solar_generation,Solar,2026-09-13T19:00:54Z
2026-09-13T18:59:46Z,2026-09-13T20:59:46+0200,d4303d36-784d-4112-aeb9-e8cb25469a92,2026-09-07T15:00:00Z,2026-09-07T17:00:00+0200,983.41,MW,DK1,DK_1,forecast_solar_generation,Solar,2026-09-13T19:00:54Z
2026-09-13T18:59:46Z,2026-09-13T20:59:46+0200,d4303d36-784d-4112-aeb9-e8cb25469a92,2026-09-07T15:15:00Z,2026-09-07T17:15:00+0200,893.38,MW,DK1,DK_1,forecast_solar_generation,Solar,2026-09-13T19:00:54Z
2026-09-13T18:59:46Z,2026-09-13T20:59:46+0200,d4303d36-784d-4112-aeb9-e8cb25469a92,2026-09-07T15:30:00Z,2026-09-07T17:30:00+0200,791.206666,MW,DK1,DK_1,forecast_solar_generation,Solar,2026-09-13T19:00:54Z
2026-09-13T18:59:46Z,2026-09-13T20:59:46+0200,d4303d36-784d-4112-aeb9-e8cb25469a92,2026-09-07T15:45:00Z,2026-09-07T17:45:00+0200,685.51,MW,DK1,DK_1,forecast_solar_generation,Solar,2026-09-13T19:00:54Z
2026-09-13T18:59:46Z,2026-09-13T20:59:46+0200,d4303d36-784d-4112-aeb9-e8cb25469a92,2026-09-07T16:00:00Z,2026-09-07T18:00:00+0200,583.018333,MW,DK1,DK_1,forecast_solar_generation,Solar,2026-09-13T19:00:54Z
2026-09-13T18:59:46Z,2026-09-13T20:59:46+0200,d4303d36-784d-4112-aeb9-e8cb25469a92,2026-09-07T16:15:00Z,2026-09-07T18:15:00+0200,467.088333,MW,DK1,DK_1,forecast_solar_generation,Solar,2026-09-13T19:00:54Z
2026-09-13T18:59:46Z,2026-09-13T20:59:46+0200,d4303d36-784d-4112-aeb9-e8cb25469a92,2026-09-07T16:30:00Z,2026-09-07T18:30:00+0200,351.676666,MW,DK1,DK_1,forecast_solar_generation,Solar,2026-09-13T19:00:54Z
2026-09-13T18:59:46Z,2026-09-13T20:59:46+0200,d4303d36-784d-4112-aeb9-e8cb25469a92,2026-09-07T16:45:00Z,2026-09-07T18:45:00+0200,248.178333,MW,DK1,DK_1,forecast_solar_generation,Solar,2026-09-13T19:00:54Z
2026-09-13T18:59:46Z,2026-09-13T20:59:46+0200,d4303d36-784d-4112-aeb9-e8cb25469a92,2026-09-07T17:00:00Z,2026-09-07T19:00:00+0200,156.661666,MW,DK1,DK_1,forecast_solar_generation,Solar,2026-09-13T19:00:54Z
2026-09-13T18:59:46Z,2026-09-13T20:59:46+0200,d4303d36-784d-4112-aeb9-e8cb25469a92,2026-09-07T17:15:00Z,2026-09-07T19:15:00+0200,78.583333,MW,DK1,DK_1,forecast_solar_generation,Solar,2026-09-13T19:00:54Z
2026-09-13T18:59:46Z,2026-09-13T20:59:46+0200,d4303d36-784d-4112-aeb9-e8cb25469a92,2026-09-07T17:30:00Z,2026-09-07T19:30:00+0200,22.058333,MW,DK1,DK_1,forecast_solar_generation,Solar,2026-09-13T19:00:54Z
2026-09-13T18:59:46Z,2026-09-13T20:59:46+0200,d4303d36-784d-4112-aeb9-e8cb25469a92,2026-09-07T17:45:00Z,2026-09-07T19:45:00+0200,1.39,MW,DK1,DK_1,forecast_solar_generation,Solar,2026-09-13T19:00:54Z
2026-09-13T18:59:46Z,2026-09-13T20:59:46+0200,d4303d36-784d-4112-aeb9-e8cb25469a92,2026-09-07T18:00:00Z,2026-09-07T20:00:00+0200,0.005,MW,DK1,DK_1,forecast_solar_generation,Solar,2026-09-13T19:00:54Z
2026-09-13T18:59:46Z,2026-09-13T20:59:46+0200,d4303d36-784d-4112-aeb9-e8cb25469a92,2026-09-07T18:15:00Z,2026-09-07T20:15:00+0200,0.0,MW,DK1,DK_1,forecast_solar_generation,Solar,2026-09-13T19:00:54Z
2026-09-13T18:59:46Z,2026-09-13T20:59:46+0200,d4303d36-784d-4112-aeb9-e8cb25469a92,2026-09-07T18:30:00Z,2026-09-07T20:30:00+0200,0.0,MW,DK1,DK_1,forecast_solar_generation,Solar,2026-09-13T19:00:54Z
2026-09-13T18:59:46Z,2026-09-13T20:59:46+0200,d4303d36-784d-4112-aeb9-e8cb25469a92,2026-09-07T18:45:00Z,2026-09-07T20:45:00+0200,0.0,MW,DK1,DK_1,forecast_solar_generation,Solar,2026-09-13T19:00:54Z
2026-09-13T18:59:46Z,2026-09-13T20:59:46+0200,d4303d36-784d-4112-aeb9-e8cb25469a92,2026-09-07T19:00:00Z,2026-09-07T21:00:00+0200,0.0,MW,DK1,DK_1,forecast_solar_generation,Solar,2026-09-13T19:00:54Z
2026-09-13T18:59:46Z,2026-09-13T20:59:46+0200,d4303d36-784d-4112-aeb9-e8cb25469a92,2026-09-07T19:15:00Z,2026-09-07T21:15:00+0200,0.0,MW,DK1,DK_1,forecast_solar_generation,Solar,2026-09-13T19:00:54Z
2026-09-13T18:59:46Z,2026-09-13T20:59:46+0200,d4303d36-784d-4112-aeb9-e8cb25469a92,2026-09-07T19:30:00Z,2026-09-07T21:30:00+0200,0.0,MW,DK1,DK_1,forecast_solar_generation,Solar,2026-09-13T19:00:54Z
2026-09-13T18:59:46Z,2026-09-13T20:59:46+0200,d4303d36-784d-4112-aeb9-e8cb25469a92,2026-09-07T19:45:00Z,2026-09-07T21:45:00+0200,0.0,MW,DK1,DK_1,forecast_solar_generation,Solar,2026-09-13T19:00:54Z
2026-09-13T18:59:46Z,2026-09-13T20:59:46+0200,d4303d36-784d-4112-aeb9-e8cb25469a92,2026-09-07T20:00:00Z,2026-09-07T22:00:00+0200,0.0,MW,DK1,DK_1,forecast_solar_generation,Solar,2026-09-13T19:00:54Z
2026-09-13T18:59:46Z,2026-09-13T20:59:46+0200,d4303d36-784d-4112-aeb9-e8cb25469a92,2026-09-07T20:15:00Z,2026-09-07T22:15:00+0200,0.0,MW,DK1,DK_1,forecast_solar_generation,Solar,2026-09-13T19:00:54Z
2026-09-13T18:59:46Z,2026-09-13T20:59:46+0200,d4303d36-784d-4112-aeb9-e8cb25469a92,2026-09-07T20:30:00Z,2026-09-07T22:30:00+0200,0.0,MW,DK1,DK_1,forecast_solar_generation,Solar,2026-09-13T19:00:54Z
2026-09-13T18:59:46Z,2026-09-13T20:59:46+0200,d4303d36-784d-4112-aeb9-e8cb25469a92,2026-09-07T20:45:00Z,2026-09-07T22:45:00+0200,0.0,MW,DK1,DK_1,forecast_solar_generation,Solar,2026-09-13T19:00:54Z
2026-09-13T18:59:46Z,2026-09-13T20:59:46+0200,d4303d36-784d-4112-aeb9-e8cb25469a92,2026-09-07T21:00:00Z,2026-09-07T23:00:00+0200,0.0,MW,DK1,DK_1,forecast_solar_generation,Solar,2026-09-13T19:00:54Z
2026-09-13T18:59:46Z,2026-09-13T20:59:46+0200,d4303d36-784d-4112-aeb9-e8cb25469a92,2026-09-07T21:15:00Z,2026-09-07T23:15:00+0200,0.0,MW,DK1,DK_1,forecast_solar_generation,Solar,2026-09-13T19:00:54Z
2026-09-13T18:59:46Z,2026-09-13T20:59:46+0200,d4303d36-784d-4112-aeb9-e8cb25469a92,2026-09-07T21:30:00Z,2026-09-07T23:30:00+0200,0.0,MW,DK1,DK_1,forecast_solar_generation,Solar,2026-09-13T19:00:54Z
2026-09-13T18:59:46Z,2026-09-13T20:59:46+0200,d4303d36-784d-4112-aeb9-e8cb25469a92,2026-09-07T21:45:00Z,2026-09-07T23:45:00+0200,0.0,MW,DK1,DK_1,forecast_solar_generation,Solar,2026-09-13T19:00:54Z
2026-09-13T18:59:46Z,2026-09-13T20:59:46+0200,d4303d36-784d-4112-aeb9-e8cb25469a92,2026-09-07T22:00:00Z,2026-09-08T00:00:00+0200,0.0,MW,DK1,DK_1,forecast_solar_generation,Solar,2026-09-13T19:00:54Z
2026-09-13T18:59:46Z,2026-09-13T20:59:46+0200,d4303d36-784d-4112-aeb9-e8cb25469a92,2026-09-07T22:15:00Z,2026-09-08T00:15:00+0200,0.0,MW,DK1,DK_1,forecast_solar_generation,Solar,2026-09-13T19:00:54Z
2026-09-13T18:59:46Z,2026-09-13T20:59:46+0200,d4303d36-784d-4112-aeb9-e8cb25469a92,2026-09-07T22:30:00Z,2026-09-08T00:30:00+0200,0.0,MW,DK1,DK_1,forecast_solar_generation,Solar,2026-09-13T19:00:54Z
2026-09-13T18:59:46Z,2026-09-13T20:59:46+0200,d4303d36-784d-4112-aeb9-e8cb25469a92,2026-09-07T22:45:00Z,2026-09-08T00:45:00+0200,0.0,MW,DK1,DK_1,forecast_solar_generation,Solar,2026-09-13T19:00:54Z
2026-09-13T18:59:46Z,2026-09-13T20:59:46+0200,d4303d36-784d-4112-aeb9-e8cb25469a92,2026-09-07T23:00:00Z,2026-09-08T01:00:00+0200,0.0,MW,DK1,DK_1,forecast_solar_generation,Solar,2026-09-13T19:00:54Z
2026-09-13T18:59:46Z,2026-09-13T20:59:46+0200,d4303d36-784d-4112-aeb9-e8cb25469a92,2026-09-07T23:15:00Z,2026-09-08T01:15:00+0200,0.0,MW,DK1,DK_1,forecast_solar_generation,Solar,2026-09-13T19:00:54Z
2026-09-13T18:59:46Z,2026-09-13T20:59:46+0200,d4303d36-784d-4112-aeb9-e8cb25469a92,2026-09-07T23:30:00Z,2026-09-08T01:30:00+0200,0.0,MW,DK1,DK_1,forecast_solar_generation,Solar,2026-09-13T19:00:54Z
2026-09-13T18:59:46Z,2026-09-13T20:59:46+0200,d4303d36-784d-4112-aeb9-e8cb25469a92,2026-09-07T23:45:00Z,2026-09-08T01:45:00+0200,0.0,MW,DK1,DK_1,forecast_solar_generation,Solar,2026-09-13T19:00:54Z
2026-09-13T18:59:46Z,2026-09-13T20:59:46+0200,d4303d36-784d-4112-aeb9-e8cb25469a92,2026-09-08T00:00:00Z,2026-09-08T02:00:00+0200,0.0,MW,DK1,DK_1,forecast_solar_generation,Solar,2026-09-13T19:00:54Z
2026-09-13T18:59:46Z,2026-09-13T20:59:46+0200,d4303d36-784d-4112-aeb9-e8cb25469a92,2026-09-08T00:15:00Z,2026-09-08T02:15:00+0200,0.0,MW,DK1,DK_1,forecast_solar_generation,Solar,2026-09-13T19:00:54Z
2026-09-13T18:59:46Z,2026-09-13T20:59:46+0200,d4303d36-784d-4112-aeb9-e8cb25469a92,2026-09-08T00:30:00Z,2026-09-08T02:30:00+0200,0.0,MW,DK1,DK_1,forecast_solar_generation,Solar,2026-09-13T19:00:54Z
2026-09-13T18:59:46Z,2026-09-13T20:59:46+0200,d4303d36-784d-4112-aeb9-e8cb25469a92,2026-09-08T00:45:00Z,2026-09-08T02:45:00+0200,0.0,MW,DK1,DK_1,forecast_solar_generation,Solar,2026-09-13T19:00:54Z
2026-09-13T18:59:46Z,2026-09-13T20:59:46+0200,d4303d36-784d-4112-aeb9-e8cb25469a92,2026-09-08T01:00:00Z,2026-09-08T03:00:00+0200,0.0,MW,DK1,DK_1,forecast_solar_generation,Solar,2026-09-13T19:00:54Z
2026-09-13T18:59:46Z,2026-09-13T20:59:46+0200,d4303d36-784d-4112-aeb9-e8cb25469a92,2026-09-08T01:15:00Z,2026-09-08T03:15:00+0200,0.0,MW,DK1,DK_1,forecast_solar_generation,Solar,2026-09-13T19:00:54Z
2026-09-13T18:59:46Z,2026-09-13T20:59:46+0200,d4303d36-784d-4112-aeb9-e8cb25469a92,2026-09-08T01:30:00Z,2026-09-08T03:30:00+0200,0.0,MW,DK1,DK_1,forecast_solar_generation,Solar,2026-09-13T19:00:54Z
2026-09-13T18:59:46Z,2026-09-13T20:59:46+0200,d4303d36-784d-4112-aeb9-e8cb25469a92,2026-09-08T01:45:00Z,2026-09-08T03:45:00+0200,0.0,MW,DK1,DK_1,forecast_solar_generation,Solar,2026-09-13T19:00:54Z
2026-09-13T18:59:46Z,2026-09-13T20:59:46+0200,d4303d36-784d-4112-aeb9-e8cb25469a92,2026-09-08T02:00:00Z,2026-09-08T04:00:00+0200,0.0,MW,DK1,DK_1,forecast_solar_generation,Solar,2026-09-13T19:00:54Z
2026-09-13T18:59:46Z,2026-09-13T20:59:46+0200,d4303d36-784d-4112-aeb9-e8cb25469a92,2026-09-08T02:15:00Z,2026-09-08T04:15:00+0200,0.0,MW,DK1,DK_1,forecast_solar_generation,Solar,2026-09-13T19:00:54Z
2026-09-13T18:59:46Z,2026-09-13T20:59:46+0200,d4303d36-784d-4112-aeb9-e8cb25469a92,2026-09-08T02:30:00Z,2026-09-08T04:30:00+0200,0.0,MW,DK1,DK_1,forecast_solar_generation,Solar,2026-09-13T19:00:54Z
2026-09-13T18:59:46Z,2026-09-13T20:59:46+0200,d4303d36-784d-4112-aeb9-e8cb25469a92,2026-09-08T02:45:00Z,2026-09-08T04:45:00+0200,0.0,MW,DK1,DK_1,forecast_solar_generation,Solar,2026-09-13T19:00:54Z
2026-09-13T18:59:46Z,2026-09-13T20:59:46+0200,d4303d36-784d-4112-aeb9-e8cb25469a92,2026-09-08T03:00:00Z,2026-09-08T05:00:00+0200,0.0,MW,DK1,DK_1,forecast_solar_generation,Solar,2026-09-13T19:00:54Z
2026-09-13T18:59:46Z,2026-09-13T20:59:46+0200,d4303d36-784d-4112-aeb9-e8cb25469a92,2026-09-08T03:15:00Z,2026-09-08T05:15:00+0200,0.0,MW,DK1,DK_1,forecast_solar_generation,Solar,2026-09-13T19:00:54Z
2026-09-13T18:59:46Z,2026-09-13T20:59:46+0200,d4303d36-784d-4112-aeb9-e8cb25469a92,2026-09-08T03:30:00Z,2026-09-08T05:30:00+0200,0.0,MW,DK1,DK_1,forecast_solar_generation,Solar,2026-09-13T19:00:54Z
2026-09-13T18:59:46Z,2026-09-13T20:59:46+0200,d4303d36-784d-4112-aeb9-e8cb25469a92,2026-09-08T03:45:00Z,2026-09-08T05:45:00+0200,0.0,MW,DK1,DK_1,forecast_solar_generation,Solar,2026-09-13T19:00:54Z
2026-09-13T18:59:46Z,2026-09-13T20:59:46+0200,d4303d36-784d-4112-aeb9-e8cb25469a92,2026-09-08T04:00:00Z,2026-09-08T06:00:00+0200,0.0,MW,DK1,DK_1,forecast_solar_generation,Solar,2026-09-13T19:00:54Z
2026-09-13T18:59:46Z,2026-09-13T20:59:46+0200,d4303d36-784d-4112-aeb9-e8cb25469a92,2026-09-08T04:15:00Z,2026-09-08T06:15:00+0200,0.0,MW,DK1,DK_1,forecast_solar_generation,Solar,2026-09-13T19:00:54Z
2026-09-13T18:59:46Z,2026-09-13T20:59:46+0200,d4303d36-784d-4112-aeb9-e8cb25469a92,2026-09-08T04:30:00Z,2026-09-08T06:30:00+0200,0.033333,MW,DK1,DK_1,forecast_solar_generation,Solar,2026-09-13T19:00:54Z
2026-09-13T18:59:46Z,2026-09-13T20:59:46+0200,d4303d36-784d-4112-aeb9-e8cb25469a92,2026-09-08T04:45:00Z,2026-09-08T06:45:00+0200,1.866666,MW,DK1,DK_1,forecast_solar_generation,Solar,2026-09-13T19:00:54Z
2026-09-13T18:59:46Z,2026-09-13T20:59:46+0200,d4303d36-784d-4112-aeb9-e8cb25469a92,2026-09-08T05:00:00Z,2026-09-08T07:00:00+0200,15.878333,MW,DK1,DK_1,forecast_solar_generation,Solar,2026-09-13T19:00:54Z
2026-09-13T18:59:46Z,2026-09-13T20:59:46+0200,d4303d36-784d-4112-aeb9-e8cb25469a92,2026-09-08T05:15:00Z,2026-09-08T07:15:00+0200,46.22,MW,DK1,DK_1,forecast_solar_generation,Solar,2026-09-13T19:00:54Z
2026-09-13T18:59:46Z,2026-09-13T20:59:46+0200,d4303d36-784d-4112-aeb9-e8cb25469a92,2026-09-08T05:30:00Z,2026-09-08T07:30:00+0200,85.563333,MW,DK1,DK_1,forecast_solar_generation,Solar,2026-09-13T19:00:54Z
2026-09-13T18:59:46Z,2026-09-13T20:59:46+0200,d4303d36-784d-4112-aeb9-e8cb25469a92,2026-09-08T05:45:00Z,2026-09-08T07:45:00+0200,125.138333,MW,DK1,DK_1,forecast_solar_generation,Solar,2026-09-13T19:00:54Z
2026-09-13T18:59:46Z,2026-09-13T20:59:46+0200,d4303d36-784d-4112-aeb9-e8cb25469a92,2026-09-08T06:00:00Z,2026-09-08T08:00:00+0200,160.75,MW,DK1,DK_1,forecast_solar_generation,Solar,2026-09-13T19:00:54Z
2026-09-13T18:59:46Z,2026-09-13T20:59:46+0200,d4303d36-784d-4112-aeb9-e8cb25469a92,2026-09-08T06:15:00Z,2026-09-08T08:15:00+0200,194.341666,MW,DK1,DK_1,forecast_solar_generation,Solar,2026-09-13T19:00:54Z
2026-09-13T18:59:46Z,2026-09-13T20:59:46+0200,d4303d36-784d-4112-aeb9-e8cb25469a92,2026-09-08T06:30:00Z,2026-09-08T08:30:00+0200,231.035,MW,DK1,DK_1,forecast_solar_generation,Solar,2026-09-13T19:00:54Z
2026-09-13T18:59:46Z,2026-09-13T20:59:46+0200,d4303d36-784d-4112-aeb9-e8cb25469a92,2026-09-08T06:45:00Z,2026-09-08T08:45:00+0200,267.711666,MW,DK1,DK_1,forecast_solar_generation,Solar,2026-09-13T19:00:54Z
2026-09-13T18:59:46Z,2026-09-13T20:59:46+0200,d4303d36-784d-4112-aeb9-e8cb25469a92,2026-09-08T07:00:00Z,2026-09-08T09:00:00+0200,302.436666,MW,DK1,DK_1,forecast_solar_generation,Solar,2026-09-13T19:00:54Z
2026-09-13T18:59:46Z,2026-09-13T20:59:46+0200,d4303d36-784d-4112-aeb9-e8cb25469a92,2026-09-08T07:15:00Z,2026-09-08T09:15:00+0200,335.238333,MW,DK1,DK_1,forecast_solar_generation,Solar,2026-09-13T19:00:54Z
2026-09-13T18:59:46Z,2026-09-13T20:59:46+0200,d4303d36-784d-4112-aeb9-e8cb25469a92,2026-09-08T07:30:00Z,2026-09-08T09:30:00+0200,365.375,MW,DK1,DK_1,forecast_solar_generation,Solar,2026-09-13T19:00:54Z
2026-09-13T18:59:46Z,2026-09-13T20:59:46+0200,d4303d36-784d-4112-aeb9-e8cb25469a92,2026-09-08T07:45:00Z,2026-09-08T09:45:00+0200,390.781666,MW,DK1,DK_1,forecast_solar_generation,Solar,2026-09-13T19:00:54Z
2026-09-13T18:59:46Z,2026-09-13T20:59:46+0200,d4303d36-784d-4112-aeb9-e8cb25469a92,2026-09-08T08:00:00Z,2026-09-08T10:00:00+0200,412.551666,MW,DK1,DK_1,forecast_solar_generation,Solar,2026-09-13T19:00:54Z
2026-09-13T18:59:46Z,2026-09-13T20:59:46+0200,d4303d36-784d-4112-aeb9-e8cb25469a92,2026-09-08T08:15:00Z,2026-09-08T10:15:00+0200,433.106666,MW,DK1,DK_1,forecast_solar_generation,Solar,2026-09-13T19:00:54Z
2026-09-13T18:59:46Z,2026-09-13T20:59:46+0200,d4303d36-784d-4112-aeb9-e8cb25469a92,2026-09-08T08:30:00Z,2026-09-08T10:30:00+0200,451.788333,MW,DK1,DK_1,forecast_solar_generation,Solar,2026-09-13T19:00:54Z
2026-09-13T18:59:46Z,2026-09-13T20:59:46+0200,d4303d36-784d-4112-aeb9-e8cb25469a92,2026-09-08T08:45:00Z,2026-09-08T10:45:00+0200,460.313333,MW,DK1,DK_1,forecast_solar_generation,Solar,2026-09-13T19:00:54Z
2026-09-13T18:59:46Z,2026-09-13T20:59:46+0200,d4303d36-784d-4112-aeb9-e8cb25469a92,2026-09-08T09:00:00Z,2026-09-08T11:00:00+0200,461.855,MW,DK1,DK_1,forecast_solar_generation,Solar,2026-09-13T19:00:54Z
2026-09-13T18:59:46Z,2026-09-13T20:59:46+0200,d4303d36-784d-4112-aeb9-e8cb25469a92,2026-09-08T09:15:00Z,2026-09-08T11:15:00+0200,463.898333,MW,DK1,DK_1,forecast_solar_generation,Solar,2026-09-13T19:00:54Z
2026-09-13T18:59:46Z,2026-09-13T20:59:46+0200,d4303d36-784d-4112-aeb9-e8cb25469a92,2026-09-08T09:30:00Z,2026-09-08T11:30:00+0200,459.368333,MW,DK1,DK_1,forecast_solar_generation,Solar,2026-09-13T19:00:54Z
2026-09-13T18:59:46Z,2026-09-13T20:59:46+0200,d4303d36-784d-4112-aeb9-e8cb25469a92,2026-09-08T09:45:00Z,2026-09-08T11:45:00+0200,415.841666,MW,DK1,DK_1,forecast_solar_generation,Solar,2026-09-13T19:00:54Z
2026-09-13T18:59:46Z,2026-09-13T20:59:46+0200,d4303d36-784d-4112-aeb9-e8cb25469a92,2026-09-08T10:00:00Z,2026-09-08T12:00:00+0200,462.666666,MW,DK1,DK_1,forecast_solar_generation,Solar,2026-09-13T19:00:54Z
2026-09-13T18:59:46Z,2026-09-13T20:59:46+0200,d4303d36-784d-4112-aeb9-e8cb25469a92,2026-09-08T10:15:00Z,2026-09-08T12:15:00+0200,403.671666,MW,DK1,DK_1,forecast_solar_generation,Solar,2026-09-13T19:00:54Z
2026-09-13T18:59:46Z,2026-09-13T20:59:46+0200,d4303d36-784d-4112-aeb9-e8cb25469a92,2026-09-08T10:30:00Z,2026-09-08T12:30:00+0200,372.705,MW,DK1,DK_1,forecast_solar_generation,Solar,2026-09-13T19:00:54Z
2026-09-13T18:59:46Z,2026-09-13T20:59:46+0200,d4303d36-784d-4112-aeb9-e8cb25469a92,2026-09-08T10:45:00Z,2026-09-08T12:45:00+0200,398.096666,MW,DK1,DK_1,forecast_solar_generation,Solar,2026-09-13T19:00:54Z
2026-09-13T18:59:46Z,2026-09-13T20:59:46+0200,d4303d36-784d-4112-aeb9-e8cb25469a92,2026-09-08T11:00:00Z,2026-09-08T13:00:00+0200,421.67,MW,DK1,DK_1,forecast_solar_generation,Solar,2026-09-13T19:00:54Z
2026-09-13T18:59:46Z,2026-09-13T20:59:46+0200,d4303d36-784d-4112-aeb9-e8cb25469a92,2026-09-08T11:15:00Z,2026-09-08T13:15:00+0200,429.278333,MW,DK1,DK_1,forecast_solar_generation,Solar,2026-09-13T19:00:54Z
2026-09-13T18:59:46Z,2026-09-13T20:59:46+0200,d4303d36-784d-4112-aeb9-e8cb25469a92,2026-09-08T11:30:00Z,2026-09-08T13:30:00+0200,455.128333,MW,DK1,DK_1,forecast_solar_generation,Solar,2026-09-13T19:00:54Z
2026-09-13T18:59:46Z,2026-09-13T20:59:46+0200,d4303d36-784d-4112-aeb9-e8cb25469a92,2026-09-08T11:45:00Z,2026-09-08T13:45:00+0200,465.328333,MW,DK1,DK_1,forecast_solar_generation,Solar,2026-09-13T19:00:54Z
2026-09-13T18:59:46Z,2026-09-13T20:59:46+0200,d4303d36-784d-4112-aeb9-e8cb25469a92,2026-09-08T12:00:00Z,2026-09-08T14:00:00+0200,466.936666,MW,DK1,DK_1,forecast_solar_generation,Solar,2026-09-13T19:00:54Z
2026-09-13T18:59:46Z,2026-09-13T20:59:46+0200,d4303d36-784d-4112-aeb9-e8cb25469a92,2026-09-08T12:15:00Z,2026-09-08T14:15:00+0200,473.571666,MW,DK1,DK_1,forecast_solar_generation,Solar,2026-09-13T19:00:54Z
2026-09-13T18:59:46Z,2026-09-13T20:59:46+0200,d4303d36-784d-4112-aeb9-e8cb25469a92,2026-09-08T12:30:00Z,2026-09-08T14:30:00+0200,462.923333,MW,DK1,DK_1,forecast_solar_generation,Solar,2026-09-13T19:00:54Z
2026-09-13T18:59:46Z,2026-09-13T20:59:46+0200,d4303d36-784d-4112-aeb9-e8cb25469a92,2026-09-08T12:45:00Z,2026-09-08T14:45:00+0200,438.474999,MW,DK1,DK_1,forecast_solar_generation,Solar,2026-09-13T19:00:54Z
2026-09-13T18:59:46Z,2026-09-13T20:59:46+0200,d4303d36-784d-4112-aeb9-e8cb25469a92,2026-09-08T13:00:00Z,2026-09-08T15:00:00+0200,379.138333,MW,DK1,DK_1,forecast_solar_generation,Solar,2026-09-13T19:00:54Z
2026-09-13T18:59:46Z,2026-09-13T20:59:46+0200,d4303d36-784d-4112-aeb9-e8cb25469a92,2026-09-08T13:15:00Z,2026-09-08T15:15:00+0200,416.27,MW,DK1,DK_1,forecast_solar_generation,Solar,2026-09-13T19:00:54Z
2026-09-13T18:59:46Z,2026-09-13T20:59:46+0200,d4303d36-784d-4112-aeb9-e8cb25469a92,2026-09-08T13:30:00Z,2026-09-08T15:30:00+0200,402.546666,MW,DK1,DK_1,forecast_solar_generation,Solar,2026-09-13T19:00:54Z
2026-09-13T18:59:46Z,2026-09-13T20:59:46+0200,d4303d36-784d-4112-aeb9-e8cb25469a92,2026-09-08T13:45:00Z,2026-09-08T15:45:00+0200,386.776666,MW,DK1,DK_1,forecast_solar_generation,Solar,2026-09-13T19:00:54Z
2026-09-13T18:59:46Z,2026-09-13T20:59:46+0200,d4303d36-784d-4112-aeb9-e8cb25469a92,2026-09-08T14:00:00Z,2026-09-08T16:00:00+0200,367.363333,MW,DK1,DK_1,forecast_solar_generation,Solar,2026-09-13T19:00:54Z
2026-09-13T18:59:46Z,2026-09-13T20:59:46+0200,d4303d36-784d-4112-aeb9-e8cb25469a92,2026-09-08T14:15:00Z,2026-09-08T16:15:00+0200,348.621666,MW,DK1,DK_1,forecast_solar_generation,Solar,2026-09-13T19:00:54Z
2026-09-13T18:59:46Z,2026-09-13T20:59:46+0200,d4303d36-784d-4112-aeb9-e8cb25469a92,2026-09-08T14:30:00Z,2026-09-08T16:30:00+0200,325.33,MW,DK1,DK_1,forecast_solar_generation,Solar,2026-09-13T19:00:54Z
2026-09-13T18:59:46Z,2026-09-13T20:59:46+0200,d4303d36-784d-4112-aeb9-e8cb25469a92,2026-09-08T14:45:00Z,2026-09-08T16:45:00+0200,300.861666,MW,DK1,DK_1,forecast_solar_generation,Solar,2026-09-13T19:00:54Z
2026-09-13T18:59:46Z,2026-09-13T20:59:46+0200,d4303d36-784d-4112-aeb9-e8cb25469a92,2026-09-08T15:00:00Z,2026-09-08T17:00:00+0200,275.27,MW,DK1,DK_1,forecast_solar_generation,Solar,2026-09-13T19:00:54Z
2026-09-13T18:59:46Z,2026-09-13T20:59:46+0200,d4303d36-784d-4112-aeb9-e8cb25469a92,2026-09-08T15:15:00Z,2026-09-08T17:15:00+0200,248.151666,MW,DK1,DK_1,forecast_solar_generation,Solar,2026-09-13T19:00:54Z
2026-09-13T18:59:46Z,2026-09-13T20:59:46+0200,d4303d36-784d-4112-aeb9-e8cb25469a92,2026-09-08T15:30:00Z,2026-09-08T17:30:00+0200,220.473333,MW,DK1,DK_1,forecast_solar_generation,Solar,2026-09-13T19:00:54Z
2026-09-13T18:59:46Z,2026-09-13T20:59:46+0200,d4303d36-784d-4112-aeb9-e8cb25469a92,2026-09-08T15:45:00Z,2026-09-08T17:45:00+0200,195.103333,MW,DK1,DK_1,forecast_solar_generation,Solar,2026-09-13T19:00:54Z
2026-09-13T18:59:46Z,2026-09-13T20:59:46+0200,d4303d36-784d-4112-aeb9-e8cb25469a92,2026-09-08T16:00:00Z,2026-09-08T18:00:00+0200,169.09,MW,DK1,DK_1,forecast_solar_generation,Solar,2026-09-13T19:00:54Z
2026-09-13T18:59:46Z,2026-09-13T20:59:46+0200,d4303d36-784d-4112-aeb9-e8cb25469a92,2026-09-08T16:15:00Z,2026-09-08T18:15:00+0200,139.429999,MW,DK1,DK_1,forecast_solar_generation,Solar,2026-09-13T19:00:54Z
2026-09-13T18:59:46Z,2026-09-13T20:59:46+0200,d4303d36-784d-4112-aeb9-e8cb25469a92,2026-09-08T16:30:00Z,2026-09-08T18:30:00+0200,107.875,MW,DK1,DK_1,forecast_solar_generation,Solar,2026-09-13T19:00:54Z
2026-09-13T18:59:46Z,2026-09-13T20:59:46+0200,d4303d36-784d-4112-aeb9-e8cb25469a92,2026-09-08T16:45:00Z,2026-09-08T18:45:00+0200,80.001666,MW,DK1,DK_1,forecast_solar_generation,Solar,2026-09-13T19:00:54Z
2026-09-13T18:59:46Z,2026-09-13T20:59:46+0200,d4303d36-784d-4112-aeb9-e8cb25469a92,2026-09-08T17:00:00Z,2026-09-08T19:00:00+0200,52.316666,MW,DK1,DK_1,forecast_solar_generation,Solar,2026-09-13T19:00:54Z
2026-09-13T18:59:46Z,2026-09-13T20:59:46+0200,d4303d36-784d-4112-aeb9-e8cb25469a92,2026-09-08T17:15:00Z,2026-09-08T19:15:00+0200,25.591666,MW,DK1,DK_1,forecast_solar_generation,Solar,2026-09-13T19:00:54Z
2026-09-13T18:59:46Z,2026-09-13T20:59:46+0200,d4303d36-784d-4112-aeb9-e8cb25469a92,2026-09-08T17:30:00Z,2026-09-08T19:30:00+0200,6.521666,MW,DK1,DK_1,forecast_solar_generation,Solar,2026-09-13T19:00:54Z
2026-09-13T18:59:46Z,2026-09-13T20:59:46+0200,d4303d36-784d-4112-aeb9-e8cb25469a92,2026-09-08T17:45:00Z,2026-09-08T19:45:00+0200,0.385,MW,DK1,DK_1,forecast_solar_generation,Solar,2026-09-13T19:00:54Z
2026-09-13T18:59:46Z,2026-09-13T20:59:46+0200,d4303d36-784d-4112-aeb9-e8cb25469a92,2026-09-08T18:00:00Z,2026-09-08T20:00:00+0200,0.0,MW,DK1,DK_1,forecast_solar_generation,Solar,2026-09-13T19:00:54Z
2026-09-13T18:59:46Z,2026-09-13T20:59:46+0200,d4303d36-784d-4112-aeb9-e8cb25469a92,2026-09-08T18:15:00Z,2026-09-08T20:15:00+0200,0.0,MW,DK1,DK_1,forecast_solar_generation,Solar,2026-09-13T19:00:54Z
2026-09-13T18:59:46Z,2026-09-13T20:59:46+0200,d4303d36-784d-4112-aeb9-e8cb25469a92,2026-09-08T18:30:00Z,2026-09-08T20:30:00+0200,0.0,MW,DK1,DK_1,forecast_solar_generation,Solar,2026-09-13T19:00:54Z
2026-09-13T18:59:46Z,2026-09-13T20:59:46+0200,d4303d36-784d-4112-aeb9-e8cb25469a92,2026-09-08T18:45:00Z,2026-09-08T20:45:00+0200,0.0,MW,DK1,DK_1,forecast_solar_generation,Solar,2026-09-13T19:00:54Z
2026-09-13T18:59:46Z,2026-09-13T20:59:46+0200,d4303d36-784d-4112-aeb9-e8cb25469a92,2026-09-08T19:00:00Z,2026-09-08T21:00:00+0200,0.0,MW,DK1,DK_1,forecast_solar_generation,Solar,2026-09-13T19:00:54Z
2026-09-13T18:59:46Z,2026-09-13T20:59:46+0200,d4303d36-784d-4112-aeb9-e8cb25469a92,2026-09-08T19:15:00Z,2026-09-08T21:15:00+0200,0.0,MW,DK1,DK_1,forecast_solar_generation,Solar,2026-09-13T19:00:54Z
2026-09-13T18:59:46Z,2026-09-13T20:59:46+0200,d4303d36-784d-4112-aeb9-e8cb25469a92,2026-09-08T19:30:00Z,2026-09-08T21:30:00+0200,0.0,MW,DK1,DK_1,forecast_solar_generation,Solar,2026-09-13T19:00:54Z
2026-09-13T18:59:46Z,2026-09-13T20:59:46+0200,d4303d36-784d-4112-aeb9-e8cb25469a92,2026-09-08T19:45:00Z,2026-09-08T21:45:00+0200,0.0,MW,DK1,DK_1,forecast_solar_generation,Solar,2026-09-13T19:00:54Z
2026-09-13T18:59:46Z,2026-09-13T20:59:46+0200,d4303d36-784d-4112-aeb9-e8cb25469a92,2026-09-08T20:00:00Z,2026-09-08T22:00:00+0200,0.0,MW,DK1,DK_1,forecast_solar_generation,Solar,2026-09-13T19:00:54Z
2026-09-13T18:59:46Z,2026-09-13T20:59:46+0200,d4303d36-784d-4112-aeb9-e8cb25469a92,2026-09-08T20:15:00Z,2026-09-08T22:15:00+0200,0.0,MW,DK1,DK_1,forecast_solar_generation,Solar,2026-09-13T19:00:54Z
2026-09-13T18:59:46Z,2026-09-13T20:59:46+0200,d4303d36-784d-4112-aeb9-e8cb25469a92,2026-09-08T20:30:00Z,2026-09-08T22:30:00+0200,0.0,MW,DK1,DK_1,forecast_solar_generation,Solar,2026-09-13T19:00:54Z
2026-09-13T18:59:46Z,2026-09-13T20:59:46+0200,d4303d36-784d-4112-aeb9-e8cb25469a92,2026-09-08T20:45:00Z,2026-09-08T22:45:00+0200,0.0,MW,DK1,DK_1,forecast_solar_generation,Solar,2026-09-13T19:00:54Z
2026-09-13T18:59:46Z,2026-09-13T20:59:46+0200,d4303d36-784d-4112-aeb9-e8cb25469a92,2026-09-08T21:00:00Z,2026-09-08T23:00:00+0200,0.0,MW,DK1,DK_1,forecast_solar_generation,Solar,2026-09-13T19:00:54Z
2026-09-13T18:59:46Z,2026-09-13T20:59:46+0200,d4303d36-784d-4112-aeb9-e8cb25469a92,2026-09-08T21:15:00Z,2026-09-08T23:15:00+0200,0.0,MW,DK1,DK_1,forecast_solar_generation,Solar,2026-09-13T19:00:54Z
2026-09-13T18:59:46Z,2026-09-13T20:59:46+0200,d4303d36-784d-4112-aeb9-e8cb25469a92,2026-09-08T21:30:00Z,2026-09-08T23:30:00+0200,0.0,MW,DK1,DK_1,forecast_solar_generation,Solar,2026-09-13T19:00:54Z
2026-09-13T18:59:46Z,2026-09-13T20:59:46+0200,d4303d36-784d-4112-aeb9-e8cb25469a92,2026-09-08T21:45:00Z,2026-09-08T23:45:00+0200,0.0,MW,DK1,DK_1,forecast_solar_generation,Solar,2026-09-13T19:00:54Z
2026-09-13T18:59:46Z,2026-09-13T20:59:46+0200,d4303d36-784d-4112-aeb9-e8cb25469a92,2026-09-08T22:00:00Z,2026-09-09T00:00:00+0200,0.0,MW,DK1,DK_1,forecast_solar_generation,Solar,2026-09-13T19:00:54Z
2026-09-13T18:59:46Z,2026-09-13T20:59:46+0200,d4303d36-784d-4112-aeb9-e8cb25469a92,2026-09-08T22:15:00Z,2026-09-09T00:15:00+0200,0.0,MW,DK1,DK_1,forecast_solar_generation,Solar,2026-09-13T19:00:54Z
2026-09-13T18:59:46Z,2026-09-13T20:59:46+0200,d4303d36-784d-4112-aeb9-e8cb25469a92,2026-09-08T22:30:00Z,2026-09-09T00:30:00+0200,0.0,MW,DK1,DK_1,forecast_solar_generation,Solar,2026-09-13T19:00:54Z
2026-09-13T18:59:46Z,2026-09-13T20:59:46+0200,d4303d36-784d-4112-aeb9-e8cb25469a92,2026-09-08T22:45:00Z,2026-09-09T00:45:00+0200,0.0,MW,DK1,DK_1,forecast_solar_generation,Solar,2026-09-13T19:00:54Z
2026-09-13T18:59:46Z,2026-09-13T20:59:46+0200,d4303d36-784d-4112-aeb9-e8cb25469a92,2026-09-08T23:00:00Z,2026-09-09T01:00:00+0200,0.0,MW,DK1,DK_1,forecast_solar_generation,Solar,2026-09-13T19:00:54Z
2026-09-13T18:59:46Z,2026-09-13T20:59:46+0200,d4303d36-784d-4112-aeb9-e8cb25469a92,2026-09-08T23:15:00Z,2026-09-09T01:15:00+0200,0.0,MW,DK1,DK_1,forecast_solar_generation,Solar,2026-09-13T19:00:54Z
2026-09-13T18:59:46Z,2026-09-13T20:59:46+0200,d4303d36-784d-4112-aeb9-e8cb25469a92,2026-09-08T23:30:00Z,2026-09-09T01:30:00+0200,0.0,MW,DK1,DK_1,forecast_solar_generation,Solar,2026-09-13T19:00:54Z
2026-09-13T18:59:46Z,2026-09-13T20:59:46+0200,d4303d36-784d-4112-aeb9-e8cb25469a92,2026-09-08T23:45:00Z,2026-09-09T01:45:00+0200,0.0,MW,DK1,DK_1,forecast_solar_generation,Solar,2026-09-13T19:00:54Z
2026-09-13T18:59:46Z,2026-09-13T20:59:46+0200,d4303d36-784d-4112-aeb9-e8cb25469a92,2026-09-09T00:00:00Z,2026-09-09T02:00:00+0200,0.0,MW,DK1,DK_1,forecast_solar_generation,Solar,2026-09-13T19:00:54Z
2026-09-13T18:59:46Z,2026-09-13T20:59:46+0200,d4303d36-784d-4112-aeb9-e8cb25469a92,2026-09-09T00:15:00Z,2026-09-09T02:15:00+0200,0.0,MW,DK1,DK_1,forecast_solar_generation,Solar,2026-09-13T19:00:54Z
2026-09-13T18:59:46Z,2026-09-13T20:59:46+0200,d4303d36-784d-4112-aeb9-e8cb25469a92,2026-09-09T00:30:00Z,2026-09-09T02:30:00+0200,0.0,MW,DK1,DK_1,forecast_solar_generation,Solar,2026-09-13T19:00:54Z
2026-09-13T18:59:46Z,2026-09-13T20:59:46+0200,d4303d36-784d-4112-aeb9-e8cb25469a92,2026-09-09T00:45:00Z,2026-09-09T02:45:00+0200,0.0,MW,DK1,DK_1,forecast_solar_generation,Solar,2026-09-13T19:00:54Z
2026-09-13T18:59:46Z,2026-09-13T20:59:46+0200,d4303d36-784d-4112-aeb9-e8cb25469a92,2026-09-09T01:00:00Z,2026-09-09T03:00:00+0200,0.0,MW,DK1,DK_1,forecast_solar_generation,Solar,2026-09-13T19:00:54Z
2026-09-13T18:59:46Z,2026-09-13T20:59:46+0200,d4303d36-784d-4112-aeb9-e8cb25469a92,2026-09-09T01:15:00Z,2026-09-09T03:15:00+0200,0.0,MW,DK1,DK_1,forecast_solar_generation,Solar,2026-09-13T19:00:54Z
2026-09-13T18:59:46Z,2026-09-13T20:59:46+0200,d4303d36-784d-4112-aeb9-e8cb25469a92,2026-09-09T01:30:00Z,2026-09-09T03:30:00+0200,0.0,MW,DK1,DK_1,forecast_solar_generation,Solar,2026-09-13T19:00:54Z
2026-09-13T18:59:46Z,2026-09-13T20:59:46+0200,d4303d36-784d-4112-aeb9-e8cb25469a92,2026-09-09T01:45:00Z,2026-09-09T03:45:00+0200,0.0,MW,DK1,DK_1,forecast_solar_generation,Solar,2026-09-13T19:00:54Z
2026-09-13T18:59:46Z,2026-09-13T20:59:46+0200,d4303d36-784d-4112-aeb9-e8cb25469a92,2026-09-09T02:00:00Z,2026-09-09T04:00:00+0200,0.0,MW,DK1,DK_1,forecast_solar_generation,Solar,2026-09-13T19:00:54Z
2026-09-13T18:59:46Z,2026-09-13T20:59:46+0200,d4303d36-784d-4112-aeb9-e8cb25469a92,2026-09-09T02:15:00Z,2026-09-09T04:15:00+0200,0.0,MW,DK1,DK_1,forecast_solar_generation,Solar,2026-09-13T19:00:54Z
2026-09-13T18:59:46Z,2026-09-13T20:59:46+0200,d4303d36-784d-4112-aeb9-e8cb25469a92,2026-09-09T02:30:00Z,2026-09-09T04:30:00+0200,0.0,MW,DK1,DK_1,forecast_solar_generation,Solar,2026-09-13T19:00:54Z
2026-09-13T18:59:46Z,2026-09-13T20:59:46+0200,d4303d36-784d-4112-aeb9-e8cb25469a92,2026-09-09T02:45:00Z,2026-09-09T04:45:00+0200,0.0,MW,DK1,DK_1,forecast_solar_generation,Solar,2026-09-13T19:00:54Z
2026-09-13T18:59:46Z,2026-09-13T20:59:46+0200,d4303d36-784d-4112-aeb9-e8cb25469a92,2026-09-09T03:00:00Z,2026-09-09T05:00:00+0200,0.0,MW,DK1,DK_1,forecast_solar_generation,Solar,2026-09-13T19:00:54Z
2026-09-13T18:59:46Z,2026-09-13T20:59:46+0200,d4303d36-784d-4112-aeb9-e8cb25469a92,2026-09-09T03:15:00Z,2026-09-09T05:15:00+0200,0.0,MW,DK1,DK_1,forecast_solar_generation,Solar,2026-09-13T19:00:54Z
2026-09-13T18:59:46Z,2026-09-13T20:59:46+0200,d4303d36-784d-4112-aeb9-e8cb25469a92,2026-09-09T03:30:00Z,2026-09-09T05:30:00+0200,0.0,MW,DK1,DK_1,forecast_solar_generation,Solar,2026-09-13T19:00:54Z
2026-09-13T18:59:46Z,2026-09-13T20:59:46+0200,d4303d36-784d-4112-aeb9-e8cb25469a92,2026-09-09T03:45:00Z,2026-09-09T05:45:00+0200,0.0,MW,DK1,DK_1,forecast_solar_generation,Solar,2026-09-13T19:00:54Z
2026-09-13T18:59:46Z,2026-09-13T20:59:46+0200,d4303d36-784d-4112-aeb9-e8cb25469a92,2026-09-09T04:00:00Z,2026-09-09T06:00:00+0200,0.0,MW,DK1,DK_1,forecast_solar_generation,Solar,2026-09-13T19:00:54Z
2026-09-13T18:59:46Z,2026-09-13T20:59:46+0200,d4303d36-784d-4112-aeb9-e8cb25469a92,2026-09-09T04:15:00Z,2026-09-09T06:15:00+0200,0.0,MW,DK1,DK_1,forecast_solar_generation,Solar,2026-09-13T19:00:54Z
2026-09-13T18:59:46Z,2026-09-13T20:59:46+0200,d4303d36-784d-4112-aeb9-e8cb25469a92,2026-09-09T04:30:00Z,2026-09-09T06:30:00+0200,0.021666,MW,DK1,DK_1,forecast_solar_generation,Solar,2026-09-13T19:00:54Z
2026-09-13T18:59:46Z,2026-09-13T20:59:46+0200,d4303d36-784d-4112-aeb9-e8cb25469a92,2026-09-09T04:45:00Z,2026-09-09T06:45:00+0200,2.83,MW,DK1,DK_1,forecast_solar_generation,Solar,2026-09-13T19:00:54Z
2026-09-13T18:59:46Z,2026-09-13T20:59:46+0200,d4303d36-784d-4112-aeb9-e8cb25469a92,2026-09-09T05:00:00Z,2026-09-09T07:00:00+0200,30.328333,MW,DK1,DK_1,forecast_solar_generation,Solar,2026-09-13T19:00:54Z
2026-09-13T18:59:46Z,2026-09-13T20:59:46+0200,d4303d36-784d-4112-aeb9-e8cb25469a92,2026-09-09T05:15:00Z,2026-09-09T07:15:00+0200,92.375,MW,DK1,DK_1,forecast_solar_generation,Solar,2026-09-13T19:00:54Z
2026-09-13T18:59:46Z,2026-09-13T20:59:46+0200,d4303d36-784d-4112-aeb9-e8cb25469a92,2026-09-09T05:30:00Z,2026-09-09T07:30:00+0200,177.28,MW,DK1,DK_1,forecast_solar_generation,Solar,2026-09-13T19:00:54Z
2026-09-13T18:59:46Z,2026-09-13T20:59:46+0200,d4303d36-784d-4112-aeb9-e8cb25469a92,2026-09-09T05:45:00Z,2026-09-09T07:45:00+0200,278.968333,MW,DK1,DK_1,forecast_solar_generation,Solar,2026-09-13T19:00:54Z
2026-09-13T18:59:46Z,2026-09-13T20:59:46+0200,d4303d36-784d-4112-aeb9-e8cb25469a92,2026-09-09T06:00:00Z,2026-09-09T08:00:00+0200,394.496666,MW,DK1,DK_1,forecast_solar_generation,Solar,2026-09-13T19:00:54Z
2026-09-13T18:59:46Z,2026-09-13T20:59:46+0200,d4303d36-784d-4112-aeb9-e8cb25469a92,2026-09-09T06:15:00Z,2026-09-09T08:15:00+0200,520.901666,MW,DK1,DK_1,forecast_solar_generation,Solar,2026-09-13T19:00:54Z
2026-09-13T18:59:46Z,2026-09-13T20:59:46+0200,d4303d36-784d-4112-aeb9-e8cb25469a92,2026-09-09T06:30:00Z,2026-09-09T08:30:00+0200,653.163333,MW,DK1,DK_1,forecast_solar_generation,Solar,2026-09-13T19:00:54Z
2026-09-13T18:59:46Z,2026-09-13T20:59:46+0200,d4303d36-784d-4112-aeb9-e8cb25469a92,2026-09-09T06:45:00Z,2026-09-09T08:45:00+0200,788.4,MW,DK1,DK_1,forecast_solar_generation,Solar,2026-09-13T19:00:54Z
2026-09-13T18:59:46Z,2026-09-13T20:59:46+0200,d4303d36-784d-4112-aeb9-e8cb25469a92,2026-09-09T07:00:00Z,2026-09-09T09:00:00+0200,924.001666,MW,DK1,DK_1,forecast_solar_generation,Solar,2026-09-13T19:00:54Z
2026-09-13T18:59:46Z,2026-09-13T20:59:46+0200,d4303d36-784d-4112-aeb9-e8cb25469a92,2026-09-09T07:15:00Z,2026-09-09T09:15:00+0200,1056.483333,MW,DK1,DK_1,forecast_solar_generation,Solar,2026-09-13T19:00:54Z
2026-09-13T18:59:46Z,2026-09-13T20:59:46+0200,d4303d36-784d-4112-aeb9-e8cb25469a92,2026-09-09T07:30:00Z,2026-09-09T09:30:00+0200,1182.203333,MW,DK1,DK_1,forecast_solar_generation,Solar,2026-09-13T19:00:54Z
2026-09-13T18:59:46Z,2026-09-13T20:59:46+0200,d4303d36-784d-4112-aeb9-e8cb25469a92,2026-09-09T07:45:00Z,2026-09-09T09:45:00+0200,1301.975,MW,DK1,DK_1,forecast_solar_generation,Solar,2026-09-13T19:00:54Z
2026-09-13T18:59:46Z,2026-09-13T20:59:46+0200,d4303d36-784d-4112-aeb9-e8cb25469a92,2026-09-09T08:00:00Z,2026-09-09T10:00:00+0200,1413.941666,MW,DK1,DK_1,forecast_solar_generation,Solar,2026-09-13T19:00:54Z
2026-09-13T18:59:46Z,2026-09-13T20:59:46+0200,d4303d36-784d-4112-aeb9-e8cb25469a92,2026-09-09T08:15:00Z,2026-09-09T10:15:00+0200,1513.863333,MW,DK1,DK_1,forecast_solar_generation,Solar,2026-09-13T19:00:54Z
2026-09-13T18:59:46Z,2026-09-13T20:59:46+0200,d4303d36-784d-4112-aeb9-e8cb25469a92,2026-09-09T08:30:00Z,2026-09-09T10:30:00+0200,1593.493333,MW,DK1,DK_1,forecast_solar_generation,Solar,2026-09-13T19:00:54Z
2026-09-13T18:59:46Z,2026-09-13T20:59:46+0200,d4303d36-784d-4112-aeb9-e8cb25469a92,2026-09-09T08:45:00Z,2026-09-09T10:45:00+0200,1642.409999,MW,DK1,DK_1,forecast_solar_generation,Solar,2026-09-13T19:00:54Z
2026-09-13T18:59:46Z,2026-09-13T20:59:46+0200,d4303d36-784d-4112-aeb9-e8cb25469a92,2026-09-09T09:00:00Z,2026-09-09T11:00:00+0200,1668.78,MW,DK1,DK_1,forecast_solar_generation,Solar,2026-09-13T19:00:54Z
2026-09-13T18:59:46Z,2026-09-13T20:59:46+0200,d4303d36-784d-4112-aeb9-e8cb25469a92,2026-09-09T09:15:00Z,2026-09-09T11:15:00+0200,1687.483333,MW,DK1,DK_1,forecast_solar_generation,Solar,2026-09-13T19:00:54Z
2026-09-13T18:59:46Z,2026-09-13T20:59:46+0200,d4303d36-784d-4112-aeb9-e8cb25469a92,2026-09-09T09:30:00Z,2026-09-09T11:30:00+0200,1708.115,MW,DK1,DK_1,forecast_solar_generation,Solar,2026-09-13T19:00:54Z
2026-09-13T18:59:46Z,2026-09-13T20:59:46+0200,d4303d36-784d-4112-aeb9-e8cb25469a92,2026-09-09T09:45:00Z,2026-09-09T11:45:00+0200,1715.801666,MW,DK1,DK_1,forecast_solar_generation,Solar,2026-09-13T19:00:54Z
2026-09-13T18:59:46Z,2026-09-13T20:59:46+0200,d4303d36-784d-4112-aeb9-e8cb25469a92,2026-09-09T10:00:00Z,2026-09-09T12:00:00+0200,1714.063333,MW,DK1,DK_1,forecast_solar_generation,Solar,2026-09-13T19:00:54Z
2026-09-13T18:59:46Z,2026-09-13T20:59:46+0200,d4303d36-784d-4112-aeb9-e8cb25469a92,2026-09-09T10:15:00Z,2026-09-09T12:15:00+0200,1711.809999,MW,DK1,DK_1,forecast_solar_generation,Solar,2026-09-13T19:00:54Z
2026-09-13T18:59:46Z,2026-09-13T20:59:46+0200,d4303d36-784d-4112-aeb9-e8cb25469a92,2026-09-09T10:30:00Z,2026-09-09T12:30:00+0200,1709.898333,MW,DK1,DK_1,forecast_solar_generation,Solar,2026-09-13T19:00:54Z
2026-09-13T18:59:46Z,2026-09-13T20:59:46+0200,d4303d36-784d-4112-aeb9-e8cb25469a92,2026-09-09T10:45:00Z,2026-09-09T12:45:00+0200,1695.511666,MW,DK1,DK_1,forecast_solar_generation,Solar,2026-09-13T19:00:54Z
2026-09-13T18:59:46Z,2026-09-13T20:59:46+0200,d4303d36-784d-4112-aeb9-e8cb25469a92,2026-09-09T11:00:00Z,2026-09-09T13:00:00+0200,1674.843333,MW,DK1,DK_1,forecast_solar_generation,Solar,2026-09-13T19:00:54Z
2026-09-13T18:59:46Z,2026-09-13T20:59:46+0200,d4303d36-784d-4112-aeb9-e8cb25469a92,2026-09-09T11:15:00Z,2026-09-09T13:15:00+0200,1656.951666,MW,DK1,DK_1,forecast_solar_generation,Solar,2026-09-13T19:00:54Z
2026-09-13T18:59:46Z,2026-09-13T20:59:46+0200,d4303d36-784d-4112-aeb9-e8cb25469a92,2026-09-09T11:30:00Z,2026-09-09T13:30:00+0200,1645.888333,MW,DK1,DK_1,forecast_solar_generation,Solar,2026-09-13T19:00:54Z
2026-09-13T18:59:46Z,2026-09-13T20:59:46+0200,d4303d36-784d-4112-aeb9-e8cb25469a92,2026-09-09T11:45:00Z,2026-09-09T13:45:00+0200,1638.253333,MW,DK1,DK_1,forecast_solar_generation,Solar,2026-09-13T19:00:54Z
2026-09-13T18:59:46Z,2026-09-13T20:59:46+0200,d4303d36-784d-4112-aeb9-e8cb25469a92,2026-09-09T12:00:00Z,2026-09-09T14:00:00+0200,1630.845,MW,DK1,DK_1,forecast_solar_generation,Solar,2026-09-13T19:00:54Z
2026-09-13T18:59:46Z,2026-09-13T20:59:46+0200,d4303d36-784d-4112-aeb9-e8cb25469a92,2026-09-09T12:15:00Z,2026-09-09T14:15:00+0200,1619.293333,MW,DK1,DK_1,forecast_solar_generation,Solar,2026-09-13T19:00:54Z
2026-09-13T18:59:46Z,2026-09-13T20:59:46+0200,d4303d36-784d-4112-aeb9-e8cb25469a92,2026-09-09T12:30:00Z,2026-09-09T14:30:00+0200,1600.068333,MW,DK1,DK_1,forecast_solar_generation,Solar,2026-09-13T19:00:54Z
2026-09-13T18:59:46Z,2026-09-13T20:59:46+0200,d4303d36-784d-4112-aeb9-e8cb25469a92,2026-09-09T12:45:00Z,2026-09-09T14:45:00+0200,1579.613333,MW,DK1,DK_1,forecast_solar_generation,Solar,2026-09-13T19:00:54Z
2026-09-13T18:59:46Z,2026-09-13T20:59:46+0200,d4303d36-784d-4112-aeb9-e8cb25469a92,2026-09-09T13:00:00Z,2026-09-09T15:00:00+0200,1556.188333,MW,DK1,DK_1,forecast_solar_generation,Solar,2026-09-13T19:00:54Z
2026-09-13T18:59:46Z,2026-09-13T20:59:46+0200,d4303d36-784d-4112-aeb9-e8cb25469a92,2026-09-09T13:15:00Z,2026-09-09T15:15:00+0200,1523.14,MW,DK1,DK_1,forecast_solar_generation,Solar,2026-09-13T19:00:54Z
2026-09-13T18:59:46Z,2026-09-13T20:59:46+0200,d4303d36-784d-4112-aeb9-e8cb25469a92,2026-09-09T13:30:00Z,2026-09-09T15:30:00+0200,1475.326666,MW,DK1,DK_1,forecast_solar_generation,Solar,2026-09-13T19:00:54Z
2026-09-13T18:59:46Z,2026-09-13T20:59:46+0200,d4303d36-784d-4112-aeb9-e8cb25469a92,2026-09-09T13:45:00Z,2026-09-09T15:45:00+0200,1420.095,MW,DK1,DK_1,forecast_solar_generation,Solar,2026-09-13T19:00:54Z
2026-09-13T18:59:46Z,2026-09-13T20:59:46+0200,d4303d36-784d-4112-aeb9-e8cb25469a92,2026-09-09T14:00:00Z,2026-09-09T16:00:00+0200,1359.218333,MW,DK1,DK_1,forecast_solar_generation,Solar,2026-09-13T19:00:54Z
2026-09-13T18:59:46Z,2026-09-13T20:59:46+0200,d4303d36-784d-4112-aeb9-e8cb25469a92,2026-09-09T14:15:00Z,2026-09-09T16:15:00+0200,1290.461666,MW,DK1,DK_1,forecast_solar_generation,Solar,2026-09-13T19:00:54Z
2026-09-13T18:59:46Z,2026-09-13T20:59:46+0200,d4303d36-784d-4112-aeb9-e8cb25469a92,2026-09-09T14:30:00Z,2026-09-09T16:30:00+0200,1214.51,MW,DK1,DK_1,forecast_solar_generation,Solar,2026-09-13T19:00:54Z
2026-09-13T18:59:46Z,2026-09-13T20:59:46+0200,d4303d36-784d-4112-aeb9-e8cb25469a92,2026-09-09T14:45:00Z,2026-09-09T16:45:00+0200,1138.679999,MW,DK1,DK_1,forecast_solar_generation,Solar,2026-09-13T19:00:54Z
2026-09-13T18:59:46Z,2026-09-13T20:59:46+0200,d4303d36-784d-4112-aeb9-e8cb25469a92,2026-09-09T15:00:00Z,2026-09-09T17:00:00+0200,1062.236666,MW,DK1,DK_1,forecast_solar_generation,Solar,2026-09-13T19:00:54Z
2026-09-13T18:59:46Z,2026-09-13T20:59:46+0200,d4303d36-784d-4112-aeb9-e8cb25469a92,2026-09-09T15:15:00Z,2026-09-09T17:15:00+0200,966.4,MW,DK1,DK_1,forecast_solar_generation,Solar,2026-09-13T19:00:54Z
2026-09-13T18:59:46Z,2026-09-13T20:59:46+0200,d4303d36-784d-4112-aeb9-e8cb25469a92,2026-09-09T15:30:00Z,2026-09-09T17:30:00+0200,856.458333,MW,DK1,DK_1,forecast_solar_generation,Solar,2026-09-13T19:00:54Z
2026-09-13T18:59:46Z,2026-09-13T20:59:46+0200,d4303d36-784d-4112-aeb9-e8cb25469a92,2026-09-09T15:45:00Z,2026-09-09T17:45:00+0200,744.608333,MW,DK1,DK_1,forecast_solar_generation,Solar,2026-09-13T19:00:54Z
2026-09-13T18:59:46Z,2026-09-13T20:59:46+0200,d4303d36-784d-4112-aeb9-e8cb25469a92,2026-09-09T16:00:00Z,2026-09-09T18:00:00+0200,626.146666,MW,DK1,DK_1,forecast_solar_generation,Solar,2026-09-13T19:00:54Z
2026-09-13T18:59:46Z,2026-09-13T20:59:46+0200,d4303d36-784d-4112-aeb9-e8cb25469a92,2026-09-09T16:15:00Z,2026-09-09T18:15:00+0200,497.326666,MW,DK1,DK_1,forecast_solar_generation,Solar,2026-09-13T19:00:54Z
2026-09-13T18:59:46Z,2026-09-13T20:59:46+0200,d4303d36-784d-4112-aeb9-e8cb25469a92,2026-09-09T16:30:00Z,2026-09-09T18:30:00+0200,365.095,MW,DK1,DK_1,forecast_solar_generation,Solar,2026-09-13T19:00:54Z
2026-09-13T18:59:46Z,2026-09-13T20:59:46+0200,d4303d36-784d-4112-aeb9-e8cb25469a92,2026-09-09T16:45:00Z,2026-09-09T18:45:00+0200,244.938333,MW,DK1,DK_1,forecast_solar_generation,Solar,2026-09-13T19:00:54Z
2026-09-13T18:59:46Z,2026-09-13T20:59:46+0200,d4303d36-784d-4112-aeb9-e8cb25469a92,2026-09-09T17:00:00Z,2026-09-09T19:00:00+0200,142.686666,MW,DK1,DK_1,forecast_solar_generation,Solar,2026-09-13T19:00:54Z
2026-09-13T18:59:46Z,2026-09-13T20:59:46+0200,d4303d36-784d-4112-aeb9-e8cb25469a92,2026-09-09T17:15:00Z,2026-09-09T19:15:00+0200,62.331666,MW,DK1,DK_1,forecast_solar_generation,Solar,2026-09-13T19:00:54Z
2026-09-13T18:59:46Z,2026-09-13T20:59:46+0200,d4303d36-784d-4112-aeb9-e8cb25469a92,2026-09-09T17:30:00Z,2026-09-09T19:30:00+0200,12.89,MW,DK1,DK_1,forecast_solar_generation,Solar,2026-09-13T19:00:54Z
2026-09-13T18:59:46Z,2026-09-13T20:59:46+0200,d4303d36-784d-4112-aeb9-e8cb25469a92,2026-09-09T17:45:00Z,2026-09-09T19:45:00+0200,0.445,MW,DK1,DK_1,forecast_solar_generation,Solar,2026-09-13T19:00:54Z
2026-09-13T18:59:46Z,2026-09-13T20:59:46+0200,d4303d36-784d-4112-aeb9-e8cb25469a92,2026-09-09T18:00:00Z,2026-09-09T20:00:00+0200,0.0,MW,DK1,DK_1,forecast_solar_generation,Solar,2026-09-13T19:00:54Z
2026-09-13T18:59:46Z,2026-09-13T20:59:46+0200,d4303d36-784d-4112-aeb9-e8cb25469a92,2026-09-09T18:15:00Z,2026-09-09T20:15:00+0200,0.0,MW,DK1,DK_1,forecast_solar_generation,Solar,2026-09-13T19:00:54Z
2026-09-13T18:59:46Z,2026-09-13T20:59:46+0200,d4303d36-784d-4112-aeb9-e8cb25469a92,2026-09-09T18:30:00Z,2026-09-09T20:30:00+0200,0.0,MW,DK1,DK_1,forecast_solar_generation,Solar,2026-09-13T19:00:54Z
2026-09-13T18:59:46Z,2026-09-13T20:59:46+0200,d4303d36-784d-4112-aeb9-e8cb25469a92,2026-09-09T18:45:00Z,2026-09-09T20:45:00+0200,0.0,MW,DK1,DK_1,forecast_solar_generation,Solar,2026-09-13T19:00:54Z
2026-09-13T18:59:46Z,2026-09-13T20:59:46+0200,d4303d36-784d-4112-aeb9-e8cb25469a92,2026-09-09T19:00:00Z,2026-09-09T21:00:00+0200,0.0,MW,DK1,DK_1,forecast_solar_generation,Solar,2026-09-13T19:00:54Z
2026-09-13T18:59:46Z,2026-09-13T20:59:46+0200,d4303d36-784d-4112-aeb9-e8cb25469a92,2026-09-09T19:15:00Z,2026-09-09T21:15:00+0200,0.0,MW,DK1,DK_1,forecast_solar_generation,Solar,2026-09-13T19:00:54Z
2026-09-13T18:59:46Z,2026-09-13T20:59:46+0200,d4303d36-784d-4112-aeb9-e8cb25469a92,2026-09-09T19:30:00Z,2026-09-09T21:30:00+0200,0.0,MW,DK1,DK_1,forecast_solar_generation,Solar,2026-09-13T19:00:54Z
2026-09-13T18:59:46Z,2026-09-13T20:59:46+0200,d4303d36-784d-4112-aeb9-e8cb25469a92,2026-09-09T19:45:00Z,2026-09-09T21:45:00+0200,0.0,MW,DK1,DK_1,forecast_solar_generation,Solar,2026-09-13T19:00:54Z
2026-09-13T18:59:46Z,2026-09-13T20:59:46+0200,d4303d36-784d-4112-aeb9-e8cb25469a92,2026-09-09T20:00:00Z,2026-09-09T22:00:00+0200,0.0,MW,DK1,DK_1,forecast_solar_generation,Solar,2026-09-13T19:00:54Z
2026-09-13T18:59:46Z,2026-09-13T20:59:46+0200,d4303d36-784d-4112-aeb9-e8cb25469a92,2026-09-09T20:15:00Z,2026-09-09T22:15:00+0200,0.0,MW,DK1,DK_1,forecast_solar_generation,Solar,2026-09-13T19:00:54Z
2026-09-13T18:59:46Z,2026-09-13T20:59:46+0200,d4303d36-784d-4112-aeb9-e8cb25469a92,2026-09-09T20:30:00Z,2026-09-09T22:30:00+0200,0.0,MW,DK1,DK_1,forecast_solar_generation,Solar,2026-09-13T19:00:54Z
2026-09-13T18:59:46Z,2026-09-13T20:59:46+0200,d4303d36-784d-4112-aeb9-e8cb25469a92,2026-09-09T20:45:00Z,2026-09-09T22:45:00+0200,0.0,MW,DK1,DK_1,forecast_solar_generation,Solar,2026-09-13T19:00:54Z
2026-09-13T18:59:46Z,2026-09-13T20:59:46+0200,d4303d36-784d-4112-aeb9-e8cb25469a92,2026-09-09T21:00:00Z,2026-09-09T23:00:00+0200,0.0,MW,DK1,DK_1,forecast_solar_generation,Solar,2026-09-13T19:00:54Z
2026-09-13T18:59:46Z,2026-09-13T20:59:46+0200,d4303d36-784d-4112-aeb9-e8cb25469a92,2026-09-09T21:15:00Z,2026-09-09T23:15:00+0200,0.0,MW,DK1,DK_1,forecast_solar_generation,Solar,2026-09-13T19:00:54Z
2026-09-13T18:59:46Z,2026-09-13T20:59:46+0200,d4303d36-784d-4112-aeb9-e8cb25469a92,2026-09-09T21:30:00Z,2026-09-09T23:30:00+0200,0.0,MW,DK1,DK_1,forecast_solar_generation,Solar,2026-09-13T19:00:54Z
2026-09-13T18:59:46Z,2026-09-13T20:59:46+0200,d4303d36-784d-4112-aeb9-e8cb25469a92,2026-09-09T21:45:00Z,2026-09-09T23:45:00+0200,0.0,MW,DK1,DK_1,forecast_solar_generation,Solar,2026-09-13T19:00:54Z
2026-09-13T18:59:46Z,2026-09-13T20:59:46+0200,d4303d36-784d-4112-aeb9-e8cb25469a92,2026-09-09T22:00:00Z,2026-09-10T00:00:00+0200,0.0,MW,DK1,DK_1,forecast_solar_generation,Solar,2026-09-13T19:00:54Z
2026-09-13T18:59:46Z,2026-09-13T20:59:46+0200,d4303d36-784d-4112-aeb9-e8cb25469a92,2026-09-09T22:15:00Z,2026-09-10T00:15:00+0200,0.0,MW,DK1,DK_1,forecast_solar_generation,Solar,2026-09-13T19:00:54Z
2026-09-13T18:59:46Z,2026-09-13T20:59:46+0200,d4303d36-784d-4112-aeb9-e8cb25469a92,2026-09-09T22:30:00Z,2026-09-10T00:30:00+0200,0.0,MW,DK1,DK_1,forecast_solar_generation,Solar,2026-09-13T19:00:54Z
2026-09-13T18:59:46Z,2026-09-13T20:59:46+0200,d4303d36-784d-4112-aeb9-e8cb25469a92,2026-09-09T22:45:00Z,2026-09-10T00:45:00+0200,0.0,MW,DK1,DK_1,forecast_solar_generation,Solar,2026-09-13T19:00:54Z
2026-09-13T18:59:46Z,2026-09-13T20:59:46+0200,d4303d36-784d-4112-aeb9-e8cb25469a92,2026-09-09T23:00:00Z,2026-09-10T01:00:00+0200,0.0,MW,DK1,DK_1,forecast_solar_generation,Solar,2026-09-13T19:00:54Z
2026-09-13T18:59:46Z,2026-09-13T20:59:46+0200,d4303d36-784d-4112-aeb9-e8cb25469a92,2026-09-09T23:15:00Z,2026-09-10T01:15:00+0200,0.0,MW,DK1,DK_1,forecast_solar_generation,Solar,2026-09-13T19:00:54Z
2026-09-13T18:59:46Z,2026-09-13T20:59:46+0200,d4303d36-784d-4112-aeb9-e8cb25469a92,2026-09-09T23:30:00Z,2026-09-10T01:30:00+0200,0.0,MW,DK1,DK_1,forecast_solar_generation,Solar,2026-09-13T19:00:54Z
2026-09-13T18:59:46Z,2026-09-13T20:59:46+0200,d4303d36-784d-4112-aeb9-e8cb25469a92,2026-09-09T23:45:00Z,2026-09-10T01:45:00+0200,0.0,MW,DK1,DK_1,forecast_solar_generation,Solar,2026-09-13T19:00:54Z
2026-09-13T18:59:46Z,2026-09-13T20:59:46+0200,d4303d36-784d-4112-aeb9-e8cb25469a92,2026-09-10T00:00:00Z,2026-09-10T02:00:00+0200,0.0,MW,DK1,DK_1,forecast_solar_generation,Solar,2026-09-13T19:00:54Z
2026-09-13T18:59:46Z,2026-09-13T20:59:46+0200,d4303d36-784d-4112-aeb9-e8cb25469a92,2026-09-10T00:15:00Z,2026-09-10T02:15:00+0200,0.0,MW,DK1,DK_1,forecast_solar_generation,Solar,2026-09-13T19:00:54Z
2026-09-13T18:59:46Z,2026-09-13T20:59:46+0200,d4303d36-784d-4112-aeb9-e8cb25469a92,2026-09-10T00:30:00Z,2026-09-10T02:30:00+0200,0.0,MW,DK1,DK_1,forecast_solar_generation,Solar,2026-09-13T19:00:54Z
2026-09-13T18:59:46Z,2026-09-13T20:59:46+0200,d4303d36-784d-4112-aeb9-e8cb25469a92,2026-09-10T00:45:00Z,2026-09-10T02:45:00+0200,0.0,MW,DK1,DK_1,forecast_solar_generation,Solar,2026-09-13T19:00:54Z
2026-09-13T18:59:46Z,2026-09-13T20:59:46+0200,d4303d36-784d-4112-aeb9-e8cb25469a92,2026-09-10T01:00:00Z,2026-09-10T03:00:00+0200,0.0,MW,DK1,DK_1,forecast_solar_generation,Solar,2026-09-13T19:00:54Z
2026-09-13T18:59:46Z,2026-09-13T20:59:46+0200,d4303d36-784d-4112-aeb9-e8cb25469a92,2026-09-10T01:15:00Z,2026-09-10T03:15:00+0200,0.0,MW,DK1,DK_1,forecast_solar_generation,Solar,2026-09-13T19:00:54Z
2026-09-13T18:59:46Z,2026-09-13T20:59:46+0200,d4303d36-784d-4112-aeb9-e8cb25469a92,2026-09-10T01:30:00Z,2026-09-10T03:30:00+0200,0.0,MW,DK1,DK_1,forecast_solar_generation,Solar,2026-09-13T19:00:54Z
2026-09-13T18:59:46Z,2026-09-13T20:59:46+0200,d4303d36-784d-4112-aeb9-e8cb25469a92,2026-09-10T01:45:00Z,2026-09-10T03:45:00+0200,0.0,MW,DK1,DK_1,forecast_solar_generation,Solar,2026-09-13T19:00:54Z
2026-09-13T18:59:46Z,2026-09-13T20:59:46+0200,d4303d36-784d-4112-aeb9-e8cb25469a92,2026-09-10T02:00:00Z,2026-09-10T04:00:00+0200,0.0,MW,DK1,DK_1,forecast_solar_generation,Solar,2026-09-13T19:00:54Z
2026-09-13T18:59:46Z,2026-09-13T20:59:46+0200,d4303d36-784d-4112-aeb9-e8cb25469a92,2026-09-10T02:15:00Z,2026-09-10T04:15:00+0200,0.0,MW,DK1,DK_1,forecast_solar_generation,Solar,2026-09-13T19:00:54Z
2026-09-13T18:59:46Z,2026-09-13T20:59:46+0200,d4303d36-784d-4112-aeb9-e8cb25469a92,2026-09-10T02:30:00Z,2026-09-10T04:30:00+0200,0.0,MW,DK1,DK_1,forecast_solar_generation,Solar,2026-09-13T19:00:54Z
2026-09-13T18:59:46Z,2026-09-13T20:59:46+0200,d4303d36-784d-4112-aeb9-e8cb25469a92,2026-09-10T02:45:00Z,2026-09-10T04:45:00+0200,0.0,MW,DK1,DK_1,forecast_solar_generation,Solar,2026-09-13T19:00:54Z
2026-09-13T18:59:46Z,2026-09-13T20:59:46+0200,d4303d36-784d-4112-aeb9-e8cb25469a92,2026-09-10T03:00:00Z,2026-09-10T05:00:00+0200,0.0,MW,DK1,DK_1,forecast_solar_generation,Solar,2026-09-13T19:00:54Z
2026-09-13T18:59:46Z,2026-09-13T20:59:46+0200,d4303d36-784d-4112-aeb9-e8cb25469a92,2026-09-10T03:15:00Z,2026-09-10T05:15:00+0200,0.0,MW,DK1,DK_1,forecast_solar_generation,Solar,2026-09-13T19:00:54Z
2026-09-13T18:59:46Z,2026-09-13T20:59:46+0200,d4303d36-784d-4112-aeb9-e8cb25469a92,2026-09-10T03:30:00Z,2026-09-10T05:30:00+0200,0.0,MW,DK1,DK_1,forecast_solar_generation,Solar,2026-09-13T19:00:54Z
2026-09-13T18:59:46Z,2026-09-13T20:59:46+0200,d4303d36-784d-4112-aeb9-e8cb25469a92,2026-09-10T03:45:00Z,2026-09-10T05:45:00+0200,0.0,MW,DK1,DK_1,forecast_solar_generation,Solar,2026-09-13T19:00:54Z
2026-09-13T18:59:46Z,2026-09-13T20:59:46+0200,d4303d36-784d-4112-aeb9-e8cb25469a92,2026-09-10T04:00:00Z,2026-09-10T06:00:00+0200,0.0,MW,DK1,DK_1,forecast_solar_generation,Solar,2026-09-13T19:00:54Z
2026-09-13T18:59:46Z,2026-09-13T20:59:46+0200,d4303d36-784d-4112-aeb9-e8cb25469a92,2026-09-10T04:15:00Z,2026-09-10T06:15:00+0200,0.0,MW,DK1,DK_1,forecast_solar_generation,Solar,2026-09-13T19:00:54Z
2026-09-13T18:59:46Z,2026-09-13T20:59:46+0200,d4303d36-784d-4112-aeb9-e8cb25469a92,2026-09-10T04:30:00Z,2026-09-10T06:30:00+0200,0.01,MW,DK1,DK_1,forecast_solar_generation,Solar,2026-09-13T19:00:54Z
2026-09-13T18:59:46Z,2026-09-13T20:59:46+0200,d4303d36-784d-4112-aeb9-e8cb25469a92,2026-09-10T04:45:00Z,2026-09-10T06:45:00+0200,2.15,MW,DK1,DK_1,forecast_solar_generation,Solar,2026-09-13T19:00:54Z
2026-09-13T18:59:46Z,2026-09-13T20:59:46+0200,d4303d36-784d-4112-aeb9-e8cb25469a92,2026-09-10T05:00:00Z,2026-09-10T07:00:00+0200,28.099999,MW,DK1,DK_1,forecast_solar_generation,Solar,2026-09-13T19:00:54Z
2026-09-13T18:59:46Z,2026-09-13T20:59:46+0200,d4303d36-784d-4112-aeb9-e8cb25469a92,2026-09-10T05:15:00Z,2026-09-10T07:15:00+0200,93.556666,MW,DK1,DK_1,forecast_solar_generation,Solar,2026-09-13T19:00:54Z
2026-09-13T18:59:46Z,2026-09-13T20:59:46+0200,d4303d36-784d-4112-aeb9-e8cb25469a92,2026-09-10T05:30:00Z,2026-09-10T07:30:00+0200,183.926666,MW,DK1,DK_1,forecast_solar_generation,Solar,2026-09-13T19:00:54Z
2026-09-13T18:59:46Z,2026-09-13T20:59:46+0200,d4303d36-784d-4112-aeb9-e8cb25469a92,2026-09-10T05:45:00Z,2026-09-10T07:45:00+0200,291.258333,MW,DK1,DK_1,forecast_solar_generation,Solar,2026-09-13T19:00:54Z
2026-09-13T18:59:46Z,2026-09-13T20:59:46+0200,d4303d36-784d-4112-aeb9-e8cb25469a92,2026-09-10T06:00:00Z,2026-09-10T08:00:00+0200,412.413333,MW,DK1,DK_1,forecast_solar_generation,Solar,2026-09-13T19:00:54Z
2026-09-13T18:59:46Z,2026-09-13T20:59:46+0200,d4303d36-784d-4112-aeb9-e8cb25469a92,2026-09-10T06:15:00Z,2026-09-10T08:15:00+0200,544.853333,MW,DK1,DK_1,forecast_solar_generation,Solar,2026-09-13T19:00:54Z
2026-09-13T18:59:46Z,2026-09-13T20:59:46+0200,d4303d36-784d-4112-aeb9-e8cb25469a92,2026-09-10T06:30:00Z,2026-09-10T08:30:00+0200,684.066666,MW,DK1,DK_1,forecast_solar_generation,Solar,2026-09-13T19:00:54Z
2026-09-13T18:59:46Z,2026-09-13T20:59:46+0200,d4303d36-784d-4112-aeb9-e8cb25469a92,2026-09-10T06:45:00Z,2026-09-10T08:45:00+0200,826.29,MW,DK1,DK_1,forecast_solar_generation,Solar,2026-09-13T19:00:54Z
2026-09-13T18:59:46Z,2026-09-13T20:59:46+0200,d4303d36-784d-4112-aeb9-e8cb25469a92,2026-09-10T07:00:00Z,2026-09-10T09:00:00+0200,968.739999,MW,DK1,DK_1,forecast_solar_generation,Solar,2026-09-13T19:00:54Z
2026-09-13T18:59:46Z,2026-09-13T20:59:46+0200,d4303d36-784d-4112-aeb9-e8cb25469a92,2026-09-10T07:15:00Z,2026-09-10T09:15:00+0200,1109.0,MW,DK1,DK_1,forecast_solar_generation,Solar,2026-09-13T19:00:54Z
2026-09-13T18:59:46Z,2026-09-13T20:59:46+0200,d4303d36-784d-4112-aeb9-e8cb25469a92,2026-09-10T07:30:00Z,2026-09-10T09:30:00+0200,1245.54,MW,DK1,DK_1,forecast_solar_generation,Solar,2026-09-13T19:00:54Z
2026-09-13T18:59:46Z,2026-09-13T20:59:46+0200,d4303d36-784d-4112-aeb9-e8cb25469a92,2026-09-10T07:45:00Z,2026-09-10T09:45:00+0200,1378.648333,MW,DK1,DK_1,forecast_solar_generation,Solar,2026-09-13T19:00:54Z
2026-09-13T18:59:46Z,2026-09-13T20:59:46+0200,d4303d36-784d-4112-aeb9-e8cb25469a92,2026-09-10T08:00:00Z,2026-09-10T10:00:00+0200,1503.769999,MW,DK1,DK_1,forecast_solar_generation,Solar,2026-09-13T19:00:54Z
2026-09-13T18:59:46Z,2026-09-13T20:59:46+0200,d4303d36-784d-4112-aeb9-e8cb25469a92,2026-09-10T08:15:00Z,2026-09-10T10:15:00+0200,1613.931666,MW,DK1,DK_1,forecast_solar_generation,Solar,2026-09-13T19:00:54Z
2026-09-13T18:59:46Z,2026-09-13T20:59:46+0200,d4303d36-784d-4112-aeb9-e8cb25469a92,2026-09-10T08:30:00Z,2026-09-10T10:30:00+0200,1704.013333,MW,DK1,DK_1,forecast_solar_generation,Solar,2026-09-13T19:00:54Z
2026-09-13T18:59:46Z,2026-09-13T20:59:46+0200,d4303d36-784d-4112-aeb9-e8cb25469a92,2026-09-10T08:45:00Z,2026-09-10T10:45:00+0200,1778.473333,MW,DK1,DK_1,forecast_solar_generation,Solar,2026-09-13T19:00:54Z
2026-09-13T18:59:46Z,2026-09-13T20:59:46+0200,d4303d36-784d-4112-aeb9-e8cb25469a92,2026-09-10T09:00:00Z,2026-09-10T11:00:00+0200,1838.889999,MW,DK1,DK_1,forecast_solar_generation,Solar,2026-09-13T19:00:54Z
2026-09-13T18:59:46Z,2026-09-13T20:59:46+0200,d4303d36-784d-4112-aeb9-e8cb25469a92,2026-09-10T09:15:00Z,2026-09-10T11:15:00+0200,1885.534999,MW,DK1,DK_1,forecast_solar_generation,Solar,2026-09-13T19:00:54Z
2026-09-13T18:59:46Z,2026-09-13T20:59:46+0200,d4303d36-784d-4112-aeb9-e8cb25469a92,2026-09-10T09:30:00Z,2026-09-10T11:30:00+0200,1920.381666,MW,DK1,DK_1,forecast_solar_generation,Solar,2026-09-13T19:00:54Z
2026-09-13T18:59:46Z,2026-09-13T20:59:46+0200,d4303d36-784d-4112-aeb9-e8cb25469a92,2026-09-10T09:45:00Z,2026-09-10T11:45:00+0200,1943.203333,MW,DK1,DK_1,forecast_solar_generation,Solar,2026-09-13T19:00:54Z
2026-09-13T18:59:46Z,2026-09-13T20:59:46+0200,d4303d36-784d-4112-aeb9-e8cb25469a92,2026-09-10T10:00:00Z,2026-09-10T12:00:00+0200,1957.368333,MW,DK1,DK_1,forecast_solar_generation,Solar,2026-09-13T19:00:54Z
2026-09-13T18:59:46Z,2026-09-13T20:59:46+0200,d4303d36-784d-4112-aeb9-e8cb25469a92,2026-09-10T10:15:00Z,2026-09-10T12:15:00+0200,1967.235,MW,DK1,DK_1,forecast_solar_generation,Solar,2026-09-13T19:00:54Z
2026-09-13T18:59:46Z,2026-09-13T20:59:46+0200,d4303d36-784d-4112-aeb9-e8cb25469a92,2026-09-10T10:30:00Z,2026-09-10T12:30:00+0200,1974.978333,MW,DK1,DK_1,forecast_solar_generation,Solar,2026-09-13T19:00:54Z
2026-09-13T18:59:46Z,2026-09-13T20:59:46+0200,d4303d36-784d-4112-aeb9-e8cb25469a92,2026-09-10T10:45:00Z,2026-09-10T12:45:00+0200,1976.283333,MW,DK1,DK_1,forecast_solar_generation,Solar,2026-09-13T19:00:54Z
2026-09-13T18:59:46Z,2026-09-13T20:59:46+0200,d4303d36-784d-4112-aeb9-e8cb25469a92,2026-09-10T11:00:00Z,2026-09-10T13:00:00+0200,1970.48,MW,DK1,DK_1,forecast_solar_generation,Solar,2026-09-13T19:00:54Z
2026-09-13T18:59:46Z,2026-09-13T20:59:46+0200,d4303d36-784d-4112-aeb9-e8cb25469a92,2026-09-10T11:15:00Z,2026-09-10T13:15:00+0200,1959.238333,MW,DK1,DK_1,forecast_solar_generation,Solar,2026-09-13T19:00:54Z
2026-09-13T18:59:46Z,2026-09-13T20:59:46+0200,d4303d36-784d-4112-aeb9-e8cb25469a92,2026-09-10T11:30:00Z,2026-09-10T13:30:00+0200,1943.066666,MW,DK1,DK_1,forecast_solar_generation,Solar,2026-09-13T19:00:54Z
2026-09-13T18:59:46Z,2026-09-13T20:59:46+0200,d4303d36-784d-4112-aeb9-e8cb25469a92,2026-09-10T11:45:00Z,2026-09-10T13:45:00+0200,1920.11,MW,DK1,DK_1,forecast_solar_generation,Solar,2026-09-13T19:00:54Z
2026-09-13T18:59:46Z,2026-09-13T20:59:46+0200,d4303d36-784d-4112-aeb9-e8cb25469a92,2026-09-10T12:00:00Z,2026-09-10T14:00:00+0200,1890.588333,MW,DK1,DK_1,forecast_solar_generation,Solar,2026-09-13T19:00:54Z
2026-09-13T18:59:46Z,2026-09-13T20:59:46+0200,d4303d36-784d-4112-aeb9-e8cb25469a92,2026-09-10T12:15:00Z,2026-09-10T14:15:00+0200,1855.495,MW,DK1,DK_1,forecast_solar_generation,Solar,2026-09-13T19:00:54Z
2026-09-13T18:59:46Z,2026-09-13T20:59:46+0200,d4303d36-784d-4112-aeb9-e8cb25469a92,2026-09-10T12:30:00Z,2026-09-10T14:30:00+0200,1814.465,MW,DK1,DK_1,forecast_solar_generation,Solar,2026-09-13T19:00:54Z
2026-09-13T18:59:46Z,2026-09-13T20:59:46+0200,d4303d36-784d-4112-aeb9-e8cb25469a92,2026-09-10T12:45:00Z,2026-09-10T14:45:00+0200,1763.006666,MW,DK1,DK_1,forecast_solar_generation,Solar,2026-09-13T19:00:54Z
2026-09-13T18:59:46Z,2026-09-13T20:59:46+0200,d4303d36-784d-4112-aeb9-e8cb25469a92,2026-09-10T13:00:00Z,2026-09-10T15:00:00+0200,1702.676666,MW,DK1,DK_1,forecast_solar_generation,Solar,2026-09-13T19:00:54Z
2026-09-13T18:59:46Z,2026-09-13T20:59:46+0200,d4303d36-784d-4112-aeb9-e8cb25469a92,2026-09-10T13:15:00Z,2026-09-10T15:15:00+0200,1639.553333,MW,DK1,DK_1,forecast_solar_generation,Solar,2026-09-13T19:00:54Z
2026-09-13T18:59:46Z,2026-09-13T20:59:46+0200,d4303d36-784d-4112-aeb9-e8cb25469a92,2026-09-10T13:30:00Z,2026-09-10T15:30:00+0200,1574.693333,MW,DK1,DK_1,forecast_solar_generation,Solar,2026-09-13T19:00:54Z
2026-09-13T18:59:46Z,2026-09-13T20:59:46+0200,d4303d36-784d-4112-aeb9-e8cb25469a92,2026-09-10T13:45:00Z,2026-09-10T15:45:00+0200,1504.731666,MW,DK1,DK_1,forecast_solar_generation,Solar,2026-09-13T19:00:54Z
2026-09-13T18:59:46Z,2026-09-13T20:59:46+0200,d4303d36-784d-4112-aeb9-e8cb25469a92,2026-09-10T14:00:00Z,2026-09-10T16:00:00+0200,1426.93,MW,DK1,DK_1,forecast_solar_generation,Solar,2026-09-13T19:00:54Z
2026-09-13T18:59:46Z,2026-09-13T20:59:46+0200,d4303d36-784d-4112-aeb9-e8cb25469a92,2026-09-10T14:15:00Z,2026-09-10T16:15:00+0200,1339.511666,MW,DK1,DK_1,forecast_solar_generation,Solar,2026-09-13T19:00:54Z
2026-09-13T18:59:46Z,2026-09-13T20:59:46+0200,d4303d36-784d-4112-aeb9-e8cb25469a92,2026-09-10T14:30:00Z,2026-09-10T16:30:00+0200,1241.725,MW,DK1,DK_1,forecast_solar_generation,Solar,2026-09-13T19:00:54Z
2026-09-13T18:59:46Z,2026-09-13T20:59:46+0200,d4303d36-784d-4112-aeb9-e8cb25469a92,2026-09-10T14:45:00Z,2026-09-10T16:45:00+0200,1135.325,MW,DK1,DK_1,forecast_solar_generation,Solar,2026-09-13T19:00:54Z
2026-09-13T18:59:46Z,2026-09-13T20:59:46+0200,d4303d36-784d-4112-aeb9-e8cb25469a92,2026-09-10T15:00:00Z,2026-09-10T17:00:00+0200,1022.424999,MW,DK1,DK_1,forecast_solar_generation,Solar,2026-09-13T19:00:54Z
2026-09-13T18:59:46Z,2026-09-13T20:59:46+0200,d4303d36-784d-4112-aeb9-e8cb25469a92,2026-09-10T15:15:00Z,2026-09-10T17:15:00+0200,904.835,MW,DK1,DK_1,forecast_solar_generation,Solar,2026-09-13T19:00:54Z
2026-09-13T18:59:46Z,2026-09-13T20:59:46+0200,d4303d36-784d-4112-aeb9-e8cb25469a92,2026-09-10T15:30:00Z,2026-09-10T17:30:00+0200,783.776666,MW,DK1,DK_1,forecast_solar_generation,Solar,2026-09-13T19:00:54Z
2026-09-13T18:59:46Z,2026-09-13T20:59:46+0200,d4303d36-784d-4112-aeb9-e8cb25469a92,2026-09-10T15:45:00Z,2026-09-10T17:45:00+0200,659.66,MW,DK1,DK_1,forecast_solar_generation,Solar,2026-09-13T19:00:54Z
2026-09-13T18:59:46Z,2026-09-13T20:59:46+0200,d4303d36-784d-4112-aeb9-e8cb25469a92,2026-09-10T16:00:00Z,2026-09-10T18:00:00+0200,534.945,MW,DK1,DK_1,forecast_solar_generation,Solar,2026-09-13T19:00:54Z
2026-09-13T18:59:46Z,2026-09-13T20:59:46+0200,d4303d36-784d-4112-aeb9-e8cb25469a92,2026-09-10T16:15:00Z,2026-09-10T18:15:00+0200,412.835,MW,DK1,DK_1,forecast_solar_generation,Solar,2026-09-13T19:00:54Z
2026-09-13T18:59:46Z,2026-09-13T20:59:46+0200,d4303d36-784d-4112-aeb9-e8cb25469a92,2026-09-10T16:30:00Z,2026-09-10T18:30:00+0200,299.75,MW,DK1,DK_1,forecast_solar_generation,Solar,2026-09-13T19:00:54Z
2026-09-13T18:59:46Z,2026-09-13T20:59:46+0200,d4303d36-784d-4112-aeb9-e8cb25469a92,2026-09-10T16:45:00Z,2026-09-10T18:45:00+0200,201.668333,MW,DK1,DK_1,forecast_solar_generation,Solar,2026-09-13T19:00:54Z
2026-09-13T18:59:46Z,2026-09-13T20:59:46+0200,d4303d36-784d-4112-aeb9-e8cb25469a92,2026-09-10T17:00:00Z,2026-09-10T19:00:00+0200,117.076666,MW,DK1,DK_1,forecast_solar_generation,Solar,2026-09-13T19:00:54Z
2026-09-13T18:59:46Z,2026-09-13T20:59:46+0200,d4303d36-784d-4112-aeb9-e8cb25469a92,2026-09-10T17:15:00Z,2026-09-10T19:15:00+0200,48.618333,MW,DK1,DK_1,forecast_solar_generation,Solar,2026-09-13T19:00:54Z
2026-09-13T18:59:46Z,2026-09-13T20:59:46+0200,d4303d36-784d-4112-aeb9-e8cb25469a92,2026-09-10T17:30:00Z,2026-09-10T19:30:00+0200,8.334999,MW,DK1,DK_1,forecast_solar_generation,Solar,2026-09-13T19:00:54Z
2026-09-13T18:59:46Z,2026-09-13T20:59:46+0200,d4303d36-784d-4112-aeb9-e8cb25469a92,2026-09-10T17:45:00Z,2026-09-10T19:45:00+0200,0.181666,MW,DK1,DK_1,forecast_solar_generation,Solar,2026-09-13T19:00:54Z
2026-09-13T18:59:46Z,2026-09-13T20:59:46+0200,d4303d36-784d-4112-aeb9-e8cb25469a92,2026-09-10T18:00:00Z,2026-09-10T20:00:00+0200,0.0,MW,DK1,DK_1,forecast_solar_generation,Solar,2026-09-13T19:00:54Z
2026-09-13T18:59:46Z,2026-09-13T20:59:46+0200,d4303d36-784d-4112-aeb9-e8cb25469a92,2026-09-10T18:15:00Z,2026-09-10T20:15:00+0200,0.0,MW,DK1,DK_1,forecast_solar_generation,Solar,2026-09-13T19:00:54Z
2026-09-13T18:59:46Z,2026-09-13T20:59:46+0200,d4303d36-784d-4112-aeb9-e8cb25469a92,2026-09-10T18:30:00Z,2026-09-10T20:30:00+0200,0.0,MW,DK1,DK_1,forecast_solar_generation,Solar,2026-09-13T19:00:54Z
2026-09-13T18:59:46Z,2026-09-13T20:59:46+0200,d4303d36-784d-4112-aeb9-e8cb25469a92,2026-09-10T18:45:00Z,2026-09-10T20:45:00+0200,0.0,MW,DK1,DK_1,forecast_solar_generation,Solar,2026-09-13T19:00:54Z
2026-09-13T18:59:46Z,2026-09-13T20:59:46+0200,d4303d36-784d-4112-aeb9-e8cb25469a92,2026-09-10T19:00:00Z,2026-09-10T21:00:00+0200,0.0,MW,DK1,DK_1,forecast_solar_generation,Solar,2026-09-13T19:00:54Z
2026-09-13T18:59:46Z,2026-09-13T20:59:46+0200,d4303d36-784d-4112-aeb9-e8cb25469a92,2026-09-10T19:15:00Z,2026-09-10T21:15:00+0200,0.0,MW,DK1,DK_1,forecast_solar_generation,Solar,2026-09-13T19:00:54Z
2026-09-13T18:59:46Z,2026-09-13T20:59:46+0200,d4303d36-784d-4112-aeb9-e8cb25469a92,2026-09-10T19:30:00Z,2026-09-10T21:30:00+0200,0.0,MW,DK1,DK_1,forecast_solar_generation,Solar,2026-09-13T19:00:54Z
2026-09-13T18:59:46Z,2026-09-13T20:59:46+0200,d4303d36-784d-4112-aeb9-e8cb25469a92,2026-09-10T19:45:00Z,2026-09-10T21:45:00+0200,0.0,MW,DK1,DK_1,forecast_solar_generation,Solar,2026-09-13T19:00:54Z
2026-09-13T18:59:46Z,2026-09-13T20:59:46+0200,d4303d36-784d-4112-aeb9-e8cb25469a92,2026-09-10T20:00:00Z,2026-09-10T22:00:00+0200,0.0,MW,DK1,DK_1,forecast_solar_generation,Solar,2026-09-13T19:00:54Z
2026-09-13T18:59:46Z,2026-09-13T20:59:46+0200,d4303d36-784d-4112-aeb9-e8cb25469a92,2026-09-10T20:15:00Z,2026-09-10T22:15:00+0200,0.0,MW,DK1,DK_1,forecast_solar_generation,Solar,2026-09-13T19:00:54Z
2026-09-13T18:59:46Z,2026-09-13T20:59:46+0200,d4303d36-784d-4112-aeb9-e8cb25469a92,2026-09-10T20:30:00Z,2026-09-10T22:30:00+0200,0.0,MW,DK1,DK_1,forecast_solar_generation,Solar,2026-09-13T19:00:54Z
2026-09-13T18:59:46Z,2026-09-13T20:59:46+0200,d4303d36-784d-4112-aeb9-e8cb25469a92,2026-09-10T20:45:00Z,2026-09-10T22:45:00+0200,0.0,MW,DK1,DK_1,forecast_solar_generation,Solar,2026-09-13T19:00:54Z
2026-09-13T18:59:46Z,2026-09-13T20:59:46+0200,d4303d36-784d-4112-aeb9-e8cb25469a92,2026-09-10T21:00:00Z,2026-09-10T23:00:00+0200,0.0,MW,DK1,DK_1,forecast_solar_generation,Solar,2026-09-13T19:00:54Z
2026-09-13T18:59:46Z,2026-09-13T20:59:46+0200,d4303d36-784d-4112-aeb9-e8cb25469a92,2026-09-10T21:15:00Z,2026-09-10T23:15:00+0200,0.0,MW,DK1,DK_1,forecast_solar_generation,Solar,2026-09-13T19:00:54Z
2026-09-13T18:59:46Z,2026-09-13T20:59:46+0200,d4303d36-784d-4112-aeb9-e8cb25469a92,2026-09-10T21:30:00Z,2026-09-10T23:30:00+0200,0.0,MW,DK1,DK_1,forecast_solar_generation,Solar,2026-09-13T19:00:54Z
2026-09-13T18:59:46Z,2026-09-13T20:59:46+0200,d4303d36-784d-4112-aeb9-e8cb25469a92,2026-09-10T21:45:00Z,2026-09-10T23:45:00+0200,0.0,MW,DK1,DK_1,forecast_solar_generation,Solar,2026-09-13T19:00:54Z
2026-09-13T18:59:46Z,2026-09-13T20:59:46+0200,d4303d36-784d-4112-aeb9-e8cb25469a92,2026-09-10T22:00:00Z,2026-09-11T00:00:00+0200,0.0,MW,DK1,DK_1,forecast_solar_generation,Solar,2026-09-13T19:00:54Z
2026-09-13T18:59:46Z,2026-09-13T20:59:46+0200,d4303d36-784d-4112-aeb9-e8cb25469a92,2026-09-10T22:15:00Z,2026-09-11T00:15:00+0200,0.0,MW,DK1,DK_1,forecast_solar_generation,Solar,2026-09-13T19:00:54Z
2026-09-13T18:59:46Z,2026-09-13T20:59:46+0200,d4303d36-784d-4112-aeb9-e8cb25469a92,2026-09-10T22:30:00Z,2026-09-11T00:30:00+0200,0.0,MW,DK1,DK_1,forecast_solar_generation,Solar,2026-09-13T19:00:54Z
2026-09-13T18:59:46Z,2026-09-13T20:59:46+0200,d4303d36-784d-4112-aeb9-e8cb25469a92,2026-09-10T22:45:00Z,2026-09-11T00:45:00+0200,0.0,MW,DK1,DK_1,forecast_solar_generation,Solar,2026-09-13T19:00:54Z
2026-09-13T18:59:46Z,2026-09-13T20:59:46+0200,d4303d36-784d-4112-aeb9-e8cb25469a92,2026-09-10T23:00:00Z,2026-09-11T01:00:00+0200,0.0,MW,DK1,DK_1,forecast_solar_generation,Solar,2026-09-13T19:00:54Z
2026-09-13T18:59:46Z,2026-09-13T20:59:46+0200,d4303d36-784d-4112-aeb9-e8cb25469a92,2026-09-10T23:15:00Z,2026-09-11T01:15:00+0200,0.0,MW,DK1,DK_1,forecast_solar_generation,Solar,2026-09-13T19:00:54Z
2026-09-13T18:59:46Z,2026-09-13T20:59:46+0200,d4303d36-784d-4112-aeb9-e8cb25469a92,2026-09-10T23:30:00Z,2026-09-11T01:30:00+0200,0.0,MW,DK1,DK_1,forecast_solar_generation,Solar,2026-09-13T19:00:54Z
2026-09-13T18:59:46Z,2026-09-13T20:59:46+0200,d4303d36-784d-4112-aeb9-e8cb25469a92,2026-09-10T23:45:00Z,2026-09-11T01:45:00+0200,0.0,MW,DK1,DK_1,forecast_solar_generation,Solar,2026-09-13T19:00:54Z
2026-09-13T18:59:46Z,2026-09-13T20:59:46+0200,d4303d36-784d-4112-aeb9-e8cb25469a92,2026-09-11T00:00:00Z,2026-09-11T02:00:00+0200,0.0,MW,DK1,DK_1,forecast_solar_generation,Solar,2026-09-13T19:00:54Z
2026-09-13T18:59:46Z,2026-09-13T20:59:46+0200,d4303d36-784d-4112-aeb9-e8cb25469a92,2026-09-11T00:15:00Z,2026-09-11T02:15:00+0200,0.0,MW,DK1,DK_1,forecast_solar_generation,Solar,2026-09-13T19:00:54Z
2026-09-13T18:59:46Z,2026-09-13T20:59:46+0200,d4303d36-784d-4112-aeb9-e8cb25469a92,2026-09-11T00:30:00Z,2026-09-11T02:30:00+0200,0.0,MW,DK1,DK_1,forecast_solar_generation,Solar,2026-09-13T19:00:54Z
2026-09-13T18:59:46Z,2026-09-13T20:59:46+0200,d4303d36-784d-4112-aeb9-e8cb25469a92,2026-09-11T00:45:00Z,2026-09-11T02:45:00+0200,0.0,MW,DK1,DK_1,forecast_solar_generation,Solar,2026-09-13T19:00:54Z
2026-09-13T18:59:46Z,2026-09-13T20:59:46+0200,d4303d36-784d-4112-aeb9-e8cb25469a92,2026-09-11T01:00:00Z,2026-09-11T03:00:00+0200,0.0,MW,DK1,DK_1,forecast_solar_generation,Solar,2026-09-13T19:00:54Z
2026-09-13T18:59:46Z,2026-09-13T20:59:46+0200,d4303d36-784d-4112-aeb9-e8cb25469a92,2026-09-11T01:15:00Z,2026-09-11T03:15:00+0200,0.0,MW,DK1,DK_1,forecast_solar_generation,Solar,2026-09-13T19:00:54Z
2026-09-13T18:59:46Z,2026-09-13T20:59:46+0200,d4303d36-784d-4112-aeb9-e8cb25469a92,2026-09-11T01:30:00Z,2026-09-11T03:30:00+0200,0.0,MW,DK1,DK_1,forecast_solar_generation,Solar,2026-09-13T19:00:54Z
2026-09-13T18:59:46Z,2026-09-13T20:59:46+0200,d4303d36-784d-4112-aeb9-e8cb25469a92,2026-09-11T01:45:00Z,2026-09-11T03:45:00+0200,0.0,MW,DK1,DK_1,forecast_solar_generation,Solar,2026-09-13T19:00:54Z
2026-09-13T18:59:46Z,2026-09-13T20:59:46+0200,d4303d36-784d-4112-aeb9-e8cb25469a92,2026-09-11T02:00:00Z,2026-09-11T04:00:00+0200,0.0,MW,DK1,DK_1,forecast_solar_generation,Solar,2026-09-13T19:00:54Z
2026-09-13T18:59:46Z,2026-09-13T20:59:46+0200,d4303d36-784d-4112-aeb9-e8cb25469a92,2026-09-11T02:15:00Z,2026-09-11T04:15:00+0200,0.0,MW,DK1,DK_1,forecast_solar_generation,Solar,2026-09-13T19:00:54Z
2026-09-13T18:59:46Z,2026-09-13T20:59:46+0200,d4303d36-784d-4112-aeb9-e8cb25469a92,2026-09-11T02:30:00Z,2026-09-11T04:30:00+0200,0.0,MW,DK1,DK_1,forecast_solar_generation,Solar,2026-09-13T19:00:54Z
2026-09-13T18:59:46Z,2026-09-13T20:59:46+0200,d4303d36-784d-4112-aeb9-e8cb25469a92,2026-09-11T02:45:00Z,2026-09-11T04:45:00+0200,0.0,MW,DK1,DK_1,forecast_solar_generation,Solar,2026-09-13T19:00:54Z
2026-09-13T18:59:46Z,2026-09-13T20:59:46+0200,d4303d36-784d-4112-aeb9-e8cb25469a92,2026-09-11T03:00:00Z,2026-09-11T05:00:00+0200,0.0,MW,DK1,DK_1,forecast_solar_generation,Solar,2026-09-13T19:00:54Z
2026-09-13T18:59:46Z,2026-09-13T20:59:46+0200,d4303d36-784d-4112-aeb9-e8cb25469a92,2026-09-11T03:15:00Z,2026-09-11T05:15:00+0200,0.0,MW,DK1,DK_1,forecast_solar_generation,Solar,2026-09-13T19:00:54Z
2026-09-13T18:59:46Z,2026-09-13T20:59:46+0200,d4303d36-784d-4112-aeb9-e8cb25469a92,2026-09-11T03:30:00Z,2026-09-11T05:30:00+0200,0.0,MW,DK1,DK_1,forecast_solar_generation,Solar,2026-09-13T19:00:54Z
2026-09-13T18:59:46Z,2026-09-13T20:59:46+0200,d4303d36-784d-4112-aeb9-e8cb25469a92,2026-09-11T03:45:00Z,2026-09-11T05:45:00+0200,0.0,MW,DK1,DK_1,forecast_solar_generation,Solar,2026-09-13T19:00:54Z
2026-09-13T18:59:46Z,2026-09-13T20:59:46+0200,d4303d36-784d-4112-aeb9-e8cb25469a92,2026-09-11T04:00:00Z,2026-09-11T06:00:00+0200,0.0,MW,DK1,DK_1,forecast_solar_generation,Solar,2026-09-13T19:00:54Z
2026-09-13T18:59:46Z,2026-09-13T20:59:46+0200,d4303d36-784d-4112-aeb9-e8cb25469a92,2026-09-11T04:15:00Z,2026-09-11T06:15:00+0200,0.0,MW,DK1,DK_1,forecast_solar_generation,Solar,2026-09-13T19:00:54Z
2026-09-13T18:59:46Z,2026-09-13T20:59:46+0200,d4303d36-784d-4112-aeb9-e8cb25469a92,2026-09-11T04:30:00Z,2026-09-11T06:30:00+0200,0.001666,MW,DK1,DK_1,forecast_solar_generation,Solar,2026-09-13T19:00:54Z
2026-09-13T18:59:46Z,2026-09-13T20:59:46+0200,d4303d36-784d-4112-aeb9-e8cb25469a92,2026-09-11T04:45:00Z,2026-09-11T06:45:00+0200,0.76,MW,DK1,DK_1,forecast_solar_generation,Solar,2026-09-13T19:00:54Z
2026-09-13T18:59:46Z,2026-09-13T20:59:46+0200,d4303d36-784d-4112-aeb9-e8cb25469a92,2026-09-11T05:00:00Z,2026-09-11T07:00:00+0200,12.283333,MW,DK1,DK_1,forecast_solar_generation,Solar,2026-09-13T19:00:54Z
2026-09-13T18:59:46Z,2026-09-13T20:59:46+0200,d4303d36-784d-4112-aeb9-e8cb25469a92,2026-09-11T05:15:00Z,2026-09-11T07:15:00+0200,49.188333,MW,DK1,DK_1,forecast_solar_generation,Solar,2026-09-13T19:00:54Z
2026-09-13T18:59:46Z,2026-09-13T20:59:46+0200,d4303d36-784d-4112-aeb9-e8cb25469a92,2026-09-11T05:30:00Z,2026-09-11T07:30:00+0200,102.833333,MW,DK1,DK_1,forecast_solar_generation,Solar,2026-09-13T19:00:54Z
2026-09-13T18:59:46Z,2026-09-13T20:59:46+0200,d4303d36-784d-4112-aeb9-e8cb25469a92,2026-09-11T05:45:00Z,2026-09-11T07:45:00+0200,163.178333,MW,DK1,DK_1,forecast_solar_generation,Solar,2026-09-13T19:00:54Z
2026-09-13T18:59:46Z,2026-09-13T20:59:46+0200,d4303d36-784d-4112-aeb9-e8cb25469a92,2026-09-11T06:00:00Z,2026-09-11T08:00:00+0200,225.39,MW,DK1,DK_1,forecast_solar_generation,Solar,2026-09-13T19:00:54Z
2026-09-13T18:59:46Z,2026-09-13T20:59:46+0200,d4303d36-784d-4112-aeb9-e8cb25469a92,2026-09-11T06:15:00Z,2026-09-11T08:15:00+0200,289.136666,MW,DK1,DK_1,forecast_solar_generation,Solar,2026-09-13T19:00:54Z
2026-09-13T18:59:46Z,2026-09-13T20:59:46+0200,d4303d36-784d-4112-aeb9-e8cb25469a92,2026-09-11T06:30:00Z,2026-09-11T08:30:00+0200,354.45,MW,DK1,DK_1,forecast_solar_generation,Solar,2026-09-13T19:00:54Z
2026-09-13T18:59:46Z,2026-09-13T20:59:46+0200,d4303d36-784d-4112-aeb9-e8cb25469a92,2026-09-11T06:45:00Z,2026-09-11T08:45:00+0200,413.938333,MW,DK1,DK_1,forecast_solar_generation,Solar,2026-09-13T19:00:54Z
2026-09-13T18:59:46Z,2026-09-13T20:59:46+0200,d4303d36-784d-4112-aeb9-e8cb25469a92,2026-09-11T07:00:00Z,2026-09-11T09:00:00+0200,465.903333,MW,DK1,DK_1,forecast_solar_generation,Solar,2026-09-13T19:00:54Z
2026-09-13T18:59:46Z,2026-09-13T20:59:46+0200,d4303d36-784d-4112-aeb9-e8cb25469a92,2026-09-11T07:15:00Z,2026-09-11T09:15:00+0200,513.979999,MW,DK1,DK_1,forecast_solar_generation,Solar,2026-09-13T19:00:54Z
2026-09-13T18:59:46Z,2026-09-13T20:59:46+0200,d4303d36-784d-4112-aeb9-e8cb25469a92,2026-09-11T07:30:00Z,2026-09-11T09:30:00+0200,559.885,MW,DK1,DK_1,forecast_solar_generation,Solar,2026-09-13T19:00:54Z
2026-09-13T18:59:46Z,2026-09-13T20:59:46+0200,d4303d36-784d-4112-aeb9-e8cb25469a92,2026-09-11T07:45:00Z,2026-09-11T09:45:00+0200,593.81,MW,DK1,DK_1,forecast_solar_generation,Solar,2026-09-13T19:00:54Z
2026-09-13T18:59:46Z,2026-09-13T20:59:46+0200,d4303d36-784d-4112-aeb9-e8cb25469a92,2026-09-11T08:00:00Z,2026-09-11T10:00:00+0200,616.6,MW,DK1,DK_1,forecast_solar_generation,Solar,2026-09-13T19:00:54Z
2026-09-13T18:59:46Z,2026-09-13T20:59:46+0200,d4303d36-784d-4112-aeb9-e8cb25469a92,2026-09-11T08:15:00Z,2026-09-11T10:15:00+0200,634.401666,MW,DK1,DK_1,forecast_solar_generation,Solar,2026-09-13T19:00:54Z
2026-09-13T18:59:46Z,2026-09-13T20:59:46+0200,d4303d36-784d-4112-aeb9-e8cb25469a92,2026-09-11T08:30:00Z,2026-09-11T10:30:00+0200,649.048333,MW,DK1,DK_1,forecast_solar_generation,Solar,2026-09-13T19:00:54Z
2026-09-13T18:59:46Z,2026-09-13T20:59:46+0200,d4303d36-784d-4112-aeb9-e8cb25469a92,2026-09-11T08:45:00Z,2026-09-11T10:45:00+0200,651.495,MW,DK1,DK_1,forecast_solar_generation,Solar,2026-09-13T19:00:54Z
2026-09-13T18:59:46Z,2026-09-13T20:59:46+0200,d4303d36-784d-4112-aeb9-e8cb25469a92,2026-09-11T09:00:00Z,2026-09-11T11:00:00+0200,645.261666,MW,DK1,DK_1,forecast_solar_generation,Solar,2026-09-13T19:00:54Z
2026-09-13T18:59:46Z,2026-09-13T20:59:46+0200,d4303d36-784d-4112-aeb9-e8cb25469a92,2026-09-11T09:15:00Z,2026-09-11T11:15:00+0200,639.454999,MW,DK1,DK_1,forecast_solar_generation,Solar,2026-09-13T19:00:54Z
2026-09-13T18:59:46Z,2026-09-13T20:59:46+0200,d4303d36-784d-4112-aeb9-e8cb25469a92,2026-09-11T09:30:00Z,2026-09-11T11:30:00+0200,639.781666,MW,DK1,DK_1,forecast_solar_generation,Solar,2026-09-13T19:00:54Z
2026-09-13T18:59:46Z,2026-09-13T20:59:46+0200,d4303d36-784d-4112-aeb9-e8cb25469a92,2026-09-11T09:45:00Z,2026-09-11T11:45:00+0200,637.498333,MW,DK1,DK_1,forecast_solar_generation,Solar,2026-09-13T19:00:54Z
2026-09-13T18:59:46Z,2026-09-13T20:59:46+0200,d4303d36-784d-4112-aeb9-e8cb25469a92,2026-09-11T10:00:00Z,2026-09-11T12:00:00+0200,634.141666,MW,DK1,DK_1,forecast_solar_generation,Solar,2026-09-13T19:00:54Z
2026-09-13T18:59:46Z,2026-09-13T20:59:46+0200,d4303d36-784d-4112-aeb9-e8cb25469a92,2026-09-11T10:15:00Z,2026-09-11T12:15:00+0200,633.426666,MW,DK1,DK_1,forecast_solar_generation,Solar,2026-09-13T19:00:54Z
2026-09-13T18:59:46Z,2026-09-13T20:59:46+0200,d4303d36-784d-4112-aeb9-e8cb25469a92,2026-09-11T10:30:00Z,2026-09-11T12:30:00+0200,637.131666,MW,DK1,DK_1,forecast_solar_generation,Solar,2026-09-13T19:00:54Z
2026-09-13T18:59:46Z,2026-09-13T20:59:46+0200,d4303d36-784d-4112-aeb9-e8cb25469a92,2026-09-11T10:45:00Z,2026-09-11T12:45:00+0200,642.216666,MW,DK1,DK_1,forecast_solar_generation,Solar,2026-09-13T19:00:54Z
2026-09-13T18:59:46Z,2026-09-13T20:59:46+0200,d4303d36-784d-4112-aeb9-e8cb25469a92,2026-09-11T11:00:00Z,2026-09-11T13:00:00+0200,647.791666,MW,DK1,DK_1,forecast_solar_generation,Solar,2026-09-13T19:00:54Z
2026-09-13T18:59:46Z,2026-09-13T20:59:46+0200,d4303d36-784d-4112-aeb9-e8cb25469a92,2026-09-11T11:15:00Z,2026-09-11T13:15:00+0200,654.023333,MW,DK1,DK_1,forecast_solar_generation,Solar,2026-09-13T19:00:54Z
2026-09-13T18:59:46Z,2026-09-13T20:59:46+0200,d4303d36-784d-4112-aeb9-e8cb25469a92,2026-09-11T11:30:00Z,2026-09-11T13:30:00+0200,662.313333,MW,DK1,DK_1,forecast_solar_generation,Solar,2026-09-13T19:00:54Z
2026-09-13T18:59:46Z,2026-09-13T20:59:46+0200,d4303d36-784d-4112-aeb9-e8cb25469a92,2026-09-11T11:45:00Z,2026-09-11T13:45:00+0200,675.933333,MW,DK1,DK_1,forecast_solar_generation,Solar,2026-09-13T19:00:54Z
2026-09-13T18:59:46Z,2026-09-13T20:59:46+0200,d4303d36-784d-4112-aeb9-e8cb25469a92,2026-09-11T12:00:00Z,2026-09-11T14:00:00+0200,691.753333,MW,DK1,DK_1,forecast_solar_generation,Solar,2026-09-13T19:00:54Z
2026-09-13T18:59:46Z,2026-09-13T20:59:46+0200,d4303d36-784d-4112-aeb9-e8cb25469a92,2026-09-11T12:15:00Z,2026-09-11T14:15:00+0200,704.806666,MW,DK1,DK_1,forecast_solar_generation,Solar,2026-09-13T19:00:54Z
2026-09-13T18:59:46Z,2026-09-13T20:59:46+0200,d4303d36-784d-4112-aeb9-e8cb25469a92,2026-09-11T12:30:00Z,2026-09-11T14:30:00+0200,714.661666,MW,DK1,DK_1,forecast_solar_generation,Solar,2026-09-13T19:00:54Z
2026-09-13T18:59:46Z,2026-09-13T20:59:46+0200,d4303d36-784d-4112-aeb9-e8cb25469a92,2026-09-11T12:45:00Z,2026-09-11T14:45:00+0200,731.496666,MW,DK1,DK_1,forecast_solar_generation,Solar,2026-09-13T19:00:54Z
2026-09-13T18:59:46Z,2026-09-13T20:59:46+0200,d4303d36-784d-4112-aeb9-e8cb25469a92,2026-09-11T13:00:00Z,2026-09-11T15:00:00+0200,749.846666,MW,DK1,DK_1,forecast_solar_generation,Solar,2026-09-13T19:00:54Z
2026-09-13T18:59:46Z,2026-09-13T20:59:46+0200,d4303d36-784d-4112-aeb9-e8cb25469a92,2026-09-11T13:15:00Z,2026-09-11T15:15:00+0200,759.556666,MW,DK1,DK_1,forecast_solar_generation,Solar,2026-09-13T19:00:54Z
2026-09-13T18:59:46Z,2026-09-13T20:59:46+0200,d4303d36-784d-4112-aeb9-e8cb25469a92,2026-09-11T13:30:00Z,2026-09-11T15:30:00+0200,756.21,MW,DK1,DK_1,forecast_solar_generation,Solar,2026-09-13T19:00:54Z
2026-09-13T18:59:46Z,2026-09-13T20:59:46+0200,d4303d36-784d-4112-aeb9-e8cb25469a92,2026-09-11T13:45:00Z,2026-09-11T15:45:00+0200,753.433333,MW,DK1,DK_1,forecast_solar_generation,Solar,2026-09-13T19:00:54Z
2026-09-13T18:59:46Z,2026-09-13T20:59:46+0200,d4303d36-784d-4112-aeb9-e8cb25469a92,2026-09-11T14:00:00Z,2026-09-11T16:00:00+0200,748.461666,MW,DK1,DK_1,forecast_solar_generation,Solar,2026-09-13T19:00:54Z
2026-09-13T18:59:46Z,2026-09-13T20:59:46+0200,d4303d36-784d-4112-aeb9-e8cb25469a92,2026-09-11T14:15:00Z,2026-09-11T16:15:00+0200,733.026666,MW,DK1,DK_1,forecast_solar_generation,Solar,2026-09-13T19:00:54Z
2026-09-13T18:59:46Z,2026-09-13T20:59:46+0200,d4303d36-784d-4112-aeb9-e8cb25469a92,2026-09-11T14:30:00Z,2026-09-11T16:30:00+0200,705.126666,MW,DK1,DK_1,forecast_solar_generation,Solar,2026-09-13T19:00:54Z
2026-09-13T18:59:46Z,2026-09-13T20:59:46+0200,d4303d36-784d-4112-aeb9-e8cb25469a92,2026-09-11T14:45:00Z,2026-09-11T16:45:00+0200,675.438333,MW,DK1,DK_1,forecast_solar_generation,Solar,2026-09-13T19:00:54Z
2026-09-13T18:59:46Z,2026-09-13T20:59:46+0200,d4303d36-784d-4112-aeb9-e8cb25469a92,2026-09-11T15:00:00Z,2026-09-11T17:00:00+0200,640.076666,MW,DK1,DK_1,forecast_solar_generation,Solar,2026-09-13T19:00:54Z
2026-09-13T18:59:46Z,2026-09-13T20:59:46+0200,d4303d36-784d-4112-aeb9-e8cb25469a92,2026-09-11T15:15:00Z,2026-09-11T17:15:00+0200,592.245,MW,DK1,DK_1,forecast_solar_generation,Solar,2026-09-13T19:00:54Z
2026-09-13T18:59:46Z,2026-09-13T20:59:46+0200,d4303d36-784d-4112-aeb9-e8cb25469a92,2026-09-11T15:30:00Z,2026-09-11T17:30:00+0200,530.818333,MW,DK1,DK_1,forecast_solar_generation,Solar,2026-09-13T19:00:54Z
2026-09-13T18:59:46Z,2026-09-13T20:59:46+0200,d4303d36-784d-4112-aeb9-e8cb25469a92,2026-09-11T15:45:00Z,2026-09-11T17:45:00+0200,463.513333,MW,DK1,DK_1,forecast_solar_generation,Solar,2026-09-13T19:00:54Z
2026-09-13T18:59:46Z,2026-09-13T20:59:46+0200,d4303d36-784d-4112-aeb9-e8cb25469a92,2026-09-11T16:00:00Z,2026-09-11T18:00:00+0200,390.201666,MW,DK1,DK_1,forecast_solar_generation,Solar,2026-09-13T19:00:54Z
2026-09-13T18:59:46Z,2026-09-13T20:59:46+0200,d4303d36-784d-4112-aeb9-e8cb25469a92,2026-09-11T16:15:00Z,2026-09-11T18:15:00+0200,310.353333,MW,DK1,DK_1,forecast_solar_generation,Solar,2026-09-13T19:00:54Z
2026-09-13T18:59:46Z,2026-09-13T20:59:46+0200,d4303d36-784d-4112-aeb9-e8cb25469a92,2026-09-11T16:30:00Z,2026-09-11T18:30:00+0200,230.385,MW,DK1,DK_1,forecast_solar_generation,Solar,2026-09-13T19:00:54Z
2026-09-13T18:59:46Z,2026-09-13T20:59:46+0200,d4303d36-784d-4112-aeb9-e8cb25469a92,2026-09-11T16:45:00Z,2026-09-11T18:45:00+0200,158.63,MW,DK1,DK_1,forecast_solar_generation,Solar,2026-09-13T19:00:54Z
2026-09-13T18:59:46Z,2026-09-13T20:59:46+0200,d4303d36-784d-4112-aeb9-e8cb25469a92,2026-09-11T17:00:00Z,2026-09-11T19:00:00+0200,92.38,MW,DK1,DK_1,forecast_solar_generation,Solar,2026-09-13T19:00:54Z
2026-09-13T18:59:46Z,2026-09-13T20:59:46+0200,d4303d36-784d-4112-aeb9-e8cb25469a92,2026-09-11T17:15:00Z,2026-09-11T19:15:00+0200,35.91,MW,DK1,DK_1,forecast_solar_generation,Solar,2026-09-13T19:00:54Z
2026-09-13T18:59:46Z,2026-09-13T20:59:46+0200,d4303d36-784d-4112-aeb9-e8cb25469a92,2026-09-11T17:30:00Z,2026-09-11T19:30:00+0200,4.916666,MW,DK1,DK_1,forecast_solar_generation,Solar,2026-09-13T19:00:54Z
2026-09-13T18:59:46Z,2026-09-13T20:59:46+0200,d4303d36-784d-4112-aeb9-e8cb25469a92,2026-09-11T17:45:00Z,2026-09-11T19:45:00+0200,0.053333,MW,DK1,DK_1,forecast_solar_generation,Solar,2026-09-13T19:00:54Z
2026-09-13T18:59:46Z,2026-09-13T20:59:46+0200,d4303d36-784d-4112-aeb9-e8cb25469a92,2026-09-11T18:00:00Z,2026-09-11T20:00:00+0200,0.0,MW,DK1,DK_1,forecast_solar_generation,Solar,2026-09-13T19:00:54Z
2026-09-13T18:59:46Z,2026-09-13T20:59:46+0200,d4303d36-784d-4112-aeb9-e8cb25469a92,2026-09-11T18:15:00Z,2026-09-11T20:15:00+0200,0.0,MW,DK1,DK_1,forecast_solar_generation,Solar,2026-09-13T19:00:54Z
2026-09-13T18:59:46Z,2026-09-13T20:59:46+0200,d4303d36-784d-4112-aeb9-e8cb25469a92,2026-09-11T18:30:00Z,2026-09-11T20:30:00+0200,0.0,MW,DK1,DK_1,forecast_solar_generation,Solar,2026-09-13T19:00:54Z
2026-09-13T18:59:46Z,2026-09-13T20:59:46+0200,d4303d36-784d-4112-aeb9-e8cb25469a92,2026-09-11T18:45:00Z,2026-09-11T20:45:00+0200,0.0,MW,DK1,DK_1,forecast_solar_generation,Solar,2026-09-13T19:00:54Z
2026-09-13T18:59:46Z,2026-09-13T20:59:46+0200,d4303d36-784d-4112-aeb9-e8cb25469a92,2026-09-11T19:00:00Z,2026-09-11T21:00:00+0200,0.0,MW,DK1,DK_1,forecast_solar_generation,Solar,2026-09-13T19:00:54Z
2026-09-13T18:59:46Z,2026-09-13T20:59:46+0200,d4303d36-784d-4112-aeb9-e8cb25469a92,2026-09-11T19:15:00Z,2026-09-11T21:15:00+0200,0.0,MW,DK1,DK_1,forecast_solar_generation,Solar,2026-09-13T19:00:54Z
2026-09-13T18:59:46Z,2026-09-13T20:59:46+0200,d4303d36-784d-4112-aeb9-e8cb25469a92,2026-09-11T19:30:00Z,2026-09-11T21:30:00+0200,0.0,MW,DK1,DK_1,forecast_solar_generation,Solar,2026-09-13T19:00:54Z
2026-09-13T18:59:46Z,2026-09-13T20:59:46+0200,d4303d36-784d-4112-aeb9-e8cb25469a92,2026-09-11T19:45:00Z,2026-09-11T21:45:00+0200,0.0,MW,DK1,DK_1,forecast_solar_generation,Solar,2026-09-13T19:00:54Z
2026-09-13T18:59:46Z,2026-09-13T20:59:46+0200,d4303d36-784d-4112-aeb9-e8cb25469a92,2026-09-11T20:00:00Z,2026-09-11T22:00:00+0200,0.0,MW,DK1,DK_1,forecast_solar_generation,Solar,2026-09-13T19:00:54Z
2026-09-13T18:59:46Z,2026-09-13T20:59:46+0200,d4303d36-784d-4112-aeb9-e8cb25469a92,2026-09-11T20:15:00Z,2026-09-11T22:15:00+0200,0.0,MW,DK1,DK_1,forecast_solar_generation,Solar,2026-09-13T19:00:54Z
2026-09-13T18:59:46Z,2026-09-13T20:59:46+0200,d4303d36-784d-4112-aeb9-e8cb25469a92,2026-09-11T20:30:00Z,2026-09-11T22:30:00+0200,0.0,MW,DK1,DK_1,forecast_solar_generation,Solar,2026-09-13T19:00:54Z
2026-09-13T18:59:46Z,2026-09-13T20:59:46+0200,d4303d36-784d-4112-aeb9-e8cb25469a92,2026-09-11T20:45:00Z,2026-09-11T22:45:00+0200,0.0,MW,DK1,DK_1,forecast_solar_generation,Solar,2026-09-13T19:00:54Z
2026-09-13T18:59:46Z,2026-09-13T20:59:46+0200,d4303d36-784d-4112-aeb9-e8cb25469a92,2026-09-11T21:00:00Z,2026-09-11T23:00:00+0200,0.0,MW,DK1,DK_1,forecast_solar_generation,Solar,2026-09-13T19:00:54Z
2026-09-13T18:59:46Z,2026-09-13T20:59:46+0200,d4303d36-784d-4112-aeb9-e8cb25469a92,2026-09-11T21:15:00Z,2026-09-11T23:15:00+0200,0.0,MW,DK1,DK_1,forecast_solar_generation,Solar,2026-09-13T19:00:54Z
2026-09-13T18:59:46Z,2026-09-13T20:59:46+0200,d4303d36-784d-4112-aeb9-e8cb25469a92,2026-09-11T21:30:00Z,2026-09-11T23:30:00+0200,0.0,MW,DK1,DK_1,forecast_solar_generation,Solar,2026-09-13T19:00:54Z
2026-09-13T18:59:46Z,2026-09-13T20:59:46+0200,d4303d36-784d-4112-aeb9-e8cb25469a92,2026-09-11T21:45:00Z,2026-09-11T23:45:00+0200,0.0,MW,DK1,DK_1,forecast_solar_generation,Solar,2026-09-13T19:00:54Z
2026-09-13T18:59:46Z,2026-09-13T20:59:46+0200,d4303d36-784d-4112-aeb9-e8cb25469a92,2026-09-11T22:00:00Z,2026-09-12T00:00:00+0200,0.0,MW,DK1,DK_1,forecast_solar_generation,Solar,2026-09-13T19:00:54Z
2026-09-13T18:59:46Z,2026-09-13T20:59:46+0200,d4303d36-784d-4112-aeb9-e8cb25469a92,2026-09-11T22:15:00Z,2026-09-12T00:15:00+0200,0.0,MW,DK1,DK_1,forecast_solar_generation,Solar,2026-09-13T19:00:54Z
2026-09-13T18:59:46Z,2026-09-13T20:59:46+0200,d4303d36-784d-4112-aeb9-e8cb25469a92,2026-09-11T22:30:00Z,2026-09-12T00:30:00+0200,0.0,MW,DK1,DK_1,forecast_solar_generation,Solar,2026-09-13T19:00:54Z
2026-09-13T18:59:46Z,2026-09-13T20:59:46+0200,d4303d36-784d-4112-aeb9-e8cb25469a92,2026-09-11T22:45:00Z,2026-09-12T00:45:00+0200,0.0,MW,DK1,DK_1,forecast_solar_generation,Solar,2026-09-13T19:00:54Z
2026-09-13T18:59:46Z,2026-09-13T20:59:46+0200,d4303d36-784d-4112-aeb9-e8cb25469a92,2026-09-11T23:00:00Z,2026-09-12T01:00:00+0200,0.0,MW,DK1,DK_1,forecast_solar_generation,Solar,2026-09-13T19:00:54Z
2026-09-13T18:59:46Z,2026-09-13T20:59:46+0200,d4303d36-784d-4112-aeb9-e8cb25469a92,2026-09-11T23:15:00Z,2026-09-12T01:15:00+0200,0.0,MW,DK1,DK_1,forecast_solar_generation,Solar,2026-09-13T19:00:54Z
2026-09-13T18:59:46Z,2026-09-13T20:59:46+0200,d4303d36-784d-4112-aeb9-e8cb25469a92,2026-09-11T23:30:00Z,2026-09-12T01:30:00+0200,0.0,MW,DK1,DK_1,forecast_solar_generation,Solar,2026-09-13T19:00:54Z
2026-09-13T18:59:46Z,2026-09-13T20:59:46+0200,d4303d36-784d-4112-aeb9-e8cb25469a92,2026-09-11T23:45:00Z,2026-09-12T01:45:00+0200,0.0,MW,DK1,DK_1,forecast_solar_generation,Solar,2026-09-13T19:00:54Z
2026-09-13T18:59:46Z,2026-09-13T20:59:46+0200,d4303d36-784d-4112-aeb9-e8cb25469a92,2026-09-12T00:00:00Z,2026-09-12T02:00:00+0200,0.0,MW,DK1,DK_1,forecast_solar_generation,Solar,2026-09-13T19:00:54Z
2026-09-13T18:59:46Z,2026-09-13T20:59:46+0200,d4303d36-784d-4112-aeb9-e8cb25469a92,2026-09-12T00:15:00Z,2026-09-12T02:15:00+0200,0.0,MW,DK1,DK_1,forecast_solar_generation,Solar,2026-09-13T19:00:54Z
2026-09-13T18:59:46Z,2026-09-13T20:59:46+0200,d4303d36-784d-4112-aeb9-e8cb25469a92,2026-09-12T00:30:00Z,2026-09-12T02:30:00+0200,0.0,MW,DK1,DK_1,forecast_solar_generation,Solar,2026-09-13T19:00:54Z
2026-09-13T18:59:46Z,2026-09-13T20:59:46+0200,d4303d36-784d-4112-aeb9-e8cb25469a92,2026-09-12T00:45:00Z,2026-09-12T02:45:00+0200,0.0,MW,DK1,DK_1,forecast_solar_generation,Solar,2026-09-13T19:00:54Z
2026-09-13T18:59:46Z,2026-09-13T20:59:46+0200,d4303d36-784d-4112-aeb9-e8cb25469a92,2026-09-12T01:00:00Z,2026-09-12T03:00:00+0200,0.0,MW,DK1,DK_1,forecast_solar_generation,Solar,2026-09-13T19:00:54Z
2026-09-13T18:59:46Z,2026-09-13T20:59:46+0200,d4303d36-784d-4112-aeb9-e8cb25469a92,2026-09-12T01:15:00Z,2026-09-12T03:15:00+0200,0.0,MW,DK1,DK_1,forecast_solar_generation,Solar,2026-09-13T19:00:54Z
2026-09-13T18:59:46Z,2026-09-13T20:59:46+0200,d4303d36-784d-4112-aeb9-e8cb25469a92,2026-09-12T01:30:00Z,2026-09-12T03:30:00+0200,0.0,MW,DK1,DK_1,forecast_solar_generation,Solar,2026-09-13T19:00:54Z
2026-09-13T18:59:46Z,2026-09-13T20:59:46+0200,d4303d36-784d-4112-aeb9-e8cb25469a92,2026-09-12T01:45:00Z,2026-09-12T03:45:00+0200,0.0,MW,DK1,DK_1,forecast_solar_generation,Solar,2026-09-13T19:00:54Z
2026-09-13T18:59:46Z,2026-09-13T20:59:46+0200,d4303d36-784d-4112-aeb9-e8cb25469a92,2026-09-12T02:00:00Z,2026-09-12T04:00:00+0200,0.0,MW,DK1,DK_1,forecast_solar_generation,Solar,2026-09-13T19:00:54Z
2026-09-13T18:59:46Z,2026-09-13T20:59:46+0200,d4303d36-784d-4112-aeb9-e8cb25469a92,2026-09-12T02:15:00Z,2026-09-12T04:15:00+0200,0.0,MW,DK1,DK_1,forecast_solar_generation,Solar,2026-09-13T19:00:54Z
2026-09-13T18:59:46Z,2026-09-13T20:59:46+0200,d4303d36-784d-4112-aeb9-e8cb25469a92,2026-09-12T02:30:00Z,2026-09-12T04:30:00+0200,0.0,MW,DK1,DK_1,forecast_solar_generation,Solar,2026-09-13T19:00:54Z
2026-09-13T18:59:46Z,2026-09-13T20:59:46+0200,d4303d36-784d-4112-aeb9-e8cb25469a92,2026-09-12T02:45:00Z,2026-09-12T04:45:00+0200,0.0,MW,DK1,DK_1,forecast_solar_generation,Solar,2026-09-13T19:00:54Z
2026-09-13T18:59:46Z,2026-09-13T20:59:46+0200,d4303d36-784d-4112-aeb9-e8cb25469a92,2026-09-12T03:00:00Z,2026-09-12T05:00:00+0200,0.0,MW,DK1,DK_1,forecast_solar_generation,Solar,2026-09-13T19:00:54Z
2026-09-13T18:59:46Z,2026-09-13T20:59:46+0200,d4303d36-784d-4112-aeb9-e8cb25469a92,2026-09-12T03:15:00Z,2026-09-12T05:15:00+0200,0.0,MW,DK1,DK_1,forecast_solar_generation,Solar,2026-09-13T19:00:54Z
2026-09-13T18:59:46Z,2026-09-13T20:59:46+0200,d4303d36-784d-4112-aeb9-e8cb25469a92,2026-09-12T03:30:00Z,2026-09-12T05:30:00+0200,0.0,MW,DK1,DK_1,forecast_solar_generation,Solar,2026-09-13T19:00:54Z
2026-09-13T18:59:46Z,2026-09-13T20:59:46+0200,d4303d36-784d-4112-aeb9-e8cb25469a92,2026-09-12T03:45:00Z,2026-09-12T05:45:00+0200,0.0,MW,DK1,DK_1,forecast_solar_generation,Solar,2026-09-13T19:00:54Z
2026-09-13T18:59:46Z,2026-09-13T20:59:46+0200,d4303d36-784d-4112-aeb9-e8cb25469a92,2026-09-12T04:00:00Z,2026-09-12T06:00:00+0200,0.0,MW,DK1,DK_1,forecast_solar_generation,Solar,2026-09-13T19:00:54Z
2026-09-13T18:59:46Z,2026-09-13T20:59:46+0200,d4303d36-784d-4112-aeb9-e8cb25469a92,2026-09-12T04:15:00Z,2026-09-12T06:15:00+0200,0.0,MW,DK1,DK_1,forecast_solar_generation,Solar,2026-09-13T19:00:54Z
2026-09-13T18:59:46Z,2026-09-13T20:59:46+0200,d4303d36-784d-4112-aeb9-e8cb25469a92,2026-09-12T04:30:00Z,2026-09-12T06:30:00+0200,0.0,MW,DK1,DK_1,forecast_solar_generation,Solar,2026-09-13T19:00:54Z
2026-09-13T18:59:46Z,2026-09-13T20:59:46+0200,d4303d36-784d-4112-aeb9-e8cb25469a92,2026-09-12T04:45:00Z,2026-09-12T06:45:00+0200,0.623333,MW,DK1,DK_1,forecast_solar_generation,Solar,2026-09-13T19:00:54Z
2026-09-13T18:59:46Z,2026-09-13T20:59:46+0200,d4303d36-784d-4112-aeb9-e8cb25469a92,2026-09-12T05:00:00Z,2026-09-12T07:00:00+0200,12.766666,MW,DK1,DK_1,forecast_solar_generation,Solar,2026-09-13T19:00:54Z
2026-09-13T18:59:46Z,2026-09-13T20:59:46+0200,d4303d36-784d-4112-aeb9-e8cb25469a92,2026-09-12T05:15:00Z,2026-09-12T07:15:00+0200,56.19,MW,DK1,DK_1,forecast_solar_generation,Solar,2026-09-13T19:00:54Z
2026-09-13T18:59:46Z,2026-09-13T20:59:46+0200,d4303d36-784d-4112-aeb9-e8cb25469a92,2026-09-12T05:30:00Z,2026-09-12T07:30:00+0200,120.666666,MW,DK1,DK_1,forecast_solar_generation,Solar,2026-09-13T19:00:54Z
2026-09-13T18:59:46Z,2026-09-13T20:59:46+0200,d4303d36-784d-4112-aeb9-e8cb25469a92,2026-09-12T05:45:00Z,2026-09-12T07:45:00+0200,197.488333,MW,DK1,DK_1,forecast_solar_generation,Solar,2026-09-13T19:00:54Z
2026-09-13T18:59:46Z,2026-09-13T20:59:46+0200,d4303d36-784d-4112-aeb9-e8cb25469a92,2026-09-12T06:00:00Z,2026-09-12T08:00:00+0200,283.575,MW,DK1,DK_1,forecast_solar_generation,Solar,2026-09-13T19:00:54Z
2026-09-13T18:59:46Z,2026-09-13T20:59:46+0200,d4303d36-784d-4112-aeb9-e8cb25469a92,2026-09-12T06:15:00Z,2026-09-12T08:15:00+0200,377.751666,MW,DK1,DK_1,forecast_solar_generation,Solar,2026-09-13T19:00:54Z
2026-09-13T18:59:46Z,2026-09-13T20:59:46+0200,d4303d36-784d-4112-aeb9-e8cb25469a92,2026-09-12T06:30:00Z,2026-09-12T08:30:00+0200,477.436666,MW,DK1,DK_1,forecast_solar_generation,Solar,2026-09-13T19:00:54Z
2026-09-13T18:59:46Z,2026-09-13T20:59:46+0200,d4303d36-784d-4112-aeb9-e8cb25469a92,2026-09-12T06:45:00Z,2026-09-12T08:45:00+0200,580.571666,MW,DK1,DK_1,forecast_solar_generation,Solar,2026-09-13T19:00:54Z
2026-09-13T18:59:46Z,2026-09-13T20:59:46+0200,d4303d36-784d-4112-aeb9-e8cb25469a92,2026-09-12T07:00:00Z,2026-09-12T09:00:00+0200,685.31,MW,DK1,DK_1,forecast_solar_generation,Solar,2026-09-13T19:00:54Z
2026-09-13T18:59:46Z,2026-09-13T20:59:46+0200,d4303d36-784d-4112-aeb9-e8cb25469a92,2026-09-12T07:15:00Z,2026-09-12T09:15:00+0200,788.598333,MW,DK1,DK_1,forecast_solar_generation,Solar,2026-09-13T19:00:54Z
2026-09-13T18:59:46Z,2026-09-13T20:59:46+0200,d4303d36-784d-4112-aeb9-e8cb25469a92,2026-09-12T07:30:00Z,2026-09-12T09:30:00+0200,887.05,MW,DK1,DK_1,forecast_solar_generation,Solar,2026-09-13T19:00:54Z
2026-09-13T18:59:46Z,2026-09-13T20:59:46+0200,d4303d36-784d-4112-aeb9-e8cb25469a92,2026-09-12T07:45:00Z,2026-09-12T09:45:00+0200,981.974999,MW,DK1,DK_1,forecast_solar_generation,Solar,2026-09-13T19:00:54Z
2026-09-13T18:59:46Z,2026-09-13T20:59:46+0200,d4303d36-784d-4112-aeb9-e8cb25469a92,2026-09-12T08:00:00Z,2026-09-12T10:00:00+0200,1072.411666,MW,DK1,DK_1,forecast_solar_generation,Solar,2026-09-13T19:00:54Z
2026-09-13T18:59:46Z,2026-09-13T20:59:46+0200,d4303d36-784d-4112-aeb9-e8cb25469a92,2026-09-12T08:15:00Z,2026-09-12T10:15:00+0200,1155.073333,MW,DK1,DK_1,forecast_solar_generation,Solar,2026-09-13T19:00:54Z
2026-09-13T18:59:46Z,2026-09-13T20:59:46+0200,d4303d36-784d-4112-aeb9-e8cb25469a92,2026-09-12T08:30:00Z,2026-09-12T10:30:00+0200,1227.083333,MW,DK1,DK_1,forecast_solar_generation,Solar,2026-09-13T19:00:54Z
2026-09-13T18:59:46Z,2026-09-13T20:59:46+0200,d4303d36-784d-4112-aeb9-e8cb25469a92,2026-09-12T08:45:00Z,2026-09-12T10:45:00+0200,1291.878333,MW,DK1,DK_1,forecast_solar_generation,Solar,2026-09-13T19:00:54Z
2026-09-13T18:59:46Z,2026-09-13T20:59:46+0200,d4303d36-784d-4112-aeb9-e8cb25469a92,2026-09-12T09:00:00Z,2026-09-12T11:00:00+0200,1350.08,MW,DK1,DK_1,forecast_solar_generation,Solar,2026-09-13T19:00:54Z
2026-09-13T18:59:46Z,2026-09-13T20:59:46+0200,d4303d36-784d-4112-aeb9-e8cb25469a92,2026-09-12T09:15:00Z,2026-09-12T11:15:00+0200,1400.283333,MW,DK1,DK_1,forecast_solar_generation,Solar,2026-09-13T19:00:54Z
2026-09-13T18:59:46Z,2026-09-13T20:59:46+0200,d4303d36-784d-4112-aeb9-e8cb25469a92,2026-09-12T09:30:00Z,2026-09-12T11:30:00+0200,1440.403333,MW,DK1,DK_1,forecast_solar_generation,Solar,2026-09-13T19:00:54Z
2026-09-13T18:59:46Z,2026-09-13T20:59:46+0200,d4303d36-784d-4112-aeb9-e8cb25469a92,2026-09-12T09:45:00Z,2026-09-12T11:45:00+0200,1446.11,MW,DK1,DK_1,forecast_solar_generation,Solar,2026-09-13T19:00:54Z
2026-09-13T18:59:46Z,2026-09-13T20:59:46+0200,d4303d36-784d-4112-aeb9-e8cb25469a92,2026-09-12T10:00:00Z,2026-09-12T12:00:00+0200,1322.193333,MW,DK1,DK_1,forecast_solar_generation,Solar,2026-09-13T19:00:54Z
2026-09-13T18:59:46Z,2026-09-13T20:59:46+0200,d4303d36-784d-4112-aeb9-e8cb25469a92,2026-09-12T10:15:00Z,2026-09-12T12:15:00+0200,1073.018333,MW,DK1,DK_1,forecast_solar_generation,Solar,2026-09-13T19:00:54Z
2026-09-13T18:59:46Z,2026-09-13T20:59:46+0200,d4303d36-784d-4112-aeb9-e8cb25469a92,2026-09-12T10:30:00Z,2026-09-12T12:30:00+0200,1076.593333,MW,DK1,DK_1,forecast_solar_generation,Solar,2026-09-13T19:00:54Z
2026-09-13T18:59:46Z,2026-09-13T20:59:46+0200,d4303d36-784d-4112-aeb9-e8cb25469a92,2026-09-12T10:45:00Z,2026-09-12T12:45:00+0200,1077.266666,MW,DK1,DK_1,forecast_solar_generation,Solar,2026-09-13T19:00:54Z
2026-09-13T18:59:46Z,2026-09-13T20:59:46+0200,d4303d36-784d-4112-aeb9-e8cb25469a92,2026-09-12T11:00:00Z,2026-09-12T13:00:00+0200,1070.678333,MW,DK1,DK_1,forecast_solar_generation,Solar,2026-09-13T19:00:54Z
2026-09-13T18:59:46Z,2026-09-13T20:59:46+0200,d4303d36-784d-4112-aeb9-e8cb25469a92,2026-09-12T11:15:00Z,2026-09-12T13:15:00+0200,1050.726666,MW,DK1,DK_1,forecast_solar_generation,Solar,2026-09-13T19:00:54Z
2026-09-13T18:59:46Z,2026-09-13T20:59:46+0200,d4303d36-784d-4112-aeb9-e8cb25469a92,2026-09-12T11:30:00Z,2026-09-12T13:30:00+0200,1002.021666,MW,DK1,DK_1,forecast_solar_generation,Solar,2026-09-13T19:00:54Z
2026-09-13T18:59:46Z,2026-09-13T20:59:46+0200,d4303d36-784d-4112-aeb9-e8cb25469a92,2026-09-12T11:45:00Z,2026-09-12T13:45:00+0200,972.515,MW,DK1,DK_1,forecast_solar_generation,Solar,2026-09-13T19:00:54Z
2026-09-13T18:59:46Z,2026-09-13T20:59:46+0200,d4303d36-784d-4112-aeb9-e8cb25469a92,2026-09-12T12:00:00Z,2026-09-12T14:00:00+0200,946.665,MW,DK1,DK_1,forecast_solar_generation,Solar,2026-09-13T19:00:54Z
2026-09-13T18:59:46Z,2026-09-13T20:59:46+0200,d4303d36-784d-4112-aeb9-e8cb25469a92,2026-09-12T12:15:00Z,2026-09-12T14:15:00+0200,932.534999,MW,DK1,DK_1,forecast_solar_generation,Solar,2026-09-13T19:00:54Z
2026-09-13T18:59:46Z,2026-09-13T20:59:46+0200,d4303d36-784d-4112-aeb9-e8cb25469a92,2026-09-12T12:30:00Z,2026-09-12T14:30:00+0200,890.839999,MW,DK1,DK_1,forecast_solar_generation,Solar,2026-09-13T19:00:54Z
2026-09-13T18:59:46Z,2026-09-13T20:59:46+0200,d4303d36-784d-4112-aeb9-e8cb25469a92,2026-09-12T12:45:00Z,2026-09-12T14:45:00+0200,863.626666,MW,DK1,DK_1,forecast_solar_generation,Solar,2026-09-13T19:00:54Z
2026-09-13T18:59:46Z,2026-09-13T20:59:46+0200,d4303d36-784d-4112-aeb9-e8cb25469a92,2026-09-12T13:00:00Z,2026-09-12T15:00:00+0200,763.098333,MW,DK1,DK_1,forecast_solar_generation,Solar,2026-09-13T19:00:54Z
2026-09-13T18:59:46Z,2026-09-13T20:59:46+0200,d4303d36-784d-4112-aeb9-e8cb25469a92,2026-09-12T13:15:00Z,2026-09-12T15:15:00+0200,743.365,MW,DK1,DK_1,forecast_solar_generation,Solar,2026-09-13T19:00:54Z
2026-09-13T18:59:46Z,2026-09-13T20:59:46+0200,d4303d36-784d-4112-aeb9-e8cb25469a92,2026-09-12T13:30:00Z,2026-09-12T15:30:00+0200,728.68,MW,DK1,DK_1,forecast_solar_generation,Solar,2026-09-13T19:00:54Z
2026-09-13T18:59:46Z,2026-09-13T20:59:46+0200,d4303d36-784d-4112-aeb9-e8cb25469a92,2026-09-12T13:45:00Z,2026-09-12T15:45:00+0200,684.441666,MW,DK1,DK_1,forecast_solar_generation,Solar,2026-09-13T19:00:54Z
2026-09-13T18:59:46Z,2026-09-13T20:59:46+0200,d4303d36-784d-4112-aeb9-e8cb25469a92,2026-09-12T14:00:00Z,2026-09-12T16:00:00+0200,510.244999,MW,DK1,DK_1,forecast_solar_generation,Solar,2026-09-13T19:00:54Z
2026-09-13T18:59:46Z,2026-09-13T20:59:46+0200,d4303d36-784d-4112-aeb9-e8cb25469a92,2026-09-12T14:15:00Z,2026-09-12T16:15:00+0200,568.778333,MW,DK1,DK_1,forecast_solar_generation,Solar,2026-09-13T19:00:54Z
2026-09-13T18:59:46Z,2026-09-13T20:59:46+0200,d4303d36-784d-4112-aeb9-e8cb25469a92,2026-09-12T14:30:00Z,2026-09-12T16:30:00+0200,492.748333,MW,DK1,DK_1,forecast_solar_generation,Solar,2026-09-13T19:00:54Z
2026-09-13T18:59:46Z,2026-09-13T20:59:46+0200,d4303d36-784d-4112-aeb9-e8cb25469a92,2026-09-12T14:45:00Z,2026-09-12T16:45:00+0200,409.356666,MW,DK1,DK_1,forecast_solar_generation,Solar,2026-09-13T19:00:54Z
2026-09-13T18:59:46Z,2026-09-13T20:59:46+0200,d4303d36-784d-4112-aeb9-e8cb25469a92,2026-09-12T15:00:00Z,2026-09-12T17:00:00+0200,330.353333,MW,DK1,DK_1,forecast_solar_generation,Solar,2026-09-13T19:00:54Z
2026-09-13T18:59:46Z,2026-09-13T20:59:46+0200,d4303d36-784d-4112-aeb9-e8cb25469a92,2026-09-12T15:15:00Z,2026-09-12T17:15:00+0200,265.316666,MW,DK1,DK_1,forecast_solar_generation,Solar,2026-09-13T19:00:54Z
2026-09-13T18:59:46Z,2026-09-13T20:59:46+0200,d4303d36-784d-4112-aeb9-e8cb25469a92,2026-09-12T15:30:00Z,2026-09-12T17:30:00+0200,216.804999,MW,DK1,DK_1,forecast_solar_generation,Solar,2026-09-13T19:00:54Z
2026-09-13T18:59:46Z,2026-09-13T20:59:46+0200,d4303d36-784d-4112-aeb9-e8cb25469a92,2026-09-12T15:45:00Z,2026-09-12T17:45:00+0200,176.878333,MW,DK1,DK_1,forecast_solar_generation,Solar,2026-09-13T19:00:54Z
2026-09-13T18:59:46Z,2026-09-13T20:59:46+0200,d4303d36-784d-4112-aeb9-e8cb25469a92,2026-09-12T16:00:00Z,2026-09-12T18:00:00+0200,141.454999,MW,DK1,DK_1,forecast_solar_generation,Solar,2026-09-13T19:00:54Z
2026-09-13T18:59:46Z,2026-09-13T20:59:46+0200,d4303d36-784d-4112-aeb9-e8cb25469a92,2026-09-12T16:15:00Z,2026-09-12T18:15:00+0200,108.92,MW,DK1,DK_1,forecast_solar_generation,Solar,2026-09-13T19:00:54Z
2026-09-13T18:59:46Z,2026-09-13T20:59:46+0200,d4303d36-784d-4112-aeb9-e8cb25469a92,2026-09-12T16:30:00Z,2026-09-12T18:30:00+0200,80.558333,MW,DK1,DK_1,forecast_solar_generation,Solar,2026-09-13T19:00:54Z
2026-09-13T18:59:46Z,2026-09-13T20:59:46+0200,d4303d36-784d-4112-aeb9-e8cb25469a92,2026-09-12T16:45:00Z,2026-09-12T18:45:00+0200,57.93,MW,DK1,DK_1,forecast_solar_generation,Solar,2026-09-13T19:00:54Z
2026-09-13T18:59:46Z,2026-09-13T20:59:46+0200,d4303d36-784d-4112-aeb9-e8cb25469a92,2026-09-12T17:00:00Z,2026-09-12T19:00:00+0200,34.651666,MW,DK1,DK_1,forecast_solar_generation,Solar,2026-09-13T19:00:54Z
2026-09-13T18:59:46Z,2026-09-13T20:59:46+0200,d4303d36-784d-4112-aeb9-e8cb25469a92,2026-09-12T17:15:00Z,2026-09-12T19:15:00+0200,12.36,MW,DK1,DK_1,forecast_solar_generation,Solar,2026-09-13T19:00:54Z
2026-09-13T18:59:46Z,2026-09-13T20:59:46+0200,d4303d36-784d-4112-aeb9-e8cb25469a92,2026-09-12T17:30:00Z,2026-09-12T19:30:00+0200,1.281666,MW,DK1,DK_1,forecast_solar_generation,Solar,2026-09-13T19:00:54Z
2026-09-13T18:59:46Z,2026-09-13T20:59:46+0200,d4303d36-784d-4112-aeb9-e8cb25469a92,2026-09-12T17:45:00Z,2026-09-12T19:45:00+0200,0.01,MW,DK1,DK_1,forecast_solar_generation,Solar,2026-09-13T19:00:54Z
2026-09-13T18:59:46Z,2026-09-13T20:59:46+0200,d4303d36-784d-4112-aeb9-e8cb25469a92,2026-09-12T18:00:00Z,2026-09-12T20:00:00+0200,0.0,MW,DK1,DK_1,forecast_solar_generation,Solar,2026-09-13T19:00:54Z
2026-09-13T18:59:46Z,2026-09-13T20:59:46+0200,d4303d36-784d-4112-aeb9-e8cb25469a92,2026-09-12T18:15:00Z,2026-09-12T20:15:00+0200,0.0,MW,DK1,DK_1,forecast_solar_generation,Solar,2026-09-13T19:00:54Z
2026-09-13T18:59:46Z,2026-09-13T20:59:46+0200,d4303d36-784d-4112-aeb9-e8cb25469a92,2026-09-12T18:30:00Z,2026-09-12T20:30:00+0200,0.0,MW,DK1,DK_1,forecast_solar_generation,Solar,2026-09-13T19:00:54Z
2026-09-13T18:59:46Z,2026-09-13T20:59:46+0200,d4303d36-784d-4112-aeb9-e8cb25469a92,2026-09-12T18:45:00Z,2026-09-12T20:45:00+0200,0.0,MW,DK1,DK_1,forecast_solar_generation,Solar,2026-09-13T19:00:54Z
2026-09-13T18:59:46Z,2026-09-13T20:59:46+0200,d4303d36-784d-4112-aeb9-e8cb25469a92,2026-09-12T19:00:00Z,2026-09-12T21:00:00+0200,0.0,MW,DK1,DK_1,forecast_solar_generation,Solar,2026-09-13T19:00:54Z
2026-09-13T18:59:46Z,2026-09-13T20:59:46+0200,d4303d36-784d-4112-aeb9-e8cb25469a92,2026-09-12T19:15:00Z,2026-09-12T21:15:00+0200,0.0,MW,DK1,DK_1,forecast_solar_generation,Solar,2026-09-13T19:00:54Z
2026-09-13T18:59:46Z,2026-09-13T20:59:46+0200,d4303d36-784d-4112-aeb9-e8cb25469a92,2026-09-12T19:30:00Z,2026-09-12T21:30:00+0200,0.0,MW,DK1,DK_1,forecast_solar_generation,Solar,2026-09-13T19:00:54Z
2026-09-13T18:59:46Z,2026-09-13T20:59:46+0200,d4303d36-784d-4112-aeb9-e8cb25469a92,2026-09-12T19:45:00Z,2026-09-12T21:45:00+0200,0.0,MW,DK1,DK_1,forecast_solar_generation,Solar,2026-09-13T19:00:54Z
2026-09-13T18:59:46Z,2026-09-13T20:59:46+0200,d4303d36-784d-4112-aeb9-e8cb25469a92,2026-09-12T20:00:00Z,2026-09-12T22:00:00+0200,0.0,MW,DK1,DK_1,forecast_solar_generation,Solar,2026-09-13T19:00:54Z
2026-09-13T18:59:46Z,2026-09-13T20:59:46+0200,d4303d36-784d-4112-aeb9-e8cb25469a92,2026-09-12T20:15:00Z,2026-09-12T22:15:00+0200,0.0,MW,DK1,DK_1,forecast_solar_generation,Solar,2026-09-13T19:00:54Z
2026-09-13T18:59:46Z,2026-09-13T20:59:46+0200,d4303d36-784d-4112-aeb9-e8cb25469a92,2026-09-12T20:30:00Z,2026-09-12T22:30:00+0200,0.0,MW,DK1,DK_1,forecast_solar_generation,Solar,2026-09-13T19:00:54Z
2026-09-13T18:59:46Z,2026-09-13T20:59:46+0200,d4303d36-784d-4112-aeb9-e8cb25469a92,2026-09-12T20:45:00Z,2026-09-12T22:45:00+0200,0.0,MW,DK1,DK_1,forecast_solar_generation,Solar,2026-09-13T19:00:54Z
2026-09-13T18:59:46Z,2026-09-13T20:59:46+0200,d4303d36-784d-4112-aeb9-e8cb25469a92,2026-09-12T21:00:00Z,2026-09-12T23:00:00+0200,0.0,MW,DK1,DK_1,forecast_solar_generation,Solar,2026-09-13T19:00:54Z
2026-09-13T18:59:46Z,2026-09-13T20:59:46+0200,d4303d36-784d-4112-aeb9-e8cb25469a92,2026-09-12T21:15:00Z,2026-09-12T23:15:00+0200,0.0,MW,DK1,DK_1,forecast_solar_generation,Solar,2026-09-13T19:00:54Z
2026-09-13T18:59:46Z,2026-09-13T20:59:46+0200,d4303d36-784d-4112-aeb9-e8cb25469a92,2026-09-12T21:30:00Z,2026-09-12T23:30:00+0200,0.0,MW,DK1,DK_1,forecast_solar_generation,Solar,2026-09-13T19:00:54Z
2026-09-13T18:59:46Z,2026-09-13T20:59:46+0200,d4303d36-784d-4112-aeb9-e8cb25469a92,2026-09-12T21:45:00Z,2026-09-12T23:45:00+0200,0.0,MW,DK1,DK_1,forecast_solar_generation,Solar,2026-09-13T19:00:54Z
2026-09-13T18:59:46Z,2026-09-13T20:59:46+0200,d4303d36-784d-4112-aeb9-e8cb25469a92,2026-09-12T22:00:00Z,2026-09-13T00:00:00+0200,0.0,MW,DK1,DK_1,forecast_solar_generation,Solar,2026-09-13T19:00:54Z
2026-09-13T18:59:46Z,2026-09-13T20:59:46+0200,d4303d36-784d-4112-aeb9-e8cb25469a92,2026-09-12T22:15:00Z,2026-09-13T00:15:00+0200,0.0,MW,DK1,DK_1,forecast_solar_generation,Solar,2026-09-13T19:00:54Z
2026-09-13T18:59:46Z,2026-09-13T20:59:46+0200,d4303d36-784d-4112-aeb9-e8cb25469a92,2026-09-12T22:30:00Z,2026-09-13T00:30:00+0200,0.0,MW,DK1,DK_1,forecast_solar_generation,Solar,2026-09-13T19:00:54Z
2026-09-13T18:59:46Z,2026-09-13T20:59:46+0200,d4303d36-784d-4112-aeb9-e8cb25469a92,2026-09-12T22:45:00Z,2026-09-13T00:45:00+0200,0.0,MW,DK1,DK_1,forecast_solar_generation,Solar,2026-09-13T19:00:54Z
2026-09-13T18:59:46Z,2026-09-13T20:59:46+0200,d4303d36-784d-4112-aeb9-e8cb25469a92,2026-09-12T23:00:00Z,2026-09-13T01:00:00+0200,0.0,MW,DK1,DK_1,forecast_solar_generation,Solar,2026-09-13T19:00:54Z
2026-09-13T18:59:46Z,2026-09-13T20:59:46+0200,d4303d36-784d-4112-aeb9-e8cb25469a92,2026-09-12T23:15:00Z,2026-09-13T01:15:00+0200,0.0,MW,DK1,DK_1,forecast_solar_generation,Solar,2026-09-13T19:00:54Z
2026-09-13T18:59:46Z,2026-09-13T20:59:46+0200,d4303d36-784d-4112-aeb9-e8cb25469a92,2026-09-12T23:30:00Z,2026-09-13T01:30:00+0200,0.0,MW,DK1,DK_1,forecast_solar_generation,Solar,2026-09-13T19:00:54Z
2026-09-13T18:59:46Z,2026-09-13T20:59:46+0200,d4303d36-784d-4112-aeb9-e8cb25469a92,2026-09-12T23:45:00Z,2026-09-13T01:45:00+0200,0.0,MW,DK1,DK_1,forecast_solar_generation,Solar,2026-09-13T19:00:54Z
2026-09-13T18:59:46Z,2026-09-13T20:59:46+0200,d4303d36-784d-4112-aeb9-e8cb25469a92,2026-09-13T00:00:00Z,2026-09-13T02:00:00+0200,0.0,MW,DK1,DK_1,forecast_solar_generation,Solar,2026-09-13T19:00:54Z
2026-09-13T18:59:46Z,2026-09-13T20:59:46+0200,d4303d36-784d-4112-aeb9-e8cb25469a92,2026-09-13T00:15:00Z,2026-09-13T02:15:00+0200,0.0,MW,DK1,DK_1,forecast_solar_generation,Solar,2026-09-13T19:00:54Z
2026-09-13T18:59:46Z,2026-09-13T20:59:46+0200,d4303d36-784d-4112-aeb9-e8cb25469a92,2026-09-13T00:30:00Z,2026-09-13T02:30:00+0200,0.0,MW,DK1,DK_1,forecast_solar_generation,Solar,2026-09-13T19:00:54Z
2026-09-13T18:59:46Z,2026-09-13T20:59:46+0200,d4303d36-784d-4112-aeb9-e8cb25469a92,2026-09-13T00:45:00Z,2026-09-13T02:45:00+0200,0.0,MW,DK1,DK_1,forecast_solar_generation,Solar,2026-09-13T19:00:54Z
2026-09-13T18:59:46Z,2026-09-13T20:59:46+0200,d4303d36-784d-4112-aeb9-e8cb25469a92,2026-09-13T01:00:00Z,2026-09-13T03:00:00+0200,0.0,MW,DK1,DK_1,forecast_solar_generation,Solar,2026-09-13T19:00:54Z
2026-09-13T18:59:46Z,2026-09-13T20:59:46+0200,d4303d36-784d-4112-aeb9-e8cb25469a92,2026-09-13T01:15:00Z,2026-09-13T03:15:00+0200,0.0,MW,DK1,DK_1,forecast_solar_generation,Solar,2026-09-13T19:00:54Z
2026-09-13T18:59:46Z,2026-09-13T20:59:46+0200,d4303d36-784d-4112-aeb9-e8cb25469a92,2026-09-13T01:30:00Z,2026-09-13T03:30:00+0200,0.0,MW,DK1,DK_1,forecast_solar_generation,Solar,2026-09-13T19:00:54Z
2026-09-13T18:59:46Z,2026-09-13T20:59:46+0200,d4303d36-784d-4112-aeb9-e8cb25469a92,2026-09-13T01:45:00Z,2026-09-13T03:45:00+0200,0.0,MW,DK1,DK_1,forecast_solar_generation,Solar,2026-09-13T19:00:54Z
2026-09-13T18:59:46Z,2026-09-13T20:59:46+0200,d4303d36-784d-4112-aeb9-e8cb25469a92,2026-09-13T02:00:00Z,2026-09-13T04:00:00+0200,0.0,MW,DK1,DK_1,forecast_solar_generation,Solar,2026-09-13T19:00:54Z
2026-09-13T18:59:46Z,2026-09-13T20:59:46+0200,d4303d36-784d-4112-aeb9-e8cb25469a92,2026-09-13T02:15:00Z,2026-09-13T04:15:00+0200,0.0,MW,DK1,DK_1,forecast_solar_generation,Solar,2026-09-13T19:00:54Z
2026-09-13T18:59:46Z,2026-09-13T20:59:46+0200,d4303d36-784d-4112-aeb9-e8cb25469a92,2026-09-13T02:30:00Z,2026-09-13T04:30:00+0200,0.0,MW,DK1,DK_1,forecast_solar_generation,Solar,2026-09-13T19:00:54Z
2026-09-13T18:59:46Z,2026-09-13T20:59:46+0200,d4303d36-784d-4112-aeb9-e8cb25469a92,2026-09-13T02:45:00Z,2026-09-13T04:45:00+0200,0.0,MW,DK1,DK_1,forecast_solar_generation,Solar,2026-09-13T19:00:54Z
2026-09-13T18:59:46Z,2026-09-13T20:59:46+0200,d4303d36-784d-4112-aeb9-e8cb25469a92,2026-09-13T03:00:00Z,2026-09-13T05:00:00+0200,0.0,MW,DK1,DK_1,forecast_solar_generation,Solar,2026-09-13T19:00:54Z
2026-09-13T18:59:46Z,2026-09-13T20:59:46+0200,d4303d36-784d-4112-aeb9-e8cb25469a92,2026-09-13T03:15:00Z,2026-09-13T05:15:00+0200,0.0,MW,DK1,DK_1,forecast_solar_generation,Solar,2026-09-13T19:00:54Z
2026-09-13T18:59:46Z,2026-09-13T20:59:46+0200,d4303d36-784d-4112-aeb9-e8cb25469a92,2026-09-13T03:30:00Z,2026-09-13T05:30:00+0200,0.0,MW,DK1,DK_1,forecast_solar_generation,Solar,2026-09-13T19:00:54Z
2026-09-13T18:59:46Z,2026-09-13T20:59:46+0200,d4303d36-784d-4112-aeb9-e8cb25469a92,2026-09-13T03:45:00Z,2026-09-13T05:45:00+0200,0.0,MW,DK1,DK_1,forecast_solar_generation,Solar,2026-09-13T19:00:54Z
2026-09-13T18:59:46Z,2026-09-13T20:59:46+0200,d4303d36-784d-4112-aeb9-e8cb25469a92,2026-09-13T04:00:00Z,2026-09-13T06:00:00+0200,0.0,MW,DK1,DK_1,forecast_solar_generation,Solar,2026-09-13T19:00:54Z
2026-09-13T18:59:46Z,2026-09-13T20:59:46+0200,d4303d36-784d-4112-aeb9-e8cb25469a92,2026-09-13T04:15:00Z,2026-09-13T06:15:00+0200,0.0,MW,DK1,DK_1,forecast_solar_generation,Solar,2026-09-13T19:00:54Z
2026-09-13T18:59:46Z,2026-09-13T20:59:46+0200,d4303d36-784d-4112-aeb9-e8cb25469a92,2026-09-13T04:30:00Z,2026-09-13T06:30:00+0200,0.0,MW,DK1,DK_1,forecast_solar_generation,Solar,2026-09-13T19:00:54Z
2026-09-13T18:59:46Z,2026-09-13T20:59:46+0200,d4303d36-784d-4112-aeb9-e8cb25469a92,2026-09-13T04:45:00Z,2026-09-13T06:45:00+0200,0.208333,MW,DK1,DK_1,forecast_solar_generation,Solar,2026-09-13T19:00:54Z
2026-09-13T18:59:46Z,2026-09-13T20:59:46+0200,d4303d36-784d-4112-aeb9-e8cb25469a92,2026-09-13T05:00:00Z,2026-09-13T07:00:00+0200,6.836666,MW,DK1,DK_1,forecast_solar_generation,Solar,2026-09-13T19:00:54Z
2026-09-13T18:59:46Z,2026-09-13T20:59:46+0200,d4303d36-784d-4112-aeb9-e8cb25469a92,2026-09-13T05:15:00Z,2026-09-13T07:15:00+0200,41.736666,MW,DK1,DK_1,forecast_solar_generation,Solar,2026-09-13T19:00:54Z
2026-09-13T18:59:46Z,2026-09-13T20:59:46+0200,d4303d36-784d-4112-aeb9-e8cb25469a92,2026-09-13T05:30:00Z,2026-09-13T07:30:00+0200,99.745,MW,DK1,DK_1,forecast_solar_generation,Solar,2026-09-13T19:00:54Z
2026-09-13T18:59:46Z,2026-09-13T20:59:46+0200,d4303d36-784d-4112-aeb9-e8cb25469a92,2026-09-13T05:45:00Z,2026-09-13T07:45:00+0200,171.233333,MW,DK1,DK_1,forecast_solar_generation,Solar,2026-09-13T19:00:54Z
2026-09-13T18:59:46Z,2026-09-13T20:59:46+0200,d4303d36-784d-4112-aeb9-e8cb25469a92,2026-09-13T06:00:00Z,2026-09-13T08:00:00+0200,253.153333,MW,DK1,DK_1,forecast_solar_generation,Solar,2026-09-13T19:00:54Z
2026-09-13T18:59:46Z,2026-09-13T20:59:46+0200,d4303d36-784d-4112-aeb9-e8cb25469a92,2026-09-13T06:15:00Z,2026-09-13T08:15:00+0200,344.484999,MW,DK1,DK_1,forecast_solar_generation,Solar,2026-09-13T19:00:54Z
2026-09-13T18:59:46Z,2026-09-13T20:59:46+0200,d4303d36-784d-4112-aeb9-e8cb25469a92,2026-09-13T06:30:00Z,2026-09-13T08:30:00+0200,444.215,MW,DK1,DK_1,forecast_solar_generation,Solar,2026-09-13T19:00:54Z
2026-09-13T18:59:46Z,2026-09-13T20:59:46+0200,d4303d36-784d-4112-aeb9-e8cb25469a92,2026-09-13T06:45:00Z,2026-09-13T08:45:00+0200,554.411666,MW,DK1,DK_1,forecast_solar_generation,Solar,2026-09-13T19:00:54Z
2026-09-13T18:59:46Z,2026-09-13T20:59:46+0200,d4303d36-784d-4112-aeb9-e8cb25469a92,2026-09-13T07:00:00Z,2026-09-13T09:00:00+0200,672.371666,MW,DK1,DK_1,forecast_solar_generation,Solar,2026-09-13T19:00:54Z
2026-09-13T18:59:46Z,2026-09-13T20:59:46+0200,d4303d36-784d-4112-aeb9-e8cb25469a92,2026-09-13T07:15:00Z,2026-09-13T09:15:00+0200,789.54,MW,DK1,DK_1,forecast_solar_generation,Solar,2026-09-13T19:00:54Z
2026-09-13T18:59:46Z,2026-09-13T20:59:46+0200,d4303d36-784d-4112-aeb9-e8cb25469a92,2026-09-13T07:30:00Z,2026-09-13T09:30:00+0200,896.758333,MW,DK1,DK_1,forecast_solar_generation,Solar,2026-09-13T19:00:54Z
2026-09-13T18:59:46Z,2026-09-13T20:59:46+0200,d4303d36-784d-4112-aeb9-e8cb25469a92,2026-09-13T07:45:00Z,2026-09-13T09:45:00+0200,999.971666,MW,DK1,DK_1,forecast_solar_generation,Solar,2026-09-13T19:00:54Z
2026-09-13T18:59:46Z,2026-09-13T20:59:46+0200,d4303d36-784d-4112-aeb9-e8cb25469a92,2026-09-13T08:00:00Z,2026-09-13T10:00:00+0200,1100.741666,MW,DK1,DK_1,forecast_solar_generation,Solar,2026-09-13T19:00:54Z
2026-09-13T18:59:46Z,2026-09-13T20:59:46+0200,d4303d36-784d-4112-aeb9-e8cb25469a92,2026-09-13T08:15:00Z,2026-09-13T10:15:00+0200,1195.903333,MW,DK1,DK_1,forecast_solar_generation,Solar,2026-09-13T19:00:54Z
2026-09-13T18:59:46Z,2026-09-13T20:59:46+0200,d4303d36-784d-4112-aeb9-e8cb25469a92,2026-09-13T08:30:00Z,2026-09-13T10:30:00+0200,1284.34,MW,DK1,DK_1,forecast_solar_generation,Solar,2026-09-13T19:00:54Z
2026-09-13T18:59:46Z,2026-09-13T20:59:46+0200,d4303d36-784d-4112-aeb9-e8cb25469a92,2026-09-13T08:45:00Z,2026-09-13T10:45:00+0200,1373.773333,MW,DK1,DK_1,forecast_solar_generation,Solar,2026-09-13T19:00:54Z
2026-09-13T18:59:46Z,2026-09-13T20:59:46+0200,d4303d36-784d-4112-aeb9-e8cb25469a92,2026-09-13T09:00:00Z,2026-09-13T11:00:00+0200,1461.798333,MW,DK1,DK_1,forecast_solar_generation,Solar,2026-09-13T19:00:54Z
2026-09-13T18:59:46Z,2026-09-13T20:59:46+0200,d4303d36-784d-4112-aeb9-e8cb25469a92,2026-09-13T09:15:00Z,2026-09-13T11:15:00+0200,1540.686666,MW,DK1,DK_1,forecast_solar_generation,Solar,2026-09-13T19:00:54Z
2026-09-13T18:59:46Z,2026-09-13T20:59:46+0200,d4303d36-784d-4112-aeb9-e8cb25469a92,2026-09-13T09:30:00Z,2026-09-13T11:30:00+0200,1608.301666,MW,DK1,DK_1,forecast_solar_generation,Solar,2026-09-13T19:00:54Z
2026-09-13T18:59:46Z,2026-09-13T20:59:46+0200,d4303d36-784d-4112-aeb9-e8cb25469a92,2026-09-13T09:45:00Z,2026-09-13T11:45:00+0200,1675.324999,MW,DK1,DK_1,forecast_solar_generation,Solar,2026-09-13T19:00:54Z
2026-09-13T18:59:46Z,2026-09-13T20:59:46+0200,d4303d36-784d-4112-aeb9-e8cb25469a92,2026-09-13T10:00:00Z,2026-09-13T12:00:00+0200,1737.903333,MW,DK1,DK_1,forecast_solar_generation,Solar,2026-09-13T19:00:54Z
2026-09-13T18:59:46Z,2026-09-13T20:59:46+0200,d4303d36-784d-4112-aeb9-e8cb25469a92,2026-09-13T10:15:00Z,2026-09-13T12:15:00+0200,1786.083333,MW,DK1,DK_1,forecast_solar_generation,Solar,2026-09-13T19:00:54Z
2026-09-13T18:59:46Z,2026-09-13T20:59:46+0200,d4303d36-784d-4112-aeb9-e8cb25469a92,2026-09-13T10:30:00Z,2026-09-13T12:30:00+0200,1816.216666,MW,DK1,DK_1,forecast_solar_generation,Solar,2026-09-13T19:00:54Z
2026-09-13T18:59:46Z,2026-09-13T20:59:46+0200,d4303d36-784d-4112-aeb9-e8cb25469a92,2026-09-13T10:45:00Z,2026-09-13T12:45:00+0200,1841.905,MW,DK1,DK_1,forecast_solar_generation,Solar,2026-09-13T19:00:54Z
2026-09-13T18:59:46Z,2026-09-13T20:59:46+0200,d4303d36-784d-4112-aeb9-e8cb25469a92,2026-09-13T11:00:00Z,2026-09-13T13:00:00+0200,1863.59,MW,DK1,DK_1,forecast_solar_generation,Solar,2026-09-13T19:00:54Z
2026-09-13T18:59:46Z,2026-09-13T20:59:46+0200,d4303d36-784d-4112-aeb9-e8cb25469a92,2026-09-13T11:15:00Z,2026-09-13T13:15:00+0200,1876.551666,MW,DK1,DK_1,forecast_solar_generation,Solar,2026-09-13T19:00:54Z
2026-09-13T18:59:46Z,2026-09-13T20:59:46+0200,d4303d36-784d-4112-aeb9-e8cb25469a92,2026-09-13T11:30:00Z,2026-09-13T13:30:00+0200,1878.563333,MW,DK1,DK_1,forecast_solar_generation,Solar,2026-09-13T19:00:54Z
2026-09-13T18:59:46Z,2026-09-13T20:59:46+0200,d4303d36-784d-4112-aeb9-e8cb25469a92,2026-09-13T11:45:00Z,2026-09-13T13:45:00+0200,1875.841666,MW,DK1,DK_1,forecast_solar_generation,Solar,2026-09-13T19:00:54Z
2026-09-13T18:59:46Z,2026-09-13T20:59:46+0200,d4303d36-784d-4112-aeb9-e8cb25469a92,2026-09-13T12:00:00Z,2026-09-13T14:00:00+0200,1866.856666,MW,DK1,DK_1,forecast_solar_generation,Solar,2026-09-13T19:00:54Z
2026-09-13T18:59:46Z,2026-09-13T20:59:46+0200,d4303d36-784d-4112-aeb9-e8cb25469a92,2026-09-13T12:15:00Z,2026-09-13T14:15:00+0200,1848.101666,MW,DK1,DK_1,forecast_solar_generation,Solar,2026-09-13T19:00:54Z
2026-09-13T18:59:46Z,2026-09-13T20:59:46+0200,d4303d36-784d-4112-aeb9-e8cb25469a92,2026-09-13T12:30:00Z,2026-09-13T14:30:00+0200,1818.944999,MW,DK1,DK_1,forecast_solar_generation,Solar,2026-09-13T19:00:54Z
2026-09-13T18:59:46Z,2026-09-13T20:59:46+0200,d4303d36-784d-4112-aeb9-e8cb25469a92,2026-09-13T12:45:00Z,2026-09-13T14:45:00+0200,1782.004999,MW,DK1,DK_1,forecast_solar_generation,Solar,2026-09-13T19:00:54Z
2026-09-13T18:59:46Z,2026-09-13T20:59:46+0200,d4303d36-784d-4112-aeb9-e8cb25469a92,2026-09-13T13:00:00Z,2026-09-13T15:00:00+0200,1737.753333,MW,DK1,DK_1,forecast_solar_generation,Solar,2026-09-13T19:00:54Z
2026-09-13T18:59:46Z,2026-09-13T20:59:46+0200,d4303d36-784d-4112-aeb9-e8cb25469a92,2026-09-13T13:15:00Z,2026-09-13T15:15:00+0200,1685.546666,MW,DK1,DK_1,forecast_solar_generation,Solar,2026-09-13T19:00:54Z
2026-09-13T18:59:46Z,2026-09-13T20:59:46+0200,d4303d36-784d-4112-aeb9-e8cb25469a92,2026-09-13T13:30:00Z,2026-09-13T15:30:00+0200,1622.735,MW,DK1,DK_1,forecast_solar_generation,Solar,2026-09-13T19:00:54Z
2026-09-13T18:59:46Z,2026-09-13T20:59:46+0200,d4303d36-784d-4112-aeb9-e8cb25469a92,2026-09-13T13:45:00Z,2026-09-13T15:45:00+0200,1550.201666,MW,DK1,DK_1,forecast_solar_generation,Solar,2026-09-13T19:00:54Z
2026-09-13T18:59:46Z,2026-09-13T20:59:46+0200,d4303d36-784d-4112-aeb9-e8cb25469a92,2026-09-13T14:00:00Z,2026-09-13T16:00:00+0200,1467.144999,MW,DK1,DK_1,forecast_solar_generation,Solar,2026-09-13T19:00:54Z
2026-09-13T18:59:46Z,2026-09-13T20:59:46+0200,d4303d36-784d-4112-aeb9-e8cb25469a92,2026-09-13T14:15:00Z,2026-09-13T16:15:00+0200,1372.268333,MW,DK1,DK_1,forecast_solar_generation,Solar,2026-09-13T19:00:54Z
2026-09-13T18:59:46Z,2026-09-13T20:59:46+0200,d4303d36-784d-4112-aeb9-e8cb25469a92,2026-09-13T14:30:00Z,2026-09-13T16:30:00+0200,1265.96,MW,DK1,DK_1,forecast_solar_generation,Solar,2026-09-13T19:00:54Z
2026-09-13T18:59:46Z,2026-09-13T20:59:46+0200,d4303d36-784d-4112-aeb9-e8cb25469a92,2026-09-13T14:45:00Z,2026-09-13T16:45:00+0200,1151.729999,MW,DK1,DK_1,forecast_solar_generation,Solar,2026-09-13T19:00:54Z
2026-09-13T18:59:46Z,2026-09-13T20:59:46+0200,d4303d36-784d-4112-aeb9-e8cb25469a92,2026-09-13T15:00:00Z,2026-09-13T17:00:00+0200,1030.818333,MW,DK1,DK_1,forecast_solar_generation,Solar,2026-09-13T19:00:54Z
2026-09-13T18:59:46Z,2026-09-13T20:59:46+0200,d4303d36-784d-4112-aeb9-e8cb25469a92,2026-09-13T15:15:00Z,2026-09-13T17:15:00+0200,904.081666,MW,DK1,DK_1,forecast_solar_generation,Solar,2026-09-13T19:00:54Z
2026-09-13T18:59:46Z,2026-09-13T20:59:46+0200,d4303d36-784d-4112-aeb9-e8cb25469a92,2026-09-13T15:30:00Z,2026-09-13T17:30:00+0200,773.786666,MW,DK1,DK_1,forecast_solar_generation,Solar,2026-09-13T19:00:54Z
2026-09-13T18:59:46Z,2026-09-13T20:59:46+0200,d4303d36-784d-4112-aeb9-e8cb25469a92,2026-09-13T15:45:00Z,2026-09-13T17:45:00+0200,643.448333,MW,DK1,DK_1,forecast_solar_generation,Solar,2026-09-13T19:00:54Z
2026-09-13T18:59:46Z,2026-09-13T20:59:46+0200,d4303d36-784d-4112-aeb9-e8cb25469a92,2026-09-13T16:00:00Z,2026-09-13T18:00:00+0200,513.428333,MW,DK1,DK_1,forecast_solar_generation,Solar,2026-09-13T19:00:54Z
2026-09-13T18:59:46Z,2026-09-13T20:59:46+0200,d4303d36-784d-4112-aeb9-e8cb25469a92,2026-09-13T16:15:00Z,2026-09-13T18:15:00+0200,386.07,MW,DK1,DK_1,forecast_solar_generation,Solar,2026-09-13T19:00:54Z
2026-09-13T18:59:46Z,2026-09-13T20:59:46+0200,d4303d36-784d-4112-aeb9-e8cb25469a92,2026-09-13T16:30:00Z,2026-09-13T18:30:00+0200,268.83,MW,DK1,DK_1,forecast_solar_generation,Solar,2026-09-13T19:00:54Z
2026-09-13T18:59:46Z,2026-09-13T20:59:46+0200,d4303d36-784d-4112-aeb9-e8cb25469a92,2026-09-13T16:45:00Z,2026-09-13T18:45:00+0200,167.195,MW,DK1,DK_1,forecast_solar_generation,Solar,2026-09-13T19:00:54Z
2026-09-13T18:59:46Z,2026-09-13T20:59:46+0200,d4303d36-784d-4112-aeb9-e8cb25469a92,2026-09-13T17:00:00Z,2026-09-13T19:00:00+0200,83.63,MW,DK1,DK_1,forecast_solar_generation,Solar,2026-09-13T19:00:54Z
2026-09-13T18:59:46Z,2026-09-13T20:59:46+0200,d4303d36-784d-4112-aeb9-e8cb25469a92,2026-09-13T17:15:00Z,2026-09-13T19:15:00+0200,24.301666,MW,DK1,DK_1,forecast_solar_generation,Solar,2026-09-13T19:00:54Z
2026-09-13T18:59:46Z,2026-09-13T20:59:46+0200,d4303d36-784d-4112-aeb9-e8cb25469a92,2026-09-13T17:30:00Z,2026-09-13T19:30:00+0200,1.684999,MW,DK1,DK_1,forecast_solar_generation,Solar,2026-09-13T19:00:54Z
2026-09-13T18:59:46Z,2026-09-13T20:59:46+0200,d4303d36-784d-4112-aeb9-e8cb25469a92,2026-09-13T17:45:00Z,2026-09-13T19:45:00+0200,0.005,MW,DK1,DK_1,forecast_solar_generation,Solar,2026-09-13T19:00:54Z
2026-09-13T18:59:46Z,2026-09-13T20:59:46+0200,d4303d36-784d-4112-aeb9-e8cb25469a92,2026-09-13T18:00:00Z,2026-09-13T20:00:00+0200,0.0,MW,DK1,DK_1,forecast_solar_generation,Solar,2026-09-13T19:00:54Z
2026-09-13T18:59:46Z,2026-09-13T20:59:46+0200,d4303d36-784d-4112-aeb9-e8cb25469a92,2026-09-13T18:15:00Z,2026-09-13T20:15:00+0200,0.0,MW,DK1,DK_1,forecast_solar_generation,Solar,2026-09-13T19:00:54Z
2026-09-13T18:59:46Z,2026-09-13T20:59:46+0200,d4303d36-784d-4112-aeb9-e8cb25469a92,2026-09-13T18:30:00Z,2026-09-13T20:30:00+0200,0.0,MW,DK1,DK_1,forecast_solar_generation,Solar,2026-09-13T19:00:54Z
2026-09-13T18:59:46Z,2026-09-13T20:59:46+0200,d4303d36-784d-4112-aeb9-e8cb25469a92,2026-09-13T18:45:00Z,2026-09-13T20:45:00+0200,0.0,MW,DK1,DK_1,forecast_solar_generation,Solar,2026-09-13T19:00:54Z
2026-09-13T18:59:46Z,2026-09-13T20:59:46+0200,d4303d36-784d-4112-aeb9-e8cb25469a92,2026-09-13T19:15:00Z,2026-09-13T21:15:00+0200,0.0,MW,DK1,DK_1,forecast_solar_generation,Solar,2026-09-13T19:01:04Z
2026-09-13T18:59:46Z,2026-09-13T20:59:46+0200,d4303d36-784d-4112-aeb9-e8cb25469a92,2026-09-13T19:30:00Z,2026-09-13T21:30:00+0200,0.0,MW,DK1,DK_1,forecast_solar_generation,Solar,2026-09-13T19:01:04Z
2026-09-13T18:59:46Z,2026-09-13T20:59:46+0200,d4303d36-784d-4112-aeb9-e8cb25469a92,2026-09-13T19:45:00Z,2026-09-13T21:45:00+0200,0.0,MW,DK1,DK_1,forecast_solar_generation,Solar,2026-09-13T19:01:04Z
2026-09-13T18:59:46Z,2026-09-13T20:59:46+0200,d4303d36-784d-4112-aeb9-e8cb25469a92,2026-09-13T20:00:00Z,2026-09-13T22:00:00+0200,0.0,MW,DK1,DK_1,forecast_solar_generation,Solar,2026-09-13T19:01:04Z
2026-09-13T18:59:46Z,2026-09-13T20:59:46+0200,d4303d36-784d-4112-aeb9-e8cb25469a92,2026-09-13T20:15:00Z,2026-09-13T22:15:00+0200,0.0,MW,DK1,DK_1,forecast_solar_generation,Solar,2026-09-13T19:01:04Z
2026-09-13T18:59:46Z,2026-09-13T20:59:46+0200,d4303d36-784d-4112-aeb9-e8cb25469a92,2026-09-13T20:30:00Z,2026-09-13T22:30:00+0200,0.0,MW,DK1,DK_1,forecast_solar_generation,Solar,2026-09-13T19:01:04Z
2026-09-13T18:59:46Z,2026-09-13T20:59:46+0200,d4303d36-784d-4112-aeb9-e8cb25469a92,2026-09-13T20:45:00Z,2026-09-13T22:45:00+0200,0.0,MW,DK1,DK_1,forecast_solar_generation,Solar,2026-09-13T19:01:04Z
2026-09-13T18:59:46Z,2026-09-13T20:59:46+0200,d4303d36-784d-4112-aeb9-e8cb25469a92,2026-09-13T21:00:00Z,2026-09-13T23:00:00+0200,0.0,MW,DK1,DK_1,forecast_solar_generation,Solar,2026-09-13T19:01:04Z
2026-09-13T18:59:46Z,2026-09-13T20:59:46+0200,d4303d36-784d-4112-aeb9-e8cb25469a92,2026-09-13T21:15:00Z,2026-09-13T23:15:00+0200,0.0,MW,DK1,DK_1,forecast_solar_generation,Solar,2026-09-13T19:01:04Z
2026-09-13T18:59:46Z,2026-09-13T20:59:46+0200,d4303d36-784d-4112-aeb9-e8cb25469a92,2026-09-13T21:30:00Z,2026-09-13T23:30:00+0200,0.0,MW,DK1,DK_1,forecast_solar_generation,Solar,2026-09-13T19:01:04Z
2026-09-13T18:59:46Z,2026-09-13T20:59:46+0200,d4303d36-784d-4112-aeb9-e8cb25469a92,2026-09-13T21:45:00Z,2026-09-13T23:45:00+0200,0.0,MW,DK1,DK_1,forecast_solar_generation,Solar,2026-09-13T19:01:04Z
2026-09-13T18:59:46Z,2026-09-13T20:59:46+0200,d4303d36-784d-4112-aeb9-e8cb25469a92,2026-09-13T22:00:00Z,2026-09-14T00:00:00+0200,0.0,MW,DK1,DK_1,forecast_solar_generation,Solar,2026-09-13T19:01:04Z
2026-09-13T18:59:46Z,2026-09-13T20:59:46+0200,d4303d36-784d-4112-aeb9-e8cb25469a92,2026-09-13T22:15:00Z,2026-09-14T00:15:00+0200,0.0,MW,DK1,DK_1,forecast_solar_generation,Solar,2026-09-13T19:01:04Z
2026-09-13T18:59:46Z,2026-09-13T20:59:46+0200,d4303d36-784d-4112-aeb9-e8cb25469a92,2026-09-13T22:30:00Z,2026-09-14T00:30:00+0200,0.0,MW,DK1,DK_1,forecast_solar_generation,Solar,2026-09-13T19:01:04Z
2026-09-13T18:59:46Z,2026-09-13T20:59:46+0200,d4303d36-784d-4112-aeb9-e8cb25469a92,2026-09-13T22:45:00Z,2026-09-14T00:45:00+0200,0.0,MW,DK1,DK_1,forecast_solar_generation,Solar,2026-09-13T19:01:04Z
2026-09-13T18:59:46Z,2026-09-13T20:59:46+0200,d4303d36-784d-4112-aeb9-e8cb25469a92,2026-09-13T23:00:00Z,2026-09-14T01:00:00+0200,0.0,MW,DK1,DK_1,forecast_solar_generation,Solar,2026-09-13T19:01:04Z
2026-09-13T18:59:46Z,2026-09-13T20:59:46+0200,d4303d36-784d-4112-aeb9-e8cb25469a92,2026-09-13T23:15:00Z,2026-09-14T01:15:00+0200,0.0,MW,DK1,DK_1,forecast_solar_generation,Solar,2026-09-13T19:01:04Z
2026-09-13T18:59:46Z,2026-09-13T20:59:46+0200,d4303d36-784d-4112-aeb9-e8cb25469a92,2026-09-13T23:30:00Z,2026-09-14T01:30:00+0200,0.0,MW,DK1,DK_1,forecast_solar_generation,Solar,2026-09-13T19:01:04Z
2026-09-13T18:59:46Z,2026-09-13T20:59:46+0200,d4303d36-784d-4112-aeb9-e8cb25469a92,2026-09-13T23:45:00Z,2026-09-14T01:45:00+0200,0.0,MW,DK1,DK_1,forecast_solar_generation,Solar,2026-09-13T19:01:04Z
2026-09-13T18:59:46Z,2026-09-13T20:59:46+0200,d4303d36-784d-4112-aeb9-e8cb25469a92,2026-09-14T00:00:00Z,2026-09-14T02:00:00+0200,0.0,MW,DK1,DK_1,forecast_solar_generation,Solar,2026-09-13T19:01:04Z
2026-09-13T18:59:46Z,2026-09-13T20:59:46+0200,d4303d36-784d-4112-aeb9-e8cb25469a92,2026-09-14T00:15:00Z,2026-09-14T02:15:00+0200,0.0,MW,DK1,DK_1,forecast_solar_generation,Solar,2026-09-13T19:01:04Z
2026-09-13T18:59:46Z,2026-09-13T20:59:46+0200,d4303d36-784d-4112-aeb9-e8cb25469a92,2026-09-14T00:30:00Z,2026-09-14T02:30:00+0200,0.0,MW,DK1,DK_1,forecast_solar_generation,Solar,2026-09-13T19:01:04Z
2026-09-13T18:59:46Z,2026-09-13T20:59:46+0200,d4303d36-784d-4112-aeb9-e8cb25469a92,2026-09-14T00:45:00Z,2026-09-14T02:45:00+0200,0.0,MW,DK1,DK_1,forecast_solar_generation,Solar,2026-09-13T19:01:04Z
2026-09-13T18:59:46Z,2026-09-13T20:59:46+0200,d4303d36-784d-4112-aeb9-e8cb25469a92,2026-09-14T01:00:00Z,2026-09-14T03:00:00+0200,0.0,MW,DK1,DK_1,forecast_solar_generation,Solar,2026-09-13T19:01:04Z
2026-09-13T18:59:46Z,2026-09-13T20:59:46+0200,d4303d36-784d-4112-aeb9-e8cb25469a92,2026-09-14T01:15:00Z,2026-09-14T03:15:00+0200,0.0,MW,DK1,DK_1,forecast_solar_generation,Solar,2026-09-13T19:01:04Z
2026-09-13T18:59:46Z,2026-09-13T20:59:46+0200,d4303d36-784d-4112-aeb9-e8cb25469a92,2026-09-14T01:30:00Z,2026-09-14T03:30:00+0200,0.0,MW,DK1,DK_1,forecast_solar_generation,Solar,2026-09-13T19:01:04Z
2026-09-13T18:59:46Z,2026-09-13T20:59:46+0200,d4303d36-784d-4112-aeb9-e8cb25469a92,2026-09-14T01:45:00Z,2026-09-14T03:45:00+0200,0.0,MW,DK1,DK_1,forecast_solar_generation,Solar,2026-09-13T19:01:04Z
2026-09-13T18:59:46Z,2026-09-13T20:59:46+0200,d4303d36-784d-4112-aeb9-e8cb25469a92,2026-09-14T02:00:00Z,2026-09-14T04:00:00+0200,0.0,MW,DK1,DK_1,forecast_solar_generation,Solar,2026-09-13T19:01:04Z
2026-09-13T18:59:46Z,2026-09-13T20:59:46+0200,d4303d36-784d-4112-aeb9-e8cb25469a92,2026-09-14T02:15:00Z,2026-09-14T04:15:00+0200,0.0,MW,DK1,DK_1,forecast_solar_generation,Solar,2026-09-13T19:01:04Z
2026-09-13T18:59:46Z,2026-09-13T20:59:46+0200,d4303d36-784d-4112-aeb9-e8cb25469a92,2026-09-14T02:30:00Z,2026-09-14T04:30:00+0200,0.0,MW,DK1,DK_1,forecast_solar_generation,Solar,2026-09-13T19:01:04Z
2026-09-13T18:59:46Z,2026-09-13T20:59:46+0200,d4303d36-784d-4112-aeb9-e8cb25469a92,2026-09-14T02:45:00Z,2026-09-14T04:45:00+0200,0.0,MW,DK1,DK_1,forecast_solar_generation,Solar,2026-09-13T19:01:04Z
2026-09-13T18:59:46Z,2026-09-13T20:59:46+0200,d4303d36-784d-4112-aeb9-e8cb25469a92,2026-09-14T03:00:00Z,2026-09-14T05:00:00+0200,0.0,MW,DK1,DK_1,forecast_solar_generation,Solar,2026-09-13T19:01:04Z
2026-09-13T18:59:46Z,2026-09-13T20:59:46+0200,d4303d36-784d-4112-aeb9-e8cb25469a92,2026-09-14T03:15:00Z,2026-09-14T05:15:00+0200,0.0,MW,DK1,DK_1,forecast_solar_generation,Solar,2026-09-13T19:01:04Z
2026-09-13T18:59:46Z,2026-09-13T20:59:46+0200,d4303d36-784d-4112-aeb9-e8cb25469a92,2026-09-14T03:30:00Z,2026-09-14T05:30:00+0200,0.0,MW,DK1,DK_1,forecast_solar_generation,Solar,2026-09-13T19:01:04Z
2026-09-13T18:59:46Z,2026-09-13T20:59:46+0200,d4303d36-784d-4112-aeb9-e8cb25469a92,2026-09-14T03:45:00Z,2026-09-14T05:45:00+0200,0.0,MW,DK1,DK_1,forecast_solar_generation,Solar,2026-09-13T19:01:04Z
2026-09-13T18:59:46Z,2026-09-13T20:59:46+0200,d4303d36-784d-4112-aeb9-e8cb25469a92,2026-09-14T04:00:00Z,2026-09-14T06:00:00+0200,0.0,MW,DK1,DK_1,forecast_solar_generation,Solar,2026-09-13T19:01:04Z
2026-09-13T18:59:46Z,2026-09-13T20:59:46+0200,d4303d36-784d-4112-aeb9-e8cb25469a92,2026-09-14T04:15:00Z,2026-09-14T06:15:00+0200,0.0,MW,DK1,DK_1,forecast_solar_generation,Solar,2026-09-13T19:01:04Z
2026-09-13T18:59:46Z,2026-09-13T20:59:46+0200,d4303d36-784d-4112-aeb9-e8cb25469a92,2026-09-14T04:30:00Z,2026-09-14T06:30:00+0200,0.0,MW,DK1,DK_1,forecast_solar_generation,Solar,2026-09-13T19:01:04Z
2026-09-13T18:59:46Z,2026-09-13T20:59:46+0200,d4303d36-784d-4112-aeb9-e8cb25469a92,2026-09-14T04:45:00Z,2026-09-14T06:45:00+0200,0.194999,MW,DK1,DK_1,forecast_solar_generation,Solar,2026-09-13T19:01:04Z
2026-09-13T18:59:46Z,2026-09-13T20:59:46+0200,d4303d36-784d-4112-aeb9-e8cb25469a92,2026-09-14T05:00:00Z,2026-09-14T07:00:00+0200,9.13,MW,DK1,DK_1,forecast_solar_generation,Solar,2026-09-13T19:01:04Z
2026-09-13T18:59:46Z,2026-09-13T20:59:46+0200,d4303d36-784d-4112-aeb9-e8cb25469a92,2026-09-14T05:15:00Z,2026-09-14T07:15:00+0200,56.351666,MW,DK1,DK_1,forecast_solar_generation,Solar,2026-09-13T19:01:04Z
2026-09-13T18:59:46Z,2026-09-13T20:59:46+0200,d4303d36-784d-4112-aeb9-e8cb25469a92,2026-09-14T05:30:00Z,2026-09-14T07:30:00+0200,134.428333,MW,DK1,DK_1,forecast_solar_generation,Solar,2026-09-13T19:01:04Z
2026-09-13T18:59:46Z,2026-09-13T20:59:46+0200,d4303d36-784d-4112-aeb9-e8cb25469a92,2026-09-14T05:45:00Z,2026-09-14T07:45:00+0200,228.33,MW,DK1,DK_1,forecast_solar_generation,Solar,2026-09-13T19:01:04Z
2026-09-13T18:59:46Z,2026-09-13T20:59:46+0200,d4303d36-784d-4112-aeb9-e8cb25469a92,2026-09-14T06:00:00Z,2026-09-14T08:00:00+0200,332.858333,MW,DK1,DK_1,forecast_solar_generation,Solar,2026-09-13T19:01:04Z
2026-09-13T18:59:46Z,2026-09-13T20:59:46+0200,d4303d36-784d-4112-aeb9-e8cb25469a92,2026-09-14T06:15:00Z,2026-09-14T08:15:00+0200,447.105,MW,DK1,DK_1,forecast_solar_generation,Solar,2026-09-13T19:01:04Z
2026-09-13T18:59:46Z,2026-09-13T20:59:46+0200,d4303d36-784d-4112-aeb9-e8cb25469a92,2026-09-14T06:30:00Z,2026-09-14T08:30:00+0200,569.88,MW,DK1,DK_1,forecast_solar_generation,Solar,2026-09-13T19:01:04Z
2026-09-13T18:59:46Z,2026-09-13T20:59:46+0200,d4303d36-784d-4112-aeb9-e8cb25469a92,2026-09-14T06:45:00Z,2026-09-14T08:45:00+0200,695.073333,MW,DK1,DK_1,forecast_solar_generation,Solar,2026-09-13T19:01:04Z
2026-09-13T18:59:46Z,2026-09-13T20:59:46+0200,d4303d36-784d-4112-aeb9-e8cb25469a92,2026-09-14T07:00:00Z,2026-09-14T09:00:00+0200,819.488333,MW,DK1,DK_1,forecast_solar_generation,Solar,2026-09-13T19:01:04Z
2026-09-13T18:59:46Z,2026-09-13T20:59:46+0200,d4303d36-784d-4112-aeb9-e8cb25469a92,2026-09-14T07:15:00Z,2026-09-14T09:15:00+0200,941.035,MW,DK1,DK_1,forecast_solar_generation,Solar,2026-09-13T19:01:04Z
2026-09-13T18:59:46Z,2026-09-13T20:59:46+0200,d4303d36-784d-4112-aeb9-e8cb25469a92,2026-09-14T07:30:00Z,2026-09-14T09:30:00+0200,1057.383333,MW,DK1,DK_1,forecast_solar_generation,Solar,2026-09-13T19:01:04Z
2026-09-13T18:59:46Z,2026-09-13T20:59:46+0200,d4303d36-784d-4112-aeb9-e8cb25469a92,2026-09-14T07:45:00Z,2026-09-14T09:45:00+0200,1166.593333,MW,DK1,DK_1,forecast_solar_generation,Solar,2026-09-13T19:01:04Z
2026-09-13T18:59:46Z,2026-09-13T20:59:46+0200,d4303d36-784d-4112-aeb9-e8cb25469a92,2026-09-14T08:00:00Z,2026-09-14T10:00:00+0200,1267.145,MW,DK1,DK_1,forecast_solar_generation,Solar,2026-09-13T19:01:04Z
2026-09-13T18:59:46Z,2026-09-13T20:59:46+0200,d4303d36-784d-4112-aeb9-e8cb25469a92,2026-09-14T08:15:00Z,2026-09-14T10:15:00+0200,1357.87,MW,DK1,DK_1,forecast_solar_generation,Solar,2026-09-13T19:01:04Z
2026-09-13T18:59:46Z,2026-09-13T20:59:46+0200,d4303d36-784d-4112-aeb9-e8cb25469a92,2026-09-14T08:30:00Z,2026-09-14T10:30:00+0200,1438.531666,MW,DK1,DK_1,forecast_solar_generation,Solar,2026-09-13T19:01:04Z
2026-09-13T18:59:46Z,2026-09-13T20:59:46+0200,d4303d36-784d-4112-aeb9-e8cb25469a92,2026-09-14T08:45:00Z,2026-09-14T10:45:00+0200,1510.098333,MW,DK1,DK_1,forecast_solar_generation,Solar,2026-09-13T19:01:04Z
2026-09-13T18:59:46Z,2026-09-13T20:59:46+0200,d4303d36-784d-4112-aeb9-e8cb25469a92,2026-09-14T09:00:00Z,2026-09-14T11:00:00+0200,1571.476666,MW,DK1,DK_1,forecast_solar_generation,Solar,2026-09-13T19:01:04Z
2026-09-13T18:59:46Z,2026-09-13T20:59:46+0200,d4303d36-784d-4112-aeb9-e8cb25469a92,2026-09-14T09:15:00Z,2026-09-14T11:15:00+0200,1621.445,MW,DK1,DK_1,forecast_solar_generation,Solar,2026-09-13T19:01:04Z
2026-09-13T18:59:46Z,2026-09-13T20:59:46+0200,d4303d36-784d-4112-aeb9-e8cb25469a92,2026-09-14T09:30:00Z,2026-09-14T11:30:00+0200,1662.513333,MW,DK1,DK_1,forecast_solar_generation,Solar,2026-09-13T19:01:04Z
2026-09-13T18:59:46Z,2026-09-13T20:59:46+0200,d4303d36-784d-4112-aeb9-e8cb25469a92,2026-09-14T09:45:00Z,2026-09-14T11:45:00+0200,1698.335,MW,DK1,DK_1,forecast_solar_generation,Solar,2026-09-13T19:01:04Z
2026-09-13T18:59:46Z,2026-09-13T20:59:46+0200,d4303d36-784d-4112-aeb9-e8cb25469a92,2026-09-14T10:00:00Z,2026-09-14T12:00:00+0200,1727.75,MW,DK1,DK_1,forecast_solar_generation,Solar,2026-09-13T19:01:04Z
2026-09-13T18:59:46Z,2026-09-13T20:59:46+0200,d4303d36-784d-4112-aeb9-e8cb25469a92,2026-09-14T10:15:00Z,2026-09-14T12:15:00+0200,1749.028333,MW,DK1,DK_1,forecast_solar_generation,Solar,2026-09-13T19:01:04Z
2026-09-13T18:59:46Z,2026-09-13T20:59:46+0200,d4303d36-784d-4112-aeb9-e8cb25469a92,2026-09-14T10:30:00Z,2026-09-14T12:30:00+0200,1760.456666,MW,DK1,DK_1,forecast_solar_generation,Solar,2026-09-13T19:01:04Z
2026-09-13T18:59:46Z,2026-09-13T20:59:46+0200,d4303d36-784d-4112-aeb9-e8cb25469a92,2026-09-14T10:45:00Z,2026-09-14T12:45:00+0200,1762.956666,MW,DK1,DK_1,forecast_solar_generation,Solar,2026-09-13T19:01:04Z
2026-09-13T18:59:46Z,2026-09-13T20:59:46+0200,d4303d36-784d-4112-aeb9-e8cb25469a92,2026-09-14T11:00:00Z,2026-09-14T13:00:00+0200,1755.911666,MW,DK1,DK_1,forecast_solar_generation,Solar,2026-09-13T19:01:04Z
2026-09-13T18:59:46Z,2026-09-13T20:59:46+0200,d4303d36-784d-4112-aeb9-e8cb25469a92,2026-09-14T11:15:00Z,2026-09-14T13:15:00+0200,1739.394999,MW,DK1,DK_1,forecast_solar_generation,Solar,2026-09-13T19:01:04Z
2026-09-13T18:59:46Z,2026-09-13T20:59:46+0200,d4303d36-784d-4112-aeb9-e8cb25469a92,2026-09-14T11:30:00Z,2026-09-14T13:30:00+0200,1712.393333,MW,DK1,DK_1,forecast_solar_generation,Solar,2026-09-13T19:01:04Z
2026-09-13T18:59:46Z,2026-09-13T20:59:46+0200,d4303d36-784d-4112-aeb9-e8cb25469a92,2026-09-14T11:45:00Z,2026-09-14T13:45:00+0200,1670.778333,MW,DK1,DK_1,forecast_solar_generation,Solar,2026-09-13T19:01:04Z
2026-09-13T18:59:46Z,2026-09-13T20:59:46+0200,d4303d36-784d-4112-aeb9-e8cb25469a92,2026-09-14T12:00:00Z,2026-09-14T14:00:00+0200,1618.649999,MW,DK1,DK_1,forecast_solar_generation,Solar,2026-09-13T19:01:04Z
2026-09-13T18:59:46Z,2026-09-13T20:59:46+0200,d4303d36-784d-4112-aeb9-e8cb25469a92,2026-09-14T12:15:00Z,2026-09-14T14:15:00+0200,1562.116666,MW,DK1,DK_1,forecast_solar_generation,Solar,2026-09-13T19:01:04Z
2026-09-13T18:59:46Z,2026-09-13T20:59:46+0200,d4303d36-784d-4112-aeb9-e8cb25469a92,2026-09-14T12:30:00Z,2026-09-14T14:30:00+0200,1500.403333,MW,DK1,DK_1,forecast_solar_generation,Solar,2026-09-13T19:01:04Z
2026-09-13T18:59:46Z,2026-09-13T20:59:46+0200,d4303d36-784d-4112-aeb9-e8cb25469a92,2026-09-14T12:45:00Z,2026-09-14T14:45:00+0200,1419.236666,MW,DK1,DK_1,forecast_solar_generation,Solar,2026-09-13T19:01:04Z
2026-09-13T18:59:46Z,2026-09-13T20:59:46+0200,d4303d36-784d-4112-aeb9-e8cb25469a92,2026-09-14T13:00:00Z,2026-09-14T15:00:00+0200,1329.771666,MW,DK1,DK_1,forecast_solar_generation,Solar,2026-09-13T19:01:04Z
2026-09-13T18:59:46Z,2026-09-13T20:59:46+0200,d4303d36-784d-4112-aeb9-e8cb25469a92,2026-09-14T13:15:00Z,2026-09-14T15:15:00+0200,1248.05,MW,DK1,DK_1,forecast_solar_generation,Solar,2026-09-13T19:01:04Z
2026-09-13T18:59:46Z,2026-09-13T20:59:46+0200,d4303d36-784d-4112-aeb9-e8cb25469a92,2026-09-14T13:30:00Z,2026-09-14T15:30:00+0200,1179.43,MW,DK1,DK_1,forecast_solar_generation,Solar,2026-09-13T19:01:04Z
2026-09-13T18:59:46Z,2026-09-13T20:59:46+0200,d4303d36-784d-4112-aeb9-e8cb25469a92,2026-09-14T13:45:00Z,2026-09-14T15:45:00+0200,1108.6,MW,DK1,DK_1,forecast_solar_generation,Solar,2026-09-13T19:01:04Z
2026-09-13T18:59:46Z,2026-09-13T20:59:46+0200,d4303d36-784d-4112-aeb9-e8cb25469a92,2026-09-14T14:00:00Z,2026-09-14T16:00:00+0200,1035.56,MW,DK1,DK_1,forecast_solar_generation,Solar,2026-09-13T19:01:04Z
2026-09-13T18:59:46Z,2026-09-13T20:59:46+0200,d4303d36-784d-4112-aeb9-e8cb25469a92,2026-09-14T14:15:00Z,2026-09-14T16:15:00+0200,964.918333,MW,DK1,DK_1,forecast_solar_generation,Solar,2026-09-13T19:01:04Z
2026-09-13T18:59:46Z,2026-09-13T20:59:46+0200,d4303d36-784d-4112-aeb9-e8cb25469a92,2026-09-14T14:30:00Z,2026-09-14T16:30:00+0200,898.7,MW,DK1,DK_1,forecast_solar_generation,Solar,2026-09-13T19:01:04Z
2026-09-13T18:59:46Z,2026-09-13T20:59:46+0200,d4303d36-784d-4112-aeb9-e8cb25469a92,2026-09-14T14:45:00Z,2026-09-14T16:45:00+0200,834.27,MW,DK1,DK_1,forecast_solar_generation,Solar,2026-09-13T19:01:04Z
2026-09-13T18:59:46Z,2026-09-13T20:59:46+0200,d4303d36-784d-4112-aeb9-e8cb25469a92,2026-09-14T15:00:00Z,2026-09-14T17:00:00+0200,765.988333,MW,DK1,DK_1,forecast_solar_generation,Solar,2026-09-13T19:01:04Z
2026-09-13T18:59:46Z,2026-09-13T20:59:46+0200,d4303d36-784d-4112-aeb9-e8cb25469a92,2026-09-14T15:15:00Z,2026-09-14T17:15:00+0200,689.355,MW,DK1,DK_1,forecast_solar_generation,Solar,2026-09-13T19:01:04Z
2026-09-13T18:59:46Z,2026-09-13T20:59:46+0200,d4303d36-784d-4112-aeb9-e8cb25469a92,2026-09-14T15:30:00Z,2026-09-14T17:30:00+0200,604.738333,MW,DK1,DK_1,forecast_solar_generation,Solar,2026-09-13T19:01:04Z
2026-09-13T18:59:46Z,2026-09-13T20:59:46+0200,d4303d36-784d-4112-aeb9-e8cb25469a92,2026-09-14T15:45:00Z,2026-09-14T17:45:00+0200,518.613333,MW,DK1,DK_1,forecast_solar_generation,Solar,2026-09-13T19:01:04Z
2026-09-13T18:59:46Z,2026-09-13T20:59:46+0200,d4303d36-784d-4112-aeb9-e8cb25469a92,2026-09-14T16:00:00Z,2026-09-14T18:00:00+0200,426.575,MW,DK1,DK_1,forecast_solar_generation,Solar,2026-09-13T19:01:04Z
2026-09-13T18:59:46Z,2026-09-13T20:59:46+0200,d4303d36-784d-4112-aeb9-e8cb25469a92,2026-09-14T16:15:00Z,2026-09-14T18:15:00+0200,327.39,MW,DK1,DK_1,forecast_solar_generation,Solar,2026-09-13T19:01:04Z
2026-09-13T18:59:46Z,2026-09-13T20:59:46+0200,d4303d36-784d-4112-aeb9-e8cb25469a92,2026-09-14T16:30:00Z,2026-09-14T18:30:00+0200,229.518333,MW,DK1,DK_1,forecast_solar_generation,Solar,2026-09-13T19:01:04Z
2026-09-13T18:59:46Z,2026-09-13T20:59:46+0200,d4303d36-784d-4112-aeb9-e8cb25469a92,2026-09-14T16:45:00Z,2026-09-14T18:45:00+0200,142.845,MW,DK1,DK_1,forecast_solar_generation,Solar,2026-09-13T19:01:04Z
2026-09-13T18:59:46Z,2026-09-13T20:59:46+0200,d4303d36-784d-4112-aeb9-e8cb25469a92,2026-09-14T17:00:00Z,2026-09-14T19:00:00+0200,69.466666,MW,DK1,DK_1,forecast_solar_generation,Solar,2026-09-13T19:01:04Z
2026-09-13T18:59:46Z,2026-09-13T20:59:46+0200,d4303d36-784d-4112-aeb9-e8cb25469a92,2026-09-14T17:15:00Z,2026-09-14T19:15:00+0200,17.676666,MW,DK1,DK_1,forecast_solar_generation,Solar,2026-09-13T19:01:04Z
2026-09-13T18:59:46Z,2026-09-13T20:59:46+0200,d4303d36-784d-4112-aeb9-e8cb25469a92,2026-09-14T17:30:00Z,2026-09-14T19:30:00+0200,0.836666,MW,DK1,DK_1,forecast_solar_generation,Solar,2026-09-13T19:01:04Z
2026-09-13T18:59:46Z,2026-09-13T20:59:46+0200,d4303d36-784d-4112-aeb9-e8cb25469a92,2026-09-14T17:45:00Z,2026-09-14T19:45:00+0200,0.0,MW,DK1,DK_1,forecast_solar_generation,Solar,2026-09-13T19:01:04Z
2026-09-13T18:59:46Z,2026-09-13T20:59:46+0200,d4303d36-784d-4112-aeb9-e8cb25469a92,2026-09-14T18:00:00Z,2026-09-14T20:00:00+0200,0.0,MW,DK1,DK_1,forecast_solar_generation,Solar,2026-09-13T19:01:04Z
2026-09-13T18:59:46Z,2026-09-13T20:59:46+0200,d4303d36-784d-4112-aeb9-e8cb25469a92,2026-09-14T18:15:00Z,2026-09-14T20:15:00+0200,0.0,MW,DK1,DK_1,forecast_solar_generation,Solar,2026-09-13T19:01:04Z
2026-09-13T18:59:46Z,2026-09-13T20:59:46+0200,d4303d36-784d-4112-aeb9-e8cb25469a92,2026-09-14T18:30:00Z,2026-09-14T20:30:00+0200,0.0,MW,DK1,DK_1,forecast_solar_generation,Solar,2026-09-13T19:01:04Z
2026-09-13T18:59:46Z,2026-09-13T20:59:46+0200,d4303d36-784d-4112-aeb9-e8cb25469a92,2026-09-14T18:45:00Z,2026-09-14T20:45:00+0200,0.0,MW,DK1,DK_1,forecast_solar_generation,Solar,2026-09-13T19:01:04Z
2026-09-13T18:59:46Z,2026-09-13T20:59:46+0200,d4303d36-784d-4112-aeb9-e8cb25469a92,2026-09-14T19:00:00Z,2026-09-14T21:00:00+0200,0.0,MW,DK1,DK_1,forecast_solar_generation,Solar,2026-09-13T19:01:04Z
2026-09-13T18:59:46Z,2026-09-13T20:59:46+0200,d4303d36-784d-4112-aeb9-e8cb25469a92,2026-09-14T19:15:00Z,2026-09-14T21:15:00+0200,0.0,MW,DK1,DK_1,forecast_solar_generation,Solar,2026-09-13T19:01:04Z
2026-09-13T18:59:46Z,2026-09-13T20:59:46+0200,d4303d36-784d-4112-aeb9-e8cb25469a92,2026-09-14T19:30:00Z,2026-09-14T21:30:00+0200,0.0,MW,DK1,DK_1,forecast_solar_generation,Solar,2026-09-13T19:01:04Z
2026-09-13T18:59:46Z,2026-09-13T20:59:46+0200,d4303d36-784d-4112-aeb9-e8cb25469a92,2026-09-14T19:45:00Z,2026-09-14T21:45:00+0200,0.0,MW,DK1,DK_1,forecast_solar_generation,Solar,2026-09-13T19:01:04Z
2026-09-13T18:59:46Z,2026-09-13T20:59:46+0200,d4303d36-784d-4112-aeb9-e8cb25469a92,2026-09-14T20:00:00Z,2026-09-14T22:00:00+0200,0.0,MW,DK1,DK_1,forecast_solar_generation,Solar,2026-09-13T19:01:04Z
2026-09-13T18:59:46Z,2026-09-13T20:59:46+0200,d4303d36-784d-4112-aeb9-e8cb25469a92,2026-09-14T20:15:00Z,2026-09-14T22:15:00+0200,0.0,MW,DK1,DK_1,forecast_solar_generation,Solar,2026-09-13T19:01:04Z
2026-09-13T18:59:46Z,2026-09-13T20:59:46+0200,d4303d36-784d-4112-aeb9-e8cb25469a92,2026-09-14T20:30:00Z,2026-09-14T22:30:00+0200,0.0,MW,DK1,DK_1,forecast_solar_generation,Solar,2026-09-13T19:01:04Z
2026-09-13T18:59:46Z,2026-09-13T20:59:46+0200,d4303d36-784d-4112-aeb9-e8cb25469a92,2026-09-14T20:45:00Z,2026-09-14T22:45:00+0200,0.0,MW,DK1,DK_1,forecast_solar_generation,Solar,2026-09-13T19:01:04Z
2026-09-13T18:59:46Z,2026-09-13T20:59:46+0200,d4303d36-784d-4112-aeb9-e8cb25469a92,2026-09-14T21:00:00Z,2026-09-14T23:00:00+0200,0.0,MW,DK1,DK_1,forecast_solar_generation,Solar,2026-09-13T19:01:04Z
2026-09-13T18:59:46Z,2026-09-13T20:59:46+0200,d4303d36-784d-4112-aeb9-e8cb25469a92,2026-09-14T21:15:00Z,2026-09-14T23:15:00+0200,0.0,MW,DK1,DK_1,forecast_solar_generation,Solar,2026-09-13T19:01:04Z
2026-09-13T18:59:46Z,2026-09-13T20:59:46+0200,d4303d36-784d-4112-aeb9-e8cb25469a92,2026-09-14T21:30:00Z,2026-09-14T23:30:00+0200,0.0,MW,DK1,DK_1,forecast_solar_generation,Solar,2026-09-13T19:01:04Z
2026-09-13T18:59:46Z,2026-09-13T20:59:46+0200,d4303d36-784d-4112-aeb9-e8cb25469a92,2026-09-14T21:45:00Z,2026-09-14T23:45:00+0200,0.0,MW,DK1,DK_1,forecast_solar_generation,Solar,2026-09-13T19:01:04Z
