collection_time_utc,collection_time_local,run_id,timestamp_utc,timestamp_local,value,unit,country,entsoe_area,variable,source,updated_at_utc
2026-09-23T16:17:28Z,2026-09-23T18:17:28+0200,a904e6f3-334f-49bc-a4eb-0da25ec44fa8,2026-09-16T16:30:00Z,2026-09-16T18:30:00+0200,234.98,EUR/MWh,DE,DE_LU,day_ahead_price,value,2026-09-23T16:20:45Z
2026-09-23T16:17:28Z,2026-09-23T18:17:28+0200,a904e6f3-334f-49bc-a4eb-0da25ec44fa8,2026-09-16T16:45:00Z,2026-09-16T18:45:00+0200,263.37,EUR/MWh,DE,DE_LU,day_ahead_price,value,2026-09-23T16:20:45Z
2026-09-23T16:17:28Z,2026-09-23T18:17:28+0200,a904e6f3-334f-49bc-a4eb-0da25ec44fa8,2026-09-16T17:00:00Z,2026-09-16T19:00:00+0200,237.97,EUR/MWh,DE,DE_LU,day_ahead_price,value,2026-09-23T16:20:45Z
2026-09-23T16:17:28Z,2026-09-23T18:17:28+0200,a904e6f3-334f-49bc-a4eb-0da25ec44fa8,2026-09-16T17:15:00Z,2026-09-16T19:15:00+0200,248.0,EUR/MWh,DE,DE_LU,day_ahead_price,value,2026-09-23T16:20:45Z
2026-09-23T16:17:28Z,2026-09-23T18:17:28+0200,a904e6f3-334f-49bc-a4eb-0da25ec44fa8,2026-09-16T17:30:00Z,2026-09-16T19:30:00+0200,262.56,EUR/MWh,DE,DE_LU,day_ahead_price,value,2026-09-23T16:20:45Z
2026-09-23T16:17:28Z,2026-09-23T18:17:28+0200,a904e6f3-334f-49bc-a4eb-0da25ec44fa8,2026-09-16T17:45:00Z,2026-09-16T19:45:00+0200,269.18,EUR/MWh,DE,DE_LU,day_ahead_price,value,2026-09-23T16:20:45Z
2026-09-23T16:17:28Z,2026-09-23T18:17:28+0200,a904e6f3-334f-49bc-a4eb-0da25ec44fa8,2026-09-16T18:00:00Z,2026-09-16T20:00:00+0200,264.58,EUR/MWh,DE,DE_LU,day_ahead_price,value,2026-09-23T16:20:45Z
2026-09-23T16:17:28Z,2026-09-23T18:17:28+0200,a904e6f3-334f-49bc-a4eb-0da25ec44fa8,2026-09-16T18:15:00Z,2026-09-16T20:15:00+0200,248.79,EUR/MWh,DE,DE_LU,day_ahead_price,value,2026-09-23T16:20:45Z
2026-09-23T16:17:28Z,2026-09-23T18:17:28+0200,a904e6f3-334f-49bc-a4eb-0da25ec44fa8,2026-09-16T18:30:00Z,2026-09-16T20:30:00+0200,239.85,EUR/MWh,DE,DE_LU,day_ahead_price,value,2026-09-23T16:20:45Z
2026-09-23T16:17:28Z,2026-09-23T18:17:28+0200,a904e6f3-334f-49bc-a4eb-0da25ec44fa8,2026-09-16T18:45:00Z,2026-09-16T20:45:00+0200,234.43,EUR/MWh,DE,DE_LU,day_ahead_price,value,2026-09-23T16:20:45Z
2026-09-23T16:17:28Z,2026-09-23T18:17:28+0200,a904e6f3-334f-49bc-a4eb-0da25ec44fa8,2026-09-16T19:00:00Z,2026-09-16T21:00:00+0200,236.92,EUR/MWh,DE,DE_LU,day_ahead_price,value,2026-09-23T16:20:45Z
2026-09-23T16:17:28Z,2026-09-23T18:17:28+0200,a904e6f3-334f-49bc-a4eb-0da25ec44fa8,2026-09-16T19:15:00Z,2026-09-16T21:15:00+0200,229.49,EUR/MWh,DE,DE_LU,day_ahead_price,value,2026-09-23T16:20:45Z
2026-09-23T16:17:28Z,2026-09-23T18:17:28+0200,a904e6f3-334f-49bc-a4eb-0da25ec44fa8,2026-09-16T19:30:00Z,2026-09-16T21:30:00+0200,215.47,EUR/MWh,DE,DE_LU,day_ahead_price,value,2026-09-23T16:20:45Z
2026-09-23T16:17:28Z,2026-09-23T18:17:28+0200,a904e6f3-334f-49bc-a4eb-0da25ec44fa8,2026-09-16T19:45:00Z,2026-09-16T21:45:00+0200,199.18,EUR/MWh,DE,DE_LU,day_ahead_price,value,2026-09-23T16:20:45Z
2026-09-23T16:17:28Z,2026-09-23T18:17:28+0200,a904e6f3-334f-49bc-a4eb-0da25ec44fa8,2026-09-16T20:00:00Z,2026-09-16T22:00:00+0200,213.99,EUR/MWh,DE,DE_LU,day_ahead_price,value,2026-09-23T16:20:45Z
2026-09-23T16:17:28Z,2026-09-23T18:17:28+0200,a904e6f3-334f-49bc-a4eb-0da25ec44fa8,2026-09-16T20:15:00Z,2026-09-16T22:15:00+0200,201.4,EUR/MWh,DE,DE_LU,day_ahead_price,value,2026-09-23T16:20:45Z
2026-09-23T16:17:28Z,2026-09-23T18:17:28+0200,a904e6f3-334f-49bc-a4eb-0da25ec44fa8,2026-09-16T20:30:00Z,2026-09-16T22:30:00+0200,196.77,EUR/MWh,DE,DE_LU,day_ahead_price,value,2026-09-23T16:20:45Z
2026-09-23T16:17:28Z,2026-09-23T18:17:28+0200,a904e6f3-334f-49bc-a4eb-0da25ec44fa8,2026-09-16T20:45:00Z,2026-09-16T22:45:00+0200,191.0,EUR/MWh,DE,DE_LU,day_ahead_price,value,2026-09-23T16:20:45Z
2026-09-23T16:17:28Z,2026-09-23T18:17:28+0200,a904e6f3-334f-49bc-a4eb-0da25ec44fa8,2026-09-16T21:00:00Z,2026-09-16T23:00:00+0200,198.34,EUR/MWh,DE,DE_LU,day_ahead_price,value,2026-09-23T16:20:45Z
2026-09-23T16:17:28Z,2026-09-23T18:17:28+0200,a904e6f3-334f-49bc-a4eb-0da25ec44fa8,2026-09-16T21:15:00Z,2026-09-16T23:15:00+0200,189.98,EUR/MWh,DE,DE_LU,day_ahead_price,value,2026-09-23T16:20:45Z
2026-09-23T16:17:28Z,2026-09-23T18:17:28+0200,a904e6f3-334f-49bc-a4eb-0da25ec44fa8,2026-09-16T21:30:00Z,2026-09-16T23:30:00+0200,184.25,EUR/MWh,DE,DE_LU,day_ahead_price,value,2026-09-23T16:20:45Z
2026-09-23T16:17:28Z,2026-09-23T18:17:28+0200,a904e6f3-334f-49bc-a4eb-0da25ec44fa8,2026-09-16T21:45:00Z,2026-09-16T23:45:00+0200,168.21,EUR/MWh,DE,DE_LU,day_ahead_price,value,2026-09-23T16:20:45Z
2026-09-23T16:17:28Z,2026-09-23T18:17:28+0200,a904e6f3-334f-49bc-a4eb-0da25ec44fa8,2026-09-16T22:00:00Z,2026-09-17T00:00:00+0200,199.33,EUR/MWh,DE,DE_LU,day_ahead_price,value,2026-09-23T16:20:45Z
2026-09-23T16:17:28Z,2026-09-23T18:17:28+0200,a904e6f3-334f-49bc-a4eb-0da25ec44fa8,2026-09-16T22:15:00Z,2026-09-17T00:15:00+0200,186.44,EUR/MWh,DE,DE_LU,day_ahead_price,value,2026-09-23T16:20:45Z
2026-09-23T16:17:28Z,2026-09-23T18:17:28+0200,a904e6f3-334f-49bc-a4eb-0da25ec44fa8,2026-09-16T22:30:00Z,2026-09-17T00:30:00+0200,176.97,EUR/MWh,DE,DE_LU,day_ahead_price,value,2026-09-23T16:20:45Z
2026-09-23T16:17:28Z,2026-09-23T18:17:28+0200,a904e6f3-334f-49bc-a4eb-0da25ec44fa8,2026-09-16T22:45:00Z,2026-09-17T00:45:00+0200,171.32,EUR/MWh,DE,DE_LU,day_ahead_price,value,2026-09-23T16:20:45Z
2026-09-23T16:17:28Z,2026-09-23T18:17:28+0200,a904e6f3-334f-49bc-a4eb-0da25ec44fa8,2026-09-16T23:00:00Z,2026-09-17T01:00:00+0200,175.44,EUR/MWh,DE,DE_LU,day_ahead_price,value,2026-09-23T16:20:45Z
2026-09-23T16:17:28Z,2026-09-23T18:17:28+0200,a904e6f3-334f-49bc-a4eb-0da25ec44fa8,2026-09-16T23:15:00Z,2026-09-17T01:15:00+0200,170.27,EUR/MWh,DE,DE_LU,day_ahead_price,value,2026-09-23T16:20:45Z
2026-09-23T16:17:28Z,2026-09-23T18:17:28+0200,a904e6f3-334f-49bc-a4eb-0da25ec44fa8,2026-09-16T23:30:00Z,2026-09-17T01:30:00+0200,166.6,EUR/MWh,DE,DE_LU,day_ahead_price,value,2026-09-23T16:20:45Z
2026-09-23T16:17:28Z,2026-09-23T18:17:28+0200,a904e6f3-334f-49bc-a4eb-0da25ec44fa8,2026-09-16T23:45:00Z,2026-09-17T01:45:00+0200,163.99,EUR/MWh,DE,DE_LU,day_ahead_price,value,2026-09-23T16:20:45Z
2026-09-23T16:17:28Z,2026-09-23T18:17:28+0200,a904e6f3-334f-49bc-a4eb-0da25ec44fa8,2026-09-17T00:00:00Z,2026-09-17T02:00:00+0200,166.77,EUR/MWh,DE,DE_LU,day_ahead_price,value,2026-09-23T16:20:45Z
2026-09-23T16:17:28Z,2026-09-23T18:17:28+0200,a904e6f3-334f-49bc-a4eb-0da25ec44fa8,2026-09-17T00:15:00Z,2026-09-17T02:15:00+0200,164.87,EUR/MWh,DE,DE_LU,day_ahead_price,value,2026-09-23T16:20:45Z
2026-09-23T16:17:28Z,2026-09-23T18:17:28+0200,a904e6f3-334f-49bc-a4eb-0da25ec44fa8,2026-09-17T00:30:00Z,2026-09-17T02:30:00+0200,164.94,EUR/MWh,DE,DE_LU,day_ahead_price,value,2026-09-23T16:20:45Z
2026-09-23T16:17:28Z,2026-09-23T18:17:28+0200,a904e6f3-334f-49bc-a4eb-0da25ec44fa8,2026-09-17T00:45:00Z,2026-09-17T02:45:00+0200,165.37,EUR/MWh,DE,DE_LU,day_ahead_price,value,2026-09-23T16:20:45Z
2026-09-23T16:17:28Z,2026-09-23T18:17:28+0200,a904e6f3-334f-49bc-a4eb-0da25ec44fa8,2026-09-17T01:00:00Z,2026-09-17T03:00:00+0200,165.29,EUR/MWh,DE,DE_LU,day_ahead_price,value,2026-09-23T16:20:45Z
2026-09-23T16:17:28Z,2026-09-23T18:17:28+0200,a904e6f3-334f-49bc-a4eb-0da25ec44fa8,2026-09-17T01:15:00Z,2026-09-17T03:15:00+0200,166.03,EUR/MWh,DE,DE_LU,day_ahead_price,value,2026-09-23T16:20:45Z
2026-09-23T16:17:28Z,2026-09-23T18:17:28+0200,a904e6f3-334f-49bc-a4eb-0da25ec44fa8,2026-09-17T01:30:00Z,2026-09-17T03:30:00+0200,165.3,EUR/MWh,DE,DE_LU,day_ahead_price,value,2026-09-23T16:20:45Z
2026-09-23T16:17:28Z,2026-09-23T18:17:28+0200,a904e6f3-334f-49bc-a4eb-0da25ec44fa8,2026-09-17T01:45:00Z,2026-09-17T03:45:00+0200,165.63,EUR/MWh,DE,DE_LU,day_ahead_price,value,2026-09-23T16:20:45Z
2026-09-23T16:17:28Z,2026-09-23T18:17:28+0200,a904e6f3-334f-49bc-a4eb-0da25ec44fa8,2026-09-17T02:00:00Z,2026-09-17T04:00:00+0200,164.56,EUR/MWh,DE,DE_LU,day_ahead_price,value,2026-09-23T16:20:45Z
2026-09-23T16:17:28Z,2026-09-23T18:17:28+0200,a904e6f3-334f-49bc-a4eb-0da25ec44fa8,2026-09-17T02:15:00Z,2026-09-17T04:15:00+0200,165.29,EUR/MWh,DE,DE_LU,day_ahead_price,value,2026-09-23T16:20:45Z
2026-09-23T16:17:28Z,2026-09-23T18:17:28+0200,a904e6f3-334f-49bc-a4eb-0da25ec44fa8,2026-09-17T02:30:00Z,2026-09-17T04:30:00+0200,167.42,EUR/MWh,DE,DE_LU,day_ahead_price,value,2026-09-23T16:20:45Z
2026-09-23T16:17:28Z,2026-09-23T18:17:28+0200,a904e6f3-334f-49bc-a4eb-0da25ec44fa8,2026-09-17T02:45:00Z,2026-09-17T04:45:00+0200,165.3,EUR/MWh,DE,DE_LU,day_ahead_price,value,2026-09-23T16:20:45Z
2026-09-23T16:17:28Z,2026-09-23T18:17:28+0200,a904e6f3-334f-49bc-a4eb-0da25ec44fa8,2026-09-17T03:00:00Z,2026-09-17T05:00:00+0200,158.03,EUR/MWh,DE,DE_LU,day_ahead_price,value,2026-09-23T16:20:45Z
2026-09-23T16:17:28Z,2026-09-23T18:17:28+0200,a904e6f3-334f-49bc-a4eb-0da25ec44fa8,2026-09-17T03:15:00Z,2026-09-17T05:15:00+0200,159.86,EUR/MWh,DE,DE_LU,day_ahead_price,value,2026-09-23T16:20:45Z
2026-09-23T16:17:28Z,2026-09-23T18:17:28+0200,a904e6f3-334f-49bc-a4eb-0da25ec44fa8,2026-09-17T03:30:00Z,2026-09-17T05:30:00+0200,166.75,EUR/MWh,DE,DE_LU,day_ahead_price,value,2026-09-23T16:20:45Z
2026-09-23T16:17:28Z,2026-09-23T18:17:28+0200,a904e6f3-334f-49bc-a4eb-0da25ec44fa8,2026-09-17T03:45:00Z,2026-09-17T05:45:00+0200,175.4,EUR/MWh,DE,DE_LU,day_ahead_price,value,2026-09-23T16:20:45Z
2026-09-23T16:17:28Z,2026-09-23T18:17:28+0200,a904e6f3-334f-49bc-a4eb-0da25ec44fa8,2026-09-17T04:00:00Z,2026-09-17T06:00:00+0200,172.47,EUR/MWh,DE,DE_LU,day_ahead_price,value,2026-09-23T16:20:45Z
2026-09-23T16:17:28Z,2026-09-23T18:17:28+0200,a904e6f3-334f-49bc-a4eb-0da25ec44fa8,2026-09-17T04:15:00Z,2026-09-17T06:15:00+0200,194.74,EUR/MWh,DE,DE_LU,day_ahead_price,value,2026-09-23T16:20:45Z
2026-09-23T16:17:28Z,2026-09-23T18:17:28+0200,a904e6f3-334f-49bc-a4eb-0da25ec44fa8,2026-09-17T04:30:00Z,2026-09-17T06:30:00+0200,209.2,EUR/MWh,DE,DE_LU,day_ahead_price,value,2026-09-23T16:20:45Z
2026-09-23T16:17:28Z,2026-09-23T18:17:28+0200,a904e6f3-334f-49bc-a4eb-0da25ec44fa8,2026-09-17T04:45:00Z,2026-09-17T06:45:00+0200,219.99,EUR/MWh,DE,DE_LU,day_ahead_price,value,2026-09-23T16:20:45Z
2026-09-23T16:17:28Z,2026-09-23T18:17:28+0200,a904e6f3-334f-49bc-a4eb-0da25ec44fa8,2026-09-17T05:00:00Z,2026-09-17T07:00:00+0200,230.2,EUR/MWh,DE,DE_LU,day_ahead_price,value,2026-09-23T16:20:45Z
2026-09-23T16:17:28Z,2026-09-23T18:17:28+0200,a904e6f3-334f-49bc-a4eb-0da25ec44fa8,2026-09-17T05:15:00Z,2026-09-17T07:15:00+0200,221.02,EUR/MWh,DE,DE_LU,day_ahead_price,value,2026-09-23T16:20:45Z
2026-09-23T16:17:28Z,2026-09-23T18:17:28+0200,a904e6f3-334f-49bc-a4eb-0da25ec44fa8,2026-09-17T05:30:00Z,2026-09-17T07:30:00+0200,210.96,EUR/MWh,DE,DE_LU,day_ahead_price,value,2026-09-23T16:20:45Z
2026-09-23T16:17:28Z,2026-09-23T18:17:28+0200,a904e6f3-334f-49bc-a4eb-0da25ec44fa8,2026-09-17T05:45:00Z,2026-09-17T07:45:00+0200,203.59,EUR/MWh,DE,DE_LU,day_ahead_price,value,2026-09-23T16:20:45Z
2026-09-23T16:17:28Z,2026-09-23T18:17:28+0200,a904e6f3-334f-49bc-a4eb-0da25ec44fa8,2026-09-17T06:00:00Z,2026-09-17T08:00:00+0200,215.92,EUR/MWh,DE,DE_LU,day_ahead_price,value,2026-09-23T16:20:45Z
2026-09-23T16:17:28Z,2026-09-23T18:17:28+0200,a904e6f3-334f-49bc-a4eb-0da25ec44fa8,2026-09-17T06:15:00Z,2026-09-17T08:15:00+0200,204.59,EUR/MWh,DE,DE_LU,day_ahead_price,value,2026-09-23T16:20:45Z
2026-09-23T16:17:28Z,2026-09-23T18:17:28+0200,a904e6f3-334f-49bc-a4eb-0da25ec44fa8,2026-09-17T06:30:00Z,2026-09-17T08:30:00+0200,195.46,EUR/MWh,DE,DE_LU,day_ahead_price,value,2026-09-23T16:20:45Z
2026-09-23T16:17:28Z,2026-09-23T18:17:28+0200,a904e6f3-334f-49bc-a4eb-0da25ec44fa8,2026-09-17T06:45:00Z,2026-09-17T08:45:00+0200,177.83,EUR/MWh,DE,DE_LU,day_ahead_price,value,2026-09-23T16:20:45Z
2026-09-23T16:17:28Z,2026-09-23T18:17:28+0200,a904e6f3-334f-49bc-a4eb-0da25ec44fa8,2026-09-17T07:00:00Z,2026-09-17T09:00:00+0200,200.0,EUR/MWh,DE,DE_LU,day_ahead_price,value,2026-09-23T16:20:45Z
2026-09-23T16:17:28Z,2026-09-23T18:17:28+0200,a904e6f3-334f-49bc-a4eb-0da25ec44fa8,2026-09-17T07:15:00Z,2026-09-17T09:15:00+0200,178.9,EUR/MWh,DE,DE_LU,day_ahead_price,value,2026-09-23T16:20:45Z
2026-09-23T16:17:28Z,2026-09-23T18:17:28+0200,a904e6f3-334f-49bc-a4eb-0da25ec44fa8,2026-09-17T07:30:00Z,2026-09-17T09:30:00+0200,150.24,EUR/MWh,DE,DE_LU,day_ahead_price,value,2026-09-23T16:20:45Z
2026-09-23T16:17:28Z,2026-09-23T18:17:28+0200,a904e6f3-334f-49bc-a4eb-0da25ec44fa8,2026-09-17T07:45:00Z,2026-09-17T09:45:00+0200,124.42,EUR/MWh,DE,DE_LU,day_ahead_price,value,2026-09-23T16:20:45Z
2026-09-23T16:17:28Z,2026-09-23T18:17:28+0200,a904e6f3-334f-49bc-a4eb-0da25ec44fa8,2026-09-17T08:00:00Z,2026-09-17T10:00:00+0200,145.92,EUR/MWh,DE,DE_LU,day_ahead_price,value,2026-09-23T16:20:45Z
2026-09-23T16:17:28Z,2026-09-23T18:17:28+0200,a904e6f3-334f-49bc-a4eb-0da25ec44fa8,2026-09-17T08:15:00Z,2026-09-17T10:15:00+0200,125.69,EUR/MWh,DE,DE_LU,day_ahead_price,value,2026-09-23T16:20:45Z
2026-09-23T16:17:28Z,2026-09-23T18:17:28+0200,a904e6f3-334f-49bc-a4eb-0da25ec44fa8,2026-09-17T08:30:00Z,2026-09-17T10:30:00+0200,99.3,EUR/MWh,DE,DE_LU,day_ahead_price,value,2026-09-23T16:20:45Z
2026-09-23T16:17:28Z,2026-09-23T18:17:28+0200,a904e6f3-334f-49bc-a4eb-0da25ec44fa8,2026-09-17T08:45:00Z,2026-09-17T10:45:00+0200,74.45,EUR/MWh,DE,DE_LU,day_ahead_price,value,2026-09-23T16:20:45Z
2026-09-23T16:17:28Z,2026-09-23T18:17:28+0200,a904e6f3-334f-49bc-a4eb-0da25ec44fa8,2026-09-17T09:00:00Z,2026-09-17T11:00:00+0200,69.57,EUR/MWh,DE,DE_LU,day_ahead_price,value,2026-09-23T16:20:45Z
2026-09-23T16:17:28Z,2026-09-23T18:17:28+0200,a904e6f3-334f-49bc-a4eb-0da25ec44fa8,2026-09-17T09:15:00Z,2026-09-17T11:15:00+0200,43.17,EUR/MWh,DE,DE_LU,day_ahead_price,value,2026-09-23T16:20:45Z
2026-09-23T16:17:28Z,2026-09-23T18:17:28+0200,a904e6f3-334f-49bc-a4eb-0da25ec44fa8,2026-09-17T09:30:00Z,2026-09-17T11:30:00+0200,19.12,EUR/MWh,DE,DE_LU,day_ahead_price,value,2026-09-23T16:20:45Z
2026-09-23T16:17:28Z,2026-09-23T18:17:28+0200,a904e6f3-334f-49bc-a4eb-0da25ec44fa8,2026-09-17T09:45:00Z,2026-09-17T11:45:00+0200,7.2,EUR/MWh,DE,DE_LU,day_ahead_price,value,2026-09-23T16:20:45Z
2026-09-23T16:17:28Z,2026-09-23T18:17:28+0200,a904e6f3-334f-49bc-a4eb-0da25ec44fa8,2026-09-17T10:00:00Z,2026-09-17T12:00:00+0200,17.53,EUR/MWh,DE,DE_LU,day_ahead_price,value,2026-09-23T16:20:45Z
2026-09-23T16:17:28Z,2026-09-23T18:17:28+0200,a904e6f3-334f-49bc-a4eb-0da25ec44fa8,2026-09-17T10:15:00Z,2026-09-17T12:15:00+0200,10.1,EUR/MWh,DE,DE_LU,day_ahead_price,value,2026-09-23T16:20:45Z
2026-09-23T16:17:28Z,2026-09-23T18:17:28+0200,a904e6f3-334f-49bc-a4eb-0da25ec44fa8,2026-09-17T10:30:00Z,2026-09-17T12:30:00+0200,7.62,EUR/MWh,DE,DE_LU,day_ahead_price,value,2026-09-23T16:20:45Z
2026-09-23T16:17:28Z,2026-09-23T18:17:28+0200,a904e6f3-334f-49bc-a4eb-0da25ec44fa8,2026-09-17T10:45:00Z,2026-09-17T12:45:00+0200,7.43,EUR/MWh,DE,DE_LU,day_ahead_price,value,2026-09-23T16:20:45Z
2026-09-23T16:17:28Z,2026-09-23T18:17:28+0200,a904e6f3-334f-49bc-a4eb-0da25ec44fa8,2026-09-17T11:00:00Z,2026-09-17T13:00:00+0200,5.0,EUR/MWh,DE,DE_LU,day_ahead_price,value,2026-09-23T16:20:45Z
2026-09-23T16:17:28Z,2026-09-23T18:17:28+0200,a904e6f3-334f-49bc-a4eb-0da25ec44fa8,2026-09-17T11:15:00Z,2026-09-17T13:15:00+0200,2.12,EUR/MWh,DE,DE_LU,day_ahead_price,value,2026-09-23T16:20:45Z
2026-09-23T16:17:28Z,2026-09-23T18:17:28+0200,a904e6f3-334f-49bc-a4eb-0da25ec44fa8,2026-09-17T11:30:00Z,2026-09-17T13:30:00+0200,0.42,EUR/MWh,DE,DE_LU,day_ahead_price,value,2026-09-23T16:20:45Z
2026-09-23T16:17:28Z,2026-09-23T18:17:28+0200,a904e6f3-334f-49bc-a4eb-0da25ec44fa8,2026-09-17T11:45:00Z,2026-09-17T13:45:00+0200,0.1,EUR/MWh,DE,DE_LU,day_ahead_price,value,2026-09-23T16:20:45Z
2026-09-23T16:17:28Z,2026-09-23T18:17:28+0200,a904e6f3-334f-49bc-a4eb-0da25ec44fa8,2026-09-17T12:00:00Z,2026-09-17T14:00:00+0200,3.97,EUR/MWh,DE,DE_LU,day_ahead_price,value,2026-09-23T16:20:45Z
2026-09-23T16:17:28Z,2026-09-23T18:17:28+0200,a904e6f3-334f-49bc-a4eb-0da25ec44fa8,2026-09-17T12:15:00Z,2026-09-17T14:15:00+0200,6.04,EUR/MWh,DE,DE_LU,day_ahead_price,value,2026-09-23T16:20:45Z
2026-09-23T16:17:28Z,2026-09-23T18:17:28+0200,a904e6f3-334f-49bc-a4eb-0da25ec44fa8,2026-09-17T12:30:00Z,2026-09-17T14:30:00+0200,13.69,EUR/MWh,DE,DE_LU,day_ahead_price,value,2026-09-23T16:20:45Z
2026-09-23T16:17:28Z,2026-09-23T18:17:28+0200,a904e6f3-334f-49bc-a4eb-0da25ec44fa8,2026-09-17T12:45:00Z,2026-09-17T14:45:00+0200,25.2,EUR/MWh,DE,DE_LU,day_ahead_price,value,2026-09-23T16:20:45Z
2026-09-23T16:17:28Z,2026-09-23T18:17:28+0200,a904e6f3-334f-49bc-a4eb-0da25ec44fa8,2026-09-17T13:00:00Z,2026-09-17T15:00:00+0200,10.0,EUR/MWh,DE,DE_LU,day_ahead_price,value,2026-09-23T16:20:45Z
2026-09-23T16:17:28Z,2026-09-23T18:17:28+0200,a904e6f3-334f-49bc-a4eb-0da25ec44fa8,2026-09-17T13:15:00Z,2026-09-17T15:15:00+0200,23.24,EUR/MWh,DE,DE_LU,day_ahead_price,value,2026-09-23T16:20:45Z
2026-09-23T16:17:28Z,2026-09-23T18:17:28+0200,a904e6f3-334f-49bc-a4eb-0da25ec44fa8,2026-09-17T13:30:00Z,2026-09-17T15:30:00+0200,42.54,EUR/MWh,DE,DE_LU,day_ahead_price,value,2026-09-23T16:20:45Z
2026-09-23T16:17:28Z,2026-09-23T18:17:28+0200,a904e6f3-334f-49bc-a4eb-0da25ec44fa8,2026-09-17T13:45:00Z,2026-09-17T15:45:00+0200,49.01,EUR/MWh,DE,DE_LU,day_ahead_price,value,2026-09-23T16:20:45Z
2026-09-23T16:17:28Z,2026-09-23T18:17:28+0200,a904e6f3-334f-49bc-a4eb-0da25ec44fa8,2026-09-17T14:00:00Z,2026-09-17T16:00:00+0200,27.41,EUR/MWh,DE,DE_LU,day_ahead_price,value,2026-09-23T16:20:45Z
2026-09-23T16:17:28Z,2026-09-23T18:17:28+0200,a904e6f3-334f-49bc-a4eb-0da25ec44fa8,2026-09-17T14:15:00Z,2026-09-17T16:15:00+0200,51.65,EUR/MWh,DE,DE_LU,day_ahead_price,value,2026-09-23T16:20:45Z
2026-09-23T16:17:28Z,2026-09-23T18:17:28+0200,a904e6f3-334f-49bc-a4eb-0da25ec44fa8,2026-09-17T14:30:00Z,2026-09-17T16:30:00+0200,101.03,EUR/MWh,DE,DE_LU,day_ahead_price,value,2026-09-23T16:20:45Z
2026-09-23T16:17:28Z,2026-09-23T18:17:28+0200,a904e6f3-334f-49bc-a4eb-0da25ec44fa8,2026-09-17T14:45:00Z,2026-09-17T16:45:00+0200,117.35,EUR/MWh,DE,DE_LU,day_ahead_price,value,2026-09-23T16:20:45Z
2026-09-23T16:17:28Z,2026-09-23T18:17:28+0200,a904e6f3-334f-49bc-a4eb-0da25ec44fa8,2026-09-17T15:00:00Z,2026-09-17T17:00:00+0200,97.67,EUR/MWh,DE,DE_LU,day_ahead_price,value,2026-09-23T16:20:45Z
2026-09-23T16:17:28Z,2026-09-23T18:17:28+0200,a904e6f3-334f-49bc-a4eb-0da25ec44fa8,2026-09-17T15:15:00Z,2026-09-17T17:15:00+0200,135.5,EUR/MWh,DE,DE_LU,day_ahead_price,value,2026-09-23T16:20:45Z
2026-09-23T16:17:28Z,2026-09-23T18:17:28+0200,a904e6f3-334f-49bc-a4eb-0da25ec44fa8,2026-09-17T15:30:00Z,2026-09-17T17:30:00+0200,163.74,EUR/MWh,DE,DE_LU,day_ahead_price,value,2026-09-23T16:20:45Z
2026-09-23T16:17:28Z,2026-09-23T18:17:28+0200,a904e6f3-334f-49bc-a4eb-0da25ec44fa8,2026-09-17T15:45:00Z,2026-09-17T17:45:00+0200,208.99,EUR/MWh,DE,DE_LU,day_ahead_price,value,2026-09-23T16:20:45Z
2026-09-23T16:17:28Z,2026-09-23T18:17:28+0200,a904e6f3-334f-49bc-a4eb-0da25ec44fa8,2026-09-17T16:00:00Z,2026-09-17T18:00:00+0200,181.97,EUR/MWh,DE,DE_LU,day_ahead_price,value,2026-09-23T16:20:45Z
2026-09-23T16:17:28Z,2026-09-23T18:17:28+0200,a904e6f3-334f-49bc-a4eb-0da25ec44fa8,2026-09-17T16:15:00Z,2026-09-17T18:15:00+0200,197.33,EUR/MWh,DE,DE_LU,day_ahead_price,value,2026-09-23T16:20:45Z
2026-09-23T16:17:28Z,2026-09-23T18:17:28+0200,a904e6f3-334f-49bc-a4eb-0da25ec44fa8,2026-09-17T16:30:00Z,2026-09-17T18:30:00+0200,205.66,EUR/MWh,DE,DE_LU,day_ahead_price,value,2026-09-23T16:20:45Z
2026-09-23T16:17:28Z,2026-09-23T18:17:28+0200,a904e6f3-334f-49bc-a4eb-0da25ec44fa8,2026-09-17T16:45:00Z,2026-09-17T18:45:00+0200,208.99,EUR/MWh,DE,DE_LU,day_ahead_price,value,2026-09-23T16:20:45Z
2026-09-23T16:17:28Z,2026-09-23T18:17:28+0200,a904e6f3-334f-49bc-a4eb-0da25ec44fa8,2026-09-17T17:00:00Z,2026-09-17T19:00:00+0200,210.17,EUR/MWh,DE,DE_LU,day_ahead_price,value,2026-09-23T16:20:45Z
2026-09-23T16:17:28Z,2026-09-23T18:17:28+0200,a904e6f3-334f-49bc-a4eb-0da25ec44fa8,2026-09-17T17:15:00Z,2026-09-17T19:15:00+0200,211.58,EUR/MWh,DE,DE_LU,day_ahead_price,value,2026-09-23T16:20:45Z
2026-09-23T16:17:28Z,2026-09-23T18:17:28+0200,a904e6f3-334f-49bc-a4eb-0da25ec44fa8,2026-09-17T17:30:00Z,2026-09-17T19:30:00+0200,213.42,EUR/MWh,DE,DE_LU,day_ahead_price,value,2026-09-23T16:20:45Z
2026-09-23T16:17:28Z,2026-09-23T18:17:28+0200,a904e6f3-334f-49bc-a4eb-0da25ec44fa8,2026-09-17T17:45:00Z,2026-09-17T19:45:00+0200,232.7,EUR/MWh,DE,DE_LU,day_ahead_price,value,2026-09-23T16:20:45Z
2026-09-23T16:17:28Z,2026-09-23T18:17:28+0200,a904e6f3-334f-49bc-a4eb-0da25ec44fa8,2026-09-17T18:00:00Z,2026-09-17T20:00:00+0200,216.09,EUR/MWh,DE,DE_LU,day_ahead_price,value,2026-09-23T16:20:45Z
2026-09-23T16:17:28Z,2026-09-23T18:17:28+0200,a904e6f3-334f-49bc-a4eb-0da25ec44fa8,2026-09-17T18:15:00Z,2026-09-17T20:15:00+0200,215.16,EUR/MWh,DE,DE_LU,day_ahead_price,value,2026-09-23T16:20:45Z
2026-09-23T16:17:28Z,2026-09-23T18:17:28+0200,a904e6f3-334f-49bc-a4eb-0da25ec44fa8,2026-09-17T18:30:00Z,2026-09-17T20:30:00+0200,216.64,EUR/MWh,DE,DE_LU,day_ahead_price,value,2026-09-23T16:20:45Z
2026-09-23T16:17:28Z,2026-09-23T18:17:28+0200,a904e6f3-334f-49bc-a4eb-0da25ec44fa8,2026-09-17T18:45:00Z,2026-09-17T20:45:00+0200,214.98,EUR/MWh,DE,DE_LU,day_ahead_price,value,2026-09-23T16:20:45Z
2026-09-23T16:17:28Z,2026-09-23T18:17:28+0200,a904e6f3-334f-49bc-a4eb-0da25ec44fa8,2026-09-17T19:00:00Z,2026-09-17T21:00:00+0200,219.05,EUR/MWh,DE,DE_LU,day_ahead_price,value,2026-09-23T16:20:45Z
2026-09-23T16:17:28Z,2026-09-23T18:17:28+0200,a904e6f3-334f-49bc-a4eb-0da25ec44fa8,2026-09-17T19:15:00Z,2026-09-17T21:15:00+0200,210.72,EUR/MWh,DE,DE_LU,day_ahead_price,value,2026-09-23T16:20:45Z
2026-09-23T16:17:28Z,2026-09-23T18:17:28+0200,a904e6f3-334f-49bc-a4eb-0da25ec44fa8,2026-09-17T19:30:00Z,2026-09-17T21:30:00+0200,204.19,EUR/MWh,DE,DE_LU,day_ahead_price,value,2026-09-23T16:20:45Z
2026-09-23T16:17:28Z,2026-09-23T18:17:28+0200,a904e6f3-334f-49bc-a4eb-0da25ec44fa8,2026-09-17T19:45:00Z,2026-09-17T21:45:00+0200,188.96,EUR/MWh,DE,DE_LU,day_ahead_price,value,2026-09-23T16:20:45Z
2026-09-23T16:17:28Z,2026-09-23T18:17:28+0200,a904e6f3-334f-49bc-a4eb-0da25ec44fa8,2026-09-17T20:00:00Z,2026-09-17T22:00:00+0200,199.0,EUR/MWh,DE,DE_LU,day_ahead_price,value,2026-09-23T16:20:45Z
2026-09-23T16:17:28Z,2026-09-23T18:17:28+0200,a904e6f3-334f-49bc-a4eb-0da25ec44fa8,2026-09-17T20:15:00Z,2026-09-17T22:15:00+0200,191.64,EUR/MWh,DE,DE_LU,day_ahead_price,value,2026-09-23T16:20:45Z
2026-09-23T16:17:28Z,2026-09-23T18:17:28+0200,a904e6f3-334f-49bc-a4eb-0da25ec44fa8,2026-09-17T20:30:00Z,2026-09-17T22:30:00+0200,194.99,EUR/MWh,DE,DE_LU,day_ahead_price,value,2026-09-23T16:20:45Z
2026-09-23T16:17:28Z,2026-09-23T18:17:28+0200,a904e6f3-334f-49bc-a4eb-0da25ec44fa8,2026-09-17T20:45:00Z,2026-09-17T22:45:00+0200,187.88,EUR/MWh,DE,DE_LU,day_ahead_price,value,2026-09-23T16:20:45Z
2026-09-23T16:17:28Z,2026-09-23T18:17:28+0200,a904e6f3-334f-49bc-a4eb-0da25ec44fa8,2026-09-17T21:00:00Z,2026-09-17T23:00:00+0200,186.23,EUR/MWh,DE,DE_LU,day_ahead_price,value,2026-09-23T16:20:45Z
2026-09-23T16:17:28Z,2026-09-23T18:17:28+0200,a904e6f3-334f-49bc-a4eb-0da25ec44fa8,2026-09-17T21:15:00Z,2026-09-17T23:15:00+0200,184.76,EUR/MWh,DE,DE_LU,day_ahead_price,value,2026-09-23T16:20:45Z
2026-09-23T16:17:28Z,2026-09-23T18:17:28+0200,a904e6f3-334f-49bc-a4eb-0da25ec44fa8,2026-09-17T21:30:00Z,2026-09-17T23:30:00+0200,179.29,EUR/MWh,DE,DE_LU,day_ahead_price,value,2026-09-23T16:20:45Z
2026-09-23T16:17:28Z,2026-09-23T18:17:28+0200,a904e6f3-334f-49bc-a4eb-0da25ec44fa8,2026-09-17T21:45:00Z,2026-09-17T23:45:00+0200,167.18,EUR/MWh,DE,DE_LU,day_ahead_price,value,2026-09-23T16:20:45Z
2026-09-23T16:17:28Z,2026-09-23T18:17:28+0200,a904e6f3-334f-49bc-a4eb-0da25ec44fa8,2026-09-17T22:00:00Z,2026-09-18T00:00:00+0200,148.62,EUR/MWh,DE,DE_LU,day_ahead_price,value,2026-09-23T16:20:45Z
2026-09-23T16:17:28Z,2026-09-23T18:17:28+0200,a904e6f3-334f-49bc-a4eb-0da25ec44fa8,2026-09-17T22:15:00Z,2026-09-18T00:15:00+0200,142.08,EUR/MWh,DE,DE_LU,day_ahead_price,value,2026-09-23T16:20:45Z
2026-09-23T16:17:28Z,2026-09-23T18:17:28+0200,a904e6f3-334f-49bc-a4eb-0da25ec44fa8,2026-09-17T22:30:00Z,2026-09-18T00:30:00+0200,134.81,EUR/MWh,DE,DE_LU,day_ahead_price,value,2026-09-23T16:20:45Z
2026-09-23T16:17:28Z,2026-09-23T18:17:28+0200,a904e6f3-334f-49bc-a4eb-0da25ec44fa8,2026-09-17T22:45:00Z,2026-09-18T00:45:00+0200,131.43,EUR/MWh,DE,DE_LU,day_ahead_price,value,2026-09-23T16:20:45Z
2026-09-23T16:17:28Z,2026-09-23T18:17:28+0200,a904e6f3-334f-49bc-a4eb-0da25ec44fa8,2026-09-17T23:00:00Z,2026-09-18T01:00:00+0200,135.96,EUR/MWh,DE,DE_LU,day_ahead_price,value,2026-09-23T16:20:45Z
2026-09-23T16:17:28Z,2026-09-23T18:17:28+0200,a904e6f3-334f-49bc-a4eb-0da25ec44fa8,2026-09-17T23:15:00Z,2026-09-18T01:15:00+0200,130.24,EUR/MWh,DE,DE_LU,day_ahead_price,value,2026-09-23T16:20:45Z
2026-09-23T16:17:28Z,2026-09-23T18:17:28+0200,a904e6f3-334f-49bc-a4eb-0da25ec44fa8,2026-09-17T23:30:00Z,2026-09-18T01:30:00+0200,127.5,EUR/MWh,DE,DE_LU,day_ahead_price,value,2026-09-23T16:20:45Z
2026-09-23T16:17:28Z,2026-09-23T18:17:28+0200,a904e6f3-334f-49bc-a4eb-0da25ec44fa8,2026-09-17T23:45:00Z,2026-09-18T01:45:00+0200,128.07,EUR/MWh,DE,DE_LU,day_ahead_price,value,2026-09-23T16:20:45Z
2026-09-23T16:17:28Z,2026-09-23T18:17:28+0200,a904e6f3-334f-49bc-a4eb-0da25ec44fa8,2026-09-18T00:00:00Z,2026-09-18T02:00:00+0200,126.68,EUR/MWh,DE,DE_LU,day_ahead_price,value,2026-09-23T16:20:45Z
2026-09-23T16:17:28Z,2026-09-23T18:17:28+0200,a904e6f3-334f-49bc-a4eb-0da25ec44fa8,2026-09-18T00:15:00Z,2026-09-18T02:15:00+0200,125.54,EUR/MWh,DE,DE_LU,day_ahead_price,value,2026-09-23T16:20:45Z
2026-09-23T16:17:28Z,2026-09-23T18:17:28+0200,a904e6f3-334f-49bc-a4eb-0da25ec44fa8,2026-09-18T00:30:00Z,2026-09-18T02:30:00+0200,132.78,EUR/MWh,DE,DE_LU,day_ahead_price,value,2026-09-23T16:20:45Z
2026-09-23T16:17:28Z,2026-09-23T18:17:28+0200,a904e6f3-334f-49bc-a4eb-0da25ec44fa8,2026-09-18T00:45:00Z,2026-09-18T02:45:00+0200,133.02,EUR/MWh,DE,DE_LU,day_ahead_price,value,2026-09-23T16:20:45Z
2026-09-23T16:17:28Z,2026-09-23T18:17:28+0200,a904e6f3-334f-49bc-a4eb-0da25ec44fa8,2026-09-18T01:00:00Z,2026-09-18T03:00:00+0200,128.71,EUR/MWh,DE,DE_LU,day_ahead_price,value,2026-09-23T16:20:45Z
2026-09-23T16:17:28Z,2026-09-23T18:17:28+0200,a904e6f3-334f-49bc-a4eb-0da25ec44fa8,2026-09-18T01:15:00Z,2026-09-18T03:15:00+0200,129.52,EUR/MWh,DE,DE_LU,day_ahead_price,value,2026-09-23T16:20:45Z
2026-09-23T16:17:28Z,2026-09-23T18:17:28+0200,a904e6f3-334f-49bc-a4eb-0da25ec44fa8,2026-09-18T01:30:00Z,2026-09-18T03:30:00+0200,129.9,EUR/MWh,DE,DE_LU,day_ahead_price,value,2026-09-23T16:20:45Z
2026-09-23T16:17:28Z,2026-09-23T18:17:28+0200,a904e6f3-334f-49bc-a4eb-0da25ec44fa8,2026-09-18T01:45:00Z,2026-09-18T03:45:00+0200,132.57,EUR/MWh,DE,DE_LU,day_ahead_price,value,2026-09-23T16:20:45Z
2026-09-23T16:17:28Z,2026-09-23T18:17:28+0200,a904e6f3-334f-49bc-a4eb-0da25ec44fa8,2026-09-18T02:00:00Z,2026-09-18T04:00:00+0200,128.05,EUR/MWh,DE,DE_LU,day_ahead_price,value,2026-09-23T16:20:45Z
2026-09-23T16:17:28Z,2026-09-23T18:17:28+0200,a904e6f3-334f-49bc-a4eb-0da25ec44fa8,2026-09-18T02:15:00Z,2026-09-18T04:15:00+0200,131.76,EUR/MWh,DE,DE_LU,day_ahead_price,value,2026-09-23T16:20:45Z
2026-09-23T16:17:28Z,2026-09-23T18:17:28+0200,a904e6f3-334f-49bc-a4eb-0da25ec44fa8,2026-09-18T02:30:00Z,2026-09-18T04:30:00+0200,130.27,EUR/MWh,DE,DE_LU,day_ahead_price,value,2026-09-23T16:20:45Z
2026-09-23T16:17:28Z,2026-09-23T18:17:28+0200,a904e6f3-334f-49bc-a4eb-0da25ec44fa8,2026-09-18T02:45:00Z,2026-09-18T04:45:00+0200,134.34,EUR/MWh,DE,DE_LU,day_ahead_price,value,2026-09-23T16:20:45Z
2026-09-23T16:17:28Z,2026-09-23T18:17:28+0200,a904e6f3-334f-49bc-a4eb-0da25ec44fa8,2026-09-18T03:00:00Z,2026-09-18T05:00:00+0200,138.82,EUR/MWh,DE,DE_LU,day_ahead_price,value,2026-09-23T16:20:45Z
2026-09-23T16:17:28Z,2026-09-23T18:17:28+0200,a904e6f3-334f-49bc-a4eb-0da25ec44fa8,2026-09-18T03:15:00Z,2026-09-18T05:15:00+0200,138.32,EUR/MWh,DE,DE_LU,day_ahead_price,value,2026-09-23T16:20:45Z
2026-09-23T16:17:28Z,2026-09-23T18:17:28+0200,a904e6f3-334f-49bc-a4eb-0da25ec44fa8,2026-09-18T03:30:00Z,2026-09-18T05:30:00+0200,148.74,EUR/MWh,DE,DE_LU,day_ahead_price,value,2026-09-23T16:20:45Z
2026-09-23T16:17:28Z,2026-09-23T18:17:28+0200,a904e6f3-334f-49bc-a4eb-0da25ec44fa8,2026-09-18T03:45:00Z,2026-09-18T05:45:00+0200,160.69,EUR/MWh,DE,DE_LU,day_ahead_price,value,2026-09-23T16:20:45Z
2026-09-23T16:17:28Z,2026-09-23T18:17:28+0200,a904e6f3-334f-49bc-a4eb-0da25ec44fa8,2026-09-18T04:00:00Z,2026-09-18T06:00:00+0200,173.0,EUR/MWh,DE,DE_LU,day_ahead_price,value,2026-09-23T16:20:45Z
2026-09-23T16:17:28Z,2026-09-23T18:17:28+0200,a904e6f3-334f-49bc-a4eb-0da25ec44fa8,2026-09-18T04:15:00Z,2026-09-18T06:15:00+0200,181.67,EUR/MWh,DE,DE_LU,day_ahead_price,value,2026-09-23T16:20:45Z
2026-09-23T16:17:28Z,2026-09-23T18:17:28+0200,a904e6f3-334f-49bc-a4eb-0da25ec44fa8,2026-09-18T04:30:00Z,2026-09-18T06:30:00+0200,187.86,EUR/MWh,DE,DE_LU,day_ahead_price,value,2026-09-23T16:20:45Z
2026-09-23T16:17:28Z,2026-09-23T18:17:28+0200,a904e6f3-334f-49bc-a4eb-0da25ec44fa8,2026-09-18T04:45:00Z,2026-09-18T06:45:00+0200,201.49,EUR/MWh,DE,DE_LU,day_ahead_price,value,2026-09-23T16:20:45Z
2026-09-23T16:17:28Z,2026-09-23T18:17:28+0200,a904e6f3-334f-49bc-a4eb-0da25ec44fa8,2026-09-18T05:00:00Z,2026-09-18T07:00:00+0200,207.0,EUR/MWh,DE,DE_LU,day_ahead_price,value,2026-09-23T16:20:45Z
2026-09-23T16:17:28Z,2026-09-23T18:17:28+0200,a904e6f3-334f-49bc-a4eb-0da25ec44fa8,2026-09-18T05:15:00Z,2026-09-18T07:15:00+0200,217.56,EUR/MWh,DE,DE_LU,day_ahead_price,value,2026-09-23T16:20:45Z
2026-09-23T16:17:28Z,2026-09-23T18:17:28+0200,a904e6f3-334f-49bc-a4eb-0da25ec44fa8,2026-09-18T05:30:00Z,2026-09-18T07:30:00+0200,213.62,EUR/MWh,DE,DE_LU,day_ahead_price,value,2026-09-23T16:20:45Z
2026-09-23T16:17:28Z,2026-09-23T18:17:28+0200,a904e6f3-334f-49bc-a4eb-0da25ec44fa8,2026-09-18T05:45:00Z,2026-09-18T07:45:00+0200,207.24,EUR/MWh,DE,DE_LU,day_ahead_price,value,2026-09-23T16:20:45Z
2026-09-23T16:17:28Z,2026-09-23T18:17:28+0200,a904e6f3-334f-49bc-a4eb-0da25ec44fa8,2026-09-18T06:00:00Z,2026-09-18T08:00:00+0200,221.78,EUR/MWh,DE,DE_LU,day_ahead_price,value,2026-09-23T16:20:45Z
2026-09-23T16:17:28Z,2026-09-23T18:17:28+0200,a904e6f3-334f-49bc-a4eb-0da25ec44fa8,2026-09-18T06:15:00Z,2026-09-18T08:15:00+0200,207.62,EUR/MWh,DE,DE_LU,day_ahead_price,value,2026-09-23T16:20:45Z
2026-09-23T16:17:28Z,2026-09-23T18:17:28+0200,a904e6f3-334f-49bc-a4eb-0da25ec44fa8,2026-09-18T06:30:00Z,2026-09-18T08:30:00+0200,203.33,EUR/MWh,DE,DE_LU,day_ahead_price,value,2026-09-23T16:20:45Z
2026-09-23T16:17:28Z,2026-09-23T18:17:28+0200,a904e6f3-334f-49bc-a4eb-0da25ec44fa8,2026-09-18T06:45:00Z,2026-09-18T08:45:00+0200,187.27,EUR/MWh,DE,DE_LU,day_ahead_price,value,2026-09-23T16:20:45Z
2026-09-23T16:17:28Z,2026-09-23T18:17:28+0200,a904e6f3-334f-49bc-a4eb-0da25ec44fa8,2026-09-18T07:00:00Z,2026-09-18T09:00:00+0200,204.35,EUR/MWh,DE,DE_LU,day_ahead_price,value,2026-09-23T16:20:45Z
2026-09-23T16:17:28Z,2026-09-23T18:17:28+0200,a904e6f3-334f-49bc-a4eb-0da25ec44fa8,2026-09-18T07:15:00Z,2026-09-18T09:15:00+0200,181.26,EUR/MWh,DE,DE_LU,day_ahead_price,value,2026-09-23T16:20:45Z
2026-09-23T16:17:28Z,2026-09-23T18:17:28+0200,a904e6f3-334f-49bc-a4eb-0da25ec44fa8,2026-09-18T07:30:00Z,2026-09-18T09:30:00+0200,150.0,EUR/MWh,DE,DE_LU,day_ahead_price,value,2026-09-23T16:20:45Z
2026-09-23T16:17:28Z,2026-09-23T18:17:28+0200,a904e6f3-334f-49bc-a4eb-0da25ec44fa8,2026-09-18T07:45:00Z,2026-09-18T09:45:00+0200,114.83,EUR/MWh,DE,DE_LU,day_ahead_price,value,2026-09-23T16:20:45Z
2026-09-23T16:17:28Z,2026-09-23T18:17:28+0200,a904e6f3-334f-49bc-a4eb-0da25ec44fa8,2026-09-18T08:00:00Z,2026-09-18T10:00:00+0200,135.33,EUR/MWh,DE,DE_LU,day_ahead_price,value,2026-09-23T16:20:45Z
2026-09-23T16:17:28Z,2026-09-23T18:17:28+0200,a904e6f3-334f-49bc-a4eb-0da25ec44fa8,2026-09-18T08:15:00Z,2026-09-18T10:15:00+0200,110.0,EUR/MWh,DE,DE_LU,day_ahead_price,value,2026-09-23T16:20:45Z
2026-09-23T16:17:28Z,2026-09-23T18:17:28+0200,a904e6f3-334f-49bc-a4eb-0da25ec44fa8,2026-09-18T08:30:00Z,2026-09-18T10:30:00+0200,83.5,EUR/MWh,DE,DE_LU,day_ahead_price,value,2026-09-23T16:20:45Z
2026-09-23T16:17:28Z,2026-09-23T18:17:28+0200,a904e6f3-334f-49bc-a4eb-0da25ec44fa8,2026-09-18T08:45:00Z,2026-09-18T10:45:00+0200,55.06,EUR/MWh,DE,DE_LU,day_ahead_price,value,2026-09-23T16:20:45Z
2026-09-23T16:17:28Z,2026-09-23T18:17:28+0200,a904e6f3-334f-49bc-a4eb-0da25ec44fa8,2026-09-18T09:00:00Z,2026-09-18T11:00:00+0200,70.83,EUR/MWh,DE,DE_LU,day_ahead_price,value,2026-09-23T16:20:45Z
2026-09-23T16:17:28Z,2026-09-23T18:17:28+0200,a904e6f3-334f-49bc-a4eb-0da25ec44fa8,2026-09-18T09:15:00Z,2026-09-18T11:15:00+0200,48.15,EUR/MWh,DE,DE_LU,day_ahead_price,value,2026-09-23T16:20:45Z
2026-09-23T16:17:28Z,2026-09-23T18:17:28+0200,a904e6f3-334f-49bc-a4eb-0da25ec44fa8,2026-09-18T09:30:00Z,2026-09-18T11:30:00+0200,36.32,EUR/MWh,DE,DE_LU,day_ahead_price,value,2026-09-23T16:20:45Z
2026-09-23T16:17:28Z,2026-09-23T18:17:28+0200,a904e6f3-334f-49bc-a4eb-0da25ec44fa8,2026-09-18T09:45:00Z,2026-09-18T11:45:00+0200,14.31,EUR/MWh,DE,DE_LU,day_ahead_price,value,2026-09-23T16:20:45Z
2026-09-23T16:17:28Z,2026-09-23T18:17:28+0200,a904e6f3-334f-49bc-a4eb-0da25ec44fa8,2026-09-18T10:00:00Z,2026-09-18T12:00:00+0200,14.62,EUR/MWh,DE,DE_LU,day_ahead_price,value,2026-09-23T16:20:45Z
2026-09-23T16:17:28Z,2026-09-23T18:17:28+0200,a904e6f3-334f-49bc-a4eb-0da25ec44fa8,2026-09-18T10:15:00Z,2026-09-18T12:15:00+0200,5.82,EUR/MWh,DE,DE_LU,day_ahead_price,value,2026-09-23T16:20:45Z
2026-09-23T16:17:28Z,2026-09-23T18:17:28+0200,a904e6f3-334f-49bc-a4eb-0da25ec44fa8,2026-09-18T10:30:00Z,2026-09-18T12:30:00+0200,3.52,EUR/MWh,DE,DE_LU,day_ahead_price,value,2026-09-23T16:20:45Z
2026-09-23T16:17:28Z,2026-09-23T18:17:28+0200,a904e6f3-334f-49bc-a4eb-0da25ec44fa8,2026-09-18T10:45:00Z,2026-09-18T12:45:00+0200,1.08,EUR/MWh,DE,DE_LU,day_ahead_price,value,2026-09-23T16:20:45Z
2026-09-23T16:17:28Z,2026-09-23T18:17:28+0200,a904e6f3-334f-49bc-a4eb-0da25ec44fa8,2026-09-18T11:00:00Z,2026-09-18T13:00:00+0200,0.5,EUR/MWh,DE,DE_LU,day_ahead_price,value,2026-09-23T16:20:45Z
2026-09-23T16:17:28Z,2026-09-23T18:17:28+0200,a904e6f3-334f-49bc-a4eb-0da25ec44fa8,2026-09-18T11:15:00Z,2026-09-18T13:15:00+0200,0.04,EUR/MWh,DE,DE_LU,day_ahead_price,value,2026-09-23T16:20:45Z
2026-09-23T16:17:28Z,2026-09-23T18:17:28+0200,a904e6f3-334f-49bc-a4eb-0da25ec44fa8,2026-09-18T11:30:00Z,2026-09-18T13:30:00+0200,0.01,EUR/MWh,DE,DE_LU,day_ahead_price,value,2026-09-23T16:20:45Z
2026-09-23T16:17:28Z,2026-09-23T18:17:28+0200,a904e6f3-334f-49bc-a4eb-0da25ec44fa8,2026-09-18T11:45:00Z,2026-09-18T13:45:00+0200,0.0,EUR/MWh,DE,DE_LU,day_ahead_price,value,2026-09-23T16:20:45Z
2026-09-23T16:17:28Z,2026-09-23T18:17:28+0200,a904e6f3-334f-49bc-a4eb-0da25ec44fa8,2026-09-18T12:00:00Z,2026-09-18T14:00:00+0200,0.0,EUR/MWh,DE,DE_LU,day_ahead_price,value,2026-09-23T16:20:45Z
2026-09-23T16:17:28Z,2026-09-23T18:17:28+0200,a904e6f3-334f-49bc-a4eb-0da25ec44fa8,2026-09-18T12:15:00Z,2026-09-18T14:15:00+0200,0.0,EUR/MWh,DE,DE_LU,day_ahead_price,value,2026-09-23T16:20:45Z
2026-09-23T16:17:28Z,2026-09-23T18:17:28+0200,a904e6f3-334f-49bc-a4eb-0da25ec44fa8,2026-09-18T12:30:00Z,2026-09-18T14:30:00+0200,0.0,EUR/MWh,DE,DE_LU,day_ahead_price,value,2026-09-23T16:20:45Z
2026-09-23T16:17:28Z,2026-09-23T18:17:28+0200,a904e6f3-334f-49bc-a4eb-0da25ec44fa8,2026-09-18T12:45:00Z,2026-09-18T14:45:00+0200,0.01,EUR/MWh,DE,DE_LU,day_ahead_price,value,2026-09-23T16:20:45Z
2026-09-23T16:17:28Z,2026-09-23T18:17:28+0200,a904e6f3-334f-49bc-a4eb-0da25ec44fa8,2026-09-18T13:00:00Z,2026-09-18T15:00:00+0200,0.07,EUR/MWh,DE,DE_LU,day_ahead_price,value,2026-09-23T16:20:45Z
2026-09-23T16:17:28Z,2026-09-23T18:17:28+0200,a904e6f3-334f-49bc-a4eb-0da25ec44fa8,2026-09-18T13:15:00Z,2026-09-18T15:15:00+0200,1.94,EUR/MWh,DE,DE_LU,day_ahead_price,value,2026-09-23T16:20:45Z
2026-09-23T16:17:28Z,2026-09-23T18:17:28+0200,a904e6f3-334f-49bc-a4eb-0da25ec44fa8,2026-09-18T13:30:00Z,2026-09-18T15:30:00+0200,4.15,EUR/MWh,DE,DE_LU,day_ahead_price,value,2026-09-23T16:20:45Z
2026-09-23T16:17:28Z,2026-09-23T18:17:28+0200,a904e6f3-334f-49bc-a4eb-0da25ec44fa8,2026-09-18T13:45:00Z,2026-09-18T15:45:00+0200,5.97,EUR/MWh,DE,DE_LU,day_ahead_price,value,2026-09-23T16:20:45Z
2026-09-23T16:17:28Z,2026-09-23T18:17:28+0200,a904e6f3-334f-49bc-a4eb-0da25ec44fa8,2026-09-18T14:00:00Z,2026-09-18T16:00:00+0200,3.88,EUR/MWh,DE,DE_LU,day_ahead_price,value,2026-09-23T16:20:45Z
2026-09-23T16:17:28Z,2026-09-23T18:17:28+0200,a904e6f3-334f-49bc-a4eb-0da25ec44fa8,2026-09-18T14:15:00Z,2026-09-18T16:15:00+0200,9.28,EUR/MWh,DE,DE_LU,day_ahead_price,value,2026-09-23T16:20:45Z
2026-09-23T16:17:28Z,2026-09-23T18:17:28+0200,a904e6f3-334f-49bc-a4eb-0da25ec44fa8,2026-09-18T14:30:00Z,2026-09-18T16:30:00+0200,48.23,EUR/MWh,DE,DE_LU,day_ahead_price,value,2026-09-23T16:20:45Z
2026-09-23T16:17:28Z,2026-09-23T18:17:28+0200,a904e6f3-334f-49bc-a4eb-0da25ec44fa8,2026-09-18T14:45:00Z,2026-09-18T16:45:00+0200,61.63,EUR/MWh,DE,DE_LU,day_ahead_price,value,2026-09-23T16:20:45Z
2026-09-23T16:17:28Z,2026-09-23T18:17:28+0200,a904e6f3-334f-49bc-a4eb-0da25ec44fa8,2026-09-18T15:00:00Z,2026-09-18T17:00:00+0200,30.0,EUR/MWh,DE,DE_LU,day_ahead_price,value,2026-09-23T16:20:45Z
2026-09-23T16:17:28Z,2026-09-23T18:17:28+0200,a904e6f3-334f-49bc-a4eb-0da25ec44fa8,2026-09-18T15:15:00Z,2026-09-18T17:15:00+0200,67.3,EUR/MWh,DE,DE_LU,day_ahead_price,value,2026-09-23T16:20:45Z
2026-09-23T16:17:28Z,2026-09-23T18:17:28+0200,a904e6f3-334f-49bc-a4eb-0da25ec44fa8,2026-09-18T15:30:00Z,2026-09-18T17:30:00+0200,129.39,EUR/MWh,DE,DE_LU,day_ahead_price,value,2026-09-23T16:20:45Z
2026-09-23T16:17:28Z,2026-09-23T18:17:28+0200,a904e6f3-334f-49bc-a4eb-0da25ec44fa8,2026-09-18T15:45:00Z,2026-09-18T17:45:00+0200,164.97,EUR/MWh,DE,DE_LU,day_ahead_price,value,2026-09-23T16:20:45Z
2026-09-23T16:17:28Z,2026-09-23T18:17:28+0200,a904e6f3-334f-49bc-a4eb-0da25ec44fa8,2026-09-18T16:00:00Z,2026-09-18T18:00:00+0200,149.46,EUR/MWh,DE,DE_LU,day_ahead_price,value,2026-09-23T16:20:45Z
2026-09-23T16:17:28Z,2026-09-23T18:17:28+0200,a904e6f3-334f-49bc-a4eb-0da25ec44fa8,2026-09-18T16:15:00Z,2026-09-18T18:15:00+0200,172.5,EUR/MWh,DE,DE_LU,day_ahead_price,value,2026-09-23T16:20:45Z
2026-09-23T16:17:28Z,2026-09-23T18:17:28+0200,a904e6f3-334f-49bc-a4eb-0da25ec44fa8,2026-09-18T16:30:00Z,2026-09-18T18:30:00+0200,191.15,EUR/MWh,DE,DE_LU,day_ahead_price,value,2026-09-23T16:20:45Z
2026-09-23T16:17:28Z,2026-09-23T18:17:28+0200,a904e6f3-334f-49bc-a4eb-0da25ec44fa8,2026-09-18T16:45:00Z,2026-09-18T18:45:00+0200,207.29,EUR/MWh,DE,DE_LU,day_ahead_price,value,2026-09-23T16:20:45Z
2026-09-23T16:17:28Z,2026-09-23T18:17:28+0200,a904e6f3-334f-49bc-a4eb-0da25ec44fa8,2026-09-18T17:00:00Z,2026-09-18T19:00:00+0200,189.3,EUR/MWh,DE,DE_LU,day_ahead_price,value,2026-09-23T16:20:45Z
2026-09-23T16:17:28Z,2026-09-23T18:17:28+0200,a904e6f3-334f-49bc-a4eb-0da25ec44fa8,2026-09-18T17:15:00Z,2026-09-18T19:15:00+0200,186.45,EUR/MWh,DE,DE_LU,day_ahead_price,value,2026-09-23T16:20:45Z
2026-09-23T16:17:28Z,2026-09-23T18:17:28+0200,a904e6f3-334f-49bc-a4eb-0da25ec44fa8,2026-09-18T17:30:00Z,2026-09-18T19:30:00+0200,189.82,EUR/MWh,DE,DE_LU,day_ahead_price,value,2026-09-23T16:20:45Z
2026-09-23T16:17:28Z,2026-09-23T18:17:28+0200,a904e6f3-334f-49bc-a4eb-0da25ec44fa8,2026-09-18T17:45:00Z,2026-09-18T19:45:00+0200,205.31,EUR/MWh,DE,DE_LU,day_ahead_price,value,2026-09-23T16:20:45Z
2026-09-23T16:17:28Z,2026-09-23T18:17:28+0200,a904e6f3-334f-49bc-a4eb-0da25ec44fa8,2026-09-18T18:00:00Z,2026-09-18T20:00:00+0200,200.57,EUR/MWh,DE,DE_LU,day_ahead_price,value,2026-09-23T16:20:45Z
2026-09-23T16:17:28Z,2026-09-23T18:17:28+0200,a904e6f3-334f-49bc-a4eb-0da25ec44fa8,2026-09-18T18:15:00Z,2026-09-18T20:15:00+0200,198.19,EUR/MWh,DE,DE_LU,day_ahead_price,value,2026-09-23T16:20:45Z
2026-09-23T16:17:28Z,2026-09-23T18:17:28+0200,a904e6f3-334f-49bc-a4eb-0da25ec44fa8,2026-09-18T18:30:00Z,2026-09-18T20:30:00+0200,191.41,EUR/MWh,DE,DE_LU,day_ahead_price,value,2026-09-23T16:20:45Z
2026-09-23T16:17:28Z,2026-09-23T18:17:28+0200,a904e6f3-334f-49bc-a4eb-0da25ec44fa8,2026-09-18T18:45:00Z,2026-09-18T20:45:00+0200,189.78,EUR/MWh,DE,DE_LU,day_ahead_price,value,2026-09-23T16:20:45Z
2026-09-23T16:17:28Z,2026-09-23T18:17:28+0200,a904e6f3-334f-49bc-a4eb-0da25ec44fa8,2026-09-18T19:00:00Z,2026-09-18T21:00:00+0200,189.0,EUR/MWh,DE,DE_LU,day_ahead_price,value,2026-09-23T16:20:45Z
2026-09-23T16:17:28Z,2026-09-23T18:17:28+0200,a904e6f3-334f-49bc-a4eb-0da25ec44fa8,2026-09-18T19:15:00Z,2026-09-18T21:15:00+0200,184.75,EUR/MWh,DE,DE_LU,day_ahead_price,value,2026-09-23T16:20:45Z
2026-09-23T16:17:28Z,2026-09-23T18:17:28+0200,a904e6f3-334f-49bc-a4eb-0da25ec44fa8,2026-09-18T19:30:00Z,2026-09-18T21:30:00+0200,174.98,EUR/MWh,DE,DE_LU,day_ahead_price,value,2026-09-23T16:20:45Z
2026-09-23T16:17:28Z,2026-09-23T18:17:28+0200,a904e6f3-334f-49bc-a4eb-0da25ec44fa8,2026-09-18T19:45:00Z,2026-09-18T21:45:00+0200,164.99,EUR/MWh,DE,DE_LU,day_ahead_price,value,2026-09-23T16:20:45Z
2026-09-23T16:17:28Z,2026-09-23T18:17:28+0200,a904e6f3-334f-49bc-a4eb-0da25ec44fa8,2026-09-18T20:00:00Z,2026-09-18T22:00:00+0200,172.86,EUR/MWh,DE,DE_LU,day_ahead_price,value,2026-09-23T16:20:45Z
2026-09-23T16:17:28Z,2026-09-23T18:17:28+0200,a904e6f3-334f-49bc-a4eb-0da25ec44fa8,2026-09-18T20:15:00Z,2026-09-18T22:15:00+0200,169.16,EUR/MWh,DE,DE_LU,day_ahead_price,value,2026-09-23T16:20:45Z
2026-09-23T16:17:28Z,2026-09-23T18:17:28+0200,a904e6f3-334f-49bc-a4eb-0da25ec44fa8,2026-09-18T20:30:00Z,2026-09-18T22:30:00+0200,164.99,EUR/MWh,DE,DE_LU,day_ahead_price,value,2026-09-23T16:20:45Z
2026-09-23T16:17:28Z,2026-09-23T18:17:28+0200,a904e6f3-334f-49bc-a4eb-0da25ec44fa8,2026-09-18T20:45:00Z,2026-09-18T22:45:00+0200,145.72,EUR/MWh,DE,DE_LU,day_ahead_price,value,2026-09-23T16:20:45Z
2026-09-23T16:17:28Z,2026-09-23T18:17:28+0200,a904e6f3-334f-49bc-a4eb-0da25ec44fa8,2026-09-18T21:00:00Z,2026-09-18T23:00:00+0200,157.35,EUR/MWh,DE,DE_LU,day_ahead_price,value,2026-09-23T16:20:45Z
2026-09-23T16:17:28Z,2026-09-23T18:17:28+0200,a904e6f3-334f-49bc-a4eb-0da25ec44fa8,2026-09-18T21:15:00Z,2026-09-18T23:15:00+0200,139.85,EUR/MWh,DE,DE_LU,day_ahead_price,value,2026-09-23T16:20:45Z
2026-09-23T16:17:28Z,2026-09-23T18:17:28+0200,a904e6f3-334f-49bc-a4eb-0da25ec44fa8,2026-09-18T21:30:00Z,2026-09-18T23:30:00+0200,130.39,EUR/MWh,DE,DE_LU,day_ahead_price,value,2026-09-23T16:20:45Z
2026-09-23T16:17:28Z,2026-09-23T18:17:28+0200,a904e6f3-334f-49bc-a4eb-0da25ec44fa8,2026-09-18T21:45:00Z,2026-09-18T23:45:00+0200,111.0,EUR/MWh,DE,DE_LU,day_ahead_price,value,2026-09-23T16:20:45Z
2026-09-23T16:17:28Z,2026-09-23T18:17:28+0200,a904e6f3-334f-49bc-a4eb-0da25ec44fa8,2026-09-18T22:00:00Z,2026-09-19T00:00:00+0200,132.52,EUR/MWh,DE,DE_LU,day_ahead_price,value,2026-09-23T16:20:45Z
2026-09-23T16:17:28Z,2026-09-23T18:17:28+0200,a904e6f3-334f-49bc-a4eb-0da25ec44fa8,2026-09-18T22:15:00Z,2026-09-19T00:15:00+0200,117.76,EUR/MWh,DE,DE_LU,day_ahead_price,value,2026-09-23T16:20:45Z
2026-09-23T16:17:28Z,2026-09-23T18:17:28+0200,a904e6f3-334f-49bc-a4eb-0da25ec44fa8,2026-09-18T22:30:00Z,2026-09-19T00:30:00+0200,97.43,EUR/MWh,DE,DE_LU,day_ahead_price,value,2026-09-23T16:20:45Z
2026-09-23T16:17:28Z,2026-09-23T18:17:28+0200,a904e6f3-334f-49bc-a4eb-0da25ec44fa8,2026-09-18T22:45:00Z,2026-09-19T00:45:00+0200,65.83,EUR/MWh,DE,DE_LU,day_ahead_price,value,2026-09-23T16:20:45Z
2026-09-23T16:17:28Z,2026-09-23T18:17:28+0200,a904e6f3-334f-49bc-a4eb-0da25ec44fa8,2026-09-18T23:00:00Z,2026-09-19T01:00:00+0200,96.05,EUR/MWh,DE,DE_LU,day_ahead_price,value,2026-09-23T16:20:45Z
2026-09-23T16:17:28Z,2026-09-23T18:17:28+0200,a904e6f3-334f-49bc-a4eb-0da25ec44fa8,2026-09-18T23:15:00Z,2026-09-19T01:15:00+0200,82.44,EUR/MWh,DE,DE_LU,day_ahead_price,value,2026-09-23T16:20:45Z
2026-09-23T16:17:28Z,2026-09-23T18:17:28+0200,a904e6f3-334f-49bc-a4eb-0da25ec44fa8,2026-09-18T23:30:00Z,2026-09-19T01:30:00+0200,79.18,EUR/MWh,DE,DE_LU,day_ahead_price,value,2026-09-23T16:20:45Z
2026-09-23T16:17:28Z,2026-09-23T18:17:28+0200,a904e6f3-334f-49bc-a4eb-0da25ec44fa8,2026-09-18T23:45:00Z,2026-09-19T01:45:00+0200,60.43,EUR/MWh,DE,DE_LU,day_ahead_price,value,2026-09-23T16:20:45Z
2026-09-23T16:17:28Z,2026-09-23T18:17:28+0200,a904e6f3-334f-49bc-a4eb-0da25ec44fa8,2026-09-19T00:00:00Z,2026-09-19T02:00:00+0200,73.77,EUR/MWh,DE,DE_LU,day_ahead_price,value,2026-09-23T16:20:45Z
2026-09-23T16:17:28Z,2026-09-23T18:17:28+0200,a904e6f3-334f-49bc-a4eb-0da25ec44fa8,2026-09-19T00:15:00Z,2026-09-19T02:15:00+0200,62.38,EUR/MWh,DE,DE_LU,day_ahead_price,value,2026-09-23T16:20:45Z
2026-09-23T16:17:28Z,2026-09-23T18:17:28+0200,a904e6f3-334f-49bc-a4eb-0da25ec44fa8,2026-09-19T00:30:00Z,2026-09-19T02:30:00+0200,52.75,EUR/MWh,DE,DE_LU,day_ahead_price,value,2026-09-23T16:20:45Z
2026-09-23T16:17:28Z,2026-09-23T18:17:28+0200,a904e6f3-334f-49bc-a4eb-0da25ec44fa8,2026-09-19T00:45:00Z,2026-09-19T02:45:00+0200,48.02,EUR/MWh,DE,DE_LU,day_ahead_price,value,2026-09-23T16:20:45Z
2026-09-23T16:17:28Z,2026-09-23T18:17:28+0200,a904e6f3-334f-49bc-a4eb-0da25ec44fa8,2026-09-19T01:00:00Z,2026-09-19T03:00:00+0200,45.15,EUR/MWh,DE,DE_LU,day_ahead_price,value,2026-09-23T16:20:45Z
2026-09-23T16:17:28Z,2026-09-23T18:17:28+0200,a904e6f3-334f-49bc-a4eb-0da25ec44fa8,2026-09-19T01:15:00Z,2026-09-19T03:15:00+0200,32.75,EUR/MWh,DE,DE_LU,day_ahead_price,value,2026-09-23T16:20:45Z
2026-09-23T16:17:28Z,2026-09-23T18:17:28+0200,a904e6f3-334f-49bc-a4eb-0da25ec44fa8,2026-09-19T01:30:00Z,2026-09-19T03:30:00+0200,26.48,EUR/MWh,DE,DE_LU,day_ahead_price,value,2026-09-23T16:20:45Z
2026-09-23T16:17:28Z,2026-09-23T18:17:28+0200,a904e6f3-334f-49bc-a4eb-0da25ec44fa8,2026-09-19T01:45:00Z,2026-09-19T03:45:00+0200,23.16,EUR/MWh,DE,DE_LU,day_ahead_price,value,2026-09-23T16:20:45Z
2026-09-23T16:17:28Z,2026-09-23T18:17:28+0200,a904e6f3-334f-49bc-a4eb-0da25ec44fa8,2026-09-19T02:00:00Z,2026-09-19T04:00:00+0200,33.57,EUR/MWh,DE,DE_LU,day_ahead_price,value,2026-09-23T16:20:45Z
2026-09-23T16:17:28Z,2026-09-23T18:17:28+0200,a904e6f3-334f-49bc-a4eb-0da25ec44fa8,2026-09-19T02:15:00Z,2026-09-19T04:15:00+0200,36.04,EUR/MWh,DE,DE_LU,day_ahead_price,value,2026-09-23T16:20:45Z
2026-09-23T16:17:28Z,2026-09-23T18:17:28+0200,a904e6f3-334f-49bc-a4eb-0da25ec44fa8,2026-09-19T02:30:00Z,2026-09-19T04:30:00+0200,36.9,EUR/MWh,DE,DE_LU,day_ahead_price,value,2026-09-23T16:20:45Z
2026-09-23T16:17:28Z,2026-09-23T18:17:28+0200,a904e6f3-334f-49bc-a4eb-0da25ec44fa8,2026-09-19T02:45:00Z,2026-09-19T04:45:00+0200,36.66,EUR/MWh,DE,DE_LU,day_ahead_price,value,2026-09-23T16:20:45Z
2026-09-23T16:17:28Z,2026-09-23T18:17:28+0200,a904e6f3-334f-49bc-a4eb-0da25ec44fa8,2026-09-19T03:00:00Z,2026-09-19T05:00:00+0200,34.79,EUR/MWh,DE,DE_LU,day_ahead_price,value,2026-09-23T16:20:45Z
2026-09-23T16:17:28Z,2026-09-23T18:17:28+0200,a904e6f3-334f-49bc-a4eb-0da25ec44fa8,2026-09-19T03:15:00Z,2026-09-19T05:15:00+0200,34.41,EUR/MWh,DE,DE_LU,day_ahead_price,value,2026-09-23T16:20:45Z
2026-09-23T16:17:28Z,2026-09-23T18:17:28+0200,a904e6f3-334f-49bc-a4eb-0da25ec44fa8,2026-09-19T03:30:00Z,2026-09-19T05:30:00+0200,34.03,EUR/MWh,DE,DE_LU,day_ahead_price,value,2026-09-23T16:20:45Z
2026-09-23T16:17:28Z,2026-09-23T18:17:28+0200,a904e6f3-334f-49bc-a4eb-0da25ec44fa8,2026-09-19T03:45:00Z,2026-09-19T05:45:00+0200,39.94,EUR/MWh,DE,DE_LU,day_ahead_price,value,2026-09-23T16:20:45Z
2026-09-23T16:17:28Z,2026-09-23T18:17:28+0200,a904e6f3-334f-49bc-a4eb-0da25ec44fa8,2026-09-19T04:00:00Z,2026-09-19T06:00:00+0200,40.74,EUR/MWh,DE,DE_LU,day_ahead_price,value,2026-09-23T16:20:45Z
2026-09-23T16:17:28Z,2026-09-23T18:17:28+0200,a904e6f3-334f-49bc-a4eb-0da25ec44fa8,2026-09-19T04:15:00Z,2026-09-19T06:15:00+0200,46.66,EUR/MWh,DE,DE_LU,day_ahead_price,value,2026-09-23T16:20:45Z
2026-09-23T16:17:28Z,2026-09-23T18:17:28+0200,a904e6f3-334f-49bc-a4eb-0da25ec44fa8,2026-09-19T04:30:00Z,2026-09-19T06:30:00+0200,40.08,EUR/MWh,DE,DE_LU,day_ahead_price,value,2026-09-23T16:20:45Z
2026-09-23T16:17:28Z,2026-09-23T18:17:28+0200,a904e6f3-334f-49bc-a4eb-0da25ec44fa8,2026-09-19T04:45:00Z,2026-09-19T06:45:00+0200,43.47,EUR/MWh,DE,DE_LU,day_ahead_price,value,2026-09-23T16:20:45Z
2026-09-23T16:17:28Z,2026-09-23T18:17:28+0200,a904e6f3-334f-49bc-a4eb-0da25ec44fa8,2026-09-19T05:00:00Z,2026-09-19T07:00:00+0200,41.38,EUR/MWh,DE,DE_LU,day_ahead_price,value,2026-09-23T16:20:45Z
2026-09-23T16:17:28Z,2026-09-23T18:17:28+0200,a904e6f3-334f-49bc-a4eb-0da25ec44fa8,2026-09-19T05:15:00Z,2026-09-19T07:15:00+0200,41.99,EUR/MWh,DE,DE_LU,day_ahead_price,value,2026-09-23T16:20:45Z
2026-09-23T16:17:28Z,2026-09-23T18:17:28+0200,a904e6f3-334f-49bc-a4eb-0da25ec44fa8,2026-09-19T05:30:00Z,2026-09-19T07:30:00+0200,45.07,EUR/MWh,DE,DE_LU,day_ahead_price,value,2026-09-23T16:20:45Z
2026-09-23T16:17:28Z,2026-09-23T18:17:28+0200,a904e6f3-334f-49bc-a4eb-0da25ec44fa8,2026-09-19T05:45:00Z,2026-09-19T07:45:00+0200,40.1,EUR/MWh,DE,DE_LU,day_ahead_price,value,2026-09-23T16:20:45Z
2026-09-23T16:17:28Z,2026-09-23T18:17:28+0200,a904e6f3-334f-49bc-a4eb-0da25ec44fa8,2026-09-19T06:00:00Z,2026-09-19T08:00:00+0200,47.71,EUR/MWh,DE,DE_LU,day_ahead_price,value,2026-09-23T16:20:45Z
2026-09-23T16:17:28Z,2026-09-23T18:17:28+0200,a904e6f3-334f-49bc-a4eb-0da25ec44fa8,2026-09-19T06:15:00Z,2026-09-19T08:15:00+0200,36.53,EUR/MWh,DE,DE_LU,day_ahead_price,value,2026-09-23T16:20:45Z
2026-09-23T16:17:28Z,2026-09-23T18:17:28+0200,a904e6f3-334f-49bc-a4eb-0da25ec44fa8,2026-09-19T06:30:00Z,2026-09-19T08:30:00+0200,27.96,EUR/MWh,DE,DE_LU,day_ahead_price,value,2026-09-23T16:20:45Z
2026-09-23T16:17:28Z,2026-09-23T18:17:28+0200,a904e6f3-334f-49bc-a4eb-0da25ec44fa8,2026-09-19T06:45:00Z,2026-09-19T08:45:00+0200,11.8,EUR/MWh,DE,DE_LU,day_ahead_price,value,2026-09-23T16:20:45Z
2026-09-23T16:17:28Z,2026-09-23T18:17:28+0200,a904e6f3-334f-49bc-a4eb-0da25ec44fa8,2026-09-19T07:00:00Z,2026-09-19T09:00:00+0200,16.9,EUR/MWh,DE,DE_LU,day_ahead_price,value,2026-09-23T16:20:45Z
2026-09-23T16:17:28Z,2026-09-23T18:17:28+0200,a904e6f3-334f-49bc-a4eb-0da25ec44fa8,2026-09-19T07:15:00Z,2026-09-19T09:15:00+0200,6.55,EUR/MWh,DE,DE_LU,day_ahead_price,value,2026-09-23T16:20:45Z
2026-09-23T16:17:28Z,2026-09-23T18:17:28+0200,a904e6f3-334f-49bc-a4eb-0da25ec44fa8,2026-09-19T07:30:00Z,2026-09-19T09:30:00+0200,2.74,EUR/MWh,DE,DE_LU,day_ahead_price,value,2026-09-23T16:20:45Z
2026-09-23T16:17:28Z,2026-09-23T18:17:28+0200,a904e6f3-334f-49bc-a4eb-0da25ec44fa8,2026-09-19T07:45:00Z,2026-09-19T09:45:00+0200,0.01,EUR/MWh,DE,DE_LU,day_ahead_price,value,2026-09-23T16:20:45Z
2026-09-23T16:17:28Z,2026-09-23T18:17:28+0200,a904e6f3-334f-49bc-a4eb-0da25ec44fa8,2026-09-19T08:00:00Z,2026-09-19T10:00:00+0200,0.1,EUR/MWh,DE,DE_LU,day_ahead_price,value,2026-09-23T16:20:45Z
2026-09-23T16:17:28Z,2026-09-23T18:17:28+0200,a904e6f3-334f-49bc-a4eb-0da25ec44fa8,2026-09-19T08:15:00Z,2026-09-19T10:15:00+0200,0.0,EUR/MWh,DE,DE_LU,day_ahead_price,value,2026-09-23T16:20:45Z
2026-09-23T16:17:28Z,2026-09-23T18:17:28+0200,a904e6f3-334f-49bc-a4eb-0da25ec44fa8,2026-09-19T08:30:00Z,2026-09-19T10:30:00+0200,-0.03,EUR/MWh,DE,DE_LU,day_ahead_price,value,2026-09-23T16:20:45Z
2026-09-23T16:17:28Z,2026-09-23T18:17:28+0200,a904e6f3-334f-49bc-a4eb-0da25ec44fa8,2026-09-19T08:45:00Z,2026-09-19T10:45:00+0200,-0.09,EUR/MWh,DE,DE_LU,day_ahead_price,value,2026-09-23T16:20:45Z
2026-09-23T16:17:28Z,2026-09-23T18:17:28+0200,a904e6f3-334f-49bc-a4eb-0da25ec44fa8,2026-09-19T09:00:00Z,2026-09-19T11:00:00+0200,-0.13,EUR/MWh,DE,DE_LU,day_ahead_price,value,2026-09-23T16:20:45Z
2026-09-23T16:17:28Z,2026-09-23T18:17:28+0200,a904e6f3-334f-49bc-a4eb-0da25ec44fa8,2026-09-19T09:15:00Z,2026-09-19T11:15:00+0200,-0.16,EUR/MWh,DE,DE_LU,day_ahead_price,value,2026-09-23T16:20:45Z
2026-09-23T16:17:28Z,2026-09-23T18:17:28+0200,a904e6f3-334f-49bc-a4eb-0da25ec44fa8,2026-09-19T09:30:00Z,2026-09-19T11:30:00+0200,-0.21,EUR/MWh,DE,DE_LU,day_ahead_price,value,2026-09-23T16:20:45Z
2026-09-23T16:17:28Z,2026-09-23T18:17:28+0200,a904e6f3-334f-49bc-a4eb-0da25ec44fa8,2026-09-19T09:45:00Z,2026-09-19T11:45:00+0200,-0.74,EUR/MWh,DE,DE_LU,day_ahead_price,value,2026-09-23T16:20:45Z
2026-09-23T16:17:28Z,2026-09-23T18:17:28+0200,a904e6f3-334f-49bc-a4eb-0da25ec44fa8,2026-09-19T10:00:00Z,2026-09-19T12:00:00+0200,-0.78,EUR/MWh,DE,DE_LU,day_ahead_price,value,2026-09-23T16:20:45Z
2026-09-23T16:17:28Z,2026-09-23T18:17:28+0200,a904e6f3-334f-49bc-a4eb-0da25ec44fa8,2026-09-19T10:15:00Z,2026-09-19T12:15:00+0200,-0.65,EUR/MWh,DE,DE_LU,day_ahead_price,value,2026-09-23T16:20:45Z
2026-09-23T16:17:28Z,2026-09-23T18:17:28+0200,a904e6f3-334f-49bc-a4eb-0da25ec44fa8,2026-09-19T10:30:00Z,2026-09-19T12:30:00+0200,-0.71,EUR/MWh,DE,DE_LU,day_ahead_price,value,2026-09-23T16:20:45Z
2026-09-23T16:17:28Z,2026-09-23T18:17:28+0200,a904e6f3-334f-49bc-a4eb-0da25ec44fa8,2026-09-19T10:45:00Z,2026-09-19T12:45:00+0200,-0.86,EUR/MWh,DE,DE_LU,day_ahead_price,value,2026-09-23T16:20:45Z
2026-09-23T16:17:28Z,2026-09-23T18:17:28+0200,a904e6f3-334f-49bc-a4eb-0da25ec44fa8,2026-09-19T11:00:00Z,2026-09-19T13:00:00+0200,-1.01,EUR/MWh,DE,DE_LU,day_ahead_price,value,2026-09-23T16:20:45Z
2026-09-23T16:17:28Z,2026-09-23T18:17:28+0200,a904e6f3-334f-49bc-a4eb-0da25ec44fa8,2026-09-19T11:15:00Z,2026-09-19T13:15:00+0200,-1.06,EUR/MWh,DE,DE_LU,day_ahead_price,value,2026-09-23T16:20:45Z
2026-09-23T16:17:28Z,2026-09-23T18:17:28+0200,a904e6f3-334f-49bc-a4eb-0da25ec44fa8,2026-09-19T11:30:00Z,2026-09-19T13:30:00+0200,-1.34,EUR/MWh,DE,DE_LU,day_ahead_price,value,2026-09-23T16:20:45Z
2026-09-23T16:17:28Z,2026-09-23T18:17:28+0200,a904e6f3-334f-49bc-a4eb-0da25ec44fa8,2026-09-19T11:45:00Z,2026-09-19T13:45:00+0200,-1.62,EUR/MWh,DE,DE_LU,day_ahead_price,value,2026-09-23T16:20:45Z
2026-09-23T16:17:28Z,2026-09-23T18:17:28+0200,a904e6f3-334f-49bc-a4eb-0da25ec44fa8,2026-09-19T12:00:00Z,2026-09-19T14:00:00+0200,-1.27,EUR/MWh,DE,DE_LU,day_ahead_price,value,2026-09-23T16:20:45Z
2026-09-23T16:17:28Z,2026-09-23T18:17:28+0200,a904e6f3-334f-49bc-a4eb-0da25ec44fa8,2026-09-19T12:15:00Z,2026-09-19T14:15:00+0200,-1.26,EUR/MWh,DE,DE_LU,day_ahead_price,value,2026-09-23T16:20:45Z
2026-09-23T16:17:28Z,2026-09-23T18:17:28+0200,a904e6f3-334f-49bc-a4eb-0da25ec44fa8,2026-09-19T12:30:00Z,2026-09-19T14:30:00+0200,-1.21,EUR/MWh,DE,DE_LU,day_ahead_price,value,2026-09-23T16:20:45Z
2026-09-23T16:17:28Z,2026-09-23T18:17:28+0200,a904e6f3-334f-49bc-a4eb-0da25ec44fa8,2026-09-19T12:45:00Z,2026-09-19T14:45:00+0200,-1.46,EUR/MWh,DE,DE_LU,day_ahead_price,value,2026-09-23T16:20:45Z
2026-09-23T16:17:28Z,2026-09-23T18:17:28+0200,a904e6f3-334f-49bc-a4eb-0da25ec44fa8,2026-09-19T13:00:00Z,2026-09-19T15:00:00+0200,-1.85,EUR/MWh,DE,DE_LU,day_ahead_price,value,2026-09-23T16:20:45Z
2026-09-23T16:17:28Z,2026-09-23T18:17:28+0200,a904e6f3-334f-49bc-a4eb-0da25ec44fa8,2026-09-19T13:15:00Z,2026-09-19T15:15:00+0200,-1.5,EUR/MWh,DE,DE_LU,day_ahead_price,value,2026-09-23T16:20:45Z
2026-09-23T16:17:28Z,2026-09-23T18:17:28+0200,a904e6f3-334f-49bc-a4eb-0da25ec44fa8,2026-09-19T13:30:00Z,2026-09-19T15:30:00+0200,-1.43,EUR/MWh,DE,DE_LU,day_ahead_price,value,2026-09-23T16:20:45Z
2026-09-23T16:17:28Z,2026-09-23T18:17:28+0200,a904e6f3-334f-49bc-a4eb-0da25ec44fa8,2026-09-19T13:45:00Z,2026-09-19T15:45:00+0200,-1.94,EUR/MWh,DE,DE_LU,day_ahead_price,value,2026-09-23T16:20:45Z
2026-09-23T16:17:28Z,2026-09-23T18:17:28+0200,a904e6f3-334f-49bc-a4eb-0da25ec44fa8,2026-09-19T14:00:00Z,2026-09-19T16:00:00+0200,-0.1,EUR/MWh,DE,DE_LU,day_ahead_price,value,2026-09-23T16:20:45Z
2026-09-23T16:17:28Z,2026-09-23T18:17:28+0200,a904e6f3-334f-49bc-a4eb-0da25ec44fa8,2026-09-19T14:15:00Z,2026-09-19T16:15:00+0200,-0.07,EUR/MWh,DE,DE_LU,day_ahead_price,value,2026-09-23T16:20:45Z
2026-09-23T16:17:28Z,2026-09-23T18:17:28+0200,a904e6f3-334f-49bc-a4eb-0da25ec44fa8,2026-09-19T14:30:00Z,2026-09-19T16:30:00+0200,-0.01,EUR/MWh,DE,DE_LU,day_ahead_price,value,2026-09-23T16:20:45Z
2026-09-23T16:17:28Z,2026-09-23T18:17:28+0200,a904e6f3-334f-49bc-a4eb-0da25ec44fa8,2026-09-19T14:45:00Z,2026-09-19T16:45:00+0200,0.0,EUR/MWh,DE,DE_LU,day_ahead_price,value,2026-09-23T16:20:45Z
2026-09-23T16:17:28Z,2026-09-23T18:17:28+0200,a904e6f3-334f-49bc-a4eb-0da25ec44fa8,2026-09-19T15:00:00Z,2026-09-19T17:00:00+0200,0.0,EUR/MWh,DE,DE_LU,day_ahead_price,value,2026-09-23T16:20:45Z
2026-09-23T16:17:28Z,2026-09-23T18:17:28+0200,a904e6f3-334f-49bc-a4eb-0da25ec44fa8,2026-09-19T15:15:00Z,2026-09-19T17:15:00+0200,0.0,EUR/MWh,DE,DE_LU,day_ahead_price,value,2026-09-23T16:20:45Z
2026-09-23T16:17:28Z,2026-09-23T18:17:28+0200,a904e6f3-334f-49bc-a4eb-0da25ec44fa8,2026-09-19T15:30:00Z,2026-09-19T17:30:00+0200,8.2,EUR/MWh,DE,DE_LU,day_ahead_price,value,2026-09-23T16:20:45Z
2026-09-23T16:17:28Z,2026-09-23T18:17:28+0200,a904e6f3-334f-49bc-a4eb-0da25ec44fa8,2026-09-19T15:45:00Z,2026-09-19T17:45:00+0200,25.0,EUR/MWh,DE,DE_LU,day_ahead_price,value,2026-09-23T16:20:45Z
2026-09-23T16:17:28Z,2026-09-23T18:17:28+0200,a904e6f3-334f-49bc-a4eb-0da25ec44fa8,2026-09-19T16:00:00Z,2026-09-19T18:00:00+0200,30.0,EUR/MWh,DE,DE_LU,day_ahead_price,value,2026-09-23T16:20:45Z
2026-09-23T16:17:28Z,2026-09-23T18:17:28+0200,a904e6f3-334f-49bc-a4eb-0da25ec44fa8,2026-09-19T16:15:00Z,2026-09-19T18:15:00+0200,51.74,EUR/MWh,DE,DE_LU,day_ahead_price,value,2026-09-23T16:20:45Z
2026-09-23T16:17:28Z,2026-09-23T18:17:28+0200,a904e6f3-334f-49bc-a4eb-0da25ec44fa8,2026-09-19T16:30:00Z,2026-09-19T18:30:00+0200,79.66,EUR/MWh,DE,DE_LU,day_ahead_price,value,2026-09-23T16:20:45Z
2026-09-23T16:17:28Z,2026-09-23T18:17:28+0200,a904e6f3-334f-49bc-a4eb-0da25ec44fa8,2026-09-19T16:45:00Z,2026-09-19T18:45:00+0200,100.43,EUR/MWh,DE,DE_LU,day_ahead_price,value,2026-09-23T16:20:45Z
2026-09-23T16:17:28Z,2026-09-23T18:17:28+0200,a904e6f3-334f-49bc-a4eb-0da25ec44fa8,2026-09-19T17:00:00Z,2026-09-19T19:00:00+0200,99.98,EUR/MWh,DE,DE_LU,day_ahead_price,value,2026-09-23T16:20:45Z
2026-09-23T16:17:28Z,2026-09-23T18:17:28+0200,a904e6f3-334f-49bc-a4eb-0da25ec44fa8,2026-09-19T17:15:00Z,2026-09-19T19:15:00+0200,119.52,EUR/MWh,DE,DE_LU,day_ahead_price,value,2026-09-23T16:20:45Z
2026-09-23T16:17:28Z,2026-09-23T18:17:28+0200,a904e6f3-334f-49bc-a4eb-0da25ec44fa8,2026-09-19T17:30:00Z,2026-09-19T19:30:00+0200,129.37,EUR/MWh,DE,DE_LU,day_ahead_price,value,2026-09-23T16:20:45Z
2026-09-23T16:17:28Z,2026-09-23T18:17:28+0200,a904e6f3-334f-49bc-a4eb-0da25ec44fa8,2026-09-19T17:45:00Z,2026-09-19T19:45:00+0200,134.25,EUR/MWh,DE,DE_LU,day_ahead_price,value,2026-09-23T16:20:45Z
2026-09-23T16:17:28Z,2026-09-23T18:17:28+0200,a904e6f3-334f-49bc-a4eb-0da25ec44fa8,2026-09-19T18:00:00Z,2026-09-19T20:00:00+0200,133.07,EUR/MWh,DE,DE_LU,day_ahead_price,value,2026-09-23T16:20:45Z
2026-09-23T16:17:28Z,2026-09-23T18:17:28+0200,a904e6f3-334f-49bc-a4eb-0da25ec44fa8,2026-09-19T18:15:00Z,2026-09-19T20:15:00+0200,119.19,EUR/MWh,DE,DE_LU,day_ahead_price,value,2026-09-23T16:20:45Z
2026-09-23T16:17:28Z,2026-09-23T18:17:28+0200,a904e6f3-334f-49bc-a4eb-0da25ec44fa8,2026-09-19T18:30:00Z,2026-09-19T20:30:00+0200,107.0,EUR/MWh,DE,DE_LU,day_ahead_price,value,2026-09-23T16:20:45Z
2026-09-23T16:17:28Z,2026-09-23T18:17:28+0200,a904e6f3-334f-49bc-a4eb-0da25ec44fa8,2026-09-19T18:45:00Z,2026-09-19T20:45:00+0200,99.94,EUR/MWh,DE,DE_LU,day_ahead_price,value,2026-09-23T16:20:45Z
2026-09-23T16:17:28Z,2026-09-23T18:17:28+0200,a904e6f3-334f-49bc-a4eb-0da25ec44fa8,2026-09-19T19:00:00Z,2026-09-19T21:00:00+0200,101.57,EUR/MWh,DE,DE_LU,day_ahead_price,value,2026-09-23T16:20:45Z
2026-09-23T16:17:28Z,2026-09-23T18:17:28+0200,a904e6f3-334f-49bc-a4eb-0da25ec44fa8,2026-09-19T19:15:00Z,2026-09-19T21:15:00+0200,99.95,EUR/MWh,DE,DE_LU,day_ahead_price,value,2026-09-23T16:20:45Z
2026-09-23T16:17:28Z,2026-09-23T18:17:28+0200,a904e6f3-334f-49bc-a4eb-0da25ec44fa8,2026-09-19T19:30:00Z,2026-09-19T21:30:00+0200,91.05,EUR/MWh,DE,DE_LU,day_ahead_price,value,2026-09-23T16:20:45Z
2026-09-23T16:17:28Z,2026-09-23T18:17:28+0200,a904e6f3-334f-49bc-a4eb-0da25ec44fa8,2026-09-19T19:45:00Z,2026-09-19T21:45:00+0200,67.32,EUR/MWh,DE,DE_LU,day_ahead_price,value,2026-09-23T16:20:45Z
2026-09-23T16:17:28Z,2026-09-23T18:17:28+0200,a904e6f3-334f-49bc-a4eb-0da25ec44fa8,2026-09-19T20:00:00Z,2026-09-19T22:00:00+0200,88.87,EUR/MWh,DE,DE_LU,day_ahead_price,value,2026-09-23T16:20:45Z
2026-09-23T16:17:28Z,2026-09-23T18:17:28+0200,a904e6f3-334f-49bc-a4eb-0da25ec44fa8,2026-09-19T20:15:00Z,2026-09-19T22:15:00+0200,86.21,EUR/MWh,DE,DE_LU,day_ahead_price,value,2026-09-23T16:20:45Z
2026-09-23T16:17:28Z,2026-09-23T18:17:28+0200,a904e6f3-334f-49bc-a4eb-0da25ec44fa8,2026-09-19T20:30:00Z,2026-09-19T22:30:00+0200,83.64,EUR/MWh,DE,DE_LU,day_ahead_price,value,2026-09-23T16:20:45Z
2026-09-23T16:17:28Z,2026-09-23T18:17:28+0200,a904e6f3-334f-49bc-a4eb-0da25ec44fa8,2026-09-19T20:45:00Z,2026-09-19T22:45:00+0200,75.7,EUR/MWh,DE,DE_LU,day_ahead_price,value,2026-09-23T16:20:45Z
2026-09-23T16:17:28Z,2026-09-23T18:17:28+0200,a904e6f3-334f-49bc-a4eb-0da25ec44fa8,2026-09-19T21:00:00Z,2026-09-19T23:00:00+0200,85.0,EUR/MWh,DE,DE_LU,day_ahead_price,value,2026-09-23T16:20:45Z
2026-09-23T16:17:28Z,2026-09-23T18:17:28+0200,a904e6f3-334f-49bc-a4eb-0da25ec44fa8,2026-09-19T21:15:00Z,2026-09-19T23:15:00+0200,80.0,EUR/MWh,DE,DE_LU,day_ahead_price,value,2026-09-23T16:20:45Z
2026-09-23T16:17:28Z,2026-09-23T18:17:28+0200,a904e6f3-334f-49bc-a4eb-0da25ec44fa8,2026-09-19T21:30:00Z,2026-09-19T23:30:00+0200,77.65,EUR/MWh,DE,DE_LU,day_ahead_price,value,2026-09-23T16:20:45Z
2026-09-23T16:17:28Z,2026-09-23T18:17:28+0200,a904e6f3-334f-49bc-a4eb-0da25ec44fa8,2026-09-19T21:45:00Z,2026-09-19T23:45:00+0200,70.82,EUR/MWh,DE,DE_LU,day_ahead_price,value,2026-09-23T16:20:45Z
2026-09-23T16:17:28Z,2026-09-23T18:17:28+0200,a904e6f3-334f-49bc-a4eb-0da25ec44fa8,2026-09-19T22:00:00Z,2026-09-20T00:00:00+0200,18.2,EUR/MWh,DE,DE_LU,day_ahead_price,value,2026-09-23T16:20:45Z
2026-09-23T16:17:28Z,2026-09-23T18:17:28+0200,a904e6f3-334f-49bc-a4eb-0da25ec44fa8,2026-09-19T22:15:00Z,2026-09-20T00:15:00+0200,16.37,EUR/MWh,DE,DE_LU,day_ahead_price,value,2026-09-23T16:20:45Z
2026-09-23T16:17:28Z,2026-09-23T18:17:28+0200,a904e6f3-334f-49bc-a4eb-0da25ec44fa8,2026-09-19T22:30:00Z,2026-09-20T00:30:00+0200,14.99,EUR/MWh,DE,DE_LU,day_ahead_price,value,2026-09-23T16:20:45Z
2026-09-23T16:17:28Z,2026-09-23T18:17:28+0200,a904e6f3-334f-49bc-a4eb-0da25ec44fa8,2026-09-19T22:45:00Z,2026-09-20T00:45:00+0200,13.61,EUR/MWh,DE,DE_LU,day_ahead_price,value,2026-09-23T16:20:45Z
2026-09-23T16:17:28Z,2026-09-23T18:17:28+0200,a904e6f3-334f-49bc-a4eb-0da25ec44fa8,2026-09-19T23:00:00Z,2026-09-20T01:00:00+0200,14.85,EUR/MWh,DE,DE_LU,day_ahead_price,value,2026-09-23T16:20:45Z
2026-09-23T16:17:28Z,2026-09-23T18:17:28+0200,a904e6f3-334f-49bc-a4eb-0da25ec44fa8,2026-09-19T23:15:00Z,2026-09-20T01:15:00+0200,13.05,EUR/MWh,DE,DE_LU,day_ahead_price,value,2026-09-23T16:20:45Z
2026-09-23T16:17:28Z,2026-09-23T18:17:28+0200,a904e6f3-334f-49bc-a4eb-0da25ec44fa8,2026-09-19T23:30:00Z,2026-09-20T01:30:00+0200,12.49,EUR/MWh,DE,DE_LU,day_ahead_price,value,2026-09-23T16:20:45Z
2026-09-23T16:17:28Z,2026-09-23T18:17:28+0200,a904e6f3-334f-49bc-a4eb-0da25ec44fa8,2026-09-19T23:45:00Z,2026-09-20T01:45:00+0200,11.04,EUR/MWh,DE,DE_LU,day_ahead_price,value,2026-09-23T16:20:45Z
2026-09-23T16:17:28Z,2026-09-23T18:17:28+0200,a904e6f3-334f-49bc-a4eb-0da25ec44fa8,2026-09-20T00:00:00Z,2026-09-20T02:00:00+0200,8.57,EUR/MWh,DE,DE_LU,day_ahead_price,value,2026-09-23T16:20:45Z
2026-09-23T16:17:28Z,2026-09-23T18:17:28+0200,a904e6f3-334f-49bc-a4eb-0da25ec44fa8,2026-09-20T00:15:00Z,2026-09-20T02:15:00+0200,11.25,EUR/MWh,DE,DE_LU,day_ahead_price,value,2026-09-23T16:20:45Z
2026-09-23T16:17:28Z,2026-09-23T18:17:28+0200,a904e6f3-334f-49bc-a4eb-0da25ec44fa8,2026-09-20T00:30:00Z,2026-09-20T02:30:00+0200,12.2,EUR/MWh,DE,DE_LU,day_ahead_price,value,2026-09-23T16:20:45Z
2026-09-23T16:17:28Z,2026-09-23T18:17:28+0200,a904e6f3-334f-49bc-a4eb-0da25ec44fa8,2026-09-20T00:45:00Z,2026-09-20T02:45:00+0200,8.0,EUR/MWh,DE,DE_LU,day_ahead_price,value,2026-09-23T16:20:45Z
2026-09-23T16:17:28Z,2026-09-23T18:17:28+0200,a904e6f3-334f-49bc-a4eb-0da25ec44fa8,2026-09-20T01:00:00Z,2026-09-20T03:00:00+0200,8.19,EUR/MWh,DE,DE_LU,day_ahead_price,value,2026-09-23T16:20:45Z
2026-09-23T16:17:28Z,2026-09-23T18:17:28+0200,a904e6f3-334f-49bc-a4eb-0da25ec44fa8,2026-09-20T01:15:00Z,2026-09-20T03:15:00+0200,7.92,EUR/MWh,DE,DE_LU,day_ahead_price,value,2026-09-23T16:20:45Z
2026-09-23T16:17:28Z,2026-09-23T18:17:28+0200,a904e6f3-334f-49bc-a4eb-0da25ec44fa8,2026-09-20T01:30:00Z,2026-09-20T03:30:00+0200,8.05,EUR/MWh,DE,DE_LU,day_ahead_price,value,2026-09-23T16:20:45Z
2026-09-23T16:17:28Z,2026-09-23T18:17:28+0200,a904e6f3-334f-49bc-a4eb-0da25ec44fa8,2026-09-20T01:45:00Z,2026-09-20T03:45:00+0200,7.09,EUR/MWh,DE,DE_LU,day_ahead_price,value,2026-09-23T16:20:45Z
2026-09-23T16:17:28Z,2026-09-23T18:17:28+0200,a904e6f3-334f-49bc-a4eb-0da25ec44fa8,2026-09-20T02:00:00Z,2026-09-20T04:00:00+0200,9.69,EUR/MWh,DE,DE_LU,day_ahead_price,value,2026-09-23T16:20:45Z
2026-09-23T16:17:28Z,2026-09-23T18:17:28+0200,a904e6f3-334f-49bc-a4eb-0da25ec44fa8,2026-09-20T02:15:00Z,2026-09-20T04:15:00+0200,8.95,EUR/MWh,DE,DE_LU,day_ahead_price,value,2026-09-23T16:20:45Z
2026-09-23T16:17:28Z,2026-09-23T18:17:28+0200,a904e6f3-334f-49bc-a4eb-0da25ec44fa8,2026-09-20T02:30:00Z,2026-09-20T04:30:00+0200,8.75,EUR/MWh,DE,DE_LU,day_ahead_price,value,2026-09-23T16:20:45Z
2026-09-23T16:17:28Z,2026-09-23T18:17:28+0200,a904e6f3-334f-49bc-a4eb-0da25ec44fa8,2026-09-20T02:45:00Z,2026-09-20T04:45:00+0200,8.6,EUR/MWh,DE,DE_LU,day_ahead_price,value,2026-09-23T16:20:45Z
2026-09-23T16:17:28Z,2026-09-23T18:17:28+0200,a904e6f3-334f-49bc-a4eb-0da25ec44fa8,2026-09-20T03:00:00Z,2026-09-20T05:00:00+0200,10.12,EUR/MWh,DE,DE_LU,day_ahead_price,value,2026-09-23T16:20:45Z
2026-09-23T16:17:28Z,2026-09-23T18:17:28+0200,a904e6f3-334f-49bc-a4eb-0da25ec44fa8,2026-09-20T03:15:00Z,2026-09-20T05:15:00+0200,9.62,EUR/MWh,DE,DE_LU,day_ahead_price,value,2026-09-23T16:20:45Z
2026-09-23T16:17:28Z,2026-09-23T18:17:28+0200,a904e6f3-334f-49bc-a4eb-0da25ec44fa8,2026-09-20T03:30:00Z,2026-09-20T05:30:00+0200,9.47,EUR/MWh,DE,DE_LU,day_ahead_price,value,2026-09-23T16:20:45Z
2026-09-23T16:17:28Z,2026-09-23T18:17:28+0200,a904e6f3-334f-49bc-a4eb-0da25ec44fa8,2026-09-20T03:45:00Z,2026-09-20T05:45:00+0200,10.81,EUR/MWh,DE,DE_LU,day_ahead_price,value,2026-09-23T16:20:45Z
2026-09-23T16:17:28Z,2026-09-23T18:17:28+0200,a904e6f3-334f-49bc-a4eb-0da25ec44fa8,2026-09-20T04:00:00Z,2026-09-20T06:00:00+0200,8.13,EUR/MWh,DE,DE_LU,day_ahead_price,value,2026-09-23T16:20:45Z
2026-09-23T16:17:28Z,2026-09-23T18:17:28+0200,a904e6f3-334f-49bc-a4eb-0da25ec44fa8,2026-09-20T04:15:00Z,2026-09-20T06:15:00+0200,8.96,EUR/MWh,DE,DE_LU,day_ahead_price,value,2026-09-23T16:20:45Z
2026-09-23T16:17:28Z,2026-09-23T18:17:28+0200,a904e6f3-334f-49bc-a4eb-0da25ec44fa8,2026-09-20T04:30:00Z,2026-09-20T06:30:00+0200,10.37,EUR/MWh,DE,DE_LU,day_ahead_price,value,2026-09-23T16:20:45Z
2026-09-23T16:17:28Z,2026-09-23T18:17:28+0200,a904e6f3-334f-49bc-a4eb-0da25ec44fa8,2026-09-20T04:45:00Z,2026-09-20T06:45:00+0200,12.55,EUR/MWh,DE,DE_LU,day_ahead_price,value,2026-09-23T16:20:45Z
2026-09-23T16:17:28Z,2026-09-23T18:17:28+0200,a904e6f3-334f-49bc-a4eb-0da25ec44fa8,2026-09-20T05:00:00Z,2026-09-20T07:00:00+0200,11.51,EUR/MWh,DE,DE_LU,day_ahead_price,value,2026-09-23T16:20:45Z
2026-09-23T16:17:28Z,2026-09-23T18:17:28+0200,a904e6f3-334f-49bc-a4eb-0da25ec44fa8,2026-09-20T05:15:00Z,2026-09-20T07:15:00+0200,12.74,EUR/MWh,DE,DE_LU,day_ahead_price,value,2026-09-23T16:20:45Z
2026-09-23T16:17:28Z,2026-09-23T18:17:28+0200,a904e6f3-334f-49bc-a4eb-0da25ec44fa8,2026-09-20T05:30:00Z,2026-09-20T07:30:00+0200,13.34,EUR/MWh,DE,DE_LU,day_ahead_price,value,2026-09-23T16:20:45Z
2026-09-23T16:17:28Z,2026-09-23T18:17:28+0200,a904e6f3-334f-49bc-a4eb-0da25ec44fa8,2026-09-20T05:45:00Z,2026-09-20T07:45:00+0200,11.49,EUR/MWh,DE,DE_LU,day_ahead_price,value,2026-09-23T16:20:45Z
2026-09-23T16:17:28Z,2026-09-23T18:17:28+0200,a904e6f3-334f-49bc-a4eb-0da25ec44fa8,2026-09-20T06:00:00Z,2026-09-20T08:00:00+0200,13.4,EUR/MWh,DE,DE_LU,day_ahead_price,value,2026-09-23T16:20:45Z
2026-09-23T16:17:28Z,2026-09-23T18:17:28+0200,a904e6f3-334f-49bc-a4eb-0da25ec44fa8,2026-09-20T06:15:00Z,2026-09-20T08:15:00+0200,12.51,EUR/MWh,DE,DE_LU,day_ahead_price,value,2026-09-23T16:20:45Z
2026-09-23T16:17:28Z,2026-09-23T18:17:28+0200,a904e6f3-334f-49bc-a4eb-0da25ec44fa8,2026-09-20T06:30:00Z,2026-09-20T08:30:00+0200,8.34,EUR/MWh,DE,DE_LU,day_ahead_price,value,2026-09-23T16:20:45Z
2026-09-23T16:17:28Z,2026-09-23T18:17:28+0200,a904e6f3-334f-49bc-a4eb-0da25ec44fa8,2026-09-20T06:45:00Z,2026-09-20T08:45:00+0200,5.12,EUR/MWh,DE,DE_LU,day_ahead_price,value,2026-09-23T16:20:45Z
2026-09-23T16:17:28Z,2026-09-23T18:17:28+0200,a904e6f3-334f-49bc-a4eb-0da25ec44fa8,2026-09-20T07:00:00Z,2026-09-20T09:00:00+0200,8.15,EUR/MWh,DE,DE_LU,day_ahead_price,value,2026-09-23T16:20:45Z
2026-09-23T16:17:28Z,2026-09-23T18:17:28+0200,a904e6f3-334f-49bc-a4eb-0da25ec44fa8,2026-09-20T07:15:00Z,2026-09-20T09:15:00+0200,5.06,EUR/MWh,DE,DE_LU,day_ahead_price,value,2026-09-23T16:20:45Z
2026-09-23T16:17:28Z,2026-09-23T18:17:28+0200,a904e6f3-334f-49bc-a4eb-0da25ec44fa8,2026-09-20T07:30:00Z,2026-09-20T09:30:00+0200,1.4,EUR/MWh,DE,DE_LU,day_ahead_price,value,2026-09-23T16:20:45Z
2026-09-23T16:17:28Z,2026-09-23T18:17:28+0200,a904e6f3-334f-49bc-a4eb-0da25ec44fa8,2026-09-20T07:45:00Z,2026-09-20T09:45:00+0200,0.01,EUR/MWh,DE,DE_LU,day_ahead_price,value,2026-09-23T16:20:45Z
2026-09-23T16:17:28Z,2026-09-23T18:17:28+0200,a904e6f3-334f-49bc-a4eb-0da25ec44fa8,2026-09-20T08:00:00Z,2026-09-20T10:00:00+0200,0.01,EUR/MWh,DE,DE_LU,day_ahead_price,value,2026-09-23T16:20:45Z
2026-09-23T16:17:28Z,2026-09-23T18:17:28+0200,a904e6f3-334f-49bc-a4eb-0da25ec44fa8,2026-09-20T08:15:00Z,2026-09-20T10:15:00+0200,0.0,EUR/MWh,DE,DE_LU,day_ahead_price,value,2026-09-23T16:20:45Z
2026-09-23T16:17:28Z,2026-09-23T18:17:28+0200,a904e6f3-334f-49bc-a4eb-0da25ec44fa8,2026-09-20T08:30:00Z,2026-09-20T10:30:00+0200,-0.01,EUR/MWh,DE,DE_LU,day_ahead_price,value,2026-09-23T16:20:45Z
2026-09-23T16:17:28Z,2026-09-23T18:17:28+0200,a904e6f3-334f-49bc-a4eb-0da25ec44fa8,2026-09-20T08:45:00Z,2026-09-20T10:45:00+0200,-0.04,EUR/MWh,DE,DE_LU,day_ahead_price,value,2026-09-23T16:20:45Z
2026-09-23T16:17:28Z,2026-09-23T18:17:28+0200,a904e6f3-334f-49bc-a4eb-0da25ec44fa8,2026-09-20T09:00:00Z,2026-09-20T11:00:00+0200,-0.04,EUR/MWh,DE,DE_LU,day_ahead_price,value,2026-09-23T16:20:45Z
2026-09-23T16:17:28Z,2026-09-23T18:17:28+0200,a904e6f3-334f-49bc-a4eb-0da25ec44fa8,2026-09-20T09:15:00Z,2026-09-20T11:15:00+0200,-0.1,EUR/MWh,DE,DE_LU,day_ahead_price,value,2026-09-23T16:20:45Z
2026-09-23T16:17:28Z,2026-09-23T18:17:28+0200,a904e6f3-334f-49bc-a4eb-0da25ec44fa8,2026-09-20T09:30:00Z,2026-09-20T11:30:00+0200,-0.12,EUR/MWh,DE,DE_LU,day_ahead_price,value,2026-09-23T16:20:45Z
2026-09-23T16:17:28Z,2026-09-23T18:17:28+0200,a904e6f3-334f-49bc-a4eb-0da25ec44fa8,2026-09-20T09:45:00Z,2026-09-20T11:45:00+0200,-0.17,EUR/MWh,DE,DE_LU,day_ahead_price,value,2026-09-23T16:20:45Z
2026-09-23T16:17:28Z,2026-09-23T18:17:28+0200,a904e6f3-334f-49bc-a4eb-0da25ec44fa8,2026-09-20T10:00:00Z,2026-09-20T12:00:00+0200,-1.0,EUR/MWh,DE,DE_LU,day_ahead_price,value,2026-09-23T16:20:45Z
2026-09-23T16:17:28Z,2026-09-23T18:17:28+0200,a904e6f3-334f-49bc-a4eb-0da25ec44fa8,2026-09-20T10:15:00Z,2026-09-20T12:15:00+0200,-1.0,EUR/MWh,DE,DE_LU,day_ahead_price,value,2026-09-23T16:20:45Z
2026-09-23T16:17:28Z,2026-09-23T18:17:28+0200,a904e6f3-334f-49bc-a4eb-0da25ec44fa8,2026-09-20T10:30:00Z,2026-09-20T12:30:00+0200,-1.05,EUR/MWh,DE,DE_LU,day_ahead_price,value,2026-09-23T16:20:45Z
2026-09-23T16:17:28Z,2026-09-23T18:17:28+0200,a904e6f3-334f-49bc-a4eb-0da25ec44fa8,2026-09-20T10:45:00Z,2026-09-20T12:45:00+0200,-1.59,EUR/MWh,DE,DE_LU,day_ahead_price,value,2026-09-23T16:20:45Z
2026-09-23T16:17:28Z,2026-09-23T18:17:28+0200,a904e6f3-334f-49bc-a4eb-0da25ec44fa8,2026-09-20T11:00:00Z,2026-09-20T13:00:00+0200,-1.92,EUR/MWh,DE,DE_LU,day_ahead_price,value,2026-09-23T16:20:45Z
2026-09-23T16:17:28Z,2026-09-23T18:17:28+0200,a904e6f3-334f-49bc-a4eb-0da25ec44fa8,2026-09-20T11:15:00Z,2026-09-20T13:15:00+0200,-1.97,EUR/MWh,DE,DE_LU,day_ahead_price,value,2026-09-23T16:20:45Z
2026-09-23T16:17:28Z,2026-09-23T18:17:28+0200,a904e6f3-334f-49bc-a4eb-0da25ec44fa8,2026-09-20T11:30:00Z,2026-09-20T13:30:00+0200,-2.02,EUR/MWh,DE,DE_LU,day_ahead_price,value,2026-09-23T16:20:45Z
2026-09-23T16:17:28Z,2026-09-23T18:17:28+0200,a904e6f3-334f-49bc-a4eb-0da25ec44fa8,2026-09-20T11:45:00Z,2026-09-20T13:45:00+0200,-2.02,EUR/MWh,DE,DE_LU,day_ahead_price,value,2026-09-23T16:20:45Z
2026-09-23T16:17:28Z,2026-09-23T18:17:28+0200,a904e6f3-334f-49bc-a4eb-0da25ec44fa8,2026-09-20T12:00:00Z,2026-09-20T14:00:00+0200,-1.94,EUR/MWh,DE,DE_LU,day_ahead_price,value,2026-09-23T16:20:45Z
2026-09-23T16:17:28Z,2026-09-23T18:17:28+0200,a904e6f3-334f-49bc-a4eb-0da25ec44fa8,2026-09-20T12:15:00Z,2026-09-20T14:15:00+0200,-1.95,EUR/MWh,DE,DE_LU,day_ahead_price,value,2026-09-23T16:20:45Z
2026-09-23T16:17:28Z,2026-09-23T18:17:28+0200,a904e6f3-334f-49bc-a4eb-0da25ec44fa8,2026-09-20T12:30:00Z,2026-09-20T14:30:00+0200,-1.94,EUR/MWh,DE,DE_LU,day_ahead_price,value,2026-09-23T16:20:45Z
2026-09-23T16:17:28Z,2026-09-23T18:17:28+0200,a904e6f3-334f-49bc-a4eb-0da25ec44fa8,2026-09-20T12:45:00Z,2026-09-20T14:45:00+0200,-1.91,EUR/MWh,DE,DE_LU,day_ahead_price,value,2026-09-23T16:20:45Z
2026-09-23T16:17:28Z,2026-09-23T18:17:28+0200,a904e6f3-334f-49bc-a4eb-0da25ec44fa8,2026-09-20T13:00:00Z,2026-09-20T15:00:00+0200,-1.56,EUR/MWh,DE,DE_LU,day_ahead_price,value,2026-09-23T16:20:45Z
2026-09-23T16:17:28Z,2026-09-23T18:17:28+0200,a904e6f3-334f-49bc-a4eb-0da25ec44fa8,2026-09-20T13:15:00Z,2026-09-20T15:15:00+0200,-1.39,EUR/MWh,DE,DE_LU,day_ahead_price,value,2026-09-23T16:20:45Z
2026-09-23T16:17:28Z,2026-09-23T18:17:28+0200,a904e6f3-334f-49bc-a4eb-0da25ec44fa8,2026-09-20T13:30:00Z,2026-09-20T15:30:00+0200,-1.01,EUR/MWh,DE,DE_LU,day_ahead_price,value,2026-09-23T16:20:45Z
2026-09-23T16:17:28Z,2026-09-23T18:17:28+0200,a904e6f3-334f-49bc-a4eb-0da25ec44fa8,2026-09-20T13:45:00Z,2026-09-20T15:45:00+0200,-1.0,EUR/MWh,DE,DE_LU,day_ahead_price,value,2026-09-23T16:20:45Z
2026-09-23T16:17:28Z,2026-09-23T18:17:28+0200,a904e6f3-334f-49bc-a4eb-0da25ec44fa8,2026-09-20T14:00:00Z,2026-09-20T16:00:00+0200,-0.18,EUR/MWh,DE,DE_LU,day_ahead_price,value,2026-09-23T16:20:45Z
2026-09-23T16:17:28Z,2026-09-23T18:17:28+0200,a904e6f3-334f-49bc-a4eb-0da25ec44fa8,2026-09-20T14:15:00Z,2026-09-20T16:15:00+0200,-0.1,EUR/MWh,DE,DE_LU,day_ahead_price,value,2026-09-23T16:20:45Z
2026-09-23T16:17:28Z,2026-09-23T18:17:28+0200,a904e6f3-334f-49bc-a4eb-0da25ec44fa8,2026-09-20T14:30:00Z,2026-09-20T16:30:00+0200,-0.08,EUR/MWh,DE,DE_LU,day_ahead_price,value,2026-09-23T16:20:45Z
2026-09-23T16:17:28Z,2026-09-23T18:17:28+0200,a904e6f3-334f-49bc-a4eb-0da25ec44fa8,2026-09-20T14:45:00Z,2026-09-20T16:45:00+0200,-0.01,EUR/MWh,DE,DE_LU,day_ahead_price,value,2026-09-23T16:20:45Z
2026-09-23T16:17:28Z,2026-09-23T18:17:28+0200,a904e6f3-334f-49bc-a4eb-0da25ec44fa8,2026-09-20T15:00:00Z,2026-09-20T17:00:00+0200,-0.03,EUR/MWh,DE,DE_LU,day_ahead_price,value,2026-09-23T16:20:45Z
2026-09-23T16:17:28Z,2026-09-23T18:17:28+0200,a904e6f3-334f-49bc-a4eb-0da25ec44fa8,2026-09-20T15:15:00Z,2026-09-20T17:15:00+0200,0.0,EUR/MWh,DE,DE_LU,day_ahead_price,value,2026-09-23T16:20:45Z
2026-09-23T16:17:28Z,2026-09-23T18:17:28+0200,a904e6f3-334f-49bc-a4eb-0da25ec44fa8,2026-09-20T15:30:00Z,2026-09-20T17:30:00+0200,0.01,EUR/MWh,DE,DE_LU,day_ahead_price,value,2026-09-23T16:20:45Z
2026-09-23T16:17:28Z,2026-09-23T18:17:28+0200,a904e6f3-334f-49bc-a4eb-0da25ec44fa8,2026-09-20T15:45:00Z,2026-09-20T17:45:00+0200,10.72,EUR/MWh,DE,DE_LU,day_ahead_price,value,2026-09-23T16:20:45Z
2026-09-23T16:17:28Z,2026-09-23T18:17:28+0200,a904e6f3-334f-49bc-a4eb-0da25ec44fa8,2026-09-20T16:00:00Z,2026-09-20T18:00:00+0200,15.13,EUR/MWh,DE,DE_LU,day_ahead_price,value,2026-09-23T16:20:45Z
2026-09-23T16:17:28Z,2026-09-23T18:17:28+0200,a904e6f3-334f-49bc-a4eb-0da25ec44fa8,2026-09-20T16:15:00Z,2026-09-20T18:15:00+0200,35.62,EUR/MWh,DE,DE_LU,day_ahead_price,value,2026-09-23T16:20:45Z
2026-09-23T16:17:28Z,2026-09-23T18:17:28+0200,a904e6f3-334f-49bc-a4eb-0da25ec44fa8,2026-09-20T16:30:00Z,2026-09-20T18:30:00+0200,58.37,EUR/MWh,DE,DE_LU,day_ahead_price,value,2026-09-23T16:20:45Z
2026-09-23T16:17:28Z,2026-09-23T18:17:28+0200,a904e6f3-334f-49bc-a4eb-0da25ec44fa8,2026-09-20T16:45:00Z,2026-09-20T18:45:00+0200,92.51,EUR/MWh,DE,DE_LU,day_ahead_price,value,2026-09-23T16:20:45Z
2026-09-23T16:17:28Z,2026-09-23T18:17:28+0200,a904e6f3-334f-49bc-a4eb-0da25ec44fa8,2026-09-20T17:00:00Z,2026-09-20T19:00:00+0200,61.64,EUR/MWh,DE,DE_LU,day_ahead_price,value,2026-09-23T16:20:45Z
2026-09-23T16:17:28Z,2026-09-23T18:17:28+0200,a904e6f3-334f-49bc-a4eb-0da25ec44fa8,2026-09-20T17:15:00Z,2026-09-20T19:15:00+0200,79.14,EUR/MWh,DE,DE_LU,day_ahead_price,value,2026-09-23T16:20:45Z
2026-09-23T16:17:28Z,2026-09-23T18:17:28+0200,a904e6f3-334f-49bc-a4eb-0da25ec44fa8,2026-09-20T17:30:00Z,2026-09-20T19:30:00+0200,86.21,EUR/MWh,DE,DE_LU,day_ahead_price,value,2026-09-23T16:20:45Z
2026-09-23T16:17:28Z,2026-09-23T18:17:28+0200,a904e6f3-334f-49bc-a4eb-0da25ec44fa8,2026-09-20T17:45:00Z,2026-09-20T19:45:00+0200,102.24,EUR/MWh,DE,DE_LU,day_ahead_price,value,2026-09-23T16:20:45Z
2026-09-23T16:17:28Z,2026-09-23T18:17:28+0200,a904e6f3-334f-49bc-a4eb-0da25ec44fa8,2026-09-20T18:00:00Z,2026-09-20T20:00:00+0200,86.69,EUR/MWh,DE,DE_LU,day_ahead_price,value,2026-09-23T16:20:45Z
2026-09-23T16:17:28Z,2026-09-23T18:17:28+0200,a904e6f3-334f-49bc-a4eb-0da25ec44fa8,2026-09-20T18:15:00Z,2026-09-20T20:15:00+0200,88.42,EUR/MWh,DE,DE_LU,day_ahead_price,value,2026-09-23T16:20:45Z
2026-09-23T16:17:28Z,2026-09-23T18:17:28+0200,a904e6f3-334f-49bc-a4eb-0da25ec44fa8,2026-09-20T18:30:00Z,2026-09-20T20:30:00+0200,82.02,EUR/MWh,DE,DE_LU,day_ahead_price,value,2026-09-23T16:20:45Z
2026-09-23T16:17:28Z,2026-09-23T18:17:28+0200,a904e6f3-334f-49bc-a4eb-0da25ec44fa8,2026-09-20T18:45:00Z,2026-09-20T20:45:00+0200,89.48,EUR/MWh,DE,DE_LU,day_ahead_price,value,2026-09-23T16:20:45Z
2026-09-23T16:17:28Z,2026-09-23T18:17:28+0200,a904e6f3-334f-49bc-a4eb-0da25ec44fa8,2026-09-20T19:00:00Z,2026-09-20T21:00:00+0200,90.08,EUR/MWh,DE,DE_LU,day_ahead_price,value,2026-09-23T16:20:45Z
2026-09-23T16:17:28Z,2026-09-23T18:17:28+0200,a904e6f3-334f-49bc-a4eb-0da25ec44fa8,2026-09-20T19:15:00Z,2026-09-20T21:15:00+0200,79.26,EUR/MWh,DE,DE_LU,day_ahead_price,value,2026-09-23T16:20:45Z
2026-09-23T16:17:28Z,2026-09-23T18:17:28+0200,a904e6f3-334f-49bc-a4eb-0da25ec44fa8,2026-09-20T19:30:00Z,2026-09-20T21:30:00+0200,67.9,EUR/MWh,DE,DE_LU,day_ahead_price,value,2026-09-23T16:20:45Z
2026-09-23T16:17:28Z,2026-09-23T18:17:28+0200,a904e6f3-334f-49bc-a4eb-0da25ec44fa8,2026-09-20T19:45:00Z,2026-09-20T21:45:00+0200,65.36,EUR/MWh,DE,DE_LU,day_ahead_price,value,2026-09-23T16:20:45Z
2026-09-23T16:17:28Z,2026-09-23T18:17:28+0200,a904e6f3-334f-49bc-a4eb-0da25ec44fa8,2026-09-20T20:00:00Z,2026-09-20T22:00:00+0200,76.2,EUR/MWh,DE,DE_LU,day_ahead_price,value,2026-09-23T16:20:45Z
2026-09-23T16:17:28Z,2026-09-23T18:17:28+0200,a904e6f3-334f-49bc-a4eb-0da25ec44fa8,2026-09-20T20:15:00Z,2026-09-20T22:15:00+0200,80.07,EUR/MWh,DE,DE_LU,day_ahead_price,value,2026-09-23T16:20:45Z
2026-09-23T16:17:28Z,2026-09-23T18:17:28+0200,a904e6f3-334f-49bc-a4eb-0da25ec44fa8,2026-09-20T20:30:00Z,2026-09-20T22:30:00+0200,67.31,EUR/MWh,DE,DE_LU,day_ahead_price,value,2026-09-23T16:20:45Z
2026-09-23T16:17:28Z,2026-09-23T18:17:28+0200,a904e6f3-334f-49bc-a4eb-0da25ec44fa8,2026-09-20T20:45:00Z,2026-09-20T22:45:00+0200,61.68,EUR/MWh,DE,DE_LU,day_ahead_price,value,2026-09-23T16:20:45Z
2026-09-23T16:17:28Z,2026-09-23T18:17:28+0200,a904e6f3-334f-49bc-a4eb-0da25ec44fa8,2026-09-20T21:00:00Z,2026-09-20T23:00:00+0200,63.74,EUR/MWh,DE,DE_LU,day_ahead_price,value,2026-09-23T16:20:45Z
2026-09-23T16:17:28Z,2026-09-23T18:17:28+0200,a904e6f3-334f-49bc-a4eb-0da25ec44fa8,2026-09-20T21:15:00Z,2026-09-20T23:15:00+0200,60.09,EUR/MWh,DE,DE_LU,day_ahead_price,value,2026-09-23T16:20:45Z
2026-09-23T16:17:28Z,2026-09-23T18:17:28+0200,a904e6f3-334f-49bc-a4eb-0da25ec44fa8,2026-09-20T21:30:00Z,2026-09-20T23:30:00+0200,57.78,EUR/MWh,DE,DE_LU,day_ahead_price,value,2026-09-23T16:20:45Z
2026-09-23T16:17:28Z,2026-09-23T18:17:28+0200,a904e6f3-334f-49bc-a4eb-0da25ec44fa8,2026-09-20T21:45:00Z,2026-09-20T23:45:00+0200,51.76,EUR/MWh,DE,DE_LU,day_ahead_price,value,2026-09-23T16:20:45Z
2026-09-23T16:17:28Z,2026-09-23T18:17:28+0200,a904e6f3-334f-49bc-a4eb-0da25ec44fa8,2026-09-20T22:00:00Z,2026-09-21T00:00:00+0200,50.68,EUR/MWh,DE,DE_LU,day_ahead_price,value,2026-09-23T16:20:45Z
2026-09-23T16:17:28Z,2026-09-23T18:17:28+0200,a904e6f3-334f-49bc-a4eb-0da25ec44fa8,2026-09-20T22:15:00Z,2026-09-21T00:15:00+0200,50.29,EUR/MWh,DE,DE_LU,day_ahead_price,value,2026-09-23T16:20:45Z
2026-09-23T16:17:28Z,2026-09-23T18:17:28+0200,a904e6f3-334f-49bc-a4eb-0da25ec44fa8,2026-09-20T22:30:00Z,2026-09-21T00:30:00+0200,45.28,EUR/MWh,DE,DE_LU,day_ahead_price,value,2026-09-23T16:20:45Z
2026-09-23T16:17:28Z,2026-09-23T18:17:28+0200,a904e6f3-334f-49bc-a4eb-0da25ec44fa8,2026-09-20T22:45:00Z,2026-09-21T00:45:00+0200,40.81,EUR/MWh,DE,DE_LU,day_ahead_price,value,2026-09-23T16:20:45Z
2026-09-23T16:17:28Z,2026-09-23T18:17:28+0200,a904e6f3-334f-49bc-a4eb-0da25ec44fa8,2026-09-20T23:00:00Z,2026-09-21T01:00:00+0200,45.61,EUR/MWh,DE,DE_LU,day_ahead_price,value,2026-09-23T16:20:45Z
2026-09-23T16:17:28Z,2026-09-23T18:17:28+0200,a904e6f3-334f-49bc-a4eb-0da25ec44fa8,2026-09-20T23:15:00Z,2026-09-21T01:15:00+0200,41.88,EUR/MWh,DE,DE_LU,day_ahead_price,value,2026-09-23T16:20:45Z
2026-09-23T16:17:28Z,2026-09-23T18:17:28+0200,a904e6f3-334f-49bc-a4eb-0da25ec44fa8,2026-09-20T23:30:00Z,2026-09-21T01:30:00+0200,42.85,EUR/MWh,DE,DE_LU,day_ahead_price,value,2026-09-23T16:20:45Z
2026-09-23T16:17:28Z,2026-09-23T18:17:28+0200,a904e6f3-334f-49bc-a4eb-0da25ec44fa8,2026-09-20T23:45:00Z,2026-09-21T01:45:00+0200,40.01,EUR/MWh,DE,DE_LU,day_ahead_price,value,2026-09-23T16:20:45Z
2026-09-23T16:17:28Z,2026-09-23T18:17:28+0200,a904e6f3-334f-49bc-a4eb-0da25ec44fa8,2026-09-21T00:00:00Z,2026-09-21T02:00:00+0200,41.33,EUR/MWh,DE,DE_LU,day_ahead_price,value,2026-09-23T16:20:45Z
2026-09-23T16:17:28Z,2026-09-23T18:17:28+0200,a904e6f3-334f-49bc-a4eb-0da25ec44fa8,2026-09-21T00:15:00Z,2026-09-21T02:15:00+0200,37.85,EUR/MWh,DE,DE_LU,day_ahead_price,value,2026-09-23T16:20:45Z
2026-09-23T16:17:28Z,2026-09-23T18:17:28+0200,a904e6f3-334f-49bc-a4eb-0da25ec44fa8,2026-09-21T00:30:00Z,2026-09-21T02:30:00+0200,38.38,EUR/MWh,DE,DE_LU,day_ahead_price,value,2026-09-23T16:20:45Z
2026-09-23T16:17:28Z,2026-09-23T18:17:28+0200,a904e6f3-334f-49bc-a4eb-0da25ec44fa8,2026-09-21T00:45:00Z,2026-09-21T02:45:00+0200,39.82,EUR/MWh,DE,DE_LU,day_ahead_price,value,2026-09-23T16:20:45Z
2026-09-23T16:17:28Z,2026-09-23T18:17:28+0200,a904e6f3-334f-49bc-a4eb-0da25ec44fa8,2026-09-21T01:00:00Z,2026-09-21T03:00:00+0200,40.85,EUR/MWh,DE,DE_LU,day_ahead_price,value,2026-09-23T16:20:45Z
2026-09-23T16:17:28Z,2026-09-23T18:17:28+0200,a904e6f3-334f-49bc-a4eb-0da25ec44fa8,2026-09-21T01:15:00Z,2026-09-21T03:15:00+0200,41.02,EUR/MWh,DE,DE_LU,day_ahead_price,value,2026-09-23T16:20:45Z
2026-09-23T16:17:28Z,2026-09-23T18:17:28+0200,a904e6f3-334f-49bc-a4eb-0da25ec44fa8,2026-09-21T01:30:00Z,2026-09-21T03:30:00+0200,39.9,EUR/MWh,DE,DE_LU,day_ahead_price,value,2026-09-23T16:20:45Z
2026-09-23T16:17:28Z,2026-09-23T18:17:28+0200,a904e6f3-334f-49bc-a4eb-0da25ec44fa8,2026-09-21T01:45:00Z,2026-09-21T03:45:00+0200,37.99,EUR/MWh,DE,DE_LU,day_ahead_price,value,2026-09-23T16:20:45Z
2026-09-23T16:17:28Z,2026-09-23T18:17:28+0200,a904e6f3-334f-49bc-a4eb-0da25ec44fa8,2026-09-21T02:00:00Z,2026-09-21T04:00:00+0200,37.53,EUR/MWh,DE,DE_LU,day_ahead_price,value,2026-09-23T16:20:45Z
2026-09-23T16:17:28Z,2026-09-23T18:17:28+0200,a904e6f3-334f-49bc-a4eb-0da25ec44fa8,2026-09-21T02:15:00Z,2026-09-21T04:15:00+0200,39.24,EUR/MWh,DE,DE_LU,day_ahead_price,value,2026-09-23T16:20:45Z
2026-09-23T16:17:28Z,2026-09-23T18:17:28+0200,a904e6f3-334f-49bc-a4eb-0da25ec44fa8,2026-09-21T02:30:00Z,2026-09-21T04:30:00+0200,43.76,EUR/MWh,DE,DE_LU,day_ahead_price,value,2026-09-23T16:20:45Z
2026-09-23T16:17:28Z,2026-09-23T18:17:28+0200,a904e6f3-334f-49bc-a4eb-0da25ec44fa8,2026-09-21T02:45:00Z,2026-09-21T04:45:00+0200,47.2,EUR/MWh,DE,DE_LU,day_ahead_price,value,2026-09-23T16:20:45Z
2026-09-23T16:17:28Z,2026-09-23T18:17:28+0200,a904e6f3-334f-49bc-a4eb-0da25ec44fa8,2026-09-21T03:00:00Z,2026-09-21T05:00:00+0200,43.27,EUR/MWh,DE,DE_LU,day_ahead_price,value,2026-09-23T16:20:45Z
2026-09-23T16:17:28Z,2026-09-23T18:17:28+0200,a904e6f3-334f-49bc-a4eb-0da25ec44fa8,2026-09-21T03:15:00Z,2026-09-21T05:15:00+0200,54.93,EUR/MWh,DE,DE_LU,day_ahead_price,value,2026-09-23T16:20:45Z
2026-09-23T16:17:28Z,2026-09-23T18:17:28+0200,a904e6f3-334f-49bc-a4eb-0da25ec44fa8,2026-09-21T03:30:00Z,2026-09-21T05:30:00+0200,60.38,EUR/MWh,DE,DE_LU,day_ahead_price,value,2026-09-23T16:20:45Z
2026-09-23T16:17:28Z,2026-09-23T18:17:28+0200,a904e6f3-334f-49bc-a4eb-0da25ec44fa8,2026-09-21T03:45:00Z,2026-09-21T05:45:00+0200,76.69,EUR/MWh,DE,DE_LU,day_ahead_price,value,2026-09-23T16:20:45Z
2026-09-23T16:17:28Z,2026-09-23T18:17:28+0200,a904e6f3-334f-49bc-a4eb-0da25ec44fa8,2026-09-21T04:00:00Z,2026-09-21T06:00:00+0200,91.43,EUR/MWh,DE,DE_LU,day_ahead_price,value,2026-09-23T16:20:45Z
2026-09-23T16:17:28Z,2026-09-23T18:17:28+0200,a904e6f3-334f-49bc-a4eb-0da25ec44fa8,2026-09-21T04:15:00Z,2026-09-21T06:15:00+0200,124.61,EUR/MWh,DE,DE_LU,day_ahead_price,value,2026-09-23T16:20:45Z
2026-09-23T16:17:28Z,2026-09-23T18:17:28+0200,a904e6f3-334f-49bc-a4eb-0da25ec44fa8,2026-09-21T04:30:00Z,2026-09-21T06:30:00+0200,130.5,EUR/MWh,DE,DE_LU,day_ahead_price,value,2026-09-23T16:20:45Z
2026-09-23T16:17:28Z,2026-09-23T18:17:28+0200,a904e6f3-334f-49bc-a4eb-0da25ec44fa8,2026-09-21T04:45:00Z,2026-09-21T06:45:00+0200,148.88,EUR/MWh,DE,DE_LU,day_ahead_price,value,2026-09-23T16:20:45Z
2026-09-23T16:17:28Z,2026-09-23T18:17:28+0200,a904e6f3-334f-49bc-a4eb-0da25ec44fa8,2026-09-21T05:00:00Z,2026-09-21T07:00:00+0200,160.88,EUR/MWh,DE,DE_LU,day_ahead_price,value,2026-09-23T16:20:45Z
2026-09-23T16:17:28Z,2026-09-23T18:17:28+0200,a904e6f3-334f-49bc-a4eb-0da25ec44fa8,2026-09-21T05:15:00Z,2026-09-21T07:15:00+0200,187.01,EUR/MWh,DE,DE_LU,day_ahead_price,value,2026-09-23T16:20:45Z
2026-09-23T16:17:28Z,2026-09-23T18:17:28+0200,a904e6f3-334f-49bc-a4eb-0da25ec44fa8,2026-09-21T05:30:00Z,2026-09-21T07:30:00+0200,194.48,EUR/MWh,DE,DE_LU,day_ahead_price,value,2026-09-23T16:20:45Z
2026-09-23T16:17:28Z,2026-09-23T18:17:28+0200,a904e6f3-334f-49bc-a4eb-0da25ec44fa8,2026-09-21T05:45:00Z,2026-09-21T07:45:00+0200,170.08,EUR/MWh,DE,DE_LU,day_ahead_price,value,2026-09-23T16:20:45Z
2026-09-23T16:17:28Z,2026-09-23T18:17:28+0200,a904e6f3-334f-49bc-a4eb-0da25ec44fa8,2026-09-21T06:00:00Z,2026-09-21T08:00:00+0200,257.09,EUR/MWh,DE,DE_LU,day_ahead_price,value,2026-09-23T16:20:45Z
2026-09-23T16:17:28Z,2026-09-23T18:17:28+0200,a904e6f3-334f-49bc-a4eb-0da25ec44fa8,2026-09-21T06:15:00Z,2026-09-21T08:15:00+0200,195.49,EUR/MWh,DE,DE_LU,day_ahead_price,value,2026-09-23T16:20:45Z
2026-09-23T16:17:28Z,2026-09-23T18:17:28+0200,a904e6f3-334f-49bc-a4eb-0da25ec44fa8,2026-09-21T06:30:00Z,2026-09-21T08:30:00+0200,154.11,EUR/MWh,DE,DE_LU,day_ahead_price,value,2026-09-23T16:20:45Z
2026-09-23T16:17:28Z,2026-09-23T18:17:28+0200,a904e6f3-334f-49bc-a4eb-0da25ec44fa8,2026-09-21T06:45:00Z,2026-09-21T08:45:00+0200,108.01,EUR/MWh,DE,DE_LU,day_ahead_price,value,2026-09-23T16:20:45Z
2026-09-23T16:17:28Z,2026-09-23T18:17:28+0200,a904e6f3-334f-49bc-a4eb-0da25ec44fa8,2026-09-21T07:00:00Z,2026-09-21T09:00:00+0200,121.74,EUR/MWh,DE,DE_LU,day_ahead_price,value,2026-09-23T16:20:45Z
2026-09-23T16:17:28Z,2026-09-23T18:17:28+0200,a904e6f3-334f-49bc-a4eb-0da25ec44fa8,2026-09-21T07:15:00Z,2026-09-21T09:15:00+0200,103.29,EUR/MWh,DE,DE_LU,day_ahead_price,value,2026-09-23T16:20:45Z
2026-09-23T16:17:28Z,2026-09-23T18:17:28+0200,a904e6f3-334f-49bc-a4eb-0da25ec44fa8,2026-09-21T07:30:00Z,2026-09-21T09:30:00+0200,63.51,EUR/MWh,DE,DE_LU,day_ahead_price,value,2026-09-23T16:20:45Z
2026-09-23T16:17:28Z,2026-09-23T18:17:28+0200,a904e6f3-334f-49bc-a4eb-0da25ec44fa8,2026-09-21T07:45:00Z,2026-09-21T09:45:00+0200,43.74,EUR/MWh,DE,DE_LU,day_ahead_price,value,2026-09-23T16:20:45Z
2026-09-23T16:17:28Z,2026-09-23T18:17:28+0200,a904e6f3-334f-49bc-a4eb-0da25ec44fa8,2026-09-21T08:00:00Z,2026-09-21T10:00:00+0200,62.15,EUR/MWh,DE,DE_LU,day_ahead_price,value,2026-09-23T16:20:45Z
2026-09-23T16:17:28Z,2026-09-23T18:17:28+0200,a904e6f3-334f-49bc-a4eb-0da25ec44fa8,2026-09-21T08:15:00Z,2026-09-21T10:15:00+0200,33.39,EUR/MWh,DE,DE_LU,day_ahead_price,value,2026-09-23T16:20:45Z
2026-09-23T16:17:28Z,2026-09-23T18:17:28+0200,a904e6f3-334f-49bc-a4eb-0da25ec44fa8,2026-09-21T08:30:00Z,2026-09-21T10:30:00+0200,28.43,EUR/MWh,DE,DE_LU,day_ahead_price,value,2026-09-23T16:20:45Z
2026-09-23T16:17:28Z,2026-09-23T18:17:28+0200,a904e6f3-334f-49bc-a4eb-0da25ec44fa8,2026-09-21T08:45:00Z,2026-09-21T10:45:00+0200,11.39,EUR/MWh,DE,DE_LU,day_ahead_price,value,2026-09-23T16:20:45Z
2026-09-23T16:17:28Z,2026-09-23T18:17:28+0200,a904e6f3-334f-49bc-a4eb-0da25ec44fa8,2026-09-21T09:00:00Z,2026-09-21T11:00:00+0200,19.82,EUR/MWh,DE,DE_LU,day_ahead_price,value,2026-09-23T16:20:45Z
2026-09-23T16:17:28Z,2026-09-23T18:17:28+0200,a904e6f3-334f-49bc-a4eb-0da25ec44fa8,2026-09-21T09:15:00Z,2026-09-21T11:15:00+0200,13.13,EUR/MWh,DE,DE_LU,day_ahead_price,value,2026-09-23T16:20:45Z
2026-09-23T16:17:28Z,2026-09-23T18:17:28+0200,a904e6f3-334f-49bc-a4eb-0da25ec44fa8,2026-09-21T09:30:00Z,2026-09-21T11:30:00+0200,2.66,EUR/MWh,DE,DE_LU,day_ahead_price,value,2026-09-23T16:20:45Z
2026-09-23T16:17:28Z,2026-09-23T18:17:28+0200,a904e6f3-334f-49bc-a4eb-0da25ec44fa8,2026-09-21T09:45:00Z,2026-09-21T11:45:00+0200,0.03,EUR/MWh,DE,DE_LU,day_ahead_price,value,2026-09-23T16:20:45Z
2026-09-23T16:17:28Z,2026-09-23T18:17:28+0200,a904e6f3-334f-49bc-a4eb-0da25ec44fa8,2026-09-21T10:00:00Z,2026-09-21T12:00:00+0200,0.76,EUR/MWh,DE,DE_LU,day_ahead_price,value,2026-09-23T16:20:45Z
2026-09-23T16:17:28Z,2026-09-23T18:17:28+0200,a904e6f3-334f-49bc-a4eb-0da25ec44fa8,2026-09-21T10:15:00Z,2026-09-21T12:15:00+0200,0.01,EUR/MWh,DE,DE_LU,day_ahead_price,value,2026-09-23T16:20:45Z
2026-09-23T16:17:28Z,2026-09-23T18:17:28+0200,a904e6f3-334f-49bc-a4eb-0da25ec44fa8,2026-09-21T10:30:00Z,2026-09-21T12:30:00+0200,0.02,EUR/MWh,DE,DE_LU,day_ahead_price,value,2026-09-23T16:20:45Z
2026-09-23T16:17:28Z,2026-09-23T18:17:28+0200,a904e6f3-334f-49bc-a4eb-0da25ec44fa8,2026-09-21T10:45:00Z,2026-09-21T12:45:00+0200,0.01,EUR/MWh,DE,DE_LU,day_ahead_price,value,2026-09-23T16:20:45Z
2026-09-23T16:17:28Z,2026-09-23T18:17:28+0200,a904e6f3-334f-49bc-a4eb-0da25ec44fa8,2026-09-21T11:00:00Z,2026-09-21T13:00:00+0200,0.0,EUR/MWh,DE,DE_LU,day_ahead_price,value,2026-09-23T16:20:45Z
2026-09-23T16:17:28Z,2026-09-23T18:17:28+0200,a904e6f3-334f-49bc-a4eb-0da25ec44fa8,2026-09-21T11:15:00Z,2026-09-21T13:15:00+0200,0.0,EUR/MWh,DE,DE_LU,day_ahead_price,value,2026-09-23T16:20:45Z
2026-09-23T16:17:28Z,2026-09-23T18:17:28+0200,a904e6f3-334f-49bc-a4eb-0da25ec44fa8,2026-09-21T11:30:00Z,2026-09-21T13:30:00+0200,0.0,EUR/MWh,DE,DE_LU,day_ahead_price,value,2026-09-23T16:20:45Z
2026-09-23T16:17:28Z,2026-09-23T18:17:28+0200,a904e6f3-334f-49bc-a4eb-0da25ec44fa8,2026-09-21T11:45:00Z,2026-09-21T13:45:00+0200,0.0,EUR/MWh,DE,DE_LU,day_ahead_price,value,2026-09-23T16:20:45Z
2026-09-23T16:17:28Z,2026-09-23T18:17:28+0200,a904e6f3-334f-49bc-a4eb-0da25ec44fa8,2026-09-21T12:00:00Z,2026-09-21T14:00:00+0200,0.0,EUR/MWh,DE,DE_LU,day_ahead_price,value,2026-09-23T16:20:45Z
2026-09-23T16:17:28Z,2026-09-23T18:17:28+0200,a904e6f3-334f-49bc-a4eb-0da25ec44fa8,2026-09-21T12:15:00Z,2026-09-21T14:15:00+0200,0.0,EUR/MWh,DE,DE_LU,day_ahead_price,value,2026-09-23T16:20:45Z
2026-09-23T16:17:28Z,2026-09-23T18:17:28+0200,a904e6f3-334f-49bc-a4eb-0da25ec44fa8,2026-09-21T12:30:00Z,2026-09-21T14:30:00+0200,0.01,EUR/MWh,DE,DE_LU,day_ahead_price,value,2026-09-23T16:20:45Z
2026-09-23T16:17:28Z,2026-09-23T18:17:28+0200,a904e6f3-334f-49bc-a4eb-0da25ec44fa8,2026-09-21T12:45:00Z,2026-09-21T14:45:00+0200,0.03,EUR/MWh,DE,DE_LU,day_ahead_price,value,2026-09-23T16:20:45Z
2026-09-23T16:17:28Z,2026-09-23T18:17:28+0200,a904e6f3-334f-49bc-a4eb-0da25ec44fa8,2026-09-21T13:00:00Z,2026-09-21T15:00:00+0200,0.0,EUR/MWh,DE,DE_LU,day_ahead_price,value,2026-09-23T16:20:45Z
2026-09-23T16:17:28Z,2026-09-23T18:17:28+0200,a904e6f3-334f-49bc-a4eb-0da25ec44fa8,2026-09-21T13:15:00Z,2026-09-21T15:15:00+0200,0.03,EUR/MWh,DE,DE_LU,day_ahead_price,value,2026-09-23T16:20:45Z
2026-09-23T16:17:28Z,2026-09-23T18:17:28+0200,a904e6f3-334f-49bc-a4eb-0da25ec44fa8,2026-09-21T13:30:00Z,2026-09-21T15:30:00+0200,0.1,EUR/MWh,DE,DE_LU,day_ahead_price,value,2026-09-23T16:20:45Z
2026-09-23T16:17:28Z,2026-09-23T18:17:28+0200,a904e6f3-334f-49bc-a4eb-0da25ec44fa8,2026-09-21T13:45:00Z,2026-09-21T15:45:00+0200,5.47,EUR/MWh,DE,DE_LU,day_ahead_price,value,2026-09-23T16:20:45Z
2026-09-23T16:17:28Z,2026-09-23T18:17:28+0200,a904e6f3-334f-49bc-a4eb-0da25ec44fa8,2026-09-21T14:00:00Z,2026-09-21T16:00:00+0200,0.08,EUR/MWh,DE,DE_LU,day_ahead_price,value,2026-09-23T16:20:45Z
2026-09-23T16:17:28Z,2026-09-23T18:17:28+0200,a904e6f3-334f-49bc-a4eb-0da25ec44fa8,2026-09-21T14:15:00Z,2026-09-21T16:15:00+0200,20.95,EUR/MWh,DE,DE_LU,day_ahead_price,value,2026-09-23T16:20:45Z
2026-09-23T16:17:28Z,2026-09-23T18:17:28+0200,a904e6f3-334f-49bc-a4eb-0da25ec44fa8,2026-09-21T14:30:00Z,2026-09-21T16:30:00+0200,33.95,EUR/MWh,DE,DE_LU,day_ahead_price,value,2026-09-23T16:20:45Z
2026-09-23T16:17:28Z,2026-09-23T18:17:28+0200,a904e6f3-334f-49bc-a4eb-0da25ec44fa8,2026-09-21T14:45:00Z,2026-09-21T16:45:00+0200,59.32,EUR/MWh,DE,DE_LU,day_ahead_price,value,2026-09-23T16:20:45Z
2026-09-23T16:17:28Z,2026-09-23T18:17:28+0200,a904e6f3-334f-49bc-a4eb-0da25ec44fa8,2026-09-21T15:00:00Z,2026-09-21T17:00:00+0200,22.71,EUR/MWh,DE,DE_LU,day_ahead_price,value,2026-09-23T16:20:45Z
2026-09-23T16:17:28Z,2026-09-23T18:17:28+0200,a904e6f3-334f-49bc-a4eb-0da25ec44fa8,2026-09-21T15:15:00Z,2026-09-21T17:15:00+0200,67.08,EUR/MWh,DE,DE_LU,day_ahead_price,value,2026-09-23T16:20:45Z
2026-09-23T16:17:28Z,2026-09-23T18:17:28+0200,a904e6f3-334f-49bc-a4eb-0da25ec44fa8,2026-09-21T15:30:00Z,2026-09-21T17:30:00+0200,135.63,EUR/MWh,DE,DE_LU,day_ahead_price,value,2026-09-23T16:20:45Z
2026-09-23T16:17:28Z,2026-09-23T18:17:28+0200,a904e6f3-334f-49bc-a4eb-0da25ec44fa8,2026-09-21T15:45:00Z,2026-09-21T17:45:00+0200,203.34,EUR/MWh,DE,DE_LU,day_ahead_price,value,2026-09-23T16:20:45Z
2026-09-23T16:17:28Z,2026-09-23T18:17:28+0200,a904e6f3-334f-49bc-a4eb-0da25ec44fa8,2026-09-21T16:00:00Z,2026-09-21T18:00:00+0200,166.62,EUR/MWh,DE,DE_LU,day_ahead_price,value,2026-09-23T16:20:45Z
2026-09-23T16:17:28Z,2026-09-23T18:17:28+0200,a904e6f3-334f-49bc-a4eb-0da25ec44fa8,2026-09-21T16:15:00Z,2026-09-21T18:15:00+0200,198.79,EUR/MWh,DE,DE_LU,day_ahead_price,value,2026-09-23T16:20:45Z
2026-09-23T16:17:28Z,2026-09-23T18:17:28+0200,a904e6f3-334f-49bc-a4eb-0da25ec44fa8,2026-09-21T16:30:00Z,2026-09-21T18:30:00+0200,222.59,EUR/MWh,DE,DE_LU,day_ahead_price,value,2026-09-23T16:20:45Z
2026-09-23T16:17:28Z,2026-09-23T18:17:28+0200,a904e6f3-334f-49bc-a4eb-0da25ec44fa8,2026-09-21T16:45:00Z,2026-09-21T18:45:00+0200,261.72,EUR/MWh,DE,DE_LU,day_ahead_price,value,2026-09-23T16:20:45Z
2026-09-23T16:17:28Z,2026-09-23T18:17:28+0200,a904e6f3-334f-49bc-a4eb-0da25ec44fa8,2026-09-21T17:00:00Z,2026-09-21T19:00:00+0200,220.8,EUR/MWh,DE,DE_LU,day_ahead_price,value,2026-09-23T16:20:45Z
2026-09-23T16:17:28Z,2026-09-23T18:17:28+0200,a904e6f3-334f-49bc-a4eb-0da25ec44fa8,2026-09-21T17:15:00Z,2026-09-21T19:15:00+0200,223.97,EUR/MWh,DE,DE_LU,day_ahead_price,value,2026-09-23T16:20:45Z
2026-09-23T16:17:28Z,2026-09-23T18:17:28+0200,a904e6f3-334f-49bc-a4eb-0da25ec44fa8,2026-09-21T17:30:00Z,2026-09-21T19:30:00+0200,251.23,EUR/MWh,DE,DE_LU,day_ahead_price,value,2026-09-23T16:20:45Z
2026-09-23T16:17:28Z,2026-09-23T18:17:28+0200,a904e6f3-334f-49bc-a4eb-0da25ec44fa8,2026-09-21T17:45:00Z,2026-09-21T19:45:00+0200,275.9,EUR/MWh,DE,DE_LU,day_ahead_price,value,2026-09-23T16:20:45Z
2026-09-23T16:17:28Z,2026-09-23T18:17:28+0200,a904e6f3-334f-49bc-a4eb-0da25ec44fa8,2026-09-21T18:00:00Z,2026-09-21T20:00:00+0200,251.3,EUR/MWh,DE,DE_LU,day_ahead_price,value,2026-09-23T16:20:45Z
2026-09-23T16:17:28Z,2026-09-23T18:17:28+0200,a904e6f3-334f-49bc-a4eb-0da25ec44fa8,2026-09-21T18:15:00Z,2026-09-21T20:15:00+0200,250.28,EUR/MWh,DE,DE_LU,day_ahead_price,value,2026-09-23T16:20:45Z
2026-09-23T16:17:28Z,2026-09-23T18:17:28+0200,a904e6f3-334f-49bc-a4eb-0da25ec44fa8,2026-09-21T18:30:00Z,2026-09-21T20:30:00+0200,243.48,EUR/MWh,DE,DE_LU,day_ahead_price,value,2026-09-23T16:20:45Z
2026-09-23T16:17:28Z,2026-09-23T18:17:28+0200,a904e6f3-334f-49bc-a4eb-0da25ec44fa8,2026-09-21T18:45:00Z,2026-09-21T20:45:00+0200,219.04,EUR/MWh,DE,DE_LU,day_ahead_price,value,2026-09-23T16:20:45Z
2026-09-23T16:17:28Z,2026-09-23T18:17:28+0200,a904e6f3-334f-49bc-a4eb-0da25ec44fa8,2026-09-21T19:00:00Z,2026-09-21T21:00:00+0200,232.28,EUR/MWh,DE,DE_LU,day_ahead_price,value,2026-09-23T16:20:45Z
2026-09-23T16:17:28Z,2026-09-23T18:17:28+0200,a904e6f3-334f-49bc-a4eb-0da25ec44fa8,2026-09-21T19:15:00Z,2026-09-21T21:15:00+0200,218.15,EUR/MWh,DE,DE_LU,day_ahead_price,value,2026-09-23T16:20:45Z
2026-09-23T16:17:28Z,2026-09-23T18:17:28+0200,a904e6f3-334f-49bc-a4eb-0da25ec44fa8,2026-09-21T19:30:00Z,2026-09-21T21:30:00+0200,213.93,EUR/MWh,DE,DE_LU,day_ahead_price,value,2026-09-23T16:20:45Z
2026-09-23T16:17:28Z,2026-09-23T18:17:28+0200,a904e6f3-334f-49bc-a4eb-0da25ec44fa8,2026-09-21T19:45:00Z,2026-09-21T21:45:00+0200,206.68,EUR/MWh,DE,DE_LU,day_ahead_price,value,2026-09-23T16:20:45Z
2026-09-23T16:17:28Z,2026-09-23T18:17:28+0200,a904e6f3-334f-49bc-a4eb-0da25ec44fa8,2026-09-21T20:00:00Z,2026-09-21T22:00:00+0200,216.0,EUR/MWh,DE,DE_LU,day_ahead_price,value,2026-09-23T16:20:45Z
2026-09-23T16:17:28Z,2026-09-23T18:17:28+0200,a904e6f3-334f-49bc-a4eb-0da25ec44fa8,2026-09-21T20:15:00Z,2026-09-21T22:15:00+0200,204.58,EUR/MWh,DE,DE_LU,day_ahead_price,value,2026-09-23T16:20:45Z
2026-09-23T16:17:28Z,2026-09-23T18:17:28+0200,a904e6f3-334f-49bc-a4eb-0da25ec44fa8,2026-09-21T20:30:00Z,2026-09-21T22:30:00+0200,206.08,EUR/MWh,DE,DE_LU,day_ahead_price,value,2026-09-23T16:20:45Z
2026-09-23T16:17:28Z,2026-09-23T18:17:28+0200,a904e6f3-334f-49bc-a4eb-0da25ec44fa8,2026-09-21T20:45:00Z,2026-09-21T22:45:00+0200,196.23,EUR/MWh,DE,DE_LU,day_ahead_price,value,2026-09-23T16:20:45Z
2026-09-23T16:17:28Z,2026-09-23T18:17:28+0200,a904e6f3-334f-49bc-a4eb-0da25ec44fa8,2026-09-21T21:00:00Z,2026-09-21T23:00:00+0200,197.98,EUR/MWh,DE,DE_LU,day_ahead_price,value,2026-09-23T16:20:45Z
2026-09-23T16:17:28Z,2026-09-23T18:17:28+0200,a904e6f3-334f-49bc-a4eb-0da25ec44fa8,2026-09-21T21:15:00Z,2026-09-21T23:15:00+0200,184.14,EUR/MWh,DE,DE_LU,day_ahead_price,value,2026-09-23T16:20:45Z
2026-09-23T16:17:28Z,2026-09-23T18:17:28+0200,a904e6f3-334f-49bc-a4eb-0da25ec44fa8,2026-09-21T21:30:00Z,2026-09-21T23:30:00+0200,186.58,EUR/MWh,DE,DE_LU,day_ahead_price,value,2026-09-23T16:20:45Z
2026-09-23T16:17:28Z,2026-09-23T18:17:28+0200,a904e6f3-334f-49bc-a4eb-0da25ec44fa8,2026-09-21T21:45:00Z,2026-09-21T23:45:00+0200,172.11,EUR/MWh,DE,DE_LU,day_ahead_price,value,2026-09-23T16:20:45Z
2026-09-23T16:17:28Z,2026-09-23T18:17:28+0200,a904e6f3-334f-49bc-a4eb-0da25ec44fa8,2026-09-21T22:00:00Z,2026-09-22T00:00:00+0200,189.97,EUR/MWh,DE,DE_LU,day_ahead_price,value,2026-09-23T16:20:45Z
2026-09-23T16:17:28Z,2026-09-23T18:17:28+0200,a904e6f3-334f-49bc-a4eb-0da25ec44fa8,2026-09-21T22:15:00Z,2026-09-22T00:15:00+0200,183.05,EUR/MWh,DE,DE_LU,day_ahead_price,value,2026-09-23T16:20:45Z
2026-09-23T16:17:28Z,2026-09-23T18:17:28+0200,a904e6f3-334f-49bc-a4eb-0da25ec44fa8,2026-09-21T22:30:00Z,2026-09-22T00:30:00+0200,176.66,EUR/MWh,DE,DE_LU,day_ahead_price,value,2026-09-23T16:20:45Z
2026-09-23T16:17:28Z,2026-09-23T18:17:28+0200,a904e6f3-334f-49bc-a4eb-0da25ec44fa8,2026-09-21T22:45:00Z,2026-09-22T00:45:00+0200,175.81,EUR/MWh,DE,DE_LU,day_ahead_price,value,2026-09-23T16:20:45Z
2026-09-23T16:17:28Z,2026-09-23T18:17:28+0200,a904e6f3-334f-49bc-a4eb-0da25ec44fa8,2026-09-21T23:00:00Z,2026-09-22T01:00:00+0200,177.29,EUR/MWh,DE,DE_LU,day_ahead_price,value,2026-09-23T16:20:45Z
2026-09-23T16:17:28Z,2026-09-23T18:17:28+0200,a904e6f3-334f-49bc-a4eb-0da25ec44fa8,2026-09-21T23:15:00Z,2026-09-22T01:15:00+0200,174.96,EUR/MWh,DE,DE_LU,day_ahead_price,value,2026-09-23T16:20:45Z
2026-09-23T16:17:28Z,2026-09-23T18:17:28+0200,a904e6f3-334f-49bc-a4eb-0da25ec44fa8,2026-09-21T23:30:00Z,2026-09-22T01:30:00+0200,176.55,EUR/MWh,DE,DE_LU,day_ahead_price,value,2026-09-23T16:20:45Z
2026-09-23T16:17:28Z,2026-09-23T18:17:28+0200,a904e6f3-334f-49bc-a4eb-0da25ec44fa8,2026-09-21T23:45:00Z,2026-09-22T01:45:00+0200,175.61,EUR/MWh,DE,DE_LU,day_ahead_price,value,2026-09-23T16:20:45Z
2026-09-23T16:17:28Z,2026-09-23T18:17:28+0200,a904e6f3-334f-49bc-a4eb-0da25ec44fa8,2026-09-22T00:00:00Z,2026-09-22T02:00:00+0200,175.89,EUR/MWh,DE,DE_LU,day_ahead_price,value,2026-09-23T16:20:45Z
2026-09-23T16:17:28Z,2026-09-23T18:17:28+0200,a904e6f3-334f-49bc-a4eb-0da25ec44fa8,2026-09-22T00:15:00Z,2026-09-22T02:15:00+0200,174.39,EUR/MWh,DE,DE_LU,day_ahead_price,value,2026-09-23T16:20:45Z
2026-09-23T16:17:28Z,2026-09-23T18:17:28+0200,a904e6f3-334f-49bc-a4eb-0da25ec44fa8,2026-09-22T00:30:00Z,2026-09-22T02:30:00+0200,172.41,EUR/MWh,DE,DE_LU,day_ahead_price,value,2026-09-23T16:20:45Z
2026-09-23T16:17:28Z,2026-09-23T18:17:28+0200,a904e6f3-334f-49bc-a4eb-0da25ec44fa8,2026-09-22T00:45:00Z,2026-09-22T02:45:00+0200,171.52,EUR/MWh,DE,DE_LU,day_ahead_price,value,2026-09-23T16:20:45Z
2026-09-23T16:17:28Z,2026-09-23T18:17:28+0200,a904e6f3-334f-49bc-a4eb-0da25ec44fa8,2026-09-22T01:00:00Z,2026-09-22T03:00:00+0200,173.57,EUR/MWh,DE,DE_LU,day_ahead_price,value,2026-09-23T16:20:45Z
2026-09-23T16:17:28Z,2026-09-23T18:17:28+0200,a904e6f3-334f-49bc-a4eb-0da25ec44fa8,2026-09-22T01:15:00Z,2026-09-22T03:15:00+0200,170.91,EUR/MWh,DE,DE_LU,day_ahead_price,value,2026-09-23T16:20:45Z
2026-09-23T16:17:28Z,2026-09-23T18:17:28+0200,a904e6f3-334f-49bc-a4eb-0da25ec44fa8,2026-09-22T01:30:00Z,2026-09-22T03:30:00+0200,170.42,EUR/MWh,DE,DE_LU,day_ahead_price,value,2026-09-23T16:20:45Z
2026-09-23T16:17:28Z,2026-09-23T18:17:28+0200,a904e6f3-334f-49bc-a4eb-0da25ec44fa8,2026-09-22T01:45:00Z,2026-09-22T03:45:00+0200,171.42,EUR/MWh,DE,DE_LU,day_ahead_price,value,2026-09-23T16:20:45Z
2026-09-23T16:17:28Z,2026-09-23T18:17:28+0200,a904e6f3-334f-49bc-a4eb-0da25ec44fa8,2026-09-22T02:00:00Z,2026-09-22T04:00:00+0200,172.65,EUR/MWh,DE,DE_LU,day_ahead_price,value,2026-09-23T16:20:45Z
2026-09-23T16:17:28Z,2026-09-23T18:17:28+0200,a904e6f3-334f-49bc-a4eb-0da25ec44fa8,2026-09-22T02:15:00Z,2026-09-22T04:15:00+0200,172.33,EUR/MWh,DE,DE_LU,day_ahead_price,value,2026-09-23T16:20:45Z
2026-09-23T16:17:28Z,2026-09-23T18:17:28+0200,a904e6f3-334f-49bc-a4eb-0da25ec44fa8,2026-09-22T02:30:00Z,2026-09-22T04:30:00+0200,174.19,EUR/MWh,DE,DE_LU,day_ahead_price,value,2026-09-23T16:20:45Z
2026-09-23T16:17:28Z,2026-09-23T18:17:28+0200,a904e6f3-334f-49bc-a4eb-0da25ec44fa8,2026-09-22T02:45:00Z,2026-09-22T04:45:00+0200,180.34,EUR/MWh,DE,DE_LU,day_ahead_price,value,2026-09-23T16:20:45Z
2026-09-23T16:17:28Z,2026-09-23T18:17:28+0200,a904e6f3-334f-49bc-a4eb-0da25ec44fa8,2026-09-22T03:00:00Z,2026-09-22T05:00:00+0200,167.7,EUR/MWh,DE,DE_LU,day_ahead_price,value,2026-09-23T16:20:45Z
2026-09-23T16:17:28Z,2026-09-23T18:17:28+0200,a904e6f3-334f-49bc-a4eb-0da25ec44fa8,2026-09-22T03:15:00Z,2026-09-22T05:15:00+0200,180.53,EUR/MWh,DE,DE_LU,day_ahead_price,value,2026-09-23T16:20:45Z
2026-09-23T16:17:28Z,2026-09-23T18:17:28+0200,a904e6f3-334f-49bc-a4eb-0da25ec44fa8,2026-09-22T03:30:00Z,2026-09-22T05:30:00+0200,193.44,EUR/MWh,DE,DE_LU,day_ahead_price,value,2026-09-23T16:20:45Z
2026-09-23T16:17:28Z,2026-09-23T18:17:28+0200,a904e6f3-334f-49bc-a4eb-0da25ec44fa8,2026-09-22T03:45:00Z,2026-09-22T05:45:00+0200,224.33,EUR/MWh,DE,DE_LU,day_ahead_price,value,2026-09-23T16:20:45Z
2026-09-23T16:17:28Z,2026-09-23T18:17:28+0200,a904e6f3-334f-49bc-a4eb-0da25ec44fa8,2026-09-22T04:00:00Z,2026-09-22T06:00:00+0200,198.34,EUR/MWh,DE,DE_LU,day_ahead_price,value,2026-09-23T16:20:45Z
2026-09-23T16:17:28Z,2026-09-23T18:17:28+0200,a904e6f3-334f-49bc-a4eb-0da25ec44fa8,2026-09-22T04:15:00Z,2026-09-22T06:15:00+0200,225.83,EUR/MWh,DE,DE_LU,day_ahead_price,value,2026-09-23T16:20:45Z
2026-09-23T16:17:28Z,2026-09-23T18:17:28+0200,a904e6f3-334f-49bc-a4eb-0da25ec44fa8,2026-09-22T04:30:00Z,2026-09-22T06:30:00+0200,253.32,EUR/MWh,DE,DE_LU,day_ahead_price,value,2026-09-23T16:20:45Z
2026-09-23T16:17:28Z,2026-09-23T18:17:28+0200,a904e6f3-334f-49bc-a4eb-0da25ec44fa8,2026-09-22T04:45:00Z,2026-09-22T06:45:00+0200,277.03,EUR/MWh,DE,DE_LU,day_ahead_price,value,2026-09-23T16:20:45Z
2026-09-23T16:17:28Z,2026-09-23T18:17:28+0200,a904e6f3-334f-49bc-a4eb-0da25ec44fa8,2026-09-22T05:00:00Z,2026-09-22T07:00:00+0200,289.86,EUR/MWh,DE,DE_LU,day_ahead_price,value,2026-09-23T16:20:45Z
2026-09-23T16:17:28Z,2026-09-23T18:17:28+0200,a904e6f3-334f-49bc-a4eb-0da25ec44fa8,2026-09-22T05:15:00Z,2026-09-22T07:15:00+0200,302.05,EUR/MWh,DE,DE_LU,day_ahead_price,value,2026-09-23T16:20:45Z
2026-09-23T16:17:28Z,2026-09-23T18:17:28+0200,a904e6f3-334f-49bc-a4eb-0da25ec44fa8,2026-09-22T05:30:00Z,2026-09-22T07:30:00+0200,293.4,EUR/MWh,DE,DE_LU,day_ahead_price,value,2026-09-23T16:20:45Z
2026-09-23T16:17:28Z,2026-09-23T18:17:28+0200,a904e6f3-334f-49bc-a4eb-0da25ec44fa8,2026-09-22T05:45:00Z,2026-09-22T07:45:00+0200,276.47,EUR/MWh,DE,DE_LU,day_ahead_price,value,2026-09-23T16:20:45Z
2026-09-23T16:17:28Z,2026-09-23T18:17:28+0200,a904e6f3-334f-49bc-a4eb-0da25ec44fa8,2026-09-22T06:00:00Z,2026-09-22T08:00:00+0200,282.29,EUR/MWh,DE,DE_LU,day_ahead_price,value,2026-09-23T16:20:45Z
2026-09-23T16:17:28Z,2026-09-23T18:17:28+0200,a904e6f3-334f-49bc-a4eb-0da25ec44fa8,2026-09-22T06:15:00Z,2026-09-22T08:15:00+0200,268.06,EUR/MWh,DE,DE_LU,day_ahead_price,value,2026-09-23T16:20:45Z
2026-09-23T16:17:28Z,2026-09-23T18:17:28+0200,a904e6f3-334f-49bc-a4eb-0da25ec44fa8,2026-09-22T06:30:00Z,2026-09-22T08:30:00+0200,240.76,EUR/MWh,DE,DE_LU,day_ahead_price,value,2026-09-23T16:20:45Z
2026-09-23T16:17:28Z,2026-09-23T18:17:28+0200,a904e6f3-334f-49bc-a4eb-0da25ec44fa8,2026-09-22T06:45:00Z,2026-09-22T08:45:00+0200,204.98,EUR/MWh,DE,DE_LU,day_ahead_price,value,2026-09-23T16:20:45Z
2026-09-23T16:17:28Z,2026-09-23T18:17:28+0200,a904e6f3-334f-49bc-a4eb-0da25ec44fa8,2026-09-22T07:00:00Z,2026-09-22T09:00:00+0200,247.86,EUR/MWh,DE,DE_LU,day_ahead_price,value,2026-09-23T16:20:45Z
2026-09-23T16:17:28Z,2026-09-23T18:17:28+0200,a904e6f3-334f-49bc-a4eb-0da25ec44fa8,2026-09-22T07:15:00Z,2026-09-22T09:15:00+0200,217.86,EUR/MWh,DE,DE_LU,day_ahead_price,value,2026-09-23T16:20:45Z
2026-09-23T16:17:28Z,2026-09-23T18:17:28+0200,a904e6f3-334f-49bc-a4eb-0da25ec44fa8,2026-09-22T07:30:00Z,2026-09-22T09:30:00+0200,191.48,EUR/MWh,DE,DE_LU,day_ahead_price,value,2026-09-23T16:20:45Z
2026-09-23T16:17:28Z,2026-09-23T18:17:28+0200,a904e6f3-334f-49bc-a4eb-0da25ec44fa8,2026-09-22T07:45:00Z,2026-09-22T09:45:00+0200,166.18,EUR/MWh,DE,DE_LU,day_ahead_price,value,2026-09-23T16:20:45Z
2026-09-23T16:17:28Z,2026-09-23T18:17:28+0200,a904e6f3-334f-49bc-a4eb-0da25ec44fa8,2026-09-22T08:00:00Z,2026-09-22T10:00:00+0200,186.02,EUR/MWh,DE,DE_LU,day_ahead_price,value,2026-09-23T16:20:45Z
2026-09-23T16:17:28Z,2026-09-23T18:17:28+0200,a904e6f3-334f-49bc-a4eb-0da25ec44fa8,2026-09-22T08:15:00Z,2026-09-22T10:15:00+0200,173.99,EUR/MWh,DE,DE_LU,day_ahead_price,value,2026-09-23T16:20:45Z
2026-09-23T16:17:28Z,2026-09-23T18:17:28+0200,a904e6f3-334f-49bc-a4eb-0da25ec44fa8,2026-09-22T08:30:00Z,2026-09-22T10:30:00+0200,167.25,EUR/MWh,DE,DE_LU,day_ahead_price,value,2026-09-23T16:20:45Z
2026-09-23T16:17:28Z,2026-09-23T18:17:28+0200,a904e6f3-334f-49bc-a4eb-0da25ec44fa8,2026-09-22T08:45:00Z,2026-09-22T10:45:00+0200,161.83,EUR/MWh,DE,DE_LU,day_ahead_price,value,2026-09-23T16:20:45Z
2026-09-23T16:17:28Z,2026-09-23T18:17:28+0200,a904e6f3-334f-49bc-a4eb-0da25ec44fa8,2026-09-22T09:00:00Z,2026-09-22T11:00:00+0200,162.63,EUR/MWh,DE,DE_LU,day_ahead_price,value,2026-09-23T16:20:45Z
2026-09-23T16:17:28Z,2026-09-23T18:17:28+0200,a904e6f3-334f-49bc-a4eb-0da25ec44fa8,2026-09-22T09:15:00Z,2026-09-22T11:15:00+0200,151.03,EUR/MWh,DE,DE_LU,day_ahead_price,value,2026-09-23T16:20:45Z
2026-09-23T16:17:28Z,2026-09-23T18:17:28+0200,a904e6f3-334f-49bc-a4eb-0da25ec44fa8,2026-09-22T09:30:00Z,2026-09-22T11:30:00+0200,144.7,EUR/MWh,DE,DE_LU,day_ahead_price,value,2026-09-23T16:20:45Z
2026-09-23T16:17:28Z,2026-09-23T18:17:28+0200,a904e6f3-334f-49bc-a4eb-0da25ec44fa8,2026-09-22T09:45:00Z,2026-09-22T11:45:00+0200,135.85,EUR/MWh,DE,DE_LU,day_ahead_price,value,2026-09-23T16:20:45Z
2026-09-23T16:17:28Z,2026-09-23T18:17:28+0200,a904e6f3-334f-49bc-a4eb-0da25ec44fa8,2026-09-22T10:00:00Z,2026-09-22T12:00:00+0200,128.76,EUR/MWh,DE,DE_LU,day_ahead_price,value,2026-09-23T16:20:45Z
2026-09-23T16:17:28Z,2026-09-23T18:17:28+0200,a904e6f3-334f-49bc-a4eb-0da25ec44fa8,2026-09-22T10:15:00Z,2026-09-22T12:15:00+0200,130.54,EUR/MWh,DE,DE_LU,day_ahead_price,value,2026-09-23T16:20:45Z
2026-09-23T16:17:28Z,2026-09-23T18:17:28+0200,a904e6f3-334f-49bc-a4eb-0da25ec44fa8,2026-09-22T10:30:00Z,2026-09-22T12:30:00+0200,125.51,EUR/MWh,DE,DE_LU,day_ahead_price,value,2026-09-23T16:20:45Z
2026-09-23T16:17:28Z,2026-09-23T18:17:28+0200,a904e6f3-334f-49bc-a4eb-0da25ec44fa8,2026-09-22T10:45:00Z,2026-09-22T12:45:00+0200,118.22,EUR/MWh,DE,DE_LU,day_ahead_price,value,2026-09-23T16:20:45Z
2026-09-23T16:17:28Z,2026-09-23T18:17:28+0200,a904e6f3-334f-49bc-a4eb-0da25ec44fa8,2026-09-22T11:00:00Z,2026-09-22T13:00:00+0200,119.31,EUR/MWh,DE,DE_LU,day_ahead_price,value,2026-09-23T16:20:45Z
2026-09-23T16:17:28Z,2026-09-23T18:17:28+0200,a904e6f3-334f-49bc-a4eb-0da25ec44fa8,2026-09-22T11:15:00Z,2026-09-22T13:15:00+0200,117.72,EUR/MWh,DE,DE_LU,day_ahead_price,value,2026-09-23T16:20:45Z
2026-09-23T16:17:28Z,2026-09-23T18:17:28+0200,a904e6f3-334f-49bc-a4eb-0da25ec44fa8,2026-09-22T11:30:00Z,2026-09-22T13:30:00+0200,114.92,EUR/MWh,DE,DE_LU,day_ahead_price,value,2026-09-23T16:20:45Z
2026-09-23T16:17:28Z,2026-09-23T18:17:28+0200,a904e6f3-334f-49bc-a4eb-0da25ec44fa8,2026-09-22T11:45:00Z,2026-09-22T13:45:00+0200,112.14,EUR/MWh,DE,DE_LU,day_ahead_price,value,2026-09-23T16:20:45Z
2026-09-23T16:17:28Z,2026-09-23T18:17:28+0200,a904e6f3-334f-49bc-a4eb-0da25ec44fa8,2026-09-22T12:00:00Z,2026-09-22T14:00:00+0200,115.15,EUR/MWh,DE,DE_LU,day_ahead_price,value,2026-09-23T16:20:45Z
2026-09-23T16:17:28Z,2026-09-23T18:17:28+0200,a904e6f3-334f-49bc-a4eb-0da25ec44fa8,2026-09-22T12:15:00Z,2026-09-22T14:15:00+0200,119.39,EUR/MWh,DE,DE_LU,day_ahead_price,value,2026-09-23T16:20:45Z
2026-09-23T16:17:28Z,2026-09-23T18:17:28+0200,a904e6f3-334f-49bc-a4eb-0da25ec44fa8,2026-09-22T12:30:00Z,2026-09-22T14:30:00+0200,119.08,EUR/MWh,DE,DE_LU,day_ahead_price,value,2026-09-23T16:20:45Z
2026-09-23T16:17:28Z,2026-09-23T18:17:28+0200,a904e6f3-334f-49bc-a4eb-0da25ec44fa8,2026-09-22T12:45:00Z,2026-09-22T14:45:00+0200,122.93,EUR/MWh,DE,DE_LU,day_ahead_price,value,2026-09-23T16:20:45Z
2026-09-23T16:17:28Z,2026-09-23T18:17:28+0200,a904e6f3-334f-49bc-a4eb-0da25ec44fa8,2026-09-22T13:00:00Z,2026-09-22T15:00:00+0200,124.89,EUR/MWh,DE,DE_LU,day_ahead_price,value,2026-09-23T16:20:45Z
2026-09-23T16:17:28Z,2026-09-23T18:17:28+0200,a904e6f3-334f-49bc-a4eb-0da25ec44fa8,2026-09-22T13:15:00Z,2026-09-22T15:15:00+0200,130.22,EUR/MWh,DE,DE_LU,day_ahead_price,value,2026-09-23T16:20:45Z
2026-09-23T16:17:28Z,2026-09-23T18:17:28+0200,a904e6f3-334f-49bc-a4eb-0da25ec44fa8,2026-09-22T13:30:00Z,2026-09-22T15:30:00+0200,139.62,EUR/MWh,DE,DE_LU,day_ahead_price,value,2026-09-23T16:20:45Z
2026-09-23T16:17:28Z,2026-09-23T18:17:28+0200,a904e6f3-334f-49bc-a4eb-0da25ec44fa8,2026-09-22T13:45:00Z,2026-09-22T15:45:00+0200,151.71,EUR/MWh,DE,DE_LU,day_ahead_price,value,2026-09-23T16:20:45Z
2026-09-23T16:17:28Z,2026-09-23T18:17:28+0200,a904e6f3-334f-49bc-a4eb-0da25ec44fa8,2026-09-22T14:00:00Z,2026-09-22T16:00:00+0200,147.3,EUR/MWh,DE,DE_LU,day_ahead_price,value,2026-09-23T16:20:45Z
2026-09-23T16:17:28Z,2026-09-23T18:17:28+0200,a904e6f3-334f-49bc-a4eb-0da25ec44fa8,2026-09-22T14:15:00Z,2026-09-22T16:15:00+0200,161.28,EUR/MWh,DE,DE_LU,day_ahead_price,value,2026-09-23T16:20:45Z
2026-09-23T16:17:28Z,2026-09-23T18:17:28+0200,a904e6f3-334f-49bc-a4eb-0da25ec44fa8,2026-09-22T14:30:00Z,2026-09-22T16:30:00+0200,185.78,EUR/MWh,DE,DE_LU,day_ahead_price,value,2026-09-23T16:20:45Z
2026-09-23T16:17:28Z,2026-09-23T18:17:28+0200,a904e6f3-334f-49bc-a4eb-0da25ec44fa8,2026-09-22T14:45:00Z,2026-09-22T16:45:00+0200,213.13,EUR/MWh,DE,DE_LU,day_ahead_price,value,2026-09-23T16:20:45Z
2026-09-23T16:17:28Z,2026-09-23T18:17:28+0200,a904e6f3-334f-49bc-a4eb-0da25ec44fa8,2026-09-22T15:00:00Z,2026-09-22T17:00:00+0200,164.68,EUR/MWh,DE,DE_LU,day_ahead_price,value,2026-09-23T16:20:45Z
2026-09-23T16:17:28Z,2026-09-23T18:17:28+0200,a904e6f3-334f-49bc-a4eb-0da25ec44fa8,2026-09-22T15:15:00Z,2026-09-22T17:15:00+0200,211.86,EUR/MWh,DE,DE_LU,day_ahead_price,value,2026-09-23T16:20:45Z
2026-09-23T16:17:28Z,2026-09-23T18:17:28+0200,a904e6f3-334f-49bc-a4eb-0da25ec44fa8,2026-09-22T15:30:00Z,2026-09-22T17:30:00+0200,241.96,EUR/MWh,DE,DE_LU,day_ahead_price,value,2026-09-23T16:20:45Z
2026-09-23T16:17:28Z,2026-09-23T18:17:28+0200,a904e6f3-334f-49bc-a4eb-0da25ec44fa8,2026-09-22T15:45:00Z,2026-09-22T17:45:00+0200,289.06,EUR/MWh,DE,DE_LU,day_ahead_price,value,2026-09-23T16:20:45Z
2026-09-23T16:17:28Z,2026-09-23T18:17:28+0200,a904e6f3-334f-49bc-a4eb-0da25ec44fa8,2026-09-22T16:00:00Z,2026-09-22T18:00:00+0200,253.0,EUR/MWh,DE,DE_LU,day_ahead_price,value,2026-09-23T16:20:45Z
2026-09-23T16:17:28Z,2026-09-23T18:17:28+0200,a904e6f3-334f-49bc-a4eb-0da25ec44fa8,2026-09-22T16:15:00Z,2026-09-22T18:15:00+0200,317.94,EUR/MWh,DE,DE_LU,day_ahead_price,value,2026-09-23T16:20:45Z
2026-09-23T16:17:28Z,2026-09-23T18:17:28+0200,a904e6f3-334f-49bc-a4eb-0da25ec44fa8,2026-09-22T16:30:00Z,2026-09-22T18:30:00+0200,417.93,EUR/MWh,DE,DE_LU,day_ahead_price,value,2026-09-23T16:20:45Z
2026-09-23T16:17:28Z,2026-09-23T18:17:28+0200,a904e6f3-334f-49bc-a4eb-0da25ec44fa8,2026-09-22T16:45:00Z,2026-09-22T18:45:00+0200,510.34,EUR/MWh,DE,DE_LU,day_ahead_price,value,2026-09-23T16:20:45Z
2026-09-23T16:17:28Z,2026-09-23T18:17:28+0200,a904e6f3-334f-49bc-a4eb-0da25ec44fa8,2026-09-22T17:00:00Z,2026-09-22T19:00:00+0200,564.09,EUR/MWh,DE,DE_LU,day_ahead_price,value,2026-09-23T16:20:45Z
2026-09-23T16:17:28Z,2026-09-23T18:17:28+0200,a904e6f3-334f-49bc-a4eb-0da25ec44fa8,2026-09-22T17:15:00Z,2026-09-22T19:15:00+0200,647.5,EUR/MWh,DE,DE_LU,day_ahead_price,value,2026-09-23T16:20:45Z
2026-09-23T16:17:28Z,2026-09-23T18:17:28+0200,a904e6f3-334f-49bc-a4eb-0da25ec44fa8,2026-09-22T17:30:00Z,2026-09-22T19:30:00+0200,640.67,EUR/MWh,DE,DE_LU,day_ahead_price,value,2026-09-23T16:20:45Z
2026-09-23T16:17:28Z,2026-09-23T18:17:28+0200,a904e6f3-334f-49bc-a4eb-0da25ec44fa8,2026-09-22T17:45:00Z,2026-09-22T19:45:00+0200,533.26,EUR/MWh,DE,DE_LU,day_ahead_price,value,2026-09-23T16:20:45Z
2026-09-23T16:17:28Z,2026-09-23T18:17:28+0200,a904e6f3-334f-49bc-a4eb-0da25ec44fa8,2026-09-22T18:00:00Z,2026-09-22T20:00:00+0200,543.39,EUR/MWh,DE,DE_LU,day_ahead_price,value,2026-09-23T16:20:45Z
2026-09-23T16:17:28Z,2026-09-23T18:17:28+0200,a904e6f3-334f-49bc-a4eb-0da25ec44fa8,2026-09-22T18:15:00Z,2026-09-22T20:15:00+0200,442.38,EUR/MWh,DE,DE_LU,day_ahead_price,value,2026-09-23T16:20:45Z
2026-09-23T16:17:28Z,2026-09-23T18:17:28+0200,a904e6f3-334f-49bc-a4eb-0da25ec44fa8,2026-09-22T18:30:00Z,2026-09-22T20:30:00+0200,389.22,EUR/MWh,DE,DE_LU,day_ahead_price,value,2026-09-23T16:20:45Z
2026-09-23T16:17:28Z,2026-09-23T18:17:28+0200,a904e6f3-334f-49bc-a4eb-0da25ec44fa8,2026-09-22T18:45:00Z,2026-09-22T20:45:00+0200,357.66,EUR/MWh,DE,DE_LU,day_ahead_price,value,2026-09-23T16:20:45Z
2026-09-23T16:17:28Z,2026-09-23T18:17:28+0200,a904e6f3-334f-49bc-a4eb-0da25ec44fa8,2026-09-22T19:00:00Z,2026-09-22T21:00:00+0200,315.72,EUR/MWh,DE,DE_LU,day_ahead_price,value,2026-09-23T16:20:45Z
2026-09-23T16:17:28Z,2026-09-23T18:17:28+0200,a904e6f3-334f-49bc-a4eb-0da25ec44fa8,2026-09-22T19:15:00Z,2026-09-22T21:15:00+0200,292.8,EUR/MWh,DE,DE_LU,day_ahead_price,value,2026-09-23T16:20:45Z
2026-09-23T16:17:28Z,2026-09-23T18:17:28+0200,a904e6f3-334f-49bc-a4eb-0da25ec44fa8,2026-09-22T19:30:00Z,2026-09-22T21:30:00+0200,291.88,EUR/MWh,DE,DE_LU,day_ahead_price,value,2026-09-23T16:20:45Z
2026-09-23T16:17:28Z,2026-09-23T18:17:28+0200,a904e6f3-334f-49bc-a4eb-0da25ec44fa8,2026-09-22T19:45:00Z,2026-09-22T21:45:00+0200,256.14,EUR/MWh,DE,DE_LU,day_ahead_price,value,2026-09-23T16:20:45Z
2026-09-23T16:17:28Z,2026-09-23T18:17:28+0200,a904e6f3-334f-49bc-a4eb-0da25ec44fa8,2026-09-22T20:00:00Z,2026-09-22T22:00:00+0200,258.79,EUR/MWh,DE,DE_LU,day_ahead_price,value,2026-09-23T16:20:45Z
2026-09-23T16:17:28Z,2026-09-23T18:17:28+0200,a904e6f3-334f-49bc-a4eb-0da25ec44fa8,2026-09-22T20:15:00Z,2026-09-22T22:15:00+0200,252.99,EUR/MWh,DE,DE_LU,day_ahead_price,value,2026-09-23T16:20:45Z
2026-09-23T16:17:28Z,2026-09-23T18:17:28+0200,a904e6f3-334f-49bc-a4eb-0da25ec44fa8,2026-09-22T20:30:00Z,2026-09-22T22:30:00+0200,249.35,EUR/MWh,DE,DE_LU,day_ahead_price,value,2026-09-23T16:20:45Z
2026-09-23T16:17:28Z,2026-09-23T18:17:28+0200,a904e6f3-334f-49bc-a4eb-0da25ec44fa8,2026-09-22T20:45:00Z,2026-09-22T22:45:00+0200,225.58,EUR/MWh,DE,DE_LU,day_ahead_price,value,2026-09-23T16:20:45Z
2026-09-23T16:17:28Z,2026-09-23T18:17:28+0200,a904e6f3-334f-49bc-a4eb-0da25ec44fa8,2026-09-22T21:00:00Z,2026-09-22T23:00:00+0200,226.09,EUR/MWh,DE,DE_LU,day_ahead_price,value,2026-09-23T16:20:45Z
2026-09-23T16:17:28Z,2026-09-23T18:17:28+0200,a904e6f3-334f-49bc-a4eb-0da25ec44fa8,2026-09-22T21:15:00Z,2026-09-22T23:15:00+0200,214.54,EUR/MWh,DE,DE_LU,day_ahead_price,value,2026-09-23T16:20:45Z
2026-09-23T16:17:28Z,2026-09-23T18:17:28+0200,a904e6f3-334f-49bc-a4eb-0da25ec44fa8,2026-09-22T21:30:00Z,2026-09-22T23:30:00+0200,210.21,EUR/MWh,DE,DE_LU,day_ahead_price,value,2026-09-23T16:20:45Z
2026-09-23T16:17:28Z,2026-09-23T18:17:28+0200,a904e6f3-334f-49bc-a4eb-0da25ec44fa8,2026-09-22T21:45:00Z,2026-09-22T23:45:00+0200,201.18,EUR/MWh,DE,DE_LU,day_ahead_price,value,2026-09-23T16:20:45Z
2026-09-23T16:17:28Z,2026-09-23T18:17:28+0200,a904e6f3-334f-49bc-a4eb-0da25ec44fa8,2026-09-22T22:00:00Z,2026-09-23T00:00:00+0200,194.51,EUR/MWh,DE,DE_LU,day_ahead_price,value,2026-09-23T16:20:45Z
2026-09-23T16:17:28Z,2026-09-23T18:17:28+0200,a904e6f3-334f-49bc-a4eb-0da25ec44fa8,2026-09-22T22:15:00Z,2026-09-23T00:15:00+0200,188.57,EUR/MWh,DE,DE_LU,day_ahead_price,value,2026-09-23T16:20:45Z
2026-09-23T16:17:28Z,2026-09-23T18:17:28+0200,a904e6f3-334f-49bc-a4eb-0da25ec44fa8,2026-09-22T22:30:00Z,2026-09-23T00:30:00+0200,190.3,EUR/MWh,DE,DE_LU,day_ahead_price,value,2026-09-23T16:20:45Z
2026-09-23T16:17:28Z,2026-09-23T18:17:28+0200,a904e6f3-334f-49bc-a4eb-0da25ec44fa8,2026-09-22T22:45:00Z,2026-09-23T00:45:00+0200,182.46,EUR/MWh,DE,DE_LU,day_ahead_price,value,2026-09-23T16:20:45Z
2026-09-23T16:17:28Z,2026-09-23T18:17:28+0200,a904e6f3-334f-49bc-a4eb-0da25ec44fa8,2026-09-22T23:00:00Z,2026-09-23T01:00:00+0200,181.76,EUR/MWh,DE,DE_LU,day_ahead_price,value,2026-09-23T16:20:45Z
2026-09-23T16:17:28Z,2026-09-23T18:17:28+0200,a904e6f3-334f-49bc-a4eb-0da25ec44fa8,2026-09-22T23:15:00Z,2026-09-23T01:15:00+0200,174.93,EUR/MWh,DE,DE_LU,day_ahead_price,value,2026-09-23T16:20:45Z
2026-09-23T16:17:28Z,2026-09-23T18:17:28+0200,a904e6f3-334f-49bc-a4eb-0da25ec44fa8,2026-09-22T23:30:00Z,2026-09-23T01:30:00+0200,173.68,EUR/MWh,DE,DE_LU,day_ahead_price,value,2026-09-23T16:20:45Z
2026-09-23T16:17:28Z,2026-09-23T18:17:28+0200,a904e6f3-334f-49bc-a4eb-0da25ec44fa8,2026-09-22T23:45:00Z,2026-09-23T01:45:00+0200,179.0,EUR/MWh,DE,DE_LU,day_ahead_price,value,2026-09-23T16:20:45Z
2026-09-23T16:17:28Z,2026-09-23T18:17:28+0200,a904e6f3-334f-49bc-a4eb-0da25ec44fa8,2026-09-23T00:00:00Z,2026-09-23T02:00:00+0200,174.52,EUR/MWh,DE,DE_LU,day_ahead_price,value,2026-09-23T16:20:45Z
2026-09-23T16:17:28Z,2026-09-23T18:17:28+0200,a904e6f3-334f-49bc-a4eb-0da25ec44fa8,2026-09-23T00:15:00Z,2026-09-23T02:15:00+0200,171.11,EUR/MWh,DE,DE_LU,day_ahead_price,value,2026-09-23T16:20:45Z
2026-09-23T16:17:28Z,2026-09-23T18:17:28+0200,a904e6f3-334f-49bc-a4eb-0da25ec44fa8,2026-09-23T00:30:00Z,2026-09-23T02:30:00+0200,177.24,EUR/MWh,DE,DE_LU,day_ahead_price,value,2026-09-23T16:20:45Z
2026-09-23T16:17:28Z,2026-09-23T18:17:28+0200,a904e6f3-334f-49bc-a4eb-0da25ec44fa8,2026-09-23T00:45:00Z,2026-09-23T02:45:00+0200,183.06,EUR/MWh,DE,DE_LU,day_ahead_price,value,2026-09-23T16:20:45Z
2026-09-23T16:17:28Z,2026-09-23T18:17:28+0200,a904e6f3-334f-49bc-a4eb-0da25ec44fa8,2026-09-23T01:00:00Z,2026-09-23T03:00:00+0200,176.72,EUR/MWh,DE,DE_LU,day_ahead_price,value,2026-09-23T16:20:45Z
2026-09-23T16:17:28Z,2026-09-23T18:17:28+0200,a904e6f3-334f-49bc-a4eb-0da25ec44fa8,2026-09-23T01:15:00Z,2026-09-23T03:15:00+0200,178.53,EUR/MWh,DE,DE_LU,day_ahead_price,value,2026-09-23T16:20:45Z
2026-09-23T16:17:28Z,2026-09-23T18:17:28+0200,a904e6f3-334f-49bc-a4eb-0da25ec44fa8,2026-09-23T01:30:00Z,2026-09-23T03:30:00+0200,178.72,EUR/MWh,DE,DE_LU,day_ahead_price,value,2026-09-23T16:20:45Z
2026-09-23T16:17:28Z,2026-09-23T18:17:28+0200,a904e6f3-334f-49bc-a4eb-0da25ec44fa8,2026-09-23T01:45:00Z,2026-09-23T03:45:00+0200,173.43,EUR/MWh,DE,DE_LU,day_ahead_price,value,2026-09-23T16:20:45Z
2026-09-23T16:17:28Z,2026-09-23T18:17:28+0200,a904e6f3-334f-49bc-a4eb-0da25ec44fa8,2026-09-23T02:00:00Z,2026-09-23T04:00:00+0200,173.39,EUR/MWh,DE,DE_LU,day_ahead_price,value,2026-09-23T16:20:45Z
2026-09-23T16:17:28Z,2026-09-23T18:17:28+0200,a904e6f3-334f-49bc-a4eb-0da25ec44fa8,2026-09-23T02:15:00Z,2026-09-23T04:15:00+0200,178.13,EUR/MWh,DE,DE_LU,day_ahead_price,value,2026-09-23T16:20:45Z
2026-09-23T16:17:28Z,2026-09-23T18:17:28+0200,a904e6f3-334f-49bc-a4eb-0da25ec44fa8,2026-09-23T02:30:00Z,2026-09-23T04:30:00+0200,178.35,EUR/MWh,DE,DE_LU,day_ahead_price,value,2026-09-23T16:20:45Z
2026-09-23T16:17:28Z,2026-09-23T18:17:28+0200,a904e6f3-334f-49bc-a4eb-0da25ec44fa8,2026-09-23T02:45:00Z,2026-09-23T04:45:00+0200,173.94,EUR/MWh,DE,DE_LU,day_ahead_price,value,2026-09-23T16:20:45Z
2026-09-23T16:17:28Z,2026-09-23T18:17:28+0200,a904e6f3-334f-49bc-a4eb-0da25ec44fa8,2026-09-23T03:00:00Z,2026-09-23T05:00:00+0200,171.61,EUR/MWh,DE,DE_LU,day_ahead_price,value,2026-09-23T16:20:45Z
2026-09-23T16:17:28Z,2026-09-23T18:17:28+0200,a904e6f3-334f-49bc-a4eb-0da25ec44fa8,2026-09-23T03:15:00Z,2026-09-23T05:15:00+0200,188.0,EUR/MWh,DE,DE_LU,day_ahead_price,value,2026-09-23T16:20:45Z
2026-09-23T16:17:28Z,2026-09-23T18:17:28+0200,a904e6f3-334f-49bc-a4eb-0da25ec44fa8,2026-09-23T03:30:00Z,2026-09-23T05:30:00+0200,202.0,EUR/MWh,DE,DE_LU,day_ahead_price,value,2026-09-23T16:20:45Z
2026-09-23T16:17:28Z,2026-09-23T18:17:28+0200,a904e6f3-334f-49bc-a4eb-0da25ec44fa8,2026-09-23T03:45:00Z,2026-09-23T05:45:00+0200,232.86,EUR/MWh,DE,DE_LU,day_ahead_price,value,2026-09-23T16:20:45Z
2026-09-23T16:17:28Z,2026-09-23T18:17:28+0200,a904e6f3-334f-49bc-a4eb-0da25ec44fa8,2026-09-23T04:00:00Z,2026-09-23T06:00:00+0200,236.07,EUR/MWh,DE,DE_LU,day_ahead_price,value,2026-09-23T16:20:45Z
2026-09-23T16:17:28Z,2026-09-23T18:17:28+0200,a904e6f3-334f-49bc-a4eb-0da25ec44fa8,2026-09-23T04:15:00Z,2026-09-23T06:15:00+0200,260.63,EUR/MWh,DE,DE_LU,day_ahead_price,value,2026-09-23T16:20:45Z
2026-09-23T16:17:28Z,2026-09-23T18:17:28+0200,a904e6f3-334f-49bc-a4eb-0da25ec44fa8,2026-09-23T04:30:00Z,2026-09-23T06:30:00+0200,355.5,EUR/MWh,DE,DE_LU,day_ahead_price,value,2026-09-23T16:20:45Z
2026-09-23T16:17:28Z,2026-09-23T18:17:28+0200,a904e6f3-334f-49bc-a4eb-0da25ec44fa8,2026-09-23T04:45:00Z,2026-09-23T06:45:00+0200,347.79,EUR/MWh,DE,DE_LU,day_ahead_price,value,2026-09-23T16:20:45Z
2026-09-23T16:17:28Z,2026-09-23T18:17:28+0200,a904e6f3-334f-49bc-a4eb-0da25ec44fa8,2026-09-23T05:00:00Z,2026-09-23T07:00:00+0200,370.63,EUR/MWh,DE,DE_LU,day_ahead_price,value,2026-09-23T16:20:45Z
2026-09-23T16:17:28Z,2026-09-23T18:17:28+0200,a904e6f3-334f-49bc-a4eb-0da25ec44fa8,2026-09-23T05:15:00Z,2026-09-23T07:15:00+0200,385.35,EUR/MWh,DE,DE_LU,day_ahead_price,value,2026-09-23T16:20:45Z
2026-09-23T16:17:28Z,2026-09-23T18:17:28+0200,a904e6f3-334f-49bc-a4eb-0da25ec44fa8,2026-09-23T05:30:00Z,2026-09-23T07:30:00+0200,348.25,EUR/MWh,DE,DE_LU,day_ahead_price,value,2026-09-23T16:20:45Z
2026-09-23T16:17:28Z,2026-09-23T18:17:28+0200,a904e6f3-334f-49bc-a4eb-0da25ec44fa8,2026-09-23T05:45:00Z,2026-09-23T07:45:00+0200,280.09,EUR/MWh,DE,DE_LU,day_ahead_price,value,2026-09-23T16:20:45Z
2026-09-23T16:17:28Z,2026-09-23T18:17:28+0200,a904e6f3-334f-49bc-a4eb-0da25ec44fa8,2026-09-23T06:00:00Z,2026-09-23T08:00:00+0200,274.32,EUR/MWh,DE,DE_LU,day_ahead_price,value,2026-09-23T16:20:45Z
2026-09-23T16:17:28Z,2026-09-23T18:17:28+0200,a904e6f3-334f-49bc-a4eb-0da25ec44fa8,2026-09-23T06:15:00Z,2026-09-23T08:15:00+0200,240.5,EUR/MWh,DE,DE_LU,day_ahead_price,value,2026-09-23T16:20:45Z
2026-09-23T16:17:28Z,2026-09-23T18:17:28+0200,a904e6f3-334f-49bc-a4eb-0da25ec44fa8,2026-09-23T06:30:00Z,2026-09-23T08:30:00+0200,224.31,EUR/MWh,DE,DE_LU,day_ahead_price,value,2026-09-23T16:20:45Z
2026-09-23T16:17:28Z,2026-09-23T18:17:28+0200,a904e6f3-334f-49bc-a4eb-0da25ec44fa8,2026-09-23T06:45:00Z,2026-09-23T08:45:00+0200,189.12,EUR/MWh,DE,DE_LU,day_ahead_price,value,2026-09-23T16:20:45Z
2026-09-23T16:17:28Z,2026-09-23T18:17:28+0200,a904e6f3-334f-49bc-a4eb-0da25ec44fa8,2026-09-23T07:00:00Z,2026-09-23T09:00:00+0200,217.94,EUR/MWh,DE,DE_LU,day_ahead_price,value,2026-09-23T16:20:45Z
2026-09-23T16:17:28Z,2026-09-23T18:17:28+0200,a904e6f3-334f-49bc-a4eb-0da25ec44fa8,2026-09-23T07:15:00Z,2026-09-23T09:15:00+0200,193.88,EUR/MWh,DE,DE_LU,day_ahead_price,value,2026-09-23T16:20:45Z
2026-09-23T16:17:28Z,2026-09-23T18:17:28+0200,a904e6f3-334f-49bc-a4eb-0da25ec44fa8,2026-09-23T07:30:00Z,2026-09-23T09:30:00+0200,170.82,EUR/MWh,DE,DE_LU,day_ahead_price,value,2026-09-23T16:20:45Z
2026-09-23T16:17:28Z,2026-09-23T18:17:28+0200,a904e6f3-334f-49bc-a4eb-0da25ec44fa8,2026-09-23T07:45:00Z,2026-09-23T09:45:00+0200,146.46,EUR/MWh,DE,DE_LU,day_ahead_price,value,2026-09-23T16:20:45Z
2026-09-23T16:17:28Z,2026-09-23T18:17:28+0200,a904e6f3-334f-49bc-a4eb-0da25ec44fa8,2026-09-23T08:00:00Z,2026-09-23T10:00:00+0200,166.24,EUR/MWh,DE,DE_LU,day_ahead_price,value,2026-09-23T16:20:45Z
2026-09-23T16:17:28Z,2026-09-23T18:17:28+0200,a904e6f3-334f-49bc-a4eb-0da25ec44fa8,2026-09-23T08:15:00Z,2026-09-23T10:15:00+0200,148.1,EUR/MWh,DE,DE_LU,day_ahead_price,value,2026-09-23T16:20:45Z
2026-09-23T16:17:28Z,2026-09-23T18:17:28+0200,a904e6f3-334f-49bc-a4eb-0da25ec44fa8,2026-09-23T08:30:00Z,2026-09-23T10:30:00+0200,134.95,EUR/MWh,DE,DE_LU,day_ahead_price,value,2026-09-23T16:20:45Z
2026-09-23T16:17:28Z,2026-09-23T18:17:28+0200,a904e6f3-334f-49bc-a4eb-0da25ec44fa8,2026-09-23T08:45:00Z,2026-09-23T10:45:00+0200,116.12,EUR/MWh,DE,DE_LU,day_ahead_price,value,2026-09-23T16:20:45Z
2026-09-23T16:17:28Z,2026-09-23T18:17:28+0200,a904e6f3-334f-49bc-a4eb-0da25ec44fa8,2026-09-23T09:00:00Z,2026-09-23T11:00:00+0200,119.82,EUR/MWh,DE,DE_LU,day_ahead_price,value,2026-09-23T16:20:45Z
2026-09-23T16:17:28Z,2026-09-23T18:17:28+0200,a904e6f3-334f-49bc-a4eb-0da25ec44fa8,2026-09-23T09:15:00Z,2026-09-23T11:15:00+0200,107.13,EUR/MWh,DE,DE_LU,day_ahead_price,value,2026-09-23T16:20:45Z
2026-09-23T16:17:28Z,2026-09-23T18:17:28+0200,a904e6f3-334f-49bc-a4eb-0da25ec44fa8,2026-09-23T09:30:00Z,2026-09-23T11:30:00+0200,86.82,EUR/MWh,DE,DE_LU,day_ahead_price,value,2026-09-23T16:20:45Z
2026-09-23T16:17:28Z,2026-09-23T18:17:28+0200,a904e6f3-334f-49bc-a4eb-0da25ec44fa8,2026-09-23T09:45:00Z,2026-09-23T11:45:00+0200,75.87,EUR/MWh,DE,DE_LU,day_ahead_price,value,2026-09-23T16:20:45Z
2026-09-23T16:17:28Z,2026-09-23T18:17:28+0200,a904e6f3-334f-49bc-a4eb-0da25ec44fa8,2026-09-23T10:00:00Z,2026-09-23T12:00:00+0200,85.87,EUR/MWh,DE,DE_LU,day_ahead_price,value,2026-09-23T16:20:45Z
2026-09-23T16:17:28Z,2026-09-23T18:17:28+0200,a904e6f3-334f-49bc-a4eb-0da25ec44fa8,2026-09-23T10:15:00Z,2026-09-23T12:15:00+0200,73.37,EUR/MWh,DE,DE_LU,day_ahead_price,value,2026-09-23T16:20:45Z
2026-09-23T16:17:28Z,2026-09-23T18:17:28+0200,a904e6f3-334f-49bc-a4eb-0da25ec44fa8,2026-09-23T10:30:00Z,2026-09-23T12:30:00+0200,69.72,EUR/MWh,DE,DE_LU,day_ahead_price,value,2026-09-23T16:20:45Z
2026-09-23T16:17:28Z,2026-09-23T18:17:28+0200,a904e6f3-334f-49bc-a4eb-0da25ec44fa8,2026-09-23T10:45:00Z,2026-09-23T12:45:00+0200,63.26,EUR/MWh,DE,DE_LU,day_ahead_price,value,2026-09-23T16:20:45Z
2026-09-23T16:17:28Z,2026-09-23T18:17:28+0200,a904e6f3-334f-49bc-a4eb-0da25ec44fa8,2026-09-23T11:00:00Z,2026-09-23T13:00:00+0200,64.74,EUR/MWh,DE,DE_LU,day_ahead_price,value,2026-09-23T16:20:45Z
2026-09-23T16:17:28Z,2026-09-23T18:17:28+0200,a904e6f3-334f-49bc-a4eb-0da25ec44fa8,2026-09-23T11:15:00Z,2026-09-23T13:15:00+0200,60.02,EUR/MWh,DE,DE_LU,day_ahead_price,value,2026-09-23T16:20:45Z
2026-09-23T16:17:28Z,2026-09-23T18:17:28+0200,a904e6f3-334f-49bc-a4eb-0da25ec44fa8,2026-09-23T11:30:00Z,2026-09-23T13:30:00+0200,55.07,EUR/MWh,DE,DE_LU,day_ahead_price,value,2026-09-23T16:20:45Z
2026-09-23T16:17:28Z,2026-09-23T18:17:28+0200,a904e6f3-334f-49bc-a4eb-0da25ec44fa8,2026-09-23T11:45:00Z,2026-09-23T13:45:00+0200,49.47,EUR/MWh,DE,DE_LU,day_ahead_price,value,2026-09-23T16:20:45Z
2026-09-23T16:17:28Z,2026-09-23T18:17:28+0200,a904e6f3-334f-49bc-a4eb-0da25ec44fa8,2026-09-23T12:00:00Z,2026-09-23T14:00:00+0200,41.99,EUR/MWh,DE,DE_LU,day_ahead_price,value,2026-09-23T16:20:45Z
2026-09-23T16:17:28Z,2026-09-23T18:17:28+0200,a904e6f3-334f-49bc-a4eb-0da25ec44fa8,2026-09-23T12:15:00Z,2026-09-23T14:15:00+0200,64.85,EUR/MWh,DE,DE_LU,day_ahead_price,value,2026-09-23T16:20:45Z
2026-09-23T16:17:28Z,2026-09-23T18:17:28+0200,a904e6f3-334f-49bc-a4eb-0da25ec44fa8,2026-09-23T12:30:00Z,2026-09-23T14:30:00+0200,85.33,EUR/MWh,DE,DE_LU,day_ahead_price,value,2026-09-23T16:20:45Z
2026-09-23T16:17:28Z,2026-09-23T18:17:28+0200,a904e6f3-334f-49bc-a4eb-0da25ec44fa8,2026-09-23T12:45:00Z,2026-09-23T14:45:00+0200,108.18,EUR/MWh,DE,DE_LU,day_ahead_price,value,2026-09-23T16:20:45Z
2026-09-23T16:17:28Z,2026-09-23T18:17:28+0200,a904e6f3-334f-49bc-a4eb-0da25ec44fa8,2026-09-23T13:00:00Z,2026-09-23T15:00:00+0200,72.09,EUR/MWh,DE,DE_LU,day_ahead_price,value,2026-09-23T16:20:45Z
2026-09-23T16:17:28Z,2026-09-23T18:17:28+0200,a904e6f3-334f-49bc-a4eb-0da25ec44fa8,2026-09-23T13:15:00Z,2026-09-23T15:15:00+0200,101.31,EUR/MWh,DE,DE_LU,day_ahead_price,value,2026-09-23T16:20:45Z
2026-09-23T16:17:28Z,2026-09-23T18:17:28+0200,a904e6f3-334f-49bc-a4eb-0da25ec44fa8,2026-09-23T13:30:00Z,2026-09-23T15:30:00+0200,126.3,EUR/MWh,DE,DE_LU,day_ahead_price,value,2026-09-23T16:20:45Z
2026-09-23T16:17:28Z,2026-09-23T18:17:28+0200,a904e6f3-334f-49bc-a4eb-0da25ec44fa8,2026-09-23T13:45:00Z,2026-09-23T15:45:00+0200,141.93,EUR/MWh,DE,DE_LU,day_ahead_price,value,2026-09-23T16:20:45Z
2026-09-23T16:17:28Z,2026-09-23T18:17:28+0200,a904e6f3-334f-49bc-a4eb-0da25ec44fa8,2026-09-23T14:00:00Z,2026-09-23T16:00:00+0200,124.17,EUR/MWh,DE,DE_LU,day_ahead_price,value,2026-09-23T16:20:45Z
2026-09-23T16:17:28Z,2026-09-23T18:17:28+0200,a904e6f3-334f-49bc-a4eb-0da25ec44fa8,2026-09-23T14:15:00Z,2026-09-23T16:15:00+0200,148.07,EUR/MWh,DE,DE_LU,day_ahead_price,value,2026-09-23T16:20:45Z
2026-09-23T16:17:28Z,2026-09-23T18:17:28+0200,a904e6f3-334f-49bc-a4eb-0da25ec44fa8,2026-09-23T14:30:00Z,2026-09-23T16:30:00+0200,165.54,EUR/MWh,DE,DE_LU,day_ahead_price,value,2026-09-23T16:20:45Z
2026-09-23T16:17:28Z,2026-09-23T18:17:28+0200,a904e6f3-334f-49bc-a4eb-0da25ec44fa8,2026-09-23T14:45:00Z,2026-09-23T16:45:00+0200,189.45,EUR/MWh,DE,DE_LU,day_ahead_price,value,2026-09-23T16:20:45Z
2026-09-23T16:17:28Z,2026-09-23T18:17:28+0200,a904e6f3-334f-49bc-a4eb-0da25ec44fa8,2026-09-23T15:00:00Z,2026-09-23T17:00:00+0200,158.94,EUR/MWh,DE,DE_LU,day_ahead_price,value,2026-09-23T16:20:45Z
2026-09-23T16:17:28Z,2026-09-23T18:17:28+0200,a904e6f3-334f-49bc-a4eb-0da25ec44fa8,2026-09-23T15:15:00Z,2026-09-23T17:15:00+0200,186.1,EUR/MWh,DE,DE_LU,day_ahead_price,value,2026-09-23T16:20:45Z
2026-09-23T16:17:28Z,2026-09-23T18:17:28+0200,a904e6f3-334f-49bc-a4eb-0da25ec44fa8,2026-09-23T15:30:00Z,2026-09-23T17:30:00+0200,211.46,EUR/MWh,DE,DE_LU,day_ahead_price,value,2026-09-23T16:20:45Z
2026-09-23T16:17:28Z,2026-09-23T18:17:28+0200,a904e6f3-334f-49bc-a4eb-0da25ec44fa8,2026-09-23T15:45:00Z,2026-09-23T17:45:00+0200,239.54,EUR/MWh,DE,DE_LU,day_ahead_price,value,2026-09-23T16:20:45Z
2026-09-23T16:17:28Z,2026-09-23T18:17:28+0200,a904e6f3-334f-49bc-a4eb-0da25ec44fa8,2026-09-23T16:00:00Z,2026-09-23T18:00:00+0200,206.0,EUR/MWh,DE,DE_LU,day_ahead_price,value,2026-09-23T16:20:45Z
2026-09-23T16:17:28Z,2026-09-23T18:17:28+0200,a904e6f3-334f-49bc-a4eb-0da25ec44fa8,2026-09-23T16:15:00Z,2026-09-23T18:15:00+0200,225.83,EUR/MWh,DE,DE_LU,day_ahead_price,value,2026-09-23T16:20:45Z
2026-09-23T16:17:28Z,2026-09-23T18:17:28+0200,a904e6f3-334f-49bc-a4eb-0da25ec44fa8,2026-09-23T16:30:00Z,2026-09-23T18:30:00+0200,267.94,EUR/MWh,DE,DE_LU,day_ahead_price,value,2026-09-23T16:20:55Z
2026-09-23T16:17:28Z,2026-09-23T18:17:28+0200,a904e6f3-334f-49bc-a4eb-0da25ec44fa8,2026-09-23T16:45:00Z,2026-09-23T18:45:00+0200,275.11,EUR/MWh,DE,DE_LU,day_ahead_price,value,2026-09-23T16:20:55Z
2026-09-23T16:17:28Z,2026-09-23T18:17:28+0200,a904e6f3-334f-49bc-a4eb-0da25ec44fa8,2026-09-23T17:00:00Z,2026-09-23T19:00:00+0200,271.83,EUR/MWh,DE,DE_LU,day_ahead_price,value,2026-09-23T16:20:55Z
2026-09-23T16:17:28Z,2026-09-23T18:17:28+0200,a904e6f3-334f-49bc-a4eb-0da25ec44fa8,2026-09-23T17:15:00Z,2026-09-23T19:15:00+0200,257.33,EUR/MWh,DE,DE_LU,day_ahead_price,value,2026-09-23T16:20:55Z
2026-09-23T16:17:28Z,2026-09-23T18:17:28+0200,a904e6f3-334f-49bc-a4eb-0da25ec44fa8,2026-09-23T17:30:00Z,2026-09-23T19:30:00+0200,272.89,EUR/MWh,DE,DE_LU,day_ahead_price,value,2026-09-23T16:20:55Z
2026-09-23T16:17:28Z,2026-09-23T18:17:28+0200,a904e6f3-334f-49bc-a4eb-0da25ec44fa8,2026-09-23T17:45:00Z,2026-09-23T19:45:00+0200,284.31,EUR/MWh,DE,DE_LU,day_ahead_price,value,2026-09-23T16:20:55Z
2026-09-23T16:17:28Z,2026-09-23T18:17:28+0200,a904e6f3-334f-49bc-a4eb-0da25ec44fa8,2026-09-23T18:00:00Z,2026-09-23T20:00:00+0200,262.21,EUR/MWh,DE,DE_LU,day_ahead_price,value,2026-09-23T16:20:55Z
2026-09-23T16:17:28Z,2026-09-23T18:17:28+0200,a904e6f3-334f-49bc-a4eb-0da25ec44fa8,2026-09-23T18:15:00Z,2026-09-23T20:15:00+0200,249.7,EUR/MWh,DE,DE_LU,day_ahead_price,value,2026-09-23T16:20:55Z
2026-09-23T16:17:28Z,2026-09-23T18:17:28+0200,a904e6f3-334f-49bc-a4eb-0da25ec44fa8,2026-09-23T18:30:00Z,2026-09-23T20:30:00+0200,223.83,EUR/MWh,DE,DE_LU,day_ahead_price,value,2026-09-23T16:20:55Z
2026-09-23T16:17:28Z,2026-09-23T18:17:28+0200,a904e6f3-334f-49bc-a4eb-0da25ec44fa8,2026-09-23T18:45:00Z,2026-09-23T20:45:00+0200,210.76,EUR/MWh,DE,DE_LU,day_ahead_price,value,2026-09-23T16:20:55Z
2026-09-23T16:17:28Z,2026-09-23T18:17:28+0200,a904e6f3-334f-49bc-a4eb-0da25ec44fa8,2026-09-23T19:00:00Z,2026-09-23T21:00:00+0200,213.26,EUR/MWh,DE,DE_LU,day_ahead_price,value,2026-09-23T16:20:55Z
2026-09-23T16:17:28Z,2026-09-23T18:17:28+0200,a904e6f3-334f-49bc-a4eb-0da25ec44fa8,2026-09-23T19:15:00Z,2026-09-23T21:15:00+0200,205.96,EUR/MWh,DE,DE_LU,day_ahead_price,value,2026-09-23T16:20:55Z
2026-09-23T16:17:28Z,2026-09-23T18:17:28+0200,a904e6f3-334f-49bc-a4eb-0da25ec44fa8,2026-09-23T19:30:00Z,2026-09-23T21:30:00+0200,190.73,EUR/MWh,DE,DE_LU,day_ahead_price,value,2026-09-23T16:20:55Z
2026-09-23T16:17:28Z,2026-09-23T18:17:28+0200,a904e6f3-334f-49bc-a4eb-0da25ec44fa8,2026-09-23T19:45:00Z,2026-09-23T21:45:00+0200,170.84,EUR/MWh,DE,DE_LU,day_ahead_price,value,2026-09-23T16:20:55Z
2026-09-23T16:17:28Z,2026-09-23T18:17:28+0200,a904e6f3-334f-49bc-a4eb-0da25ec44fa8,2026-09-23T20:00:00Z,2026-09-23T22:00:00+0200,182.87,EUR/MWh,DE,DE_LU,day_ahead_price,value,2026-09-23T16:20:55Z
2026-09-23T16:17:28Z,2026-09-23T18:17:28+0200,a904e6f3-334f-49bc-a4eb-0da25ec44fa8,2026-09-23T20:15:00Z,2026-09-23T22:15:00+0200,170.36,EUR/MWh,DE,DE_LU,day_ahead_price,value,2026-09-23T16:20:55Z
2026-09-23T16:17:28Z,2026-09-23T18:17:28+0200,a904e6f3-334f-49bc-a4eb-0da25ec44fa8,2026-09-23T20:30:00Z,2026-09-23T22:30:00+0200,165.74,EUR/MWh,DE,DE_LU,day_ahead_price,value,2026-09-23T16:20:55Z
2026-09-23T16:17:28Z,2026-09-23T18:17:28+0200,a904e6f3-334f-49bc-a4eb-0da25ec44fa8,2026-09-23T20:45:00Z,2026-09-23T22:45:00+0200,161.5,EUR/MWh,DE,DE_LU,day_ahead_price,value,2026-09-23T16:20:55Z
2026-09-23T16:17:28Z,2026-09-23T18:17:28+0200,a904e6f3-334f-49bc-a4eb-0da25ec44fa8,2026-09-23T21:00:00Z,2026-09-23T23:00:00+0200,166.95,EUR/MWh,DE,DE_LU,day_ahead_price,value,2026-09-23T16:20:55Z
2026-09-23T16:17:28Z,2026-09-23T18:17:28+0200,a904e6f3-334f-49bc-a4eb-0da25ec44fa8,2026-09-23T21:15:00Z,2026-09-23T23:15:00+0200,154.16,EUR/MWh,DE,DE_LU,day_ahead_price,value,2026-09-23T16:20:55Z
2026-09-23T16:17:28Z,2026-09-23T18:17:28+0200,a904e6f3-334f-49bc-a4eb-0da25ec44fa8,2026-09-23T21:30:00Z,2026-09-23T23:30:00+0200,150.68,EUR/MWh,DE,DE_LU,day_ahead_price,value,2026-09-23T16:20:55Z
2026-09-23T16:17:28Z,2026-09-23T18:17:28+0200,a904e6f3-334f-49bc-a4eb-0da25ec44fa8,2026-09-23T21:45:00Z,2026-09-23T23:45:00+0200,144.2,EUR/MWh,DE,DE_LU,day_ahead_price,value,2026-09-23T16:20:55Z
2026-09-23T16:17:28Z,2026-09-23T18:17:28+0200,a904e6f3-334f-49bc-a4eb-0da25ec44fa8,2026-09-23T22:00:00Z,2026-09-24T00:00:00+0200,124.78,EUR/MWh,DE,DE_LU,day_ahead_price,value,2026-09-23T16:20:55Z
2026-09-23T16:17:28Z,2026-09-23T18:17:28+0200,a904e6f3-334f-49bc-a4eb-0da25ec44fa8,2026-09-23T22:15:00Z,2026-09-24T00:15:00+0200,136.68,EUR/MWh,DE,DE_LU,day_ahead_price,value,2026-09-23T16:20:55Z
2026-09-23T16:17:28Z,2026-09-23T18:17:28+0200,a904e6f3-334f-49bc-a4eb-0da25ec44fa8,2026-09-23T22:30:00Z,2026-09-24T00:30:00+0200,130.6,EUR/MWh,DE,DE_LU,day_ahead_price,value,2026-09-23T16:20:55Z
2026-09-23T16:17:28Z,2026-09-23T18:17:28+0200,a904e6f3-334f-49bc-a4eb-0da25ec44fa8,2026-09-23T22:45:00Z,2026-09-24T00:45:00+0200,129.4,EUR/MWh,DE,DE_LU,day_ahead_price,value,2026-09-23T16:20:55Z
2026-09-23T16:17:28Z,2026-09-23T18:17:28+0200,a904e6f3-334f-49bc-a4eb-0da25ec44fa8,2026-09-23T23:00:00Z,2026-09-24T01:00:00+0200,121.01,EUR/MWh,DE,DE_LU,day_ahead_price,value,2026-09-23T16:20:55Z
2026-09-23T16:17:28Z,2026-09-23T18:17:28+0200,a904e6f3-334f-49bc-a4eb-0da25ec44fa8,2026-09-23T23:15:00Z,2026-09-24T01:15:00+0200,118.29,EUR/MWh,DE,DE_LU,day_ahead_price,value,2026-09-23T16:20:55Z
2026-09-23T16:17:28Z,2026-09-23T18:17:28+0200,a904e6f3-334f-49bc-a4eb-0da25ec44fa8,2026-09-23T23:30:00Z,2026-09-24T01:30:00+0200,119.7,EUR/MWh,DE,DE_LU,day_ahead_price,value,2026-09-23T16:20:55Z
2026-09-23T16:17:28Z,2026-09-23T18:17:28+0200,a904e6f3-334f-49bc-a4eb-0da25ec44fa8,2026-09-23T23:45:00Z,2026-09-24T01:45:00+0200,116.49,EUR/MWh,DE,DE_LU,day_ahead_price,value,2026-09-23T16:20:55Z
2026-09-23T16:17:28Z,2026-09-23T18:17:28+0200,a904e6f3-334f-49bc-a4eb-0da25ec44fa8,2026-09-24T00:00:00Z,2026-09-24T02:00:00+0200,117.38,EUR/MWh,DE,DE_LU,day_ahead_price,value,2026-09-23T16:20:55Z
2026-09-23T16:17:28Z,2026-09-23T18:17:28+0200,a904e6f3-334f-49bc-a4eb-0da25ec44fa8,2026-09-24T00:15:00Z,2026-09-24T02:15:00+0200,114.96,EUR/MWh,DE,DE_LU,day_ahead_price,value,2026-09-23T16:20:55Z
2026-09-23T16:17:28Z,2026-09-23T18:17:28+0200,a904e6f3-334f-49bc-a4eb-0da25ec44fa8,2026-09-24T00:30:00Z,2026-09-24T02:30:00+0200,114.36,EUR/MWh,DE,DE_LU,day_ahead_price,value,2026-09-23T16:20:55Z
2026-09-23T16:17:28Z,2026-09-23T18:17:28+0200,a904e6f3-334f-49bc-a4eb-0da25ec44fa8,2026-09-24T00:45:00Z,2026-09-24T02:45:00+0200,111.35,EUR/MWh,DE,DE_LU,day_ahead_price,value,2026-09-23T16:20:55Z
2026-09-23T16:17:28Z,2026-09-23T18:17:28+0200,a904e6f3-334f-49bc-a4eb-0da25ec44fa8,2026-09-24T01:00:00Z,2026-09-24T03:00:00+0200,109.27,EUR/MWh,DE,DE_LU,day_ahead_price,value,2026-09-23T16:20:55Z
2026-09-23T16:17:28Z,2026-09-23T18:17:28+0200,a904e6f3-334f-49bc-a4eb-0da25ec44fa8,2026-09-24T01:15:00Z,2026-09-24T03:15:00+0200,107.97,EUR/MWh,DE,DE_LU,day_ahead_price,value,2026-09-23T16:20:55Z
2026-09-23T16:17:28Z,2026-09-23T18:17:28+0200,a904e6f3-334f-49bc-a4eb-0da25ec44fa8,2026-09-24T01:30:00Z,2026-09-24T03:30:00+0200,106.5,EUR/MWh,DE,DE_LU,day_ahead_price,value,2026-09-23T16:20:55Z
2026-09-23T16:17:28Z,2026-09-23T18:17:28+0200,a904e6f3-334f-49bc-a4eb-0da25ec44fa8,2026-09-24T01:45:00Z,2026-09-24T03:45:00+0200,104.39,EUR/MWh,DE,DE_LU,day_ahead_price,value,2026-09-23T16:20:55Z
2026-09-23T16:17:28Z,2026-09-23T18:17:28+0200,a904e6f3-334f-49bc-a4eb-0da25ec44fa8,2026-09-24T02:00:00Z,2026-09-24T04:00:00+0200,106.36,EUR/MWh,DE,DE_LU,day_ahead_price,value,2026-09-23T16:20:55Z
2026-09-23T16:17:28Z,2026-09-23T18:17:28+0200,a904e6f3-334f-49bc-a4eb-0da25ec44fa8,2026-09-24T02:15:00Z,2026-09-24T04:15:00+0200,106.43,EUR/MWh,DE,DE_LU,day_ahead_price,value,2026-09-23T16:20:55Z
2026-09-23T16:17:28Z,2026-09-23T18:17:28+0200,a904e6f3-334f-49bc-a4eb-0da25ec44fa8,2026-09-24T02:30:00Z,2026-09-24T04:30:00+0200,105.65,EUR/MWh,DE,DE_LU,day_ahead_price,value,2026-09-23T16:20:55Z
2026-09-23T16:17:28Z,2026-09-23T18:17:28+0200,a904e6f3-334f-49bc-a4eb-0da25ec44fa8,2026-09-24T02:45:00Z,2026-09-24T04:45:00+0200,110.85,EUR/MWh,DE,DE_LU,day_ahead_price,value,2026-09-23T16:20:55Z
2026-09-23T16:17:28Z,2026-09-23T18:17:28+0200,a904e6f3-334f-49bc-a4eb-0da25ec44fa8,2026-09-24T03:00:00Z,2026-09-24T05:00:00+0200,118.13,EUR/MWh,DE,DE_LU,day_ahead_price,value,2026-09-23T16:20:55Z
2026-09-23T16:17:28Z,2026-09-23T18:17:28+0200,a904e6f3-334f-49bc-a4eb-0da25ec44fa8,2026-09-24T03:15:00Z,2026-09-24T05:15:00+0200,118.67,EUR/MWh,DE,DE_LU,day_ahead_price,value,2026-09-23T16:20:55Z
2026-09-23T16:17:28Z,2026-09-23T18:17:28+0200,a904e6f3-334f-49bc-a4eb-0da25ec44fa8,2026-09-24T03:30:00Z,2026-09-24T05:30:00+0200,121.55,EUR/MWh,DE,DE_LU,day_ahead_price,value,2026-09-23T16:20:55Z
2026-09-23T16:17:28Z,2026-09-23T18:17:28+0200,a904e6f3-334f-49bc-a4eb-0da25ec44fa8,2026-09-24T03:45:00Z,2026-09-24T05:45:00+0200,128.45,EUR/MWh,DE,DE_LU,day_ahead_price,value,2026-09-23T16:20:55Z
2026-09-23T16:17:28Z,2026-09-23T18:17:28+0200,a904e6f3-334f-49bc-a4eb-0da25ec44fa8,2026-09-24T04:00:00Z,2026-09-24T06:00:00+0200,123.98,EUR/MWh,DE,DE_LU,day_ahead_price,value,2026-09-23T16:20:55Z
2026-09-23T16:17:28Z,2026-09-23T18:17:28+0200,a904e6f3-334f-49bc-a4eb-0da25ec44fa8,2026-09-24T04:15:00Z,2026-09-24T06:15:00+0200,142.78,EUR/MWh,DE,DE_LU,day_ahead_price,value,2026-09-23T16:20:55Z
2026-09-23T16:17:28Z,2026-09-23T18:17:28+0200,a904e6f3-334f-49bc-a4eb-0da25ec44fa8,2026-09-24T04:30:00Z,2026-09-24T06:30:00+0200,156.71,EUR/MWh,DE,DE_LU,day_ahead_price,value,2026-09-23T16:20:55Z
2026-09-23T16:17:28Z,2026-09-23T18:17:28+0200,a904e6f3-334f-49bc-a4eb-0da25ec44fa8,2026-09-24T04:45:00Z,2026-09-24T06:45:00+0200,167.77,EUR/MWh,DE,DE_LU,day_ahead_price,value,2026-09-23T16:20:55Z
2026-09-23T16:17:28Z,2026-09-23T18:17:28+0200,a904e6f3-334f-49bc-a4eb-0da25ec44fa8,2026-09-24T05:00:00Z,2026-09-24T07:00:00+0200,161.37,EUR/MWh,DE,DE_LU,day_ahead_price,value,2026-09-23T16:20:55Z
2026-09-23T16:17:28Z,2026-09-23T18:17:28+0200,a904e6f3-334f-49bc-a4eb-0da25ec44fa8,2026-09-24T05:15:00Z,2026-09-24T07:15:00+0200,167.17,EUR/MWh,DE,DE_LU,day_ahead_price,value,2026-09-23T16:20:55Z
2026-09-23T16:17:28Z,2026-09-23T18:17:28+0200,a904e6f3-334f-49bc-a4eb-0da25ec44fa8,2026-09-24T05:30:00Z,2026-09-24T07:30:00+0200,172.69,EUR/MWh,DE,DE_LU,day_ahead_price,value,2026-09-23T16:20:55Z
2026-09-23T16:17:28Z,2026-09-23T18:17:28+0200,a904e6f3-334f-49bc-a4eb-0da25ec44fa8,2026-09-24T05:45:00Z,2026-09-24T07:45:00+0200,170.83,EUR/MWh,DE,DE_LU,day_ahead_price,value,2026-09-23T16:20:55Z
2026-09-23T16:17:28Z,2026-09-23T18:17:28+0200,a904e6f3-334f-49bc-a4eb-0da25ec44fa8,2026-09-24T06:00:00Z,2026-09-24T08:00:00+0200,185.99,EUR/MWh,DE,DE_LU,day_ahead_price,value,2026-09-23T16:20:55Z
2026-09-23T16:17:28Z,2026-09-23T18:17:28+0200,a904e6f3-334f-49bc-a4eb-0da25ec44fa8,2026-09-24T06:15:00Z,2026-09-24T08:15:00+0200,175.9,EUR/MWh,DE,DE_LU,day_ahead_price,value,2026-09-23T16:20:55Z
2026-09-23T16:17:28Z,2026-09-23T18:17:28+0200,a904e6f3-334f-49bc-a4eb-0da25ec44fa8,2026-09-24T06:30:00Z,2026-09-24T08:30:00+0200,172.6,EUR/MWh,DE,DE_LU,day_ahead_price,value,2026-09-23T16:20:55Z
2026-09-23T16:17:28Z,2026-09-23T18:17:28+0200,a904e6f3-334f-49bc-a4eb-0da25ec44fa8,2026-09-24T06:45:00Z,2026-09-24T08:45:00+0200,160.57,EUR/MWh,DE,DE_LU,day_ahead_price,value,2026-09-23T16:20:55Z
2026-09-23T16:17:28Z,2026-09-23T18:17:28+0200,a904e6f3-334f-49bc-a4eb-0da25ec44fa8,2026-09-24T07:00:00Z,2026-09-24T09:00:00+0200,172.79,EUR/MWh,DE,DE_LU,day_ahead_price,value,2026-09-23T16:20:55Z
2026-09-23T16:17:28Z,2026-09-23T18:17:28+0200,a904e6f3-334f-49bc-a4eb-0da25ec44fa8,2026-09-24T07:15:00Z,2026-09-24T09:15:00+0200,162.39,EUR/MWh,DE,DE_LU,day_ahead_price,value,2026-09-23T16:20:55Z
2026-09-23T16:17:28Z,2026-09-23T18:17:28+0200,a904e6f3-334f-49bc-a4eb-0da25ec44fa8,2026-09-24T07:30:00Z,2026-09-24T09:30:00+0200,144.42,EUR/MWh,DE,DE_LU,day_ahead_price,value,2026-09-23T16:20:55Z
2026-09-23T16:17:28Z,2026-09-23T18:17:28+0200,a904e6f3-334f-49bc-a4eb-0da25ec44fa8,2026-09-24T07:45:00Z,2026-09-24T09:45:00+0200,130.04,EUR/MWh,DE,DE_LU,day_ahead_price,value,2026-09-23T16:20:55Z
2026-09-23T16:17:28Z,2026-09-23T18:17:28+0200,a904e6f3-334f-49bc-a4eb-0da25ec44fa8,2026-09-24T08:00:00Z,2026-09-24T10:00:00+0200,136.4,EUR/MWh,DE,DE_LU,day_ahead_price,value,2026-09-23T16:20:55Z
2026-09-23T16:17:28Z,2026-09-23T18:17:28+0200,a904e6f3-334f-49bc-a4eb-0da25ec44fa8,2026-09-24T08:15:00Z,2026-09-24T10:15:00+0200,122.77,EUR/MWh,DE,DE_LU,day_ahead_price,value,2026-09-23T16:20:55Z
2026-09-23T16:17:28Z,2026-09-23T18:17:28+0200,a904e6f3-334f-49bc-a4eb-0da25ec44fa8,2026-09-24T08:30:00Z,2026-09-24T10:30:00+0200,106.24,EUR/MWh,DE,DE_LU,day_ahead_price,value,2026-09-23T16:20:55Z
2026-09-23T16:17:28Z,2026-09-23T18:17:28+0200,a904e6f3-334f-49bc-a4eb-0da25ec44fa8,2026-09-24T08:45:00Z,2026-09-24T10:45:00+0200,81.51,EUR/MWh,DE,DE_LU,day_ahead_price,value,2026-09-23T16:20:55Z
2026-09-23T16:17:28Z,2026-09-23T18:17:28+0200,a904e6f3-334f-49bc-a4eb-0da25ec44fa8,2026-09-24T09:00:00Z,2026-09-24T11:00:00+0200,98.66,EUR/MWh,DE,DE_LU,day_ahead_price,value,2026-09-23T16:20:55Z
2026-09-23T16:17:28Z,2026-09-23T18:17:28+0200,a904e6f3-334f-49bc-a4eb-0da25ec44fa8,2026-09-24T09:15:00Z,2026-09-24T11:15:00+0200,78.86,EUR/MWh,DE,DE_LU,day_ahead_price,value,2026-09-23T16:20:55Z
2026-09-23T16:17:28Z,2026-09-23T18:17:28+0200,a904e6f3-334f-49bc-a4eb-0da25ec44fa8,2026-09-24T09:30:00Z,2026-09-24T11:30:00+0200,60.02,EUR/MWh,DE,DE_LU,day_ahead_price,value,2026-09-23T16:20:55Z
2026-09-23T16:17:28Z,2026-09-23T18:17:28+0200,a904e6f3-334f-49bc-a4eb-0da25ec44fa8,2026-09-24T09:45:00Z,2026-09-24T11:45:00+0200,36.1,EUR/MWh,DE,DE_LU,day_ahead_price,value,2026-09-23T16:20:55Z
2026-09-23T16:17:28Z,2026-09-23T18:17:28+0200,a904e6f3-334f-49bc-a4eb-0da25ec44fa8,2026-09-24T10:00:00Z,2026-09-24T12:00:00+0200,25.01,EUR/MWh,DE,DE_LU,day_ahead_price,value,2026-09-23T16:20:55Z
2026-09-23T16:17:28Z,2026-09-23T18:17:28+0200,a904e6f3-334f-49bc-a4eb-0da25ec44fa8,2026-09-24T10:15:00Z,2026-09-24T12:15:00+0200,15.11,EUR/MWh,DE,DE_LU,day_ahead_price,value,2026-09-23T16:20:55Z
2026-09-23T16:17:28Z,2026-09-23T18:17:28+0200,a904e6f3-334f-49bc-a4eb-0da25ec44fa8,2026-09-24T10:30:00Z,2026-09-24T12:30:00+0200,13.88,EUR/MWh,DE,DE_LU,day_ahead_price,value,2026-09-23T16:20:55Z
2026-09-23T16:17:28Z,2026-09-23T18:17:28+0200,a904e6f3-334f-49bc-a4eb-0da25ec44fa8,2026-09-24T10:45:00Z,2026-09-24T12:45:00+0200,10.0,EUR/MWh,DE,DE_LU,day_ahead_price,value,2026-09-23T16:20:55Z
2026-09-23T16:17:28Z,2026-09-23T18:17:28+0200,a904e6f3-334f-49bc-a4eb-0da25ec44fa8,2026-09-24T11:00:00Z,2026-09-24T13:00:00+0200,14.0,EUR/MWh,DE,DE_LU,day_ahead_price,value,2026-09-23T16:20:55Z
2026-09-23T16:17:28Z,2026-09-23T18:17:28+0200,a904e6f3-334f-49bc-a4eb-0da25ec44fa8,2026-09-24T11:15:00Z,2026-09-24T13:15:00+0200,10.03,EUR/MWh,DE,DE_LU,day_ahead_price,value,2026-09-23T16:20:55Z
2026-09-23T16:17:28Z,2026-09-23T18:17:28+0200,a904e6f3-334f-49bc-a4eb-0da25ec44fa8,2026-09-24T11:30:00Z,2026-09-24T13:30:00+0200,12.32,EUR/MWh,DE,DE_LU,day_ahead_price,value,2026-09-23T16:20:55Z
2026-09-23T16:17:28Z,2026-09-23T18:17:28+0200,a904e6f3-334f-49bc-a4eb-0da25ec44fa8,2026-09-24T11:45:00Z,2026-09-24T13:45:00+0200,10.05,EUR/MWh,DE,DE_LU,day_ahead_price,value,2026-09-23T16:20:55Z
2026-09-23T16:17:28Z,2026-09-23T18:17:28+0200,a904e6f3-334f-49bc-a4eb-0da25ec44fa8,2026-09-24T12:00:00Z,2026-09-24T14:00:00+0200,8.86,EUR/MWh,DE,DE_LU,day_ahead_price,value,2026-09-23T16:20:55Z
2026-09-23T16:17:28Z,2026-09-23T18:17:28+0200,a904e6f3-334f-49bc-a4eb-0da25ec44fa8,2026-09-24T12:15:00Z,2026-09-24T14:15:00+0200,10.9,EUR/MWh,DE,DE_LU,day_ahead_price,value,2026-09-23T16:20:55Z
2026-09-23T16:17:28Z,2026-09-23T18:17:28+0200,a904e6f3-334f-49bc-a4eb-0da25ec44fa8,2026-09-24T12:30:00Z,2026-09-24T14:30:00+0200,24.0,EUR/MWh,DE,DE_LU,day_ahead_price,value,2026-09-23T16:20:55Z
2026-09-23T16:17:28Z,2026-09-23T18:17:28+0200,a904e6f3-334f-49bc-a4eb-0da25ec44fa8,2026-09-24T12:45:00Z,2026-09-24T14:45:00+0200,34.99,EUR/MWh,DE,DE_LU,day_ahead_price,value,2026-09-23T16:20:55Z
2026-09-23T16:17:28Z,2026-09-23T18:17:28+0200,a904e6f3-334f-49bc-a4eb-0da25ec44fa8,2026-09-24T13:00:00Z,2026-09-24T15:00:00+0200,38.66,EUR/MWh,DE,DE_LU,day_ahead_price,value,2026-09-23T16:20:55Z
2026-09-23T16:17:28Z,2026-09-23T18:17:28+0200,a904e6f3-334f-49bc-a4eb-0da25ec44fa8,2026-09-24T13:15:00Z,2026-09-24T15:15:00+0200,61.86,EUR/MWh,DE,DE_LU,day_ahead_price,value,2026-09-23T16:20:55Z
2026-09-23T16:17:28Z,2026-09-23T18:17:28+0200,a904e6f3-334f-49bc-a4eb-0da25ec44fa8,2026-09-24T13:30:00Z,2026-09-24T15:30:00+0200,95.0,EUR/MWh,DE,DE_LU,day_ahead_price,value,2026-09-23T16:20:55Z
2026-09-23T16:17:28Z,2026-09-23T18:17:28+0200,a904e6f3-334f-49bc-a4eb-0da25ec44fa8,2026-09-24T13:45:00Z,2026-09-24T15:45:00+0200,108.0,EUR/MWh,DE,DE_LU,day_ahead_price,value,2026-09-23T16:20:55Z
2026-09-23T16:17:28Z,2026-09-23T18:17:28+0200,a904e6f3-334f-49bc-a4eb-0da25ec44fa8,2026-09-24T14:00:00Z,2026-09-24T16:00:00+0200,76.9,EUR/MWh,DE,DE_LU,day_ahead_price,value,2026-09-23T16:20:55Z
2026-09-23T16:17:28Z,2026-09-23T18:17:28+0200,a904e6f3-334f-49bc-a4eb-0da25ec44fa8,2026-09-24T14:15:00Z,2026-09-24T16:15:00+0200,108.86,EUR/MWh,DE,DE_LU,day_ahead_price,value,2026-09-23T16:20:55Z
2026-09-23T16:17:28Z,2026-09-23T18:17:28+0200,a904e6f3-334f-49bc-a4eb-0da25ec44fa8,2026-09-24T14:30:00Z,2026-09-24T16:30:00+0200,132.15,EUR/MWh,DE,DE_LU,day_ahead_price,value,2026-09-23T16:20:55Z
2026-09-23T16:17:28Z,2026-09-23T18:17:28+0200,a904e6f3-334f-49bc-a4eb-0da25ec44fa8,2026-09-24T14:45:00Z,2026-09-24T16:45:00+0200,152.8,EUR/MWh,DE,DE_LU,day_ahead_price,value,2026-09-23T16:20:55Z
2026-09-23T16:17:28Z,2026-09-23T18:17:28+0200,a904e6f3-334f-49bc-a4eb-0da25ec44fa8,2026-09-24T15:00:00Z,2026-09-24T17:00:00+0200,141.6,EUR/MWh,DE,DE_LU,day_ahead_price,value,2026-09-23T16:20:55Z
2026-09-23T16:17:28Z,2026-09-23T18:17:28+0200,a904e6f3-334f-49bc-a4eb-0da25ec44fa8,2026-09-24T15:15:00Z,2026-09-24T17:15:00+0200,170.89,EUR/MWh,DE,DE_LU,day_ahead_price,value,2026-09-23T16:20:55Z
2026-09-23T16:17:28Z,2026-09-23T18:17:28+0200,a904e6f3-334f-49bc-a4eb-0da25ec44fa8,2026-09-24T15:30:00Z,2026-09-24T17:30:00+0200,193.19,EUR/MWh,DE,DE_LU,day_ahead_price,value,2026-09-23T16:20:55Z
2026-09-23T16:17:28Z,2026-09-23T18:17:28+0200,a904e6f3-334f-49bc-a4eb-0da25ec44fa8,2026-09-24T15:45:00Z,2026-09-24T17:45:00+0200,214.43,EUR/MWh,DE,DE_LU,day_ahead_price,value,2026-09-23T16:20:55Z
2026-09-23T16:17:28Z,2026-09-23T18:17:28+0200,a904e6f3-334f-49bc-a4eb-0da25ec44fa8,2026-09-24T16:00:00Z,2026-09-24T18:00:00+0200,186.47,EUR/MWh,DE,DE_LU,day_ahead_price,value,2026-09-23T16:20:55Z
2026-09-23T16:17:28Z,2026-09-23T18:17:28+0200,a904e6f3-334f-49bc-a4eb-0da25ec44fa8,2026-09-24T16:15:00Z,2026-09-24T18:15:00+0200,218.93,EUR/MWh,DE,DE_LU,day_ahead_price,value,2026-09-23T16:20:55Z
2026-09-23T16:17:28Z,2026-09-23T18:17:28+0200,a904e6f3-334f-49bc-a4eb-0da25ec44fa8,2026-09-24T16:30:00Z,2026-09-24T18:30:00+0200,236.02,EUR/MWh,DE,DE_LU,day_ahead_price,value,2026-09-23T16:20:55Z
2026-09-23T16:17:28Z,2026-09-23T18:17:28+0200,a904e6f3-334f-49bc-a4eb-0da25ec44fa8,2026-09-24T16:45:00Z,2026-09-24T18:45:00+0200,262.74,EUR/MWh,DE,DE_LU,day_ahead_price,value,2026-09-23T16:20:55Z
2026-09-23T16:17:28Z,2026-09-23T18:17:28+0200,a904e6f3-334f-49bc-a4eb-0da25ec44fa8,2026-09-24T17:00:00Z,2026-09-24T19:00:00+0200,249.33,EUR/MWh,DE,DE_LU,day_ahead_price,value,2026-09-23T16:20:55Z
2026-09-23T16:17:28Z,2026-09-23T18:17:28+0200,a904e6f3-334f-49bc-a4eb-0da25ec44fa8,2026-09-24T17:15:00Z,2026-09-24T19:15:00+0200,263.79,EUR/MWh,DE,DE_LU,day_ahead_price,value,2026-09-23T16:20:55Z
2026-09-23T16:17:28Z,2026-09-23T18:17:28+0200,a904e6f3-334f-49bc-a4eb-0da25ec44fa8,2026-09-24T17:30:00Z,2026-09-24T19:30:00+0200,267.94,EUR/MWh,DE,DE_LU,day_ahead_price,value,2026-09-23T16:20:55Z
2026-09-23T16:17:28Z,2026-09-23T18:17:28+0200,a904e6f3-334f-49bc-a4eb-0da25ec44fa8,2026-09-24T17:45:00Z,2026-09-24T19:45:00+0200,288.23,EUR/MWh,DE,DE_LU,day_ahead_price,value,2026-09-23T16:20:55Z
2026-09-23T16:17:28Z,2026-09-23T18:17:28+0200,a904e6f3-334f-49bc-a4eb-0da25ec44fa8,2026-09-24T18:00:00Z,2026-09-24T20:00:00+0200,272.65,EUR/MWh,DE,DE_LU,day_ahead_price,value,2026-09-23T16:20:55Z
2026-09-23T16:17:28Z,2026-09-23T18:17:28+0200,a904e6f3-334f-49bc-a4eb-0da25ec44fa8,2026-09-24T18:15:00Z,2026-09-24T20:15:00+0200,265.8,EUR/MWh,DE,DE_LU,day_ahead_price,value,2026-09-23T16:20:55Z
2026-09-23T16:17:28Z,2026-09-23T18:17:28+0200,a904e6f3-334f-49bc-a4eb-0da25ec44fa8,2026-09-24T18:30:00Z,2026-09-24T20:30:00+0200,253.5,EUR/MWh,DE,DE_LU,day_ahead_price,value,2026-09-23T16:20:55Z
2026-09-23T16:17:28Z,2026-09-23T18:17:28+0200,a904e6f3-334f-49bc-a4eb-0da25ec44fa8,2026-09-24T18:45:00Z,2026-09-24T20:45:00+0200,248.05,EUR/MWh,DE,DE_LU,day_ahead_price,value,2026-09-23T16:20:55Z
2026-09-23T16:17:28Z,2026-09-23T18:17:28+0200,a904e6f3-334f-49bc-a4eb-0da25ec44fa8,2026-09-24T19:00:00Z,2026-09-24T21:00:00+0200,240.29,EUR/MWh,DE,DE_LU,day_ahead_price,value,2026-09-23T16:20:55Z
2026-09-23T16:17:28Z,2026-09-23T18:17:28+0200,a904e6f3-334f-49bc-a4eb-0da25ec44fa8,2026-09-24T19:15:00Z,2026-09-24T21:15:00+0200,230.0,EUR/MWh,DE,DE_LU,day_ahead_price,value,2026-09-23T16:20:55Z
2026-09-23T16:17:28Z,2026-09-23T18:17:28+0200,a904e6f3-334f-49bc-a4eb-0da25ec44fa8,2026-09-24T19:30:00Z,2026-09-24T21:30:00+0200,223.38,EUR/MWh,DE,DE_LU,day_ahead_price,value,2026-09-23T16:20:55Z
2026-09-23T16:17:28Z,2026-09-23T18:17:28+0200,a904e6f3-334f-49bc-a4eb-0da25ec44fa8,2026-09-24T19:45:00Z,2026-09-24T21:45:00+0200,209.62,EUR/MWh,DE,DE_LU,day_ahead_price,value,2026-09-23T16:20:55Z
2026-09-23T16:17:28Z,2026-09-23T18:17:28+0200,a904e6f3-334f-49bc-a4eb-0da25ec44fa8,2026-09-24T20:00:00Z,2026-09-24T22:00:00+0200,220.96,EUR/MWh,DE,DE_LU,day_ahead_price,value,2026-09-23T16:20:55Z
2026-09-23T16:17:28Z,2026-09-23T18:17:28+0200,a904e6f3-334f-49bc-a4eb-0da25ec44fa8,2026-09-24T20:15:00Z,2026-09-24T22:15:00+0200,204.52,EUR/MWh,DE,DE_LU,day_ahead_price,value,2026-09-23T16:20:55Z
2026-09-23T16:17:28Z,2026-09-23T18:17:28+0200,a904e6f3-334f-49bc-a4eb-0da25ec44fa8,2026-09-24T20:30:00Z,2026-09-24T22:30:00+0200,201.0,EUR/MWh,DE,DE_LU,day_ahead_price,value,2026-09-23T16:20:55Z
2026-09-23T16:17:28Z,2026-09-23T18:17:28+0200,a904e6f3-334f-49bc-a4eb-0da25ec44fa8,2026-09-24T20:45:00Z,2026-09-24T22:45:00+0200,192.99,EUR/MWh,DE,DE_LU,day_ahead_price,value,2026-09-23T16:20:55Z
2026-09-23T16:17:28Z,2026-09-23T18:17:28+0200,a904e6f3-334f-49bc-a4eb-0da25ec44fa8,2026-09-24T21:00:00Z,2026-09-24T23:00:00+0200,196.93,EUR/MWh,DE,DE_LU,day_ahead_price,value,2026-09-23T16:20:55Z
2026-09-23T16:17:28Z,2026-09-23T18:17:28+0200,a904e6f3-334f-49bc-a4eb-0da25ec44fa8,2026-09-24T21:15:00Z,2026-09-24T23:15:00+0200,188.32,EUR/MWh,DE,DE_LU,day_ahead_price,value,2026-09-23T16:20:55Z
2026-09-23T16:17:28Z,2026-09-23T18:17:28+0200,a904e6f3-334f-49bc-a4eb-0da25ec44fa8,2026-09-24T21:30:00Z,2026-09-24T23:30:00+0200,185.64,EUR/MWh,DE,DE_LU,day_ahead_price,value,2026-09-23T16:20:55Z
2026-09-23T16:17:28Z,2026-09-23T18:17:28+0200,a904e6f3-334f-49bc-a4eb-0da25ec44fa8,2026-09-24T21:45:00Z,2026-09-24T23:45:00+0200,181.14,EUR/MWh,DE,DE_LU,day_ahead_price,value,2026-09-23T16:20:55Z
