collection_time_utc,collection_time_local,run_id,timestamp_utc,timestamp_local,value,unit,country,entsoe_area,variable,source,updated_at_utc
2026-05-29T22:17:36Z,2026-05-30T00:17:36+0200,e2390b4d-8b36-448a-b0e6-27aba52aab7b,2026-04-28T22:30:00Z,2026-04-29T00:30:00+0200,1768.49,MW,FR,FR,actual_offshore_wind_generation,Wind Offshore | Actual Aggregated,2026-05-29T22:18:42Z
2026-05-29T22:17:36Z,2026-05-30T00:17:36+0200,e2390b4d-8b36-448a-b0e6-27aba52aab7b,2026-04-28T22:45:00Z,2026-04-29T00:45:00+0200,1754.57,MW,FR,FR,actual_offshore_wind_generation,Wind Offshore | Actual Aggregated,2026-05-29T22:18:42Z
2026-05-29T22:17:36Z,2026-05-30T00:17:36+0200,e2390b4d-8b36-448a-b0e6-27aba52aab7b,2026-04-28T23:00:00Z,2026-04-29T01:00:00+0200,1730.63,MW,FR,FR,actual_offshore_wind_generation,Wind Offshore | Actual Aggregated,2026-05-29T22:18:42Z
2026-05-29T22:17:36Z,2026-05-30T00:17:36+0200,e2390b4d-8b36-448a-b0e6-27aba52aab7b,2026-04-28T23:15:00Z,2026-04-29T01:15:00+0200,1678.51,MW,FR,FR,actual_offshore_wind_generation,Wind Offshore | Actual Aggregated,2026-05-29T22:18:42Z
2026-05-29T22:17:36Z,2026-05-30T00:17:36+0200,e2390b4d-8b36-448a-b0e6-27aba52aab7b,2026-04-28T23:30:00Z,2026-04-29T01:30:00+0200,1622.08,MW,FR,FR,actual_offshore_wind_generation,Wind Offshore | Actual Aggregated,2026-05-29T22:18:42Z
2026-05-29T22:17:36Z,2026-05-30T00:17:36+0200,e2390b4d-8b36-448a-b0e6-27aba52aab7b,2026-04-28T23:45:00Z,2026-04-29T01:45:00+0200,1670.44,MW,FR,FR,actual_offshore_wind_generation,Wind Offshore | Actual Aggregated,2026-05-29T22:18:42Z
2026-05-29T22:17:36Z,2026-05-30T00:17:36+0200,e2390b4d-8b36-448a-b0e6-27aba52aab7b,2026-04-29T00:00:00Z,2026-04-29T02:00:00+0200,1720.55,MW,FR,FR,actual_offshore_wind_generation,Wind Offshore | Actual Aggregated,2026-05-29T22:18:42Z
2026-05-29T22:17:36Z,2026-05-30T00:17:36+0200,e2390b4d-8b36-448a-b0e6-27aba52aab7b,2026-04-29T00:15:00Z,2026-04-29T02:15:00+0200,1701.49,MW,FR,FR,actual_offshore_wind_generation,Wind Offshore | Actual Aggregated,2026-05-29T22:18:42Z
2026-05-29T22:17:36Z,2026-05-30T00:17:36+0200,e2390b4d-8b36-448a-b0e6-27aba52aab7b,2026-04-29T00:30:00Z,2026-04-29T02:30:00+0200,1711.14,MW,FR,FR,actual_offshore_wind_generation,Wind Offshore | Actual Aggregated,2026-05-29T22:18:42Z
2026-05-29T22:17:36Z,2026-05-30T00:17:36+0200,e2390b4d-8b36-448a-b0e6-27aba52aab7b,2026-04-29T00:45:00Z,2026-04-29T02:45:00+0200,1748.2,MW,FR,FR,actual_offshore_wind_generation,Wind Offshore | Actual Aggregated,2026-05-29T22:18:42Z
2026-05-29T22:17:36Z,2026-05-30T00:17:36+0200,e2390b4d-8b36-448a-b0e6-27aba52aab7b,2026-04-29T01:00:00Z,2026-04-29T03:00:00+0200,1747.13,MW,FR,FR,actual_offshore_wind_generation,Wind Offshore | Actual Aggregated,2026-05-29T22:18:42Z
2026-05-29T22:17:36Z,2026-05-30T00:17:36+0200,e2390b4d-8b36-448a-b0e6-27aba52aab7b,2026-04-29T01:15:00Z,2026-04-29T03:15:00+0200,1755.57,MW,FR,FR,actual_offshore_wind_generation,Wind Offshore | Actual Aggregated,2026-05-29T22:18:42Z
2026-05-29T22:17:36Z,2026-05-30T00:17:36+0200,e2390b4d-8b36-448a-b0e6-27aba52aab7b,2026-04-29T01:30:00Z,2026-04-29T03:30:00+0200,1728.18,MW,FR,FR,actual_offshore_wind_generation,Wind Offshore | Actual Aggregated,2026-05-29T22:18:42Z
2026-05-29T22:17:36Z,2026-05-30T00:17:36+0200,e2390b4d-8b36-448a-b0e6-27aba52aab7b,2026-04-29T01:45:00Z,2026-04-29T03:45:00+0200,1726.55,MW,FR,FR,actual_offshore_wind_generation,Wind Offshore | Actual Aggregated,2026-05-29T22:18:42Z
2026-05-29T22:17:36Z,2026-05-30T00:17:36+0200,e2390b4d-8b36-448a-b0e6-27aba52aab7b,2026-04-29T02:00:00Z,2026-04-29T04:00:00+0200,1759.98,MW,FR,FR,actual_offshore_wind_generation,Wind Offshore | Actual Aggregated,2026-05-29T22:18:42Z
2026-05-29T22:17:36Z,2026-05-30T00:17:36+0200,e2390b4d-8b36-448a-b0e6-27aba52aab7b,2026-04-29T02:15:00Z,2026-04-29T04:15:00+0200,1774.11,MW,FR,FR,actual_offshore_wind_generation,Wind Offshore | Actual Aggregated,2026-05-29T22:18:42Z
2026-05-29T22:17:36Z,2026-05-30T00:17:36+0200,e2390b4d-8b36-448a-b0e6-27aba52aab7b,2026-04-29T02:30:00Z,2026-04-29T04:30:00+0200,1778.15,MW,FR,FR,actual_offshore_wind_generation,Wind Offshore | Actual Aggregated,2026-05-29T22:18:42Z
2026-05-29T22:17:36Z,2026-05-30T00:17:36+0200,e2390b4d-8b36-448a-b0e6-27aba52aab7b,2026-04-29T02:45:00Z,2026-04-29T04:45:00+0200,1739.89,MW,FR,FR,actual_offshore_wind_generation,Wind Offshore | Actual Aggregated,2026-05-29T22:18:42Z
2026-05-29T22:17:36Z,2026-05-30T00:17:36+0200,e2390b4d-8b36-448a-b0e6-27aba52aab7b,2026-04-29T03:00:00Z,2026-04-29T05:00:00+0200,1725.51,MW,FR,FR,actual_offshore_wind_generation,Wind Offshore | Actual Aggregated,2026-05-29T22:18:42Z
2026-05-29T22:17:36Z,2026-05-30T00:17:36+0200,e2390b4d-8b36-448a-b0e6-27aba52aab7b,2026-04-29T03:15:00Z,2026-04-29T05:15:00+0200,1734.0,MW,FR,FR,actual_offshore_wind_generation,Wind Offshore | Actual Aggregated,2026-05-29T22:18:42Z
2026-05-29T22:17:36Z,2026-05-30T00:17:36+0200,e2390b4d-8b36-448a-b0e6-27aba52aab7b,2026-04-29T03:30:00Z,2026-04-29T05:30:00+0200,1709.52,MW,FR,FR,actual_offshore_wind_generation,Wind Offshore | Actual Aggregated,2026-05-29T22:18:42Z
2026-05-29T22:17:36Z,2026-05-30T00:17:36+0200,e2390b4d-8b36-448a-b0e6-27aba52aab7b,2026-04-29T03:45:00Z,2026-04-29T05:45:00+0200,1687.13,MW,FR,FR,actual_offshore_wind_generation,Wind Offshore | Actual Aggregated,2026-05-29T22:18:42Z
2026-05-29T22:17:36Z,2026-05-30T00:17:36+0200,e2390b4d-8b36-448a-b0e6-27aba52aab7b,2026-04-29T04:00:00Z,2026-04-29T06:00:00+0200,1679.0,MW,FR,FR,actual_offshore_wind_generation,Wind Offshore | Actual Aggregated,2026-05-29T22:18:42Z
2026-05-29T22:17:36Z,2026-05-30T00:17:36+0200,e2390b4d-8b36-448a-b0e6-27aba52aab7b,2026-04-29T04:15:00Z,2026-04-29T06:15:00+0200,1673.66,MW,FR,FR,actual_offshore_wind_generation,Wind Offshore | Actual Aggregated,2026-05-29T22:18:42Z
2026-05-29T22:17:36Z,2026-05-30T00:17:36+0200,e2390b4d-8b36-448a-b0e6-27aba52aab7b,2026-04-29T04:30:00Z,2026-04-29T06:30:00+0200,1629.09,MW,FR,FR,actual_offshore_wind_generation,Wind Offshore | Actual Aggregated,2026-05-29T22:18:42Z
2026-05-29T22:17:36Z,2026-05-30T00:17:36+0200,e2390b4d-8b36-448a-b0e6-27aba52aab7b,2026-04-29T04:45:00Z,2026-04-29T06:45:00+0200,1603.35,MW,FR,FR,actual_offshore_wind_generation,Wind Offshore | Actual Aggregated,2026-05-29T22:18:42Z
2026-05-29T22:17:36Z,2026-05-30T00:17:36+0200,e2390b4d-8b36-448a-b0e6-27aba52aab7b,2026-04-29T05:00:00Z,2026-04-29T07:00:00+0200,1589.23,MW,FR,FR,actual_offshore_wind_generation,Wind Offshore | Actual Aggregated,2026-05-29T22:18:42Z
2026-05-29T22:17:36Z,2026-05-30T00:17:36+0200,e2390b4d-8b36-448a-b0e6-27aba52aab7b,2026-04-29T05:15:00Z,2026-04-29T07:15:00+0200,1555.66,MW,FR,FR,actual_offshore_wind_generation,Wind Offshore | Actual Aggregated,2026-05-29T22:18:42Z
2026-05-29T22:17:36Z,2026-05-30T00:17:36+0200,e2390b4d-8b36-448a-b0e6-27aba52aab7b,2026-04-29T05:30:00Z,2026-04-29T07:30:00+0200,1569.56,MW,FR,FR,actual_offshore_wind_generation,Wind Offshore | Actual Aggregated,2026-05-29T22:18:42Z
2026-05-29T22:17:36Z,2026-05-30T00:17:36+0200,e2390b4d-8b36-448a-b0e6-27aba52aab7b,2026-04-29T05:45:00Z,2026-04-29T07:45:00+0200,1618.64,MW,FR,FR,actual_offshore_wind_generation,Wind Offshore | Actual Aggregated,2026-05-29T22:18:42Z
2026-05-29T22:17:36Z,2026-05-30T00:17:36+0200,e2390b4d-8b36-448a-b0e6-27aba52aab7b,2026-04-29T06:00:00Z,2026-04-29T08:00:00+0200,1616.53,MW,FR,FR,actual_offshore_wind_generation,Wind Offshore | Actual Aggregated,2026-05-29T22:18:42Z
2026-05-29T22:17:36Z,2026-05-30T00:17:36+0200,e2390b4d-8b36-448a-b0e6-27aba52aab7b,2026-04-29T06:15:00Z,2026-04-29T08:15:00+0200,1607.26,MW,FR,FR,actual_offshore_wind_generation,Wind Offshore | Actual Aggregated,2026-05-29T22:18:42Z
2026-05-29T22:17:36Z,2026-05-30T00:17:36+0200,e2390b4d-8b36-448a-b0e6-27aba52aab7b,2026-04-29T06:30:00Z,2026-04-29T08:30:00+0200,1602.02,MW,FR,FR,actual_offshore_wind_generation,Wind Offshore | Actual Aggregated,2026-05-29T22:18:42Z
2026-05-29T22:17:36Z,2026-05-30T00:17:36+0200,e2390b4d-8b36-448a-b0e6-27aba52aab7b,2026-04-29T06:45:00Z,2026-04-29T08:45:00+0200,1575.17,MW,FR,FR,actual_offshore_wind_generation,Wind Offshore | Actual Aggregated,2026-05-29T22:18:42Z
2026-05-29T22:17:36Z,2026-05-30T00:17:36+0200,e2390b4d-8b36-448a-b0e6-27aba52aab7b,2026-04-29T07:00:00Z,2026-04-29T09:00:00+0200,1545.3,MW,FR,FR,actual_offshore_wind_generation,Wind Offshore | Actual Aggregated,2026-05-29T22:18:42Z
2026-05-29T22:17:36Z,2026-05-30T00:17:36+0200,e2390b4d-8b36-448a-b0e6-27aba52aab7b,2026-04-29T07:15:00Z,2026-04-29T09:15:00+0200,1483.1,MW,FR,FR,actual_offshore_wind_generation,Wind Offshore | Actual Aggregated,2026-05-29T22:18:42Z
2026-05-29T22:17:36Z,2026-05-30T00:17:36+0200,e2390b4d-8b36-448a-b0e6-27aba52aab7b,2026-04-29T07:30:00Z,2026-04-29T09:30:00+0200,1385.71,MW,FR,FR,actual_offshore_wind_generation,Wind Offshore | Actual Aggregated,2026-05-29T22:18:42Z
2026-05-29T22:17:36Z,2026-05-30T00:17:36+0200,e2390b4d-8b36-448a-b0e6-27aba52aab7b,2026-04-29T07:45:00Z,2026-04-29T09:45:00+0200,1289.74,MW,FR,FR,actual_offshore_wind_generation,Wind Offshore | Actual Aggregated,2026-05-29T22:18:42Z
2026-05-29T22:17:36Z,2026-05-30T00:17:36+0200,e2390b4d-8b36-448a-b0e6-27aba52aab7b,2026-04-29T08:00:00Z,2026-04-29T10:00:00+0200,1365.79,MW,FR,FR,actual_offshore_wind_generation,Wind Offshore | Actual Aggregated,2026-05-29T22:18:42Z
2026-05-29T22:17:36Z,2026-05-30T00:17:36+0200,e2390b4d-8b36-448a-b0e6-27aba52aab7b,2026-04-29T08:15:00Z,2026-04-29T10:15:00+0200,1318.45,MW,FR,FR,actual_offshore_wind_generation,Wind Offshore | Actual Aggregated,2026-05-29T22:18:42Z
2026-05-29T22:17:36Z,2026-05-30T00:17:36+0200,e2390b4d-8b36-448a-b0e6-27aba52aab7b,2026-04-29T08:30:00Z,2026-04-29T10:30:00+0200,1040.55,MW,FR,FR,actual_offshore_wind_generation,Wind Offshore | Actual Aggregated,2026-05-29T22:18:42Z
2026-05-29T22:17:36Z,2026-05-30T00:17:36+0200,e2390b4d-8b36-448a-b0e6-27aba52aab7b,2026-04-29T08:45:00Z,2026-04-29T10:45:00+0200,396.6,MW,FR,FR,actual_offshore_wind_generation,Wind Offshore | Actual Aggregated,2026-05-29T22:18:42Z
2026-05-29T22:17:36Z,2026-05-30T00:17:36+0200,e2390b4d-8b36-448a-b0e6-27aba52aab7b,2026-04-29T09:00:00Z,2026-04-29T11:00:00+0200,1067.27,MW,FR,FR,actual_offshore_wind_generation,Wind Offshore | Actual Aggregated,2026-05-29T22:18:42Z
2026-05-29T22:17:36Z,2026-05-30T00:17:36+0200,e2390b4d-8b36-448a-b0e6-27aba52aab7b,2026-04-29T09:15:00Z,2026-04-29T11:15:00+0200,187.55,MW,FR,FR,actual_offshore_wind_generation,Wind Offshore | Actual Aggregated,2026-05-29T22:18:42Z
2026-05-29T22:17:36Z,2026-05-30T00:17:36+0200,e2390b4d-8b36-448a-b0e6-27aba52aab7b,2026-04-29T09:30:00Z,2026-04-29T11:30:00+0200,134.69,MW,FR,FR,actual_offshore_wind_generation,Wind Offshore | Actual Aggregated,2026-05-29T22:18:42Z
2026-05-29T22:17:36Z,2026-05-30T00:17:36+0200,e2390b4d-8b36-448a-b0e6-27aba52aab7b,2026-04-29T09:45:00Z,2026-04-29T11:45:00+0200,112.21,MW,FR,FR,actual_offshore_wind_generation,Wind Offshore | Actual Aggregated,2026-05-29T22:18:42Z
2026-05-29T22:17:36Z,2026-05-30T00:17:36+0200,e2390b4d-8b36-448a-b0e6-27aba52aab7b,2026-04-29T10:00:00Z,2026-04-29T12:00:00+0200,108.74,MW,FR,FR,actual_offshore_wind_generation,Wind Offshore | Actual Aggregated,2026-05-29T22:18:42Z
2026-05-29T22:17:36Z,2026-05-30T00:17:36+0200,e2390b4d-8b36-448a-b0e6-27aba52aab7b,2026-04-29T10:15:00Z,2026-04-29T12:15:00+0200,111.31,MW,FR,FR,actual_offshore_wind_generation,Wind Offshore | Actual Aggregated,2026-05-29T22:18:42Z
2026-05-29T22:17:36Z,2026-05-30T00:17:36+0200,e2390b4d-8b36-448a-b0e6-27aba52aab7b,2026-04-29T10:30:00Z,2026-04-29T12:30:00+0200,125.04,MW,FR,FR,actual_offshore_wind_generation,Wind Offshore | Actual Aggregated,2026-05-29T22:18:42Z
2026-05-29T22:17:36Z,2026-05-30T00:17:36+0200,e2390b4d-8b36-448a-b0e6-27aba52aab7b,2026-04-29T10:45:00Z,2026-04-29T12:45:00+0200,121.58,MW,FR,FR,actual_offshore_wind_generation,Wind Offshore | Actual Aggregated,2026-05-29T22:18:42Z
2026-05-29T22:17:36Z,2026-05-30T00:17:36+0200,e2390b4d-8b36-448a-b0e6-27aba52aab7b,2026-04-29T11:00:00Z,2026-04-29T13:00:00+0200,115.12,MW,FR,FR,actual_offshore_wind_generation,Wind Offshore | Actual Aggregated,2026-05-29T22:18:42Z
2026-05-29T22:17:36Z,2026-05-30T00:17:36+0200,e2390b4d-8b36-448a-b0e6-27aba52aab7b,2026-04-29T11:15:00Z,2026-04-29T13:15:00+0200,110.45,MW,FR,FR,actual_offshore_wind_generation,Wind Offshore | Actual Aggregated,2026-05-29T22:18:42Z
2026-05-29T22:17:36Z,2026-05-30T00:17:36+0200,e2390b4d-8b36-448a-b0e6-27aba52aab7b,2026-04-29T11:30:00Z,2026-04-29T13:30:00+0200,119.36,MW,FR,FR,actual_offshore_wind_generation,Wind Offshore | Actual Aggregated,2026-05-29T22:18:42Z
2026-05-29T22:17:36Z,2026-05-30T00:17:36+0200,e2390b4d-8b36-448a-b0e6-27aba52aab7b,2026-04-29T11:45:00Z,2026-04-29T13:45:00+0200,119.27,MW,FR,FR,actual_offshore_wind_generation,Wind Offshore | Actual Aggregated,2026-05-29T22:18:42Z
2026-05-29T22:17:36Z,2026-05-30T00:17:36+0200,e2390b4d-8b36-448a-b0e6-27aba52aab7b,2026-04-29T12:00:00Z,2026-04-29T14:00:00+0200,165.16,MW,FR,FR,actual_offshore_wind_generation,Wind Offshore | Actual Aggregated,2026-05-29T22:18:42Z
2026-05-29T22:17:36Z,2026-05-30T00:17:36+0200,e2390b4d-8b36-448a-b0e6-27aba52aab7b,2026-04-29T12:15:00Z,2026-04-29T14:15:00+0200,250.56,MW,FR,FR,actual_offshore_wind_generation,Wind Offshore | Actual Aggregated,2026-05-29T22:18:42Z
2026-05-29T22:17:36Z,2026-05-30T00:17:36+0200,e2390b4d-8b36-448a-b0e6-27aba52aab7b,2026-04-29T12:30:00Z,2026-04-29T14:30:00+0200,267.85,MW,FR,FR,actual_offshore_wind_generation,Wind Offshore | Actual Aggregated,2026-05-29T22:18:42Z
2026-05-29T22:17:36Z,2026-05-30T00:17:36+0200,e2390b4d-8b36-448a-b0e6-27aba52aab7b,2026-04-29T12:45:00Z,2026-04-29T14:45:00+0200,258.24,MW,FR,FR,actual_offshore_wind_generation,Wind Offshore | Actual Aggregated,2026-05-29T22:18:42Z
2026-05-29T22:17:36Z,2026-05-30T00:17:36+0200,e2390b4d-8b36-448a-b0e6-27aba52aab7b,2026-04-29T13:00:00Z,2026-04-29T15:00:00+0200,241.61,MW,FR,FR,actual_offshore_wind_generation,Wind Offshore | Actual Aggregated,2026-05-29T22:18:42Z
2026-05-29T22:17:36Z,2026-05-30T00:17:36+0200,e2390b4d-8b36-448a-b0e6-27aba52aab7b,2026-04-29T13:15:00Z,2026-04-29T15:15:00+0200,253.89,MW,FR,FR,actual_offshore_wind_generation,Wind Offshore | Actual Aggregated,2026-05-29T22:18:42Z
2026-05-29T22:17:36Z,2026-05-30T00:17:36+0200,e2390b4d-8b36-448a-b0e6-27aba52aab7b,2026-04-29T13:30:00Z,2026-04-29T15:30:00+0200,267.77,MW,FR,FR,actual_offshore_wind_generation,Wind Offshore | Actual Aggregated,2026-05-29T22:18:42Z
2026-05-29T22:17:36Z,2026-05-30T00:17:36+0200,e2390b4d-8b36-448a-b0e6-27aba52aab7b,2026-04-29T13:45:00Z,2026-04-29T15:45:00+0200,277.9,MW,FR,FR,actual_offshore_wind_generation,Wind Offshore | Actual Aggregated,2026-05-29T22:18:42Z
2026-05-29T22:17:36Z,2026-05-30T00:17:36+0200,e2390b4d-8b36-448a-b0e6-27aba52aab7b,2026-04-29T14:00:00Z,2026-04-29T16:00:00+0200,287.27,MW,FR,FR,actual_offshore_wind_generation,Wind Offshore | Actual Aggregated,2026-05-29T22:18:42Z
2026-05-29T22:17:36Z,2026-05-30T00:17:36+0200,e2390b4d-8b36-448a-b0e6-27aba52aab7b,2026-04-29T14:15:00Z,2026-04-29T16:15:00+0200,297.79,MW,FR,FR,actual_offshore_wind_generation,Wind Offshore | Actual Aggregated,2026-05-29T22:18:42Z
2026-05-29T22:17:36Z,2026-05-30T00:17:36+0200,e2390b4d-8b36-448a-b0e6-27aba52aab7b,2026-04-29T14:30:00Z,2026-04-29T16:30:00+0200,371.51,MW,FR,FR,actual_offshore_wind_generation,Wind Offshore | Actual Aggregated,2026-05-29T22:18:42Z
2026-05-29T22:17:36Z,2026-05-30T00:17:36+0200,e2390b4d-8b36-448a-b0e6-27aba52aab7b,2026-04-29T14:45:00Z,2026-04-29T16:45:00+0200,517.77,MW,FR,FR,actual_offshore_wind_generation,Wind Offshore | Actual Aggregated,2026-05-29T22:18:42Z
2026-05-29T22:17:36Z,2026-05-30T00:17:36+0200,e2390b4d-8b36-448a-b0e6-27aba52aab7b,2026-04-29T15:00:00Z,2026-04-29T17:00:00+0200,592.65,MW,FR,FR,actual_offshore_wind_generation,Wind Offshore | Actual Aggregated,2026-05-29T22:18:42Z
2026-05-29T22:17:36Z,2026-05-30T00:17:36+0200,e2390b4d-8b36-448a-b0e6-27aba52aab7b,2026-04-29T15:15:00Z,2026-04-29T17:15:00+0200,1254.76,MW,FR,FR,actual_offshore_wind_generation,Wind Offshore | Actual Aggregated,2026-05-29T22:18:42Z
2026-05-29T22:17:36Z,2026-05-30T00:17:36+0200,e2390b4d-8b36-448a-b0e6-27aba52aab7b,2026-04-29T15:30:00Z,2026-04-29T17:30:00+0200,1255.71,MW,FR,FR,actual_offshore_wind_generation,Wind Offshore | Actual Aggregated,2026-05-29T22:18:42Z
2026-05-29T22:17:36Z,2026-05-30T00:17:36+0200,e2390b4d-8b36-448a-b0e6-27aba52aab7b,2026-04-29T15:45:00Z,2026-04-29T17:45:00+0200,1250.33,MW,FR,FR,actual_offshore_wind_generation,Wind Offshore | Actual Aggregated,2026-05-29T22:18:42Z
2026-05-29T22:17:36Z,2026-05-30T00:17:36+0200,e2390b4d-8b36-448a-b0e6-27aba52aab7b,2026-04-29T16:00:00Z,2026-04-29T18:00:00+0200,615.8,MW,FR,FR,actual_offshore_wind_generation,Wind Offshore | Actual Aggregated,2026-05-29T22:18:42Z
2026-05-29T22:17:36Z,2026-05-30T00:17:36+0200,e2390b4d-8b36-448a-b0e6-27aba52aab7b,2026-04-29T16:15:00Z,2026-04-29T18:15:00+0200,168.83,MW,FR,FR,actual_offshore_wind_generation,Wind Offshore | Actual Aggregated,2026-05-29T22:18:42Z
2026-05-29T22:17:36Z,2026-05-30T00:17:36+0200,e2390b4d-8b36-448a-b0e6-27aba52aab7b,2026-04-29T16:30:00Z,2026-04-29T18:30:00+0200,155.36,MW,FR,FR,actual_offshore_wind_generation,Wind Offshore | Actual Aggregated,2026-05-29T22:18:42Z
2026-05-29T22:17:36Z,2026-05-30T00:17:36+0200,e2390b4d-8b36-448a-b0e6-27aba52aab7b,2026-04-29T16:45:00Z,2026-04-29T18:45:00+0200,684.98,MW,FR,FR,actual_offshore_wind_generation,Wind Offshore | Actual Aggregated,2026-05-29T22:18:42Z
2026-05-29T22:17:36Z,2026-05-30T00:17:36+0200,e2390b4d-8b36-448a-b0e6-27aba52aab7b,2026-04-29T17:00:00Z,2026-04-29T19:00:00+0200,1066.8,MW,FR,FR,actual_offshore_wind_generation,Wind Offshore | Actual Aggregated,2026-05-29T22:18:42Z
2026-05-29T22:17:36Z,2026-05-30T00:17:36+0200,e2390b4d-8b36-448a-b0e6-27aba52aab7b,2026-04-29T17:15:00Z,2026-04-29T19:15:00+0200,1190.51,MW,FR,FR,actual_offshore_wind_generation,Wind Offshore | Actual Aggregated,2026-05-29T22:18:42Z
2026-05-29T22:17:36Z,2026-05-30T00:17:36+0200,e2390b4d-8b36-448a-b0e6-27aba52aab7b,2026-04-29T17:30:00Z,2026-04-29T19:30:00+0200,1199.91,MW,FR,FR,actual_offshore_wind_generation,Wind Offshore | Actual Aggregated,2026-05-29T22:18:42Z
2026-05-29T22:17:36Z,2026-05-30T00:17:36+0200,e2390b4d-8b36-448a-b0e6-27aba52aab7b,2026-04-29T17:45:00Z,2026-04-29T19:45:00+0200,1204.44,MW,FR,FR,actual_offshore_wind_generation,Wind Offshore | Actual Aggregated,2026-05-29T22:18:42Z
2026-05-29T22:17:36Z,2026-05-30T00:17:36+0200,e2390b4d-8b36-448a-b0e6-27aba52aab7b,2026-04-29T18:00:00Z,2026-04-29T20:00:00+0200,1224.34,MW,FR,FR,actual_offshore_wind_generation,Wind Offshore | Actual Aggregated,2026-05-29T22:18:42Z
2026-05-29T22:17:36Z,2026-05-30T00:17:36+0200,e2390b4d-8b36-448a-b0e6-27aba52aab7b,2026-04-29T18:15:00Z,2026-04-29T20:15:00+0200,1233.62,MW,FR,FR,actual_offshore_wind_generation,Wind Offshore | Actual Aggregated,2026-05-29T22:18:42Z
2026-05-29T22:17:36Z,2026-05-30T00:17:36+0200,e2390b4d-8b36-448a-b0e6-27aba52aab7b,2026-04-29T18:30:00Z,2026-04-29T20:30:00+0200,1239.86,MW,FR,FR,actual_offshore_wind_generation,Wind Offshore | Actual Aggregated,2026-05-29T22:18:42Z
2026-05-29T22:17:36Z,2026-05-30T00:17:36+0200,e2390b4d-8b36-448a-b0e6-27aba52aab7b,2026-04-29T18:45:00Z,2026-04-29T20:45:00+0200,1252.07,MW,FR,FR,actual_offshore_wind_generation,Wind Offshore | Actual Aggregated,2026-05-29T22:18:42Z
2026-05-29T22:17:36Z,2026-05-30T00:17:36+0200,e2390b4d-8b36-448a-b0e6-27aba52aab7b,2026-04-29T19:00:00Z,2026-04-29T21:00:00+0200,1246.68,MW,FR,FR,actual_offshore_wind_generation,Wind Offshore | Actual Aggregated,2026-05-29T22:18:42Z
2026-05-29T22:17:36Z,2026-05-30T00:17:36+0200,e2390b4d-8b36-448a-b0e6-27aba52aab7b,2026-04-29T19:15:00Z,2026-04-29T21:15:00+0200,1270.04,MW,FR,FR,actual_offshore_wind_generation,Wind Offshore | Actual Aggregated,2026-05-29T22:18:42Z
2026-05-29T22:17:36Z,2026-05-30T00:17:36+0200,e2390b4d-8b36-448a-b0e6-27aba52aab7b,2026-04-29T19:30:00Z,2026-04-29T21:30:00+0200,1307.91,MW,FR,FR,actual_offshore_wind_generation,Wind Offshore | Actual Aggregated,2026-05-29T22:18:42Z
2026-05-29T22:17:36Z,2026-05-30T00:17:36+0200,e2390b4d-8b36-448a-b0e6-27aba52aab7b,2026-04-29T19:45:00Z,2026-04-29T21:45:00+0200,1277.22,MW,FR,FR,actual_offshore_wind_generation,Wind Offshore | Actual Aggregated,2026-05-29T22:18:42Z
2026-05-29T22:17:36Z,2026-05-30T00:17:36+0200,e2390b4d-8b36-448a-b0e6-27aba52aab7b,2026-04-29T20:00:00Z,2026-04-29T22:00:00+0200,1259.78,MW,FR,FR,actual_offshore_wind_generation,Wind Offshore | Actual Aggregated,2026-05-29T22:18:42Z
2026-05-29T22:17:36Z,2026-05-30T00:17:36+0200,e2390b4d-8b36-448a-b0e6-27aba52aab7b,2026-04-29T20:15:00Z,2026-04-29T22:15:00+0200,1248.81,MW,FR,FR,actual_offshore_wind_generation,Wind Offshore | Actual Aggregated,2026-05-29T22:18:42Z
2026-05-29T22:17:36Z,2026-05-30T00:17:36+0200,e2390b4d-8b36-448a-b0e6-27aba52aab7b,2026-04-29T20:30:00Z,2026-04-29T22:30:00+0200,1248.19,MW,FR,FR,actual_offshore_wind_generation,Wind Offshore | Actual Aggregated,2026-05-29T22:18:42Z
2026-05-29T22:17:36Z,2026-05-30T00:17:36+0200,e2390b4d-8b36-448a-b0e6-27aba52aab7b,2026-04-29T20:45:00Z,2026-04-29T22:45:00+0200,1237.37,MW,FR,FR,actual_offshore_wind_generation,Wind Offshore | Actual Aggregated,2026-05-29T22:18:42Z
2026-05-29T22:17:36Z,2026-05-30T00:17:36+0200,e2390b4d-8b36-448a-b0e6-27aba52aab7b,2026-04-29T21:00:00Z,2026-04-29T23:00:00+0200,1240.85,MW,FR,FR,actual_offshore_wind_generation,Wind Offshore | Actual Aggregated,2026-05-29T22:18:42Z
2026-05-29T22:17:36Z,2026-05-30T00:17:36+0200,e2390b4d-8b36-448a-b0e6-27aba52aab7b,2026-04-29T21:15:00Z,2026-04-29T23:15:00+0200,1191.72,MW,FR,FR,actual_offshore_wind_generation,Wind Offshore | Actual Aggregated,2026-05-29T22:18:42Z
2026-05-29T22:17:36Z,2026-05-30T00:17:36+0200,e2390b4d-8b36-448a-b0e6-27aba52aab7b,2026-04-29T21:30:00Z,2026-04-29T23:30:00+0200,1187.2,MW,FR,FR,actual_offshore_wind_generation,Wind Offshore | Actual Aggregated,2026-05-29T22:18:42Z
2026-05-29T22:17:36Z,2026-05-30T00:17:36+0200,e2390b4d-8b36-448a-b0e6-27aba52aab7b,2026-04-29T21:45:00Z,2026-04-29T23:45:00+0200,1175.15,MW,FR,FR,actual_offshore_wind_generation,Wind Offshore | Actual Aggregated,2026-05-29T22:18:42Z
2026-05-29T22:17:36Z,2026-05-30T00:17:36+0200,e2390b4d-8b36-448a-b0e6-27aba52aab7b,2026-04-29T22:00:00Z,2026-04-30T00:00:00+0200,1169.76,MW,FR,FR,actual_offshore_wind_generation,Wind Offshore | Actual Aggregated,2026-05-29T22:18:42Z
2026-05-29T22:17:36Z,2026-05-30T00:17:36+0200,e2390b4d-8b36-448a-b0e6-27aba52aab7b,2026-04-29T22:15:00Z,2026-04-30T00:15:00+0200,1176.72,MW,FR,FR,actual_offshore_wind_generation,Wind Offshore | Actual Aggregated,2026-05-29T22:18:42Z
2026-05-29T22:17:36Z,2026-05-30T00:17:36+0200,e2390b4d-8b36-448a-b0e6-27aba52aab7b,2026-04-29T22:30:00Z,2026-04-30T00:30:00+0200,1194.58,MW,FR,FR,actual_offshore_wind_generation,Wind Offshore | Actual Aggregated,2026-05-29T22:18:42Z
2026-05-29T22:17:36Z,2026-05-30T00:17:36+0200,e2390b4d-8b36-448a-b0e6-27aba52aab7b,2026-04-29T22:45:00Z,2026-04-30T00:45:00+0200,1209.15,MW,FR,FR,actual_offshore_wind_generation,Wind Offshore | Actual Aggregated,2026-05-29T22:18:42Z
2026-05-29T22:17:36Z,2026-05-30T00:17:36+0200,e2390b4d-8b36-448a-b0e6-27aba52aab7b,2026-04-29T23:00:00Z,2026-04-30T01:00:00+0200,1209.23,MW,FR,FR,actual_offshore_wind_generation,Wind Offshore | Actual Aggregated,2026-05-29T22:18:42Z
2026-05-29T22:17:36Z,2026-05-30T00:17:36+0200,e2390b4d-8b36-448a-b0e6-27aba52aab7b,2026-04-29T23:15:00Z,2026-04-30T01:15:00+0200,1205.89,MW,FR,FR,actual_offshore_wind_generation,Wind Offshore | Actual Aggregated,2026-05-29T22:18:42Z
2026-05-29T22:17:36Z,2026-05-30T00:17:36+0200,e2390b4d-8b36-448a-b0e6-27aba52aab7b,2026-04-29T23:30:00Z,2026-04-30T01:30:00+0200,1202.32,MW,FR,FR,actual_offshore_wind_generation,Wind Offshore | Actual Aggregated,2026-05-29T22:18:42Z
2026-05-29T22:17:36Z,2026-05-30T00:17:36+0200,e2390b4d-8b36-448a-b0e6-27aba52aab7b,2026-04-29T23:45:00Z,2026-04-30T01:45:00+0200,1204.28,MW,FR,FR,actual_offshore_wind_generation,Wind Offshore | Actual Aggregated,2026-05-29T22:18:42Z
2026-05-29T22:17:36Z,2026-05-30T00:17:36+0200,e2390b4d-8b36-448a-b0e6-27aba52aab7b,2026-04-30T00:00:00Z,2026-04-30T02:00:00+0200,1209.93,MW,FR,FR,actual_offshore_wind_generation,Wind Offshore | Actual Aggregated,2026-05-29T22:18:42Z
2026-05-29T22:17:36Z,2026-05-30T00:17:36+0200,e2390b4d-8b36-448a-b0e6-27aba52aab7b,2026-04-30T00:15:00Z,2026-04-30T02:15:00+0200,1211.47,MW,FR,FR,actual_offshore_wind_generation,Wind Offshore | Actual Aggregated,2026-05-29T22:18:42Z
2026-05-29T22:17:36Z,2026-05-30T00:17:36+0200,e2390b4d-8b36-448a-b0e6-27aba52aab7b,2026-04-30T00:30:00Z,2026-04-30T02:30:00+0200,1214.18,MW,FR,FR,actual_offshore_wind_generation,Wind Offshore | Actual Aggregated,2026-05-29T22:18:42Z
2026-05-29T22:17:36Z,2026-05-30T00:17:36+0200,e2390b4d-8b36-448a-b0e6-27aba52aab7b,2026-04-30T00:45:00Z,2026-04-30T02:45:00+0200,1240.47,MW,FR,FR,actual_offshore_wind_generation,Wind Offshore | Actual Aggregated,2026-05-29T22:18:42Z
2026-05-29T22:17:36Z,2026-05-30T00:17:36+0200,e2390b4d-8b36-448a-b0e6-27aba52aab7b,2026-04-30T01:00:00Z,2026-04-30T03:00:00+0200,1256.12,MW,FR,FR,actual_offshore_wind_generation,Wind Offshore | Actual Aggregated,2026-05-29T22:18:42Z
2026-05-29T22:17:36Z,2026-05-30T00:17:36+0200,e2390b4d-8b36-448a-b0e6-27aba52aab7b,2026-04-30T01:15:00Z,2026-04-30T03:15:00+0200,1292.11,MW,FR,FR,actual_offshore_wind_generation,Wind Offshore | Actual Aggregated,2026-05-29T22:18:42Z
2026-05-29T22:17:36Z,2026-05-30T00:17:36+0200,e2390b4d-8b36-448a-b0e6-27aba52aab7b,2026-04-30T01:30:00Z,2026-04-30T03:30:00+0200,1304.69,MW,FR,FR,actual_offshore_wind_generation,Wind Offshore | Actual Aggregated,2026-05-29T22:18:42Z
2026-05-29T22:17:36Z,2026-05-30T00:17:36+0200,e2390b4d-8b36-448a-b0e6-27aba52aab7b,2026-04-30T01:45:00Z,2026-04-30T03:45:00+0200,1307.0,MW,FR,FR,actual_offshore_wind_generation,Wind Offshore | Actual Aggregated,2026-05-29T22:18:42Z
2026-05-29T22:17:36Z,2026-05-30T00:17:36+0200,e2390b4d-8b36-448a-b0e6-27aba52aab7b,2026-04-30T02:00:00Z,2026-04-30T04:00:00+0200,1336.04,MW,FR,FR,actual_offshore_wind_generation,Wind Offshore | Actual Aggregated,2026-05-29T22:18:42Z
2026-05-29T22:17:36Z,2026-05-30T00:17:36+0200,e2390b4d-8b36-448a-b0e6-27aba52aab7b,2026-04-30T02:15:00Z,2026-04-30T04:15:00+0200,1366.02,MW,FR,FR,actual_offshore_wind_generation,Wind Offshore | Actual Aggregated,2026-05-29T22:18:42Z
2026-05-29T22:17:36Z,2026-05-30T00:17:36+0200,e2390b4d-8b36-448a-b0e6-27aba52aab7b,2026-04-30T02:30:00Z,2026-04-30T04:30:00+0200,1372.26,MW,FR,FR,actual_offshore_wind_generation,Wind Offshore | Actual Aggregated,2026-05-29T22:18:42Z
2026-05-29T22:17:36Z,2026-05-30T00:17:36+0200,e2390b4d-8b36-448a-b0e6-27aba52aab7b,2026-04-30T02:45:00Z,2026-04-30T04:45:00+0200,1370.6,MW,FR,FR,actual_offshore_wind_generation,Wind Offshore | Actual Aggregated,2026-05-29T22:18:42Z
2026-05-29T22:17:36Z,2026-05-30T00:17:36+0200,e2390b4d-8b36-448a-b0e6-27aba52aab7b,2026-04-30T03:00:00Z,2026-04-30T05:00:00+0200,1412.55,MW,FR,FR,actual_offshore_wind_generation,Wind Offshore | Actual Aggregated,2026-05-29T22:18:42Z
2026-05-29T22:17:36Z,2026-05-30T00:17:36+0200,e2390b4d-8b36-448a-b0e6-27aba52aab7b,2026-04-30T03:15:00Z,2026-04-30T05:15:00+0200,1343.55,MW,FR,FR,actual_offshore_wind_generation,Wind Offshore | Actual Aggregated,2026-05-29T22:18:42Z
2026-05-29T22:17:36Z,2026-05-30T00:17:36+0200,e2390b4d-8b36-448a-b0e6-27aba52aab7b,2026-04-30T03:30:00Z,2026-04-30T05:30:00+0200,1323.05,MW,FR,FR,actual_offshore_wind_generation,Wind Offshore | Actual Aggregated,2026-05-29T22:18:42Z
2026-05-29T22:17:36Z,2026-05-30T00:17:36+0200,e2390b4d-8b36-448a-b0e6-27aba52aab7b,2026-04-30T03:45:00Z,2026-04-30T05:45:00+0200,1310.91,MW,FR,FR,actual_offshore_wind_generation,Wind Offshore | Actual Aggregated,2026-05-29T22:18:42Z
2026-05-29T22:17:36Z,2026-05-30T00:17:36+0200,e2390b4d-8b36-448a-b0e6-27aba52aab7b,2026-04-30T04:00:00Z,2026-04-30T06:00:00+0200,1302.21,MW,FR,FR,actual_offshore_wind_generation,Wind Offshore | Actual Aggregated,2026-05-29T22:18:42Z
2026-05-29T22:17:36Z,2026-05-30T00:17:36+0200,e2390b4d-8b36-448a-b0e6-27aba52aab7b,2026-04-30T04:15:00Z,2026-04-30T06:15:00+0200,1318.28,MW,FR,FR,actual_offshore_wind_generation,Wind Offshore | Actual Aggregated,2026-05-29T22:18:42Z
2026-05-29T22:17:36Z,2026-05-30T00:17:36+0200,e2390b4d-8b36-448a-b0e6-27aba52aab7b,2026-04-30T04:30:00Z,2026-04-30T06:30:00+0200,1257.64,MW,FR,FR,actual_offshore_wind_generation,Wind Offshore | Actual Aggregated,2026-05-29T22:18:42Z
2026-05-29T22:17:36Z,2026-05-30T00:17:36+0200,e2390b4d-8b36-448a-b0e6-27aba52aab7b,2026-04-30T04:45:00Z,2026-04-30T06:45:00+0200,1231.0,MW,FR,FR,actual_offshore_wind_generation,Wind Offshore | Actual Aggregated,2026-05-29T22:18:42Z
2026-05-29T22:17:36Z,2026-05-30T00:17:36+0200,e2390b4d-8b36-448a-b0e6-27aba52aab7b,2026-04-30T05:00:00Z,2026-04-30T07:00:00+0200,1221.38,MW,FR,FR,actual_offshore_wind_generation,Wind Offshore | Actual Aggregated,2026-05-29T22:18:42Z
2026-05-29T22:17:36Z,2026-05-30T00:17:36+0200,e2390b4d-8b36-448a-b0e6-27aba52aab7b,2026-04-30T05:15:00Z,2026-04-30T07:15:00+0200,1225.69,MW,FR,FR,actual_offshore_wind_generation,Wind Offshore | Actual Aggregated,2026-05-29T22:18:42Z
2026-05-29T22:17:36Z,2026-05-30T00:17:36+0200,e2390b4d-8b36-448a-b0e6-27aba52aab7b,2026-04-30T05:30:00Z,2026-04-30T07:30:00+0200,1220.69,MW,FR,FR,actual_offshore_wind_generation,Wind Offshore | Actual Aggregated,2026-05-29T22:18:42Z
2026-05-29T22:17:36Z,2026-05-30T00:17:36+0200,e2390b4d-8b36-448a-b0e6-27aba52aab7b,2026-04-30T05:45:00Z,2026-04-30T07:45:00+0200,1209.81,MW,FR,FR,actual_offshore_wind_generation,Wind Offshore | Actual Aggregated,2026-05-29T22:18:42Z
2026-05-29T22:17:36Z,2026-05-30T00:17:36+0200,e2390b4d-8b36-448a-b0e6-27aba52aab7b,2026-04-30T06:00:00Z,2026-04-30T08:00:00+0200,1119.74,MW,FR,FR,actual_offshore_wind_generation,Wind Offshore | Actual Aggregated,2026-05-29T22:18:42Z
2026-05-29T22:17:36Z,2026-05-30T00:17:36+0200,e2390b4d-8b36-448a-b0e6-27aba52aab7b,2026-04-30T06:15:00Z,2026-04-30T08:15:00+0200,1112.71,MW,FR,FR,actual_offshore_wind_generation,Wind Offshore | Actual Aggregated,2026-05-29T22:18:42Z
2026-05-29T22:17:36Z,2026-05-30T00:17:36+0200,e2390b4d-8b36-448a-b0e6-27aba52aab7b,2026-04-30T06:30:00Z,2026-04-30T08:30:00+0200,1098.93,MW,FR,FR,actual_offshore_wind_generation,Wind Offshore | Actual Aggregated,2026-05-29T22:18:42Z
2026-05-29T22:17:36Z,2026-05-30T00:17:36+0200,e2390b4d-8b36-448a-b0e6-27aba52aab7b,2026-04-30T06:45:00Z,2026-04-30T08:45:00+0200,986.47,MW,FR,FR,actual_offshore_wind_generation,Wind Offshore | Actual Aggregated,2026-05-29T22:18:42Z
2026-05-29T22:17:36Z,2026-05-30T00:17:36+0200,e2390b4d-8b36-448a-b0e6-27aba52aab7b,2026-04-30T07:00:00Z,2026-04-30T09:00:00+0200,904.71,MW,FR,FR,actual_offshore_wind_generation,Wind Offshore | Actual Aggregated,2026-05-29T22:18:42Z
2026-05-29T22:17:36Z,2026-05-30T00:17:36+0200,e2390b4d-8b36-448a-b0e6-27aba52aab7b,2026-04-30T07:15:00Z,2026-04-30T09:15:00+0200,836.97,MW,FR,FR,actual_offshore_wind_generation,Wind Offshore | Actual Aggregated,2026-05-29T22:18:42Z
2026-05-29T22:17:36Z,2026-05-30T00:17:36+0200,e2390b4d-8b36-448a-b0e6-27aba52aab7b,2026-04-30T07:30:00Z,2026-04-30T09:30:00+0200,792.74,MW,FR,FR,actual_offshore_wind_generation,Wind Offshore | Actual Aggregated,2026-05-29T22:18:42Z
2026-05-29T22:17:36Z,2026-05-30T00:17:36+0200,e2390b4d-8b36-448a-b0e6-27aba52aab7b,2026-04-30T07:45:00Z,2026-04-30T09:45:00+0200,778.82,MW,FR,FR,actual_offshore_wind_generation,Wind Offshore | Actual Aggregated,2026-05-29T22:18:42Z
2026-05-29T22:17:36Z,2026-05-30T00:17:36+0200,e2390b4d-8b36-448a-b0e6-27aba52aab7b,2026-04-30T08:00:00Z,2026-04-30T10:00:00+0200,669.99,MW,FR,FR,actual_offshore_wind_generation,Wind Offshore | Actual Aggregated,2026-05-29T22:18:42Z
2026-05-29T22:17:36Z,2026-05-30T00:17:36+0200,e2390b4d-8b36-448a-b0e6-27aba52aab7b,2026-04-30T08:15:00Z,2026-04-30T10:15:00+0200,641.3,MW,FR,FR,actual_offshore_wind_generation,Wind Offshore | Actual Aggregated,2026-05-29T22:18:42Z
2026-05-29T22:17:36Z,2026-05-30T00:17:36+0200,e2390b4d-8b36-448a-b0e6-27aba52aab7b,2026-04-30T08:30:00Z,2026-04-30T10:30:00+0200,515.36,MW,FR,FR,actual_offshore_wind_generation,Wind Offshore | Actual Aggregated,2026-05-29T22:18:42Z
2026-05-29T22:17:36Z,2026-05-30T00:17:36+0200,e2390b4d-8b36-448a-b0e6-27aba52aab7b,2026-04-30T08:45:00Z,2026-04-30T10:45:00+0200,207.8,MW,FR,FR,actual_offshore_wind_generation,Wind Offshore | Actual Aggregated,2026-05-29T22:18:42Z
2026-05-29T22:17:36Z,2026-05-30T00:17:36+0200,e2390b4d-8b36-448a-b0e6-27aba52aab7b,2026-04-30T09:00:00Z,2026-04-30T11:00:00+0200,555.37,MW,FR,FR,actual_offshore_wind_generation,Wind Offshore | Actual Aggregated,2026-05-29T22:18:42Z
2026-05-29T22:17:36Z,2026-05-30T00:17:36+0200,e2390b4d-8b36-448a-b0e6-27aba52aab7b,2026-04-30T09:15:00Z,2026-04-30T11:15:00+0200,108.12,MW,FR,FR,actual_offshore_wind_generation,Wind Offshore | Actual Aggregated,2026-05-29T22:18:42Z
2026-05-29T22:17:36Z,2026-05-30T00:17:36+0200,e2390b4d-8b36-448a-b0e6-27aba52aab7b,2026-04-30T09:30:00Z,2026-04-30T11:30:00+0200,83.04,MW,FR,FR,actual_offshore_wind_generation,Wind Offshore | Actual Aggregated,2026-05-29T22:18:42Z
2026-05-29T22:17:36Z,2026-05-30T00:17:36+0200,e2390b4d-8b36-448a-b0e6-27aba52aab7b,2026-04-30T09:45:00Z,2026-04-30T11:45:00+0200,72.45,MW,FR,FR,actual_offshore_wind_generation,Wind Offshore | Actual Aggregated,2026-05-29T22:18:42Z
2026-05-29T22:17:36Z,2026-05-30T00:17:36+0200,e2390b4d-8b36-448a-b0e6-27aba52aab7b,2026-04-30T10:00:00Z,2026-04-30T12:00:00+0200,84.92,MW,FR,FR,actual_offshore_wind_generation,Wind Offshore | Actual Aggregated,2026-05-29T22:18:42Z
2026-05-29T22:17:36Z,2026-05-30T00:17:36+0200,e2390b4d-8b36-448a-b0e6-27aba52aab7b,2026-04-30T10:15:00Z,2026-04-30T12:15:00+0200,92.89,MW,FR,FR,actual_offshore_wind_generation,Wind Offshore | Actual Aggregated,2026-05-29T22:18:42Z
2026-05-29T22:17:36Z,2026-05-30T00:17:36+0200,e2390b4d-8b36-448a-b0e6-27aba52aab7b,2026-04-30T10:30:00Z,2026-04-30T12:30:00+0200,107.55,MW,FR,FR,actual_offshore_wind_generation,Wind Offshore | Actual Aggregated,2026-05-29T22:18:42Z
2026-05-29T22:17:36Z,2026-05-30T00:17:36+0200,e2390b4d-8b36-448a-b0e6-27aba52aab7b,2026-04-30T10:45:00Z,2026-04-30T12:45:00+0200,118.66,MW,FR,FR,actual_offshore_wind_generation,Wind Offshore | Actual Aggregated,2026-05-29T22:18:42Z
2026-05-29T22:17:36Z,2026-05-30T00:17:36+0200,e2390b4d-8b36-448a-b0e6-27aba52aab7b,2026-04-30T11:00:00Z,2026-04-30T13:00:00+0200,118.32,MW,FR,FR,actual_offshore_wind_generation,Wind Offshore | Actual Aggregated,2026-05-29T22:18:42Z
2026-05-29T22:17:36Z,2026-05-30T00:17:36+0200,e2390b4d-8b36-448a-b0e6-27aba52aab7b,2026-04-30T11:15:00Z,2026-04-30T13:15:00+0200,112.69,MW,FR,FR,actual_offshore_wind_generation,Wind Offshore | Actual Aggregated,2026-05-29T22:18:42Z
2026-05-29T22:17:36Z,2026-05-30T00:17:36+0200,e2390b4d-8b36-448a-b0e6-27aba52aab7b,2026-04-30T11:30:00Z,2026-04-30T13:30:00+0200,113.23,MW,FR,FR,actual_offshore_wind_generation,Wind Offshore | Actual Aggregated,2026-05-29T22:18:42Z
2026-05-29T22:17:36Z,2026-05-30T00:17:36+0200,e2390b4d-8b36-448a-b0e6-27aba52aab7b,2026-04-30T11:45:00Z,2026-04-30T13:45:00+0200,107.76,MW,FR,FR,actual_offshore_wind_generation,Wind Offshore | Actual Aggregated,2026-05-29T22:18:42Z
2026-05-29T22:17:36Z,2026-05-30T00:17:36+0200,e2390b4d-8b36-448a-b0e6-27aba52aab7b,2026-04-30T12:00:00Z,2026-04-30T14:00:00+0200,95.49,MW,FR,FR,actual_offshore_wind_generation,Wind Offshore | Actual Aggregated,2026-05-29T22:18:42Z
2026-05-29T22:17:36Z,2026-05-30T00:17:36+0200,e2390b4d-8b36-448a-b0e6-27aba52aab7b,2026-04-30T12:15:00Z,2026-04-30T14:15:00+0200,95.18,MW,FR,FR,actual_offshore_wind_generation,Wind Offshore | Actual Aggregated,2026-05-29T22:18:42Z
2026-05-29T22:17:36Z,2026-05-30T00:17:36+0200,e2390b4d-8b36-448a-b0e6-27aba52aab7b,2026-04-30T12:30:00Z,2026-04-30T14:30:00+0200,87.81,MW,FR,FR,actual_offshore_wind_generation,Wind Offshore | Actual Aggregated,2026-05-29T22:18:42Z
2026-05-29T22:17:36Z,2026-05-30T00:17:36+0200,e2390b4d-8b36-448a-b0e6-27aba52aab7b,2026-04-30T12:45:00Z,2026-04-30T14:45:00+0200,81.64,MW,FR,FR,actual_offshore_wind_generation,Wind Offshore | Actual Aggregated,2026-05-29T22:18:42Z
2026-05-29T22:17:36Z,2026-05-30T00:17:36+0200,e2390b4d-8b36-448a-b0e6-27aba52aab7b,2026-04-30T13:00:00Z,2026-04-30T15:00:00+0200,85.27,MW,FR,FR,actual_offshore_wind_generation,Wind Offshore | Actual Aggregated,2026-05-29T22:18:42Z
2026-05-29T22:17:36Z,2026-05-30T00:17:36+0200,e2390b4d-8b36-448a-b0e6-27aba52aab7b,2026-04-30T13:15:00Z,2026-04-30T15:15:00+0200,79.69,MW,FR,FR,actual_offshore_wind_generation,Wind Offshore | Actual Aggregated,2026-05-29T22:18:42Z
2026-05-29T22:17:36Z,2026-05-30T00:17:36+0200,e2390b4d-8b36-448a-b0e6-27aba52aab7b,2026-04-30T13:30:00Z,2026-04-30T15:30:00+0200,78.56,MW,FR,FR,actual_offshore_wind_generation,Wind Offshore | Actual Aggregated,2026-05-29T22:18:42Z
2026-05-29T22:17:36Z,2026-05-30T00:17:36+0200,e2390b4d-8b36-448a-b0e6-27aba52aab7b,2026-04-30T13:45:00Z,2026-04-30T15:45:00+0200,79.95,MW,FR,FR,actual_offshore_wind_generation,Wind Offshore | Actual Aggregated,2026-05-29T22:18:42Z
2026-05-29T22:17:36Z,2026-05-30T00:17:36+0200,e2390b4d-8b36-448a-b0e6-27aba52aab7b,2026-04-30T14:00:00Z,2026-04-30T16:00:00+0200,76.22,MW,FR,FR,actual_offshore_wind_generation,Wind Offshore | Actual Aggregated,2026-05-29T22:18:42Z
2026-05-29T22:17:36Z,2026-05-30T00:17:36+0200,e2390b4d-8b36-448a-b0e6-27aba52aab7b,2026-04-30T14:15:00Z,2026-04-30T16:15:00+0200,188.36,MW,FR,FR,actual_offshore_wind_generation,Wind Offshore | Actual Aggregated,2026-05-29T22:18:42Z
2026-05-29T22:17:36Z,2026-05-30T00:17:36+0200,e2390b4d-8b36-448a-b0e6-27aba52aab7b,2026-04-30T14:30:00Z,2026-04-30T16:30:00+0200,467.02,MW,FR,FR,actual_offshore_wind_generation,Wind Offshore | Actual Aggregated,2026-05-29T22:18:42Z
2026-05-29T22:17:36Z,2026-05-30T00:17:36+0200,e2390b4d-8b36-448a-b0e6-27aba52aab7b,2026-04-30T14:45:00Z,2026-04-30T16:45:00+0200,405.47,MW,FR,FR,actual_offshore_wind_generation,Wind Offshore | Actual Aggregated,2026-05-29T22:18:42Z
2026-05-29T22:17:36Z,2026-05-30T00:17:36+0200,e2390b4d-8b36-448a-b0e6-27aba52aab7b,2026-04-30T15:00:00Z,2026-04-30T17:00:00+0200,362.22,MW,FR,FR,actual_offshore_wind_generation,Wind Offshore | Actual Aggregated,2026-05-29T22:18:42Z
2026-05-29T22:17:36Z,2026-05-30T00:17:36+0200,e2390b4d-8b36-448a-b0e6-27aba52aab7b,2026-04-30T15:15:00Z,2026-04-30T17:15:00+0200,374.49,MW,FR,FR,actual_offshore_wind_generation,Wind Offshore | Actual Aggregated,2026-05-29T22:18:42Z
2026-05-29T22:17:36Z,2026-05-30T00:17:36+0200,e2390b4d-8b36-448a-b0e6-27aba52aab7b,2026-04-30T15:30:00Z,2026-04-30T17:30:00+0200,404.53,MW,FR,FR,actual_offshore_wind_generation,Wind Offshore | Actual Aggregated,2026-05-29T22:18:42Z
2026-05-29T22:17:36Z,2026-05-30T00:17:36+0200,e2390b4d-8b36-448a-b0e6-27aba52aab7b,2026-04-30T15:45:00Z,2026-04-30T17:45:00+0200,394.59,MW,FR,FR,actual_offshore_wind_generation,Wind Offshore | Actual Aggregated,2026-05-29T22:18:42Z
2026-05-29T22:17:36Z,2026-05-30T00:17:36+0200,e2390b4d-8b36-448a-b0e6-27aba52aab7b,2026-04-30T16:00:00Z,2026-04-30T18:00:00+0200,354.55,MW,FR,FR,actual_offshore_wind_generation,Wind Offshore | Actual Aggregated,2026-05-29T22:18:42Z
2026-05-29T22:17:36Z,2026-05-30T00:17:36+0200,e2390b4d-8b36-448a-b0e6-27aba52aab7b,2026-04-30T16:15:00Z,2026-04-30T18:15:00+0200,331.95,MW,FR,FR,actual_offshore_wind_generation,Wind Offshore | Actual Aggregated,2026-05-29T22:18:42Z
2026-05-29T22:17:36Z,2026-05-30T00:17:36+0200,e2390b4d-8b36-448a-b0e6-27aba52aab7b,2026-04-30T16:30:00Z,2026-04-30T18:30:00+0200,339.77,MW,FR,FR,actual_offshore_wind_generation,Wind Offshore | Actual Aggregated,2026-05-29T22:18:42Z
2026-05-29T22:17:36Z,2026-05-30T00:17:36+0200,e2390b4d-8b36-448a-b0e6-27aba52aab7b,2026-04-30T16:45:00Z,2026-04-30T18:45:00+0200,337.14,MW,FR,FR,actual_offshore_wind_generation,Wind Offshore | Actual Aggregated,2026-05-29T22:18:42Z
2026-05-29T22:17:36Z,2026-05-30T00:17:36+0200,e2390b4d-8b36-448a-b0e6-27aba52aab7b,2026-04-30T17:00:00Z,2026-04-30T19:00:00+0200,328.08,MW,FR,FR,actual_offshore_wind_generation,Wind Offshore | Actual Aggregated,2026-05-29T22:18:42Z
2026-05-29T22:17:36Z,2026-05-30T00:17:36+0200,e2390b4d-8b36-448a-b0e6-27aba52aab7b,2026-04-30T17:15:00Z,2026-04-30T19:15:00+0200,284.24,MW,FR,FR,actual_offshore_wind_generation,Wind Offshore | Actual Aggregated,2026-05-29T22:18:42Z
2026-05-29T22:17:36Z,2026-05-30T00:17:36+0200,e2390b4d-8b36-448a-b0e6-27aba52aab7b,2026-04-30T17:30:00Z,2026-04-30T19:30:00+0200,271.63,MW,FR,FR,actual_offshore_wind_generation,Wind Offshore | Actual Aggregated,2026-05-29T22:18:42Z
2026-05-29T22:17:36Z,2026-05-30T00:17:36+0200,e2390b4d-8b36-448a-b0e6-27aba52aab7b,2026-04-30T17:45:00Z,2026-04-30T19:45:00+0200,266.6,MW,FR,FR,actual_offshore_wind_generation,Wind Offshore | Actual Aggregated,2026-05-29T22:18:42Z
2026-05-29T22:17:36Z,2026-05-30T00:17:36+0200,e2390b4d-8b36-448a-b0e6-27aba52aab7b,2026-04-30T18:00:00Z,2026-04-30T20:00:00+0200,278.36,MW,FR,FR,actual_offshore_wind_generation,Wind Offshore | Actual Aggregated,2026-05-29T22:18:42Z
2026-05-29T22:17:36Z,2026-05-30T00:17:36+0200,e2390b4d-8b36-448a-b0e6-27aba52aab7b,2026-04-30T18:15:00Z,2026-04-30T20:15:00+0200,263.21,MW,FR,FR,actual_offshore_wind_generation,Wind Offshore | Actual Aggregated,2026-05-29T22:18:42Z
2026-05-29T22:17:36Z,2026-05-30T00:17:36+0200,e2390b4d-8b36-448a-b0e6-27aba52aab7b,2026-04-30T18:30:00Z,2026-04-30T20:30:00+0200,242.95,MW,FR,FR,actual_offshore_wind_generation,Wind Offshore | Actual Aggregated,2026-05-29T22:18:42Z
2026-05-29T22:17:36Z,2026-05-30T00:17:36+0200,e2390b4d-8b36-448a-b0e6-27aba52aab7b,2026-04-30T18:45:00Z,2026-04-30T20:45:00+0200,227.98,MW,FR,FR,actual_offshore_wind_generation,Wind Offshore | Actual Aggregated,2026-05-29T22:18:42Z
2026-05-29T22:17:36Z,2026-05-30T00:17:36+0200,e2390b4d-8b36-448a-b0e6-27aba52aab7b,2026-04-30T19:00:00Z,2026-04-30T21:00:00+0200,220.48,MW,FR,FR,actual_offshore_wind_generation,Wind Offshore | Actual Aggregated,2026-05-29T22:18:42Z
2026-05-29T22:17:36Z,2026-05-30T00:17:36+0200,e2390b4d-8b36-448a-b0e6-27aba52aab7b,2026-04-30T19:15:00Z,2026-04-30T21:15:00+0200,201.8,MW,FR,FR,actual_offshore_wind_generation,Wind Offshore | Actual Aggregated,2026-05-29T22:18:42Z
2026-05-29T22:17:36Z,2026-05-30T00:17:36+0200,e2390b4d-8b36-448a-b0e6-27aba52aab7b,2026-04-30T19:30:00Z,2026-04-30T21:30:00+0200,186.58,MW,FR,FR,actual_offshore_wind_generation,Wind Offshore | Actual Aggregated,2026-05-29T22:18:42Z
2026-05-29T22:17:36Z,2026-05-30T00:17:36+0200,e2390b4d-8b36-448a-b0e6-27aba52aab7b,2026-04-30T19:45:00Z,2026-04-30T21:45:00+0200,194.39,MW,FR,FR,actual_offshore_wind_generation,Wind Offshore | Actual Aggregated,2026-05-29T22:18:42Z
2026-05-29T22:17:36Z,2026-05-30T00:17:36+0200,e2390b4d-8b36-448a-b0e6-27aba52aab7b,2026-04-30T20:00:00Z,2026-04-30T22:00:00+0200,219.64,MW,FR,FR,actual_offshore_wind_generation,Wind Offshore | Actual Aggregated,2026-05-29T22:18:42Z
2026-05-29T22:17:36Z,2026-05-30T00:17:36+0200,e2390b4d-8b36-448a-b0e6-27aba52aab7b,2026-04-30T20:15:00Z,2026-04-30T22:15:00+0200,254.71,MW,FR,FR,actual_offshore_wind_generation,Wind Offshore | Actual Aggregated,2026-05-29T22:18:42Z
2026-05-29T22:17:36Z,2026-05-30T00:17:36+0200,e2390b4d-8b36-448a-b0e6-27aba52aab7b,2026-04-30T20:30:00Z,2026-04-30T22:30:00+0200,280.36,MW,FR,FR,actual_offshore_wind_generation,Wind Offshore | Actual Aggregated,2026-05-29T22:18:42Z
2026-05-29T22:17:36Z,2026-05-30T00:17:36+0200,e2390b4d-8b36-448a-b0e6-27aba52aab7b,2026-04-30T20:45:00Z,2026-04-30T22:45:00+0200,300.42,MW,FR,FR,actual_offshore_wind_generation,Wind Offshore | Actual Aggregated,2026-05-29T22:18:42Z
2026-05-29T22:17:36Z,2026-05-30T00:17:36+0200,e2390b4d-8b36-448a-b0e6-27aba52aab7b,2026-04-30T21:00:00Z,2026-04-30T23:00:00+0200,304.08,MW,FR,FR,actual_offshore_wind_generation,Wind Offshore | Actual Aggregated,2026-05-29T22:18:42Z
2026-05-29T22:17:36Z,2026-05-30T00:17:36+0200,e2390b4d-8b36-448a-b0e6-27aba52aab7b,2026-04-30T21:15:00Z,2026-04-30T23:15:00+0200,278.63,MW,FR,FR,actual_offshore_wind_generation,Wind Offshore | Actual Aggregated,2026-05-29T22:18:42Z
2026-05-29T22:17:36Z,2026-05-30T00:17:36+0200,e2390b4d-8b36-448a-b0e6-27aba52aab7b,2026-04-30T21:30:00Z,2026-04-30T23:30:00+0200,256.65,MW,FR,FR,actual_offshore_wind_generation,Wind Offshore | Actual Aggregated,2026-05-29T22:18:42Z
2026-05-29T22:17:36Z,2026-05-30T00:17:36+0200,e2390b4d-8b36-448a-b0e6-27aba52aab7b,2026-04-30T21:45:00Z,2026-04-30T23:45:00+0200,249.32,MW,FR,FR,actual_offshore_wind_generation,Wind Offshore | Actual Aggregated,2026-05-29T22:18:42Z
2026-05-29T22:17:36Z,2026-05-30T00:17:36+0200,e2390b4d-8b36-448a-b0e6-27aba52aab7b,2026-04-30T22:00:00Z,2026-05-01T00:00:00+0200,247.7,MW,FR,FR,actual_offshore_wind_generation,Wind Offshore | Actual Aggregated,2026-05-29T22:18:42Z
2026-05-29T22:17:36Z,2026-05-30T00:17:36+0200,e2390b4d-8b36-448a-b0e6-27aba52aab7b,2026-04-30T22:15:00Z,2026-05-01T00:15:00+0200,218.34,MW,FR,FR,actual_offshore_wind_generation,Wind Offshore | Actual Aggregated,2026-05-29T22:18:42Z
2026-05-29T22:17:36Z,2026-05-30T00:17:36+0200,e2390b4d-8b36-448a-b0e6-27aba52aab7b,2026-04-30T22:30:00Z,2026-05-01T00:30:00+0200,197.19,MW,FR,FR,actual_offshore_wind_generation,Wind Offshore | Actual Aggregated,2026-05-29T22:18:42Z
2026-05-29T22:17:36Z,2026-05-30T00:17:36+0200,e2390b4d-8b36-448a-b0e6-27aba52aab7b,2026-04-30T22:45:00Z,2026-05-01T00:45:00+0200,179.58,MW,FR,FR,actual_offshore_wind_generation,Wind Offshore | Actual Aggregated,2026-05-29T22:18:42Z
2026-05-29T22:17:36Z,2026-05-30T00:17:36+0200,e2390b4d-8b36-448a-b0e6-27aba52aab7b,2026-04-30T23:00:00Z,2026-05-01T01:00:00+0200,165.4,MW,FR,FR,actual_offshore_wind_generation,Wind Offshore | Actual Aggregated,2026-05-29T22:18:42Z
2026-05-29T22:17:36Z,2026-05-30T00:17:36+0200,e2390b4d-8b36-448a-b0e6-27aba52aab7b,2026-04-30T23:15:00Z,2026-05-01T01:15:00+0200,176.38,MW,FR,FR,actual_offshore_wind_generation,Wind Offshore | Actual Aggregated,2026-05-29T22:18:42Z
2026-05-29T22:17:36Z,2026-05-30T00:17:36+0200,e2390b4d-8b36-448a-b0e6-27aba52aab7b,2026-04-30T23:30:00Z,2026-05-01T01:30:00+0200,200.18,MW,FR,FR,actual_offshore_wind_generation,Wind Offshore | Actual Aggregated,2026-05-29T22:18:42Z
2026-05-29T22:17:36Z,2026-05-30T00:17:36+0200,e2390b4d-8b36-448a-b0e6-27aba52aab7b,2026-04-30T23:45:00Z,2026-05-01T01:45:00+0200,273.01,MW,FR,FR,actual_offshore_wind_generation,Wind Offshore | Actual Aggregated,2026-05-29T22:18:42Z
2026-05-29T22:17:36Z,2026-05-30T00:17:36+0200,e2390b4d-8b36-448a-b0e6-27aba52aab7b,2026-05-01T00:00:00Z,2026-05-01T02:00:00+0200,290.43,MW,FR,FR,actual_offshore_wind_generation,Wind Offshore | Actual Aggregated,2026-05-29T22:18:42Z
2026-05-29T22:17:36Z,2026-05-30T00:17:36+0200,e2390b4d-8b36-448a-b0e6-27aba52aab7b,2026-05-01T00:15:00Z,2026-05-01T02:15:00+0200,272.06,MW,FR,FR,actual_offshore_wind_generation,Wind Offshore | Actual Aggregated,2026-05-29T22:18:42Z
2026-05-29T22:17:36Z,2026-05-30T00:17:36+0200,e2390b4d-8b36-448a-b0e6-27aba52aab7b,2026-05-01T00:30:00Z,2026-05-01T02:30:00+0200,270.88,MW,FR,FR,actual_offshore_wind_generation,Wind Offshore | Actual Aggregated,2026-05-29T22:18:42Z
2026-05-29T22:17:36Z,2026-05-30T00:17:36+0200,e2390b4d-8b36-448a-b0e6-27aba52aab7b,2026-05-01T00:45:00Z,2026-05-01T02:45:00+0200,248.91,MW,FR,FR,actual_offshore_wind_generation,Wind Offshore | Actual Aggregated,2026-05-29T22:18:42Z
2026-05-29T22:17:36Z,2026-05-30T00:17:36+0200,e2390b4d-8b36-448a-b0e6-27aba52aab7b,2026-05-01T01:00:00Z,2026-05-01T03:00:00+0200,265.19,MW,FR,FR,actual_offshore_wind_generation,Wind Offshore | Actual Aggregated,2026-05-29T22:18:42Z
2026-05-29T22:17:36Z,2026-05-30T00:17:36+0200,e2390b4d-8b36-448a-b0e6-27aba52aab7b,2026-05-01T01:15:00Z,2026-05-01T03:15:00+0200,282.19,MW,FR,FR,actual_offshore_wind_generation,Wind Offshore | Actual Aggregated,2026-05-29T22:18:42Z
2026-05-29T22:17:36Z,2026-05-30T00:17:36+0200,e2390b4d-8b36-448a-b0e6-27aba52aab7b,2026-05-01T01:30:00Z,2026-05-01T03:30:00+0200,322.93,MW,FR,FR,actual_offshore_wind_generation,Wind Offshore | Actual Aggregated,2026-05-29T22:18:42Z
2026-05-29T22:17:36Z,2026-05-30T00:17:36+0200,e2390b4d-8b36-448a-b0e6-27aba52aab7b,2026-05-01T01:45:00Z,2026-05-01T03:45:00+0200,347.41,MW,FR,FR,actual_offshore_wind_generation,Wind Offshore | Actual Aggregated,2026-05-29T22:18:42Z
2026-05-29T22:17:36Z,2026-05-30T00:17:36+0200,e2390b4d-8b36-448a-b0e6-27aba52aab7b,2026-05-01T02:00:00Z,2026-05-01T04:00:00+0200,337.55,MW,FR,FR,actual_offshore_wind_generation,Wind Offshore | Actual Aggregated,2026-05-29T22:18:42Z
2026-05-29T22:17:36Z,2026-05-30T00:17:36+0200,e2390b4d-8b36-448a-b0e6-27aba52aab7b,2026-05-01T02:15:00Z,2026-05-01T04:15:00+0200,338.13,MW,FR,FR,actual_offshore_wind_generation,Wind Offshore | Actual Aggregated,2026-05-29T22:18:42Z
2026-05-29T22:17:36Z,2026-05-30T00:17:36+0200,e2390b4d-8b36-448a-b0e6-27aba52aab7b,2026-05-01T02:30:00Z,2026-05-01T04:30:00+0200,321.97,MW,FR,FR,actual_offshore_wind_generation,Wind Offshore | Actual Aggregated,2026-05-29T22:18:42Z
2026-05-29T22:17:36Z,2026-05-30T00:17:36+0200,e2390b4d-8b36-448a-b0e6-27aba52aab7b,2026-05-01T02:45:00Z,2026-05-01T04:45:00+0200,346.73,MW,FR,FR,actual_offshore_wind_generation,Wind Offshore | Actual Aggregated,2026-05-29T22:18:42Z
2026-05-29T22:17:36Z,2026-05-30T00:17:36+0200,e2390b4d-8b36-448a-b0e6-27aba52aab7b,2026-05-01T03:00:00Z,2026-05-01T05:00:00+0200,370.3,MW,FR,FR,actual_offshore_wind_generation,Wind Offshore | Actual Aggregated,2026-05-29T22:18:42Z
2026-05-29T22:17:36Z,2026-05-30T00:17:36+0200,e2390b4d-8b36-448a-b0e6-27aba52aab7b,2026-05-01T03:15:00Z,2026-05-01T05:15:00+0200,390.09,MW,FR,FR,actual_offshore_wind_generation,Wind Offshore | Actual Aggregated,2026-05-29T22:18:42Z
2026-05-29T22:17:36Z,2026-05-30T00:17:36+0200,e2390b4d-8b36-448a-b0e6-27aba52aab7b,2026-05-01T03:30:00Z,2026-05-01T05:30:00+0200,342.65,MW,FR,FR,actual_offshore_wind_generation,Wind Offshore | Actual Aggregated,2026-05-29T22:18:42Z
2026-05-29T22:17:36Z,2026-05-30T00:17:36+0200,e2390b4d-8b36-448a-b0e6-27aba52aab7b,2026-05-01T03:45:00Z,2026-05-01T05:45:00+0200,310.65,MW,FR,FR,actual_offshore_wind_generation,Wind Offshore | Actual Aggregated,2026-05-29T22:18:42Z
2026-05-29T22:17:36Z,2026-05-30T00:17:36+0200,e2390b4d-8b36-448a-b0e6-27aba52aab7b,2026-05-01T04:00:00Z,2026-05-01T06:00:00+0200,269.37,MW,FR,FR,actual_offshore_wind_generation,Wind Offshore | Actual Aggregated,2026-05-29T22:18:42Z
2026-05-29T22:17:36Z,2026-05-30T00:17:36+0200,e2390b4d-8b36-448a-b0e6-27aba52aab7b,2026-05-01T04:15:00Z,2026-05-01T06:15:00+0200,259.15,MW,FR,FR,actual_offshore_wind_generation,Wind Offshore | Actual Aggregated,2026-05-29T22:18:42Z
2026-05-29T22:17:36Z,2026-05-30T00:17:36+0200,e2390b4d-8b36-448a-b0e6-27aba52aab7b,2026-05-01T04:30:00Z,2026-05-01T06:30:00+0200,275.02,MW,FR,FR,actual_offshore_wind_generation,Wind Offshore | Actual Aggregated,2026-05-29T22:18:42Z
2026-05-29T22:17:36Z,2026-05-30T00:17:36+0200,e2390b4d-8b36-448a-b0e6-27aba52aab7b,2026-05-01T04:45:00Z,2026-05-01T06:45:00+0200,263.29,MW,FR,FR,actual_offshore_wind_generation,Wind Offshore | Actual Aggregated,2026-05-29T22:18:42Z
2026-05-29T22:17:36Z,2026-05-30T00:17:36+0200,e2390b4d-8b36-448a-b0e6-27aba52aab7b,2026-05-01T05:00:00Z,2026-05-01T07:00:00+0200,214.88,MW,FR,FR,actual_offshore_wind_generation,Wind Offshore | Actual Aggregated,2026-05-29T22:18:42Z
2026-05-29T22:17:36Z,2026-05-30T00:17:36+0200,e2390b4d-8b36-448a-b0e6-27aba52aab7b,2026-05-01T05:15:00Z,2026-05-01T07:15:00+0200,189.99,MW,FR,FR,actual_offshore_wind_generation,Wind Offshore | Actual Aggregated,2026-05-29T22:18:42Z
2026-05-29T22:17:36Z,2026-05-30T00:17:36+0200,e2390b4d-8b36-448a-b0e6-27aba52aab7b,2026-05-01T05:30:00Z,2026-05-01T07:30:00+0200,184.69,MW,FR,FR,actual_offshore_wind_generation,Wind Offshore | Actual Aggregated,2026-05-29T22:18:42Z
2026-05-29T22:17:36Z,2026-05-30T00:17:36+0200,e2390b4d-8b36-448a-b0e6-27aba52aab7b,2026-05-01T05:45:00Z,2026-05-01T07:45:00+0200,166.03,MW,FR,FR,actual_offshore_wind_generation,Wind Offshore | Actual Aggregated,2026-05-29T22:18:42Z
2026-05-29T22:17:36Z,2026-05-30T00:17:36+0200,e2390b4d-8b36-448a-b0e6-27aba52aab7b,2026-05-01T06:00:00Z,2026-05-01T08:00:00+0200,166.92,MW,FR,FR,actual_offshore_wind_generation,Wind Offshore | Actual Aggregated,2026-05-29T22:18:42Z
2026-05-29T22:17:36Z,2026-05-30T00:17:36+0200,e2390b4d-8b36-448a-b0e6-27aba52aab7b,2026-05-01T06:15:00Z,2026-05-01T08:15:00+0200,143.7,MW,FR,FR,actual_offshore_wind_generation,Wind Offshore | Actual Aggregated,2026-05-29T22:18:42Z
2026-05-29T22:17:36Z,2026-05-30T00:17:36+0200,e2390b4d-8b36-448a-b0e6-27aba52aab7b,2026-05-01T06:30:00Z,2026-05-01T08:30:00+0200,126.96,MW,FR,FR,actual_offshore_wind_generation,Wind Offshore | Actual Aggregated,2026-05-29T22:18:42Z
2026-05-29T22:17:36Z,2026-05-30T00:17:36+0200,e2390b4d-8b36-448a-b0e6-27aba52aab7b,2026-05-01T06:45:00Z,2026-05-01T08:45:00+0200,122.91,MW,FR,FR,actual_offshore_wind_generation,Wind Offshore | Actual Aggregated,2026-05-29T22:18:42Z
2026-05-29T22:17:36Z,2026-05-30T00:17:36+0200,e2390b4d-8b36-448a-b0e6-27aba52aab7b,2026-05-01T07:00:00Z,2026-05-01T09:00:00+0200,124.52,MW,FR,FR,actual_offshore_wind_generation,Wind Offshore | Actual Aggregated,2026-05-29T22:18:42Z
2026-05-29T22:17:36Z,2026-05-30T00:17:36+0200,e2390b4d-8b36-448a-b0e6-27aba52aab7b,2026-05-01T07:15:00Z,2026-05-01T09:15:00+0200,132.84,MW,FR,FR,actual_offshore_wind_generation,Wind Offshore | Actual Aggregated,2026-05-29T22:18:42Z
2026-05-29T22:17:36Z,2026-05-30T00:17:36+0200,e2390b4d-8b36-448a-b0e6-27aba52aab7b,2026-05-01T07:30:00Z,2026-05-01T09:30:00+0200,119.56,MW,FR,FR,actual_offshore_wind_generation,Wind Offshore | Actual Aggregated,2026-05-29T22:18:42Z
2026-05-29T22:17:36Z,2026-05-30T00:17:36+0200,e2390b4d-8b36-448a-b0e6-27aba52aab7b,2026-05-01T07:45:00Z,2026-05-01T09:45:00+0200,36.09,MW,FR,FR,actual_offshore_wind_generation,Wind Offshore | Actual Aggregated,2026-05-29T22:18:42Z
2026-05-29T22:17:36Z,2026-05-30T00:17:36+0200,e2390b4d-8b36-448a-b0e6-27aba52aab7b,2026-05-01T08:00:00Z,2026-05-01T10:00:00+0200,38.46,MW,FR,FR,actual_offshore_wind_generation,Wind Offshore | Actual Aggregated,2026-05-29T22:18:42Z
2026-05-29T22:17:36Z,2026-05-30T00:17:36+0200,e2390b4d-8b36-448a-b0e6-27aba52aab7b,2026-05-01T08:15:00Z,2026-05-01T10:15:00+0200,42.36,MW,FR,FR,actual_offshore_wind_generation,Wind Offshore | Actual Aggregated,2026-05-29T22:18:42Z
2026-05-29T22:17:36Z,2026-05-30T00:17:36+0200,e2390b4d-8b36-448a-b0e6-27aba52aab7b,2026-05-01T08:30:00Z,2026-05-01T10:30:00+0200,43.98,MW,FR,FR,actual_offshore_wind_generation,Wind Offshore | Actual Aggregated,2026-05-29T22:18:42Z
2026-05-29T22:17:36Z,2026-05-30T00:17:36+0200,e2390b4d-8b36-448a-b0e6-27aba52aab7b,2026-05-01T08:45:00Z,2026-05-01T10:45:00+0200,41.6,MW,FR,FR,actual_offshore_wind_generation,Wind Offshore | Actual Aggregated,2026-05-29T22:18:42Z
2026-05-29T22:17:36Z,2026-05-30T00:17:36+0200,e2390b4d-8b36-448a-b0e6-27aba52aab7b,2026-05-01T09:00:00Z,2026-05-01T11:00:00+0200,38.15,MW,FR,FR,actual_offshore_wind_generation,Wind Offshore | Actual Aggregated,2026-05-29T22:18:42Z
2026-05-29T22:17:36Z,2026-05-30T00:17:36+0200,e2390b4d-8b36-448a-b0e6-27aba52aab7b,2026-05-01T09:15:00Z,2026-05-01T11:15:00+0200,31.83,MW,FR,FR,actual_offshore_wind_generation,Wind Offshore | Actual Aggregated,2026-05-29T22:18:42Z
2026-05-29T22:17:36Z,2026-05-30T00:17:36+0200,e2390b4d-8b36-448a-b0e6-27aba52aab7b,2026-05-01T09:30:00Z,2026-05-01T11:30:00+0200,28.94,MW,FR,FR,actual_offshore_wind_generation,Wind Offshore | Actual Aggregated,2026-05-29T22:18:42Z
2026-05-29T22:17:36Z,2026-05-30T00:17:36+0200,e2390b4d-8b36-448a-b0e6-27aba52aab7b,2026-05-01T09:45:00Z,2026-05-01T11:45:00+0200,54.05,MW,FR,FR,actual_offshore_wind_generation,Wind Offshore | Actual Aggregated,2026-05-29T22:18:42Z
2026-05-29T22:17:36Z,2026-05-30T00:17:36+0200,e2390b4d-8b36-448a-b0e6-27aba52aab7b,2026-05-01T10:00:00Z,2026-05-01T12:00:00+0200,87.5,MW,FR,FR,actual_offshore_wind_generation,Wind Offshore | Actual Aggregated,2026-05-29T22:18:42Z
2026-05-29T22:17:36Z,2026-05-30T00:17:36+0200,e2390b4d-8b36-448a-b0e6-27aba52aab7b,2026-05-01T10:15:00Z,2026-05-01T12:15:00+0200,64.34,MW,FR,FR,actual_offshore_wind_generation,Wind Offshore | Actual Aggregated,2026-05-29T22:18:42Z
2026-05-29T22:17:36Z,2026-05-30T00:17:36+0200,e2390b4d-8b36-448a-b0e6-27aba52aab7b,2026-05-01T10:30:00Z,2026-05-01T12:30:00+0200,66.45,MW,FR,FR,actual_offshore_wind_generation,Wind Offshore | Actual Aggregated,2026-05-29T22:18:42Z
2026-05-29T22:17:36Z,2026-05-30T00:17:36+0200,e2390b4d-8b36-448a-b0e6-27aba52aab7b,2026-05-01T10:45:00Z,2026-05-01T12:45:00+0200,89.27,MW,FR,FR,actual_offshore_wind_generation,Wind Offshore | Actual Aggregated,2026-05-29T22:18:42Z
2026-05-29T22:17:36Z,2026-05-30T00:17:36+0200,e2390b4d-8b36-448a-b0e6-27aba52aab7b,2026-05-01T11:00:00Z,2026-05-01T13:00:00+0200,88.91,MW,FR,FR,actual_offshore_wind_generation,Wind Offshore | Actual Aggregated,2026-05-29T22:18:42Z
2026-05-29T22:17:36Z,2026-05-30T00:17:36+0200,e2390b4d-8b36-448a-b0e6-27aba52aab7b,2026-05-01T11:15:00Z,2026-05-01T13:15:00+0200,69.98,MW,FR,FR,actual_offshore_wind_generation,Wind Offshore | Actual Aggregated,2026-05-29T22:18:42Z
2026-05-29T22:17:36Z,2026-05-30T00:17:36+0200,e2390b4d-8b36-448a-b0e6-27aba52aab7b,2026-05-01T11:30:00Z,2026-05-01T13:30:00+0200,53.76,MW,FR,FR,actual_offshore_wind_generation,Wind Offshore | Actual Aggregated,2026-05-29T22:18:42Z
2026-05-29T22:17:36Z,2026-05-30T00:17:36+0200,e2390b4d-8b36-448a-b0e6-27aba52aab7b,2026-05-01T11:45:00Z,2026-05-01T13:45:00+0200,67.61,MW,FR,FR,actual_offshore_wind_generation,Wind Offshore | Actual Aggregated,2026-05-29T22:18:42Z
2026-05-29T22:17:36Z,2026-05-30T00:17:36+0200,e2390b4d-8b36-448a-b0e6-27aba52aab7b,2026-05-01T12:00:00Z,2026-05-01T14:00:00+0200,78.16,MW,FR,FR,actual_offshore_wind_generation,Wind Offshore | Actual Aggregated,2026-05-29T22:18:42Z
2026-05-29T22:17:36Z,2026-05-30T00:17:36+0200,e2390b4d-8b36-448a-b0e6-27aba52aab7b,2026-05-01T12:15:00Z,2026-05-01T14:15:00+0200,76.49,MW,FR,FR,actual_offshore_wind_generation,Wind Offshore | Actual Aggregated,2026-05-29T22:18:42Z
2026-05-29T22:17:36Z,2026-05-30T00:17:36+0200,e2390b4d-8b36-448a-b0e6-27aba52aab7b,2026-05-01T12:30:00Z,2026-05-01T14:30:00+0200,76.26,MW,FR,FR,actual_offshore_wind_generation,Wind Offshore | Actual Aggregated,2026-05-29T22:18:42Z
2026-05-29T22:17:36Z,2026-05-30T00:17:36+0200,e2390b4d-8b36-448a-b0e6-27aba52aab7b,2026-05-01T12:45:00Z,2026-05-01T14:45:00+0200,70.49,MW,FR,FR,actual_offshore_wind_generation,Wind Offshore | Actual Aggregated,2026-05-29T22:18:42Z
2026-05-29T22:17:36Z,2026-05-30T00:17:36+0200,e2390b4d-8b36-448a-b0e6-27aba52aab7b,2026-05-01T13:00:00Z,2026-05-01T15:00:00+0200,56.05,MW,FR,FR,actual_offshore_wind_generation,Wind Offshore | Actual Aggregated,2026-05-29T22:18:42Z
2026-05-29T22:17:36Z,2026-05-30T00:17:36+0200,e2390b4d-8b36-448a-b0e6-27aba52aab7b,2026-05-01T13:15:00Z,2026-05-01T15:15:00+0200,55.83,MW,FR,FR,actual_offshore_wind_generation,Wind Offshore | Actual Aggregated,2026-05-29T22:18:42Z
2026-05-29T22:17:36Z,2026-05-30T00:17:36+0200,e2390b4d-8b36-448a-b0e6-27aba52aab7b,2026-05-01T13:30:00Z,2026-05-01T15:30:00+0200,53.58,MW,FR,FR,actual_offshore_wind_generation,Wind Offshore | Actual Aggregated,2026-05-29T22:18:42Z
2026-05-29T22:17:36Z,2026-05-30T00:17:36+0200,e2390b4d-8b36-448a-b0e6-27aba52aab7b,2026-05-01T13:45:00Z,2026-05-01T15:45:00+0200,53.11,MW,FR,FR,actual_offshore_wind_generation,Wind Offshore | Actual Aggregated,2026-05-29T22:18:42Z
2026-05-29T22:17:36Z,2026-05-30T00:17:36+0200,e2390b4d-8b36-448a-b0e6-27aba52aab7b,2026-05-01T14:00:00Z,2026-05-01T16:00:00+0200,45.83,MW,FR,FR,actual_offshore_wind_generation,Wind Offshore | Actual Aggregated,2026-05-29T22:18:42Z
2026-05-29T22:17:36Z,2026-05-30T00:17:36+0200,e2390b4d-8b36-448a-b0e6-27aba52aab7b,2026-05-01T14:15:00Z,2026-05-01T16:15:00+0200,43.96,MW,FR,FR,actual_offshore_wind_generation,Wind Offshore | Actual Aggregated,2026-05-29T22:18:42Z
2026-05-29T22:17:36Z,2026-05-30T00:17:36+0200,e2390b4d-8b36-448a-b0e6-27aba52aab7b,2026-05-01T14:30:00Z,2026-05-01T16:30:00+0200,44.97,MW,FR,FR,actual_offshore_wind_generation,Wind Offshore | Actual Aggregated,2026-05-29T22:18:42Z
2026-05-29T22:17:36Z,2026-05-30T00:17:36+0200,e2390b4d-8b36-448a-b0e6-27aba52aab7b,2026-05-01T14:45:00Z,2026-05-01T16:45:00+0200,43.12,MW,FR,FR,actual_offshore_wind_generation,Wind Offshore | Actual Aggregated,2026-05-29T22:18:42Z
2026-05-29T22:17:36Z,2026-05-30T00:17:36+0200,e2390b4d-8b36-448a-b0e6-27aba52aab7b,2026-05-01T15:00:00Z,2026-05-01T17:00:00+0200,44.75,MW,FR,FR,actual_offshore_wind_generation,Wind Offshore | Actual Aggregated,2026-05-29T22:18:42Z
2026-05-29T22:17:36Z,2026-05-30T00:17:36+0200,e2390b4d-8b36-448a-b0e6-27aba52aab7b,2026-05-01T15:15:00Z,2026-05-01T17:15:00+0200,43.4,MW,FR,FR,actual_offshore_wind_generation,Wind Offshore | Actual Aggregated,2026-05-29T22:18:42Z
2026-05-29T22:17:36Z,2026-05-30T00:17:36+0200,e2390b4d-8b36-448a-b0e6-27aba52aab7b,2026-05-01T15:30:00Z,2026-05-01T17:30:00+0200,46.1,MW,FR,FR,actual_offshore_wind_generation,Wind Offshore | Actual Aggregated,2026-05-29T22:18:42Z
2026-05-29T22:17:36Z,2026-05-30T00:17:36+0200,e2390b4d-8b36-448a-b0e6-27aba52aab7b,2026-05-01T15:45:00Z,2026-05-01T17:45:00+0200,52.18,MW,FR,FR,actual_offshore_wind_generation,Wind Offshore | Actual Aggregated,2026-05-29T22:18:42Z
2026-05-29T22:17:36Z,2026-05-30T00:17:36+0200,e2390b4d-8b36-448a-b0e6-27aba52aab7b,2026-05-01T16:00:00Z,2026-05-01T18:00:00+0200,47.93,MW,FR,FR,actual_offshore_wind_generation,Wind Offshore | Actual Aggregated,2026-05-29T22:18:42Z
2026-05-29T22:17:36Z,2026-05-30T00:17:36+0200,e2390b4d-8b36-448a-b0e6-27aba52aab7b,2026-05-01T16:15:00Z,2026-05-01T18:15:00+0200,52.96,MW,FR,FR,actual_offshore_wind_generation,Wind Offshore | Actual Aggregated,2026-05-29T22:18:42Z
2026-05-29T22:17:36Z,2026-05-30T00:17:36+0200,e2390b4d-8b36-448a-b0e6-27aba52aab7b,2026-05-01T16:30:00Z,2026-05-01T18:30:00+0200,76.09,MW,FR,FR,actual_offshore_wind_generation,Wind Offshore | Actual Aggregated,2026-05-29T22:18:42Z
2026-05-29T22:17:36Z,2026-05-30T00:17:36+0200,e2390b4d-8b36-448a-b0e6-27aba52aab7b,2026-05-01T16:45:00Z,2026-05-01T18:45:00+0200,77.41,MW,FR,FR,actual_offshore_wind_generation,Wind Offshore | Actual Aggregated,2026-05-29T22:18:42Z
2026-05-29T22:17:36Z,2026-05-30T00:17:36+0200,e2390b4d-8b36-448a-b0e6-27aba52aab7b,2026-05-01T17:00:00Z,2026-05-01T19:00:00+0200,90.59,MW,FR,FR,actual_offshore_wind_generation,Wind Offshore | Actual Aggregated,2026-05-29T22:18:42Z
2026-05-29T22:17:36Z,2026-05-30T00:17:36+0200,e2390b4d-8b36-448a-b0e6-27aba52aab7b,2026-05-01T17:15:00Z,2026-05-01T19:15:00+0200,119.52,MW,FR,FR,actual_offshore_wind_generation,Wind Offshore | Actual Aggregated,2026-05-29T22:18:42Z
2026-05-29T22:17:36Z,2026-05-30T00:17:36+0200,e2390b4d-8b36-448a-b0e6-27aba52aab7b,2026-05-01T17:30:00Z,2026-05-01T19:30:00+0200,156.58,MW,FR,FR,actual_offshore_wind_generation,Wind Offshore | Actual Aggregated,2026-05-29T22:18:42Z
2026-05-29T22:17:36Z,2026-05-30T00:17:36+0200,e2390b4d-8b36-448a-b0e6-27aba52aab7b,2026-05-01T17:45:00Z,2026-05-01T19:45:00+0200,199.87,MW,FR,FR,actual_offshore_wind_generation,Wind Offshore | Actual Aggregated,2026-05-29T22:18:42Z
2026-05-29T22:17:36Z,2026-05-30T00:17:36+0200,e2390b4d-8b36-448a-b0e6-27aba52aab7b,2026-05-01T18:00:00Z,2026-05-01T20:00:00+0200,194.59,MW,FR,FR,actual_offshore_wind_generation,Wind Offshore | Actual Aggregated,2026-05-29T22:18:42Z
2026-05-29T22:17:36Z,2026-05-30T00:17:36+0200,e2390b4d-8b36-448a-b0e6-27aba52aab7b,2026-05-01T18:15:00Z,2026-05-01T20:15:00+0200,156.59,MW,FR,FR,actual_offshore_wind_generation,Wind Offshore | Actual Aggregated,2026-05-29T22:18:42Z
2026-05-29T22:17:36Z,2026-05-30T00:17:36+0200,e2390b4d-8b36-448a-b0e6-27aba52aab7b,2026-05-01T18:30:00Z,2026-05-01T20:30:00+0200,148.67,MW,FR,FR,actual_offshore_wind_generation,Wind Offshore | Actual Aggregated,2026-05-29T22:18:42Z
2026-05-29T22:17:36Z,2026-05-30T00:17:36+0200,e2390b4d-8b36-448a-b0e6-27aba52aab7b,2026-05-01T18:45:00Z,2026-05-01T20:45:00+0200,130.83,MW,FR,FR,actual_offshore_wind_generation,Wind Offshore | Actual Aggregated,2026-05-29T22:18:42Z
2026-05-29T22:17:36Z,2026-05-30T00:17:36+0200,e2390b4d-8b36-448a-b0e6-27aba52aab7b,2026-05-01T19:00:00Z,2026-05-01T21:00:00+0200,111.3,MW,FR,FR,actual_offshore_wind_generation,Wind Offshore | Actual Aggregated,2026-05-29T22:18:42Z
2026-05-29T22:17:36Z,2026-05-30T00:17:36+0200,e2390b4d-8b36-448a-b0e6-27aba52aab7b,2026-05-01T19:15:00Z,2026-05-01T21:15:00+0200,137.07,MW,FR,FR,actual_offshore_wind_generation,Wind Offshore | Actual Aggregated,2026-05-29T22:18:42Z
2026-05-29T22:17:36Z,2026-05-30T00:17:36+0200,e2390b4d-8b36-448a-b0e6-27aba52aab7b,2026-05-01T19:30:00Z,2026-05-01T21:30:00+0200,147.82,MW,FR,FR,actual_offshore_wind_generation,Wind Offshore | Actual Aggregated,2026-05-29T22:18:42Z
2026-05-29T22:17:36Z,2026-05-30T00:17:36+0200,e2390b4d-8b36-448a-b0e6-27aba52aab7b,2026-05-01T19:45:00Z,2026-05-01T21:45:00+0200,142.49,MW,FR,FR,actual_offshore_wind_generation,Wind Offshore | Actual Aggregated,2026-05-29T22:18:42Z
2026-05-29T22:17:36Z,2026-05-30T00:17:36+0200,e2390b4d-8b36-448a-b0e6-27aba52aab7b,2026-05-01T20:00:00Z,2026-05-01T22:00:00+0200,136.59,MW,FR,FR,actual_offshore_wind_generation,Wind Offshore | Actual Aggregated,2026-05-29T22:18:42Z
2026-05-29T22:17:36Z,2026-05-30T00:17:36+0200,e2390b4d-8b36-448a-b0e6-27aba52aab7b,2026-05-01T20:15:00Z,2026-05-01T22:15:00+0200,128.39,MW,FR,FR,actual_offshore_wind_generation,Wind Offshore | Actual Aggregated,2026-05-29T22:18:42Z
2026-05-29T22:17:36Z,2026-05-30T00:17:36+0200,e2390b4d-8b36-448a-b0e6-27aba52aab7b,2026-05-01T20:30:00Z,2026-05-01T22:30:00+0200,124.83,MW,FR,FR,actual_offshore_wind_generation,Wind Offshore | Actual Aggregated,2026-05-29T22:18:42Z
2026-05-29T22:17:36Z,2026-05-30T00:17:36+0200,e2390b4d-8b36-448a-b0e6-27aba52aab7b,2026-05-01T20:45:00Z,2026-05-01T22:45:00+0200,105.82,MW,FR,FR,actual_offshore_wind_generation,Wind Offshore | Actual Aggregated,2026-05-29T22:18:42Z
2026-05-29T22:17:36Z,2026-05-30T00:17:36+0200,e2390b4d-8b36-448a-b0e6-27aba52aab7b,2026-05-01T21:00:00Z,2026-05-01T23:00:00+0200,63.09,MW,FR,FR,actual_offshore_wind_generation,Wind Offshore | Actual Aggregated,2026-05-29T22:18:42Z
2026-05-29T22:17:36Z,2026-05-30T00:17:36+0200,e2390b4d-8b36-448a-b0e6-27aba52aab7b,2026-05-01T21:15:00Z,2026-05-01T23:15:00+0200,36.03,MW,FR,FR,actual_offshore_wind_generation,Wind Offshore | Actual Aggregated,2026-05-29T22:18:42Z
2026-05-29T22:17:36Z,2026-05-30T00:17:36+0200,e2390b4d-8b36-448a-b0e6-27aba52aab7b,2026-05-01T21:30:00Z,2026-05-01T23:30:00+0200,25.1,MW,FR,FR,actual_offshore_wind_generation,Wind Offshore | Actual Aggregated,2026-05-29T22:18:42Z
2026-05-29T22:17:36Z,2026-05-30T00:17:36+0200,e2390b4d-8b36-448a-b0e6-27aba52aab7b,2026-05-01T21:45:00Z,2026-05-01T23:45:00+0200,44.39,MW,FR,FR,actual_offshore_wind_generation,Wind Offshore | Actual Aggregated,2026-05-29T22:18:42Z
2026-05-29T22:17:36Z,2026-05-30T00:17:36+0200,e2390b4d-8b36-448a-b0e6-27aba52aab7b,2026-05-01T22:00:00Z,2026-05-02T00:00:00+0200,60.41,MW,FR,FR,actual_offshore_wind_generation,Wind Offshore | Actual Aggregated,2026-05-29T22:18:42Z
2026-05-29T22:17:36Z,2026-05-30T00:17:36+0200,e2390b4d-8b36-448a-b0e6-27aba52aab7b,2026-05-01T22:15:00Z,2026-05-02T00:15:00+0200,66.91,MW,FR,FR,actual_offshore_wind_generation,Wind Offshore | Actual Aggregated,2026-05-29T22:18:42Z
2026-05-29T22:17:36Z,2026-05-30T00:17:36+0200,e2390b4d-8b36-448a-b0e6-27aba52aab7b,2026-05-01T22:30:00Z,2026-05-02T00:30:00+0200,73.97,MW,FR,FR,actual_offshore_wind_generation,Wind Offshore | Actual Aggregated,2026-05-29T22:18:42Z
2026-05-29T22:17:36Z,2026-05-30T00:17:36+0200,e2390b4d-8b36-448a-b0e6-27aba52aab7b,2026-05-01T22:45:00Z,2026-05-02T00:45:00+0200,79.72,MW,FR,FR,actual_offshore_wind_generation,Wind Offshore | Actual Aggregated,2026-05-29T22:18:42Z
2026-05-29T22:17:36Z,2026-05-30T00:17:36+0200,e2390b4d-8b36-448a-b0e6-27aba52aab7b,2026-05-01T23:00:00Z,2026-05-02T01:00:00+0200,89.72,MW,FR,FR,actual_offshore_wind_generation,Wind Offshore | Actual Aggregated,2026-05-29T22:18:42Z
2026-05-29T22:17:36Z,2026-05-30T00:17:36+0200,e2390b4d-8b36-448a-b0e6-27aba52aab7b,2026-05-01T23:15:00Z,2026-05-02T01:15:00+0200,116.75,MW,FR,FR,actual_offshore_wind_generation,Wind Offshore | Actual Aggregated,2026-05-29T22:18:42Z
2026-05-29T22:17:36Z,2026-05-30T00:17:36+0200,e2390b4d-8b36-448a-b0e6-27aba52aab7b,2026-05-01T23:30:00Z,2026-05-02T01:30:00+0200,139.34,MW,FR,FR,actual_offshore_wind_generation,Wind Offshore | Actual Aggregated,2026-05-29T22:18:42Z
2026-05-29T22:17:36Z,2026-05-30T00:17:36+0200,e2390b4d-8b36-448a-b0e6-27aba52aab7b,2026-05-01T23:45:00Z,2026-05-02T01:45:00+0200,231.19,MW,FR,FR,actual_offshore_wind_generation,Wind Offshore | Actual Aggregated,2026-05-29T22:18:42Z
2026-05-29T22:17:36Z,2026-05-30T00:17:36+0200,e2390b4d-8b36-448a-b0e6-27aba52aab7b,2026-05-02T00:00:00Z,2026-05-02T02:00:00+0200,284.34,MW,FR,FR,actual_offshore_wind_generation,Wind Offshore | Actual Aggregated,2026-05-29T22:18:42Z
2026-05-29T22:17:36Z,2026-05-30T00:17:36+0200,e2390b4d-8b36-448a-b0e6-27aba52aab7b,2026-05-02T00:15:00Z,2026-05-02T02:15:00+0200,280.32,MW,FR,FR,actual_offshore_wind_generation,Wind Offshore | Actual Aggregated,2026-05-29T22:18:42Z
2026-05-29T22:17:36Z,2026-05-30T00:17:36+0200,e2390b4d-8b36-448a-b0e6-27aba52aab7b,2026-05-02T00:30:00Z,2026-05-02T02:30:00+0200,287.51,MW,FR,FR,actual_offshore_wind_generation,Wind Offshore | Actual Aggregated,2026-05-29T22:18:42Z
2026-05-29T22:17:36Z,2026-05-30T00:17:36+0200,e2390b4d-8b36-448a-b0e6-27aba52aab7b,2026-05-02T00:45:00Z,2026-05-02T02:45:00+0200,345.81,MW,FR,FR,actual_offshore_wind_generation,Wind Offshore | Actual Aggregated,2026-05-29T22:18:42Z
2026-05-29T22:17:36Z,2026-05-30T00:17:36+0200,e2390b4d-8b36-448a-b0e6-27aba52aab7b,2026-05-02T01:00:00Z,2026-05-02T03:00:00+0200,355.38,MW,FR,FR,actual_offshore_wind_generation,Wind Offshore | Actual Aggregated,2026-05-29T22:18:42Z
2026-05-29T22:17:36Z,2026-05-30T00:17:36+0200,e2390b4d-8b36-448a-b0e6-27aba52aab7b,2026-05-02T01:15:00Z,2026-05-02T03:15:00+0200,340.66,MW,FR,FR,actual_offshore_wind_generation,Wind Offshore | Actual Aggregated,2026-05-29T22:18:42Z
2026-05-29T22:17:36Z,2026-05-30T00:17:36+0200,e2390b4d-8b36-448a-b0e6-27aba52aab7b,2026-05-02T01:30:00Z,2026-05-02T03:30:00+0200,323.75,MW,FR,FR,actual_offshore_wind_generation,Wind Offshore | Actual Aggregated,2026-05-29T22:18:42Z
2026-05-29T22:17:36Z,2026-05-30T00:17:36+0200,e2390b4d-8b36-448a-b0e6-27aba52aab7b,2026-05-02T01:45:00Z,2026-05-02T03:45:00+0200,316.76,MW,FR,FR,actual_offshore_wind_generation,Wind Offshore | Actual Aggregated,2026-05-29T22:18:42Z
2026-05-29T22:17:36Z,2026-05-30T00:17:36+0200,e2390b4d-8b36-448a-b0e6-27aba52aab7b,2026-05-02T02:00:00Z,2026-05-02T04:00:00+0200,351.05,MW,FR,FR,actual_offshore_wind_generation,Wind Offshore | Actual Aggregated,2026-05-29T22:18:42Z
2026-05-29T22:17:36Z,2026-05-30T00:17:36+0200,e2390b4d-8b36-448a-b0e6-27aba52aab7b,2026-05-02T02:15:00Z,2026-05-02T04:15:00+0200,368.67,MW,FR,FR,actual_offshore_wind_generation,Wind Offshore | Actual Aggregated,2026-05-29T22:18:42Z
2026-05-29T22:17:36Z,2026-05-30T00:17:36+0200,e2390b4d-8b36-448a-b0e6-27aba52aab7b,2026-05-02T02:30:00Z,2026-05-02T04:30:00+0200,400.42,MW,FR,FR,actual_offshore_wind_generation,Wind Offshore | Actual Aggregated,2026-05-29T22:18:42Z
2026-05-29T22:17:36Z,2026-05-30T00:17:36+0200,e2390b4d-8b36-448a-b0e6-27aba52aab7b,2026-05-02T02:45:00Z,2026-05-02T04:45:00+0200,418.13,MW,FR,FR,actual_offshore_wind_generation,Wind Offshore | Actual Aggregated,2026-05-29T22:18:42Z
2026-05-29T22:17:36Z,2026-05-30T00:17:36+0200,e2390b4d-8b36-448a-b0e6-27aba52aab7b,2026-05-02T03:00:00Z,2026-05-02T05:00:00+0200,439.47,MW,FR,FR,actual_offshore_wind_generation,Wind Offshore | Actual Aggregated,2026-05-29T22:18:42Z
2026-05-29T22:17:36Z,2026-05-30T00:17:36+0200,e2390b4d-8b36-448a-b0e6-27aba52aab7b,2026-05-02T03:15:00Z,2026-05-02T05:15:00+0200,479.42,MW,FR,FR,actual_offshore_wind_generation,Wind Offshore | Actual Aggregated,2026-05-29T22:18:42Z
2026-05-29T22:17:36Z,2026-05-30T00:17:36+0200,e2390b4d-8b36-448a-b0e6-27aba52aab7b,2026-05-02T03:30:00Z,2026-05-02T05:30:00+0200,490.36,MW,FR,FR,actual_offshore_wind_generation,Wind Offshore | Actual Aggregated,2026-05-29T22:18:42Z
2026-05-29T22:17:36Z,2026-05-30T00:17:36+0200,e2390b4d-8b36-448a-b0e6-27aba52aab7b,2026-05-02T03:45:00Z,2026-05-02T05:45:00+0200,499.75,MW,FR,FR,actual_offshore_wind_generation,Wind Offshore | Actual Aggregated,2026-05-29T22:18:42Z
2026-05-29T22:17:36Z,2026-05-30T00:17:36+0200,e2390b4d-8b36-448a-b0e6-27aba52aab7b,2026-05-02T04:00:00Z,2026-05-02T06:00:00+0200,448.96,MW,FR,FR,actual_offshore_wind_generation,Wind Offshore | Actual Aggregated,2026-05-29T22:18:42Z
2026-05-29T22:17:36Z,2026-05-30T00:17:36+0200,e2390b4d-8b36-448a-b0e6-27aba52aab7b,2026-05-02T04:15:00Z,2026-05-02T06:15:00+0200,470.18,MW,FR,FR,actual_offshore_wind_generation,Wind Offshore | Actual Aggregated,2026-05-29T22:18:42Z
2026-05-29T22:17:36Z,2026-05-30T00:17:36+0200,e2390b4d-8b36-448a-b0e6-27aba52aab7b,2026-05-02T04:30:00Z,2026-05-02T06:30:00+0200,429.38,MW,FR,FR,actual_offshore_wind_generation,Wind Offshore | Actual Aggregated,2026-05-29T22:18:42Z
2026-05-29T22:17:36Z,2026-05-30T00:17:36+0200,e2390b4d-8b36-448a-b0e6-27aba52aab7b,2026-05-02T04:45:00Z,2026-05-02T06:45:00+0200,438.55,MW,FR,FR,actual_offshore_wind_generation,Wind Offshore | Actual Aggregated,2026-05-29T22:18:42Z
2026-05-29T22:17:36Z,2026-05-30T00:17:36+0200,e2390b4d-8b36-448a-b0e6-27aba52aab7b,2026-05-02T05:00:00Z,2026-05-02T07:00:00+0200,492.44,MW,FR,FR,actual_offshore_wind_generation,Wind Offshore | Actual Aggregated,2026-05-29T22:18:42Z
2026-05-29T22:17:36Z,2026-05-30T00:17:36+0200,e2390b4d-8b36-448a-b0e6-27aba52aab7b,2026-05-02T05:15:00Z,2026-05-02T07:15:00+0200,458.86,MW,FR,FR,actual_offshore_wind_generation,Wind Offshore | Actual Aggregated,2026-05-29T22:18:42Z
2026-05-29T22:17:36Z,2026-05-30T00:17:36+0200,e2390b4d-8b36-448a-b0e6-27aba52aab7b,2026-05-02T05:30:00Z,2026-05-02T07:30:00+0200,452.8,MW,FR,FR,actual_offshore_wind_generation,Wind Offshore | Actual Aggregated,2026-05-29T22:18:42Z
2026-05-29T22:17:36Z,2026-05-30T00:17:36+0200,e2390b4d-8b36-448a-b0e6-27aba52aab7b,2026-05-02T05:45:00Z,2026-05-02T07:45:00+0200,514.28,MW,FR,FR,actual_offshore_wind_generation,Wind Offshore | Actual Aggregated,2026-05-29T22:18:42Z
2026-05-29T22:17:36Z,2026-05-30T00:17:36+0200,e2390b4d-8b36-448a-b0e6-27aba52aab7b,2026-05-02T06:00:00Z,2026-05-02T08:00:00+0200,637.11,MW,FR,FR,actual_offshore_wind_generation,Wind Offshore | Actual Aggregated,2026-05-29T22:18:42Z
2026-05-29T22:17:36Z,2026-05-30T00:17:36+0200,e2390b4d-8b36-448a-b0e6-27aba52aab7b,2026-05-02T06:15:00Z,2026-05-02T08:15:00+0200,540.19,MW,FR,FR,actual_offshore_wind_generation,Wind Offshore | Actual Aggregated,2026-05-29T22:18:42Z
2026-05-29T22:17:36Z,2026-05-30T00:17:36+0200,e2390b4d-8b36-448a-b0e6-27aba52aab7b,2026-05-02T06:30:00Z,2026-05-02T08:30:00+0200,452.94,MW,FR,FR,actual_offshore_wind_generation,Wind Offshore | Actual Aggregated,2026-05-29T22:18:42Z
2026-05-29T22:17:36Z,2026-05-30T00:17:36+0200,e2390b4d-8b36-448a-b0e6-27aba52aab7b,2026-05-02T06:45:00Z,2026-05-02T08:45:00+0200,525.97,MW,FR,FR,actual_offshore_wind_generation,Wind Offshore | Actual Aggregated,2026-05-29T22:18:42Z
2026-05-29T22:17:36Z,2026-05-30T00:17:36+0200,e2390b4d-8b36-448a-b0e6-27aba52aab7b,2026-05-02T07:00:00Z,2026-05-02T09:00:00+0200,460.6,MW,FR,FR,actual_offshore_wind_generation,Wind Offshore | Actual Aggregated,2026-05-29T22:18:42Z
2026-05-29T22:17:36Z,2026-05-30T00:17:36+0200,e2390b4d-8b36-448a-b0e6-27aba52aab7b,2026-05-02T07:15:00Z,2026-05-02T09:15:00+0200,480.75,MW,FR,FR,actual_offshore_wind_generation,Wind Offshore | Actual Aggregated,2026-05-29T22:18:42Z
2026-05-29T22:17:36Z,2026-05-30T00:17:36+0200,e2390b4d-8b36-448a-b0e6-27aba52aab7b,2026-05-02T07:30:00Z,2026-05-02T09:30:00+0200,504.06,MW,FR,FR,actual_offshore_wind_generation,Wind Offshore | Actual Aggregated,2026-05-29T22:18:42Z
2026-05-29T22:17:36Z,2026-05-30T00:17:36+0200,e2390b4d-8b36-448a-b0e6-27aba52aab7b,2026-05-02T07:45:00Z,2026-05-02T09:45:00+0200,377.27,MW,FR,FR,actual_offshore_wind_generation,Wind Offshore | Actual Aggregated,2026-05-29T22:18:42Z
2026-05-29T22:17:36Z,2026-05-30T00:17:36+0200,e2390b4d-8b36-448a-b0e6-27aba52aab7b,2026-05-02T08:00:00Z,2026-05-02T10:00:00+0200,285.88,MW,FR,FR,actual_offshore_wind_generation,Wind Offshore | Actual Aggregated,2026-05-29T22:18:42Z
2026-05-29T22:17:36Z,2026-05-30T00:17:36+0200,e2390b4d-8b36-448a-b0e6-27aba52aab7b,2026-05-02T08:15:00Z,2026-05-02T10:15:00+0200,319.02,MW,FR,FR,actual_offshore_wind_generation,Wind Offshore | Actual Aggregated,2026-05-29T22:18:42Z
2026-05-29T22:17:36Z,2026-05-30T00:17:36+0200,e2390b4d-8b36-448a-b0e6-27aba52aab7b,2026-05-02T08:30:00Z,2026-05-02T10:30:00+0200,129.27,MW,FR,FR,actual_offshore_wind_generation,Wind Offshore | Actual Aggregated,2026-05-29T22:18:42Z
2026-05-29T22:17:36Z,2026-05-30T00:17:36+0200,e2390b4d-8b36-448a-b0e6-27aba52aab7b,2026-05-02T08:45:00Z,2026-05-02T10:45:00+0200,142.4,MW,FR,FR,actual_offshore_wind_generation,Wind Offshore | Actual Aggregated,2026-05-29T22:18:42Z
2026-05-29T22:17:36Z,2026-05-30T00:17:36+0200,e2390b4d-8b36-448a-b0e6-27aba52aab7b,2026-05-02T09:00:00Z,2026-05-02T11:00:00+0200,150.32,MW,FR,FR,actual_offshore_wind_generation,Wind Offshore | Actual Aggregated,2026-05-29T22:18:42Z
2026-05-29T22:17:36Z,2026-05-30T00:17:36+0200,e2390b4d-8b36-448a-b0e6-27aba52aab7b,2026-05-02T09:15:00Z,2026-05-02T11:15:00+0200,176.27,MW,FR,FR,actual_offshore_wind_generation,Wind Offshore | Actual Aggregated,2026-05-29T22:18:42Z
2026-05-29T22:17:36Z,2026-05-30T00:17:36+0200,e2390b4d-8b36-448a-b0e6-27aba52aab7b,2026-05-02T09:30:00Z,2026-05-02T11:30:00+0200,216.9,MW,FR,FR,actual_offshore_wind_generation,Wind Offshore | Actual Aggregated,2026-05-29T22:18:42Z
2026-05-29T22:17:36Z,2026-05-30T00:17:36+0200,e2390b4d-8b36-448a-b0e6-27aba52aab7b,2026-05-02T09:45:00Z,2026-05-02T11:45:00+0200,240.07,MW,FR,FR,actual_offshore_wind_generation,Wind Offshore | Actual Aggregated,2026-05-29T22:18:42Z
2026-05-29T22:17:36Z,2026-05-30T00:17:36+0200,e2390b4d-8b36-448a-b0e6-27aba52aab7b,2026-05-02T10:00:00Z,2026-05-02T12:00:00+0200,262.39,MW,FR,FR,actual_offshore_wind_generation,Wind Offshore | Actual Aggregated,2026-05-29T22:18:42Z
2026-05-29T22:17:36Z,2026-05-30T00:17:36+0200,e2390b4d-8b36-448a-b0e6-27aba52aab7b,2026-05-02T10:15:00Z,2026-05-02T12:15:00+0200,260.63,MW,FR,FR,actual_offshore_wind_generation,Wind Offshore | Actual Aggregated,2026-05-29T22:18:42Z
2026-05-29T22:17:36Z,2026-05-30T00:17:36+0200,e2390b4d-8b36-448a-b0e6-27aba52aab7b,2026-05-02T10:30:00Z,2026-05-02T12:30:00+0200,329.62,MW,FR,FR,actual_offshore_wind_generation,Wind Offshore | Actual Aggregated,2026-05-29T22:18:42Z
2026-05-29T22:17:36Z,2026-05-30T00:17:36+0200,e2390b4d-8b36-448a-b0e6-27aba52aab7b,2026-05-02T10:45:00Z,2026-05-02T12:45:00+0200,407.25,MW,FR,FR,actual_offshore_wind_generation,Wind Offshore | Actual Aggregated,2026-05-29T22:18:42Z
2026-05-29T22:17:36Z,2026-05-30T00:17:36+0200,e2390b4d-8b36-448a-b0e6-27aba52aab7b,2026-05-02T11:00:00Z,2026-05-02T13:00:00+0200,459.47,MW,FR,FR,actual_offshore_wind_generation,Wind Offshore | Actual Aggregated,2026-05-29T22:18:42Z
2026-05-29T22:17:36Z,2026-05-30T00:17:36+0200,e2390b4d-8b36-448a-b0e6-27aba52aab7b,2026-05-02T11:15:00Z,2026-05-02T13:15:00+0200,458.95,MW,FR,FR,actual_offshore_wind_generation,Wind Offshore | Actual Aggregated,2026-05-29T22:18:42Z
2026-05-29T22:17:36Z,2026-05-30T00:17:36+0200,e2390b4d-8b36-448a-b0e6-27aba52aab7b,2026-05-02T11:30:00Z,2026-05-02T13:30:00+0200,487.65,MW,FR,FR,actual_offshore_wind_generation,Wind Offshore | Actual Aggregated,2026-05-29T22:18:42Z
2026-05-29T22:17:36Z,2026-05-30T00:17:36+0200,e2390b4d-8b36-448a-b0e6-27aba52aab7b,2026-05-02T11:45:00Z,2026-05-02T13:45:00+0200,492.84,MW,FR,FR,actual_offshore_wind_generation,Wind Offshore | Actual Aggregated,2026-05-29T22:18:42Z
2026-05-29T22:17:36Z,2026-05-30T00:17:36+0200,e2390b4d-8b36-448a-b0e6-27aba52aab7b,2026-05-02T12:00:00Z,2026-05-02T14:00:00+0200,494.25,MW,FR,FR,actual_offshore_wind_generation,Wind Offshore | Actual Aggregated,2026-05-29T22:18:42Z
2026-05-29T22:17:36Z,2026-05-30T00:17:36+0200,e2390b4d-8b36-448a-b0e6-27aba52aab7b,2026-05-02T12:15:00Z,2026-05-02T14:15:00+0200,521.07,MW,FR,FR,actual_offshore_wind_generation,Wind Offshore | Actual Aggregated,2026-05-29T22:18:42Z
2026-05-29T22:17:36Z,2026-05-30T00:17:36+0200,e2390b4d-8b36-448a-b0e6-27aba52aab7b,2026-05-02T12:30:00Z,2026-05-02T14:30:00+0200,495.41,MW,FR,FR,actual_offshore_wind_generation,Wind Offshore | Actual Aggregated,2026-05-29T22:18:42Z
2026-05-29T22:17:36Z,2026-05-30T00:17:36+0200,e2390b4d-8b36-448a-b0e6-27aba52aab7b,2026-05-02T12:45:00Z,2026-05-02T14:45:00+0200,444.61,MW,FR,FR,actual_offshore_wind_generation,Wind Offshore | Actual Aggregated,2026-05-29T22:18:42Z
2026-05-29T22:17:36Z,2026-05-30T00:17:36+0200,e2390b4d-8b36-448a-b0e6-27aba52aab7b,2026-05-02T13:00:00Z,2026-05-02T15:00:00+0200,445.39,MW,FR,FR,actual_offshore_wind_generation,Wind Offshore | Actual Aggregated,2026-05-29T22:18:42Z
2026-05-29T22:17:36Z,2026-05-30T00:17:36+0200,e2390b4d-8b36-448a-b0e6-27aba52aab7b,2026-05-02T13:15:00Z,2026-05-02T15:15:00+0200,444.42,MW,FR,FR,actual_offshore_wind_generation,Wind Offshore | Actual Aggregated,2026-05-29T22:18:42Z
2026-05-29T22:17:36Z,2026-05-30T00:17:36+0200,e2390b4d-8b36-448a-b0e6-27aba52aab7b,2026-05-02T13:30:00Z,2026-05-02T15:30:00+0200,400.52,MW,FR,FR,actual_offshore_wind_generation,Wind Offshore | Actual Aggregated,2026-05-29T22:18:42Z
2026-05-29T22:17:36Z,2026-05-30T00:17:36+0200,e2390b4d-8b36-448a-b0e6-27aba52aab7b,2026-05-02T13:45:00Z,2026-05-02T15:45:00+0200,417.32,MW,FR,FR,actual_offshore_wind_generation,Wind Offshore | Actual Aggregated,2026-05-29T22:18:42Z
2026-05-29T22:17:36Z,2026-05-30T00:17:36+0200,e2390b4d-8b36-448a-b0e6-27aba52aab7b,2026-05-02T14:00:00Z,2026-05-02T16:00:00+0200,473.68,MW,FR,FR,actual_offshore_wind_generation,Wind Offshore | Actual Aggregated,2026-05-29T22:18:42Z
2026-05-29T22:17:36Z,2026-05-30T00:17:36+0200,e2390b4d-8b36-448a-b0e6-27aba52aab7b,2026-05-02T14:15:00Z,2026-05-02T16:15:00+0200,534.32,MW,FR,FR,actual_offshore_wind_generation,Wind Offshore | Actual Aggregated,2026-05-29T22:18:42Z
2026-05-29T22:17:36Z,2026-05-30T00:17:36+0200,e2390b4d-8b36-448a-b0e6-27aba52aab7b,2026-05-02T14:30:00Z,2026-05-02T16:30:00+0200,485.98,MW,FR,FR,actual_offshore_wind_generation,Wind Offshore | Actual Aggregated,2026-05-29T22:18:42Z
2026-05-29T22:17:36Z,2026-05-30T00:17:36+0200,e2390b4d-8b36-448a-b0e6-27aba52aab7b,2026-05-02T14:45:00Z,2026-05-02T16:45:00+0200,394.87,MW,FR,FR,actual_offshore_wind_generation,Wind Offshore | Actual Aggregated,2026-05-29T22:18:42Z
2026-05-29T22:17:36Z,2026-05-30T00:17:36+0200,e2390b4d-8b36-448a-b0e6-27aba52aab7b,2026-05-02T15:00:00Z,2026-05-02T17:00:00+0200,347.41,MW,FR,FR,actual_offshore_wind_generation,Wind Offshore | Actual Aggregated,2026-05-29T22:18:42Z
2026-05-29T22:17:36Z,2026-05-30T00:17:36+0200,e2390b4d-8b36-448a-b0e6-27aba52aab7b,2026-05-02T15:15:00Z,2026-05-02T17:15:00+0200,248.13,MW,FR,FR,actual_offshore_wind_generation,Wind Offshore | Actual Aggregated,2026-05-29T22:18:42Z
2026-05-29T22:17:36Z,2026-05-30T00:17:36+0200,e2390b4d-8b36-448a-b0e6-27aba52aab7b,2026-05-02T15:30:00Z,2026-05-02T17:30:00+0200,176.16,MW,FR,FR,actual_offshore_wind_generation,Wind Offshore | Actual Aggregated,2026-05-29T22:18:42Z
2026-05-29T22:17:36Z,2026-05-30T00:17:36+0200,e2390b4d-8b36-448a-b0e6-27aba52aab7b,2026-05-02T15:45:00Z,2026-05-02T17:45:00+0200,222.36,MW,FR,FR,actual_offshore_wind_generation,Wind Offshore | Actual Aggregated,2026-05-29T22:18:42Z
2026-05-29T22:17:36Z,2026-05-30T00:17:36+0200,e2390b4d-8b36-448a-b0e6-27aba52aab7b,2026-05-02T16:00:00Z,2026-05-02T18:00:00+0200,261.77,MW,FR,FR,actual_offshore_wind_generation,Wind Offshore | Actual Aggregated,2026-05-29T22:18:42Z
2026-05-29T22:17:36Z,2026-05-30T00:17:36+0200,e2390b4d-8b36-448a-b0e6-27aba52aab7b,2026-05-02T16:15:00Z,2026-05-02T18:15:00+0200,184.48,MW,FR,FR,actual_offshore_wind_generation,Wind Offshore | Actual Aggregated,2026-05-29T22:18:42Z
2026-05-29T22:17:36Z,2026-05-30T00:17:36+0200,e2390b4d-8b36-448a-b0e6-27aba52aab7b,2026-05-02T16:30:00Z,2026-05-02T18:30:00+0200,141.96,MW,FR,FR,actual_offshore_wind_generation,Wind Offshore | Actual Aggregated,2026-05-29T22:18:42Z
2026-05-29T22:17:36Z,2026-05-30T00:17:36+0200,e2390b4d-8b36-448a-b0e6-27aba52aab7b,2026-05-02T16:45:00Z,2026-05-02T18:45:00+0200,95.97,MW,FR,FR,actual_offshore_wind_generation,Wind Offshore | Actual Aggregated,2026-05-29T22:18:42Z
2026-05-29T22:17:36Z,2026-05-30T00:17:36+0200,e2390b4d-8b36-448a-b0e6-27aba52aab7b,2026-05-02T17:00:00Z,2026-05-02T19:00:00+0200,73.71,MW,FR,FR,actual_offshore_wind_generation,Wind Offshore | Actual Aggregated,2026-05-29T22:18:42Z
2026-05-29T22:17:36Z,2026-05-30T00:17:36+0200,e2390b4d-8b36-448a-b0e6-27aba52aab7b,2026-05-02T17:15:00Z,2026-05-02T19:15:00+0200,84.26,MW,FR,FR,actual_offshore_wind_generation,Wind Offshore | Actual Aggregated,2026-05-29T22:18:42Z
2026-05-29T22:17:36Z,2026-05-30T00:17:36+0200,e2390b4d-8b36-448a-b0e6-27aba52aab7b,2026-05-02T17:30:00Z,2026-05-02T19:30:00+0200,125.82,MW,FR,FR,actual_offshore_wind_generation,Wind Offshore | Actual Aggregated,2026-05-29T22:18:42Z
2026-05-29T22:17:36Z,2026-05-30T00:17:36+0200,e2390b4d-8b36-448a-b0e6-27aba52aab7b,2026-05-02T17:45:00Z,2026-05-02T19:45:00+0200,126.8,MW,FR,FR,actual_offshore_wind_generation,Wind Offshore | Actual Aggregated,2026-05-29T22:18:42Z
2026-05-29T22:17:36Z,2026-05-30T00:17:36+0200,e2390b4d-8b36-448a-b0e6-27aba52aab7b,2026-05-02T18:00:00Z,2026-05-02T20:00:00+0200,134.22,MW,FR,FR,actual_offshore_wind_generation,Wind Offshore | Actual Aggregated,2026-05-29T22:18:42Z
2026-05-29T22:17:36Z,2026-05-30T00:17:36+0200,e2390b4d-8b36-448a-b0e6-27aba52aab7b,2026-05-02T18:15:00Z,2026-05-02T20:15:00+0200,132.47,MW,FR,FR,actual_offshore_wind_generation,Wind Offshore | Actual Aggregated,2026-05-29T22:18:42Z
2026-05-29T22:17:36Z,2026-05-30T00:17:36+0200,e2390b4d-8b36-448a-b0e6-27aba52aab7b,2026-05-02T18:30:00Z,2026-05-02T20:30:00+0200,99.11,MW,FR,FR,actual_offshore_wind_generation,Wind Offshore | Actual Aggregated,2026-05-29T22:18:42Z
2026-05-29T22:17:36Z,2026-05-30T00:17:36+0200,e2390b4d-8b36-448a-b0e6-27aba52aab7b,2026-05-02T18:45:00Z,2026-05-02T20:45:00+0200,97.53,MW,FR,FR,actual_offshore_wind_generation,Wind Offshore | Actual Aggregated,2026-05-29T22:18:42Z
2026-05-29T22:17:36Z,2026-05-30T00:17:36+0200,e2390b4d-8b36-448a-b0e6-27aba52aab7b,2026-05-02T19:00:00Z,2026-05-02T21:00:00+0200,112.25,MW,FR,FR,actual_offshore_wind_generation,Wind Offshore | Actual Aggregated,2026-05-29T22:18:42Z
2026-05-29T22:17:36Z,2026-05-30T00:17:36+0200,e2390b4d-8b36-448a-b0e6-27aba52aab7b,2026-05-02T19:15:00Z,2026-05-02T21:15:00+0200,115.32,MW,FR,FR,actual_offshore_wind_generation,Wind Offshore | Actual Aggregated,2026-05-29T22:18:42Z
2026-05-29T22:17:36Z,2026-05-30T00:17:36+0200,e2390b4d-8b36-448a-b0e6-27aba52aab7b,2026-05-02T19:30:00Z,2026-05-02T21:30:00+0200,143.49,MW,FR,FR,actual_offshore_wind_generation,Wind Offshore | Actual Aggregated,2026-05-29T22:18:42Z
2026-05-29T22:17:36Z,2026-05-30T00:17:36+0200,e2390b4d-8b36-448a-b0e6-27aba52aab7b,2026-05-02T19:45:00Z,2026-05-02T21:45:00+0200,153.39,MW,FR,FR,actual_offshore_wind_generation,Wind Offshore | Actual Aggregated,2026-05-29T22:18:42Z
2026-05-29T22:17:36Z,2026-05-30T00:17:36+0200,e2390b4d-8b36-448a-b0e6-27aba52aab7b,2026-05-02T20:00:00Z,2026-05-02T22:00:00+0200,145.31,MW,FR,FR,actual_offshore_wind_generation,Wind Offshore | Actual Aggregated,2026-05-29T22:18:42Z
2026-05-29T22:17:36Z,2026-05-30T00:17:36+0200,e2390b4d-8b36-448a-b0e6-27aba52aab7b,2026-05-02T20:15:00Z,2026-05-02T22:15:00+0200,106.09,MW,FR,FR,actual_offshore_wind_generation,Wind Offshore | Actual Aggregated,2026-05-29T22:18:42Z
2026-05-29T22:17:36Z,2026-05-30T00:17:36+0200,e2390b4d-8b36-448a-b0e6-27aba52aab7b,2026-05-02T20:30:00Z,2026-05-02T22:30:00+0200,74.61,MW,FR,FR,actual_offshore_wind_generation,Wind Offshore | Actual Aggregated,2026-05-29T22:18:42Z
2026-05-29T22:17:36Z,2026-05-30T00:17:36+0200,e2390b4d-8b36-448a-b0e6-27aba52aab7b,2026-05-02T20:45:00Z,2026-05-02T22:45:00+0200,58.11,MW,FR,FR,actual_offshore_wind_generation,Wind Offshore | Actual Aggregated,2026-05-29T22:18:42Z
2026-05-29T22:17:36Z,2026-05-30T00:17:36+0200,e2390b4d-8b36-448a-b0e6-27aba52aab7b,2026-05-02T21:00:00Z,2026-05-02T23:00:00+0200,54.95,MW,FR,FR,actual_offshore_wind_generation,Wind Offshore | Actual Aggregated,2026-05-29T22:18:42Z
2026-05-29T22:17:36Z,2026-05-30T00:17:36+0200,e2390b4d-8b36-448a-b0e6-27aba52aab7b,2026-05-02T21:15:00Z,2026-05-02T23:15:00+0200,46.46,MW,FR,FR,actual_offshore_wind_generation,Wind Offshore | Actual Aggregated,2026-05-29T22:18:42Z
2026-05-29T22:17:36Z,2026-05-30T00:17:36+0200,e2390b4d-8b36-448a-b0e6-27aba52aab7b,2026-05-02T21:30:00Z,2026-05-02T23:30:00+0200,40.12,MW,FR,FR,actual_offshore_wind_generation,Wind Offshore | Actual Aggregated,2026-05-29T22:18:42Z
2026-05-29T22:17:36Z,2026-05-30T00:17:36+0200,e2390b4d-8b36-448a-b0e6-27aba52aab7b,2026-05-02T21:45:00Z,2026-05-02T23:45:00+0200,22.66,MW,FR,FR,actual_offshore_wind_generation,Wind Offshore | Actual Aggregated,2026-05-29T22:18:42Z
2026-05-29T22:17:36Z,2026-05-30T00:17:36+0200,e2390b4d-8b36-448a-b0e6-27aba52aab7b,2026-05-02T22:00:00Z,2026-05-03T00:00:00+0200,30.02,MW,FR,FR,actual_offshore_wind_generation,Wind Offshore | Actual Aggregated,2026-05-29T22:18:42Z
2026-05-29T22:17:36Z,2026-05-30T00:17:36+0200,e2390b4d-8b36-448a-b0e6-27aba52aab7b,2026-05-02T22:15:00Z,2026-05-03T00:15:00+0200,46.93,MW,FR,FR,actual_offshore_wind_generation,Wind Offshore | Actual Aggregated,2026-05-29T22:18:42Z
2026-05-29T22:17:36Z,2026-05-30T00:17:36+0200,e2390b4d-8b36-448a-b0e6-27aba52aab7b,2026-05-02T22:30:00Z,2026-05-03T00:30:00+0200,41.52,MW,FR,FR,actual_offshore_wind_generation,Wind Offshore | Actual Aggregated,2026-05-29T22:18:42Z
2026-05-29T22:17:36Z,2026-05-30T00:17:36+0200,e2390b4d-8b36-448a-b0e6-27aba52aab7b,2026-05-02T22:45:00Z,2026-05-03T00:45:00+0200,40.31,MW,FR,FR,actual_offshore_wind_generation,Wind Offshore | Actual Aggregated,2026-05-29T22:18:42Z
2026-05-29T22:17:36Z,2026-05-30T00:17:36+0200,e2390b4d-8b36-448a-b0e6-27aba52aab7b,2026-05-02T23:00:00Z,2026-05-03T01:00:00+0200,61.25,MW,FR,FR,actual_offshore_wind_generation,Wind Offshore | Actual Aggregated,2026-05-29T22:18:42Z
2026-05-29T22:17:36Z,2026-05-30T00:17:36+0200,e2390b4d-8b36-448a-b0e6-27aba52aab7b,2026-05-02T23:15:00Z,2026-05-03T01:15:00+0200,51.2,MW,FR,FR,actual_offshore_wind_generation,Wind Offshore | Actual Aggregated,2026-05-29T22:18:42Z
2026-05-29T22:17:36Z,2026-05-30T00:17:36+0200,e2390b4d-8b36-448a-b0e6-27aba52aab7b,2026-05-02T23:30:00Z,2026-05-03T01:30:00+0200,74.77,MW,FR,FR,actual_offshore_wind_generation,Wind Offshore | Actual Aggregated,2026-05-29T22:18:42Z
2026-05-29T22:17:36Z,2026-05-30T00:17:36+0200,e2390b4d-8b36-448a-b0e6-27aba52aab7b,2026-05-02T23:45:00Z,2026-05-03T01:45:00+0200,63.28,MW,FR,FR,actual_offshore_wind_generation,Wind Offshore | Actual Aggregated,2026-05-29T22:18:42Z
2026-05-29T22:17:36Z,2026-05-30T00:17:36+0200,e2390b4d-8b36-448a-b0e6-27aba52aab7b,2026-05-03T00:00:00Z,2026-05-03T02:00:00+0200,55.71,MW,FR,FR,actual_offshore_wind_generation,Wind Offshore | Actual Aggregated,2026-05-29T22:18:42Z
2026-05-29T22:17:36Z,2026-05-30T00:17:36+0200,e2390b4d-8b36-448a-b0e6-27aba52aab7b,2026-05-03T00:15:00Z,2026-05-03T02:15:00+0200,68.01,MW,FR,FR,actual_offshore_wind_generation,Wind Offshore | Actual Aggregated,2026-05-29T22:18:42Z
2026-05-29T22:17:36Z,2026-05-30T00:17:36+0200,e2390b4d-8b36-448a-b0e6-27aba52aab7b,2026-05-03T00:30:00Z,2026-05-03T02:30:00+0200,52.96,MW,FR,FR,actual_offshore_wind_generation,Wind Offshore | Actual Aggregated,2026-05-29T22:18:42Z
2026-05-29T22:17:36Z,2026-05-30T00:17:36+0200,e2390b4d-8b36-448a-b0e6-27aba52aab7b,2026-05-03T00:45:00Z,2026-05-03T02:45:00+0200,75.31,MW,FR,FR,actual_offshore_wind_generation,Wind Offshore | Actual Aggregated,2026-05-29T22:18:42Z
2026-05-29T22:17:36Z,2026-05-30T00:17:36+0200,e2390b4d-8b36-448a-b0e6-27aba52aab7b,2026-05-03T01:00:00Z,2026-05-03T03:00:00+0200,72.55,MW,FR,FR,actual_offshore_wind_generation,Wind Offshore | Actual Aggregated,2026-05-29T22:18:42Z
2026-05-29T22:17:36Z,2026-05-30T00:17:36+0200,e2390b4d-8b36-448a-b0e6-27aba52aab7b,2026-05-03T01:15:00Z,2026-05-03T03:15:00+0200,78.5,MW,FR,FR,actual_offshore_wind_generation,Wind Offshore | Actual Aggregated,2026-05-29T22:18:42Z
2026-05-29T22:17:36Z,2026-05-30T00:17:36+0200,e2390b4d-8b36-448a-b0e6-27aba52aab7b,2026-05-03T01:30:00Z,2026-05-03T03:30:00+0200,112.34,MW,FR,FR,actual_offshore_wind_generation,Wind Offshore | Actual Aggregated,2026-05-29T22:18:42Z
2026-05-29T22:17:36Z,2026-05-30T00:17:36+0200,e2390b4d-8b36-448a-b0e6-27aba52aab7b,2026-05-03T01:45:00Z,2026-05-03T03:45:00+0200,127.04,MW,FR,FR,actual_offshore_wind_generation,Wind Offshore | Actual Aggregated,2026-05-29T22:18:42Z
2026-05-29T22:17:36Z,2026-05-30T00:17:36+0200,e2390b4d-8b36-448a-b0e6-27aba52aab7b,2026-05-03T02:00:00Z,2026-05-03T04:00:00+0200,124.19,MW,FR,FR,actual_offshore_wind_generation,Wind Offshore | Actual Aggregated,2026-05-29T22:18:42Z
2026-05-29T22:17:36Z,2026-05-30T00:17:36+0200,e2390b4d-8b36-448a-b0e6-27aba52aab7b,2026-05-03T02:15:00Z,2026-05-03T04:15:00+0200,116.27,MW,FR,FR,actual_offshore_wind_generation,Wind Offshore | Actual Aggregated,2026-05-29T22:18:42Z
2026-05-29T22:17:36Z,2026-05-30T00:17:36+0200,e2390b4d-8b36-448a-b0e6-27aba52aab7b,2026-05-03T02:30:00Z,2026-05-03T04:30:00+0200,112.89,MW,FR,FR,actual_offshore_wind_generation,Wind Offshore | Actual Aggregated,2026-05-29T22:18:42Z
2026-05-29T22:17:36Z,2026-05-30T00:17:36+0200,e2390b4d-8b36-448a-b0e6-27aba52aab7b,2026-05-03T02:45:00Z,2026-05-03T04:45:00+0200,123.78,MW,FR,FR,actual_offshore_wind_generation,Wind Offshore | Actual Aggregated,2026-05-29T22:18:42Z
2026-05-29T22:17:36Z,2026-05-30T00:17:36+0200,e2390b4d-8b36-448a-b0e6-27aba52aab7b,2026-05-03T03:00:00Z,2026-05-03T05:00:00+0200,119.85,MW,FR,FR,actual_offshore_wind_generation,Wind Offshore | Actual Aggregated,2026-05-29T22:18:42Z
2026-05-29T22:17:36Z,2026-05-30T00:17:36+0200,e2390b4d-8b36-448a-b0e6-27aba52aab7b,2026-05-03T03:15:00Z,2026-05-03T05:15:00+0200,118.04,MW,FR,FR,actual_offshore_wind_generation,Wind Offshore | Actual Aggregated,2026-05-29T22:18:42Z
2026-05-29T22:17:36Z,2026-05-30T00:17:36+0200,e2390b4d-8b36-448a-b0e6-27aba52aab7b,2026-05-03T03:30:00Z,2026-05-03T05:30:00+0200,109.06,MW,FR,FR,actual_offshore_wind_generation,Wind Offshore | Actual Aggregated,2026-05-29T22:18:42Z
2026-05-29T22:17:36Z,2026-05-30T00:17:36+0200,e2390b4d-8b36-448a-b0e6-27aba52aab7b,2026-05-03T03:45:00Z,2026-05-03T05:45:00+0200,123.64,MW,FR,FR,actual_offshore_wind_generation,Wind Offshore | Actual Aggregated,2026-05-29T22:18:42Z
2026-05-29T22:17:36Z,2026-05-30T00:17:36+0200,e2390b4d-8b36-448a-b0e6-27aba52aab7b,2026-05-03T04:00:00Z,2026-05-03T06:00:00+0200,123.96,MW,FR,FR,actual_offshore_wind_generation,Wind Offshore | Actual Aggregated,2026-05-29T22:18:42Z
2026-05-29T22:17:36Z,2026-05-30T00:17:36+0200,e2390b4d-8b36-448a-b0e6-27aba52aab7b,2026-05-03T04:15:00Z,2026-05-03T06:15:00+0200,138.88,MW,FR,FR,actual_offshore_wind_generation,Wind Offshore | Actual Aggregated,2026-05-29T22:18:42Z
2026-05-29T22:17:36Z,2026-05-30T00:17:36+0200,e2390b4d-8b36-448a-b0e6-27aba52aab7b,2026-05-03T04:30:00Z,2026-05-03T06:30:00+0200,141.19,MW,FR,FR,actual_offshore_wind_generation,Wind Offshore | Actual Aggregated,2026-05-29T22:18:42Z
2026-05-29T22:17:36Z,2026-05-30T00:17:36+0200,e2390b4d-8b36-448a-b0e6-27aba52aab7b,2026-05-03T04:45:00Z,2026-05-03T06:45:00+0200,126.45,MW,FR,FR,actual_offshore_wind_generation,Wind Offshore | Actual Aggregated,2026-05-29T22:18:42Z
2026-05-29T22:17:36Z,2026-05-30T00:17:36+0200,e2390b4d-8b36-448a-b0e6-27aba52aab7b,2026-05-03T05:00:00Z,2026-05-03T07:00:00+0200,158.55,MW,FR,FR,actual_offshore_wind_generation,Wind Offshore | Actual Aggregated,2026-05-29T22:18:42Z
2026-05-29T22:17:36Z,2026-05-30T00:17:36+0200,e2390b4d-8b36-448a-b0e6-27aba52aab7b,2026-05-03T05:15:00Z,2026-05-03T07:15:00+0200,171.72,MW,FR,FR,actual_offshore_wind_generation,Wind Offshore | Actual Aggregated,2026-05-29T22:18:42Z
2026-05-29T22:17:36Z,2026-05-30T00:17:36+0200,e2390b4d-8b36-448a-b0e6-27aba52aab7b,2026-05-03T05:30:00Z,2026-05-03T07:30:00+0200,173.93,MW,FR,FR,actual_offshore_wind_generation,Wind Offshore | Actual Aggregated,2026-05-29T22:18:42Z
2026-05-29T22:17:36Z,2026-05-30T00:17:36+0200,e2390b4d-8b36-448a-b0e6-27aba52aab7b,2026-05-03T05:45:00Z,2026-05-03T07:45:00+0200,177.19,MW,FR,FR,actual_offshore_wind_generation,Wind Offshore | Actual Aggregated,2026-05-29T22:18:42Z
2026-05-29T22:17:36Z,2026-05-30T00:17:36+0200,e2390b4d-8b36-448a-b0e6-27aba52aab7b,2026-05-03T06:00:00Z,2026-05-03T08:00:00+0200,133.11,MW,FR,FR,actual_offshore_wind_generation,Wind Offshore | Actual Aggregated,2026-05-29T22:18:42Z
2026-05-29T22:17:36Z,2026-05-30T00:17:36+0200,e2390b4d-8b36-448a-b0e6-27aba52aab7b,2026-05-03T06:15:00Z,2026-05-03T08:15:00+0200,115.97,MW,FR,FR,actual_offshore_wind_generation,Wind Offshore | Actual Aggregated,2026-05-29T22:18:42Z
2026-05-29T22:17:36Z,2026-05-30T00:17:36+0200,e2390b4d-8b36-448a-b0e6-27aba52aab7b,2026-05-03T06:30:00Z,2026-05-03T08:30:00+0200,90.01,MW,FR,FR,actual_offshore_wind_generation,Wind Offshore | Actual Aggregated,2026-05-29T22:18:42Z
2026-05-29T22:17:36Z,2026-05-30T00:17:36+0200,e2390b4d-8b36-448a-b0e6-27aba52aab7b,2026-05-03T06:45:00Z,2026-05-03T08:45:00+0200,85.15,MW,FR,FR,actual_offshore_wind_generation,Wind Offshore | Actual Aggregated,2026-05-29T22:18:42Z
2026-05-29T22:17:36Z,2026-05-30T00:17:36+0200,e2390b4d-8b36-448a-b0e6-27aba52aab7b,2026-05-03T07:00:00Z,2026-05-03T09:00:00+0200,77.58,MW,FR,FR,actual_offshore_wind_generation,Wind Offshore | Actual Aggregated,2026-05-29T22:18:42Z
2026-05-29T22:17:36Z,2026-05-30T00:17:36+0200,e2390b4d-8b36-448a-b0e6-27aba52aab7b,2026-05-03T07:15:00Z,2026-05-03T09:15:00+0200,83.21,MW,FR,FR,actual_offshore_wind_generation,Wind Offshore | Actual Aggregated,2026-05-29T22:18:42Z
2026-05-29T22:17:36Z,2026-05-30T00:17:36+0200,e2390b4d-8b36-448a-b0e6-27aba52aab7b,2026-05-03T07:30:00Z,2026-05-03T09:30:00+0200,65.42,MW,FR,FR,actual_offshore_wind_generation,Wind Offshore | Actual Aggregated,2026-05-29T22:18:42Z
2026-05-29T22:17:36Z,2026-05-30T00:17:36+0200,e2390b4d-8b36-448a-b0e6-27aba52aab7b,2026-05-03T07:45:00Z,2026-05-03T09:45:00+0200,43.97,MW,FR,FR,actual_offshore_wind_generation,Wind Offshore | Actual Aggregated,2026-05-29T22:18:42Z
2026-05-29T22:17:36Z,2026-05-30T00:17:36+0200,e2390b4d-8b36-448a-b0e6-27aba52aab7b,2026-05-03T08:00:00Z,2026-05-03T10:00:00+0200,45.63,MW,FR,FR,actual_offshore_wind_generation,Wind Offshore | Actual Aggregated,2026-05-29T22:18:42Z
2026-05-29T22:17:36Z,2026-05-30T00:17:36+0200,e2390b4d-8b36-448a-b0e6-27aba52aab7b,2026-05-03T08:15:00Z,2026-05-03T10:15:00+0200,43.15,MW,FR,FR,actual_offshore_wind_generation,Wind Offshore | Actual Aggregated,2026-05-29T22:18:42Z
2026-05-29T22:17:36Z,2026-05-30T00:17:36+0200,e2390b4d-8b36-448a-b0e6-27aba52aab7b,2026-05-03T08:30:00Z,2026-05-03T10:30:00+0200,37.68,MW,FR,FR,actual_offshore_wind_generation,Wind Offshore | Actual Aggregated,2026-05-29T22:18:42Z
2026-05-29T22:17:36Z,2026-05-30T00:17:36+0200,e2390b4d-8b36-448a-b0e6-27aba52aab7b,2026-05-03T08:45:00Z,2026-05-03T10:45:00+0200,43.78,MW,FR,FR,actual_offshore_wind_generation,Wind Offshore | Actual Aggregated,2026-05-29T22:18:42Z
2026-05-29T22:17:36Z,2026-05-30T00:17:36+0200,e2390b4d-8b36-448a-b0e6-27aba52aab7b,2026-05-03T09:00:00Z,2026-05-03T11:00:00+0200,64.72,MW,FR,FR,actual_offshore_wind_generation,Wind Offshore | Actual Aggregated,2026-05-29T22:18:42Z
2026-05-29T22:17:36Z,2026-05-30T00:17:36+0200,e2390b4d-8b36-448a-b0e6-27aba52aab7b,2026-05-03T09:15:00Z,2026-05-03T11:15:00+0200,76.06,MW,FR,FR,actual_offshore_wind_generation,Wind Offshore | Actual Aggregated,2026-05-29T22:18:42Z
2026-05-29T22:17:36Z,2026-05-30T00:17:36+0200,e2390b4d-8b36-448a-b0e6-27aba52aab7b,2026-05-03T09:30:00Z,2026-05-03T11:30:00+0200,92.18,MW,FR,FR,actual_offshore_wind_generation,Wind Offshore | Actual Aggregated,2026-05-29T22:18:42Z
2026-05-29T22:17:36Z,2026-05-30T00:17:36+0200,e2390b4d-8b36-448a-b0e6-27aba52aab7b,2026-05-03T09:45:00Z,2026-05-03T11:45:00+0200,121.72,MW,FR,FR,actual_offshore_wind_generation,Wind Offshore | Actual Aggregated,2026-05-29T22:18:42Z
2026-05-29T22:17:36Z,2026-05-30T00:17:36+0200,e2390b4d-8b36-448a-b0e6-27aba52aab7b,2026-05-03T10:00:00Z,2026-05-03T12:00:00+0200,140.84,MW,FR,FR,actual_offshore_wind_generation,Wind Offshore | Actual Aggregated,2026-05-29T22:18:42Z
2026-05-29T22:17:36Z,2026-05-30T00:17:36+0200,e2390b4d-8b36-448a-b0e6-27aba52aab7b,2026-05-03T10:15:00Z,2026-05-03T12:15:00+0200,144.05,MW,FR,FR,actual_offshore_wind_generation,Wind Offshore | Actual Aggregated,2026-05-29T22:18:42Z
2026-05-29T22:17:36Z,2026-05-30T00:17:36+0200,e2390b4d-8b36-448a-b0e6-27aba52aab7b,2026-05-03T10:30:00Z,2026-05-03T12:30:00+0200,161.61,MW,FR,FR,actual_offshore_wind_generation,Wind Offshore | Actual Aggregated,2026-05-29T22:18:42Z
2026-05-29T22:17:36Z,2026-05-30T00:17:36+0200,e2390b4d-8b36-448a-b0e6-27aba52aab7b,2026-05-03T10:45:00Z,2026-05-03T12:45:00+0200,148.99,MW,FR,FR,actual_offshore_wind_generation,Wind Offshore | Actual Aggregated,2026-05-29T22:18:42Z
2026-05-29T22:17:36Z,2026-05-30T00:17:36+0200,e2390b4d-8b36-448a-b0e6-27aba52aab7b,2026-05-03T11:00:00Z,2026-05-03T13:00:00+0200,123.02,MW,FR,FR,actual_offshore_wind_generation,Wind Offshore | Actual Aggregated,2026-05-29T22:18:42Z
2026-05-29T22:17:36Z,2026-05-30T00:17:36+0200,e2390b4d-8b36-448a-b0e6-27aba52aab7b,2026-05-03T11:15:00Z,2026-05-03T13:15:00+0200,99.77,MW,FR,FR,actual_offshore_wind_generation,Wind Offshore | Actual Aggregated,2026-05-29T22:18:42Z
2026-05-29T22:17:36Z,2026-05-30T00:17:36+0200,e2390b4d-8b36-448a-b0e6-27aba52aab7b,2026-05-03T11:30:00Z,2026-05-03T13:30:00+0200,94.59,MW,FR,FR,actual_offshore_wind_generation,Wind Offshore | Actual Aggregated,2026-05-29T22:18:42Z
2026-05-29T22:17:36Z,2026-05-30T00:17:36+0200,e2390b4d-8b36-448a-b0e6-27aba52aab7b,2026-05-03T11:45:00Z,2026-05-03T13:45:00+0200,104.43,MW,FR,FR,actual_offshore_wind_generation,Wind Offshore | Actual Aggregated,2026-05-29T22:18:42Z
2026-05-29T22:17:36Z,2026-05-30T00:17:36+0200,e2390b4d-8b36-448a-b0e6-27aba52aab7b,2026-05-03T12:00:00Z,2026-05-03T14:00:00+0200,126.18,MW,FR,FR,actual_offshore_wind_generation,Wind Offshore | Actual Aggregated,2026-05-29T22:18:42Z
2026-05-29T22:17:36Z,2026-05-30T00:17:36+0200,e2390b4d-8b36-448a-b0e6-27aba52aab7b,2026-05-03T12:15:00Z,2026-05-03T14:15:00+0200,172.13,MW,FR,FR,actual_offshore_wind_generation,Wind Offshore | Actual Aggregated,2026-05-29T22:18:42Z
2026-05-29T22:17:36Z,2026-05-30T00:17:36+0200,e2390b4d-8b36-448a-b0e6-27aba52aab7b,2026-05-03T12:30:00Z,2026-05-03T14:30:00+0200,191.37,MW,FR,FR,actual_offshore_wind_generation,Wind Offshore | Actual Aggregated,2026-05-29T22:18:42Z
2026-05-29T22:17:36Z,2026-05-30T00:17:36+0200,e2390b4d-8b36-448a-b0e6-27aba52aab7b,2026-05-03T12:45:00Z,2026-05-03T14:45:00+0200,180.86,MW,FR,FR,actual_offshore_wind_generation,Wind Offshore | Actual Aggregated,2026-05-29T22:18:42Z
2026-05-29T22:17:36Z,2026-05-30T00:17:36+0200,e2390b4d-8b36-448a-b0e6-27aba52aab7b,2026-05-03T13:00:00Z,2026-05-03T15:00:00+0200,182.99,MW,FR,FR,actual_offshore_wind_generation,Wind Offshore | Actual Aggregated,2026-05-29T22:18:42Z
2026-05-29T22:17:36Z,2026-05-30T00:17:36+0200,e2390b4d-8b36-448a-b0e6-27aba52aab7b,2026-05-03T13:15:00Z,2026-05-03T15:15:00+0200,193.07,MW,FR,FR,actual_offshore_wind_generation,Wind Offshore | Actual Aggregated,2026-05-29T22:18:42Z
2026-05-29T22:17:36Z,2026-05-30T00:17:36+0200,e2390b4d-8b36-448a-b0e6-27aba52aab7b,2026-05-03T13:30:00Z,2026-05-03T15:30:00+0200,186.53,MW,FR,FR,actual_offshore_wind_generation,Wind Offshore | Actual Aggregated,2026-05-29T22:18:42Z
2026-05-29T22:17:36Z,2026-05-30T00:17:36+0200,e2390b4d-8b36-448a-b0e6-27aba52aab7b,2026-05-03T13:45:00Z,2026-05-03T15:45:00+0200,177.03,MW,FR,FR,actual_offshore_wind_generation,Wind Offshore | Actual Aggregated,2026-05-29T22:18:42Z
2026-05-29T22:17:36Z,2026-05-30T00:17:36+0200,e2390b4d-8b36-448a-b0e6-27aba52aab7b,2026-05-03T14:00:00Z,2026-05-03T16:00:00+0200,172.92,MW,FR,FR,actual_offshore_wind_generation,Wind Offshore | Actual Aggregated,2026-05-29T22:18:42Z
2026-05-29T22:17:36Z,2026-05-30T00:17:36+0200,e2390b4d-8b36-448a-b0e6-27aba52aab7b,2026-05-03T14:15:00Z,2026-05-03T16:15:00+0200,158.84,MW,FR,FR,actual_offshore_wind_generation,Wind Offshore | Actual Aggregated,2026-05-29T22:18:42Z
2026-05-29T22:17:36Z,2026-05-30T00:17:36+0200,e2390b4d-8b36-448a-b0e6-27aba52aab7b,2026-05-03T14:30:00Z,2026-05-03T16:30:00+0200,125.52,MW,FR,FR,actual_offshore_wind_generation,Wind Offshore | Actual Aggregated,2026-05-29T22:18:42Z
2026-05-29T22:17:36Z,2026-05-30T00:17:36+0200,e2390b4d-8b36-448a-b0e6-27aba52aab7b,2026-05-03T14:45:00Z,2026-05-03T16:45:00+0200,107.32,MW,FR,FR,actual_offshore_wind_generation,Wind Offshore | Actual Aggregated,2026-05-29T22:18:42Z
2026-05-29T22:17:36Z,2026-05-30T00:17:36+0200,e2390b4d-8b36-448a-b0e6-27aba52aab7b,2026-05-03T15:00:00Z,2026-05-03T17:00:00+0200,106.5,MW,FR,FR,actual_offshore_wind_generation,Wind Offshore | Actual Aggregated,2026-05-29T22:18:42Z
2026-05-29T22:17:36Z,2026-05-30T00:17:36+0200,e2390b4d-8b36-448a-b0e6-27aba52aab7b,2026-05-03T15:15:00Z,2026-05-03T17:15:00+0200,107.27,MW,FR,FR,actual_offshore_wind_generation,Wind Offshore | Actual Aggregated,2026-05-29T22:18:42Z
2026-05-29T22:17:36Z,2026-05-30T00:17:36+0200,e2390b4d-8b36-448a-b0e6-27aba52aab7b,2026-05-03T15:30:00Z,2026-05-03T17:30:00+0200,121.17,MW,FR,FR,actual_offshore_wind_generation,Wind Offshore | Actual Aggregated,2026-05-29T22:18:42Z
2026-05-29T22:17:36Z,2026-05-30T00:17:36+0200,e2390b4d-8b36-448a-b0e6-27aba52aab7b,2026-05-03T15:45:00Z,2026-05-03T17:45:00+0200,111.78,MW,FR,FR,actual_offshore_wind_generation,Wind Offshore | Actual Aggregated,2026-05-29T22:18:42Z
2026-05-29T22:17:36Z,2026-05-30T00:17:36+0200,e2390b4d-8b36-448a-b0e6-27aba52aab7b,2026-05-03T16:00:00Z,2026-05-03T18:00:00+0200,98.53,MW,FR,FR,actual_offshore_wind_generation,Wind Offshore | Actual Aggregated,2026-05-29T22:18:42Z
2026-05-29T22:17:36Z,2026-05-30T00:17:36+0200,e2390b4d-8b36-448a-b0e6-27aba52aab7b,2026-05-03T16:15:00Z,2026-05-03T18:15:00+0200,85.23,MW,FR,FR,actual_offshore_wind_generation,Wind Offshore | Actual Aggregated,2026-05-29T22:18:42Z
2026-05-29T22:17:36Z,2026-05-30T00:17:36+0200,e2390b4d-8b36-448a-b0e6-27aba52aab7b,2026-05-03T16:30:00Z,2026-05-03T18:30:00+0200,87.35,MW,FR,FR,actual_offshore_wind_generation,Wind Offshore | Actual Aggregated,2026-05-29T22:18:42Z
2026-05-29T22:17:36Z,2026-05-30T00:17:36+0200,e2390b4d-8b36-448a-b0e6-27aba52aab7b,2026-05-03T16:45:00Z,2026-05-03T18:45:00+0200,87.63,MW,FR,FR,actual_offshore_wind_generation,Wind Offshore | Actual Aggregated,2026-05-29T22:18:42Z
2026-05-29T22:17:36Z,2026-05-30T00:17:36+0200,e2390b4d-8b36-448a-b0e6-27aba52aab7b,2026-05-03T17:00:00Z,2026-05-03T19:00:00+0200,73.93,MW,FR,FR,actual_offshore_wind_generation,Wind Offshore | Actual Aggregated,2026-05-29T22:18:42Z
2026-05-29T22:17:36Z,2026-05-30T00:17:36+0200,e2390b4d-8b36-448a-b0e6-27aba52aab7b,2026-05-03T17:15:00Z,2026-05-03T19:15:00+0200,66.4,MW,FR,FR,actual_offshore_wind_generation,Wind Offshore | Actual Aggregated,2026-05-29T22:18:42Z
2026-05-29T22:17:36Z,2026-05-30T00:17:36+0200,e2390b4d-8b36-448a-b0e6-27aba52aab7b,2026-05-03T17:30:00Z,2026-05-03T19:30:00+0200,52.83,MW,FR,FR,actual_offshore_wind_generation,Wind Offshore | Actual Aggregated,2026-05-29T22:18:42Z
2026-05-29T22:17:36Z,2026-05-30T00:17:36+0200,e2390b4d-8b36-448a-b0e6-27aba52aab7b,2026-05-03T17:45:00Z,2026-05-03T19:45:00+0200,42.6,MW,FR,FR,actual_offshore_wind_generation,Wind Offshore | Actual Aggregated,2026-05-29T22:18:42Z
2026-05-29T22:17:36Z,2026-05-30T00:17:36+0200,e2390b4d-8b36-448a-b0e6-27aba52aab7b,2026-05-03T18:00:00Z,2026-05-03T20:00:00+0200,52.76,MW,FR,FR,actual_offshore_wind_generation,Wind Offshore | Actual Aggregated,2026-05-29T22:18:42Z
2026-05-29T22:17:36Z,2026-05-30T00:17:36+0200,e2390b4d-8b36-448a-b0e6-27aba52aab7b,2026-05-03T18:15:00Z,2026-05-03T20:15:00+0200,61.82,MW,FR,FR,actual_offshore_wind_generation,Wind Offshore | Actual Aggregated,2026-05-29T22:18:42Z
2026-05-29T22:17:36Z,2026-05-30T00:17:36+0200,e2390b4d-8b36-448a-b0e6-27aba52aab7b,2026-05-03T18:30:00Z,2026-05-03T20:30:00+0200,62.08,MW,FR,FR,actual_offshore_wind_generation,Wind Offshore | Actual Aggregated,2026-05-29T22:18:42Z
2026-05-29T22:17:36Z,2026-05-30T00:17:36+0200,e2390b4d-8b36-448a-b0e6-27aba52aab7b,2026-05-03T18:45:00Z,2026-05-03T20:45:00+0200,56.1,MW,FR,FR,actual_offshore_wind_generation,Wind Offshore | Actual Aggregated,2026-05-29T22:18:42Z
2026-05-29T22:17:36Z,2026-05-30T00:17:36+0200,e2390b4d-8b36-448a-b0e6-27aba52aab7b,2026-05-03T19:00:00Z,2026-05-03T21:00:00+0200,47.1,MW,FR,FR,actual_offshore_wind_generation,Wind Offshore | Actual Aggregated,2026-05-29T22:18:42Z
2026-05-29T22:17:36Z,2026-05-30T00:17:36+0200,e2390b4d-8b36-448a-b0e6-27aba52aab7b,2026-05-03T19:15:00Z,2026-05-03T21:15:00+0200,52.47,MW,FR,FR,actual_offshore_wind_generation,Wind Offshore | Actual Aggregated,2026-05-29T22:18:42Z
2026-05-29T22:17:36Z,2026-05-30T00:17:36+0200,e2390b4d-8b36-448a-b0e6-27aba52aab7b,2026-05-03T19:30:00Z,2026-05-03T21:30:00+0200,49.69,MW,FR,FR,actual_offshore_wind_generation,Wind Offshore | Actual Aggregated,2026-05-29T22:18:42Z
2026-05-29T22:17:36Z,2026-05-30T00:17:36+0200,e2390b4d-8b36-448a-b0e6-27aba52aab7b,2026-05-03T19:45:00Z,2026-05-03T21:45:00+0200,45.24,MW,FR,FR,actual_offshore_wind_generation,Wind Offshore | Actual Aggregated,2026-05-29T22:18:42Z
2026-05-29T22:17:36Z,2026-05-30T00:17:36+0200,e2390b4d-8b36-448a-b0e6-27aba52aab7b,2026-05-03T20:00:00Z,2026-05-03T22:00:00+0200,43.93,MW,FR,FR,actual_offshore_wind_generation,Wind Offshore | Actual Aggregated,2026-05-29T22:18:42Z
2026-05-29T22:17:36Z,2026-05-30T00:17:36+0200,e2390b4d-8b36-448a-b0e6-27aba52aab7b,2026-05-03T20:15:00Z,2026-05-03T22:15:00+0200,41.99,MW,FR,FR,actual_offshore_wind_generation,Wind Offshore | Actual Aggregated,2026-05-29T22:18:42Z
2026-05-29T22:17:36Z,2026-05-30T00:17:36+0200,e2390b4d-8b36-448a-b0e6-27aba52aab7b,2026-05-03T20:30:00Z,2026-05-03T22:30:00+0200,30.7,MW,FR,FR,actual_offshore_wind_generation,Wind Offshore | Actual Aggregated,2026-05-29T22:18:42Z
2026-05-29T22:17:36Z,2026-05-30T00:17:36+0200,e2390b4d-8b36-448a-b0e6-27aba52aab7b,2026-05-03T20:45:00Z,2026-05-03T22:45:00+0200,21.72,MW,FR,FR,actual_offshore_wind_generation,Wind Offshore | Actual Aggregated,2026-05-29T22:18:42Z
2026-05-29T22:17:36Z,2026-05-30T00:17:36+0200,e2390b4d-8b36-448a-b0e6-27aba52aab7b,2026-05-03T21:00:00Z,2026-05-03T23:00:00+0200,19.83,MW,FR,FR,actual_offshore_wind_generation,Wind Offshore | Actual Aggregated,2026-05-29T22:18:42Z
2026-05-29T22:17:36Z,2026-05-30T00:17:36+0200,e2390b4d-8b36-448a-b0e6-27aba52aab7b,2026-05-03T21:15:00Z,2026-05-03T23:15:00+0200,13.46,MW,FR,FR,actual_offshore_wind_generation,Wind Offshore | Actual Aggregated,2026-05-29T22:18:42Z
2026-05-29T22:17:36Z,2026-05-30T00:17:36+0200,e2390b4d-8b36-448a-b0e6-27aba52aab7b,2026-05-03T21:30:00Z,2026-05-03T23:30:00+0200,18.89,MW,FR,FR,actual_offshore_wind_generation,Wind Offshore | Actual Aggregated,2026-05-29T22:18:42Z
2026-05-29T22:17:36Z,2026-05-30T00:17:36+0200,e2390b4d-8b36-448a-b0e6-27aba52aab7b,2026-05-03T21:45:00Z,2026-05-03T23:45:00+0200,11.66,MW,FR,FR,actual_offshore_wind_generation,Wind Offshore | Actual Aggregated,2026-05-29T22:18:42Z
2026-05-29T22:17:36Z,2026-05-30T00:17:36+0200,e2390b4d-8b36-448a-b0e6-27aba52aab7b,2026-05-03T22:00:00Z,2026-05-04T00:00:00+0200,7.21,MW,FR,FR,actual_offshore_wind_generation,Wind Offshore | Actual Aggregated,2026-05-29T22:18:42Z
2026-05-29T22:17:36Z,2026-05-30T00:17:36+0200,e2390b4d-8b36-448a-b0e6-27aba52aab7b,2026-05-03T22:15:00Z,2026-05-04T00:15:00+0200,7.94,MW,FR,FR,actual_offshore_wind_generation,Wind Offshore | Actual Aggregated,2026-05-29T22:18:42Z
2026-05-29T22:17:36Z,2026-05-30T00:17:36+0200,e2390b4d-8b36-448a-b0e6-27aba52aab7b,2026-05-03T22:30:00Z,2026-05-04T00:30:00+0200,13.49,MW,FR,FR,actual_offshore_wind_generation,Wind Offshore | Actual Aggregated,2026-05-29T22:18:42Z
2026-05-29T22:17:36Z,2026-05-30T00:17:36+0200,e2390b4d-8b36-448a-b0e6-27aba52aab7b,2026-05-03T22:45:00Z,2026-05-04T00:45:00+0200,15.78,MW,FR,FR,actual_offshore_wind_generation,Wind Offshore | Actual Aggregated,2026-05-29T22:18:42Z
2026-05-29T22:17:36Z,2026-05-30T00:17:36+0200,e2390b4d-8b36-448a-b0e6-27aba52aab7b,2026-05-03T23:00:00Z,2026-05-04T01:00:00+0200,20.88,MW,FR,FR,actual_offshore_wind_generation,Wind Offshore | Actual Aggregated,2026-05-29T22:18:42Z
2026-05-29T22:17:36Z,2026-05-30T00:17:36+0200,e2390b4d-8b36-448a-b0e6-27aba52aab7b,2026-05-03T23:15:00Z,2026-05-04T01:15:00+0200,21.56,MW,FR,FR,actual_offshore_wind_generation,Wind Offshore | Actual Aggregated,2026-05-29T22:18:42Z
2026-05-29T22:17:36Z,2026-05-30T00:17:36+0200,e2390b4d-8b36-448a-b0e6-27aba52aab7b,2026-05-03T23:30:00Z,2026-05-04T01:30:00+0200,26.59,MW,FR,FR,actual_offshore_wind_generation,Wind Offshore | Actual Aggregated,2026-05-29T22:18:42Z
2026-05-29T22:17:36Z,2026-05-30T00:17:36+0200,e2390b4d-8b36-448a-b0e6-27aba52aab7b,2026-05-03T23:45:00Z,2026-05-04T01:45:00+0200,25.07,MW,FR,FR,actual_offshore_wind_generation,Wind Offshore | Actual Aggregated,2026-05-29T22:18:42Z
2026-05-29T22:17:36Z,2026-05-30T00:17:36+0200,e2390b4d-8b36-448a-b0e6-27aba52aab7b,2026-05-04T00:00:00Z,2026-05-04T02:00:00+0200,25.24,MW,FR,FR,actual_offshore_wind_generation,Wind Offshore | Actual Aggregated,2026-05-29T22:18:42Z
2026-05-29T22:17:36Z,2026-05-30T00:17:36+0200,e2390b4d-8b36-448a-b0e6-27aba52aab7b,2026-05-04T00:15:00Z,2026-05-04T02:15:00+0200,27.64,MW,FR,FR,actual_offshore_wind_generation,Wind Offshore | Actual Aggregated,2026-05-29T22:18:42Z
2026-05-29T22:17:36Z,2026-05-30T00:17:36+0200,e2390b4d-8b36-448a-b0e6-27aba52aab7b,2026-05-04T00:30:00Z,2026-05-04T02:30:00+0200,24.59,MW,FR,FR,actual_offshore_wind_generation,Wind Offshore | Actual Aggregated,2026-05-29T22:18:42Z
2026-05-29T22:17:36Z,2026-05-30T00:17:36+0200,e2390b4d-8b36-448a-b0e6-27aba52aab7b,2026-05-04T00:45:00Z,2026-05-04T02:45:00+0200,29.04,MW,FR,FR,actual_offshore_wind_generation,Wind Offshore | Actual Aggregated,2026-05-29T22:18:42Z
2026-05-29T22:17:36Z,2026-05-30T00:17:36+0200,e2390b4d-8b36-448a-b0e6-27aba52aab7b,2026-05-04T01:00:00Z,2026-05-04T03:00:00+0200,32.63,MW,FR,FR,actual_offshore_wind_generation,Wind Offshore | Actual Aggregated,2026-05-29T22:18:42Z
2026-05-29T22:17:36Z,2026-05-30T00:17:36+0200,e2390b4d-8b36-448a-b0e6-27aba52aab7b,2026-05-04T01:15:00Z,2026-05-04T03:15:00+0200,28.93,MW,FR,FR,actual_offshore_wind_generation,Wind Offshore | Actual Aggregated,2026-05-29T22:18:42Z
2026-05-29T22:17:36Z,2026-05-30T00:17:36+0200,e2390b4d-8b36-448a-b0e6-27aba52aab7b,2026-05-04T01:30:00Z,2026-05-04T03:30:00+0200,28.62,MW,FR,FR,actual_offshore_wind_generation,Wind Offshore | Actual Aggregated,2026-05-29T22:18:42Z
2026-05-29T22:17:36Z,2026-05-30T00:17:36+0200,e2390b4d-8b36-448a-b0e6-27aba52aab7b,2026-05-04T01:45:00Z,2026-05-04T03:45:00+0200,30.7,MW,FR,FR,actual_offshore_wind_generation,Wind Offshore | Actual Aggregated,2026-05-29T22:18:42Z
2026-05-29T22:17:36Z,2026-05-30T00:17:36+0200,e2390b4d-8b36-448a-b0e6-27aba52aab7b,2026-05-04T02:00:00Z,2026-05-04T04:00:00+0200,31.56,MW,FR,FR,actual_offshore_wind_generation,Wind Offshore | Actual Aggregated,2026-05-29T22:18:42Z
2026-05-29T22:17:36Z,2026-05-30T00:17:36+0200,e2390b4d-8b36-448a-b0e6-27aba52aab7b,2026-05-04T02:15:00Z,2026-05-04T04:15:00+0200,36.75,MW,FR,FR,actual_offshore_wind_generation,Wind Offshore | Actual Aggregated,2026-05-29T22:18:42Z
2026-05-29T22:17:36Z,2026-05-30T00:17:36+0200,e2390b4d-8b36-448a-b0e6-27aba52aab7b,2026-05-04T02:30:00Z,2026-05-04T04:30:00+0200,34.42,MW,FR,FR,actual_offshore_wind_generation,Wind Offshore | Actual Aggregated,2026-05-29T22:18:42Z
2026-05-29T22:17:36Z,2026-05-30T00:17:36+0200,e2390b4d-8b36-448a-b0e6-27aba52aab7b,2026-05-04T02:45:00Z,2026-05-04T04:45:00+0200,33.73,MW,FR,FR,actual_offshore_wind_generation,Wind Offshore | Actual Aggregated,2026-05-29T22:18:42Z
2026-05-29T22:17:36Z,2026-05-30T00:17:36+0200,e2390b4d-8b36-448a-b0e6-27aba52aab7b,2026-05-04T03:00:00Z,2026-05-04T05:00:00+0200,34.07,MW,FR,FR,actual_offshore_wind_generation,Wind Offshore | Actual Aggregated,2026-05-29T22:18:42Z
2026-05-29T22:17:36Z,2026-05-30T00:17:36+0200,e2390b4d-8b36-448a-b0e6-27aba52aab7b,2026-05-04T03:15:00Z,2026-05-04T05:15:00+0200,32.53,MW,FR,FR,actual_offshore_wind_generation,Wind Offshore | Actual Aggregated,2026-05-29T22:18:42Z
2026-05-29T22:17:36Z,2026-05-30T00:17:36+0200,e2390b4d-8b36-448a-b0e6-27aba52aab7b,2026-05-04T03:30:00Z,2026-05-04T05:30:00+0200,30.49,MW,FR,FR,actual_offshore_wind_generation,Wind Offshore | Actual Aggregated,2026-05-29T22:18:42Z
2026-05-29T22:17:36Z,2026-05-30T00:17:36+0200,e2390b4d-8b36-448a-b0e6-27aba52aab7b,2026-05-04T03:45:00Z,2026-05-04T05:45:00+0200,25.01,MW,FR,FR,actual_offshore_wind_generation,Wind Offshore | Actual Aggregated,2026-05-29T22:18:42Z
2026-05-29T22:17:36Z,2026-05-30T00:17:36+0200,e2390b4d-8b36-448a-b0e6-27aba52aab7b,2026-05-04T04:00:00Z,2026-05-04T06:00:00+0200,20.65,MW,FR,FR,actual_offshore_wind_generation,Wind Offshore | Actual Aggregated,2026-05-29T22:18:42Z
2026-05-29T22:17:36Z,2026-05-30T00:17:36+0200,e2390b4d-8b36-448a-b0e6-27aba52aab7b,2026-05-04T04:15:00Z,2026-05-04T06:15:00+0200,18.43,MW,FR,FR,actual_offshore_wind_generation,Wind Offshore | Actual Aggregated,2026-05-29T22:18:42Z
2026-05-29T22:17:36Z,2026-05-30T00:17:36+0200,e2390b4d-8b36-448a-b0e6-27aba52aab7b,2026-05-04T04:30:00Z,2026-05-04T06:30:00+0200,14.87,MW,FR,FR,actual_offshore_wind_generation,Wind Offshore | Actual Aggregated,2026-05-29T22:18:42Z
2026-05-29T22:17:36Z,2026-05-30T00:17:36+0200,e2390b4d-8b36-448a-b0e6-27aba52aab7b,2026-05-04T04:45:00Z,2026-05-04T06:45:00+0200,17.91,MW,FR,FR,actual_offshore_wind_generation,Wind Offshore | Actual Aggregated,2026-05-29T22:18:42Z
2026-05-29T22:17:36Z,2026-05-30T00:17:36+0200,e2390b4d-8b36-448a-b0e6-27aba52aab7b,2026-05-04T05:00:00Z,2026-05-04T07:00:00+0200,22.2,MW,FR,FR,actual_offshore_wind_generation,Wind Offshore | Actual Aggregated,2026-05-29T22:18:42Z
2026-05-29T22:17:36Z,2026-05-30T00:17:36+0200,e2390b4d-8b36-448a-b0e6-27aba52aab7b,2026-05-04T05:15:00Z,2026-05-04T07:15:00+0200,18.51,MW,FR,FR,actual_offshore_wind_generation,Wind Offshore | Actual Aggregated,2026-05-29T22:18:42Z
2026-05-29T22:17:36Z,2026-05-30T00:17:36+0200,e2390b4d-8b36-448a-b0e6-27aba52aab7b,2026-05-04T05:30:00Z,2026-05-04T07:30:00+0200,13.62,MW,FR,FR,actual_offshore_wind_generation,Wind Offshore | Actual Aggregated,2026-05-29T22:18:42Z
2026-05-29T22:17:36Z,2026-05-30T00:17:36+0200,e2390b4d-8b36-448a-b0e6-27aba52aab7b,2026-05-04T05:45:00Z,2026-05-04T07:45:00+0200,10.85,MW,FR,FR,actual_offshore_wind_generation,Wind Offshore | Actual Aggregated,2026-05-29T22:18:42Z
2026-05-29T22:17:36Z,2026-05-30T00:17:36+0200,e2390b4d-8b36-448a-b0e6-27aba52aab7b,2026-05-04T06:00:00Z,2026-05-04T08:00:00+0200,15.14,MW,FR,FR,actual_offshore_wind_generation,Wind Offshore | Actual Aggregated,2026-05-29T22:18:42Z
2026-05-29T22:17:36Z,2026-05-30T00:17:36+0200,e2390b4d-8b36-448a-b0e6-27aba52aab7b,2026-05-04T06:15:00Z,2026-05-04T08:15:00+0200,13.69,MW,FR,FR,actual_offshore_wind_generation,Wind Offshore | Actual Aggregated,2026-05-29T22:18:42Z
2026-05-29T22:17:36Z,2026-05-30T00:17:36+0200,e2390b4d-8b36-448a-b0e6-27aba52aab7b,2026-05-04T06:30:00Z,2026-05-04T08:30:00+0200,11.94,MW,FR,FR,actual_offshore_wind_generation,Wind Offshore | Actual Aggregated,2026-05-29T22:18:42Z
2026-05-29T22:17:36Z,2026-05-30T00:17:36+0200,e2390b4d-8b36-448a-b0e6-27aba52aab7b,2026-05-04T06:45:00Z,2026-05-04T08:45:00+0200,14.38,MW,FR,FR,actual_offshore_wind_generation,Wind Offshore | Actual Aggregated,2026-05-29T22:18:42Z
2026-05-29T22:17:36Z,2026-05-30T00:17:36+0200,e2390b4d-8b36-448a-b0e6-27aba52aab7b,2026-05-04T07:00:00Z,2026-05-04T09:00:00+0200,16.17,MW,FR,FR,actual_offshore_wind_generation,Wind Offshore | Actual Aggregated,2026-05-29T22:18:42Z
2026-05-29T22:17:36Z,2026-05-30T00:17:36+0200,e2390b4d-8b36-448a-b0e6-27aba52aab7b,2026-05-04T07:15:00Z,2026-05-04T09:15:00+0200,16.94,MW,FR,FR,actual_offshore_wind_generation,Wind Offshore | Actual Aggregated,2026-05-29T22:18:42Z
2026-05-29T22:17:36Z,2026-05-30T00:17:36+0200,e2390b4d-8b36-448a-b0e6-27aba52aab7b,2026-05-04T07:30:00Z,2026-05-04T09:30:00+0200,16.22,MW,FR,FR,actual_offshore_wind_generation,Wind Offshore | Actual Aggregated,2026-05-29T22:18:42Z
2026-05-29T22:17:36Z,2026-05-30T00:17:36+0200,e2390b4d-8b36-448a-b0e6-27aba52aab7b,2026-05-04T07:45:00Z,2026-05-04T09:45:00+0200,13.43,MW,FR,FR,actual_offshore_wind_generation,Wind Offshore | Actual Aggregated,2026-05-29T22:18:42Z
2026-05-29T22:17:36Z,2026-05-30T00:17:36+0200,e2390b4d-8b36-448a-b0e6-27aba52aab7b,2026-05-04T08:00:00Z,2026-05-04T10:00:00+0200,23.89,MW,FR,FR,actual_offshore_wind_generation,Wind Offshore | Actual Aggregated,2026-05-29T22:18:42Z
2026-05-29T22:17:36Z,2026-05-30T00:17:36+0200,e2390b4d-8b36-448a-b0e6-27aba52aab7b,2026-05-04T08:15:00Z,2026-05-04T10:15:00+0200,33.8,MW,FR,FR,actual_offshore_wind_generation,Wind Offshore | Actual Aggregated,2026-05-29T22:18:42Z
2026-05-29T22:17:36Z,2026-05-30T00:17:36+0200,e2390b4d-8b36-448a-b0e6-27aba52aab7b,2026-05-04T08:30:00Z,2026-05-04T10:30:00+0200,37.76,MW,FR,FR,actual_offshore_wind_generation,Wind Offshore | Actual Aggregated,2026-05-29T22:18:42Z
2026-05-29T22:17:36Z,2026-05-30T00:17:36+0200,e2390b4d-8b36-448a-b0e6-27aba52aab7b,2026-05-04T08:45:00Z,2026-05-04T10:45:00+0200,33.63,MW,FR,FR,actual_offshore_wind_generation,Wind Offshore | Actual Aggregated,2026-05-29T22:18:42Z
2026-05-29T22:17:36Z,2026-05-30T00:17:36+0200,e2390b4d-8b36-448a-b0e6-27aba52aab7b,2026-05-04T09:00:00Z,2026-05-04T11:00:00+0200,32.98,MW,FR,FR,actual_offshore_wind_generation,Wind Offshore | Actual Aggregated,2026-05-29T22:18:42Z
2026-05-29T22:17:36Z,2026-05-30T00:17:36+0200,e2390b4d-8b36-448a-b0e6-27aba52aab7b,2026-05-04T09:15:00Z,2026-05-04T11:15:00+0200,31.03,MW,FR,FR,actual_offshore_wind_generation,Wind Offshore | Actual Aggregated,2026-05-29T22:18:42Z
2026-05-29T22:17:36Z,2026-05-30T00:17:36+0200,e2390b4d-8b36-448a-b0e6-27aba52aab7b,2026-05-04T09:30:00Z,2026-05-04T11:30:00+0200,38.93,MW,FR,FR,actual_offshore_wind_generation,Wind Offshore | Actual Aggregated,2026-05-29T22:18:42Z
2026-05-29T22:17:36Z,2026-05-30T00:17:36+0200,e2390b4d-8b36-448a-b0e6-27aba52aab7b,2026-05-04T09:45:00Z,2026-05-04T11:45:00+0200,38.77,MW,FR,FR,actual_offshore_wind_generation,Wind Offshore | Actual Aggregated,2026-05-29T22:18:42Z
2026-05-29T22:17:36Z,2026-05-30T00:17:36+0200,e2390b4d-8b36-448a-b0e6-27aba52aab7b,2026-05-04T10:00:00Z,2026-05-04T12:00:00+0200,37.18,MW,FR,FR,actual_offshore_wind_generation,Wind Offshore | Actual Aggregated,2026-05-29T22:18:42Z
2026-05-29T22:17:36Z,2026-05-30T00:17:36+0200,e2390b4d-8b36-448a-b0e6-27aba52aab7b,2026-05-04T10:15:00Z,2026-05-04T12:15:00+0200,40.44,MW,FR,FR,actual_offshore_wind_generation,Wind Offshore | Actual Aggregated,2026-05-29T22:18:42Z
2026-05-29T22:17:36Z,2026-05-30T00:17:36+0200,e2390b4d-8b36-448a-b0e6-27aba52aab7b,2026-05-04T10:30:00Z,2026-05-04T12:30:00+0200,37.26,MW,FR,FR,actual_offshore_wind_generation,Wind Offshore | Actual Aggregated,2026-05-29T22:18:42Z
2026-05-29T22:17:36Z,2026-05-30T00:17:36+0200,e2390b4d-8b36-448a-b0e6-27aba52aab7b,2026-05-04T10:45:00Z,2026-05-04T12:45:00+0200,35.57,MW,FR,FR,actual_offshore_wind_generation,Wind Offshore | Actual Aggregated,2026-05-29T22:18:42Z
2026-05-29T22:17:36Z,2026-05-30T00:17:36+0200,e2390b4d-8b36-448a-b0e6-27aba52aab7b,2026-05-04T11:00:00Z,2026-05-04T13:00:00+0200,28.59,MW,FR,FR,actual_offshore_wind_generation,Wind Offshore | Actual Aggregated,2026-05-29T22:18:42Z
2026-05-29T22:17:36Z,2026-05-30T00:17:36+0200,e2390b4d-8b36-448a-b0e6-27aba52aab7b,2026-05-04T11:15:00Z,2026-05-04T13:15:00+0200,21.53,MW,FR,FR,actual_offshore_wind_generation,Wind Offshore | Actual Aggregated,2026-05-29T22:18:42Z
2026-05-29T22:17:36Z,2026-05-30T00:17:36+0200,e2390b4d-8b36-448a-b0e6-27aba52aab7b,2026-05-04T11:30:00Z,2026-05-04T13:30:00+0200,23.64,MW,FR,FR,actual_offshore_wind_generation,Wind Offshore | Actual Aggregated,2026-05-29T22:18:42Z
2026-05-29T22:17:36Z,2026-05-30T00:17:36+0200,e2390b4d-8b36-448a-b0e6-27aba52aab7b,2026-05-04T11:45:00Z,2026-05-04T13:45:00+0200,26.06,MW,FR,FR,actual_offshore_wind_generation,Wind Offshore | Actual Aggregated,2026-05-29T22:18:42Z
2026-05-29T22:17:36Z,2026-05-30T00:17:36+0200,e2390b4d-8b36-448a-b0e6-27aba52aab7b,2026-05-04T12:00:00Z,2026-05-04T14:00:00+0200,27.47,MW,FR,FR,actual_offshore_wind_generation,Wind Offshore | Actual Aggregated,2026-05-29T22:18:42Z
2026-05-29T22:17:36Z,2026-05-30T00:17:36+0200,e2390b4d-8b36-448a-b0e6-27aba52aab7b,2026-05-04T12:15:00Z,2026-05-04T14:15:00+0200,29.45,MW,FR,FR,actual_offshore_wind_generation,Wind Offshore | Actual Aggregated,2026-05-29T22:18:42Z
2026-05-29T22:17:36Z,2026-05-30T00:17:36+0200,e2390b4d-8b36-448a-b0e6-27aba52aab7b,2026-05-04T12:30:00Z,2026-05-04T14:30:00+0200,28.27,MW,FR,FR,actual_offshore_wind_generation,Wind Offshore | Actual Aggregated,2026-05-29T22:18:42Z
2026-05-29T22:17:36Z,2026-05-30T00:17:36+0200,e2390b4d-8b36-448a-b0e6-27aba52aab7b,2026-05-04T12:45:00Z,2026-05-04T14:45:00+0200,20.35,MW,FR,FR,actual_offshore_wind_generation,Wind Offshore | Actual Aggregated,2026-05-29T22:18:42Z
2026-05-29T22:17:36Z,2026-05-30T00:17:36+0200,e2390b4d-8b36-448a-b0e6-27aba52aab7b,2026-05-04T13:00:00Z,2026-05-04T15:00:00+0200,12.07,MW,FR,FR,actual_offshore_wind_generation,Wind Offshore | Actual Aggregated,2026-05-29T22:18:42Z
2026-05-29T22:17:36Z,2026-05-30T00:17:36+0200,e2390b4d-8b36-448a-b0e6-27aba52aab7b,2026-05-04T13:15:00Z,2026-05-04T15:15:00+0200,22.99,MW,FR,FR,actual_offshore_wind_generation,Wind Offshore | Actual Aggregated,2026-05-29T22:18:42Z
2026-05-29T22:17:36Z,2026-05-30T00:17:36+0200,e2390b4d-8b36-448a-b0e6-27aba52aab7b,2026-05-04T13:30:00Z,2026-05-04T15:30:00+0200,38.22,MW,FR,FR,actual_offshore_wind_generation,Wind Offshore | Actual Aggregated,2026-05-29T22:18:42Z
2026-05-29T22:17:36Z,2026-05-30T00:17:36+0200,e2390b4d-8b36-448a-b0e6-27aba52aab7b,2026-05-04T13:45:00Z,2026-05-04T15:45:00+0200,44.92,MW,FR,FR,actual_offshore_wind_generation,Wind Offshore | Actual Aggregated,2026-05-29T22:18:42Z
2026-05-29T22:17:36Z,2026-05-30T00:17:36+0200,e2390b4d-8b36-448a-b0e6-27aba52aab7b,2026-05-04T14:00:00Z,2026-05-04T16:00:00+0200,44.66,MW,FR,FR,actual_offshore_wind_generation,Wind Offshore | Actual Aggregated,2026-05-29T22:18:42Z
2026-05-29T22:17:36Z,2026-05-30T00:17:36+0200,e2390b4d-8b36-448a-b0e6-27aba52aab7b,2026-05-04T14:15:00Z,2026-05-04T16:15:00+0200,58.24,MW,FR,FR,actual_offshore_wind_generation,Wind Offshore | Actual Aggregated,2026-05-29T22:18:42Z
2026-05-29T22:17:36Z,2026-05-30T00:17:36+0200,e2390b4d-8b36-448a-b0e6-27aba52aab7b,2026-05-04T14:30:00Z,2026-05-04T16:30:00+0200,78.5,MW,FR,FR,actual_offshore_wind_generation,Wind Offshore | Actual Aggregated,2026-05-29T22:18:42Z
2026-05-29T22:17:36Z,2026-05-30T00:17:36+0200,e2390b4d-8b36-448a-b0e6-27aba52aab7b,2026-05-04T14:45:00Z,2026-05-04T16:45:00+0200,80.41,MW,FR,FR,actual_offshore_wind_generation,Wind Offshore | Actual Aggregated,2026-05-29T22:18:42Z
2026-05-29T22:17:36Z,2026-05-30T00:17:36+0200,e2390b4d-8b36-448a-b0e6-27aba52aab7b,2026-05-04T15:00:00Z,2026-05-04T17:00:00+0200,91.67,MW,FR,FR,actual_offshore_wind_generation,Wind Offshore | Actual Aggregated,2026-05-29T22:18:42Z
2026-05-29T22:17:36Z,2026-05-30T00:17:36+0200,e2390b4d-8b36-448a-b0e6-27aba52aab7b,2026-05-04T15:15:00Z,2026-05-04T17:15:00+0200,114.39,MW,FR,FR,actual_offshore_wind_generation,Wind Offshore | Actual Aggregated,2026-05-29T22:18:42Z
2026-05-29T22:17:36Z,2026-05-30T00:17:36+0200,e2390b4d-8b36-448a-b0e6-27aba52aab7b,2026-05-04T15:30:00Z,2026-05-04T17:30:00+0200,137.47,MW,FR,FR,actual_offshore_wind_generation,Wind Offshore | Actual Aggregated,2026-05-29T22:18:42Z
2026-05-29T22:17:36Z,2026-05-30T00:17:36+0200,e2390b4d-8b36-448a-b0e6-27aba52aab7b,2026-05-04T15:45:00Z,2026-05-04T17:45:00+0200,170.0,MW,FR,FR,actual_offshore_wind_generation,Wind Offshore | Actual Aggregated,2026-05-29T22:18:42Z
2026-05-29T22:17:36Z,2026-05-30T00:17:36+0200,e2390b4d-8b36-448a-b0e6-27aba52aab7b,2026-05-04T16:00:00Z,2026-05-04T18:00:00+0200,180.09,MW,FR,FR,actual_offshore_wind_generation,Wind Offshore | Actual Aggregated,2026-05-29T22:18:42Z
2026-05-29T22:17:36Z,2026-05-30T00:17:36+0200,e2390b4d-8b36-448a-b0e6-27aba52aab7b,2026-05-04T16:15:00Z,2026-05-04T18:15:00+0200,197.43,MW,FR,FR,actual_offshore_wind_generation,Wind Offshore | Actual Aggregated,2026-05-29T22:18:42Z
2026-05-29T22:17:36Z,2026-05-30T00:17:36+0200,e2390b4d-8b36-448a-b0e6-27aba52aab7b,2026-05-04T16:30:00Z,2026-05-04T18:30:00+0200,218.71,MW,FR,FR,actual_offshore_wind_generation,Wind Offshore | Actual Aggregated,2026-05-29T22:18:42Z
2026-05-29T22:17:36Z,2026-05-30T00:17:36+0200,e2390b4d-8b36-448a-b0e6-27aba52aab7b,2026-05-04T16:45:00Z,2026-05-04T18:45:00+0200,231.67,MW,FR,FR,actual_offshore_wind_generation,Wind Offshore | Actual Aggregated,2026-05-29T22:18:42Z
2026-05-29T22:17:36Z,2026-05-30T00:17:36+0200,e2390b4d-8b36-448a-b0e6-27aba52aab7b,2026-05-04T17:00:00Z,2026-05-04T19:00:00+0200,258.33,MW,FR,FR,actual_offshore_wind_generation,Wind Offshore | Actual Aggregated,2026-05-29T22:18:42Z
2026-05-29T22:17:36Z,2026-05-30T00:17:36+0200,e2390b4d-8b36-448a-b0e6-27aba52aab7b,2026-05-04T17:15:00Z,2026-05-04T19:15:00+0200,299.69,MW,FR,FR,actual_offshore_wind_generation,Wind Offshore | Actual Aggregated,2026-05-29T22:18:42Z
2026-05-29T22:17:36Z,2026-05-30T00:17:36+0200,e2390b4d-8b36-448a-b0e6-27aba52aab7b,2026-05-04T17:30:00Z,2026-05-04T19:30:00+0200,327.92,MW,FR,FR,actual_offshore_wind_generation,Wind Offshore | Actual Aggregated,2026-05-29T22:18:42Z
2026-05-29T22:17:36Z,2026-05-30T00:17:36+0200,e2390b4d-8b36-448a-b0e6-27aba52aab7b,2026-05-04T17:45:00Z,2026-05-04T19:45:00+0200,333.33,MW,FR,FR,actual_offshore_wind_generation,Wind Offshore | Actual Aggregated,2026-05-29T22:18:42Z
2026-05-29T22:17:36Z,2026-05-30T00:17:36+0200,e2390b4d-8b36-448a-b0e6-27aba52aab7b,2026-05-04T18:00:00Z,2026-05-04T20:00:00+0200,320.14,MW,FR,FR,actual_offshore_wind_generation,Wind Offshore | Actual Aggregated,2026-05-29T22:18:42Z
2026-05-29T22:17:36Z,2026-05-30T00:17:36+0200,e2390b4d-8b36-448a-b0e6-27aba52aab7b,2026-05-04T18:15:00Z,2026-05-04T20:15:00+0200,293.0,MW,FR,FR,actual_offshore_wind_generation,Wind Offshore | Actual Aggregated,2026-05-29T22:18:42Z
2026-05-29T22:17:36Z,2026-05-30T00:17:36+0200,e2390b4d-8b36-448a-b0e6-27aba52aab7b,2026-05-04T18:30:00Z,2026-05-04T20:30:00+0200,285.0,MW,FR,FR,actual_offshore_wind_generation,Wind Offshore | Actual Aggregated,2026-05-29T22:18:42Z
2026-05-29T22:17:36Z,2026-05-30T00:17:36+0200,e2390b4d-8b36-448a-b0e6-27aba52aab7b,2026-05-04T18:45:00Z,2026-05-04T20:45:00+0200,310.96,MW,FR,FR,actual_offshore_wind_generation,Wind Offshore | Actual Aggregated,2026-05-29T22:18:42Z
2026-05-29T22:17:36Z,2026-05-30T00:17:36+0200,e2390b4d-8b36-448a-b0e6-27aba52aab7b,2026-05-04T19:00:00Z,2026-05-04T21:00:00+0200,344.45,MW,FR,FR,actual_offshore_wind_generation,Wind Offshore | Actual Aggregated,2026-05-29T22:18:42Z
2026-05-29T22:17:36Z,2026-05-30T00:17:36+0200,e2390b4d-8b36-448a-b0e6-27aba52aab7b,2026-05-04T19:15:00Z,2026-05-04T21:15:00+0200,362.48,MW,FR,FR,actual_offshore_wind_generation,Wind Offshore | Actual Aggregated,2026-05-29T22:18:42Z
2026-05-29T22:17:36Z,2026-05-30T00:17:36+0200,e2390b4d-8b36-448a-b0e6-27aba52aab7b,2026-05-04T19:30:00Z,2026-05-04T21:30:00+0200,360.22,MW,FR,FR,actual_offshore_wind_generation,Wind Offshore | Actual Aggregated,2026-05-29T22:18:42Z
2026-05-29T22:17:36Z,2026-05-30T00:17:36+0200,e2390b4d-8b36-448a-b0e6-27aba52aab7b,2026-05-04T19:45:00Z,2026-05-04T21:45:00+0200,364.48,MW,FR,FR,actual_offshore_wind_generation,Wind Offshore | Actual Aggregated,2026-05-29T22:18:42Z
2026-05-29T22:17:36Z,2026-05-30T00:17:36+0200,e2390b4d-8b36-448a-b0e6-27aba52aab7b,2026-05-04T20:00:00Z,2026-05-04T22:00:00+0200,359.31,MW,FR,FR,actual_offshore_wind_generation,Wind Offshore | Actual Aggregated,2026-05-29T22:18:42Z
2026-05-29T22:17:36Z,2026-05-30T00:17:36+0200,e2390b4d-8b36-448a-b0e6-27aba52aab7b,2026-05-04T20:15:00Z,2026-05-04T22:15:00+0200,342.86,MW,FR,FR,actual_offshore_wind_generation,Wind Offshore | Actual Aggregated,2026-05-29T22:18:42Z
2026-05-29T22:17:36Z,2026-05-30T00:17:36+0200,e2390b4d-8b36-448a-b0e6-27aba52aab7b,2026-05-04T20:30:00Z,2026-05-04T22:30:00+0200,335.31,MW,FR,FR,actual_offshore_wind_generation,Wind Offshore | Actual Aggregated,2026-05-29T22:18:42Z
2026-05-29T22:17:36Z,2026-05-30T00:17:36+0200,e2390b4d-8b36-448a-b0e6-27aba52aab7b,2026-05-04T20:45:00Z,2026-05-04T22:45:00+0200,360.66,MW,FR,FR,actual_offshore_wind_generation,Wind Offshore | Actual Aggregated,2026-05-29T22:18:42Z
2026-05-29T22:17:36Z,2026-05-30T00:17:36+0200,e2390b4d-8b36-448a-b0e6-27aba52aab7b,2026-05-04T21:00:00Z,2026-05-04T23:00:00+0200,380.93,MW,FR,FR,actual_offshore_wind_generation,Wind Offshore | Actual Aggregated,2026-05-29T22:18:42Z
2026-05-29T22:17:36Z,2026-05-30T00:17:36+0200,e2390b4d-8b36-448a-b0e6-27aba52aab7b,2026-05-04T21:15:00Z,2026-05-04T23:15:00+0200,370.33,MW,FR,FR,actual_offshore_wind_generation,Wind Offshore | Actual Aggregated,2026-05-29T22:18:42Z
2026-05-29T22:17:36Z,2026-05-30T00:17:36+0200,e2390b4d-8b36-448a-b0e6-27aba52aab7b,2026-05-04T21:30:00Z,2026-05-04T23:30:00+0200,351.6,MW,FR,FR,actual_offshore_wind_generation,Wind Offshore | Actual Aggregated,2026-05-29T22:18:42Z
2026-05-29T22:17:36Z,2026-05-30T00:17:36+0200,e2390b4d-8b36-448a-b0e6-27aba52aab7b,2026-05-04T21:45:00Z,2026-05-04T23:45:00+0200,362.42,MW,FR,FR,actual_offshore_wind_generation,Wind Offshore | Actual Aggregated,2026-05-29T22:18:42Z
2026-05-29T22:17:36Z,2026-05-30T00:17:36+0200,e2390b4d-8b36-448a-b0e6-27aba52aab7b,2026-05-04T22:00:00Z,2026-05-05T00:00:00+0200,362.86,MW,FR,FR,actual_offshore_wind_generation,Wind Offshore | Actual Aggregated,2026-05-29T22:18:42Z
2026-05-29T22:17:36Z,2026-05-30T00:17:36+0200,e2390b4d-8b36-448a-b0e6-27aba52aab7b,2026-05-04T22:15:00Z,2026-05-05T00:15:00+0200,421.67,MW,FR,FR,actual_offshore_wind_generation,Wind Offshore | Actual Aggregated,2026-05-29T22:18:42Z
2026-05-29T22:17:36Z,2026-05-30T00:17:36+0200,e2390b4d-8b36-448a-b0e6-27aba52aab7b,2026-05-04T22:30:00Z,2026-05-05T00:30:00+0200,456.91,MW,FR,FR,actual_offshore_wind_generation,Wind Offshore | Actual Aggregated,2026-05-29T22:18:42Z
2026-05-29T22:17:36Z,2026-05-30T00:17:36+0200,e2390b4d-8b36-448a-b0e6-27aba52aab7b,2026-05-04T22:45:00Z,2026-05-05T00:45:00+0200,438.64,MW,FR,FR,actual_offshore_wind_generation,Wind Offshore | Actual Aggregated,2026-05-29T22:18:42Z
2026-05-29T22:17:36Z,2026-05-30T00:17:36+0200,e2390b4d-8b36-448a-b0e6-27aba52aab7b,2026-05-04T23:00:00Z,2026-05-05T01:00:00+0200,415.04,MW,FR,FR,actual_offshore_wind_generation,Wind Offshore | Actual Aggregated,2026-05-29T22:18:42Z
2026-05-29T22:17:36Z,2026-05-30T00:17:36+0200,e2390b4d-8b36-448a-b0e6-27aba52aab7b,2026-05-04T23:15:00Z,2026-05-05T01:15:00+0200,369.11,MW,FR,FR,actual_offshore_wind_generation,Wind Offshore | Actual Aggregated,2026-05-29T22:18:42Z
2026-05-29T22:17:36Z,2026-05-30T00:17:36+0200,e2390b4d-8b36-448a-b0e6-27aba52aab7b,2026-05-04T23:30:00Z,2026-05-05T01:30:00+0200,338.08,MW,FR,FR,actual_offshore_wind_generation,Wind Offshore | Actual Aggregated,2026-05-29T22:18:42Z
2026-05-29T22:17:36Z,2026-05-30T00:17:36+0200,e2390b4d-8b36-448a-b0e6-27aba52aab7b,2026-05-04T23:45:00Z,2026-05-05T01:45:00+0200,350.83,MW,FR,FR,actual_offshore_wind_generation,Wind Offshore | Actual Aggregated,2026-05-29T22:18:42Z
2026-05-29T22:17:36Z,2026-05-30T00:17:36+0200,e2390b4d-8b36-448a-b0e6-27aba52aab7b,2026-05-05T00:00:00Z,2026-05-05T02:00:00+0200,364.49,MW,FR,FR,actual_offshore_wind_generation,Wind Offshore | Actual Aggregated,2026-05-29T22:18:42Z
2026-05-29T22:17:36Z,2026-05-30T00:17:36+0200,e2390b4d-8b36-448a-b0e6-27aba52aab7b,2026-05-05T00:15:00Z,2026-05-05T02:15:00+0200,362.79,MW,FR,FR,actual_offshore_wind_generation,Wind Offshore | Actual Aggregated,2026-05-29T22:18:42Z
2026-05-29T22:17:36Z,2026-05-30T00:17:36+0200,e2390b4d-8b36-448a-b0e6-27aba52aab7b,2026-05-05T00:30:00Z,2026-05-05T02:30:00+0200,403.68,MW,FR,FR,actual_offshore_wind_generation,Wind Offshore | Actual Aggregated,2026-05-29T22:18:42Z
2026-05-29T22:17:36Z,2026-05-30T00:17:36+0200,e2390b4d-8b36-448a-b0e6-27aba52aab7b,2026-05-05T00:45:00Z,2026-05-05T02:45:00+0200,472.75,MW,FR,FR,actual_offshore_wind_generation,Wind Offshore | Actual Aggregated,2026-05-29T22:18:42Z
2026-05-29T22:17:36Z,2026-05-30T00:17:36+0200,e2390b4d-8b36-448a-b0e6-27aba52aab7b,2026-05-05T01:00:00Z,2026-05-05T03:00:00+0200,524.91,MW,FR,FR,actual_offshore_wind_generation,Wind Offshore | Actual Aggregated,2026-05-29T22:18:42Z
2026-05-29T22:17:36Z,2026-05-30T00:17:36+0200,e2390b4d-8b36-448a-b0e6-27aba52aab7b,2026-05-05T01:15:00Z,2026-05-05T03:15:00+0200,551.92,MW,FR,FR,actual_offshore_wind_generation,Wind Offshore | Actual Aggregated,2026-05-29T22:18:42Z
2026-05-29T22:17:36Z,2026-05-30T00:17:36+0200,e2390b4d-8b36-448a-b0e6-27aba52aab7b,2026-05-05T01:30:00Z,2026-05-05T03:30:00+0200,562.59,MW,FR,FR,actual_offshore_wind_generation,Wind Offshore | Actual Aggregated,2026-05-29T22:18:42Z
2026-05-29T22:17:36Z,2026-05-30T00:17:36+0200,e2390b4d-8b36-448a-b0e6-27aba52aab7b,2026-05-05T01:45:00Z,2026-05-05T03:45:00+0200,543.43,MW,FR,FR,actual_offshore_wind_generation,Wind Offshore | Actual Aggregated,2026-05-29T22:18:42Z
2026-05-29T22:17:36Z,2026-05-30T00:17:36+0200,e2390b4d-8b36-448a-b0e6-27aba52aab7b,2026-05-05T02:00:00Z,2026-05-05T04:00:00+0200,558.94,MW,FR,FR,actual_offshore_wind_generation,Wind Offshore | Actual Aggregated,2026-05-29T22:18:42Z
2026-05-29T22:17:36Z,2026-05-30T00:17:36+0200,e2390b4d-8b36-448a-b0e6-27aba52aab7b,2026-05-05T02:15:00Z,2026-05-05T04:15:00+0200,537.0,MW,FR,FR,actual_offshore_wind_generation,Wind Offshore | Actual Aggregated,2026-05-29T22:18:42Z
2026-05-29T22:17:36Z,2026-05-30T00:17:36+0200,e2390b4d-8b36-448a-b0e6-27aba52aab7b,2026-05-05T02:30:00Z,2026-05-05T04:30:00+0200,552.37,MW,FR,FR,actual_offshore_wind_generation,Wind Offshore | Actual Aggregated,2026-05-29T22:18:42Z
2026-05-29T22:17:36Z,2026-05-30T00:17:36+0200,e2390b4d-8b36-448a-b0e6-27aba52aab7b,2026-05-05T02:45:00Z,2026-05-05T04:45:00+0200,575.53,MW,FR,FR,actual_offshore_wind_generation,Wind Offshore | Actual Aggregated,2026-05-29T22:18:42Z
2026-05-29T22:17:36Z,2026-05-30T00:17:36+0200,e2390b4d-8b36-448a-b0e6-27aba52aab7b,2026-05-05T03:00:00Z,2026-05-05T05:00:00+0200,527.68,MW,FR,FR,actual_offshore_wind_generation,Wind Offshore | Actual Aggregated,2026-05-29T22:18:42Z
2026-05-29T22:17:36Z,2026-05-30T00:17:36+0200,e2390b4d-8b36-448a-b0e6-27aba52aab7b,2026-05-05T03:15:00Z,2026-05-05T05:15:00+0200,518.43,MW,FR,FR,actual_offshore_wind_generation,Wind Offshore | Actual Aggregated,2026-05-29T22:18:42Z
2026-05-29T22:17:36Z,2026-05-30T00:17:36+0200,e2390b4d-8b36-448a-b0e6-27aba52aab7b,2026-05-05T03:30:00Z,2026-05-05T05:30:00+0200,466.94,MW,FR,FR,actual_offshore_wind_generation,Wind Offshore | Actual Aggregated,2026-05-29T22:18:42Z
2026-05-29T22:17:36Z,2026-05-30T00:17:36+0200,e2390b4d-8b36-448a-b0e6-27aba52aab7b,2026-05-05T03:45:00Z,2026-05-05T05:45:00+0200,491.04,MW,FR,FR,actual_offshore_wind_generation,Wind Offshore | Actual Aggregated,2026-05-29T22:18:42Z
2026-05-29T22:17:36Z,2026-05-30T00:17:36+0200,e2390b4d-8b36-448a-b0e6-27aba52aab7b,2026-05-05T04:00:00Z,2026-05-05T06:00:00+0200,516.01,MW,FR,FR,actual_offshore_wind_generation,Wind Offshore | Actual Aggregated,2026-05-29T22:18:42Z
2026-05-29T22:17:36Z,2026-05-30T00:17:36+0200,e2390b4d-8b36-448a-b0e6-27aba52aab7b,2026-05-05T04:15:00Z,2026-05-05T06:15:00+0200,519.01,MW,FR,FR,actual_offshore_wind_generation,Wind Offshore | Actual Aggregated,2026-05-29T22:18:42Z
2026-05-29T22:17:36Z,2026-05-30T00:17:36+0200,e2390b4d-8b36-448a-b0e6-27aba52aab7b,2026-05-05T04:30:00Z,2026-05-05T06:30:00+0200,493.84,MW,FR,FR,actual_offshore_wind_generation,Wind Offshore | Actual Aggregated,2026-05-29T22:18:42Z
2026-05-29T22:17:36Z,2026-05-30T00:17:36+0200,e2390b4d-8b36-448a-b0e6-27aba52aab7b,2026-05-05T04:45:00Z,2026-05-05T06:45:00+0200,489.08,MW,FR,FR,actual_offshore_wind_generation,Wind Offshore | Actual Aggregated,2026-05-29T22:18:42Z
2026-05-29T22:17:36Z,2026-05-30T00:17:36+0200,e2390b4d-8b36-448a-b0e6-27aba52aab7b,2026-05-05T05:00:00Z,2026-05-05T07:00:00+0200,450.49,MW,FR,FR,actual_offshore_wind_generation,Wind Offshore | Actual Aggregated,2026-05-29T22:18:42Z
2026-05-29T22:17:36Z,2026-05-30T00:17:36+0200,e2390b4d-8b36-448a-b0e6-27aba52aab7b,2026-05-05T05:15:00Z,2026-05-05T07:15:00+0200,459.8,MW,FR,FR,actual_offshore_wind_generation,Wind Offshore | Actual Aggregated,2026-05-29T22:18:42Z
2026-05-29T22:17:36Z,2026-05-30T00:17:36+0200,e2390b4d-8b36-448a-b0e6-27aba52aab7b,2026-05-05T05:30:00Z,2026-05-05T07:30:00+0200,429.82,MW,FR,FR,actual_offshore_wind_generation,Wind Offshore | Actual Aggregated,2026-05-29T22:18:42Z
2026-05-29T22:17:36Z,2026-05-30T00:17:36+0200,e2390b4d-8b36-448a-b0e6-27aba52aab7b,2026-05-05T05:45:00Z,2026-05-05T07:45:00+0200,413.49,MW,FR,FR,actual_offshore_wind_generation,Wind Offshore | Actual Aggregated,2026-05-29T22:18:42Z
2026-05-29T22:17:36Z,2026-05-30T00:17:36+0200,e2390b4d-8b36-448a-b0e6-27aba52aab7b,2026-05-05T06:00:00Z,2026-05-05T08:00:00+0200,458.83,MW,FR,FR,actual_offshore_wind_generation,Wind Offshore | Actual Aggregated,2026-05-29T22:18:42Z
2026-05-29T22:17:36Z,2026-05-30T00:17:36+0200,e2390b4d-8b36-448a-b0e6-27aba52aab7b,2026-05-05T06:15:00Z,2026-05-05T08:15:00+0200,463.93,MW,FR,FR,actual_offshore_wind_generation,Wind Offshore | Actual Aggregated,2026-05-29T22:18:42Z
2026-05-29T22:17:36Z,2026-05-30T00:17:36+0200,e2390b4d-8b36-448a-b0e6-27aba52aab7b,2026-05-05T06:30:00Z,2026-05-05T08:30:00+0200,455.08,MW,FR,FR,actual_offshore_wind_generation,Wind Offshore | Actual Aggregated,2026-05-29T22:18:42Z
2026-05-29T22:17:36Z,2026-05-30T00:17:36+0200,e2390b4d-8b36-448a-b0e6-27aba52aab7b,2026-05-05T06:45:00Z,2026-05-05T08:45:00+0200,456.89,MW,FR,FR,actual_offshore_wind_generation,Wind Offshore | Actual Aggregated,2026-05-29T22:18:42Z
2026-05-29T22:17:36Z,2026-05-30T00:17:36+0200,e2390b4d-8b36-448a-b0e6-27aba52aab7b,2026-05-05T07:00:00Z,2026-05-05T09:00:00+0200,451.32,MW,FR,FR,actual_offshore_wind_generation,Wind Offshore | Actual Aggregated,2026-05-29T22:18:42Z
2026-05-29T22:17:36Z,2026-05-30T00:17:36+0200,e2390b4d-8b36-448a-b0e6-27aba52aab7b,2026-05-05T07:15:00Z,2026-05-05T09:15:00+0200,474.86,MW,FR,FR,actual_offshore_wind_generation,Wind Offshore | Actual Aggregated,2026-05-29T22:18:42Z
2026-05-29T22:17:36Z,2026-05-30T00:17:36+0200,e2390b4d-8b36-448a-b0e6-27aba52aab7b,2026-05-05T07:30:00Z,2026-05-05T09:30:00+0200,518.4,MW,FR,FR,actual_offshore_wind_generation,Wind Offshore | Actual Aggregated,2026-05-29T22:18:42Z
2026-05-29T22:17:36Z,2026-05-30T00:17:36+0200,e2390b4d-8b36-448a-b0e6-27aba52aab7b,2026-05-05T07:45:00Z,2026-05-05T09:45:00+0200,513.61,MW,FR,FR,actual_offshore_wind_generation,Wind Offshore | Actual Aggregated,2026-05-29T22:18:42Z
2026-05-29T22:17:36Z,2026-05-30T00:17:36+0200,e2390b4d-8b36-448a-b0e6-27aba52aab7b,2026-05-05T08:00:00Z,2026-05-05T10:00:00+0200,483.65,MW,FR,FR,actual_offshore_wind_generation,Wind Offshore | Actual Aggregated,2026-05-29T22:18:42Z
2026-05-29T22:17:36Z,2026-05-30T00:17:36+0200,e2390b4d-8b36-448a-b0e6-27aba52aab7b,2026-05-05T08:15:00Z,2026-05-05T10:15:00+0200,489.83,MW,FR,FR,actual_offshore_wind_generation,Wind Offshore | Actual Aggregated,2026-05-29T22:18:42Z
2026-05-29T22:17:36Z,2026-05-30T00:17:36+0200,e2390b4d-8b36-448a-b0e6-27aba52aab7b,2026-05-05T08:30:00Z,2026-05-05T10:30:00+0200,482.94,MW,FR,FR,actual_offshore_wind_generation,Wind Offshore | Actual Aggregated,2026-05-29T22:18:42Z
2026-05-29T22:17:36Z,2026-05-30T00:17:36+0200,e2390b4d-8b36-448a-b0e6-27aba52aab7b,2026-05-05T08:45:00Z,2026-05-05T10:45:00+0200,508.19,MW,FR,FR,actual_offshore_wind_generation,Wind Offshore | Actual Aggregated,2026-05-29T22:18:42Z
2026-05-29T22:17:36Z,2026-05-30T00:17:36+0200,e2390b4d-8b36-448a-b0e6-27aba52aab7b,2026-05-05T09:00:00Z,2026-05-05T11:00:00+0200,534.95,MW,FR,FR,actual_offshore_wind_generation,Wind Offshore | Actual Aggregated,2026-05-29T22:18:42Z
2026-05-29T22:17:36Z,2026-05-30T00:17:36+0200,e2390b4d-8b36-448a-b0e6-27aba52aab7b,2026-05-05T09:15:00Z,2026-05-05T11:15:00+0200,525.39,MW,FR,FR,actual_offshore_wind_generation,Wind Offshore | Actual Aggregated,2026-05-29T22:18:42Z
2026-05-29T22:17:36Z,2026-05-30T00:17:36+0200,e2390b4d-8b36-448a-b0e6-27aba52aab7b,2026-05-05T09:30:00Z,2026-05-05T11:30:00+0200,533.06,MW,FR,FR,actual_offshore_wind_generation,Wind Offshore | Actual Aggregated,2026-05-29T22:18:42Z
2026-05-29T22:17:36Z,2026-05-30T00:17:36+0200,e2390b4d-8b36-448a-b0e6-27aba52aab7b,2026-05-05T09:45:00Z,2026-05-05T11:45:00+0200,544.5,MW,FR,FR,actual_offshore_wind_generation,Wind Offshore | Actual Aggregated,2026-05-29T22:18:42Z
2026-05-29T22:17:36Z,2026-05-30T00:17:36+0200,e2390b4d-8b36-448a-b0e6-27aba52aab7b,2026-05-05T10:00:00Z,2026-05-05T12:00:00+0200,568.71,MW,FR,FR,actual_offshore_wind_generation,Wind Offshore | Actual Aggregated,2026-05-29T22:18:42Z
2026-05-29T22:17:36Z,2026-05-30T00:17:36+0200,e2390b4d-8b36-448a-b0e6-27aba52aab7b,2026-05-05T10:15:00Z,2026-05-05T12:15:00+0200,532.85,MW,FR,FR,actual_offshore_wind_generation,Wind Offshore | Actual Aggregated,2026-05-29T22:18:42Z
2026-05-29T22:17:36Z,2026-05-30T00:17:36+0200,e2390b4d-8b36-448a-b0e6-27aba52aab7b,2026-05-05T10:30:00Z,2026-05-05T12:30:00+0200,529.96,MW,FR,FR,actual_offshore_wind_generation,Wind Offshore | Actual Aggregated,2026-05-29T22:18:42Z
2026-05-29T22:17:36Z,2026-05-30T00:17:36+0200,e2390b4d-8b36-448a-b0e6-27aba52aab7b,2026-05-05T10:45:00Z,2026-05-05T12:45:00+0200,535.91,MW,FR,FR,actual_offshore_wind_generation,Wind Offshore | Actual Aggregated,2026-05-29T22:18:42Z
2026-05-29T22:17:36Z,2026-05-30T00:17:36+0200,e2390b4d-8b36-448a-b0e6-27aba52aab7b,2026-05-05T11:00:00Z,2026-05-05T13:00:00+0200,544.85,MW,FR,FR,actual_offshore_wind_generation,Wind Offshore | Actual Aggregated,2026-05-29T22:18:42Z
2026-05-29T22:17:36Z,2026-05-30T00:17:36+0200,e2390b4d-8b36-448a-b0e6-27aba52aab7b,2026-05-05T11:15:00Z,2026-05-05T13:15:00+0200,552.16,MW,FR,FR,actual_offshore_wind_generation,Wind Offshore | Actual Aggregated,2026-05-29T22:18:42Z
2026-05-29T22:17:36Z,2026-05-30T00:17:36+0200,e2390b4d-8b36-448a-b0e6-27aba52aab7b,2026-05-05T11:30:00Z,2026-05-05T13:30:00+0200,528.33,MW,FR,FR,actual_offshore_wind_generation,Wind Offshore | Actual Aggregated,2026-05-29T22:18:42Z
2026-05-29T22:17:36Z,2026-05-30T00:17:36+0200,e2390b4d-8b36-448a-b0e6-27aba52aab7b,2026-05-05T11:45:00Z,2026-05-05T13:45:00+0200,519.61,MW,FR,FR,actual_offshore_wind_generation,Wind Offshore | Actual Aggregated,2026-05-29T22:18:42Z
2026-05-29T22:17:36Z,2026-05-30T00:17:36+0200,e2390b4d-8b36-448a-b0e6-27aba52aab7b,2026-05-05T12:00:00Z,2026-05-05T14:00:00+0200,512.37,MW,FR,FR,actual_offshore_wind_generation,Wind Offshore | Actual Aggregated,2026-05-29T22:18:42Z
2026-05-29T22:17:36Z,2026-05-30T00:17:36+0200,e2390b4d-8b36-448a-b0e6-27aba52aab7b,2026-05-05T12:15:00Z,2026-05-05T14:15:00+0200,543.53,MW,FR,FR,actual_offshore_wind_generation,Wind Offshore | Actual Aggregated,2026-05-29T22:18:42Z
2026-05-29T22:17:36Z,2026-05-30T00:17:36+0200,e2390b4d-8b36-448a-b0e6-27aba52aab7b,2026-05-05T12:30:00Z,2026-05-05T14:30:00+0200,560.81,MW,FR,FR,actual_offshore_wind_generation,Wind Offshore | Actual Aggregated,2026-05-29T22:18:42Z
2026-05-29T22:17:36Z,2026-05-30T00:17:36+0200,e2390b4d-8b36-448a-b0e6-27aba52aab7b,2026-05-05T12:45:00Z,2026-05-05T14:45:00+0200,545.17,MW,FR,FR,actual_offshore_wind_generation,Wind Offshore | Actual Aggregated,2026-05-29T22:18:42Z
2026-05-29T22:17:36Z,2026-05-30T00:17:36+0200,e2390b4d-8b36-448a-b0e6-27aba52aab7b,2026-05-05T13:00:00Z,2026-05-05T15:00:00+0200,552.51,MW,FR,FR,actual_offshore_wind_generation,Wind Offshore | Actual Aggregated,2026-05-29T22:18:42Z
2026-05-29T22:17:36Z,2026-05-30T00:17:36+0200,e2390b4d-8b36-448a-b0e6-27aba52aab7b,2026-05-05T13:15:00Z,2026-05-05T15:15:00+0200,581.71,MW,FR,FR,actual_offshore_wind_generation,Wind Offshore | Actual Aggregated,2026-05-29T22:18:42Z
2026-05-29T22:17:36Z,2026-05-30T00:17:36+0200,e2390b4d-8b36-448a-b0e6-27aba52aab7b,2026-05-05T13:30:00Z,2026-05-05T15:30:00+0200,605.97,MW,FR,FR,actual_offshore_wind_generation,Wind Offshore | Actual Aggregated,2026-05-29T22:18:42Z
2026-05-29T22:17:36Z,2026-05-30T00:17:36+0200,e2390b4d-8b36-448a-b0e6-27aba52aab7b,2026-05-05T13:45:00Z,2026-05-05T15:45:00+0200,618.15,MW,FR,FR,actual_offshore_wind_generation,Wind Offshore | Actual Aggregated,2026-05-29T22:18:42Z
2026-05-29T22:17:36Z,2026-05-30T00:17:36+0200,e2390b4d-8b36-448a-b0e6-27aba52aab7b,2026-05-05T14:00:00Z,2026-05-05T16:00:00+0200,675.25,MW,FR,FR,actual_offshore_wind_generation,Wind Offshore | Actual Aggregated,2026-05-29T22:18:42Z
2026-05-29T22:17:36Z,2026-05-30T00:17:36+0200,e2390b4d-8b36-448a-b0e6-27aba52aab7b,2026-05-05T14:15:00Z,2026-05-05T16:15:00+0200,693.48,MW,FR,FR,actual_offshore_wind_generation,Wind Offshore | Actual Aggregated,2026-05-29T22:18:42Z
2026-05-29T22:17:36Z,2026-05-30T00:17:36+0200,e2390b4d-8b36-448a-b0e6-27aba52aab7b,2026-05-05T14:30:00Z,2026-05-05T16:30:00+0200,677.01,MW,FR,FR,actual_offshore_wind_generation,Wind Offshore | Actual Aggregated,2026-05-29T22:18:42Z
2026-05-29T22:17:36Z,2026-05-30T00:17:36+0200,e2390b4d-8b36-448a-b0e6-27aba52aab7b,2026-05-05T14:45:00Z,2026-05-05T16:45:00+0200,606.03,MW,FR,FR,actual_offshore_wind_generation,Wind Offshore | Actual Aggregated,2026-05-29T22:18:42Z
2026-05-29T22:17:36Z,2026-05-30T00:17:36+0200,e2390b4d-8b36-448a-b0e6-27aba52aab7b,2026-05-05T15:00:00Z,2026-05-05T17:00:00+0200,703.35,MW,FR,FR,actual_offshore_wind_generation,Wind Offshore | Actual Aggregated,2026-05-29T22:18:42Z
2026-05-29T22:17:36Z,2026-05-30T00:17:36+0200,e2390b4d-8b36-448a-b0e6-27aba52aab7b,2026-05-05T15:15:00Z,2026-05-05T17:15:00+0200,802.55,MW,FR,FR,actual_offshore_wind_generation,Wind Offshore | Actual Aggregated,2026-05-29T22:18:42Z
2026-05-29T22:17:36Z,2026-05-30T00:17:36+0200,e2390b4d-8b36-448a-b0e6-27aba52aab7b,2026-05-05T15:30:00Z,2026-05-05T17:30:00+0200,854.91,MW,FR,FR,actual_offshore_wind_generation,Wind Offshore | Actual Aggregated,2026-05-29T22:18:42Z
2026-05-29T22:17:36Z,2026-05-30T00:17:36+0200,e2390b4d-8b36-448a-b0e6-27aba52aab7b,2026-05-05T15:45:00Z,2026-05-05T17:45:00+0200,898.26,MW,FR,FR,actual_offshore_wind_generation,Wind Offshore | Actual Aggregated,2026-05-29T22:18:42Z
2026-05-29T22:17:36Z,2026-05-30T00:17:36+0200,e2390b4d-8b36-448a-b0e6-27aba52aab7b,2026-05-05T16:00:00Z,2026-05-05T18:00:00+0200,964.19,MW,FR,FR,actual_offshore_wind_generation,Wind Offshore | Actual Aggregated,2026-05-29T22:18:42Z
2026-05-29T22:17:36Z,2026-05-30T00:17:36+0200,e2390b4d-8b36-448a-b0e6-27aba52aab7b,2026-05-05T16:15:00Z,2026-05-05T18:15:00+0200,1070.81,MW,FR,FR,actual_offshore_wind_generation,Wind Offshore | Actual Aggregated,2026-05-29T22:18:42Z
2026-05-29T22:17:36Z,2026-05-30T00:17:36+0200,e2390b4d-8b36-448a-b0e6-27aba52aab7b,2026-05-05T16:30:00Z,2026-05-05T18:30:00+0200,1166.76,MW,FR,FR,actual_offshore_wind_generation,Wind Offshore | Actual Aggregated,2026-05-29T22:18:42Z
2026-05-29T22:17:36Z,2026-05-30T00:17:36+0200,e2390b4d-8b36-448a-b0e6-27aba52aab7b,2026-05-05T16:45:00Z,2026-05-05T18:45:00+0200,1275.99,MW,FR,FR,actual_offshore_wind_generation,Wind Offshore | Actual Aggregated,2026-05-29T22:18:42Z
2026-05-29T22:17:36Z,2026-05-30T00:17:36+0200,e2390b4d-8b36-448a-b0e6-27aba52aab7b,2026-05-05T17:00:00Z,2026-05-05T19:00:00+0200,1281.91,MW,FR,FR,actual_offshore_wind_generation,Wind Offshore | Actual Aggregated,2026-05-29T22:18:42Z
2026-05-29T22:17:36Z,2026-05-30T00:17:36+0200,e2390b4d-8b36-448a-b0e6-27aba52aab7b,2026-05-05T17:15:00Z,2026-05-05T19:15:00+0200,1261.34,MW,FR,FR,actual_offshore_wind_generation,Wind Offshore | Actual Aggregated,2026-05-29T22:18:42Z
2026-05-29T22:17:36Z,2026-05-30T00:17:36+0200,e2390b4d-8b36-448a-b0e6-27aba52aab7b,2026-05-05T17:30:00Z,2026-05-05T19:30:00+0200,1254.33,MW,FR,FR,actual_offshore_wind_generation,Wind Offshore | Actual Aggregated,2026-05-29T22:18:42Z
2026-05-29T22:17:36Z,2026-05-30T00:17:36+0200,e2390b4d-8b36-448a-b0e6-27aba52aab7b,2026-05-05T17:45:00Z,2026-05-05T19:45:00+0200,1271.49,MW,FR,FR,actual_offshore_wind_generation,Wind Offshore | Actual Aggregated,2026-05-29T22:18:42Z
2026-05-29T22:17:36Z,2026-05-30T00:17:36+0200,e2390b4d-8b36-448a-b0e6-27aba52aab7b,2026-05-05T18:00:00Z,2026-05-05T20:00:00+0200,1241.16,MW,FR,FR,actual_offshore_wind_generation,Wind Offshore | Actual Aggregated,2026-05-29T22:18:42Z
2026-05-29T22:17:36Z,2026-05-30T00:17:36+0200,e2390b4d-8b36-448a-b0e6-27aba52aab7b,2026-05-05T18:15:00Z,2026-05-05T20:15:00+0200,1213.47,MW,FR,FR,actual_offshore_wind_generation,Wind Offshore | Actual Aggregated,2026-05-29T22:18:42Z
2026-05-29T22:17:36Z,2026-05-30T00:17:36+0200,e2390b4d-8b36-448a-b0e6-27aba52aab7b,2026-05-05T18:30:00Z,2026-05-05T20:30:00+0200,1222.69,MW,FR,FR,actual_offshore_wind_generation,Wind Offshore | Actual Aggregated,2026-05-29T22:18:42Z
2026-05-29T22:17:36Z,2026-05-30T00:17:36+0200,e2390b4d-8b36-448a-b0e6-27aba52aab7b,2026-05-05T18:45:00Z,2026-05-05T20:45:00+0200,1203.87,MW,FR,FR,actual_offshore_wind_generation,Wind Offshore | Actual Aggregated,2026-05-29T22:18:42Z
2026-05-29T22:17:36Z,2026-05-30T00:17:36+0200,e2390b4d-8b36-448a-b0e6-27aba52aab7b,2026-05-05T19:00:00Z,2026-05-05T21:00:00+0200,1175.21,MW,FR,FR,actual_offshore_wind_generation,Wind Offshore | Actual Aggregated,2026-05-29T22:18:42Z
2026-05-29T22:17:36Z,2026-05-30T00:17:36+0200,e2390b4d-8b36-448a-b0e6-27aba52aab7b,2026-05-05T19:15:00Z,2026-05-05T21:15:00+0200,1258.72,MW,FR,FR,actual_offshore_wind_generation,Wind Offshore | Actual Aggregated,2026-05-29T22:18:42Z
2026-05-29T22:17:36Z,2026-05-30T00:17:36+0200,e2390b4d-8b36-448a-b0e6-27aba52aab7b,2026-05-05T19:30:00Z,2026-05-05T21:30:00+0200,1320.68,MW,FR,FR,actual_offshore_wind_generation,Wind Offshore | Actual Aggregated,2026-05-29T22:18:42Z
2026-05-29T22:17:36Z,2026-05-30T00:17:36+0200,e2390b4d-8b36-448a-b0e6-27aba52aab7b,2026-05-05T19:45:00Z,2026-05-05T21:45:00+0200,1321.5,MW,FR,FR,actual_offshore_wind_generation,Wind Offshore | Actual Aggregated,2026-05-29T22:18:42Z
2026-05-29T22:17:36Z,2026-05-30T00:17:36+0200,e2390b4d-8b36-448a-b0e6-27aba52aab7b,2026-05-05T20:00:00Z,2026-05-05T22:00:00+0200,1287.41,MW,FR,FR,actual_offshore_wind_generation,Wind Offshore | Actual Aggregated,2026-05-29T22:18:42Z
2026-05-29T22:17:36Z,2026-05-30T00:17:36+0200,e2390b4d-8b36-448a-b0e6-27aba52aab7b,2026-05-05T20:15:00Z,2026-05-05T22:15:00+0200,1151.07,MW,FR,FR,actual_offshore_wind_generation,Wind Offshore | Actual Aggregated,2026-05-29T22:18:42Z
2026-05-29T22:17:36Z,2026-05-30T00:17:36+0200,e2390b4d-8b36-448a-b0e6-27aba52aab7b,2026-05-05T20:30:00Z,2026-05-05T22:30:00+0200,1118.94,MW,FR,FR,actual_offshore_wind_generation,Wind Offshore | Actual Aggregated,2026-05-29T22:18:42Z
2026-05-29T22:17:36Z,2026-05-30T00:17:36+0200,e2390b4d-8b36-448a-b0e6-27aba52aab7b,2026-05-05T20:45:00Z,2026-05-05T22:45:00+0200,1176.16,MW,FR,FR,actual_offshore_wind_generation,Wind Offshore | Actual Aggregated,2026-05-29T22:18:42Z
2026-05-29T22:17:36Z,2026-05-30T00:17:36+0200,e2390b4d-8b36-448a-b0e6-27aba52aab7b,2026-05-05T21:00:00Z,2026-05-05T23:00:00+0200,1218.99,MW,FR,FR,actual_offshore_wind_generation,Wind Offshore | Actual Aggregated,2026-05-29T22:18:42Z
2026-05-29T22:17:36Z,2026-05-30T00:17:36+0200,e2390b4d-8b36-448a-b0e6-27aba52aab7b,2026-05-05T21:15:00Z,2026-05-05T23:15:00+0200,1119.62,MW,FR,FR,actual_offshore_wind_generation,Wind Offshore | Actual Aggregated,2026-05-29T22:18:42Z
2026-05-29T22:17:36Z,2026-05-30T00:17:36+0200,e2390b4d-8b36-448a-b0e6-27aba52aab7b,2026-05-05T21:30:00Z,2026-05-05T23:30:00+0200,1117.37,MW,FR,FR,actual_offshore_wind_generation,Wind Offshore | Actual Aggregated,2026-05-29T22:18:42Z
2026-05-29T22:17:36Z,2026-05-30T00:17:36+0200,e2390b4d-8b36-448a-b0e6-27aba52aab7b,2026-05-05T21:45:00Z,2026-05-05T23:45:00+0200,1176.71,MW,FR,FR,actual_offshore_wind_generation,Wind Offshore | Actual Aggregated,2026-05-29T22:18:42Z
2026-05-29T22:17:36Z,2026-05-30T00:17:36+0200,e2390b4d-8b36-448a-b0e6-27aba52aab7b,2026-05-05T22:00:00Z,2026-05-06T00:00:00+0200,1181.79,MW,FR,FR,actual_offshore_wind_generation,Wind Offshore | Actual Aggregated,2026-05-29T22:18:42Z
2026-05-29T22:17:36Z,2026-05-30T00:17:36+0200,e2390b4d-8b36-448a-b0e6-27aba52aab7b,2026-05-05T22:15:00Z,2026-05-06T00:15:00+0200,1148.17,MW,FR,FR,actual_offshore_wind_generation,Wind Offshore | Actual Aggregated,2026-05-29T22:18:42Z
2026-05-29T22:17:36Z,2026-05-30T00:17:36+0200,e2390b4d-8b36-448a-b0e6-27aba52aab7b,2026-05-05T22:30:00Z,2026-05-06T00:30:00+0200,1119.88,MW,FR,FR,actual_offshore_wind_generation,Wind Offshore | Actual Aggregated,2026-05-29T22:18:42Z
2026-05-29T22:17:36Z,2026-05-30T00:17:36+0200,e2390b4d-8b36-448a-b0e6-27aba52aab7b,2026-05-05T22:45:00Z,2026-05-06T00:45:00+0200,1077.22,MW,FR,FR,actual_offshore_wind_generation,Wind Offshore | Actual Aggregated,2026-05-29T22:18:42Z
2026-05-29T22:17:36Z,2026-05-30T00:17:36+0200,e2390b4d-8b36-448a-b0e6-27aba52aab7b,2026-05-05T23:00:00Z,2026-05-06T01:00:00+0200,1052.87,MW,FR,FR,actual_offshore_wind_generation,Wind Offshore | Actual Aggregated,2026-05-29T22:18:42Z
2026-05-29T22:17:36Z,2026-05-30T00:17:36+0200,e2390b4d-8b36-448a-b0e6-27aba52aab7b,2026-05-05T23:15:00Z,2026-05-06T01:15:00+0200,1059.74,MW,FR,FR,actual_offshore_wind_generation,Wind Offshore | Actual Aggregated,2026-05-29T22:18:42Z
2026-05-29T22:17:36Z,2026-05-30T00:17:36+0200,e2390b4d-8b36-448a-b0e6-27aba52aab7b,2026-05-05T23:30:00Z,2026-05-06T01:30:00+0200,1062.78,MW,FR,FR,actual_offshore_wind_generation,Wind Offshore | Actual Aggregated,2026-05-29T22:18:42Z
2026-05-29T22:17:36Z,2026-05-30T00:17:36+0200,e2390b4d-8b36-448a-b0e6-27aba52aab7b,2026-05-05T23:45:00Z,2026-05-06T01:45:00+0200,1041.35,MW,FR,FR,actual_offshore_wind_generation,Wind Offshore | Actual Aggregated,2026-05-29T22:18:42Z
2026-05-29T22:17:36Z,2026-05-30T00:17:36+0200,e2390b4d-8b36-448a-b0e6-27aba52aab7b,2026-05-06T00:00:00Z,2026-05-06T02:00:00+0200,1030.63,MW,FR,FR,actual_offshore_wind_generation,Wind Offshore | Actual Aggregated,2026-05-29T22:18:42Z
2026-05-29T22:17:36Z,2026-05-30T00:17:36+0200,e2390b4d-8b36-448a-b0e6-27aba52aab7b,2026-05-06T00:15:00Z,2026-05-06T02:15:00+0200,1080.84,MW,FR,FR,actual_offshore_wind_generation,Wind Offshore | Actual Aggregated,2026-05-29T22:18:42Z
2026-05-29T22:17:36Z,2026-05-30T00:17:36+0200,e2390b4d-8b36-448a-b0e6-27aba52aab7b,2026-05-06T00:30:00Z,2026-05-06T02:30:00+0200,1081.62,MW,FR,FR,actual_offshore_wind_generation,Wind Offshore | Actual Aggregated,2026-05-29T22:18:42Z
2026-05-29T22:17:36Z,2026-05-30T00:17:36+0200,e2390b4d-8b36-448a-b0e6-27aba52aab7b,2026-05-06T00:45:00Z,2026-05-06T02:45:00+0200,1080.13,MW,FR,FR,actual_offshore_wind_generation,Wind Offshore | Actual Aggregated,2026-05-29T22:18:42Z
2026-05-29T22:17:36Z,2026-05-30T00:17:36+0200,e2390b4d-8b36-448a-b0e6-27aba52aab7b,2026-05-06T01:00:00Z,2026-05-06T03:00:00+0200,1065.51,MW,FR,FR,actual_offshore_wind_generation,Wind Offshore | Actual Aggregated,2026-05-29T22:18:42Z
2026-05-29T22:17:36Z,2026-05-30T00:17:36+0200,e2390b4d-8b36-448a-b0e6-27aba52aab7b,2026-05-06T01:15:00Z,2026-05-06T03:15:00+0200,1051.05,MW,FR,FR,actual_offshore_wind_generation,Wind Offshore | Actual Aggregated,2026-05-29T22:18:42Z
2026-05-29T22:17:36Z,2026-05-30T00:17:36+0200,e2390b4d-8b36-448a-b0e6-27aba52aab7b,2026-05-06T01:30:00Z,2026-05-06T03:30:00+0200,1031.68,MW,FR,FR,actual_offshore_wind_generation,Wind Offshore | Actual Aggregated,2026-05-29T22:18:42Z
2026-05-29T22:17:36Z,2026-05-30T00:17:36+0200,e2390b4d-8b36-448a-b0e6-27aba52aab7b,2026-05-06T01:45:00Z,2026-05-06T03:45:00+0200,971.16,MW,FR,FR,actual_offshore_wind_generation,Wind Offshore | Actual Aggregated,2026-05-29T22:18:42Z
2026-05-29T22:17:36Z,2026-05-30T00:17:36+0200,e2390b4d-8b36-448a-b0e6-27aba52aab7b,2026-05-06T02:00:00Z,2026-05-06T04:00:00+0200,930.04,MW,FR,FR,actual_offshore_wind_generation,Wind Offshore | Actual Aggregated,2026-05-29T22:18:42Z
2026-05-29T22:17:36Z,2026-05-30T00:17:36+0200,e2390b4d-8b36-448a-b0e6-27aba52aab7b,2026-05-06T02:15:00Z,2026-05-06T04:15:00+0200,908.37,MW,FR,FR,actual_offshore_wind_generation,Wind Offshore | Actual Aggregated,2026-05-29T22:18:42Z
2026-05-29T22:17:36Z,2026-05-30T00:17:36+0200,e2390b4d-8b36-448a-b0e6-27aba52aab7b,2026-05-06T02:30:00Z,2026-05-06T04:30:00+0200,834.93,MW,FR,FR,actual_offshore_wind_generation,Wind Offshore | Actual Aggregated,2026-05-29T22:18:42Z
2026-05-29T22:17:36Z,2026-05-30T00:17:36+0200,e2390b4d-8b36-448a-b0e6-27aba52aab7b,2026-05-06T02:45:00Z,2026-05-06T04:45:00+0200,773.06,MW,FR,FR,actual_offshore_wind_generation,Wind Offshore | Actual Aggregated,2026-05-29T22:18:42Z
2026-05-29T22:17:36Z,2026-05-30T00:17:36+0200,e2390b4d-8b36-448a-b0e6-27aba52aab7b,2026-05-06T03:00:00Z,2026-05-06T05:00:00+0200,768.2,MW,FR,FR,actual_offshore_wind_generation,Wind Offshore | Actual Aggregated,2026-05-29T22:18:42Z
2026-05-29T22:17:36Z,2026-05-30T00:17:36+0200,e2390b4d-8b36-448a-b0e6-27aba52aab7b,2026-05-06T03:15:00Z,2026-05-06T05:15:00+0200,735.65,MW,FR,FR,actual_offshore_wind_generation,Wind Offshore | Actual Aggregated,2026-05-29T22:18:42Z
2026-05-29T22:17:36Z,2026-05-30T00:17:36+0200,e2390b4d-8b36-448a-b0e6-27aba52aab7b,2026-05-06T03:30:00Z,2026-05-06T05:30:00+0200,670.62,MW,FR,FR,actual_offshore_wind_generation,Wind Offshore | Actual Aggregated,2026-05-29T22:18:42Z
2026-05-29T22:17:36Z,2026-05-30T00:17:36+0200,e2390b4d-8b36-448a-b0e6-27aba52aab7b,2026-05-06T03:45:00Z,2026-05-06T05:45:00+0200,655.45,MW,FR,FR,actual_offshore_wind_generation,Wind Offshore | Actual Aggregated,2026-05-29T22:18:42Z
2026-05-29T22:17:36Z,2026-05-30T00:17:36+0200,e2390b4d-8b36-448a-b0e6-27aba52aab7b,2026-05-06T04:00:00Z,2026-05-06T06:00:00+0200,657.08,MW,FR,FR,actual_offshore_wind_generation,Wind Offshore | Actual Aggregated,2026-05-29T22:18:42Z
2026-05-29T22:17:36Z,2026-05-30T00:17:36+0200,e2390b4d-8b36-448a-b0e6-27aba52aab7b,2026-05-06T04:15:00Z,2026-05-06T06:15:00+0200,708.82,MW,FR,FR,actual_offshore_wind_generation,Wind Offshore | Actual Aggregated,2026-05-29T22:18:42Z
2026-05-29T22:17:36Z,2026-05-30T00:17:36+0200,e2390b4d-8b36-448a-b0e6-27aba52aab7b,2026-05-06T04:30:00Z,2026-05-06T06:30:00+0200,711.94,MW,FR,FR,actual_offshore_wind_generation,Wind Offshore | Actual Aggregated,2026-05-29T22:18:42Z
2026-05-29T22:17:36Z,2026-05-30T00:17:36+0200,e2390b4d-8b36-448a-b0e6-27aba52aab7b,2026-05-06T04:45:00Z,2026-05-06T06:45:00+0200,663.32,MW,FR,FR,actual_offshore_wind_generation,Wind Offshore | Actual Aggregated,2026-05-29T22:18:42Z
2026-05-29T22:17:36Z,2026-05-30T00:17:36+0200,e2390b4d-8b36-448a-b0e6-27aba52aab7b,2026-05-06T05:00:00Z,2026-05-06T07:00:00+0200,671.44,MW,FR,FR,actual_offshore_wind_generation,Wind Offshore | Actual Aggregated,2026-05-29T22:18:42Z
2026-05-29T22:17:36Z,2026-05-30T00:17:36+0200,e2390b4d-8b36-448a-b0e6-27aba52aab7b,2026-05-06T05:15:00Z,2026-05-06T07:15:00+0200,677.0,MW,FR,FR,actual_offshore_wind_generation,Wind Offshore | Actual Aggregated,2026-05-29T22:18:42Z
2026-05-29T22:17:36Z,2026-05-30T00:17:36+0200,e2390b4d-8b36-448a-b0e6-27aba52aab7b,2026-05-06T05:30:00Z,2026-05-06T07:30:00+0200,713.95,MW,FR,FR,actual_offshore_wind_generation,Wind Offshore | Actual Aggregated,2026-05-29T22:18:42Z
2026-05-29T22:17:36Z,2026-05-30T00:17:36+0200,e2390b4d-8b36-448a-b0e6-27aba52aab7b,2026-05-06T05:45:00Z,2026-05-06T07:45:00+0200,732.61,MW,FR,FR,actual_offshore_wind_generation,Wind Offshore | Actual Aggregated,2026-05-29T22:18:42Z
2026-05-29T22:17:36Z,2026-05-30T00:17:36+0200,e2390b4d-8b36-448a-b0e6-27aba52aab7b,2026-05-06T06:00:00Z,2026-05-06T08:00:00+0200,707.88,MW,FR,FR,actual_offshore_wind_generation,Wind Offshore | Actual Aggregated,2026-05-29T22:18:42Z
2026-05-29T22:17:36Z,2026-05-30T00:17:36+0200,e2390b4d-8b36-448a-b0e6-27aba52aab7b,2026-05-06T06:15:00Z,2026-05-06T08:15:00+0200,612.82,MW,FR,FR,actual_offshore_wind_generation,Wind Offshore | Actual Aggregated,2026-05-29T22:18:42Z
2026-05-29T22:17:36Z,2026-05-30T00:17:36+0200,e2390b4d-8b36-448a-b0e6-27aba52aab7b,2026-05-06T06:30:00Z,2026-05-06T08:30:00+0200,539.44,MW,FR,FR,actual_offshore_wind_generation,Wind Offshore | Actual Aggregated,2026-05-29T22:18:42Z
2026-05-29T22:17:36Z,2026-05-30T00:17:36+0200,e2390b4d-8b36-448a-b0e6-27aba52aab7b,2026-05-06T06:45:00Z,2026-05-06T08:45:00+0200,453.16,MW,FR,FR,actual_offshore_wind_generation,Wind Offshore | Actual Aggregated,2026-05-29T22:18:42Z
2026-05-29T22:17:36Z,2026-05-30T00:17:36+0200,e2390b4d-8b36-448a-b0e6-27aba52aab7b,2026-05-06T07:00:00Z,2026-05-06T09:00:00+0200,431.25,MW,FR,FR,actual_offshore_wind_generation,Wind Offshore | Actual Aggregated,2026-05-29T22:18:42Z
2026-05-29T22:17:36Z,2026-05-30T00:17:36+0200,e2390b4d-8b36-448a-b0e6-27aba52aab7b,2026-05-06T07:15:00Z,2026-05-06T09:15:00+0200,417.02,MW,FR,FR,actual_offshore_wind_generation,Wind Offshore | Actual Aggregated,2026-05-29T22:18:42Z
2026-05-29T22:17:36Z,2026-05-30T00:17:36+0200,e2390b4d-8b36-448a-b0e6-27aba52aab7b,2026-05-06T07:30:00Z,2026-05-06T09:30:00+0200,372.76,MW,FR,FR,actual_offshore_wind_generation,Wind Offshore | Actual Aggregated,2026-05-29T22:18:42Z
2026-05-29T22:17:36Z,2026-05-30T00:17:36+0200,e2390b4d-8b36-448a-b0e6-27aba52aab7b,2026-05-06T07:45:00Z,2026-05-06T09:45:00+0200,350.11,MW,FR,FR,actual_offshore_wind_generation,Wind Offshore | Actual Aggregated,2026-05-29T22:18:42Z
2026-05-29T22:17:36Z,2026-05-30T00:17:36+0200,e2390b4d-8b36-448a-b0e6-27aba52aab7b,2026-05-06T08:00:00Z,2026-05-06T10:00:00+0200,367.46,MW,FR,FR,actual_offshore_wind_generation,Wind Offshore | Actual Aggregated,2026-05-29T22:18:42Z
2026-05-29T22:17:36Z,2026-05-30T00:17:36+0200,e2390b4d-8b36-448a-b0e6-27aba52aab7b,2026-05-06T08:15:00Z,2026-05-06T10:15:00+0200,384.04,MW,FR,FR,actual_offshore_wind_generation,Wind Offshore | Actual Aggregated,2026-05-29T22:18:42Z
2026-05-29T22:17:36Z,2026-05-30T00:17:36+0200,e2390b4d-8b36-448a-b0e6-27aba52aab7b,2026-05-06T08:30:00Z,2026-05-06T10:30:00+0200,344.36,MW,FR,FR,actual_offshore_wind_generation,Wind Offshore | Actual Aggregated,2026-05-29T22:18:42Z
2026-05-29T22:17:36Z,2026-05-30T00:17:36+0200,e2390b4d-8b36-448a-b0e6-27aba52aab7b,2026-05-06T08:45:00Z,2026-05-06T10:45:00+0200,292.56,MW,FR,FR,actual_offshore_wind_generation,Wind Offshore | Actual Aggregated,2026-05-29T22:18:42Z
2026-05-29T22:17:36Z,2026-05-30T00:17:36+0200,e2390b4d-8b36-448a-b0e6-27aba52aab7b,2026-05-06T09:00:00Z,2026-05-06T11:00:00+0200,238.05,MW,FR,FR,actual_offshore_wind_generation,Wind Offshore | Actual Aggregated,2026-05-29T22:18:42Z
2026-05-29T22:17:36Z,2026-05-30T00:17:36+0200,e2390b4d-8b36-448a-b0e6-27aba52aab7b,2026-05-06T09:15:00Z,2026-05-06T11:15:00+0200,193.77,MW,FR,FR,actual_offshore_wind_generation,Wind Offshore | Actual Aggregated,2026-05-29T22:18:42Z
2026-05-29T22:17:36Z,2026-05-30T00:17:36+0200,e2390b4d-8b36-448a-b0e6-27aba52aab7b,2026-05-06T09:30:00Z,2026-05-06T11:30:00+0200,185.79,MW,FR,FR,actual_offshore_wind_generation,Wind Offshore | Actual Aggregated,2026-05-29T22:18:42Z
2026-05-29T22:17:36Z,2026-05-30T00:17:36+0200,e2390b4d-8b36-448a-b0e6-27aba52aab7b,2026-05-06T09:45:00Z,2026-05-06T11:45:00+0200,172.42,MW,FR,FR,actual_offshore_wind_generation,Wind Offshore | Actual Aggregated,2026-05-29T22:18:42Z
2026-05-29T22:17:36Z,2026-05-30T00:17:36+0200,e2390b4d-8b36-448a-b0e6-27aba52aab7b,2026-05-06T10:00:00Z,2026-05-06T12:00:00+0200,145.46,MW,FR,FR,actual_offshore_wind_generation,Wind Offshore | Actual Aggregated,2026-05-29T22:18:42Z
2026-05-29T22:17:36Z,2026-05-30T00:17:36+0200,e2390b4d-8b36-448a-b0e6-27aba52aab7b,2026-05-06T10:15:00Z,2026-05-06T12:15:00+0200,124.0,MW,FR,FR,actual_offshore_wind_generation,Wind Offshore | Actual Aggregated,2026-05-29T22:18:42Z
2026-05-29T22:17:36Z,2026-05-30T00:17:36+0200,e2390b4d-8b36-448a-b0e6-27aba52aab7b,2026-05-06T10:30:00Z,2026-05-06T12:30:00+0200,113.3,MW,FR,FR,actual_offshore_wind_generation,Wind Offshore | Actual Aggregated,2026-05-29T22:18:42Z
2026-05-29T22:17:36Z,2026-05-30T00:17:36+0200,e2390b4d-8b36-448a-b0e6-27aba52aab7b,2026-05-06T10:45:00Z,2026-05-06T12:45:00+0200,109.34,MW,FR,FR,actual_offshore_wind_generation,Wind Offshore | Actual Aggregated,2026-05-29T22:18:42Z
2026-05-29T22:17:36Z,2026-05-30T00:17:36+0200,e2390b4d-8b36-448a-b0e6-27aba52aab7b,2026-05-06T11:00:00Z,2026-05-06T13:00:00+0200,103.45,MW,FR,FR,actual_offshore_wind_generation,Wind Offshore | Actual Aggregated,2026-05-29T22:18:42Z
2026-05-29T22:17:36Z,2026-05-30T00:17:36+0200,e2390b4d-8b36-448a-b0e6-27aba52aab7b,2026-05-06T11:15:00Z,2026-05-06T13:15:00+0200,113.11,MW,FR,FR,actual_offshore_wind_generation,Wind Offshore | Actual Aggregated,2026-05-29T22:18:42Z
2026-05-29T22:17:36Z,2026-05-30T00:17:36+0200,e2390b4d-8b36-448a-b0e6-27aba52aab7b,2026-05-06T11:30:00Z,2026-05-06T13:30:00+0200,107.21,MW,FR,FR,actual_offshore_wind_generation,Wind Offshore | Actual Aggregated,2026-05-29T22:18:42Z
2026-05-29T22:17:36Z,2026-05-30T00:17:36+0200,e2390b4d-8b36-448a-b0e6-27aba52aab7b,2026-05-06T11:45:00Z,2026-05-06T13:45:00+0200,102.36,MW,FR,FR,actual_offshore_wind_generation,Wind Offshore | Actual Aggregated,2026-05-29T22:18:42Z
2026-05-29T22:17:36Z,2026-05-30T00:17:36+0200,e2390b4d-8b36-448a-b0e6-27aba52aab7b,2026-05-06T12:00:00Z,2026-05-06T14:00:00+0200,106.83,MW,FR,FR,actual_offshore_wind_generation,Wind Offshore | Actual Aggregated,2026-05-29T22:18:42Z
2026-05-29T22:17:36Z,2026-05-30T00:17:36+0200,e2390b4d-8b36-448a-b0e6-27aba52aab7b,2026-05-06T12:15:00Z,2026-05-06T14:15:00+0200,104.93,MW,FR,FR,actual_offshore_wind_generation,Wind Offshore | Actual Aggregated,2026-05-29T22:18:42Z
2026-05-29T22:17:36Z,2026-05-30T00:17:36+0200,e2390b4d-8b36-448a-b0e6-27aba52aab7b,2026-05-06T12:30:00Z,2026-05-06T14:30:00+0200,100.3,MW,FR,FR,actual_offshore_wind_generation,Wind Offshore | Actual Aggregated,2026-05-29T22:18:42Z
2026-05-29T22:17:36Z,2026-05-30T00:17:36+0200,e2390b4d-8b36-448a-b0e6-27aba52aab7b,2026-05-06T12:45:00Z,2026-05-06T14:45:00+0200,104.25,MW,FR,FR,actual_offshore_wind_generation,Wind Offshore | Actual Aggregated,2026-05-29T22:18:42Z
2026-05-29T22:17:36Z,2026-05-30T00:17:36+0200,e2390b4d-8b36-448a-b0e6-27aba52aab7b,2026-05-06T13:00:00Z,2026-05-06T15:00:00+0200,106.31,MW,FR,FR,actual_offshore_wind_generation,Wind Offshore | Actual Aggregated,2026-05-29T22:18:42Z
2026-05-29T22:17:36Z,2026-05-30T00:17:36+0200,e2390b4d-8b36-448a-b0e6-27aba52aab7b,2026-05-06T13:15:00Z,2026-05-06T15:15:00+0200,100.94,MW,FR,FR,actual_offshore_wind_generation,Wind Offshore | Actual Aggregated,2026-05-29T22:18:42Z
2026-05-29T22:17:36Z,2026-05-30T00:17:36+0200,e2390b4d-8b36-448a-b0e6-27aba52aab7b,2026-05-06T13:30:00Z,2026-05-06T15:30:00+0200,97.7,MW,FR,FR,actual_offshore_wind_generation,Wind Offshore | Actual Aggregated,2026-05-29T22:18:42Z
2026-05-29T22:17:36Z,2026-05-30T00:17:36+0200,e2390b4d-8b36-448a-b0e6-27aba52aab7b,2026-05-06T13:45:00Z,2026-05-06T15:45:00+0200,102.81,MW,FR,FR,actual_offshore_wind_generation,Wind Offshore | Actual Aggregated,2026-05-29T22:18:42Z
2026-05-29T22:17:36Z,2026-05-30T00:17:36+0200,e2390b4d-8b36-448a-b0e6-27aba52aab7b,2026-05-06T14:00:00Z,2026-05-06T16:00:00+0200,94.33,MW,FR,FR,actual_offshore_wind_generation,Wind Offshore | Actual Aggregated,2026-05-29T22:18:42Z
2026-05-29T22:17:36Z,2026-05-30T00:17:36+0200,e2390b4d-8b36-448a-b0e6-27aba52aab7b,2026-05-06T14:15:00Z,2026-05-06T16:15:00+0200,90.29,MW,FR,FR,actual_offshore_wind_generation,Wind Offshore | Actual Aggregated,2026-05-29T22:18:42Z
2026-05-29T22:17:36Z,2026-05-30T00:17:36+0200,e2390b4d-8b36-448a-b0e6-27aba52aab7b,2026-05-06T14:30:00Z,2026-05-06T16:30:00+0200,86.9,MW,FR,FR,actual_offshore_wind_generation,Wind Offshore | Actual Aggregated,2026-05-29T22:18:42Z
2026-05-29T22:17:36Z,2026-05-30T00:17:36+0200,e2390b4d-8b36-448a-b0e6-27aba52aab7b,2026-05-06T14:45:00Z,2026-05-06T16:45:00+0200,90.79,MW,FR,FR,actual_offshore_wind_generation,Wind Offshore | Actual Aggregated,2026-05-29T22:18:42Z
2026-05-29T22:17:36Z,2026-05-30T00:17:36+0200,e2390b4d-8b36-448a-b0e6-27aba52aab7b,2026-05-06T15:00:00Z,2026-05-06T17:00:00+0200,93.59,MW,FR,FR,actual_offshore_wind_generation,Wind Offshore | Actual Aggregated,2026-05-29T22:18:42Z
2026-05-29T22:17:36Z,2026-05-30T00:17:36+0200,e2390b4d-8b36-448a-b0e6-27aba52aab7b,2026-05-06T15:15:00Z,2026-05-06T17:15:00+0200,102.43,MW,FR,FR,actual_offshore_wind_generation,Wind Offshore | Actual Aggregated,2026-05-29T22:18:42Z
2026-05-29T22:17:36Z,2026-05-30T00:17:36+0200,e2390b4d-8b36-448a-b0e6-27aba52aab7b,2026-05-06T15:30:00Z,2026-05-06T17:30:00+0200,107.02,MW,FR,FR,actual_offshore_wind_generation,Wind Offshore | Actual Aggregated,2026-05-29T22:18:42Z
2026-05-29T22:17:36Z,2026-05-30T00:17:36+0200,e2390b4d-8b36-448a-b0e6-27aba52aab7b,2026-05-06T15:45:00Z,2026-05-06T17:45:00+0200,110.72,MW,FR,FR,actual_offshore_wind_generation,Wind Offshore | Actual Aggregated,2026-05-29T22:18:42Z
2026-05-29T22:17:36Z,2026-05-30T00:17:36+0200,e2390b4d-8b36-448a-b0e6-27aba52aab7b,2026-05-06T16:00:00Z,2026-05-06T18:00:00+0200,121.62,MW,FR,FR,actual_offshore_wind_generation,Wind Offshore | Actual Aggregated,2026-05-29T22:18:42Z
2026-05-29T22:17:36Z,2026-05-30T00:17:36+0200,e2390b4d-8b36-448a-b0e6-27aba52aab7b,2026-05-06T16:15:00Z,2026-05-06T18:15:00+0200,129.39,MW,FR,FR,actual_offshore_wind_generation,Wind Offshore | Actual Aggregated,2026-05-29T22:18:42Z
2026-05-29T22:17:36Z,2026-05-30T00:17:36+0200,e2390b4d-8b36-448a-b0e6-27aba52aab7b,2026-05-06T16:30:00Z,2026-05-06T18:30:00+0200,132.53,MW,FR,FR,actual_offshore_wind_generation,Wind Offshore | Actual Aggregated,2026-05-29T22:18:42Z
2026-05-29T22:17:36Z,2026-05-30T00:17:36+0200,e2390b4d-8b36-448a-b0e6-27aba52aab7b,2026-05-06T16:45:00Z,2026-05-06T18:45:00+0200,132.64,MW,FR,FR,actual_offshore_wind_generation,Wind Offshore | Actual Aggregated,2026-05-29T22:18:42Z
2026-05-29T22:17:36Z,2026-05-30T00:17:36+0200,e2390b4d-8b36-448a-b0e6-27aba52aab7b,2026-05-06T17:00:00Z,2026-05-06T19:00:00+0200,118.96,MW,FR,FR,actual_offshore_wind_generation,Wind Offshore | Actual Aggregated,2026-05-29T22:18:42Z
2026-05-29T22:17:36Z,2026-05-30T00:17:36+0200,e2390b4d-8b36-448a-b0e6-27aba52aab7b,2026-05-06T17:15:00Z,2026-05-06T19:15:00+0200,96.39,MW,FR,FR,actual_offshore_wind_generation,Wind Offshore | Actual Aggregated,2026-05-29T22:18:42Z
2026-05-29T22:17:36Z,2026-05-30T00:17:36+0200,e2390b4d-8b36-448a-b0e6-27aba52aab7b,2026-05-06T17:30:00Z,2026-05-06T19:30:00+0200,82.97,MW,FR,FR,actual_offshore_wind_generation,Wind Offshore | Actual Aggregated,2026-05-29T22:18:42Z
2026-05-29T22:17:36Z,2026-05-30T00:17:36+0200,e2390b4d-8b36-448a-b0e6-27aba52aab7b,2026-05-06T17:45:00Z,2026-05-06T19:45:00+0200,79.61,MW,FR,FR,actual_offshore_wind_generation,Wind Offshore | Actual Aggregated,2026-05-29T22:18:42Z
2026-05-29T22:17:36Z,2026-05-30T00:17:36+0200,e2390b4d-8b36-448a-b0e6-27aba52aab7b,2026-05-06T18:00:00Z,2026-05-06T20:00:00+0200,76.88,MW,FR,FR,actual_offshore_wind_generation,Wind Offshore | Actual Aggregated,2026-05-29T22:18:42Z
2026-05-29T22:17:36Z,2026-05-30T00:17:36+0200,e2390b4d-8b36-448a-b0e6-27aba52aab7b,2026-05-06T18:15:00Z,2026-05-06T20:15:00+0200,71.84,MW,FR,FR,actual_offshore_wind_generation,Wind Offshore | Actual Aggregated,2026-05-29T22:18:42Z
2026-05-29T22:17:36Z,2026-05-30T00:17:36+0200,e2390b4d-8b36-448a-b0e6-27aba52aab7b,2026-05-06T18:30:00Z,2026-05-06T20:30:00+0200,68.53,MW,FR,FR,actual_offshore_wind_generation,Wind Offshore | Actual Aggregated,2026-05-29T22:18:42Z
2026-05-29T22:17:36Z,2026-05-30T00:17:36+0200,e2390b4d-8b36-448a-b0e6-27aba52aab7b,2026-05-06T18:45:00Z,2026-05-06T20:45:00+0200,59.98,MW,FR,FR,actual_offshore_wind_generation,Wind Offshore | Actual Aggregated,2026-05-29T22:18:42Z
2026-05-29T22:17:36Z,2026-05-30T00:17:36+0200,e2390b4d-8b36-448a-b0e6-27aba52aab7b,2026-05-06T19:00:00Z,2026-05-06T21:00:00+0200,52.46,MW,FR,FR,actual_offshore_wind_generation,Wind Offshore | Actual Aggregated,2026-05-29T22:18:42Z
2026-05-29T22:17:36Z,2026-05-30T00:17:36+0200,e2390b4d-8b36-448a-b0e6-27aba52aab7b,2026-05-06T19:15:00Z,2026-05-06T21:15:00+0200,56.73,MW,FR,FR,actual_offshore_wind_generation,Wind Offshore | Actual Aggregated,2026-05-29T22:18:42Z
2026-05-29T22:17:36Z,2026-05-30T00:17:36+0200,e2390b4d-8b36-448a-b0e6-27aba52aab7b,2026-05-06T19:30:00Z,2026-05-06T21:30:00+0200,56.32,MW,FR,FR,actual_offshore_wind_generation,Wind Offshore | Actual Aggregated,2026-05-29T22:18:42Z
2026-05-29T22:17:36Z,2026-05-30T00:17:36+0200,e2390b4d-8b36-448a-b0e6-27aba52aab7b,2026-05-06T19:45:00Z,2026-05-06T21:45:00+0200,41.16,MW,FR,FR,actual_offshore_wind_generation,Wind Offshore | Actual Aggregated,2026-05-29T22:18:42Z
2026-05-29T22:17:36Z,2026-05-30T00:17:36+0200,e2390b4d-8b36-448a-b0e6-27aba52aab7b,2026-05-06T20:00:00Z,2026-05-06T22:00:00+0200,32.46,MW,FR,FR,actual_offshore_wind_generation,Wind Offshore | Actual Aggregated,2026-05-29T22:18:42Z
2026-05-29T22:17:36Z,2026-05-30T00:17:36+0200,e2390b4d-8b36-448a-b0e6-27aba52aab7b,2026-05-06T20:15:00Z,2026-05-06T22:15:00+0200,27.5,MW,FR,FR,actual_offshore_wind_generation,Wind Offshore | Actual Aggregated,2026-05-29T22:18:42Z
2026-05-29T22:17:36Z,2026-05-30T00:17:36+0200,e2390b4d-8b36-448a-b0e6-27aba52aab7b,2026-05-06T20:30:00Z,2026-05-06T22:30:00+0200,30.55,MW,FR,FR,actual_offshore_wind_generation,Wind Offshore | Actual Aggregated,2026-05-29T22:18:42Z
2026-05-29T22:17:36Z,2026-05-30T00:17:36+0200,e2390b4d-8b36-448a-b0e6-27aba52aab7b,2026-05-06T20:45:00Z,2026-05-06T22:45:00+0200,37.3,MW,FR,FR,actual_offshore_wind_generation,Wind Offshore | Actual Aggregated,2026-05-29T22:18:42Z
2026-05-29T22:17:36Z,2026-05-30T00:17:36+0200,e2390b4d-8b36-448a-b0e6-27aba52aab7b,2026-05-06T21:00:00Z,2026-05-06T23:00:00+0200,43.16,MW,FR,FR,actual_offshore_wind_generation,Wind Offshore | Actual Aggregated,2026-05-29T22:18:42Z
2026-05-29T22:17:36Z,2026-05-30T00:17:36+0200,e2390b4d-8b36-448a-b0e6-27aba52aab7b,2026-05-06T21:15:00Z,2026-05-06T23:15:00+0200,45.21,MW,FR,FR,actual_offshore_wind_generation,Wind Offshore | Actual Aggregated,2026-05-29T22:18:42Z
2026-05-29T22:17:36Z,2026-05-30T00:17:36+0200,e2390b4d-8b36-448a-b0e6-27aba52aab7b,2026-05-06T21:30:00Z,2026-05-06T23:30:00+0200,42.6,MW,FR,FR,actual_offshore_wind_generation,Wind Offshore | Actual Aggregated,2026-05-29T22:18:42Z
2026-05-29T22:17:36Z,2026-05-30T00:17:36+0200,e2390b4d-8b36-448a-b0e6-27aba52aab7b,2026-05-06T21:45:00Z,2026-05-06T23:45:00+0200,44.31,MW,FR,FR,actual_offshore_wind_generation,Wind Offshore | Actual Aggregated,2026-05-29T22:18:42Z
2026-05-29T22:17:36Z,2026-05-30T00:17:36+0200,e2390b4d-8b36-448a-b0e6-27aba52aab7b,2026-05-06T22:00:00Z,2026-05-07T00:00:00+0200,48.29,MW,FR,FR,actual_offshore_wind_generation,Wind Offshore | Actual Aggregated,2026-05-29T22:18:42Z
2026-05-29T22:17:36Z,2026-05-30T00:17:36+0200,e2390b4d-8b36-448a-b0e6-27aba52aab7b,2026-05-06T22:15:00Z,2026-05-07T00:15:00+0200,48.07,MW,FR,FR,actual_offshore_wind_generation,Wind Offshore | Actual Aggregated,2026-05-29T22:18:42Z
2026-05-29T22:17:36Z,2026-05-30T00:17:36+0200,e2390b4d-8b36-448a-b0e6-27aba52aab7b,2026-05-06T22:30:00Z,2026-05-07T00:30:00+0200,52.01,MW,FR,FR,actual_offshore_wind_generation,Wind Offshore | Actual Aggregated,2026-05-29T22:18:42Z
2026-05-29T22:17:36Z,2026-05-30T00:17:36+0200,e2390b4d-8b36-448a-b0e6-27aba52aab7b,2026-05-06T22:45:00Z,2026-05-07T00:45:00+0200,63.16,MW,FR,FR,actual_offshore_wind_generation,Wind Offshore | Actual Aggregated,2026-05-29T22:18:42Z
2026-05-29T22:17:36Z,2026-05-30T00:17:36+0200,e2390b4d-8b36-448a-b0e6-27aba52aab7b,2026-05-06T23:00:00Z,2026-05-07T01:00:00+0200,71.33,MW,FR,FR,actual_offshore_wind_generation,Wind Offshore | Actual Aggregated,2026-05-29T22:18:42Z
2026-05-29T22:17:36Z,2026-05-30T00:17:36+0200,e2390b4d-8b36-448a-b0e6-27aba52aab7b,2026-05-06T23:15:00Z,2026-05-07T01:15:00+0200,76.76,MW,FR,FR,actual_offshore_wind_generation,Wind Offshore | Actual Aggregated,2026-05-29T22:18:42Z
2026-05-29T22:17:36Z,2026-05-30T00:17:36+0200,e2390b4d-8b36-448a-b0e6-27aba52aab7b,2026-05-06T23:30:00Z,2026-05-07T01:30:00+0200,87.01,MW,FR,FR,actual_offshore_wind_generation,Wind Offshore | Actual Aggregated,2026-05-29T22:18:42Z
2026-05-29T22:17:36Z,2026-05-30T00:17:36+0200,e2390b4d-8b36-448a-b0e6-27aba52aab7b,2026-05-06T23:45:00Z,2026-05-07T01:45:00+0200,101.62,MW,FR,FR,actual_offshore_wind_generation,Wind Offshore | Actual Aggregated,2026-05-29T22:18:42Z
2026-05-29T22:17:36Z,2026-05-30T00:17:36+0200,e2390b4d-8b36-448a-b0e6-27aba52aab7b,2026-05-07T00:00:00Z,2026-05-07T02:00:00+0200,112.87,MW,FR,FR,actual_offshore_wind_generation,Wind Offshore | Actual Aggregated,2026-05-29T22:18:42Z
2026-05-29T22:17:36Z,2026-05-30T00:17:36+0200,e2390b4d-8b36-448a-b0e6-27aba52aab7b,2026-05-07T00:15:00Z,2026-05-07T02:15:00+0200,125.71,MW,FR,FR,actual_offshore_wind_generation,Wind Offshore | Actual Aggregated,2026-05-29T22:18:42Z
2026-05-29T22:17:36Z,2026-05-30T00:17:36+0200,e2390b4d-8b36-448a-b0e6-27aba52aab7b,2026-05-07T00:30:00Z,2026-05-07T02:30:00+0200,124.29,MW,FR,FR,actual_offshore_wind_generation,Wind Offshore | Actual Aggregated,2026-05-29T22:18:42Z
2026-05-29T22:17:36Z,2026-05-30T00:17:36+0200,e2390b4d-8b36-448a-b0e6-27aba52aab7b,2026-05-07T00:45:00Z,2026-05-07T02:45:00+0200,123.36,MW,FR,FR,actual_offshore_wind_generation,Wind Offshore | Actual Aggregated,2026-05-29T22:18:42Z
2026-05-29T22:17:36Z,2026-05-30T00:17:36+0200,e2390b4d-8b36-448a-b0e6-27aba52aab7b,2026-05-07T01:00:00Z,2026-05-07T03:00:00+0200,127.41,MW,FR,FR,actual_offshore_wind_generation,Wind Offshore | Actual Aggregated,2026-05-29T22:18:42Z
2026-05-29T22:17:36Z,2026-05-30T00:17:36+0200,e2390b4d-8b36-448a-b0e6-27aba52aab7b,2026-05-07T01:15:00Z,2026-05-07T03:15:00+0200,132.2,MW,FR,FR,actual_offshore_wind_generation,Wind Offshore | Actual Aggregated,2026-05-29T22:18:42Z
2026-05-29T22:17:36Z,2026-05-30T00:17:36+0200,e2390b4d-8b36-448a-b0e6-27aba52aab7b,2026-05-07T01:30:00Z,2026-05-07T03:30:00+0200,123.36,MW,FR,FR,actual_offshore_wind_generation,Wind Offshore | Actual Aggregated,2026-05-29T22:18:42Z
2026-05-29T22:17:36Z,2026-05-30T00:17:36+0200,e2390b4d-8b36-448a-b0e6-27aba52aab7b,2026-05-07T01:45:00Z,2026-05-07T03:45:00+0200,118.87,MW,FR,FR,actual_offshore_wind_generation,Wind Offshore | Actual Aggregated,2026-05-29T22:18:42Z
2026-05-29T22:17:36Z,2026-05-30T00:17:36+0200,e2390b4d-8b36-448a-b0e6-27aba52aab7b,2026-05-07T02:00:00Z,2026-05-07T04:00:00+0200,111.12,MW,FR,FR,actual_offshore_wind_generation,Wind Offshore | Actual Aggregated,2026-05-29T22:18:42Z
2026-05-29T22:17:36Z,2026-05-30T00:17:36+0200,e2390b4d-8b36-448a-b0e6-27aba52aab7b,2026-05-07T02:15:00Z,2026-05-07T04:15:00+0200,102.64,MW,FR,FR,actual_offshore_wind_generation,Wind Offshore | Actual Aggregated,2026-05-29T22:18:42Z
2026-05-29T22:17:36Z,2026-05-30T00:17:36+0200,e2390b4d-8b36-448a-b0e6-27aba52aab7b,2026-05-07T02:30:00Z,2026-05-07T04:30:00+0200,110.47,MW,FR,FR,actual_offshore_wind_generation,Wind Offshore | Actual Aggregated,2026-05-29T22:18:42Z
2026-05-29T22:17:36Z,2026-05-30T00:17:36+0200,e2390b4d-8b36-448a-b0e6-27aba52aab7b,2026-05-07T02:45:00Z,2026-05-07T04:45:00+0200,114.97,MW,FR,FR,actual_offshore_wind_generation,Wind Offshore | Actual Aggregated,2026-05-29T22:18:42Z
2026-05-29T22:17:36Z,2026-05-30T00:17:36+0200,e2390b4d-8b36-448a-b0e6-27aba52aab7b,2026-05-07T03:00:00Z,2026-05-07T05:00:00+0200,125.46,MW,FR,FR,actual_offshore_wind_generation,Wind Offshore | Actual Aggregated,2026-05-29T22:18:42Z
2026-05-29T22:17:36Z,2026-05-30T00:17:36+0200,e2390b4d-8b36-448a-b0e6-27aba52aab7b,2026-05-07T03:15:00Z,2026-05-07T05:15:00+0200,129.8,MW,FR,FR,actual_offshore_wind_generation,Wind Offshore | Actual Aggregated,2026-05-29T22:18:42Z
2026-05-29T22:17:36Z,2026-05-30T00:17:36+0200,e2390b4d-8b36-448a-b0e6-27aba52aab7b,2026-05-07T03:30:00Z,2026-05-07T05:30:00+0200,122.42,MW,FR,FR,actual_offshore_wind_generation,Wind Offshore | Actual Aggregated,2026-05-29T22:18:42Z
2026-05-29T22:17:36Z,2026-05-30T00:17:36+0200,e2390b4d-8b36-448a-b0e6-27aba52aab7b,2026-05-07T03:45:00Z,2026-05-07T05:45:00+0200,115.57,MW,FR,FR,actual_offshore_wind_generation,Wind Offshore | Actual Aggregated,2026-05-29T22:18:42Z
2026-05-29T22:17:36Z,2026-05-30T00:17:36+0200,e2390b4d-8b36-448a-b0e6-27aba52aab7b,2026-05-07T04:00:00Z,2026-05-07T06:00:00+0200,123.74,MW,FR,FR,actual_offshore_wind_generation,Wind Offshore | Actual Aggregated,2026-05-29T22:18:42Z
2026-05-29T22:17:36Z,2026-05-30T00:17:36+0200,e2390b4d-8b36-448a-b0e6-27aba52aab7b,2026-05-07T04:15:00Z,2026-05-07T06:15:00+0200,138.59,MW,FR,FR,actual_offshore_wind_generation,Wind Offshore | Actual Aggregated,2026-05-29T22:18:42Z
2026-05-29T22:17:36Z,2026-05-30T00:17:36+0200,e2390b4d-8b36-448a-b0e6-27aba52aab7b,2026-05-07T04:30:00Z,2026-05-07T06:30:00+0200,158.62,MW,FR,FR,actual_offshore_wind_generation,Wind Offshore | Actual Aggregated,2026-05-29T22:18:42Z
2026-05-29T22:17:36Z,2026-05-30T00:17:36+0200,e2390b4d-8b36-448a-b0e6-27aba52aab7b,2026-05-07T04:45:00Z,2026-05-07T06:45:00+0200,172.78,MW,FR,FR,actual_offshore_wind_generation,Wind Offshore | Actual Aggregated,2026-05-29T22:18:42Z
2026-05-29T22:17:36Z,2026-05-30T00:17:36+0200,e2390b4d-8b36-448a-b0e6-27aba52aab7b,2026-05-07T05:00:00Z,2026-05-07T07:00:00+0200,174.8,MW,FR,FR,actual_offshore_wind_generation,Wind Offshore | Actual Aggregated,2026-05-29T22:18:42Z
2026-05-29T22:17:36Z,2026-05-30T00:17:36+0200,e2390b4d-8b36-448a-b0e6-27aba52aab7b,2026-05-07T05:15:00Z,2026-05-07T07:15:00+0200,155.92,MW,FR,FR,actual_offshore_wind_generation,Wind Offshore | Actual Aggregated,2026-05-29T22:18:42Z
2026-05-29T22:17:36Z,2026-05-30T00:17:36+0200,e2390b4d-8b36-448a-b0e6-27aba52aab7b,2026-05-07T05:30:00Z,2026-05-07T07:30:00+0200,151.03,MW,FR,FR,actual_offshore_wind_generation,Wind Offshore | Actual Aggregated,2026-05-29T22:18:42Z
2026-05-29T22:17:36Z,2026-05-30T00:17:36+0200,e2390b4d-8b36-448a-b0e6-27aba52aab7b,2026-05-07T05:45:00Z,2026-05-07T07:45:00+0200,156.18,MW,FR,FR,actual_offshore_wind_generation,Wind Offshore | Actual Aggregated,2026-05-29T22:18:42Z
2026-05-29T22:17:36Z,2026-05-30T00:17:36+0200,e2390b4d-8b36-448a-b0e6-27aba52aab7b,2026-05-07T06:00:00Z,2026-05-07T08:00:00+0200,153.86,MW,FR,FR,actual_offshore_wind_generation,Wind Offshore | Actual Aggregated,2026-05-29T22:18:42Z
2026-05-29T22:17:36Z,2026-05-30T00:17:36+0200,e2390b4d-8b36-448a-b0e6-27aba52aab7b,2026-05-07T06:15:00Z,2026-05-07T08:15:00+0200,157.84,MW,FR,FR,actual_offshore_wind_generation,Wind Offshore | Actual Aggregated,2026-05-29T22:18:42Z
2026-05-29T22:17:36Z,2026-05-30T00:17:36+0200,e2390b4d-8b36-448a-b0e6-27aba52aab7b,2026-05-07T06:30:00Z,2026-05-07T08:30:00+0200,165.42,MW,FR,FR,actual_offshore_wind_generation,Wind Offshore | Actual Aggregated,2026-05-29T22:18:42Z
2026-05-29T22:17:36Z,2026-05-30T00:17:36+0200,e2390b4d-8b36-448a-b0e6-27aba52aab7b,2026-05-07T06:45:00Z,2026-05-07T08:45:00+0200,175.44,MW,FR,FR,actual_offshore_wind_generation,Wind Offshore | Actual Aggregated,2026-05-29T22:18:42Z
2026-05-29T22:17:36Z,2026-05-30T00:17:36+0200,e2390b4d-8b36-448a-b0e6-27aba52aab7b,2026-05-07T07:00:00Z,2026-05-07T09:00:00+0200,172.29,MW,FR,FR,actual_offshore_wind_generation,Wind Offshore | Actual Aggregated,2026-05-29T22:18:42Z
2026-05-29T22:17:36Z,2026-05-30T00:17:36+0200,e2390b4d-8b36-448a-b0e6-27aba52aab7b,2026-05-07T07:15:00Z,2026-05-07T09:15:00+0200,170.82,MW,FR,FR,actual_offshore_wind_generation,Wind Offshore | Actual Aggregated,2026-05-29T22:18:42Z
2026-05-29T22:17:36Z,2026-05-30T00:17:36+0200,e2390b4d-8b36-448a-b0e6-27aba52aab7b,2026-05-07T07:30:00Z,2026-05-07T09:30:00+0200,174.78,MW,FR,FR,actual_offshore_wind_generation,Wind Offshore | Actual Aggregated,2026-05-29T22:18:42Z
2026-05-29T22:17:36Z,2026-05-30T00:17:36+0200,e2390b4d-8b36-448a-b0e6-27aba52aab7b,2026-05-07T07:45:00Z,2026-05-07T09:45:00+0200,165.33,MW,FR,FR,actual_offshore_wind_generation,Wind Offshore | Actual Aggregated,2026-05-29T22:18:42Z
2026-05-29T22:17:36Z,2026-05-30T00:17:36+0200,e2390b4d-8b36-448a-b0e6-27aba52aab7b,2026-05-07T08:00:00Z,2026-05-07T10:00:00+0200,157.36,MW,FR,FR,actual_offshore_wind_generation,Wind Offshore | Actual Aggregated,2026-05-29T22:18:42Z
2026-05-29T22:17:36Z,2026-05-30T00:17:36+0200,e2390b4d-8b36-448a-b0e6-27aba52aab7b,2026-05-07T08:15:00Z,2026-05-07T10:15:00+0200,158.62,MW,FR,FR,actual_offshore_wind_generation,Wind Offshore | Actual Aggregated,2026-05-29T22:18:42Z
2026-05-29T22:17:36Z,2026-05-30T00:17:36+0200,e2390b4d-8b36-448a-b0e6-27aba52aab7b,2026-05-07T08:30:00Z,2026-05-07T10:30:00+0200,145.2,MW,FR,FR,actual_offshore_wind_generation,Wind Offshore | Actual Aggregated,2026-05-29T22:18:42Z
2026-05-29T22:17:36Z,2026-05-30T00:17:36+0200,e2390b4d-8b36-448a-b0e6-27aba52aab7b,2026-05-07T08:45:00Z,2026-05-07T10:45:00+0200,134.58,MW,FR,FR,actual_offshore_wind_generation,Wind Offshore | Actual Aggregated,2026-05-29T22:18:42Z
2026-05-29T22:17:36Z,2026-05-30T00:17:36+0200,e2390b4d-8b36-448a-b0e6-27aba52aab7b,2026-05-07T09:00:00Z,2026-05-07T11:00:00+0200,115.86,MW,FR,FR,actual_offshore_wind_generation,Wind Offshore | Actual Aggregated,2026-05-29T22:18:42Z
2026-05-29T22:17:36Z,2026-05-30T00:17:36+0200,e2390b4d-8b36-448a-b0e6-27aba52aab7b,2026-05-07T09:15:00Z,2026-05-07T11:15:00+0200,109.93,MW,FR,FR,actual_offshore_wind_generation,Wind Offshore | Actual Aggregated,2026-05-29T22:18:42Z
2026-05-29T22:17:36Z,2026-05-30T00:17:36+0200,e2390b4d-8b36-448a-b0e6-27aba52aab7b,2026-05-07T09:30:00Z,2026-05-07T11:30:00+0200,103.0,MW,FR,FR,actual_offshore_wind_generation,Wind Offshore | Actual Aggregated,2026-05-29T22:18:42Z
2026-05-29T22:17:36Z,2026-05-30T00:17:36+0200,e2390b4d-8b36-448a-b0e6-27aba52aab7b,2026-05-07T09:45:00Z,2026-05-07T11:45:00+0200,85.87,MW,FR,FR,actual_offshore_wind_generation,Wind Offshore | Actual Aggregated,2026-05-29T22:18:42Z
2026-05-29T22:17:36Z,2026-05-30T00:17:36+0200,e2390b4d-8b36-448a-b0e6-27aba52aab7b,2026-05-07T10:00:00Z,2026-05-07T12:00:00+0200,65.76,MW,FR,FR,actual_offshore_wind_generation,Wind Offshore | Actual Aggregated,2026-05-29T22:18:42Z
2026-05-29T22:17:36Z,2026-05-30T00:17:36+0200,e2390b4d-8b36-448a-b0e6-27aba52aab7b,2026-05-07T10:15:00Z,2026-05-07T12:15:00+0200,57.12,MW,FR,FR,actual_offshore_wind_generation,Wind Offshore | Actual Aggregated,2026-05-29T22:18:42Z
2026-05-29T22:17:36Z,2026-05-30T00:17:36+0200,e2390b4d-8b36-448a-b0e6-27aba52aab7b,2026-05-07T10:30:00Z,2026-05-07T12:30:00+0200,76.75,MW,FR,FR,actual_offshore_wind_generation,Wind Offshore | Actual Aggregated,2026-05-29T22:18:42Z
2026-05-29T22:17:36Z,2026-05-30T00:17:36+0200,e2390b4d-8b36-448a-b0e6-27aba52aab7b,2026-05-07T10:45:00Z,2026-05-07T12:45:00+0200,100.22,MW,FR,FR,actual_offshore_wind_generation,Wind Offshore | Actual Aggregated,2026-05-29T22:18:42Z
2026-05-29T22:17:36Z,2026-05-30T00:17:36+0200,e2390b4d-8b36-448a-b0e6-27aba52aab7b,2026-05-07T11:00:00Z,2026-05-07T13:00:00+0200,101.79,MW,FR,FR,actual_offshore_wind_generation,Wind Offshore | Actual Aggregated,2026-05-29T22:18:42Z
2026-05-29T22:17:36Z,2026-05-30T00:17:36+0200,e2390b4d-8b36-448a-b0e6-27aba52aab7b,2026-05-07T11:15:00Z,2026-05-07T13:15:00+0200,100.04,MW,FR,FR,actual_offshore_wind_generation,Wind Offshore | Actual Aggregated,2026-05-29T22:18:42Z
2026-05-29T22:17:36Z,2026-05-30T00:17:36+0200,e2390b4d-8b36-448a-b0e6-27aba52aab7b,2026-05-07T11:30:00Z,2026-05-07T13:30:00+0200,98.14,MW,FR,FR,actual_offshore_wind_generation,Wind Offshore | Actual Aggregated,2026-05-29T22:18:42Z
2026-05-29T22:17:36Z,2026-05-30T00:17:36+0200,e2390b4d-8b36-448a-b0e6-27aba52aab7b,2026-05-07T11:45:00Z,2026-05-07T13:45:00+0200,103.35,MW,FR,FR,actual_offshore_wind_generation,Wind Offshore | Actual Aggregated,2026-05-29T22:18:42Z
2026-05-29T22:17:36Z,2026-05-30T00:17:36+0200,e2390b4d-8b36-448a-b0e6-27aba52aab7b,2026-05-07T12:00:00Z,2026-05-07T14:00:00+0200,112.69,MW,FR,FR,actual_offshore_wind_generation,Wind Offshore | Actual Aggregated,2026-05-29T22:18:42Z
2026-05-29T22:17:36Z,2026-05-30T00:17:36+0200,e2390b4d-8b36-448a-b0e6-27aba52aab7b,2026-05-07T12:15:00Z,2026-05-07T14:15:00+0200,126.22,MW,FR,FR,actual_offshore_wind_generation,Wind Offshore | Actual Aggregated,2026-05-29T22:18:42Z
2026-05-29T22:17:36Z,2026-05-30T00:17:36+0200,e2390b4d-8b36-448a-b0e6-27aba52aab7b,2026-05-07T12:30:00Z,2026-05-07T14:30:00+0200,117.02,MW,FR,FR,actual_offshore_wind_generation,Wind Offshore | Actual Aggregated,2026-05-29T22:18:42Z
2026-05-29T22:17:36Z,2026-05-30T00:17:36+0200,e2390b4d-8b36-448a-b0e6-27aba52aab7b,2026-05-07T12:45:00Z,2026-05-07T14:45:00+0200,119.77,MW,FR,FR,actual_offshore_wind_generation,Wind Offshore | Actual Aggregated,2026-05-29T22:18:42Z
2026-05-29T22:17:36Z,2026-05-30T00:17:36+0200,e2390b4d-8b36-448a-b0e6-27aba52aab7b,2026-05-07T13:00:00Z,2026-05-07T15:00:00+0200,118.76,MW,FR,FR,actual_offshore_wind_generation,Wind Offshore | Actual Aggregated,2026-05-29T22:18:42Z
2026-05-29T22:17:36Z,2026-05-30T00:17:36+0200,e2390b4d-8b36-448a-b0e6-27aba52aab7b,2026-05-07T13:15:00Z,2026-05-07T15:15:00+0200,128.42,MW,FR,FR,actual_offshore_wind_generation,Wind Offshore | Actual Aggregated,2026-05-29T22:18:42Z
2026-05-29T22:17:36Z,2026-05-30T00:17:36+0200,e2390b4d-8b36-448a-b0e6-27aba52aab7b,2026-05-07T13:30:00Z,2026-05-07T15:30:00+0200,145.33,MW,FR,FR,actual_offshore_wind_generation,Wind Offshore | Actual Aggregated,2026-05-29T22:18:42Z
2026-05-29T22:17:36Z,2026-05-30T00:17:36+0200,e2390b4d-8b36-448a-b0e6-27aba52aab7b,2026-05-07T13:45:00Z,2026-05-07T15:45:00+0200,130.04,MW,FR,FR,actual_offshore_wind_generation,Wind Offshore | Actual Aggregated,2026-05-29T22:18:42Z
2026-05-29T22:17:36Z,2026-05-30T00:17:36+0200,e2390b4d-8b36-448a-b0e6-27aba52aab7b,2026-05-07T14:00:00Z,2026-05-07T16:00:00+0200,124.82,MW,FR,FR,actual_offshore_wind_generation,Wind Offshore | Actual Aggregated,2026-05-29T22:18:42Z
2026-05-29T22:17:36Z,2026-05-30T00:17:36+0200,e2390b4d-8b36-448a-b0e6-27aba52aab7b,2026-05-07T14:15:00Z,2026-05-07T16:15:00+0200,138.34,MW,FR,FR,actual_offshore_wind_generation,Wind Offshore | Actual Aggregated,2026-05-29T22:18:42Z
2026-05-29T22:17:36Z,2026-05-30T00:17:36+0200,e2390b4d-8b36-448a-b0e6-27aba52aab7b,2026-05-07T14:30:00Z,2026-05-07T16:30:00+0200,150.67,MW,FR,FR,actual_offshore_wind_generation,Wind Offshore | Actual Aggregated,2026-05-29T22:18:42Z
2026-05-29T22:17:36Z,2026-05-30T00:17:36+0200,e2390b4d-8b36-448a-b0e6-27aba52aab7b,2026-05-07T14:45:00Z,2026-05-07T16:45:00+0200,157.45,MW,FR,FR,actual_offshore_wind_generation,Wind Offshore | Actual Aggregated,2026-05-29T22:18:42Z
2026-05-29T22:17:36Z,2026-05-30T00:17:36+0200,e2390b4d-8b36-448a-b0e6-27aba52aab7b,2026-05-07T15:00:00Z,2026-05-07T17:00:00+0200,169.5,MW,FR,FR,actual_offshore_wind_generation,Wind Offshore | Actual Aggregated,2026-05-29T22:18:42Z
2026-05-29T22:17:36Z,2026-05-30T00:17:36+0200,e2390b4d-8b36-448a-b0e6-27aba52aab7b,2026-05-07T15:15:00Z,2026-05-07T17:15:00+0200,202.02,MW,FR,FR,actual_offshore_wind_generation,Wind Offshore | Actual Aggregated,2026-05-29T22:18:42Z
2026-05-29T22:17:36Z,2026-05-30T00:17:36+0200,e2390b4d-8b36-448a-b0e6-27aba52aab7b,2026-05-07T15:30:00Z,2026-05-07T17:30:00+0200,205.97,MW,FR,FR,actual_offshore_wind_generation,Wind Offshore | Actual Aggregated,2026-05-29T22:18:42Z
2026-05-29T22:17:36Z,2026-05-30T00:17:36+0200,e2390b4d-8b36-448a-b0e6-27aba52aab7b,2026-05-07T15:45:00Z,2026-05-07T17:45:00+0200,212.57,MW,FR,FR,actual_offshore_wind_generation,Wind Offshore | Actual Aggregated,2026-05-29T22:18:42Z
2026-05-29T22:17:36Z,2026-05-30T00:17:36+0200,e2390b4d-8b36-448a-b0e6-27aba52aab7b,2026-05-07T16:00:00Z,2026-05-07T18:00:00+0200,180.65,MW,FR,FR,actual_offshore_wind_generation,Wind Offshore | Actual Aggregated,2026-05-29T22:18:42Z
2026-05-29T22:17:36Z,2026-05-30T00:17:36+0200,e2390b4d-8b36-448a-b0e6-27aba52aab7b,2026-05-07T16:15:00Z,2026-05-07T18:15:00+0200,102.6,MW,FR,FR,actual_offshore_wind_generation,Wind Offshore | Actual Aggregated,2026-05-29T22:18:42Z
2026-05-29T22:17:36Z,2026-05-30T00:17:36+0200,e2390b4d-8b36-448a-b0e6-27aba52aab7b,2026-05-07T16:30:00Z,2026-05-07T18:30:00+0200,43.61,MW,FR,FR,actual_offshore_wind_generation,Wind Offshore | Actual Aggregated,2026-05-29T22:18:42Z
2026-05-29T22:17:36Z,2026-05-30T00:17:36+0200,e2390b4d-8b36-448a-b0e6-27aba52aab7b,2026-05-07T16:45:00Z,2026-05-07T18:45:00+0200,33.68,MW,FR,FR,actual_offshore_wind_generation,Wind Offshore | Actual Aggregated,2026-05-29T22:18:42Z
2026-05-29T22:17:36Z,2026-05-30T00:17:36+0200,e2390b4d-8b36-448a-b0e6-27aba52aab7b,2026-05-07T17:00:00Z,2026-05-07T19:00:00+0200,51.09,MW,FR,FR,actual_offshore_wind_generation,Wind Offshore | Actual Aggregated,2026-05-29T22:18:42Z
2026-05-29T22:17:36Z,2026-05-30T00:17:36+0200,e2390b4d-8b36-448a-b0e6-27aba52aab7b,2026-05-07T17:15:00Z,2026-05-07T19:15:00+0200,74.42,MW,FR,FR,actual_offshore_wind_generation,Wind Offshore | Actual Aggregated,2026-05-29T22:18:42Z
2026-05-29T22:17:36Z,2026-05-30T00:17:36+0200,e2390b4d-8b36-448a-b0e6-27aba52aab7b,2026-05-07T17:30:00Z,2026-05-07T19:30:00+0200,80.5,MW,FR,FR,actual_offshore_wind_generation,Wind Offshore | Actual Aggregated,2026-05-29T22:18:42Z
2026-05-29T22:17:36Z,2026-05-30T00:17:36+0200,e2390b4d-8b36-448a-b0e6-27aba52aab7b,2026-05-07T17:45:00Z,2026-05-07T19:45:00+0200,77.92,MW,FR,FR,actual_offshore_wind_generation,Wind Offshore | Actual Aggregated,2026-05-29T22:18:42Z
2026-05-29T22:17:36Z,2026-05-30T00:17:36+0200,e2390b4d-8b36-448a-b0e6-27aba52aab7b,2026-05-07T18:00:00Z,2026-05-07T20:00:00+0200,85.79,MW,FR,FR,actual_offshore_wind_generation,Wind Offshore | Actual Aggregated,2026-05-29T22:18:42Z
2026-05-29T22:17:36Z,2026-05-30T00:17:36+0200,e2390b4d-8b36-448a-b0e6-27aba52aab7b,2026-05-07T18:15:00Z,2026-05-07T20:15:00+0200,91.52,MW,FR,FR,actual_offshore_wind_generation,Wind Offshore | Actual Aggregated,2026-05-29T22:18:42Z
2026-05-29T22:17:36Z,2026-05-30T00:17:36+0200,e2390b4d-8b36-448a-b0e6-27aba52aab7b,2026-05-07T18:30:00Z,2026-05-07T20:30:00+0200,111.6,MW,FR,FR,actual_offshore_wind_generation,Wind Offshore | Actual Aggregated,2026-05-29T22:18:42Z
2026-05-29T22:17:36Z,2026-05-30T00:17:36+0200,e2390b4d-8b36-448a-b0e6-27aba52aab7b,2026-05-07T18:45:00Z,2026-05-07T20:45:00+0200,113.11,MW,FR,FR,actual_offshore_wind_generation,Wind Offshore | Actual Aggregated,2026-05-29T22:18:42Z
2026-05-29T22:17:36Z,2026-05-30T00:17:36+0200,e2390b4d-8b36-448a-b0e6-27aba52aab7b,2026-05-07T19:00:00Z,2026-05-07T21:00:00+0200,107.02,MW,FR,FR,actual_offshore_wind_generation,Wind Offshore | Actual Aggregated,2026-05-29T22:18:42Z
2026-05-29T22:17:36Z,2026-05-30T00:17:36+0200,e2390b4d-8b36-448a-b0e6-27aba52aab7b,2026-05-07T19:15:00Z,2026-05-07T21:15:00+0200,104.38,MW,FR,FR,actual_offshore_wind_generation,Wind Offshore | Actual Aggregated,2026-05-29T22:18:42Z
2026-05-29T22:17:36Z,2026-05-30T00:17:36+0200,e2390b4d-8b36-448a-b0e6-27aba52aab7b,2026-05-07T19:30:00Z,2026-05-07T21:30:00+0200,106.24,MW,FR,FR,actual_offshore_wind_generation,Wind Offshore | Actual Aggregated,2026-05-29T22:18:42Z
2026-05-29T22:17:36Z,2026-05-30T00:17:36+0200,e2390b4d-8b36-448a-b0e6-27aba52aab7b,2026-05-07T19:45:00Z,2026-05-07T21:45:00+0200,152.91,MW,FR,FR,actual_offshore_wind_generation,Wind Offshore | Actual Aggregated,2026-05-29T22:18:42Z
2026-05-29T22:17:36Z,2026-05-30T00:17:36+0200,e2390b4d-8b36-448a-b0e6-27aba52aab7b,2026-05-07T20:00:00Z,2026-05-07T22:00:00+0200,155.13,MW,FR,FR,actual_offshore_wind_generation,Wind Offshore | Actual Aggregated,2026-05-29T22:18:42Z
2026-05-29T22:17:36Z,2026-05-30T00:17:36+0200,e2390b4d-8b36-448a-b0e6-27aba52aab7b,2026-05-07T20:15:00Z,2026-05-07T22:15:00+0200,145.53,MW,FR,FR,actual_offshore_wind_generation,Wind Offshore | Actual Aggregated,2026-05-29T22:18:42Z
2026-05-29T22:17:36Z,2026-05-30T00:17:36+0200,e2390b4d-8b36-448a-b0e6-27aba52aab7b,2026-05-07T20:30:00Z,2026-05-07T22:30:00+0200,148.82,MW,FR,FR,actual_offshore_wind_generation,Wind Offshore | Actual Aggregated,2026-05-29T22:18:42Z
2026-05-29T22:17:36Z,2026-05-30T00:17:36+0200,e2390b4d-8b36-448a-b0e6-27aba52aab7b,2026-05-07T20:45:00Z,2026-05-07T22:45:00+0200,136.6,MW,FR,FR,actual_offshore_wind_generation,Wind Offshore | Actual Aggregated,2026-05-29T22:18:42Z
2026-05-29T22:17:36Z,2026-05-30T00:17:36+0200,e2390b4d-8b36-448a-b0e6-27aba52aab7b,2026-05-07T21:00:00Z,2026-05-07T23:00:00+0200,137.16,MW,FR,FR,actual_offshore_wind_generation,Wind Offshore | Actual Aggregated,2026-05-29T22:18:42Z
2026-05-29T22:17:36Z,2026-05-30T00:17:36+0200,e2390b4d-8b36-448a-b0e6-27aba52aab7b,2026-05-07T21:15:00Z,2026-05-07T23:15:00+0200,144.17,MW,FR,FR,actual_offshore_wind_generation,Wind Offshore | Actual Aggregated,2026-05-29T22:18:42Z
2026-05-29T22:17:36Z,2026-05-30T00:17:36+0200,e2390b4d-8b36-448a-b0e6-27aba52aab7b,2026-05-07T21:30:00Z,2026-05-07T23:30:00+0200,124.74,MW,FR,FR,actual_offshore_wind_generation,Wind Offshore | Actual Aggregated,2026-05-29T22:18:42Z
2026-05-29T22:17:36Z,2026-05-30T00:17:36+0200,e2390b4d-8b36-448a-b0e6-27aba52aab7b,2026-05-07T21:45:00Z,2026-05-07T23:45:00+0200,121.53,MW,FR,FR,actual_offshore_wind_generation,Wind Offshore | Actual Aggregated,2026-05-29T22:18:42Z
2026-05-29T22:17:36Z,2026-05-30T00:17:36+0200,e2390b4d-8b36-448a-b0e6-27aba52aab7b,2026-05-07T22:00:00Z,2026-05-08T00:00:00+0200,126.5,MW,FR,FR,actual_offshore_wind_generation,Wind Offshore | Actual Aggregated,2026-05-29T22:18:42Z
2026-05-29T22:17:36Z,2026-05-30T00:17:36+0200,e2390b4d-8b36-448a-b0e6-27aba52aab7b,2026-05-07T22:15:00Z,2026-05-08T00:15:00+0200,123.85,MW,FR,FR,actual_offshore_wind_generation,Wind Offshore | Actual Aggregated,2026-05-29T22:18:42Z
2026-05-29T22:17:36Z,2026-05-30T00:17:36+0200,e2390b4d-8b36-448a-b0e6-27aba52aab7b,2026-05-07T22:30:00Z,2026-05-08T00:30:00+0200,141.92,MW,FR,FR,actual_offshore_wind_generation,Wind Offshore | Actual Aggregated,2026-05-29T22:18:42Z
2026-05-29T22:17:36Z,2026-05-30T00:17:36+0200,e2390b4d-8b36-448a-b0e6-27aba52aab7b,2026-05-07T22:45:00Z,2026-05-08T00:45:00+0200,151.24,MW,FR,FR,actual_offshore_wind_generation,Wind Offshore | Actual Aggregated,2026-05-29T22:18:42Z
2026-05-29T22:17:36Z,2026-05-30T00:17:36+0200,e2390b4d-8b36-448a-b0e6-27aba52aab7b,2026-05-07T23:00:00Z,2026-05-08T01:00:00+0200,154.18,MW,FR,FR,actual_offshore_wind_generation,Wind Offshore | Actual Aggregated,2026-05-29T22:18:42Z
2026-05-29T22:17:36Z,2026-05-30T00:17:36+0200,e2390b4d-8b36-448a-b0e6-27aba52aab7b,2026-05-07T23:15:00Z,2026-05-08T01:15:00+0200,132.67,MW,FR,FR,actual_offshore_wind_generation,Wind Offshore | Actual Aggregated,2026-05-29T22:18:42Z
2026-05-29T22:17:36Z,2026-05-30T00:17:36+0200,e2390b4d-8b36-448a-b0e6-27aba52aab7b,2026-05-07T23:30:00Z,2026-05-08T01:30:00+0200,101.27,MW,FR,FR,actual_offshore_wind_generation,Wind Offshore | Actual Aggregated,2026-05-29T22:18:42Z
2026-05-29T22:17:36Z,2026-05-30T00:17:36+0200,e2390b4d-8b36-448a-b0e6-27aba52aab7b,2026-05-07T23:45:00Z,2026-05-08T01:45:00+0200,96.22,MW,FR,FR,actual_offshore_wind_generation,Wind Offshore | Actual Aggregated,2026-05-29T22:18:42Z
2026-05-29T22:17:36Z,2026-05-30T00:17:36+0200,e2390b4d-8b36-448a-b0e6-27aba52aab7b,2026-05-08T00:00:00Z,2026-05-08T02:00:00+0200,92.19,MW,FR,FR,actual_offshore_wind_generation,Wind Offshore | Actual Aggregated,2026-05-29T22:18:42Z
2026-05-29T22:17:36Z,2026-05-30T00:17:36+0200,e2390b4d-8b36-448a-b0e6-27aba52aab7b,2026-05-08T00:15:00Z,2026-05-08T02:15:00+0200,97.43,MW,FR,FR,actual_offshore_wind_generation,Wind Offshore | Actual Aggregated,2026-05-29T22:18:42Z
2026-05-29T22:17:36Z,2026-05-30T00:17:36+0200,e2390b4d-8b36-448a-b0e6-27aba52aab7b,2026-05-08T00:30:00Z,2026-05-08T02:30:00+0200,98.62,MW,FR,FR,actual_offshore_wind_generation,Wind Offshore | Actual Aggregated,2026-05-29T22:18:42Z
2026-05-29T22:17:36Z,2026-05-30T00:17:36+0200,e2390b4d-8b36-448a-b0e6-27aba52aab7b,2026-05-08T00:45:00Z,2026-05-08T02:45:00+0200,113.84,MW,FR,FR,actual_offshore_wind_generation,Wind Offshore | Actual Aggregated,2026-05-29T22:18:42Z
2026-05-29T22:17:36Z,2026-05-30T00:17:36+0200,e2390b4d-8b36-448a-b0e6-27aba52aab7b,2026-05-08T01:00:00Z,2026-05-08T03:00:00+0200,133.48,MW,FR,FR,actual_offshore_wind_generation,Wind Offshore | Actual Aggregated,2026-05-29T22:18:42Z
2026-05-29T22:17:36Z,2026-05-30T00:17:36+0200,e2390b4d-8b36-448a-b0e6-27aba52aab7b,2026-05-08T01:15:00Z,2026-05-08T03:15:00+0200,157.43,MW,FR,FR,actual_offshore_wind_generation,Wind Offshore | Actual Aggregated,2026-05-29T22:18:42Z
2026-05-29T22:17:36Z,2026-05-30T00:17:36+0200,e2390b4d-8b36-448a-b0e6-27aba52aab7b,2026-05-08T01:30:00Z,2026-05-08T03:30:00+0200,168.47,MW,FR,FR,actual_offshore_wind_generation,Wind Offshore | Actual Aggregated,2026-05-29T22:18:42Z
2026-05-29T22:17:36Z,2026-05-30T00:17:36+0200,e2390b4d-8b36-448a-b0e6-27aba52aab7b,2026-05-08T01:45:00Z,2026-05-08T03:45:00+0200,186.64,MW,FR,FR,actual_offshore_wind_generation,Wind Offshore | Actual Aggregated,2026-05-29T22:18:42Z
2026-05-29T22:17:36Z,2026-05-30T00:17:36+0200,e2390b4d-8b36-448a-b0e6-27aba52aab7b,2026-05-08T02:00:00Z,2026-05-08T04:00:00+0200,221.5,MW,FR,FR,actual_offshore_wind_generation,Wind Offshore | Actual Aggregated,2026-05-29T22:18:42Z
2026-05-29T22:17:36Z,2026-05-30T00:17:36+0200,e2390b4d-8b36-448a-b0e6-27aba52aab7b,2026-05-08T02:15:00Z,2026-05-08T04:15:00+0200,221.84,MW,FR,FR,actual_offshore_wind_generation,Wind Offshore | Actual Aggregated,2026-05-29T22:18:42Z
2026-05-29T22:17:36Z,2026-05-30T00:17:36+0200,e2390b4d-8b36-448a-b0e6-27aba52aab7b,2026-05-08T02:30:00Z,2026-05-08T04:30:00+0200,236.05,MW,FR,FR,actual_offshore_wind_generation,Wind Offshore | Actual Aggregated,2026-05-29T22:18:42Z
2026-05-29T22:17:36Z,2026-05-30T00:17:36+0200,e2390b4d-8b36-448a-b0e6-27aba52aab7b,2026-05-08T02:45:00Z,2026-05-08T04:45:00+0200,254.88,MW,FR,FR,actual_offshore_wind_generation,Wind Offshore | Actual Aggregated,2026-05-29T22:18:42Z
2026-05-29T22:17:36Z,2026-05-30T00:17:36+0200,e2390b4d-8b36-448a-b0e6-27aba52aab7b,2026-05-08T03:00:00Z,2026-05-08T05:00:00+0200,227.18,MW,FR,FR,actual_offshore_wind_generation,Wind Offshore | Actual Aggregated,2026-05-29T22:18:42Z
2026-05-29T22:17:36Z,2026-05-30T00:17:36+0200,e2390b4d-8b36-448a-b0e6-27aba52aab7b,2026-05-08T03:15:00Z,2026-05-08T05:15:00+0200,189.72,MW,FR,FR,actual_offshore_wind_generation,Wind Offshore | Actual Aggregated,2026-05-29T22:18:42Z
2026-05-29T22:17:36Z,2026-05-30T00:17:36+0200,e2390b4d-8b36-448a-b0e6-27aba52aab7b,2026-05-08T03:30:00Z,2026-05-08T05:30:00+0200,174.65,MW,FR,FR,actual_offshore_wind_generation,Wind Offshore | Actual Aggregated,2026-05-29T22:18:42Z
2026-05-29T22:17:36Z,2026-05-30T00:17:36+0200,e2390b4d-8b36-448a-b0e6-27aba52aab7b,2026-05-08T03:45:00Z,2026-05-08T05:45:00+0200,179.84,MW,FR,FR,actual_offshore_wind_generation,Wind Offshore | Actual Aggregated,2026-05-29T22:18:42Z
2026-05-29T22:17:36Z,2026-05-30T00:17:36+0200,e2390b4d-8b36-448a-b0e6-27aba52aab7b,2026-05-08T04:00:00Z,2026-05-08T06:00:00+0200,190.53,MW,FR,FR,actual_offshore_wind_generation,Wind Offshore | Actual Aggregated,2026-05-29T22:18:42Z
2026-05-29T22:17:36Z,2026-05-30T00:17:36+0200,e2390b4d-8b36-448a-b0e6-27aba52aab7b,2026-05-08T04:15:00Z,2026-05-08T06:15:00+0200,196.04,MW,FR,FR,actual_offshore_wind_generation,Wind Offshore | Actual Aggregated,2026-05-29T22:18:42Z
2026-05-29T22:17:36Z,2026-05-30T00:17:36+0200,e2390b4d-8b36-448a-b0e6-27aba52aab7b,2026-05-08T04:30:00Z,2026-05-08T06:30:00+0200,201.23,MW,FR,FR,actual_offshore_wind_generation,Wind Offshore | Actual Aggregated,2026-05-29T22:18:42Z
2026-05-29T22:17:36Z,2026-05-30T00:17:36+0200,e2390b4d-8b36-448a-b0e6-27aba52aab7b,2026-05-08T04:45:00Z,2026-05-08T06:45:00+0200,223.31,MW,FR,FR,actual_offshore_wind_generation,Wind Offshore | Actual Aggregated,2026-05-29T22:18:42Z
2026-05-29T22:17:36Z,2026-05-30T00:17:36+0200,e2390b4d-8b36-448a-b0e6-27aba52aab7b,2026-05-08T05:00:00Z,2026-05-08T07:00:00+0200,229.92,MW,FR,FR,actual_offshore_wind_generation,Wind Offshore | Actual Aggregated,2026-05-29T22:18:42Z
2026-05-29T22:17:36Z,2026-05-30T00:17:36+0200,e2390b4d-8b36-448a-b0e6-27aba52aab7b,2026-05-08T05:15:00Z,2026-05-08T07:15:00+0200,202.87,MW,FR,FR,actual_offshore_wind_generation,Wind Offshore | Actual Aggregated,2026-05-29T22:18:42Z
2026-05-29T22:17:36Z,2026-05-30T00:17:36+0200,e2390b4d-8b36-448a-b0e6-27aba52aab7b,2026-05-08T05:30:00Z,2026-05-08T07:30:00+0200,188.59,MW,FR,FR,actual_offshore_wind_generation,Wind Offshore | Actual Aggregated,2026-05-29T22:18:42Z
2026-05-29T22:17:36Z,2026-05-30T00:17:36+0200,e2390b4d-8b36-448a-b0e6-27aba52aab7b,2026-05-08T05:45:00Z,2026-05-08T07:45:00+0200,190.55,MW,FR,FR,actual_offshore_wind_generation,Wind Offshore | Actual Aggregated,2026-05-29T22:18:42Z
2026-05-29T22:17:36Z,2026-05-30T00:17:36+0200,e2390b4d-8b36-448a-b0e6-27aba52aab7b,2026-05-08T06:00:00Z,2026-05-08T08:00:00+0200,193.19,MW,FR,FR,actual_offshore_wind_generation,Wind Offshore | Actual Aggregated,2026-05-29T22:18:42Z
2026-05-29T22:17:36Z,2026-05-30T00:17:36+0200,e2390b4d-8b36-448a-b0e6-27aba52aab7b,2026-05-08T06:15:00Z,2026-05-08T08:15:00+0200,165.09,MW,FR,FR,actual_offshore_wind_generation,Wind Offshore | Actual Aggregated,2026-05-29T22:18:42Z
2026-05-29T22:17:36Z,2026-05-30T00:17:36+0200,e2390b4d-8b36-448a-b0e6-27aba52aab7b,2026-05-08T06:30:00Z,2026-05-08T08:30:00+0200,137.44,MW,FR,FR,actual_offshore_wind_generation,Wind Offshore | Actual Aggregated,2026-05-29T22:18:42Z
2026-05-29T22:17:36Z,2026-05-30T00:17:36+0200,e2390b4d-8b36-448a-b0e6-27aba52aab7b,2026-05-08T06:45:00Z,2026-05-08T08:45:00+0200,108.61,MW,FR,FR,actual_offshore_wind_generation,Wind Offshore | Actual Aggregated,2026-05-29T22:18:42Z
2026-05-29T22:17:36Z,2026-05-30T00:17:36+0200,e2390b4d-8b36-448a-b0e6-27aba52aab7b,2026-05-08T07:00:00Z,2026-05-08T09:00:00+0200,96.67,MW,FR,FR,actual_offshore_wind_generation,Wind Offshore | Actual Aggregated,2026-05-29T22:18:42Z
2026-05-29T22:17:36Z,2026-05-30T00:17:36+0200,e2390b4d-8b36-448a-b0e6-27aba52aab7b,2026-05-08T07:15:00Z,2026-05-08T09:15:00+0200,96.59,MW,FR,FR,actual_offshore_wind_generation,Wind Offshore | Actual Aggregated,2026-05-29T22:18:42Z
2026-05-29T22:17:36Z,2026-05-30T00:17:36+0200,e2390b4d-8b36-448a-b0e6-27aba52aab7b,2026-05-08T07:30:00Z,2026-05-08T09:30:00+0200,84.88,MW,FR,FR,actual_offshore_wind_generation,Wind Offshore | Actual Aggregated,2026-05-29T22:18:42Z
2026-05-29T22:17:36Z,2026-05-30T00:17:36+0200,e2390b4d-8b36-448a-b0e6-27aba52aab7b,2026-05-08T07:45:00Z,2026-05-08T09:45:00+0200,63.61,MW,FR,FR,actual_offshore_wind_generation,Wind Offshore | Actual Aggregated,2026-05-29T22:18:42Z
2026-05-29T22:17:36Z,2026-05-30T00:17:36+0200,e2390b4d-8b36-448a-b0e6-27aba52aab7b,2026-05-08T08:00:00Z,2026-05-08T10:00:00+0200,61.01,MW,FR,FR,actual_offshore_wind_generation,Wind Offshore | Actual Aggregated,2026-05-29T22:18:42Z
2026-05-29T22:17:36Z,2026-05-30T00:17:36+0200,e2390b4d-8b36-448a-b0e6-27aba52aab7b,2026-05-08T08:15:00Z,2026-05-08T10:15:00+0200,58.7,MW,FR,FR,actual_offshore_wind_generation,Wind Offshore | Actual Aggregated,2026-05-29T22:18:42Z
2026-05-29T22:17:36Z,2026-05-30T00:17:36+0200,e2390b4d-8b36-448a-b0e6-27aba52aab7b,2026-05-08T08:30:00Z,2026-05-08T10:30:00+0200,68.48,MW,FR,FR,actual_offshore_wind_generation,Wind Offshore | Actual Aggregated,2026-05-29T22:18:42Z
2026-05-29T22:17:36Z,2026-05-30T00:17:36+0200,e2390b4d-8b36-448a-b0e6-27aba52aab7b,2026-05-08T08:45:00Z,2026-05-08T10:45:00+0200,75.18,MW,FR,FR,actual_offshore_wind_generation,Wind Offshore | Actual Aggregated,2026-05-29T22:18:42Z
2026-05-29T22:17:36Z,2026-05-30T00:17:36+0200,e2390b4d-8b36-448a-b0e6-27aba52aab7b,2026-05-08T09:00:00Z,2026-05-08T11:00:00+0200,76.46,MW,FR,FR,actual_offshore_wind_generation,Wind Offshore | Actual Aggregated,2026-05-29T22:18:42Z
2026-05-29T22:17:36Z,2026-05-30T00:17:36+0200,e2390b4d-8b36-448a-b0e6-27aba52aab7b,2026-05-08T09:15:00Z,2026-05-08T11:15:00+0200,75.49,MW,FR,FR,actual_offshore_wind_generation,Wind Offshore | Actual Aggregated,2026-05-29T22:18:42Z
2026-05-29T22:17:36Z,2026-05-30T00:17:36+0200,e2390b4d-8b36-448a-b0e6-27aba52aab7b,2026-05-08T09:30:00Z,2026-05-08T11:30:00+0200,86.63,MW,FR,FR,actual_offshore_wind_generation,Wind Offshore | Actual Aggregated,2026-05-29T22:18:42Z
2026-05-29T22:17:36Z,2026-05-30T00:17:36+0200,e2390b4d-8b36-448a-b0e6-27aba52aab7b,2026-05-08T09:45:00Z,2026-05-08T11:45:00+0200,100.04,MW,FR,FR,actual_offshore_wind_generation,Wind Offshore | Actual Aggregated,2026-05-29T22:18:42Z
2026-05-29T22:17:36Z,2026-05-30T00:17:36+0200,e2390b4d-8b36-448a-b0e6-27aba52aab7b,2026-05-08T10:00:00Z,2026-05-08T12:00:00+0200,114.21,MW,FR,FR,actual_offshore_wind_generation,Wind Offshore | Actual Aggregated,2026-05-29T22:18:42Z
2026-05-29T22:17:36Z,2026-05-30T00:17:36+0200,e2390b4d-8b36-448a-b0e6-27aba52aab7b,2026-05-08T10:15:00Z,2026-05-08T12:15:00+0200,116.27,MW,FR,FR,actual_offshore_wind_generation,Wind Offshore | Actual Aggregated,2026-05-29T22:18:42Z
2026-05-29T22:17:36Z,2026-05-30T00:17:36+0200,e2390b4d-8b36-448a-b0e6-27aba52aab7b,2026-05-08T10:30:00Z,2026-05-08T12:30:00+0200,124.9,MW,FR,FR,actual_offshore_wind_generation,Wind Offshore | Actual Aggregated,2026-05-29T22:18:42Z
2026-05-29T22:17:36Z,2026-05-30T00:17:36+0200,e2390b4d-8b36-448a-b0e6-27aba52aab7b,2026-05-08T10:45:00Z,2026-05-08T12:45:00+0200,131.74,MW,FR,FR,actual_offshore_wind_generation,Wind Offshore | Actual Aggregated,2026-05-29T22:18:42Z
2026-05-29T22:17:36Z,2026-05-30T00:17:36+0200,e2390b4d-8b36-448a-b0e6-27aba52aab7b,2026-05-08T11:00:00Z,2026-05-08T13:00:00+0200,131.25,MW,FR,FR,actual_offshore_wind_generation,Wind Offshore | Actual Aggregated,2026-05-29T22:18:42Z
2026-05-29T22:17:36Z,2026-05-30T00:17:36+0200,e2390b4d-8b36-448a-b0e6-27aba52aab7b,2026-05-08T11:15:00Z,2026-05-08T13:15:00+0200,142.98,MW,FR,FR,actual_offshore_wind_generation,Wind Offshore | Actual Aggregated,2026-05-29T22:18:42Z
2026-05-29T22:17:36Z,2026-05-30T00:17:36+0200,e2390b4d-8b36-448a-b0e6-27aba52aab7b,2026-05-08T11:30:00Z,2026-05-08T13:30:00+0200,171.12,MW,FR,FR,actual_offshore_wind_generation,Wind Offshore | Actual Aggregated,2026-05-29T22:18:42Z
2026-05-29T22:17:36Z,2026-05-30T00:17:36+0200,e2390b4d-8b36-448a-b0e6-27aba52aab7b,2026-05-08T11:45:00Z,2026-05-08T13:45:00+0200,176.82,MW,FR,FR,actual_offshore_wind_generation,Wind Offshore | Actual Aggregated,2026-05-29T22:18:42Z
2026-05-29T22:17:36Z,2026-05-30T00:17:36+0200,e2390b4d-8b36-448a-b0e6-27aba52aab7b,2026-05-08T12:00:00Z,2026-05-08T14:00:00+0200,181.36,MW,FR,FR,actual_offshore_wind_generation,Wind Offshore | Actual Aggregated,2026-05-29T22:18:42Z
2026-05-29T22:17:36Z,2026-05-30T00:17:36+0200,e2390b4d-8b36-448a-b0e6-27aba52aab7b,2026-05-08T12:15:00Z,2026-05-08T14:15:00+0200,207.72,MW,FR,FR,actual_offshore_wind_generation,Wind Offshore | Actual Aggregated,2026-05-29T22:18:42Z
2026-05-29T22:17:36Z,2026-05-30T00:17:36+0200,e2390b4d-8b36-448a-b0e6-27aba52aab7b,2026-05-08T12:30:00Z,2026-05-08T14:30:00+0200,220.41,MW,FR,FR,actual_offshore_wind_generation,Wind Offshore | Actual Aggregated,2026-05-29T22:18:42Z
2026-05-29T22:17:36Z,2026-05-30T00:17:36+0200,e2390b4d-8b36-448a-b0e6-27aba52aab7b,2026-05-08T12:45:00Z,2026-05-08T14:45:00+0200,239.33,MW,FR,FR,actual_offshore_wind_generation,Wind Offshore | Actual Aggregated,2026-05-29T22:18:42Z
2026-05-29T22:17:36Z,2026-05-30T00:17:36+0200,e2390b4d-8b36-448a-b0e6-27aba52aab7b,2026-05-08T13:00:00Z,2026-05-08T15:00:00+0200,261.25,MW,FR,FR,actual_offshore_wind_generation,Wind Offshore | Actual Aggregated,2026-05-29T22:18:42Z
2026-05-29T22:17:36Z,2026-05-30T00:17:36+0200,e2390b4d-8b36-448a-b0e6-27aba52aab7b,2026-05-08T13:15:00Z,2026-05-08T15:15:00+0200,283.13,MW,FR,FR,actual_offshore_wind_generation,Wind Offshore | Actual Aggregated,2026-05-29T22:18:42Z
2026-05-29T22:17:36Z,2026-05-30T00:17:36+0200,e2390b4d-8b36-448a-b0e6-27aba52aab7b,2026-05-08T13:30:00Z,2026-05-08T15:30:00+0200,300.83,MW,FR,FR,actual_offshore_wind_generation,Wind Offshore | Actual Aggregated,2026-05-29T22:18:42Z
2026-05-29T22:17:36Z,2026-05-30T00:17:36+0200,e2390b4d-8b36-448a-b0e6-27aba52aab7b,2026-05-08T13:45:00Z,2026-05-08T15:45:00+0200,333.05,MW,FR,FR,actual_offshore_wind_generation,Wind Offshore | Actual Aggregated,2026-05-29T22:18:42Z
2026-05-29T22:17:36Z,2026-05-30T00:17:36+0200,e2390b4d-8b36-448a-b0e6-27aba52aab7b,2026-05-08T14:00:00Z,2026-05-08T16:00:00+0200,337.79,MW,FR,FR,actual_offshore_wind_generation,Wind Offshore | Actual Aggregated,2026-05-29T22:18:42Z
2026-05-29T22:17:36Z,2026-05-30T00:17:36+0200,e2390b4d-8b36-448a-b0e6-27aba52aab7b,2026-05-08T14:15:00Z,2026-05-08T16:15:00+0200,346.31,MW,FR,FR,actual_offshore_wind_generation,Wind Offshore | Actual Aggregated,2026-05-29T22:18:42Z
2026-05-29T22:17:36Z,2026-05-30T00:17:36+0200,e2390b4d-8b36-448a-b0e6-27aba52aab7b,2026-05-08T14:30:00Z,2026-05-08T16:30:00+0200,370.79,MW,FR,FR,actual_offshore_wind_generation,Wind Offshore | Actual Aggregated,2026-05-29T22:18:42Z
2026-05-29T22:17:36Z,2026-05-30T00:17:36+0200,e2390b4d-8b36-448a-b0e6-27aba52aab7b,2026-05-08T14:45:00Z,2026-05-08T16:45:00+0200,397.98,MW,FR,FR,actual_offshore_wind_generation,Wind Offshore | Actual Aggregated,2026-05-29T22:18:42Z
2026-05-29T22:17:36Z,2026-05-30T00:17:36+0200,e2390b4d-8b36-448a-b0e6-27aba52aab7b,2026-05-08T15:00:00Z,2026-05-08T17:00:00+0200,398.79,MW,FR,FR,actual_offshore_wind_generation,Wind Offshore | Actual Aggregated,2026-05-29T22:18:42Z
2026-05-29T22:17:36Z,2026-05-30T00:17:36+0200,e2390b4d-8b36-448a-b0e6-27aba52aab7b,2026-05-08T15:15:00Z,2026-05-08T17:15:00+0200,447.84,MW,FR,FR,actual_offshore_wind_generation,Wind Offshore | Actual Aggregated,2026-05-29T22:18:42Z
2026-05-29T22:17:36Z,2026-05-30T00:17:36+0200,e2390b4d-8b36-448a-b0e6-27aba52aab7b,2026-05-08T15:30:00Z,2026-05-08T17:30:00+0200,517.51,MW,FR,FR,actual_offshore_wind_generation,Wind Offshore | Actual Aggregated,2026-05-29T22:18:42Z
2026-05-29T22:17:36Z,2026-05-30T00:17:36+0200,e2390b4d-8b36-448a-b0e6-27aba52aab7b,2026-05-08T15:45:00Z,2026-05-08T17:45:00+0200,580.41,MW,FR,FR,actual_offshore_wind_generation,Wind Offshore | Actual Aggregated,2026-05-29T22:18:42Z
2026-05-29T22:17:36Z,2026-05-30T00:17:36+0200,e2390b4d-8b36-448a-b0e6-27aba52aab7b,2026-05-08T16:00:00Z,2026-05-08T18:00:00+0200,559.14,MW,FR,FR,actual_offshore_wind_generation,Wind Offshore | Actual Aggregated,2026-05-29T22:18:42Z
2026-05-29T22:17:36Z,2026-05-30T00:17:36+0200,e2390b4d-8b36-448a-b0e6-27aba52aab7b,2026-05-08T16:15:00Z,2026-05-08T18:15:00+0200,559.73,MW,FR,FR,actual_offshore_wind_generation,Wind Offshore | Actual Aggregated,2026-05-29T22:18:42Z
2026-05-29T22:17:36Z,2026-05-30T00:17:36+0200,e2390b4d-8b36-448a-b0e6-27aba52aab7b,2026-05-08T16:30:00Z,2026-05-08T18:30:00+0200,572.82,MW,FR,FR,actual_offshore_wind_generation,Wind Offshore | Actual Aggregated,2026-05-29T22:18:42Z
2026-05-29T22:17:36Z,2026-05-30T00:17:36+0200,e2390b4d-8b36-448a-b0e6-27aba52aab7b,2026-05-08T16:45:00Z,2026-05-08T18:45:00+0200,573.28,MW,FR,FR,actual_offshore_wind_generation,Wind Offshore | Actual Aggregated,2026-05-29T22:18:42Z
2026-05-29T22:17:36Z,2026-05-30T00:17:36+0200,e2390b4d-8b36-448a-b0e6-27aba52aab7b,2026-05-08T17:00:00Z,2026-05-08T19:00:00+0200,617.41,MW,FR,FR,actual_offshore_wind_generation,Wind Offshore | Actual Aggregated,2026-05-29T22:18:42Z
2026-05-29T22:17:36Z,2026-05-30T00:17:36+0200,e2390b4d-8b36-448a-b0e6-27aba52aab7b,2026-05-08T17:15:00Z,2026-05-08T19:15:00+0200,701.7,MW,FR,FR,actual_offshore_wind_generation,Wind Offshore | Actual Aggregated,2026-05-29T22:18:42Z
2026-05-29T22:17:36Z,2026-05-30T00:17:36+0200,e2390b4d-8b36-448a-b0e6-27aba52aab7b,2026-05-08T17:30:00Z,2026-05-08T19:30:00+0200,745.93,MW,FR,FR,actual_offshore_wind_generation,Wind Offshore | Actual Aggregated,2026-05-29T22:18:42Z
2026-05-29T22:17:36Z,2026-05-30T00:17:36+0200,e2390b4d-8b36-448a-b0e6-27aba52aab7b,2026-05-08T17:45:00Z,2026-05-08T19:45:00+0200,770.71,MW,FR,FR,actual_offshore_wind_generation,Wind Offshore | Actual Aggregated,2026-05-29T22:18:42Z
2026-05-29T22:17:36Z,2026-05-30T00:17:36+0200,e2390b4d-8b36-448a-b0e6-27aba52aab7b,2026-05-08T18:00:00Z,2026-05-08T20:00:00+0200,798.5,MW,FR,FR,actual_offshore_wind_generation,Wind Offshore | Actual Aggregated,2026-05-29T22:18:42Z
2026-05-29T22:17:36Z,2026-05-30T00:17:36+0200,e2390b4d-8b36-448a-b0e6-27aba52aab7b,2026-05-08T18:15:00Z,2026-05-08T20:15:00+0200,838.01,MW,FR,FR,actual_offshore_wind_generation,Wind Offshore | Actual Aggregated,2026-05-29T22:18:42Z
2026-05-29T22:17:36Z,2026-05-30T00:17:36+0200,e2390b4d-8b36-448a-b0e6-27aba52aab7b,2026-05-08T18:30:00Z,2026-05-08T20:30:00+0200,912.84,MW,FR,FR,actual_offshore_wind_generation,Wind Offshore | Actual Aggregated,2026-05-29T22:18:42Z
2026-05-29T22:17:36Z,2026-05-30T00:17:36+0200,e2390b4d-8b36-448a-b0e6-27aba52aab7b,2026-05-08T18:45:00Z,2026-05-08T20:45:00+0200,998.3,MW,FR,FR,actual_offshore_wind_generation,Wind Offshore | Actual Aggregated,2026-05-29T22:18:42Z
2026-05-29T22:17:36Z,2026-05-30T00:17:36+0200,e2390b4d-8b36-448a-b0e6-27aba52aab7b,2026-05-08T19:00:00Z,2026-05-08T21:00:00+0200,997.57,MW,FR,FR,actual_offshore_wind_generation,Wind Offshore | Actual Aggregated,2026-05-29T22:18:42Z
2026-05-29T22:17:36Z,2026-05-30T00:17:36+0200,e2390b4d-8b36-448a-b0e6-27aba52aab7b,2026-05-08T19:15:00Z,2026-05-08T21:15:00+0200,1071.7,MW,FR,FR,actual_offshore_wind_generation,Wind Offshore | Actual Aggregated,2026-05-29T22:18:42Z
2026-05-29T22:17:36Z,2026-05-30T00:17:36+0200,e2390b4d-8b36-448a-b0e6-27aba52aab7b,2026-05-08T19:30:00Z,2026-05-08T21:30:00+0200,1187.43,MW,FR,FR,actual_offshore_wind_generation,Wind Offshore | Actual Aggregated,2026-05-29T22:18:42Z
2026-05-29T22:17:36Z,2026-05-30T00:17:36+0200,e2390b4d-8b36-448a-b0e6-27aba52aab7b,2026-05-08T19:45:00Z,2026-05-08T21:45:00+0200,1269.53,MW,FR,FR,actual_offshore_wind_generation,Wind Offshore | Actual Aggregated,2026-05-29T22:18:42Z
2026-05-29T22:17:36Z,2026-05-30T00:17:36+0200,e2390b4d-8b36-448a-b0e6-27aba52aab7b,2026-05-08T20:00:00Z,2026-05-08T22:00:00+0200,1363.71,MW,FR,FR,actual_offshore_wind_generation,Wind Offshore | Actual Aggregated,2026-05-29T22:18:42Z
2026-05-29T22:17:36Z,2026-05-30T00:17:36+0200,e2390b4d-8b36-448a-b0e6-27aba52aab7b,2026-05-08T20:15:00Z,2026-05-08T22:15:00+0200,1354.66,MW,FR,FR,actual_offshore_wind_generation,Wind Offshore | Actual Aggregated,2026-05-29T22:18:42Z
2026-05-29T22:17:36Z,2026-05-30T00:17:36+0200,e2390b4d-8b36-448a-b0e6-27aba52aab7b,2026-05-08T20:30:00Z,2026-05-08T22:30:00+0200,1147.38,MW,FR,FR,actual_offshore_wind_generation,Wind Offshore | Actual Aggregated,2026-05-29T22:18:42Z
2026-05-29T22:17:36Z,2026-05-30T00:17:36+0200,e2390b4d-8b36-448a-b0e6-27aba52aab7b,2026-05-08T20:45:00Z,2026-05-08T22:45:00+0200,1008.91,MW,FR,FR,actual_offshore_wind_generation,Wind Offshore | Actual Aggregated,2026-05-29T22:18:42Z
2026-05-29T22:17:36Z,2026-05-30T00:17:36+0200,e2390b4d-8b36-448a-b0e6-27aba52aab7b,2026-05-08T21:00:00Z,2026-05-08T23:00:00+0200,994.8,MW,FR,FR,actual_offshore_wind_generation,Wind Offshore | Actual Aggregated,2026-05-29T22:18:42Z
2026-05-29T22:17:36Z,2026-05-30T00:17:36+0200,e2390b4d-8b36-448a-b0e6-27aba52aab7b,2026-05-08T21:15:00Z,2026-05-08T23:15:00+0200,1028.15,MW,FR,FR,actual_offshore_wind_generation,Wind Offshore | Actual Aggregated,2026-05-29T22:18:42Z
2026-05-29T22:17:36Z,2026-05-30T00:17:36+0200,e2390b4d-8b36-448a-b0e6-27aba52aab7b,2026-05-08T21:30:00Z,2026-05-08T23:30:00+0200,1088.2,MW,FR,FR,actual_offshore_wind_generation,Wind Offshore | Actual Aggregated,2026-05-29T22:18:42Z
2026-05-29T22:17:36Z,2026-05-30T00:17:36+0200,e2390b4d-8b36-448a-b0e6-27aba52aab7b,2026-05-08T21:45:00Z,2026-05-08T23:45:00+0200,1095.17,MW,FR,FR,actual_offshore_wind_generation,Wind Offshore | Actual Aggregated,2026-05-29T22:18:42Z
2026-05-29T22:17:36Z,2026-05-30T00:17:36+0200,e2390b4d-8b36-448a-b0e6-27aba52aab7b,2026-05-08T22:00:00Z,2026-05-09T00:00:00+0200,1043.5,MW,FR,FR,actual_offshore_wind_generation,Wind Offshore | Actual Aggregated,2026-05-29T22:18:42Z
2026-05-29T22:17:36Z,2026-05-30T00:17:36+0200,e2390b4d-8b36-448a-b0e6-27aba52aab7b,2026-05-08T22:15:00Z,2026-05-09T00:15:00+0200,886.54,MW,FR,FR,actual_offshore_wind_generation,Wind Offshore | Actual Aggregated,2026-05-29T22:18:42Z
2026-05-29T22:17:36Z,2026-05-30T00:17:36+0200,e2390b4d-8b36-448a-b0e6-27aba52aab7b,2026-05-08T22:30:00Z,2026-05-09T00:30:00+0200,792.29,MW,FR,FR,actual_offshore_wind_generation,Wind Offshore | Actual Aggregated,2026-05-29T22:18:42Z
2026-05-29T22:17:36Z,2026-05-30T00:17:36+0200,e2390b4d-8b36-448a-b0e6-27aba52aab7b,2026-05-08T22:45:00Z,2026-05-09T00:45:00+0200,883.89,MW,FR,FR,actual_offshore_wind_generation,Wind Offshore | Actual Aggregated,2026-05-29T22:18:42Z
2026-05-29T22:17:36Z,2026-05-30T00:17:36+0200,e2390b4d-8b36-448a-b0e6-27aba52aab7b,2026-05-08T23:00:00Z,2026-05-09T01:00:00+0200,922.14,MW,FR,FR,actual_offshore_wind_generation,Wind Offshore | Actual Aggregated,2026-05-29T22:18:42Z
2026-05-29T22:17:36Z,2026-05-30T00:17:36+0200,e2390b4d-8b36-448a-b0e6-27aba52aab7b,2026-05-08T23:15:00Z,2026-05-09T01:15:00+0200,759.48,MW,FR,FR,actual_offshore_wind_generation,Wind Offshore | Actual Aggregated,2026-05-29T22:18:42Z
2026-05-29T22:17:36Z,2026-05-30T00:17:36+0200,e2390b4d-8b36-448a-b0e6-27aba52aab7b,2026-05-08T23:30:00Z,2026-05-09T01:30:00+0200,679.86,MW,FR,FR,actual_offshore_wind_generation,Wind Offshore | Actual Aggregated,2026-05-29T22:18:42Z
2026-05-29T22:17:36Z,2026-05-30T00:17:36+0200,e2390b4d-8b36-448a-b0e6-27aba52aab7b,2026-05-08T23:45:00Z,2026-05-09T01:45:00+0200,649.01,MW,FR,FR,actual_offshore_wind_generation,Wind Offshore | Actual Aggregated,2026-05-29T22:18:42Z
2026-05-29T22:17:36Z,2026-05-30T00:17:36+0200,e2390b4d-8b36-448a-b0e6-27aba52aab7b,2026-05-09T00:00:00Z,2026-05-09T02:00:00+0200,742.71,MW,FR,FR,actual_offshore_wind_generation,Wind Offshore | Actual Aggregated,2026-05-29T22:18:42Z
2026-05-29T22:17:36Z,2026-05-30T00:17:36+0200,e2390b4d-8b36-448a-b0e6-27aba52aab7b,2026-05-09T00:15:00Z,2026-05-09T02:15:00+0200,807.69,MW,FR,FR,actual_offshore_wind_generation,Wind Offshore | Actual Aggregated,2026-05-29T22:18:42Z
2026-05-29T22:17:36Z,2026-05-30T00:17:36+0200,e2390b4d-8b36-448a-b0e6-27aba52aab7b,2026-05-09T00:30:00Z,2026-05-09T02:30:00+0200,709.01,MW,FR,FR,actual_offshore_wind_generation,Wind Offshore | Actual Aggregated,2026-05-29T22:18:42Z
2026-05-29T22:17:36Z,2026-05-30T00:17:36+0200,e2390b4d-8b36-448a-b0e6-27aba52aab7b,2026-05-09T00:45:00Z,2026-05-09T02:45:00+0200,776.52,MW,FR,FR,actual_offshore_wind_generation,Wind Offshore | Actual Aggregated,2026-05-29T22:18:42Z
2026-05-29T22:17:36Z,2026-05-30T00:17:36+0200,e2390b4d-8b36-448a-b0e6-27aba52aab7b,2026-05-09T01:00:00Z,2026-05-09T03:00:00+0200,785.52,MW,FR,FR,actual_offshore_wind_generation,Wind Offshore | Actual Aggregated,2026-05-29T22:18:42Z
2026-05-29T22:17:36Z,2026-05-30T00:17:36+0200,e2390b4d-8b36-448a-b0e6-27aba52aab7b,2026-05-09T01:15:00Z,2026-05-09T03:15:00+0200,718.16,MW,FR,FR,actual_offshore_wind_generation,Wind Offshore | Actual Aggregated,2026-05-29T22:18:42Z
2026-05-29T22:17:36Z,2026-05-30T00:17:36+0200,e2390b4d-8b36-448a-b0e6-27aba52aab7b,2026-05-09T01:30:00Z,2026-05-09T03:30:00+0200,762.38,MW,FR,FR,actual_offshore_wind_generation,Wind Offshore | Actual Aggregated,2026-05-29T22:18:42Z
2026-05-29T22:17:36Z,2026-05-30T00:17:36+0200,e2390b4d-8b36-448a-b0e6-27aba52aab7b,2026-05-09T01:45:00Z,2026-05-09T03:45:00+0200,772.67,MW,FR,FR,actual_offshore_wind_generation,Wind Offshore | Actual Aggregated,2026-05-29T22:18:42Z
2026-05-29T22:17:36Z,2026-05-30T00:17:36+0200,e2390b4d-8b36-448a-b0e6-27aba52aab7b,2026-05-09T02:00:00Z,2026-05-09T04:00:00+0200,767.72,MW,FR,FR,actual_offshore_wind_generation,Wind Offshore | Actual Aggregated,2026-05-29T22:18:42Z
2026-05-29T22:17:36Z,2026-05-30T00:17:36+0200,e2390b4d-8b36-448a-b0e6-27aba52aab7b,2026-05-09T02:15:00Z,2026-05-09T04:15:00+0200,780.75,MW,FR,FR,actual_offshore_wind_generation,Wind Offshore | Actual Aggregated,2026-05-29T22:18:42Z
2026-05-29T22:17:36Z,2026-05-30T00:17:36+0200,e2390b4d-8b36-448a-b0e6-27aba52aab7b,2026-05-09T02:30:00Z,2026-05-09T04:30:00+0200,775.42,MW,FR,FR,actual_offshore_wind_generation,Wind Offshore | Actual Aggregated,2026-05-29T22:18:42Z
2026-05-29T22:17:36Z,2026-05-30T00:17:36+0200,e2390b4d-8b36-448a-b0e6-27aba52aab7b,2026-05-09T02:45:00Z,2026-05-09T04:45:00+0200,793.05,MW,FR,FR,actual_offshore_wind_generation,Wind Offshore | Actual Aggregated,2026-05-29T22:18:42Z
2026-05-29T22:17:36Z,2026-05-30T00:17:36+0200,e2390b4d-8b36-448a-b0e6-27aba52aab7b,2026-05-09T03:00:00Z,2026-05-09T05:00:00+0200,759.17,MW,FR,FR,actual_offshore_wind_generation,Wind Offshore | Actual Aggregated,2026-05-29T22:18:42Z
2026-05-29T22:17:36Z,2026-05-30T00:17:36+0200,e2390b4d-8b36-448a-b0e6-27aba52aab7b,2026-05-09T03:15:00Z,2026-05-09T05:15:00+0200,701.67,MW,FR,FR,actual_offshore_wind_generation,Wind Offshore | Actual Aggregated,2026-05-29T22:18:42Z
2026-05-29T22:17:36Z,2026-05-30T00:17:36+0200,e2390b4d-8b36-448a-b0e6-27aba52aab7b,2026-05-09T03:30:00Z,2026-05-09T05:30:00+0200,685.93,MW,FR,FR,actual_offshore_wind_generation,Wind Offshore | Actual Aggregated,2026-05-29T22:18:42Z
2026-05-29T22:17:36Z,2026-05-30T00:17:36+0200,e2390b4d-8b36-448a-b0e6-27aba52aab7b,2026-05-09T03:45:00Z,2026-05-09T05:45:00+0200,685.74,MW,FR,FR,actual_offshore_wind_generation,Wind Offshore | Actual Aggregated,2026-05-29T22:18:42Z
2026-05-29T22:17:36Z,2026-05-30T00:17:36+0200,e2390b4d-8b36-448a-b0e6-27aba52aab7b,2026-05-09T04:00:00Z,2026-05-09T06:00:00+0200,705.2,MW,FR,FR,actual_offshore_wind_generation,Wind Offshore | Actual Aggregated,2026-05-29T22:18:42Z
2026-05-29T22:17:36Z,2026-05-30T00:17:36+0200,e2390b4d-8b36-448a-b0e6-27aba52aab7b,2026-05-09T04:15:00Z,2026-05-09T06:15:00+0200,603.25,MW,FR,FR,actual_offshore_wind_generation,Wind Offshore | Actual Aggregated,2026-05-29T22:18:42Z
2026-05-29T22:17:36Z,2026-05-30T00:17:36+0200,e2390b4d-8b36-448a-b0e6-27aba52aab7b,2026-05-09T04:30:00Z,2026-05-09T06:30:00+0200,585.5,MW,FR,FR,actual_offshore_wind_generation,Wind Offshore | Actual Aggregated,2026-05-29T22:18:42Z
2026-05-29T22:17:36Z,2026-05-30T00:17:36+0200,e2390b4d-8b36-448a-b0e6-27aba52aab7b,2026-05-09T04:45:00Z,2026-05-09T06:45:00+0200,564.0,MW,FR,FR,actual_offshore_wind_generation,Wind Offshore | Actual Aggregated,2026-05-29T22:18:42Z
2026-05-29T22:17:36Z,2026-05-30T00:17:36+0200,e2390b4d-8b36-448a-b0e6-27aba52aab7b,2026-05-09T05:00:00Z,2026-05-09T07:00:00+0200,453.29,MW,FR,FR,actual_offshore_wind_generation,Wind Offshore | Actual Aggregated,2026-05-29T22:18:42Z
2026-05-29T22:17:36Z,2026-05-30T00:17:36+0200,e2390b4d-8b36-448a-b0e6-27aba52aab7b,2026-05-09T05:15:00Z,2026-05-09T07:15:00+0200,454.3,MW,FR,FR,actual_offshore_wind_generation,Wind Offshore | Actual Aggregated,2026-05-29T22:18:42Z
2026-05-29T22:17:36Z,2026-05-30T00:17:36+0200,e2390b4d-8b36-448a-b0e6-27aba52aab7b,2026-05-09T05:30:00Z,2026-05-09T07:30:00+0200,446.64,MW,FR,FR,actual_offshore_wind_generation,Wind Offshore | Actual Aggregated,2026-05-29T22:18:42Z
2026-05-29T22:17:36Z,2026-05-30T00:17:36+0200,e2390b4d-8b36-448a-b0e6-27aba52aab7b,2026-05-09T05:45:00Z,2026-05-09T07:45:00+0200,494.68,MW,FR,FR,actual_offshore_wind_generation,Wind Offshore | Actual Aggregated,2026-05-29T22:18:42Z
2026-05-29T22:17:36Z,2026-05-30T00:17:36+0200,e2390b4d-8b36-448a-b0e6-27aba52aab7b,2026-05-09T06:00:00Z,2026-05-09T08:00:00+0200,588.03,MW,FR,FR,actual_offshore_wind_generation,Wind Offshore | Actual Aggregated,2026-05-29T22:18:42Z
2026-05-29T22:17:36Z,2026-05-30T00:17:36+0200,e2390b4d-8b36-448a-b0e6-27aba52aab7b,2026-05-09T06:15:00Z,2026-05-09T08:15:00+0200,687.9,MW,FR,FR,actual_offshore_wind_generation,Wind Offshore | Actual Aggregated,2026-05-29T22:18:42Z
2026-05-29T22:17:36Z,2026-05-30T00:17:36+0200,e2390b4d-8b36-448a-b0e6-27aba52aab7b,2026-05-09T06:30:00Z,2026-05-09T08:30:00+0200,744.13,MW,FR,FR,actual_offshore_wind_generation,Wind Offshore | Actual Aggregated,2026-05-29T22:18:42Z
2026-05-29T22:17:36Z,2026-05-30T00:17:36+0200,e2390b4d-8b36-448a-b0e6-27aba52aab7b,2026-05-09T06:45:00Z,2026-05-09T08:45:00+0200,780.08,MW,FR,FR,actual_offshore_wind_generation,Wind Offshore | Actual Aggregated,2026-05-29T22:18:42Z
2026-05-29T22:17:36Z,2026-05-30T00:17:36+0200,e2390b4d-8b36-448a-b0e6-27aba52aab7b,2026-05-09T07:00:00Z,2026-05-09T09:00:00+0200,722.0,MW,FR,FR,actual_offshore_wind_generation,Wind Offshore | Actual Aggregated,2026-05-29T22:18:42Z
2026-05-29T22:17:36Z,2026-05-30T00:17:36+0200,e2390b4d-8b36-448a-b0e6-27aba52aab7b,2026-05-09T07:15:00Z,2026-05-09T09:15:00+0200,686.31,MW,FR,FR,actual_offshore_wind_generation,Wind Offshore | Actual Aggregated,2026-05-29T22:18:42Z
2026-05-29T22:17:36Z,2026-05-30T00:17:36+0200,e2390b4d-8b36-448a-b0e6-27aba52aab7b,2026-05-09T07:30:00Z,2026-05-09T09:30:00+0200,698.95,MW,FR,FR,actual_offshore_wind_generation,Wind Offshore | Actual Aggregated,2026-05-29T22:18:42Z
2026-05-29T22:17:36Z,2026-05-30T00:17:36+0200,e2390b4d-8b36-448a-b0e6-27aba52aab7b,2026-05-09T07:45:00Z,2026-05-09T09:45:00+0200,747.26,MW,FR,FR,actual_offshore_wind_generation,Wind Offshore | Actual Aggregated,2026-05-29T22:18:42Z
2026-05-29T22:17:36Z,2026-05-30T00:17:36+0200,e2390b4d-8b36-448a-b0e6-27aba52aab7b,2026-05-09T08:00:00Z,2026-05-09T10:00:00+0200,773.42,MW,FR,FR,actual_offshore_wind_generation,Wind Offshore | Actual Aggregated,2026-05-29T22:18:42Z
2026-05-29T22:17:36Z,2026-05-30T00:17:36+0200,e2390b4d-8b36-448a-b0e6-27aba52aab7b,2026-05-09T08:15:00Z,2026-05-09T10:15:00+0200,744.58,MW,FR,FR,actual_offshore_wind_generation,Wind Offshore | Actual Aggregated,2026-05-29T22:18:42Z
2026-05-29T22:17:36Z,2026-05-30T00:17:36+0200,e2390b4d-8b36-448a-b0e6-27aba52aab7b,2026-05-09T08:30:00Z,2026-05-09T10:30:00+0200,689.22,MW,FR,FR,actual_offshore_wind_generation,Wind Offshore | Actual Aggregated,2026-05-29T22:18:42Z
2026-05-29T22:17:36Z,2026-05-30T00:17:36+0200,e2390b4d-8b36-448a-b0e6-27aba52aab7b,2026-05-09T08:45:00Z,2026-05-09T10:45:00+0200,672.16,MW,FR,FR,actual_offshore_wind_generation,Wind Offshore | Actual Aggregated,2026-05-29T22:18:42Z
2026-05-29T22:17:36Z,2026-05-30T00:17:36+0200,e2390b4d-8b36-448a-b0e6-27aba52aab7b,2026-05-09T09:00:00Z,2026-05-09T11:00:00+0200,646.48,MW,FR,FR,actual_offshore_wind_generation,Wind Offshore | Actual Aggregated,2026-05-29T22:18:42Z
2026-05-29T22:17:36Z,2026-05-30T00:17:36+0200,e2390b4d-8b36-448a-b0e6-27aba52aab7b,2026-05-09T09:15:00Z,2026-05-09T11:15:00+0200,655.71,MW,FR,FR,actual_offshore_wind_generation,Wind Offshore | Actual Aggregated,2026-05-29T22:18:42Z
2026-05-29T22:17:36Z,2026-05-30T00:17:36+0200,e2390b4d-8b36-448a-b0e6-27aba52aab7b,2026-05-09T09:30:00Z,2026-05-09T11:30:00+0200,673.21,MW,FR,FR,actual_offshore_wind_generation,Wind Offshore | Actual Aggregated,2026-05-29T22:18:42Z
2026-05-29T22:17:36Z,2026-05-30T00:17:36+0200,e2390b4d-8b36-448a-b0e6-27aba52aab7b,2026-05-09T09:45:00Z,2026-05-09T11:45:00+0200,653.09,MW,FR,FR,actual_offshore_wind_generation,Wind Offshore | Actual Aggregated,2026-05-29T22:18:42Z
2026-05-29T22:17:36Z,2026-05-30T00:17:36+0200,e2390b4d-8b36-448a-b0e6-27aba52aab7b,2026-05-09T10:00:00Z,2026-05-09T12:00:00+0200,610.06,MW,FR,FR,actual_offshore_wind_generation,Wind Offshore | Actual Aggregated,2026-05-29T22:18:42Z
2026-05-29T22:17:36Z,2026-05-30T00:17:36+0200,e2390b4d-8b36-448a-b0e6-27aba52aab7b,2026-05-09T10:15:00Z,2026-05-09T12:15:00+0200,619.33,MW,FR,FR,actual_offshore_wind_generation,Wind Offshore | Actual Aggregated,2026-05-29T22:18:42Z
2026-05-29T22:17:36Z,2026-05-30T00:17:36+0200,e2390b4d-8b36-448a-b0e6-27aba52aab7b,2026-05-09T10:30:00Z,2026-05-09T12:30:00+0200,582.65,MW,FR,FR,actual_offshore_wind_generation,Wind Offshore | Actual Aggregated,2026-05-29T22:18:42Z
2026-05-29T22:17:36Z,2026-05-30T00:17:36+0200,e2390b4d-8b36-448a-b0e6-27aba52aab7b,2026-05-09T10:45:00Z,2026-05-09T12:45:00+0200,556.08,MW,FR,FR,actual_offshore_wind_generation,Wind Offshore | Actual Aggregated,2026-05-29T22:18:42Z
2026-05-29T22:17:36Z,2026-05-30T00:17:36+0200,e2390b4d-8b36-448a-b0e6-27aba52aab7b,2026-05-09T11:00:00Z,2026-05-09T13:00:00+0200,555.53,MW,FR,FR,actual_offshore_wind_generation,Wind Offshore | Actual Aggregated,2026-05-29T22:18:42Z
2026-05-29T22:17:36Z,2026-05-30T00:17:36+0200,e2390b4d-8b36-448a-b0e6-27aba52aab7b,2026-05-09T11:15:00Z,2026-05-09T13:15:00+0200,579.03,MW,FR,FR,actual_offshore_wind_generation,Wind Offshore | Actual Aggregated,2026-05-29T22:18:42Z
2026-05-29T22:17:36Z,2026-05-30T00:17:36+0200,e2390b4d-8b36-448a-b0e6-27aba52aab7b,2026-05-09T11:30:00Z,2026-05-09T13:30:00+0200,622.18,MW,FR,FR,actual_offshore_wind_generation,Wind Offshore | Actual Aggregated,2026-05-29T22:18:42Z
2026-05-29T22:17:36Z,2026-05-30T00:17:36+0200,e2390b4d-8b36-448a-b0e6-27aba52aab7b,2026-05-09T11:45:00Z,2026-05-09T13:45:00+0200,628.39,MW,FR,FR,actual_offshore_wind_generation,Wind Offshore | Actual Aggregated,2026-05-29T22:18:42Z
2026-05-29T22:17:36Z,2026-05-30T00:17:36+0200,e2390b4d-8b36-448a-b0e6-27aba52aab7b,2026-05-09T12:00:00Z,2026-05-09T14:00:00+0200,585.75,MW,FR,FR,actual_offshore_wind_generation,Wind Offshore | Actual Aggregated,2026-05-29T22:18:42Z
2026-05-29T22:17:36Z,2026-05-30T00:17:36+0200,e2390b4d-8b36-448a-b0e6-27aba52aab7b,2026-05-09T12:15:00Z,2026-05-09T14:15:00+0200,562.64,MW,FR,FR,actual_offshore_wind_generation,Wind Offshore | Actual Aggregated,2026-05-29T22:18:42Z
2026-05-29T22:17:36Z,2026-05-30T00:17:36+0200,e2390b4d-8b36-448a-b0e6-27aba52aab7b,2026-05-09T12:30:00Z,2026-05-09T14:30:00+0200,559.26,MW,FR,FR,actual_offshore_wind_generation,Wind Offshore | Actual Aggregated,2026-05-29T22:18:42Z
2026-05-29T22:17:36Z,2026-05-30T00:17:36+0200,e2390b4d-8b36-448a-b0e6-27aba52aab7b,2026-05-09T12:45:00Z,2026-05-09T14:45:00+0200,567.97,MW,FR,FR,actual_offshore_wind_generation,Wind Offshore | Actual Aggregated,2026-05-29T22:18:42Z
2026-05-29T22:17:36Z,2026-05-30T00:17:36+0200,e2390b4d-8b36-448a-b0e6-27aba52aab7b,2026-05-09T13:00:00Z,2026-05-09T15:00:00+0200,589.76,MW,FR,FR,actual_offshore_wind_generation,Wind Offshore | Actual Aggregated,2026-05-29T22:18:42Z
2026-05-29T22:17:36Z,2026-05-30T00:17:36+0200,e2390b4d-8b36-448a-b0e6-27aba52aab7b,2026-05-09T13:15:00Z,2026-05-09T15:15:00+0200,651.19,MW,FR,FR,actual_offshore_wind_generation,Wind Offshore | Actual Aggregated,2026-05-29T22:18:42Z
2026-05-29T22:17:36Z,2026-05-30T00:17:36+0200,e2390b4d-8b36-448a-b0e6-27aba52aab7b,2026-05-09T13:30:00Z,2026-05-09T15:30:00+0200,731.08,MW,FR,FR,actual_offshore_wind_generation,Wind Offshore | Actual Aggregated,2026-05-29T22:18:42Z
2026-05-29T22:17:36Z,2026-05-30T00:17:36+0200,e2390b4d-8b36-448a-b0e6-27aba52aab7b,2026-05-09T13:45:00Z,2026-05-09T15:45:00+0200,791.65,MW,FR,FR,actual_offshore_wind_generation,Wind Offshore | Actual Aggregated,2026-05-29T22:18:42Z
2026-05-29T22:17:36Z,2026-05-30T00:17:36+0200,e2390b4d-8b36-448a-b0e6-27aba52aab7b,2026-05-09T14:00:00Z,2026-05-09T16:00:00+0200,838.25,MW,FR,FR,actual_offshore_wind_generation,Wind Offshore | Actual Aggregated,2026-05-29T22:18:42Z
2026-05-29T22:17:36Z,2026-05-30T00:17:36+0200,e2390b4d-8b36-448a-b0e6-27aba52aab7b,2026-05-09T14:15:00Z,2026-05-09T16:15:00+0200,864.76,MW,FR,FR,actual_offshore_wind_generation,Wind Offshore | Actual Aggregated,2026-05-29T22:18:42Z
2026-05-29T22:17:36Z,2026-05-30T00:17:36+0200,e2390b4d-8b36-448a-b0e6-27aba52aab7b,2026-05-09T14:30:00Z,2026-05-09T16:30:00+0200,536.74,MW,FR,FR,actual_offshore_wind_generation,Wind Offshore | Actual Aggregated,2026-05-29T22:18:42Z
2026-05-29T22:17:36Z,2026-05-30T00:17:36+0200,e2390b4d-8b36-448a-b0e6-27aba52aab7b,2026-05-09T14:45:00Z,2026-05-09T16:45:00+0200,691.29,MW,FR,FR,actual_offshore_wind_generation,Wind Offshore | Actual Aggregated,2026-05-29T22:18:42Z
2026-05-29T22:17:36Z,2026-05-30T00:17:36+0200,e2390b4d-8b36-448a-b0e6-27aba52aab7b,2026-05-09T15:00:00Z,2026-05-09T17:00:00+0200,990.56,MW,FR,FR,actual_offshore_wind_generation,Wind Offshore | Actual Aggregated,2026-05-29T22:18:42Z
2026-05-29T22:17:36Z,2026-05-30T00:17:36+0200,e2390b4d-8b36-448a-b0e6-27aba52aab7b,2026-05-09T15:15:00Z,2026-05-09T17:15:00+0200,984.66,MW,FR,FR,actual_offshore_wind_generation,Wind Offshore | Actual Aggregated,2026-05-29T22:18:42Z
2026-05-29T22:17:36Z,2026-05-30T00:17:36+0200,e2390b4d-8b36-448a-b0e6-27aba52aab7b,2026-05-09T15:30:00Z,2026-05-09T17:30:00+0200,979.81,MW,FR,FR,actual_offshore_wind_generation,Wind Offshore | Actual Aggregated,2026-05-29T22:18:42Z
2026-05-29T22:17:36Z,2026-05-30T00:17:36+0200,e2390b4d-8b36-448a-b0e6-27aba52aab7b,2026-05-09T15:45:00Z,2026-05-09T17:45:00+0200,984.93,MW,FR,FR,actual_offshore_wind_generation,Wind Offshore | Actual Aggregated,2026-05-29T22:18:42Z
2026-05-29T22:17:36Z,2026-05-30T00:17:36+0200,e2390b4d-8b36-448a-b0e6-27aba52aab7b,2026-05-09T16:00:00Z,2026-05-09T18:00:00+0200,901.46,MW,FR,FR,actual_offshore_wind_generation,Wind Offshore | Actual Aggregated,2026-05-29T22:18:42Z
2026-05-29T22:17:36Z,2026-05-30T00:17:36+0200,e2390b4d-8b36-448a-b0e6-27aba52aab7b,2026-05-09T16:15:00Z,2026-05-09T18:15:00+0200,790.26,MW,FR,FR,actual_offshore_wind_generation,Wind Offshore | Actual Aggregated,2026-05-29T22:18:42Z
2026-05-29T22:17:36Z,2026-05-30T00:17:36+0200,e2390b4d-8b36-448a-b0e6-27aba52aab7b,2026-05-09T16:30:00Z,2026-05-09T18:30:00+0200,804.69,MW,FR,FR,actual_offshore_wind_generation,Wind Offshore | Actual Aggregated,2026-05-29T22:18:42Z
2026-05-29T22:17:36Z,2026-05-30T00:17:36+0200,e2390b4d-8b36-448a-b0e6-27aba52aab7b,2026-05-09T16:45:00Z,2026-05-09T18:45:00+0200,839.7,MW,FR,FR,actual_offshore_wind_generation,Wind Offshore | Actual Aggregated,2026-05-29T22:18:42Z
2026-05-29T22:17:36Z,2026-05-30T00:17:36+0200,e2390b4d-8b36-448a-b0e6-27aba52aab7b,2026-05-09T17:00:00Z,2026-05-09T19:00:00+0200,865.34,MW,FR,FR,actual_offshore_wind_generation,Wind Offshore | Actual Aggregated,2026-05-29T22:18:42Z
2026-05-29T22:17:36Z,2026-05-30T00:17:36+0200,e2390b4d-8b36-448a-b0e6-27aba52aab7b,2026-05-09T17:15:00Z,2026-05-09T19:15:00+0200,864.6,MW,FR,FR,actual_offshore_wind_generation,Wind Offshore | Actual Aggregated,2026-05-29T22:18:42Z
2026-05-29T22:17:36Z,2026-05-30T00:17:36+0200,e2390b4d-8b36-448a-b0e6-27aba52aab7b,2026-05-09T17:30:00Z,2026-05-09T19:30:00+0200,876.66,MW,FR,FR,actual_offshore_wind_generation,Wind Offshore | Actual Aggregated,2026-05-29T22:18:42Z
2026-05-29T22:17:36Z,2026-05-30T00:17:36+0200,e2390b4d-8b36-448a-b0e6-27aba52aab7b,2026-05-09T17:45:00Z,2026-05-09T19:45:00+0200,855.71,MW,FR,FR,actual_offshore_wind_generation,Wind Offshore | Actual Aggregated,2026-05-29T22:18:42Z
2026-05-29T22:17:36Z,2026-05-30T00:17:36+0200,e2390b4d-8b36-448a-b0e6-27aba52aab7b,2026-05-09T18:00:00Z,2026-05-09T20:00:00+0200,829.78,MW,FR,FR,actual_offshore_wind_generation,Wind Offshore | Actual Aggregated,2026-05-29T22:18:42Z
2026-05-29T22:17:36Z,2026-05-30T00:17:36+0200,e2390b4d-8b36-448a-b0e6-27aba52aab7b,2026-05-09T18:15:00Z,2026-05-09T20:15:00+0200,846.94,MW,FR,FR,actual_offshore_wind_generation,Wind Offshore | Actual Aggregated,2026-05-29T22:18:42Z
2026-05-29T22:17:36Z,2026-05-30T00:17:36+0200,e2390b4d-8b36-448a-b0e6-27aba52aab7b,2026-05-09T18:30:00Z,2026-05-09T20:30:00+0200,885.42,MW,FR,FR,actual_offshore_wind_generation,Wind Offshore | Actual Aggregated,2026-05-29T22:18:42Z
2026-05-29T22:17:36Z,2026-05-30T00:17:36+0200,e2390b4d-8b36-448a-b0e6-27aba52aab7b,2026-05-09T18:45:00Z,2026-05-09T20:45:00+0200,949.7,MW,FR,FR,actual_offshore_wind_generation,Wind Offshore | Actual Aggregated,2026-05-29T22:18:42Z
2026-05-29T22:17:36Z,2026-05-30T00:17:36+0200,e2390b4d-8b36-448a-b0e6-27aba52aab7b,2026-05-09T19:00:00Z,2026-05-09T21:00:00+0200,988.82,MW,FR,FR,actual_offshore_wind_generation,Wind Offshore | Actual Aggregated,2026-05-29T22:18:42Z
2026-05-29T22:17:36Z,2026-05-30T00:17:36+0200,e2390b4d-8b36-448a-b0e6-27aba52aab7b,2026-05-09T19:15:00Z,2026-05-09T21:15:00+0200,991.4,MW,FR,FR,actual_offshore_wind_generation,Wind Offshore | Actual Aggregated,2026-05-29T22:18:42Z
2026-05-29T22:17:36Z,2026-05-30T00:17:36+0200,e2390b4d-8b36-448a-b0e6-27aba52aab7b,2026-05-09T19:30:00Z,2026-05-09T21:30:00+0200,955.05,MW,FR,FR,actual_offshore_wind_generation,Wind Offshore | Actual Aggregated,2026-05-29T22:18:42Z
2026-05-29T22:17:36Z,2026-05-30T00:17:36+0200,e2390b4d-8b36-448a-b0e6-27aba52aab7b,2026-05-09T19:45:00Z,2026-05-09T21:45:00+0200,950.35,MW,FR,FR,actual_offshore_wind_generation,Wind Offshore | Actual Aggregated,2026-05-29T22:18:42Z
2026-05-29T22:17:36Z,2026-05-30T00:17:36+0200,e2390b4d-8b36-448a-b0e6-27aba52aab7b,2026-05-09T20:00:00Z,2026-05-09T22:00:00+0200,802.84,MW,FR,FR,actual_offshore_wind_generation,Wind Offshore | Actual Aggregated,2026-05-29T22:18:42Z
2026-05-29T22:17:36Z,2026-05-30T00:17:36+0200,e2390b4d-8b36-448a-b0e6-27aba52aab7b,2026-05-09T20:15:00Z,2026-05-09T22:15:00+0200,746.69,MW,FR,FR,actual_offshore_wind_generation,Wind Offshore | Actual Aggregated,2026-05-29T22:18:42Z
2026-05-29T22:17:36Z,2026-05-30T00:17:36+0200,e2390b4d-8b36-448a-b0e6-27aba52aab7b,2026-05-09T20:30:00Z,2026-05-09T22:30:00+0200,668.8,MW,FR,FR,actual_offshore_wind_generation,Wind Offshore | Actual Aggregated,2026-05-29T22:18:42Z
2026-05-29T22:17:36Z,2026-05-30T00:17:36+0200,e2390b4d-8b36-448a-b0e6-27aba52aab7b,2026-05-09T20:45:00Z,2026-05-09T22:45:00+0200,634.93,MW,FR,FR,actual_offshore_wind_generation,Wind Offshore | Actual Aggregated,2026-05-29T22:18:42Z
2026-05-29T22:17:36Z,2026-05-30T00:17:36+0200,e2390b4d-8b36-448a-b0e6-27aba52aab7b,2026-05-09T21:00:00Z,2026-05-09T23:00:00+0200,668.66,MW,FR,FR,actual_offshore_wind_generation,Wind Offshore | Actual Aggregated,2026-05-29T22:18:42Z
2026-05-29T22:17:36Z,2026-05-30T00:17:36+0200,e2390b4d-8b36-448a-b0e6-27aba52aab7b,2026-05-09T21:15:00Z,2026-05-09T23:15:00+0200,754.01,MW,FR,FR,actual_offshore_wind_generation,Wind Offshore | Actual Aggregated,2026-05-29T22:18:42Z
2026-05-29T22:17:36Z,2026-05-30T00:17:36+0200,e2390b4d-8b36-448a-b0e6-27aba52aab7b,2026-05-09T21:30:00Z,2026-05-09T23:30:00+0200,805.24,MW,FR,FR,actual_offshore_wind_generation,Wind Offshore | Actual Aggregated,2026-05-29T22:18:42Z
2026-05-29T22:17:36Z,2026-05-30T00:17:36+0200,e2390b4d-8b36-448a-b0e6-27aba52aab7b,2026-05-09T21:45:00Z,2026-05-09T23:45:00+0200,853.03,MW,FR,FR,actual_offshore_wind_generation,Wind Offshore | Actual Aggregated,2026-05-29T22:18:42Z
2026-05-29T22:17:36Z,2026-05-30T00:17:36+0200,e2390b4d-8b36-448a-b0e6-27aba52aab7b,2026-05-09T22:00:00Z,2026-05-10T00:00:00+0200,985.94,MW,FR,FR,actual_offshore_wind_generation,Wind Offshore | Actual Aggregated,2026-05-29T22:18:42Z
2026-05-29T22:17:36Z,2026-05-30T00:17:36+0200,e2390b4d-8b36-448a-b0e6-27aba52aab7b,2026-05-09T22:15:00Z,2026-05-10T00:15:00+0200,1057.39,MW,FR,FR,actual_offshore_wind_generation,Wind Offshore | Actual Aggregated,2026-05-29T22:18:42Z
2026-05-29T22:17:36Z,2026-05-30T00:17:36+0200,e2390b4d-8b36-448a-b0e6-27aba52aab7b,2026-05-09T22:30:00Z,2026-05-10T00:30:00+0200,1085.39,MW,FR,FR,actual_offshore_wind_generation,Wind Offshore | Actual Aggregated,2026-05-29T22:18:42Z
2026-05-29T22:17:36Z,2026-05-30T00:17:36+0200,e2390b4d-8b36-448a-b0e6-27aba52aab7b,2026-05-09T22:45:00Z,2026-05-10T00:45:00+0200,1099.71,MW,FR,FR,actual_offshore_wind_generation,Wind Offshore | Actual Aggregated,2026-05-29T22:18:42Z
2026-05-29T22:17:36Z,2026-05-30T00:17:36+0200,e2390b4d-8b36-448a-b0e6-27aba52aab7b,2026-05-09T23:00:00Z,2026-05-10T01:00:00+0200,1143.26,MW,FR,FR,actual_offshore_wind_generation,Wind Offshore | Actual Aggregated,2026-05-29T22:18:42Z
2026-05-29T22:17:36Z,2026-05-30T00:17:36+0200,e2390b4d-8b36-448a-b0e6-27aba52aab7b,2026-05-09T23:15:00Z,2026-05-10T01:15:00+0200,1161.7,MW,FR,FR,actual_offshore_wind_generation,Wind Offshore | Actual Aggregated,2026-05-29T22:18:42Z
2026-05-29T22:17:36Z,2026-05-30T00:17:36+0200,e2390b4d-8b36-448a-b0e6-27aba52aab7b,2026-05-09T23:30:00Z,2026-05-10T01:30:00+0200,1190.48,MW,FR,FR,actual_offshore_wind_generation,Wind Offshore | Actual Aggregated,2026-05-29T22:18:42Z
2026-05-29T22:17:36Z,2026-05-30T00:17:36+0200,e2390b4d-8b36-448a-b0e6-27aba52aab7b,2026-05-09T23:45:00Z,2026-05-10T01:45:00+0200,1231.6,MW,FR,FR,actual_offshore_wind_generation,Wind Offshore | Actual Aggregated,2026-05-29T22:18:42Z
2026-05-29T22:17:36Z,2026-05-30T00:17:36+0200,e2390b4d-8b36-448a-b0e6-27aba52aab7b,2026-05-10T00:00:00Z,2026-05-10T02:00:00+0200,1339.13,MW,FR,FR,actual_offshore_wind_generation,Wind Offshore | Actual Aggregated,2026-05-29T22:18:42Z
2026-05-29T22:17:36Z,2026-05-30T00:17:36+0200,e2390b4d-8b36-448a-b0e6-27aba52aab7b,2026-05-10T00:15:00Z,2026-05-10T02:15:00+0200,1423.68,MW,FR,FR,actual_offshore_wind_generation,Wind Offshore | Actual Aggregated,2026-05-29T22:18:42Z
2026-05-29T22:17:36Z,2026-05-30T00:17:36+0200,e2390b4d-8b36-448a-b0e6-27aba52aab7b,2026-05-10T00:30:00Z,2026-05-10T02:30:00+0200,1476.41,MW,FR,FR,actual_offshore_wind_generation,Wind Offshore | Actual Aggregated,2026-05-29T22:18:42Z
2026-05-29T22:17:36Z,2026-05-30T00:17:36+0200,e2390b4d-8b36-448a-b0e6-27aba52aab7b,2026-05-10T00:45:00Z,2026-05-10T02:45:00+0200,1550.7,MW,FR,FR,actual_offshore_wind_generation,Wind Offshore | Actual Aggregated,2026-05-29T22:18:42Z
2026-05-29T22:17:36Z,2026-05-30T00:17:36+0200,e2390b4d-8b36-448a-b0e6-27aba52aab7b,2026-05-10T01:00:00Z,2026-05-10T03:00:00+0200,1589.62,MW,FR,FR,actual_offshore_wind_generation,Wind Offshore | Actual Aggregated,2026-05-29T22:18:42Z
2026-05-29T22:17:36Z,2026-05-30T00:17:36+0200,e2390b4d-8b36-448a-b0e6-27aba52aab7b,2026-05-10T01:15:00Z,2026-05-10T03:15:00+0200,1641.05,MW,FR,FR,actual_offshore_wind_generation,Wind Offshore | Actual Aggregated,2026-05-29T22:18:42Z
2026-05-29T22:17:36Z,2026-05-30T00:17:36+0200,e2390b4d-8b36-448a-b0e6-27aba52aab7b,2026-05-10T01:30:00Z,2026-05-10T03:30:00+0200,1636.17,MW,FR,FR,actual_offshore_wind_generation,Wind Offshore | Actual Aggregated,2026-05-29T22:18:42Z
2026-05-29T22:17:36Z,2026-05-30T00:17:36+0200,e2390b4d-8b36-448a-b0e6-27aba52aab7b,2026-05-10T01:45:00Z,2026-05-10T03:45:00+0200,1651.51,MW,FR,FR,actual_offshore_wind_generation,Wind Offshore | Actual Aggregated,2026-05-29T22:18:42Z
2026-05-29T22:17:36Z,2026-05-30T00:17:36+0200,e2390b4d-8b36-448a-b0e6-27aba52aab7b,2026-05-10T02:00:00Z,2026-05-10T04:00:00+0200,1640.37,MW,FR,FR,actual_offshore_wind_generation,Wind Offshore | Actual Aggregated,2026-05-29T22:18:42Z
2026-05-29T22:17:36Z,2026-05-30T00:17:36+0200,e2390b4d-8b36-448a-b0e6-27aba52aab7b,2026-05-10T02:15:00Z,2026-05-10T04:15:00+0200,1565.95,MW,FR,FR,actual_offshore_wind_generation,Wind Offshore | Actual Aggregated,2026-05-29T22:18:42Z
2026-05-29T22:17:36Z,2026-05-30T00:17:36+0200,e2390b4d-8b36-448a-b0e6-27aba52aab7b,2026-05-10T02:30:00Z,2026-05-10T04:30:00+0200,1494.58,MW,FR,FR,actual_offshore_wind_generation,Wind Offshore | Actual Aggregated,2026-05-29T22:18:42Z
2026-05-29T22:17:36Z,2026-05-30T00:17:36+0200,e2390b4d-8b36-448a-b0e6-27aba52aab7b,2026-05-10T02:45:00Z,2026-05-10T04:45:00+0200,1442.47,MW,FR,FR,actual_offshore_wind_generation,Wind Offshore | Actual Aggregated,2026-05-29T22:18:42Z
2026-05-29T22:17:36Z,2026-05-30T00:17:36+0200,e2390b4d-8b36-448a-b0e6-27aba52aab7b,2026-05-10T03:00:00Z,2026-05-10T05:00:00+0200,1307.92,MW,FR,FR,actual_offshore_wind_generation,Wind Offshore | Actual Aggregated,2026-05-29T22:18:42Z
2026-05-29T22:17:36Z,2026-05-30T00:17:36+0200,e2390b4d-8b36-448a-b0e6-27aba52aab7b,2026-05-10T03:15:00Z,2026-05-10T05:15:00+0200,1145.67,MW,FR,FR,actual_offshore_wind_generation,Wind Offshore | Actual Aggregated,2026-05-29T22:18:42Z
2026-05-29T22:17:36Z,2026-05-30T00:17:36+0200,e2390b4d-8b36-448a-b0e6-27aba52aab7b,2026-05-10T03:30:00Z,2026-05-10T05:30:00+0200,1135.94,MW,FR,FR,actual_offshore_wind_generation,Wind Offshore | Actual Aggregated,2026-05-29T22:18:42Z
2026-05-29T22:17:36Z,2026-05-30T00:17:36+0200,e2390b4d-8b36-448a-b0e6-27aba52aab7b,2026-05-10T03:45:00Z,2026-05-10T05:45:00+0200,1215.72,MW,FR,FR,actual_offshore_wind_generation,Wind Offshore | Actual Aggregated,2026-05-29T22:18:42Z
2026-05-29T22:17:36Z,2026-05-30T00:17:36+0200,e2390b4d-8b36-448a-b0e6-27aba52aab7b,2026-05-10T04:00:00Z,2026-05-10T06:00:00+0200,1348.87,MW,FR,FR,actual_offshore_wind_generation,Wind Offshore | Actual Aggregated,2026-05-29T22:18:42Z
2026-05-29T22:17:36Z,2026-05-30T00:17:36+0200,e2390b4d-8b36-448a-b0e6-27aba52aab7b,2026-05-10T04:15:00Z,2026-05-10T06:15:00+0200,1431.16,MW,FR,FR,actual_offshore_wind_generation,Wind Offshore | Actual Aggregated,2026-05-29T22:18:42Z
2026-05-29T22:17:36Z,2026-05-30T00:17:36+0200,e2390b4d-8b36-448a-b0e6-27aba52aab7b,2026-05-10T04:30:00Z,2026-05-10T06:30:00+0200,1466.28,MW,FR,FR,actual_offshore_wind_generation,Wind Offshore | Actual Aggregated,2026-05-29T22:18:42Z
2026-05-29T22:17:36Z,2026-05-30T00:17:36+0200,e2390b4d-8b36-448a-b0e6-27aba52aab7b,2026-05-10T04:45:00Z,2026-05-10T06:45:00+0200,1439.76,MW,FR,FR,actual_offshore_wind_generation,Wind Offshore | Actual Aggregated,2026-05-29T22:18:42Z
2026-05-29T22:17:36Z,2026-05-30T00:17:36+0200,e2390b4d-8b36-448a-b0e6-27aba52aab7b,2026-05-10T05:00:00Z,2026-05-10T07:00:00+0200,1415.86,MW,FR,FR,actual_offshore_wind_generation,Wind Offshore | Actual Aggregated,2026-05-29T22:18:42Z
2026-05-29T22:17:36Z,2026-05-30T00:17:36+0200,e2390b4d-8b36-448a-b0e6-27aba52aab7b,2026-05-10T05:15:00Z,2026-05-10T07:15:00+0200,1345.69,MW,FR,FR,actual_offshore_wind_generation,Wind Offshore | Actual Aggregated,2026-05-29T22:18:42Z
2026-05-29T22:17:36Z,2026-05-30T00:17:36+0200,e2390b4d-8b36-448a-b0e6-27aba52aab7b,2026-05-10T05:30:00Z,2026-05-10T07:30:00+0200,1219.62,MW,FR,FR,actual_offshore_wind_generation,Wind Offshore | Actual Aggregated,2026-05-29T22:18:42Z
2026-05-29T22:17:36Z,2026-05-30T00:17:36+0200,e2390b4d-8b36-448a-b0e6-27aba52aab7b,2026-05-10T05:45:00Z,2026-05-10T07:45:00+0200,1111.03,MW,FR,FR,actual_offshore_wind_generation,Wind Offshore | Actual Aggregated,2026-05-29T22:18:42Z
2026-05-29T22:17:36Z,2026-05-30T00:17:36+0200,e2390b4d-8b36-448a-b0e6-27aba52aab7b,2026-05-10T06:00:00Z,2026-05-10T08:00:00+0200,1037.79,MW,FR,FR,actual_offshore_wind_generation,Wind Offshore | Actual Aggregated,2026-05-29T22:18:42Z
2026-05-29T22:17:36Z,2026-05-30T00:17:36+0200,e2390b4d-8b36-448a-b0e6-27aba52aab7b,2026-05-10T06:15:00Z,2026-05-10T08:15:00+0200,994.64,MW,FR,FR,actual_offshore_wind_generation,Wind Offshore | Actual Aggregated,2026-05-29T22:18:42Z
2026-05-29T22:17:36Z,2026-05-30T00:17:36+0200,e2390b4d-8b36-448a-b0e6-27aba52aab7b,2026-05-10T06:30:00Z,2026-05-10T08:30:00+0200,980.29,MW,FR,FR,actual_offshore_wind_generation,Wind Offshore | Actual Aggregated,2026-05-29T22:18:42Z
2026-05-29T22:17:36Z,2026-05-30T00:17:36+0200,e2390b4d-8b36-448a-b0e6-27aba52aab7b,2026-05-10T06:45:00Z,2026-05-10T08:45:00+0200,962.72,MW,FR,FR,actual_offshore_wind_generation,Wind Offshore | Actual Aggregated,2026-05-29T22:18:42Z
2026-05-29T22:17:36Z,2026-05-30T00:17:36+0200,e2390b4d-8b36-448a-b0e6-27aba52aab7b,2026-05-10T07:00:00Z,2026-05-10T09:00:00+0200,954.19,MW,FR,FR,actual_offshore_wind_generation,Wind Offshore | Actual Aggregated,2026-05-29T22:18:42Z
2026-05-29T22:17:36Z,2026-05-30T00:17:36+0200,e2390b4d-8b36-448a-b0e6-27aba52aab7b,2026-05-10T07:15:00Z,2026-05-10T09:15:00+0200,951.73,MW,FR,FR,actual_offshore_wind_generation,Wind Offshore | Actual Aggregated,2026-05-29T22:18:42Z
2026-05-29T22:17:36Z,2026-05-30T00:17:36+0200,e2390b4d-8b36-448a-b0e6-27aba52aab7b,2026-05-10T07:30:00Z,2026-05-10T09:30:00+0200,955.84,MW,FR,FR,actual_offshore_wind_generation,Wind Offshore | Actual Aggregated,2026-05-29T22:18:42Z
2026-05-29T22:17:36Z,2026-05-30T00:17:36+0200,e2390b4d-8b36-448a-b0e6-27aba52aab7b,2026-05-10T07:45:00Z,2026-05-10T09:45:00+0200,968.75,MW,FR,FR,actual_offshore_wind_generation,Wind Offshore | Actual Aggregated,2026-05-29T22:18:42Z
2026-05-29T22:17:36Z,2026-05-30T00:17:36+0200,e2390b4d-8b36-448a-b0e6-27aba52aab7b,2026-05-10T08:00:00Z,2026-05-10T10:00:00+0200,1009.82,MW,FR,FR,actual_offshore_wind_generation,Wind Offshore | Actual Aggregated,2026-05-29T22:18:42Z
2026-05-29T22:17:36Z,2026-05-30T00:17:36+0200,e2390b4d-8b36-448a-b0e6-27aba52aab7b,2026-05-10T08:15:00Z,2026-05-10T10:15:00+0200,1066.33,MW,FR,FR,actual_offshore_wind_generation,Wind Offshore | Actual Aggregated,2026-05-29T22:18:42Z
2026-05-29T22:17:36Z,2026-05-30T00:17:36+0200,e2390b4d-8b36-448a-b0e6-27aba52aab7b,2026-05-10T08:30:00Z,2026-05-10T10:30:00+0200,1090.14,MW,FR,FR,actual_offshore_wind_generation,Wind Offshore | Actual Aggregated,2026-05-29T22:18:42Z
2026-05-29T22:17:36Z,2026-05-30T00:17:36+0200,e2390b4d-8b36-448a-b0e6-27aba52aab7b,2026-05-10T08:45:00Z,2026-05-10T10:45:00+0200,1138.02,MW,FR,FR,actual_offshore_wind_generation,Wind Offshore | Actual Aggregated,2026-05-29T22:18:42Z
2026-05-29T22:17:36Z,2026-05-30T00:17:36+0200,e2390b4d-8b36-448a-b0e6-27aba52aab7b,2026-05-10T09:00:00Z,2026-05-10T11:00:00+0200,1227.24,MW,FR,FR,actual_offshore_wind_generation,Wind Offshore | Actual Aggregated,2026-05-29T22:18:42Z
2026-05-29T22:17:36Z,2026-05-30T00:17:36+0200,e2390b4d-8b36-448a-b0e6-27aba52aab7b,2026-05-10T09:15:00Z,2026-05-10T11:15:00+0200,1251.67,MW,FR,FR,actual_offshore_wind_generation,Wind Offshore | Actual Aggregated,2026-05-29T22:18:42Z
2026-05-29T22:17:36Z,2026-05-30T00:17:36+0200,e2390b4d-8b36-448a-b0e6-27aba52aab7b,2026-05-10T09:30:00Z,2026-05-10T11:30:00+0200,1288.45,MW,FR,FR,actual_offshore_wind_generation,Wind Offshore | Actual Aggregated,2026-05-29T22:18:42Z
2026-05-29T22:17:36Z,2026-05-30T00:17:36+0200,e2390b4d-8b36-448a-b0e6-27aba52aab7b,2026-05-10T09:45:00Z,2026-05-10T11:45:00+0200,1327.4,MW,FR,FR,actual_offshore_wind_generation,Wind Offshore | Actual Aggregated,2026-05-29T22:18:42Z
2026-05-29T22:17:36Z,2026-05-30T00:17:36+0200,e2390b4d-8b36-448a-b0e6-27aba52aab7b,2026-05-10T10:00:00Z,2026-05-10T12:00:00+0200,1291.8,MW,FR,FR,actual_offshore_wind_generation,Wind Offshore | Actual Aggregated,2026-05-29T22:18:42Z
2026-05-29T22:17:36Z,2026-05-30T00:17:36+0200,e2390b4d-8b36-448a-b0e6-27aba52aab7b,2026-05-10T10:15:00Z,2026-05-10T12:15:00+0200,1242.17,MW,FR,FR,actual_offshore_wind_generation,Wind Offshore | Actual Aggregated,2026-05-29T22:18:42Z
2026-05-29T22:17:36Z,2026-05-30T00:17:36+0200,e2390b4d-8b36-448a-b0e6-27aba52aab7b,2026-05-10T10:30:00Z,2026-05-10T12:30:00+0200,1233.91,MW,FR,FR,actual_offshore_wind_generation,Wind Offshore | Actual Aggregated,2026-05-29T22:18:42Z
2026-05-29T22:17:36Z,2026-05-30T00:17:36+0200,e2390b4d-8b36-448a-b0e6-27aba52aab7b,2026-05-10T10:45:00Z,2026-05-10T12:45:00+0200,1026.3,MW,FR,FR,actual_offshore_wind_generation,Wind Offshore | Actual Aggregated,2026-05-29T22:18:42Z
2026-05-29T22:17:36Z,2026-05-30T00:17:36+0200,e2390b4d-8b36-448a-b0e6-27aba52aab7b,2026-05-10T11:00:00Z,2026-05-10T13:00:00+0200,174.21,MW,FR,FR,actual_offshore_wind_generation,Wind Offshore | Actual Aggregated,2026-05-29T22:18:42Z
2026-05-29T22:17:36Z,2026-05-30T00:17:36+0200,e2390b4d-8b36-448a-b0e6-27aba52aab7b,2026-05-10T11:15:00Z,2026-05-10T13:15:00+0200,89.09,MW,FR,FR,actual_offshore_wind_generation,Wind Offshore | Actual Aggregated,2026-05-29T22:18:42Z
2026-05-29T22:17:36Z,2026-05-30T00:17:36+0200,e2390b4d-8b36-448a-b0e6-27aba52aab7b,2026-05-10T11:30:00Z,2026-05-10T13:30:00+0200,81.13,MW,FR,FR,actual_offshore_wind_generation,Wind Offshore | Actual Aggregated,2026-05-29T22:18:42Z
2026-05-29T22:17:36Z,2026-05-30T00:17:36+0200,e2390b4d-8b36-448a-b0e6-27aba52aab7b,2026-05-10T11:45:00Z,2026-05-10T13:45:00+0200,83.17,MW,FR,FR,actual_offshore_wind_generation,Wind Offshore | Actual Aggregated,2026-05-29T22:18:42Z
2026-05-29T22:17:36Z,2026-05-30T00:17:36+0200,e2390b4d-8b36-448a-b0e6-27aba52aab7b,2026-05-10T12:00:00Z,2026-05-10T14:00:00+0200,83.79,MW,FR,FR,actual_offshore_wind_generation,Wind Offshore | Actual Aggregated,2026-05-29T22:18:42Z
2026-05-29T22:17:36Z,2026-05-30T00:17:36+0200,e2390b4d-8b36-448a-b0e6-27aba52aab7b,2026-05-10T12:15:00Z,2026-05-10T14:15:00+0200,81.83,MW,FR,FR,actual_offshore_wind_generation,Wind Offshore | Actual Aggregated,2026-05-29T22:18:42Z
2026-05-29T22:17:36Z,2026-05-30T00:17:36+0200,e2390b4d-8b36-448a-b0e6-27aba52aab7b,2026-05-10T12:30:00Z,2026-05-10T14:30:00+0200,82.77,MW,FR,FR,actual_offshore_wind_generation,Wind Offshore | Actual Aggregated,2026-05-29T22:18:42Z
2026-05-29T22:17:36Z,2026-05-30T00:17:36+0200,e2390b4d-8b36-448a-b0e6-27aba52aab7b,2026-05-10T12:45:00Z,2026-05-10T14:45:00+0200,89.17,MW,FR,FR,actual_offshore_wind_generation,Wind Offshore | Actual Aggregated,2026-05-29T22:18:42Z
2026-05-29T22:17:36Z,2026-05-30T00:17:36+0200,e2390b4d-8b36-448a-b0e6-27aba52aab7b,2026-05-10T13:00:00Z,2026-05-10T15:00:00+0200,215.94,MW,FR,FR,actual_offshore_wind_generation,Wind Offshore | Actual Aggregated,2026-05-29T22:18:42Z
2026-05-29T22:17:36Z,2026-05-30T00:17:36+0200,e2390b4d-8b36-448a-b0e6-27aba52aab7b,2026-05-10T13:15:00Z,2026-05-10T15:15:00+0200,807.84,MW,FR,FR,actual_offshore_wind_generation,Wind Offshore | Actual Aggregated,2026-05-29T22:18:42Z
2026-05-29T22:17:36Z,2026-05-30T00:17:36+0200,e2390b4d-8b36-448a-b0e6-27aba52aab7b,2026-05-10T13:30:00Z,2026-05-10T15:30:00+0200,1116.94,MW,FR,FR,actual_offshore_wind_generation,Wind Offshore | Actual Aggregated,2026-05-29T22:18:42Z
2026-05-29T22:17:36Z,2026-05-30T00:17:36+0200,e2390b4d-8b36-448a-b0e6-27aba52aab7b,2026-05-10T13:45:00Z,2026-05-10T15:45:00+0200,1097.99,MW,FR,FR,actual_offshore_wind_generation,Wind Offshore | Actual Aggregated,2026-05-29T22:18:42Z
2026-05-29T22:17:36Z,2026-05-30T00:17:36+0200,e2390b4d-8b36-448a-b0e6-27aba52aab7b,2026-05-10T14:00:00Z,2026-05-10T16:00:00+0200,1064.3,MW,FR,FR,actual_offshore_wind_generation,Wind Offshore | Actual Aggregated,2026-05-29T22:18:42Z
2026-05-29T22:17:36Z,2026-05-30T00:17:36+0200,e2390b4d-8b36-448a-b0e6-27aba52aab7b,2026-05-10T14:15:00Z,2026-05-10T16:15:00+0200,1045.11,MW,FR,FR,actual_offshore_wind_generation,Wind Offshore | Actual Aggregated,2026-05-29T22:18:42Z
2026-05-29T22:17:36Z,2026-05-30T00:17:36+0200,e2390b4d-8b36-448a-b0e6-27aba52aab7b,2026-05-10T14:30:00Z,2026-05-10T16:30:00+0200,1068.33,MW,FR,FR,actual_offshore_wind_generation,Wind Offshore | Actual Aggregated,2026-05-29T22:18:42Z
2026-05-29T22:17:36Z,2026-05-30T00:17:36+0200,e2390b4d-8b36-448a-b0e6-27aba52aab7b,2026-05-10T14:45:00Z,2026-05-10T16:45:00+0200,1099.16,MW,FR,FR,actual_offshore_wind_generation,Wind Offshore | Actual Aggregated,2026-05-29T22:18:42Z
2026-05-29T22:17:36Z,2026-05-30T00:17:36+0200,e2390b4d-8b36-448a-b0e6-27aba52aab7b,2026-05-10T15:00:00Z,2026-05-10T17:00:00+0200,1113.57,MW,FR,FR,actual_offshore_wind_generation,Wind Offshore | Actual Aggregated,2026-05-29T22:18:42Z
2026-05-29T22:17:36Z,2026-05-30T00:17:36+0200,e2390b4d-8b36-448a-b0e6-27aba52aab7b,2026-05-10T15:15:00Z,2026-05-10T17:15:00+0200,1116.43,MW,FR,FR,actual_offshore_wind_generation,Wind Offshore | Actual Aggregated,2026-05-29T22:18:42Z
2026-05-29T22:17:36Z,2026-05-30T00:17:36+0200,e2390b4d-8b36-448a-b0e6-27aba52aab7b,2026-05-10T15:30:00Z,2026-05-10T17:30:00+0200,1115.57,MW,FR,FR,actual_offshore_wind_generation,Wind Offshore | Actual Aggregated,2026-05-29T22:18:42Z
2026-05-29T22:17:36Z,2026-05-30T00:17:36+0200,e2390b4d-8b36-448a-b0e6-27aba52aab7b,2026-05-10T15:45:00Z,2026-05-10T17:45:00+0200,1111.55,MW,FR,FR,actual_offshore_wind_generation,Wind Offshore | Actual Aggregated,2026-05-29T22:18:42Z
2026-05-29T22:17:36Z,2026-05-30T00:17:36+0200,e2390b4d-8b36-448a-b0e6-27aba52aab7b,2026-05-10T16:00:00Z,2026-05-10T18:00:00+0200,1101.14,MW,FR,FR,actual_offshore_wind_generation,Wind Offshore | Actual Aggregated,2026-05-29T22:18:42Z
2026-05-29T22:17:36Z,2026-05-30T00:17:36+0200,e2390b4d-8b36-448a-b0e6-27aba52aab7b,2026-05-10T16:15:00Z,2026-05-10T18:15:00+0200,1079.58,MW,FR,FR,actual_offshore_wind_generation,Wind Offshore | Actual Aggregated,2026-05-29T22:18:42Z
2026-05-29T22:17:36Z,2026-05-30T00:17:36+0200,e2390b4d-8b36-448a-b0e6-27aba52aab7b,2026-05-10T16:30:00Z,2026-05-10T18:30:00+0200,1081.26,MW,FR,FR,actual_offshore_wind_generation,Wind Offshore | Actual Aggregated,2026-05-29T22:18:42Z
2026-05-29T22:17:36Z,2026-05-30T00:17:36+0200,e2390b4d-8b36-448a-b0e6-27aba52aab7b,2026-05-10T16:45:00Z,2026-05-10T18:45:00+0200,1086.41,MW,FR,FR,actual_offshore_wind_generation,Wind Offshore | Actual Aggregated,2026-05-29T22:18:42Z
2026-05-29T22:17:36Z,2026-05-30T00:17:36+0200,e2390b4d-8b36-448a-b0e6-27aba52aab7b,2026-05-10T17:00:00Z,2026-05-10T19:00:00+0200,1080.68,MW,FR,FR,actual_offshore_wind_generation,Wind Offshore | Actual Aggregated,2026-05-29T22:18:42Z
2026-05-29T22:17:36Z,2026-05-30T00:17:36+0200,e2390b4d-8b36-448a-b0e6-27aba52aab7b,2026-05-10T17:15:00Z,2026-05-10T19:15:00+0200,1095.06,MW,FR,FR,actual_offshore_wind_generation,Wind Offshore | Actual Aggregated,2026-05-29T22:18:42Z
2026-05-29T22:17:36Z,2026-05-30T00:17:36+0200,e2390b4d-8b36-448a-b0e6-27aba52aab7b,2026-05-10T17:30:00Z,2026-05-10T19:30:00+0200,1115.56,MW,FR,FR,actual_offshore_wind_generation,Wind Offshore | Actual Aggregated,2026-05-29T22:18:42Z
2026-05-29T22:17:36Z,2026-05-30T00:17:36+0200,e2390b4d-8b36-448a-b0e6-27aba52aab7b,2026-05-10T17:45:00Z,2026-05-10T19:45:00+0200,1117.59,MW,FR,FR,actual_offshore_wind_generation,Wind Offshore | Actual Aggregated,2026-05-29T22:18:42Z
2026-05-29T22:17:36Z,2026-05-30T00:17:36+0200,e2390b4d-8b36-448a-b0e6-27aba52aab7b,2026-05-10T18:00:00Z,2026-05-10T20:00:00+0200,1109.66,MW,FR,FR,actual_offshore_wind_generation,Wind Offshore | Actual Aggregated,2026-05-29T22:18:42Z
2026-05-29T22:17:36Z,2026-05-30T00:17:36+0200,e2390b4d-8b36-448a-b0e6-27aba52aab7b,2026-05-10T18:15:00Z,2026-05-10T20:15:00+0200,1111.25,MW,FR,FR,actual_offshore_wind_generation,Wind Offshore | Actual Aggregated,2026-05-29T22:18:42Z
2026-05-29T22:17:36Z,2026-05-30T00:17:36+0200,e2390b4d-8b36-448a-b0e6-27aba52aab7b,2026-05-10T18:30:00Z,2026-05-10T20:30:00+0200,1116.2,MW,FR,FR,actual_offshore_wind_generation,Wind Offshore | Actual Aggregated,2026-05-29T22:18:42Z
2026-05-29T22:17:36Z,2026-05-30T00:17:36+0200,e2390b4d-8b36-448a-b0e6-27aba52aab7b,2026-05-10T18:45:00Z,2026-05-10T20:45:00+0200,1128.02,MW,FR,FR,actual_offshore_wind_generation,Wind Offshore | Actual Aggregated,2026-05-29T22:18:42Z
2026-05-29T22:17:36Z,2026-05-30T00:17:36+0200,e2390b4d-8b36-448a-b0e6-27aba52aab7b,2026-05-10T19:00:00Z,2026-05-10T21:00:00+0200,1146.56,MW,FR,FR,actual_offshore_wind_generation,Wind Offshore | Actual Aggregated,2026-05-29T22:18:42Z
2026-05-29T22:17:36Z,2026-05-30T00:17:36+0200,e2390b4d-8b36-448a-b0e6-27aba52aab7b,2026-05-10T19:15:00Z,2026-05-10T21:15:00+0200,1142.09,MW,FR,FR,actual_offshore_wind_generation,Wind Offshore | Actual Aggregated,2026-05-29T22:18:42Z
2026-05-29T22:17:36Z,2026-05-30T00:17:36+0200,e2390b4d-8b36-448a-b0e6-27aba52aab7b,2026-05-10T19:30:00Z,2026-05-10T21:30:00+0200,1127.36,MW,FR,FR,actual_offshore_wind_generation,Wind Offshore | Actual Aggregated,2026-05-29T22:18:42Z
2026-05-29T22:17:36Z,2026-05-30T00:17:36+0200,e2390b4d-8b36-448a-b0e6-27aba52aab7b,2026-05-10T19:45:00Z,2026-05-10T21:45:00+0200,1129.45,MW,FR,FR,actual_offshore_wind_generation,Wind Offshore | Actual Aggregated,2026-05-29T22:18:42Z
2026-05-29T22:17:36Z,2026-05-30T00:17:36+0200,e2390b4d-8b36-448a-b0e6-27aba52aab7b,2026-05-10T20:00:00Z,2026-05-10T22:00:00+0200,1128.47,MW,FR,FR,actual_offshore_wind_generation,Wind Offshore | Actual Aggregated,2026-05-29T22:18:42Z
2026-05-29T22:17:36Z,2026-05-30T00:17:36+0200,e2390b4d-8b36-448a-b0e6-27aba52aab7b,2026-05-10T20:15:00Z,2026-05-10T22:15:00+0200,1124.92,MW,FR,FR,actual_offshore_wind_generation,Wind Offshore | Actual Aggregated,2026-05-29T22:18:42Z
2026-05-29T22:17:36Z,2026-05-30T00:17:36+0200,e2390b4d-8b36-448a-b0e6-27aba52aab7b,2026-05-10T20:30:00Z,2026-05-10T22:30:00+0200,1116.89,MW,FR,FR,actual_offshore_wind_generation,Wind Offshore | Actual Aggregated,2026-05-29T22:18:42Z
2026-05-29T22:17:36Z,2026-05-30T00:17:36+0200,e2390b4d-8b36-448a-b0e6-27aba52aab7b,2026-05-10T20:45:00Z,2026-05-10T22:45:00+0200,1111.05,MW,FR,FR,actual_offshore_wind_generation,Wind Offshore | Actual Aggregated,2026-05-29T22:18:42Z
2026-05-29T22:17:36Z,2026-05-30T00:17:36+0200,e2390b4d-8b36-448a-b0e6-27aba52aab7b,2026-05-10T21:00:00Z,2026-05-10T23:00:00+0200,1123.98,MW,FR,FR,actual_offshore_wind_generation,Wind Offshore | Actual Aggregated,2026-05-29T22:18:42Z
2026-05-29T22:17:36Z,2026-05-30T00:17:36+0200,e2390b4d-8b36-448a-b0e6-27aba52aab7b,2026-05-10T21:15:00Z,2026-05-10T23:15:00+0200,1138.85,MW,FR,FR,actual_offshore_wind_generation,Wind Offshore | Actual Aggregated,2026-05-29T22:18:42Z
2026-05-29T22:17:36Z,2026-05-30T00:17:36+0200,e2390b4d-8b36-448a-b0e6-27aba52aab7b,2026-05-10T21:30:00Z,2026-05-10T23:30:00+0200,1158.36,MW,FR,FR,actual_offshore_wind_generation,Wind Offshore | Actual Aggregated,2026-05-29T22:18:42Z
2026-05-29T22:17:36Z,2026-05-30T00:17:36+0200,e2390b4d-8b36-448a-b0e6-27aba52aab7b,2026-05-10T21:45:00Z,2026-05-10T23:45:00+0200,1169.21,MW,FR,FR,actual_offshore_wind_generation,Wind Offshore | Actual Aggregated,2026-05-29T22:18:42Z
2026-05-29T22:17:36Z,2026-05-30T00:17:36+0200,e2390b4d-8b36-448a-b0e6-27aba52aab7b,2026-05-10T22:00:00Z,2026-05-11T00:00:00+0200,1165.87,MW,FR,FR,actual_offshore_wind_generation,Wind Offshore | Actual Aggregated,2026-05-29T22:18:42Z
2026-05-29T22:17:36Z,2026-05-30T00:17:36+0200,e2390b4d-8b36-448a-b0e6-27aba52aab7b,2026-05-10T22:15:00Z,2026-05-11T00:15:00+0200,1173.26,MW,FR,FR,actual_offshore_wind_generation,Wind Offshore | Actual Aggregated,2026-05-29T22:18:42Z
2026-05-29T22:17:36Z,2026-05-30T00:17:36+0200,e2390b4d-8b36-448a-b0e6-27aba52aab7b,2026-05-10T22:30:00Z,2026-05-11T00:30:00+0200,1170.26,MW,FR,FR,actual_offshore_wind_generation,Wind Offshore | Actual Aggregated,2026-05-29T22:18:42Z
2026-05-29T22:17:36Z,2026-05-30T00:17:36+0200,e2390b4d-8b36-448a-b0e6-27aba52aab7b,2026-05-10T22:45:00Z,2026-05-11T00:45:00+0200,1174.59,MW,FR,FR,actual_offshore_wind_generation,Wind Offshore | Actual Aggregated,2026-05-29T22:18:42Z
2026-05-29T22:17:36Z,2026-05-30T00:17:36+0200,e2390b4d-8b36-448a-b0e6-27aba52aab7b,2026-05-10T23:00:00Z,2026-05-11T01:00:00+0200,1156.04,MW,FR,FR,actual_offshore_wind_generation,Wind Offshore | Actual Aggregated,2026-05-29T22:18:42Z
2026-05-29T22:17:36Z,2026-05-30T00:17:36+0200,e2390b4d-8b36-448a-b0e6-27aba52aab7b,2026-05-10T23:15:00Z,2026-05-11T01:15:00+0200,1163.05,MW,FR,FR,actual_offshore_wind_generation,Wind Offshore | Actual Aggregated,2026-05-29T22:18:42Z
2026-05-29T22:17:36Z,2026-05-30T00:17:36+0200,e2390b4d-8b36-448a-b0e6-27aba52aab7b,2026-05-10T23:30:00Z,2026-05-11T01:30:00+0200,1184.32,MW,FR,FR,actual_offshore_wind_generation,Wind Offshore | Actual Aggregated,2026-05-29T22:18:42Z
2026-05-29T22:17:36Z,2026-05-30T00:17:36+0200,e2390b4d-8b36-448a-b0e6-27aba52aab7b,2026-05-10T23:45:00Z,2026-05-11T01:45:00+0200,1184.52,MW,FR,FR,actual_offshore_wind_generation,Wind Offshore | Actual Aggregated,2026-05-29T22:18:42Z
2026-05-29T22:17:36Z,2026-05-30T00:17:36+0200,e2390b4d-8b36-448a-b0e6-27aba52aab7b,2026-05-11T00:00:00Z,2026-05-11T02:00:00+0200,1191.56,MW,FR,FR,actual_offshore_wind_generation,Wind Offshore | Actual Aggregated,2026-05-29T22:18:42Z
2026-05-29T22:17:36Z,2026-05-30T00:17:36+0200,e2390b4d-8b36-448a-b0e6-27aba52aab7b,2026-05-11T00:15:00Z,2026-05-11T02:15:00+0200,1194.72,MW,FR,FR,actual_offshore_wind_generation,Wind Offshore | Actual Aggregated,2026-05-29T22:18:42Z
2026-05-29T22:17:36Z,2026-05-30T00:17:36+0200,e2390b4d-8b36-448a-b0e6-27aba52aab7b,2026-05-11T00:30:00Z,2026-05-11T02:30:00+0200,1185.73,MW,FR,FR,actual_offshore_wind_generation,Wind Offshore | Actual Aggregated,2026-05-29T22:18:42Z
2026-05-29T22:17:36Z,2026-05-30T00:17:36+0200,e2390b4d-8b36-448a-b0e6-27aba52aab7b,2026-05-11T00:45:00Z,2026-05-11T02:45:00+0200,1169.28,MW,FR,FR,actual_offshore_wind_generation,Wind Offshore | Actual Aggregated,2026-05-29T22:18:42Z
2026-05-29T22:17:36Z,2026-05-30T00:17:36+0200,e2390b4d-8b36-448a-b0e6-27aba52aab7b,2026-05-11T01:00:00Z,2026-05-11T03:00:00+0200,1182.85,MW,FR,FR,actual_offshore_wind_generation,Wind Offshore | Actual Aggregated,2026-05-29T22:18:42Z
2026-05-29T22:17:36Z,2026-05-30T00:17:36+0200,e2390b4d-8b36-448a-b0e6-27aba52aab7b,2026-05-11T01:15:00Z,2026-05-11T03:15:00+0200,1183.72,MW,FR,FR,actual_offshore_wind_generation,Wind Offshore | Actual Aggregated,2026-05-29T22:18:42Z
2026-05-29T22:17:36Z,2026-05-30T00:17:36+0200,e2390b4d-8b36-448a-b0e6-27aba52aab7b,2026-05-11T01:30:00Z,2026-05-11T03:30:00+0200,1203.78,MW,FR,FR,actual_offshore_wind_generation,Wind Offshore | Actual Aggregated,2026-05-29T22:18:42Z
2026-05-29T22:17:36Z,2026-05-30T00:17:36+0200,e2390b4d-8b36-448a-b0e6-27aba52aab7b,2026-05-11T01:45:00Z,2026-05-11T03:45:00+0200,1188.44,MW,FR,FR,actual_offshore_wind_generation,Wind Offshore | Actual Aggregated,2026-05-29T22:18:42Z
2026-05-29T22:17:36Z,2026-05-30T00:17:36+0200,e2390b4d-8b36-448a-b0e6-27aba52aab7b,2026-05-11T02:00:00Z,2026-05-11T04:00:00+0200,1154.02,MW,FR,FR,actual_offshore_wind_generation,Wind Offshore | Actual Aggregated,2026-05-29T22:18:42Z
2026-05-29T22:17:36Z,2026-05-30T00:17:36+0200,e2390b4d-8b36-448a-b0e6-27aba52aab7b,2026-05-11T02:15:00Z,2026-05-11T04:15:00+0200,1104.21,MW,FR,FR,actual_offshore_wind_generation,Wind Offshore | Actual Aggregated,2026-05-29T22:18:42Z
2026-05-29T22:17:36Z,2026-05-30T00:17:36+0200,e2390b4d-8b36-448a-b0e6-27aba52aab7b,2026-05-11T02:30:00Z,2026-05-11T04:30:00+0200,1076.63,MW,FR,FR,actual_offshore_wind_generation,Wind Offshore | Actual Aggregated,2026-05-29T22:18:42Z
2026-05-29T22:17:36Z,2026-05-30T00:17:36+0200,e2390b4d-8b36-448a-b0e6-27aba52aab7b,2026-05-11T02:45:00Z,2026-05-11T04:45:00+0200,1034.25,MW,FR,FR,actual_offshore_wind_generation,Wind Offshore | Actual Aggregated,2026-05-29T22:18:42Z
2026-05-29T22:17:36Z,2026-05-30T00:17:36+0200,e2390b4d-8b36-448a-b0e6-27aba52aab7b,2026-05-11T03:00:00Z,2026-05-11T05:00:00+0200,1024.92,MW,FR,FR,actual_offshore_wind_generation,Wind Offshore | Actual Aggregated,2026-05-29T22:18:42Z
2026-05-29T22:17:36Z,2026-05-30T00:17:36+0200,e2390b4d-8b36-448a-b0e6-27aba52aab7b,2026-05-11T03:15:00Z,2026-05-11T05:15:00+0200,1039.51,MW,FR,FR,actual_offshore_wind_generation,Wind Offshore | Actual Aggregated,2026-05-29T22:18:42Z
2026-05-29T22:17:36Z,2026-05-30T00:17:36+0200,e2390b4d-8b36-448a-b0e6-27aba52aab7b,2026-05-11T03:30:00Z,2026-05-11T05:30:00+0200,1005.92,MW,FR,FR,actual_offshore_wind_generation,Wind Offshore | Actual Aggregated,2026-05-29T22:18:42Z
2026-05-29T22:17:36Z,2026-05-30T00:17:36+0200,e2390b4d-8b36-448a-b0e6-27aba52aab7b,2026-05-11T03:45:00Z,2026-05-11T05:45:00+0200,993.27,MW,FR,FR,actual_offshore_wind_generation,Wind Offshore | Actual Aggregated,2026-05-29T22:18:42Z
2026-05-29T22:17:36Z,2026-05-30T00:17:36+0200,e2390b4d-8b36-448a-b0e6-27aba52aab7b,2026-05-11T04:00:00Z,2026-05-11T06:00:00+0200,978.04,MW,FR,FR,actual_offshore_wind_generation,Wind Offshore | Actual Aggregated,2026-05-29T22:18:42Z
2026-05-29T22:17:36Z,2026-05-30T00:17:36+0200,e2390b4d-8b36-448a-b0e6-27aba52aab7b,2026-05-11T04:15:00Z,2026-05-11T06:15:00+0200,1011.32,MW,FR,FR,actual_offshore_wind_generation,Wind Offshore | Actual Aggregated,2026-05-29T22:18:42Z
2026-05-29T22:17:36Z,2026-05-30T00:17:36+0200,e2390b4d-8b36-448a-b0e6-27aba52aab7b,2026-05-11T04:30:00Z,2026-05-11T06:30:00+0200,1042.36,MW,FR,FR,actual_offshore_wind_generation,Wind Offshore | Actual Aggregated,2026-05-29T22:18:42Z
2026-05-29T22:17:36Z,2026-05-30T00:17:36+0200,e2390b4d-8b36-448a-b0e6-27aba52aab7b,2026-05-11T04:45:00Z,2026-05-11T06:45:00+0200,1064.38,MW,FR,FR,actual_offshore_wind_generation,Wind Offshore | Actual Aggregated,2026-05-29T22:18:42Z
2026-05-29T22:17:36Z,2026-05-30T00:17:36+0200,e2390b4d-8b36-448a-b0e6-27aba52aab7b,2026-05-11T05:00:00Z,2026-05-11T07:00:00+0200,1113.95,MW,FR,FR,actual_offshore_wind_generation,Wind Offshore | Actual Aggregated,2026-05-29T22:18:42Z
2026-05-29T22:17:36Z,2026-05-30T00:17:36+0200,e2390b4d-8b36-448a-b0e6-27aba52aab7b,2026-05-11T05:15:00Z,2026-05-11T07:15:00+0200,1143.93,MW,FR,FR,actual_offshore_wind_generation,Wind Offshore | Actual Aggregated,2026-05-29T22:18:42Z
2026-05-29T22:17:36Z,2026-05-30T00:17:36+0200,e2390b4d-8b36-448a-b0e6-27aba52aab7b,2026-05-11T05:30:00Z,2026-05-11T07:30:00+0200,1114.34,MW,FR,FR,actual_offshore_wind_generation,Wind Offshore | Actual Aggregated,2026-05-29T22:18:42Z
2026-05-29T22:17:36Z,2026-05-30T00:17:36+0200,e2390b4d-8b36-448a-b0e6-27aba52aab7b,2026-05-11T05:45:00Z,2026-05-11T07:45:00+0200,1197.3,MW,FR,FR,actual_offshore_wind_generation,Wind Offshore | Actual Aggregated,2026-05-29T22:18:42Z
2026-05-29T22:17:36Z,2026-05-30T00:17:36+0200,e2390b4d-8b36-448a-b0e6-27aba52aab7b,2026-05-11T06:00:00Z,2026-05-11T08:00:00+0200,1233.11,MW,FR,FR,actual_offshore_wind_generation,Wind Offshore | Actual Aggregated,2026-05-29T22:18:42Z
2026-05-29T22:17:36Z,2026-05-30T00:17:36+0200,e2390b4d-8b36-448a-b0e6-27aba52aab7b,2026-05-11T06:15:00Z,2026-05-11T08:15:00+0200,1225.29,MW,FR,FR,actual_offshore_wind_generation,Wind Offshore | Actual Aggregated,2026-05-29T22:18:42Z
2026-05-29T22:17:36Z,2026-05-30T00:17:36+0200,e2390b4d-8b36-448a-b0e6-27aba52aab7b,2026-05-11T06:30:00Z,2026-05-11T08:30:00+0200,1199.6,MW,FR,FR,actual_offshore_wind_generation,Wind Offshore | Actual Aggregated,2026-05-29T22:18:42Z
2026-05-29T22:17:36Z,2026-05-30T00:17:36+0200,e2390b4d-8b36-448a-b0e6-27aba52aab7b,2026-05-11T06:45:00Z,2026-05-11T08:45:00+0200,1190.5,MW,FR,FR,actual_offshore_wind_generation,Wind Offshore | Actual Aggregated,2026-05-29T22:18:42Z
2026-05-29T22:17:36Z,2026-05-30T00:17:36+0200,e2390b4d-8b36-448a-b0e6-27aba52aab7b,2026-05-11T07:00:00Z,2026-05-11T09:00:00+0200,1203.53,MW,FR,FR,actual_offshore_wind_generation,Wind Offshore | Actual Aggregated,2026-05-29T22:18:42Z
2026-05-29T22:17:36Z,2026-05-30T00:17:36+0200,e2390b4d-8b36-448a-b0e6-27aba52aab7b,2026-05-11T07:15:00Z,2026-05-11T09:15:00+0200,1180.56,MW,FR,FR,actual_offshore_wind_generation,Wind Offshore | Actual Aggregated,2026-05-29T22:18:42Z
2026-05-29T22:17:36Z,2026-05-30T00:17:36+0200,e2390b4d-8b36-448a-b0e6-27aba52aab7b,2026-05-11T07:30:00Z,2026-05-11T09:30:00+0200,1152.03,MW,FR,FR,actual_offshore_wind_generation,Wind Offshore | Actual Aggregated,2026-05-29T22:18:42Z
2026-05-29T22:17:36Z,2026-05-30T00:17:36+0200,e2390b4d-8b36-448a-b0e6-27aba52aab7b,2026-05-11T07:45:00Z,2026-05-11T09:45:00+0200,1120.41,MW,FR,FR,actual_offshore_wind_generation,Wind Offshore | Actual Aggregated,2026-05-29T22:18:42Z
2026-05-29T22:17:36Z,2026-05-30T00:17:36+0200,e2390b4d-8b36-448a-b0e6-27aba52aab7b,2026-05-11T08:00:00Z,2026-05-11T10:00:00+0200,1074.23,MW,FR,FR,actual_offshore_wind_generation,Wind Offshore | Actual Aggregated,2026-05-29T22:18:42Z
2026-05-29T22:17:36Z,2026-05-30T00:17:36+0200,e2390b4d-8b36-448a-b0e6-27aba52aab7b,2026-05-11T08:15:00Z,2026-05-11T10:15:00+0200,969.12,MW,FR,FR,actual_offshore_wind_generation,Wind Offshore | Actual Aggregated,2026-05-29T22:18:42Z
2026-05-29T22:17:36Z,2026-05-30T00:17:36+0200,e2390b4d-8b36-448a-b0e6-27aba52aab7b,2026-05-11T08:30:00Z,2026-05-11T10:30:00+0200,932.9,MW,FR,FR,actual_offshore_wind_generation,Wind Offshore | Actual Aggregated,2026-05-29T22:18:42Z
2026-05-29T22:17:36Z,2026-05-30T00:17:36+0200,e2390b4d-8b36-448a-b0e6-27aba52aab7b,2026-05-11T08:45:00Z,2026-05-11T10:45:00+0200,901.87,MW,FR,FR,actual_offshore_wind_generation,Wind Offshore | Actual Aggregated,2026-05-29T22:18:42Z
2026-05-29T22:17:36Z,2026-05-30T00:17:36+0200,e2390b4d-8b36-448a-b0e6-27aba52aab7b,2026-05-11T09:00:00Z,2026-05-11T11:00:00+0200,855.77,MW,FR,FR,actual_offshore_wind_generation,Wind Offshore | Actual Aggregated,2026-05-29T22:18:42Z
2026-05-29T22:17:36Z,2026-05-30T00:17:36+0200,e2390b4d-8b36-448a-b0e6-27aba52aab7b,2026-05-11T09:15:00Z,2026-05-11T11:15:00+0200,814.14,MW,FR,FR,actual_offshore_wind_generation,Wind Offshore | Actual Aggregated,2026-05-29T22:18:42Z
2026-05-29T22:17:36Z,2026-05-30T00:17:36+0200,e2390b4d-8b36-448a-b0e6-27aba52aab7b,2026-05-11T09:30:00Z,2026-05-11T11:30:00+0200,779.73,MW,FR,FR,actual_offshore_wind_generation,Wind Offshore | Actual Aggregated,2026-05-29T22:18:42Z
2026-05-29T22:17:36Z,2026-05-30T00:17:36+0200,e2390b4d-8b36-448a-b0e6-27aba52aab7b,2026-05-11T09:45:00Z,2026-05-11T11:45:00+0200,773.46,MW,FR,FR,actual_offshore_wind_generation,Wind Offshore | Actual Aggregated,2026-05-29T22:18:42Z
2026-05-29T22:17:36Z,2026-05-30T00:17:36+0200,e2390b4d-8b36-448a-b0e6-27aba52aab7b,2026-05-11T10:00:00Z,2026-05-11T12:00:00+0200,723.41,MW,FR,FR,actual_offshore_wind_generation,Wind Offshore | Actual Aggregated,2026-05-29T22:18:42Z
2026-05-29T22:17:36Z,2026-05-30T00:17:36+0200,e2390b4d-8b36-448a-b0e6-27aba52aab7b,2026-05-11T10:15:00Z,2026-05-11T12:15:00+0200,640.82,MW,FR,FR,actual_offshore_wind_generation,Wind Offshore | Actual Aggregated,2026-05-29T22:18:42Z
2026-05-29T22:17:36Z,2026-05-30T00:17:36+0200,e2390b4d-8b36-448a-b0e6-27aba52aab7b,2026-05-11T10:30:00Z,2026-05-11T12:30:00+0200,581.99,MW,FR,FR,actual_offshore_wind_generation,Wind Offshore | Actual Aggregated,2026-05-29T22:18:42Z
2026-05-29T22:17:36Z,2026-05-30T00:17:36+0200,e2390b4d-8b36-448a-b0e6-27aba52aab7b,2026-05-11T10:45:00Z,2026-05-11T12:45:00+0200,518.19,MW,FR,FR,actual_offshore_wind_generation,Wind Offshore | Actual Aggregated,2026-05-29T22:18:42Z
2026-05-29T22:17:36Z,2026-05-30T00:17:36+0200,e2390b4d-8b36-448a-b0e6-27aba52aab7b,2026-05-11T11:00:00Z,2026-05-11T13:00:00+0200,487.88,MW,FR,FR,actual_offshore_wind_generation,Wind Offshore | Actual Aggregated,2026-05-29T22:18:42Z
2026-05-29T22:17:36Z,2026-05-30T00:17:36+0200,e2390b4d-8b36-448a-b0e6-27aba52aab7b,2026-05-11T11:15:00Z,2026-05-11T13:15:00+0200,452.63,MW,FR,FR,actual_offshore_wind_generation,Wind Offshore | Actual Aggregated,2026-05-29T22:18:42Z
2026-05-29T22:17:36Z,2026-05-30T00:17:36+0200,e2390b4d-8b36-448a-b0e6-27aba52aab7b,2026-05-11T11:30:00Z,2026-05-11T13:30:00+0200,435.21,MW,FR,FR,actual_offshore_wind_generation,Wind Offshore | Actual Aggregated,2026-05-29T22:18:42Z
2026-05-29T22:17:36Z,2026-05-30T00:17:36+0200,e2390b4d-8b36-448a-b0e6-27aba52aab7b,2026-05-11T11:45:00Z,2026-05-11T13:45:00+0200,440.31,MW,FR,FR,actual_offshore_wind_generation,Wind Offshore | Actual Aggregated,2026-05-29T22:18:42Z
2026-05-29T22:17:36Z,2026-05-30T00:17:36+0200,e2390b4d-8b36-448a-b0e6-27aba52aab7b,2026-05-11T12:00:00Z,2026-05-11T14:00:00+0200,414.5,MW,FR,FR,actual_offshore_wind_generation,Wind Offshore | Actual Aggregated,2026-05-29T22:18:42Z
2026-05-29T22:17:36Z,2026-05-30T00:17:36+0200,e2390b4d-8b36-448a-b0e6-27aba52aab7b,2026-05-11T12:15:00Z,2026-05-11T14:15:00+0200,388.8,MW,FR,FR,actual_offshore_wind_generation,Wind Offshore | Actual Aggregated,2026-05-29T22:18:42Z
2026-05-29T22:17:36Z,2026-05-30T00:17:36+0200,e2390b4d-8b36-448a-b0e6-27aba52aab7b,2026-05-11T12:30:00Z,2026-05-11T14:30:00+0200,358.28,MW,FR,FR,actual_offshore_wind_generation,Wind Offshore | Actual Aggregated,2026-05-29T22:18:42Z
2026-05-29T22:17:36Z,2026-05-30T00:17:36+0200,e2390b4d-8b36-448a-b0e6-27aba52aab7b,2026-05-11T12:45:00Z,2026-05-11T14:45:00+0200,338.35,MW,FR,FR,actual_offshore_wind_generation,Wind Offshore | Actual Aggregated,2026-05-29T22:18:42Z
2026-05-29T22:17:36Z,2026-05-30T00:17:36+0200,e2390b4d-8b36-448a-b0e6-27aba52aab7b,2026-05-11T13:00:00Z,2026-05-11T15:00:00+0200,327.74,MW,FR,FR,actual_offshore_wind_generation,Wind Offshore | Actual Aggregated,2026-05-29T22:18:42Z
2026-05-29T22:17:36Z,2026-05-30T00:17:36+0200,e2390b4d-8b36-448a-b0e6-27aba52aab7b,2026-05-11T13:15:00Z,2026-05-11T15:15:00+0200,350.0,MW,FR,FR,actual_offshore_wind_generation,Wind Offshore | Actual Aggregated,2026-05-29T22:18:42Z
2026-05-29T22:17:36Z,2026-05-30T00:17:36+0200,e2390b4d-8b36-448a-b0e6-27aba52aab7b,2026-05-11T13:30:00Z,2026-05-11T15:30:00+0200,354.67,MW,FR,FR,actual_offshore_wind_generation,Wind Offshore | Actual Aggregated,2026-05-29T22:18:42Z
2026-05-29T22:17:36Z,2026-05-30T00:17:36+0200,e2390b4d-8b36-448a-b0e6-27aba52aab7b,2026-05-11T13:45:00Z,2026-05-11T15:45:00+0200,306.07,MW,FR,FR,actual_offshore_wind_generation,Wind Offshore | Actual Aggregated,2026-05-29T22:18:42Z
2026-05-29T22:17:36Z,2026-05-30T00:17:36+0200,e2390b4d-8b36-448a-b0e6-27aba52aab7b,2026-05-11T14:00:00Z,2026-05-11T16:00:00+0200,265.87,MW,FR,FR,actual_offshore_wind_generation,Wind Offshore | Actual Aggregated,2026-05-29T22:18:42Z
2026-05-29T22:17:36Z,2026-05-30T00:17:36+0200,e2390b4d-8b36-448a-b0e6-27aba52aab7b,2026-05-11T14:15:00Z,2026-05-11T16:15:00+0200,278.07,MW,FR,FR,actual_offshore_wind_generation,Wind Offshore | Actual Aggregated,2026-05-29T22:18:42Z
2026-05-29T22:17:36Z,2026-05-30T00:17:36+0200,e2390b4d-8b36-448a-b0e6-27aba52aab7b,2026-05-11T14:30:00Z,2026-05-11T16:30:00+0200,308.65,MW,FR,FR,actual_offshore_wind_generation,Wind Offshore | Actual Aggregated,2026-05-29T22:18:42Z
2026-05-29T22:17:36Z,2026-05-30T00:17:36+0200,e2390b4d-8b36-448a-b0e6-27aba52aab7b,2026-05-11T14:45:00Z,2026-05-11T16:45:00+0200,358.42,MW,FR,FR,actual_offshore_wind_generation,Wind Offshore | Actual Aggregated,2026-05-29T22:18:42Z
2026-05-29T22:17:36Z,2026-05-30T00:17:36+0200,e2390b4d-8b36-448a-b0e6-27aba52aab7b,2026-05-11T15:00:00Z,2026-05-11T17:00:00+0200,411.91,MW,FR,FR,actual_offshore_wind_generation,Wind Offshore | Actual Aggregated,2026-05-29T22:18:42Z
2026-05-29T22:17:36Z,2026-05-30T00:17:36+0200,e2390b4d-8b36-448a-b0e6-27aba52aab7b,2026-05-11T15:15:00Z,2026-05-11T17:15:00+0200,405.96,MW,FR,FR,actual_offshore_wind_generation,Wind Offshore | Actual Aggregated,2026-05-29T22:18:42Z
2026-05-29T22:17:36Z,2026-05-30T00:17:36+0200,e2390b4d-8b36-448a-b0e6-27aba52aab7b,2026-05-11T15:30:00Z,2026-05-11T17:30:00+0200,396.26,MW,FR,FR,actual_offshore_wind_generation,Wind Offshore | Actual Aggregated,2026-05-29T22:18:42Z
2026-05-29T22:17:36Z,2026-05-30T00:17:36+0200,e2390b4d-8b36-448a-b0e6-27aba52aab7b,2026-05-11T15:45:00Z,2026-05-11T17:45:00+0200,455.14,MW,FR,FR,actual_offshore_wind_generation,Wind Offshore | Actual Aggregated,2026-05-29T22:18:42Z
2026-05-29T22:17:36Z,2026-05-30T00:17:36+0200,e2390b4d-8b36-448a-b0e6-27aba52aab7b,2026-05-11T16:00:00Z,2026-05-11T18:00:00+0200,535.13,MW,FR,FR,actual_offshore_wind_generation,Wind Offshore | Actual Aggregated,2026-05-29T22:18:42Z
2026-05-29T22:17:36Z,2026-05-30T00:17:36+0200,e2390b4d-8b36-448a-b0e6-27aba52aab7b,2026-05-11T16:15:00Z,2026-05-11T18:15:00+0200,607.06,MW,FR,FR,actual_offshore_wind_generation,Wind Offshore | Actual Aggregated,2026-05-29T22:18:42Z
2026-05-29T22:17:36Z,2026-05-30T00:17:36+0200,e2390b4d-8b36-448a-b0e6-27aba52aab7b,2026-05-11T16:30:00Z,2026-05-11T18:30:00+0200,722.32,MW,FR,FR,actual_offshore_wind_generation,Wind Offshore | Actual Aggregated,2026-05-29T22:18:42Z
2026-05-29T22:17:36Z,2026-05-30T00:17:36+0200,e2390b4d-8b36-448a-b0e6-27aba52aab7b,2026-05-11T16:45:00Z,2026-05-11T18:45:00+0200,700.85,MW,FR,FR,actual_offshore_wind_generation,Wind Offshore | Actual Aggregated,2026-05-29T22:18:42Z
2026-05-29T22:17:36Z,2026-05-30T00:17:36+0200,e2390b4d-8b36-448a-b0e6-27aba52aab7b,2026-05-11T17:00:00Z,2026-05-11T19:00:00+0200,639.68,MW,FR,FR,actual_offshore_wind_generation,Wind Offshore | Actual Aggregated,2026-05-29T22:18:42Z
2026-05-29T22:17:36Z,2026-05-30T00:17:36+0200,e2390b4d-8b36-448a-b0e6-27aba52aab7b,2026-05-11T17:15:00Z,2026-05-11T19:15:00+0200,640.21,MW,FR,FR,actual_offshore_wind_generation,Wind Offshore | Actual Aggregated,2026-05-29T22:18:42Z
2026-05-29T22:17:36Z,2026-05-30T00:17:36+0200,e2390b4d-8b36-448a-b0e6-27aba52aab7b,2026-05-11T17:30:00Z,2026-05-11T19:30:00+0200,636.69,MW,FR,FR,actual_offshore_wind_generation,Wind Offshore | Actual Aggregated,2026-05-29T22:18:42Z
2026-05-29T22:17:36Z,2026-05-30T00:17:36+0200,e2390b4d-8b36-448a-b0e6-27aba52aab7b,2026-05-11T17:45:00Z,2026-05-11T19:45:00+0200,591.1,MW,FR,FR,actual_offshore_wind_generation,Wind Offshore | Actual Aggregated,2026-05-29T22:18:42Z
2026-05-29T22:17:36Z,2026-05-30T00:17:36+0200,e2390b4d-8b36-448a-b0e6-27aba52aab7b,2026-05-11T18:00:00Z,2026-05-11T20:00:00+0200,544.6,MW,FR,FR,actual_offshore_wind_generation,Wind Offshore | Actual Aggregated,2026-05-29T22:18:42Z
2026-05-29T22:17:36Z,2026-05-30T00:17:36+0200,e2390b4d-8b36-448a-b0e6-27aba52aab7b,2026-05-11T18:15:00Z,2026-05-11T20:15:00+0200,519.85,MW,FR,FR,actual_offshore_wind_generation,Wind Offshore | Actual Aggregated,2026-05-29T22:18:42Z
2026-05-29T22:17:36Z,2026-05-30T00:17:36+0200,e2390b4d-8b36-448a-b0e6-27aba52aab7b,2026-05-11T18:30:00Z,2026-05-11T20:30:00+0200,517.84,MW,FR,FR,actual_offshore_wind_generation,Wind Offshore | Actual Aggregated,2026-05-29T22:18:42Z
2026-05-29T22:17:36Z,2026-05-30T00:17:36+0200,e2390b4d-8b36-448a-b0e6-27aba52aab7b,2026-05-11T18:45:00Z,2026-05-11T20:45:00+0200,493.45,MW,FR,FR,actual_offshore_wind_generation,Wind Offshore | Actual Aggregated,2026-05-29T22:18:42Z
2026-05-29T22:17:36Z,2026-05-30T00:17:36+0200,e2390b4d-8b36-448a-b0e6-27aba52aab7b,2026-05-11T19:00:00Z,2026-05-11T21:00:00+0200,435.49,MW,FR,FR,actual_offshore_wind_generation,Wind Offshore | Actual Aggregated,2026-05-29T22:18:42Z
2026-05-29T22:17:36Z,2026-05-30T00:17:36+0200,e2390b4d-8b36-448a-b0e6-27aba52aab7b,2026-05-11T19:15:00Z,2026-05-11T21:15:00+0200,406.89,MW,FR,FR,actual_offshore_wind_generation,Wind Offshore | Actual Aggregated,2026-05-29T22:18:42Z
2026-05-29T22:17:36Z,2026-05-30T00:17:36+0200,e2390b4d-8b36-448a-b0e6-27aba52aab7b,2026-05-11T19:30:00Z,2026-05-11T21:30:00+0200,368.42,MW,FR,FR,actual_offshore_wind_generation,Wind Offshore | Actual Aggregated,2026-05-29T22:18:42Z
2026-05-29T22:17:36Z,2026-05-30T00:17:36+0200,e2390b4d-8b36-448a-b0e6-27aba52aab7b,2026-05-11T19:45:00Z,2026-05-11T21:45:00+0200,296.24,MW,FR,FR,actual_offshore_wind_generation,Wind Offshore | Actual Aggregated,2026-05-29T22:18:42Z
2026-05-29T22:17:36Z,2026-05-30T00:17:36+0200,e2390b4d-8b36-448a-b0e6-27aba52aab7b,2026-05-11T20:00:00Z,2026-05-11T22:00:00+0200,280.94,MW,FR,FR,actual_offshore_wind_generation,Wind Offshore | Actual Aggregated,2026-05-29T22:18:42Z
2026-05-29T22:17:36Z,2026-05-30T00:17:36+0200,e2390b4d-8b36-448a-b0e6-27aba52aab7b,2026-05-11T20:15:00Z,2026-05-11T22:15:00+0200,282.13,MW,FR,FR,actual_offshore_wind_generation,Wind Offshore | Actual Aggregated,2026-05-29T22:18:42Z
2026-05-29T22:17:36Z,2026-05-30T00:17:36+0200,e2390b4d-8b36-448a-b0e6-27aba52aab7b,2026-05-11T20:30:00Z,2026-05-11T22:30:00+0200,310.63,MW,FR,FR,actual_offshore_wind_generation,Wind Offshore | Actual Aggregated,2026-05-29T22:18:42Z
2026-05-29T22:17:36Z,2026-05-30T00:17:36+0200,e2390b4d-8b36-448a-b0e6-27aba52aab7b,2026-05-11T20:45:00Z,2026-05-11T22:45:00+0200,369.24,MW,FR,FR,actual_offshore_wind_generation,Wind Offshore | Actual Aggregated,2026-05-29T22:18:42Z
2026-05-29T22:17:36Z,2026-05-30T00:17:36+0200,e2390b4d-8b36-448a-b0e6-27aba52aab7b,2026-05-11T21:00:00Z,2026-05-11T23:00:00+0200,412.42,MW,FR,FR,actual_offshore_wind_generation,Wind Offshore | Actual Aggregated,2026-05-29T22:18:42Z
2026-05-29T22:17:36Z,2026-05-30T00:17:36+0200,e2390b4d-8b36-448a-b0e6-27aba52aab7b,2026-05-11T21:15:00Z,2026-05-11T23:15:00+0200,437.92,MW,FR,FR,actual_offshore_wind_generation,Wind Offshore | Actual Aggregated,2026-05-29T22:18:42Z
2026-05-29T22:17:36Z,2026-05-30T00:17:36+0200,e2390b4d-8b36-448a-b0e6-27aba52aab7b,2026-05-11T21:30:00Z,2026-05-11T23:30:00+0200,452.55,MW,FR,FR,actual_offshore_wind_generation,Wind Offshore | Actual Aggregated,2026-05-29T22:18:42Z
2026-05-29T22:17:36Z,2026-05-30T00:17:36+0200,e2390b4d-8b36-448a-b0e6-27aba52aab7b,2026-05-11T21:45:00Z,2026-05-11T23:45:00+0200,428.0,MW,FR,FR,actual_offshore_wind_generation,Wind Offshore | Actual Aggregated,2026-05-29T22:18:42Z
2026-05-29T22:17:36Z,2026-05-30T00:17:36+0200,e2390b4d-8b36-448a-b0e6-27aba52aab7b,2026-05-11T22:00:00Z,2026-05-12T00:00:00+0200,401.75,MW,FR,FR,actual_offshore_wind_generation,Wind Offshore | Actual Aggregated,2026-05-29T22:18:42Z
2026-05-29T22:17:36Z,2026-05-30T00:17:36+0200,e2390b4d-8b36-448a-b0e6-27aba52aab7b,2026-05-11T22:15:00Z,2026-05-12T00:15:00+0200,368.44,MW,FR,FR,actual_offshore_wind_generation,Wind Offshore | Actual Aggregated,2026-05-29T22:18:42Z
2026-05-29T22:17:36Z,2026-05-30T00:17:36+0200,e2390b4d-8b36-448a-b0e6-27aba52aab7b,2026-05-11T22:30:00Z,2026-05-12T00:30:00+0200,349.87,MW,FR,FR,actual_offshore_wind_generation,Wind Offshore | Actual Aggregated,2026-05-29T22:18:42Z
2026-05-29T22:17:36Z,2026-05-30T00:17:36+0200,e2390b4d-8b36-448a-b0e6-27aba52aab7b,2026-05-11T22:45:00Z,2026-05-12T00:45:00+0200,327.21,MW,FR,FR,actual_offshore_wind_generation,Wind Offshore | Actual Aggregated,2026-05-29T22:18:42Z
2026-05-29T22:17:36Z,2026-05-30T00:17:36+0200,e2390b4d-8b36-448a-b0e6-27aba52aab7b,2026-05-11T23:00:00Z,2026-05-12T01:00:00+0200,301.15,MW,FR,FR,actual_offshore_wind_generation,Wind Offshore | Actual Aggregated,2026-05-29T22:18:42Z
2026-05-29T22:17:36Z,2026-05-30T00:17:36+0200,e2390b4d-8b36-448a-b0e6-27aba52aab7b,2026-05-11T23:15:00Z,2026-05-12T01:15:00+0200,277.63,MW,FR,FR,actual_offshore_wind_generation,Wind Offshore | Actual Aggregated,2026-05-29T22:18:42Z
2026-05-29T22:17:36Z,2026-05-30T00:17:36+0200,e2390b4d-8b36-448a-b0e6-27aba52aab7b,2026-05-11T23:30:00Z,2026-05-12T01:30:00+0200,257.82,MW,FR,FR,actual_offshore_wind_generation,Wind Offshore | Actual Aggregated,2026-05-29T22:18:42Z
2026-05-29T22:17:36Z,2026-05-30T00:17:36+0200,e2390b4d-8b36-448a-b0e6-27aba52aab7b,2026-05-11T23:45:00Z,2026-05-12T01:45:00+0200,223.72,MW,FR,FR,actual_offshore_wind_generation,Wind Offshore | Actual Aggregated,2026-05-29T22:18:42Z
2026-05-29T22:17:36Z,2026-05-30T00:17:36+0200,e2390b4d-8b36-448a-b0e6-27aba52aab7b,2026-05-12T00:00:00Z,2026-05-12T02:00:00+0200,191.79,MW,FR,FR,actual_offshore_wind_generation,Wind Offshore | Actual Aggregated,2026-05-29T22:18:42Z
2026-05-29T22:17:36Z,2026-05-30T00:17:36+0200,e2390b4d-8b36-448a-b0e6-27aba52aab7b,2026-05-12T00:15:00Z,2026-05-12T02:15:00+0200,161.6,MW,FR,FR,actual_offshore_wind_generation,Wind Offshore | Actual Aggregated,2026-05-29T22:18:42Z
2026-05-29T22:17:36Z,2026-05-30T00:17:36+0200,e2390b4d-8b36-448a-b0e6-27aba52aab7b,2026-05-12T00:30:00Z,2026-05-12T02:30:00+0200,138.31,MW,FR,FR,actual_offshore_wind_generation,Wind Offshore | Actual Aggregated,2026-05-29T22:18:42Z
2026-05-29T22:17:36Z,2026-05-30T00:17:36+0200,e2390b4d-8b36-448a-b0e6-27aba52aab7b,2026-05-12T00:45:00Z,2026-05-12T02:45:00+0200,120.69,MW,FR,FR,actual_offshore_wind_generation,Wind Offshore | Actual Aggregated,2026-05-29T22:18:42Z
2026-05-29T22:17:36Z,2026-05-30T00:17:36+0200,e2390b4d-8b36-448a-b0e6-27aba52aab7b,2026-05-12T01:00:00Z,2026-05-12T03:00:00+0200,103.12,MW,FR,FR,actual_offshore_wind_generation,Wind Offshore | Actual Aggregated,2026-05-29T22:18:42Z
2026-05-29T22:17:36Z,2026-05-30T00:17:36+0200,e2390b4d-8b36-448a-b0e6-27aba52aab7b,2026-05-12T01:15:00Z,2026-05-12T03:15:00+0200,102.97,MW,FR,FR,actual_offshore_wind_generation,Wind Offshore | Actual Aggregated,2026-05-29T22:18:42Z
2026-05-29T22:17:36Z,2026-05-30T00:17:36+0200,e2390b4d-8b36-448a-b0e6-27aba52aab7b,2026-05-12T01:30:00Z,2026-05-12T03:30:00+0200,86.86,MW,FR,FR,actual_offshore_wind_generation,Wind Offshore | Actual Aggregated,2026-05-29T22:18:42Z
2026-05-29T22:17:36Z,2026-05-30T00:17:36+0200,e2390b4d-8b36-448a-b0e6-27aba52aab7b,2026-05-12T01:45:00Z,2026-05-12T03:45:00+0200,78.34,MW,FR,FR,actual_offshore_wind_generation,Wind Offshore | Actual Aggregated,2026-05-29T22:18:42Z
2026-05-29T22:17:36Z,2026-05-30T00:17:36+0200,e2390b4d-8b36-448a-b0e6-27aba52aab7b,2026-05-12T02:00:00Z,2026-05-12T04:00:00+0200,79.23,MW,FR,FR,actual_offshore_wind_generation,Wind Offshore | Actual Aggregated,2026-05-29T22:18:42Z
2026-05-29T22:17:36Z,2026-05-30T00:17:36+0200,e2390b4d-8b36-448a-b0e6-27aba52aab7b,2026-05-12T02:15:00Z,2026-05-12T04:15:00+0200,79.7,MW,FR,FR,actual_offshore_wind_generation,Wind Offshore | Actual Aggregated,2026-05-29T22:18:42Z
2026-05-29T22:17:36Z,2026-05-30T00:17:36+0200,e2390b4d-8b36-448a-b0e6-27aba52aab7b,2026-05-12T02:30:00Z,2026-05-12T04:30:00+0200,81.43,MW,FR,FR,actual_offshore_wind_generation,Wind Offshore | Actual Aggregated,2026-05-29T22:18:42Z
2026-05-29T22:17:36Z,2026-05-30T00:17:36+0200,e2390b4d-8b36-448a-b0e6-27aba52aab7b,2026-05-12T02:45:00Z,2026-05-12T04:45:00+0200,75.91,MW,FR,FR,actual_offshore_wind_generation,Wind Offshore | Actual Aggregated,2026-05-29T22:18:42Z
2026-05-29T22:17:36Z,2026-05-30T00:17:36+0200,e2390b4d-8b36-448a-b0e6-27aba52aab7b,2026-05-12T03:00:00Z,2026-05-12T05:00:00+0200,78.47,MW,FR,FR,actual_offshore_wind_generation,Wind Offshore | Actual Aggregated,2026-05-29T22:18:42Z
2026-05-29T22:17:36Z,2026-05-30T00:17:36+0200,e2390b4d-8b36-448a-b0e6-27aba52aab7b,2026-05-12T03:15:00Z,2026-05-12T05:15:00+0200,84.33,MW,FR,FR,actual_offshore_wind_generation,Wind Offshore | Actual Aggregated,2026-05-29T22:18:42Z
2026-05-29T22:17:36Z,2026-05-30T00:17:36+0200,e2390b4d-8b36-448a-b0e6-27aba52aab7b,2026-05-12T03:30:00Z,2026-05-12T05:30:00+0200,100.29,MW,FR,FR,actual_offshore_wind_generation,Wind Offshore | Actual Aggregated,2026-05-29T22:18:42Z
2026-05-29T22:17:36Z,2026-05-30T00:17:36+0200,e2390b4d-8b36-448a-b0e6-27aba52aab7b,2026-05-12T03:45:00Z,2026-05-12T05:45:00+0200,109.62,MW,FR,FR,actual_offshore_wind_generation,Wind Offshore | Actual Aggregated,2026-05-29T22:18:42Z
2026-05-29T22:17:36Z,2026-05-30T00:17:36+0200,e2390b4d-8b36-448a-b0e6-27aba52aab7b,2026-05-12T04:00:00Z,2026-05-12T06:00:00+0200,115.01,MW,FR,FR,actual_offshore_wind_generation,Wind Offshore | Actual Aggregated,2026-05-29T22:18:42Z
2026-05-29T22:17:36Z,2026-05-30T00:17:36+0200,e2390b4d-8b36-448a-b0e6-27aba52aab7b,2026-05-12T04:15:00Z,2026-05-12T06:15:00+0200,120.45,MW,FR,FR,actual_offshore_wind_generation,Wind Offshore | Actual Aggregated,2026-05-29T22:18:42Z
2026-05-29T22:17:36Z,2026-05-30T00:17:36+0200,e2390b4d-8b36-448a-b0e6-27aba52aab7b,2026-05-12T04:30:00Z,2026-05-12T06:30:00+0200,126.6,MW,FR,FR,actual_offshore_wind_generation,Wind Offshore | Actual Aggregated,2026-05-29T22:18:42Z
2026-05-29T22:17:36Z,2026-05-30T00:17:36+0200,e2390b4d-8b36-448a-b0e6-27aba52aab7b,2026-05-12T04:45:00Z,2026-05-12T06:45:00+0200,127.51,MW,FR,FR,actual_offshore_wind_generation,Wind Offshore | Actual Aggregated,2026-05-29T22:18:42Z
2026-05-29T22:17:36Z,2026-05-30T00:17:36+0200,e2390b4d-8b36-448a-b0e6-27aba52aab7b,2026-05-12T05:00:00Z,2026-05-12T07:00:00+0200,130.78,MW,FR,FR,actual_offshore_wind_generation,Wind Offshore | Actual Aggregated,2026-05-29T22:18:42Z
2026-05-29T22:17:36Z,2026-05-30T00:17:36+0200,e2390b4d-8b36-448a-b0e6-27aba52aab7b,2026-05-12T05:15:00Z,2026-05-12T07:15:00+0200,117.13,MW,FR,FR,actual_offshore_wind_generation,Wind Offshore | Actual Aggregated,2026-05-29T22:18:42Z
2026-05-29T22:17:36Z,2026-05-30T00:17:36+0200,e2390b4d-8b36-448a-b0e6-27aba52aab7b,2026-05-12T05:30:00Z,2026-05-12T07:30:00+0200,125.12,MW,FR,FR,actual_offshore_wind_generation,Wind Offshore | Actual Aggregated,2026-05-29T22:18:42Z
2026-05-29T22:17:36Z,2026-05-30T00:17:36+0200,e2390b4d-8b36-448a-b0e6-27aba52aab7b,2026-05-12T05:45:00Z,2026-05-12T07:45:00+0200,134.0,MW,FR,FR,actual_offshore_wind_generation,Wind Offshore | Actual Aggregated,2026-05-29T22:18:42Z
2026-05-29T22:17:36Z,2026-05-30T00:17:36+0200,e2390b4d-8b36-448a-b0e6-27aba52aab7b,2026-05-12T06:00:00Z,2026-05-12T08:00:00+0200,147.03,MW,FR,FR,actual_offshore_wind_generation,Wind Offshore | Actual Aggregated,2026-05-29T22:18:42Z
2026-05-29T22:17:36Z,2026-05-30T00:17:36+0200,e2390b4d-8b36-448a-b0e6-27aba52aab7b,2026-05-12T06:15:00Z,2026-05-12T08:15:00+0200,170.39,MW,FR,FR,actual_offshore_wind_generation,Wind Offshore | Actual Aggregated,2026-05-29T22:18:42Z
2026-05-29T22:17:36Z,2026-05-30T00:17:36+0200,e2390b4d-8b36-448a-b0e6-27aba52aab7b,2026-05-12T06:30:00Z,2026-05-12T08:30:00+0200,194.89,MW,FR,FR,actual_offshore_wind_generation,Wind Offshore | Actual Aggregated,2026-05-29T22:18:42Z
2026-05-29T22:17:36Z,2026-05-30T00:17:36+0200,e2390b4d-8b36-448a-b0e6-27aba52aab7b,2026-05-12T06:45:00Z,2026-05-12T08:45:00+0200,206.71,MW,FR,FR,actual_offshore_wind_generation,Wind Offshore | Actual Aggregated,2026-05-29T22:18:42Z
2026-05-29T22:17:36Z,2026-05-30T00:17:36+0200,e2390b4d-8b36-448a-b0e6-27aba52aab7b,2026-05-12T07:00:00Z,2026-05-12T09:00:00+0200,211.59,MW,FR,FR,actual_offshore_wind_generation,Wind Offshore | Actual Aggregated,2026-05-29T22:18:42Z
2026-05-29T22:17:36Z,2026-05-30T00:17:36+0200,e2390b4d-8b36-448a-b0e6-27aba52aab7b,2026-05-12T07:15:00Z,2026-05-12T09:15:00+0200,207.59,MW,FR,FR,actual_offshore_wind_generation,Wind Offshore | Actual Aggregated,2026-05-29T22:18:42Z
2026-05-29T22:17:36Z,2026-05-30T00:17:36+0200,e2390b4d-8b36-448a-b0e6-27aba52aab7b,2026-05-12T07:30:00Z,2026-05-12T09:30:00+0200,216.76,MW,FR,FR,actual_offshore_wind_generation,Wind Offshore | Actual Aggregated,2026-05-29T22:18:42Z
2026-05-29T22:17:36Z,2026-05-30T00:17:36+0200,e2390b4d-8b36-448a-b0e6-27aba52aab7b,2026-05-12T07:45:00Z,2026-05-12T09:45:00+0200,242.39,MW,FR,FR,actual_offshore_wind_generation,Wind Offshore | Actual Aggregated,2026-05-29T22:18:42Z
2026-05-29T22:17:36Z,2026-05-30T00:17:36+0200,e2390b4d-8b36-448a-b0e6-27aba52aab7b,2026-05-12T08:00:00Z,2026-05-12T10:00:00+0200,275.38,MW,FR,FR,actual_offshore_wind_generation,Wind Offshore | Actual Aggregated,2026-05-29T22:18:42Z
2026-05-29T22:17:36Z,2026-05-30T00:17:36+0200,e2390b4d-8b36-448a-b0e6-27aba52aab7b,2026-05-12T08:15:00Z,2026-05-12T10:15:00+0200,256.51,MW,FR,FR,actual_offshore_wind_generation,Wind Offshore | Actual Aggregated,2026-05-29T22:18:42Z
2026-05-29T22:17:36Z,2026-05-30T00:17:36+0200,e2390b4d-8b36-448a-b0e6-27aba52aab7b,2026-05-12T08:30:00Z,2026-05-12T10:30:00+0200,238.15,MW,FR,FR,actual_offshore_wind_generation,Wind Offshore | Actual Aggregated,2026-05-29T22:18:42Z
2026-05-29T22:17:36Z,2026-05-30T00:17:36+0200,e2390b4d-8b36-448a-b0e6-27aba52aab7b,2026-05-12T08:45:00Z,2026-05-12T10:45:00+0200,227.41,MW,FR,FR,actual_offshore_wind_generation,Wind Offshore | Actual Aggregated,2026-05-29T22:18:42Z
2026-05-29T22:17:36Z,2026-05-30T00:17:36+0200,e2390b4d-8b36-448a-b0e6-27aba52aab7b,2026-05-12T09:00:00Z,2026-05-12T11:00:00+0200,218.92,MW,FR,FR,actual_offshore_wind_generation,Wind Offshore | Actual Aggregated,2026-05-29T22:18:42Z
2026-05-29T22:17:36Z,2026-05-30T00:17:36+0200,e2390b4d-8b36-448a-b0e6-27aba52aab7b,2026-05-12T09:15:00Z,2026-05-12T11:15:00+0200,224.78,MW,FR,FR,actual_offshore_wind_generation,Wind Offshore | Actual Aggregated,2026-05-29T22:18:42Z
2026-05-29T22:17:36Z,2026-05-30T00:17:36+0200,e2390b4d-8b36-448a-b0e6-27aba52aab7b,2026-05-12T09:30:00Z,2026-05-12T11:30:00+0200,224.17,MW,FR,FR,actual_offshore_wind_generation,Wind Offshore | Actual Aggregated,2026-05-29T22:18:42Z
2026-05-29T22:17:36Z,2026-05-30T00:17:36+0200,e2390b4d-8b36-448a-b0e6-27aba52aab7b,2026-05-12T09:45:00Z,2026-05-12T11:45:00+0200,187.9,MW,FR,FR,actual_offshore_wind_generation,Wind Offshore | Actual Aggregated,2026-05-29T22:18:42Z
2026-05-29T22:17:36Z,2026-05-30T00:17:36+0200,e2390b4d-8b36-448a-b0e6-27aba52aab7b,2026-05-12T10:00:00Z,2026-05-12T12:00:00+0200,184.04,MW,FR,FR,actual_offshore_wind_generation,Wind Offshore | Actual Aggregated,2026-05-29T22:18:42Z
2026-05-29T22:17:36Z,2026-05-30T00:17:36+0200,e2390b4d-8b36-448a-b0e6-27aba52aab7b,2026-05-12T10:15:00Z,2026-05-12T12:15:00+0200,184.19,MW,FR,FR,actual_offshore_wind_generation,Wind Offshore | Actual Aggregated,2026-05-29T22:18:42Z
2026-05-29T22:17:36Z,2026-05-30T00:17:36+0200,e2390b4d-8b36-448a-b0e6-27aba52aab7b,2026-05-12T10:30:00Z,2026-05-12T12:30:00+0200,189.36,MW,FR,FR,actual_offshore_wind_generation,Wind Offshore | Actual Aggregated,2026-05-29T22:18:42Z
2026-05-29T22:17:36Z,2026-05-30T00:17:36+0200,e2390b4d-8b36-448a-b0e6-27aba52aab7b,2026-05-12T10:45:00Z,2026-05-12T12:45:00+0200,199.17,MW,FR,FR,actual_offshore_wind_generation,Wind Offshore | Actual Aggregated,2026-05-29T22:18:42Z
2026-05-29T22:17:36Z,2026-05-30T00:17:36+0200,e2390b4d-8b36-448a-b0e6-27aba52aab7b,2026-05-12T11:00:00Z,2026-05-12T13:00:00+0200,195.43,MW,FR,FR,actual_offshore_wind_generation,Wind Offshore | Actual Aggregated,2026-05-29T22:18:42Z
2026-05-29T22:17:36Z,2026-05-30T00:17:36+0200,e2390b4d-8b36-448a-b0e6-27aba52aab7b,2026-05-12T11:15:00Z,2026-05-12T13:15:00+0200,204.61,MW,FR,FR,actual_offshore_wind_generation,Wind Offshore | Actual Aggregated,2026-05-29T22:18:42Z
2026-05-29T22:17:36Z,2026-05-30T00:17:36+0200,e2390b4d-8b36-448a-b0e6-27aba52aab7b,2026-05-12T11:30:00Z,2026-05-12T13:30:00+0200,225.88,MW,FR,FR,actual_offshore_wind_generation,Wind Offshore | Actual Aggregated,2026-05-29T22:18:42Z
2026-05-29T22:17:36Z,2026-05-30T00:17:36+0200,e2390b4d-8b36-448a-b0e6-27aba52aab7b,2026-05-12T11:45:00Z,2026-05-12T13:45:00+0200,222.09,MW,FR,FR,actual_offshore_wind_generation,Wind Offshore | Actual Aggregated,2026-05-29T22:18:42Z
2026-05-29T22:17:36Z,2026-05-30T00:17:36+0200,e2390b4d-8b36-448a-b0e6-27aba52aab7b,2026-05-12T12:00:00Z,2026-05-12T14:00:00+0200,253.93,MW,FR,FR,actual_offshore_wind_generation,Wind Offshore | Actual Aggregated,2026-05-29T22:18:42Z
2026-05-29T22:17:36Z,2026-05-30T00:17:36+0200,e2390b4d-8b36-448a-b0e6-27aba52aab7b,2026-05-12T12:15:00Z,2026-05-12T14:15:00+0200,268.94,MW,FR,FR,actual_offshore_wind_generation,Wind Offshore | Actual Aggregated,2026-05-29T22:18:42Z
2026-05-29T22:17:36Z,2026-05-30T00:17:36+0200,e2390b4d-8b36-448a-b0e6-27aba52aab7b,2026-05-12T12:30:00Z,2026-05-12T14:30:00+0200,263.19,MW,FR,FR,actual_offshore_wind_generation,Wind Offshore | Actual Aggregated,2026-05-29T22:18:42Z
2026-05-29T22:17:36Z,2026-05-30T00:17:36+0200,e2390b4d-8b36-448a-b0e6-27aba52aab7b,2026-05-12T12:45:00Z,2026-05-12T14:45:00+0200,268.14,MW,FR,FR,actual_offshore_wind_generation,Wind Offshore | Actual Aggregated,2026-05-29T22:18:42Z
2026-05-29T22:17:36Z,2026-05-30T00:17:36+0200,e2390b4d-8b36-448a-b0e6-27aba52aab7b,2026-05-12T13:00:00Z,2026-05-12T15:00:00+0200,303.48,MW,FR,FR,actual_offshore_wind_generation,Wind Offshore | Actual Aggregated,2026-05-29T22:18:42Z
2026-05-29T22:17:36Z,2026-05-30T00:17:36+0200,e2390b4d-8b36-448a-b0e6-27aba52aab7b,2026-05-12T13:15:00Z,2026-05-12T15:15:00+0200,352.52,MW,FR,FR,actual_offshore_wind_generation,Wind Offshore | Actual Aggregated,2026-05-29T22:18:42Z
2026-05-29T22:17:36Z,2026-05-30T00:17:36+0200,e2390b4d-8b36-448a-b0e6-27aba52aab7b,2026-05-12T13:30:00Z,2026-05-12T15:30:00+0200,381.82,MW,FR,FR,actual_offshore_wind_generation,Wind Offshore | Actual Aggregated,2026-05-29T22:18:42Z
2026-05-29T22:17:36Z,2026-05-30T00:17:36+0200,e2390b4d-8b36-448a-b0e6-27aba52aab7b,2026-05-12T13:45:00Z,2026-05-12T15:45:00+0200,414.63,MW,FR,FR,actual_offshore_wind_generation,Wind Offshore | Actual Aggregated,2026-05-29T22:18:42Z
2026-05-29T22:17:36Z,2026-05-30T00:17:36+0200,e2390b4d-8b36-448a-b0e6-27aba52aab7b,2026-05-12T14:00:00Z,2026-05-12T16:00:00+0200,446.6,MW,FR,FR,actual_offshore_wind_generation,Wind Offshore | Actual Aggregated,2026-05-29T22:18:42Z
2026-05-29T22:17:36Z,2026-05-30T00:17:36+0200,e2390b4d-8b36-448a-b0e6-27aba52aab7b,2026-05-12T14:15:00Z,2026-05-12T16:15:00+0200,489.22,MW,FR,FR,actual_offshore_wind_generation,Wind Offshore | Actual Aggregated,2026-05-29T22:18:42Z
2026-05-29T22:17:36Z,2026-05-30T00:17:36+0200,e2390b4d-8b36-448a-b0e6-27aba52aab7b,2026-05-12T14:30:00Z,2026-05-12T16:30:00+0200,576.37,MW,FR,FR,actual_offshore_wind_generation,Wind Offshore | Actual Aggregated,2026-05-29T22:18:42Z
2026-05-29T22:17:36Z,2026-05-30T00:17:36+0200,e2390b4d-8b36-448a-b0e6-27aba52aab7b,2026-05-12T14:45:00Z,2026-05-12T16:45:00+0200,624.47,MW,FR,FR,actual_offshore_wind_generation,Wind Offshore | Actual Aggregated,2026-05-29T22:18:42Z
2026-05-29T22:17:36Z,2026-05-30T00:17:36+0200,e2390b4d-8b36-448a-b0e6-27aba52aab7b,2026-05-12T15:00:00Z,2026-05-12T17:00:00+0200,679.43,MW,FR,FR,actual_offshore_wind_generation,Wind Offshore | Actual Aggregated,2026-05-29T22:18:42Z
2026-05-29T22:17:36Z,2026-05-30T00:17:36+0200,e2390b4d-8b36-448a-b0e6-27aba52aab7b,2026-05-12T15:15:00Z,2026-05-12T17:15:00+0200,675.64,MW,FR,FR,actual_offshore_wind_generation,Wind Offshore | Actual Aggregated,2026-05-29T22:18:42Z
2026-05-29T22:17:36Z,2026-05-30T00:17:36+0200,e2390b4d-8b36-448a-b0e6-27aba52aab7b,2026-05-12T15:30:00Z,2026-05-12T17:30:00+0200,688.43,MW,FR,FR,actual_offshore_wind_generation,Wind Offshore | Actual Aggregated,2026-05-29T22:18:42Z
2026-05-29T22:17:36Z,2026-05-30T00:17:36+0200,e2390b4d-8b36-448a-b0e6-27aba52aab7b,2026-05-12T15:45:00Z,2026-05-12T17:45:00+0200,733.66,MW,FR,FR,actual_offshore_wind_generation,Wind Offshore | Actual Aggregated,2026-05-29T22:18:42Z
2026-05-29T22:17:36Z,2026-05-30T00:17:36+0200,e2390b4d-8b36-448a-b0e6-27aba52aab7b,2026-05-12T16:00:00Z,2026-05-12T18:00:00+0200,756.58,MW,FR,FR,actual_offshore_wind_generation,Wind Offshore | Actual Aggregated,2026-05-29T22:18:42Z
2026-05-29T22:17:36Z,2026-05-30T00:17:36+0200,e2390b4d-8b36-448a-b0e6-27aba52aab7b,2026-05-12T16:15:00Z,2026-05-12T18:15:00+0200,768.78,MW,FR,FR,actual_offshore_wind_generation,Wind Offshore | Actual Aggregated,2026-05-29T22:18:42Z
2026-05-29T22:17:36Z,2026-05-30T00:17:36+0200,e2390b4d-8b36-448a-b0e6-27aba52aab7b,2026-05-12T16:30:00Z,2026-05-12T18:30:00+0200,831.71,MW,FR,FR,actual_offshore_wind_generation,Wind Offshore | Actual Aggregated,2026-05-29T22:18:42Z
2026-05-29T22:17:36Z,2026-05-30T00:17:36+0200,e2390b4d-8b36-448a-b0e6-27aba52aab7b,2026-05-12T16:45:00Z,2026-05-12T18:45:00+0200,877.78,MW,FR,FR,actual_offshore_wind_generation,Wind Offshore | Actual Aggregated,2026-05-29T22:18:42Z
2026-05-29T22:17:36Z,2026-05-30T00:17:36+0200,e2390b4d-8b36-448a-b0e6-27aba52aab7b,2026-05-12T17:00:00Z,2026-05-12T19:00:00+0200,921.26,MW,FR,FR,actual_offshore_wind_generation,Wind Offshore | Actual Aggregated,2026-05-29T22:18:42Z
2026-05-29T22:17:36Z,2026-05-30T00:17:36+0200,e2390b4d-8b36-448a-b0e6-27aba52aab7b,2026-05-12T17:15:00Z,2026-05-12T19:15:00+0200,1008.06,MW,FR,FR,actual_offshore_wind_generation,Wind Offshore | Actual Aggregated,2026-05-29T22:18:42Z
2026-05-29T22:17:36Z,2026-05-30T00:17:36+0200,e2390b4d-8b36-448a-b0e6-27aba52aab7b,2026-05-12T17:30:00Z,2026-05-12T19:30:00+0200,1096.35,MW,FR,FR,actual_offshore_wind_generation,Wind Offshore | Actual Aggregated,2026-05-29T22:18:42Z
2026-05-29T22:17:36Z,2026-05-30T00:17:36+0200,e2390b4d-8b36-448a-b0e6-27aba52aab7b,2026-05-12T17:45:00Z,2026-05-12T19:45:00+0200,1186.31,MW,FR,FR,actual_offshore_wind_generation,Wind Offshore | Actual Aggregated,2026-05-29T22:18:42Z
2026-05-29T22:17:36Z,2026-05-30T00:17:36+0200,e2390b4d-8b36-448a-b0e6-27aba52aab7b,2026-05-12T18:00:00Z,2026-05-12T20:00:00+0200,1266.48,MW,FR,FR,actual_offshore_wind_generation,Wind Offshore | Actual Aggregated,2026-05-29T22:18:42Z
2026-05-29T22:17:36Z,2026-05-30T00:17:36+0200,e2390b4d-8b36-448a-b0e6-27aba52aab7b,2026-05-12T18:15:00Z,2026-05-12T20:15:00+0200,1346.1,MW,FR,FR,actual_offshore_wind_generation,Wind Offshore | Actual Aggregated,2026-05-29T22:18:42Z
2026-05-29T22:17:36Z,2026-05-30T00:17:36+0200,e2390b4d-8b36-448a-b0e6-27aba52aab7b,2026-05-12T18:30:00Z,2026-05-12T20:30:00+0200,1396.94,MW,FR,FR,actual_offshore_wind_generation,Wind Offshore | Actual Aggregated,2026-05-29T22:18:42Z
2026-05-29T22:17:36Z,2026-05-30T00:17:36+0200,e2390b4d-8b36-448a-b0e6-27aba52aab7b,2026-05-12T18:45:00Z,2026-05-12T20:45:00+0200,1387.79,MW,FR,FR,actual_offshore_wind_generation,Wind Offshore | Actual Aggregated,2026-05-29T22:18:42Z
2026-05-29T22:17:36Z,2026-05-30T00:17:36+0200,e2390b4d-8b36-448a-b0e6-27aba52aab7b,2026-05-12T19:00:00Z,2026-05-12T21:00:00+0200,1369.97,MW,FR,FR,actual_offshore_wind_generation,Wind Offshore | Actual Aggregated,2026-05-29T22:18:42Z
2026-05-29T22:17:36Z,2026-05-30T00:17:36+0200,e2390b4d-8b36-448a-b0e6-27aba52aab7b,2026-05-12T19:15:00Z,2026-05-12T21:15:00+0200,1329.06,MW,FR,FR,actual_offshore_wind_generation,Wind Offshore | Actual Aggregated,2026-05-29T22:18:42Z
2026-05-29T22:17:36Z,2026-05-30T00:17:36+0200,e2390b4d-8b36-448a-b0e6-27aba52aab7b,2026-05-12T19:30:00Z,2026-05-12T21:30:00+0200,1268.64,MW,FR,FR,actual_offshore_wind_generation,Wind Offshore | Actual Aggregated,2026-05-29T22:18:42Z
2026-05-29T22:17:36Z,2026-05-30T00:17:36+0200,e2390b4d-8b36-448a-b0e6-27aba52aab7b,2026-05-12T19:45:00Z,2026-05-12T21:45:00+0200,1199.64,MW,FR,FR,actual_offshore_wind_generation,Wind Offshore | Actual Aggregated,2026-05-29T22:18:42Z
2026-05-29T22:17:36Z,2026-05-30T00:17:36+0200,e2390b4d-8b36-448a-b0e6-27aba52aab7b,2026-05-12T20:00:00Z,2026-05-12T22:00:00+0200,1204.9,MW,FR,FR,actual_offshore_wind_generation,Wind Offshore | Actual Aggregated,2026-05-29T22:18:42Z
2026-05-29T22:17:36Z,2026-05-30T00:17:36+0200,e2390b4d-8b36-448a-b0e6-27aba52aab7b,2026-05-12T20:15:00Z,2026-05-12T22:15:00+0200,1155.93,MW,FR,FR,actual_offshore_wind_generation,Wind Offshore | Actual Aggregated,2026-05-29T22:18:42Z
2026-05-29T22:17:36Z,2026-05-30T00:17:36+0200,e2390b4d-8b36-448a-b0e6-27aba52aab7b,2026-05-12T20:30:00Z,2026-05-12T22:30:00+0200,1151.29,MW,FR,FR,actual_offshore_wind_generation,Wind Offshore | Actual Aggregated,2026-05-29T22:18:42Z
2026-05-29T22:17:36Z,2026-05-30T00:17:36+0200,e2390b4d-8b36-448a-b0e6-27aba52aab7b,2026-05-12T20:45:00Z,2026-05-12T22:45:00+0200,1079.31,MW,FR,FR,actual_offshore_wind_generation,Wind Offshore | Actual Aggregated,2026-05-29T22:18:42Z
2026-05-29T22:17:36Z,2026-05-30T00:17:36+0200,e2390b4d-8b36-448a-b0e6-27aba52aab7b,2026-05-12T21:00:00Z,2026-05-12T23:00:00+0200,1085.8,MW,FR,FR,actual_offshore_wind_generation,Wind Offshore | Actual Aggregated,2026-05-29T22:18:42Z
2026-05-29T22:17:36Z,2026-05-30T00:17:36+0200,e2390b4d-8b36-448a-b0e6-27aba52aab7b,2026-05-12T21:15:00Z,2026-05-12T23:15:00+0200,1198.54,MW,FR,FR,actual_offshore_wind_generation,Wind Offshore | Actual Aggregated,2026-05-29T22:18:42Z
2026-05-29T22:17:36Z,2026-05-30T00:17:36+0200,e2390b4d-8b36-448a-b0e6-27aba52aab7b,2026-05-12T21:30:00Z,2026-05-12T23:30:00+0200,1233.39,MW,FR,FR,actual_offshore_wind_generation,Wind Offshore | Actual Aggregated,2026-05-29T22:18:42Z
2026-05-29T22:17:36Z,2026-05-30T00:17:36+0200,e2390b4d-8b36-448a-b0e6-27aba52aab7b,2026-05-12T21:45:00Z,2026-05-12T23:45:00+0200,1172.75,MW,FR,FR,actual_offshore_wind_generation,Wind Offshore | Actual Aggregated,2026-05-29T22:18:42Z
2026-05-29T22:17:36Z,2026-05-30T00:17:36+0200,e2390b4d-8b36-448a-b0e6-27aba52aab7b,2026-05-12T22:00:00Z,2026-05-13T00:00:00+0200,1198.39,MW,FR,FR,actual_offshore_wind_generation,Wind Offshore | Actual Aggregated,2026-05-29T22:18:42Z
2026-05-29T22:17:36Z,2026-05-30T00:17:36+0200,e2390b4d-8b36-448a-b0e6-27aba52aab7b,2026-05-12T22:15:00Z,2026-05-13T00:15:00+0200,1211.28,MW,FR,FR,actual_offshore_wind_generation,Wind Offshore | Actual Aggregated,2026-05-29T22:18:42Z
2026-05-29T22:17:36Z,2026-05-30T00:17:36+0200,e2390b4d-8b36-448a-b0e6-27aba52aab7b,2026-05-12T22:30:00Z,2026-05-13T00:30:00+0200,1232.24,MW,FR,FR,actual_offshore_wind_generation,Wind Offshore | Actual Aggregated,2026-05-29T22:18:42Z
2026-05-29T22:17:36Z,2026-05-30T00:17:36+0200,e2390b4d-8b36-448a-b0e6-27aba52aab7b,2026-05-12T22:45:00Z,2026-05-13T00:45:00+0200,1248.03,MW,FR,FR,actual_offshore_wind_generation,Wind Offshore | Actual Aggregated,2026-05-29T22:18:42Z
2026-05-29T22:17:36Z,2026-05-30T00:17:36+0200,e2390b4d-8b36-448a-b0e6-27aba52aab7b,2026-05-12T23:00:00Z,2026-05-13T01:00:00+0200,1283.87,MW,FR,FR,actual_offshore_wind_generation,Wind Offshore | Actual Aggregated,2026-05-29T22:18:42Z
2026-05-29T22:17:36Z,2026-05-30T00:17:36+0200,e2390b4d-8b36-448a-b0e6-27aba52aab7b,2026-05-12T23:15:00Z,2026-05-13T01:15:00+0200,1276.31,MW,FR,FR,actual_offshore_wind_generation,Wind Offshore | Actual Aggregated,2026-05-29T22:18:42Z
2026-05-29T22:17:36Z,2026-05-30T00:17:36+0200,e2390b4d-8b36-448a-b0e6-27aba52aab7b,2026-05-12T23:30:00Z,2026-05-13T01:30:00+0200,1184.51,MW,FR,FR,actual_offshore_wind_generation,Wind Offshore | Actual Aggregated,2026-05-29T22:18:42Z
2026-05-29T22:17:36Z,2026-05-30T00:17:36+0200,e2390b4d-8b36-448a-b0e6-27aba52aab7b,2026-05-12T23:45:00Z,2026-05-13T01:45:00+0200,1115.78,MW,FR,FR,actual_offshore_wind_generation,Wind Offshore | Actual Aggregated,2026-05-29T22:18:42Z
2026-05-29T22:17:36Z,2026-05-30T00:17:36+0200,e2390b4d-8b36-448a-b0e6-27aba52aab7b,2026-05-13T00:00:00Z,2026-05-13T02:00:00+0200,1120.26,MW,FR,FR,actual_offshore_wind_generation,Wind Offshore | Actual Aggregated,2026-05-29T22:18:42Z
2026-05-29T22:17:36Z,2026-05-30T00:17:36+0200,e2390b4d-8b36-448a-b0e6-27aba52aab7b,2026-05-13T00:15:00Z,2026-05-13T02:15:00+0200,861.01,MW,FR,FR,actual_offshore_wind_generation,Wind Offshore | Actual Aggregated,2026-05-29T22:18:42Z
2026-05-29T22:17:36Z,2026-05-30T00:17:36+0200,e2390b4d-8b36-448a-b0e6-27aba52aab7b,2026-05-13T00:30:00Z,2026-05-13T02:30:00+0200,704.94,MW,FR,FR,actual_offshore_wind_generation,Wind Offshore | Actual Aggregated,2026-05-29T22:18:42Z
2026-05-29T22:17:36Z,2026-05-30T00:17:36+0200,e2390b4d-8b36-448a-b0e6-27aba52aab7b,2026-05-13T00:45:00Z,2026-05-13T02:45:00+0200,724.16,MW,FR,FR,actual_offshore_wind_generation,Wind Offshore | Actual Aggregated,2026-05-29T22:18:42Z
2026-05-29T22:17:36Z,2026-05-30T00:17:36+0200,e2390b4d-8b36-448a-b0e6-27aba52aab7b,2026-05-13T01:00:00Z,2026-05-13T03:00:00+0200,734.55,MW,FR,FR,actual_offshore_wind_generation,Wind Offshore | Actual Aggregated,2026-05-29T22:18:42Z
2026-05-29T22:17:36Z,2026-05-30T00:17:36+0200,e2390b4d-8b36-448a-b0e6-27aba52aab7b,2026-05-13T01:15:00Z,2026-05-13T03:15:00+0200,755.7,MW,FR,FR,actual_offshore_wind_generation,Wind Offshore | Actual Aggregated,2026-05-29T22:18:42Z
2026-05-29T22:17:36Z,2026-05-30T00:17:36+0200,e2390b4d-8b36-448a-b0e6-27aba52aab7b,2026-05-13T01:30:00Z,2026-05-13T03:30:00+0200,760.27,MW,FR,FR,actual_offshore_wind_generation,Wind Offshore | Actual Aggregated,2026-05-29T22:18:42Z
2026-05-29T22:17:36Z,2026-05-30T00:17:36+0200,e2390b4d-8b36-448a-b0e6-27aba52aab7b,2026-05-13T01:45:00Z,2026-05-13T03:45:00+0200,836.77,MW,FR,FR,actual_offshore_wind_generation,Wind Offshore | Actual Aggregated,2026-05-29T22:18:42Z
2026-05-29T22:17:36Z,2026-05-30T00:17:36+0200,e2390b4d-8b36-448a-b0e6-27aba52aab7b,2026-05-13T02:00:00Z,2026-05-13T04:00:00+0200,923.06,MW,FR,FR,actual_offshore_wind_generation,Wind Offshore | Actual Aggregated,2026-05-29T22:18:42Z
2026-05-29T22:17:36Z,2026-05-30T00:17:36+0200,e2390b4d-8b36-448a-b0e6-27aba52aab7b,2026-05-13T02:15:00Z,2026-05-13T04:15:00+0200,886.48,MW,FR,FR,actual_offshore_wind_generation,Wind Offshore | Actual Aggregated,2026-05-29T22:18:42Z
2026-05-29T22:17:36Z,2026-05-30T00:17:36+0200,e2390b4d-8b36-448a-b0e6-27aba52aab7b,2026-05-13T02:30:00Z,2026-05-13T04:30:00+0200,868.52,MW,FR,FR,actual_offshore_wind_generation,Wind Offshore | Actual Aggregated,2026-05-29T22:18:42Z
2026-05-29T22:17:36Z,2026-05-30T00:17:36+0200,e2390b4d-8b36-448a-b0e6-27aba52aab7b,2026-05-13T02:45:00Z,2026-05-13T04:45:00+0200,899.6,MW,FR,FR,actual_offshore_wind_generation,Wind Offshore | Actual Aggregated,2026-05-29T22:18:42Z
2026-05-29T22:17:36Z,2026-05-30T00:17:36+0200,e2390b4d-8b36-448a-b0e6-27aba52aab7b,2026-05-13T03:00:00Z,2026-05-13T05:00:00+0200,885.51,MW,FR,FR,actual_offshore_wind_generation,Wind Offshore | Actual Aggregated,2026-05-29T22:18:42Z
2026-05-29T22:17:36Z,2026-05-30T00:17:36+0200,e2390b4d-8b36-448a-b0e6-27aba52aab7b,2026-05-13T03:15:00Z,2026-05-13T05:15:00+0200,854.08,MW,FR,FR,actual_offshore_wind_generation,Wind Offshore | Actual Aggregated,2026-05-29T22:18:42Z
2026-05-29T22:17:36Z,2026-05-30T00:17:36+0200,e2390b4d-8b36-448a-b0e6-27aba52aab7b,2026-05-13T03:30:00Z,2026-05-13T05:30:00+0200,800.34,MW,FR,FR,actual_offshore_wind_generation,Wind Offshore | Actual Aggregated,2026-05-29T22:18:42Z
2026-05-29T22:17:36Z,2026-05-30T00:17:36+0200,e2390b4d-8b36-448a-b0e6-27aba52aab7b,2026-05-13T03:45:00Z,2026-05-13T05:45:00+0200,790.42,MW,FR,FR,actual_offshore_wind_generation,Wind Offshore | Actual Aggregated,2026-05-29T22:18:42Z
2026-05-29T22:17:36Z,2026-05-30T00:17:36+0200,e2390b4d-8b36-448a-b0e6-27aba52aab7b,2026-05-13T04:00:00Z,2026-05-13T06:00:00+0200,844.28,MW,FR,FR,actual_offshore_wind_generation,Wind Offshore | Actual Aggregated,2026-05-29T22:18:42Z
2026-05-29T22:17:36Z,2026-05-30T00:17:36+0200,e2390b4d-8b36-448a-b0e6-27aba52aab7b,2026-05-13T04:15:00Z,2026-05-13T06:15:00+0200,875.89,MW,FR,FR,actual_offshore_wind_generation,Wind Offshore | Actual Aggregated,2026-05-29T22:18:42Z
2026-05-29T22:17:36Z,2026-05-30T00:17:36+0200,e2390b4d-8b36-448a-b0e6-27aba52aab7b,2026-05-13T04:30:00Z,2026-05-13T06:30:00+0200,914.41,MW,FR,FR,actual_offshore_wind_generation,Wind Offshore | Actual Aggregated,2026-05-29T22:18:42Z
2026-05-29T22:17:36Z,2026-05-30T00:17:36+0200,e2390b4d-8b36-448a-b0e6-27aba52aab7b,2026-05-13T04:45:00Z,2026-05-13T06:45:00+0200,973.12,MW,FR,FR,actual_offshore_wind_generation,Wind Offshore | Actual Aggregated,2026-05-29T22:18:42Z
2026-05-29T22:17:36Z,2026-05-30T00:17:36+0200,e2390b4d-8b36-448a-b0e6-27aba52aab7b,2026-05-13T05:00:00Z,2026-05-13T07:00:00+0200,975.7,MW,FR,FR,actual_offshore_wind_generation,Wind Offshore | Actual Aggregated,2026-05-29T22:18:42Z
2026-05-29T22:17:36Z,2026-05-30T00:17:36+0200,e2390b4d-8b36-448a-b0e6-27aba52aab7b,2026-05-13T05:15:00Z,2026-05-13T07:15:00+0200,1008.7,MW,FR,FR,actual_offshore_wind_generation,Wind Offshore | Actual Aggregated,2026-05-29T22:18:42Z
2026-05-29T22:17:36Z,2026-05-30T00:17:36+0200,e2390b4d-8b36-448a-b0e6-27aba52aab7b,2026-05-13T05:30:00Z,2026-05-13T07:30:00+0200,1020.32,MW,FR,FR,actual_offshore_wind_generation,Wind Offshore | Actual Aggregated,2026-05-29T22:18:42Z
2026-05-29T22:17:36Z,2026-05-30T00:17:36+0200,e2390b4d-8b36-448a-b0e6-27aba52aab7b,2026-05-13T05:45:00Z,2026-05-13T07:45:00+0200,976.03,MW,FR,FR,actual_offshore_wind_generation,Wind Offshore | Actual Aggregated,2026-05-29T22:18:42Z
2026-05-29T22:17:36Z,2026-05-30T00:17:36+0200,e2390b4d-8b36-448a-b0e6-27aba52aab7b,2026-05-13T06:00:00Z,2026-05-13T08:00:00+0200,1029.12,MW,FR,FR,actual_offshore_wind_generation,Wind Offshore | Actual Aggregated,2026-05-29T22:18:42Z
2026-05-29T22:17:36Z,2026-05-30T00:17:36+0200,e2390b4d-8b36-448a-b0e6-27aba52aab7b,2026-05-13T06:15:00Z,2026-05-13T08:15:00+0200,1069.78,MW,FR,FR,actual_offshore_wind_generation,Wind Offshore | Actual Aggregated,2026-05-29T22:18:42Z
2026-05-29T22:17:36Z,2026-05-30T00:17:36+0200,e2390b4d-8b36-448a-b0e6-27aba52aab7b,2026-05-13T06:30:00Z,2026-05-13T08:30:00+0200,1150.12,MW,FR,FR,actual_offshore_wind_generation,Wind Offshore | Actual Aggregated,2026-05-29T22:18:42Z
2026-05-29T22:17:36Z,2026-05-30T00:17:36+0200,e2390b4d-8b36-448a-b0e6-27aba52aab7b,2026-05-13T06:45:00Z,2026-05-13T08:45:00+0200,1235.23,MW,FR,FR,actual_offshore_wind_generation,Wind Offshore | Actual Aggregated,2026-05-29T22:18:42Z
2026-05-29T22:17:36Z,2026-05-30T00:17:36+0200,e2390b4d-8b36-448a-b0e6-27aba52aab7b,2026-05-13T07:00:00Z,2026-05-13T09:00:00+0200,1232.68,MW,FR,FR,actual_offshore_wind_generation,Wind Offshore | Actual Aggregated,2026-05-29T22:18:42Z
2026-05-29T22:17:36Z,2026-05-30T00:17:36+0200,e2390b4d-8b36-448a-b0e6-27aba52aab7b,2026-05-13T07:15:00Z,2026-05-13T09:15:00+0200,1279.08,MW,FR,FR,actual_offshore_wind_generation,Wind Offshore | Actual Aggregated,2026-05-29T22:18:42Z
2026-05-29T22:17:36Z,2026-05-30T00:17:36+0200,e2390b4d-8b36-448a-b0e6-27aba52aab7b,2026-05-13T07:30:00Z,2026-05-13T09:30:00+0200,1331.25,MW,FR,FR,actual_offshore_wind_generation,Wind Offshore | Actual Aggregated,2026-05-29T22:18:42Z
2026-05-29T22:17:36Z,2026-05-30T00:17:36+0200,e2390b4d-8b36-448a-b0e6-27aba52aab7b,2026-05-13T07:45:00Z,2026-05-13T09:45:00+0200,1287.07,MW,FR,FR,actual_offshore_wind_generation,Wind Offshore | Actual Aggregated,2026-05-29T22:18:42Z
2026-05-29T22:17:36Z,2026-05-30T00:17:36+0200,e2390b4d-8b36-448a-b0e6-27aba52aab7b,2026-05-13T08:00:00Z,2026-05-13T10:00:00+0200,1247.57,MW,FR,FR,actual_offshore_wind_generation,Wind Offshore | Actual Aggregated,2026-05-29T22:18:42Z
2026-05-29T22:17:36Z,2026-05-30T00:17:36+0200,e2390b4d-8b36-448a-b0e6-27aba52aab7b,2026-05-13T08:15:00Z,2026-05-13T10:15:00+0200,1272.96,MW,FR,FR,actual_offshore_wind_generation,Wind Offshore | Actual Aggregated,2026-05-29T22:18:42Z
2026-05-29T22:17:36Z,2026-05-30T00:17:36+0200,e2390b4d-8b36-448a-b0e6-27aba52aab7b,2026-05-13T08:30:00Z,2026-05-13T10:30:00+0200,1295.89,MW,FR,FR,actual_offshore_wind_generation,Wind Offshore | Actual Aggregated,2026-05-29T22:18:42Z
2026-05-29T22:17:36Z,2026-05-30T00:17:36+0200,e2390b4d-8b36-448a-b0e6-27aba52aab7b,2026-05-13T08:45:00Z,2026-05-13T10:45:00+0200,1266.11,MW,FR,FR,actual_offshore_wind_generation,Wind Offshore | Actual Aggregated,2026-05-29T22:18:42Z
2026-05-29T22:17:36Z,2026-05-30T00:17:36+0200,e2390b4d-8b36-448a-b0e6-27aba52aab7b,2026-05-13T09:00:00Z,2026-05-13T11:00:00+0200,1336.65,MW,FR,FR,actual_offshore_wind_generation,Wind Offshore | Actual Aggregated,2026-05-29T22:18:42Z
2026-05-29T22:17:36Z,2026-05-30T00:17:36+0200,e2390b4d-8b36-448a-b0e6-27aba52aab7b,2026-05-13T09:15:00Z,2026-05-13T11:15:00+0200,1339.0,MW,FR,FR,actual_offshore_wind_generation,Wind Offshore | Actual Aggregated,2026-05-29T22:18:42Z
2026-05-29T22:17:36Z,2026-05-30T00:17:36+0200,e2390b4d-8b36-448a-b0e6-27aba52aab7b,2026-05-13T09:30:00Z,2026-05-13T11:30:00+0200,1356.58,MW,FR,FR,actual_offshore_wind_generation,Wind Offshore | Actual Aggregated,2026-05-29T22:18:42Z
2026-05-29T22:17:36Z,2026-05-30T00:17:36+0200,e2390b4d-8b36-448a-b0e6-27aba52aab7b,2026-05-13T09:45:00Z,2026-05-13T11:45:00+0200,1385.51,MW,FR,FR,actual_offshore_wind_generation,Wind Offshore | Actual Aggregated,2026-05-29T22:18:42Z
2026-05-29T22:17:36Z,2026-05-30T00:17:36+0200,e2390b4d-8b36-448a-b0e6-27aba52aab7b,2026-05-13T10:00:00Z,2026-05-13T12:00:00+0200,1396.66,MW,FR,FR,actual_offshore_wind_generation,Wind Offshore | Actual Aggregated,2026-05-29T22:18:42Z
2026-05-29T22:17:36Z,2026-05-30T00:17:36+0200,e2390b4d-8b36-448a-b0e6-27aba52aab7b,2026-05-13T10:15:00Z,2026-05-13T12:15:00+0200,1408.2,MW,FR,FR,actual_offshore_wind_generation,Wind Offshore | Actual Aggregated,2026-05-29T22:18:42Z
2026-05-29T22:17:36Z,2026-05-30T00:17:36+0200,e2390b4d-8b36-448a-b0e6-27aba52aab7b,2026-05-13T10:30:00Z,2026-05-13T12:30:00+0200,1397.31,MW,FR,FR,actual_offshore_wind_generation,Wind Offshore | Actual Aggregated,2026-05-29T22:18:42Z
2026-05-29T22:17:36Z,2026-05-30T00:17:36+0200,e2390b4d-8b36-448a-b0e6-27aba52aab7b,2026-05-13T10:45:00Z,2026-05-13T12:45:00+0200,1405.29,MW,FR,FR,actual_offshore_wind_generation,Wind Offshore | Actual Aggregated,2026-05-29T22:18:42Z
2026-05-29T22:17:36Z,2026-05-30T00:17:36+0200,e2390b4d-8b36-448a-b0e6-27aba52aab7b,2026-05-13T11:00:00Z,2026-05-13T13:00:00+0200,1410.94,MW,FR,FR,actual_offshore_wind_generation,Wind Offshore | Actual Aggregated,2026-05-29T22:18:42Z
2026-05-29T22:17:36Z,2026-05-30T00:17:36+0200,e2390b4d-8b36-448a-b0e6-27aba52aab7b,2026-05-13T11:15:00Z,2026-05-13T13:15:00+0200,1386.32,MW,FR,FR,actual_offshore_wind_generation,Wind Offshore | Actual Aggregated,2026-05-29T22:18:42Z
2026-05-29T22:17:36Z,2026-05-30T00:17:36+0200,e2390b4d-8b36-448a-b0e6-27aba52aab7b,2026-05-13T11:30:00Z,2026-05-13T13:30:00+0200,1419.51,MW,FR,FR,actual_offshore_wind_generation,Wind Offshore | Actual Aggregated,2026-05-29T22:18:42Z
2026-05-29T22:17:36Z,2026-05-30T00:17:36+0200,e2390b4d-8b36-448a-b0e6-27aba52aab7b,2026-05-13T11:45:00Z,2026-05-13T13:45:00+0200,1408.86,MW,FR,FR,actual_offshore_wind_generation,Wind Offshore | Actual Aggregated,2026-05-29T22:18:42Z
2026-05-29T22:17:36Z,2026-05-30T00:17:36+0200,e2390b4d-8b36-448a-b0e6-27aba52aab7b,2026-05-13T12:00:00Z,2026-05-13T14:00:00+0200,1429.14,MW,FR,FR,actual_offshore_wind_generation,Wind Offshore | Actual Aggregated,2026-05-29T22:18:42Z
2026-05-29T22:17:36Z,2026-05-30T00:17:36+0200,e2390b4d-8b36-448a-b0e6-27aba52aab7b,2026-05-13T12:15:00Z,2026-05-13T14:15:00+0200,1433.58,MW,FR,FR,actual_offshore_wind_generation,Wind Offshore | Actual Aggregated,2026-05-29T22:18:42Z
2026-05-29T22:17:36Z,2026-05-30T00:17:36+0200,e2390b4d-8b36-448a-b0e6-27aba52aab7b,2026-05-13T12:30:00Z,2026-05-13T14:30:00+0200,1436.4,MW,FR,FR,actual_offshore_wind_generation,Wind Offshore | Actual Aggregated,2026-05-29T22:18:42Z
2026-05-29T22:17:36Z,2026-05-30T00:17:36+0200,e2390b4d-8b36-448a-b0e6-27aba52aab7b,2026-05-13T12:45:00Z,2026-05-13T14:45:00+0200,1425.96,MW,FR,FR,actual_offshore_wind_generation,Wind Offshore | Actual Aggregated,2026-05-29T22:18:42Z
2026-05-29T22:17:36Z,2026-05-30T00:17:36+0200,e2390b4d-8b36-448a-b0e6-27aba52aab7b,2026-05-13T13:00:00Z,2026-05-13T15:00:00+0200,1424.07,MW,FR,FR,actual_offshore_wind_generation,Wind Offshore | Actual Aggregated,2026-05-29T22:18:42Z
2026-05-29T22:17:36Z,2026-05-30T00:17:36+0200,e2390b4d-8b36-448a-b0e6-27aba52aab7b,2026-05-13T13:15:00Z,2026-05-13T15:15:00+0200,1427.05,MW,FR,FR,actual_offshore_wind_generation,Wind Offshore | Actual Aggregated,2026-05-29T22:18:42Z
2026-05-29T22:17:36Z,2026-05-30T00:17:36+0200,e2390b4d-8b36-448a-b0e6-27aba52aab7b,2026-05-13T13:30:00Z,2026-05-13T15:30:00+0200,1423.39,MW,FR,FR,actual_offshore_wind_generation,Wind Offshore | Actual Aggregated,2026-05-29T22:18:42Z
2026-05-29T22:17:36Z,2026-05-30T00:17:36+0200,e2390b4d-8b36-448a-b0e6-27aba52aab7b,2026-05-13T13:45:00Z,2026-05-13T15:45:00+0200,1420.48,MW,FR,FR,actual_offshore_wind_generation,Wind Offshore | Actual Aggregated,2026-05-29T22:18:42Z
2026-05-29T22:17:36Z,2026-05-30T00:17:36+0200,e2390b4d-8b36-448a-b0e6-27aba52aab7b,2026-05-13T14:00:00Z,2026-05-13T16:00:00+0200,1426.25,MW,FR,FR,actual_offshore_wind_generation,Wind Offshore | Actual Aggregated,2026-05-29T22:18:42Z
2026-05-29T22:17:36Z,2026-05-30T00:17:36+0200,e2390b4d-8b36-448a-b0e6-27aba52aab7b,2026-05-13T14:15:00Z,2026-05-13T16:15:00+0200,1434.16,MW,FR,FR,actual_offshore_wind_generation,Wind Offshore | Actual Aggregated,2026-05-29T22:18:42Z
2026-05-29T22:17:36Z,2026-05-30T00:17:36+0200,e2390b4d-8b36-448a-b0e6-27aba52aab7b,2026-05-13T14:30:00Z,2026-05-13T16:30:00+0200,1432.12,MW,FR,FR,actual_offshore_wind_generation,Wind Offshore | Actual Aggregated,2026-05-29T22:18:42Z
2026-05-29T22:17:36Z,2026-05-30T00:17:36+0200,e2390b4d-8b36-448a-b0e6-27aba52aab7b,2026-05-13T14:45:00Z,2026-05-13T16:45:00+0200,1439.93,MW,FR,FR,actual_offshore_wind_generation,Wind Offshore | Actual Aggregated,2026-05-29T22:18:42Z
2026-05-29T22:17:36Z,2026-05-30T00:17:36+0200,e2390b4d-8b36-448a-b0e6-27aba52aab7b,2026-05-13T15:00:00Z,2026-05-13T17:00:00+0200,1446.83,MW,FR,FR,actual_offshore_wind_generation,Wind Offshore | Actual Aggregated,2026-05-29T22:18:42Z
2026-05-29T22:17:36Z,2026-05-30T00:17:36+0200,e2390b4d-8b36-448a-b0e6-27aba52aab7b,2026-05-13T15:15:00Z,2026-05-13T17:15:00+0200,1441.52,MW,FR,FR,actual_offshore_wind_generation,Wind Offshore | Actual Aggregated,2026-05-29T22:18:42Z
2026-05-29T22:17:36Z,2026-05-30T00:17:36+0200,e2390b4d-8b36-448a-b0e6-27aba52aab7b,2026-05-13T15:30:00Z,2026-05-13T17:30:00+0200,1445.03,MW,FR,FR,actual_offshore_wind_generation,Wind Offshore | Actual Aggregated,2026-05-29T22:18:42Z
2026-05-29T22:17:36Z,2026-05-30T00:17:36+0200,e2390b4d-8b36-448a-b0e6-27aba52aab7b,2026-05-13T15:45:00Z,2026-05-13T17:45:00+0200,1446.68,MW,FR,FR,actual_offshore_wind_generation,Wind Offshore | Actual Aggregated,2026-05-29T22:18:42Z
2026-05-29T22:17:36Z,2026-05-30T00:17:36+0200,e2390b4d-8b36-448a-b0e6-27aba52aab7b,2026-05-13T16:00:00Z,2026-05-13T18:00:00+0200,1441.76,MW,FR,FR,actual_offshore_wind_generation,Wind Offshore | Actual Aggregated,2026-05-29T22:18:42Z
2026-05-29T22:17:36Z,2026-05-30T00:17:36+0200,e2390b4d-8b36-448a-b0e6-27aba52aab7b,2026-05-13T16:15:00Z,2026-05-13T18:15:00+0200,1443.3,MW,FR,FR,actual_offshore_wind_generation,Wind Offshore | Actual Aggregated,2026-05-29T22:18:42Z
2026-05-29T22:17:36Z,2026-05-30T00:17:36+0200,e2390b4d-8b36-448a-b0e6-27aba52aab7b,2026-05-13T16:30:00Z,2026-05-13T18:30:00+0200,1427.32,MW,FR,FR,actual_offshore_wind_generation,Wind Offshore | Actual Aggregated,2026-05-29T22:18:42Z
2026-05-29T22:17:36Z,2026-05-30T00:17:36+0200,e2390b4d-8b36-448a-b0e6-27aba52aab7b,2026-05-13T16:45:00Z,2026-05-13T18:45:00+0200,1553.05,MW,FR,FR,actual_offshore_wind_generation,Wind Offshore | Actual Aggregated,2026-05-29T22:18:42Z
2026-05-29T22:17:36Z,2026-05-30T00:17:36+0200,e2390b4d-8b36-448a-b0e6-27aba52aab7b,2026-05-13T17:00:00Z,2026-05-13T19:00:00+0200,1893.48,MW,FR,FR,actual_offshore_wind_generation,Wind Offshore | Actual Aggregated,2026-05-29T22:18:42Z
2026-05-29T22:17:36Z,2026-05-30T00:17:36+0200,e2390b4d-8b36-448a-b0e6-27aba52aab7b,2026-05-13T17:15:00Z,2026-05-13T19:15:00+0200,1892.87,MW,FR,FR,actual_offshore_wind_generation,Wind Offshore | Actual Aggregated,2026-05-29T22:18:42Z
2026-05-29T22:17:36Z,2026-05-30T00:17:36+0200,e2390b4d-8b36-448a-b0e6-27aba52aab7b,2026-05-13T17:30:00Z,2026-05-13T19:30:00+0200,1889.16,MW,FR,FR,actual_offshore_wind_generation,Wind Offshore | Actual Aggregated,2026-05-29T22:18:42Z
2026-05-29T22:17:36Z,2026-05-30T00:17:36+0200,e2390b4d-8b36-448a-b0e6-27aba52aab7b,2026-05-13T17:45:00Z,2026-05-13T19:45:00+0200,1880.1,MW,FR,FR,actual_offshore_wind_generation,Wind Offshore | Actual Aggregated,2026-05-29T22:18:42Z
2026-05-29T22:17:36Z,2026-05-30T00:17:36+0200,e2390b4d-8b36-448a-b0e6-27aba52aab7b,2026-05-13T18:00:00Z,2026-05-13T20:00:00+0200,1878.09,MW,FR,FR,actual_offshore_wind_generation,Wind Offshore | Actual Aggregated,2026-05-29T22:18:42Z
2026-05-29T22:17:36Z,2026-05-30T00:17:36+0200,e2390b4d-8b36-448a-b0e6-27aba52aab7b,2026-05-13T18:15:00Z,2026-05-13T20:15:00+0200,1881.93,MW,FR,FR,actual_offshore_wind_generation,Wind Offshore | Actual Aggregated,2026-05-29T22:18:42Z
2026-05-29T22:17:36Z,2026-05-30T00:17:36+0200,e2390b4d-8b36-448a-b0e6-27aba52aab7b,2026-05-13T18:30:00Z,2026-05-13T20:30:00+0200,1884.6,MW,FR,FR,actual_offshore_wind_generation,Wind Offshore | Actual Aggregated,2026-05-29T22:18:42Z
2026-05-29T22:17:36Z,2026-05-30T00:17:36+0200,e2390b4d-8b36-448a-b0e6-27aba52aab7b,2026-05-13T18:45:00Z,2026-05-13T20:45:00+0200,1879.3,MW,FR,FR,actual_offshore_wind_generation,Wind Offshore | Actual Aggregated,2026-05-29T22:18:42Z
2026-05-29T22:17:36Z,2026-05-30T00:17:36+0200,e2390b4d-8b36-448a-b0e6-27aba52aab7b,2026-05-13T19:00:00Z,2026-05-13T21:00:00+0200,1887.99,MW,FR,FR,actual_offshore_wind_generation,Wind Offshore | Actual Aggregated,2026-05-29T22:18:42Z
2026-05-29T22:17:36Z,2026-05-30T00:17:36+0200,e2390b4d-8b36-448a-b0e6-27aba52aab7b,2026-05-13T19:15:00Z,2026-05-13T21:15:00+0200,1881.41,MW,FR,FR,actual_offshore_wind_generation,Wind Offshore | Actual Aggregated,2026-05-29T22:18:42Z
2026-05-29T22:17:36Z,2026-05-30T00:17:36+0200,e2390b4d-8b36-448a-b0e6-27aba52aab7b,2026-05-13T19:30:00Z,2026-05-13T21:30:00+0200,1872.51,MW,FR,FR,actual_offshore_wind_generation,Wind Offshore | Actual Aggregated,2026-05-29T22:18:42Z
2026-05-29T22:17:36Z,2026-05-30T00:17:36+0200,e2390b4d-8b36-448a-b0e6-27aba52aab7b,2026-05-13T19:45:00Z,2026-05-13T21:45:00+0200,1858.89,MW,FR,FR,actual_offshore_wind_generation,Wind Offshore | Actual Aggregated,2026-05-29T22:18:42Z
2026-05-29T22:17:36Z,2026-05-30T00:17:36+0200,e2390b4d-8b36-448a-b0e6-27aba52aab7b,2026-05-13T20:00:00Z,2026-05-13T22:00:00+0200,1886.36,MW,FR,FR,actual_offshore_wind_generation,Wind Offshore | Actual Aggregated,2026-05-29T22:18:42Z
2026-05-29T22:17:36Z,2026-05-30T00:17:36+0200,e2390b4d-8b36-448a-b0e6-27aba52aab7b,2026-05-13T20:15:00Z,2026-05-13T22:15:00+0200,1849.89,MW,FR,FR,actual_offshore_wind_generation,Wind Offshore | Actual Aggregated,2026-05-29T22:18:42Z
2026-05-29T22:17:36Z,2026-05-30T00:17:36+0200,e2390b4d-8b36-448a-b0e6-27aba52aab7b,2026-05-13T20:30:00Z,2026-05-13T22:30:00+0200,1660.72,MW,FR,FR,actual_offshore_wind_generation,Wind Offshore | Actual Aggregated,2026-05-29T22:18:42Z
2026-05-29T22:17:36Z,2026-05-30T00:17:36+0200,e2390b4d-8b36-448a-b0e6-27aba52aab7b,2026-05-13T20:45:00Z,2026-05-13T22:45:00+0200,1661.54,MW,FR,FR,actual_offshore_wind_generation,Wind Offshore | Actual Aggregated,2026-05-29T22:18:42Z
2026-05-29T22:17:36Z,2026-05-30T00:17:36+0200,e2390b4d-8b36-448a-b0e6-27aba52aab7b,2026-05-13T21:00:00Z,2026-05-13T23:00:00+0200,1814.88,MW,FR,FR,actual_offshore_wind_generation,Wind Offshore | Actual Aggregated,2026-05-29T22:18:42Z
2026-05-29T22:17:36Z,2026-05-30T00:17:36+0200,e2390b4d-8b36-448a-b0e6-27aba52aab7b,2026-05-13T21:15:00Z,2026-05-13T23:15:00+0200,1815.78,MW,FR,FR,actual_offshore_wind_generation,Wind Offshore | Actual Aggregated,2026-05-29T22:18:42Z
2026-05-29T22:17:36Z,2026-05-30T00:17:36+0200,e2390b4d-8b36-448a-b0e6-27aba52aab7b,2026-05-13T21:30:00Z,2026-05-13T23:30:00+0200,1788.74,MW,FR,FR,actual_offshore_wind_generation,Wind Offshore | Actual Aggregated,2026-05-29T22:18:42Z
2026-05-29T22:17:36Z,2026-05-30T00:17:36+0200,e2390b4d-8b36-448a-b0e6-27aba52aab7b,2026-05-13T21:45:00Z,2026-05-13T23:45:00+0200,1693.82,MW,FR,FR,actual_offshore_wind_generation,Wind Offshore | Actual Aggregated,2026-05-29T22:18:42Z
2026-05-29T22:17:36Z,2026-05-30T00:17:36+0200,e2390b4d-8b36-448a-b0e6-27aba52aab7b,2026-05-13T22:00:00Z,2026-05-14T00:00:00+0200,1765.42,MW,FR,FR,actual_offshore_wind_generation,Wind Offshore | Actual Aggregated,2026-05-29T22:18:42Z
2026-05-29T22:17:36Z,2026-05-30T00:17:36+0200,e2390b4d-8b36-448a-b0e6-27aba52aab7b,2026-05-13T22:15:00Z,2026-05-14T00:15:00+0200,1759.91,MW,FR,FR,actual_offshore_wind_generation,Wind Offshore | Actual Aggregated,2026-05-29T22:18:42Z
2026-05-29T22:17:36Z,2026-05-30T00:17:36+0200,e2390b4d-8b36-448a-b0e6-27aba52aab7b,2026-05-13T22:30:00Z,2026-05-14T00:30:00+0200,1635.83,MW,FR,FR,actual_offshore_wind_generation,Wind Offshore | Actual Aggregated,2026-05-29T22:18:42Z
2026-05-29T22:17:36Z,2026-05-30T00:17:36+0200,e2390b4d-8b36-448a-b0e6-27aba52aab7b,2026-05-13T22:45:00Z,2026-05-14T00:45:00+0200,1662.72,MW,FR,FR,actual_offshore_wind_generation,Wind Offshore | Actual Aggregated,2026-05-29T22:18:42Z
2026-05-29T22:17:36Z,2026-05-30T00:17:36+0200,e2390b4d-8b36-448a-b0e6-27aba52aab7b,2026-05-13T23:00:00Z,2026-05-14T01:00:00+0200,1747.92,MW,FR,FR,actual_offshore_wind_generation,Wind Offshore | Actual Aggregated,2026-05-29T22:18:42Z
2026-05-29T22:17:36Z,2026-05-30T00:17:36+0200,e2390b4d-8b36-448a-b0e6-27aba52aab7b,2026-05-13T23:15:00Z,2026-05-14T01:15:00+0200,1671.62,MW,FR,FR,actual_offshore_wind_generation,Wind Offshore | Actual Aggregated,2026-05-29T22:18:42Z
2026-05-29T22:17:36Z,2026-05-30T00:17:36+0200,e2390b4d-8b36-448a-b0e6-27aba52aab7b,2026-05-13T23:30:00Z,2026-05-14T01:30:00+0200,1673.38,MW,FR,FR,actual_offshore_wind_generation,Wind Offshore | Actual Aggregated,2026-05-29T22:18:42Z
2026-05-29T22:17:36Z,2026-05-30T00:17:36+0200,e2390b4d-8b36-448a-b0e6-27aba52aab7b,2026-05-13T23:45:00Z,2026-05-14T01:45:00+0200,1676.29,MW,FR,FR,actual_offshore_wind_generation,Wind Offshore | Actual Aggregated,2026-05-29T22:18:42Z
2026-05-29T22:17:36Z,2026-05-30T00:17:36+0200,e2390b4d-8b36-448a-b0e6-27aba52aab7b,2026-05-14T00:00:00Z,2026-05-14T02:00:00+0200,1604.14,MW,FR,FR,actual_offshore_wind_generation,Wind Offshore | Actual Aggregated,2026-05-29T22:18:42Z
2026-05-29T22:17:36Z,2026-05-30T00:17:36+0200,e2390b4d-8b36-448a-b0e6-27aba52aab7b,2026-05-14T00:15:00Z,2026-05-14T02:15:00+0200,1623.97,MW,FR,FR,actual_offshore_wind_generation,Wind Offshore | Actual Aggregated,2026-05-29T22:18:42Z
2026-05-29T22:17:36Z,2026-05-30T00:17:36+0200,e2390b4d-8b36-448a-b0e6-27aba52aab7b,2026-05-14T00:30:00Z,2026-05-14T02:30:00+0200,1692.08,MW,FR,FR,actual_offshore_wind_generation,Wind Offshore | Actual Aggregated,2026-05-29T22:18:42Z
2026-05-29T22:17:36Z,2026-05-30T00:17:36+0200,e2390b4d-8b36-448a-b0e6-27aba52aab7b,2026-05-14T00:45:00Z,2026-05-14T02:45:00+0200,1687.33,MW,FR,FR,actual_offshore_wind_generation,Wind Offshore | Actual Aggregated,2026-05-29T22:18:42Z
2026-05-29T22:17:36Z,2026-05-30T00:17:36+0200,e2390b4d-8b36-448a-b0e6-27aba52aab7b,2026-05-14T01:00:00Z,2026-05-14T03:00:00+0200,1701.45,MW,FR,FR,actual_offshore_wind_generation,Wind Offshore | Actual Aggregated,2026-05-29T22:18:42Z
2026-05-29T22:17:36Z,2026-05-30T00:17:36+0200,e2390b4d-8b36-448a-b0e6-27aba52aab7b,2026-05-14T01:15:00Z,2026-05-14T03:15:00+0200,1728.4,MW,FR,FR,actual_offshore_wind_generation,Wind Offshore | Actual Aggregated,2026-05-29T22:18:42Z
2026-05-29T22:17:36Z,2026-05-30T00:17:36+0200,e2390b4d-8b36-448a-b0e6-27aba52aab7b,2026-05-14T01:30:00Z,2026-05-14T03:30:00+0200,1621.9,MW,FR,FR,actual_offshore_wind_generation,Wind Offshore | Actual Aggregated,2026-05-29T22:18:42Z
2026-05-29T22:17:36Z,2026-05-30T00:17:36+0200,e2390b4d-8b36-448a-b0e6-27aba52aab7b,2026-05-14T01:45:00Z,2026-05-14T03:45:00+0200,1406.09,MW,FR,FR,actual_offshore_wind_generation,Wind Offshore | Actual Aggregated,2026-05-29T22:18:42Z
2026-05-29T22:17:36Z,2026-05-30T00:17:36+0200,e2390b4d-8b36-448a-b0e6-27aba52aab7b,2026-05-14T02:00:00Z,2026-05-14T04:00:00+0200,1237.14,MW,FR,FR,actual_offshore_wind_generation,Wind Offshore | Actual Aggregated,2026-05-29T22:18:42Z
2026-05-29T22:17:36Z,2026-05-30T00:17:36+0200,e2390b4d-8b36-448a-b0e6-27aba52aab7b,2026-05-14T02:15:00Z,2026-05-14T04:15:00+0200,1423.42,MW,FR,FR,actual_offshore_wind_generation,Wind Offshore | Actual Aggregated,2026-05-29T22:18:42Z
2026-05-29T22:17:36Z,2026-05-30T00:17:36+0200,e2390b4d-8b36-448a-b0e6-27aba52aab7b,2026-05-14T02:30:00Z,2026-05-14T04:30:00+0200,1524.15,MW,FR,FR,actual_offshore_wind_generation,Wind Offshore | Actual Aggregated,2026-05-29T22:18:42Z
2026-05-29T22:17:36Z,2026-05-30T00:17:36+0200,e2390b4d-8b36-448a-b0e6-27aba52aab7b,2026-05-14T02:45:00Z,2026-05-14T04:45:00+0200,1496.44,MW,FR,FR,actual_offshore_wind_generation,Wind Offshore | Actual Aggregated,2026-05-29T22:18:42Z
2026-05-29T22:17:36Z,2026-05-30T00:17:36+0200,e2390b4d-8b36-448a-b0e6-27aba52aab7b,2026-05-14T03:00:00Z,2026-05-14T05:00:00+0200,1465.86,MW,FR,FR,actual_offshore_wind_generation,Wind Offshore | Actual Aggregated,2026-05-29T22:18:42Z
2026-05-29T22:17:36Z,2026-05-30T00:17:36+0200,e2390b4d-8b36-448a-b0e6-27aba52aab7b,2026-05-14T03:15:00Z,2026-05-14T05:15:00+0200,1471.02,MW,FR,FR,actual_offshore_wind_generation,Wind Offshore | Actual Aggregated,2026-05-29T22:18:42Z
2026-05-29T22:17:36Z,2026-05-30T00:17:36+0200,e2390b4d-8b36-448a-b0e6-27aba52aab7b,2026-05-14T03:30:00Z,2026-05-14T05:30:00+0200,1467.52,MW,FR,FR,actual_offshore_wind_generation,Wind Offshore | Actual Aggregated,2026-05-29T22:18:42Z
2026-05-29T22:17:36Z,2026-05-30T00:17:36+0200,e2390b4d-8b36-448a-b0e6-27aba52aab7b,2026-05-14T03:45:00Z,2026-05-14T05:45:00+0200,1497.17,MW,FR,FR,actual_offshore_wind_generation,Wind Offshore | Actual Aggregated,2026-05-29T22:18:42Z
2026-05-29T22:17:36Z,2026-05-30T00:17:36+0200,e2390b4d-8b36-448a-b0e6-27aba52aab7b,2026-05-14T04:00:00Z,2026-05-14T06:00:00+0200,1471.54,MW,FR,FR,actual_offshore_wind_generation,Wind Offshore | Actual Aggregated,2026-05-29T22:18:42Z
2026-05-29T22:17:36Z,2026-05-30T00:17:36+0200,e2390b4d-8b36-448a-b0e6-27aba52aab7b,2026-05-14T04:15:00Z,2026-05-14T06:15:00+0200,1459.09,MW,FR,FR,actual_offshore_wind_generation,Wind Offshore | Actual Aggregated,2026-05-29T22:18:42Z
2026-05-29T22:17:36Z,2026-05-30T00:17:36+0200,e2390b4d-8b36-448a-b0e6-27aba52aab7b,2026-05-14T04:30:00Z,2026-05-14T06:30:00+0200,1470.02,MW,FR,FR,actual_offshore_wind_generation,Wind Offshore | Actual Aggregated,2026-05-29T22:18:42Z
2026-05-29T22:17:36Z,2026-05-30T00:17:36+0200,e2390b4d-8b36-448a-b0e6-27aba52aab7b,2026-05-14T04:45:00Z,2026-05-14T06:45:00+0200,1533.02,MW,FR,FR,actual_offshore_wind_generation,Wind Offshore | Actual Aggregated,2026-05-29T22:18:42Z
2026-05-29T22:17:36Z,2026-05-30T00:17:36+0200,e2390b4d-8b36-448a-b0e6-27aba52aab7b,2026-05-14T05:00:00Z,2026-05-14T07:00:00+0200,1584.24,MW,FR,FR,actual_offshore_wind_generation,Wind Offshore | Actual Aggregated,2026-05-29T22:18:42Z
2026-05-29T22:17:36Z,2026-05-30T00:17:36+0200,e2390b4d-8b36-448a-b0e6-27aba52aab7b,2026-05-14T05:15:00Z,2026-05-14T07:15:00+0200,1549.74,MW,FR,FR,actual_offshore_wind_generation,Wind Offshore | Actual Aggregated,2026-05-29T22:18:42Z
2026-05-29T22:17:36Z,2026-05-30T00:17:36+0200,e2390b4d-8b36-448a-b0e6-27aba52aab7b,2026-05-14T05:30:00Z,2026-05-14T07:30:00+0200,1490.46,MW,FR,FR,actual_offshore_wind_generation,Wind Offshore | Actual Aggregated,2026-05-29T22:18:42Z
2026-05-29T22:17:36Z,2026-05-30T00:17:36+0200,e2390b4d-8b36-448a-b0e6-27aba52aab7b,2026-05-14T05:45:00Z,2026-05-14T07:45:00+0200,1413.62,MW,FR,FR,actual_offshore_wind_generation,Wind Offshore | Actual Aggregated,2026-05-29T22:18:42Z
2026-05-29T22:17:36Z,2026-05-30T00:17:36+0200,e2390b4d-8b36-448a-b0e6-27aba52aab7b,2026-05-14T06:00:00Z,2026-05-14T08:00:00+0200,1451.1,MW,FR,FR,actual_offshore_wind_generation,Wind Offshore | Actual Aggregated,2026-05-29T22:18:42Z
2026-05-29T22:17:36Z,2026-05-30T00:17:36+0200,e2390b4d-8b36-448a-b0e6-27aba52aab7b,2026-05-14T06:15:00Z,2026-05-14T08:15:00+0200,1402.05,MW,FR,FR,actual_offshore_wind_generation,Wind Offshore | Actual Aggregated,2026-05-29T22:18:42Z
2026-05-29T22:17:36Z,2026-05-30T00:17:36+0200,e2390b4d-8b36-448a-b0e6-27aba52aab7b,2026-05-14T06:30:00Z,2026-05-14T08:30:00+0200,1350.21,MW,FR,FR,actual_offshore_wind_generation,Wind Offshore | Actual Aggregated,2026-05-29T22:18:42Z
2026-05-29T22:17:36Z,2026-05-30T00:17:36+0200,e2390b4d-8b36-448a-b0e6-27aba52aab7b,2026-05-14T06:45:00Z,2026-05-14T08:45:00+0200,1436.02,MW,FR,FR,actual_offshore_wind_generation,Wind Offshore | Actual Aggregated,2026-05-29T22:18:42Z
2026-05-29T22:17:36Z,2026-05-30T00:17:36+0200,e2390b4d-8b36-448a-b0e6-27aba52aab7b,2026-05-14T07:00:00Z,2026-05-14T09:00:00+0200,1507.24,MW,FR,FR,actual_offshore_wind_generation,Wind Offshore | Actual Aggregated,2026-05-29T22:18:42Z
2026-05-29T22:17:36Z,2026-05-30T00:17:36+0200,e2390b4d-8b36-448a-b0e6-27aba52aab7b,2026-05-14T07:15:00Z,2026-05-14T09:15:00+0200,1379.11,MW,FR,FR,actual_offshore_wind_generation,Wind Offshore | Actual Aggregated,2026-05-29T22:18:42Z
2026-05-29T22:17:36Z,2026-05-30T00:17:36+0200,e2390b4d-8b36-448a-b0e6-27aba52aab7b,2026-05-14T07:30:00Z,2026-05-14T09:30:00+0200,1365.14,MW,FR,FR,actual_offshore_wind_generation,Wind Offshore | Actual Aggregated,2026-05-29T22:18:42Z
2026-05-29T22:17:36Z,2026-05-30T00:17:36+0200,e2390b4d-8b36-448a-b0e6-27aba52aab7b,2026-05-14T07:45:00Z,2026-05-14T09:45:00+0200,1442.07,MW,FR,FR,actual_offshore_wind_generation,Wind Offshore | Actual Aggregated,2026-05-29T22:18:42Z
2026-05-29T22:17:36Z,2026-05-30T00:17:36+0200,e2390b4d-8b36-448a-b0e6-27aba52aab7b,2026-05-14T08:00:00Z,2026-05-14T10:00:00+0200,1428.44,MW,FR,FR,actual_offshore_wind_generation,Wind Offshore | Actual Aggregated,2026-05-29T22:18:42Z
2026-05-29T22:17:36Z,2026-05-30T00:17:36+0200,e2390b4d-8b36-448a-b0e6-27aba52aab7b,2026-05-14T08:15:00Z,2026-05-14T10:15:00+0200,1442.75,MW,FR,FR,actual_offshore_wind_generation,Wind Offshore | Actual Aggregated,2026-05-29T22:18:42Z
2026-05-29T22:17:36Z,2026-05-30T00:17:36+0200,e2390b4d-8b36-448a-b0e6-27aba52aab7b,2026-05-14T08:30:00Z,2026-05-14T10:30:00+0200,1349.38,MW,FR,FR,actual_offshore_wind_generation,Wind Offshore | Actual Aggregated,2026-05-29T22:18:42Z
2026-05-29T22:17:36Z,2026-05-30T00:17:36+0200,e2390b4d-8b36-448a-b0e6-27aba52aab7b,2026-05-14T08:45:00Z,2026-05-14T10:45:00+0200,1263.94,MW,FR,FR,actual_offshore_wind_generation,Wind Offshore | Actual Aggregated,2026-05-29T22:18:42Z
2026-05-29T22:17:36Z,2026-05-30T00:17:36+0200,e2390b4d-8b36-448a-b0e6-27aba52aab7b,2026-05-14T09:00:00Z,2026-05-14T11:00:00+0200,1323.29,MW,FR,FR,actual_offshore_wind_generation,Wind Offshore | Actual Aggregated,2026-05-29T22:18:42Z
2026-05-29T22:17:36Z,2026-05-30T00:17:36+0200,e2390b4d-8b36-448a-b0e6-27aba52aab7b,2026-05-14T09:15:00Z,2026-05-14T11:15:00+0200,1381.84,MW,FR,FR,actual_offshore_wind_generation,Wind Offshore | Actual Aggregated,2026-05-29T22:18:42Z
2026-05-29T22:17:36Z,2026-05-30T00:17:36+0200,e2390b4d-8b36-448a-b0e6-27aba52aab7b,2026-05-14T09:30:00Z,2026-05-14T11:30:00+0200,1382.34,MW,FR,FR,actual_offshore_wind_generation,Wind Offshore | Actual Aggregated,2026-05-29T22:18:42Z
2026-05-29T22:17:36Z,2026-05-30T00:17:36+0200,e2390b4d-8b36-448a-b0e6-27aba52aab7b,2026-05-14T09:45:00Z,2026-05-14T11:45:00+0200,1454.58,MW,FR,FR,actual_offshore_wind_generation,Wind Offshore | Actual Aggregated,2026-05-29T22:18:42Z
2026-05-29T22:17:36Z,2026-05-30T00:17:36+0200,e2390b4d-8b36-448a-b0e6-27aba52aab7b,2026-05-14T10:00:00Z,2026-05-14T12:00:00+0200,1435.2,MW,FR,FR,actual_offshore_wind_generation,Wind Offshore | Actual Aggregated,2026-05-29T22:18:42Z
2026-05-29T22:17:36Z,2026-05-30T00:17:36+0200,e2390b4d-8b36-448a-b0e6-27aba52aab7b,2026-05-14T10:15:00Z,2026-05-14T12:15:00+0200,1451.86,MW,FR,FR,actual_offshore_wind_generation,Wind Offshore | Actual Aggregated,2026-05-29T22:18:42Z
2026-05-29T22:17:36Z,2026-05-30T00:17:36+0200,e2390b4d-8b36-448a-b0e6-27aba52aab7b,2026-05-14T10:30:00Z,2026-05-14T12:30:00+0200,1442.61,MW,FR,FR,actual_offshore_wind_generation,Wind Offshore | Actual Aggregated,2026-05-29T22:18:42Z
2026-05-29T22:17:36Z,2026-05-30T00:17:36+0200,e2390b4d-8b36-448a-b0e6-27aba52aab7b,2026-05-14T10:45:00Z,2026-05-14T12:45:00+0200,1342.44,MW,FR,FR,actual_offshore_wind_generation,Wind Offshore | Actual Aggregated,2026-05-29T22:18:42Z
2026-05-29T22:17:36Z,2026-05-30T00:17:36+0200,e2390b4d-8b36-448a-b0e6-27aba52aab7b,2026-05-14T11:00:00Z,2026-05-14T13:00:00+0200,1330.64,MW,FR,FR,actual_offshore_wind_generation,Wind Offshore | Actual Aggregated,2026-05-29T22:18:42Z
2026-05-29T22:17:36Z,2026-05-30T00:17:36+0200,e2390b4d-8b36-448a-b0e6-27aba52aab7b,2026-05-14T11:15:00Z,2026-05-14T13:15:00+0200,1313.07,MW,FR,FR,actual_offshore_wind_generation,Wind Offshore | Actual Aggregated,2026-05-29T22:18:42Z
2026-05-29T22:17:36Z,2026-05-30T00:17:36+0200,e2390b4d-8b36-448a-b0e6-27aba52aab7b,2026-05-14T11:30:00Z,2026-05-14T13:30:00+0200,1205.94,MW,FR,FR,actual_offshore_wind_generation,Wind Offshore | Actual Aggregated,2026-05-29T22:18:42Z
2026-05-29T22:17:36Z,2026-05-30T00:17:36+0200,e2390b4d-8b36-448a-b0e6-27aba52aab7b,2026-05-14T11:45:00Z,2026-05-14T13:45:00+0200,1169.88,MW,FR,FR,actual_offshore_wind_generation,Wind Offshore | Actual Aggregated,2026-05-29T22:18:42Z
2026-05-29T22:17:36Z,2026-05-30T00:17:36+0200,e2390b4d-8b36-448a-b0e6-27aba52aab7b,2026-05-14T12:00:00Z,2026-05-14T14:00:00+0200,1223.45,MW,FR,FR,actual_offshore_wind_generation,Wind Offshore | Actual Aggregated,2026-05-29T22:18:42Z
2026-05-29T22:17:36Z,2026-05-30T00:17:36+0200,e2390b4d-8b36-448a-b0e6-27aba52aab7b,2026-05-14T12:15:00Z,2026-05-14T14:15:00+0200,1285.13,MW,FR,FR,actual_offshore_wind_generation,Wind Offshore | Actual Aggregated,2026-05-29T22:18:42Z
2026-05-29T22:17:36Z,2026-05-30T00:17:36+0200,e2390b4d-8b36-448a-b0e6-27aba52aab7b,2026-05-14T12:30:00Z,2026-05-14T14:30:00+0200,1290.33,MW,FR,FR,actual_offshore_wind_generation,Wind Offshore | Actual Aggregated,2026-05-29T22:18:42Z
2026-05-29T22:17:36Z,2026-05-30T00:17:36+0200,e2390b4d-8b36-448a-b0e6-27aba52aab7b,2026-05-14T12:45:00Z,2026-05-14T14:45:00+0200,1256.04,MW,FR,FR,actual_offshore_wind_generation,Wind Offshore | Actual Aggregated,2026-05-29T22:18:42Z
2026-05-29T22:17:36Z,2026-05-30T00:17:36+0200,e2390b4d-8b36-448a-b0e6-27aba52aab7b,2026-05-14T13:00:00Z,2026-05-14T15:00:00+0200,1226.75,MW,FR,FR,actual_offshore_wind_generation,Wind Offshore | Actual Aggregated,2026-05-29T22:18:42Z
2026-05-29T22:17:36Z,2026-05-30T00:17:36+0200,e2390b4d-8b36-448a-b0e6-27aba52aab7b,2026-05-14T13:15:00Z,2026-05-14T15:15:00+0200,1268.71,MW,FR,FR,actual_offshore_wind_generation,Wind Offshore | Actual Aggregated,2026-05-29T22:18:42Z
2026-05-29T22:17:36Z,2026-05-30T00:17:36+0200,e2390b4d-8b36-448a-b0e6-27aba52aab7b,2026-05-14T13:30:00Z,2026-05-14T15:30:00+0200,1327.54,MW,FR,FR,actual_offshore_wind_generation,Wind Offshore | Actual Aggregated,2026-05-29T22:18:42Z
2026-05-29T22:17:36Z,2026-05-30T00:17:36+0200,e2390b4d-8b36-448a-b0e6-27aba52aab7b,2026-05-14T13:45:00Z,2026-05-14T15:45:00+0200,1362.54,MW,FR,FR,actual_offshore_wind_generation,Wind Offshore | Actual Aggregated,2026-05-29T22:18:42Z
2026-05-29T22:17:36Z,2026-05-30T00:17:36+0200,e2390b4d-8b36-448a-b0e6-27aba52aab7b,2026-05-14T14:00:00Z,2026-05-14T16:00:00+0200,1371.56,MW,FR,FR,actual_offshore_wind_generation,Wind Offshore | Actual Aggregated,2026-05-29T22:18:42Z
2026-05-29T22:17:36Z,2026-05-30T00:17:36+0200,e2390b4d-8b36-448a-b0e6-27aba52aab7b,2026-05-14T14:15:00Z,2026-05-14T16:15:00+0200,1397.7,MW,FR,FR,actual_offshore_wind_generation,Wind Offshore | Actual Aggregated,2026-05-29T22:18:42Z
2026-05-29T22:17:36Z,2026-05-30T00:17:36+0200,e2390b4d-8b36-448a-b0e6-27aba52aab7b,2026-05-14T14:30:00Z,2026-05-14T16:30:00+0200,1364.66,MW,FR,FR,actual_offshore_wind_generation,Wind Offshore | Actual Aggregated,2026-05-29T22:18:42Z
2026-05-29T22:17:36Z,2026-05-30T00:17:36+0200,e2390b4d-8b36-448a-b0e6-27aba52aab7b,2026-05-14T14:45:00Z,2026-05-14T16:45:00+0200,1327.35,MW,FR,FR,actual_offshore_wind_generation,Wind Offshore | Actual Aggregated,2026-05-29T22:18:42Z
2026-05-29T22:17:36Z,2026-05-30T00:17:36+0200,e2390b4d-8b36-448a-b0e6-27aba52aab7b,2026-05-14T15:00:00Z,2026-05-14T17:00:00+0200,1200.81,MW,FR,FR,actual_offshore_wind_generation,Wind Offshore | Actual Aggregated,2026-05-29T22:18:42Z
2026-05-29T22:17:36Z,2026-05-30T00:17:36+0200,e2390b4d-8b36-448a-b0e6-27aba52aab7b,2026-05-14T15:15:00Z,2026-05-14T17:15:00+0200,1029.62,MW,FR,FR,actual_offshore_wind_generation,Wind Offshore | Actual Aggregated,2026-05-29T22:18:42Z
2026-05-29T22:17:36Z,2026-05-30T00:17:36+0200,e2390b4d-8b36-448a-b0e6-27aba52aab7b,2026-05-14T15:30:00Z,2026-05-14T17:30:00+0200,1068.42,MW,FR,FR,actual_offshore_wind_generation,Wind Offshore | Actual Aggregated,2026-05-29T22:18:42Z
2026-05-29T22:17:36Z,2026-05-30T00:17:36+0200,e2390b4d-8b36-448a-b0e6-27aba52aab7b,2026-05-14T15:45:00Z,2026-05-14T17:45:00+0200,1008.41,MW,FR,FR,actual_offshore_wind_generation,Wind Offshore | Actual Aggregated,2026-05-29T22:18:42Z
2026-05-29T22:17:36Z,2026-05-30T00:17:36+0200,e2390b4d-8b36-448a-b0e6-27aba52aab7b,2026-05-14T16:00:00Z,2026-05-14T18:00:00+0200,989.33,MW,FR,FR,actual_offshore_wind_generation,Wind Offshore | Actual Aggregated,2026-05-29T22:18:42Z
2026-05-29T22:17:36Z,2026-05-30T00:17:36+0200,e2390b4d-8b36-448a-b0e6-27aba52aab7b,2026-05-14T16:15:00Z,2026-05-14T18:15:00+0200,1164.32,MW,FR,FR,actual_offshore_wind_generation,Wind Offshore | Actual Aggregated,2026-05-29T22:18:42Z
2026-05-29T22:17:36Z,2026-05-30T00:17:36+0200,e2390b4d-8b36-448a-b0e6-27aba52aab7b,2026-05-14T16:30:00Z,2026-05-14T18:30:00+0200,1257.62,MW,FR,FR,actual_offshore_wind_generation,Wind Offshore | Actual Aggregated,2026-05-29T22:18:42Z
2026-05-29T22:17:36Z,2026-05-30T00:17:36+0200,e2390b4d-8b36-448a-b0e6-27aba52aab7b,2026-05-14T16:45:00Z,2026-05-14T18:45:00+0200,1209.55,MW,FR,FR,actual_offshore_wind_generation,Wind Offshore | Actual Aggregated,2026-05-29T22:18:42Z
2026-05-29T22:17:36Z,2026-05-30T00:17:36+0200,e2390b4d-8b36-448a-b0e6-27aba52aab7b,2026-05-14T17:00:00Z,2026-05-14T19:00:00+0200,1148.67,MW,FR,FR,actual_offshore_wind_generation,Wind Offshore | Actual Aggregated,2026-05-29T22:18:42Z
2026-05-29T22:17:36Z,2026-05-30T00:17:36+0200,e2390b4d-8b36-448a-b0e6-27aba52aab7b,2026-05-14T17:15:00Z,2026-05-14T19:15:00+0200,1170.71,MW,FR,FR,actual_offshore_wind_generation,Wind Offshore | Actual Aggregated,2026-05-29T22:18:42Z
2026-05-29T22:17:36Z,2026-05-30T00:17:36+0200,e2390b4d-8b36-448a-b0e6-27aba52aab7b,2026-05-14T17:30:00Z,2026-05-14T19:30:00+0200,1171.82,MW,FR,FR,actual_offshore_wind_generation,Wind Offshore | Actual Aggregated,2026-05-29T22:18:42Z
2026-05-29T22:17:36Z,2026-05-30T00:17:36+0200,e2390b4d-8b36-448a-b0e6-27aba52aab7b,2026-05-14T17:45:00Z,2026-05-14T19:45:00+0200,1079.53,MW,FR,FR,actual_offshore_wind_generation,Wind Offshore | Actual Aggregated,2026-05-29T22:18:42Z
2026-05-29T22:17:36Z,2026-05-30T00:17:36+0200,e2390b4d-8b36-448a-b0e6-27aba52aab7b,2026-05-14T18:00:00Z,2026-05-14T20:00:00+0200,1035.09,MW,FR,FR,actual_offshore_wind_generation,Wind Offshore | Actual Aggregated,2026-05-29T22:18:42Z
2026-05-29T22:17:36Z,2026-05-30T00:17:36+0200,e2390b4d-8b36-448a-b0e6-27aba52aab7b,2026-05-14T18:15:00Z,2026-05-14T20:15:00+0200,1042.92,MW,FR,FR,actual_offshore_wind_generation,Wind Offshore | Actual Aggregated,2026-05-29T22:18:42Z
2026-05-29T22:17:36Z,2026-05-30T00:17:36+0200,e2390b4d-8b36-448a-b0e6-27aba52aab7b,2026-05-14T18:30:00Z,2026-05-14T20:30:00+0200,942.16,MW,FR,FR,actual_offshore_wind_generation,Wind Offshore | Actual Aggregated,2026-05-29T22:18:42Z
2026-05-29T22:17:36Z,2026-05-30T00:17:36+0200,e2390b4d-8b36-448a-b0e6-27aba52aab7b,2026-05-14T18:45:00Z,2026-05-14T20:45:00+0200,773.93,MW,FR,FR,actual_offshore_wind_generation,Wind Offshore | Actual Aggregated,2026-05-29T22:18:42Z
2026-05-29T22:17:36Z,2026-05-30T00:17:36+0200,e2390b4d-8b36-448a-b0e6-27aba52aab7b,2026-05-14T19:00:00Z,2026-05-14T21:00:00+0200,862.58,MW,FR,FR,actual_offshore_wind_generation,Wind Offshore | Actual Aggregated,2026-05-29T22:18:42Z
2026-05-29T22:17:36Z,2026-05-30T00:17:36+0200,e2390b4d-8b36-448a-b0e6-27aba52aab7b,2026-05-14T19:15:00Z,2026-05-14T21:15:00+0200,769.77,MW,FR,FR,actual_offshore_wind_generation,Wind Offshore | Actual Aggregated,2026-05-29T22:18:42Z
2026-05-29T22:17:36Z,2026-05-30T00:17:36+0200,e2390b4d-8b36-448a-b0e6-27aba52aab7b,2026-05-14T19:30:00Z,2026-05-14T21:30:00+0200,721.96,MW,FR,FR,actual_offshore_wind_generation,Wind Offshore | Actual Aggregated,2026-05-29T22:18:42Z
2026-05-29T22:17:36Z,2026-05-30T00:17:36+0200,e2390b4d-8b36-448a-b0e6-27aba52aab7b,2026-05-14T19:45:00Z,2026-05-14T21:45:00+0200,821.18,MW,FR,FR,actual_offshore_wind_generation,Wind Offshore | Actual Aggregated,2026-05-29T22:18:42Z
2026-05-29T22:17:36Z,2026-05-30T00:17:36+0200,e2390b4d-8b36-448a-b0e6-27aba52aab7b,2026-05-14T20:00:00Z,2026-05-14T22:00:00+0200,864.23,MW,FR,FR,actual_offshore_wind_generation,Wind Offshore | Actual Aggregated,2026-05-29T22:18:42Z
2026-05-29T22:17:36Z,2026-05-30T00:17:36+0200,e2390b4d-8b36-448a-b0e6-27aba52aab7b,2026-05-14T20:15:00Z,2026-05-14T22:15:00+0200,811.51,MW,FR,FR,actual_offshore_wind_generation,Wind Offshore | Actual Aggregated,2026-05-29T22:18:42Z
2026-05-29T22:17:36Z,2026-05-30T00:17:36+0200,e2390b4d-8b36-448a-b0e6-27aba52aab7b,2026-05-14T20:30:00Z,2026-05-14T22:30:00+0200,815.77,MW,FR,FR,actual_offshore_wind_generation,Wind Offshore | Actual Aggregated,2026-05-29T22:18:42Z
2026-05-29T22:17:36Z,2026-05-30T00:17:36+0200,e2390b4d-8b36-448a-b0e6-27aba52aab7b,2026-05-14T20:45:00Z,2026-05-14T22:45:00+0200,812.16,MW,FR,FR,actual_offshore_wind_generation,Wind Offshore | Actual Aggregated,2026-05-29T22:18:42Z
2026-05-29T22:17:36Z,2026-05-30T00:17:36+0200,e2390b4d-8b36-448a-b0e6-27aba52aab7b,2026-05-14T21:00:00Z,2026-05-14T23:00:00+0200,864.8,MW,FR,FR,actual_offshore_wind_generation,Wind Offshore | Actual Aggregated,2026-05-29T22:18:42Z
2026-05-29T22:17:36Z,2026-05-30T00:17:36+0200,e2390b4d-8b36-448a-b0e6-27aba52aab7b,2026-05-14T21:15:00Z,2026-05-14T23:15:00+0200,925.72,MW,FR,FR,actual_offshore_wind_generation,Wind Offshore | Actual Aggregated,2026-05-29T22:18:42Z
2026-05-29T22:17:36Z,2026-05-30T00:17:36+0200,e2390b4d-8b36-448a-b0e6-27aba52aab7b,2026-05-14T21:30:00Z,2026-05-14T23:30:00+0200,1055.84,MW,FR,FR,actual_offshore_wind_generation,Wind Offshore | Actual Aggregated,2026-05-29T22:18:42Z
2026-05-29T22:17:36Z,2026-05-30T00:17:36+0200,e2390b4d-8b36-448a-b0e6-27aba52aab7b,2026-05-14T21:45:00Z,2026-05-14T23:45:00+0200,1155.32,MW,FR,FR,actual_offshore_wind_generation,Wind Offshore | Actual Aggregated,2026-05-29T22:18:42Z
2026-05-29T22:17:36Z,2026-05-30T00:17:36+0200,e2390b4d-8b36-448a-b0e6-27aba52aab7b,2026-05-14T22:00:00Z,2026-05-15T00:00:00+0200,1223.15,MW,FR,FR,actual_offshore_wind_generation,Wind Offshore | Actual Aggregated,2026-05-29T22:18:42Z
2026-05-29T22:17:36Z,2026-05-30T00:17:36+0200,e2390b4d-8b36-448a-b0e6-27aba52aab7b,2026-05-14T22:15:00Z,2026-05-15T00:15:00+0200,1190.63,MW,FR,FR,actual_offshore_wind_generation,Wind Offshore | Actual Aggregated,2026-05-29T22:18:42Z
2026-05-29T22:17:36Z,2026-05-30T00:17:36+0200,e2390b4d-8b36-448a-b0e6-27aba52aab7b,2026-05-14T22:30:00Z,2026-05-15T00:30:00+0200,1181.35,MW,FR,FR,actual_offshore_wind_generation,Wind Offshore | Actual Aggregated,2026-05-29T22:18:42Z
2026-05-29T22:17:36Z,2026-05-30T00:17:36+0200,e2390b4d-8b36-448a-b0e6-27aba52aab7b,2026-05-14T22:45:00Z,2026-05-15T00:45:00+0200,1171.37,MW,FR,FR,actual_offshore_wind_generation,Wind Offshore | Actual Aggregated,2026-05-29T22:18:42Z
2026-05-29T22:17:36Z,2026-05-30T00:17:36+0200,e2390b4d-8b36-448a-b0e6-27aba52aab7b,2026-05-14T23:00:00Z,2026-05-15T01:00:00+0200,1165.64,MW,FR,FR,actual_offshore_wind_generation,Wind Offshore | Actual Aggregated,2026-05-29T22:18:42Z
2026-05-29T22:17:36Z,2026-05-30T00:17:36+0200,e2390b4d-8b36-448a-b0e6-27aba52aab7b,2026-05-14T23:15:00Z,2026-05-15T01:15:00+0200,1098.27,MW,FR,FR,actual_offshore_wind_generation,Wind Offshore | Actual Aggregated,2026-05-29T22:18:42Z
2026-05-29T22:17:36Z,2026-05-30T00:17:36+0200,e2390b4d-8b36-448a-b0e6-27aba52aab7b,2026-05-14T23:30:00Z,2026-05-15T01:30:00+0200,1024.74,MW,FR,FR,actual_offshore_wind_generation,Wind Offshore | Actual Aggregated,2026-05-29T22:18:42Z
2026-05-29T22:17:36Z,2026-05-30T00:17:36+0200,e2390b4d-8b36-448a-b0e6-27aba52aab7b,2026-05-14T23:45:00Z,2026-05-15T01:45:00+0200,966.37,MW,FR,FR,actual_offshore_wind_generation,Wind Offshore | Actual Aggregated,2026-05-29T22:18:42Z
2026-05-29T22:17:36Z,2026-05-30T00:17:36+0200,e2390b4d-8b36-448a-b0e6-27aba52aab7b,2026-05-15T00:00:00Z,2026-05-15T02:00:00+0200,917.44,MW,FR,FR,actual_offshore_wind_generation,Wind Offshore | Actual Aggregated,2026-05-29T22:18:42Z
2026-05-29T22:17:36Z,2026-05-30T00:17:36+0200,e2390b4d-8b36-448a-b0e6-27aba52aab7b,2026-05-15T00:15:00Z,2026-05-15T02:15:00+0200,887.51,MW,FR,FR,actual_offshore_wind_generation,Wind Offshore | Actual Aggregated,2026-05-29T22:18:42Z
2026-05-29T22:17:36Z,2026-05-30T00:17:36+0200,e2390b4d-8b36-448a-b0e6-27aba52aab7b,2026-05-15T00:30:00Z,2026-05-15T02:30:00+0200,897.03,MW,FR,FR,actual_offshore_wind_generation,Wind Offshore | Actual Aggregated,2026-05-29T22:18:42Z
2026-05-29T22:17:36Z,2026-05-30T00:17:36+0200,e2390b4d-8b36-448a-b0e6-27aba52aab7b,2026-05-15T00:45:00Z,2026-05-15T02:45:00+0200,880.04,MW,FR,FR,actual_offshore_wind_generation,Wind Offshore | Actual Aggregated,2026-05-29T22:18:42Z
2026-05-29T22:17:36Z,2026-05-30T00:17:36+0200,e2390b4d-8b36-448a-b0e6-27aba52aab7b,2026-05-15T01:00:00Z,2026-05-15T03:00:00+0200,853.67,MW,FR,FR,actual_offshore_wind_generation,Wind Offshore | Actual Aggregated,2026-05-29T22:18:42Z
2026-05-29T22:17:36Z,2026-05-30T00:17:36+0200,e2390b4d-8b36-448a-b0e6-27aba52aab7b,2026-05-15T01:15:00Z,2026-05-15T03:15:00+0200,847.42,MW,FR,FR,actual_offshore_wind_generation,Wind Offshore | Actual Aggregated,2026-05-29T22:18:42Z
2026-05-29T22:17:36Z,2026-05-30T00:17:36+0200,e2390b4d-8b36-448a-b0e6-27aba52aab7b,2026-05-15T01:30:00Z,2026-05-15T03:30:00+0200,877.11,MW,FR,FR,actual_offshore_wind_generation,Wind Offshore | Actual Aggregated,2026-05-29T22:18:42Z
2026-05-29T22:17:36Z,2026-05-30T00:17:36+0200,e2390b4d-8b36-448a-b0e6-27aba52aab7b,2026-05-15T01:45:00Z,2026-05-15T03:45:00+0200,894.01,MW,FR,FR,actual_offshore_wind_generation,Wind Offshore | Actual Aggregated,2026-05-29T22:18:42Z
2026-05-29T22:17:36Z,2026-05-30T00:17:36+0200,e2390b4d-8b36-448a-b0e6-27aba52aab7b,2026-05-15T02:00:00Z,2026-05-15T04:00:00+0200,839.7,MW,FR,FR,actual_offshore_wind_generation,Wind Offshore | Actual Aggregated,2026-05-29T22:18:42Z
2026-05-29T22:17:36Z,2026-05-30T00:17:36+0200,e2390b4d-8b36-448a-b0e6-27aba52aab7b,2026-05-15T02:15:00Z,2026-05-15T04:15:00+0200,847.82,MW,FR,FR,actual_offshore_wind_generation,Wind Offshore | Actual Aggregated,2026-05-29T22:18:42Z
2026-05-29T22:17:36Z,2026-05-30T00:17:36+0200,e2390b4d-8b36-448a-b0e6-27aba52aab7b,2026-05-15T02:30:00Z,2026-05-15T04:30:00+0200,804.85,MW,FR,FR,actual_offshore_wind_generation,Wind Offshore | Actual Aggregated,2026-05-29T22:18:42Z
2026-05-29T22:17:36Z,2026-05-30T00:17:36+0200,e2390b4d-8b36-448a-b0e6-27aba52aab7b,2026-05-15T02:45:00Z,2026-05-15T04:45:00+0200,735.43,MW,FR,FR,actual_offshore_wind_generation,Wind Offshore | Actual Aggregated,2026-05-29T22:18:42Z
2026-05-29T22:17:36Z,2026-05-30T00:17:36+0200,e2390b4d-8b36-448a-b0e6-27aba52aab7b,2026-05-15T03:00:00Z,2026-05-15T05:00:00+0200,724.17,MW,FR,FR,actual_offshore_wind_generation,Wind Offshore | Actual Aggregated,2026-05-29T22:18:42Z
2026-05-29T22:17:36Z,2026-05-30T00:17:36+0200,e2390b4d-8b36-448a-b0e6-27aba52aab7b,2026-05-15T03:15:00Z,2026-05-15T05:15:00+0200,696.26,MW,FR,FR,actual_offshore_wind_generation,Wind Offshore | Actual Aggregated,2026-05-29T22:18:42Z
2026-05-29T22:17:36Z,2026-05-30T00:17:36+0200,e2390b4d-8b36-448a-b0e6-27aba52aab7b,2026-05-15T03:30:00Z,2026-05-15T05:30:00+0200,653.59,MW,FR,FR,actual_offshore_wind_generation,Wind Offshore | Actual Aggregated,2026-05-29T22:18:42Z
2026-05-29T22:17:36Z,2026-05-30T00:17:36+0200,e2390b4d-8b36-448a-b0e6-27aba52aab7b,2026-05-15T03:45:00Z,2026-05-15T05:45:00+0200,659.09,MW,FR,FR,actual_offshore_wind_generation,Wind Offshore | Actual Aggregated,2026-05-29T22:18:42Z
2026-05-29T22:17:36Z,2026-05-30T00:17:36+0200,e2390b4d-8b36-448a-b0e6-27aba52aab7b,2026-05-15T04:00:00Z,2026-05-15T06:00:00+0200,699.15,MW,FR,FR,actual_offshore_wind_generation,Wind Offshore | Actual Aggregated,2026-05-29T22:18:42Z
2026-05-29T22:17:36Z,2026-05-30T00:17:36+0200,e2390b4d-8b36-448a-b0e6-27aba52aab7b,2026-05-15T04:15:00Z,2026-05-15T06:15:00+0200,710.4,MW,FR,FR,actual_offshore_wind_generation,Wind Offshore | Actual Aggregated,2026-05-29T22:18:42Z
2026-05-29T22:17:36Z,2026-05-30T00:17:36+0200,e2390b4d-8b36-448a-b0e6-27aba52aab7b,2026-05-15T04:30:00Z,2026-05-15T06:30:00+0200,699.15,MW,FR,FR,actual_offshore_wind_generation,Wind Offshore | Actual Aggregated,2026-05-29T22:18:42Z
2026-05-29T22:17:36Z,2026-05-30T00:17:36+0200,e2390b4d-8b36-448a-b0e6-27aba52aab7b,2026-05-15T04:45:00Z,2026-05-15T06:45:00+0200,666.23,MW,FR,FR,actual_offshore_wind_generation,Wind Offshore | Actual Aggregated,2026-05-29T22:18:42Z
2026-05-29T22:17:36Z,2026-05-30T00:17:36+0200,e2390b4d-8b36-448a-b0e6-27aba52aab7b,2026-05-15T05:00:00Z,2026-05-15T07:00:00+0200,648.56,MW,FR,FR,actual_offshore_wind_generation,Wind Offshore | Actual Aggregated,2026-05-29T22:18:42Z
2026-05-29T22:17:36Z,2026-05-30T00:17:36+0200,e2390b4d-8b36-448a-b0e6-27aba52aab7b,2026-05-15T05:15:00Z,2026-05-15T07:15:00+0200,638.27,MW,FR,FR,actual_offshore_wind_generation,Wind Offshore | Actual Aggregated,2026-05-29T22:18:42Z
2026-05-29T22:17:36Z,2026-05-30T00:17:36+0200,e2390b4d-8b36-448a-b0e6-27aba52aab7b,2026-05-15T05:30:00Z,2026-05-15T07:30:00+0200,629.88,MW,FR,FR,actual_offshore_wind_generation,Wind Offshore | Actual Aggregated,2026-05-29T22:18:42Z
2026-05-29T22:17:36Z,2026-05-30T00:17:36+0200,e2390b4d-8b36-448a-b0e6-27aba52aab7b,2026-05-15T05:45:00Z,2026-05-15T07:45:00+0200,582.6,MW,FR,FR,actual_offshore_wind_generation,Wind Offshore | Actual Aggregated,2026-05-29T22:18:42Z
2026-05-29T22:17:36Z,2026-05-30T00:17:36+0200,e2390b4d-8b36-448a-b0e6-27aba52aab7b,2026-05-15T06:00:00Z,2026-05-15T08:00:00+0200,521.02,MW,FR,FR,actual_offshore_wind_generation,Wind Offshore | Actual Aggregated,2026-05-29T22:18:42Z
2026-05-29T22:17:36Z,2026-05-30T00:17:36+0200,e2390b4d-8b36-448a-b0e6-27aba52aab7b,2026-05-15T06:15:00Z,2026-05-15T08:15:00+0200,582.89,MW,FR,FR,actual_offshore_wind_generation,Wind Offshore | Actual Aggregated,2026-05-29T22:18:42Z
2026-05-29T22:17:36Z,2026-05-30T00:17:36+0200,e2390b4d-8b36-448a-b0e6-27aba52aab7b,2026-05-15T06:30:00Z,2026-05-15T08:30:00+0200,701.87,MW,FR,FR,actual_offshore_wind_generation,Wind Offshore | Actual Aggregated,2026-05-29T22:18:42Z
2026-05-29T22:17:36Z,2026-05-30T00:17:36+0200,e2390b4d-8b36-448a-b0e6-27aba52aab7b,2026-05-15T06:45:00Z,2026-05-15T08:45:00+0200,606.11,MW,FR,FR,actual_offshore_wind_generation,Wind Offshore | Actual Aggregated,2026-05-29T22:18:42Z
2026-05-29T22:17:36Z,2026-05-30T00:17:36+0200,e2390b4d-8b36-448a-b0e6-27aba52aab7b,2026-05-15T07:00:00Z,2026-05-15T09:00:00+0200,562.37,MW,FR,FR,actual_offshore_wind_generation,Wind Offshore | Actual Aggregated,2026-05-29T22:18:42Z
2026-05-29T22:17:36Z,2026-05-30T00:17:36+0200,e2390b4d-8b36-448a-b0e6-27aba52aab7b,2026-05-15T07:15:00Z,2026-05-15T09:15:00+0200,509.43,MW,FR,FR,actual_offshore_wind_generation,Wind Offshore | Actual Aggregated,2026-05-29T22:18:42Z
2026-05-29T22:17:36Z,2026-05-30T00:17:36+0200,e2390b4d-8b36-448a-b0e6-27aba52aab7b,2026-05-15T07:30:00Z,2026-05-15T09:30:00+0200,492.5,MW,FR,FR,actual_offshore_wind_generation,Wind Offshore | Actual Aggregated,2026-05-29T22:18:42Z
2026-05-29T22:17:36Z,2026-05-30T00:17:36+0200,e2390b4d-8b36-448a-b0e6-27aba52aab7b,2026-05-15T07:45:00Z,2026-05-15T09:45:00+0200,455.82,MW,FR,FR,actual_offshore_wind_generation,Wind Offshore | Actual Aggregated,2026-05-29T22:18:42Z
2026-05-29T22:17:36Z,2026-05-30T00:17:36+0200,e2390b4d-8b36-448a-b0e6-27aba52aab7b,2026-05-15T08:00:00Z,2026-05-15T10:00:00+0200,415.45,MW,FR,FR,actual_offshore_wind_generation,Wind Offshore | Actual Aggregated,2026-05-29T22:18:42Z
2026-05-29T22:17:36Z,2026-05-30T00:17:36+0200,e2390b4d-8b36-448a-b0e6-27aba52aab7b,2026-05-15T08:15:00Z,2026-05-15T10:15:00+0200,388.03,MW,FR,FR,actual_offshore_wind_generation,Wind Offshore | Actual Aggregated,2026-05-29T22:18:42Z
2026-05-29T22:17:36Z,2026-05-30T00:17:36+0200,e2390b4d-8b36-448a-b0e6-27aba52aab7b,2026-05-15T08:30:00Z,2026-05-15T10:30:00+0200,373.27,MW,FR,FR,actual_offshore_wind_generation,Wind Offshore | Actual Aggregated,2026-05-29T22:18:42Z
2026-05-29T22:17:36Z,2026-05-30T00:17:36+0200,e2390b4d-8b36-448a-b0e6-27aba52aab7b,2026-05-15T08:45:00Z,2026-05-15T10:45:00+0200,340.06,MW,FR,FR,actual_offshore_wind_generation,Wind Offshore | Actual Aggregated,2026-05-29T22:18:42Z
2026-05-29T22:17:36Z,2026-05-30T00:17:36+0200,e2390b4d-8b36-448a-b0e6-27aba52aab7b,2026-05-15T09:00:00Z,2026-05-15T11:00:00+0200,331.22,MW,FR,FR,actual_offshore_wind_generation,Wind Offshore | Actual Aggregated,2026-05-29T22:18:42Z
2026-05-29T22:17:36Z,2026-05-30T00:17:36+0200,e2390b4d-8b36-448a-b0e6-27aba52aab7b,2026-05-15T09:15:00Z,2026-05-15T11:15:00+0200,299.46,MW,FR,FR,actual_offshore_wind_generation,Wind Offshore | Actual Aggregated,2026-05-29T22:18:42Z
2026-05-29T22:17:36Z,2026-05-30T00:17:36+0200,e2390b4d-8b36-448a-b0e6-27aba52aab7b,2026-05-15T09:30:00Z,2026-05-15T11:30:00+0200,255.35,MW,FR,FR,actual_offshore_wind_generation,Wind Offshore | Actual Aggregated,2026-05-29T22:18:42Z
2026-05-29T22:17:36Z,2026-05-30T00:17:36+0200,e2390b4d-8b36-448a-b0e6-27aba52aab7b,2026-05-15T09:45:00Z,2026-05-15T11:45:00+0200,222.48,MW,FR,FR,actual_offshore_wind_generation,Wind Offshore | Actual Aggregated,2026-05-29T22:18:42Z
2026-05-29T22:17:36Z,2026-05-30T00:17:36+0200,e2390b4d-8b36-448a-b0e6-27aba52aab7b,2026-05-15T10:00:00Z,2026-05-15T12:00:00+0200,221.49,MW,FR,FR,actual_offshore_wind_generation,Wind Offshore | Actual Aggregated,2026-05-29T22:18:42Z
2026-05-29T22:17:36Z,2026-05-30T00:17:36+0200,e2390b4d-8b36-448a-b0e6-27aba52aab7b,2026-05-15T10:15:00Z,2026-05-15T12:15:00+0200,221.26,MW,FR,FR,actual_offshore_wind_generation,Wind Offshore | Actual Aggregated,2026-05-29T22:18:42Z
2026-05-29T22:17:36Z,2026-05-30T00:17:36+0200,e2390b4d-8b36-448a-b0e6-27aba52aab7b,2026-05-15T10:30:00Z,2026-05-15T12:30:00+0200,215.12,MW,FR,FR,actual_offshore_wind_generation,Wind Offshore | Actual Aggregated,2026-05-29T22:18:42Z
2026-05-29T22:17:36Z,2026-05-30T00:17:36+0200,e2390b4d-8b36-448a-b0e6-27aba52aab7b,2026-05-15T10:45:00Z,2026-05-15T12:45:00+0200,221.57,MW,FR,FR,actual_offshore_wind_generation,Wind Offshore | Actual Aggregated,2026-05-29T22:18:42Z
2026-05-29T22:17:36Z,2026-05-30T00:17:36+0200,e2390b4d-8b36-448a-b0e6-27aba52aab7b,2026-05-15T11:00:00Z,2026-05-15T13:00:00+0200,215.7,MW,FR,FR,actual_offshore_wind_generation,Wind Offshore | Actual Aggregated,2026-05-29T22:18:42Z
2026-05-29T22:17:36Z,2026-05-30T00:17:36+0200,e2390b4d-8b36-448a-b0e6-27aba52aab7b,2026-05-15T11:15:00Z,2026-05-15T13:15:00+0200,202.57,MW,FR,FR,actual_offshore_wind_generation,Wind Offshore | Actual Aggregated,2026-05-29T22:18:42Z
2026-05-29T22:17:36Z,2026-05-30T00:17:36+0200,e2390b4d-8b36-448a-b0e6-27aba52aab7b,2026-05-15T11:30:00Z,2026-05-15T13:30:00+0200,210.91,MW,FR,FR,actual_offshore_wind_generation,Wind Offshore | Actual Aggregated,2026-05-29T22:18:42Z
2026-05-29T22:17:36Z,2026-05-30T00:17:36+0200,e2390b4d-8b36-448a-b0e6-27aba52aab7b,2026-05-15T11:45:00Z,2026-05-15T13:45:00+0200,268.62,MW,FR,FR,actual_offshore_wind_generation,Wind Offshore | Actual Aggregated,2026-05-29T22:18:42Z
2026-05-29T22:17:36Z,2026-05-30T00:17:36+0200,e2390b4d-8b36-448a-b0e6-27aba52aab7b,2026-05-15T12:00:00Z,2026-05-15T14:00:00+0200,348.97,MW,FR,FR,actual_offshore_wind_generation,Wind Offshore | Actual Aggregated,2026-05-29T22:18:42Z
2026-05-29T22:17:36Z,2026-05-30T00:17:36+0200,e2390b4d-8b36-448a-b0e6-27aba52aab7b,2026-05-15T12:15:00Z,2026-05-15T14:15:00+0200,313.08,MW,FR,FR,actual_offshore_wind_generation,Wind Offshore | Actual Aggregated,2026-05-29T22:18:42Z
2026-05-29T22:17:36Z,2026-05-30T00:17:36+0200,e2390b4d-8b36-448a-b0e6-27aba52aab7b,2026-05-15T12:30:00Z,2026-05-15T14:30:00+0200,294.45,MW,FR,FR,actual_offshore_wind_generation,Wind Offshore | Actual Aggregated,2026-05-29T22:18:42Z
2026-05-29T22:17:36Z,2026-05-30T00:17:36+0200,e2390b4d-8b36-448a-b0e6-27aba52aab7b,2026-05-15T12:45:00Z,2026-05-15T14:45:00+0200,312.34,MW,FR,FR,actual_offshore_wind_generation,Wind Offshore | Actual Aggregated,2026-05-29T22:18:42Z
2026-05-29T22:17:36Z,2026-05-30T00:17:36+0200,e2390b4d-8b36-448a-b0e6-27aba52aab7b,2026-05-15T13:00:00Z,2026-05-15T15:00:00+0200,322.88,MW,FR,FR,actual_offshore_wind_generation,Wind Offshore | Actual Aggregated,2026-05-29T22:18:42Z
2026-05-29T22:17:36Z,2026-05-30T00:17:36+0200,e2390b4d-8b36-448a-b0e6-27aba52aab7b,2026-05-15T13:15:00Z,2026-05-15T15:15:00+0200,351.58,MW,FR,FR,actual_offshore_wind_generation,Wind Offshore | Actual Aggregated,2026-05-29T22:18:42Z
2026-05-29T22:17:36Z,2026-05-30T00:17:36+0200,e2390b4d-8b36-448a-b0e6-27aba52aab7b,2026-05-15T13:30:00Z,2026-05-15T15:30:00+0200,352.06,MW,FR,FR,actual_offshore_wind_generation,Wind Offshore | Actual Aggregated,2026-05-29T22:18:42Z
2026-05-29T22:17:36Z,2026-05-30T00:17:36+0200,e2390b4d-8b36-448a-b0e6-27aba52aab7b,2026-05-15T13:45:00Z,2026-05-15T15:45:00+0200,331.67,MW,FR,FR,actual_offshore_wind_generation,Wind Offshore | Actual Aggregated,2026-05-29T22:18:42Z
2026-05-29T22:17:36Z,2026-05-30T00:17:36+0200,e2390b4d-8b36-448a-b0e6-27aba52aab7b,2026-05-15T14:00:00Z,2026-05-15T16:00:00+0200,355.38,MW,FR,FR,actual_offshore_wind_generation,Wind Offshore | Actual Aggregated,2026-05-29T22:18:42Z
2026-05-29T22:17:36Z,2026-05-30T00:17:36+0200,e2390b4d-8b36-448a-b0e6-27aba52aab7b,2026-05-15T14:15:00Z,2026-05-15T16:15:00+0200,400.06,MW,FR,FR,actual_offshore_wind_generation,Wind Offshore | Actual Aggregated,2026-05-29T22:18:42Z
2026-05-29T22:17:36Z,2026-05-30T00:17:36+0200,e2390b4d-8b36-448a-b0e6-27aba52aab7b,2026-05-15T14:30:00Z,2026-05-15T16:30:00+0200,497.9,MW,FR,FR,actual_offshore_wind_generation,Wind Offshore | Actual Aggregated,2026-05-29T22:18:42Z
2026-05-29T22:17:36Z,2026-05-30T00:17:36+0200,e2390b4d-8b36-448a-b0e6-27aba52aab7b,2026-05-15T14:45:00Z,2026-05-15T16:45:00+0200,478.37,MW,FR,FR,actual_offshore_wind_generation,Wind Offshore | Actual Aggregated,2026-05-29T22:18:42Z
2026-05-29T22:17:36Z,2026-05-30T00:17:36+0200,e2390b4d-8b36-448a-b0e6-27aba52aab7b,2026-05-15T15:00:00Z,2026-05-15T17:00:00+0200,369.23,MW,FR,FR,actual_offshore_wind_generation,Wind Offshore | Actual Aggregated,2026-05-29T22:18:42Z
2026-05-29T22:17:36Z,2026-05-30T00:17:36+0200,e2390b4d-8b36-448a-b0e6-27aba52aab7b,2026-05-15T15:15:00Z,2026-05-15T17:15:00+0200,263.12,MW,FR,FR,actual_offshore_wind_generation,Wind Offshore | Actual Aggregated,2026-05-29T22:18:42Z
2026-05-29T22:17:36Z,2026-05-30T00:17:36+0200,e2390b4d-8b36-448a-b0e6-27aba52aab7b,2026-05-15T15:30:00Z,2026-05-15T17:30:00+0200,208.55,MW,FR,FR,actual_offshore_wind_generation,Wind Offshore | Actual Aggregated,2026-05-29T22:18:42Z
2026-05-29T22:17:36Z,2026-05-30T00:17:36+0200,e2390b4d-8b36-448a-b0e6-27aba52aab7b,2026-05-15T15:45:00Z,2026-05-15T17:45:00+0200,326.73,MW,FR,FR,actual_offshore_wind_generation,Wind Offshore | Actual Aggregated,2026-05-29T22:18:42Z
2026-05-29T22:17:36Z,2026-05-30T00:17:36+0200,e2390b4d-8b36-448a-b0e6-27aba52aab7b,2026-05-15T16:00:00Z,2026-05-15T18:00:00+0200,849.21,MW,FR,FR,actual_offshore_wind_generation,Wind Offshore | Actual Aggregated,2026-05-29T22:18:42Z
2026-05-29T22:17:36Z,2026-05-30T00:17:36+0200,e2390b4d-8b36-448a-b0e6-27aba52aab7b,2026-05-15T16:15:00Z,2026-05-15T18:15:00+0200,972.75,MW,FR,FR,actual_offshore_wind_generation,Wind Offshore | Actual Aggregated,2026-05-29T22:18:42Z
2026-05-29T22:17:36Z,2026-05-30T00:17:36+0200,e2390b4d-8b36-448a-b0e6-27aba52aab7b,2026-05-15T16:30:00Z,2026-05-15T18:30:00+0200,981.83,MW,FR,FR,actual_offshore_wind_generation,Wind Offshore | Actual Aggregated,2026-05-29T22:18:42Z
2026-05-29T22:17:36Z,2026-05-30T00:17:36+0200,e2390b4d-8b36-448a-b0e6-27aba52aab7b,2026-05-15T16:45:00Z,2026-05-15T18:45:00+0200,975.12,MW,FR,FR,actual_offshore_wind_generation,Wind Offshore | Actual Aggregated,2026-05-29T22:18:42Z
2026-05-29T22:17:36Z,2026-05-30T00:17:36+0200,e2390b4d-8b36-448a-b0e6-27aba52aab7b,2026-05-15T17:00:00Z,2026-05-15T19:00:00+0200,963.39,MW,FR,FR,actual_offshore_wind_generation,Wind Offshore | Actual Aggregated,2026-05-29T22:18:42Z
2026-05-29T22:17:36Z,2026-05-30T00:17:36+0200,e2390b4d-8b36-448a-b0e6-27aba52aab7b,2026-05-15T17:15:00Z,2026-05-15T19:15:00+0200,939.09,MW,FR,FR,actual_offshore_wind_generation,Wind Offshore | Actual Aggregated,2026-05-29T22:18:42Z
2026-05-29T22:17:36Z,2026-05-30T00:17:36+0200,e2390b4d-8b36-448a-b0e6-27aba52aab7b,2026-05-15T17:30:00Z,2026-05-15T19:30:00+0200,964.53,MW,FR,FR,actual_offshore_wind_generation,Wind Offshore | Actual Aggregated,2026-05-29T22:18:42Z
2026-05-29T22:17:36Z,2026-05-30T00:17:36+0200,e2390b4d-8b36-448a-b0e6-27aba52aab7b,2026-05-15T17:45:00Z,2026-05-15T19:45:00+0200,1007.34,MW,FR,FR,actual_offshore_wind_generation,Wind Offshore | Actual Aggregated,2026-05-29T22:18:42Z
2026-05-29T22:17:36Z,2026-05-30T00:17:36+0200,e2390b4d-8b36-448a-b0e6-27aba52aab7b,2026-05-15T18:00:00Z,2026-05-15T20:00:00+0200,1049.9,MW,FR,FR,actual_offshore_wind_generation,Wind Offshore | Actual Aggregated,2026-05-29T22:18:42Z
2026-05-29T22:17:36Z,2026-05-30T00:17:36+0200,e2390b4d-8b36-448a-b0e6-27aba52aab7b,2026-05-15T18:15:00Z,2026-05-15T20:15:00+0200,1071.42,MW,FR,FR,actual_offshore_wind_generation,Wind Offshore | Actual Aggregated,2026-05-29T22:18:42Z
2026-05-29T22:17:36Z,2026-05-30T00:17:36+0200,e2390b4d-8b36-448a-b0e6-27aba52aab7b,2026-05-15T18:30:00Z,2026-05-15T20:30:00+0200,1141.17,MW,FR,FR,actual_offshore_wind_generation,Wind Offshore | Actual Aggregated,2026-05-29T22:18:42Z
2026-05-29T22:17:36Z,2026-05-30T00:17:36+0200,e2390b4d-8b36-448a-b0e6-27aba52aab7b,2026-05-15T18:45:00Z,2026-05-15T20:45:00+0200,1225.47,MW,FR,FR,actual_offshore_wind_generation,Wind Offshore | Actual Aggregated,2026-05-29T22:18:42Z
2026-05-29T22:17:36Z,2026-05-30T00:17:36+0200,e2390b4d-8b36-448a-b0e6-27aba52aab7b,2026-05-15T19:00:00Z,2026-05-15T21:00:00+0200,1233.63,MW,FR,FR,actual_offshore_wind_generation,Wind Offshore | Actual Aggregated,2026-05-29T22:18:42Z
2026-05-29T22:17:36Z,2026-05-30T00:17:36+0200,e2390b4d-8b36-448a-b0e6-27aba52aab7b,2026-05-15T19:15:00Z,2026-05-15T21:15:00+0200,1255.83,MW,FR,FR,actual_offshore_wind_generation,Wind Offshore | Actual Aggregated,2026-05-29T22:18:42Z
2026-05-29T22:17:36Z,2026-05-30T00:17:36+0200,e2390b4d-8b36-448a-b0e6-27aba52aab7b,2026-05-15T19:30:00Z,2026-05-15T21:30:00+0200,1279.38,MW,FR,FR,actual_offshore_wind_generation,Wind Offshore | Actual Aggregated,2026-05-29T22:18:42Z
2026-05-29T22:17:36Z,2026-05-30T00:17:36+0200,e2390b4d-8b36-448a-b0e6-27aba52aab7b,2026-05-15T19:45:00Z,2026-05-15T21:45:00+0200,1228.44,MW,FR,FR,actual_offshore_wind_generation,Wind Offshore | Actual Aggregated,2026-05-29T22:18:42Z
2026-05-29T22:17:36Z,2026-05-30T00:17:36+0200,e2390b4d-8b36-448a-b0e6-27aba52aab7b,2026-05-15T20:00:00Z,2026-05-15T22:00:00+0200,1218.25,MW,FR,FR,actual_offshore_wind_generation,Wind Offshore | Actual Aggregated,2026-05-29T22:18:42Z
2026-05-29T22:17:36Z,2026-05-30T00:17:36+0200,e2390b4d-8b36-448a-b0e6-27aba52aab7b,2026-05-15T20:15:00Z,2026-05-15T22:15:00+0200,1181.63,MW,FR,FR,actual_offshore_wind_generation,Wind Offshore | Actual Aggregated,2026-05-29T22:18:42Z
2026-05-29T22:17:36Z,2026-05-30T00:17:36+0200,e2390b4d-8b36-448a-b0e6-27aba52aab7b,2026-05-15T20:30:00Z,2026-05-15T22:30:00+0200,1168.0,MW,FR,FR,actual_offshore_wind_generation,Wind Offshore | Actual Aggregated,2026-05-29T22:18:42Z
2026-05-29T22:17:36Z,2026-05-30T00:17:36+0200,e2390b4d-8b36-448a-b0e6-27aba52aab7b,2026-05-15T20:45:00Z,2026-05-15T22:45:00+0200,1031.46,MW,FR,FR,actual_offshore_wind_generation,Wind Offshore | Actual Aggregated,2026-05-29T22:18:42Z
2026-05-29T22:17:36Z,2026-05-30T00:17:36+0200,e2390b4d-8b36-448a-b0e6-27aba52aab7b,2026-05-15T21:00:00Z,2026-05-15T23:00:00+0200,895.34,MW,FR,FR,actual_offshore_wind_generation,Wind Offshore | Actual Aggregated,2026-05-29T22:18:42Z
2026-05-29T22:17:36Z,2026-05-30T00:17:36+0200,e2390b4d-8b36-448a-b0e6-27aba52aab7b,2026-05-15T21:15:00Z,2026-05-15T23:15:00+0200,877.79,MW,FR,FR,actual_offshore_wind_generation,Wind Offshore | Actual Aggregated,2026-05-29T22:18:42Z
2026-05-29T22:17:36Z,2026-05-30T00:17:36+0200,e2390b4d-8b36-448a-b0e6-27aba52aab7b,2026-05-15T21:30:00Z,2026-05-15T23:30:00+0200,820.8,MW,FR,FR,actual_offshore_wind_generation,Wind Offshore | Actual Aggregated,2026-05-29T22:18:42Z
2026-05-29T22:17:36Z,2026-05-30T00:17:36+0200,e2390b4d-8b36-448a-b0e6-27aba52aab7b,2026-05-15T21:45:00Z,2026-05-15T23:45:00+0200,760.04,MW,FR,FR,actual_offshore_wind_generation,Wind Offshore | Actual Aggregated,2026-05-29T22:18:42Z
2026-05-29T22:17:36Z,2026-05-30T00:17:36+0200,e2390b4d-8b36-448a-b0e6-27aba52aab7b,2026-05-15T22:00:00Z,2026-05-16T00:00:00+0200,791.03,MW,FR,FR,actual_offshore_wind_generation,Wind Offshore | Actual Aggregated,2026-05-29T22:18:42Z
2026-05-29T22:17:36Z,2026-05-30T00:17:36+0200,e2390b4d-8b36-448a-b0e6-27aba52aab7b,2026-05-15T22:15:00Z,2026-05-16T00:15:00+0200,722.45,MW,FR,FR,actual_offshore_wind_generation,Wind Offshore | Actual Aggregated,2026-05-29T22:18:42Z
2026-05-29T22:17:36Z,2026-05-30T00:17:36+0200,e2390b4d-8b36-448a-b0e6-27aba52aab7b,2026-05-15T22:30:00Z,2026-05-16T00:30:00+0200,624.75,MW,FR,FR,actual_offshore_wind_generation,Wind Offshore | Actual Aggregated,2026-05-29T22:18:42Z
2026-05-29T22:17:36Z,2026-05-30T00:17:36+0200,e2390b4d-8b36-448a-b0e6-27aba52aab7b,2026-05-15T22:45:00Z,2026-05-16T00:45:00+0200,671.54,MW,FR,FR,actual_offshore_wind_generation,Wind Offshore | Actual Aggregated,2026-05-29T22:18:42Z
2026-05-29T22:17:36Z,2026-05-30T00:17:36+0200,e2390b4d-8b36-448a-b0e6-27aba52aab7b,2026-05-15T23:00:00Z,2026-05-16T01:00:00+0200,714.47,MW,FR,FR,actual_offshore_wind_generation,Wind Offshore | Actual Aggregated,2026-05-29T22:18:42Z
2026-05-29T22:17:36Z,2026-05-30T00:17:36+0200,e2390b4d-8b36-448a-b0e6-27aba52aab7b,2026-05-15T23:15:00Z,2026-05-16T01:15:00+0200,720.46,MW,FR,FR,actual_offshore_wind_generation,Wind Offshore | Actual Aggregated,2026-05-29T22:18:42Z
2026-05-29T22:17:36Z,2026-05-30T00:17:36+0200,e2390b4d-8b36-448a-b0e6-27aba52aab7b,2026-05-15T23:30:00Z,2026-05-16T01:30:00+0200,735.2,MW,FR,FR,actual_offshore_wind_generation,Wind Offshore | Actual Aggregated,2026-05-29T22:18:42Z
2026-05-29T22:17:36Z,2026-05-30T00:17:36+0200,e2390b4d-8b36-448a-b0e6-27aba52aab7b,2026-05-15T23:45:00Z,2026-05-16T01:45:00+0200,689.85,MW,FR,FR,actual_offshore_wind_generation,Wind Offshore | Actual Aggregated,2026-05-29T22:18:42Z
2026-05-29T22:17:36Z,2026-05-30T00:17:36+0200,e2390b4d-8b36-448a-b0e6-27aba52aab7b,2026-05-16T00:00:00Z,2026-05-16T02:00:00+0200,629.84,MW,FR,FR,actual_offshore_wind_generation,Wind Offshore | Actual Aggregated,2026-05-29T22:18:42Z
2026-05-29T22:17:36Z,2026-05-30T00:17:36+0200,e2390b4d-8b36-448a-b0e6-27aba52aab7b,2026-05-16T00:15:00Z,2026-05-16T02:15:00+0200,617.49,MW,FR,FR,actual_offshore_wind_generation,Wind Offshore | Actual Aggregated,2026-05-29T22:18:42Z
2026-05-29T22:17:36Z,2026-05-30T00:17:36+0200,e2390b4d-8b36-448a-b0e6-27aba52aab7b,2026-05-16T00:30:00Z,2026-05-16T02:30:00+0200,643.38,MW,FR,FR,actual_offshore_wind_generation,Wind Offshore | Actual Aggregated,2026-05-29T22:18:42Z
2026-05-29T22:17:36Z,2026-05-30T00:17:36+0200,e2390b4d-8b36-448a-b0e6-27aba52aab7b,2026-05-16T00:45:00Z,2026-05-16T02:45:00+0200,649.29,MW,FR,FR,actual_offshore_wind_generation,Wind Offshore | Actual Aggregated,2026-05-29T22:18:42Z
2026-05-29T22:17:36Z,2026-05-30T00:17:36+0200,e2390b4d-8b36-448a-b0e6-27aba52aab7b,2026-05-16T01:00:00Z,2026-05-16T03:00:00+0200,598.26,MW,FR,FR,actual_offshore_wind_generation,Wind Offshore | Actual Aggregated,2026-05-29T22:18:42Z
2026-05-29T22:17:36Z,2026-05-30T00:17:36+0200,e2390b4d-8b36-448a-b0e6-27aba52aab7b,2026-05-16T01:15:00Z,2026-05-16T03:15:00+0200,550.71,MW,FR,FR,actual_offshore_wind_generation,Wind Offshore | Actual Aggregated,2026-05-29T22:18:42Z
2026-05-29T22:17:36Z,2026-05-30T00:17:36+0200,e2390b4d-8b36-448a-b0e6-27aba52aab7b,2026-05-16T01:30:00Z,2026-05-16T03:30:00+0200,519.47,MW,FR,FR,actual_offshore_wind_generation,Wind Offshore | Actual Aggregated,2026-05-29T22:18:42Z
2026-05-29T22:17:36Z,2026-05-30T00:17:36+0200,e2390b4d-8b36-448a-b0e6-27aba52aab7b,2026-05-16T01:45:00Z,2026-05-16T03:45:00+0200,494.61,MW,FR,FR,actual_offshore_wind_generation,Wind Offshore | Actual Aggregated,2026-05-29T22:18:42Z
2026-05-29T22:17:36Z,2026-05-30T00:17:36+0200,e2390b4d-8b36-448a-b0e6-27aba52aab7b,2026-05-16T02:00:00Z,2026-05-16T04:00:00+0200,468.8,MW,FR,FR,actual_offshore_wind_generation,Wind Offshore | Actual Aggregated,2026-05-29T22:18:42Z
2026-05-29T22:17:36Z,2026-05-30T00:17:36+0200,e2390b4d-8b36-448a-b0e6-27aba52aab7b,2026-05-16T02:15:00Z,2026-05-16T04:15:00+0200,465.88,MW,FR,FR,actual_offshore_wind_generation,Wind Offshore | Actual Aggregated,2026-05-29T22:18:42Z
2026-05-29T22:17:36Z,2026-05-30T00:17:36+0200,e2390b4d-8b36-448a-b0e6-27aba52aab7b,2026-05-16T02:30:00Z,2026-05-16T04:30:00+0200,445.42,MW,FR,FR,actual_offshore_wind_generation,Wind Offshore | Actual Aggregated,2026-05-29T22:18:42Z
2026-05-29T22:17:36Z,2026-05-30T00:17:36+0200,e2390b4d-8b36-448a-b0e6-27aba52aab7b,2026-05-16T02:45:00Z,2026-05-16T04:45:00+0200,459.33,MW,FR,FR,actual_offshore_wind_generation,Wind Offshore | Actual Aggregated,2026-05-29T22:18:42Z
2026-05-29T22:17:36Z,2026-05-30T00:17:36+0200,e2390b4d-8b36-448a-b0e6-27aba52aab7b,2026-05-16T03:00:00Z,2026-05-16T05:00:00+0200,450.5,MW,FR,FR,actual_offshore_wind_generation,Wind Offshore | Actual Aggregated,2026-05-29T22:18:42Z
2026-05-29T22:17:36Z,2026-05-30T00:17:36+0200,e2390b4d-8b36-448a-b0e6-27aba52aab7b,2026-05-16T03:15:00Z,2026-05-16T05:15:00+0200,445.25,MW,FR,FR,actual_offshore_wind_generation,Wind Offshore | Actual Aggregated,2026-05-29T22:18:42Z
2026-05-29T22:17:36Z,2026-05-30T00:17:36+0200,e2390b4d-8b36-448a-b0e6-27aba52aab7b,2026-05-16T03:30:00Z,2026-05-16T05:30:00+0200,464.13,MW,FR,FR,actual_offshore_wind_generation,Wind Offshore | Actual Aggregated,2026-05-29T22:18:42Z
2026-05-29T22:17:36Z,2026-05-30T00:17:36+0200,e2390b4d-8b36-448a-b0e6-27aba52aab7b,2026-05-16T03:45:00Z,2026-05-16T05:45:00+0200,477.13,MW,FR,FR,actual_offshore_wind_generation,Wind Offshore | Actual Aggregated,2026-05-29T22:18:42Z
2026-05-29T22:17:36Z,2026-05-30T00:17:36+0200,e2390b4d-8b36-448a-b0e6-27aba52aab7b,2026-05-16T04:00:00Z,2026-05-16T06:00:00+0200,407.72,MW,FR,FR,actual_offshore_wind_generation,Wind Offshore | Actual Aggregated,2026-05-29T22:18:42Z
2026-05-29T22:17:36Z,2026-05-30T00:17:36+0200,e2390b4d-8b36-448a-b0e6-27aba52aab7b,2026-05-16T04:15:00Z,2026-05-16T06:15:00+0200,364.32,MW,FR,FR,actual_offshore_wind_generation,Wind Offshore | Actual Aggregated,2026-05-29T22:18:42Z
2026-05-29T22:17:36Z,2026-05-30T00:17:36+0200,e2390b4d-8b36-448a-b0e6-27aba52aab7b,2026-05-16T04:30:00Z,2026-05-16T06:30:00+0200,363.18,MW,FR,FR,actual_offshore_wind_generation,Wind Offshore | Actual Aggregated,2026-05-29T22:18:42Z
2026-05-29T22:17:36Z,2026-05-30T00:17:36+0200,e2390b4d-8b36-448a-b0e6-27aba52aab7b,2026-05-16T04:45:00Z,2026-05-16T06:45:00+0200,349.75,MW,FR,FR,actual_offshore_wind_generation,Wind Offshore | Actual Aggregated,2026-05-29T22:18:42Z
2026-05-29T22:17:36Z,2026-05-30T00:17:36+0200,e2390b4d-8b36-448a-b0e6-27aba52aab7b,2026-05-16T05:00:00Z,2026-05-16T07:00:00+0200,368.52,MW,FR,FR,actual_offshore_wind_generation,Wind Offshore | Actual Aggregated,2026-05-29T22:18:42Z
2026-05-29T22:17:36Z,2026-05-30T00:17:36+0200,e2390b4d-8b36-448a-b0e6-27aba52aab7b,2026-05-16T05:15:00Z,2026-05-16T07:15:00+0200,357.77,MW,FR,FR,actual_offshore_wind_generation,Wind Offshore | Actual Aggregated,2026-05-29T22:18:42Z
2026-05-29T22:17:36Z,2026-05-30T00:17:36+0200,e2390b4d-8b36-448a-b0e6-27aba52aab7b,2026-05-16T05:30:00Z,2026-05-16T07:30:00+0200,363.24,MW,FR,FR,actual_offshore_wind_generation,Wind Offshore | Actual Aggregated,2026-05-29T22:18:42Z
2026-05-29T22:17:36Z,2026-05-30T00:17:36+0200,e2390b4d-8b36-448a-b0e6-27aba52aab7b,2026-05-16T05:45:00Z,2026-05-16T07:45:00+0200,410.55,MW,FR,FR,actual_offshore_wind_generation,Wind Offshore | Actual Aggregated,2026-05-29T22:18:42Z
2026-05-29T22:17:36Z,2026-05-30T00:17:36+0200,e2390b4d-8b36-448a-b0e6-27aba52aab7b,2026-05-16T06:00:00Z,2026-05-16T08:00:00+0200,433.94,MW,FR,FR,actual_offshore_wind_generation,Wind Offshore | Actual Aggregated,2026-05-29T22:18:42Z
2026-05-29T22:17:36Z,2026-05-30T00:17:36+0200,e2390b4d-8b36-448a-b0e6-27aba52aab7b,2026-05-16T06:15:00Z,2026-05-16T08:15:00+0200,422.43,MW,FR,FR,actual_offshore_wind_generation,Wind Offshore | Actual Aggregated,2026-05-29T22:18:42Z
2026-05-29T22:17:36Z,2026-05-30T00:17:36+0200,e2390b4d-8b36-448a-b0e6-27aba52aab7b,2026-05-16T06:30:00Z,2026-05-16T08:30:00+0200,376.33,MW,FR,FR,actual_offshore_wind_generation,Wind Offshore | Actual Aggregated,2026-05-29T22:18:42Z
2026-05-29T22:17:36Z,2026-05-30T00:17:36+0200,e2390b4d-8b36-448a-b0e6-27aba52aab7b,2026-05-16T06:45:00Z,2026-05-16T08:45:00+0200,316.49,MW,FR,FR,actual_offshore_wind_generation,Wind Offshore | Actual Aggregated,2026-05-29T22:18:42Z
2026-05-29T22:17:36Z,2026-05-30T00:17:36+0200,e2390b4d-8b36-448a-b0e6-27aba52aab7b,2026-05-16T07:00:00Z,2026-05-16T09:00:00+0200,260.62,MW,FR,FR,actual_offshore_wind_generation,Wind Offshore | Actual Aggregated,2026-05-29T22:18:42Z
2026-05-29T22:17:36Z,2026-05-30T00:17:36+0200,e2390b4d-8b36-448a-b0e6-27aba52aab7b,2026-05-16T07:15:00Z,2026-05-16T09:15:00+0200,227.96,MW,FR,FR,actual_offshore_wind_generation,Wind Offshore | Actual Aggregated,2026-05-29T22:18:42Z
2026-05-29T22:17:36Z,2026-05-30T00:17:36+0200,e2390b4d-8b36-448a-b0e6-27aba52aab7b,2026-05-16T07:30:00Z,2026-05-16T09:30:00+0200,192.71,MW,FR,FR,actual_offshore_wind_generation,Wind Offshore | Actual Aggregated,2026-05-29T22:18:42Z
2026-05-29T22:17:36Z,2026-05-30T00:17:36+0200,e2390b4d-8b36-448a-b0e6-27aba52aab7b,2026-05-16T07:45:00Z,2026-05-16T09:45:00+0200,182.74,MW,FR,FR,actual_offshore_wind_generation,Wind Offshore | Actual Aggregated,2026-05-29T22:18:42Z
2026-05-29T22:17:36Z,2026-05-30T00:17:36+0200,e2390b4d-8b36-448a-b0e6-27aba52aab7b,2026-05-16T08:00:00Z,2026-05-16T10:00:00+0200,168.09,MW,FR,FR,actual_offshore_wind_generation,Wind Offshore | Actual Aggregated,2026-05-29T22:18:42Z
2026-05-29T22:17:36Z,2026-05-30T00:17:36+0200,e2390b4d-8b36-448a-b0e6-27aba52aab7b,2026-05-16T08:15:00Z,2026-05-16T10:15:00+0200,175.13,MW,FR,FR,actual_offshore_wind_generation,Wind Offshore | Actual Aggregated,2026-05-29T22:18:42Z
2026-05-29T22:17:36Z,2026-05-30T00:17:36+0200,e2390b4d-8b36-448a-b0e6-27aba52aab7b,2026-05-16T08:30:00Z,2026-05-16T10:30:00+0200,193.12,MW,FR,FR,actual_offshore_wind_generation,Wind Offshore | Actual Aggregated,2026-05-29T22:18:42Z
2026-05-29T22:17:36Z,2026-05-30T00:17:36+0200,e2390b4d-8b36-448a-b0e6-27aba52aab7b,2026-05-16T08:45:00Z,2026-05-16T10:45:00+0200,214.05,MW,FR,FR,actual_offshore_wind_generation,Wind Offshore | Actual Aggregated,2026-05-29T22:18:42Z
2026-05-29T22:17:36Z,2026-05-30T00:17:36+0200,e2390b4d-8b36-448a-b0e6-27aba52aab7b,2026-05-16T09:00:00Z,2026-05-16T11:00:00+0200,195.42,MW,FR,FR,actual_offshore_wind_generation,Wind Offshore | Actual Aggregated,2026-05-29T22:18:42Z
2026-05-29T22:17:36Z,2026-05-30T00:17:36+0200,e2390b4d-8b36-448a-b0e6-27aba52aab7b,2026-05-16T09:15:00Z,2026-05-16T11:15:00+0200,157.99,MW,FR,FR,actual_offshore_wind_generation,Wind Offshore | Actual Aggregated,2026-05-29T22:18:42Z
2026-05-29T22:17:36Z,2026-05-30T00:17:36+0200,e2390b4d-8b36-448a-b0e6-27aba52aab7b,2026-05-16T09:30:00Z,2026-05-16T11:30:00+0200,123.47,MW,FR,FR,actual_offshore_wind_generation,Wind Offshore | Actual Aggregated,2026-05-29T22:18:42Z
2026-05-29T22:17:36Z,2026-05-30T00:17:36+0200,e2390b4d-8b36-448a-b0e6-27aba52aab7b,2026-05-16T09:45:00Z,2026-05-16T11:45:00+0200,110.89,MW,FR,FR,actual_offshore_wind_generation,Wind Offshore | Actual Aggregated,2026-05-29T22:18:42Z
2026-05-29T22:17:36Z,2026-05-30T00:17:36+0200,e2390b4d-8b36-448a-b0e6-27aba52aab7b,2026-05-16T10:00:00Z,2026-05-16T12:00:00+0200,111.01,MW,FR,FR,actual_offshore_wind_generation,Wind Offshore | Actual Aggregated,2026-05-29T22:18:42Z
2026-05-29T22:17:36Z,2026-05-30T00:17:36+0200,e2390b4d-8b36-448a-b0e6-27aba52aab7b,2026-05-16T10:15:00Z,2026-05-16T12:15:00+0200,113.38,MW,FR,FR,actual_offshore_wind_generation,Wind Offshore | Actual Aggregated,2026-05-29T22:18:42Z
2026-05-29T22:17:36Z,2026-05-30T00:17:36+0200,e2390b4d-8b36-448a-b0e6-27aba52aab7b,2026-05-16T10:30:00Z,2026-05-16T12:30:00+0200,126.66,MW,FR,FR,actual_offshore_wind_generation,Wind Offshore | Actual Aggregated,2026-05-29T22:18:42Z
2026-05-29T22:17:36Z,2026-05-30T00:17:36+0200,e2390b4d-8b36-448a-b0e6-27aba52aab7b,2026-05-16T10:45:00Z,2026-05-16T12:45:00+0200,146.57,MW,FR,FR,actual_offshore_wind_generation,Wind Offshore | Actual Aggregated,2026-05-29T22:18:42Z
2026-05-29T22:17:36Z,2026-05-30T00:17:36+0200,e2390b4d-8b36-448a-b0e6-27aba52aab7b,2026-05-16T11:00:00Z,2026-05-16T13:00:00+0200,173.41,MW,FR,FR,actual_offshore_wind_generation,Wind Offshore | Actual Aggregated,2026-05-29T22:18:42Z
2026-05-29T22:17:36Z,2026-05-30T00:17:36+0200,e2390b4d-8b36-448a-b0e6-27aba52aab7b,2026-05-16T11:15:00Z,2026-05-16T13:15:00+0200,181.41,MW,FR,FR,actual_offshore_wind_generation,Wind Offshore | Actual Aggregated,2026-05-29T22:18:42Z
2026-05-29T22:17:36Z,2026-05-30T00:17:36+0200,e2390b4d-8b36-448a-b0e6-27aba52aab7b,2026-05-16T11:30:00Z,2026-05-16T13:30:00+0200,184.06,MW,FR,FR,actual_offshore_wind_generation,Wind Offshore | Actual Aggregated,2026-05-29T22:18:42Z
2026-05-29T22:17:36Z,2026-05-30T00:17:36+0200,e2390b4d-8b36-448a-b0e6-27aba52aab7b,2026-05-16T11:45:00Z,2026-05-16T13:45:00+0200,188.56,MW,FR,FR,actual_offshore_wind_generation,Wind Offshore | Actual Aggregated,2026-05-29T22:18:42Z
2026-05-29T22:17:36Z,2026-05-30T00:17:36+0200,e2390b4d-8b36-448a-b0e6-27aba52aab7b,2026-05-16T12:00:00Z,2026-05-16T14:00:00+0200,222.85,MW,FR,FR,actual_offshore_wind_generation,Wind Offshore | Actual Aggregated,2026-05-29T22:18:42Z
2026-05-29T22:17:36Z,2026-05-30T00:17:36+0200,e2390b4d-8b36-448a-b0e6-27aba52aab7b,2026-05-16T12:15:00Z,2026-05-16T14:15:00+0200,245.82,MW,FR,FR,actual_offshore_wind_generation,Wind Offshore | Actual Aggregated,2026-05-29T22:18:42Z
2026-05-29T22:17:36Z,2026-05-30T00:17:36+0200,e2390b4d-8b36-448a-b0e6-27aba52aab7b,2026-05-16T12:30:00Z,2026-05-16T14:30:00+0200,239.25,MW,FR,FR,actual_offshore_wind_generation,Wind Offshore | Actual Aggregated,2026-05-29T22:18:42Z
2026-05-29T22:17:36Z,2026-05-30T00:17:36+0200,e2390b4d-8b36-448a-b0e6-27aba52aab7b,2026-05-16T12:45:00Z,2026-05-16T14:45:00+0200,298.87,MW,FR,FR,actual_offshore_wind_generation,Wind Offshore | Actual Aggregated,2026-05-29T22:18:42Z
2026-05-29T22:17:36Z,2026-05-30T00:17:36+0200,e2390b4d-8b36-448a-b0e6-27aba52aab7b,2026-05-16T13:00:00Z,2026-05-16T15:00:00+0200,410.94,MW,FR,FR,actual_offshore_wind_generation,Wind Offshore | Actual Aggregated,2026-05-29T22:18:42Z
2026-05-29T22:17:36Z,2026-05-30T00:17:36+0200,e2390b4d-8b36-448a-b0e6-27aba52aab7b,2026-05-16T13:15:00Z,2026-05-16T15:15:00+0200,357.48,MW,FR,FR,actual_offshore_wind_generation,Wind Offshore | Actual Aggregated,2026-05-29T22:18:42Z
2026-05-29T22:17:36Z,2026-05-30T00:17:36+0200,e2390b4d-8b36-448a-b0e6-27aba52aab7b,2026-05-16T13:30:00Z,2026-05-16T15:30:00+0200,284.93,MW,FR,FR,actual_offshore_wind_generation,Wind Offshore | Actual Aggregated,2026-05-29T22:18:42Z
2026-05-29T22:17:36Z,2026-05-30T00:17:36+0200,e2390b4d-8b36-448a-b0e6-27aba52aab7b,2026-05-16T13:45:00Z,2026-05-16T15:45:00+0200,257.09,MW,FR,FR,actual_offshore_wind_generation,Wind Offshore | Actual Aggregated,2026-05-29T22:18:42Z
2026-05-29T22:17:36Z,2026-05-30T00:17:36+0200,e2390b4d-8b36-448a-b0e6-27aba52aab7b,2026-05-16T14:00:00Z,2026-05-16T16:00:00+0200,269.27,MW,FR,FR,actual_offshore_wind_generation,Wind Offshore | Actual Aggregated,2026-05-29T22:18:42Z
2026-05-29T22:17:36Z,2026-05-30T00:17:36+0200,e2390b4d-8b36-448a-b0e6-27aba52aab7b,2026-05-16T14:15:00Z,2026-05-16T16:15:00+0200,287.85,MW,FR,FR,actual_offshore_wind_generation,Wind Offshore | Actual Aggregated,2026-05-29T22:18:42Z
2026-05-29T22:17:36Z,2026-05-30T00:17:36+0200,e2390b4d-8b36-448a-b0e6-27aba52aab7b,2026-05-16T14:30:00Z,2026-05-16T16:30:00+0200,267.74,MW,FR,FR,actual_offshore_wind_generation,Wind Offshore | Actual Aggregated,2026-05-29T22:18:42Z
2026-05-29T22:17:36Z,2026-05-30T00:17:36+0200,e2390b4d-8b36-448a-b0e6-27aba52aab7b,2026-05-16T14:45:00Z,2026-05-16T16:45:00+0200,248.91,MW,FR,FR,actual_offshore_wind_generation,Wind Offshore | Actual Aggregated,2026-05-29T22:18:42Z
2026-05-29T22:17:36Z,2026-05-30T00:17:36+0200,e2390b4d-8b36-448a-b0e6-27aba52aab7b,2026-05-16T15:00:00Z,2026-05-16T17:00:00+0200,244.54,MW,FR,FR,actual_offshore_wind_generation,Wind Offshore | Actual Aggregated,2026-05-29T22:18:42Z
2026-05-29T22:17:36Z,2026-05-30T00:17:36+0200,e2390b4d-8b36-448a-b0e6-27aba52aab7b,2026-05-16T15:15:00Z,2026-05-16T17:15:00+0200,228.42,MW,FR,FR,actual_offshore_wind_generation,Wind Offshore | Actual Aggregated,2026-05-29T22:18:42Z
2026-05-29T22:17:36Z,2026-05-30T00:17:36+0200,e2390b4d-8b36-448a-b0e6-27aba52aab7b,2026-05-16T15:30:00Z,2026-05-16T17:30:00+0200,277.73,MW,FR,FR,actual_offshore_wind_generation,Wind Offshore | Actual Aggregated,2026-05-29T22:18:42Z
2026-05-29T22:17:36Z,2026-05-30T00:17:36+0200,e2390b4d-8b36-448a-b0e6-27aba52aab7b,2026-05-16T15:45:00Z,2026-05-16T17:45:00+0200,337.58,MW,FR,FR,actual_offshore_wind_generation,Wind Offshore | Actual Aggregated,2026-05-29T22:18:42Z
2026-05-29T22:17:36Z,2026-05-30T00:17:36+0200,e2390b4d-8b36-448a-b0e6-27aba52aab7b,2026-05-16T16:00:00Z,2026-05-16T18:00:00+0200,374.05,MW,FR,FR,actual_offshore_wind_generation,Wind Offshore | Actual Aggregated,2026-05-29T22:18:42Z
2026-05-29T22:17:36Z,2026-05-30T00:17:36+0200,e2390b4d-8b36-448a-b0e6-27aba52aab7b,2026-05-16T16:15:00Z,2026-05-16T18:15:00+0200,348.13,MW,FR,FR,actual_offshore_wind_generation,Wind Offshore | Actual Aggregated,2026-05-29T22:18:42Z
2026-05-29T22:17:36Z,2026-05-30T00:17:36+0200,e2390b4d-8b36-448a-b0e6-27aba52aab7b,2026-05-16T16:30:00Z,2026-05-16T18:30:00+0200,335.11,MW,FR,FR,actual_offshore_wind_generation,Wind Offshore | Actual Aggregated,2026-05-29T22:18:42Z
2026-05-29T22:17:36Z,2026-05-30T00:17:36+0200,e2390b4d-8b36-448a-b0e6-27aba52aab7b,2026-05-16T16:45:00Z,2026-05-16T18:45:00+0200,280.87,MW,FR,FR,actual_offshore_wind_generation,Wind Offshore | Actual Aggregated,2026-05-29T22:18:42Z
2026-05-29T22:17:36Z,2026-05-30T00:17:36+0200,e2390b4d-8b36-448a-b0e6-27aba52aab7b,2026-05-16T17:00:00Z,2026-05-16T19:00:00+0200,276.04,MW,FR,FR,actual_offshore_wind_generation,Wind Offshore | Actual Aggregated,2026-05-29T22:18:42Z
2026-05-29T22:17:36Z,2026-05-30T00:17:36+0200,e2390b4d-8b36-448a-b0e6-27aba52aab7b,2026-05-16T17:15:00Z,2026-05-16T19:15:00+0200,283.33,MW,FR,FR,actual_offshore_wind_generation,Wind Offshore | Actual Aggregated,2026-05-29T22:18:42Z
2026-05-29T22:17:36Z,2026-05-30T00:17:36+0200,e2390b4d-8b36-448a-b0e6-27aba52aab7b,2026-05-16T17:30:00Z,2026-05-16T19:30:00+0200,333.88,MW,FR,FR,actual_offshore_wind_generation,Wind Offshore | Actual Aggregated,2026-05-29T22:18:42Z
2026-05-29T22:17:36Z,2026-05-30T00:17:36+0200,e2390b4d-8b36-448a-b0e6-27aba52aab7b,2026-05-16T17:45:00Z,2026-05-16T19:45:00+0200,435.75,MW,FR,FR,actual_offshore_wind_generation,Wind Offshore | Actual Aggregated,2026-05-29T22:18:42Z
2026-05-29T22:17:36Z,2026-05-30T00:17:36+0200,e2390b4d-8b36-448a-b0e6-27aba52aab7b,2026-05-16T18:00:00Z,2026-05-16T20:00:00+0200,408.49,MW,FR,FR,actual_offshore_wind_generation,Wind Offshore | Actual Aggregated,2026-05-29T22:18:42Z
2026-05-29T22:17:36Z,2026-05-30T00:17:36+0200,e2390b4d-8b36-448a-b0e6-27aba52aab7b,2026-05-16T18:15:00Z,2026-05-16T20:15:00+0200,384.31,MW,FR,FR,actual_offshore_wind_generation,Wind Offshore | Actual Aggregated,2026-05-29T22:18:42Z
2026-05-29T22:17:36Z,2026-05-30T00:17:36+0200,e2390b4d-8b36-448a-b0e6-27aba52aab7b,2026-05-16T18:30:00Z,2026-05-16T20:30:00+0200,556.11,MW,FR,FR,actual_offshore_wind_generation,Wind Offshore | Actual Aggregated,2026-05-29T22:18:42Z
2026-05-29T22:17:36Z,2026-05-30T00:17:36+0200,e2390b4d-8b36-448a-b0e6-27aba52aab7b,2026-05-16T18:45:00Z,2026-05-16T20:45:00+0200,691.75,MW,FR,FR,actual_offshore_wind_generation,Wind Offshore | Actual Aggregated,2026-05-29T22:18:42Z
2026-05-29T22:17:36Z,2026-05-30T00:17:36+0200,e2390b4d-8b36-448a-b0e6-27aba52aab7b,2026-05-16T19:00:00Z,2026-05-16T21:00:00+0200,703.43,MW,FR,FR,actual_offshore_wind_generation,Wind Offshore | Actual Aggregated,2026-05-29T22:18:42Z
2026-05-29T22:17:36Z,2026-05-30T00:17:36+0200,e2390b4d-8b36-448a-b0e6-27aba52aab7b,2026-05-16T19:15:00Z,2026-05-16T21:15:00+0200,722.57,MW,FR,FR,actual_offshore_wind_generation,Wind Offshore | Actual Aggregated,2026-05-29T22:18:42Z
2026-05-29T22:17:36Z,2026-05-30T00:17:36+0200,e2390b4d-8b36-448a-b0e6-27aba52aab7b,2026-05-16T19:30:00Z,2026-05-16T21:30:00+0200,679.27,MW,FR,FR,actual_offshore_wind_generation,Wind Offshore | Actual Aggregated,2026-05-29T22:18:42Z
2026-05-29T22:17:36Z,2026-05-30T00:17:36+0200,e2390b4d-8b36-448a-b0e6-27aba52aab7b,2026-05-16T19:45:00Z,2026-05-16T21:45:00+0200,588.73,MW,FR,FR,actual_offshore_wind_generation,Wind Offshore | Actual Aggregated,2026-05-29T22:18:42Z
2026-05-29T22:17:36Z,2026-05-30T00:17:36+0200,e2390b4d-8b36-448a-b0e6-27aba52aab7b,2026-05-16T20:00:00Z,2026-05-16T22:00:00+0200,519.5,MW,FR,FR,actual_offshore_wind_generation,Wind Offshore | Actual Aggregated,2026-05-29T22:18:42Z
2026-05-29T22:17:36Z,2026-05-30T00:17:36+0200,e2390b4d-8b36-448a-b0e6-27aba52aab7b,2026-05-16T20:15:00Z,2026-05-16T22:15:00+0200,528.37,MW,FR,FR,actual_offshore_wind_generation,Wind Offshore | Actual Aggregated,2026-05-29T22:18:42Z
2026-05-29T22:17:36Z,2026-05-30T00:17:36+0200,e2390b4d-8b36-448a-b0e6-27aba52aab7b,2026-05-16T20:30:00Z,2026-05-16T22:30:00+0200,509.39,MW,FR,FR,actual_offshore_wind_generation,Wind Offshore | Actual Aggregated,2026-05-29T22:18:42Z
2026-05-29T22:17:36Z,2026-05-30T00:17:36+0200,e2390b4d-8b36-448a-b0e6-27aba52aab7b,2026-05-16T20:45:00Z,2026-05-16T22:45:00+0200,451.57,MW,FR,FR,actual_offshore_wind_generation,Wind Offshore | Actual Aggregated,2026-05-29T22:18:42Z
2026-05-29T22:17:36Z,2026-05-30T00:17:36+0200,e2390b4d-8b36-448a-b0e6-27aba52aab7b,2026-05-16T21:00:00Z,2026-05-16T23:00:00+0200,490.36,MW,FR,FR,actual_offshore_wind_generation,Wind Offshore | Actual Aggregated,2026-05-29T22:18:42Z
2026-05-29T22:17:36Z,2026-05-30T00:17:36+0200,e2390b4d-8b36-448a-b0e6-27aba52aab7b,2026-05-16T21:15:00Z,2026-05-16T23:15:00+0200,526.99,MW,FR,FR,actual_offshore_wind_generation,Wind Offshore | Actual Aggregated,2026-05-29T22:18:42Z
2026-05-29T22:17:36Z,2026-05-30T00:17:36+0200,e2390b4d-8b36-448a-b0e6-27aba52aab7b,2026-05-16T21:30:00Z,2026-05-16T23:30:00+0200,531.05,MW,FR,FR,actual_offshore_wind_generation,Wind Offshore | Actual Aggregated,2026-05-29T22:18:42Z
2026-05-29T22:17:36Z,2026-05-30T00:17:36+0200,e2390b4d-8b36-448a-b0e6-27aba52aab7b,2026-05-16T21:45:00Z,2026-05-16T23:45:00+0200,563.9,MW,FR,FR,actual_offshore_wind_generation,Wind Offshore | Actual Aggregated,2026-05-29T22:18:42Z
2026-05-29T22:17:36Z,2026-05-30T00:17:36+0200,e2390b4d-8b36-448a-b0e6-27aba52aab7b,2026-05-16T22:00:00Z,2026-05-17T00:00:00+0200,561.62,MW,FR,FR,actual_offshore_wind_generation,Wind Offshore | Actual Aggregated,2026-05-29T22:18:42Z
2026-05-29T22:17:36Z,2026-05-30T00:17:36+0200,e2390b4d-8b36-448a-b0e6-27aba52aab7b,2026-05-16T22:15:00Z,2026-05-17T00:15:00+0200,571.79,MW,FR,FR,actual_offshore_wind_generation,Wind Offshore | Actual Aggregated,2026-05-29T22:18:42Z
2026-05-29T22:17:36Z,2026-05-30T00:17:36+0200,e2390b4d-8b36-448a-b0e6-27aba52aab7b,2026-05-16T22:30:00Z,2026-05-17T00:30:00+0200,596.18,MW,FR,FR,actual_offshore_wind_generation,Wind Offshore | Actual Aggregated,2026-05-29T22:18:42Z
2026-05-29T22:17:36Z,2026-05-30T00:17:36+0200,e2390b4d-8b36-448a-b0e6-27aba52aab7b,2026-05-16T22:45:00Z,2026-05-17T00:45:00+0200,565.49,MW,FR,FR,actual_offshore_wind_generation,Wind Offshore | Actual Aggregated,2026-05-29T22:18:42Z
2026-05-29T22:17:36Z,2026-05-30T00:17:36+0200,e2390b4d-8b36-448a-b0e6-27aba52aab7b,2026-05-16T23:00:00Z,2026-05-17T01:00:00+0200,569.23,MW,FR,FR,actual_offshore_wind_generation,Wind Offshore | Actual Aggregated,2026-05-29T22:18:42Z
2026-05-29T22:17:36Z,2026-05-30T00:17:36+0200,e2390b4d-8b36-448a-b0e6-27aba52aab7b,2026-05-16T23:15:00Z,2026-05-17T01:15:00+0200,570.25,MW,FR,FR,actual_offshore_wind_generation,Wind Offshore | Actual Aggregated,2026-05-29T22:18:42Z
2026-05-29T22:17:36Z,2026-05-30T00:17:36+0200,e2390b4d-8b36-448a-b0e6-27aba52aab7b,2026-05-16T23:30:00Z,2026-05-17T01:30:00+0200,593.79,MW,FR,FR,actual_offshore_wind_generation,Wind Offshore | Actual Aggregated,2026-05-29T22:18:42Z
2026-05-29T22:17:36Z,2026-05-30T00:17:36+0200,e2390b4d-8b36-448a-b0e6-27aba52aab7b,2026-05-16T23:45:00Z,2026-05-17T01:45:00+0200,647.99,MW,FR,FR,actual_offshore_wind_generation,Wind Offshore | Actual Aggregated,2026-05-29T22:18:42Z
2026-05-29T22:17:36Z,2026-05-30T00:17:36+0200,e2390b4d-8b36-448a-b0e6-27aba52aab7b,2026-05-17T00:00:00Z,2026-05-17T02:00:00+0200,664.38,MW,FR,FR,actual_offshore_wind_generation,Wind Offshore | Actual Aggregated,2026-05-29T22:18:42Z
2026-05-29T22:17:36Z,2026-05-30T00:17:36+0200,e2390b4d-8b36-448a-b0e6-27aba52aab7b,2026-05-17T00:15:00Z,2026-05-17T02:15:00+0200,637.65,MW,FR,FR,actual_offshore_wind_generation,Wind Offshore | Actual Aggregated,2026-05-29T22:18:42Z
2026-05-29T22:17:36Z,2026-05-30T00:17:36+0200,e2390b4d-8b36-448a-b0e6-27aba52aab7b,2026-05-17T00:30:00Z,2026-05-17T02:30:00+0200,591.8,MW,FR,FR,actual_offshore_wind_generation,Wind Offshore | Actual Aggregated,2026-05-29T22:18:42Z
2026-05-29T22:17:36Z,2026-05-30T00:17:36+0200,e2390b4d-8b36-448a-b0e6-27aba52aab7b,2026-05-17T00:45:00Z,2026-05-17T02:45:00+0200,570.59,MW,FR,FR,actual_offshore_wind_generation,Wind Offshore | Actual Aggregated,2026-05-29T22:18:42Z
2026-05-29T22:17:36Z,2026-05-30T00:17:36+0200,e2390b4d-8b36-448a-b0e6-27aba52aab7b,2026-05-17T01:00:00Z,2026-05-17T03:00:00+0200,642.09,MW,FR,FR,actual_offshore_wind_generation,Wind Offshore | Actual Aggregated,2026-05-29T22:18:42Z
2026-05-29T22:17:36Z,2026-05-30T00:17:36+0200,e2390b4d-8b36-448a-b0e6-27aba52aab7b,2026-05-17T01:15:00Z,2026-05-17T03:15:00+0200,714.57,MW,FR,FR,actual_offshore_wind_generation,Wind Offshore | Actual Aggregated,2026-05-29T22:18:42Z
2026-05-29T22:17:36Z,2026-05-30T00:17:36+0200,e2390b4d-8b36-448a-b0e6-27aba52aab7b,2026-05-17T01:30:00Z,2026-05-17T03:30:00+0200,703.85,MW,FR,FR,actual_offshore_wind_generation,Wind Offshore | Actual Aggregated,2026-05-29T22:18:42Z
2026-05-29T22:17:36Z,2026-05-30T00:17:36+0200,e2390b4d-8b36-448a-b0e6-27aba52aab7b,2026-05-17T01:45:00Z,2026-05-17T03:45:00+0200,719.94,MW,FR,FR,actual_offshore_wind_generation,Wind Offshore | Actual Aggregated,2026-05-29T22:18:42Z
2026-05-29T22:17:36Z,2026-05-30T00:17:36+0200,e2390b4d-8b36-448a-b0e6-27aba52aab7b,2026-05-17T02:00:00Z,2026-05-17T04:00:00+0200,601.03,MW,FR,FR,actual_offshore_wind_generation,Wind Offshore | Actual Aggregated,2026-05-29T22:18:42Z
2026-05-29T22:17:36Z,2026-05-30T00:17:36+0200,e2390b4d-8b36-448a-b0e6-27aba52aab7b,2026-05-17T02:15:00Z,2026-05-17T04:15:00+0200,596.34,MW,FR,FR,actual_offshore_wind_generation,Wind Offshore | Actual Aggregated,2026-05-29T22:18:42Z
2026-05-29T22:17:36Z,2026-05-30T00:17:36+0200,e2390b4d-8b36-448a-b0e6-27aba52aab7b,2026-05-17T02:30:00Z,2026-05-17T04:30:00+0200,551.1,MW,FR,FR,actual_offshore_wind_generation,Wind Offshore | Actual Aggregated,2026-05-29T22:18:42Z
2026-05-29T22:17:36Z,2026-05-30T00:17:36+0200,e2390b4d-8b36-448a-b0e6-27aba52aab7b,2026-05-17T02:45:00Z,2026-05-17T04:45:00+0200,595.79,MW,FR,FR,actual_offshore_wind_generation,Wind Offshore | Actual Aggregated,2026-05-29T22:18:42Z
2026-05-29T22:17:36Z,2026-05-30T00:17:36+0200,e2390b4d-8b36-448a-b0e6-27aba52aab7b,2026-05-17T03:00:00Z,2026-05-17T05:00:00+0200,647.26,MW,FR,FR,actual_offshore_wind_generation,Wind Offshore | Actual Aggregated,2026-05-29T22:18:42Z
2026-05-29T22:17:36Z,2026-05-30T00:17:36+0200,e2390b4d-8b36-448a-b0e6-27aba52aab7b,2026-05-17T03:15:00Z,2026-05-17T05:15:00+0200,696.12,MW,FR,FR,actual_offshore_wind_generation,Wind Offshore | Actual Aggregated,2026-05-29T22:18:42Z
2026-05-29T22:17:36Z,2026-05-30T00:17:36+0200,e2390b4d-8b36-448a-b0e6-27aba52aab7b,2026-05-17T03:30:00Z,2026-05-17T05:30:00+0200,659.48,MW,FR,FR,actual_offshore_wind_generation,Wind Offshore | Actual Aggregated,2026-05-29T22:18:42Z
2026-05-29T22:17:36Z,2026-05-30T00:17:36+0200,e2390b4d-8b36-448a-b0e6-27aba52aab7b,2026-05-17T03:45:00Z,2026-05-17T05:45:00+0200,636.77,MW,FR,FR,actual_offshore_wind_generation,Wind Offshore | Actual Aggregated,2026-05-29T22:18:42Z
2026-05-29T22:17:36Z,2026-05-30T00:17:36+0200,e2390b4d-8b36-448a-b0e6-27aba52aab7b,2026-05-17T04:00:00Z,2026-05-17T06:00:00+0200,717.43,MW,FR,FR,actual_offshore_wind_generation,Wind Offshore | Actual Aggregated,2026-05-29T22:18:42Z
2026-05-29T22:17:36Z,2026-05-30T00:17:36+0200,e2390b4d-8b36-448a-b0e6-27aba52aab7b,2026-05-17T04:15:00Z,2026-05-17T06:15:00+0200,680.54,MW,FR,FR,actual_offshore_wind_generation,Wind Offshore | Actual Aggregated,2026-05-29T22:18:42Z
2026-05-29T22:17:36Z,2026-05-30T00:17:36+0200,e2390b4d-8b36-448a-b0e6-27aba52aab7b,2026-05-17T04:30:00Z,2026-05-17T06:30:00+0200,551.94,MW,FR,FR,actual_offshore_wind_generation,Wind Offshore | Actual Aggregated,2026-05-29T22:18:42Z
2026-05-29T22:17:36Z,2026-05-30T00:17:36+0200,e2390b4d-8b36-448a-b0e6-27aba52aab7b,2026-05-17T04:45:00Z,2026-05-17T06:45:00+0200,445.05,MW,FR,FR,actual_offshore_wind_generation,Wind Offshore | Actual Aggregated,2026-05-29T22:18:42Z
2026-05-29T22:17:36Z,2026-05-30T00:17:36+0200,e2390b4d-8b36-448a-b0e6-27aba52aab7b,2026-05-17T05:00:00Z,2026-05-17T07:00:00+0200,413.68,MW,FR,FR,actual_offshore_wind_generation,Wind Offshore | Actual Aggregated,2026-05-29T22:18:42Z
2026-05-29T22:17:36Z,2026-05-30T00:17:36+0200,e2390b4d-8b36-448a-b0e6-27aba52aab7b,2026-05-17T05:15:00Z,2026-05-17T07:15:00+0200,427.88,MW,FR,FR,actual_offshore_wind_generation,Wind Offshore | Actual Aggregated,2026-05-29T22:18:42Z
2026-05-29T22:17:36Z,2026-05-30T00:17:36+0200,e2390b4d-8b36-448a-b0e6-27aba52aab7b,2026-05-17T05:30:00Z,2026-05-17T07:30:00+0200,486.4,MW,FR,FR,actual_offshore_wind_generation,Wind Offshore | Actual Aggregated,2026-05-29T22:18:42Z
2026-05-29T22:17:36Z,2026-05-30T00:17:36+0200,e2390b4d-8b36-448a-b0e6-27aba52aab7b,2026-05-17T05:45:00Z,2026-05-17T07:45:00+0200,494.17,MW,FR,FR,actual_offshore_wind_generation,Wind Offshore | Actual Aggregated,2026-05-29T22:18:42Z
2026-05-29T22:17:36Z,2026-05-30T00:17:36+0200,e2390b4d-8b36-448a-b0e6-27aba52aab7b,2026-05-17T06:00:00Z,2026-05-17T08:00:00+0200,459.35,MW,FR,FR,actual_offshore_wind_generation,Wind Offshore | Actual Aggregated,2026-05-29T22:18:42Z
2026-05-29T22:17:36Z,2026-05-30T00:17:36+0200,e2390b4d-8b36-448a-b0e6-27aba52aab7b,2026-05-17T06:15:00Z,2026-05-17T08:15:00+0200,451.28,MW,FR,FR,actual_offshore_wind_generation,Wind Offshore | Actual Aggregated,2026-05-29T22:18:42Z
2026-05-29T22:17:36Z,2026-05-30T00:17:36+0200,e2390b4d-8b36-448a-b0e6-27aba52aab7b,2026-05-17T06:30:00Z,2026-05-17T08:30:00+0200,438.93,MW,FR,FR,actual_offshore_wind_generation,Wind Offshore | Actual Aggregated,2026-05-29T22:18:42Z
2026-05-29T22:17:36Z,2026-05-30T00:17:36+0200,e2390b4d-8b36-448a-b0e6-27aba52aab7b,2026-05-17T06:45:00Z,2026-05-17T08:45:00+0200,472.91,MW,FR,FR,actual_offshore_wind_generation,Wind Offshore | Actual Aggregated,2026-05-29T22:18:42Z
2026-05-29T22:17:36Z,2026-05-30T00:17:36+0200,e2390b4d-8b36-448a-b0e6-27aba52aab7b,2026-05-17T07:00:00Z,2026-05-17T09:00:00+0200,461.5,MW,FR,FR,actual_offshore_wind_generation,Wind Offshore | Actual Aggregated,2026-05-29T22:18:42Z
2026-05-29T22:17:36Z,2026-05-30T00:17:36+0200,e2390b4d-8b36-448a-b0e6-27aba52aab7b,2026-05-17T07:15:00Z,2026-05-17T09:15:00+0200,340.8,MW,FR,FR,actual_offshore_wind_generation,Wind Offshore | Actual Aggregated,2026-05-29T22:18:42Z
2026-05-29T22:17:36Z,2026-05-30T00:17:36+0200,e2390b4d-8b36-448a-b0e6-27aba52aab7b,2026-05-17T07:30:00Z,2026-05-17T09:30:00+0200,277.57,MW,FR,FR,actual_offshore_wind_generation,Wind Offshore | Actual Aggregated,2026-05-29T22:18:42Z
2026-05-29T22:17:36Z,2026-05-30T00:17:36+0200,e2390b4d-8b36-448a-b0e6-27aba52aab7b,2026-05-17T07:45:00Z,2026-05-17T09:45:00+0200,212.66,MW,FR,FR,actual_offshore_wind_generation,Wind Offshore | Actual Aggregated,2026-05-29T22:18:42Z
2026-05-29T22:17:36Z,2026-05-30T00:17:36+0200,e2390b4d-8b36-448a-b0e6-27aba52aab7b,2026-05-17T08:00:00Z,2026-05-17T10:00:00+0200,172.04,MW,FR,FR,actual_offshore_wind_generation,Wind Offshore | Actual Aggregated,2026-05-29T22:18:42Z
2026-05-29T22:17:36Z,2026-05-30T00:17:36+0200,e2390b4d-8b36-448a-b0e6-27aba52aab7b,2026-05-17T08:15:00Z,2026-05-17T10:15:00+0200,159.47,MW,FR,FR,actual_offshore_wind_generation,Wind Offshore | Actual Aggregated,2026-05-29T22:18:42Z
2026-05-29T22:17:36Z,2026-05-30T00:17:36+0200,e2390b4d-8b36-448a-b0e6-27aba52aab7b,2026-05-17T08:30:00Z,2026-05-17T10:30:00+0200,167.26,MW,FR,FR,actual_offshore_wind_generation,Wind Offshore | Actual Aggregated,2026-05-29T22:18:42Z
2026-05-29T22:17:36Z,2026-05-30T00:17:36+0200,e2390b4d-8b36-448a-b0e6-27aba52aab7b,2026-05-17T08:45:00Z,2026-05-17T10:45:00+0200,166.46,MW,FR,FR,actual_offshore_wind_generation,Wind Offshore | Actual Aggregated,2026-05-29T22:18:42Z
2026-05-29T22:17:36Z,2026-05-30T00:17:36+0200,e2390b4d-8b36-448a-b0e6-27aba52aab7b,2026-05-17T09:00:00Z,2026-05-17T11:00:00+0200,168.2,MW,FR,FR,actual_offshore_wind_generation,Wind Offshore | Actual Aggregated,2026-05-29T22:18:42Z
2026-05-29T22:17:36Z,2026-05-30T00:17:36+0200,e2390b4d-8b36-448a-b0e6-27aba52aab7b,2026-05-17T09:15:00Z,2026-05-17T11:15:00+0200,160.41,MW,FR,FR,actual_offshore_wind_generation,Wind Offshore | Actual Aggregated,2026-05-29T22:18:42Z
2026-05-29T22:17:36Z,2026-05-30T00:17:36+0200,e2390b4d-8b36-448a-b0e6-27aba52aab7b,2026-05-17T09:30:00Z,2026-05-17T11:30:00+0200,143.03,MW,FR,FR,actual_offshore_wind_generation,Wind Offshore | Actual Aggregated,2026-05-29T22:18:42Z
2026-05-29T22:17:36Z,2026-05-30T00:17:36+0200,e2390b4d-8b36-448a-b0e6-27aba52aab7b,2026-05-17T09:45:00Z,2026-05-17T11:45:00+0200,145.2,MW,FR,FR,actual_offshore_wind_generation,Wind Offshore | Actual Aggregated,2026-05-29T22:18:42Z
2026-05-29T22:17:36Z,2026-05-30T00:17:36+0200,e2390b4d-8b36-448a-b0e6-27aba52aab7b,2026-05-17T10:00:00Z,2026-05-17T12:00:00+0200,156.47,MW,FR,FR,actual_offshore_wind_generation,Wind Offshore | Actual Aggregated,2026-05-29T22:18:42Z
2026-05-29T22:17:36Z,2026-05-30T00:17:36+0200,e2390b4d-8b36-448a-b0e6-27aba52aab7b,2026-05-17T10:15:00Z,2026-05-17T12:15:00+0200,170.71,MW,FR,FR,actual_offshore_wind_generation,Wind Offshore | Actual Aggregated,2026-05-29T22:18:42Z
2026-05-29T22:17:36Z,2026-05-30T00:17:36+0200,e2390b4d-8b36-448a-b0e6-27aba52aab7b,2026-05-17T10:30:00Z,2026-05-17T12:30:00+0200,175.57,MW,FR,FR,actual_offshore_wind_generation,Wind Offshore | Actual Aggregated,2026-05-29T22:18:42Z
2026-05-29T22:17:36Z,2026-05-30T00:17:36+0200,e2390b4d-8b36-448a-b0e6-27aba52aab7b,2026-05-17T10:45:00Z,2026-05-17T12:45:00+0200,163.11,MW,FR,FR,actual_offshore_wind_generation,Wind Offshore | Actual Aggregated,2026-05-29T22:18:42Z
2026-05-29T22:17:36Z,2026-05-30T00:17:36+0200,e2390b4d-8b36-448a-b0e6-27aba52aab7b,2026-05-17T11:00:00Z,2026-05-17T13:00:00+0200,142.46,MW,FR,FR,actual_offshore_wind_generation,Wind Offshore | Actual Aggregated,2026-05-29T22:18:42Z
2026-05-29T22:17:36Z,2026-05-30T00:17:36+0200,e2390b4d-8b36-448a-b0e6-27aba52aab7b,2026-05-17T11:15:00Z,2026-05-17T13:15:00+0200,139.46,MW,FR,FR,actual_offshore_wind_generation,Wind Offshore | Actual Aggregated,2026-05-29T22:18:42Z
2026-05-29T22:17:36Z,2026-05-30T00:17:36+0200,e2390b4d-8b36-448a-b0e6-27aba52aab7b,2026-05-17T11:30:00Z,2026-05-17T13:30:00+0200,159.5,MW,FR,FR,actual_offshore_wind_generation,Wind Offshore | Actual Aggregated,2026-05-29T22:18:42Z
2026-05-29T22:17:36Z,2026-05-30T00:17:36+0200,e2390b4d-8b36-448a-b0e6-27aba52aab7b,2026-05-17T11:45:00Z,2026-05-17T13:45:00+0200,158.77,MW,FR,FR,actual_offshore_wind_generation,Wind Offshore | Actual Aggregated,2026-05-29T22:18:42Z
2026-05-29T22:17:36Z,2026-05-30T00:17:36+0200,e2390b4d-8b36-448a-b0e6-27aba52aab7b,2026-05-17T12:00:00Z,2026-05-17T14:00:00+0200,148.57,MW,FR,FR,actual_offshore_wind_generation,Wind Offshore | Actual Aggregated,2026-05-29T22:18:42Z
2026-05-29T22:17:36Z,2026-05-30T00:17:36+0200,e2390b4d-8b36-448a-b0e6-27aba52aab7b,2026-05-17T12:15:00Z,2026-05-17T14:15:00+0200,145.37,MW,FR,FR,actual_offshore_wind_generation,Wind Offshore | Actual Aggregated,2026-05-29T22:18:42Z
2026-05-29T22:17:36Z,2026-05-30T00:17:36+0200,e2390b4d-8b36-448a-b0e6-27aba52aab7b,2026-05-17T12:30:00Z,2026-05-17T14:30:00+0200,155.68,MW,FR,FR,actual_offshore_wind_generation,Wind Offshore | Actual Aggregated,2026-05-29T22:18:42Z
2026-05-29T22:17:36Z,2026-05-30T00:17:36+0200,e2390b4d-8b36-448a-b0e6-27aba52aab7b,2026-05-17T12:45:00Z,2026-05-17T14:45:00+0200,165.36,MW,FR,FR,actual_offshore_wind_generation,Wind Offshore | Actual Aggregated,2026-05-29T22:18:42Z
2026-05-29T22:17:36Z,2026-05-30T00:17:36+0200,e2390b4d-8b36-448a-b0e6-27aba52aab7b,2026-05-17T13:00:00Z,2026-05-17T15:00:00+0200,181.77,MW,FR,FR,actual_offshore_wind_generation,Wind Offshore | Actual Aggregated,2026-05-29T22:18:42Z
2026-05-29T22:17:36Z,2026-05-30T00:17:36+0200,e2390b4d-8b36-448a-b0e6-27aba52aab7b,2026-05-17T13:15:00Z,2026-05-17T15:15:00+0200,199.26,MW,FR,FR,actual_offshore_wind_generation,Wind Offshore | Actual Aggregated,2026-05-29T22:18:42Z
2026-05-29T22:17:36Z,2026-05-30T00:17:36+0200,e2390b4d-8b36-448a-b0e6-27aba52aab7b,2026-05-17T13:30:00Z,2026-05-17T15:30:00+0200,211.78,MW,FR,FR,actual_offshore_wind_generation,Wind Offshore | Actual Aggregated,2026-05-29T22:18:42Z
2026-05-29T22:17:36Z,2026-05-30T00:17:36+0200,e2390b4d-8b36-448a-b0e6-27aba52aab7b,2026-05-17T13:45:00Z,2026-05-17T15:45:00+0200,269.81,MW,FR,FR,actual_offshore_wind_generation,Wind Offshore | Actual Aggregated,2026-05-29T22:18:42Z
2026-05-29T22:17:36Z,2026-05-30T00:17:36+0200,e2390b4d-8b36-448a-b0e6-27aba52aab7b,2026-05-17T14:00:00Z,2026-05-17T16:00:00+0200,328.93,MW,FR,FR,actual_offshore_wind_generation,Wind Offshore | Actual Aggregated,2026-05-29T22:18:42Z
2026-05-29T22:17:36Z,2026-05-30T00:17:36+0200,e2390b4d-8b36-448a-b0e6-27aba52aab7b,2026-05-17T14:15:00Z,2026-05-17T16:15:00+0200,342.08,MW,FR,FR,actual_offshore_wind_generation,Wind Offshore | Actual Aggregated,2026-05-29T22:18:42Z
2026-05-29T22:17:36Z,2026-05-30T00:17:36+0200,e2390b4d-8b36-448a-b0e6-27aba52aab7b,2026-05-17T14:30:00Z,2026-05-17T16:30:00+0200,631.2,MW,FR,FR,actual_offshore_wind_generation,Wind Offshore | Actual Aggregated,2026-05-29T22:18:42Z
2026-05-29T22:17:36Z,2026-05-30T00:17:36+0200,e2390b4d-8b36-448a-b0e6-27aba52aab7b,2026-05-17T14:45:00Z,2026-05-17T16:45:00+0200,634.79,MW,FR,FR,actual_offshore_wind_generation,Wind Offshore | Actual Aggregated,2026-05-29T22:18:42Z
2026-05-29T22:17:36Z,2026-05-30T00:17:36+0200,e2390b4d-8b36-448a-b0e6-27aba52aab7b,2026-05-17T15:00:00Z,2026-05-17T17:00:00+0200,679.34,MW,FR,FR,actual_offshore_wind_generation,Wind Offshore | Actual Aggregated,2026-05-29T22:18:42Z
2026-05-29T22:17:36Z,2026-05-30T00:17:36+0200,e2390b4d-8b36-448a-b0e6-27aba52aab7b,2026-05-17T15:15:00Z,2026-05-17T17:15:00+0200,730.6,MW,FR,FR,actual_offshore_wind_generation,Wind Offshore | Actual Aggregated,2026-05-29T22:18:42Z
2026-05-29T22:17:36Z,2026-05-30T00:17:36+0200,e2390b4d-8b36-448a-b0e6-27aba52aab7b,2026-05-17T15:30:00Z,2026-05-17T17:30:00+0200,733.09,MW,FR,FR,actual_offshore_wind_generation,Wind Offshore | Actual Aggregated,2026-05-29T22:18:42Z
2026-05-29T22:17:36Z,2026-05-30T00:17:36+0200,e2390b4d-8b36-448a-b0e6-27aba52aab7b,2026-05-17T15:45:00Z,2026-05-17T17:45:00+0200,705.85,MW,FR,FR,actual_offshore_wind_generation,Wind Offshore | Actual Aggregated,2026-05-29T22:18:42Z
2026-05-29T22:17:36Z,2026-05-30T00:17:36+0200,e2390b4d-8b36-448a-b0e6-27aba52aab7b,2026-05-17T16:00:00Z,2026-05-17T18:00:00+0200,789.1,MW,FR,FR,actual_offshore_wind_generation,Wind Offshore | Actual Aggregated,2026-05-29T22:18:42Z
2026-05-29T22:17:36Z,2026-05-30T00:17:36+0200,e2390b4d-8b36-448a-b0e6-27aba52aab7b,2026-05-17T16:15:00Z,2026-05-17T18:15:00+0200,812.32,MW,FR,FR,actual_offshore_wind_generation,Wind Offshore | Actual Aggregated,2026-05-29T22:18:42Z
2026-05-29T22:17:36Z,2026-05-30T00:17:36+0200,e2390b4d-8b36-448a-b0e6-27aba52aab7b,2026-05-17T16:30:00Z,2026-05-17T18:30:00+0200,704.36,MW,FR,FR,actual_offshore_wind_generation,Wind Offshore | Actual Aggregated,2026-05-29T22:18:42Z
2026-05-29T22:17:36Z,2026-05-30T00:17:36+0200,e2390b4d-8b36-448a-b0e6-27aba52aab7b,2026-05-17T16:45:00Z,2026-05-17T18:45:00+0200,649.86,MW,FR,FR,actual_offshore_wind_generation,Wind Offshore | Actual Aggregated,2026-05-29T22:18:42Z
2026-05-29T22:17:36Z,2026-05-30T00:17:36+0200,e2390b4d-8b36-448a-b0e6-27aba52aab7b,2026-05-17T17:00:00Z,2026-05-17T19:00:00+0200,639.74,MW,FR,FR,actual_offshore_wind_generation,Wind Offshore | Actual Aggregated,2026-05-29T22:18:42Z
2026-05-29T22:17:36Z,2026-05-30T00:17:36+0200,e2390b4d-8b36-448a-b0e6-27aba52aab7b,2026-05-17T17:15:00Z,2026-05-17T19:15:00+0200,684.84,MW,FR,FR,actual_offshore_wind_generation,Wind Offshore | Actual Aggregated,2026-05-29T22:18:42Z
2026-05-29T22:17:36Z,2026-05-30T00:17:36+0200,e2390b4d-8b36-448a-b0e6-27aba52aab7b,2026-05-17T17:30:00Z,2026-05-17T19:30:00+0200,787.97,MW,FR,FR,actual_offshore_wind_generation,Wind Offshore | Actual Aggregated,2026-05-29T22:18:42Z
2026-05-29T22:17:36Z,2026-05-30T00:17:36+0200,e2390b4d-8b36-448a-b0e6-27aba52aab7b,2026-05-17T17:45:00Z,2026-05-17T19:45:00+0200,894.04,MW,FR,FR,actual_offshore_wind_generation,Wind Offshore | Actual Aggregated,2026-05-29T22:18:42Z
2026-05-29T22:17:36Z,2026-05-30T00:17:36+0200,e2390b4d-8b36-448a-b0e6-27aba52aab7b,2026-05-17T18:00:00Z,2026-05-17T20:00:00+0200,943.26,MW,FR,FR,actual_offshore_wind_generation,Wind Offshore | Actual Aggregated,2026-05-29T22:18:42Z
2026-05-29T22:17:36Z,2026-05-30T00:17:36+0200,e2390b4d-8b36-448a-b0e6-27aba52aab7b,2026-05-17T18:15:00Z,2026-05-17T20:15:00+0200,896.82,MW,FR,FR,actual_offshore_wind_generation,Wind Offshore | Actual Aggregated,2026-05-29T22:18:42Z
2026-05-29T22:17:36Z,2026-05-30T00:17:36+0200,e2390b4d-8b36-448a-b0e6-27aba52aab7b,2026-05-17T18:30:00Z,2026-05-17T20:30:00+0200,863.63,MW,FR,FR,actual_offshore_wind_generation,Wind Offshore | Actual Aggregated,2026-05-29T22:18:42Z
2026-05-29T22:17:36Z,2026-05-30T00:17:36+0200,e2390b4d-8b36-448a-b0e6-27aba52aab7b,2026-05-17T18:45:00Z,2026-05-17T20:45:00+0200,856.53,MW,FR,FR,actual_offshore_wind_generation,Wind Offshore | Actual Aggregated,2026-05-29T22:18:42Z
2026-05-29T22:17:36Z,2026-05-30T00:17:36+0200,e2390b4d-8b36-448a-b0e6-27aba52aab7b,2026-05-17T19:00:00Z,2026-05-17T21:00:00+0200,876.95,MW,FR,FR,actual_offshore_wind_generation,Wind Offshore | Actual Aggregated,2026-05-29T22:18:42Z
2026-05-29T22:17:36Z,2026-05-30T00:17:36+0200,e2390b4d-8b36-448a-b0e6-27aba52aab7b,2026-05-17T19:15:00Z,2026-05-17T21:15:00+0200,975.47,MW,FR,FR,actual_offshore_wind_generation,Wind Offshore | Actual Aggregated,2026-05-29T22:18:42Z
2026-05-29T22:17:36Z,2026-05-30T00:17:36+0200,e2390b4d-8b36-448a-b0e6-27aba52aab7b,2026-05-17T19:30:00Z,2026-05-17T21:30:00+0200,934.22,MW,FR,FR,actual_offshore_wind_generation,Wind Offshore | Actual Aggregated,2026-05-29T22:18:42Z
2026-05-29T22:17:36Z,2026-05-30T00:17:36+0200,e2390b4d-8b36-448a-b0e6-27aba52aab7b,2026-05-17T19:45:00Z,2026-05-17T21:45:00+0200,872.39,MW,FR,FR,actual_offshore_wind_generation,Wind Offshore | Actual Aggregated,2026-05-29T22:18:42Z
2026-05-29T22:17:36Z,2026-05-30T00:17:36+0200,e2390b4d-8b36-448a-b0e6-27aba52aab7b,2026-05-17T20:00:00Z,2026-05-17T22:00:00+0200,824.01,MW,FR,FR,actual_offshore_wind_generation,Wind Offshore | Actual Aggregated,2026-05-29T22:18:42Z
2026-05-29T22:17:36Z,2026-05-30T00:17:36+0200,e2390b4d-8b36-448a-b0e6-27aba52aab7b,2026-05-17T20:15:00Z,2026-05-17T22:15:00+0200,795.93,MW,FR,FR,actual_offshore_wind_generation,Wind Offshore | Actual Aggregated,2026-05-29T22:18:42Z
2026-05-29T22:17:36Z,2026-05-30T00:17:36+0200,e2390b4d-8b36-448a-b0e6-27aba52aab7b,2026-05-17T20:30:00Z,2026-05-17T22:30:00+0200,804.43,MW,FR,FR,actual_offshore_wind_generation,Wind Offshore | Actual Aggregated,2026-05-29T22:18:42Z
2026-05-29T22:17:36Z,2026-05-30T00:17:36+0200,e2390b4d-8b36-448a-b0e6-27aba52aab7b,2026-05-17T20:45:00Z,2026-05-17T22:45:00+0200,726.99,MW,FR,FR,actual_offshore_wind_generation,Wind Offshore | Actual Aggregated,2026-05-29T22:18:42Z
2026-05-29T22:17:36Z,2026-05-30T00:17:36+0200,e2390b4d-8b36-448a-b0e6-27aba52aab7b,2026-05-17T21:00:00Z,2026-05-17T23:00:00+0200,701.84,MW,FR,FR,actual_offshore_wind_generation,Wind Offshore | Actual Aggregated,2026-05-29T22:18:42Z
2026-05-29T22:17:36Z,2026-05-30T00:17:36+0200,e2390b4d-8b36-448a-b0e6-27aba52aab7b,2026-05-17T21:15:00Z,2026-05-17T23:15:00+0200,678.69,MW,FR,FR,actual_offshore_wind_generation,Wind Offshore | Actual Aggregated,2026-05-29T22:18:42Z
2026-05-29T22:17:36Z,2026-05-30T00:17:36+0200,e2390b4d-8b36-448a-b0e6-27aba52aab7b,2026-05-17T21:30:00Z,2026-05-17T23:30:00+0200,689.47,MW,FR,FR,actual_offshore_wind_generation,Wind Offshore | Actual Aggregated,2026-05-29T22:18:42Z
2026-05-29T22:17:36Z,2026-05-30T00:17:36+0200,e2390b4d-8b36-448a-b0e6-27aba52aab7b,2026-05-17T21:45:00Z,2026-05-17T23:45:00+0200,743.22,MW,FR,FR,actual_offshore_wind_generation,Wind Offshore | Actual Aggregated,2026-05-29T22:18:42Z
2026-05-29T22:17:36Z,2026-05-30T00:17:36+0200,e2390b4d-8b36-448a-b0e6-27aba52aab7b,2026-05-17T22:00:00Z,2026-05-18T00:00:00+0200,746.49,MW,FR,FR,actual_offshore_wind_generation,Wind Offshore | Actual Aggregated,2026-05-29T22:18:42Z
2026-05-29T22:17:36Z,2026-05-30T00:17:36+0200,e2390b4d-8b36-448a-b0e6-27aba52aab7b,2026-05-17T22:15:00Z,2026-05-18T00:15:00+0200,738.19,MW,FR,FR,actual_offshore_wind_generation,Wind Offshore | Actual Aggregated,2026-05-29T22:18:42Z
2026-05-29T22:17:36Z,2026-05-30T00:17:36+0200,e2390b4d-8b36-448a-b0e6-27aba52aab7b,2026-05-17T22:30:00Z,2026-05-18T00:30:00+0200,787.35,MW,FR,FR,actual_offshore_wind_generation,Wind Offshore | Actual Aggregated,2026-05-29T22:18:42Z
2026-05-29T22:17:36Z,2026-05-30T00:17:36+0200,e2390b4d-8b36-448a-b0e6-27aba52aab7b,2026-05-17T22:45:00Z,2026-05-18T00:45:00+0200,736.67,MW,FR,FR,actual_offshore_wind_generation,Wind Offshore | Actual Aggregated,2026-05-29T22:18:42Z
2026-05-29T22:17:36Z,2026-05-30T00:17:36+0200,e2390b4d-8b36-448a-b0e6-27aba52aab7b,2026-05-17T23:00:00Z,2026-05-18T01:00:00+0200,712.35,MW,FR,FR,actual_offshore_wind_generation,Wind Offshore | Actual Aggregated,2026-05-29T22:18:42Z
2026-05-29T22:17:36Z,2026-05-30T00:17:36+0200,e2390b4d-8b36-448a-b0e6-27aba52aab7b,2026-05-17T23:15:00Z,2026-05-18T01:15:00+0200,622.39,MW,FR,FR,actual_offshore_wind_generation,Wind Offshore | Actual Aggregated,2026-05-29T22:18:42Z
2026-05-29T22:17:36Z,2026-05-30T00:17:36+0200,e2390b4d-8b36-448a-b0e6-27aba52aab7b,2026-05-17T23:30:00Z,2026-05-18T01:30:00+0200,671.02,MW,FR,FR,actual_offshore_wind_generation,Wind Offshore | Actual Aggregated,2026-05-29T22:18:42Z
2026-05-29T22:17:36Z,2026-05-30T00:17:36+0200,e2390b4d-8b36-448a-b0e6-27aba52aab7b,2026-05-17T23:45:00Z,2026-05-18T01:45:00+0200,802.49,MW,FR,FR,actual_offshore_wind_generation,Wind Offshore | Actual Aggregated,2026-05-29T22:18:42Z
2026-05-29T22:17:36Z,2026-05-30T00:17:36+0200,e2390b4d-8b36-448a-b0e6-27aba52aab7b,2026-05-18T00:00:00Z,2026-05-18T02:00:00+0200,667.3,MW,FR,FR,actual_offshore_wind_generation,Wind Offshore | Actual Aggregated,2026-05-29T22:18:42Z
2026-05-29T22:17:36Z,2026-05-30T00:17:36+0200,e2390b4d-8b36-448a-b0e6-27aba52aab7b,2026-05-18T00:15:00Z,2026-05-18T02:15:00+0200,603.32,MW,FR,FR,actual_offshore_wind_generation,Wind Offshore | Actual Aggregated,2026-05-29T22:18:42Z
2026-05-29T22:17:36Z,2026-05-30T00:17:36+0200,e2390b4d-8b36-448a-b0e6-27aba52aab7b,2026-05-18T00:30:00Z,2026-05-18T02:30:00+0200,561.05,MW,FR,FR,actual_offshore_wind_generation,Wind Offshore | Actual Aggregated,2026-05-29T22:18:42Z
2026-05-29T22:17:36Z,2026-05-30T00:17:36+0200,e2390b4d-8b36-448a-b0e6-27aba52aab7b,2026-05-18T00:45:00Z,2026-05-18T02:45:00+0200,576.6,MW,FR,FR,actual_offshore_wind_generation,Wind Offshore | Actual Aggregated,2026-05-29T22:18:42Z
2026-05-29T22:17:36Z,2026-05-30T00:17:36+0200,e2390b4d-8b36-448a-b0e6-27aba52aab7b,2026-05-18T01:00:00Z,2026-05-18T03:00:00+0200,464.45,MW,FR,FR,actual_offshore_wind_generation,Wind Offshore | Actual Aggregated,2026-05-29T22:18:42Z
2026-05-29T22:17:36Z,2026-05-30T00:17:36+0200,e2390b4d-8b36-448a-b0e6-27aba52aab7b,2026-05-18T01:15:00Z,2026-05-18T03:15:00+0200,417.58,MW,FR,FR,actual_offshore_wind_generation,Wind Offshore | Actual Aggregated,2026-05-29T22:18:42Z
2026-05-29T22:17:36Z,2026-05-30T00:17:36+0200,e2390b4d-8b36-448a-b0e6-27aba52aab7b,2026-05-18T01:30:00Z,2026-05-18T03:30:00+0200,411.15,MW,FR,FR,actual_offshore_wind_generation,Wind Offshore | Actual Aggregated,2026-05-29T22:18:42Z
2026-05-29T22:17:36Z,2026-05-30T00:17:36+0200,e2390b4d-8b36-448a-b0e6-27aba52aab7b,2026-05-18T01:45:00Z,2026-05-18T03:45:00+0200,364.31,MW,FR,FR,actual_offshore_wind_generation,Wind Offshore | Actual Aggregated,2026-05-29T22:18:42Z
2026-05-29T22:17:36Z,2026-05-30T00:17:36+0200,e2390b4d-8b36-448a-b0e6-27aba52aab7b,2026-05-18T02:00:00Z,2026-05-18T04:00:00+0200,336.13,MW,FR,FR,actual_offshore_wind_generation,Wind Offshore | Actual Aggregated,2026-05-29T22:18:42Z
2026-05-29T22:17:36Z,2026-05-30T00:17:36+0200,e2390b4d-8b36-448a-b0e6-27aba52aab7b,2026-05-18T02:15:00Z,2026-05-18T04:15:00+0200,355.25,MW,FR,FR,actual_offshore_wind_generation,Wind Offshore | Actual Aggregated,2026-05-29T22:18:42Z
2026-05-29T22:17:36Z,2026-05-30T00:17:36+0200,e2390b4d-8b36-448a-b0e6-27aba52aab7b,2026-05-18T02:30:00Z,2026-05-18T04:30:00+0200,391.99,MW,FR,FR,actual_offshore_wind_generation,Wind Offshore | Actual Aggregated,2026-05-29T22:18:42Z
2026-05-29T22:17:36Z,2026-05-30T00:17:36+0200,e2390b4d-8b36-448a-b0e6-27aba52aab7b,2026-05-18T02:45:00Z,2026-05-18T04:45:00+0200,414.86,MW,FR,FR,actual_offshore_wind_generation,Wind Offshore | Actual Aggregated,2026-05-29T22:18:42Z
2026-05-29T22:17:36Z,2026-05-30T00:17:36+0200,e2390b4d-8b36-448a-b0e6-27aba52aab7b,2026-05-18T03:00:00Z,2026-05-18T05:00:00+0200,414.08,MW,FR,FR,actual_offshore_wind_generation,Wind Offshore | Actual Aggregated,2026-05-29T22:18:42Z
2026-05-29T22:17:36Z,2026-05-30T00:17:36+0200,e2390b4d-8b36-448a-b0e6-27aba52aab7b,2026-05-18T03:15:00Z,2026-05-18T05:15:00+0200,353.69,MW,FR,FR,actual_offshore_wind_generation,Wind Offshore | Actual Aggregated,2026-05-29T22:18:42Z
2026-05-29T22:17:36Z,2026-05-30T00:17:36+0200,e2390b4d-8b36-448a-b0e6-27aba52aab7b,2026-05-18T03:30:00Z,2026-05-18T05:30:00+0200,341.79,MW,FR,FR,actual_offshore_wind_generation,Wind Offshore | Actual Aggregated,2026-05-29T22:18:42Z
2026-05-29T22:17:36Z,2026-05-30T00:17:36+0200,e2390b4d-8b36-448a-b0e6-27aba52aab7b,2026-05-18T03:45:00Z,2026-05-18T05:45:00+0200,301.8,MW,FR,FR,actual_offshore_wind_generation,Wind Offshore | Actual Aggregated,2026-05-29T22:18:42Z
2026-05-29T22:17:36Z,2026-05-30T00:17:36+0200,e2390b4d-8b36-448a-b0e6-27aba52aab7b,2026-05-18T04:00:00Z,2026-05-18T06:00:00+0200,215.94,MW,FR,FR,actual_offshore_wind_generation,Wind Offshore | Actual Aggregated,2026-05-29T22:18:42Z
2026-05-29T22:17:36Z,2026-05-30T00:17:36+0200,e2390b4d-8b36-448a-b0e6-27aba52aab7b,2026-05-18T04:15:00Z,2026-05-18T06:15:00+0200,240.32,MW,FR,FR,actual_offshore_wind_generation,Wind Offshore | Actual Aggregated,2026-05-29T22:18:42Z
2026-05-29T22:17:36Z,2026-05-30T00:17:36+0200,e2390b4d-8b36-448a-b0e6-27aba52aab7b,2026-05-18T04:30:00Z,2026-05-18T06:30:00+0200,321.42,MW,FR,FR,actual_offshore_wind_generation,Wind Offshore | Actual Aggregated,2026-05-29T22:18:42Z
2026-05-29T22:17:36Z,2026-05-30T00:17:36+0200,e2390b4d-8b36-448a-b0e6-27aba52aab7b,2026-05-18T04:45:00Z,2026-05-18T06:45:00+0200,338.03,MW,FR,FR,actual_offshore_wind_generation,Wind Offshore | Actual Aggregated,2026-05-29T22:18:42Z
2026-05-29T22:17:36Z,2026-05-30T00:17:36+0200,e2390b4d-8b36-448a-b0e6-27aba52aab7b,2026-05-18T05:00:00Z,2026-05-18T07:00:00+0200,373.03,MW,FR,FR,actual_offshore_wind_generation,Wind Offshore | Actual Aggregated,2026-05-29T22:18:42Z
2026-05-29T22:17:36Z,2026-05-30T00:17:36+0200,e2390b4d-8b36-448a-b0e6-27aba52aab7b,2026-05-18T05:15:00Z,2026-05-18T07:15:00+0200,418.02,MW,FR,FR,actual_offshore_wind_generation,Wind Offshore | Actual Aggregated,2026-05-29T22:18:42Z
2026-05-29T22:17:36Z,2026-05-30T00:17:36+0200,e2390b4d-8b36-448a-b0e6-27aba52aab7b,2026-05-18T05:30:00Z,2026-05-18T07:30:00+0200,351.99,MW,FR,FR,actual_offshore_wind_generation,Wind Offshore | Actual Aggregated,2026-05-29T22:18:42Z
2026-05-29T22:17:36Z,2026-05-30T00:17:36+0200,e2390b4d-8b36-448a-b0e6-27aba52aab7b,2026-05-18T05:45:00Z,2026-05-18T07:45:00+0200,299.77,MW,FR,FR,actual_offshore_wind_generation,Wind Offshore | Actual Aggregated,2026-05-29T22:18:42Z
2026-05-29T22:17:36Z,2026-05-30T00:17:36+0200,e2390b4d-8b36-448a-b0e6-27aba52aab7b,2026-05-18T06:00:00Z,2026-05-18T08:00:00+0200,273.29,MW,FR,FR,actual_offshore_wind_generation,Wind Offshore | Actual Aggregated,2026-05-29T22:18:42Z
2026-05-29T22:17:36Z,2026-05-30T00:17:36+0200,e2390b4d-8b36-448a-b0e6-27aba52aab7b,2026-05-18T06:15:00Z,2026-05-18T08:15:00+0200,246.38,MW,FR,FR,actual_offshore_wind_generation,Wind Offshore | Actual Aggregated,2026-05-29T22:18:42Z
2026-05-29T22:17:36Z,2026-05-30T00:17:36+0200,e2390b4d-8b36-448a-b0e6-27aba52aab7b,2026-05-18T06:30:00Z,2026-05-18T08:30:00+0200,241.5,MW,FR,FR,actual_offshore_wind_generation,Wind Offshore | Actual Aggregated,2026-05-29T22:18:42Z
2026-05-29T22:17:36Z,2026-05-30T00:17:36+0200,e2390b4d-8b36-448a-b0e6-27aba52aab7b,2026-05-18T06:45:00Z,2026-05-18T08:45:00+0200,240.13,MW,FR,FR,actual_offshore_wind_generation,Wind Offshore | Actual Aggregated,2026-05-29T22:18:42Z
2026-05-29T22:17:36Z,2026-05-30T00:17:36+0200,e2390b4d-8b36-448a-b0e6-27aba52aab7b,2026-05-18T07:00:00Z,2026-05-18T09:00:00+0200,236.77,MW,FR,FR,actual_offshore_wind_generation,Wind Offshore | Actual Aggregated,2026-05-29T22:18:42Z
2026-05-29T22:17:36Z,2026-05-30T00:17:36+0200,e2390b4d-8b36-448a-b0e6-27aba52aab7b,2026-05-18T07:15:00Z,2026-05-18T09:15:00+0200,194.96,MW,FR,FR,actual_offshore_wind_generation,Wind Offshore | Actual Aggregated,2026-05-29T22:18:42Z
2026-05-29T22:17:36Z,2026-05-30T00:17:36+0200,e2390b4d-8b36-448a-b0e6-27aba52aab7b,2026-05-18T07:30:00Z,2026-05-18T09:30:00+0200,172.25,MW,FR,FR,actual_offshore_wind_generation,Wind Offshore | Actual Aggregated,2026-05-29T22:18:42Z
2026-05-29T22:17:36Z,2026-05-30T00:17:36+0200,e2390b4d-8b36-448a-b0e6-27aba52aab7b,2026-05-18T07:45:00Z,2026-05-18T09:45:00+0200,161.73,MW,FR,FR,actual_offshore_wind_generation,Wind Offshore | Actual Aggregated,2026-05-29T22:18:42Z
2026-05-29T22:17:36Z,2026-05-30T00:17:36+0200,e2390b4d-8b36-448a-b0e6-27aba52aab7b,2026-05-18T08:00:00Z,2026-05-18T10:00:00+0200,168.72,MW,FR,FR,actual_offshore_wind_generation,Wind Offshore | Actual Aggregated,2026-05-29T22:18:42Z
2026-05-29T22:17:36Z,2026-05-30T00:17:36+0200,e2390b4d-8b36-448a-b0e6-27aba52aab7b,2026-05-18T08:15:00Z,2026-05-18T10:15:00+0200,172.01,MW,FR,FR,actual_offshore_wind_generation,Wind Offshore | Actual Aggregated,2026-05-29T22:18:42Z
2026-05-29T22:17:36Z,2026-05-30T00:17:36+0200,e2390b4d-8b36-448a-b0e6-27aba52aab7b,2026-05-18T08:30:00Z,2026-05-18T10:30:00+0200,149.25,MW,FR,FR,actual_offshore_wind_generation,Wind Offshore | Actual Aggregated,2026-05-29T22:18:42Z
2026-05-29T22:17:36Z,2026-05-30T00:17:36+0200,e2390b4d-8b36-448a-b0e6-27aba52aab7b,2026-05-18T08:45:00Z,2026-05-18T10:45:00+0200,126.58,MW,FR,FR,actual_offshore_wind_generation,Wind Offshore | Actual Aggregated,2026-05-29T22:18:42Z
2026-05-29T22:17:36Z,2026-05-30T00:17:36+0200,e2390b4d-8b36-448a-b0e6-27aba52aab7b,2026-05-18T09:00:00Z,2026-05-18T11:00:00+0200,159.2,MW,FR,FR,actual_offshore_wind_generation,Wind Offshore | Actual Aggregated,2026-05-29T22:18:42Z
2026-05-29T22:17:36Z,2026-05-30T00:17:36+0200,e2390b4d-8b36-448a-b0e6-27aba52aab7b,2026-05-18T09:15:00Z,2026-05-18T11:15:00+0200,179.55,MW,FR,FR,actual_offshore_wind_generation,Wind Offshore | Actual Aggregated,2026-05-29T22:18:42Z
2026-05-29T22:17:36Z,2026-05-30T00:17:36+0200,e2390b4d-8b36-448a-b0e6-27aba52aab7b,2026-05-18T09:30:00Z,2026-05-18T11:30:00+0200,160.8,MW,FR,FR,actual_offshore_wind_generation,Wind Offshore | Actual Aggregated,2026-05-29T22:18:42Z
2026-05-29T22:17:36Z,2026-05-30T00:17:36+0200,e2390b4d-8b36-448a-b0e6-27aba52aab7b,2026-05-18T09:45:00Z,2026-05-18T11:45:00+0200,143.7,MW,FR,FR,actual_offshore_wind_generation,Wind Offshore | Actual Aggregated,2026-05-29T22:18:42Z
2026-05-29T22:17:36Z,2026-05-30T00:17:36+0200,e2390b4d-8b36-448a-b0e6-27aba52aab7b,2026-05-18T10:00:00Z,2026-05-18T12:00:00+0200,142.65,MW,FR,FR,actual_offshore_wind_generation,Wind Offshore | Actual Aggregated,2026-05-29T22:18:42Z
2026-05-29T22:17:36Z,2026-05-30T00:17:36+0200,e2390b4d-8b36-448a-b0e6-27aba52aab7b,2026-05-18T10:15:00Z,2026-05-18T12:15:00+0200,174.41,MW,FR,FR,actual_offshore_wind_generation,Wind Offshore | Actual Aggregated,2026-05-29T22:18:42Z
2026-05-29T22:17:36Z,2026-05-30T00:17:36+0200,e2390b4d-8b36-448a-b0e6-27aba52aab7b,2026-05-18T10:30:00Z,2026-05-18T12:30:00+0200,163.67,MW,FR,FR,actual_offshore_wind_generation,Wind Offshore | Actual Aggregated,2026-05-29T22:18:42Z
2026-05-29T22:17:36Z,2026-05-30T00:17:36+0200,e2390b4d-8b36-448a-b0e6-27aba52aab7b,2026-05-18T10:45:00Z,2026-05-18T12:45:00+0200,186.69,MW,FR,FR,actual_offshore_wind_generation,Wind Offshore | Actual Aggregated,2026-05-29T22:18:42Z
2026-05-29T22:17:36Z,2026-05-30T00:17:36+0200,e2390b4d-8b36-448a-b0e6-27aba52aab7b,2026-05-18T11:00:00Z,2026-05-18T13:00:00+0200,345.11,MW,FR,FR,actual_offshore_wind_generation,Wind Offshore | Actual Aggregated,2026-05-29T22:18:42Z
2026-05-29T22:17:36Z,2026-05-30T00:17:36+0200,e2390b4d-8b36-448a-b0e6-27aba52aab7b,2026-05-18T11:15:00Z,2026-05-18T13:15:00+0200,365.21,MW,FR,FR,actual_offshore_wind_generation,Wind Offshore | Actual Aggregated,2026-05-29T22:18:42Z
2026-05-29T22:17:36Z,2026-05-30T00:17:36+0200,e2390b4d-8b36-448a-b0e6-27aba52aab7b,2026-05-18T11:30:00Z,2026-05-18T13:30:00+0200,256.2,MW,FR,FR,actual_offshore_wind_generation,Wind Offshore | Actual Aggregated,2026-05-29T22:18:42Z
2026-05-29T22:17:36Z,2026-05-30T00:17:36+0200,e2390b4d-8b36-448a-b0e6-27aba52aab7b,2026-05-18T11:45:00Z,2026-05-18T13:45:00+0200,215.83,MW,FR,FR,actual_offshore_wind_generation,Wind Offshore | Actual Aggregated,2026-05-29T22:18:42Z
2026-05-29T22:17:36Z,2026-05-30T00:17:36+0200,e2390b4d-8b36-448a-b0e6-27aba52aab7b,2026-05-18T12:00:00Z,2026-05-18T14:00:00+0200,201.2,MW,FR,FR,actual_offshore_wind_generation,Wind Offshore | Actual Aggregated,2026-05-29T22:18:42Z
2026-05-29T22:17:36Z,2026-05-30T00:17:36+0200,e2390b4d-8b36-448a-b0e6-27aba52aab7b,2026-05-18T12:15:00Z,2026-05-18T14:15:00+0200,184.11,MW,FR,FR,actual_offshore_wind_generation,Wind Offshore | Actual Aggregated,2026-05-29T22:18:42Z
2026-05-29T22:17:36Z,2026-05-30T00:17:36+0200,e2390b4d-8b36-448a-b0e6-27aba52aab7b,2026-05-18T12:30:00Z,2026-05-18T14:30:00+0200,176.36,MW,FR,FR,actual_offshore_wind_generation,Wind Offshore | Actual Aggregated,2026-05-29T22:18:42Z
2026-05-29T22:17:36Z,2026-05-30T00:17:36+0200,e2390b4d-8b36-448a-b0e6-27aba52aab7b,2026-05-18T12:45:00Z,2026-05-18T14:45:00+0200,158.18,MW,FR,FR,actual_offshore_wind_generation,Wind Offshore | Actual Aggregated,2026-05-29T22:18:42Z
2026-05-29T22:17:36Z,2026-05-30T00:17:36+0200,e2390b4d-8b36-448a-b0e6-27aba52aab7b,2026-05-18T13:00:00Z,2026-05-18T15:00:00+0200,121.09,MW,FR,FR,actual_offshore_wind_generation,Wind Offshore | Actual Aggregated,2026-05-29T22:18:42Z
2026-05-29T22:17:36Z,2026-05-30T00:17:36+0200,e2390b4d-8b36-448a-b0e6-27aba52aab7b,2026-05-18T13:15:00Z,2026-05-18T15:15:00+0200,122.35,MW,FR,FR,actual_offshore_wind_generation,Wind Offshore | Actual Aggregated,2026-05-29T22:18:42Z
2026-05-29T22:17:36Z,2026-05-30T00:17:36+0200,e2390b4d-8b36-448a-b0e6-27aba52aab7b,2026-05-18T13:30:00Z,2026-05-18T15:30:00+0200,163.71,MW,FR,FR,actual_offshore_wind_generation,Wind Offshore | Actual Aggregated,2026-05-29T22:18:42Z
2026-05-29T22:17:36Z,2026-05-30T00:17:36+0200,e2390b4d-8b36-448a-b0e6-27aba52aab7b,2026-05-18T13:45:00Z,2026-05-18T15:45:00+0200,182.48,MW,FR,FR,actual_offshore_wind_generation,Wind Offshore | Actual Aggregated,2026-05-29T22:18:42Z
2026-05-29T22:17:36Z,2026-05-30T00:17:36+0200,e2390b4d-8b36-448a-b0e6-27aba52aab7b,2026-05-18T14:00:00Z,2026-05-18T16:00:00+0200,200.78,MW,FR,FR,actual_offshore_wind_generation,Wind Offshore | Actual Aggregated,2026-05-29T22:18:42Z
2026-05-29T22:17:36Z,2026-05-30T00:17:36+0200,e2390b4d-8b36-448a-b0e6-27aba52aab7b,2026-05-18T14:15:00Z,2026-05-18T16:15:00+0200,200.99,MW,FR,FR,actual_offshore_wind_generation,Wind Offshore | Actual Aggregated,2026-05-29T22:18:42Z
2026-05-29T22:17:36Z,2026-05-30T00:17:36+0200,e2390b4d-8b36-448a-b0e6-27aba52aab7b,2026-05-18T14:30:00Z,2026-05-18T16:30:00+0200,204.45,MW,FR,FR,actual_offshore_wind_generation,Wind Offshore | Actual Aggregated,2026-05-29T22:18:42Z
2026-05-29T22:17:36Z,2026-05-30T00:17:36+0200,e2390b4d-8b36-448a-b0e6-27aba52aab7b,2026-05-18T14:45:00Z,2026-05-18T16:45:00+0200,215.92,MW,FR,FR,actual_offshore_wind_generation,Wind Offshore | Actual Aggregated,2026-05-29T22:18:42Z
2026-05-29T22:17:36Z,2026-05-30T00:17:36+0200,e2390b4d-8b36-448a-b0e6-27aba52aab7b,2026-05-18T15:00:00Z,2026-05-18T17:00:00+0200,225.27,MW,FR,FR,actual_offshore_wind_generation,Wind Offshore | Actual Aggregated,2026-05-29T22:18:42Z
2026-05-29T22:17:36Z,2026-05-30T00:17:36+0200,e2390b4d-8b36-448a-b0e6-27aba52aab7b,2026-05-18T15:15:00Z,2026-05-18T17:15:00+0200,236.74,MW,FR,FR,actual_offshore_wind_generation,Wind Offshore | Actual Aggregated,2026-05-29T22:18:42Z
2026-05-29T22:17:36Z,2026-05-30T00:17:36+0200,e2390b4d-8b36-448a-b0e6-27aba52aab7b,2026-05-18T15:30:00Z,2026-05-18T17:30:00+0200,265.23,MW,FR,FR,actual_offshore_wind_generation,Wind Offshore | Actual Aggregated,2026-05-29T22:18:42Z
2026-05-29T22:17:36Z,2026-05-30T00:17:36+0200,e2390b4d-8b36-448a-b0e6-27aba52aab7b,2026-05-18T15:45:00Z,2026-05-18T17:45:00+0200,253.87,MW,FR,FR,actual_offshore_wind_generation,Wind Offshore | Actual Aggregated,2026-05-29T22:18:42Z
2026-05-29T22:17:36Z,2026-05-30T00:17:36+0200,e2390b4d-8b36-448a-b0e6-27aba52aab7b,2026-05-18T16:00:00Z,2026-05-18T18:00:00+0200,283.04,MW,FR,FR,actual_offshore_wind_generation,Wind Offshore | Actual Aggregated,2026-05-29T22:18:42Z
2026-05-29T22:17:36Z,2026-05-30T00:17:36+0200,e2390b4d-8b36-448a-b0e6-27aba52aab7b,2026-05-18T16:15:00Z,2026-05-18T18:15:00+0200,249.94,MW,FR,FR,actual_offshore_wind_generation,Wind Offshore | Actual Aggregated,2026-05-29T22:18:42Z
2026-05-29T22:17:36Z,2026-05-30T00:17:36+0200,e2390b4d-8b36-448a-b0e6-27aba52aab7b,2026-05-18T16:30:00Z,2026-05-18T18:30:00+0200,318.2,MW,FR,FR,actual_offshore_wind_generation,Wind Offshore | Actual Aggregated,2026-05-29T22:18:42Z
2026-05-29T22:17:36Z,2026-05-30T00:17:36+0200,e2390b4d-8b36-448a-b0e6-27aba52aab7b,2026-05-18T16:45:00Z,2026-05-18T18:45:00+0200,362.61,MW,FR,FR,actual_offshore_wind_generation,Wind Offshore | Actual Aggregated,2026-05-29T22:18:42Z
2026-05-29T22:17:36Z,2026-05-30T00:17:36+0200,e2390b4d-8b36-448a-b0e6-27aba52aab7b,2026-05-18T17:00:00Z,2026-05-18T19:00:00+0200,284.52,MW,FR,FR,actual_offshore_wind_generation,Wind Offshore | Actual Aggregated,2026-05-29T22:18:42Z
2026-05-29T22:17:36Z,2026-05-30T00:17:36+0200,e2390b4d-8b36-448a-b0e6-27aba52aab7b,2026-05-18T17:15:00Z,2026-05-18T19:15:00+0200,254.7,MW,FR,FR,actual_offshore_wind_generation,Wind Offshore | Actual Aggregated,2026-05-29T22:18:42Z
2026-05-29T22:17:36Z,2026-05-30T00:17:36+0200,e2390b4d-8b36-448a-b0e6-27aba52aab7b,2026-05-18T17:30:00Z,2026-05-18T19:30:00+0200,323.12,MW,FR,FR,actual_offshore_wind_generation,Wind Offshore | Actual Aggregated,2026-05-29T22:18:42Z
2026-05-29T22:17:36Z,2026-05-30T00:17:36+0200,e2390b4d-8b36-448a-b0e6-27aba52aab7b,2026-05-18T17:45:00Z,2026-05-18T19:45:00+0200,358.05,MW,FR,FR,actual_offshore_wind_generation,Wind Offshore | Actual Aggregated,2026-05-29T22:18:42Z
2026-05-29T22:17:36Z,2026-05-30T00:17:36+0200,e2390b4d-8b36-448a-b0e6-27aba52aab7b,2026-05-18T18:00:00Z,2026-05-18T20:00:00+0200,399.12,MW,FR,FR,actual_offshore_wind_generation,Wind Offshore | Actual Aggregated,2026-05-29T22:18:42Z
2026-05-29T22:17:36Z,2026-05-30T00:17:36+0200,e2390b4d-8b36-448a-b0e6-27aba52aab7b,2026-05-18T18:15:00Z,2026-05-18T20:15:00+0200,446.12,MW,FR,FR,actual_offshore_wind_generation,Wind Offshore | Actual Aggregated,2026-05-29T22:18:42Z
2026-05-29T22:17:36Z,2026-05-30T00:17:36+0200,e2390b4d-8b36-448a-b0e6-27aba52aab7b,2026-05-18T18:30:00Z,2026-05-18T20:30:00+0200,415.2,MW,FR,FR,actual_offshore_wind_generation,Wind Offshore | Actual Aggregated,2026-05-29T22:18:42Z
2026-05-29T22:17:36Z,2026-05-30T00:17:36+0200,e2390b4d-8b36-448a-b0e6-27aba52aab7b,2026-05-18T18:45:00Z,2026-05-18T20:45:00+0200,434.11,MW,FR,FR,actual_offshore_wind_generation,Wind Offshore | Actual Aggregated,2026-05-29T22:18:42Z
2026-05-29T22:17:36Z,2026-05-30T00:17:36+0200,e2390b4d-8b36-448a-b0e6-27aba52aab7b,2026-05-18T19:00:00Z,2026-05-18T21:00:00+0200,456.39,MW,FR,FR,actual_offshore_wind_generation,Wind Offshore | Actual Aggregated,2026-05-29T22:18:42Z
2026-05-29T22:17:36Z,2026-05-30T00:17:36+0200,e2390b4d-8b36-448a-b0e6-27aba52aab7b,2026-05-18T19:15:00Z,2026-05-18T21:15:00+0200,510.81,MW,FR,FR,actual_offshore_wind_generation,Wind Offshore | Actual Aggregated,2026-05-29T22:18:42Z
2026-05-29T22:17:36Z,2026-05-30T00:17:36+0200,e2390b4d-8b36-448a-b0e6-27aba52aab7b,2026-05-18T19:30:00Z,2026-05-18T21:30:00+0200,639.18,MW,FR,FR,actual_offshore_wind_generation,Wind Offshore | Actual Aggregated,2026-05-29T22:18:42Z
2026-05-29T22:17:36Z,2026-05-30T00:17:36+0200,e2390b4d-8b36-448a-b0e6-27aba52aab7b,2026-05-18T19:45:00Z,2026-05-18T21:45:00+0200,702.49,MW,FR,FR,actual_offshore_wind_generation,Wind Offshore | Actual Aggregated,2026-05-29T22:18:42Z
2026-05-29T22:17:36Z,2026-05-30T00:17:36+0200,e2390b4d-8b36-448a-b0e6-27aba52aab7b,2026-05-18T20:00:00Z,2026-05-18T22:00:00+0200,713.6,MW,FR,FR,actual_offshore_wind_generation,Wind Offshore | Actual Aggregated,2026-05-29T22:18:42Z
2026-05-29T22:17:36Z,2026-05-30T00:17:36+0200,e2390b4d-8b36-448a-b0e6-27aba52aab7b,2026-05-18T20:15:00Z,2026-05-18T22:15:00+0200,748.54,MW,FR,FR,actual_offshore_wind_generation,Wind Offshore | Actual Aggregated,2026-05-29T22:18:42Z
2026-05-29T22:17:36Z,2026-05-30T00:17:36+0200,e2390b4d-8b36-448a-b0e6-27aba52aab7b,2026-05-18T20:30:00Z,2026-05-18T22:30:00+0200,816.49,MW,FR,FR,actual_offshore_wind_generation,Wind Offshore | Actual Aggregated,2026-05-29T22:18:42Z
2026-05-29T22:17:36Z,2026-05-30T00:17:36+0200,e2390b4d-8b36-448a-b0e6-27aba52aab7b,2026-05-18T20:45:00Z,2026-05-18T22:45:00+0200,853.96,MW,FR,FR,actual_offshore_wind_generation,Wind Offshore | Actual Aggregated,2026-05-29T22:18:42Z
2026-05-29T22:17:36Z,2026-05-30T00:17:36+0200,e2390b4d-8b36-448a-b0e6-27aba52aab7b,2026-05-18T21:00:00Z,2026-05-18T23:00:00+0200,852.96,MW,FR,FR,actual_offshore_wind_generation,Wind Offshore | Actual Aggregated,2026-05-29T22:18:42Z
2026-05-29T22:17:36Z,2026-05-30T00:17:36+0200,e2390b4d-8b36-448a-b0e6-27aba52aab7b,2026-05-18T21:15:00Z,2026-05-18T23:15:00+0200,901.04,MW,FR,FR,actual_offshore_wind_generation,Wind Offshore | Actual Aggregated,2026-05-29T22:18:42Z
2026-05-29T22:17:36Z,2026-05-30T00:17:36+0200,e2390b4d-8b36-448a-b0e6-27aba52aab7b,2026-05-18T21:30:00Z,2026-05-18T23:30:00+0200,910.45,MW,FR,FR,actual_offshore_wind_generation,Wind Offshore | Actual Aggregated,2026-05-29T22:18:42Z
2026-05-29T22:17:36Z,2026-05-30T00:17:36+0200,e2390b4d-8b36-448a-b0e6-27aba52aab7b,2026-05-18T21:45:00Z,2026-05-18T23:45:00+0200,1170.4,MW,FR,FR,actual_offshore_wind_generation,Wind Offshore | Actual Aggregated,2026-05-29T22:18:42Z
2026-05-29T22:17:36Z,2026-05-30T00:17:36+0200,e2390b4d-8b36-448a-b0e6-27aba52aab7b,2026-05-18T22:00:00Z,2026-05-19T00:00:00+0200,1244.87,MW,FR,FR,actual_offshore_wind_generation,Wind Offshore | Actual Aggregated,2026-05-29T22:18:42Z
2026-05-29T22:17:36Z,2026-05-30T00:17:36+0200,e2390b4d-8b36-448a-b0e6-27aba52aab7b,2026-05-18T22:15:00Z,2026-05-19T00:15:00+0200,1177.43,MW,FR,FR,actual_offshore_wind_generation,Wind Offshore | Actual Aggregated,2026-05-29T22:18:42Z
2026-05-29T22:17:36Z,2026-05-30T00:17:36+0200,e2390b4d-8b36-448a-b0e6-27aba52aab7b,2026-05-18T22:30:00Z,2026-05-19T00:30:00+0200,1210.61,MW,FR,FR,actual_offshore_wind_generation,Wind Offshore | Actual Aggregated,2026-05-29T22:18:42Z
2026-05-29T22:17:36Z,2026-05-30T00:17:36+0200,e2390b4d-8b36-448a-b0e6-27aba52aab7b,2026-05-18T22:45:00Z,2026-05-19T00:45:00+0200,1210.1,MW,FR,FR,actual_offshore_wind_generation,Wind Offshore | Actual Aggregated,2026-05-29T22:18:42Z
2026-05-29T22:17:36Z,2026-05-30T00:17:36+0200,e2390b4d-8b36-448a-b0e6-27aba52aab7b,2026-05-18T23:00:00Z,2026-05-19T01:00:00+0200,1202.52,MW,FR,FR,actual_offshore_wind_generation,Wind Offshore | Actual Aggregated,2026-05-29T22:18:42Z
2026-05-29T22:17:36Z,2026-05-30T00:17:36+0200,e2390b4d-8b36-448a-b0e6-27aba52aab7b,2026-05-18T23:15:00Z,2026-05-19T01:15:00+0200,1176.71,MW,FR,FR,actual_offshore_wind_generation,Wind Offshore | Actual Aggregated,2026-05-29T22:18:42Z
2026-05-29T22:17:36Z,2026-05-30T00:17:36+0200,e2390b4d-8b36-448a-b0e6-27aba52aab7b,2026-05-18T23:30:00Z,2026-05-19T01:30:00+0200,1224.51,MW,FR,FR,actual_offshore_wind_generation,Wind Offshore | Actual Aggregated,2026-05-29T22:18:42Z
2026-05-29T22:17:36Z,2026-05-30T00:17:36+0200,e2390b4d-8b36-448a-b0e6-27aba52aab7b,2026-05-18T23:45:00Z,2026-05-19T01:45:00+0200,1208.76,MW,FR,FR,actual_offshore_wind_generation,Wind Offshore | Actual Aggregated,2026-05-29T22:18:42Z
2026-05-29T22:17:36Z,2026-05-30T00:17:36+0200,e2390b4d-8b36-448a-b0e6-27aba52aab7b,2026-05-19T00:00:00Z,2026-05-19T02:00:00+0200,1242.15,MW,FR,FR,actual_offshore_wind_generation,Wind Offshore | Actual Aggregated,2026-05-29T22:18:42Z
2026-05-29T22:17:36Z,2026-05-30T00:17:36+0200,e2390b4d-8b36-448a-b0e6-27aba52aab7b,2026-05-19T00:15:00Z,2026-05-19T02:15:00+0200,1311.45,MW,FR,FR,actual_offshore_wind_generation,Wind Offshore | Actual Aggregated,2026-05-29T22:18:42Z
2026-05-29T22:17:36Z,2026-05-30T00:17:36+0200,e2390b4d-8b36-448a-b0e6-27aba52aab7b,2026-05-19T00:30:00Z,2026-05-19T02:30:00+0200,1354.95,MW,FR,FR,actual_offshore_wind_generation,Wind Offshore | Actual Aggregated,2026-05-29T22:18:42Z
2026-05-29T22:17:36Z,2026-05-30T00:17:36+0200,e2390b4d-8b36-448a-b0e6-27aba52aab7b,2026-05-19T00:45:00Z,2026-05-19T02:45:00+0200,1497.55,MW,FR,FR,actual_offshore_wind_generation,Wind Offshore | Actual Aggregated,2026-05-29T22:18:42Z
2026-05-29T22:17:36Z,2026-05-30T00:17:36+0200,e2390b4d-8b36-448a-b0e6-27aba52aab7b,2026-05-19T01:00:00Z,2026-05-19T03:00:00+0200,1589.69,MW,FR,FR,actual_offshore_wind_generation,Wind Offshore | Actual Aggregated,2026-05-29T22:18:42Z
2026-05-29T22:17:36Z,2026-05-30T00:17:36+0200,e2390b4d-8b36-448a-b0e6-27aba52aab7b,2026-05-19T01:15:00Z,2026-05-19T03:15:00+0200,1621.03,MW,FR,FR,actual_offshore_wind_generation,Wind Offshore | Actual Aggregated,2026-05-29T22:18:42Z
2026-05-29T22:17:36Z,2026-05-30T00:17:36+0200,e2390b4d-8b36-448a-b0e6-27aba52aab7b,2026-05-19T01:30:00Z,2026-05-19T03:30:00+0200,1620.59,MW,FR,FR,actual_offshore_wind_generation,Wind Offshore | Actual Aggregated,2026-05-29T22:18:42Z
2026-05-29T22:17:36Z,2026-05-30T00:17:36+0200,e2390b4d-8b36-448a-b0e6-27aba52aab7b,2026-05-19T01:45:00Z,2026-05-19T03:45:00+0200,1542.66,MW,FR,FR,actual_offshore_wind_generation,Wind Offshore | Actual Aggregated,2026-05-29T22:18:42Z
2026-05-29T22:17:36Z,2026-05-30T00:17:36+0200,e2390b4d-8b36-448a-b0e6-27aba52aab7b,2026-05-19T02:00:00Z,2026-05-19T04:00:00+0200,1530.3,MW,FR,FR,actual_offshore_wind_generation,Wind Offshore | Actual Aggregated,2026-05-29T22:18:42Z
2026-05-29T22:17:36Z,2026-05-30T00:17:36+0200,e2390b4d-8b36-448a-b0e6-27aba52aab7b,2026-05-19T02:15:00Z,2026-05-19T04:15:00+0200,1606.99,MW,FR,FR,actual_offshore_wind_generation,Wind Offshore | Actual Aggregated,2026-05-29T22:18:42Z
2026-05-29T22:17:36Z,2026-05-30T00:17:36+0200,e2390b4d-8b36-448a-b0e6-27aba52aab7b,2026-05-19T02:30:00Z,2026-05-19T04:30:00+0200,1590.78,MW,FR,FR,actual_offshore_wind_generation,Wind Offshore | Actual Aggregated,2026-05-29T22:18:42Z
2026-05-29T22:17:36Z,2026-05-30T00:17:36+0200,e2390b4d-8b36-448a-b0e6-27aba52aab7b,2026-05-19T02:45:00Z,2026-05-19T04:45:00+0200,1635.32,MW,FR,FR,actual_offshore_wind_generation,Wind Offshore | Actual Aggregated,2026-05-29T22:18:42Z
2026-05-29T22:17:36Z,2026-05-30T00:17:36+0200,e2390b4d-8b36-448a-b0e6-27aba52aab7b,2026-05-19T03:00:00Z,2026-05-19T05:00:00+0200,1683.67,MW,FR,FR,actual_offshore_wind_generation,Wind Offshore | Actual Aggregated,2026-05-29T22:18:42Z
2026-05-29T22:17:36Z,2026-05-30T00:17:36+0200,e2390b4d-8b36-448a-b0e6-27aba52aab7b,2026-05-19T03:15:00Z,2026-05-19T05:15:00+0200,1690.14,MW,FR,FR,actual_offshore_wind_generation,Wind Offshore | Actual Aggregated,2026-05-29T22:18:42Z
2026-05-29T22:17:36Z,2026-05-30T00:17:36+0200,e2390b4d-8b36-448a-b0e6-27aba52aab7b,2026-05-19T03:30:00Z,2026-05-19T05:30:00+0200,1729.61,MW,FR,FR,actual_offshore_wind_generation,Wind Offshore | Actual Aggregated,2026-05-29T22:18:42Z
2026-05-29T22:17:36Z,2026-05-30T00:17:36+0200,e2390b4d-8b36-448a-b0e6-27aba52aab7b,2026-05-19T03:45:00Z,2026-05-19T05:45:00+0200,1775.7,MW,FR,FR,actual_offshore_wind_generation,Wind Offshore | Actual Aggregated,2026-05-29T22:18:42Z
2026-05-29T22:17:36Z,2026-05-30T00:17:36+0200,e2390b4d-8b36-448a-b0e6-27aba52aab7b,2026-05-19T04:00:00Z,2026-05-19T06:00:00+0200,1801.33,MW,FR,FR,actual_offshore_wind_generation,Wind Offshore | Actual Aggregated,2026-05-29T22:18:42Z
2026-05-29T22:17:36Z,2026-05-30T00:17:36+0200,e2390b4d-8b36-448a-b0e6-27aba52aab7b,2026-05-19T04:15:00Z,2026-05-19T06:15:00+0200,1802.59,MW,FR,FR,actual_offshore_wind_generation,Wind Offshore | Actual Aggregated,2026-05-29T22:18:42Z
2026-05-29T22:17:36Z,2026-05-30T00:17:36+0200,e2390b4d-8b36-448a-b0e6-27aba52aab7b,2026-05-19T04:30:00Z,2026-05-19T06:30:00+0200,1789.21,MW,FR,FR,actual_offshore_wind_generation,Wind Offshore | Actual Aggregated,2026-05-29T22:18:42Z
2026-05-29T22:17:36Z,2026-05-30T00:17:36+0200,e2390b4d-8b36-448a-b0e6-27aba52aab7b,2026-05-19T04:45:00Z,2026-05-19T06:45:00+0200,1826.57,MW,FR,FR,actual_offshore_wind_generation,Wind Offshore | Actual Aggregated,2026-05-29T22:18:42Z
2026-05-29T22:17:36Z,2026-05-30T00:17:36+0200,e2390b4d-8b36-448a-b0e6-27aba52aab7b,2026-05-19T05:00:00Z,2026-05-19T07:00:00+0200,1837.81,MW,FR,FR,actual_offshore_wind_generation,Wind Offshore | Actual Aggregated,2026-05-29T22:18:42Z
2026-05-29T22:17:36Z,2026-05-30T00:17:36+0200,e2390b4d-8b36-448a-b0e6-27aba52aab7b,2026-05-19T05:15:00Z,2026-05-19T07:15:00+0200,1841.63,MW,FR,FR,actual_offshore_wind_generation,Wind Offshore | Actual Aggregated,2026-05-29T22:18:42Z
2026-05-29T22:17:36Z,2026-05-30T00:17:36+0200,e2390b4d-8b36-448a-b0e6-27aba52aab7b,2026-05-19T05:30:00Z,2026-05-19T07:30:00+0200,1844.13,MW,FR,FR,actual_offshore_wind_generation,Wind Offshore | Actual Aggregated,2026-05-29T22:18:42Z
2026-05-29T22:17:36Z,2026-05-30T00:17:36+0200,e2390b4d-8b36-448a-b0e6-27aba52aab7b,2026-05-19T05:45:00Z,2026-05-19T07:45:00+0200,1845.87,MW,FR,FR,actual_offshore_wind_generation,Wind Offshore | Actual Aggregated,2026-05-29T22:18:42Z
2026-05-29T22:17:36Z,2026-05-30T00:17:36+0200,e2390b4d-8b36-448a-b0e6-27aba52aab7b,2026-05-19T06:00:00Z,2026-05-19T08:00:00+0200,1849.88,MW,FR,FR,actual_offshore_wind_generation,Wind Offshore | Actual Aggregated,2026-05-29T22:18:42Z
2026-05-29T22:17:36Z,2026-05-30T00:17:36+0200,e2390b4d-8b36-448a-b0e6-27aba52aab7b,2026-05-19T06:15:00Z,2026-05-19T08:15:00+0200,1848.98,MW,FR,FR,actual_offshore_wind_generation,Wind Offshore | Actual Aggregated,2026-05-29T22:18:42Z
2026-05-29T22:17:36Z,2026-05-30T00:17:36+0200,e2390b4d-8b36-448a-b0e6-27aba52aab7b,2026-05-19T06:30:00Z,2026-05-19T08:30:00+0200,1843.53,MW,FR,FR,actual_offshore_wind_generation,Wind Offshore | Actual Aggregated,2026-05-29T22:18:42Z
2026-05-29T22:17:36Z,2026-05-30T00:17:36+0200,e2390b4d-8b36-448a-b0e6-27aba52aab7b,2026-05-19T06:45:00Z,2026-05-19T08:45:00+0200,1843.57,MW,FR,FR,actual_offshore_wind_generation,Wind Offshore | Actual Aggregated,2026-05-29T22:18:42Z
2026-05-29T22:17:36Z,2026-05-30T00:17:36+0200,e2390b4d-8b36-448a-b0e6-27aba52aab7b,2026-05-19T07:00:00Z,2026-05-19T09:00:00+0200,1835.53,MW,FR,FR,actual_offshore_wind_generation,Wind Offshore | Actual Aggregated,2026-05-29T22:18:42Z
2026-05-29T22:17:36Z,2026-05-30T00:17:36+0200,e2390b4d-8b36-448a-b0e6-27aba52aab7b,2026-05-19T07:15:00Z,2026-05-19T09:15:00+0200,1783.4,MW,FR,FR,actual_offshore_wind_generation,Wind Offshore | Actual Aggregated,2026-05-29T22:18:42Z
2026-05-29T22:17:36Z,2026-05-30T00:17:36+0200,e2390b4d-8b36-448a-b0e6-27aba52aab7b,2026-05-19T07:30:00Z,2026-05-19T09:30:00+0200,1672.18,MW,FR,FR,actual_offshore_wind_generation,Wind Offshore | Actual Aggregated,2026-05-29T22:18:42Z
2026-05-29T22:17:36Z,2026-05-30T00:17:36+0200,e2390b4d-8b36-448a-b0e6-27aba52aab7b,2026-05-19T07:45:00Z,2026-05-19T09:45:00+0200,1741.87,MW,FR,FR,actual_offshore_wind_generation,Wind Offshore | Actual Aggregated,2026-05-29T22:18:42Z
2026-05-29T22:17:36Z,2026-05-30T00:17:36+0200,e2390b4d-8b36-448a-b0e6-27aba52aab7b,2026-05-19T08:00:00Z,2026-05-19T10:00:00+0200,1799.23,MW,FR,FR,actual_offshore_wind_generation,Wind Offshore | Actual Aggregated,2026-05-29T22:18:42Z
2026-05-29T22:17:36Z,2026-05-30T00:17:36+0200,e2390b4d-8b36-448a-b0e6-27aba52aab7b,2026-05-19T08:15:00Z,2026-05-19T10:15:00+0200,1714.08,MW,FR,FR,actual_offshore_wind_generation,Wind Offshore | Actual Aggregated,2026-05-29T22:18:42Z
2026-05-29T22:17:36Z,2026-05-30T00:17:36+0200,e2390b4d-8b36-448a-b0e6-27aba52aab7b,2026-05-19T08:30:00Z,2026-05-19T10:30:00+0200,1335.94,MW,FR,FR,actual_offshore_wind_generation,Wind Offshore | Actual Aggregated,2026-05-29T22:18:42Z
2026-05-29T22:17:36Z,2026-05-30T00:17:36+0200,e2390b4d-8b36-448a-b0e6-27aba52aab7b,2026-05-19T08:45:00Z,2026-05-19T10:45:00+0200,946.24,MW,FR,FR,actual_offshore_wind_generation,Wind Offshore | Actual Aggregated,2026-05-29T22:18:42Z
2026-05-29T22:17:36Z,2026-05-30T00:17:36+0200,e2390b4d-8b36-448a-b0e6-27aba52aab7b,2026-05-19T09:00:00Z,2026-05-19T11:00:00+0200,930.54,MW,FR,FR,actual_offshore_wind_generation,Wind Offshore | Actual Aggregated,2026-05-29T22:18:42Z
2026-05-29T22:17:36Z,2026-05-30T00:17:36+0200,e2390b4d-8b36-448a-b0e6-27aba52aab7b,2026-05-19T09:15:00Z,2026-05-19T11:15:00+0200,939.25,MW,FR,FR,actual_offshore_wind_generation,Wind Offshore | Actual Aggregated,2026-05-29T22:18:42Z
2026-05-29T22:17:36Z,2026-05-30T00:17:36+0200,e2390b4d-8b36-448a-b0e6-27aba52aab7b,2026-05-19T09:30:00Z,2026-05-19T11:30:00+0200,929.31,MW,FR,FR,actual_offshore_wind_generation,Wind Offshore | Actual Aggregated,2026-05-29T22:18:42Z
2026-05-29T22:17:36Z,2026-05-30T00:17:36+0200,e2390b4d-8b36-448a-b0e6-27aba52aab7b,2026-05-19T09:45:00Z,2026-05-19T11:45:00+0200,901.09,MW,FR,FR,actual_offshore_wind_generation,Wind Offshore | Actual Aggregated,2026-05-29T22:18:42Z
2026-05-29T22:17:36Z,2026-05-30T00:17:36+0200,e2390b4d-8b36-448a-b0e6-27aba52aab7b,2026-05-19T10:00:00Z,2026-05-19T12:00:00+0200,884.84,MW,FR,FR,actual_offshore_wind_generation,Wind Offshore | Actual Aggregated,2026-05-29T22:18:42Z
2026-05-29T22:17:36Z,2026-05-30T00:17:36+0200,e2390b4d-8b36-448a-b0e6-27aba52aab7b,2026-05-19T10:15:00Z,2026-05-19T12:15:00+0200,858.89,MW,FR,FR,actual_offshore_wind_generation,Wind Offshore | Actual Aggregated,2026-05-29T22:18:42Z
2026-05-29T22:17:36Z,2026-05-30T00:17:36+0200,e2390b4d-8b36-448a-b0e6-27aba52aab7b,2026-05-19T10:30:00Z,2026-05-19T12:30:00+0200,880.52,MW,FR,FR,actual_offshore_wind_generation,Wind Offshore | Actual Aggregated,2026-05-29T22:18:42Z
2026-05-29T22:17:36Z,2026-05-30T00:17:36+0200,e2390b4d-8b36-448a-b0e6-27aba52aab7b,2026-05-19T10:45:00Z,2026-05-19T12:45:00+0200,876.19,MW,FR,FR,actual_offshore_wind_generation,Wind Offshore | Actual Aggregated,2026-05-29T22:18:42Z
2026-05-29T22:17:36Z,2026-05-30T00:17:36+0200,e2390b4d-8b36-448a-b0e6-27aba52aab7b,2026-05-19T11:00:00Z,2026-05-19T13:00:00+0200,878.23,MW,FR,FR,actual_offshore_wind_generation,Wind Offshore | Actual Aggregated,2026-05-29T22:18:42Z
2026-05-29T22:17:36Z,2026-05-30T00:17:36+0200,e2390b4d-8b36-448a-b0e6-27aba52aab7b,2026-05-19T11:15:00Z,2026-05-19T13:15:00+0200,876.67,MW,FR,FR,actual_offshore_wind_generation,Wind Offshore | Actual Aggregated,2026-05-29T22:18:42Z
2026-05-29T22:17:36Z,2026-05-30T00:17:36+0200,e2390b4d-8b36-448a-b0e6-27aba52aab7b,2026-05-19T11:30:00Z,2026-05-19T13:30:00+0200,889.54,MW,FR,FR,actual_offshore_wind_generation,Wind Offshore | Actual Aggregated,2026-05-29T22:18:42Z
2026-05-29T22:17:36Z,2026-05-30T00:17:36+0200,e2390b4d-8b36-448a-b0e6-27aba52aab7b,2026-05-19T11:45:00Z,2026-05-19T13:45:00+0200,879.45,MW,FR,FR,actual_offshore_wind_generation,Wind Offshore | Actual Aggregated,2026-05-29T22:18:42Z
2026-05-29T22:17:36Z,2026-05-30T00:17:36+0200,e2390b4d-8b36-448a-b0e6-27aba52aab7b,2026-05-19T12:00:00Z,2026-05-19T14:00:00+0200,868.43,MW,FR,FR,actual_offshore_wind_generation,Wind Offshore | Actual Aggregated,2026-05-29T22:18:42Z
2026-05-29T22:17:36Z,2026-05-30T00:17:36+0200,e2390b4d-8b36-448a-b0e6-27aba52aab7b,2026-05-19T12:15:00Z,2026-05-19T14:15:00+0200,863.39,MW,FR,FR,actual_offshore_wind_generation,Wind Offshore | Actual Aggregated,2026-05-29T22:18:42Z
2026-05-29T22:17:36Z,2026-05-30T00:17:36+0200,e2390b4d-8b36-448a-b0e6-27aba52aab7b,2026-05-19T12:30:00Z,2026-05-19T14:30:00+0200,849.96,MW,FR,FR,actual_offshore_wind_generation,Wind Offshore | Actual Aggregated,2026-05-29T22:18:42Z
2026-05-29T22:17:36Z,2026-05-30T00:17:36+0200,e2390b4d-8b36-448a-b0e6-27aba52aab7b,2026-05-19T12:45:00Z,2026-05-19T14:45:00+0200,838.45,MW,FR,FR,actual_offshore_wind_generation,Wind Offshore | Actual Aggregated,2026-05-29T22:18:42Z
2026-05-29T22:17:36Z,2026-05-30T00:17:36+0200,e2390b4d-8b36-448a-b0e6-27aba52aab7b,2026-05-19T13:00:00Z,2026-05-19T15:00:00+0200,753.7,MW,FR,FR,actual_offshore_wind_generation,Wind Offshore | Actual Aggregated,2026-05-29T22:18:42Z
2026-05-29T22:17:36Z,2026-05-30T00:17:36+0200,e2390b4d-8b36-448a-b0e6-27aba52aab7b,2026-05-19T13:15:00Z,2026-05-19T15:15:00+0200,688.79,MW,FR,FR,actual_offshore_wind_generation,Wind Offshore | Actual Aggregated,2026-05-29T22:18:42Z
2026-05-29T22:17:36Z,2026-05-30T00:17:36+0200,e2390b4d-8b36-448a-b0e6-27aba52aab7b,2026-05-19T13:30:00Z,2026-05-19T15:30:00+0200,899.25,MW,FR,FR,actual_offshore_wind_generation,Wind Offshore | Actual Aggregated,2026-05-29T22:18:42Z
2026-05-29T22:17:36Z,2026-05-30T00:17:36+0200,e2390b4d-8b36-448a-b0e6-27aba52aab7b,2026-05-19T13:45:00Z,2026-05-19T15:45:00+0200,853.77,MW,FR,FR,actual_offshore_wind_generation,Wind Offshore | Actual Aggregated,2026-05-29T22:18:42Z
2026-05-29T22:17:36Z,2026-05-30T00:17:36+0200,e2390b4d-8b36-448a-b0e6-27aba52aab7b,2026-05-19T14:00:00Z,2026-05-19T16:00:00+0200,882.57,MW,FR,FR,actual_offshore_wind_generation,Wind Offshore | Actual Aggregated,2026-05-29T22:18:42Z
2026-05-29T22:17:36Z,2026-05-30T00:17:36+0200,e2390b4d-8b36-448a-b0e6-27aba52aab7b,2026-05-19T14:15:00Z,2026-05-19T16:15:00+0200,854.22,MW,FR,FR,actual_offshore_wind_generation,Wind Offshore | Actual Aggregated,2026-05-29T22:18:42Z
2026-05-29T22:17:36Z,2026-05-30T00:17:36+0200,e2390b4d-8b36-448a-b0e6-27aba52aab7b,2026-05-19T14:30:00Z,2026-05-19T16:30:00+0200,798.92,MW,FR,FR,actual_offshore_wind_generation,Wind Offshore | Actual Aggregated,2026-05-29T22:18:42Z
2026-05-29T22:17:36Z,2026-05-30T00:17:36+0200,e2390b4d-8b36-448a-b0e6-27aba52aab7b,2026-05-19T14:45:00Z,2026-05-19T16:45:00+0200,938.98,MW,FR,FR,actual_offshore_wind_generation,Wind Offshore | Actual Aggregated,2026-05-29T22:18:42Z
2026-05-29T22:17:36Z,2026-05-30T00:17:36+0200,e2390b4d-8b36-448a-b0e6-27aba52aab7b,2026-05-19T15:00:00Z,2026-05-19T17:00:00+0200,1316.3,MW,FR,FR,actual_offshore_wind_generation,Wind Offshore | Actual Aggregated,2026-05-29T22:18:42Z
2026-05-29T22:17:36Z,2026-05-30T00:17:36+0200,e2390b4d-8b36-448a-b0e6-27aba52aab7b,2026-05-19T15:15:00Z,2026-05-19T17:15:00+0200,1415.22,MW,FR,FR,actual_offshore_wind_generation,Wind Offshore | Actual Aggregated,2026-05-29T22:18:42Z
2026-05-29T22:17:36Z,2026-05-30T00:17:36+0200,e2390b4d-8b36-448a-b0e6-27aba52aab7b,2026-05-19T15:30:00Z,2026-05-19T17:30:00+0200,1366.98,MW,FR,FR,actual_offshore_wind_generation,Wind Offshore | Actual Aggregated,2026-05-29T22:18:42Z
2026-05-29T22:17:36Z,2026-05-30T00:17:36+0200,e2390b4d-8b36-448a-b0e6-27aba52aab7b,2026-05-19T15:45:00Z,2026-05-19T17:45:00+0200,1247.5,MW,FR,FR,actual_offshore_wind_generation,Wind Offshore | Actual Aggregated,2026-05-29T22:18:42Z
2026-05-29T22:17:36Z,2026-05-30T00:17:36+0200,e2390b4d-8b36-448a-b0e6-27aba52aab7b,2026-05-19T16:00:00Z,2026-05-19T18:00:00+0200,1402.35,MW,FR,FR,actual_offshore_wind_generation,Wind Offshore | Actual Aggregated,2026-05-29T22:18:42Z
2026-05-29T22:17:36Z,2026-05-30T00:17:36+0200,e2390b4d-8b36-448a-b0e6-27aba52aab7b,2026-05-19T16:15:00Z,2026-05-19T18:15:00+0200,1497.3,MW,FR,FR,actual_offshore_wind_generation,Wind Offshore | Actual Aggregated,2026-05-29T22:18:42Z
2026-05-29T22:17:36Z,2026-05-30T00:17:36+0200,e2390b4d-8b36-448a-b0e6-27aba52aab7b,2026-05-19T16:30:00Z,2026-05-19T18:30:00+0200,1461.37,MW,FR,FR,actual_offshore_wind_generation,Wind Offshore | Actual Aggregated,2026-05-29T22:18:42Z
2026-05-29T22:17:36Z,2026-05-30T00:17:36+0200,e2390b4d-8b36-448a-b0e6-27aba52aab7b,2026-05-19T16:45:00Z,2026-05-19T18:45:00+0200,1564.37,MW,FR,FR,actual_offshore_wind_generation,Wind Offshore | Actual Aggregated,2026-05-29T22:18:42Z
2026-05-29T22:17:36Z,2026-05-30T00:17:36+0200,e2390b4d-8b36-448a-b0e6-27aba52aab7b,2026-05-19T17:00:00Z,2026-05-19T19:00:00+0200,1572.33,MW,FR,FR,actual_offshore_wind_generation,Wind Offshore | Actual Aggregated,2026-05-29T22:18:42Z
2026-05-29T22:17:36Z,2026-05-30T00:17:36+0200,e2390b4d-8b36-448a-b0e6-27aba52aab7b,2026-05-19T17:15:00Z,2026-05-19T19:15:00+0200,1399.37,MW,FR,FR,actual_offshore_wind_generation,Wind Offshore | Actual Aggregated,2026-05-29T22:18:42Z
2026-05-29T22:17:36Z,2026-05-30T00:17:36+0200,e2390b4d-8b36-448a-b0e6-27aba52aab7b,2026-05-19T17:30:00Z,2026-05-19T19:30:00+0200,1375.25,MW,FR,FR,actual_offshore_wind_generation,Wind Offshore | Actual Aggregated,2026-05-29T22:18:42Z
2026-05-29T22:17:36Z,2026-05-30T00:17:36+0200,e2390b4d-8b36-448a-b0e6-27aba52aab7b,2026-05-19T17:45:00Z,2026-05-19T19:45:00+0200,1545.53,MW,FR,FR,actual_offshore_wind_generation,Wind Offshore | Actual Aggregated,2026-05-29T22:18:42Z
2026-05-29T22:17:36Z,2026-05-30T00:17:36+0200,e2390b4d-8b36-448a-b0e6-27aba52aab7b,2026-05-19T18:00:00Z,2026-05-19T20:00:00+0200,1580.81,MW,FR,FR,actual_offshore_wind_generation,Wind Offshore | Actual Aggregated,2026-05-29T22:18:42Z
2026-05-29T22:17:36Z,2026-05-30T00:17:36+0200,e2390b4d-8b36-448a-b0e6-27aba52aab7b,2026-05-19T18:15:00Z,2026-05-19T20:15:00+0200,1695.35,MW,FR,FR,actual_offshore_wind_generation,Wind Offshore | Actual Aggregated,2026-05-29T22:18:42Z
2026-05-29T22:17:36Z,2026-05-30T00:17:36+0200,e2390b4d-8b36-448a-b0e6-27aba52aab7b,2026-05-19T18:30:00Z,2026-05-19T20:30:00+0200,1667.98,MW,FR,FR,actual_offshore_wind_generation,Wind Offshore | Actual Aggregated,2026-05-29T22:18:42Z
2026-05-29T22:17:36Z,2026-05-30T00:17:36+0200,e2390b4d-8b36-448a-b0e6-27aba52aab7b,2026-05-19T18:45:00Z,2026-05-19T20:45:00+0200,1644.14,MW,FR,FR,actual_offshore_wind_generation,Wind Offshore | Actual Aggregated,2026-05-29T22:18:42Z
2026-05-29T22:17:36Z,2026-05-30T00:17:36+0200,e2390b4d-8b36-448a-b0e6-27aba52aab7b,2026-05-19T19:00:00Z,2026-05-19T21:00:00+0200,1527.62,MW,FR,FR,actual_offshore_wind_generation,Wind Offshore | Actual Aggregated,2026-05-29T22:18:42Z
2026-05-29T22:17:36Z,2026-05-30T00:17:36+0200,e2390b4d-8b36-448a-b0e6-27aba52aab7b,2026-05-19T19:15:00Z,2026-05-19T21:15:00+0200,1544.11,MW,FR,FR,actual_offshore_wind_generation,Wind Offshore | Actual Aggregated,2026-05-29T22:18:42Z
2026-05-29T22:17:36Z,2026-05-30T00:17:36+0200,e2390b4d-8b36-448a-b0e6-27aba52aab7b,2026-05-19T19:30:00Z,2026-05-19T21:30:00+0200,1507.55,MW,FR,FR,actual_offshore_wind_generation,Wind Offshore | Actual Aggregated,2026-05-29T22:18:42Z
2026-05-29T22:17:36Z,2026-05-30T00:17:36+0200,e2390b4d-8b36-448a-b0e6-27aba52aab7b,2026-05-19T19:45:00Z,2026-05-19T21:45:00+0200,1420.72,MW,FR,FR,actual_offshore_wind_generation,Wind Offshore | Actual Aggregated,2026-05-29T22:18:42Z
2026-05-29T22:17:36Z,2026-05-30T00:17:36+0200,e2390b4d-8b36-448a-b0e6-27aba52aab7b,2026-05-19T20:00:00Z,2026-05-19T22:00:00+0200,1398.95,MW,FR,FR,actual_offshore_wind_generation,Wind Offshore | Actual Aggregated,2026-05-29T22:18:42Z
2026-05-29T22:17:36Z,2026-05-30T00:17:36+0200,e2390b4d-8b36-448a-b0e6-27aba52aab7b,2026-05-19T20:15:00Z,2026-05-19T22:15:00+0200,1455.47,MW,FR,FR,actual_offshore_wind_generation,Wind Offshore | Actual Aggregated,2026-05-29T22:18:42Z
2026-05-29T22:17:36Z,2026-05-30T00:17:36+0200,e2390b4d-8b36-448a-b0e6-27aba52aab7b,2026-05-19T20:30:00Z,2026-05-19T22:30:00+0200,1336.92,MW,FR,FR,actual_offshore_wind_generation,Wind Offshore | Actual Aggregated,2026-05-29T22:18:42Z
2026-05-29T22:17:36Z,2026-05-30T00:17:36+0200,e2390b4d-8b36-448a-b0e6-27aba52aab7b,2026-05-19T20:45:00Z,2026-05-19T22:45:00+0200,1363.33,MW,FR,FR,actual_offshore_wind_generation,Wind Offshore | Actual Aggregated,2026-05-29T22:18:42Z
2026-05-29T22:17:36Z,2026-05-30T00:17:36+0200,e2390b4d-8b36-448a-b0e6-27aba52aab7b,2026-05-19T21:00:00Z,2026-05-19T23:00:00+0200,1399.82,MW,FR,FR,actual_offshore_wind_generation,Wind Offshore | Actual Aggregated,2026-05-29T22:18:42Z
2026-05-29T22:17:36Z,2026-05-30T00:17:36+0200,e2390b4d-8b36-448a-b0e6-27aba52aab7b,2026-05-19T21:15:00Z,2026-05-19T23:15:00+0200,1372.34,MW,FR,FR,actual_offshore_wind_generation,Wind Offshore | Actual Aggregated,2026-05-29T22:18:42Z
2026-05-29T22:17:36Z,2026-05-30T00:17:36+0200,e2390b4d-8b36-448a-b0e6-27aba52aab7b,2026-05-19T21:30:00Z,2026-05-19T23:30:00+0200,1235.16,MW,FR,FR,actual_offshore_wind_generation,Wind Offshore | Actual Aggregated,2026-05-29T22:18:42Z
2026-05-29T22:17:36Z,2026-05-30T00:17:36+0200,e2390b4d-8b36-448a-b0e6-27aba52aab7b,2026-05-19T21:45:00Z,2026-05-19T23:45:00+0200,1282.98,MW,FR,FR,actual_offshore_wind_generation,Wind Offshore | Actual Aggregated,2026-05-29T22:18:42Z
2026-05-29T22:17:36Z,2026-05-30T00:17:36+0200,e2390b4d-8b36-448a-b0e6-27aba52aab7b,2026-05-19T22:00:00Z,2026-05-20T00:00:00+0200,1324.43,MW,FR,FR,actual_offshore_wind_generation,Wind Offshore | Actual Aggregated,2026-05-29T22:18:42Z
2026-05-29T22:17:36Z,2026-05-30T00:17:36+0200,e2390b4d-8b36-448a-b0e6-27aba52aab7b,2026-05-19T22:15:00Z,2026-05-20T00:15:00+0200,1388.53,MW,FR,FR,actual_offshore_wind_generation,Wind Offshore | Actual Aggregated,2026-05-29T22:18:42Z
2026-05-29T22:17:36Z,2026-05-30T00:17:36+0200,e2390b4d-8b36-448a-b0e6-27aba52aab7b,2026-05-19T22:30:00Z,2026-05-20T00:30:00+0200,1312.71,MW,FR,FR,actual_offshore_wind_generation,Wind Offshore | Actual Aggregated,2026-05-29T22:18:42Z
2026-05-29T22:17:36Z,2026-05-30T00:17:36+0200,e2390b4d-8b36-448a-b0e6-27aba52aab7b,2026-05-19T22:45:00Z,2026-05-20T00:45:00+0200,1137.93,MW,FR,FR,actual_offshore_wind_generation,Wind Offshore | Actual Aggregated,2026-05-29T22:18:42Z
2026-05-29T22:17:36Z,2026-05-30T00:17:36+0200,e2390b4d-8b36-448a-b0e6-27aba52aab7b,2026-05-19T23:00:00Z,2026-05-20T01:00:00+0200,1153.63,MW,FR,FR,actual_offshore_wind_generation,Wind Offshore | Actual Aggregated,2026-05-29T22:18:42Z
2026-05-29T22:17:36Z,2026-05-30T00:17:36+0200,e2390b4d-8b36-448a-b0e6-27aba52aab7b,2026-05-19T23:15:00Z,2026-05-20T01:15:00+0200,1152.61,MW,FR,FR,actual_offshore_wind_generation,Wind Offshore | Actual Aggregated,2026-05-29T22:18:42Z
2026-05-29T22:17:36Z,2026-05-30T00:17:36+0200,e2390b4d-8b36-448a-b0e6-27aba52aab7b,2026-05-19T23:30:00Z,2026-05-20T01:30:00+0200,1218.68,MW,FR,FR,actual_offshore_wind_generation,Wind Offshore | Actual Aggregated,2026-05-29T22:18:42Z
2026-05-29T22:17:36Z,2026-05-30T00:17:36+0200,e2390b4d-8b36-448a-b0e6-27aba52aab7b,2026-05-19T23:45:00Z,2026-05-20T01:45:00+0200,1263.35,MW,FR,FR,actual_offshore_wind_generation,Wind Offshore | Actual Aggregated,2026-05-29T22:18:42Z
2026-05-29T22:17:36Z,2026-05-30T00:17:36+0200,e2390b4d-8b36-448a-b0e6-27aba52aab7b,2026-05-20T00:00:00Z,2026-05-20T02:00:00+0200,1316.53,MW,FR,FR,actual_offshore_wind_generation,Wind Offshore | Actual Aggregated,2026-05-29T22:18:42Z
2026-05-29T22:17:36Z,2026-05-30T00:17:36+0200,e2390b4d-8b36-448a-b0e6-27aba52aab7b,2026-05-20T00:15:00Z,2026-05-20T02:15:00+0200,1372.09,MW,FR,FR,actual_offshore_wind_generation,Wind Offshore | Actual Aggregated,2026-05-29T22:18:42Z
2026-05-29T22:17:36Z,2026-05-30T00:17:36+0200,e2390b4d-8b36-448a-b0e6-27aba52aab7b,2026-05-20T00:30:00Z,2026-05-20T02:30:00+0200,1369.72,MW,FR,FR,actual_offshore_wind_generation,Wind Offshore | Actual Aggregated,2026-05-29T22:18:42Z
2026-05-29T22:17:36Z,2026-05-30T00:17:36+0200,e2390b4d-8b36-448a-b0e6-27aba52aab7b,2026-05-20T00:45:00Z,2026-05-20T02:45:00+0200,1535.92,MW,FR,FR,actual_offshore_wind_generation,Wind Offshore | Actual Aggregated,2026-05-29T22:18:42Z
2026-05-29T22:17:36Z,2026-05-30T00:17:36+0200,e2390b4d-8b36-448a-b0e6-27aba52aab7b,2026-05-20T01:00:00Z,2026-05-20T03:00:00+0200,1433.28,MW,FR,FR,actual_offshore_wind_generation,Wind Offshore | Actual Aggregated,2026-05-29T22:18:42Z
2026-05-29T22:17:36Z,2026-05-30T00:17:36+0200,e2390b4d-8b36-448a-b0e6-27aba52aab7b,2026-05-20T01:15:00Z,2026-05-20T03:15:00+0200,1302.29,MW,FR,FR,actual_offshore_wind_generation,Wind Offshore | Actual Aggregated,2026-05-29T22:18:42Z
2026-05-29T22:17:36Z,2026-05-30T00:17:36+0200,e2390b4d-8b36-448a-b0e6-27aba52aab7b,2026-05-20T01:30:00Z,2026-05-20T03:30:00+0200,1180.75,MW,FR,FR,actual_offshore_wind_generation,Wind Offshore | Actual Aggregated,2026-05-29T22:18:42Z
2026-05-29T22:17:36Z,2026-05-30T00:17:36+0200,e2390b4d-8b36-448a-b0e6-27aba52aab7b,2026-05-20T01:45:00Z,2026-05-20T03:45:00+0200,1231.5,MW,FR,FR,actual_offshore_wind_generation,Wind Offshore | Actual Aggregated,2026-05-29T22:18:42Z
2026-05-29T22:17:36Z,2026-05-30T00:17:36+0200,e2390b4d-8b36-448a-b0e6-27aba52aab7b,2026-05-20T02:00:00Z,2026-05-20T04:00:00+0200,1283.07,MW,FR,FR,actual_offshore_wind_generation,Wind Offshore | Actual Aggregated,2026-05-29T22:18:42Z
2026-05-29T22:17:36Z,2026-05-30T00:17:36+0200,e2390b4d-8b36-448a-b0e6-27aba52aab7b,2026-05-20T02:15:00Z,2026-05-20T04:15:00+0200,1248.7,MW,FR,FR,actual_offshore_wind_generation,Wind Offshore | Actual Aggregated,2026-05-29T22:18:42Z
2026-05-29T22:17:36Z,2026-05-30T00:17:36+0200,e2390b4d-8b36-448a-b0e6-27aba52aab7b,2026-05-20T02:30:00Z,2026-05-20T04:30:00+0200,1335.94,MW,FR,FR,actual_offshore_wind_generation,Wind Offshore | Actual Aggregated,2026-05-29T22:18:42Z
2026-05-29T22:17:36Z,2026-05-30T00:17:36+0200,e2390b4d-8b36-448a-b0e6-27aba52aab7b,2026-05-20T02:45:00Z,2026-05-20T04:45:00+0200,1375.51,MW,FR,FR,actual_offshore_wind_generation,Wind Offshore | Actual Aggregated,2026-05-29T22:18:42Z
2026-05-29T22:17:36Z,2026-05-30T00:17:36+0200,e2390b4d-8b36-448a-b0e6-27aba52aab7b,2026-05-20T03:00:00Z,2026-05-20T05:00:00+0200,1325.45,MW,FR,FR,actual_offshore_wind_generation,Wind Offshore | Actual Aggregated,2026-05-29T22:18:42Z
2026-05-29T22:17:36Z,2026-05-30T00:17:36+0200,e2390b4d-8b36-448a-b0e6-27aba52aab7b,2026-05-20T03:15:00Z,2026-05-20T05:15:00+0200,1211.6,MW,FR,FR,actual_offshore_wind_generation,Wind Offshore | Actual Aggregated,2026-05-29T22:18:42Z
2026-05-29T22:17:36Z,2026-05-30T00:17:36+0200,e2390b4d-8b36-448a-b0e6-27aba52aab7b,2026-05-20T03:30:00Z,2026-05-20T05:30:00+0200,1197.02,MW,FR,FR,actual_offshore_wind_generation,Wind Offshore | Actual Aggregated,2026-05-29T22:18:42Z
2026-05-29T22:17:36Z,2026-05-30T00:17:36+0200,e2390b4d-8b36-448a-b0e6-27aba52aab7b,2026-05-20T03:45:00Z,2026-05-20T05:45:00+0200,1234.9,MW,FR,FR,actual_offshore_wind_generation,Wind Offshore | Actual Aggregated,2026-05-29T22:18:42Z
2026-05-29T22:17:36Z,2026-05-30T00:17:36+0200,e2390b4d-8b36-448a-b0e6-27aba52aab7b,2026-05-20T04:00:00Z,2026-05-20T06:00:00+0200,1227.0,MW,FR,FR,actual_offshore_wind_generation,Wind Offshore | Actual Aggregated,2026-05-29T22:18:42Z
2026-05-29T22:17:36Z,2026-05-30T00:17:36+0200,e2390b4d-8b36-448a-b0e6-27aba52aab7b,2026-05-20T04:15:00Z,2026-05-20T06:15:00+0200,1170.16,MW,FR,FR,actual_offshore_wind_generation,Wind Offshore | Actual Aggregated,2026-05-29T22:18:42Z
2026-05-29T22:17:36Z,2026-05-30T00:17:36+0200,e2390b4d-8b36-448a-b0e6-27aba52aab7b,2026-05-20T04:30:00Z,2026-05-20T06:30:00+0200,1054.11,MW,FR,FR,actual_offshore_wind_generation,Wind Offshore | Actual Aggregated,2026-05-29T22:18:42Z
2026-05-29T22:17:36Z,2026-05-30T00:17:36+0200,e2390b4d-8b36-448a-b0e6-27aba52aab7b,2026-05-20T04:45:00Z,2026-05-20T06:45:00+0200,1020.51,MW,FR,FR,actual_offshore_wind_generation,Wind Offshore | Actual Aggregated,2026-05-29T22:18:42Z
2026-05-29T22:17:36Z,2026-05-30T00:17:36+0200,e2390b4d-8b36-448a-b0e6-27aba52aab7b,2026-05-20T05:00:00Z,2026-05-20T07:00:00+0200,1003.18,MW,FR,FR,actual_offshore_wind_generation,Wind Offshore | Actual Aggregated,2026-05-29T22:18:42Z
2026-05-29T22:17:36Z,2026-05-30T00:17:36+0200,e2390b4d-8b36-448a-b0e6-27aba52aab7b,2026-05-20T05:15:00Z,2026-05-20T07:15:00+0200,1006.72,MW,FR,FR,actual_offshore_wind_generation,Wind Offshore | Actual Aggregated,2026-05-29T22:18:42Z
2026-05-29T22:17:36Z,2026-05-30T00:17:36+0200,e2390b4d-8b36-448a-b0e6-27aba52aab7b,2026-05-20T05:30:00Z,2026-05-20T07:30:00+0200,1015.46,MW,FR,FR,actual_offshore_wind_generation,Wind Offshore | Actual Aggregated,2026-05-29T22:18:42Z
2026-05-29T22:17:36Z,2026-05-30T00:17:36+0200,e2390b4d-8b36-448a-b0e6-27aba52aab7b,2026-05-20T05:45:00Z,2026-05-20T07:45:00+0200,979.29,MW,FR,FR,actual_offshore_wind_generation,Wind Offshore | Actual Aggregated,2026-05-29T22:18:42Z
2026-05-29T22:17:36Z,2026-05-30T00:17:36+0200,e2390b4d-8b36-448a-b0e6-27aba52aab7b,2026-05-20T06:00:00Z,2026-05-20T08:00:00+0200,1007.82,MW,FR,FR,actual_offshore_wind_generation,Wind Offshore | Actual Aggregated,2026-05-29T22:18:42Z
2026-05-29T22:17:36Z,2026-05-30T00:17:36+0200,e2390b4d-8b36-448a-b0e6-27aba52aab7b,2026-05-20T06:15:00Z,2026-05-20T08:15:00+0200,1004.35,MW,FR,FR,actual_offshore_wind_generation,Wind Offshore | Actual Aggregated,2026-05-29T22:18:42Z
2026-05-29T22:17:36Z,2026-05-30T00:17:36+0200,e2390b4d-8b36-448a-b0e6-27aba52aab7b,2026-05-20T06:30:00Z,2026-05-20T08:30:00+0200,920.38,MW,FR,FR,actual_offshore_wind_generation,Wind Offshore | Actual Aggregated,2026-05-29T22:18:42Z
2026-05-29T22:17:36Z,2026-05-30T00:17:36+0200,e2390b4d-8b36-448a-b0e6-27aba52aab7b,2026-05-20T06:45:00Z,2026-05-20T08:45:00+0200,852.7,MW,FR,FR,actual_offshore_wind_generation,Wind Offshore | Actual Aggregated,2026-05-29T22:18:42Z
2026-05-29T22:17:36Z,2026-05-30T00:17:36+0200,e2390b4d-8b36-448a-b0e6-27aba52aab7b,2026-05-20T07:00:00Z,2026-05-20T09:00:00+0200,850.61,MW,FR,FR,actual_offshore_wind_generation,Wind Offshore | Actual Aggregated,2026-05-29T22:18:42Z
2026-05-29T22:17:36Z,2026-05-30T00:17:36+0200,e2390b4d-8b36-448a-b0e6-27aba52aab7b,2026-05-20T07:15:00Z,2026-05-20T09:15:00+0200,877.1,MW,FR,FR,actual_offshore_wind_generation,Wind Offshore | Actual Aggregated,2026-05-29T22:18:42Z
2026-05-29T22:17:36Z,2026-05-30T00:17:36+0200,e2390b4d-8b36-448a-b0e6-27aba52aab7b,2026-05-20T07:30:00Z,2026-05-20T09:30:00+0200,898.83,MW,FR,FR,actual_offshore_wind_generation,Wind Offshore | Actual Aggregated,2026-05-29T22:18:42Z
2026-05-29T22:17:36Z,2026-05-30T00:17:36+0200,e2390b4d-8b36-448a-b0e6-27aba52aab7b,2026-05-20T07:45:00Z,2026-05-20T09:45:00+0200,914.53,MW,FR,FR,actual_offshore_wind_generation,Wind Offshore | Actual Aggregated,2026-05-29T22:18:42Z
2026-05-29T22:17:36Z,2026-05-30T00:17:36+0200,e2390b4d-8b36-448a-b0e6-27aba52aab7b,2026-05-20T08:00:00Z,2026-05-20T10:00:00+0200,885.14,MW,FR,FR,actual_offshore_wind_generation,Wind Offshore | Actual Aggregated,2026-05-29T22:18:42Z
2026-05-29T22:17:36Z,2026-05-30T00:17:36+0200,e2390b4d-8b36-448a-b0e6-27aba52aab7b,2026-05-20T08:15:00Z,2026-05-20T10:15:00+0200,857.5,MW,FR,FR,actual_offshore_wind_generation,Wind Offshore | Actual Aggregated,2026-05-29T22:18:42Z
2026-05-29T22:17:36Z,2026-05-30T00:17:36+0200,e2390b4d-8b36-448a-b0e6-27aba52aab7b,2026-05-20T08:30:00Z,2026-05-20T10:30:00+0200,929.4,MW,FR,FR,actual_offshore_wind_generation,Wind Offshore | Actual Aggregated,2026-05-29T22:18:42Z
2026-05-29T22:17:36Z,2026-05-30T00:17:36+0200,e2390b4d-8b36-448a-b0e6-27aba52aab7b,2026-05-20T08:45:00Z,2026-05-20T10:45:00+0200,960.26,MW,FR,FR,actual_offshore_wind_generation,Wind Offshore | Actual Aggregated,2026-05-29T22:18:42Z
2026-05-29T22:17:36Z,2026-05-30T00:17:36+0200,e2390b4d-8b36-448a-b0e6-27aba52aab7b,2026-05-20T09:00:00Z,2026-05-20T11:00:00+0200,880.12,MW,FR,FR,actual_offshore_wind_generation,Wind Offshore | Actual Aggregated,2026-05-29T22:18:42Z
2026-05-29T22:17:36Z,2026-05-30T00:17:36+0200,e2390b4d-8b36-448a-b0e6-27aba52aab7b,2026-05-20T09:15:00Z,2026-05-20T11:15:00+0200,754.07,MW,FR,FR,actual_offshore_wind_generation,Wind Offshore | Actual Aggregated,2026-05-29T22:18:42Z
2026-05-29T22:17:36Z,2026-05-30T00:17:36+0200,e2390b4d-8b36-448a-b0e6-27aba52aab7b,2026-05-20T09:30:00Z,2026-05-20T11:30:00+0200,713.78,MW,FR,FR,actual_offshore_wind_generation,Wind Offshore | Actual Aggregated,2026-05-29T22:18:42Z
2026-05-29T22:17:36Z,2026-05-30T00:17:36+0200,e2390b4d-8b36-448a-b0e6-27aba52aab7b,2026-05-20T09:45:00Z,2026-05-20T11:45:00+0200,719.52,MW,FR,FR,actual_offshore_wind_generation,Wind Offshore | Actual Aggregated,2026-05-29T22:18:42Z
2026-05-29T22:17:36Z,2026-05-30T00:17:36+0200,e2390b4d-8b36-448a-b0e6-27aba52aab7b,2026-05-20T10:00:00Z,2026-05-20T12:00:00+0200,665.63,MW,FR,FR,actual_offshore_wind_generation,Wind Offshore | Actual Aggregated,2026-05-29T22:18:42Z
2026-05-29T22:17:36Z,2026-05-30T00:17:36+0200,e2390b4d-8b36-448a-b0e6-27aba52aab7b,2026-05-20T10:15:00Z,2026-05-20T12:15:00+0200,551.79,MW,FR,FR,actual_offshore_wind_generation,Wind Offshore | Actual Aggregated,2026-05-29T22:18:42Z
2026-05-29T22:17:36Z,2026-05-30T00:17:36+0200,e2390b4d-8b36-448a-b0e6-27aba52aab7b,2026-05-20T10:30:00Z,2026-05-20T12:30:00+0200,649.05,MW,FR,FR,actual_offshore_wind_generation,Wind Offshore | Actual Aggregated,2026-05-29T22:18:42Z
2026-05-29T22:17:36Z,2026-05-30T00:17:36+0200,e2390b4d-8b36-448a-b0e6-27aba52aab7b,2026-05-20T10:45:00Z,2026-05-20T12:45:00+0200,710.63,MW,FR,FR,actual_offshore_wind_generation,Wind Offshore | Actual Aggregated,2026-05-29T22:18:42Z
2026-05-29T22:17:36Z,2026-05-30T00:17:36+0200,e2390b4d-8b36-448a-b0e6-27aba52aab7b,2026-05-20T11:00:00Z,2026-05-20T13:00:00+0200,685.97,MW,FR,FR,actual_offshore_wind_generation,Wind Offshore | Actual Aggregated,2026-05-29T22:18:42Z
2026-05-29T22:17:36Z,2026-05-30T00:17:36+0200,e2390b4d-8b36-448a-b0e6-27aba52aab7b,2026-05-20T11:15:00Z,2026-05-20T13:15:00+0200,653.19,MW,FR,FR,actual_offshore_wind_generation,Wind Offshore | Actual Aggregated,2026-05-29T22:18:42Z
2026-05-29T22:17:36Z,2026-05-30T00:17:36+0200,e2390b4d-8b36-448a-b0e6-27aba52aab7b,2026-05-20T11:30:00Z,2026-05-20T13:30:00+0200,650.07,MW,FR,FR,actual_offshore_wind_generation,Wind Offshore | Actual Aggregated,2026-05-29T22:18:42Z
2026-05-29T22:17:36Z,2026-05-30T00:17:36+0200,e2390b4d-8b36-448a-b0e6-27aba52aab7b,2026-05-20T11:45:00Z,2026-05-20T13:45:00+0200,622.74,MW,FR,FR,actual_offshore_wind_generation,Wind Offshore | Actual Aggregated,2026-05-29T22:18:42Z
2026-05-29T22:17:36Z,2026-05-30T00:17:36+0200,e2390b4d-8b36-448a-b0e6-27aba52aab7b,2026-05-20T12:00:00Z,2026-05-20T14:00:00+0200,598.16,MW,FR,FR,actual_offshore_wind_generation,Wind Offshore | Actual Aggregated,2026-05-29T22:18:42Z
2026-05-29T22:17:36Z,2026-05-30T00:17:36+0200,e2390b4d-8b36-448a-b0e6-27aba52aab7b,2026-05-20T12:15:00Z,2026-05-20T14:15:00+0200,573.98,MW,FR,FR,actual_offshore_wind_generation,Wind Offshore | Actual Aggregated,2026-05-29T22:18:42Z
2026-05-29T22:17:36Z,2026-05-30T00:17:36+0200,e2390b4d-8b36-448a-b0e6-27aba52aab7b,2026-05-20T12:30:00Z,2026-05-20T14:30:00+0200,559.29,MW,FR,FR,actual_offshore_wind_generation,Wind Offshore | Actual Aggregated,2026-05-29T22:18:42Z
2026-05-29T22:17:36Z,2026-05-30T00:17:36+0200,e2390b4d-8b36-448a-b0e6-27aba52aab7b,2026-05-20T12:45:00Z,2026-05-20T14:45:00+0200,533.78,MW,FR,FR,actual_offshore_wind_generation,Wind Offshore | Actual Aggregated,2026-05-29T22:18:42Z
2026-05-29T22:17:36Z,2026-05-30T00:17:36+0200,e2390b4d-8b36-448a-b0e6-27aba52aab7b,2026-05-20T13:00:00Z,2026-05-20T15:00:00+0200,498.67,MW,FR,FR,actual_offshore_wind_generation,Wind Offshore | Actual Aggregated,2026-05-29T22:18:42Z
2026-05-29T22:17:36Z,2026-05-30T00:17:36+0200,e2390b4d-8b36-448a-b0e6-27aba52aab7b,2026-05-20T13:15:00Z,2026-05-20T15:15:00+0200,451.41,MW,FR,FR,actual_offshore_wind_generation,Wind Offshore | Actual Aggregated,2026-05-29T22:18:42Z
2026-05-29T22:17:36Z,2026-05-30T00:17:36+0200,e2390b4d-8b36-448a-b0e6-27aba52aab7b,2026-05-20T13:30:00Z,2026-05-20T15:30:00+0200,374.76,MW,FR,FR,actual_offshore_wind_generation,Wind Offshore | Actual Aggregated,2026-05-29T22:18:42Z
2026-05-29T22:17:36Z,2026-05-30T00:17:36+0200,e2390b4d-8b36-448a-b0e6-27aba52aab7b,2026-05-20T13:45:00Z,2026-05-20T15:45:00+0200,345.21,MW,FR,FR,actual_offshore_wind_generation,Wind Offshore | Actual Aggregated,2026-05-29T22:18:42Z
2026-05-29T22:17:36Z,2026-05-30T00:17:36+0200,e2390b4d-8b36-448a-b0e6-27aba52aab7b,2026-05-20T14:00:00Z,2026-05-20T16:00:00+0200,264.05,MW,FR,FR,actual_offshore_wind_generation,Wind Offshore | Actual Aggregated,2026-05-29T22:18:42Z
2026-05-29T22:17:36Z,2026-05-30T00:17:36+0200,e2390b4d-8b36-448a-b0e6-27aba52aab7b,2026-05-20T14:15:00Z,2026-05-20T16:15:00+0200,249.17,MW,FR,FR,actual_offshore_wind_generation,Wind Offshore | Actual Aggregated,2026-05-29T22:18:42Z
2026-05-29T22:17:36Z,2026-05-30T00:17:36+0200,e2390b4d-8b36-448a-b0e6-27aba52aab7b,2026-05-20T14:30:00Z,2026-05-20T16:30:00+0200,301.09,MW,FR,FR,actual_offshore_wind_generation,Wind Offshore | Actual Aggregated,2026-05-29T22:18:42Z
2026-05-29T22:17:36Z,2026-05-30T00:17:36+0200,e2390b4d-8b36-448a-b0e6-27aba52aab7b,2026-05-20T14:45:00Z,2026-05-20T16:45:00+0200,360.78,MW,FR,FR,actual_offshore_wind_generation,Wind Offshore | Actual Aggregated,2026-05-29T22:18:42Z
2026-05-29T22:17:36Z,2026-05-30T00:17:36+0200,e2390b4d-8b36-448a-b0e6-27aba52aab7b,2026-05-20T15:00:00Z,2026-05-20T17:00:00+0200,345.38,MW,FR,FR,actual_offshore_wind_generation,Wind Offshore | Actual Aggregated,2026-05-29T22:18:42Z
2026-05-29T22:17:36Z,2026-05-30T00:17:36+0200,e2390b4d-8b36-448a-b0e6-27aba52aab7b,2026-05-20T15:15:00Z,2026-05-20T17:15:00+0200,314.72,MW,FR,FR,actual_offshore_wind_generation,Wind Offshore | Actual Aggregated,2026-05-29T22:18:42Z
2026-05-29T22:17:36Z,2026-05-30T00:17:36+0200,e2390b4d-8b36-448a-b0e6-27aba52aab7b,2026-05-20T15:30:00Z,2026-05-20T17:30:00+0200,295.62,MW,FR,FR,actual_offshore_wind_generation,Wind Offshore | Actual Aggregated,2026-05-29T22:18:42Z
2026-05-29T22:17:36Z,2026-05-30T00:17:36+0200,e2390b4d-8b36-448a-b0e6-27aba52aab7b,2026-05-20T15:45:00Z,2026-05-20T17:45:00+0200,285.46,MW,FR,FR,actual_offshore_wind_generation,Wind Offshore | Actual Aggregated,2026-05-29T22:18:42Z
2026-05-29T22:17:36Z,2026-05-30T00:17:36+0200,e2390b4d-8b36-448a-b0e6-27aba52aab7b,2026-05-20T16:00:00Z,2026-05-20T18:00:00+0200,297.9,MW,FR,FR,actual_offshore_wind_generation,Wind Offshore | Actual Aggregated,2026-05-29T22:18:42Z
2026-05-29T22:17:36Z,2026-05-30T00:17:36+0200,e2390b4d-8b36-448a-b0e6-27aba52aab7b,2026-05-20T16:15:00Z,2026-05-20T18:15:00+0200,241.02,MW,FR,FR,actual_offshore_wind_generation,Wind Offshore | Actual Aggregated,2026-05-29T22:18:42Z
2026-05-29T22:17:36Z,2026-05-30T00:17:36+0200,e2390b4d-8b36-448a-b0e6-27aba52aab7b,2026-05-20T16:30:00Z,2026-05-20T18:30:00+0200,179.81,MW,FR,FR,actual_offshore_wind_generation,Wind Offshore | Actual Aggregated,2026-05-29T22:18:42Z
2026-05-29T22:17:36Z,2026-05-30T00:17:36+0200,e2390b4d-8b36-448a-b0e6-27aba52aab7b,2026-05-20T16:45:00Z,2026-05-20T18:45:00+0200,166.65,MW,FR,FR,actual_offshore_wind_generation,Wind Offshore | Actual Aggregated,2026-05-29T22:18:42Z
2026-05-29T22:17:36Z,2026-05-30T00:17:36+0200,e2390b4d-8b36-448a-b0e6-27aba52aab7b,2026-05-20T17:00:00Z,2026-05-20T19:00:00+0200,143.86,MW,FR,FR,actual_offshore_wind_generation,Wind Offshore | Actual Aggregated,2026-05-29T22:18:42Z
2026-05-29T22:17:36Z,2026-05-30T00:17:36+0200,e2390b4d-8b36-448a-b0e6-27aba52aab7b,2026-05-20T17:15:00Z,2026-05-20T19:15:00+0200,141.36,MW,FR,FR,actual_offshore_wind_generation,Wind Offshore | Actual Aggregated,2026-05-29T22:18:42Z
2026-05-29T22:17:36Z,2026-05-30T00:17:36+0200,e2390b4d-8b36-448a-b0e6-27aba52aab7b,2026-05-20T17:30:00Z,2026-05-20T19:30:00+0200,144.16,MW,FR,FR,actual_offshore_wind_generation,Wind Offshore | Actual Aggregated,2026-05-29T22:18:42Z
2026-05-29T22:17:36Z,2026-05-30T00:17:36+0200,e2390b4d-8b36-448a-b0e6-27aba52aab7b,2026-05-20T17:45:00Z,2026-05-20T19:45:00+0200,160.45,MW,FR,FR,actual_offshore_wind_generation,Wind Offshore | Actual Aggregated,2026-05-29T22:18:42Z
2026-05-29T22:17:36Z,2026-05-30T00:17:36+0200,e2390b4d-8b36-448a-b0e6-27aba52aab7b,2026-05-20T18:00:00Z,2026-05-20T20:00:00+0200,189.51,MW,FR,FR,actual_offshore_wind_generation,Wind Offshore | Actual Aggregated,2026-05-29T22:18:42Z
2026-05-29T22:17:36Z,2026-05-30T00:17:36+0200,e2390b4d-8b36-448a-b0e6-27aba52aab7b,2026-05-20T18:15:00Z,2026-05-20T20:15:00+0200,191.67,MW,FR,FR,actual_offshore_wind_generation,Wind Offshore | Actual Aggregated,2026-05-29T22:18:42Z
2026-05-29T22:17:36Z,2026-05-30T00:17:36+0200,e2390b4d-8b36-448a-b0e6-27aba52aab7b,2026-05-20T18:30:00Z,2026-05-20T20:30:00+0200,179.7,MW,FR,FR,actual_offshore_wind_generation,Wind Offshore | Actual Aggregated,2026-05-29T22:18:42Z
2026-05-29T22:17:36Z,2026-05-30T00:17:36+0200,e2390b4d-8b36-448a-b0e6-27aba52aab7b,2026-05-20T18:45:00Z,2026-05-20T20:45:00+0200,150.82,MW,FR,FR,actual_offshore_wind_generation,Wind Offshore | Actual Aggregated,2026-05-29T22:18:42Z
2026-05-29T22:17:36Z,2026-05-30T00:17:36+0200,e2390b4d-8b36-448a-b0e6-27aba52aab7b,2026-05-20T19:00:00Z,2026-05-20T21:00:00+0200,180.46,MW,FR,FR,actual_offshore_wind_generation,Wind Offshore | Actual Aggregated,2026-05-29T22:18:42Z
2026-05-29T22:17:36Z,2026-05-30T00:17:36+0200,e2390b4d-8b36-448a-b0e6-27aba52aab7b,2026-05-20T19:15:00Z,2026-05-20T21:15:00+0200,189.96,MW,FR,FR,actual_offshore_wind_generation,Wind Offshore | Actual Aggregated,2026-05-29T22:18:42Z
2026-05-29T22:17:36Z,2026-05-30T00:17:36+0200,e2390b4d-8b36-448a-b0e6-27aba52aab7b,2026-05-20T19:30:00Z,2026-05-20T21:30:00+0200,171.79,MW,FR,FR,actual_offshore_wind_generation,Wind Offshore | Actual Aggregated,2026-05-29T22:18:42Z
2026-05-29T22:17:36Z,2026-05-30T00:17:36+0200,e2390b4d-8b36-448a-b0e6-27aba52aab7b,2026-05-20T19:45:00Z,2026-05-20T21:45:00+0200,145.52,MW,FR,FR,actual_offshore_wind_generation,Wind Offshore | Actual Aggregated,2026-05-29T22:18:42Z
2026-05-29T22:17:36Z,2026-05-30T00:17:36+0200,e2390b4d-8b36-448a-b0e6-27aba52aab7b,2026-05-20T20:00:00Z,2026-05-20T22:00:00+0200,135.2,MW,FR,FR,actual_offshore_wind_generation,Wind Offshore | Actual Aggregated,2026-05-29T22:18:42Z
2026-05-29T22:17:36Z,2026-05-30T00:17:36+0200,e2390b4d-8b36-448a-b0e6-27aba52aab7b,2026-05-20T20:15:00Z,2026-05-20T22:15:00+0200,132.27,MW,FR,FR,actual_offshore_wind_generation,Wind Offshore | Actual Aggregated,2026-05-29T22:18:42Z
2026-05-29T22:17:36Z,2026-05-30T00:17:36+0200,e2390b4d-8b36-448a-b0e6-27aba52aab7b,2026-05-20T20:30:00Z,2026-05-20T22:30:00+0200,122.31,MW,FR,FR,actual_offshore_wind_generation,Wind Offshore | Actual Aggregated,2026-05-29T22:18:42Z
2026-05-29T22:17:36Z,2026-05-30T00:17:36+0200,e2390b4d-8b36-448a-b0e6-27aba52aab7b,2026-05-20T20:45:00Z,2026-05-20T22:45:00+0200,110.75,MW,FR,FR,actual_offshore_wind_generation,Wind Offshore | Actual Aggregated,2026-05-29T22:18:42Z
2026-05-29T22:17:36Z,2026-05-30T00:17:36+0200,e2390b4d-8b36-448a-b0e6-27aba52aab7b,2026-05-20T21:00:00Z,2026-05-20T23:00:00+0200,108.24,MW,FR,FR,actual_offshore_wind_generation,Wind Offshore | Actual Aggregated,2026-05-29T22:18:42Z
2026-05-29T22:17:36Z,2026-05-30T00:17:36+0200,e2390b4d-8b36-448a-b0e6-27aba52aab7b,2026-05-20T21:15:00Z,2026-05-20T23:15:00+0200,119.35,MW,FR,FR,actual_offshore_wind_generation,Wind Offshore | Actual Aggregated,2026-05-29T22:18:42Z
2026-05-29T22:17:36Z,2026-05-30T00:17:36+0200,e2390b4d-8b36-448a-b0e6-27aba52aab7b,2026-05-20T21:30:00Z,2026-05-20T23:30:00+0200,114.12,MW,FR,FR,actual_offshore_wind_generation,Wind Offshore | Actual Aggregated,2026-05-29T22:18:42Z
2026-05-29T22:17:36Z,2026-05-30T00:17:36+0200,e2390b4d-8b36-448a-b0e6-27aba52aab7b,2026-05-20T21:45:00Z,2026-05-20T23:45:00+0200,98.96,MW,FR,FR,actual_offshore_wind_generation,Wind Offshore | Actual Aggregated,2026-05-29T22:18:42Z
2026-05-29T22:17:36Z,2026-05-30T00:17:36+0200,e2390b4d-8b36-448a-b0e6-27aba52aab7b,2026-05-20T22:00:00Z,2026-05-21T00:00:00+0200,85.33,MW,FR,FR,actual_offshore_wind_generation,Wind Offshore | Actual Aggregated,2026-05-29T22:18:42Z
2026-05-29T22:17:36Z,2026-05-30T00:17:36+0200,e2390b4d-8b36-448a-b0e6-27aba52aab7b,2026-05-20T22:15:00Z,2026-05-21T00:15:00+0200,61.06,MW,FR,FR,actual_offshore_wind_generation,Wind Offshore | Actual Aggregated,2026-05-29T22:18:42Z
2026-05-29T22:17:36Z,2026-05-30T00:17:36+0200,e2390b4d-8b36-448a-b0e6-27aba52aab7b,2026-05-20T22:30:00Z,2026-05-21T00:30:00+0200,36.6,MW,FR,FR,actual_offshore_wind_generation,Wind Offshore | Actual Aggregated,2026-05-29T22:18:42Z
2026-05-29T22:17:36Z,2026-05-30T00:17:36+0200,e2390b4d-8b36-448a-b0e6-27aba52aab7b,2026-05-20T22:45:00Z,2026-05-21T00:45:00+0200,25.87,MW,FR,FR,actual_offshore_wind_generation,Wind Offshore | Actual Aggregated,2026-05-29T22:18:42Z
2026-05-29T22:17:36Z,2026-05-30T00:17:36+0200,e2390b4d-8b36-448a-b0e6-27aba52aab7b,2026-05-20T23:00:00Z,2026-05-21T01:00:00+0200,18.65,MW,FR,FR,actual_offshore_wind_generation,Wind Offshore | Actual Aggregated,2026-05-29T22:18:42Z
2026-05-29T22:17:36Z,2026-05-30T00:17:36+0200,e2390b4d-8b36-448a-b0e6-27aba52aab7b,2026-05-20T23:15:00Z,2026-05-21T01:15:00+0200,12.95,MW,FR,FR,actual_offshore_wind_generation,Wind Offshore | Actual Aggregated,2026-05-29T22:18:42Z
2026-05-29T22:17:36Z,2026-05-30T00:17:36+0200,e2390b4d-8b36-448a-b0e6-27aba52aab7b,2026-05-20T23:30:00Z,2026-05-21T01:30:00+0200,9.96,MW,FR,FR,actual_offshore_wind_generation,Wind Offshore | Actual Aggregated,2026-05-29T22:18:42Z
2026-05-29T22:17:36Z,2026-05-30T00:17:36+0200,e2390b4d-8b36-448a-b0e6-27aba52aab7b,2026-05-20T23:45:00Z,2026-05-21T01:45:00+0200,3.62,MW,FR,FR,actual_offshore_wind_generation,Wind Offshore | Actual Aggregated,2026-05-29T22:18:42Z
2026-05-29T22:17:36Z,2026-05-30T00:17:36+0200,e2390b4d-8b36-448a-b0e6-27aba52aab7b,2026-05-21T00:00:00Z,2026-05-21T02:00:00+0200,3.69,MW,FR,FR,actual_offshore_wind_generation,Wind Offshore | Actual Aggregated,2026-05-29T22:18:42Z
2026-05-29T22:17:36Z,2026-05-30T00:17:36+0200,e2390b4d-8b36-448a-b0e6-27aba52aab7b,2026-05-21T00:15:00Z,2026-05-21T02:15:00+0200,1.55,MW,FR,FR,actual_offshore_wind_generation,Wind Offshore | Actual Aggregated,2026-05-29T22:18:42Z
2026-05-29T22:17:36Z,2026-05-30T00:17:36+0200,e2390b4d-8b36-448a-b0e6-27aba52aab7b,2026-05-21T00:30:00Z,2026-05-21T02:30:00+0200,1.65,MW,FR,FR,actual_offshore_wind_generation,Wind Offshore | Actual Aggregated,2026-05-29T22:18:42Z
2026-05-29T22:17:36Z,2026-05-30T00:17:36+0200,e2390b4d-8b36-448a-b0e6-27aba52aab7b,2026-05-21T00:45:00Z,2026-05-21T02:45:00+0200,11.88,MW,FR,FR,actual_offshore_wind_generation,Wind Offshore | Actual Aggregated,2026-05-29T22:18:42Z
2026-05-29T22:17:36Z,2026-05-30T00:17:36+0200,e2390b4d-8b36-448a-b0e6-27aba52aab7b,2026-05-21T01:00:00Z,2026-05-21T03:00:00+0200,24.82,MW,FR,FR,actual_offshore_wind_generation,Wind Offshore | Actual Aggregated,2026-05-29T22:18:42Z
2026-05-29T22:17:36Z,2026-05-30T00:17:36+0200,e2390b4d-8b36-448a-b0e6-27aba52aab7b,2026-05-21T01:15:00Z,2026-05-21T03:15:00+0200,34.17,MW,FR,FR,actual_offshore_wind_generation,Wind Offshore | Actual Aggregated,2026-05-29T22:18:42Z
2026-05-29T22:17:36Z,2026-05-30T00:17:36+0200,e2390b4d-8b36-448a-b0e6-27aba52aab7b,2026-05-21T01:30:00Z,2026-05-21T03:30:00+0200,46.64,MW,FR,FR,actual_offshore_wind_generation,Wind Offshore | Actual Aggregated,2026-05-29T22:18:42Z
2026-05-29T22:17:36Z,2026-05-30T00:17:36+0200,e2390b4d-8b36-448a-b0e6-27aba52aab7b,2026-05-21T01:45:00Z,2026-05-21T03:45:00+0200,41.33,MW,FR,FR,actual_offshore_wind_generation,Wind Offshore | Actual Aggregated,2026-05-29T22:18:42Z
2026-05-29T22:17:36Z,2026-05-30T00:17:36+0200,e2390b4d-8b36-448a-b0e6-27aba52aab7b,2026-05-21T02:00:00Z,2026-05-21T04:00:00+0200,31.08,MW,FR,FR,actual_offshore_wind_generation,Wind Offshore | Actual Aggregated,2026-05-29T22:18:42Z
2026-05-29T22:17:36Z,2026-05-30T00:17:36+0200,e2390b4d-8b36-448a-b0e6-27aba52aab7b,2026-05-21T02:15:00Z,2026-05-21T04:15:00+0200,29.52,MW,FR,FR,actual_offshore_wind_generation,Wind Offshore | Actual Aggregated,2026-05-29T22:18:42Z
2026-05-29T22:17:36Z,2026-05-30T00:17:36+0200,e2390b4d-8b36-448a-b0e6-27aba52aab7b,2026-05-21T02:30:00Z,2026-05-21T04:30:00+0200,29.99,MW,FR,FR,actual_offshore_wind_generation,Wind Offshore | Actual Aggregated,2026-05-29T22:18:42Z
2026-05-29T22:17:36Z,2026-05-30T00:17:36+0200,e2390b4d-8b36-448a-b0e6-27aba52aab7b,2026-05-21T02:45:00Z,2026-05-21T04:45:00+0200,31.92,MW,FR,FR,actual_offshore_wind_generation,Wind Offshore | Actual Aggregated,2026-05-29T22:18:42Z
2026-05-29T22:17:36Z,2026-05-30T00:17:36+0200,e2390b4d-8b36-448a-b0e6-27aba52aab7b,2026-05-21T03:00:00Z,2026-05-21T05:00:00+0200,41.88,MW,FR,FR,actual_offshore_wind_generation,Wind Offshore | Actual Aggregated,2026-05-29T22:18:42Z
2026-05-29T22:17:36Z,2026-05-30T00:17:36+0200,e2390b4d-8b36-448a-b0e6-27aba52aab7b,2026-05-21T03:15:00Z,2026-05-21T05:15:00+0200,37.43,MW,FR,FR,actual_offshore_wind_generation,Wind Offshore | Actual Aggregated,2026-05-29T22:18:42Z
2026-05-29T22:17:36Z,2026-05-30T00:17:36+0200,e2390b4d-8b36-448a-b0e6-27aba52aab7b,2026-05-21T03:30:00Z,2026-05-21T05:30:00+0200,36.28,MW,FR,FR,actual_offshore_wind_generation,Wind Offshore | Actual Aggregated,2026-05-29T22:18:42Z
2026-05-29T22:17:36Z,2026-05-30T00:17:36+0200,e2390b4d-8b36-448a-b0e6-27aba52aab7b,2026-05-21T03:45:00Z,2026-05-21T05:45:00+0200,27.86,MW,FR,FR,actual_offshore_wind_generation,Wind Offshore | Actual Aggregated,2026-05-29T22:18:42Z
2026-05-29T22:17:36Z,2026-05-30T00:17:36+0200,e2390b4d-8b36-448a-b0e6-27aba52aab7b,2026-05-21T04:00:00Z,2026-05-21T06:00:00+0200,27.2,MW,FR,FR,actual_offshore_wind_generation,Wind Offshore | Actual Aggregated,2026-05-29T22:18:42Z
2026-05-29T22:17:36Z,2026-05-30T00:17:36+0200,e2390b4d-8b36-448a-b0e6-27aba52aab7b,2026-05-21T04:15:00Z,2026-05-21T06:15:00+0200,32.34,MW,FR,FR,actual_offshore_wind_generation,Wind Offshore | Actual Aggregated,2026-05-29T22:18:42Z
2026-05-29T22:17:36Z,2026-05-30T00:17:36+0200,e2390b4d-8b36-448a-b0e6-27aba52aab7b,2026-05-21T04:30:00Z,2026-05-21T06:30:00+0200,36.97,MW,FR,FR,actual_offshore_wind_generation,Wind Offshore | Actual Aggregated,2026-05-29T22:18:42Z
2026-05-29T22:17:36Z,2026-05-30T00:17:36+0200,e2390b4d-8b36-448a-b0e6-27aba52aab7b,2026-05-21T04:45:00Z,2026-05-21T06:45:00+0200,47.3,MW,FR,FR,actual_offshore_wind_generation,Wind Offshore | Actual Aggregated,2026-05-29T22:18:42Z
2026-05-29T22:17:36Z,2026-05-30T00:17:36+0200,e2390b4d-8b36-448a-b0e6-27aba52aab7b,2026-05-21T05:00:00Z,2026-05-21T07:00:00+0200,53.57,MW,FR,FR,actual_offshore_wind_generation,Wind Offshore | Actual Aggregated,2026-05-29T22:18:42Z
2026-05-29T22:17:36Z,2026-05-30T00:17:36+0200,e2390b4d-8b36-448a-b0e6-27aba52aab7b,2026-05-21T05:15:00Z,2026-05-21T07:15:00+0200,56.31,MW,FR,FR,actual_offshore_wind_generation,Wind Offshore | Actual Aggregated,2026-05-29T22:18:42Z
2026-05-29T22:17:36Z,2026-05-30T00:17:36+0200,e2390b4d-8b36-448a-b0e6-27aba52aab7b,2026-05-21T05:30:00Z,2026-05-21T07:30:00+0200,58.46,MW,FR,FR,actual_offshore_wind_generation,Wind Offshore | Actual Aggregated,2026-05-29T22:18:42Z
2026-05-29T22:17:36Z,2026-05-30T00:17:36+0200,e2390b4d-8b36-448a-b0e6-27aba52aab7b,2026-05-21T05:45:00Z,2026-05-21T07:45:00+0200,74.31,MW,FR,FR,actual_offshore_wind_generation,Wind Offshore | Actual Aggregated,2026-05-29T22:18:42Z
2026-05-29T22:17:36Z,2026-05-30T00:17:36+0200,e2390b4d-8b36-448a-b0e6-27aba52aab7b,2026-05-21T06:00:00Z,2026-05-21T08:00:00+0200,92.96,MW,FR,FR,actual_offshore_wind_generation,Wind Offshore | Actual Aggregated,2026-05-29T22:18:42Z
2026-05-29T22:17:36Z,2026-05-30T00:17:36+0200,e2390b4d-8b36-448a-b0e6-27aba52aab7b,2026-05-21T06:15:00Z,2026-05-21T08:15:00+0200,127.29,MW,FR,FR,actual_offshore_wind_generation,Wind Offshore | Actual Aggregated,2026-05-29T22:18:42Z
2026-05-29T22:17:36Z,2026-05-30T00:17:36+0200,e2390b4d-8b36-448a-b0e6-27aba52aab7b,2026-05-21T06:30:00Z,2026-05-21T08:30:00+0200,189.05,MW,FR,FR,actual_offshore_wind_generation,Wind Offshore | Actual Aggregated,2026-05-29T22:18:42Z
2026-05-29T22:17:36Z,2026-05-30T00:17:36+0200,e2390b4d-8b36-448a-b0e6-27aba52aab7b,2026-05-21T06:45:00Z,2026-05-21T08:45:00+0200,221.8,MW,FR,FR,actual_offshore_wind_generation,Wind Offshore | Actual Aggregated,2026-05-29T22:18:42Z
2026-05-29T22:17:36Z,2026-05-30T00:17:36+0200,e2390b4d-8b36-448a-b0e6-27aba52aab7b,2026-05-21T07:00:00Z,2026-05-21T09:00:00+0200,208.05,MW,FR,FR,actual_offshore_wind_generation,Wind Offshore | Actual Aggregated,2026-05-29T22:18:42Z
2026-05-29T22:17:36Z,2026-05-30T00:17:36+0200,e2390b4d-8b36-448a-b0e6-27aba52aab7b,2026-05-21T07:15:00Z,2026-05-21T09:15:00+0200,198.0,MW,FR,FR,actual_offshore_wind_generation,Wind Offshore | Actual Aggregated,2026-05-29T22:18:42Z
2026-05-29T22:17:36Z,2026-05-30T00:17:36+0200,e2390b4d-8b36-448a-b0e6-27aba52aab7b,2026-05-21T07:30:00Z,2026-05-21T09:30:00+0200,178.51,MW,FR,FR,actual_offshore_wind_generation,Wind Offshore | Actual Aggregated,2026-05-29T22:18:42Z
2026-05-29T22:17:36Z,2026-05-30T00:17:36+0200,e2390b4d-8b36-448a-b0e6-27aba52aab7b,2026-05-21T07:45:00Z,2026-05-21T09:45:00+0200,146.61,MW,FR,FR,actual_offshore_wind_generation,Wind Offshore | Actual Aggregated,2026-05-29T22:18:42Z
2026-05-29T22:17:36Z,2026-05-30T00:17:36+0200,e2390b4d-8b36-448a-b0e6-27aba52aab7b,2026-05-21T08:00:00Z,2026-05-21T10:00:00+0200,134.99,MW,FR,FR,actual_offshore_wind_generation,Wind Offshore | Actual Aggregated,2026-05-29T22:18:42Z
2026-05-29T22:17:36Z,2026-05-30T00:17:36+0200,e2390b4d-8b36-448a-b0e6-27aba52aab7b,2026-05-21T08:15:00Z,2026-05-21T10:15:00+0200,115.91,MW,FR,FR,actual_offshore_wind_generation,Wind Offshore | Actual Aggregated,2026-05-29T22:18:42Z
2026-05-29T22:17:36Z,2026-05-30T00:17:36+0200,e2390b4d-8b36-448a-b0e6-27aba52aab7b,2026-05-21T08:30:00Z,2026-05-21T10:30:00+0200,92.81,MW,FR,FR,actual_offshore_wind_generation,Wind Offshore | Actual Aggregated,2026-05-29T22:18:42Z
2026-05-29T22:17:36Z,2026-05-30T00:17:36+0200,e2390b4d-8b36-448a-b0e6-27aba52aab7b,2026-05-21T08:45:00Z,2026-05-21T10:45:00+0200,73.26,MW,FR,FR,actual_offshore_wind_generation,Wind Offshore | Actual Aggregated,2026-05-29T22:18:42Z
2026-05-29T22:17:36Z,2026-05-30T00:17:36+0200,e2390b4d-8b36-448a-b0e6-27aba52aab7b,2026-05-21T09:00:00Z,2026-05-21T11:00:00+0200,60.01,MW,FR,FR,actual_offshore_wind_generation,Wind Offshore | Actual Aggregated,2026-05-29T22:18:42Z
2026-05-29T22:17:36Z,2026-05-30T00:17:36+0200,e2390b4d-8b36-448a-b0e6-27aba52aab7b,2026-05-21T09:15:00Z,2026-05-21T11:15:00+0200,42.24,MW,FR,FR,actual_offshore_wind_generation,Wind Offshore | Actual Aggregated,2026-05-29T22:18:42Z
2026-05-29T22:17:36Z,2026-05-30T00:17:36+0200,e2390b4d-8b36-448a-b0e6-27aba52aab7b,2026-05-21T09:30:00Z,2026-05-21T11:30:00+0200,44.04,MW,FR,FR,actual_offshore_wind_generation,Wind Offshore | Actual Aggregated,2026-05-29T22:18:42Z
2026-05-29T22:17:36Z,2026-05-30T00:17:36+0200,e2390b4d-8b36-448a-b0e6-27aba52aab7b,2026-05-21T09:45:00Z,2026-05-21T11:45:00+0200,49.72,MW,FR,FR,actual_offshore_wind_generation,Wind Offshore | Actual Aggregated,2026-05-29T22:18:42Z
2026-05-29T22:17:36Z,2026-05-30T00:17:36+0200,e2390b4d-8b36-448a-b0e6-27aba52aab7b,2026-05-21T10:00:00Z,2026-05-21T12:00:00+0200,51.9,MW,FR,FR,actual_offshore_wind_generation,Wind Offshore | Actual Aggregated,2026-05-29T22:18:42Z
2026-05-29T22:17:36Z,2026-05-30T00:17:36+0200,e2390b4d-8b36-448a-b0e6-27aba52aab7b,2026-05-21T10:15:00Z,2026-05-21T12:15:00+0200,44.07,MW,FR,FR,actual_offshore_wind_generation,Wind Offshore | Actual Aggregated,2026-05-29T22:18:42Z
2026-05-29T22:17:36Z,2026-05-30T00:17:36+0200,e2390b4d-8b36-448a-b0e6-27aba52aab7b,2026-05-21T10:30:00Z,2026-05-21T12:30:00+0200,64.88,MW,FR,FR,actual_offshore_wind_generation,Wind Offshore | Actual Aggregated,2026-05-29T22:18:42Z
2026-05-29T22:17:36Z,2026-05-30T00:17:36+0200,e2390b4d-8b36-448a-b0e6-27aba52aab7b,2026-05-21T10:45:00Z,2026-05-21T12:45:00+0200,85.11,MW,FR,FR,actual_offshore_wind_generation,Wind Offshore | Actual Aggregated,2026-05-29T22:18:42Z
2026-05-29T22:17:36Z,2026-05-30T00:17:36+0200,e2390b4d-8b36-448a-b0e6-27aba52aab7b,2026-05-21T11:00:00Z,2026-05-21T13:00:00+0200,103.43,MW,FR,FR,actual_offshore_wind_generation,Wind Offshore | Actual Aggregated,2026-05-29T22:18:42Z
2026-05-29T22:17:36Z,2026-05-30T00:17:36+0200,e2390b4d-8b36-448a-b0e6-27aba52aab7b,2026-05-21T11:15:00Z,2026-05-21T13:15:00+0200,120.48,MW,FR,FR,actual_offshore_wind_generation,Wind Offshore | Actual Aggregated,2026-05-29T22:18:42Z
2026-05-29T22:17:36Z,2026-05-30T00:17:36+0200,e2390b4d-8b36-448a-b0e6-27aba52aab7b,2026-05-21T11:30:00Z,2026-05-21T13:30:00+0200,119.1,MW,FR,FR,actual_offshore_wind_generation,Wind Offshore | Actual Aggregated,2026-05-29T22:18:42Z
2026-05-29T22:17:36Z,2026-05-30T00:17:36+0200,e2390b4d-8b36-448a-b0e6-27aba52aab7b,2026-05-21T11:45:00Z,2026-05-21T13:45:00+0200,125.83,MW,FR,FR,actual_offshore_wind_generation,Wind Offshore | Actual Aggregated,2026-05-29T22:18:42Z
2026-05-29T22:17:36Z,2026-05-30T00:17:36+0200,e2390b4d-8b36-448a-b0e6-27aba52aab7b,2026-05-21T12:00:00Z,2026-05-21T14:00:00+0200,123.62,MW,FR,FR,actual_offshore_wind_generation,Wind Offshore | Actual Aggregated,2026-05-29T22:18:42Z
2026-05-29T22:17:36Z,2026-05-30T00:17:36+0200,e2390b4d-8b36-448a-b0e6-27aba52aab7b,2026-05-21T12:15:00Z,2026-05-21T14:15:00+0200,120.8,MW,FR,FR,actual_offshore_wind_generation,Wind Offshore | Actual Aggregated,2026-05-29T22:18:42Z
2026-05-29T22:17:36Z,2026-05-30T00:17:36+0200,e2390b4d-8b36-448a-b0e6-27aba52aab7b,2026-05-21T12:30:00Z,2026-05-21T14:30:00+0200,105.71,MW,FR,FR,actual_offshore_wind_generation,Wind Offshore | Actual Aggregated,2026-05-29T22:18:42Z
2026-05-29T22:17:36Z,2026-05-30T00:17:36+0200,e2390b4d-8b36-448a-b0e6-27aba52aab7b,2026-05-21T12:45:00Z,2026-05-21T14:45:00+0200,93.74,MW,FR,FR,actual_offshore_wind_generation,Wind Offshore | Actual Aggregated,2026-05-29T22:18:42Z
2026-05-29T22:17:36Z,2026-05-30T00:17:36+0200,e2390b4d-8b36-448a-b0e6-27aba52aab7b,2026-05-21T13:00:00Z,2026-05-21T15:00:00+0200,105.82,MW,FR,FR,actual_offshore_wind_generation,Wind Offshore | Actual Aggregated,2026-05-29T22:18:42Z
2026-05-29T22:17:36Z,2026-05-30T00:17:36+0200,e2390b4d-8b36-448a-b0e6-27aba52aab7b,2026-05-21T13:15:00Z,2026-05-21T15:15:00+0200,112.42,MW,FR,FR,actual_offshore_wind_generation,Wind Offshore | Actual Aggregated,2026-05-29T22:18:42Z
2026-05-29T22:17:36Z,2026-05-30T00:17:36+0200,e2390b4d-8b36-448a-b0e6-27aba52aab7b,2026-05-21T13:30:00Z,2026-05-21T15:30:00+0200,120.29,MW,FR,FR,actual_offshore_wind_generation,Wind Offshore | Actual Aggregated,2026-05-29T22:18:42Z
2026-05-29T22:17:36Z,2026-05-30T00:17:36+0200,e2390b4d-8b36-448a-b0e6-27aba52aab7b,2026-05-21T13:45:00Z,2026-05-21T15:45:00+0200,133.35,MW,FR,FR,actual_offshore_wind_generation,Wind Offshore | Actual Aggregated,2026-05-29T22:18:42Z
2026-05-29T22:17:36Z,2026-05-30T00:17:36+0200,e2390b4d-8b36-448a-b0e6-27aba52aab7b,2026-05-21T14:00:00Z,2026-05-21T16:00:00+0200,146.25,MW,FR,FR,actual_offshore_wind_generation,Wind Offshore | Actual Aggregated,2026-05-29T22:18:42Z
2026-05-29T22:17:36Z,2026-05-30T00:17:36+0200,e2390b4d-8b36-448a-b0e6-27aba52aab7b,2026-05-21T14:15:00Z,2026-05-21T16:15:00+0200,146.89,MW,FR,FR,actual_offshore_wind_generation,Wind Offshore | Actual Aggregated,2026-05-29T22:18:42Z
2026-05-29T22:17:36Z,2026-05-30T00:17:36+0200,e2390b4d-8b36-448a-b0e6-27aba52aab7b,2026-05-21T14:30:00Z,2026-05-21T16:30:00+0200,184.08,MW,FR,FR,actual_offshore_wind_generation,Wind Offshore | Actual Aggregated,2026-05-29T22:18:42Z
2026-05-29T22:17:36Z,2026-05-30T00:17:36+0200,e2390b4d-8b36-448a-b0e6-27aba52aab7b,2026-05-21T14:45:00Z,2026-05-21T16:45:00+0200,190.96,MW,FR,FR,actual_offshore_wind_generation,Wind Offshore | Actual Aggregated,2026-05-29T22:18:42Z
2026-05-29T22:17:36Z,2026-05-30T00:17:36+0200,e2390b4d-8b36-448a-b0e6-27aba52aab7b,2026-05-21T15:00:00Z,2026-05-21T17:00:00+0200,170.39,MW,FR,FR,actual_offshore_wind_generation,Wind Offshore | Actual Aggregated,2026-05-29T22:18:42Z
2026-05-29T22:17:36Z,2026-05-30T00:17:36+0200,e2390b4d-8b36-448a-b0e6-27aba52aab7b,2026-05-21T15:15:00Z,2026-05-21T17:15:00+0200,168.0,MW,FR,FR,actual_offshore_wind_generation,Wind Offshore | Actual Aggregated,2026-05-29T22:18:42Z
2026-05-29T22:17:36Z,2026-05-30T00:17:36+0200,e2390b4d-8b36-448a-b0e6-27aba52aab7b,2026-05-21T15:30:00Z,2026-05-21T17:30:00+0200,166.49,MW,FR,FR,actual_offshore_wind_generation,Wind Offshore | Actual Aggregated,2026-05-29T22:18:42Z
2026-05-29T22:17:36Z,2026-05-30T00:17:36+0200,e2390b4d-8b36-448a-b0e6-27aba52aab7b,2026-05-21T15:45:00Z,2026-05-21T17:45:00+0200,171.61,MW,FR,FR,actual_offshore_wind_generation,Wind Offshore | Actual Aggregated,2026-05-29T22:18:42Z
2026-05-29T22:17:36Z,2026-05-30T00:17:36+0200,e2390b4d-8b36-448a-b0e6-27aba52aab7b,2026-05-21T16:00:00Z,2026-05-21T18:00:00+0200,172.22,MW,FR,FR,actual_offshore_wind_generation,Wind Offshore | Actual Aggregated,2026-05-29T22:18:42Z
2026-05-29T22:17:36Z,2026-05-30T00:17:36+0200,e2390b4d-8b36-448a-b0e6-27aba52aab7b,2026-05-21T16:15:00Z,2026-05-21T18:15:00+0200,186.66,MW,FR,FR,actual_offshore_wind_generation,Wind Offshore | Actual Aggregated,2026-05-29T22:18:42Z
2026-05-29T22:17:36Z,2026-05-30T00:17:36+0200,e2390b4d-8b36-448a-b0e6-27aba52aab7b,2026-05-21T16:30:00Z,2026-05-21T18:30:00+0200,158.7,MW,FR,FR,actual_offshore_wind_generation,Wind Offshore | Actual Aggregated,2026-05-29T22:18:42Z
2026-05-29T22:17:36Z,2026-05-30T00:17:36+0200,e2390b4d-8b36-448a-b0e6-27aba52aab7b,2026-05-21T16:45:00Z,2026-05-21T18:45:00+0200,160.4,MW,FR,FR,actual_offshore_wind_generation,Wind Offshore | Actual Aggregated,2026-05-29T22:18:42Z
2026-05-29T22:17:36Z,2026-05-30T00:17:36+0200,e2390b4d-8b36-448a-b0e6-27aba52aab7b,2026-05-21T17:00:00Z,2026-05-21T19:00:00+0200,164.29,MW,FR,FR,actual_offshore_wind_generation,Wind Offshore | Actual Aggregated,2026-05-29T22:18:42Z
2026-05-29T22:17:36Z,2026-05-30T00:17:36+0200,e2390b4d-8b36-448a-b0e6-27aba52aab7b,2026-05-21T17:15:00Z,2026-05-21T19:15:00+0200,163.61,MW,FR,FR,actual_offshore_wind_generation,Wind Offshore | Actual Aggregated,2026-05-29T22:18:42Z
2026-05-29T22:17:36Z,2026-05-30T00:17:36+0200,e2390b4d-8b36-448a-b0e6-27aba52aab7b,2026-05-21T17:30:00Z,2026-05-21T19:30:00+0200,161.47,MW,FR,FR,actual_offshore_wind_generation,Wind Offshore | Actual Aggregated,2026-05-29T22:18:42Z
2026-05-29T22:17:36Z,2026-05-30T00:17:36+0200,e2390b4d-8b36-448a-b0e6-27aba52aab7b,2026-05-21T17:45:00Z,2026-05-21T19:45:00+0200,173.06,MW,FR,FR,actual_offshore_wind_generation,Wind Offshore | Actual Aggregated,2026-05-29T22:18:42Z
2026-05-29T22:17:36Z,2026-05-30T00:17:36+0200,e2390b4d-8b36-448a-b0e6-27aba52aab7b,2026-05-21T18:00:00Z,2026-05-21T20:00:00+0200,160.35,MW,FR,FR,actual_offshore_wind_generation,Wind Offshore | Actual Aggregated,2026-05-29T22:18:42Z
2026-05-29T22:17:36Z,2026-05-30T00:17:36+0200,e2390b4d-8b36-448a-b0e6-27aba52aab7b,2026-05-21T18:15:00Z,2026-05-21T20:15:00+0200,152.8,MW,FR,FR,actual_offshore_wind_generation,Wind Offshore | Actual Aggregated,2026-05-29T22:18:42Z
2026-05-29T22:17:36Z,2026-05-30T00:17:36+0200,e2390b4d-8b36-448a-b0e6-27aba52aab7b,2026-05-21T18:30:00Z,2026-05-21T20:30:00+0200,169.26,MW,FR,FR,actual_offshore_wind_generation,Wind Offshore | Actual Aggregated,2026-05-29T22:18:42Z
2026-05-29T22:17:36Z,2026-05-30T00:17:36+0200,e2390b4d-8b36-448a-b0e6-27aba52aab7b,2026-05-21T18:45:00Z,2026-05-21T20:45:00+0200,176.21,MW,FR,FR,actual_offshore_wind_generation,Wind Offshore | Actual Aggregated,2026-05-29T22:18:42Z
2026-05-29T22:17:36Z,2026-05-30T00:17:36+0200,e2390b4d-8b36-448a-b0e6-27aba52aab7b,2026-05-21T19:00:00Z,2026-05-21T21:00:00+0200,164.04,MW,FR,FR,actual_offshore_wind_generation,Wind Offshore | Actual Aggregated,2026-05-29T22:18:42Z
2026-05-29T22:17:36Z,2026-05-30T00:17:36+0200,e2390b4d-8b36-448a-b0e6-27aba52aab7b,2026-05-21T19:15:00Z,2026-05-21T21:15:00+0200,151.28,MW,FR,FR,actual_offshore_wind_generation,Wind Offshore | Actual Aggregated,2026-05-29T22:18:42Z
2026-05-29T22:17:36Z,2026-05-30T00:17:36+0200,e2390b4d-8b36-448a-b0e6-27aba52aab7b,2026-05-21T19:30:00Z,2026-05-21T21:30:00+0200,151.52,MW,FR,FR,actual_offshore_wind_generation,Wind Offshore | Actual Aggregated,2026-05-29T22:18:42Z
2026-05-29T22:17:36Z,2026-05-30T00:17:36+0200,e2390b4d-8b36-448a-b0e6-27aba52aab7b,2026-05-21T19:45:00Z,2026-05-21T21:45:00+0200,186.54,MW,FR,FR,actual_offshore_wind_generation,Wind Offshore | Actual Aggregated,2026-05-29T22:18:42Z
2026-05-29T22:17:36Z,2026-05-30T00:17:36+0200,e2390b4d-8b36-448a-b0e6-27aba52aab7b,2026-05-21T20:00:00Z,2026-05-21T22:00:00+0200,231.93,MW,FR,FR,actual_offshore_wind_generation,Wind Offshore | Actual Aggregated,2026-05-29T22:18:42Z
2026-05-29T22:17:36Z,2026-05-30T00:17:36+0200,e2390b4d-8b36-448a-b0e6-27aba52aab7b,2026-05-21T20:15:00Z,2026-05-21T22:15:00+0200,259.03,MW,FR,FR,actual_offshore_wind_generation,Wind Offshore | Actual Aggregated,2026-05-29T22:18:42Z
2026-05-29T22:17:36Z,2026-05-30T00:17:36+0200,e2390b4d-8b36-448a-b0e6-27aba52aab7b,2026-05-21T20:30:00Z,2026-05-21T22:30:00+0200,265.82,MW,FR,FR,actual_offshore_wind_generation,Wind Offshore | Actual Aggregated,2026-05-29T22:18:42Z
2026-05-29T22:17:36Z,2026-05-30T00:17:36+0200,e2390b4d-8b36-448a-b0e6-27aba52aab7b,2026-05-21T20:45:00Z,2026-05-21T22:45:00+0200,249.51,MW,FR,FR,actual_offshore_wind_generation,Wind Offshore | Actual Aggregated,2026-05-29T22:18:42Z
2026-05-29T22:17:36Z,2026-05-30T00:17:36+0200,e2390b4d-8b36-448a-b0e6-27aba52aab7b,2026-05-21T21:00:00Z,2026-05-21T23:00:00+0200,240.18,MW,FR,FR,actual_offshore_wind_generation,Wind Offshore | Actual Aggregated,2026-05-29T22:18:42Z
2026-05-29T22:17:36Z,2026-05-30T00:17:36+0200,e2390b4d-8b36-448a-b0e6-27aba52aab7b,2026-05-21T21:15:00Z,2026-05-21T23:15:00+0200,231.28,MW,FR,FR,actual_offshore_wind_generation,Wind Offshore | Actual Aggregated,2026-05-29T22:18:42Z
2026-05-29T22:17:36Z,2026-05-30T00:17:36+0200,e2390b4d-8b36-448a-b0e6-27aba52aab7b,2026-05-21T21:30:00Z,2026-05-21T23:30:00+0200,237.69,MW,FR,FR,actual_offshore_wind_generation,Wind Offshore | Actual Aggregated,2026-05-29T22:18:42Z
2026-05-29T22:17:36Z,2026-05-30T00:17:36+0200,e2390b4d-8b36-448a-b0e6-27aba52aab7b,2026-05-21T21:45:00Z,2026-05-21T23:45:00+0200,216.71,MW,FR,FR,actual_offshore_wind_generation,Wind Offshore | Actual Aggregated,2026-05-29T22:18:42Z
2026-05-29T22:17:36Z,2026-05-30T00:17:36+0200,e2390b4d-8b36-448a-b0e6-27aba52aab7b,2026-05-21T22:00:00Z,2026-05-22T00:00:00+0200,183.38,MW,FR,FR,actual_offshore_wind_generation,Wind Offshore | Actual Aggregated,2026-05-29T22:18:42Z
2026-05-29T22:17:36Z,2026-05-30T00:17:36+0200,e2390b4d-8b36-448a-b0e6-27aba52aab7b,2026-05-21T22:15:00Z,2026-05-22T00:15:00+0200,185.77,MW,FR,FR,actual_offshore_wind_generation,Wind Offshore | Actual Aggregated,2026-05-29T22:18:42Z
2026-05-29T22:17:36Z,2026-05-30T00:17:36+0200,e2390b4d-8b36-448a-b0e6-27aba52aab7b,2026-05-21T22:30:00Z,2026-05-22T00:30:00+0200,222.36,MW,FR,FR,actual_offshore_wind_generation,Wind Offshore | Actual Aggregated,2026-05-29T22:18:42Z
2026-05-29T22:17:36Z,2026-05-30T00:17:36+0200,e2390b4d-8b36-448a-b0e6-27aba52aab7b,2026-05-21T22:45:00Z,2026-05-22T00:45:00+0200,269.14,MW,FR,FR,actual_offshore_wind_generation,Wind Offshore | Actual Aggregated,2026-05-29T22:18:42Z
2026-05-29T22:17:36Z,2026-05-30T00:17:36+0200,e2390b4d-8b36-448a-b0e6-27aba52aab7b,2026-05-21T23:00:00Z,2026-05-22T01:00:00+0200,302.61,MW,FR,FR,actual_offshore_wind_generation,Wind Offshore | Actual Aggregated,2026-05-29T22:18:42Z
2026-05-29T22:17:36Z,2026-05-30T00:17:36+0200,e2390b4d-8b36-448a-b0e6-27aba52aab7b,2026-05-21T23:15:00Z,2026-05-22T01:15:00+0200,316.64,MW,FR,FR,actual_offshore_wind_generation,Wind Offshore | Actual Aggregated,2026-05-29T22:18:42Z
2026-05-29T22:17:36Z,2026-05-30T00:17:36+0200,e2390b4d-8b36-448a-b0e6-27aba52aab7b,2026-05-21T23:30:00Z,2026-05-22T01:30:00+0200,347.88,MW,FR,FR,actual_offshore_wind_generation,Wind Offshore | Actual Aggregated,2026-05-29T22:18:42Z
2026-05-29T22:17:36Z,2026-05-30T00:17:36+0200,e2390b4d-8b36-448a-b0e6-27aba52aab7b,2026-05-21T23:45:00Z,2026-05-22T01:45:00+0200,347.86,MW,FR,FR,actual_offshore_wind_generation,Wind Offshore | Actual Aggregated,2026-05-29T22:18:42Z
2026-05-29T22:17:36Z,2026-05-30T00:17:36+0200,e2390b4d-8b36-448a-b0e6-27aba52aab7b,2026-05-22T00:00:00Z,2026-05-22T02:00:00+0200,353.15,MW,FR,FR,actual_offshore_wind_generation,Wind Offshore | Actual Aggregated,2026-05-29T22:18:42Z
2026-05-29T22:17:36Z,2026-05-30T00:17:36+0200,e2390b4d-8b36-448a-b0e6-27aba52aab7b,2026-05-22T00:15:00Z,2026-05-22T02:15:00+0200,355.41,MW,FR,FR,actual_offshore_wind_generation,Wind Offshore | Actual Aggregated,2026-05-29T22:18:42Z
2026-05-29T22:17:36Z,2026-05-30T00:17:36+0200,e2390b4d-8b36-448a-b0e6-27aba52aab7b,2026-05-22T00:30:00Z,2026-05-22T02:30:00+0200,384.51,MW,FR,FR,actual_offshore_wind_generation,Wind Offshore | Actual Aggregated,2026-05-29T22:18:42Z
2026-05-29T22:17:36Z,2026-05-30T00:17:36+0200,e2390b4d-8b36-448a-b0e6-27aba52aab7b,2026-05-22T00:45:00Z,2026-05-22T02:45:00+0200,418.76,MW,FR,FR,actual_offshore_wind_generation,Wind Offshore | Actual Aggregated,2026-05-29T22:18:42Z
2026-05-29T22:17:36Z,2026-05-30T00:17:36+0200,e2390b4d-8b36-448a-b0e6-27aba52aab7b,2026-05-22T01:00:00Z,2026-05-22T03:00:00+0200,447.78,MW,FR,FR,actual_offshore_wind_generation,Wind Offshore | Actual Aggregated,2026-05-29T22:18:42Z
2026-05-29T22:17:36Z,2026-05-30T00:17:36+0200,e2390b4d-8b36-448a-b0e6-27aba52aab7b,2026-05-22T01:15:00Z,2026-05-22T03:15:00+0200,449.63,MW,FR,FR,actual_offshore_wind_generation,Wind Offshore | Actual Aggregated,2026-05-29T22:18:42Z
2026-05-29T22:17:36Z,2026-05-30T00:17:36+0200,e2390b4d-8b36-448a-b0e6-27aba52aab7b,2026-05-22T01:30:00Z,2026-05-22T03:30:00+0200,462.13,MW,FR,FR,actual_offshore_wind_generation,Wind Offshore | Actual Aggregated,2026-05-29T22:18:42Z
2026-05-29T22:17:36Z,2026-05-30T00:17:36+0200,e2390b4d-8b36-448a-b0e6-27aba52aab7b,2026-05-22T01:45:00Z,2026-05-22T03:45:00+0200,476.91,MW,FR,FR,actual_offshore_wind_generation,Wind Offshore | Actual Aggregated,2026-05-29T22:18:42Z
2026-05-29T22:17:36Z,2026-05-30T00:17:36+0200,e2390b4d-8b36-448a-b0e6-27aba52aab7b,2026-05-22T02:00:00Z,2026-05-22T04:00:00+0200,467.41,MW,FR,FR,actual_offshore_wind_generation,Wind Offshore | Actual Aggregated,2026-05-29T22:18:42Z
2026-05-29T22:17:36Z,2026-05-30T00:17:36+0200,e2390b4d-8b36-448a-b0e6-27aba52aab7b,2026-05-22T02:15:00Z,2026-05-22T04:15:00+0200,426.64,MW,FR,FR,actual_offshore_wind_generation,Wind Offshore | Actual Aggregated,2026-05-29T22:18:42Z
2026-05-29T22:17:36Z,2026-05-30T00:17:36+0200,e2390b4d-8b36-448a-b0e6-27aba52aab7b,2026-05-22T02:30:00Z,2026-05-22T04:30:00+0200,422.56,MW,FR,FR,actual_offshore_wind_generation,Wind Offshore | Actual Aggregated,2026-05-29T22:18:42Z
2026-05-29T22:17:36Z,2026-05-30T00:17:36+0200,e2390b4d-8b36-448a-b0e6-27aba52aab7b,2026-05-22T02:45:00Z,2026-05-22T04:45:00+0200,411.14,MW,FR,FR,actual_offshore_wind_generation,Wind Offshore | Actual Aggregated,2026-05-29T22:18:42Z
2026-05-29T22:17:36Z,2026-05-30T00:17:36+0200,e2390b4d-8b36-448a-b0e6-27aba52aab7b,2026-05-22T03:00:00Z,2026-05-22T05:00:00+0200,372.5,MW,FR,FR,actual_offshore_wind_generation,Wind Offshore | Actual Aggregated,2026-05-29T22:18:42Z
2026-05-29T22:17:36Z,2026-05-30T00:17:36+0200,e2390b4d-8b36-448a-b0e6-27aba52aab7b,2026-05-22T03:15:00Z,2026-05-22T05:15:00+0200,366.26,MW,FR,FR,actual_offshore_wind_generation,Wind Offshore | Actual Aggregated,2026-05-29T22:18:42Z
2026-05-29T22:17:36Z,2026-05-30T00:17:36+0200,e2390b4d-8b36-448a-b0e6-27aba52aab7b,2026-05-22T03:30:00Z,2026-05-22T05:30:00+0200,383.15,MW,FR,FR,actual_offshore_wind_generation,Wind Offshore | Actual Aggregated,2026-05-29T22:18:42Z
2026-05-29T22:17:36Z,2026-05-30T00:17:36+0200,e2390b4d-8b36-448a-b0e6-27aba52aab7b,2026-05-22T03:45:00Z,2026-05-22T05:45:00+0200,389.84,MW,FR,FR,actual_offshore_wind_generation,Wind Offshore | Actual Aggregated,2026-05-29T22:18:42Z
2026-05-29T22:17:36Z,2026-05-30T00:17:36+0200,e2390b4d-8b36-448a-b0e6-27aba52aab7b,2026-05-22T04:00:00Z,2026-05-22T06:00:00+0200,382.47,MW,FR,FR,actual_offshore_wind_generation,Wind Offshore | Actual Aggregated,2026-05-29T22:18:42Z
2026-05-29T22:17:36Z,2026-05-30T00:17:36+0200,e2390b4d-8b36-448a-b0e6-27aba52aab7b,2026-05-22T04:15:00Z,2026-05-22T06:15:00+0200,382.76,MW,FR,FR,actual_offshore_wind_generation,Wind Offshore | Actual Aggregated,2026-05-29T22:18:42Z
2026-05-29T22:17:36Z,2026-05-30T00:17:36+0200,e2390b4d-8b36-448a-b0e6-27aba52aab7b,2026-05-22T04:30:00Z,2026-05-22T06:30:00+0200,370.73,MW,FR,FR,actual_offshore_wind_generation,Wind Offshore | Actual Aggregated,2026-05-29T22:18:42Z
2026-05-29T22:17:36Z,2026-05-30T00:17:36+0200,e2390b4d-8b36-448a-b0e6-27aba52aab7b,2026-05-22T04:45:00Z,2026-05-22T06:45:00+0200,357.41,MW,FR,FR,actual_offshore_wind_generation,Wind Offshore | Actual Aggregated,2026-05-29T22:18:42Z
2026-05-29T22:17:36Z,2026-05-30T00:17:36+0200,e2390b4d-8b36-448a-b0e6-27aba52aab7b,2026-05-22T05:00:00Z,2026-05-22T07:00:00+0200,351.31,MW,FR,FR,actual_offshore_wind_generation,Wind Offshore | Actual Aggregated,2026-05-29T22:18:42Z
2026-05-29T22:17:36Z,2026-05-30T00:17:36+0200,e2390b4d-8b36-448a-b0e6-27aba52aab7b,2026-05-22T05:15:00Z,2026-05-22T07:15:00+0200,337.88,MW,FR,FR,actual_offshore_wind_generation,Wind Offshore | Actual Aggregated,2026-05-29T22:18:42Z
2026-05-29T22:17:36Z,2026-05-30T00:17:36+0200,e2390b4d-8b36-448a-b0e6-27aba52aab7b,2026-05-22T05:30:00Z,2026-05-22T07:30:00+0200,338.88,MW,FR,FR,actual_offshore_wind_generation,Wind Offshore | Actual Aggregated,2026-05-29T22:18:42Z
2026-05-29T22:17:36Z,2026-05-30T00:17:36+0200,e2390b4d-8b36-448a-b0e6-27aba52aab7b,2026-05-22T05:45:00Z,2026-05-22T07:45:00+0200,328.4,MW,FR,FR,actual_offshore_wind_generation,Wind Offshore | Actual Aggregated,2026-05-29T22:18:42Z
2026-05-29T22:17:36Z,2026-05-30T00:17:36+0200,e2390b4d-8b36-448a-b0e6-27aba52aab7b,2026-05-22T06:00:00Z,2026-05-22T08:00:00+0200,315.36,MW,FR,FR,actual_offshore_wind_generation,Wind Offshore | Actual Aggregated,2026-05-29T22:18:42Z
2026-05-29T22:17:36Z,2026-05-30T00:17:36+0200,e2390b4d-8b36-448a-b0e6-27aba52aab7b,2026-05-22T06:15:00Z,2026-05-22T08:15:00+0200,305.88,MW,FR,FR,actual_offshore_wind_generation,Wind Offshore | Actual Aggregated,2026-05-29T22:18:42Z
2026-05-29T22:17:36Z,2026-05-30T00:17:36+0200,e2390b4d-8b36-448a-b0e6-27aba52aab7b,2026-05-22T06:30:00Z,2026-05-22T08:30:00+0200,287.76,MW,FR,FR,actual_offshore_wind_generation,Wind Offshore | Actual Aggregated,2026-05-29T22:18:42Z
2026-05-29T22:17:36Z,2026-05-30T00:17:36+0200,e2390b4d-8b36-448a-b0e6-27aba52aab7b,2026-05-22T06:45:00Z,2026-05-22T08:45:00+0200,284.81,MW,FR,FR,actual_offshore_wind_generation,Wind Offshore | Actual Aggregated,2026-05-29T22:18:42Z
2026-05-29T22:17:36Z,2026-05-30T00:17:36+0200,e2390b4d-8b36-448a-b0e6-27aba52aab7b,2026-05-22T07:00:00Z,2026-05-22T09:00:00+0200,297.5,MW,FR,FR,actual_offshore_wind_generation,Wind Offshore | Actual Aggregated,2026-05-29T22:18:42Z
2026-05-29T22:17:36Z,2026-05-30T00:17:36+0200,e2390b4d-8b36-448a-b0e6-27aba52aab7b,2026-05-22T07:15:00Z,2026-05-22T09:15:00+0200,318.25,MW,FR,FR,actual_offshore_wind_generation,Wind Offshore | Actual Aggregated,2026-05-29T22:18:42Z
2026-05-29T22:17:36Z,2026-05-30T00:17:36+0200,e2390b4d-8b36-448a-b0e6-27aba52aab7b,2026-05-22T07:30:00Z,2026-05-22T09:30:00+0200,313.19,MW,FR,FR,actual_offshore_wind_generation,Wind Offshore | Actual Aggregated,2026-05-29T22:18:42Z
2026-05-29T22:17:36Z,2026-05-30T00:17:36+0200,e2390b4d-8b36-448a-b0e6-27aba52aab7b,2026-05-22T07:45:00Z,2026-05-22T09:45:00+0200,312.57,MW,FR,FR,actual_offshore_wind_generation,Wind Offshore | Actual Aggregated,2026-05-29T22:18:42Z
2026-05-29T22:17:36Z,2026-05-30T00:17:36+0200,e2390b4d-8b36-448a-b0e6-27aba52aab7b,2026-05-22T08:00:00Z,2026-05-22T10:00:00+0200,309.73,MW,FR,FR,actual_offshore_wind_generation,Wind Offshore | Actual Aggregated,2026-05-29T22:18:42Z
2026-05-29T22:17:36Z,2026-05-30T00:17:36+0200,e2390b4d-8b36-448a-b0e6-27aba52aab7b,2026-05-22T08:15:00Z,2026-05-22T10:15:00+0200,306.18,MW,FR,FR,actual_offshore_wind_generation,Wind Offshore | Actual Aggregated,2026-05-29T22:18:42Z
2026-05-29T22:17:36Z,2026-05-30T00:17:36+0200,e2390b4d-8b36-448a-b0e6-27aba52aab7b,2026-05-22T08:30:00Z,2026-05-22T10:30:00+0200,294.64,MW,FR,FR,actual_offshore_wind_generation,Wind Offshore | Actual Aggregated,2026-05-29T22:18:42Z
2026-05-29T22:17:36Z,2026-05-30T00:17:36+0200,e2390b4d-8b36-448a-b0e6-27aba52aab7b,2026-05-22T08:45:00Z,2026-05-22T10:45:00+0200,289.19,MW,FR,FR,actual_offshore_wind_generation,Wind Offshore | Actual Aggregated,2026-05-29T22:18:42Z
2026-05-29T22:17:36Z,2026-05-30T00:17:36+0200,e2390b4d-8b36-448a-b0e6-27aba52aab7b,2026-05-22T09:00:00Z,2026-05-22T11:00:00+0200,293.06,MW,FR,FR,actual_offshore_wind_generation,Wind Offshore | Actual Aggregated,2026-05-29T22:18:42Z
2026-05-29T22:17:36Z,2026-05-30T00:17:36+0200,e2390b4d-8b36-448a-b0e6-27aba52aab7b,2026-05-22T09:15:00Z,2026-05-22T11:15:00+0200,299.44,MW,FR,FR,actual_offshore_wind_generation,Wind Offshore | Actual Aggregated,2026-05-29T22:18:42Z
2026-05-29T22:17:36Z,2026-05-30T00:17:36+0200,e2390b4d-8b36-448a-b0e6-27aba52aab7b,2026-05-22T09:30:00Z,2026-05-22T11:30:00+0200,305.63,MW,FR,FR,actual_offshore_wind_generation,Wind Offshore | Actual Aggregated,2026-05-29T22:18:42Z
2026-05-29T22:17:36Z,2026-05-30T00:17:36+0200,e2390b4d-8b36-448a-b0e6-27aba52aab7b,2026-05-22T09:45:00Z,2026-05-22T11:45:00+0200,309.92,MW,FR,FR,actual_offshore_wind_generation,Wind Offshore | Actual Aggregated,2026-05-29T22:18:42Z
2026-05-29T22:17:36Z,2026-05-30T00:17:36+0200,e2390b4d-8b36-448a-b0e6-27aba52aab7b,2026-05-22T10:00:00Z,2026-05-22T12:00:00+0200,329.61,MW,FR,FR,actual_offshore_wind_generation,Wind Offshore | Actual Aggregated,2026-05-29T22:18:42Z
2026-05-29T22:17:36Z,2026-05-30T00:17:36+0200,e2390b4d-8b36-448a-b0e6-27aba52aab7b,2026-05-22T10:15:00Z,2026-05-22T12:15:00+0200,334.82,MW,FR,FR,actual_offshore_wind_generation,Wind Offshore | Actual Aggregated,2026-05-29T22:18:42Z
2026-05-29T22:17:36Z,2026-05-30T00:17:36+0200,e2390b4d-8b36-448a-b0e6-27aba52aab7b,2026-05-22T10:30:00Z,2026-05-22T12:30:00+0200,366.05,MW,FR,FR,actual_offshore_wind_generation,Wind Offshore | Actual Aggregated,2026-05-29T22:18:42Z
2026-05-29T22:17:36Z,2026-05-30T00:17:36+0200,e2390b4d-8b36-448a-b0e6-27aba52aab7b,2026-05-22T10:45:00Z,2026-05-22T12:45:00+0200,388.58,MW,FR,FR,actual_offshore_wind_generation,Wind Offshore | Actual Aggregated,2026-05-29T22:18:42Z
2026-05-29T22:17:36Z,2026-05-30T00:17:36+0200,e2390b4d-8b36-448a-b0e6-27aba52aab7b,2026-05-22T11:00:00Z,2026-05-22T13:00:00+0200,416.94,MW,FR,FR,actual_offshore_wind_generation,Wind Offshore | Actual Aggregated,2026-05-29T22:18:42Z
2026-05-29T22:17:36Z,2026-05-30T00:17:36+0200,e2390b4d-8b36-448a-b0e6-27aba52aab7b,2026-05-22T11:15:00Z,2026-05-22T13:15:00+0200,423.73,MW,FR,FR,actual_offshore_wind_generation,Wind Offshore | Actual Aggregated,2026-05-29T22:18:42Z
2026-05-29T22:17:36Z,2026-05-30T00:17:36+0200,e2390b4d-8b36-448a-b0e6-27aba52aab7b,2026-05-22T11:30:00Z,2026-05-22T13:30:00+0200,458.43,MW,FR,FR,actual_offshore_wind_generation,Wind Offshore | Actual Aggregated,2026-05-29T22:18:42Z
2026-05-29T22:17:36Z,2026-05-30T00:17:36+0200,e2390b4d-8b36-448a-b0e6-27aba52aab7b,2026-05-22T11:45:00Z,2026-05-22T13:45:00+0200,511.26,MW,FR,FR,actual_offshore_wind_generation,Wind Offshore | Actual Aggregated,2026-05-29T22:18:42Z
2026-05-29T22:17:36Z,2026-05-30T00:17:36+0200,e2390b4d-8b36-448a-b0e6-27aba52aab7b,2026-05-22T12:00:00Z,2026-05-22T14:00:00+0200,558.32,MW,FR,FR,actual_offshore_wind_generation,Wind Offshore | Actual Aggregated,2026-05-29T22:18:42Z
2026-05-29T22:17:36Z,2026-05-30T00:17:36+0200,e2390b4d-8b36-448a-b0e6-27aba52aab7b,2026-05-22T12:15:00Z,2026-05-22T14:15:00+0200,454.93,MW,FR,FR,actual_offshore_wind_generation,Wind Offshore | Actual Aggregated,2026-05-29T22:18:42Z
2026-05-29T22:17:36Z,2026-05-30T00:17:36+0200,e2390b4d-8b36-448a-b0e6-27aba52aab7b,2026-05-22T12:30:00Z,2026-05-22T14:30:00+0200,443.1,MW,FR,FR,actual_offshore_wind_generation,Wind Offshore | Actual Aggregated,2026-05-29T22:18:42Z
2026-05-29T22:17:36Z,2026-05-30T00:17:36+0200,e2390b4d-8b36-448a-b0e6-27aba52aab7b,2026-05-22T12:45:00Z,2026-05-22T14:45:00+0200,475.81,MW,FR,FR,actual_offshore_wind_generation,Wind Offshore | Actual Aggregated,2026-05-29T22:18:42Z
2026-05-29T22:17:36Z,2026-05-30T00:17:36+0200,e2390b4d-8b36-448a-b0e6-27aba52aab7b,2026-05-22T13:00:00Z,2026-05-22T15:00:00+0200,465.78,MW,FR,FR,actual_offshore_wind_generation,Wind Offshore | Actual Aggregated,2026-05-29T22:18:42Z
2026-05-29T22:17:36Z,2026-05-30T00:17:36+0200,e2390b4d-8b36-448a-b0e6-27aba52aab7b,2026-05-22T13:15:00Z,2026-05-22T15:15:00+0200,462.97,MW,FR,FR,actual_offshore_wind_generation,Wind Offshore | Actual Aggregated,2026-05-29T22:18:42Z
2026-05-29T22:17:36Z,2026-05-30T00:17:36+0200,e2390b4d-8b36-448a-b0e6-27aba52aab7b,2026-05-22T13:30:00Z,2026-05-22T15:30:00+0200,435.95,MW,FR,FR,actual_offshore_wind_generation,Wind Offshore | Actual Aggregated,2026-05-29T22:18:42Z
2026-05-29T22:17:36Z,2026-05-30T00:17:36+0200,e2390b4d-8b36-448a-b0e6-27aba52aab7b,2026-05-22T13:45:00Z,2026-05-22T15:45:00+0200,388.15,MW,FR,FR,actual_offshore_wind_generation,Wind Offshore | Actual Aggregated,2026-05-29T22:18:42Z
2026-05-29T22:17:36Z,2026-05-30T00:17:36+0200,e2390b4d-8b36-448a-b0e6-27aba52aab7b,2026-05-22T14:00:00Z,2026-05-22T16:00:00+0200,372.1,MW,FR,FR,actual_offshore_wind_generation,Wind Offshore | Actual Aggregated,2026-05-29T22:18:42Z
2026-05-29T22:17:36Z,2026-05-30T00:17:36+0200,e2390b4d-8b36-448a-b0e6-27aba52aab7b,2026-05-22T14:15:00Z,2026-05-22T16:15:00+0200,354.43,MW,FR,FR,actual_offshore_wind_generation,Wind Offshore | Actual Aggregated,2026-05-29T22:18:42Z
2026-05-29T22:17:36Z,2026-05-30T00:17:36+0200,e2390b4d-8b36-448a-b0e6-27aba52aab7b,2026-05-22T14:30:00Z,2026-05-22T16:30:00+0200,346.76,MW,FR,FR,actual_offshore_wind_generation,Wind Offshore | Actual Aggregated,2026-05-29T22:18:42Z
2026-05-29T22:17:36Z,2026-05-30T00:17:36+0200,e2390b4d-8b36-448a-b0e6-27aba52aab7b,2026-05-22T14:45:00Z,2026-05-22T16:45:00+0200,303.57,MW,FR,FR,actual_offshore_wind_generation,Wind Offshore | Actual Aggregated,2026-05-29T22:18:42Z
2026-05-29T22:17:36Z,2026-05-30T00:17:36+0200,e2390b4d-8b36-448a-b0e6-27aba52aab7b,2026-05-22T15:00:00Z,2026-05-22T17:00:00+0200,255.21,MW,FR,FR,actual_offshore_wind_generation,Wind Offshore | Actual Aggregated,2026-05-29T22:18:42Z
2026-05-29T22:17:36Z,2026-05-30T00:17:36+0200,e2390b4d-8b36-448a-b0e6-27aba52aab7b,2026-05-22T15:15:00Z,2026-05-22T17:15:00+0200,211.3,MW,FR,FR,actual_offshore_wind_generation,Wind Offshore | Actual Aggregated,2026-05-29T22:18:42Z
2026-05-29T22:17:36Z,2026-05-30T00:17:36+0200,e2390b4d-8b36-448a-b0e6-27aba52aab7b,2026-05-22T15:30:00Z,2026-05-22T17:30:00+0200,178.3,MW,FR,FR,actual_offshore_wind_generation,Wind Offshore | Actual Aggregated,2026-05-29T22:18:42Z
2026-05-29T22:17:36Z,2026-05-30T00:17:36+0200,e2390b4d-8b36-448a-b0e6-27aba52aab7b,2026-05-22T15:45:00Z,2026-05-22T17:45:00+0200,159.14,MW,FR,FR,actual_offshore_wind_generation,Wind Offshore | Actual Aggregated,2026-05-29T22:18:42Z
2026-05-29T22:17:36Z,2026-05-30T00:17:36+0200,e2390b4d-8b36-448a-b0e6-27aba52aab7b,2026-05-22T16:00:00Z,2026-05-22T18:00:00+0200,157.82,MW,FR,FR,actual_offshore_wind_generation,Wind Offshore | Actual Aggregated,2026-05-29T22:18:42Z
2026-05-29T22:17:36Z,2026-05-30T00:17:36+0200,e2390b4d-8b36-448a-b0e6-27aba52aab7b,2026-05-22T16:15:00Z,2026-05-22T18:15:00+0200,158.12,MW,FR,FR,actual_offshore_wind_generation,Wind Offshore | Actual Aggregated,2026-05-29T22:18:42Z
2026-05-29T22:17:36Z,2026-05-30T00:17:36+0200,e2390b4d-8b36-448a-b0e6-27aba52aab7b,2026-05-22T16:30:00Z,2026-05-22T18:30:00+0200,166.83,MW,FR,FR,actual_offshore_wind_generation,Wind Offshore | Actual Aggregated,2026-05-29T22:18:42Z
2026-05-29T22:17:36Z,2026-05-30T00:17:36+0200,e2390b4d-8b36-448a-b0e6-27aba52aab7b,2026-05-22T16:45:00Z,2026-05-22T18:45:00+0200,178.35,MW,FR,FR,actual_offshore_wind_generation,Wind Offshore | Actual Aggregated,2026-05-29T22:18:42Z
2026-05-29T22:17:36Z,2026-05-30T00:17:36+0200,e2390b4d-8b36-448a-b0e6-27aba52aab7b,2026-05-22T17:00:00Z,2026-05-22T19:00:00+0200,172.14,MW,FR,FR,actual_offshore_wind_generation,Wind Offshore | Actual Aggregated,2026-05-29T22:18:42Z
2026-05-29T22:17:36Z,2026-05-30T00:17:36+0200,e2390b4d-8b36-448a-b0e6-27aba52aab7b,2026-05-22T17:15:00Z,2026-05-22T19:15:00+0200,166.13,MW,FR,FR,actual_offshore_wind_generation,Wind Offshore | Actual Aggregated,2026-05-29T22:18:42Z
2026-05-29T22:17:36Z,2026-05-30T00:17:36+0200,e2390b4d-8b36-448a-b0e6-27aba52aab7b,2026-05-22T17:30:00Z,2026-05-22T19:30:00+0200,172.43,MW,FR,FR,actual_offshore_wind_generation,Wind Offshore | Actual Aggregated,2026-05-29T22:18:42Z
2026-05-29T22:17:36Z,2026-05-30T00:17:36+0200,e2390b4d-8b36-448a-b0e6-27aba52aab7b,2026-05-22T17:45:00Z,2026-05-22T19:45:00+0200,176.53,MW,FR,FR,actual_offshore_wind_generation,Wind Offshore | Actual Aggregated,2026-05-29T22:18:42Z
2026-05-29T22:17:36Z,2026-05-30T00:17:36+0200,e2390b4d-8b36-448a-b0e6-27aba52aab7b,2026-05-22T18:00:00Z,2026-05-22T20:00:00+0200,170.44,MW,FR,FR,actual_offshore_wind_generation,Wind Offshore | Actual Aggregated,2026-05-29T22:18:42Z
2026-05-29T22:17:36Z,2026-05-30T00:17:36+0200,e2390b4d-8b36-448a-b0e6-27aba52aab7b,2026-05-22T18:15:00Z,2026-05-22T20:15:00+0200,151.51,MW,FR,FR,actual_offshore_wind_generation,Wind Offshore | Actual Aggregated,2026-05-29T22:18:42Z
2026-05-29T22:17:36Z,2026-05-30T00:17:36+0200,e2390b4d-8b36-448a-b0e6-27aba52aab7b,2026-05-22T18:30:00Z,2026-05-22T20:30:00+0200,147.1,MW,FR,FR,actual_offshore_wind_generation,Wind Offshore | Actual Aggregated,2026-05-29T22:18:42Z
2026-05-29T22:17:36Z,2026-05-30T00:17:36+0200,e2390b4d-8b36-448a-b0e6-27aba52aab7b,2026-05-22T18:45:00Z,2026-05-22T20:45:00+0200,134.21,MW,FR,FR,actual_offshore_wind_generation,Wind Offshore | Actual Aggregated,2026-05-29T22:18:42Z
2026-05-29T22:17:36Z,2026-05-30T00:17:36+0200,e2390b4d-8b36-448a-b0e6-27aba52aab7b,2026-05-22T19:00:00Z,2026-05-22T21:00:00+0200,119.6,MW,FR,FR,actual_offshore_wind_generation,Wind Offshore | Actual Aggregated,2026-05-29T22:18:42Z
2026-05-29T22:17:36Z,2026-05-30T00:17:36+0200,e2390b4d-8b36-448a-b0e6-27aba52aab7b,2026-05-22T19:15:00Z,2026-05-22T21:15:00+0200,109.3,MW,FR,FR,actual_offshore_wind_generation,Wind Offshore | Actual Aggregated,2026-05-29T22:18:42Z
2026-05-29T22:17:36Z,2026-05-30T00:17:36+0200,e2390b4d-8b36-448a-b0e6-27aba52aab7b,2026-05-22T19:30:00Z,2026-05-22T21:30:00+0200,111.45,MW,FR,FR,actual_offshore_wind_generation,Wind Offshore | Actual Aggregated,2026-05-29T22:18:42Z
2026-05-29T22:17:36Z,2026-05-30T00:17:36+0200,e2390b4d-8b36-448a-b0e6-27aba52aab7b,2026-05-22T19:45:00Z,2026-05-22T21:45:00+0200,138.09,MW,FR,FR,actual_offshore_wind_generation,Wind Offshore | Actual Aggregated,2026-05-29T22:18:42Z
2026-05-29T22:17:36Z,2026-05-30T00:17:36+0200,e2390b4d-8b36-448a-b0e6-27aba52aab7b,2026-05-22T20:00:00Z,2026-05-22T22:00:00+0200,162.81,MW,FR,FR,actual_offshore_wind_generation,Wind Offshore | Actual Aggregated,2026-05-29T22:18:42Z
2026-05-29T22:17:36Z,2026-05-30T00:17:36+0200,e2390b4d-8b36-448a-b0e6-27aba52aab7b,2026-05-22T20:15:00Z,2026-05-22T22:15:00+0200,194.26,MW,FR,FR,actual_offshore_wind_generation,Wind Offshore | Actual Aggregated,2026-05-29T22:18:42Z
2026-05-29T22:17:36Z,2026-05-30T00:17:36+0200,e2390b4d-8b36-448a-b0e6-27aba52aab7b,2026-05-22T20:30:00Z,2026-05-22T22:30:00+0200,234.16,MW,FR,FR,actual_offshore_wind_generation,Wind Offshore | Actual Aggregated,2026-05-29T22:18:42Z
2026-05-29T22:17:36Z,2026-05-30T00:17:36+0200,e2390b4d-8b36-448a-b0e6-27aba52aab7b,2026-05-22T20:45:00Z,2026-05-22T22:45:00+0200,262.27,MW,FR,FR,actual_offshore_wind_generation,Wind Offshore | Actual Aggregated,2026-05-29T22:18:42Z
2026-05-29T22:17:36Z,2026-05-30T00:17:36+0200,e2390b4d-8b36-448a-b0e6-27aba52aab7b,2026-05-22T21:00:00Z,2026-05-22T23:00:00+0200,269.46,MW,FR,FR,actual_offshore_wind_generation,Wind Offshore | Actual Aggregated,2026-05-29T22:18:42Z
2026-05-29T22:17:36Z,2026-05-30T00:17:36+0200,e2390b4d-8b36-448a-b0e6-27aba52aab7b,2026-05-22T21:15:00Z,2026-05-22T23:15:00+0200,290.61,MW,FR,FR,actual_offshore_wind_generation,Wind Offshore | Actual Aggregated,2026-05-29T22:18:42Z
2026-05-29T22:17:36Z,2026-05-30T00:17:36+0200,e2390b4d-8b36-448a-b0e6-27aba52aab7b,2026-05-22T21:30:00Z,2026-05-22T23:30:00+0200,287.08,MW,FR,FR,actual_offshore_wind_generation,Wind Offshore | Actual Aggregated,2026-05-29T22:18:42Z
2026-05-29T22:17:36Z,2026-05-30T00:17:36+0200,e2390b4d-8b36-448a-b0e6-27aba52aab7b,2026-05-22T21:45:00Z,2026-05-22T23:45:00+0200,290.19,MW,FR,FR,actual_offshore_wind_generation,Wind Offshore | Actual Aggregated,2026-05-29T22:18:42Z
2026-05-29T22:17:36Z,2026-05-30T00:17:36+0200,e2390b4d-8b36-448a-b0e6-27aba52aab7b,2026-05-22T22:00:00Z,2026-05-23T00:00:00+0200,272.18,MW,FR,FR,actual_offshore_wind_generation,Wind Offshore | Actual Aggregated,2026-05-29T22:18:42Z
2026-05-29T22:17:36Z,2026-05-30T00:17:36+0200,e2390b4d-8b36-448a-b0e6-27aba52aab7b,2026-05-22T22:15:00Z,2026-05-23T00:15:00+0200,244.44,MW,FR,FR,actual_offshore_wind_generation,Wind Offshore | Actual Aggregated,2026-05-29T22:18:42Z
2026-05-29T22:17:36Z,2026-05-30T00:17:36+0200,e2390b4d-8b36-448a-b0e6-27aba52aab7b,2026-05-22T22:30:00Z,2026-05-23T00:30:00+0200,203.41,MW,FR,FR,actual_offshore_wind_generation,Wind Offshore | Actual Aggregated,2026-05-29T22:18:42Z
2026-05-29T22:17:36Z,2026-05-30T00:17:36+0200,e2390b4d-8b36-448a-b0e6-27aba52aab7b,2026-05-22T22:45:00Z,2026-05-23T00:45:00+0200,203.75,MW,FR,FR,actual_offshore_wind_generation,Wind Offshore | Actual Aggregated,2026-05-29T22:18:42Z
2026-05-29T22:17:36Z,2026-05-30T00:17:36+0200,e2390b4d-8b36-448a-b0e6-27aba52aab7b,2026-05-22T23:00:00Z,2026-05-23T01:00:00+0200,204.58,MW,FR,FR,actual_offshore_wind_generation,Wind Offshore | Actual Aggregated,2026-05-29T22:18:42Z
2026-05-29T22:17:36Z,2026-05-30T00:17:36+0200,e2390b4d-8b36-448a-b0e6-27aba52aab7b,2026-05-22T23:15:00Z,2026-05-23T01:15:00+0200,203.71,MW,FR,FR,actual_offshore_wind_generation,Wind Offshore | Actual Aggregated,2026-05-29T22:18:42Z
2026-05-29T22:17:36Z,2026-05-30T00:17:36+0200,e2390b4d-8b36-448a-b0e6-27aba52aab7b,2026-05-22T23:30:00Z,2026-05-23T01:30:00+0200,234.06,MW,FR,FR,actual_offshore_wind_generation,Wind Offshore | Actual Aggregated,2026-05-29T22:18:42Z
2026-05-29T22:17:36Z,2026-05-30T00:17:36+0200,e2390b4d-8b36-448a-b0e6-27aba52aab7b,2026-05-22T23:45:00Z,2026-05-23T01:45:00+0200,243.41,MW,FR,FR,actual_offshore_wind_generation,Wind Offshore | Actual Aggregated,2026-05-29T22:18:42Z
2026-05-29T22:17:36Z,2026-05-30T00:17:36+0200,e2390b4d-8b36-448a-b0e6-27aba52aab7b,2026-05-23T00:00:00Z,2026-05-23T02:00:00+0200,212.05,MW,FR,FR,actual_offshore_wind_generation,Wind Offshore | Actual Aggregated,2026-05-29T22:18:42Z
2026-05-29T22:17:36Z,2026-05-30T00:17:36+0200,e2390b4d-8b36-448a-b0e6-27aba52aab7b,2026-05-23T00:15:00Z,2026-05-23T02:15:00+0200,185.11,MW,FR,FR,actual_offshore_wind_generation,Wind Offshore | Actual Aggregated,2026-05-29T22:18:42Z
2026-05-29T22:17:36Z,2026-05-30T00:17:36+0200,e2390b4d-8b36-448a-b0e6-27aba52aab7b,2026-05-23T00:30:00Z,2026-05-23T02:30:00+0200,217.83,MW,FR,FR,actual_offshore_wind_generation,Wind Offshore | Actual Aggregated,2026-05-29T22:18:42Z
2026-05-29T22:17:36Z,2026-05-30T00:17:36+0200,e2390b4d-8b36-448a-b0e6-27aba52aab7b,2026-05-23T00:45:00Z,2026-05-23T02:45:00+0200,220.17,MW,FR,FR,actual_offshore_wind_generation,Wind Offshore | Actual Aggregated,2026-05-29T22:18:42Z
2026-05-29T22:17:36Z,2026-05-30T00:17:36+0200,e2390b4d-8b36-448a-b0e6-27aba52aab7b,2026-05-23T01:00:00Z,2026-05-23T03:00:00+0200,308.04,MW,FR,FR,actual_offshore_wind_generation,Wind Offshore | Actual Aggregated,2026-05-29T22:18:42Z
2026-05-29T22:17:36Z,2026-05-30T00:17:36+0200,e2390b4d-8b36-448a-b0e6-27aba52aab7b,2026-05-23T01:15:00Z,2026-05-23T03:15:00+0200,376.52,MW,FR,FR,actual_offshore_wind_generation,Wind Offshore | Actual Aggregated,2026-05-29T22:18:42Z
2026-05-29T22:17:36Z,2026-05-30T00:17:36+0200,e2390b4d-8b36-448a-b0e6-27aba52aab7b,2026-05-23T01:30:00Z,2026-05-23T03:30:00+0200,397.81,MW,FR,FR,actual_offshore_wind_generation,Wind Offshore | Actual Aggregated,2026-05-29T22:18:42Z
2026-05-29T22:17:36Z,2026-05-30T00:17:36+0200,e2390b4d-8b36-448a-b0e6-27aba52aab7b,2026-05-23T01:45:00Z,2026-05-23T03:45:00+0200,314.0,MW,FR,FR,actual_offshore_wind_generation,Wind Offshore | Actual Aggregated,2026-05-29T22:18:42Z
2026-05-29T22:17:36Z,2026-05-30T00:17:36+0200,e2390b4d-8b36-448a-b0e6-27aba52aab7b,2026-05-23T02:00:00Z,2026-05-23T04:00:00+0200,338.22,MW,FR,FR,actual_offshore_wind_generation,Wind Offshore | Actual Aggregated,2026-05-29T22:18:42Z
2026-05-29T22:17:36Z,2026-05-30T00:17:36+0200,e2390b4d-8b36-448a-b0e6-27aba52aab7b,2026-05-23T02:15:00Z,2026-05-23T04:15:00+0200,285.38,MW,FR,FR,actual_offshore_wind_generation,Wind Offshore | Actual Aggregated,2026-05-29T22:18:42Z
2026-05-29T22:17:36Z,2026-05-30T00:17:36+0200,e2390b4d-8b36-448a-b0e6-27aba52aab7b,2026-05-23T02:30:00Z,2026-05-23T04:30:00+0200,234.17,MW,FR,FR,actual_offshore_wind_generation,Wind Offshore | Actual Aggregated,2026-05-29T22:18:42Z
2026-05-29T22:17:36Z,2026-05-30T00:17:36+0200,e2390b4d-8b36-448a-b0e6-27aba52aab7b,2026-05-23T02:45:00Z,2026-05-23T04:45:00+0200,234.84,MW,FR,FR,actual_offshore_wind_generation,Wind Offshore | Actual Aggregated,2026-05-29T22:18:42Z
2026-05-29T22:17:36Z,2026-05-30T00:17:36+0200,e2390b4d-8b36-448a-b0e6-27aba52aab7b,2026-05-23T03:00:00Z,2026-05-23T05:00:00+0200,206.66,MW,FR,FR,actual_offshore_wind_generation,Wind Offshore | Actual Aggregated,2026-05-29T22:18:42Z
2026-05-29T22:17:36Z,2026-05-30T00:17:36+0200,e2390b4d-8b36-448a-b0e6-27aba52aab7b,2026-05-23T03:15:00Z,2026-05-23T05:15:00+0200,179.39,MW,FR,FR,actual_offshore_wind_generation,Wind Offshore | Actual Aggregated,2026-05-29T22:18:42Z
2026-05-29T22:17:36Z,2026-05-30T00:17:36+0200,e2390b4d-8b36-448a-b0e6-27aba52aab7b,2026-05-23T03:30:00Z,2026-05-23T05:30:00+0200,153.77,MW,FR,FR,actual_offshore_wind_generation,Wind Offshore | Actual Aggregated,2026-05-29T22:18:42Z
2026-05-29T22:17:36Z,2026-05-30T00:17:36+0200,e2390b4d-8b36-448a-b0e6-27aba52aab7b,2026-05-23T03:45:00Z,2026-05-23T05:45:00+0200,143.23,MW,FR,FR,actual_offshore_wind_generation,Wind Offshore | Actual Aggregated,2026-05-29T22:18:42Z
2026-05-29T22:17:36Z,2026-05-30T00:17:36+0200,e2390b4d-8b36-448a-b0e6-27aba52aab7b,2026-05-23T04:00:00Z,2026-05-23T06:00:00+0200,150.68,MW,FR,FR,actual_offshore_wind_generation,Wind Offshore | Actual Aggregated,2026-05-29T22:18:42Z
2026-05-29T22:17:36Z,2026-05-30T00:17:36+0200,e2390b4d-8b36-448a-b0e6-27aba52aab7b,2026-05-23T04:15:00Z,2026-05-23T06:15:00+0200,132.28,MW,FR,FR,actual_offshore_wind_generation,Wind Offshore | Actual Aggregated,2026-05-29T22:18:42Z
2026-05-29T22:17:36Z,2026-05-30T00:17:36+0200,e2390b4d-8b36-448a-b0e6-27aba52aab7b,2026-05-23T04:30:00Z,2026-05-23T06:30:00+0200,123.76,MW,FR,FR,actual_offshore_wind_generation,Wind Offshore | Actual Aggregated,2026-05-29T22:18:42Z
2026-05-29T22:17:36Z,2026-05-30T00:17:36+0200,e2390b4d-8b36-448a-b0e6-27aba52aab7b,2026-05-23T04:45:00Z,2026-05-23T06:45:00+0200,119.88,MW,FR,FR,actual_offshore_wind_generation,Wind Offshore | Actual Aggregated,2026-05-29T22:18:42Z
2026-05-29T22:17:36Z,2026-05-30T00:17:36+0200,e2390b4d-8b36-448a-b0e6-27aba52aab7b,2026-05-23T05:00:00Z,2026-05-23T07:00:00+0200,122.58,MW,FR,FR,actual_offshore_wind_generation,Wind Offshore | Actual Aggregated,2026-05-29T22:18:42Z
2026-05-29T22:17:36Z,2026-05-30T00:17:36+0200,e2390b4d-8b36-448a-b0e6-27aba52aab7b,2026-05-23T05:15:00Z,2026-05-23T07:15:00+0200,131.89,MW,FR,FR,actual_offshore_wind_generation,Wind Offshore | Actual Aggregated,2026-05-29T22:18:42Z
2026-05-29T22:17:36Z,2026-05-30T00:17:36+0200,e2390b4d-8b36-448a-b0e6-27aba52aab7b,2026-05-23T05:30:00Z,2026-05-23T07:30:00+0200,119.71,MW,FR,FR,actual_offshore_wind_generation,Wind Offshore | Actual Aggregated,2026-05-29T22:18:42Z
2026-05-29T22:17:36Z,2026-05-30T00:17:36+0200,e2390b4d-8b36-448a-b0e6-27aba52aab7b,2026-05-23T05:45:00Z,2026-05-23T07:45:00+0200,119.96,MW,FR,FR,actual_offshore_wind_generation,Wind Offshore | Actual Aggregated,2026-05-29T22:18:42Z
2026-05-29T22:17:36Z,2026-05-30T00:17:36+0200,e2390b4d-8b36-448a-b0e6-27aba52aab7b,2026-05-23T06:00:00Z,2026-05-23T08:00:00+0200,106.71,MW,FR,FR,actual_offshore_wind_generation,Wind Offshore | Actual Aggregated,2026-05-29T22:18:42Z
2026-05-29T22:17:36Z,2026-05-30T00:17:36+0200,e2390b4d-8b36-448a-b0e6-27aba52aab7b,2026-05-23T06:15:00Z,2026-05-23T08:15:00+0200,83.64,MW,FR,FR,actual_offshore_wind_generation,Wind Offshore | Actual Aggregated,2026-05-29T22:18:42Z
2026-05-29T22:17:36Z,2026-05-30T00:17:36+0200,e2390b4d-8b36-448a-b0e6-27aba52aab7b,2026-05-23T06:30:00Z,2026-05-23T08:30:00+0200,65.13,MW,FR,FR,actual_offshore_wind_generation,Wind Offshore | Actual Aggregated,2026-05-29T22:18:42Z
2026-05-29T22:17:36Z,2026-05-30T00:17:36+0200,e2390b4d-8b36-448a-b0e6-27aba52aab7b,2026-05-23T06:45:00Z,2026-05-23T08:45:00+0200,102.32,MW,FR,FR,actual_offshore_wind_generation,Wind Offshore | Actual Aggregated,2026-05-29T22:18:42Z
2026-05-29T22:17:36Z,2026-05-30T00:17:36+0200,e2390b4d-8b36-448a-b0e6-27aba52aab7b,2026-05-23T07:00:00Z,2026-05-23T09:00:00+0200,99.41,MW,FR,FR,actual_offshore_wind_generation,Wind Offshore | Actual Aggregated,2026-05-29T22:18:42Z
2026-05-29T22:17:36Z,2026-05-30T00:17:36+0200,e2390b4d-8b36-448a-b0e6-27aba52aab7b,2026-05-23T07:15:00Z,2026-05-23T09:15:00+0200,72.2,MW,FR,FR,actual_offshore_wind_generation,Wind Offshore | Actual Aggregated,2026-05-29T22:18:42Z
2026-05-29T22:17:36Z,2026-05-30T00:17:36+0200,e2390b4d-8b36-448a-b0e6-27aba52aab7b,2026-05-23T07:30:00Z,2026-05-23T09:30:00+0200,69.71,MW,FR,FR,actual_offshore_wind_generation,Wind Offshore | Actual Aggregated,2026-05-29T22:18:42Z
2026-05-29T22:17:36Z,2026-05-30T00:17:36+0200,e2390b4d-8b36-448a-b0e6-27aba52aab7b,2026-05-23T07:45:00Z,2026-05-23T09:45:00+0200,79.96,MW,FR,FR,actual_offshore_wind_generation,Wind Offshore | Actual Aggregated,2026-05-29T22:18:42Z
2026-05-29T22:17:36Z,2026-05-30T00:17:36+0200,e2390b4d-8b36-448a-b0e6-27aba52aab7b,2026-05-23T08:00:00Z,2026-05-23T10:00:00+0200,55.28,MW,FR,FR,actual_offshore_wind_generation,Wind Offshore | Actual Aggregated,2026-05-29T22:18:42Z
2026-05-29T22:17:36Z,2026-05-30T00:17:36+0200,e2390b4d-8b36-448a-b0e6-27aba52aab7b,2026-05-23T08:15:00Z,2026-05-23T10:15:00+0200,45.29,MW,FR,FR,actual_offshore_wind_generation,Wind Offshore | Actual Aggregated,2026-05-29T22:18:42Z
2026-05-29T22:17:36Z,2026-05-30T00:17:36+0200,e2390b4d-8b36-448a-b0e6-27aba52aab7b,2026-05-23T08:30:00Z,2026-05-23T10:30:00+0200,47.81,MW,FR,FR,actual_offshore_wind_generation,Wind Offshore | Actual Aggregated,2026-05-29T22:18:42Z
2026-05-29T22:17:36Z,2026-05-30T00:17:36+0200,e2390b4d-8b36-448a-b0e6-27aba52aab7b,2026-05-23T08:45:00Z,2026-05-23T10:45:00+0200,58.72,MW,FR,FR,actual_offshore_wind_generation,Wind Offshore | Actual Aggregated,2026-05-29T22:18:42Z
2026-05-29T22:17:36Z,2026-05-30T00:17:36+0200,e2390b4d-8b36-448a-b0e6-27aba52aab7b,2026-05-23T09:00:00Z,2026-05-23T11:00:00+0200,53.17,MW,FR,FR,actual_offshore_wind_generation,Wind Offshore | Actual Aggregated,2026-05-29T22:18:42Z
2026-05-29T22:17:36Z,2026-05-30T00:17:36+0200,e2390b4d-8b36-448a-b0e6-27aba52aab7b,2026-05-23T09:15:00Z,2026-05-23T11:15:00+0200,49.85,MW,FR,FR,actual_offshore_wind_generation,Wind Offshore | Actual Aggregated,2026-05-29T22:18:42Z
2026-05-29T22:17:36Z,2026-05-30T00:17:36+0200,e2390b4d-8b36-448a-b0e6-27aba52aab7b,2026-05-23T09:30:00Z,2026-05-23T11:30:00+0200,42.59,MW,FR,FR,actual_offshore_wind_generation,Wind Offshore | Actual Aggregated,2026-05-29T22:18:42Z
2026-05-29T22:17:36Z,2026-05-30T00:17:36+0200,e2390b4d-8b36-448a-b0e6-27aba52aab7b,2026-05-23T09:45:00Z,2026-05-23T11:45:00+0200,44.65,MW,FR,FR,actual_offshore_wind_generation,Wind Offshore | Actual Aggregated,2026-05-29T22:18:42Z
2026-05-29T22:17:36Z,2026-05-30T00:17:36+0200,e2390b4d-8b36-448a-b0e6-27aba52aab7b,2026-05-23T10:00:00Z,2026-05-23T12:00:00+0200,46.87,MW,FR,FR,actual_offshore_wind_generation,Wind Offshore | Actual Aggregated,2026-05-29T22:18:42Z
2026-05-29T22:17:36Z,2026-05-30T00:17:36+0200,e2390b4d-8b36-448a-b0e6-27aba52aab7b,2026-05-23T10:15:00Z,2026-05-23T12:15:00+0200,42.2,MW,FR,FR,actual_offshore_wind_generation,Wind Offshore | Actual Aggregated,2026-05-29T22:18:42Z
2026-05-29T22:17:36Z,2026-05-30T00:17:36+0200,e2390b4d-8b36-448a-b0e6-27aba52aab7b,2026-05-23T10:30:00Z,2026-05-23T12:30:00+0200,43.94,MW,FR,FR,actual_offshore_wind_generation,Wind Offshore | Actual Aggregated,2026-05-29T22:18:42Z
2026-05-29T22:17:36Z,2026-05-30T00:17:36+0200,e2390b4d-8b36-448a-b0e6-27aba52aab7b,2026-05-23T10:45:00Z,2026-05-23T12:45:00+0200,34.92,MW,FR,FR,actual_offshore_wind_generation,Wind Offshore | Actual Aggregated,2026-05-29T22:18:42Z
2026-05-29T22:17:36Z,2026-05-30T00:17:36+0200,e2390b4d-8b36-448a-b0e6-27aba52aab7b,2026-05-23T11:00:00Z,2026-05-23T13:00:00+0200,26.1,MW,FR,FR,actual_offshore_wind_generation,Wind Offshore | Actual Aggregated,2026-05-29T22:18:42Z
2026-05-29T22:17:36Z,2026-05-30T00:17:36+0200,e2390b4d-8b36-448a-b0e6-27aba52aab7b,2026-05-23T11:15:00Z,2026-05-23T13:15:00+0200,23.6,MW,FR,FR,actual_offshore_wind_generation,Wind Offshore | Actual Aggregated,2026-05-29T22:18:42Z
2026-05-29T22:17:36Z,2026-05-30T00:17:36+0200,e2390b4d-8b36-448a-b0e6-27aba52aab7b,2026-05-23T11:30:00Z,2026-05-23T13:30:00+0200,24.34,MW,FR,FR,actual_offshore_wind_generation,Wind Offshore | Actual Aggregated,2026-05-29T22:18:42Z
2026-05-29T22:17:36Z,2026-05-30T00:17:36+0200,e2390b4d-8b36-448a-b0e6-27aba52aab7b,2026-05-23T11:45:00Z,2026-05-23T13:45:00+0200,24.04,MW,FR,FR,actual_offshore_wind_generation,Wind Offshore | Actual Aggregated,2026-05-29T22:18:42Z
2026-05-29T22:17:36Z,2026-05-30T00:17:36+0200,e2390b4d-8b36-448a-b0e6-27aba52aab7b,2026-05-23T12:00:00Z,2026-05-23T14:00:00+0200,22.35,MW,FR,FR,actual_offshore_wind_generation,Wind Offshore | Actual Aggregated,2026-05-29T22:18:42Z
2026-05-29T22:17:36Z,2026-05-30T00:17:36+0200,e2390b4d-8b36-448a-b0e6-27aba52aab7b,2026-05-23T12:15:00Z,2026-05-23T14:15:00+0200,45.95,MW,FR,FR,actual_offshore_wind_generation,Wind Offshore | Actual Aggregated,2026-05-29T22:18:42Z
2026-05-29T22:17:36Z,2026-05-30T00:17:36+0200,e2390b4d-8b36-448a-b0e6-27aba52aab7b,2026-05-23T12:30:00Z,2026-05-23T14:30:00+0200,58.76,MW,FR,FR,actual_offshore_wind_generation,Wind Offshore | Actual Aggregated,2026-05-29T22:18:42Z
2026-05-29T22:17:36Z,2026-05-30T00:17:36+0200,e2390b4d-8b36-448a-b0e6-27aba52aab7b,2026-05-23T12:45:00Z,2026-05-23T14:45:00+0200,63.66,MW,FR,FR,actual_offshore_wind_generation,Wind Offshore | Actual Aggregated,2026-05-29T22:18:42Z
2026-05-29T22:17:36Z,2026-05-30T00:17:36+0200,e2390b4d-8b36-448a-b0e6-27aba52aab7b,2026-05-23T13:00:00Z,2026-05-23T15:00:00+0200,72.33,MW,FR,FR,actual_offshore_wind_generation,Wind Offshore | Actual Aggregated,2026-05-29T22:18:42Z
2026-05-29T22:17:36Z,2026-05-30T00:17:36+0200,e2390b4d-8b36-448a-b0e6-27aba52aab7b,2026-05-23T13:15:00Z,2026-05-23T15:15:00+0200,76.5,MW,FR,FR,actual_offshore_wind_generation,Wind Offshore | Actual Aggregated,2026-05-29T22:18:42Z
2026-05-29T22:17:36Z,2026-05-30T00:17:36+0200,e2390b4d-8b36-448a-b0e6-27aba52aab7b,2026-05-23T13:30:00Z,2026-05-23T15:30:00+0200,55.76,MW,FR,FR,actual_offshore_wind_generation,Wind Offshore | Actual Aggregated,2026-05-29T22:18:42Z
2026-05-29T22:17:36Z,2026-05-30T00:17:36+0200,e2390b4d-8b36-448a-b0e6-27aba52aab7b,2026-05-23T13:45:00Z,2026-05-23T15:45:00+0200,34.89,MW,FR,FR,actual_offshore_wind_generation,Wind Offshore | Actual Aggregated,2026-05-29T22:18:42Z
2026-05-29T22:17:36Z,2026-05-30T00:17:36+0200,e2390b4d-8b36-448a-b0e6-27aba52aab7b,2026-05-23T14:00:00Z,2026-05-23T16:00:00+0200,21.63,MW,FR,FR,actual_offshore_wind_generation,Wind Offshore | Actual Aggregated,2026-05-29T22:18:42Z
2026-05-29T22:17:36Z,2026-05-30T00:17:36+0200,e2390b4d-8b36-448a-b0e6-27aba52aab7b,2026-05-23T14:15:00Z,2026-05-23T16:15:00+0200,36.62,MW,FR,FR,actual_offshore_wind_generation,Wind Offshore | Actual Aggregated,2026-05-29T22:18:42Z
2026-05-29T22:17:36Z,2026-05-30T00:17:36+0200,e2390b4d-8b36-448a-b0e6-27aba52aab7b,2026-05-23T14:30:00Z,2026-05-23T16:30:00+0200,45.25,MW,FR,FR,actual_offshore_wind_generation,Wind Offshore | Actual Aggregated,2026-05-29T22:18:42Z
2026-05-29T22:17:36Z,2026-05-30T00:17:36+0200,e2390b4d-8b36-448a-b0e6-27aba52aab7b,2026-05-23T14:45:00Z,2026-05-23T16:45:00+0200,62.47,MW,FR,FR,actual_offshore_wind_generation,Wind Offshore | Actual Aggregated,2026-05-29T22:18:42Z
2026-05-29T22:17:36Z,2026-05-30T00:17:36+0200,e2390b4d-8b36-448a-b0e6-27aba52aab7b,2026-05-23T15:00:00Z,2026-05-23T17:00:00+0200,79.42,MW,FR,FR,actual_offshore_wind_generation,Wind Offshore | Actual Aggregated,2026-05-29T22:18:42Z
2026-05-29T22:17:36Z,2026-05-30T00:17:36+0200,e2390b4d-8b36-448a-b0e6-27aba52aab7b,2026-05-23T15:15:00Z,2026-05-23T17:15:00+0200,70.05,MW,FR,FR,actual_offshore_wind_generation,Wind Offshore | Actual Aggregated,2026-05-29T22:18:42Z
2026-05-29T22:17:36Z,2026-05-30T00:17:36+0200,e2390b4d-8b36-448a-b0e6-27aba52aab7b,2026-05-23T15:30:00Z,2026-05-23T17:30:00+0200,50.71,MW,FR,FR,actual_offshore_wind_generation,Wind Offshore | Actual Aggregated,2026-05-29T22:18:42Z
2026-05-29T22:17:36Z,2026-05-30T00:17:36+0200,e2390b4d-8b36-448a-b0e6-27aba52aab7b,2026-05-23T15:45:00Z,2026-05-23T17:45:00+0200,49.68,MW,FR,FR,actual_offshore_wind_generation,Wind Offshore | Actual Aggregated,2026-05-29T22:18:42Z
2026-05-29T22:17:36Z,2026-05-30T00:17:36+0200,e2390b4d-8b36-448a-b0e6-27aba52aab7b,2026-05-23T16:00:00Z,2026-05-23T18:00:00+0200,45.8,MW,FR,FR,actual_offshore_wind_generation,Wind Offshore | Actual Aggregated,2026-05-29T22:18:42Z
2026-05-29T22:17:36Z,2026-05-30T00:17:36+0200,e2390b4d-8b36-448a-b0e6-27aba52aab7b,2026-05-23T16:15:00Z,2026-05-23T18:15:00+0200,52.95,MW,FR,FR,actual_offshore_wind_generation,Wind Offshore | Actual Aggregated,2026-05-29T22:18:42Z
2026-05-29T22:17:36Z,2026-05-30T00:17:36+0200,e2390b4d-8b36-448a-b0e6-27aba52aab7b,2026-05-23T16:30:00Z,2026-05-23T18:30:00+0200,58.98,MW,FR,FR,actual_offshore_wind_generation,Wind Offshore | Actual Aggregated,2026-05-29T22:18:42Z
2026-05-29T22:17:36Z,2026-05-30T00:17:36+0200,e2390b4d-8b36-448a-b0e6-27aba52aab7b,2026-05-23T16:45:00Z,2026-05-23T18:45:00+0200,70.0,MW,FR,FR,actual_offshore_wind_generation,Wind Offshore | Actual Aggregated,2026-05-29T22:18:42Z
2026-05-29T22:17:36Z,2026-05-30T00:17:36+0200,e2390b4d-8b36-448a-b0e6-27aba52aab7b,2026-05-23T17:00:00Z,2026-05-23T19:00:00+0200,88.88,MW,FR,FR,actual_offshore_wind_generation,Wind Offshore | Actual Aggregated,2026-05-29T22:18:42Z
2026-05-29T22:17:36Z,2026-05-30T00:17:36+0200,e2390b4d-8b36-448a-b0e6-27aba52aab7b,2026-05-23T17:15:00Z,2026-05-23T19:15:00+0200,102.49,MW,FR,FR,actual_offshore_wind_generation,Wind Offshore | Actual Aggregated,2026-05-29T22:18:42Z
2026-05-29T22:17:36Z,2026-05-30T00:17:36+0200,e2390b4d-8b36-448a-b0e6-27aba52aab7b,2026-05-23T17:30:00Z,2026-05-23T19:30:00+0200,122.66,MW,FR,FR,actual_offshore_wind_generation,Wind Offshore | Actual Aggregated,2026-05-29T22:18:42Z
2026-05-29T22:17:36Z,2026-05-30T00:17:36+0200,e2390b4d-8b36-448a-b0e6-27aba52aab7b,2026-05-23T17:45:00Z,2026-05-23T19:45:00+0200,150.01,MW,FR,FR,actual_offshore_wind_generation,Wind Offshore | Actual Aggregated,2026-05-29T22:18:42Z
2026-05-29T22:17:36Z,2026-05-30T00:17:36+0200,e2390b4d-8b36-448a-b0e6-27aba52aab7b,2026-05-23T18:00:00Z,2026-05-23T20:00:00+0200,170.14,MW,FR,FR,actual_offshore_wind_generation,Wind Offshore | Actual Aggregated,2026-05-29T22:18:42Z
2026-05-29T22:17:36Z,2026-05-30T00:17:36+0200,e2390b4d-8b36-448a-b0e6-27aba52aab7b,2026-05-23T18:15:00Z,2026-05-23T20:15:00+0200,189.01,MW,FR,FR,actual_offshore_wind_generation,Wind Offshore | Actual Aggregated,2026-05-29T22:18:42Z
2026-05-29T22:17:36Z,2026-05-30T00:17:36+0200,e2390b4d-8b36-448a-b0e6-27aba52aab7b,2026-05-23T18:30:00Z,2026-05-23T20:30:00+0200,197.78,MW,FR,FR,actual_offshore_wind_generation,Wind Offshore | Actual Aggregated,2026-05-29T22:18:42Z
2026-05-29T22:17:36Z,2026-05-30T00:17:36+0200,e2390b4d-8b36-448a-b0e6-27aba52aab7b,2026-05-23T18:45:00Z,2026-05-23T20:45:00+0200,211.75,MW,FR,FR,actual_offshore_wind_generation,Wind Offshore | Actual Aggregated,2026-05-29T22:18:42Z
2026-05-29T22:17:36Z,2026-05-30T00:17:36+0200,e2390b4d-8b36-448a-b0e6-27aba52aab7b,2026-05-23T19:00:00Z,2026-05-23T21:00:00+0200,229.67,MW,FR,FR,actual_offshore_wind_generation,Wind Offshore | Actual Aggregated,2026-05-29T22:18:42Z
2026-05-29T22:17:36Z,2026-05-30T00:17:36+0200,e2390b4d-8b36-448a-b0e6-27aba52aab7b,2026-05-23T19:15:00Z,2026-05-23T21:15:00+0200,251.17,MW,FR,FR,actual_offshore_wind_generation,Wind Offshore | Actual Aggregated,2026-05-29T22:18:42Z
2026-05-29T22:17:36Z,2026-05-30T00:17:36+0200,e2390b4d-8b36-448a-b0e6-27aba52aab7b,2026-05-23T19:30:00Z,2026-05-23T21:30:00+0200,267.33,MW,FR,FR,actual_offshore_wind_generation,Wind Offshore | Actual Aggregated,2026-05-29T22:18:42Z
2026-05-29T22:17:36Z,2026-05-30T00:17:36+0200,e2390b4d-8b36-448a-b0e6-27aba52aab7b,2026-05-23T19:45:00Z,2026-05-23T21:45:00+0200,270.89,MW,FR,FR,actual_offshore_wind_generation,Wind Offshore | Actual Aggregated,2026-05-29T22:18:42Z
2026-05-29T22:17:36Z,2026-05-30T00:17:36+0200,e2390b4d-8b36-448a-b0e6-27aba52aab7b,2026-05-23T20:00:00Z,2026-05-23T22:00:00+0200,298.95,MW,FR,FR,actual_offshore_wind_generation,Wind Offshore | Actual Aggregated,2026-05-29T22:18:42Z
2026-05-29T22:17:36Z,2026-05-30T00:17:36+0200,e2390b4d-8b36-448a-b0e6-27aba52aab7b,2026-05-23T20:15:00Z,2026-05-23T22:15:00+0200,367.99,MW,FR,FR,actual_offshore_wind_generation,Wind Offshore | Actual Aggregated,2026-05-29T22:18:42Z
2026-05-29T22:17:36Z,2026-05-30T00:17:36+0200,e2390b4d-8b36-448a-b0e6-27aba52aab7b,2026-05-23T20:30:00Z,2026-05-23T22:30:00+0200,414.04,MW,FR,FR,actual_offshore_wind_generation,Wind Offshore | Actual Aggregated,2026-05-29T22:18:42Z
2026-05-29T22:17:36Z,2026-05-30T00:17:36+0200,e2390b4d-8b36-448a-b0e6-27aba52aab7b,2026-05-23T20:45:00Z,2026-05-23T22:45:00+0200,414.5,MW,FR,FR,actual_offshore_wind_generation,Wind Offshore | Actual Aggregated,2026-05-29T22:18:42Z
2026-05-29T22:17:36Z,2026-05-30T00:17:36+0200,e2390b4d-8b36-448a-b0e6-27aba52aab7b,2026-05-23T21:00:00Z,2026-05-23T23:00:00+0200,431.8,MW,FR,FR,actual_offshore_wind_generation,Wind Offshore | Actual Aggregated,2026-05-29T22:18:42Z
2026-05-29T22:17:36Z,2026-05-30T00:17:36+0200,e2390b4d-8b36-448a-b0e6-27aba52aab7b,2026-05-23T21:15:00Z,2026-05-23T23:15:00+0200,466.67,MW,FR,FR,actual_offshore_wind_generation,Wind Offshore | Actual Aggregated,2026-05-29T22:18:42Z
2026-05-29T22:17:36Z,2026-05-30T00:17:36+0200,e2390b4d-8b36-448a-b0e6-27aba52aab7b,2026-05-23T21:30:00Z,2026-05-23T23:30:00+0200,472.87,MW,FR,FR,actual_offshore_wind_generation,Wind Offshore | Actual Aggregated,2026-05-29T22:18:42Z
2026-05-29T22:17:36Z,2026-05-30T00:17:36+0200,e2390b4d-8b36-448a-b0e6-27aba52aab7b,2026-05-23T21:45:00Z,2026-05-23T23:45:00+0200,472.07,MW,FR,FR,actual_offshore_wind_generation,Wind Offshore | Actual Aggregated,2026-05-29T22:18:42Z
2026-05-29T22:17:36Z,2026-05-30T00:17:36+0200,e2390b4d-8b36-448a-b0e6-27aba52aab7b,2026-05-23T22:00:00Z,2026-05-24T00:00:00+0200,473.86,MW,FR,FR,actual_offshore_wind_generation,Wind Offshore | Actual Aggregated,2026-05-29T22:18:42Z
2026-05-29T22:17:36Z,2026-05-30T00:17:36+0200,e2390b4d-8b36-448a-b0e6-27aba52aab7b,2026-05-23T22:15:00Z,2026-05-24T00:15:00+0200,478.51,MW,FR,FR,actual_offshore_wind_generation,Wind Offshore | Actual Aggregated,2026-05-29T22:18:42Z
2026-05-29T22:17:36Z,2026-05-30T00:17:36+0200,e2390b4d-8b36-448a-b0e6-27aba52aab7b,2026-05-23T22:30:00Z,2026-05-24T00:30:00+0200,490.76,MW,FR,FR,actual_offshore_wind_generation,Wind Offshore | Actual Aggregated,2026-05-29T22:18:42Z
2026-05-29T22:17:36Z,2026-05-30T00:17:36+0200,e2390b4d-8b36-448a-b0e6-27aba52aab7b,2026-05-23T22:45:00Z,2026-05-24T00:45:00+0200,494.54,MW,FR,FR,actual_offshore_wind_generation,Wind Offshore | Actual Aggregated,2026-05-29T22:18:42Z
2026-05-29T22:17:36Z,2026-05-30T00:17:36+0200,e2390b4d-8b36-448a-b0e6-27aba52aab7b,2026-05-23T23:00:00Z,2026-05-24T01:00:00+0200,499.58,MW,FR,FR,actual_offshore_wind_generation,Wind Offshore | Actual Aggregated,2026-05-29T22:18:42Z
2026-05-29T22:17:36Z,2026-05-30T00:17:36+0200,e2390b4d-8b36-448a-b0e6-27aba52aab7b,2026-05-23T23:15:00Z,2026-05-24T01:15:00+0200,471.17,MW,FR,FR,actual_offshore_wind_generation,Wind Offshore | Actual Aggregated,2026-05-29T22:18:42Z
2026-05-29T22:17:36Z,2026-05-30T00:17:36+0200,e2390b4d-8b36-448a-b0e6-27aba52aab7b,2026-05-23T23:30:00Z,2026-05-24T01:30:00+0200,452.06,MW,FR,FR,actual_offshore_wind_generation,Wind Offshore | Actual Aggregated,2026-05-29T22:18:42Z
2026-05-29T22:17:36Z,2026-05-30T00:17:36+0200,e2390b4d-8b36-448a-b0e6-27aba52aab7b,2026-05-23T23:45:00Z,2026-05-24T01:45:00+0200,458.73,MW,FR,FR,actual_offshore_wind_generation,Wind Offshore | Actual Aggregated,2026-05-29T22:18:42Z
2026-05-29T22:17:36Z,2026-05-30T00:17:36+0200,e2390b4d-8b36-448a-b0e6-27aba52aab7b,2026-05-24T00:00:00Z,2026-05-24T02:00:00+0200,456.69,MW,FR,FR,actual_offshore_wind_generation,Wind Offshore | Actual Aggregated,2026-05-29T22:18:42Z
2026-05-29T22:17:36Z,2026-05-30T00:17:36+0200,e2390b4d-8b36-448a-b0e6-27aba52aab7b,2026-05-24T00:15:00Z,2026-05-24T02:15:00+0200,453.17,MW,FR,FR,actual_offshore_wind_generation,Wind Offshore | Actual Aggregated,2026-05-29T22:18:42Z
2026-05-29T22:17:36Z,2026-05-30T00:17:36+0200,e2390b4d-8b36-448a-b0e6-27aba52aab7b,2026-05-24T00:30:00Z,2026-05-24T02:30:00+0200,431.24,MW,FR,FR,actual_offshore_wind_generation,Wind Offshore | Actual Aggregated,2026-05-29T22:18:42Z
2026-05-29T22:17:36Z,2026-05-30T00:17:36+0200,e2390b4d-8b36-448a-b0e6-27aba52aab7b,2026-05-24T00:45:00Z,2026-05-24T02:45:00+0200,446.48,MW,FR,FR,actual_offshore_wind_generation,Wind Offshore | Actual Aggregated,2026-05-29T22:18:42Z
2026-05-29T22:17:36Z,2026-05-30T00:17:36+0200,e2390b4d-8b36-448a-b0e6-27aba52aab7b,2026-05-24T01:00:00Z,2026-05-24T03:00:00+0200,453.32,MW,FR,FR,actual_offshore_wind_generation,Wind Offshore | Actual Aggregated,2026-05-29T22:18:42Z
2026-05-29T22:17:36Z,2026-05-30T00:17:36+0200,e2390b4d-8b36-448a-b0e6-27aba52aab7b,2026-05-24T01:15:00Z,2026-05-24T03:15:00+0200,445.47,MW,FR,FR,actual_offshore_wind_generation,Wind Offshore | Actual Aggregated,2026-05-29T22:18:42Z
2026-05-29T22:17:36Z,2026-05-30T00:17:36+0200,e2390b4d-8b36-448a-b0e6-27aba52aab7b,2026-05-24T01:30:00Z,2026-05-24T03:30:00+0200,457.83,MW,FR,FR,actual_offshore_wind_generation,Wind Offshore | Actual Aggregated,2026-05-29T22:18:42Z
2026-05-29T22:17:36Z,2026-05-30T00:17:36+0200,e2390b4d-8b36-448a-b0e6-27aba52aab7b,2026-05-24T01:45:00Z,2026-05-24T03:45:00+0200,483.69,MW,FR,FR,actual_offshore_wind_generation,Wind Offshore | Actual Aggregated,2026-05-29T22:18:42Z
2026-05-29T22:17:36Z,2026-05-30T00:17:36+0200,e2390b4d-8b36-448a-b0e6-27aba52aab7b,2026-05-24T02:00:00Z,2026-05-24T04:00:00+0200,509.56,MW,FR,FR,actual_offshore_wind_generation,Wind Offshore | Actual Aggregated,2026-05-29T22:18:42Z
2026-05-29T22:17:36Z,2026-05-30T00:17:36+0200,e2390b4d-8b36-448a-b0e6-27aba52aab7b,2026-05-24T02:15:00Z,2026-05-24T04:15:00+0200,540.76,MW,FR,FR,actual_offshore_wind_generation,Wind Offshore | Actual Aggregated,2026-05-29T22:18:42Z
2026-05-29T22:17:36Z,2026-05-30T00:17:36+0200,e2390b4d-8b36-448a-b0e6-27aba52aab7b,2026-05-24T02:30:00Z,2026-05-24T04:30:00+0200,545.21,MW,FR,FR,actual_offshore_wind_generation,Wind Offshore | Actual Aggregated,2026-05-29T22:18:42Z
2026-05-29T22:17:36Z,2026-05-30T00:17:36+0200,e2390b4d-8b36-448a-b0e6-27aba52aab7b,2026-05-24T02:45:00Z,2026-05-24T04:45:00+0200,519.36,MW,FR,FR,actual_offshore_wind_generation,Wind Offshore | Actual Aggregated,2026-05-29T22:18:42Z
2026-05-29T22:17:36Z,2026-05-30T00:17:36+0200,e2390b4d-8b36-448a-b0e6-27aba52aab7b,2026-05-24T03:00:00Z,2026-05-24T05:00:00+0200,498.28,MW,FR,FR,actual_offshore_wind_generation,Wind Offshore | Actual Aggregated,2026-05-29T22:18:42Z
2026-05-29T22:17:36Z,2026-05-30T00:17:36+0200,e2390b4d-8b36-448a-b0e6-27aba52aab7b,2026-05-24T03:15:00Z,2026-05-24T05:15:00+0200,491.72,MW,FR,FR,actual_offshore_wind_generation,Wind Offshore | Actual Aggregated,2026-05-29T22:18:42Z
2026-05-29T22:17:36Z,2026-05-30T00:17:36+0200,e2390b4d-8b36-448a-b0e6-27aba52aab7b,2026-05-24T03:30:00Z,2026-05-24T05:30:00+0200,484.82,MW,FR,FR,actual_offshore_wind_generation,Wind Offshore | Actual Aggregated,2026-05-29T22:18:42Z
2026-05-29T22:17:36Z,2026-05-30T00:17:36+0200,e2390b4d-8b36-448a-b0e6-27aba52aab7b,2026-05-24T03:45:00Z,2026-05-24T05:45:00+0200,468.44,MW,FR,FR,actual_offshore_wind_generation,Wind Offshore | Actual Aggregated,2026-05-29T22:18:42Z
2026-05-29T22:17:36Z,2026-05-30T00:17:36+0200,e2390b4d-8b36-448a-b0e6-27aba52aab7b,2026-05-24T04:00:00Z,2026-05-24T06:00:00+0200,465.69,MW,FR,FR,actual_offshore_wind_generation,Wind Offshore | Actual Aggregated,2026-05-29T22:18:42Z
2026-05-29T22:17:36Z,2026-05-30T00:17:36+0200,e2390b4d-8b36-448a-b0e6-27aba52aab7b,2026-05-24T04:15:00Z,2026-05-24T06:15:00+0200,464.07,MW,FR,FR,actual_offshore_wind_generation,Wind Offshore | Actual Aggregated,2026-05-29T22:18:42Z
2026-05-29T22:17:36Z,2026-05-30T00:17:36+0200,e2390b4d-8b36-448a-b0e6-27aba52aab7b,2026-05-24T04:30:00Z,2026-05-24T06:30:00+0200,493.67,MW,FR,FR,actual_offshore_wind_generation,Wind Offshore | Actual Aggregated,2026-05-29T22:18:42Z
2026-05-29T22:17:36Z,2026-05-30T00:17:36+0200,e2390b4d-8b36-448a-b0e6-27aba52aab7b,2026-05-24T04:45:00Z,2026-05-24T06:45:00+0200,506.96,MW,FR,FR,actual_offshore_wind_generation,Wind Offshore | Actual Aggregated,2026-05-29T22:18:42Z
2026-05-29T22:17:36Z,2026-05-30T00:17:36+0200,e2390b4d-8b36-448a-b0e6-27aba52aab7b,2026-05-24T05:00:00Z,2026-05-24T07:00:00+0200,534.29,MW,FR,FR,actual_offshore_wind_generation,Wind Offshore | Actual Aggregated,2026-05-29T22:18:42Z
2026-05-29T22:17:36Z,2026-05-30T00:17:36+0200,e2390b4d-8b36-448a-b0e6-27aba52aab7b,2026-05-24T05:15:00Z,2026-05-24T07:15:00+0200,564.95,MW,FR,FR,actual_offshore_wind_generation,Wind Offshore | Actual Aggregated,2026-05-29T22:18:42Z
2026-05-29T22:17:36Z,2026-05-30T00:17:36+0200,e2390b4d-8b36-448a-b0e6-27aba52aab7b,2026-05-24T05:30:00Z,2026-05-24T07:30:00+0200,554.32,MW,FR,FR,actual_offshore_wind_generation,Wind Offshore | Actual Aggregated,2026-05-29T22:18:42Z
2026-05-29T22:17:36Z,2026-05-30T00:17:36+0200,e2390b4d-8b36-448a-b0e6-27aba52aab7b,2026-05-24T05:45:00Z,2026-05-24T07:45:00+0200,560.31,MW,FR,FR,actual_offshore_wind_generation,Wind Offshore | Actual Aggregated,2026-05-29T22:18:42Z
2026-05-29T22:17:36Z,2026-05-30T00:17:36+0200,e2390b4d-8b36-448a-b0e6-27aba52aab7b,2026-05-24T06:00:00Z,2026-05-24T08:00:00+0200,547.69,MW,FR,FR,actual_offshore_wind_generation,Wind Offshore | Actual Aggregated,2026-05-29T22:18:42Z
2026-05-29T22:17:36Z,2026-05-30T00:17:36+0200,e2390b4d-8b36-448a-b0e6-27aba52aab7b,2026-05-24T06:15:00Z,2026-05-24T08:15:00+0200,559.04,MW,FR,FR,actual_offshore_wind_generation,Wind Offshore | Actual Aggregated,2026-05-29T22:18:42Z
2026-05-29T22:17:36Z,2026-05-30T00:17:36+0200,e2390b4d-8b36-448a-b0e6-27aba52aab7b,2026-05-24T06:30:00Z,2026-05-24T08:30:00+0200,555.93,MW,FR,FR,actual_offshore_wind_generation,Wind Offshore | Actual Aggregated,2026-05-29T22:18:42Z
2026-05-29T22:17:36Z,2026-05-30T00:17:36+0200,e2390b4d-8b36-448a-b0e6-27aba52aab7b,2026-05-24T06:45:00Z,2026-05-24T08:45:00+0200,490.02,MW,FR,FR,actual_offshore_wind_generation,Wind Offshore | Actual Aggregated,2026-05-29T22:18:42Z
2026-05-29T22:17:36Z,2026-05-30T00:17:36+0200,e2390b4d-8b36-448a-b0e6-27aba52aab7b,2026-05-24T07:00:00Z,2026-05-24T09:00:00+0200,447.93,MW,FR,FR,actual_offshore_wind_generation,Wind Offshore | Actual Aggregated,2026-05-29T22:18:42Z
2026-05-29T22:17:36Z,2026-05-30T00:17:36+0200,e2390b4d-8b36-448a-b0e6-27aba52aab7b,2026-05-24T07:15:00Z,2026-05-24T09:15:00+0200,430.42,MW,FR,FR,actual_offshore_wind_generation,Wind Offshore | Actual Aggregated,2026-05-29T22:18:42Z
2026-05-29T22:17:36Z,2026-05-30T00:17:36+0200,e2390b4d-8b36-448a-b0e6-27aba52aab7b,2026-05-24T07:30:00Z,2026-05-24T09:30:00+0200,401.87,MW,FR,FR,actual_offshore_wind_generation,Wind Offshore | Actual Aggregated,2026-05-29T22:18:42Z
2026-05-29T22:17:36Z,2026-05-30T00:17:36+0200,e2390b4d-8b36-448a-b0e6-27aba52aab7b,2026-05-24T07:45:00Z,2026-05-24T09:45:00+0200,322.67,MW,FR,FR,actual_offshore_wind_generation,Wind Offshore | Actual Aggregated,2026-05-29T22:18:42Z
2026-05-29T22:17:36Z,2026-05-30T00:17:36+0200,e2390b4d-8b36-448a-b0e6-27aba52aab7b,2026-05-24T08:00:00Z,2026-05-24T10:00:00+0200,316.52,MW,FR,FR,actual_offshore_wind_generation,Wind Offshore | Actual Aggregated,2026-05-29T22:18:42Z
2026-05-29T22:17:36Z,2026-05-30T00:17:36+0200,e2390b4d-8b36-448a-b0e6-27aba52aab7b,2026-05-24T08:15:00Z,2026-05-24T10:15:00+0200,240.29,MW,FR,FR,actual_offshore_wind_generation,Wind Offshore | Actual Aggregated,2026-05-29T22:18:42Z
2026-05-29T22:17:36Z,2026-05-30T00:17:36+0200,e2390b4d-8b36-448a-b0e6-27aba52aab7b,2026-05-24T08:30:00Z,2026-05-24T10:30:00+0200,215.32,MW,FR,FR,actual_offshore_wind_generation,Wind Offshore | Actual Aggregated,2026-05-29T22:18:42Z
2026-05-29T22:17:36Z,2026-05-30T00:17:36+0200,e2390b4d-8b36-448a-b0e6-27aba52aab7b,2026-05-24T08:45:00Z,2026-05-24T10:45:00+0200,214.62,MW,FR,FR,actual_offshore_wind_generation,Wind Offshore | Actual Aggregated,2026-05-29T22:18:42Z
2026-05-29T22:17:36Z,2026-05-30T00:17:36+0200,e2390b4d-8b36-448a-b0e6-27aba52aab7b,2026-05-24T09:00:00Z,2026-05-24T11:00:00+0200,216.6,MW,FR,FR,actual_offshore_wind_generation,Wind Offshore | Actual Aggregated,2026-05-29T22:18:42Z
2026-05-29T22:17:36Z,2026-05-30T00:17:36+0200,e2390b4d-8b36-448a-b0e6-27aba52aab7b,2026-05-24T09:15:00Z,2026-05-24T11:15:00+0200,226.51,MW,FR,FR,actual_offshore_wind_generation,Wind Offshore | Actual Aggregated,2026-05-29T22:18:42Z
2026-05-29T22:17:36Z,2026-05-30T00:17:36+0200,e2390b4d-8b36-448a-b0e6-27aba52aab7b,2026-05-24T09:30:00Z,2026-05-24T11:30:00+0200,222.72,MW,FR,FR,actual_offshore_wind_generation,Wind Offshore | Actual Aggregated,2026-05-29T22:18:42Z
2026-05-29T22:17:36Z,2026-05-30T00:17:36+0200,e2390b4d-8b36-448a-b0e6-27aba52aab7b,2026-05-24T09:45:00Z,2026-05-24T11:45:00+0200,218.36,MW,FR,FR,actual_offshore_wind_generation,Wind Offshore | Actual Aggregated,2026-05-29T22:18:42Z
2026-05-29T22:17:36Z,2026-05-30T00:17:36+0200,e2390b4d-8b36-448a-b0e6-27aba52aab7b,2026-05-24T10:00:00Z,2026-05-24T12:00:00+0200,219.42,MW,FR,FR,actual_offshore_wind_generation,Wind Offshore | Actual Aggregated,2026-05-29T22:18:42Z
2026-05-29T22:17:36Z,2026-05-30T00:17:36+0200,e2390b4d-8b36-448a-b0e6-27aba52aab7b,2026-05-24T10:15:00Z,2026-05-24T12:15:00+0200,218.69,MW,FR,FR,actual_offshore_wind_generation,Wind Offshore | Actual Aggregated,2026-05-29T22:18:42Z
2026-05-29T22:17:36Z,2026-05-30T00:17:36+0200,e2390b4d-8b36-448a-b0e6-27aba52aab7b,2026-05-24T10:30:00Z,2026-05-24T12:30:00+0200,214.43,MW,FR,FR,actual_offshore_wind_generation,Wind Offshore | Actual Aggregated,2026-05-29T22:18:42Z
2026-05-29T22:17:36Z,2026-05-30T00:17:36+0200,e2390b4d-8b36-448a-b0e6-27aba52aab7b,2026-05-24T10:45:00Z,2026-05-24T12:45:00+0200,201.02,MW,FR,FR,actual_offshore_wind_generation,Wind Offshore | Actual Aggregated,2026-05-29T22:18:42Z
2026-05-29T22:17:36Z,2026-05-30T00:17:36+0200,e2390b4d-8b36-448a-b0e6-27aba52aab7b,2026-05-24T11:00:00Z,2026-05-24T13:00:00+0200,207.22,MW,FR,FR,actual_offshore_wind_generation,Wind Offshore | Actual Aggregated,2026-05-29T22:18:42Z
2026-05-29T22:17:36Z,2026-05-30T00:17:36+0200,e2390b4d-8b36-448a-b0e6-27aba52aab7b,2026-05-24T11:15:00Z,2026-05-24T13:15:00+0200,202.88,MW,FR,FR,actual_offshore_wind_generation,Wind Offshore | Actual Aggregated,2026-05-29T22:18:42Z
2026-05-29T22:17:36Z,2026-05-30T00:17:36+0200,e2390b4d-8b36-448a-b0e6-27aba52aab7b,2026-05-24T11:30:00Z,2026-05-24T13:30:00+0200,189.36,MW,FR,FR,actual_offshore_wind_generation,Wind Offshore | Actual Aggregated,2026-05-29T22:18:42Z
2026-05-29T22:17:36Z,2026-05-30T00:17:36+0200,e2390b4d-8b36-448a-b0e6-27aba52aab7b,2026-05-24T11:45:00Z,2026-05-24T13:45:00+0200,203.83,MW,FR,FR,actual_offshore_wind_generation,Wind Offshore | Actual Aggregated,2026-05-29T22:18:42Z
2026-05-29T22:17:36Z,2026-05-30T00:17:36+0200,e2390b4d-8b36-448a-b0e6-27aba52aab7b,2026-05-24T12:00:00Z,2026-05-24T14:00:00+0200,193.19,MW,FR,FR,actual_offshore_wind_generation,Wind Offshore | Actual Aggregated,2026-05-29T22:18:42Z
2026-05-29T22:17:36Z,2026-05-30T00:17:36+0200,e2390b4d-8b36-448a-b0e6-27aba52aab7b,2026-05-24T12:15:00Z,2026-05-24T14:15:00+0200,204.09,MW,FR,FR,actual_offshore_wind_generation,Wind Offshore | Actual Aggregated,2026-05-29T22:18:42Z
2026-05-29T22:17:36Z,2026-05-30T00:17:36+0200,e2390b4d-8b36-448a-b0e6-27aba52aab7b,2026-05-24T12:30:00Z,2026-05-24T14:30:00+0200,202.78,MW,FR,FR,actual_offshore_wind_generation,Wind Offshore | Actual Aggregated,2026-05-29T22:18:42Z
2026-05-29T22:17:36Z,2026-05-30T00:17:36+0200,e2390b4d-8b36-448a-b0e6-27aba52aab7b,2026-05-24T12:45:00Z,2026-05-24T14:45:00+0200,204.32,MW,FR,FR,actual_offshore_wind_generation,Wind Offshore | Actual Aggregated,2026-05-29T22:18:42Z
2026-05-29T22:17:36Z,2026-05-30T00:17:36+0200,e2390b4d-8b36-448a-b0e6-27aba52aab7b,2026-05-24T13:00:00Z,2026-05-24T15:00:00+0200,180.4,MW,FR,FR,actual_offshore_wind_generation,Wind Offshore | Actual Aggregated,2026-05-29T22:18:42Z
2026-05-29T22:17:36Z,2026-05-30T00:17:36+0200,e2390b4d-8b36-448a-b0e6-27aba52aab7b,2026-05-24T13:15:00Z,2026-05-24T15:15:00+0200,193.31,MW,FR,FR,actual_offshore_wind_generation,Wind Offshore | Actual Aggregated,2026-05-29T22:18:42Z
2026-05-29T22:17:36Z,2026-05-30T00:17:36+0200,e2390b4d-8b36-448a-b0e6-27aba52aab7b,2026-05-24T13:30:00Z,2026-05-24T15:30:00+0200,195.83,MW,FR,FR,actual_offshore_wind_generation,Wind Offshore | Actual Aggregated,2026-05-29T22:18:42Z
2026-05-29T22:17:36Z,2026-05-30T00:17:36+0200,e2390b4d-8b36-448a-b0e6-27aba52aab7b,2026-05-24T13:45:00Z,2026-05-24T15:45:00+0200,202.41,MW,FR,FR,actual_offshore_wind_generation,Wind Offshore | Actual Aggregated,2026-05-29T22:18:42Z
2026-05-29T22:17:36Z,2026-05-30T00:17:36+0200,e2390b4d-8b36-448a-b0e6-27aba52aab7b,2026-05-24T14:00:00Z,2026-05-24T16:00:00+0200,198.46,MW,FR,FR,actual_offshore_wind_generation,Wind Offshore | Actual Aggregated,2026-05-29T22:18:42Z
2026-05-29T22:17:36Z,2026-05-30T00:17:36+0200,e2390b4d-8b36-448a-b0e6-27aba52aab7b,2026-05-24T14:15:00Z,2026-05-24T16:15:00+0200,206.05,MW,FR,FR,actual_offshore_wind_generation,Wind Offshore | Actual Aggregated,2026-05-29T22:18:42Z
2026-05-29T22:17:36Z,2026-05-30T00:17:36+0200,e2390b4d-8b36-448a-b0e6-27aba52aab7b,2026-05-24T14:30:00Z,2026-05-24T16:30:00+0200,250.53,MW,FR,FR,actual_offshore_wind_generation,Wind Offshore | Actual Aggregated,2026-05-29T22:18:42Z
2026-05-29T22:17:36Z,2026-05-30T00:17:36+0200,e2390b4d-8b36-448a-b0e6-27aba52aab7b,2026-05-24T14:45:00Z,2026-05-24T16:45:00+0200,386.4,MW,FR,FR,actual_offshore_wind_generation,Wind Offshore | Actual Aggregated,2026-05-29T22:18:42Z
2026-05-29T22:17:36Z,2026-05-30T00:17:36+0200,e2390b4d-8b36-448a-b0e6-27aba52aab7b,2026-05-24T15:00:00Z,2026-05-24T17:00:00+0200,403.71,MW,FR,FR,actual_offshore_wind_generation,Wind Offshore | Actual Aggregated,2026-05-29T22:18:42Z
2026-05-29T22:17:36Z,2026-05-30T00:17:36+0200,e2390b4d-8b36-448a-b0e6-27aba52aab7b,2026-05-24T15:15:00Z,2026-05-24T17:15:00+0200,352.27,MW,FR,FR,actual_offshore_wind_generation,Wind Offshore | Actual Aggregated,2026-05-29T22:18:42Z
2026-05-29T22:17:36Z,2026-05-30T00:17:36+0200,e2390b4d-8b36-448a-b0e6-27aba52aab7b,2026-05-24T15:30:00Z,2026-05-24T17:30:00+0200,242.87,MW,FR,FR,actual_offshore_wind_generation,Wind Offshore | Actual Aggregated,2026-05-29T22:18:42Z
2026-05-29T22:17:36Z,2026-05-30T00:17:36+0200,e2390b4d-8b36-448a-b0e6-27aba52aab7b,2026-05-24T15:45:00Z,2026-05-24T17:45:00+0200,294.83,MW,FR,FR,actual_offshore_wind_generation,Wind Offshore | Actual Aggregated,2026-05-29T22:18:42Z
2026-05-29T22:17:36Z,2026-05-30T00:17:36+0200,e2390b4d-8b36-448a-b0e6-27aba52aab7b,2026-05-24T16:00:00Z,2026-05-24T18:00:00+0200,366.47,MW,FR,FR,actual_offshore_wind_generation,Wind Offshore | Actual Aggregated,2026-05-29T22:18:42Z
2026-05-29T22:17:36Z,2026-05-30T00:17:36+0200,e2390b4d-8b36-448a-b0e6-27aba52aab7b,2026-05-24T16:15:00Z,2026-05-24T18:15:00+0200,466.03,MW,FR,FR,actual_offshore_wind_generation,Wind Offshore | Actual Aggregated,2026-05-29T22:18:42Z
2026-05-29T22:17:36Z,2026-05-30T00:17:36+0200,e2390b4d-8b36-448a-b0e6-27aba52aab7b,2026-05-24T16:30:00Z,2026-05-24T18:30:00+0200,508.48,MW,FR,FR,actual_offshore_wind_generation,Wind Offshore | Actual Aggregated,2026-05-29T22:18:42Z
2026-05-29T22:17:36Z,2026-05-30T00:17:36+0200,e2390b4d-8b36-448a-b0e6-27aba52aab7b,2026-05-24T16:45:00Z,2026-05-24T18:45:00+0200,511.01,MW,FR,FR,actual_offshore_wind_generation,Wind Offshore | Actual Aggregated,2026-05-29T22:18:42Z
2026-05-29T22:17:36Z,2026-05-30T00:17:36+0200,e2390b4d-8b36-448a-b0e6-27aba52aab7b,2026-05-24T17:00:00Z,2026-05-24T19:00:00+0200,891.53,MW,FR,FR,actual_offshore_wind_generation,Wind Offshore | Actual Aggregated,2026-05-29T22:18:42Z
2026-05-29T22:17:36Z,2026-05-30T00:17:36+0200,e2390b4d-8b36-448a-b0e6-27aba52aab7b,2026-05-24T17:15:00Z,2026-05-24T19:15:00+0200,889.22,MW,FR,FR,actual_offshore_wind_generation,Wind Offshore | Actual Aggregated,2026-05-29T22:18:42Z
2026-05-29T22:17:36Z,2026-05-30T00:17:36+0200,e2390b4d-8b36-448a-b0e6-27aba52aab7b,2026-05-24T17:30:00Z,2026-05-24T19:30:00+0200,879.09,MW,FR,FR,actual_offshore_wind_generation,Wind Offshore | Actual Aggregated,2026-05-29T22:18:42Z
2026-05-29T22:17:36Z,2026-05-30T00:17:36+0200,e2390b4d-8b36-448a-b0e6-27aba52aab7b,2026-05-24T17:45:00Z,2026-05-24T19:45:00+0200,903.87,MW,FR,FR,actual_offshore_wind_generation,Wind Offshore | Actual Aggregated,2026-05-29T22:18:42Z
2026-05-29T22:17:36Z,2026-05-30T00:17:36+0200,e2390b4d-8b36-448a-b0e6-27aba52aab7b,2026-05-24T18:00:00Z,2026-05-24T20:00:00+0200,937.13,MW,FR,FR,actual_offshore_wind_generation,Wind Offshore | Actual Aggregated,2026-05-29T22:18:42Z
2026-05-29T22:17:36Z,2026-05-30T00:17:36+0200,e2390b4d-8b36-448a-b0e6-27aba52aab7b,2026-05-24T18:15:00Z,2026-05-24T20:15:00+0200,960.95,MW,FR,FR,actual_offshore_wind_generation,Wind Offshore | Actual Aggregated,2026-05-29T22:18:42Z
2026-05-29T22:17:36Z,2026-05-30T00:17:36+0200,e2390b4d-8b36-448a-b0e6-27aba52aab7b,2026-05-24T18:30:00Z,2026-05-24T20:30:00+0200,1016.21,MW,FR,FR,actual_offshore_wind_generation,Wind Offshore | Actual Aggregated,2026-05-29T22:18:42Z
2026-05-29T22:17:36Z,2026-05-30T00:17:36+0200,e2390b4d-8b36-448a-b0e6-27aba52aab7b,2026-05-24T18:45:00Z,2026-05-24T20:45:00+0200,1098.76,MW,FR,FR,actual_offshore_wind_generation,Wind Offshore | Actual Aggregated,2026-05-29T22:18:42Z
2026-05-29T22:17:36Z,2026-05-30T00:17:36+0200,e2390b4d-8b36-448a-b0e6-27aba52aab7b,2026-05-24T19:00:00Z,2026-05-24T21:00:00+0200,1141.06,MW,FR,FR,actual_offshore_wind_generation,Wind Offshore | Actual Aggregated,2026-05-29T22:18:42Z
2026-05-29T22:17:36Z,2026-05-30T00:17:36+0200,e2390b4d-8b36-448a-b0e6-27aba52aab7b,2026-05-24T19:15:00Z,2026-05-24T21:15:00+0200,1145.41,MW,FR,FR,actual_offshore_wind_generation,Wind Offshore | Actual Aggregated,2026-05-29T22:18:42Z
2026-05-29T22:17:36Z,2026-05-30T00:17:36+0200,e2390b4d-8b36-448a-b0e6-27aba52aab7b,2026-05-24T19:30:00Z,2026-05-24T21:30:00+0200,1185.58,MW,FR,FR,actual_offshore_wind_generation,Wind Offshore | Actual Aggregated,2026-05-29T22:18:42Z
2026-05-29T22:17:36Z,2026-05-30T00:17:36+0200,e2390b4d-8b36-448a-b0e6-27aba52aab7b,2026-05-24T19:45:00Z,2026-05-24T21:45:00+0200,1252.31,MW,FR,FR,actual_offshore_wind_generation,Wind Offshore | Actual Aggregated,2026-05-29T22:18:42Z
2026-05-29T22:17:36Z,2026-05-30T00:17:36+0200,e2390b4d-8b36-448a-b0e6-27aba52aab7b,2026-05-24T20:00:00Z,2026-05-24T22:00:00+0200,1333.72,MW,FR,FR,actual_offshore_wind_generation,Wind Offshore | Actual Aggregated,2026-05-29T22:18:42Z
2026-05-29T22:17:36Z,2026-05-30T00:17:36+0200,e2390b4d-8b36-448a-b0e6-27aba52aab7b,2026-05-24T20:15:00Z,2026-05-24T22:15:00+0200,1380.14,MW,FR,FR,actual_offshore_wind_generation,Wind Offshore | Actual Aggregated,2026-05-29T22:18:42Z
2026-05-29T22:17:36Z,2026-05-30T00:17:36+0200,e2390b4d-8b36-448a-b0e6-27aba52aab7b,2026-05-24T20:30:00Z,2026-05-24T22:30:00+0200,1397.27,MW,FR,FR,actual_offshore_wind_generation,Wind Offshore | Actual Aggregated,2026-05-29T22:18:42Z
2026-05-29T22:17:36Z,2026-05-30T00:17:36+0200,e2390b4d-8b36-448a-b0e6-27aba52aab7b,2026-05-24T20:45:00Z,2026-05-24T22:45:00+0200,1401.89,MW,FR,FR,actual_offshore_wind_generation,Wind Offshore | Actual Aggregated,2026-05-29T22:18:42Z
2026-05-29T22:17:36Z,2026-05-30T00:17:36+0200,e2390b4d-8b36-448a-b0e6-27aba52aab7b,2026-05-24T21:00:00Z,2026-05-24T23:00:00+0200,1404.87,MW,FR,FR,actual_offshore_wind_generation,Wind Offshore | Actual Aggregated,2026-05-29T22:18:42Z
2026-05-29T22:17:36Z,2026-05-30T00:17:36+0200,e2390b4d-8b36-448a-b0e6-27aba52aab7b,2026-05-24T21:15:00Z,2026-05-24T23:15:00+0200,1408.33,MW,FR,FR,actual_offshore_wind_generation,Wind Offshore | Actual Aggregated,2026-05-29T22:18:42Z
2026-05-29T22:17:36Z,2026-05-30T00:17:36+0200,e2390b4d-8b36-448a-b0e6-27aba52aab7b,2026-05-24T21:30:00Z,2026-05-24T23:30:00+0200,1417.67,MW,FR,FR,actual_offshore_wind_generation,Wind Offshore | Actual Aggregated,2026-05-29T22:18:42Z
2026-05-29T22:17:36Z,2026-05-30T00:17:36+0200,e2390b4d-8b36-448a-b0e6-27aba52aab7b,2026-05-24T21:45:00Z,2026-05-24T23:45:00+0200,1441.49,MW,FR,FR,actual_offshore_wind_generation,Wind Offshore | Actual Aggregated,2026-05-29T22:18:42Z
2026-05-29T22:17:36Z,2026-05-30T00:17:36+0200,e2390b4d-8b36-448a-b0e6-27aba52aab7b,2026-05-24T22:00:00Z,2026-05-25T00:00:00+0200,1441.52,MW,FR,FR,actual_offshore_wind_generation,Wind Offshore | Actual Aggregated,2026-05-29T22:18:42Z
2026-05-29T22:17:36Z,2026-05-30T00:17:36+0200,e2390b4d-8b36-448a-b0e6-27aba52aab7b,2026-05-24T22:15:00Z,2026-05-25T00:15:00+0200,1400.83,MW,FR,FR,actual_offshore_wind_generation,Wind Offshore | Actual Aggregated,2026-05-29T22:18:42Z
2026-05-29T22:17:36Z,2026-05-30T00:17:36+0200,e2390b4d-8b36-448a-b0e6-27aba52aab7b,2026-05-24T22:30:00Z,2026-05-25T00:30:00+0200,1390.24,MW,FR,FR,actual_offshore_wind_generation,Wind Offshore | Actual Aggregated,2026-05-29T22:18:42Z
2026-05-29T22:17:36Z,2026-05-30T00:17:36+0200,e2390b4d-8b36-448a-b0e6-27aba52aab7b,2026-05-24T22:45:00Z,2026-05-25T00:45:00+0200,1355.19,MW,FR,FR,actual_offshore_wind_generation,Wind Offshore | Actual Aggregated,2026-05-29T22:18:42Z
2026-05-29T22:17:36Z,2026-05-30T00:17:36+0200,e2390b4d-8b36-448a-b0e6-27aba52aab7b,2026-05-24T23:00:00Z,2026-05-25T01:00:00+0200,1320.91,MW,FR,FR,actual_offshore_wind_generation,Wind Offshore | Actual Aggregated,2026-05-29T22:18:42Z
2026-05-29T22:17:36Z,2026-05-30T00:17:36+0200,e2390b4d-8b36-448a-b0e6-27aba52aab7b,2026-05-24T23:15:00Z,2026-05-25T01:15:00+0200,1233.04,MW,FR,FR,actual_offshore_wind_generation,Wind Offshore | Actual Aggregated,2026-05-29T22:18:42Z
2026-05-29T22:17:36Z,2026-05-30T00:17:36+0200,e2390b4d-8b36-448a-b0e6-27aba52aab7b,2026-05-24T23:30:00Z,2026-05-25T01:30:00+0200,1169.72,MW,FR,FR,actual_offshore_wind_generation,Wind Offshore | Actual Aggregated,2026-05-29T22:18:42Z
2026-05-29T22:17:36Z,2026-05-30T00:17:36+0200,e2390b4d-8b36-448a-b0e6-27aba52aab7b,2026-05-24T23:45:00Z,2026-05-25T01:45:00+0200,1125.47,MW,FR,FR,actual_offshore_wind_generation,Wind Offshore | Actual Aggregated,2026-05-29T22:18:42Z
2026-05-29T22:17:36Z,2026-05-30T00:17:36+0200,e2390b4d-8b36-448a-b0e6-27aba52aab7b,2026-05-25T00:00:00Z,2026-05-25T02:00:00+0200,1080.31,MW,FR,FR,actual_offshore_wind_generation,Wind Offshore | Actual Aggregated,2026-05-29T22:18:42Z
2026-05-29T22:17:36Z,2026-05-30T00:17:36+0200,e2390b4d-8b36-448a-b0e6-27aba52aab7b,2026-05-25T00:15:00Z,2026-05-25T02:15:00+0200,1028.16,MW,FR,FR,actual_offshore_wind_generation,Wind Offshore | Actual Aggregated,2026-05-29T22:18:42Z
2026-05-29T22:17:36Z,2026-05-30T00:17:36+0200,e2390b4d-8b36-448a-b0e6-27aba52aab7b,2026-05-25T00:30:00Z,2026-05-25T02:30:00+0200,988.82,MW,FR,FR,actual_offshore_wind_generation,Wind Offshore | Actual Aggregated,2026-05-29T22:18:42Z
2026-05-29T22:17:36Z,2026-05-30T00:17:36+0200,e2390b4d-8b36-448a-b0e6-27aba52aab7b,2026-05-25T00:45:00Z,2026-05-25T02:45:00+0200,965.09,MW,FR,FR,actual_offshore_wind_generation,Wind Offshore | Actual Aggregated,2026-05-29T22:18:42Z
2026-05-29T22:17:36Z,2026-05-30T00:17:36+0200,e2390b4d-8b36-448a-b0e6-27aba52aab7b,2026-05-25T01:00:00Z,2026-05-25T03:00:00+0200,968.77,MW,FR,FR,actual_offshore_wind_generation,Wind Offshore | Actual Aggregated,2026-05-29T22:18:42Z
2026-05-29T22:17:36Z,2026-05-30T00:17:36+0200,e2390b4d-8b36-448a-b0e6-27aba52aab7b,2026-05-25T01:15:00Z,2026-05-25T03:15:00+0200,973.66,MW,FR,FR,actual_offshore_wind_generation,Wind Offshore | Actual Aggregated,2026-05-29T22:18:42Z
2026-05-29T22:17:36Z,2026-05-30T00:17:36+0200,e2390b4d-8b36-448a-b0e6-27aba52aab7b,2026-05-25T01:30:00Z,2026-05-25T03:30:00+0200,984.87,MW,FR,FR,actual_offshore_wind_generation,Wind Offshore | Actual Aggregated,2026-05-29T22:18:42Z
2026-05-29T22:17:36Z,2026-05-30T00:17:36+0200,e2390b4d-8b36-448a-b0e6-27aba52aab7b,2026-05-25T01:45:00Z,2026-05-25T03:45:00+0200,1012.42,MW,FR,FR,actual_offshore_wind_generation,Wind Offshore | Actual Aggregated,2026-05-29T22:18:42Z
2026-05-29T22:17:36Z,2026-05-30T00:17:36+0200,e2390b4d-8b36-448a-b0e6-27aba52aab7b,2026-05-25T02:00:00Z,2026-05-25T04:00:00+0200,1052.08,MW,FR,FR,actual_offshore_wind_generation,Wind Offshore | Actual Aggregated,2026-05-29T22:18:42Z
2026-05-29T22:17:36Z,2026-05-30T00:17:36+0200,e2390b4d-8b36-448a-b0e6-27aba52aab7b,2026-05-25T02:15:00Z,2026-05-25T04:15:00+0200,1062.23,MW,FR,FR,actual_offshore_wind_generation,Wind Offshore | Actual Aggregated,2026-05-29T22:18:42Z
2026-05-29T22:17:36Z,2026-05-30T00:17:36+0200,e2390b4d-8b36-448a-b0e6-27aba52aab7b,2026-05-25T02:30:00Z,2026-05-25T04:30:00+0200,1036.77,MW,FR,FR,actual_offshore_wind_generation,Wind Offshore | Actual Aggregated,2026-05-29T22:18:42Z
2026-05-29T22:17:36Z,2026-05-30T00:17:36+0200,e2390b4d-8b36-448a-b0e6-27aba52aab7b,2026-05-25T02:45:00Z,2026-05-25T04:45:00+0200,998.05,MW,FR,FR,actual_offshore_wind_generation,Wind Offshore | Actual Aggregated,2026-05-29T22:18:42Z
2026-05-29T22:17:36Z,2026-05-30T00:17:36+0200,e2390b4d-8b36-448a-b0e6-27aba52aab7b,2026-05-25T03:00:00Z,2026-05-25T05:00:00+0200,958.9,MW,FR,FR,actual_offshore_wind_generation,Wind Offshore | Actual Aggregated,2026-05-29T22:18:42Z
2026-05-29T22:17:36Z,2026-05-30T00:17:36+0200,e2390b4d-8b36-448a-b0e6-27aba52aab7b,2026-05-25T03:15:00Z,2026-05-25T05:15:00+0200,952.9,MW,FR,FR,actual_offshore_wind_generation,Wind Offshore | Actual Aggregated,2026-05-29T22:18:42Z
2026-05-29T22:17:36Z,2026-05-30T00:17:36+0200,e2390b4d-8b36-448a-b0e6-27aba52aab7b,2026-05-25T03:30:00Z,2026-05-25T05:30:00+0200,891.42,MW,FR,FR,actual_offshore_wind_generation,Wind Offshore | Actual Aggregated,2026-05-29T22:18:42Z
2026-05-29T22:17:36Z,2026-05-30T00:17:36+0200,e2390b4d-8b36-448a-b0e6-27aba52aab7b,2026-05-25T03:45:00Z,2026-05-25T05:45:00+0200,818.51,MW,FR,FR,actual_offshore_wind_generation,Wind Offshore | Actual Aggregated,2026-05-29T22:18:42Z
2026-05-29T22:17:36Z,2026-05-30T00:17:36+0200,e2390b4d-8b36-448a-b0e6-27aba52aab7b,2026-05-25T04:00:00Z,2026-05-25T06:00:00+0200,741.17,MW,FR,FR,actual_offshore_wind_generation,Wind Offshore | Actual Aggregated,2026-05-29T22:18:42Z
2026-05-29T22:17:36Z,2026-05-30T00:17:36+0200,e2390b4d-8b36-448a-b0e6-27aba52aab7b,2026-05-25T04:15:00Z,2026-05-25T06:15:00+0200,680.13,MW,FR,FR,actual_offshore_wind_generation,Wind Offshore | Actual Aggregated,2026-05-29T22:18:42Z
2026-05-29T22:17:36Z,2026-05-30T00:17:36+0200,e2390b4d-8b36-448a-b0e6-27aba52aab7b,2026-05-25T04:30:00Z,2026-05-25T06:30:00+0200,638.01,MW,FR,FR,actual_offshore_wind_generation,Wind Offshore | Actual Aggregated,2026-05-29T22:18:42Z
2026-05-29T22:17:36Z,2026-05-30T00:17:36+0200,e2390b4d-8b36-448a-b0e6-27aba52aab7b,2026-05-25T04:45:00Z,2026-05-25T06:45:00+0200,593.76,MW,FR,FR,actual_offshore_wind_generation,Wind Offshore | Actual Aggregated,2026-05-29T22:18:42Z
2026-05-29T22:17:36Z,2026-05-30T00:17:36+0200,e2390b4d-8b36-448a-b0e6-27aba52aab7b,2026-05-25T05:00:00Z,2026-05-25T07:00:00+0200,554.58,MW,FR,FR,actual_offshore_wind_generation,Wind Offshore | Actual Aggregated,2026-05-29T22:18:42Z
2026-05-29T22:17:36Z,2026-05-30T00:17:36+0200,e2390b4d-8b36-448a-b0e6-27aba52aab7b,2026-05-25T05:15:00Z,2026-05-25T07:15:00+0200,521.68,MW,FR,FR,actual_offshore_wind_generation,Wind Offshore | Actual Aggregated,2026-05-29T22:18:42Z
2026-05-29T22:17:36Z,2026-05-30T00:17:36+0200,e2390b4d-8b36-448a-b0e6-27aba52aab7b,2026-05-25T05:30:00Z,2026-05-25T07:30:00+0200,511.96,MW,FR,FR,actual_offshore_wind_generation,Wind Offshore | Actual Aggregated,2026-05-29T22:18:42Z
2026-05-29T22:17:36Z,2026-05-30T00:17:36+0200,e2390b4d-8b36-448a-b0e6-27aba52aab7b,2026-05-25T05:45:00Z,2026-05-25T07:45:00+0200,506.95,MW,FR,FR,actual_offshore_wind_generation,Wind Offshore | Actual Aggregated,2026-05-29T22:18:42Z
2026-05-29T22:17:36Z,2026-05-30T00:17:36+0200,e2390b4d-8b36-448a-b0e6-27aba52aab7b,2026-05-25T06:00:00Z,2026-05-25T08:00:00+0200,509.97,MW,FR,FR,actual_offshore_wind_generation,Wind Offshore | Actual Aggregated,2026-05-29T22:18:42Z
2026-05-29T22:17:36Z,2026-05-30T00:17:36+0200,e2390b4d-8b36-448a-b0e6-27aba52aab7b,2026-05-25T06:15:00Z,2026-05-25T08:15:00+0200,451.91,MW,FR,FR,actual_offshore_wind_generation,Wind Offshore | Actual Aggregated,2026-05-29T22:18:42Z
2026-05-29T22:17:36Z,2026-05-30T00:17:36+0200,e2390b4d-8b36-448a-b0e6-27aba52aab7b,2026-05-25T06:30:00Z,2026-05-25T08:30:00+0200,395.78,MW,FR,FR,actual_offshore_wind_generation,Wind Offshore | Actual Aggregated,2026-05-29T22:18:42Z
2026-05-29T22:17:36Z,2026-05-30T00:17:36+0200,e2390b4d-8b36-448a-b0e6-27aba52aab7b,2026-05-25T06:45:00Z,2026-05-25T08:45:00+0200,383.08,MW,FR,FR,actual_offshore_wind_generation,Wind Offshore | Actual Aggregated,2026-05-29T22:18:42Z
2026-05-29T22:17:36Z,2026-05-30T00:17:36+0200,e2390b4d-8b36-448a-b0e6-27aba52aab7b,2026-05-25T07:00:00Z,2026-05-25T09:00:00+0200,380.72,MW,FR,FR,actual_offshore_wind_generation,Wind Offshore | Actual Aggregated,2026-05-29T22:18:42Z
2026-05-29T22:17:36Z,2026-05-30T00:17:36+0200,e2390b4d-8b36-448a-b0e6-27aba52aab7b,2026-05-25T07:15:00Z,2026-05-25T09:15:00+0200,353.96,MW,FR,FR,actual_offshore_wind_generation,Wind Offshore | Actual Aggregated,2026-05-29T22:18:42Z
2026-05-29T22:17:36Z,2026-05-30T00:17:36+0200,e2390b4d-8b36-448a-b0e6-27aba52aab7b,2026-05-25T07:30:00Z,2026-05-25T09:30:00+0200,326.32,MW,FR,FR,actual_offshore_wind_generation,Wind Offshore | Actual Aggregated,2026-05-29T22:18:42Z
2026-05-29T22:17:36Z,2026-05-30T00:17:36+0200,e2390b4d-8b36-448a-b0e6-27aba52aab7b,2026-05-25T07:45:00Z,2026-05-25T09:45:00+0200,307.3,MW,FR,FR,actual_offshore_wind_generation,Wind Offshore | Actual Aggregated,2026-05-29T22:18:42Z
2026-05-29T22:17:36Z,2026-05-30T00:17:36+0200,e2390b4d-8b36-448a-b0e6-27aba52aab7b,2026-05-25T08:00:00Z,2026-05-25T10:00:00+0200,274.38,MW,FR,FR,actual_offshore_wind_generation,Wind Offshore | Actual Aggregated,2026-05-29T22:18:42Z
2026-05-29T22:17:36Z,2026-05-30T00:17:36+0200,e2390b4d-8b36-448a-b0e6-27aba52aab7b,2026-05-25T08:15:00Z,2026-05-25T10:15:00+0200,259.32,MW,FR,FR,actual_offshore_wind_generation,Wind Offshore | Actual Aggregated,2026-05-29T22:18:42Z
2026-05-29T22:17:36Z,2026-05-30T00:17:36+0200,e2390b4d-8b36-448a-b0e6-27aba52aab7b,2026-05-25T08:30:00Z,2026-05-25T10:30:00+0200,237.6,MW,FR,FR,actual_offshore_wind_generation,Wind Offshore | Actual Aggregated,2026-05-29T22:18:42Z
2026-05-29T22:17:36Z,2026-05-30T00:17:36+0200,e2390b4d-8b36-448a-b0e6-27aba52aab7b,2026-05-25T08:45:00Z,2026-05-25T10:45:00+0200,136.25,MW,FR,FR,actual_offshore_wind_generation,Wind Offshore | Actual Aggregated,2026-05-29T22:18:42Z
2026-05-29T22:17:36Z,2026-05-30T00:17:36+0200,e2390b4d-8b36-448a-b0e6-27aba52aab7b,2026-05-25T09:00:00Z,2026-05-25T11:00:00+0200,127.43,MW,FR,FR,actual_offshore_wind_generation,Wind Offshore | Actual Aggregated,2026-05-29T22:18:42Z
2026-05-29T22:17:36Z,2026-05-30T00:17:36+0200,e2390b4d-8b36-448a-b0e6-27aba52aab7b,2026-05-25T09:15:00Z,2026-05-25T11:15:00+0200,118.46,MW,FR,FR,actual_offshore_wind_generation,Wind Offshore | Actual Aggregated,2026-05-29T22:18:42Z
2026-05-29T22:17:36Z,2026-05-30T00:17:36+0200,e2390b4d-8b36-448a-b0e6-27aba52aab7b,2026-05-25T09:30:00Z,2026-05-25T11:30:00+0200,105.04,MW,FR,FR,actual_offshore_wind_generation,Wind Offshore | Actual Aggregated,2026-05-29T22:18:42Z
2026-05-29T22:17:36Z,2026-05-30T00:17:36+0200,e2390b4d-8b36-448a-b0e6-27aba52aab7b,2026-05-25T09:45:00Z,2026-05-25T11:45:00+0200,101.24,MW,FR,FR,actual_offshore_wind_generation,Wind Offshore | Actual Aggregated,2026-05-29T22:18:42Z
2026-05-29T22:17:36Z,2026-05-30T00:17:36+0200,e2390b4d-8b36-448a-b0e6-27aba52aab7b,2026-05-25T10:00:00Z,2026-05-25T12:00:00+0200,100.7,MW,FR,FR,actual_offshore_wind_generation,Wind Offshore | Actual Aggregated,2026-05-29T22:18:42Z
2026-05-29T22:17:36Z,2026-05-30T00:17:36+0200,e2390b4d-8b36-448a-b0e6-27aba52aab7b,2026-05-25T10:15:00Z,2026-05-25T12:15:00+0200,97.0,MW,FR,FR,actual_offshore_wind_generation,Wind Offshore | Actual Aggregated,2026-05-29T22:18:42Z
2026-05-29T22:17:36Z,2026-05-30T00:17:36+0200,e2390b4d-8b36-448a-b0e6-27aba52aab7b,2026-05-25T10:30:00Z,2026-05-25T12:30:00+0200,90.46,MW,FR,FR,actual_offshore_wind_generation,Wind Offshore | Actual Aggregated,2026-05-29T22:18:42Z
2026-05-29T22:17:36Z,2026-05-30T00:17:36+0200,e2390b4d-8b36-448a-b0e6-27aba52aab7b,2026-05-25T10:45:00Z,2026-05-25T12:45:00+0200,79.24,MW,FR,FR,actual_offshore_wind_generation,Wind Offshore | Actual Aggregated,2026-05-29T22:18:42Z
2026-05-29T22:17:36Z,2026-05-30T00:17:36+0200,e2390b4d-8b36-448a-b0e6-27aba52aab7b,2026-05-25T11:00:00Z,2026-05-25T13:00:00+0200,72.33,MW,FR,FR,actual_offshore_wind_generation,Wind Offshore | Actual Aggregated,2026-05-29T22:18:42Z
2026-05-29T22:17:36Z,2026-05-30T00:17:36+0200,e2390b4d-8b36-448a-b0e6-27aba52aab7b,2026-05-25T11:15:00Z,2026-05-25T13:15:00+0200,66.24,MW,FR,FR,actual_offshore_wind_generation,Wind Offshore | Actual Aggregated,2026-05-29T22:18:42Z
2026-05-29T22:17:36Z,2026-05-30T00:17:36+0200,e2390b4d-8b36-448a-b0e6-27aba52aab7b,2026-05-25T11:30:00Z,2026-05-25T13:30:00+0200,63.2,MW,FR,FR,actual_offshore_wind_generation,Wind Offshore | Actual Aggregated,2026-05-29T22:18:42Z
2026-05-29T22:17:36Z,2026-05-30T00:17:36+0200,e2390b4d-8b36-448a-b0e6-27aba52aab7b,2026-05-25T11:45:00Z,2026-05-25T13:45:00+0200,58.93,MW,FR,FR,actual_offshore_wind_generation,Wind Offshore | Actual Aggregated,2026-05-29T22:18:42Z
2026-05-29T22:17:36Z,2026-05-30T00:17:36+0200,e2390b4d-8b36-448a-b0e6-27aba52aab7b,2026-05-25T12:00:00Z,2026-05-25T14:00:00+0200,52.75,MW,FR,FR,actual_offshore_wind_generation,Wind Offshore | Actual Aggregated,2026-05-29T22:18:42Z
2026-05-29T22:17:36Z,2026-05-30T00:17:36+0200,e2390b4d-8b36-448a-b0e6-27aba52aab7b,2026-05-25T12:15:00Z,2026-05-25T14:15:00+0200,51.14,MW,FR,FR,actual_offshore_wind_generation,Wind Offshore | Actual Aggregated,2026-05-29T22:18:42Z
2026-05-29T22:17:36Z,2026-05-30T00:17:36+0200,e2390b4d-8b36-448a-b0e6-27aba52aab7b,2026-05-25T12:30:00Z,2026-05-25T14:30:00+0200,50.17,MW,FR,FR,actual_offshore_wind_generation,Wind Offshore | Actual Aggregated,2026-05-29T22:18:42Z
2026-05-29T22:17:36Z,2026-05-30T00:17:36+0200,e2390b4d-8b36-448a-b0e6-27aba52aab7b,2026-05-25T12:45:00Z,2026-05-25T14:45:00+0200,50.65,MW,FR,FR,actual_offshore_wind_generation,Wind Offshore | Actual Aggregated,2026-05-29T22:18:42Z
2026-05-29T22:17:36Z,2026-05-30T00:17:36+0200,e2390b4d-8b36-448a-b0e6-27aba52aab7b,2026-05-25T13:00:00Z,2026-05-25T15:00:00+0200,49.86,MW,FR,FR,actual_offshore_wind_generation,Wind Offshore | Actual Aggregated,2026-05-29T22:18:42Z
2026-05-29T22:17:36Z,2026-05-30T00:17:36+0200,e2390b4d-8b36-448a-b0e6-27aba52aab7b,2026-05-25T13:15:00Z,2026-05-25T15:15:00+0200,51.07,MW,FR,FR,actual_offshore_wind_generation,Wind Offshore | Actual Aggregated,2026-05-29T22:18:42Z
2026-05-29T22:17:36Z,2026-05-30T00:17:36+0200,e2390b4d-8b36-448a-b0e6-27aba52aab7b,2026-05-25T13:30:00Z,2026-05-25T15:30:00+0200,50.43,MW,FR,FR,actual_offshore_wind_generation,Wind Offshore | Actual Aggregated,2026-05-29T22:18:42Z
2026-05-29T22:17:36Z,2026-05-30T00:17:36+0200,e2390b4d-8b36-448a-b0e6-27aba52aab7b,2026-05-25T13:45:00Z,2026-05-25T15:45:00+0200,47.17,MW,FR,FR,actual_offshore_wind_generation,Wind Offshore | Actual Aggregated,2026-05-29T22:18:42Z
2026-05-29T22:17:36Z,2026-05-30T00:17:36+0200,e2390b4d-8b36-448a-b0e6-27aba52aab7b,2026-05-25T14:00:00Z,2026-05-25T16:00:00+0200,44.43,MW,FR,FR,actual_offshore_wind_generation,Wind Offshore | Actual Aggregated,2026-05-29T22:18:42Z
2026-05-29T22:17:36Z,2026-05-30T00:17:36+0200,e2390b4d-8b36-448a-b0e6-27aba52aab7b,2026-05-25T14:15:00Z,2026-05-25T16:15:00+0200,132.49,MW,FR,FR,actual_offshore_wind_generation,Wind Offshore | Actual Aggregated,2026-05-29T22:18:42Z
2026-05-29T22:17:36Z,2026-05-30T00:17:36+0200,e2390b4d-8b36-448a-b0e6-27aba52aab7b,2026-05-25T14:30:00Z,2026-05-25T16:30:00+0200,229.1,MW,FR,FR,actual_offshore_wind_generation,Wind Offshore | Actual Aggregated,2026-05-29T22:18:42Z
2026-05-29T22:17:36Z,2026-05-30T00:17:36+0200,e2390b4d-8b36-448a-b0e6-27aba52aab7b,2026-05-25T14:45:00Z,2026-05-25T16:45:00+0200,265.72,MW,FR,FR,actual_offshore_wind_generation,Wind Offshore | Actual Aggregated,2026-05-29T22:18:42Z
2026-05-29T22:17:36Z,2026-05-30T00:17:36+0200,e2390b4d-8b36-448a-b0e6-27aba52aab7b,2026-05-25T15:00:00Z,2026-05-25T17:00:00+0200,272.97,MW,FR,FR,actual_offshore_wind_generation,Wind Offshore | Actual Aggregated,2026-05-29T22:18:42Z
2026-05-29T22:17:36Z,2026-05-30T00:17:36+0200,e2390b4d-8b36-448a-b0e6-27aba52aab7b,2026-05-25T15:15:00Z,2026-05-25T17:15:00+0200,275.84,MW,FR,FR,actual_offshore_wind_generation,Wind Offshore | Actual Aggregated,2026-05-29T22:18:42Z
2026-05-29T22:17:36Z,2026-05-30T00:17:36+0200,e2390b4d-8b36-448a-b0e6-27aba52aab7b,2026-05-25T15:30:00Z,2026-05-25T17:30:00+0200,294.85,MW,FR,FR,actual_offshore_wind_generation,Wind Offshore | Actual Aggregated,2026-05-29T22:18:42Z
2026-05-29T22:17:36Z,2026-05-30T00:17:36+0200,e2390b4d-8b36-448a-b0e6-27aba52aab7b,2026-05-25T15:45:00Z,2026-05-25T17:45:00+0200,303.26,MW,FR,FR,actual_offshore_wind_generation,Wind Offshore | Actual Aggregated,2026-05-29T22:18:42Z
2026-05-29T22:17:36Z,2026-05-30T00:17:36+0200,e2390b4d-8b36-448a-b0e6-27aba52aab7b,2026-05-25T16:00:00Z,2026-05-25T18:00:00+0200,293.79,MW,FR,FR,actual_offshore_wind_generation,Wind Offshore | Actual Aggregated,2026-05-29T22:18:42Z
2026-05-29T22:17:36Z,2026-05-30T00:17:36+0200,e2390b4d-8b36-448a-b0e6-27aba52aab7b,2026-05-25T16:15:00Z,2026-05-25T18:15:00+0200,314.16,MW,FR,FR,actual_offshore_wind_generation,Wind Offshore | Actual Aggregated,2026-05-29T22:18:42Z
2026-05-29T22:17:36Z,2026-05-30T00:17:36+0200,e2390b4d-8b36-448a-b0e6-27aba52aab7b,2026-05-25T16:30:00Z,2026-05-25T18:30:00+0200,296.07,MW,FR,FR,actual_offshore_wind_generation,Wind Offshore | Actual Aggregated,2026-05-29T22:18:42Z
2026-05-29T22:17:36Z,2026-05-30T00:17:36+0200,e2390b4d-8b36-448a-b0e6-27aba52aab7b,2026-05-25T16:45:00Z,2026-05-25T18:45:00+0200,285.8,MW,FR,FR,actual_offshore_wind_generation,Wind Offshore | Actual Aggregated,2026-05-29T22:18:42Z
2026-05-29T22:17:36Z,2026-05-30T00:17:36+0200,e2390b4d-8b36-448a-b0e6-27aba52aab7b,2026-05-25T17:00:00Z,2026-05-25T19:00:00+0200,293.79,MW,FR,FR,actual_offshore_wind_generation,Wind Offshore | Actual Aggregated,2026-05-29T22:18:42Z
2026-05-29T22:17:36Z,2026-05-30T00:17:36+0200,e2390b4d-8b36-448a-b0e6-27aba52aab7b,2026-05-25T17:15:00Z,2026-05-25T19:15:00+0200,310.31,MW,FR,FR,actual_offshore_wind_generation,Wind Offshore | Actual Aggregated,2026-05-29T22:18:42Z
2026-05-29T22:17:36Z,2026-05-30T00:17:36+0200,e2390b4d-8b36-448a-b0e6-27aba52aab7b,2026-05-25T17:30:00Z,2026-05-25T19:30:00+0200,358.27,MW,FR,FR,actual_offshore_wind_generation,Wind Offshore | Actual Aggregated,2026-05-29T22:18:42Z
2026-05-29T22:17:36Z,2026-05-30T00:17:36+0200,e2390b4d-8b36-448a-b0e6-27aba52aab7b,2026-05-25T17:45:00Z,2026-05-25T19:45:00+0200,401.51,MW,FR,FR,actual_offshore_wind_generation,Wind Offshore | Actual Aggregated,2026-05-29T22:18:42Z
2026-05-29T22:17:36Z,2026-05-30T00:17:36+0200,e2390b4d-8b36-448a-b0e6-27aba52aab7b,2026-05-25T18:00:00Z,2026-05-25T20:00:00+0200,438.26,MW,FR,FR,actual_offshore_wind_generation,Wind Offshore | Actual Aggregated,2026-05-29T22:18:42Z
2026-05-29T22:17:36Z,2026-05-30T00:17:36+0200,e2390b4d-8b36-448a-b0e6-27aba52aab7b,2026-05-25T18:15:00Z,2026-05-25T20:15:00+0200,446.54,MW,FR,FR,actual_offshore_wind_generation,Wind Offshore | Actual Aggregated,2026-05-29T22:18:42Z
2026-05-29T22:17:36Z,2026-05-30T00:17:36+0200,e2390b4d-8b36-448a-b0e6-27aba52aab7b,2026-05-25T18:30:00Z,2026-05-25T20:30:00+0200,422.75,MW,FR,FR,actual_offshore_wind_generation,Wind Offshore | Actual Aggregated,2026-05-29T22:18:42Z
2026-05-29T22:17:36Z,2026-05-30T00:17:36+0200,e2390b4d-8b36-448a-b0e6-27aba52aab7b,2026-05-25T18:45:00Z,2026-05-25T20:45:00+0200,379.06,MW,FR,FR,actual_offshore_wind_generation,Wind Offshore | Actual Aggregated,2026-05-29T22:18:42Z
2026-05-29T22:17:36Z,2026-05-30T00:17:36+0200,e2390b4d-8b36-448a-b0e6-27aba52aab7b,2026-05-25T19:00:00Z,2026-05-25T21:00:00+0200,348.48,MW,FR,FR,actual_offshore_wind_generation,Wind Offshore | Actual Aggregated,2026-05-29T22:18:42Z
2026-05-29T22:17:36Z,2026-05-30T00:17:36+0200,e2390b4d-8b36-448a-b0e6-27aba52aab7b,2026-05-25T19:15:00Z,2026-05-25T21:15:00+0200,314.12,MW,FR,FR,actual_offshore_wind_generation,Wind Offshore | Actual Aggregated,2026-05-29T22:18:42Z
2026-05-29T22:17:36Z,2026-05-30T00:17:36+0200,e2390b4d-8b36-448a-b0e6-27aba52aab7b,2026-05-25T19:30:00Z,2026-05-25T21:30:00+0200,287.0,MW,FR,FR,actual_offshore_wind_generation,Wind Offshore | Actual Aggregated,2026-05-29T22:18:42Z
2026-05-29T22:17:36Z,2026-05-30T00:17:36+0200,e2390b4d-8b36-448a-b0e6-27aba52aab7b,2026-05-25T19:45:00Z,2026-05-25T21:45:00+0200,269.96,MW,FR,FR,actual_offshore_wind_generation,Wind Offshore | Actual Aggregated,2026-05-29T22:18:42Z
2026-05-29T22:17:36Z,2026-05-30T00:17:36+0200,e2390b4d-8b36-448a-b0e6-27aba52aab7b,2026-05-25T20:00:00Z,2026-05-25T22:00:00+0200,260.12,MW,FR,FR,actual_offshore_wind_generation,Wind Offshore | Actual Aggregated,2026-05-29T22:18:42Z
2026-05-29T22:17:36Z,2026-05-30T00:17:36+0200,e2390b4d-8b36-448a-b0e6-27aba52aab7b,2026-05-25T20:15:00Z,2026-05-25T22:15:00+0200,278.28,MW,FR,FR,actual_offshore_wind_generation,Wind Offshore | Actual Aggregated,2026-05-29T22:18:42Z
2026-05-29T22:17:36Z,2026-05-30T00:17:36+0200,e2390b4d-8b36-448a-b0e6-27aba52aab7b,2026-05-25T20:30:00Z,2026-05-25T22:30:00+0200,290.42,MW,FR,FR,actual_offshore_wind_generation,Wind Offshore | Actual Aggregated,2026-05-29T22:18:42Z
2026-05-29T22:17:36Z,2026-05-30T00:17:36+0200,e2390b4d-8b36-448a-b0e6-27aba52aab7b,2026-05-25T20:45:00Z,2026-05-25T22:45:00+0200,303.26,MW,FR,FR,actual_offshore_wind_generation,Wind Offshore | Actual Aggregated,2026-05-29T22:18:42Z
2026-05-29T22:17:36Z,2026-05-30T00:17:36+0200,e2390b4d-8b36-448a-b0e6-27aba52aab7b,2026-05-25T21:00:00Z,2026-05-25T23:00:00+0200,309.99,MW,FR,FR,actual_offshore_wind_generation,Wind Offshore | Actual Aggregated,2026-05-29T22:18:42Z
2026-05-29T22:17:36Z,2026-05-30T00:17:36+0200,e2390b4d-8b36-448a-b0e6-27aba52aab7b,2026-05-25T21:15:00Z,2026-05-25T23:15:00+0200,292.3,MW,FR,FR,actual_offshore_wind_generation,Wind Offshore | Actual Aggregated,2026-05-29T22:18:42Z
2026-05-29T22:17:36Z,2026-05-30T00:17:36+0200,e2390b4d-8b36-448a-b0e6-27aba52aab7b,2026-05-25T21:30:00Z,2026-05-25T23:30:00+0200,276.28,MW,FR,FR,actual_offshore_wind_generation,Wind Offshore | Actual Aggregated,2026-05-29T22:18:42Z
2026-05-29T22:17:36Z,2026-05-30T00:17:36+0200,e2390b4d-8b36-448a-b0e6-27aba52aab7b,2026-05-25T21:45:00Z,2026-05-25T23:45:00+0200,279.41,MW,FR,FR,actual_offshore_wind_generation,Wind Offshore | Actual Aggregated,2026-05-29T22:18:42Z
2026-05-29T22:17:36Z,2026-05-30T00:17:36+0200,e2390b4d-8b36-448a-b0e6-27aba52aab7b,2026-05-25T22:00:00Z,2026-05-26T00:00:00+0200,292.85,MW,FR,FR,actual_offshore_wind_generation,Wind Offshore | Actual Aggregated,2026-05-29T22:18:42Z
2026-05-29T22:17:36Z,2026-05-30T00:17:36+0200,e2390b4d-8b36-448a-b0e6-27aba52aab7b,2026-05-25T22:15:00Z,2026-05-26T00:15:00+0200,299.1,MW,FR,FR,actual_offshore_wind_generation,Wind Offshore | Actual Aggregated,2026-05-29T22:18:42Z
2026-05-29T22:17:36Z,2026-05-30T00:17:36+0200,e2390b4d-8b36-448a-b0e6-27aba52aab7b,2026-05-25T22:30:00Z,2026-05-26T00:30:00+0200,320.48,MW,FR,FR,actual_offshore_wind_generation,Wind Offshore | Actual Aggregated,2026-05-29T22:18:42Z
2026-05-29T22:17:36Z,2026-05-30T00:17:36+0200,e2390b4d-8b36-448a-b0e6-27aba52aab7b,2026-05-25T22:45:00Z,2026-05-26T00:45:00+0200,369.37,MW,FR,FR,actual_offshore_wind_generation,Wind Offshore | Actual Aggregated,2026-05-29T22:18:42Z
2026-05-29T22:17:36Z,2026-05-30T00:17:36+0200,e2390b4d-8b36-448a-b0e6-27aba52aab7b,2026-05-25T23:00:00Z,2026-05-26T01:00:00+0200,398.27,MW,FR,FR,actual_offshore_wind_generation,Wind Offshore | Actual Aggregated,2026-05-29T22:18:42Z
2026-05-29T22:17:36Z,2026-05-30T00:17:36+0200,e2390b4d-8b36-448a-b0e6-27aba52aab7b,2026-05-25T23:15:00Z,2026-05-26T01:15:00+0200,409.81,MW,FR,FR,actual_offshore_wind_generation,Wind Offshore | Actual Aggregated,2026-05-29T22:18:42Z
2026-05-29T22:17:36Z,2026-05-30T00:17:36+0200,e2390b4d-8b36-448a-b0e6-27aba52aab7b,2026-05-25T23:30:00Z,2026-05-26T01:30:00+0200,440.71,MW,FR,FR,actual_offshore_wind_generation,Wind Offshore | Actual Aggregated,2026-05-29T22:18:42Z
2026-05-29T22:17:36Z,2026-05-30T00:17:36+0200,e2390b4d-8b36-448a-b0e6-27aba52aab7b,2026-05-25T23:45:00Z,2026-05-26T01:45:00+0200,505.07,MW,FR,FR,actual_offshore_wind_generation,Wind Offshore | Actual Aggregated,2026-05-29T22:18:42Z
2026-05-29T22:17:36Z,2026-05-30T00:17:36+0200,e2390b4d-8b36-448a-b0e6-27aba52aab7b,2026-05-26T00:00:00Z,2026-05-26T02:00:00+0200,534.87,MW,FR,FR,actual_offshore_wind_generation,Wind Offshore | Actual Aggregated,2026-05-29T22:18:42Z
2026-05-29T22:17:36Z,2026-05-30T00:17:36+0200,e2390b4d-8b36-448a-b0e6-27aba52aab7b,2026-05-26T00:15:00Z,2026-05-26T02:15:00+0200,499.07,MW,FR,FR,actual_offshore_wind_generation,Wind Offshore | Actual Aggregated,2026-05-29T22:18:42Z
2026-05-29T22:17:36Z,2026-05-30T00:17:36+0200,e2390b4d-8b36-448a-b0e6-27aba52aab7b,2026-05-26T00:30:00Z,2026-05-26T02:30:00+0200,453.71,MW,FR,FR,actual_offshore_wind_generation,Wind Offshore | Actual Aggregated,2026-05-29T22:18:42Z
2026-05-29T22:17:36Z,2026-05-30T00:17:36+0200,e2390b4d-8b36-448a-b0e6-27aba52aab7b,2026-05-26T00:45:00Z,2026-05-26T02:45:00+0200,430.9,MW,FR,FR,actual_offshore_wind_generation,Wind Offshore | Actual Aggregated,2026-05-29T22:18:42Z
2026-05-29T22:17:36Z,2026-05-30T00:17:36+0200,e2390b4d-8b36-448a-b0e6-27aba52aab7b,2026-05-26T01:00:00Z,2026-05-26T03:00:00+0200,412.72,MW,FR,FR,actual_offshore_wind_generation,Wind Offshore | Actual Aggregated,2026-05-29T22:18:42Z
2026-05-29T22:17:36Z,2026-05-30T00:17:36+0200,e2390b4d-8b36-448a-b0e6-27aba52aab7b,2026-05-26T01:15:00Z,2026-05-26T03:15:00+0200,347.99,MW,FR,FR,actual_offshore_wind_generation,Wind Offshore | Actual Aggregated,2026-05-29T22:18:42Z
2026-05-29T22:17:36Z,2026-05-30T00:17:36+0200,e2390b4d-8b36-448a-b0e6-27aba52aab7b,2026-05-26T01:30:00Z,2026-05-26T03:30:00+0200,293.2,MW,FR,FR,actual_offshore_wind_generation,Wind Offshore | Actual Aggregated,2026-05-29T22:18:42Z
2026-05-29T22:17:36Z,2026-05-30T00:17:36+0200,e2390b4d-8b36-448a-b0e6-27aba52aab7b,2026-05-26T01:45:00Z,2026-05-26T03:45:00+0200,263.45,MW,FR,FR,actual_offshore_wind_generation,Wind Offshore | Actual Aggregated,2026-05-29T22:18:42Z
2026-05-29T22:17:36Z,2026-05-30T00:17:36+0200,e2390b4d-8b36-448a-b0e6-27aba52aab7b,2026-05-26T02:00:00Z,2026-05-26T04:00:00+0200,223.11,MW,FR,FR,actual_offshore_wind_generation,Wind Offshore | Actual Aggregated,2026-05-29T22:18:42Z
2026-05-29T22:17:36Z,2026-05-30T00:17:36+0200,e2390b4d-8b36-448a-b0e6-27aba52aab7b,2026-05-26T02:15:00Z,2026-05-26T04:15:00+0200,194.61,MW,FR,FR,actual_offshore_wind_generation,Wind Offshore | Actual Aggregated,2026-05-29T22:18:42Z
2026-05-29T22:17:36Z,2026-05-30T00:17:36+0200,e2390b4d-8b36-448a-b0e6-27aba52aab7b,2026-05-26T02:30:00Z,2026-05-26T04:30:00+0200,192.48,MW,FR,FR,actual_offshore_wind_generation,Wind Offshore | Actual Aggregated,2026-05-29T22:18:42Z
2026-05-29T22:17:36Z,2026-05-30T00:17:36+0200,e2390b4d-8b36-448a-b0e6-27aba52aab7b,2026-05-26T02:45:00Z,2026-05-26T04:45:00+0200,188.64,MW,FR,FR,actual_offshore_wind_generation,Wind Offshore | Actual Aggregated,2026-05-29T22:18:42Z
2026-05-29T22:17:36Z,2026-05-30T00:17:36+0200,e2390b4d-8b36-448a-b0e6-27aba52aab7b,2026-05-26T03:00:00Z,2026-05-26T05:00:00+0200,201.43,MW,FR,FR,actual_offshore_wind_generation,Wind Offshore | Actual Aggregated,2026-05-29T22:18:42Z
2026-05-29T22:17:36Z,2026-05-30T00:17:36+0200,e2390b4d-8b36-448a-b0e6-27aba52aab7b,2026-05-26T03:15:00Z,2026-05-26T05:15:00+0200,208.17,MW,FR,FR,actual_offshore_wind_generation,Wind Offshore | Actual Aggregated,2026-05-29T22:18:42Z
2026-05-29T22:17:36Z,2026-05-30T00:17:36+0200,e2390b4d-8b36-448a-b0e6-27aba52aab7b,2026-05-26T03:30:00Z,2026-05-26T05:30:00+0200,226.84,MW,FR,FR,actual_offshore_wind_generation,Wind Offshore | Actual Aggregated,2026-05-29T22:18:42Z
2026-05-29T22:17:36Z,2026-05-30T00:17:36+0200,e2390b4d-8b36-448a-b0e6-27aba52aab7b,2026-05-26T03:45:00Z,2026-05-26T05:45:00+0200,241.67,MW,FR,FR,actual_offshore_wind_generation,Wind Offshore | Actual Aggregated,2026-05-29T22:18:42Z
2026-05-29T22:17:36Z,2026-05-30T00:17:36+0200,e2390b4d-8b36-448a-b0e6-27aba52aab7b,2026-05-26T04:00:00Z,2026-05-26T06:00:00+0200,253.6,MW,FR,FR,actual_offshore_wind_generation,Wind Offshore | Actual Aggregated,2026-05-29T22:18:42Z
2026-05-29T22:17:36Z,2026-05-30T00:17:36+0200,e2390b4d-8b36-448a-b0e6-27aba52aab7b,2026-05-26T04:15:00Z,2026-05-26T06:15:00+0200,265.25,MW,FR,FR,actual_offshore_wind_generation,Wind Offshore | Actual Aggregated,2026-05-29T22:18:42Z
2026-05-29T22:17:36Z,2026-05-30T00:17:36+0200,e2390b4d-8b36-448a-b0e6-27aba52aab7b,2026-05-26T04:30:00Z,2026-05-26T06:30:00+0200,253.09,MW,FR,FR,actual_offshore_wind_generation,Wind Offshore | Actual Aggregated,2026-05-29T22:18:42Z
2026-05-29T22:17:36Z,2026-05-30T00:17:36+0200,e2390b4d-8b36-448a-b0e6-27aba52aab7b,2026-05-26T04:45:00Z,2026-05-26T06:45:00+0200,249.02,MW,FR,FR,actual_offshore_wind_generation,Wind Offshore | Actual Aggregated,2026-05-29T22:18:42Z
2026-05-29T22:17:36Z,2026-05-30T00:17:36+0200,e2390b4d-8b36-448a-b0e6-27aba52aab7b,2026-05-26T05:00:00Z,2026-05-26T07:00:00+0200,253.91,MW,FR,FR,actual_offshore_wind_generation,Wind Offshore | Actual Aggregated,2026-05-29T22:18:42Z
2026-05-29T22:17:36Z,2026-05-30T00:17:36+0200,e2390b4d-8b36-448a-b0e6-27aba52aab7b,2026-05-26T05:15:00Z,2026-05-26T07:15:00+0200,278.24,MW,FR,FR,actual_offshore_wind_generation,Wind Offshore | Actual Aggregated,2026-05-29T22:18:42Z
2026-05-29T22:17:36Z,2026-05-30T00:17:36+0200,e2390b4d-8b36-448a-b0e6-27aba52aab7b,2026-05-26T05:30:00Z,2026-05-26T07:30:00+0200,278.49,MW,FR,FR,actual_offshore_wind_generation,Wind Offshore | Actual Aggregated,2026-05-29T22:18:42Z
2026-05-29T22:17:36Z,2026-05-30T00:17:36+0200,e2390b4d-8b36-448a-b0e6-27aba52aab7b,2026-05-26T05:45:00Z,2026-05-26T07:45:00+0200,265.53,MW,FR,FR,actual_offshore_wind_generation,Wind Offshore | Actual Aggregated,2026-05-29T22:18:42Z
2026-05-29T22:17:36Z,2026-05-30T00:17:36+0200,e2390b4d-8b36-448a-b0e6-27aba52aab7b,2026-05-26T06:00:00Z,2026-05-26T08:00:00+0200,249.65,MW,FR,FR,actual_offshore_wind_generation,Wind Offshore | Actual Aggregated,2026-05-29T22:18:42Z
2026-05-29T22:17:36Z,2026-05-30T00:17:36+0200,e2390b4d-8b36-448a-b0e6-27aba52aab7b,2026-05-26T06:15:00Z,2026-05-26T08:15:00+0200,212.16,MW,FR,FR,actual_offshore_wind_generation,Wind Offshore | Actual Aggregated,2026-05-29T22:18:42Z
2026-05-29T22:17:36Z,2026-05-30T00:17:36+0200,e2390b4d-8b36-448a-b0e6-27aba52aab7b,2026-05-26T06:30:00Z,2026-05-26T08:30:00+0200,190.27,MW,FR,FR,actual_offshore_wind_generation,Wind Offshore | Actual Aggregated,2026-05-29T22:18:42Z
2026-05-29T22:17:36Z,2026-05-30T00:17:36+0200,e2390b4d-8b36-448a-b0e6-27aba52aab7b,2026-05-26T06:45:00Z,2026-05-26T08:45:00+0200,194.0,MW,FR,FR,actual_offshore_wind_generation,Wind Offshore | Actual Aggregated,2026-05-29T22:18:42Z
2026-05-29T22:17:36Z,2026-05-30T00:17:36+0200,e2390b4d-8b36-448a-b0e6-27aba52aab7b,2026-05-26T07:00:00Z,2026-05-26T09:00:00+0200,161.85,MW,FR,FR,actual_offshore_wind_generation,Wind Offshore | Actual Aggregated,2026-05-29T22:18:42Z
2026-05-29T22:17:36Z,2026-05-30T00:17:36+0200,e2390b4d-8b36-448a-b0e6-27aba52aab7b,2026-05-26T07:15:00Z,2026-05-26T09:15:00+0200,143.4,MW,FR,FR,actual_offshore_wind_generation,Wind Offshore | Actual Aggregated,2026-05-29T22:18:42Z
2026-05-29T22:17:36Z,2026-05-30T00:17:36+0200,e2390b4d-8b36-448a-b0e6-27aba52aab7b,2026-05-26T07:30:00Z,2026-05-26T09:30:00+0200,162.13,MW,FR,FR,actual_offshore_wind_generation,Wind Offshore | Actual Aggregated,2026-05-29T22:18:42Z
2026-05-29T22:17:36Z,2026-05-30T00:17:36+0200,e2390b4d-8b36-448a-b0e6-27aba52aab7b,2026-05-26T07:45:00Z,2026-05-26T09:45:00+0200,190.72,MW,FR,FR,actual_offshore_wind_generation,Wind Offshore | Actual Aggregated,2026-05-29T22:18:42Z
2026-05-29T22:17:36Z,2026-05-30T00:17:36+0200,e2390b4d-8b36-448a-b0e6-27aba52aab7b,2026-05-26T08:00:00Z,2026-05-26T10:00:00+0200,204.15,MW,FR,FR,actual_offshore_wind_generation,Wind Offshore | Actual Aggregated,2026-05-29T22:18:42Z
2026-05-29T22:17:36Z,2026-05-30T00:17:36+0200,e2390b4d-8b36-448a-b0e6-27aba52aab7b,2026-05-26T08:15:00Z,2026-05-26T10:15:00+0200,205.78,MW,FR,FR,actual_offshore_wind_generation,Wind Offshore | Actual Aggregated,2026-05-29T22:18:42Z
2026-05-29T22:17:36Z,2026-05-30T00:17:36+0200,e2390b4d-8b36-448a-b0e6-27aba52aab7b,2026-05-26T08:30:00Z,2026-05-26T10:30:00+0200,189.91,MW,FR,FR,actual_offshore_wind_generation,Wind Offshore | Actual Aggregated,2026-05-29T22:18:42Z
2026-05-29T22:17:36Z,2026-05-30T00:17:36+0200,e2390b4d-8b36-448a-b0e6-27aba52aab7b,2026-05-26T08:45:00Z,2026-05-26T10:45:00+0200,171.02,MW,FR,FR,actual_offshore_wind_generation,Wind Offshore | Actual Aggregated,2026-05-29T22:18:42Z
2026-05-29T22:17:36Z,2026-05-30T00:17:36+0200,e2390b4d-8b36-448a-b0e6-27aba52aab7b,2026-05-26T09:00:00Z,2026-05-26T11:00:00+0200,145.0,MW,FR,FR,actual_offshore_wind_generation,Wind Offshore | Actual Aggregated,2026-05-29T22:18:42Z
2026-05-29T22:17:36Z,2026-05-30T00:17:36+0200,e2390b4d-8b36-448a-b0e6-27aba52aab7b,2026-05-26T09:15:00Z,2026-05-26T11:15:00+0200,114.39,MW,FR,FR,actual_offshore_wind_generation,Wind Offshore | Actual Aggregated,2026-05-29T22:18:42Z
2026-05-29T22:17:36Z,2026-05-30T00:17:36+0200,e2390b4d-8b36-448a-b0e6-27aba52aab7b,2026-05-26T09:30:00Z,2026-05-26T11:30:00+0200,82.68,MW,FR,FR,actual_offshore_wind_generation,Wind Offshore | Actual Aggregated,2026-05-29T22:18:42Z
2026-05-29T22:17:36Z,2026-05-30T00:17:36+0200,e2390b4d-8b36-448a-b0e6-27aba52aab7b,2026-05-26T09:45:00Z,2026-05-26T11:45:00+0200,102.75,MW,FR,FR,actual_offshore_wind_generation,Wind Offshore | Actual Aggregated,2026-05-29T22:18:42Z
2026-05-29T22:17:36Z,2026-05-30T00:17:36+0200,e2390b4d-8b36-448a-b0e6-27aba52aab7b,2026-05-26T10:00:00Z,2026-05-26T12:00:00+0200,113.35,MW,FR,FR,actual_offshore_wind_generation,Wind Offshore | Actual Aggregated,2026-05-29T22:18:42Z
2026-05-29T22:17:36Z,2026-05-30T00:17:36+0200,e2390b4d-8b36-448a-b0e6-27aba52aab7b,2026-05-26T10:15:00Z,2026-05-26T12:15:00+0200,111.52,MW,FR,FR,actual_offshore_wind_generation,Wind Offshore | Actual Aggregated,2026-05-29T22:18:42Z
2026-05-29T22:17:36Z,2026-05-30T00:17:36+0200,e2390b4d-8b36-448a-b0e6-27aba52aab7b,2026-05-26T10:30:00Z,2026-05-26T12:30:00+0200,120.38,MW,FR,FR,actual_offshore_wind_generation,Wind Offshore | Actual Aggregated,2026-05-29T22:18:42Z
2026-05-29T22:17:36Z,2026-05-30T00:17:36+0200,e2390b4d-8b36-448a-b0e6-27aba52aab7b,2026-05-26T10:45:00Z,2026-05-26T12:45:00+0200,126.89,MW,FR,FR,actual_offshore_wind_generation,Wind Offshore | Actual Aggregated,2026-05-29T22:18:42Z
2026-05-29T22:17:36Z,2026-05-30T00:17:36+0200,e2390b4d-8b36-448a-b0e6-27aba52aab7b,2026-05-26T11:00:00Z,2026-05-26T13:00:00+0200,147.43,MW,FR,FR,actual_offshore_wind_generation,Wind Offshore | Actual Aggregated,2026-05-29T22:18:42Z
2026-05-29T22:17:36Z,2026-05-30T00:17:36+0200,e2390b4d-8b36-448a-b0e6-27aba52aab7b,2026-05-26T11:15:00Z,2026-05-26T13:15:00+0200,135.26,MW,FR,FR,actual_offshore_wind_generation,Wind Offshore | Actual Aggregated,2026-05-29T22:18:42Z
2026-05-29T22:17:36Z,2026-05-30T00:17:36+0200,e2390b4d-8b36-448a-b0e6-27aba52aab7b,2026-05-26T11:30:00Z,2026-05-26T13:30:00+0200,124.8,MW,FR,FR,actual_offshore_wind_generation,Wind Offshore | Actual Aggregated,2026-05-29T22:18:42Z
2026-05-29T22:17:36Z,2026-05-30T00:17:36+0200,e2390b4d-8b36-448a-b0e6-27aba52aab7b,2026-05-26T11:45:00Z,2026-05-26T13:45:00+0200,109.97,MW,FR,FR,actual_offshore_wind_generation,Wind Offshore | Actual Aggregated,2026-05-29T22:18:42Z
2026-05-29T22:17:36Z,2026-05-30T00:17:36+0200,e2390b4d-8b36-448a-b0e6-27aba52aab7b,2026-05-26T12:00:00Z,2026-05-26T14:00:00+0200,110.58,MW,FR,FR,actual_offshore_wind_generation,Wind Offshore | Actual Aggregated,2026-05-29T22:18:42Z
2026-05-29T22:17:36Z,2026-05-30T00:17:36+0200,e2390b4d-8b36-448a-b0e6-27aba52aab7b,2026-05-26T12:15:00Z,2026-05-26T14:15:00+0200,107.84,MW,FR,FR,actual_offshore_wind_generation,Wind Offshore | Actual Aggregated,2026-05-29T22:18:42Z
2026-05-29T22:17:36Z,2026-05-30T00:17:36+0200,e2390b4d-8b36-448a-b0e6-27aba52aab7b,2026-05-26T12:30:00Z,2026-05-26T14:30:00+0200,115.15,MW,FR,FR,actual_offshore_wind_generation,Wind Offshore | Actual Aggregated,2026-05-29T22:18:42Z
2026-05-29T22:17:36Z,2026-05-30T00:17:36+0200,e2390b4d-8b36-448a-b0e6-27aba52aab7b,2026-05-26T12:45:00Z,2026-05-26T14:45:00+0200,142.42,MW,FR,FR,actual_offshore_wind_generation,Wind Offshore | Actual Aggregated,2026-05-29T22:18:42Z
2026-05-29T22:17:36Z,2026-05-30T00:17:36+0200,e2390b4d-8b36-448a-b0e6-27aba52aab7b,2026-05-26T13:00:00Z,2026-05-26T15:00:00+0200,156.36,MW,FR,FR,actual_offshore_wind_generation,Wind Offshore | Actual Aggregated,2026-05-29T22:18:42Z
2026-05-29T22:17:36Z,2026-05-30T00:17:36+0200,e2390b4d-8b36-448a-b0e6-27aba52aab7b,2026-05-26T13:15:00Z,2026-05-26T15:15:00+0200,160.37,MW,FR,FR,actual_offshore_wind_generation,Wind Offshore | Actual Aggregated,2026-05-29T22:18:42Z
2026-05-29T22:17:36Z,2026-05-30T00:17:36+0200,e2390b4d-8b36-448a-b0e6-27aba52aab7b,2026-05-26T13:30:00Z,2026-05-26T15:30:00+0200,149.08,MW,FR,FR,actual_offshore_wind_generation,Wind Offshore | Actual Aggregated,2026-05-29T22:18:42Z
2026-05-29T22:17:36Z,2026-05-30T00:17:36+0200,e2390b4d-8b36-448a-b0e6-27aba52aab7b,2026-05-26T13:45:00Z,2026-05-26T15:45:00+0200,136.32,MW,FR,FR,actual_offshore_wind_generation,Wind Offshore | Actual Aggregated,2026-05-29T22:18:42Z
2026-05-29T22:17:36Z,2026-05-30T00:17:36+0200,e2390b4d-8b36-448a-b0e6-27aba52aab7b,2026-05-26T14:00:00Z,2026-05-26T16:00:00+0200,126.18,MW,FR,FR,actual_offshore_wind_generation,Wind Offshore | Actual Aggregated,2026-05-29T22:18:42Z
2026-05-29T22:17:36Z,2026-05-30T00:17:36+0200,e2390b4d-8b36-448a-b0e6-27aba52aab7b,2026-05-26T14:15:00Z,2026-05-26T16:15:00+0200,122.94,MW,FR,FR,actual_offshore_wind_generation,Wind Offshore | Actual Aggregated,2026-05-29T22:18:42Z
2026-05-29T22:17:36Z,2026-05-30T00:17:36+0200,e2390b4d-8b36-448a-b0e6-27aba52aab7b,2026-05-26T14:30:00Z,2026-05-26T16:30:00+0200,123.81,MW,FR,FR,actual_offshore_wind_generation,Wind Offshore | Actual Aggregated,2026-05-29T22:18:42Z
2026-05-29T22:17:36Z,2026-05-30T00:17:36+0200,e2390b4d-8b36-448a-b0e6-27aba52aab7b,2026-05-26T14:45:00Z,2026-05-26T16:45:00+0200,116.56,MW,FR,FR,actual_offshore_wind_generation,Wind Offshore | Actual Aggregated,2026-05-29T22:18:42Z
2026-05-29T22:17:36Z,2026-05-30T00:17:36+0200,e2390b4d-8b36-448a-b0e6-27aba52aab7b,2026-05-26T15:00:00Z,2026-05-26T17:00:00+0200,108.88,MW,FR,FR,actual_offshore_wind_generation,Wind Offshore | Actual Aggregated,2026-05-29T22:18:42Z
2026-05-29T22:17:36Z,2026-05-30T00:17:36+0200,e2390b4d-8b36-448a-b0e6-27aba52aab7b,2026-05-26T15:15:00Z,2026-05-26T17:15:00+0200,109.6,MW,FR,FR,actual_offshore_wind_generation,Wind Offshore | Actual Aggregated,2026-05-29T22:18:42Z
2026-05-29T22:17:36Z,2026-05-30T00:17:36+0200,e2390b4d-8b36-448a-b0e6-27aba52aab7b,2026-05-26T15:30:00Z,2026-05-26T17:30:00+0200,119.06,MW,FR,FR,actual_offshore_wind_generation,Wind Offshore | Actual Aggregated,2026-05-29T22:18:42Z
2026-05-29T22:17:36Z,2026-05-30T00:17:36+0200,e2390b4d-8b36-448a-b0e6-27aba52aab7b,2026-05-26T15:45:00Z,2026-05-26T17:45:00+0200,126.81,MW,FR,FR,actual_offshore_wind_generation,Wind Offshore | Actual Aggregated,2026-05-29T22:18:42Z
2026-05-29T22:17:36Z,2026-05-30T00:17:36+0200,e2390b4d-8b36-448a-b0e6-27aba52aab7b,2026-05-26T16:00:00Z,2026-05-26T18:00:00+0200,136.89,MW,FR,FR,actual_offshore_wind_generation,Wind Offshore | Actual Aggregated,2026-05-29T22:18:42Z
2026-05-29T22:17:36Z,2026-05-30T00:17:36+0200,e2390b4d-8b36-448a-b0e6-27aba52aab7b,2026-05-26T16:15:00Z,2026-05-26T18:15:00+0200,173.74,MW,FR,FR,actual_offshore_wind_generation,Wind Offshore | Actual Aggregated,2026-05-29T22:18:42Z
2026-05-29T22:17:36Z,2026-05-30T00:17:36+0200,e2390b4d-8b36-448a-b0e6-27aba52aab7b,2026-05-26T16:30:00Z,2026-05-26T18:30:00+0200,218.79,MW,FR,FR,actual_offshore_wind_generation,Wind Offshore | Actual Aggregated,2026-05-29T22:18:42Z
2026-05-29T22:17:36Z,2026-05-30T00:17:36+0200,e2390b4d-8b36-448a-b0e6-27aba52aab7b,2026-05-26T16:45:00Z,2026-05-26T18:45:00+0200,219.72,MW,FR,FR,actual_offshore_wind_generation,Wind Offshore | Actual Aggregated,2026-05-29T22:18:42Z
2026-05-29T22:17:36Z,2026-05-30T00:17:36+0200,e2390b4d-8b36-448a-b0e6-27aba52aab7b,2026-05-26T17:00:00Z,2026-05-26T19:00:00+0200,228.74,MW,FR,FR,actual_offshore_wind_generation,Wind Offshore | Actual Aggregated,2026-05-29T22:18:42Z
2026-05-29T22:17:36Z,2026-05-30T00:17:36+0200,e2390b4d-8b36-448a-b0e6-27aba52aab7b,2026-05-26T17:15:00Z,2026-05-26T19:15:00+0200,233.1,MW,FR,FR,actual_offshore_wind_generation,Wind Offshore | Actual Aggregated,2026-05-29T22:18:42Z
2026-05-29T22:17:36Z,2026-05-30T00:17:36+0200,e2390b4d-8b36-448a-b0e6-27aba52aab7b,2026-05-26T17:30:00Z,2026-05-26T19:30:00+0200,259.8,MW,FR,FR,actual_offshore_wind_generation,Wind Offshore | Actual Aggregated,2026-05-29T22:18:42Z
2026-05-29T22:17:36Z,2026-05-30T00:17:36+0200,e2390b4d-8b36-448a-b0e6-27aba52aab7b,2026-05-26T17:45:00Z,2026-05-26T19:45:00+0200,290.32,MW,FR,FR,actual_offshore_wind_generation,Wind Offshore | Actual Aggregated,2026-05-29T22:18:42Z
2026-05-29T22:17:36Z,2026-05-30T00:17:36+0200,e2390b4d-8b36-448a-b0e6-27aba52aab7b,2026-05-26T18:00:00Z,2026-05-26T20:00:00+0200,288.98,MW,FR,FR,actual_offshore_wind_generation,Wind Offshore | Actual Aggregated,2026-05-29T22:18:42Z
2026-05-29T22:17:36Z,2026-05-30T00:17:36+0200,e2390b4d-8b36-448a-b0e6-27aba52aab7b,2026-05-26T18:15:00Z,2026-05-26T20:15:00+0200,286.36,MW,FR,FR,actual_offshore_wind_generation,Wind Offshore | Actual Aggregated,2026-05-29T22:18:42Z
2026-05-29T22:17:36Z,2026-05-30T00:17:36+0200,e2390b4d-8b36-448a-b0e6-27aba52aab7b,2026-05-26T18:30:00Z,2026-05-26T20:30:00+0200,289.82,MW,FR,FR,actual_offshore_wind_generation,Wind Offshore | Actual Aggregated,2026-05-29T22:18:42Z
2026-05-29T22:17:36Z,2026-05-30T00:17:36+0200,e2390b4d-8b36-448a-b0e6-27aba52aab7b,2026-05-26T18:45:00Z,2026-05-26T20:45:00+0200,313.92,MW,FR,FR,actual_offshore_wind_generation,Wind Offshore | Actual Aggregated,2026-05-29T22:18:42Z
2026-05-29T22:17:36Z,2026-05-30T00:17:36+0200,e2390b4d-8b36-448a-b0e6-27aba52aab7b,2026-05-26T19:00:00Z,2026-05-26T21:00:00+0200,346.01,MW,FR,FR,actual_offshore_wind_generation,Wind Offshore | Actual Aggregated,2026-05-29T22:18:42Z
2026-05-29T22:17:36Z,2026-05-30T00:17:36+0200,e2390b4d-8b36-448a-b0e6-27aba52aab7b,2026-05-26T19:15:00Z,2026-05-26T21:15:00+0200,357.39,MW,FR,FR,actual_offshore_wind_generation,Wind Offshore | Actual Aggregated,2026-05-29T22:18:42Z
2026-05-29T22:17:36Z,2026-05-30T00:17:36+0200,e2390b4d-8b36-448a-b0e6-27aba52aab7b,2026-05-26T19:30:00Z,2026-05-26T21:30:00+0200,357.75,MW,FR,FR,actual_offshore_wind_generation,Wind Offshore | Actual Aggregated,2026-05-29T22:18:42Z
2026-05-29T22:17:36Z,2026-05-30T00:17:36+0200,e2390b4d-8b36-448a-b0e6-27aba52aab7b,2026-05-26T19:45:00Z,2026-05-26T21:45:00+0200,356.79,MW,FR,FR,actual_offshore_wind_generation,Wind Offshore | Actual Aggregated,2026-05-29T22:18:42Z
2026-05-29T22:17:36Z,2026-05-30T00:17:36+0200,e2390b4d-8b36-448a-b0e6-27aba52aab7b,2026-05-26T20:00:00Z,2026-05-26T22:00:00+0200,312.98,MW,FR,FR,actual_offshore_wind_generation,Wind Offshore | Actual Aggregated,2026-05-29T22:18:42Z
2026-05-29T22:17:36Z,2026-05-30T00:17:36+0200,e2390b4d-8b36-448a-b0e6-27aba52aab7b,2026-05-26T20:15:00Z,2026-05-26T22:15:00+0200,291.01,MW,FR,FR,actual_offshore_wind_generation,Wind Offshore | Actual Aggregated,2026-05-29T22:18:42Z
2026-05-29T22:17:36Z,2026-05-30T00:17:36+0200,e2390b4d-8b36-448a-b0e6-27aba52aab7b,2026-05-26T20:30:00Z,2026-05-26T22:30:00+0200,270.49,MW,FR,FR,actual_offshore_wind_generation,Wind Offshore | Actual Aggregated,2026-05-29T22:18:42Z
2026-05-29T22:17:36Z,2026-05-30T00:17:36+0200,e2390b4d-8b36-448a-b0e6-27aba52aab7b,2026-05-26T20:45:00Z,2026-05-26T22:45:00+0200,270.96,MW,FR,FR,actual_offshore_wind_generation,Wind Offshore | Actual Aggregated,2026-05-29T22:18:42Z
2026-05-29T22:17:36Z,2026-05-30T00:17:36+0200,e2390b4d-8b36-448a-b0e6-27aba52aab7b,2026-05-26T21:00:00Z,2026-05-26T23:00:00+0200,272.43,MW,FR,FR,actual_offshore_wind_generation,Wind Offshore | Actual Aggregated,2026-05-29T22:18:42Z
2026-05-29T22:17:36Z,2026-05-30T00:17:36+0200,e2390b4d-8b36-448a-b0e6-27aba52aab7b,2026-05-26T21:15:00Z,2026-05-26T23:15:00+0200,270.12,MW,FR,FR,actual_offshore_wind_generation,Wind Offshore | Actual Aggregated,2026-05-29T22:18:42Z
2026-05-29T22:17:36Z,2026-05-30T00:17:36+0200,e2390b4d-8b36-448a-b0e6-27aba52aab7b,2026-05-26T21:30:00Z,2026-05-26T23:30:00+0200,252.9,MW,FR,FR,actual_offshore_wind_generation,Wind Offshore | Actual Aggregated,2026-05-29T22:18:42Z
2026-05-29T22:17:36Z,2026-05-30T00:17:36+0200,e2390b4d-8b36-448a-b0e6-27aba52aab7b,2026-05-26T21:45:00Z,2026-05-26T23:45:00+0200,210.18,MW,FR,FR,actual_offshore_wind_generation,Wind Offshore | Actual Aggregated,2026-05-29T22:18:42Z
2026-05-29T22:17:36Z,2026-05-30T00:17:36+0200,e2390b4d-8b36-448a-b0e6-27aba52aab7b,2026-05-26T22:00:00Z,2026-05-27T00:00:00+0200,178.48,MW,FR,FR,actual_offshore_wind_generation,Wind Offshore | Actual Aggregated,2026-05-29T22:18:42Z
2026-05-29T22:17:36Z,2026-05-30T00:17:36+0200,e2390b4d-8b36-448a-b0e6-27aba52aab7b,2026-05-26T22:15:00Z,2026-05-27T00:15:00+0200,157.64,MW,FR,FR,actual_offshore_wind_generation,Wind Offshore | Actual Aggregated,2026-05-29T22:18:42Z
2026-05-29T22:17:36Z,2026-05-30T00:17:36+0200,e2390b4d-8b36-448a-b0e6-27aba52aab7b,2026-05-26T22:30:00Z,2026-05-27T00:30:00+0200,146.8,MW,FR,FR,actual_offshore_wind_generation,Wind Offshore | Actual Aggregated,2026-05-29T22:18:42Z
2026-05-29T22:17:36Z,2026-05-30T00:17:36+0200,e2390b4d-8b36-448a-b0e6-27aba52aab7b,2026-05-26T22:45:00Z,2026-05-27T00:45:00+0200,142.13,MW,FR,FR,actual_offshore_wind_generation,Wind Offshore | Actual Aggregated,2026-05-29T22:18:42Z
2026-05-29T22:17:36Z,2026-05-30T00:17:36+0200,e2390b4d-8b36-448a-b0e6-27aba52aab7b,2026-05-26T23:00:00Z,2026-05-27T01:00:00+0200,149.75,MW,FR,FR,actual_offshore_wind_generation,Wind Offshore | Actual Aggregated,2026-05-29T22:18:42Z
2026-05-29T22:17:36Z,2026-05-30T00:17:36+0200,e2390b4d-8b36-448a-b0e6-27aba52aab7b,2026-05-26T23:15:00Z,2026-05-27T01:15:00+0200,146.97,MW,FR,FR,actual_offshore_wind_generation,Wind Offshore | Actual Aggregated,2026-05-29T22:18:42Z
2026-05-29T22:17:36Z,2026-05-30T00:17:36+0200,e2390b4d-8b36-448a-b0e6-27aba52aab7b,2026-05-26T23:30:00Z,2026-05-27T01:30:00+0200,136.86,MW,FR,FR,actual_offshore_wind_generation,Wind Offshore | Actual Aggregated,2026-05-29T22:18:42Z
2026-05-29T22:17:36Z,2026-05-30T00:17:36+0200,e2390b4d-8b36-448a-b0e6-27aba52aab7b,2026-05-26T23:45:00Z,2026-05-27T01:45:00+0200,124.62,MW,FR,FR,actual_offshore_wind_generation,Wind Offshore | Actual Aggregated,2026-05-29T22:18:42Z
2026-05-29T22:17:36Z,2026-05-30T00:17:36+0200,e2390b4d-8b36-448a-b0e6-27aba52aab7b,2026-05-27T00:00:00Z,2026-05-27T02:00:00+0200,126.04,MW,FR,FR,actual_offshore_wind_generation,Wind Offshore | Actual Aggregated,2026-05-29T22:18:42Z
2026-05-29T22:17:36Z,2026-05-30T00:17:36+0200,e2390b4d-8b36-448a-b0e6-27aba52aab7b,2026-05-27T00:15:00Z,2026-05-27T02:15:00+0200,132.06,MW,FR,FR,actual_offshore_wind_generation,Wind Offshore | Actual Aggregated,2026-05-29T22:18:42Z
2026-05-29T22:17:36Z,2026-05-30T00:17:36+0200,e2390b4d-8b36-448a-b0e6-27aba52aab7b,2026-05-27T00:30:00Z,2026-05-27T02:30:00+0200,151.63,MW,FR,FR,actual_offshore_wind_generation,Wind Offshore | Actual Aggregated,2026-05-29T22:18:42Z
2026-05-29T22:17:36Z,2026-05-30T00:17:36+0200,e2390b4d-8b36-448a-b0e6-27aba52aab7b,2026-05-27T00:45:00Z,2026-05-27T02:45:00+0200,166.04,MW,FR,FR,actual_offshore_wind_generation,Wind Offshore | Actual Aggregated,2026-05-29T22:18:42Z
2026-05-29T22:17:36Z,2026-05-30T00:17:36+0200,e2390b4d-8b36-448a-b0e6-27aba52aab7b,2026-05-27T01:00:00Z,2026-05-27T03:00:00+0200,154.54,MW,FR,FR,actual_offshore_wind_generation,Wind Offshore | Actual Aggregated,2026-05-29T22:18:42Z
2026-05-29T22:17:36Z,2026-05-30T00:17:36+0200,e2390b4d-8b36-448a-b0e6-27aba52aab7b,2026-05-27T01:15:00Z,2026-05-27T03:15:00+0200,183.15,MW,FR,FR,actual_offshore_wind_generation,Wind Offshore | Actual Aggregated,2026-05-29T22:18:42Z
2026-05-29T22:17:36Z,2026-05-30T00:17:36+0200,e2390b4d-8b36-448a-b0e6-27aba52aab7b,2026-05-27T01:30:00Z,2026-05-27T03:30:00+0200,202.15,MW,FR,FR,actual_offshore_wind_generation,Wind Offshore | Actual Aggregated,2026-05-29T22:18:42Z
2026-05-29T22:17:36Z,2026-05-30T00:17:36+0200,e2390b4d-8b36-448a-b0e6-27aba52aab7b,2026-05-27T01:45:00Z,2026-05-27T03:45:00+0200,194.5,MW,FR,FR,actual_offshore_wind_generation,Wind Offshore | Actual Aggregated,2026-05-29T22:18:42Z
2026-05-29T22:17:36Z,2026-05-30T00:17:36+0200,e2390b4d-8b36-448a-b0e6-27aba52aab7b,2026-05-27T02:00:00Z,2026-05-27T04:00:00+0200,187.43,MW,FR,FR,actual_offshore_wind_generation,Wind Offshore | Actual Aggregated,2026-05-29T22:18:42Z
2026-05-29T22:17:36Z,2026-05-30T00:17:36+0200,e2390b4d-8b36-448a-b0e6-27aba52aab7b,2026-05-27T02:15:00Z,2026-05-27T04:15:00+0200,196.52,MW,FR,FR,actual_offshore_wind_generation,Wind Offshore | Actual Aggregated,2026-05-29T22:18:42Z
2026-05-29T22:17:36Z,2026-05-30T00:17:36+0200,e2390b4d-8b36-448a-b0e6-27aba52aab7b,2026-05-27T02:30:00Z,2026-05-27T04:30:00+0200,205.32,MW,FR,FR,actual_offshore_wind_generation,Wind Offshore | Actual Aggregated,2026-05-29T22:18:42Z
2026-05-29T22:17:36Z,2026-05-30T00:17:36+0200,e2390b4d-8b36-448a-b0e6-27aba52aab7b,2026-05-27T02:45:00Z,2026-05-27T04:45:00+0200,196.66,MW,FR,FR,actual_offshore_wind_generation,Wind Offshore | Actual Aggregated,2026-05-29T22:18:42Z
2026-05-29T22:17:36Z,2026-05-30T00:17:36+0200,e2390b4d-8b36-448a-b0e6-27aba52aab7b,2026-05-27T03:00:00Z,2026-05-27T05:00:00+0200,211.63,MW,FR,FR,actual_offshore_wind_generation,Wind Offshore | Actual Aggregated,2026-05-29T22:18:42Z
2026-05-29T22:17:36Z,2026-05-30T00:17:36+0200,e2390b4d-8b36-448a-b0e6-27aba52aab7b,2026-05-27T03:15:00Z,2026-05-27T05:15:00+0200,215.29,MW,FR,FR,actual_offshore_wind_generation,Wind Offshore | Actual Aggregated,2026-05-29T22:18:42Z
2026-05-29T22:17:36Z,2026-05-30T00:17:36+0200,e2390b4d-8b36-448a-b0e6-27aba52aab7b,2026-05-27T03:30:00Z,2026-05-27T05:30:00+0200,215.6,MW,FR,FR,actual_offshore_wind_generation,Wind Offshore | Actual Aggregated,2026-05-29T22:18:42Z
2026-05-29T22:17:36Z,2026-05-30T00:17:36+0200,e2390b4d-8b36-448a-b0e6-27aba52aab7b,2026-05-27T03:45:00Z,2026-05-27T05:45:00+0200,233.08,MW,FR,FR,actual_offshore_wind_generation,Wind Offshore | Actual Aggregated,2026-05-29T22:18:42Z
2026-05-29T22:17:36Z,2026-05-30T00:17:36+0200,e2390b4d-8b36-448a-b0e6-27aba52aab7b,2026-05-27T04:00:00Z,2026-05-27T06:00:00+0200,229.34,MW,FR,FR,actual_offshore_wind_generation,Wind Offshore | Actual Aggregated,2026-05-29T22:18:42Z
2026-05-29T22:17:36Z,2026-05-30T00:17:36+0200,e2390b4d-8b36-448a-b0e6-27aba52aab7b,2026-05-27T04:15:00Z,2026-05-27T06:15:00+0200,215.84,MW,FR,FR,actual_offshore_wind_generation,Wind Offshore | Actual Aggregated,2026-05-29T22:18:42Z
2026-05-29T22:17:36Z,2026-05-30T00:17:36+0200,e2390b4d-8b36-448a-b0e6-27aba52aab7b,2026-05-27T04:30:00Z,2026-05-27T06:30:00+0200,213.99,MW,FR,FR,actual_offshore_wind_generation,Wind Offshore | Actual Aggregated,2026-05-29T22:18:42Z
2026-05-29T22:17:36Z,2026-05-30T00:17:36+0200,e2390b4d-8b36-448a-b0e6-27aba52aab7b,2026-05-27T04:45:00Z,2026-05-27T06:45:00+0200,223.41,MW,FR,FR,actual_offshore_wind_generation,Wind Offshore | Actual Aggregated,2026-05-29T22:18:42Z
2026-05-29T22:17:36Z,2026-05-30T00:17:36+0200,e2390b4d-8b36-448a-b0e6-27aba52aab7b,2026-05-27T05:00:00Z,2026-05-27T07:00:00+0200,244.21,MW,FR,FR,actual_offshore_wind_generation,Wind Offshore | Actual Aggregated,2026-05-29T22:18:42Z
2026-05-29T22:17:36Z,2026-05-30T00:17:36+0200,e2390b4d-8b36-448a-b0e6-27aba52aab7b,2026-05-27T05:15:00Z,2026-05-27T07:15:00+0200,243.73,MW,FR,FR,actual_offshore_wind_generation,Wind Offshore | Actual Aggregated,2026-05-29T22:18:42Z
2026-05-29T22:17:36Z,2026-05-30T00:17:36+0200,e2390b4d-8b36-448a-b0e6-27aba52aab7b,2026-05-27T05:30:00Z,2026-05-27T07:30:00+0200,261.55,MW,FR,FR,actual_offshore_wind_generation,Wind Offshore | Actual Aggregated,2026-05-29T22:18:42Z
2026-05-29T22:17:36Z,2026-05-30T00:17:36+0200,e2390b4d-8b36-448a-b0e6-27aba52aab7b,2026-05-27T05:45:00Z,2026-05-27T07:45:00+0200,295.27,MW,FR,FR,actual_offshore_wind_generation,Wind Offshore | Actual Aggregated,2026-05-29T22:18:42Z
2026-05-29T22:17:36Z,2026-05-30T00:17:36+0200,e2390b4d-8b36-448a-b0e6-27aba52aab7b,2026-05-27T06:00:00Z,2026-05-27T08:00:00+0200,265.75,MW,FR,FR,actual_offshore_wind_generation,Wind Offshore | Actual Aggregated,2026-05-29T22:18:42Z
2026-05-29T22:17:36Z,2026-05-30T00:17:36+0200,e2390b4d-8b36-448a-b0e6-27aba52aab7b,2026-05-27T06:15:00Z,2026-05-27T08:15:00+0200,245.59,MW,FR,FR,actual_offshore_wind_generation,Wind Offshore | Actual Aggregated,2026-05-29T22:18:42Z
2026-05-29T22:17:36Z,2026-05-30T00:17:36+0200,e2390b4d-8b36-448a-b0e6-27aba52aab7b,2026-05-27T06:30:00Z,2026-05-27T08:30:00+0200,233.25,MW,FR,FR,actual_offshore_wind_generation,Wind Offshore | Actual Aggregated,2026-05-29T22:18:42Z
2026-05-29T22:17:36Z,2026-05-30T00:17:36+0200,e2390b4d-8b36-448a-b0e6-27aba52aab7b,2026-05-27T06:45:00Z,2026-05-27T08:45:00+0200,223.75,MW,FR,FR,actual_offshore_wind_generation,Wind Offshore | Actual Aggregated,2026-05-29T22:18:42Z
2026-05-29T22:17:36Z,2026-05-30T00:17:36+0200,e2390b4d-8b36-448a-b0e6-27aba52aab7b,2026-05-27T07:00:00Z,2026-05-27T09:00:00+0200,259.09,MW,FR,FR,actual_offshore_wind_generation,Wind Offshore | Actual Aggregated,2026-05-29T22:18:42Z
2026-05-29T22:17:36Z,2026-05-30T00:17:36+0200,e2390b4d-8b36-448a-b0e6-27aba52aab7b,2026-05-27T07:15:00Z,2026-05-27T09:15:00+0200,233.04,MW,FR,FR,actual_offshore_wind_generation,Wind Offshore | Actual Aggregated,2026-05-29T22:18:42Z
2026-05-29T22:17:36Z,2026-05-30T00:17:36+0200,e2390b4d-8b36-448a-b0e6-27aba52aab7b,2026-05-27T07:30:00Z,2026-05-27T09:30:00+0200,245.34,MW,FR,FR,actual_offshore_wind_generation,Wind Offshore | Actual Aggregated,2026-05-29T22:18:42Z
2026-05-29T22:17:36Z,2026-05-30T00:17:36+0200,e2390b4d-8b36-448a-b0e6-27aba52aab7b,2026-05-27T07:45:00Z,2026-05-27T09:45:00+0200,270.39,MW,FR,FR,actual_offshore_wind_generation,Wind Offshore | Actual Aggregated,2026-05-29T22:18:42Z
2026-05-29T22:17:36Z,2026-05-30T00:17:36+0200,e2390b4d-8b36-448a-b0e6-27aba52aab7b,2026-05-27T08:00:00Z,2026-05-27T10:00:00+0200,244.44,MW,FR,FR,actual_offshore_wind_generation,Wind Offshore | Actual Aggregated,2026-05-29T22:18:42Z
2026-05-29T22:17:36Z,2026-05-30T00:17:36+0200,e2390b4d-8b36-448a-b0e6-27aba52aab7b,2026-05-27T08:15:00Z,2026-05-27T10:15:00+0200,214.78,MW,FR,FR,actual_offshore_wind_generation,Wind Offshore | Actual Aggregated,2026-05-29T22:18:42Z
2026-05-29T22:17:36Z,2026-05-30T00:17:36+0200,e2390b4d-8b36-448a-b0e6-27aba52aab7b,2026-05-27T08:30:00Z,2026-05-27T10:30:00+0200,169.59,MW,FR,FR,actual_offshore_wind_generation,Wind Offshore | Actual Aggregated,2026-05-29T22:18:42Z
2026-05-29T22:17:36Z,2026-05-30T00:17:36+0200,e2390b4d-8b36-448a-b0e6-27aba52aab7b,2026-05-27T08:45:00Z,2026-05-27T10:45:00+0200,161.17,MW,FR,FR,actual_offshore_wind_generation,Wind Offshore | Actual Aggregated,2026-05-29T22:18:42Z
2026-05-29T22:17:36Z,2026-05-30T00:17:36+0200,e2390b4d-8b36-448a-b0e6-27aba52aab7b,2026-05-27T09:00:00Z,2026-05-27T11:00:00+0200,160.37,MW,FR,FR,actual_offshore_wind_generation,Wind Offshore | Actual Aggregated,2026-05-29T22:18:42Z
2026-05-29T22:17:36Z,2026-05-30T00:17:36+0200,e2390b4d-8b36-448a-b0e6-27aba52aab7b,2026-05-27T09:15:00Z,2026-05-27T11:15:00+0200,177.97,MW,FR,FR,actual_offshore_wind_generation,Wind Offshore | Actual Aggregated,2026-05-29T22:18:42Z
2026-05-29T22:17:36Z,2026-05-30T00:17:36+0200,e2390b4d-8b36-448a-b0e6-27aba52aab7b,2026-05-27T09:30:00Z,2026-05-27T11:30:00+0200,211.84,MW,FR,FR,actual_offshore_wind_generation,Wind Offshore | Actual Aggregated,2026-05-29T22:18:42Z
2026-05-29T22:17:36Z,2026-05-30T00:17:36+0200,e2390b4d-8b36-448a-b0e6-27aba52aab7b,2026-05-27T09:45:00Z,2026-05-27T11:45:00+0200,262.45,MW,FR,FR,actual_offshore_wind_generation,Wind Offshore | Actual Aggregated,2026-05-29T22:18:42Z
2026-05-29T22:17:36Z,2026-05-30T00:17:36+0200,e2390b4d-8b36-448a-b0e6-27aba52aab7b,2026-05-27T10:00:00Z,2026-05-27T12:00:00+0200,262.89,MW,FR,FR,actual_offshore_wind_generation,Wind Offshore | Actual Aggregated,2026-05-29T22:18:42Z
2026-05-29T22:17:36Z,2026-05-30T00:17:36+0200,e2390b4d-8b36-448a-b0e6-27aba52aab7b,2026-05-27T10:15:00Z,2026-05-27T12:15:00+0200,317.53,MW,FR,FR,actual_offshore_wind_generation,Wind Offshore | Actual Aggregated,2026-05-29T22:18:42Z
2026-05-29T22:17:36Z,2026-05-30T00:17:36+0200,e2390b4d-8b36-448a-b0e6-27aba52aab7b,2026-05-27T10:30:00Z,2026-05-27T12:30:00+0200,335.26,MW,FR,FR,actual_offshore_wind_generation,Wind Offshore | Actual Aggregated,2026-05-29T22:18:42Z
2026-05-29T22:17:36Z,2026-05-30T00:17:36+0200,e2390b4d-8b36-448a-b0e6-27aba52aab7b,2026-05-27T10:45:00Z,2026-05-27T12:45:00+0200,316.82,MW,FR,FR,actual_offshore_wind_generation,Wind Offshore | Actual Aggregated,2026-05-29T22:18:42Z
2026-05-29T22:17:36Z,2026-05-30T00:17:36+0200,e2390b4d-8b36-448a-b0e6-27aba52aab7b,2026-05-27T11:00:00Z,2026-05-27T13:00:00+0200,283.27,MW,FR,FR,actual_offshore_wind_generation,Wind Offshore | Actual Aggregated,2026-05-29T22:18:42Z
2026-05-29T22:17:36Z,2026-05-30T00:17:36+0200,e2390b4d-8b36-448a-b0e6-27aba52aab7b,2026-05-27T11:15:00Z,2026-05-27T13:15:00+0200,255.79,MW,FR,FR,actual_offshore_wind_generation,Wind Offshore | Actual Aggregated,2026-05-29T22:18:42Z
2026-05-29T22:17:36Z,2026-05-30T00:17:36+0200,e2390b4d-8b36-448a-b0e6-27aba52aab7b,2026-05-27T11:30:00Z,2026-05-27T13:30:00+0200,264.92,MW,FR,FR,actual_offshore_wind_generation,Wind Offshore | Actual Aggregated,2026-05-29T22:18:42Z
2026-05-29T22:17:36Z,2026-05-30T00:17:36+0200,e2390b4d-8b36-448a-b0e6-27aba52aab7b,2026-05-27T11:45:00Z,2026-05-27T13:45:00+0200,268.83,MW,FR,FR,actual_offshore_wind_generation,Wind Offshore | Actual Aggregated,2026-05-29T22:18:42Z
2026-05-29T22:17:36Z,2026-05-30T00:17:36+0200,e2390b4d-8b36-448a-b0e6-27aba52aab7b,2026-05-27T12:00:00Z,2026-05-27T14:00:00+0200,280.85,MW,FR,FR,actual_offshore_wind_generation,Wind Offshore | Actual Aggregated,2026-05-29T22:18:42Z
2026-05-29T22:17:36Z,2026-05-30T00:17:36+0200,e2390b4d-8b36-448a-b0e6-27aba52aab7b,2026-05-27T12:15:00Z,2026-05-27T14:15:00+0200,300.83,MW,FR,FR,actual_offshore_wind_generation,Wind Offshore | Actual Aggregated,2026-05-29T22:18:42Z
2026-05-29T22:17:36Z,2026-05-30T00:17:36+0200,e2390b4d-8b36-448a-b0e6-27aba52aab7b,2026-05-27T12:30:00Z,2026-05-27T14:30:00+0200,315.65,MW,FR,FR,actual_offshore_wind_generation,Wind Offshore | Actual Aggregated,2026-05-29T22:18:42Z
2026-05-29T22:17:36Z,2026-05-30T00:17:36+0200,e2390b4d-8b36-448a-b0e6-27aba52aab7b,2026-05-27T12:45:00Z,2026-05-27T14:45:00+0200,221.7,MW,FR,FR,actual_offshore_wind_generation,Wind Offshore | Actual Aggregated,2026-05-29T22:18:42Z
2026-05-29T22:17:36Z,2026-05-30T00:17:36+0200,e2390b4d-8b36-448a-b0e6-27aba52aab7b,2026-05-27T13:00:00Z,2026-05-27T15:00:00+0200,251.52,MW,FR,FR,actual_offshore_wind_generation,Wind Offshore | Actual Aggregated,2026-05-29T22:18:42Z
2026-05-29T22:17:36Z,2026-05-30T00:17:36+0200,e2390b4d-8b36-448a-b0e6-27aba52aab7b,2026-05-27T13:15:00Z,2026-05-27T15:15:00+0200,385.55,MW,FR,FR,actual_offshore_wind_generation,Wind Offshore | Actual Aggregated,2026-05-29T22:18:42Z
2026-05-29T22:17:36Z,2026-05-30T00:17:36+0200,e2390b4d-8b36-448a-b0e6-27aba52aab7b,2026-05-27T13:30:00Z,2026-05-27T15:30:00+0200,491.37,MW,FR,FR,actual_offshore_wind_generation,Wind Offshore | Actual Aggregated,2026-05-29T22:18:42Z
2026-05-29T22:17:36Z,2026-05-30T00:17:36+0200,e2390b4d-8b36-448a-b0e6-27aba52aab7b,2026-05-27T13:45:00Z,2026-05-27T15:45:00+0200,495.43,MW,FR,FR,actual_offshore_wind_generation,Wind Offshore | Actual Aggregated,2026-05-29T22:18:42Z
2026-05-29T22:17:36Z,2026-05-30T00:17:36+0200,e2390b4d-8b36-448a-b0e6-27aba52aab7b,2026-05-27T14:00:00Z,2026-05-27T16:00:00+0200,464.53,MW,FR,FR,actual_offshore_wind_generation,Wind Offshore | Actual Aggregated,2026-05-29T22:18:42Z
2026-05-29T22:17:36Z,2026-05-30T00:17:36+0200,e2390b4d-8b36-448a-b0e6-27aba52aab7b,2026-05-27T14:15:00Z,2026-05-27T16:15:00+0200,439.83,MW,FR,FR,actual_offshore_wind_generation,Wind Offshore | Actual Aggregated,2026-05-29T22:18:42Z
2026-05-29T22:17:36Z,2026-05-30T00:17:36+0200,e2390b4d-8b36-448a-b0e6-27aba52aab7b,2026-05-27T14:30:00Z,2026-05-27T16:30:00+0200,448.4,MW,FR,FR,actual_offshore_wind_generation,Wind Offshore | Actual Aggregated,2026-05-29T22:18:42Z
2026-05-29T22:17:36Z,2026-05-30T00:17:36+0200,e2390b4d-8b36-448a-b0e6-27aba52aab7b,2026-05-27T14:45:00Z,2026-05-27T16:45:00+0200,462.83,MW,FR,FR,actual_offshore_wind_generation,Wind Offshore | Actual Aggregated,2026-05-29T22:18:42Z
2026-05-29T22:17:36Z,2026-05-30T00:17:36+0200,e2390b4d-8b36-448a-b0e6-27aba52aab7b,2026-05-27T15:00:00Z,2026-05-27T17:00:00+0200,477.94,MW,FR,FR,actual_offshore_wind_generation,Wind Offshore | Actual Aggregated,2026-05-29T22:18:42Z
2026-05-29T22:17:36Z,2026-05-30T00:17:36+0200,e2390b4d-8b36-448a-b0e6-27aba52aab7b,2026-05-27T15:15:00Z,2026-05-27T17:15:00+0200,485.13,MW,FR,FR,actual_offshore_wind_generation,Wind Offshore | Actual Aggregated,2026-05-29T22:18:42Z
2026-05-29T22:17:36Z,2026-05-30T00:17:36+0200,e2390b4d-8b36-448a-b0e6-27aba52aab7b,2026-05-27T15:30:00Z,2026-05-27T17:30:00+0200,450.93,MW,FR,FR,actual_offshore_wind_generation,Wind Offshore | Actual Aggregated,2026-05-29T22:18:42Z
2026-05-29T22:17:36Z,2026-05-30T00:17:36+0200,e2390b4d-8b36-448a-b0e6-27aba52aab7b,2026-05-27T15:45:00Z,2026-05-27T17:45:00+0200,440.8,MW,FR,FR,actual_offshore_wind_generation,Wind Offshore | Actual Aggregated,2026-05-29T22:18:42Z
2026-05-29T22:17:36Z,2026-05-30T00:17:36+0200,e2390b4d-8b36-448a-b0e6-27aba52aab7b,2026-05-27T16:00:00Z,2026-05-27T18:00:00+0200,426.73,MW,FR,FR,actual_offshore_wind_generation,Wind Offshore | Actual Aggregated,2026-05-29T22:18:42Z
2026-05-29T22:17:36Z,2026-05-30T00:17:36+0200,e2390b4d-8b36-448a-b0e6-27aba52aab7b,2026-05-27T16:15:00Z,2026-05-27T18:15:00+0200,411.78,MW,FR,FR,actual_offshore_wind_generation,Wind Offshore | Actual Aggregated,2026-05-29T22:18:42Z
2026-05-29T22:17:36Z,2026-05-30T00:17:36+0200,e2390b4d-8b36-448a-b0e6-27aba52aab7b,2026-05-27T16:30:00Z,2026-05-27T18:30:00+0200,386.51,MW,FR,FR,actual_offshore_wind_generation,Wind Offshore | Actual Aggregated,2026-05-29T22:18:42Z
2026-05-29T22:17:36Z,2026-05-30T00:17:36+0200,e2390b4d-8b36-448a-b0e6-27aba52aab7b,2026-05-27T16:45:00Z,2026-05-27T18:45:00+0200,370.23,MW,FR,FR,actual_offshore_wind_generation,Wind Offshore | Actual Aggregated,2026-05-29T22:18:42Z
2026-05-29T22:17:36Z,2026-05-30T00:17:36+0200,e2390b4d-8b36-448a-b0e6-27aba52aab7b,2026-05-27T17:00:00Z,2026-05-27T19:00:00+0200,384.5,MW,FR,FR,actual_offshore_wind_generation,Wind Offshore | Actual Aggregated,2026-05-29T22:18:42Z
2026-05-29T22:17:36Z,2026-05-30T00:17:36+0200,e2390b4d-8b36-448a-b0e6-27aba52aab7b,2026-05-27T17:15:00Z,2026-05-27T19:15:00+0200,385.63,MW,FR,FR,actual_offshore_wind_generation,Wind Offshore | Actual Aggregated,2026-05-29T22:18:42Z
2026-05-29T22:17:36Z,2026-05-30T00:17:36+0200,e2390b4d-8b36-448a-b0e6-27aba52aab7b,2026-05-27T17:30:00Z,2026-05-27T19:30:00+0200,366.95,MW,FR,FR,actual_offshore_wind_generation,Wind Offshore | Actual Aggregated,2026-05-29T22:18:42Z
2026-05-29T22:17:36Z,2026-05-30T00:17:36+0200,e2390b4d-8b36-448a-b0e6-27aba52aab7b,2026-05-27T17:45:00Z,2026-05-27T19:45:00+0200,344.11,MW,FR,FR,actual_offshore_wind_generation,Wind Offshore | Actual Aggregated,2026-05-29T22:18:42Z
2026-05-29T22:17:36Z,2026-05-30T00:17:36+0200,e2390b4d-8b36-448a-b0e6-27aba52aab7b,2026-05-27T18:00:00Z,2026-05-27T20:00:00+0200,352.49,MW,FR,FR,actual_offshore_wind_generation,Wind Offshore | Actual Aggregated,2026-05-29T22:18:42Z
2026-05-29T22:17:36Z,2026-05-30T00:17:36+0200,e2390b4d-8b36-448a-b0e6-27aba52aab7b,2026-05-27T18:15:00Z,2026-05-27T20:15:00+0200,395.6,MW,FR,FR,actual_offshore_wind_generation,Wind Offshore | Actual Aggregated,2026-05-29T22:18:42Z
2026-05-29T22:17:36Z,2026-05-30T00:17:36+0200,e2390b4d-8b36-448a-b0e6-27aba52aab7b,2026-05-27T18:30:00Z,2026-05-27T20:30:00+0200,394.29,MW,FR,FR,actual_offshore_wind_generation,Wind Offshore | Actual Aggregated,2026-05-29T22:18:42Z
2026-05-29T22:17:36Z,2026-05-30T00:17:36+0200,e2390b4d-8b36-448a-b0e6-27aba52aab7b,2026-05-27T18:45:00Z,2026-05-27T20:45:00+0200,339.24,MW,FR,FR,actual_offshore_wind_generation,Wind Offshore | Actual Aggregated,2026-05-29T22:18:42Z
2026-05-29T22:17:36Z,2026-05-30T00:17:36+0200,e2390b4d-8b36-448a-b0e6-27aba52aab7b,2026-05-27T19:00:00Z,2026-05-27T21:00:00+0200,265.1,MW,FR,FR,actual_offshore_wind_generation,Wind Offshore | Actual Aggregated,2026-05-29T22:18:42Z
2026-05-29T22:17:36Z,2026-05-30T00:17:36+0200,e2390b4d-8b36-448a-b0e6-27aba52aab7b,2026-05-27T19:15:00Z,2026-05-27T21:15:00+0200,224.62,MW,FR,FR,actual_offshore_wind_generation,Wind Offshore | Actual Aggregated,2026-05-29T22:18:42Z
2026-05-29T22:17:36Z,2026-05-30T00:17:36+0200,e2390b4d-8b36-448a-b0e6-27aba52aab7b,2026-05-27T19:30:00Z,2026-05-27T21:30:00+0200,194.98,MW,FR,FR,actual_offshore_wind_generation,Wind Offshore | Actual Aggregated,2026-05-29T22:18:42Z
2026-05-29T22:17:36Z,2026-05-30T00:17:36+0200,e2390b4d-8b36-448a-b0e6-27aba52aab7b,2026-05-27T19:45:00Z,2026-05-27T21:45:00+0200,202.27,MW,FR,FR,actual_offshore_wind_generation,Wind Offshore | Actual Aggregated,2026-05-29T22:18:42Z
2026-05-29T22:17:36Z,2026-05-30T00:17:36+0200,e2390b4d-8b36-448a-b0e6-27aba52aab7b,2026-05-27T20:00:00Z,2026-05-27T22:00:00+0200,216.34,MW,FR,FR,actual_offshore_wind_generation,Wind Offshore | Actual Aggregated,2026-05-29T22:18:42Z
2026-05-29T22:17:36Z,2026-05-30T00:17:36+0200,e2390b4d-8b36-448a-b0e6-27aba52aab7b,2026-05-27T20:15:00Z,2026-05-27T22:15:00+0200,223.09,MW,FR,FR,actual_offshore_wind_generation,Wind Offshore | Actual Aggregated,2026-05-29T22:18:42Z
2026-05-29T22:17:36Z,2026-05-30T00:17:36+0200,e2390b4d-8b36-448a-b0e6-27aba52aab7b,2026-05-27T20:30:00Z,2026-05-27T22:30:00+0200,218.96,MW,FR,FR,actual_offshore_wind_generation,Wind Offshore | Actual Aggregated,2026-05-29T22:18:42Z
2026-05-29T22:17:36Z,2026-05-30T00:17:36+0200,e2390b4d-8b36-448a-b0e6-27aba52aab7b,2026-05-27T20:45:00Z,2026-05-27T22:45:00+0200,220.77,MW,FR,FR,actual_offshore_wind_generation,Wind Offshore | Actual Aggregated,2026-05-29T22:18:42Z
2026-05-29T22:17:36Z,2026-05-30T00:17:36+0200,e2390b4d-8b36-448a-b0e6-27aba52aab7b,2026-05-27T21:00:00Z,2026-05-27T23:00:00+0200,172.1,MW,FR,FR,actual_offshore_wind_generation,Wind Offshore | Actual Aggregated,2026-05-29T22:18:42Z
2026-05-29T22:17:36Z,2026-05-30T00:17:36+0200,e2390b4d-8b36-448a-b0e6-27aba52aab7b,2026-05-27T21:15:00Z,2026-05-27T23:15:00+0200,128.77,MW,FR,FR,actual_offshore_wind_generation,Wind Offshore | Actual Aggregated,2026-05-29T22:18:42Z
2026-05-29T22:17:36Z,2026-05-30T00:17:36+0200,e2390b4d-8b36-448a-b0e6-27aba52aab7b,2026-05-27T21:30:00Z,2026-05-27T23:30:00+0200,117.82,MW,FR,FR,actual_offshore_wind_generation,Wind Offshore | Actual Aggregated,2026-05-29T22:18:42Z
2026-05-29T22:17:36Z,2026-05-30T00:17:36+0200,e2390b4d-8b36-448a-b0e6-27aba52aab7b,2026-05-27T21:45:00Z,2026-05-27T23:45:00+0200,110.95,MW,FR,FR,actual_offshore_wind_generation,Wind Offshore | Actual Aggregated,2026-05-29T22:18:42Z
2026-05-29T22:17:36Z,2026-05-30T00:17:36+0200,e2390b4d-8b36-448a-b0e6-27aba52aab7b,2026-05-27T22:00:00Z,2026-05-28T00:00:00+0200,114.24,MW,FR,FR,actual_offshore_wind_generation,Wind Offshore | Actual Aggregated,2026-05-29T22:18:42Z
2026-05-29T22:17:36Z,2026-05-30T00:17:36+0200,e2390b4d-8b36-448a-b0e6-27aba52aab7b,2026-05-27T22:15:00Z,2026-05-28T00:15:00+0200,142.65,MW,FR,FR,actual_offshore_wind_generation,Wind Offshore | Actual Aggregated,2026-05-29T22:18:42Z
2026-05-29T22:17:36Z,2026-05-30T00:17:36+0200,e2390b4d-8b36-448a-b0e6-27aba52aab7b,2026-05-27T22:30:00Z,2026-05-28T00:30:00+0200,160.62,MW,FR,FR,actual_offshore_wind_generation,Wind Offshore | Actual Aggregated,2026-05-29T22:18:42Z
2026-05-29T22:17:36Z,2026-05-30T00:17:36+0200,e2390b4d-8b36-448a-b0e6-27aba52aab7b,2026-05-27T22:45:00Z,2026-05-28T00:45:00+0200,171.54,MW,FR,FR,actual_offshore_wind_generation,Wind Offshore | Actual Aggregated,2026-05-29T22:18:42Z
2026-05-29T22:17:36Z,2026-05-30T00:17:36+0200,e2390b4d-8b36-448a-b0e6-27aba52aab7b,2026-05-27T23:00:00Z,2026-05-28T01:00:00+0200,182.87,MW,FR,FR,actual_offshore_wind_generation,Wind Offshore | Actual Aggregated,2026-05-29T22:18:42Z
2026-05-29T22:17:36Z,2026-05-30T00:17:36+0200,e2390b4d-8b36-448a-b0e6-27aba52aab7b,2026-05-27T23:15:00Z,2026-05-28T01:15:00+0200,196.94,MW,FR,FR,actual_offshore_wind_generation,Wind Offshore | Actual Aggregated,2026-05-29T22:18:42Z
2026-05-29T22:17:36Z,2026-05-30T00:17:36+0200,e2390b4d-8b36-448a-b0e6-27aba52aab7b,2026-05-27T23:30:00Z,2026-05-28T01:30:00+0200,209.58,MW,FR,FR,actual_offshore_wind_generation,Wind Offshore | Actual Aggregated,2026-05-29T22:18:42Z
2026-05-29T22:17:36Z,2026-05-30T00:17:36+0200,e2390b4d-8b36-448a-b0e6-27aba52aab7b,2026-05-27T23:45:00Z,2026-05-28T01:45:00+0200,203.34,MW,FR,FR,actual_offshore_wind_generation,Wind Offshore | Actual Aggregated,2026-05-29T22:18:42Z
2026-05-29T22:17:36Z,2026-05-30T00:17:36+0200,e2390b4d-8b36-448a-b0e6-27aba52aab7b,2026-05-28T00:00:00Z,2026-05-28T02:00:00+0200,180.43,MW,FR,FR,actual_offshore_wind_generation,Wind Offshore | Actual Aggregated,2026-05-29T22:18:42Z
2026-05-29T22:17:36Z,2026-05-30T00:17:36+0200,e2390b4d-8b36-448a-b0e6-27aba52aab7b,2026-05-28T00:15:00Z,2026-05-28T02:15:00+0200,168.27,MW,FR,FR,actual_offshore_wind_generation,Wind Offshore | Actual Aggregated,2026-05-29T22:18:42Z
2026-05-29T22:17:36Z,2026-05-30T00:17:36+0200,e2390b4d-8b36-448a-b0e6-27aba52aab7b,2026-05-28T00:30:00Z,2026-05-28T02:30:00+0200,179.18,MW,FR,FR,actual_offshore_wind_generation,Wind Offshore | Actual Aggregated,2026-05-29T22:18:42Z
2026-05-29T22:17:36Z,2026-05-30T00:17:36+0200,e2390b4d-8b36-448a-b0e6-27aba52aab7b,2026-05-28T00:45:00Z,2026-05-28T02:45:00+0200,165.25,MW,FR,FR,actual_offshore_wind_generation,Wind Offshore | Actual Aggregated,2026-05-29T22:18:42Z
2026-05-29T22:17:36Z,2026-05-30T00:17:36+0200,e2390b4d-8b36-448a-b0e6-27aba52aab7b,2026-05-28T01:00:00Z,2026-05-28T03:00:00+0200,167.24,MW,FR,FR,actual_offshore_wind_generation,Wind Offshore | Actual Aggregated,2026-05-29T22:18:42Z
2026-05-29T22:17:36Z,2026-05-30T00:17:36+0200,e2390b4d-8b36-448a-b0e6-27aba52aab7b,2026-05-28T01:15:00Z,2026-05-28T03:15:00+0200,178.95,MW,FR,FR,actual_offshore_wind_generation,Wind Offshore | Actual Aggregated,2026-05-29T22:18:42Z
2026-05-29T22:17:36Z,2026-05-30T00:17:36+0200,e2390b4d-8b36-448a-b0e6-27aba52aab7b,2026-05-28T01:30:00Z,2026-05-28T03:30:00+0200,185.19,MW,FR,FR,actual_offshore_wind_generation,Wind Offshore | Actual Aggregated,2026-05-29T22:18:42Z
2026-05-29T22:17:36Z,2026-05-30T00:17:36+0200,e2390b4d-8b36-448a-b0e6-27aba52aab7b,2026-05-28T01:45:00Z,2026-05-28T03:45:00+0200,179.71,MW,FR,FR,actual_offshore_wind_generation,Wind Offshore | Actual Aggregated,2026-05-29T22:18:42Z
2026-05-29T22:17:36Z,2026-05-30T00:17:36+0200,e2390b4d-8b36-448a-b0e6-27aba52aab7b,2026-05-28T02:00:00Z,2026-05-28T04:00:00+0200,176.32,MW,FR,FR,actual_offshore_wind_generation,Wind Offshore | Actual Aggregated,2026-05-29T22:18:42Z
2026-05-29T22:17:36Z,2026-05-30T00:17:36+0200,e2390b4d-8b36-448a-b0e6-27aba52aab7b,2026-05-28T02:15:00Z,2026-05-28T04:15:00+0200,165.22,MW,FR,FR,actual_offshore_wind_generation,Wind Offshore | Actual Aggregated,2026-05-29T22:18:42Z
2026-05-29T22:17:36Z,2026-05-30T00:17:36+0200,e2390b4d-8b36-448a-b0e6-27aba52aab7b,2026-05-28T02:30:00Z,2026-05-28T04:30:00+0200,164.05,MW,FR,FR,actual_offshore_wind_generation,Wind Offshore | Actual Aggregated,2026-05-29T22:18:42Z
2026-05-29T22:17:36Z,2026-05-30T00:17:36+0200,e2390b4d-8b36-448a-b0e6-27aba52aab7b,2026-05-28T02:45:00Z,2026-05-28T04:45:00+0200,171.42,MW,FR,FR,actual_offshore_wind_generation,Wind Offshore | Actual Aggregated,2026-05-29T22:18:42Z
2026-05-29T22:17:36Z,2026-05-30T00:17:36+0200,e2390b4d-8b36-448a-b0e6-27aba52aab7b,2026-05-28T03:00:00Z,2026-05-28T05:00:00+0200,168.15,MW,FR,FR,actual_offshore_wind_generation,Wind Offshore | Actual Aggregated,2026-05-29T22:18:42Z
2026-05-29T22:17:36Z,2026-05-30T00:17:36+0200,e2390b4d-8b36-448a-b0e6-27aba52aab7b,2026-05-28T03:15:00Z,2026-05-28T05:15:00+0200,176.76,MW,FR,FR,actual_offshore_wind_generation,Wind Offshore | Actual Aggregated,2026-05-29T22:18:42Z
2026-05-29T22:17:36Z,2026-05-30T00:17:36+0200,e2390b4d-8b36-448a-b0e6-27aba52aab7b,2026-05-28T03:30:00Z,2026-05-28T05:30:00+0200,189.73,MW,FR,FR,actual_offshore_wind_generation,Wind Offshore | Actual Aggregated,2026-05-29T22:18:42Z
2026-05-29T22:17:36Z,2026-05-30T00:17:36+0200,e2390b4d-8b36-448a-b0e6-27aba52aab7b,2026-05-28T03:45:00Z,2026-05-28T05:45:00+0200,197.28,MW,FR,FR,actual_offshore_wind_generation,Wind Offshore | Actual Aggregated,2026-05-29T22:18:42Z
2026-05-29T22:17:36Z,2026-05-30T00:17:36+0200,e2390b4d-8b36-448a-b0e6-27aba52aab7b,2026-05-28T04:00:00Z,2026-05-28T06:00:00+0200,188.21,MW,FR,FR,actual_offshore_wind_generation,Wind Offshore | Actual Aggregated,2026-05-29T22:18:42Z
2026-05-29T22:17:36Z,2026-05-30T00:17:36+0200,e2390b4d-8b36-448a-b0e6-27aba52aab7b,2026-05-28T04:15:00Z,2026-05-28T06:15:00+0200,190.48,MW,FR,FR,actual_offshore_wind_generation,Wind Offshore | Actual Aggregated,2026-05-29T22:18:42Z
2026-05-29T22:17:36Z,2026-05-30T00:17:36+0200,e2390b4d-8b36-448a-b0e6-27aba52aab7b,2026-05-28T04:30:00Z,2026-05-28T06:30:00+0200,189.55,MW,FR,FR,actual_offshore_wind_generation,Wind Offshore | Actual Aggregated,2026-05-29T22:18:42Z
2026-05-29T22:17:36Z,2026-05-30T00:17:36+0200,e2390b4d-8b36-448a-b0e6-27aba52aab7b,2026-05-28T04:45:00Z,2026-05-28T06:45:00+0200,201.02,MW,FR,FR,actual_offshore_wind_generation,Wind Offshore | Actual Aggregated,2026-05-29T22:18:42Z
2026-05-29T22:17:36Z,2026-05-30T00:17:36+0200,e2390b4d-8b36-448a-b0e6-27aba52aab7b,2026-05-28T05:00:00Z,2026-05-28T07:00:00+0200,230.25,MW,FR,FR,actual_offshore_wind_generation,Wind Offshore | Actual Aggregated,2026-05-29T22:18:42Z
2026-05-29T22:17:36Z,2026-05-30T00:17:36+0200,e2390b4d-8b36-448a-b0e6-27aba52aab7b,2026-05-28T05:15:00Z,2026-05-28T07:15:00+0200,233.35,MW,FR,FR,actual_offshore_wind_generation,Wind Offshore | Actual Aggregated,2026-05-29T22:18:42Z
2026-05-29T22:17:36Z,2026-05-30T00:17:36+0200,e2390b4d-8b36-448a-b0e6-27aba52aab7b,2026-05-28T05:30:00Z,2026-05-28T07:30:00+0200,235.52,MW,FR,FR,actual_offshore_wind_generation,Wind Offshore | Actual Aggregated,2026-05-29T22:18:42Z
2026-05-29T22:17:36Z,2026-05-30T00:17:36+0200,e2390b4d-8b36-448a-b0e6-27aba52aab7b,2026-05-28T05:45:00Z,2026-05-28T07:45:00+0200,247.48,MW,FR,FR,actual_offshore_wind_generation,Wind Offshore | Actual Aggregated,2026-05-29T22:18:42Z
2026-05-29T22:17:36Z,2026-05-30T00:17:36+0200,e2390b4d-8b36-448a-b0e6-27aba52aab7b,2026-05-28T06:00:00Z,2026-05-28T08:00:00+0200,256.59,MW,FR,FR,actual_offshore_wind_generation,Wind Offshore | Actual Aggregated,2026-05-29T22:18:42Z
2026-05-29T22:17:36Z,2026-05-30T00:17:36+0200,e2390b4d-8b36-448a-b0e6-27aba52aab7b,2026-05-28T06:15:00Z,2026-05-28T08:15:00+0200,253.16,MW,FR,FR,actual_offshore_wind_generation,Wind Offshore | Actual Aggregated,2026-05-29T22:18:42Z
2026-05-29T22:17:36Z,2026-05-30T00:17:36+0200,e2390b4d-8b36-448a-b0e6-27aba52aab7b,2026-05-28T06:30:00Z,2026-05-28T08:30:00+0200,219.37,MW,FR,FR,actual_offshore_wind_generation,Wind Offshore | Actual Aggregated,2026-05-29T22:18:42Z
2026-05-29T22:17:36Z,2026-05-30T00:17:36+0200,e2390b4d-8b36-448a-b0e6-27aba52aab7b,2026-05-28T06:45:00Z,2026-05-28T08:45:00+0200,201.45,MW,FR,FR,actual_offshore_wind_generation,Wind Offshore | Actual Aggregated,2026-05-29T22:18:42Z
2026-05-29T22:17:36Z,2026-05-30T00:17:36+0200,e2390b4d-8b36-448a-b0e6-27aba52aab7b,2026-05-28T07:00:00Z,2026-05-28T09:00:00+0200,184.04,MW,FR,FR,actual_offshore_wind_generation,Wind Offshore | Actual Aggregated,2026-05-29T22:18:42Z
2026-05-29T22:17:36Z,2026-05-30T00:17:36+0200,e2390b4d-8b36-448a-b0e6-27aba52aab7b,2026-05-28T07:15:00Z,2026-05-28T09:15:00+0200,214.58,MW,FR,FR,actual_offshore_wind_generation,Wind Offshore | Actual Aggregated,2026-05-29T22:18:42Z
2026-05-29T22:17:36Z,2026-05-30T00:17:36+0200,e2390b4d-8b36-448a-b0e6-27aba52aab7b,2026-05-28T07:30:00Z,2026-05-28T09:30:00+0200,257.46,MW,FR,FR,actual_offshore_wind_generation,Wind Offshore | Actual Aggregated,2026-05-29T22:18:42Z
2026-05-29T22:17:36Z,2026-05-30T00:17:36+0200,e2390b4d-8b36-448a-b0e6-27aba52aab7b,2026-05-28T07:45:00Z,2026-05-28T09:45:00+0200,144.51,MW,FR,FR,actual_offshore_wind_generation,Wind Offshore | Actual Aggregated,2026-05-29T22:18:42Z
2026-05-29T22:17:36Z,2026-05-30T00:17:36+0200,e2390b4d-8b36-448a-b0e6-27aba52aab7b,2026-05-28T08:00:00Z,2026-05-28T10:00:00+0200,106.63,MW,FR,FR,actual_offshore_wind_generation,Wind Offshore | Actual Aggregated,2026-05-29T22:18:42Z
2026-05-29T22:17:36Z,2026-05-30T00:17:36+0200,e2390b4d-8b36-448a-b0e6-27aba52aab7b,2026-05-28T08:15:00Z,2026-05-28T10:15:00+0200,107.87,MW,FR,FR,actual_offshore_wind_generation,Wind Offshore | Actual Aggregated,2026-05-29T22:18:42Z
2026-05-29T22:17:36Z,2026-05-30T00:17:36+0200,e2390b4d-8b36-448a-b0e6-27aba52aab7b,2026-05-28T08:30:00Z,2026-05-28T10:30:00+0200,91.56,MW,FR,FR,actual_offshore_wind_generation,Wind Offshore | Actual Aggregated,2026-05-29T22:18:42Z
2026-05-29T22:17:36Z,2026-05-30T00:17:36+0200,e2390b4d-8b36-448a-b0e6-27aba52aab7b,2026-05-28T08:45:00Z,2026-05-28T10:45:00+0200,89.42,MW,FR,FR,actual_offshore_wind_generation,Wind Offshore | Actual Aggregated,2026-05-29T22:18:42Z
2026-05-29T22:17:36Z,2026-05-30T00:17:36+0200,e2390b4d-8b36-448a-b0e6-27aba52aab7b,2026-05-28T09:00:00Z,2026-05-28T11:00:00+0200,95.09,MW,FR,FR,actual_offshore_wind_generation,Wind Offshore | Actual Aggregated,2026-05-29T22:18:42Z
2026-05-29T22:17:36Z,2026-05-30T00:17:36+0200,e2390b4d-8b36-448a-b0e6-27aba52aab7b,2026-05-28T09:15:00Z,2026-05-28T11:15:00+0200,113.25,MW,FR,FR,actual_offshore_wind_generation,Wind Offshore | Actual Aggregated,2026-05-29T22:18:42Z
2026-05-29T22:17:36Z,2026-05-30T00:17:36+0200,e2390b4d-8b36-448a-b0e6-27aba52aab7b,2026-05-28T09:30:00Z,2026-05-28T11:30:00+0200,124.32,MW,FR,FR,actual_offshore_wind_generation,Wind Offshore | Actual Aggregated,2026-05-29T22:18:42Z
2026-05-29T22:17:36Z,2026-05-30T00:17:36+0200,e2390b4d-8b36-448a-b0e6-27aba52aab7b,2026-05-28T09:45:00Z,2026-05-28T11:45:00+0200,95.22,MW,FR,FR,actual_offshore_wind_generation,Wind Offshore | Actual Aggregated,2026-05-29T22:18:42Z
2026-05-29T22:17:36Z,2026-05-30T00:17:36+0200,e2390b4d-8b36-448a-b0e6-27aba52aab7b,2026-05-28T10:00:00Z,2026-05-28T12:00:00+0200,59.02,MW,FR,FR,actual_offshore_wind_generation,Wind Offshore | Actual Aggregated,2026-05-29T22:18:42Z
2026-05-29T22:17:36Z,2026-05-30T00:17:36+0200,e2390b4d-8b36-448a-b0e6-27aba52aab7b,2026-05-28T10:15:00Z,2026-05-28T12:15:00+0200,31.36,MW,FR,FR,actual_offshore_wind_generation,Wind Offshore | Actual Aggregated,2026-05-29T22:18:42Z
2026-05-29T22:17:36Z,2026-05-30T00:17:36+0200,e2390b4d-8b36-448a-b0e6-27aba52aab7b,2026-05-28T10:30:00Z,2026-05-28T12:30:00+0200,17.51,MW,FR,FR,actual_offshore_wind_generation,Wind Offshore | Actual Aggregated,2026-05-29T22:18:42Z
2026-05-29T22:17:36Z,2026-05-30T00:17:36+0200,e2390b4d-8b36-448a-b0e6-27aba52aab7b,2026-05-28T10:45:00Z,2026-05-28T12:45:00+0200,0.32,MW,FR,FR,actual_offshore_wind_generation,Wind Offshore | Actual Aggregated,2026-05-29T22:18:42Z
2026-05-29T22:17:36Z,2026-05-30T00:17:36+0200,e2390b4d-8b36-448a-b0e6-27aba52aab7b,2026-05-28T11:00:00Z,2026-05-28T13:00:00+0200,8.23,MW,FR,FR,actual_offshore_wind_generation,Wind Offshore | Actual Consumption,2026-05-29T22:18:42Z
2026-05-29T22:17:36Z,2026-05-30T00:17:36+0200,e2390b4d-8b36-448a-b0e6-27aba52aab7b,2026-05-28T11:15:00Z,2026-05-28T13:15:00+0200,3.93,MW,FR,FR,actual_offshore_wind_generation,Wind Offshore | Actual Consumption,2026-05-29T22:18:42Z
2026-05-29T22:17:36Z,2026-05-30T00:17:36+0200,e2390b4d-8b36-448a-b0e6-27aba52aab7b,2026-05-28T11:30:00Z,2026-05-28T13:30:00+0200,6.33,MW,FR,FR,actual_offshore_wind_generation,Wind Offshore | Actual Aggregated,2026-05-29T22:18:42Z
2026-05-29T22:17:36Z,2026-05-30T00:17:36+0200,e2390b4d-8b36-448a-b0e6-27aba52aab7b,2026-05-28T11:45:00Z,2026-05-28T13:45:00+0200,23.87,MW,FR,FR,actual_offshore_wind_generation,Wind Offshore | Actual Aggregated,2026-05-29T22:18:42Z
2026-05-29T22:17:36Z,2026-05-30T00:17:36+0200,e2390b4d-8b36-448a-b0e6-27aba52aab7b,2026-05-28T12:00:00Z,2026-05-28T14:00:00+0200,45.26,MW,FR,FR,actual_offshore_wind_generation,Wind Offshore | Actual Aggregated,2026-05-29T22:18:42Z
2026-05-29T22:17:36Z,2026-05-30T00:17:36+0200,e2390b4d-8b36-448a-b0e6-27aba52aab7b,2026-05-28T12:15:00Z,2026-05-28T14:15:00+0200,47.38,MW,FR,FR,actual_offshore_wind_generation,Wind Offshore | Actual Aggregated,2026-05-29T22:18:42Z
2026-05-29T22:17:36Z,2026-05-30T00:17:36+0200,e2390b4d-8b36-448a-b0e6-27aba52aab7b,2026-05-28T12:30:00Z,2026-05-28T14:30:00+0200,36.54,MW,FR,FR,actual_offshore_wind_generation,Wind Offshore | Actual Aggregated,2026-05-29T22:18:42Z
2026-05-29T22:17:36Z,2026-05-30T00:17:36+0200,e2390b4d-8b36-448a-b0e6-27aba52aab7b,2026-05-28T12:45:00Z,2026-05-28T14:45:00+0200,30.69,MW,FR,FR,actual_offshore_wind_generation,Wind Offshore | Actual Aggregated,2026-05-29T22:18:42Z
2026-05-29T22:17:36Z,2026-05-30T00:17:36+0200,e2390b4d-8b36-448a-b0e6-27aba52aab7b,2026-05-28T13:00:00Z,2026-05-28T15:00:00+0200,9.14,MW,FR,FR,actual_offshore_wind_generation,Wind Offshore | Actual Aggregated,2026-05-29T22:18:42Z
2026-05-29T22:17:36Z,2026-05-30T00:17:36+0200,e2390b4d-8b36-448a-b0e6-27aba52aab7b,2026-05-28T13:15:00Z,2026-05-28T15:15:00+0200,0.75,MW,FR,FR,actual_offshore_wind_generation,Wind Offshore | Actual Aggregated,2026-05-29T22:18:42Z
2026-05-29T22:17:36Z,2026-05-30T00:17:36+0200,e2390b4d-8b36-448a-b0e6-27aba52aab7b,2026-05-28T13:30:00Z,2026-05-28T15:30:00+0200,5.48,MW,FR,FR,actual_offshore_wind_generation,Wind Offshore | Actual Aggregated,2026-05-29T22:18:42Z
2026-05-29T22:17:36Z,2026-05-30T00:17:36+0200,e2390b4d-8b36-448a-b0e6-27aba52aab7b,2026-05-28T13:45:00Z,2026-05-28T15:45:00+0200,18.02,MW,FR,FR,actual_offshore_wind_generation,Wind Offshore | Actual Aggregated,2026-05-29T22:18:42Z
2026-05-29T22:17:36Z,2026-05-30T00:17:36+0200,e2390b4d-8b36-448a-b0e6-27aba52aab7b,2026-05-28T14:00:00Z,2026-05-28T16:00:00+0200,24.11,MW,FR,FR,actual_offshore_wind_generation,Wind Offshore | Actual Aggregated,2026-05-29T22:18:42Z
2026-05-29T22:17:36Z,2026-05-30T00:17:36+0200,e2390b4d-8b36-448a-b0e6-27aba52aab7b,2026-05-28T14:15:00Z,2026-05-28T16:15:00+0200,25.71,MW,FR,FR,actual_offshore_wind_generation,Wind Offshore | Actual Aggregated,2026-05-29T22:18:42Z
2026-05-29T22:17:36Z,2026-05-30T00:17:36+0200,e2390b4d-8b36-448a-b0e6-27aba52aab7b,2026-05-28T14:30:00Z,2026-05-28T16:30:00+0200,14.26,MW,FR,FR,actual_offshore_wind_generation,Wind Offshore | Actual Aggregated,2026-05-29T22:18:42Z
2026-05-29T22:17:36Z,2026-05-30T00:17:36+0200,e2390b4d-8b36-448a-b0e6-27aba52aab7b,2026-05-28T14:45:00Z,2026-05-28T16:45:00+0200,5.74,MW,FR,FR,actual_offshore_wind_generation,Wind Offshore | Actual Consumption,2026-05-29T22:18:42Z
2026-05-29T22:17:36Z,2026-05-30T00:17:36+0200,e2390b4d-8b36-448a-b0e6-27aba52aab7b,2026-05-28T15:00:00Z,2026-05-28T17:00:00+0200,10.05,MW,FR,FR,actual_offshore_wind_generation,Wind Offshore | Actual Consumption,2026-05-29T22:18:42Z
2026-05-29T22:17:36Z,2026-05-30T00:17:36+0200,e2390b4d-8b36-448a-b0e6-27aba52aab7b,2026-05-28T15:15:00Z,2026-05-28T17:15:00+0200,9.92,MW,FR,FR,actual_offshore_wind_generation,Wind Offshore | Actual Consumption,2026-05-29T22:18:42Z
2026-05-29T22:17:36Z,2026-05-30T00:17:36+0200,e2390b4d-8b36-448a-b0e6-27aba52aab7b,2026-05-28T15:30:00Z,2026-05-28T17:30:00+0200,8.33,MW,FR,FR,actual_offshore_wind_generation,Wind Offshore | Actual Consumption,2026-05-29T22:18:42Z
2026-05-29T22:17:36Z,2026-05-30T00:17:36+0200,e2390b4d-8b36-448a-b0e6-27aba52aab7b,2026-05-28T15:45:00Z,2026-05-28T17:45:00+0200,9.39,MW,FR,FR,actual_offshore_wind_generation,Wind Offshore | Actual Consumption,2026-05-29T22:18:42Z
2026-05-29T22:17:36Z,2026-05-30T00:17:36+0200,e2390b4d-8b36-448a-b0e6-27aba52aab7b,2026-05-28T16:00:00Z,2026-05-28T18:00:00+0200,12.81,MW,FR,FR,actual_offshore_wind_generation,Wind Offshore | Actual Consumption,2026-05-29T22:18:42Z
2026-05-29T22:17:36Z,2026-05-30T00:17:36+0200,e2390b4d-8b36-448a-b0e6-27aba52aab7b,2026-05-28T16:15:00Z,2026-05-28T18:15:00+0200,12.66,MW,FR,FR,actual_offshore_wind_generation,Wind Offshore | Actual Consumption,2026-05-29T22:18:42Z
2026-05-29T22:17:36Z,2026-05-30T00:17:36+0200,e2390b4d-8b36-448a-b0e6-27aba52aab7b,2026-05-28T16:30:00Z,2026-05-28T18:30:00+0200,7.88,MW,FR,FR,actual_offshore_wind_generation,Wind Offshore | Actual Consumption,2026-05-29T22:18:42Z
2026-05-29T22:17:36Z,2026-05-30T00:17:36+0200,e2390b4d-8b36-448a-b0e6-27aba52aab7b,2026-05-28T16:45:00Z,2026-05-28T18:45:00+0200,6.59,MW,FR,FR,actual_offshore_wind_generation,Wind Offshore | Actual Aggregated,2026-05-29T22:18:42Z
2026-05-29T22:17:36Z,2026-05-30T00:17:36+0200,e2390b4d-8b36-448a-b0e6-27aba52aab7b,2026-05-28T17:00:00Z,2026-05-28T19:00:00+0200,111.61,MW,FR,FR,actual_offshore_wind_generation,Wind Offshore | Actual Aggregated,2026-05-29T22:18:42Z
2026-05-29T22:17:36Z,2026-05-30T00:17:36+0200,e2390b4d-8b36-448a-b0e6-27aba52aab7b,2026-05-28T17:15:00Z,2026-05-28T19:15:00+0200,152.55,MW,FR,FR,actual_offshore_wind_generation,Wind Offshore | Actual Aggregated,2026-05-29T22:18:42Z
2026-05-29T22:17:36Z,2026-05-30T00:17:36+0200,e2390b4d-8b36-448a-b0e6-27aba52aab7b,2026-05-28T17:30:00Z,2026-05-28T19:30:00+0200,156.48,MW,FR,FR,actual_offshore_wind_generation,Wind Offshore | Actual Aggregated,2026-05-29T22:18:42Z
2026-05-29T22:17:36Z,2026-05-30T00:17:36+0200,e2390b4d-8b36-448a-b0e6-27aba52aab7b,2026-05-28T17:45:00Z,2026-05-28T19:45:00+0200,166.97,MW,FR,FR,actual_offshore_wind_generation,Wind Offshore | Actual Aggregated,2026-05-29T22:18:42Z
2026-05-29T22:17:36Z,2026-05-30T00:17:36+0200,e2390b4d-8b36-448a-b0e6-27aba52aab7b,2026-05-28T18:00:00Z,2026-05-28T20:00:00+0200,201.99,MW,FR,FR,actual_offshore_wind_generation,Wind Offshore | Actual Aggregated,2026-05-29T22:18:42Z
2026-05-29T22:17:36Z,2026-05-30T00:17:36+0200,e2390b4d-8b36-448a-b0e6-27aba52aab7b,2026-05-28T18:15:00Z,2026-05-28T20:15:00+0200,199.49,MW,FR,FR,actual_offshore_wind_generation,Wind Offshore | Actual Aggregated,2026-05-29T22:18:42Z
2026-05-29T22:17:36Z,2026-05-30T00:17:36+0200,e2390b4d-8b36-448a-b0e6-27aba52aab7b,2026-05-28T18:30:00Z,2026-05-28T20:30:00+0200,187.0,MW,FR,FR,actual_offshore_wind_generation,Wind Offshore | Actual Aggregated,2026-05-29T22:18:42Z
2026-05-29T22:17:36Z,2026-05-30T00:17:36+0200,e2390b4d-8b36-448a-b0e6-27aba52aab7b,2026-05-28T18:45:00Z,2026-05-28T20:45:00+0200,171.45,MW,FR,FR,actual_offshore_wind_generation,Wind Offshore | Actual Aggregated,2026-05-29T22:18:42Z
2026-05-29T22:17:36Z,2026-05-30T00:17:36+0200,e2390b4d-8b36-448a-b0e6-27aba52aab7b,2026-05-28T19:00:00Z,2026-05-28T21:00:00+0200,140.27,MW,FR,FR,actual_offshore_wind_generation,Wind Offshore | Actual Aggregated,2026-05-29T22:18:42Z
2026-05-29T22:17:36Z,2026-05-30T00:17:36+0200,e2390b4d-8b36-448a-b0e6-27aba52aab7b,2026-05-28T19:15:00Z,2026-05-28T21:15:00+0200,137.51,MW,FR,FR,actual_offshore_wind_generation,Wind Offshore | Actual Aggregated,2026-05-29T22:18:42Z
2026-05-29T22:17:36Z,2026-05-30T00:17:36+0200,e2390b4d-8b36-448a-b0e6-27aba52aab7b,2026-05-28T19:30:00Z,2026-05-28T21:30:00+0200,119.54,MW,FR,FR,actual_offshore_wind_generation,Wind Offshore | Actual Aggregated,2026-05-29T22:18:42Z
2026-05-29T22:17:36Z,2026-05-30T00:17:36+0200,e2390b4d-8b36-448a-b0e6-27aba52aab7b,2026-05-28T19:45:00Z,2026-05-28T21:45:00+0200,105.76,MW,FR,FR,actual_offshore_wind_generation,Wind Offshore | Actual Aggregated,2026-05-29T22:18:42Z
2026-05-29T22:17:36Z,2026-05-30T00:17:36+0200,e2390b4d-8b36-448a-b0e6-27aba52aab7b,2026-05-28T20:00:00Z,2026-05-28T22:00:00+0200,170.23,MW,FR,FR,actual_offshore_wind_generation,Wind Offshore | Actual Aggregated,2026-05-29T22:18:42Z
2026-05-29T22:17:36Z,2026-05-30T00:17:36+0200,e2390b4d-8b36-448a-b0e6-27aba52aab7b,2026-05-28T20:15:00Z,2026-05-28T22:15:00+0200,278.07,MW,FR,FR,actual_offshore_wind_generation,Wind Offshore | Actual Aggregated,2026-05-29T22:18:42Z
2026-05-29T22:17:36Z,2026-05-30T00:17:36+0200,e2390b4d-8b36-448a-b0e6-27aba52aab7b,2026-05-28T20:30:00Z,2026-05-28T22:30:00+0200,257.1,MW,FR,FR,actual_offshore_wind_generation,Wind Offshore | Actual Aggregated,2026-05-29T22:18:42Z
2026-05-29T22:17:36Z,2026-05-30T00:17:36+0200,e2390b4d-8b36-448a-b0e6-27aba52aab7b,2026-05-28T20:45:00Z,2026-05-28T22:45:00+0200,223.9,MW,FR,FR,actual_offshore_wind_generation,Wind Offshore | Actual Aggregated,2026-05-29T22:18:42Z
2026-05-29T22:17:36Z,2026-05-30T00:17:36+0200,e2390b4d-8b36-448a-b0e6-27aba52aab7b,2026-05-28T21:00:00Z,2026-05-28T23:00:00+0200,252.69,MW,FR,FR,actual_offshore_wind_generation,Wind Offshore | Actual Aggregated,2026-05-29T22:18:42Z
2026-05-29T22:17:36Z,2026-05-30T00:17:36+0200,e2390b4d-8b36-448a-b0e6-27aba52aab7b,2026-05-28T21:15:00Z,2026-05-28T23:15:00+0200,214.71,MW,FR,FR,actual_offshore_wind_generation,Wind Offshore | Actual Aggregated,2026-05-29T22:18:42Z
2026-05-29T22:17:36Z,2026-05-30T00:17:36+0200,e2390b4d-8b36-448a-b0e6-27aba52aab7b,2026-05-28T21:30:00Z,2026-05-28T23:30:00+0200,131.4,MW,FR,FR,actual_offshore_wind_generation,Wind Offshore | Actual Aggregated,2026-05-29T22:18:42Z
2026-05-29T22:17:36Z,2026-05-30T00:17:36+0200,e2390b4d-8b36-448a-b0e6-27aba52aab7b,2026-05-28T21:45:00Z,2026-05-28T23:45:00+0200,69.85,MW,FR,FR,actual_offshore_wind_generation,Wind Offshore | Actual Aggregated,2026-05-29T22:18:42Z
2026-05-29T22:17:36Z,2026-05-30T00:17:36+0200,e2390b4d-8b36-448a-b0e6-27aba52aab7b,2026-05-28T22:00:00Z,2026-05-29T00:00:00+0200,75.46,MW,FR,FR,actual_offshore_wind_generation,Wind Offshore | Actual Aggregated,2026-05-29T22:18:42Z
2026-05-29T22:17:36Z,2026-05-30T00:17:36+0200,e2390b4d-8b36-448a-b0e6-27aba52aab7b,2026-05-28T22:15:00Z,2026-05-29T00:15:00+0200,105.29,MW,FR,FR,actual_offshore_wind_generation,Wind Offshore | Actual Aggregated,2026-05-29T22:18:42Z
2026-05-29T22:17:36Z,2026-05-30T00:17:36+0200,e2390b4d-8b36-448a-b0e6-27aba52aab7b,2026-05-28T22:30:00Z,2026-05-29T00:30:00+0200,152.07,MW,FR,FR,actual_offshore_wind_generation,Wind Offshore | Actual Aggregated,2026-05-29T22:18:42Z
2026-05-29T22:17:36Z,2026-05-30T00:17:36+0200,e2390b4d-8b36-448a-b0e6-27aba52aab7b,2026-05-28T22:45:00Z,2026-05-29T00:45:00+0200,210.2,MW,FR,FR,actual_offshore_wind_generation,Wind Offshore | Actual Aggregated,2026-05-29T22:18:42Z
2026-05-29T22:17:36Z,2026-05-30T00:17:36+0200,e2390b4d-8b36-448a-b0e6-27aba52aab7b,2026-05-28T23:00:00Z,2026-05-29T01:00:00+0200,213.56,MW,FR,FR,actual_offshore_wind_generation,Wind Offshore | Actual Aggregated,2026-05-29T22:18:42Z
2026-05-29T22:17:36Z,2026-05-30T00:17:36+0200,e2390b4d-8b36-448a-b0e6-27aba52aab7b,2026-05-28T23:15:00Z,2026-05-29T01:15:00+0200,253.57,MW,FR,FR,actual_offshore_wind_generation,Wind Offshore | Actual Aggregated,2026-05-29T22:18:42Z
2026-05-29T22:17:36Z,2026-05-30T00:17:36+0200,e2390b4d-8b36-448a-b0e6-27aba52aab7b,2026-05-28T23:30:00Z,2026-05-29T01:30:00+0200,280.12,MW,FR,FR,actual_offshore_wind_generation,Wind Offshore | Actual Aggregated,2026-05-29T22:18:42Z
2026-05-29T22:17:36Z,2026-05-30T00:17:36+0200,e2390b4d-8b36-448a-b0e6-27aba52aab7b,2026-05-28T23:45:00Z,2026-05-29T01:45:00+0200,314.35,MW,FR,FR,actual_offshore_wind_generation,Wind Offshore | Actual Aggregated,2026-05-29T22:18:42Z
2026-05-29T22:17:36Z,2026-05-30T00:17:36+0200,e2390b4d-8b36-448a-b0e6-27aba52aab7b,2026-05-29T00:00:00Z,2026-05-29T02:00:00+0200,322.05,MW,FR,FR,actual_offshore_wind_generation,Wind Offshore | Actual Aggregated,2026-05-29T22:18:42Z
2026-05-29T22:17:36Z,2026-05-30T00:17:36+0200,e2390b4d-8b36-448a-b0e6-27aba52aab7b,2026-05-29T00:15:00Z,2026-05-29T02:15:00+0200,267.72,MW,FR,FR,actual_offshore_wind_generation,Wind Offshore | Actual Aggregated,2026-05-29T22:18:42Z
2026-05-29T22:17:36Z,2026-05-30T00:17:36+0200,e2390b4d-8b36-448a-b0e6-27aba52aab7b,2026-05-29T00:30:00Z,2026-05-29T02:30:00+0200,253.38,MW,FR,FR,actual_offshore_wind_generation,Wind Offshore | Actual Aggregated,2026-05-29T22:18:42Z
2026-05-29T22:17:36Z,2026-05-30T00:17:36+0200,e2390b4d-8b36-448a-b0e6-27aba52aab7b,2026-05-29T00:45:00Z,2026-05-29T02:45:00+0200,268.45,MW,FR,FR,actual_offshore_wind_generation,Wind Offshore | Actual Aggregated,2026-05-29T22:18:42Z
2026-05-29T22:17:36Z,2026-05-30T00:17:36+0200,e2390b4d-8b36-448a-b0e6-27aba52aab7b,2026-05-29T01:00:00Z,2026-05-29T03:00:00+0200,273.11,MW,FR,FR,actual_offshore_wind_generation,Wind Offshore | Actual Aggregated,2026-05-29T22:18:42Z
2026-05-29T22:17:36Z,2026-05-30T00:17:36+0200,e2390b4d-8b36-448a-b0e6-27aba52aab7b,2026-05-29T01:15:00Z,2026-05-29T03:15:00+0200,287.28,MW,FR,FR,actual_offshore_wind_generation,Wind Offshore | Actual Aggregated,2026-05-29T22:18:42Z
2026-05-29T22:17:36Z,2026-05-30T00:17:36+0200,e2390b4d-8b36-448a-b0e6-27aba52aab7b,2026-05-29T01:30:00Z,2026-05-29T03:30:00+0200,268.73,MW,FR,FR,actual_offshore_wind_generation,Wind Offshore | Actual Aggregated,2026-05-29T22:18:42Z
2026-05-29T22:17:36Z,2026-05-30T00:17:36+0200,e2390b4d-8b36-448a-b0e6-27aba52aab7b,2026-05-29T01:45:00Z,2026-05-29T03:45:00+0200,368.44,MW,FR,FR,actual_offshore_wind_generation,Wind Offshore | Actual Aggregated,2026-05-29T22:18:42Z
2026-05-29T22:17:36Z,2026-05-30T00:17:36+0200,e2390b4d-8b36-448a-b0e6-27aba52aab7b,2026-05-29T02:00:00Z,2026-05-29T04:00:00+0200,349.45,MW,FR,FR,actual_offshore_wind_generation,Wind Offshore | Actual Aggregated,2026-05-29T22:18:42Z
2026-05-29T22:17:36Z,2026-05-30T00:17:36+0200,e2390b4d-8b36-448a-b0e6-27aba52aab7b,2026-05-29T02:15:00Z,2026-05-29T04:15:00+0200,301.4,MW,FR,FR,actual_offshore_wind_generation,Wind Offshore | Actual Aggregated,2026-05-29T22:18:42Z
2026-05-29T22:17:36Z,2026-05-30T00:17:36+0200,e2390b4d-8b36-448a-b0e6-27aba52aab7b,2026-05-29T02:30:00Z,2026-05-29T04:30:00+0200,297.05,MW,FR,FR,actual_offshore_wind_generation,Wind Offshore | Actual Aggregated,2026-05-29T22:18:42Z
2026-05-29T22:17:36Z,2026-05-30T00:17:36+0200,e2390b4d-8b36-448a-b0e6-27aba52aab7b,2026-05-29T02:45:00Z,2026-05-29T04:45:00+0200,268.55,MW,FR,FR,actual_offshore_wind_generation,Wind Offshore | Actual Aggregated,2026-05-29T22:18:42Z
2026-05-29T22:17:36Z,2026-05-30T00:17:36+0200,e2390b4d-8b36-448a-b0e6-27aba52aab7b,2026-05-29T03:00:00Z,2026-05-29T05:00:00+0200,183.19,MW,FR,FR,actual_offshore_wind_generation,Wind Offshore | Actual Aggregated,2026-05-29T22:18:42Z
2026-05-29T22:17:36Z,2026-05-30T00:17:36+0200,e2390b4d-8b36-448a-b0e6-27aba52aab7b,2026-05-29T03:15:00Z,2026-05-29T05:15:00+0200,153.17,MW,FR,FR,actual_offshore_wind_generation,Wind Offshore | Actual Aggregated,2026-05-29T22:18:42Z
2026-05-29T22:17:36Z,2026-05-30T00:17:36+0200,e2390b4d-8b36-448a-b0e6-27aba52aab7b,2026-05-29T03:30:00Z,2026-05-29T05:30:00+0200,168.05,MW,FR,FR,actual_offshore_wind_generation,Wind Offshore | Actual Aggregated,2026-05-29T22:18:42Z
2026-05-29T22:17:36Z,2026-05-30T00:17:36+0200,e2390b4d-8b36-448a-b0e6-27aba52aab7b,2026-05-29T03:45:00Z,2026-05-29T05:45:00+0200,137.1,MW,FR,FR,actual_offshore_wind_generation,Wind Offshore | Actual Aggregated,2026-05-29T22:18:42Z
2026-05-29T22:17:36Z,2026-05-30T00:17:36+0200,e2390b4d-8b36-448a-b0e6-27aba52aab7b,2026-05-29T04:00:00Z,2026-05-29T06:00:00+0200,162.24,MW,FR,FR,actual_offshore_wind_generation,Wind Offshore | Actual Aggregated,2026-05-29T22:18:42Z
2026-05-29T22:17:36Z,2026-05-30T00:17:36+0200,e2390b4d-8b36-448a-b0e6-27aba52aab7b,2026-05-29T04:15:00Z,2026-05-29T06:15:00+0200,118.84,MW,FR,FR,actual_offshore_wind_generation,Wind Offshore | Actual Aggregated,2026-05-29T22:18:42Z
2026-05-29T22:17:36Z,2026-05-30T00:17:36+0200,e2390b4d-8b36-448a-b0e6-27aba52aab7b,2026-05-29T04:30:00Z,2026-05-29T06:30:00+0200,122.17,MW,FR,FR,actual_offshore_wind_generation,Wind Offshore | Actual Aggregated,2026-05-29T22:18:42Z
2026-05-29T22:17:36Z,2026-05-30T00:17:36+0200,e2390b4d-8b36-448a-b0e6-27aba52aab7b,2026-05-29T04:45:00Z,2026-05-29T06:45:00+0200,119.19,MW,FR,FR,actual_offshore_wind_generation,Wind Offshore | Actual Aggregated,2026-05-29T22:18:42Z
2026-05-29T22:17:36Z,2026-05-30T00:17:36+0200,e2390b4d-8b36-448a-b0e6-27aba52aab7b,2026-05-29T05:00:00Z,2026-05-29T07:00:00+0200,131.36,MW,FR,FR,actual_offshore_wind_generation,Wind Offshore | Actual Aggregated,2026-05-29T22:18:42Z
2026-05-29T22:17:36Z,2026-05-30T00:17:36+0200,e2390b4d-8b36-448a-b0e6-27aba52aab7b,2026-05-29T05:15:00Z,2026-05-29T07:15:00+0200,147.52,MW,FR,FR,actual_offshore_wind_generation,Wind Offshore | Actual Aggregated,2026-05-29T22:18:42Z
2026-05-29T22:17:36Z,2026-05-30T00:17:36+0200,e2390b4d-8b36-448a-b0e6-27aba52aab7b,2026-05-29T05:30:00Z,2026-05-29T07:30:00+0200,137.11,MW,FR,FR,actual_offshore_wind_generation,Wind Offshore | Actual Aggregated,2026-05-29T22:18:42Z
2026-05-29T22:17:36Z,2026-05-30T00:17:36+0200,e2390b4d-8b36-448a-b0e6-27aba52aab7b,2026-05-29T05:45:00Z,2026-05-29T07:45:00+0200,133.75,MW,FR,FR,actual_offshore_wind_generation,Wind Offshore | Actual Aggregated,2026-05-29T22:18:42Z
2026-05-29T22:17:36Z,2026-05-30T00:17:36+0200,e2390b4d-8b36-448a-b0e6-27aba52aab7b,2026-05-29T06:00:00Z,2026-05-29T08:00:00+0200,115.06,MW,FR,FR,actual_offshore_wind_generation,Wind Offshore | Actual Aggregated,2026-05-29T22:18:42Z
2026-05-29T22:17:36Z,2026-05-30T00:17:36+0200,e2390b4d-8b36-448a-b0e6-27aba52aab7b,2026-05-29T06:15:00Z,2026-05-29T08:15:00+0200,104.14,MW,FR,FR,actual_offshore_wind_generation,Wind Offshore | Actual Aggregated,2026-05-29T22:18:42Z
2026-05-29T22:17:36Z,2026-05-30T00:17:36+0200,e2390b4d-8b36-448a-b0e6-27aba52aab7b,2026-05-29T06:30:00Z,2026-05-29T08:30:00+0200,78.19,MW,FR,FR,actual_offshore_wind_generation,Wind Offshore | Actual Aggregated,2026-05-29T22:18:42Z
2026-05-29T22:17:36Z,2026-05-30T00:17:36+0200,e2390b4d-8b36-448a-b0e6-27aba52aab7b,2026-05-29T06:45:00Z,2026-05-29T08:45:00+0200,70.71,MW,FR,FR,actual_offshore_wind_generation,Wind Offshore | Actual Aggregated,2026-05-29T22:18:42Z
2026-05-29T22:17:36Z,2026-05-30T00:17:36+0200,e2390b4d-8b36-448a-b0e6-27aba52aab7b,2026-05-29T07:00:00Z,2026-05-29T09:00:00+0200,64.06,MW,FR,FR,actual_offshore_wind_generation,Wind Offshore | Actual Aggregated,2026-05-29T22:18:42Z
2026-05-29T22:17:36Z,2026-05-30T00:17:36+0200,e2390b4d-8b36-448a-b0e6-27aba52aab7b,2026-05-29T07:15:00Z,2026-05-29T09:15:00+0200,64.37,MW,FR,FR,actual_offshore_wind_generation,Wind Offshore | Actual Aggregated,2026-05-29T22:18:42Z
2026-05-29T22:17:36Z,2026-05-30T00:17:36+0200,e2390b4d-8b36-448a-b0e6-27aba52aab7b,2026-05-29T07:30:00Z,2026-05-29T09:30:00+0200,69.63,MW,FR,FR,actual_offshore_wind_generation,Wind Offshore | Actual Aggregated,2026-05-29T22:18:42Z
2026-05-29T22:17:36Z,2026-05-30T00:17:36+0200,e2390b4d-8b36-448a-b0e6-27aba52aab7b,2026-05-29T07:45:00Z,2026-05-29T09:45:00+0200,79.63,MW,FR,FR,actual_offshore_wind_generation,Wind Offshore | Actual Aggregated,2026-05-29T22:18:42Z
2026-05-29T22:17:36Z,2026-05-30T00:17:36+0200,e2390b4d-8b36-448a-b0e6-27aba52aab7b,2026-05-29T08:00:00Z,2026-05-29T10:00:00+0200,66.75,MW,FR,FR,actual_offshore_wind_generation,Wind Offshore | Actual Aggregated,2026-05-29T22:18:42Z
2026-05-29T22:17:36Z,2026-05-30T00:17:36+0200,e2390b4d-8b36-448a-b0e6-27aba52aab7b,2026-05-29T08:15:00Z,2026-05-29T10:15:00+0200,58.01,MW,FR,FR,actual_offshore_wind_generation,Wind Offshore | Actual Aggregated,2026-05-29T22:18:42Z
2026-05-29T22:17:36Z,2026-05-30T00:17:36+0200,e2390b4d-8b36-448a-b0e6-27aba52aab7b,2026-05-29T08:30:00Z,2026-05-29T10:30:00+0200,51.65,MW,FR,FR,actual_offshore_wind_generation,Wind Offshore | Actual Aggregated,2026-05-29T22:18:42Z
2026-05-29T22:17:36Z,2026-05-30T00:17:36+0200,e2390b4d-8b36-448a-b0e6-27aba52aab7b,2026-05-29T08:45:00Z,2026-05-29T10:45:00+0200,46.64,MW,FR,FR,actual_offshore_wind_generation,Wind Offshore | Actual Aggregated,2026-05-29T22:18:42Z
2026-05-29T22:17:36Z,2026-05-30T00:17:36+0200,e2390b4d-8b36-448a-b0e6-27aba52aab7b,2026-05-29T09:00:00Z,2026-05-29T11:00:00+0200,49.36,MW,FR,FR,actual_offshore_wind_generation,Wind Offshore | Actual Aggregated,2026-05-29T22:18:42Z
2026-05-29T22:17:36Z,2026-05-30T00:17:36+0200,e2390b4d-8b36-448a-b0e6-27aba52aab7b,2026-05-29T09:15:00Z,2026-05-29T11:15:00+0200,42.0,MW,FR,FR,actual_offshore_wind_generation,Wind Offshore | Actual Aggregated,2026-05-29T22:18:42Z
2026-05-29T22:17:36Z,2026-05-30T00:17:36+0200,e2390b4d-8b36-448a-b0e6-27aba52aab7b,2026-05-29T09:30:00Z,2026-05-29T11:30:00+0200,42.86,MW,FR,FR,actual_offshore_wind_generation,Wind Offshore | Actual Aggregated,2026-05-29T22:18:42Z
2026-05-29T22:17:36Z,2026-05-30T00:17:36+0200,e2390b4d-8b36-448a-b0e6-27aba52aab7b,2026-05-29T09:45:00Z,2026-05-29T11:45:00+0200,36.3,MW,FR,FR,actual_offshore_wind_generation,Wind Offshore | Actual Aggregated,2026-05-29T22:18:42Z
2026-05-29T22:17:36Z,2026-05-30T00:17:36+0200,e2390b4d-8b36-448a-b0e6-27aba52aab7b,2026-05-29T10:00:00Z,2026-05-29T12:00:00+0200,36.77,MW,FR,FR,actual_offshore_wind_generation,Wind Offshore | Actual Aggregated,2026-05-29T22:18:42Z
2026-05-29T22:17:36Z,2026-05-30T00:17:36+0200,e2390b4d-8b36-448a-b0e6-27aba52aab7b,2026-05-29T10:15:00Z,2026-05-29T12:15:00+0200,42.42,MW,FR,FR,actual_offshore_wind_generation,Wind Offshore | Actual Aggregated,2026-05-29T22:18:42Z
2026-05-29T22:17:36Z,2026-05-30T00:17:36+0200,e2390b4d-8b36-448a-b0e6-27aba52aab7b,2026-05-29T10:30:00Z,2026-05-29T12:30:00+0200,54.59,MW,FR,FR,actual_offshore_wind_generation,Wind Offshore | Actual Aggregated,2026-05-29T22:18:42Z
2026-05-29T22:17:36Z,2026-05-30T00:17:36+0200,e2390b4d-8b36-448a-b0e6-27aba52aab7b,2026-05-29T10:45:00Z,2026-05-29T12:45:00+0200,72.98,MW,FR,FR,actual_offshore_wind_generation,Wind Offshore | Actual Aggregated,2026-05-29T22:18:42Z
2026-05-29T22:17:36Z,2026-05-30T00:17:36+0200,e2390b4d-8b36-448a-b0e6-27aba52aab7b,2026-05-29T11:00:00Z,2026-05-29T13:00:00+0200,92.69,MW,FR,FR,actual_offshore_wind_generation,Wind Offshore | Actual Aggregated,2026-05-29T22:18:42Z
2026-05-29T22:17:36Z,2026-05-30T00:17:36+0200,e2390b4d-8b36-448a-b0e6-27aba52aab7b,2026-05-29T11:15:00Z,2026-05-29T13:15:00+0200,95.24,MW,FR,FR,actual_offshore_wind_generation,Wind Offshore | Actual Aggregated,2026-05-29T22:18:42Z
2026-05-29T22:17:36Z,2026-05-30T00:17:36+0200,e2390b4d-8b36-448a-b0e6-27aba52aab7b,2026-05-29T11:30:00Z,2026-05-29T13:30:00+0200,138.38,MW,FR,FR,actual_offshore_wind_generation,Wind Offshore | Actual Aggregated,2026-05-29T22:18:42Z
2026-05-29T22:17:36Z,2026-05-30T00:17:36+0200,e2390b4d-8b36-448a-b0e6-27aba52aab7b,2026-05-29T11:45:00Z,2026-05-29T13:45:00+0200,167.88,MW,FR,FR,actual_offshore_wind_generation,Wind Offshore | Actual Aggregated,2026-05-29T22:18:42Z
2026-05-29T22:17:36Z,2026-05-30T00:17:36+0200,e2390b4d-8b36-448a-b0e6-27aba52aab7b,2026-05-29T12:00:00Z,2026-05-29T14:00:00+0200,132.38,MW,FR,FR,actual_offshore_wind_generation,Wind Offshore | Actual Aggregated,2026-05-29T22:18:42Z
2026-05-29T22:17:36Z,2026-05-30T00:17:36+0200,e2390b4d-8b36-448a-b0e6-27aba52aab7b,2026-05-29T12:15:00Z,2026-05-29T14:15:00+0200,151.45,MW,FR,FR,actual_offshore_wind_generation,Wind Offshore | Actual Aggregated,2026-05-29T22:18:42Z
2026-05-29T22:17:36Z,2026-05-30T00:17:36+0200,e2390b4d-8b36-448a-b0e6-27aba52aab7b,2026-05-29T12:30:00Z,2026-05-29T14:30:00+0200,146.22,MW,FR,FR,actual_offshore_wind_generation,Wind Offshore | Actual Aggregated,2026-05-29T22:18:42Z
2026-05-29T22:17:36Z,2026-05-30T00:17:36+0200,e2390b4d-8b36-448a-b0e6-27aba52aab7b,2026-05-29T12:45:00Z,2026-05-29T14:45:00+0200,136.31,MW,FR,FR,actual_offshore_wind_generation,Wind Offshore | Actual Aggregated,2026-05-29T22:18:42Z
2026-05-29T22:17:36Z,2026-05-30T00:17:36+0200,e2390b4d-8b36-448a-b0e6-27aba52aab7b,2026-05-29T13:00:00Z,2026-05-29T15:00:00+0200,123.83,MW,FR,FR,actual_offshore_wind_generation,Wind Offshore | Actual Aggregated,2026-05-29T22:18:42Z
2026-05-29T22:17:36Z,2026-05-30T00:17:36+0200,e2390b4d-8b36-448a-b0e6-27aba52aab7b,2026-05-29T13:15:00Z,2026-05-29T15:15:00+0200,92.42,MW,FR,FR,actual_offshore_wind_generation,Wind Offshore | Actual Aggregated,2026-05-29T22:18:42Z
2026-05-29T22:17:36Z,2026-05-30T00:17:36+0200,e2390b4d-8b36-448a-b0e6-27aba52aab7b,2026-05-29T13:30:00Z,2026-05-29T15:30:00+0200,34.94,MW,FR,FR,actual_offshore_wind_generation,Wind Offshore | Actual Aggregated,2026-05-29T22:18:42Z
2026-05-29T22:17:36Z,2026-05-30T00:17:36+0200,e2390b4d-8b36-448a-b0e6-27aba52aab7b,2026-05-29T13:45:00Z,2026-05-29T15:45:00+0200,20.77,MW,FR,FR,actual_offshore_wind_generation,Wind Offshore | Actual Aggregated,2026-05-29T22:18:42Z
2026-05-29T22:17:36Z,2026-05-30T00:17:36+0200,e2390b4d-8b36-448a-b0e6-27aba52aab7b,2026-05-29T14:00:00Z,2026-05-29T16:00:00+0200,15.34,MW,FR,FR,actual_offshore_wind_generation,Wind Offshore | Actual Aggregated,2026-05-29T22:18:42Z
2026-05-29T22:17:36Z,2026-05-30T00:17:36+0200,e2390b4d-8b36-448a-b0e6-27aba52aab7b,2026-05-29T14:15:00Z,2026-05-29T16:15:00+0200,45.81,MW,FR,FR,actual_offshore_wind_generation,Wind Offshore | Actual Aggregated,2026-05-29T22:18:42Z
2026-05-29T22:17:36Z,2026-05-30T00:17:36+0200,e2390b4d-8b36-448a-b0e6-27aba52aab7b,2026-05-29T14:30:00Z,2026-05-29T16:30:00+0200,53.09,MW,FR,FR,actual_offshore_wind_generation,Wind Offshore | Actual Aggregated,2026-05-29T22:18:42Z
2026-05-29T22:17:36Z,2026-05-30T00:17:36+0200,e2390b4d-8b36-448a-b0e6-27aba52aab7b,2026-05-29T14:45:00Z,2026-05-29T16:45:00+0200,99.92,MW,FR,FR,actual_offshore_wind_generation,Wind Offshore | Actual Aggregated,2026-05-29T22:18:42Z
2026-05-29T22:17:36Z,2026-05-30T00:17:36+0200,e2390b4d-8b36-448a-b0e6-27aba52aab7b,2026-05-29T15:00:00Z,2026-05-29T17:00:00+0200,159.22,MW,FR,FR,actual_offshore_wind_generation,Wind Offshore | Actual Aggregated,2026-05-29T22:18:42Z
2026-05-29T22:17:36Z,2026-05-30T00:17:36+0200,e2390b4d-8b36-448a-b0e6-27aba52aab7b,2026-05-29T15:15:00Z,2026-05-29T17:15:00+0200,131.8,MW,FR,FR,actual_offshore_wind_generation,Wind Offshore | Actual Aggregated,2026-05-29T22:18:42Z
2026-05-29T22:17:36Z,2026-05-30T00:17:36+0200,e2390b4d-8b36-448a-b0e6-27aba52aab7b,2026-05-29T15:30:00Z,2026-05-29T17:30:00+0200,163.95,MW,FR,FR,actual_offshore_wind_generation,Wind Offshore | Actual Aggregated,2026-05-29T22:18:42Z
2026-05-29T22:17:36Z,2026-05-30T00:17:36+0200,e2390b4d-8b36-448a-b0e6-27aba52aab7b,2026-05-29T15:45:00Z,2026-05-29T17:45:00+0200,158.92,MW,FR,FR,actual_offshore_wind_generation,Wind Offshore | Actual Aggregated,2026-05-29T22:18:42Z
2026-05-29T22:17:36Z,2026-05-30T00:17:36+0200,e2390b4d-8b36-448a-b0e6-27aba52aab7b,2026-05-29T16:00:00Z,2026-05-29T18:00:00+0200,143.29,MW,FR,FR,actual_offshore_wind_generation,Wind Offshore | Actual Aggregated,2026-05-29T22:18:42Z
2026-05-29T22:17:36Z,2026-05-30T00:17:36+0200,e2390b4d-8b36-448a-b0e6-27aba52aab7b,2026-05-29T16:15:00Z,2026-05-29T18:15:00+0200,219.37,MW,FR,FR,actual_offshore_wind_generation,Wind Offshore | Actual Aggregated,2026-05-29T22:18:42Z
2026-05-29T22:17:36Z,2026-05-30T00:17:36+0200,e2390b4d-8b36-448a-b0e6-27aba52aab7b,2026-05-29T16:30:00Z,2026-05-29T18:30:00+0200,220.54,MW,FR,FR,actual_offshore_wind_generation,Wind Offshore | Actual Aggregated,2026-05-29T22:18:42Z
2026-05-29T22:17:36Z,2026-05-30T00:17:36+0200,e2390b4d-8b36-448a-b0e6-27aba52aab7b,2026-05-29T16:45:00Z,2026-05-29T18:45:00+0200,163.42,MW,FR,FR,actual_offshore_wind_generation,Wind Offshore | Actual Aggregated,2026-05-29T22:18:42Z
2026-05-29T22:17:36Z,2026-05-30T00:17:36+0200,e2390b4d-8b36-448a-b0e6-27aba52aab7b,2026-05-29T17:00:00Z,2026-05-29T19:00:00+0200,185.72,MW,FR,FR,actual_offshore_wind_generation,Wind Offshore | Actual Aggregated,2026-05-29T22:18:42Z
2026-05-29T22:17:36Z,2026-05-30T00:17:36+0200,e2390b4d-8b36-448a-b0e6-27aba52aab7b,2026-05-29T17:15:00Z,2026-05-29T19:15:00+0200,217.71,MW,FR,FR,actual_offshore_wind_generation,Wind Offshore | Actual Aggregated,2026-05-29T22:18:42Z
2026-05-29T22:17:36Z,2026-05-30T00:17:36+0200,e2390b4d-8b36-448a-b0e6-27aba52aab7b,2026-05-29T17:30:00Z,2026-05-29T19:30:00+0200,202.49,MW,FR,FR,actual_offshore_wind_generation,Wind Offshore | Actual Aggregated,2026-05-29T22:18:42Z
2026-05-29T22:17:36Z,2026-05-30T00:17:36+0200,e2390b4d-8b36-448a-b0e6-27aba52aab7b,2026-05-29T17:45:00Z,2026-05-29T19:45:00+0200,206.61,MW,FR,FR,actual_offshore_wind_generation,Wind Offshore | Actual Aggregated,2026-05-29T22:18:42Z
2026-05-29T22:17:36Z,2026-05-30T00:17:36+0200,e2390b4d-8b36-448a-b0e6-27aba52aab7b,2026-05-29T18:00:00Z,2026-05-29T20:00:00+0200,243.99,MW,FR,FR,actual_offshore_wind_generation,Wind Offshore | Actual Aggregated,2026-05-29T22:18:42Z
2026-05-29T22:17:36Z,2026-05-30T00:17:36+0200,e2390b4d-8b36-448a-b0e6-27aba52aab7b,2026-05-29T18:15:00Z,2026-05-29T20:15:00+0200,277.36,MW,FR,FR,actual_offshore_wind_generation,Wind Offshore | Actual Aggregated,2026-05-29T22:18:42Z
2026-05-29T22:17:36Z,2026-05-30T00:17:36+0200,e2390b4d-8b36-448a-b0e6-27aba52aab7b,2026-05-29T18:30:00Z,2026-05-29T20:30:00+0200,193.86,MW,FR,FR,actual_offshore_wind_generation,Wind Offshore | Actual Aggregated,2026-05-29T22:18:42Z
2026-05-29T22:17:36Z,2026-05-30T00:17:36+0200,e2390b4d-8b36-448a-b0e6-27aba52aab7b,2026-05-29T18:45:00Z,2026-05-29T20:45:00+0200,90.86,MW,FR,FR,actual_offshore_wind_generation,Wind Offshore | Actual Aggregated,2026-05-29T22:18:42Z
2026-05-29T22:17:36Z,2026-05-30T00:17:36+0200,e2390b4d-8b36-448a-b0e6-27aba52aab7b,2026-05-29T19:00:00Z,2026-05-29T21:00:00+0200,61.68,MW,FR,FR,actual_offshore_wind_generation,Wind Offshore | Actual Aggregated,2026-05-29T22:18:42Z
2026-05-29T22:17:36Z,2026-05-30T00:17:36+0200,e2390b4d-8b36-448a-b0e6-27aba52aab7b,2026-05-29T19:15:00Z,2026-05-29T21:15:00+0200,63.0,MW,FR,FR,actual_offshore_wind_generation,Wind Offshore | Actual Aggregated,2026-05-29T22:18:42Z
2026-05-29T22:17:36Z,2026-05-30T00:17:36+0200,e2390b4d-8b36-448a-b0e6-27aba52aab7b,2026-05-29T19:30:00Z,2026-05-29T21:30:00+0200,49.82,MW,FR,FR,actual_offshore_wind_generation,Wind Offshore | Actual Aggregated,2026-05-29T22:18:42Z
2026-05-29T22:17:36Z,2026-05-30T00:17:36+0200,e2390b4d-8b36-448a-b0e6-27aba52aab7b,2026-05-29T19:45:00Z,2026-05-29T21:45:00+0200,82.26,MW,FR,FR,actual_offshore_wind_generation,Wind Offshore | Actual Aggregated,2026-05-29T22:18:42Z
2026-05-29T22:17:36Z,2026-05-30T00:17:36+0200,e2390b4d-8b36-448a-b0e6-27aba52aab7b,2026-05-29T20:00:00Z,2026-05-29T22:00:00+0200,88.19,MW,FR,FR,actual_offshore_wind_generation,Wind Offshore | Actual Aggregated,2026-05-29T22:18:42Z
2026-05-29T22:17:36Z,2026-05-30T00:17:36+0200,e2390b4d-8b36-448a-b0e6-27aba52aab7b,2026-05-29T20:15:00Z,2026-05-29T22:15:00+0200,50.61,MW,FR,FR,actual_offshore_wind_generation,Wind Offshore | Actual Aggregated,2026-05-29T22:18:42Z
2026-05-29T22:17:36Z,2026-05-30T00:17:36+0200,e2390b4d-8b36-448a-b0e6-27aba52aab7b,2026-05-29T20:30:00Z,2026-05-29T22:30:00+0200,74.71,MW,FR,FR,actual_offshore_wind_generation,Wind Offshore | Actual Aggregated,2026-05-29T22:18:42Z
2026-05-29T22:17:36Z,2026-05-30T00:17:36+0200,e2390b4d-8b36-448a-b0e6-27aba52aab7b,2026-05-29T20:45:00Z,2026-05-29T22:45:00+0200,75.44,MW,FR,FR,actual_offshore_wind_generation,Wind Offshore | Actual Aggregated,2026-05-29T22:18:42Z
