collection_time_utc,collection_time_local,run_id,timestamp_utc,timestamp_local,value,unit,country,entsoe_area,variable,source,updated_at_utc
2026-09-19T05:21:21Z,2026-09-19T07:21:21+0200,20bb7349-32f2-4bba-8e6d-dd59e0dd102f,2026-09-12T05:30:00Z,2026-09-12T07:30:00+0200,191.12,EUR/MWh,BE,BE,day_ahead_price,value,2026-09-19T05:25:11Z
2026-09-19T05:21:21Z,2026-09-19T07:21:21+0200,20bb7349-32f2-4bba-8e6d-dd59e0dd102f,2026-09-12T05:45:00Z,2026-09-12T07:45:00+0200,186.8,EUR/MWh,BE,BE,day_ahead_price,value,2026-09-19T05:25:11Z
2026-09-19T05:21:21Z,2026-09-19T07:21:21+0200,20bb7349-32f2-4bba-8e6d-dd59e0dd102f,2026-09-12T06:00:00Z,2026-09-12T08:00:00+0200,200.75,EUR/MWh,BE,BE,day_ahead_price,value,2026-09-19T05:25:11Z
2026-09-19T05:21:21Z,2026-09-19T07:21:21+0200,20bb7349-32f2-4bba-8e6d-dd59e0dd102f,2026-09-12T06:15:00Z,2026-09-12T08:15:00+0200,188.62,EUR/MWh,BE,BE,day_ahead_price,value,2026-09-19T05:25:11Z
2026-09-19T05:21:21Z,2026-09-19T07:21:21+0200,20bb7349-32f2-4bba-8e6d-dd59e0dd102f,2026-09-12T06:30:00Z,2026-09-12T08:30:00+0200,161.01,EUR/MWh,BE,BE,day_ahead_price,value,2026-09-19T05:25:11Z
2026-09-19T05:21:21Z,2026-09-19T07:21:21+0200,20bb7349-32f2-4bba-8e6d-dd59e0dd102f,2026-09-12T06:45:00Z,2026-09-12T08:45:00+0200,158.44,EUR/MWh,BE,BE,day_ahead_price,value,2026-09-19T05:25:11Z
2026-09-19T05:21:21Z,2026-09-19T07:21:21+0200,20bb7349-32f2-4bba-8e6d-dd59e0dd102f,2026-09-12T07:00:00Z,2026-09-12T09:00:00+0200,182.81,EUR/MWh,BE,BE,day_ahead_price,value,2026-09-19T05:25:11Z
2026-09-19T05:21:21Z,2026-09-19T07:21:21+0200,20bb7349-32f2-4bba-8e6d-dd59e0dd102f,2026-09-12T07:15:00Z,2026-09-12T09:15:00+0200,150.39,EUR/MWh,BE,BE,day_ahead_price,value,2026-09-19T05:25:11Z
2026-09-19T05:21:21Z,2026-09-19T07:21:21+0200,20bb7349-32f2-4bba-8e6d-dd59e0dd102f,2026-09-12T07:30:00Z,2026-09-12T09:30:00+0200,145.6,EUR/MWh,BE,BE,day_ahead_price,value,2026-09-19T05:25:11Z
2026-09-19T05:21:21Z,2026-09-19T07:21:21+0200,20bb7349-32f2-4bba-8e6d-dd59e0dd102f,2026-09-12T07:45:00Z,2026-09-12T09:45:00+0200,153.79,EUR/MWh,BE,BE,day_ahead_price,value,2026-09-19T05:25:11Z
2026-09-19T05:21:21Z,2026-09-19T07:21:21+0200,20bb7349-32f2-4bba-8e6d-dd59e0dd102f,2026-09-12T08:00:00Z,2026-09-12T10:00:00+0200,118.45,EUR/MWh,BE,BE,day_ahead_price,value,2026-09-19T05:25:11Z
2026-09-19T05:21:21Z,2026-09-19T07:21:21+0200,20bb7349-32f2-4bba-8e6d-dd59e0dd102f,2026-09-12T08:15:00Z,2026-09-12T10:15:00+0200,97.3,EUR/MWh,BE,BE,day_ahead_price,value,2026-09-19T05:25:11Z
2026-09-19T05:21:21Z,2026-09-19T07:21:21+0200,20bb7349-32f2-4bba-8e6d-dd59e0dd102f,2026-09-12T08:30:00Z,2026-09-12T10:30:00+0200,73.99,EUR/MWh,BE,BE,day_ahead_price,value,2026-09-19T05:25:11Z
2026-09-19T05:21:21Z,2026-09-19T07:21:21+0200,20bb7349-32f2-4bba-8e6d-dd59e0dd102f,2026-09-12T08:45:00Z,2026-09-12T10:45:00+0200,35.77,EUR/MWh,BE,BE,day_ahead_price,value,2026-09-19T05:25:11Z
2026-09-19T05:21:21Z,2026-09-19T07:21:21+0200,20bb7349-32f2-4bba-8e6d-dd59e0dd102f,2026-09-12T09:00:00Z,2026-09-12T11:00:00+0200,52.68,EUR/MWh,BE,BE,day_ahead_price,value,2026-09-19T05:25:11Z
2026-09-19T05:21:21Z,2026-09-19T07:21:21+0200,20bb7349-32f2-4bba-8e6d-dd59e0dd102f,2026-09-12T09:15:00Z,2026-09-12T11:15:00+0200,34.2,EUR/MWh,BE,BE,day_ahead_price,value,2026-09-19T05:25:11Z
2026-09-19T05:21:21Z,2026-09-19T07:21:21+0200,20bb7349-32f2-4bba-8e6d-dd59e0dd102f,2026-09-12T09:30:00Z,2026-09-12T11:30:00+0200,13.46,EUR/MWh,BE,BE,day_ahead_price,value,2026-09-19T05:25:11Z
2026-09-19T05:21:21Z,2026-09-19T07:21:21+0200,20bb7349-32f2-4bba-8e6d-dd59e0dd102f,2026-09-12T09:45:00Z,2026-09-12T11:45:00+0200,4.74,EUR/MWh,BE,BE,day_ahead_price,value,2026-09-19T05:25:11Z
2026-09-19T05:21:21Z,2026-09-19T07:21:21+0200,20bb7349-32f2-4bba-8e6d-dd59e0dd102f,2026-09-12T10:00:00Z,2026-09-12T12:00:00+0200,3.21,EUR/MWh,BE,BE,day_ahead_price,value,2026-09-19T05:25:11Z
2026-09-19T05:21:21Z,2026-09-19T07:21:21+0200,20bb7349-32f2-4bba-8e6d-dd59e0dd102f,2026-09-12T10:15:00Z,2026-09-12T12:15:00+0200,0.04,EUR/MWh,BE,BE,day_ahead_price,value,2026-09-19T05:25:11Z
2026-09-19T05:21:21Z,2026-09-19T07:21:21+0200,20bb7349-32f2-4bba-8e6d-dd59e0dd102f,2026-09-12T10:30:00Z,2026-09-12T12:30:00+0200,0.03,EUR/MWh,BE,BE,day_ahead_price,value,2026-09-19T05:25:11Z
2026-09-19T05:21:21Z,2026-09-19T07:21:21+0200,20bb7349-32f2-4bba-8e6d-dd59e0dd102f,2026-09-12T10:45:00Z,2026-09-12T12:45:00+0200,0.01,EUR/MWh,BE,BE,day_ahead_price,value,2026-09-19T05:25:11Z
2026-09-19T05:21:21Z,2026-09-19T07:21:21+0200,20bb7349-32f2-4bba-8e6d-dd59e0dd102f,2026-09-12T11:00:00Z,2026-09-12T13:00:00+0200,0.01,EUR/MWh,BE,BE,day_ahead_price,value,2026-09-19T05:25:11Z
2026-09-19T05:21:21Z,2026-09-19T07:21:21+0200,20bb7349-32f2-4bba-8e6d-dd59e0dd102f,2026-09-12T11:15:00Z,2026-09-12T13:15:00+0200,-0.02,EUR/MWh,BE,BE,day_ahead_price,value,2026-09-19T05:25:11Z
2026-09-19T05:21:21Z,2026-09-19T07:21:21+0200,20bb7349-32f2-4bba-8e6d-dd59e0dd102f,2026-09-12T11:30:00Z,2026-09-12T13:30:00+0200,-0.02,EUR/MWh,BE,BE,day_ahead_price,value,2026-09-19T05:25:11Z
2026-09-19T05:21:21Z,2026-09-19T07:21:21+0200,20bb7349-32f2-4bba-8e6d-dd59e0dd102f,2026-09-12T11:45:00Z,2026-09-12T13:45:00+0200,-0.04,EUR/MWh,BE,BE,day_ahead_price,value,2026-09-19T05:25:11Z
2026-09-19T05:21:21Z,2026-09-19T07:21:21+0200,20bb7349-32f2-4bba-8e6d-dd59e0dd102f,2026-09-12T12:00:00Z,2026-09-12T14:00:00+0200,-0.23,EUR/MWh,BE,BE,day_ahead_price,value,2026-09-19T05:25:11Z
2026-09-19T05:21:21Z,2026-09-19T07:21:21+0200,20bb7349-32f2-4bba-8e6d-dd59e0dd102f,2026-09-12T12:15:00Z,2026-09-12T14:15:00+0200,-0.03,EUR/MWh,BE,BE,day_ahead_price,value,2026-09-19T05:25:11Z
2026-09-19T05:21:21Z,2026-09-19T07:21:21+0200,20bb7349-32f2-4bba-8e6d-dd59e0dd102f,2026-09-12T12:30:00Z,2026-09-12T14:30:00+0200,0.11,EUR/MWh,BE,BE,day_ahead_price,value,2026-09-19T05:25:11Z
2026-09-19T05:21:21Z,2026-09-19T07:21:21+0200,20bb7349-32f2-4bba-8e6d-dd59e0dd102f,2026-09-12T12:45:00Z,2026-09-12T14:45:00+0200,0.31,EUR/MWh,BE,BE,day_ahead_price,value,2026-09-19T05:25:11Z
2026-09-19T05:21:21Z,2026-09-19T07:21:21+0200,20bb7349-32f2-4bba-8e6d-dd59e0dd102f,2026-09-12T13:00:00Z,2026-09-12T15:00:00+0200,0.16,EUR/MWh,BE,BE,day_ahead_price,value,2026-09-19T05:25:11Z
2026-09-19T05:21:21Z,2026-09-19T07:21:21+0200,20bb7349-32f2-4bba-8e6d-dd59e0dd102f,2026-09-12T13:15:00Z,2026-09-12T15:15:00+0200,0.46,EUR/MWh,BE,BE,day_ahead_price,value,2026-09-19T05:25:11Z
2026-09-19T05:21:21Z,2026-09-19T07:21:21+0200,20bb7349-32f2-4bba-8e6d-dd59e0dd102f,2026-09-12T13:30:00Z,2026-09-12T15:30:00+0200,0.71,EUR/MWh,BE,BE,day_ahead_price,value,2026-09-19T05:25:11Z
2026-09-19T05:21:21Z,2026-09-19T07:21:21+0200,20bb7349-32f2-4bba-8e6d-dd59e0dd102f,2026-09-12T13:45:00Z,2026-09-12T15:45:00+0200,2.85,EUR/MWh,BE,BE,day_ahead_price,value,2026-09-19T05:25:11Z
2026-09-19T05:21:21Z,2026-09-19T07:21:21+0200,20bb7349-32f2-4bba-8e6d-dd59e0dd102f,2026-09-12T14:00:00Z,2026-09-12T16:00:00+0200,0.09,EUR/MWh,BE,BE,day_ahead_price,value,2026-09-19T05:25:11Z
2026-09-19T05:21:21Z,2026-09-19T07:21:21+0200,20bb7349-32f2-4bba-8e6d-dd59e0dd102f,2026-09-12T14:15:00Z,2026-09-12T16:15:00+0200,5.21,EUR/MWh,BE,BE,day_ahead_price,value,2026-09-19T05:25:11Z
2026-09-19T05:21:21Z,2026-09-19T07:21:21+0200,20bb7349-32f2-4bba-8e6d-dd59e0dd102f,2026-09-12T14:30:00Z,2026-09-12T16:30:00+0200,33.89,EUR/MWh,BE,BE,day_ahead_price,value,2026-09-19T05:25:11Z
2026-09-19T05:21:21Z,2026-09-19T07:21:21+0200,20bb7349-32f2-4bba-8e6d-dd59e0dd102f,2026-09-12T14:45:00Z,2026-09-12T16:45:00+0200,66.56,EUR/MWh,BE,BE,day_ahead_price,value,2026-09-19T05:25:11Z
2026-09-19T05:21:21Z,2026-09-19T07:21:21+0200,20bb7349-32f2-4bba-8e6d-dd59e0dd102f,2026-09-12T15:00:00Z,2026-09-12T17:00:00+0200,70.11,EUR/MWh,BE,BE,day_ahead_price,value,2026-09-19T05:25:11Z
2026-09-19T05:21:21Z,2026-09-19T07:21:21+0200,20bb7349-32f2-4bba-8e6d-dd59e0dd102f,2026-09-12T15:15:00Z,2026-09-12T17:15:00+0200,101.9,EUR/MWh,BE,BE,day_ahead_price,value,2026-09-19T05:25:11Z
2026-09-19T05:21:21Z,2026-09-19T07:21:21+0200,20bb7349-32f2-4bba-8e6d-dd59e0dd102f,2026-09-12T15:30:00Z,2026-09-12T17:30:00+0200,121.52,EUR/MWh,BE,BE,day_ahead_price,value,2026-09-19T05:25:11Z
2026-09-19T05:21:21Z,2026-09-19T07:21:21+0200,20bb7349-32f2-4bba-8e6d-dd59e0dd102f,2026-09-12T15:45:00Z,2026-09-12T17:45:00+0200,152.39,EUR/MWh,BE,BE,day_ahead_price,value,2026-09-19T05:25:11Z
2026-09-19T05:21:21Z,2026-09-19T07:21:21+0200,20bb7349-32f2-4bba-8e6d-dd59e0dd102f,2026-09-12T16:00:00Z,2026-09-12T18:00:00+0200,147.85,EUR/MWh,BE,BE,day_ahead_price,value,2026-09-19T05:25:11Z
2026-09-19T05:21:21Z,2026-09-19T07:21:21+0200,20bb7349-32f2-4bba-8e6d-dd59e0dd102f,2026-09-12T16:15:00Z,2026-09-12T18:15:00+0200,180.52,EUR/MWh,BE,BE,day_ahead_price,value,2026-09-19T05:25:11Z
2026-09-19T05:21:21Z,2026-09-19T07:21:21+0200,20bb7349-32f2-4bba-8e6d-dd59e0dd102f,2026-09-12T16:30:00Z,2026-09-12T18:30:00+0200,192.56,EUR/MWh,BE,BE,day_ahead_price,value,2026-09-19T05:25:11Z
2026-09-19T05:21:21Z,2026-09-19T07:21:21+0200,20bb7349-32f2-4bba-8e6d-dd59e0dd102f,2026-09-12T16:45:00Z,2026-09-12T18:45:00+0200,195.82,EUR/MWh,BE,BE,day_ahead_price,value,2026-09-19T05:25:11Z
2026-09-19T05:21:21Z,2026-09-19T07:21:21+0200,20bb7349-32f2-4bba-8e6d-dd59e0dd102f,2026-09-12T17:00:00Z,2026-09-12T19:00:00+0200,194.44,EUR/MWh,BE,BE,day_ahead_price,value,2026-09-19T05:25:11Z
2026-09-19T05:21:21Z,2026-09-19T07:21:21+0200,20bb7349-32f2-4bba-8e6d-dd59e0dd102f,2026-09-12T17:15:00Z,2026-09-12T19:15:00+0200,204.81,EUR/MWh,BE,BE,day_ahead_price,value,2026-09-19T05:25:11Z
2026-09-19T05:21:21Z,2026-09-19T07:21:21+0200,20bb7349-32f2-4bba-8e6d-dd59e0dd102f,2026-09-12T17:30:00Z,2026-09-12T19:30:00+0200,206.31,EUR/MWh,BE,BE,day_ahead_price,value,2026-09-19T05:25:11Z
2026-09-19T05:21:21Z,2026-09-19T07:21:21+0200,20bb7349-32f2-4bba-8e6d-dd59e0dd102f,2026-09-12T17:45:00Z,2026-09-12T19:45:00+0200,212.48,EUR/MWh,BE,BE,day_ahead_price,value,2026-09-19T05:25:11Z
2026-09-19T05:21:21Z,2026-09-19T07:21:21+0200,20bb7349-32f2-4bba-8e6d-dd59e0dd102f,2026-09-12T18:00:00Z,2026-09-12T20:00:00+0200,210.99,EUR/MWh,BE,BE,day_ahead_price,value,2026-09-19T05:25:11Z
2026-09-19T05:21:21Z,2026-09-19T07:21:21+0200,20bb7349-32f2-4bba-8e6d-dd59e0dd102f,2026-09-12T18:15:00Z,2026-09-12T20:15:00+0200,211.17,EUR/MWh,BE,BE,day_ahead_price,value,2026-09-19T05:25:11Z
2026-09-19T05:21:21Z,2026-09-19T07:21:21+0200,20bb7349-32f2-4bba-8e6d-dd59e0dd102f,2026-09-12T18:30:00Z,2026-09-12T20:30:00+0200,210.92,EUR/MWh,BE,BE,day_ahead_price,value,2026-09-19T05:25:11Z
2026-09-19T05:21:21Z,2026-09-19T07:21:21+0200,20bb7349-32f2-4bba-8e6d-dd59e0dd102f,2026-09-12T18:45:00Z,2026-09-12T20:45:00+0200,207.69,EUR/MWh,BE,BE,day_ahead_price,value,2026-09-19T05:25:11Z
2026-09-19T05:21:21Z,2026-09-19T07:21:21+0200,20bb7349-32f2-4bba-8e6d-dd59e0dd102f,2026-09-12T19:00:00Z,2026-09-12T21:00:00+0200,210.75,EUR/MWh,BE,BE,day_ahead_price,value,2026-09-19T05:25:11Z
2026-09-19T05:21:21Z,2026-09-19T07:21:21+0200,20bb7349-32f2-4bba-8e6d-dd59e0dd102f,2026-09-12T19:15:00Z,2026-09-12T21:15:00+0200,204.94,EUR/MWh,BE,BE,day_ahead_price,value,2026-09-19T05:25:11Z
2026-09-19T05:21:21Z,2026-09-19T07:21:21+0200,20bb7349-32f2-4bba-8e6d-dd59e0dd102f,2026-09-12T19:30:00Z,2026-09-12T21:30:00+0200,202.7,EUR/MWh,BE,BE,day_ahead_price,value,2026-09-19T05:25:11Z
2026-09-19T05:21:21Z,2026-09-19T07:21:21+0200,20bb7349-32f2-4bba-8e6d-dd59e0dd102f,2026-09-12T19:45:00Z,2026-09-12T21:45:00+0200,201.72,EUR/MWh,BE,BE,day_ahead_price,value,2026-09-19T05:25:11Z
2026-09-19T05:21:21Z,2026-09-19T07:21:21+0200,20bb7349-32f2-4bba-8e6d-dd59e0dd102f,2026-09-12T20:00:00Z,2026-09-12T22:00:00+0200,199.85,EUR/MWh,BE,BE,day_ahead_price,value,2026-09-19T05:25:11Z
2026-09-19T05:21:21Z,2026-09-19T07:21:21+0200,20bb7349-32f2-4bba-8e6d-dd59e0dd102f,2026-09-12T20:15:00Z,2026-09-12T22:15:00+0200,202.7,EUR/MWh,BE,BE,day_ahead_price,value,2026-09-19T05:25:11Z
2026-09-19T05:21:21Z,2026-09-19T07:21:21+0200,20bb7349-32f2-4bba-8e6d-dd59e0dd102f,2026-09-12T20:30:00Z,2026-09-12T22:30:00+0200,206.1,EUR/MWh,BE,BE,day_ahead_price,value,2026-09-19T05:25:11Z
2026-09-19T05:21:21Z,2026-09-19T07:21:21+0200,20bb7349-32f2-4bba-8e6d-dd59e0dd102f,2026-09-12T20:45:00Z,2026-09-12T22:45:00+0200,201.8,EUR/MWh,BE,BE,day_ahead_price,value,2026-09-19T05:25:11Z
2026-09-19T05:21:21Z,2026-09-19T07:21:21+0200,20bb7349-32f2-4bba-8e6d-dd59e0dd102f,2026-09-12T21:00:00Z,2026-09-12T23:00:00+0200,198.01,EUR/MWh,BE,BE,day_ahead_price,value,2026-09-19T05:25:11Z
2026-09-19T05:21:21Z,2026-09-19T07:21:21+0200,20bb7349-32f2-4bba-8e6d-dd59e0dd102f,2026-09-12T21:15:00Z,2026-09-12T23:15:00+0200,194.39,EUR/MWh,BE,BE,day_ahead_price,value,2026-09-19T05:25:11Z
2026-09-19T05:21:21Z,2026-09-19T07:21:21+0200,20bb7349-32f2-4bba-8e6d-dd59e0dd102f,2026-09-12T21:30:00Z,2026-09-12T23:30:00+0200,194.96,EUR/MWh,BE,BE,day_ahead_price,value,2026-09-19T05:25:11Z
2026-09-19T05:21:21Z,2026-09-19T07:21:21+0200,20bb7349-32f2-4bba-8e6d-dd59e0dd102f,2026-09-12T21:45:00Z,2026-09-12T23:45:00+0200,190.65,EUR/MWh,BE,BE,day_ahead_price,value,2026-09-19T05:25:11Z
2026-09-19T05:21:21Z,2026-09-19T07:21:21+0200,20bb7349-32f2-4bba-8e6d-dd59e0dd102f,2026-09-12T22:00:00Z,2026-09-13T00:00:00+0200,191.99,EUR/MWh,BE,BE,day_ahead_price,value,2026-09-19T05:25:11Z
2026-09-19T05:21:21Z,2026-09-19T07:21:21+0200,20bb7349-32f2-4bba-8e6d-dd59e0dd102f,2026-09-12T22:15:00Z,2026-09-13T00:15:00+0200,180.01,EUR/MWh,BE,BE,day_ahead_price,value,2026-09-19T05:25:11Z
2026-09-19T05:21:21Z,2026-09-19T07:21:21+0200,20bb7349-32f2-4bba-8e6d-dd59e0dd102f,2026-09-12T22:30:00Z,2026-09-13T00:30:00+0200,173.3,EUR/MWh,BE,BE,day_ahead_price,value,2026-09-19T05:25:11Z
2026-09-19T05:21:21Z,2026-09-19T07:21:21+0200,20bb7349-32f2-4bba-8e6d-dd59e0dd102f,2026-09-12T22:45:00Z,2026-09-13T00:45:00+0200,166.01,EUR/MWh,BE,BE,day_ahead_price,value,2026-09-19T05:25:11Z
2026-09-19T05:21:21Z,2026-09-19T07:21:21+0200,20bb7349-32f2-4bba-8e6d-dd59e0dd102f,2026-09-12T23:00:00Z,2026-09-13T01:00:00+0200,167.6,EUR/MWh,BE,BE,day_ahead_price,value,2026-09-19T05:25:11Z
2026-09-19T05:21:21Z,2026-09-19T07:21:21+0200,20bb7349-32f2-4bba-8e6d-dd59e0dd102f,2026-09-12T23:15:00Z,2026-09-13T01:15:00+0200,165.98,EUR/MWh,BE,BE,day_ahead_price,value,2026-09-19T05:25:11Z
2026-09-19T05:21:21Z,2026-09-19T07:21:21+0200,20bb7349-32f2-4bba-8e6d-dd59e0dd102f,2026-09-12T23:30:00Z,2026-09-13T01:30:00+0200,164.26,EUR/MWh,BE,BE,day_ahead_price,value,2026-09-19T05:25:11Z
2026-09-19T05:21:21Z,2026-09-19T07:21:21+0200,20bb7349-32f2-4bba-8e6d-dd59e0dd102f,2026-09-12T23:45:00Z,2026-09-13T01:45:00+0200,163.74,EUR/MWh,BE,BE,day_ahead_price,value,2026-09-19T05:25:11Z
2026-09-19T05:21:21Z,2026-09-19T07:21:21+0200,20bb7349-32f2-4bba-8e6d-dd59e0dd102f,2026-09-13T00:00:00Z,2026-09-13T02:00:00+0200,163.03,EUR/MWh,BE,BE,day_ahead_price,value,2026-09-19T05:25:11Z
2026-09-19T05:21:21Z,2026-09-19T07:21:21+0200,20bb7349-32f2-4bba-8e6d-dd59e0dd102f,2026-09-13T00:15:00Z,2026-09-13T02:15:00+0200,163.79,EUR/MWh,BE,BE,day_ahead_price,value,2026-09-19T05:25:11Z
2026-09-19T05:21:21Z,2026-09-19T07:21:21+0200,20bb7349-32f2-4bba-8e6d-dd59e0dd102f,2026-09-13T00:30:00Z,2026-09-13T02:30:00+0200,160.6,EUR/MWh,BE,BE,day_ahead_price,value,2026-09-19T05:25:11Z
2026-09-19T05:21:21Z,2026-09-19T07:21:21+0200,20bb7349-32f2-4bba-8e6d-dd59e0dd102f,2026-09-13T00:45:00Z,2026-09-13T02:45:00+0200,159.2,EUR/MWh,BE,BE,day_ahead_price,value,2026-09-19T05:25:11Z
2026-09-19T05:21:21Z,2026-09-19T07:21:21+0200,20bb7349-32f2-4bba-8e6d-dd59e0dd102f,2026-09-13T01:00:00Z,2026-09-13T03:00:00+0200,161.73,EUR/MWh,BE,BE,day_ahead_price,value,2026-09-19T05:25:11Z
2026-09-19T05:21:21Z,2026-09-19T07:21:21+0200,20bb7349-32f2-4bba-8e6d-dd59e0dd102f,2026-09-13T01:15:00Z,2026-09-13T03:15:00+0200,162.26,EUR/MWh,BE,BE,day_ahead_price,value,2026-09-19T05:25:11Z
2026-09-19T05:21:21Z,2026-09-19T07:21:21+0200,20bb7349-32f2-4bba-8e6d-dd59e0dd102f,2026-09-13T01:30:00Z,2026-09-13T03:30:00+0200,161.37,EUR/MWh,BE,BE,day_ahead_price,value,2026-09-19T05:25:11Z
2026-09-19T05:21:21Z,2026-09-19T07:21:21+0200,20bb7349-32f2-4bba-8e6d-dd59e0dd102f,2026-09-13T01:45:00Z,2026-09-13T03:45:00+0200,159.7,EUR/MWh,BE,BE,day_ahead_price,value,2026-09-19T05:25:11Z
2026-09-19T05:21:21Z,2026-09-19T07:21:21+0200,20bb7349-32f2-4bba-8e6d-dd59e0dd102f,2026-09-13T02:00:00Z,2026-09-13T04:00:00+0200,164.06,EUR/MWh,BE,BE,day_ahead_price,value,2026-09-19T05:25:11Z
2026-09-19T05:21:21Z,2026-09-19T07:21:21+0200,20bb7349-32f2-4bba-8e6d-dd59e0dd102f,2026-09-13T02:15:00Z,2026-09-13T04:15:00+0200,163.8,EUR/MWh,BE,BE,day_ahead_price,value,2026-09-19T05:25:11Z
2026-09-19T05:21:21Z,2026-09-19T07:21:21+0200,20bb7349-32f2-4bba-8e6d-dd59e0dd102f,2026-09-13T02:30:00Z,2026-09-13T04:30:00+0200,163.6,EUR/MWh,BE,BE,day_ahead_price,value,2026-09-19T05:25:11Z
2026-09-19T05:21:21Z,2026-09-19T07:21:21+0200,20bb7349-32f2-4bba-8e6d-dd59e0dd102f,2026-09-13T02:45:00Z,2026-09-13T04:45:00+0200,164.38,EUR/MWh,BE,BE,day_ahead_price,value,2026-09-19T05:25:11Z
2026-09-19T05:21:21Z,2026-09-19T07:21:21+0200,20bb7349-32f2-4bba-8e6d-dd59e0dd102f,2026-09-13T03:00:00Z,2026-09-13T05:00:00+0200,168.03,EUR/MWh,BE,BE,day_ahead_price,value,2026-09-19T05:25:11Z
2026-09-19T05:21:21Z,2026-09-19T07:21:21+0200,20bb7349-32f2-4bba-8e6d-dd59e0dd102f,2026-09-13T03:15:00Z,2026-09-13T05:15:00+0200,166.31,EUR/MWh,BE,BE,day_ahead_price,value,2026-09-19T05:25:11Z
2026-09-19T05:21:21Z,2026-09-19T07:21:21+0200,20bb7349-32f2-4bba-8e6d-dd59e0dd102f,2026-09-13T03:30:00Z,2026-09-13T05:30:00+0200,168.69,EUR/MWh,BE,BE,day_ahead_price,value,2026-09-19T05:25:11Z
2026-09-19T05:21:21Z,2026-09-19T07:21:21+0200,20bb7349-32f2-4bba-8e6d-dd59e0dd102f,2026-09-13T03:45:00Z,2026-09-13T05:45:00+0200,172.0,EUR/MWh,BE,BE,day_ahead_price,value,2026-09-19T05:25:11Z
2026-09-19T05:21:21Z,2026-09-19T07:21:21+0200,20bb7349-32f2-4bba-8e6d-dd59e0dd102f,2026-09-13T04:00:00Z,2026-09-13T06:00:00+0200,171.24,EUR/MWh,BE,BE,day_ahead_price,value,2026-09-19T05:25:11Z
2026-09-19T05:21:21Z,2026-09-19T07:21:21+0200,20bb7349-32f2-4bba-8e6d-dd59e0dd102f,2026-09-13T04:15:00Z,2026-09-13T06:15:00+0200,176.28,EUR/MWh,BE,BE,day_ahead_price,value,2026-09-19T05:25:11Z
2026-09-19T05:21:21Z,2026-09-19T07:21:21+0200,20bb7349-32f2-4bba-8e6d-dd59e0dd102f,2026-09-13T04:30:00Z,2026-09-13T06:30:00+0200,181.79,EUR/MWh,BE,BE,day_ahead_price,value,2026-09-19T05:25:11Z
2026-09-19T05:21:21Z,2026-09-19T07:21:21+0200,20bb7349-32f2-4bba-8e6d-dd59e0dd102f,2026-09-13T04:45:00Z,2026-09-13T06:45:00+0200,180.65,EUR/MWh,BE,BE,day_ahead_price,value,2026-09-19T05:25:11Z
2026-09-19T05:21:21Z,2026-09-19T07:21:21+0200,20bb7349-32f2-4bba-8e6d-dd59e0dd102f,2026-09-13T05:00:00Z,2026-09-13T07:00:00+0200,185.77,EUR/MWh,BE,BE,day_ahead_price,value,2026-09-19T05:25:11Z
2026-09-19T05:21:21Z,2026-09-19T07:21:21+0200,20bb7349-32f2-4bba-8e6d-dd59e0dd102f,2026-09-13T05:15:00Z,2026-09-13T07:15:00+0200,184.13,EUR/MWh,BE,BE,day_ahead_price,value,2026-09-19T05:25:11Z
2026-09-19T05:21:21Z,2026-09-19T07:21:21+0200,20bb7349-32f2-4bba-8e6d-dd59e0dd102f,2026-09-13T05:30:00Z,2026-09-13T07:30:00+0200,181.4,EUR/MWh,BE,BE,day_ahead_price,value,2026-09-19T05:25:11Z
2026-09-19T05:21:21Z,2026-09-19T07:21:21+0200,20bb7349-32f2-4bba-8e6d-dd59e0dd102f,2026-09-13T05:45:00Z,2026-09-13T07:45:00+0200,170.89,EUR/MWh,BE,BE,day_ahead_price,value,2026-09-19T05:25:11Z
2026-09-19T05:21:21Z,2026-09-19T07:21:21+0200,20bb7349-32f2-4bba-8e6d-dd59e0dd102f,2026-09-13T06:00:00Z,2026-09-13T08:00:00+0200,170.43,EUR/MWh,BE,BE,day_ahead_price,value,2026-09-19T05:25:11Z
2026-09-19T05:21:21Z,2026-09-19T07:21:21+0200,20bb7349-32f2-4bba-8e6d-dd59e0dd102f,2026-09-13T06:15:00Z,2026-09-13T08:15:00+0200,173.56,EUR/MWh,BE,BE,day_ahead_price,value,2026-09-19T05:25:11Z
2026-09-19T05:21:21Z,2026-09-19T07:21:21+0200,20bb7349-32f2-4bba-8e6d-dd59e0dd102f,2026-09-13T06:30:00Z,2026-09-13T08:30:00+0200,159.78,EUR/MWh,BE,BE,day_ahead_price,value,2026-09-19T05:25:11Z
2026-09-19T05:21:21Z,2026-09-19T07:21:21+0200,20bb7349-32f2-4bba-8e6d-dd59e0dd102f,2026-09-13T06:45:00Z,2026-09-13T08:45:00+0200,158.28,EUR/MWh,BE,BE,day_ahead_price,value,2026-09-19T05:25:11Z
2026-09-19T05:21:21Z,2026-09-19T07:21:21+0200,20bb7349-32f2-4bba-8e6d-dd59e0dd102f,2026-09-13T07:00:00Z,2026-09-13T09:00:00+0200,156.27,EUR/MWh,BE,BE,day_ahead_price,value,2026-09-19T05:25:11Z
2026-09-19T05:21:21Z,2026-09-19T07:21:21+0200,20bb7349-32f2-4bba-8e6d-dd59e0dd102f,2026-09-13T07:15:00Z,2026-09-13T09:15:00+0200,160.0,EUR/MWh,BE,BE,day_ahead_price,value,2026-09-19T05:25:11Z
2026-09-19T05:21:21Z,2026-09-19T07:21:21+0200,20bb7349-32f2-4bba-8e6d-dd59e0dd102f,2026-09-13T07:30:00Z,2026-09-13T09:30:00+0200,206.87,EUR/MWh,BE,BE,day_ahead_price,value,2026-09-19T05:25:11Z
2026-09-19T05:21:21Z,2026-09-19T07:21:21+0200,20bb7349-32f2-4bba-8e6d-dd59e0dd102f,2026-09-13T07:45:00Z,2026-09-13T09:45:00+0200,216.22,EUR/MWh,BE,BE,day_ahead_price,value,2026-09-19T05:25:11Z
2026-09-19T05:21:21Z,2026-09-19T07:21:21+0200,20bb7349-32f2-4bba-8e6d-dd59e0dd102f,2026-09-13T08:00:00Z,2026-09-13T10:00:00+0200,204.03,EUR/MWh,BE,BE,day_ahead_price,value,2026-09-19T05:25:11Z
2026-09-19T05:21:21Z,2026-09-19T07:21:21+0200,20bb7349-32f2-4bba-8e6d-dd59e0dd102f,2026-09-13T08:15:00Z,2026-09-13T10:15:00+0200,210.0,EUR/MWh,BE,BE,day_ahead_price,value,2026-09-19T05:25:11Z
2026-09-19T05:21:21Z,2026-09-19T07:21:21+0200,20bb7349-32f2-4bba-8e6d-dd59e0dd102f,2026-09-13T08:30:00Z,2026-09-13T10:30:00+0200,210.15,EUR/MWh,BE,BE,day_ahead_price,value,2026-09-19T05:25:11Z
2026-09-19T05:21:21Z,2026-09-19T07:21:21+0200,20bb7349-32f2-4bba-8e6d-dd59e0dd102f,2026-09-13T08:45:00Z,2026-09-13T10:45:00+0200,208.74,EUR/MWh,BE,BE,day_ahead_price,value,2026-09-19T05:25:11Z
2026-09-19T05:21:21Z,2026-09-19T07:21:21+0200,20bb7349-32f2-4bba-8e6d-dd59e0dd102f,2026-09-13T09:00:00Z,2026-09-13T11:00:00+0200,201.09,EUR/MWh,BE,BE,day_ahead_price,value,2026-09-19T05:25:11Z
2026-09-19T05:21:21Z,2026-09-19T07:21:21+0200,20bb7349-32f2-4bba-8e6d-dd59e0dd102f,2026-09-13T09:15:00Z,2026-09-13T11:15:00+0200,200.0,EUR/MWh,BE,BE,day_ahead_price,value,2026-09-19T05:25:11Z
2026-09-19T05:21:21Z,2026-09-19T07:21:21+0200,20bb7349-32f2-4bba-8e6d-dd59e0dd102f,2026-09-13T09:30:00Z,2026-09-13T11:30:00+0200,198.91,EUR/MWh,BE,BE,day_ahead_price,value,2026-09-19T05:25:11Z
2026-09-19T05:21:21Z,2026-09-19T07:21:21+0200,20bb7349-32f2-4bba-8e6d-dd59e0dd102f,2026-09-13T09:45:00Z,2026-09-13T11:45:00+0200,200.0,EUR/MWh,BE,BE,day_ahead_price,value,2026-09-19T05:25:11Z
2026-09-19T05:21:21Z,2026-09-19T07:21:21+0200,20bb7349-32f2-4bba-8e6d-dd59e0dd102f,2026-09-13T10:00:00Z,2026-09-13T12:00:00+0200,192.43,EUR/MWh,BE,BE,day_ahead_price,value,2026-09-19T05:25:11Z
2026-09-19T05:21:21Z,2026-09-19T07:21:21+0200,20bb7349-32f2-4bba-8e6d-dd59e0dd102f,2026-09-13T10:15:00Z,2026-09-13T12:15:00+0200,197.52,EUR/MWh,BE,BE,day_ahead_price,value,2026-09-19T05:25:11Z
2026-09-19T05:21:21Z,2026-09-19T07:21:21+0200,20bb7349-32f2-4bba-8e6d-dd59e0dd102f,2026-09-13T10:30:00Z,2026-09-13T12:30:00+0200,192.03,EUR/MWh,BE,BE,day_ahead_price,value,2026-09-19T05:25:11Z
2026-09-19T05:21:21Z,2026-09-19T07:21:21+0200,20bb7349-32f2-4bba-8e6d-dd59e0dd102f,2026-09-13T10:45:00Z,2026-09-13T12:45:00+0200,190.17,EUR/MWh,BE,BE,day_ahead_price,value,2026-09-19T05:25:11Z
2026-09-19T05:21:21Z,2026-09-19T07:21:21+0200,20bb7349-32f2-4bba-8e6d-dd59e0dd102f,2026-09-13T11:00:00Z,2026-09-13T13:00:00+0200,185.12,EUR/MWh,BE,BE,day_ahead_price,value,2026-09-19T05:25:11Z
2026-09-19T05:21:21Z,2026-09-19T07:21:21+0200,20bb7349-32f2-4bba-8e6d-dd59e0dd102f,2026-09-13T11:15:00Z,2026-09-13T13:15:00+0200,187.41,EUR/MWh,BE,BE,day_ahead_price,value,2026-09-19T05:25:11Z
2026-09-19T05:21:21Z,2026-09-19T07:21:21+0200,20bb7349-32f2-4bba-8e6d-dd59e0dd102f,2026-09-13T11:30:00Z,2026-09-13T13:30:00+0200,183.56,EUR/MWh,BE,BE,day_ahead_price,value,2026-09-19T05:25:11Z
2026-09-19T05:21:21Z,2026-09-19T07:21:21+0200,20bb7349-32f2-4bba-8e6d-dd59e0dd102f,2026-09-13T11:45:00Z,2026-09-13T13:45:00+0200,179.49,EUR/MWh,BE,BE,day_ahead_price,value,2026-09-19T05:25:11Z
2026-09-19T05:21:21Z,2026-09-19T07:21:21+0200,20bb7349-32f2-4bba-8e6d-dd59e0dd102f,2026-09-13T12:00:00Z,2026-09-13T14:00:00+0200,184.74,EUR/MWh,BE,BE,day_ahead_price,value,2026-09-19T05:25:11Z
2026-09-19T05:21:21Z,2026-09-19T07:21:21+0200,20bb7349-32f2-4bba-8e6d-dd59e0dd102f,2026-09-13T12:15:00Z,2026-09-13T14:15:00+0200,183.24,EUR/MWh,BE,BE,day_ahead_price,value,2026-09-19T05:25:11Z
2026-09-19T05:21:21Z,2026-09-19T07:21:21+0200,20bb7349-32f2-4bba-8e6d-dd59e0dd102f,2026-09-13T12:30:00Z,2026-09-13T14:30:00+0200,189.84,EUR/MWh,BE,BE,day_ahead_price,value,2026-09-19T05:25:11Z
2026-09-19T05:21:21Z,2026-09-19T07:21:21+0200,20bb7349-32f2-4bba-8e6d-dd59e0dd102f,2026-09-13T12:45:00Z,2026-09-13T14:45:00+0200,189.26,EUR/MWh,BE,BE,day_ahead_price,value,2026-09-19T05:25:11Z
2026-09-19T05:21:21Z,2026-09-19T07:21:21+0200,20bb7349-32f2-4bba-8e6d-dd59e0dd102f,2026-09-13T13:00:00Z,2026-09-13T15:00:00+0200,184.38,EUR/MWh,BE,BE,day_ahead_price,value,2026-09-19T05:25:11Z
2026-09-19T05:21:21Z,2026-09-19T07:21:21+0200,20bb7349-32f2-4bba-8e6d-dd59e0dd102f,2026-09-13T13:15:00Z,2026-09-13T15:15:00+0200,189.99,EUR/MWh,BE,BE,day_ahead_price,value,2026-09-19T05:25:11Z
2026-09-19T05:21:21Z,2026-09-19T07:21:21+0200,20bb7349-32f2-4bba-8e6d-dd59e0dd102f,2026-09-13T13:30:00Z,2026-09-13T15:30:00+0200,190.0,EUR/MWh,BE,BE,day_ahead_price,value,2026-09-19T05:25:11Z
2026-09-19T05:21:21Z,2026-09-19T07:21:21+0200,20bb7349-32f2-4bba-8e6d-dd59e0dd102f,2026-09-13T13:45:00Z,2026-09-13T15:45:00+0200,173.41,EUR/MWh,BE,BE,day_ahead_price,value,2026-09-19T05:25:11Z
2026-09-19T05:21:21Z,2026-09-19T07:21:21+0200,20bb7349-32f2-4bba-8e6d-dd59e0dd102f,2026-09-13T14:00:00Z,2026-09-13T16:00:00+0200,171.37,EUR/MWh,BE,BE,day_ahead_price,value,2026-09-19T05:25:11Z
2026-09-19T05:21:21Z,2026-09-19T07:21:21+0200,20bb7349-32f2-4bba-8e6d-dd59e0dd102f,2026-09-13T14:15:00Z,2026-09-13T16:15:00+0200,170.63,EUR/MWh,BE,BE,day_ahead_price,value,2026-09-19T05:25:11Z
2026-09-19T05:21:21Z,2026-09-19T07:21:21+0200,20bb7349-32f2-4bba-8e6d-dd59e0dd102f,2026-09-13T14:30:00Z,2026-09-13T16:30:00+0200,162.67,EUR/MWh,BE,BE,day_ahead_price,value,2026-09-19T05:25:11Z
2026-09-19T05:21:21Z,2026-09-19T07:21:21+0200,20bb7349-32f2-4bba-8e6d-dd59e0dd102f,2026-09-13T14:45:00Z,2026-09-13T16:45:00+0200,159.67,EUR/MWh,BE,BE,day_ahead_price,value,2026-09-19T05:25:11Z
2026-09-19T05:21:21Z,2026-09-19T07:21:21+0200,20bb7349-32f2-4bba-8e6d-dd59e0dd102f,2026-09-13T15:00:00Z,2026-09-13T17:00:00+0200,181.0,EUR/MWh,BE,BE,day_ahead_price,value,2026-09-19T05:25:11Z
2026-09-19T05:21:21Z,2026-09-19T07:21:21+0200,20bb7349-32f2-4bba-8e6d-dd59e0dd102f,2026-09-13T15:15:00Z,2026-09-13T17:15:00+0200,181.46,EUR/MWh,BE,BE,day_ahead_price,value,2026-09-19T05:25:11Z
2026-09-19T05:21:21Z,2026-09-19T07:21:21+0200,20bb7349-32f2-4bba-8e6d-dd59e0dd102f,2026-09-13T15:30:00Z,2026-09-13T17:30:00+0200,195.22,EUR/MWh,BE,BE,day_ahead_price,value,2026-09-19T05:25:11Z
2026-09-19T05:21:21Z,2026-09-19T07:21:21+0200,20bb7349-32f2-4bba-8e6d-dd59e0dd102f,2026-09-13T15:45:00Z,2026-09-13T17:45:00+0200,208.01,EUR/MWh,BE,BE,day_ahead_price,value,2026-09-19T05:25:11Z
2026-09-19T05:21:21Z,2026-09-19T07:21:21+0200,20bb7349-32f2-4bba-8e6d-dd59e0dd102f,2026-09-13T16:00:00Z,2026-09-13T18:00:00+0200,209.67,EUR/MWh,BE,BE,day_ahead_price,value,2026-09-19T05:25:11Z
2026-09-19T05:21:21Z,2026-09-19T07:21:21+0200,20bb7349-32f2-4bba-8e6d-dd59e0dd102f,2026-09-13T16:15:00Z,2026-09-13T18:15:00+0200,203.18,EUR/MWh,BE,BE,day_ahead_price,value,2026-09-19T05:25:11Z
2026-09-19T05:21:21Z,2026-09-19T07:21:21+0200,20bb7349-32f2-4bba-8e6d-dd59e0dd102f,2026-09-13T16:30:00Z,2026-09-13T18:30:00+0200,210.52,EUR/MWh,BE,BE,day_ahead_price,value,2026-09-19T05:25:11Z
2026-09-19T05:21:21Z,2026-09-19T07:21:21+0200,20bb7349-32f2-4bba-8e6d-dd59e0dd102f,2026-09-13T16:45:00Z,2026-09-13T18:45:00+0200,228.64,EUR/MWh,BE,BE,day_ahead_price,value,2026-09-19T05:25:11Z
2026-09-19T05:21:21Z,2026-09-19T07:21:21+0200,20bb7349-32f2-4bba-8e6d-dd59e0dd102f,2026-09-13T17:00:00Z,2026-09-13T19:00:00+0200,230.01,EUR/MWh,BE,BE,day_ahead_price,value,2026-09-19T05:25:11Z
2026-09-19T05:21:21Z,2026-09-19T07:21:21+0200,20bb7349-32f2-4bba-8e6d-dd59e0dd102f,2026-09-13T17:15:00Z,2026-09-13T19:15:00+0200,228.31,EUR/MWh,BE,BE,day_ahead_price,value,2026-09-19T05:25:11Z
2026-09-19T05:21:21Z,2026-09-19T07:21:21+0200,20bb7349-32f2-4bba-8e6d-dd59e0dd102f,2026-09-13T17:30:00Z,2026-09-13T19:30:00+0200,234.49,EUR/MWh,BE,BE,day_ahead_price,value,2026-09-19T05:25:11Z
2026-09-19T05:21:21Z,2026-09-19T07:21:21+0200,20bb7349-32f2-4bba-8e6d-dd59e0dd102f,2026-09-13T17:45:00Z,2026-09-13T19:45:00+0200,239.96,EUR/MWh,BE,BE,day_ahead_price,value,2026-09-19T05:25:11Z
2026-09-19T05:21:21Z,2026-09-19T07:21:21+0200,20bb7349-32f2-4bba-8e6d-dd59e0dd102f,2026-09-13T18:00:00Z,2026-09-13T20:00:00+0200,228.8,EUR/MWh,BE,BE,day_ahead_price,value,2026-09-19T05:25:11Z
2026-09-19T05:21:21Z,2026-09-19T07:21:21+0200,20bb7349-32f2-4bba-8e6d-dd59e0dd102f,2026-09-13T18:15:00Z,2026-09-13T20:15:00+0200,235.0,EUR/MWh,BE,BE,day_ahead_price,value,2026-09-19T05:25:11Z
2026-09-19T05:21:21Z,2026-09-19T07:21:21+0200,20bb7349-32f2-4bba-8e6d-dd59e0dd102f,2026-09-13T18:30:00Z,2026-09-13T20:30:00+0200,237.53,EUR/MWh,BE,BE,day_ahead_price,value,2026-09-19T05:25:11Z
2026-09-19T05:21:21Z,2026-09-19T07:21:21+0200,20bb7349-32f2-4bba-8e6d-dd59e0dd102f,2026-09-13T18:45:00Z,2026-09-13T20:45:00+0200,233.99,EUR/MWh,BE,BE,day_ahead_price,value,2026-09-19T05:25:11Z
2026-09-19T05:21:21Z,2026-09-19T07:21:21+0200,20bb7349-32f2-4bba-8e6d-dd59e0dd102f,2026-09-13T19:00:00Z,2026-09-13T21:00:00+0200,232.37,EUR/MWh,BE,BE,day_ahead_price,value,2026-09-19T05:25:11Z
2026-09-19T05:21:21Z,2026-09-19T07:21:21+0200,20bb7349-32f2-4bba-8e6d-dd59e0dd102f,2026-09-13T19:15:00Z,2026-09-13T21:15:00+0200,235.0,EUR/MWh,BE,BE,day_ahead_price,value,2026-09-19T05:25:11Z
2026-09-19T05:21:21Z,2026-09-19T07:21:21+0200,20bb7349-32f2-4bba-8e6d-dd59e0dd102f,2026-09-13T19:30:00Z,2026-09-13T21:30:00+0200,231.65,EUR/MWh,BE,BE,day_ahead_price,value,2026-09-19T05:25:11Z
2026-09-19T05:21:21Z,2026-09-19T07:21:21+0200,20bb7349-32f2-4bba-8e6d-dd59e0dd102f,2026-09-13T19:45:00Z,2026-09-13T21:45:00+0200,227.5,EUR/MWh,BE,BE,day_ahead_price,value,2026-09-19T05:25:11Z
2026-09-19T05:21:21Z,2026-09-19T07:21:21+0200,20bb7349-32f2-4bba-8e6d-dd59e0dd102f,2026-09-13T20:00:00Z,2026-09-13T22:00:00+0200,227.46,EUR/MWh,BE,BE,day_ahead_price,value,2026-09-19T05:25:11Z
2026-09-19T05:21:21Z,2026-09-19T07:21:21+0200,20bb7349-32f2-4bba-8e6d-dd59e0dd102f,2026-09-13T20:15:00Z,2026-09-13T22:15:00+0200,227.5,EUR/MWh,BE,BE,day_ahead_price,value,2026-09-19T05:25:11Z
2026-09-19T05:21:21Z,2026-09-19T07:21:21+0200,20bb7349-32f2-4bba-8e6d-dd59e0dd102f,2026-09-13T20:30:00Z,2026-09-13T22:30:00+0200,227.5,EUR/MWh,BE,BE,day_ahead_price,value,2026-09-19T05:25:11Z
2026-09-19T05:21:21Z,2026-09-19T07:21:21+0200,20bb7349-32f2-4bba-8e6d-dd59e0dd102f,2026-09-13T20:45:00Z,2026-09-13T22:45:00+0200,222.41,EUR/MWh,BE,BE,day_ahead_price,value,2026-09-19T05:25:11Z
2026-09-19T05:21:21Z,2026-09-19T07:21:21+0200,20bb7349-32f2-4bba-8e6d-dd59e0dd102f,2026-09-13T21:00:00Z,2026-09-13T23:00:00+0200,220.53,EUR/MWh,BE,BE,day_ahead_price,value,2026-09-19T05:25:11Z
2026-09-19T05:21:21Z,2026-09-19T07:21:21+0200,20bb7349-32f2-4bba-8e6d-dd59e0dd102f,2026-09-13T21:15:00Z,2026-09-13T23:15:00+0200,208.58,EUR/MWh,BE,BE,day_ahead_price,value,2026-09-19T05:25:11Z
2026-09-19T05:21:21Z,2026-09-19T07:21:21+0200,20bb7349-32f2-4bba-8e6d-dd59e0dd102f,2026-09-13T21:30:00Z,2026-09-13T23:30:00+0200,207.24,EUR/MWh,BE,BE,day_ahead_price,value,2026-09-19T05:25:11Z
2026-09-19T05:21:21Z,2026-09-19T07:21:21+0200,20bb7349-32f2-4bba-8e6d-dd59e0dd102f,2026-09-13T21:45:00Z,2026-09-13T23:45:00+0200,206.0,EUR/MWh,BE,BE,day_ahead_price,value,2026-09-19T05:25:11Z
2026-09-19T05:21:21Z,2026-09-19T07:21:21+0200,20bb7349-32f2-4bba-8e6d-dd59e0dd102f,2026-09-13T22:00:00Z,2026-09-14T00:00:00+0200,218.18,EUR/MWh,BE,BE,day_ahead_price,value,2026-09-19T05:25:11Z
2026-09-19T05:21:21Z,2026-09-19T07:21:21+0200,20bb7349-32f2-4bba-8e6d-dd59e0dd102f,2026-09-13T22:15:00Z,2026-09-14T00:15:00+0200,205.79,EUR/MWh,BE,BE,day_ahead_price,value,2026-09-19T05:25:11Z
2026-09-19T05:21:21Z,2026-09-19T07:21:21+0200,20bb7349-32f2-4bba-8e6d-dd59e0dd102f,2026-09-13T22:30:00Z,2026-09-14T00:30:00+0200,196.0,EUR/MWh,BE,BE,day_ahead_price,value,2026-09-19T05:25:11Z
2026-09-19T05:21:21Z,2026-09-19T07:21:21+0200,20bb7349-32f2-4bba-8e6d-dd59e0dd102f,2026-09-13T22:45:00Z,2026-09-14T00:45:00+0200,186.85,EUR/MWh,BE,BE,day_ahead_price,value,2026-09-19T05:25:11Z
2026-09-19T05:21:21Z,2026-09-19T07:21:21+0200,20bb7349-32f2-4bba-8e6d-dd59e0dd102f,2026-09-13T23:00:00Z,2026-09-14T01:00:00+0200,192.1,EUR/MWh,BE,BE,day_ahead_price,value,2026-09-19T05:25:11Z
2026-09-19T05:21:21Z,2026-09-19T07:21:21+0200,20bb7349-32f2-4bba-8e6d-dd59e0dd102f,2026-09-13T23:15:00Z,2026-09-14T01:15:00+0200,187.5,EUR/MWh,BE,BE,day_ahead_price,value,2026-09-19T05:25:11Z
2026-09-19T05:21:21Z,2026-09-19T07:21:21+0200,20bb7349-32f2-4bba-8e6d-dd59e0dd102f,2026-09-13T23:30:00Z,2026-09-14T01:30:00+0200,189.38,EUR/MWh,BE,BE,day_ahead_price,value,2026-09-19T05:25:11Z
2026-09-19T05:21:21Z,2026-09-19T07:21:21+0200,20bb7349-32f2-4bba-8e6d-dd59e0dd102f,2026-09-13T23:45:00Z,2026-09-14T01:45:00+0200,182.59,EUR/MWh,BE,BE,day_ahead_price,value,2026-09-19T05:25:11Z
2026-09-19T05:21:21Z,2026-09-19T07:21:21+0200,20bb7349-32f2-4bba-8e6d-dd59e0dd102f,2026-09-14T00:00:00Z,2026-09-14T02:00:00+0200,185.42,EUR/MWh,BE,BE,day_ahead_price,value,2026-09-19T05:25:11Z
2026-09-19T05:21:21Z,2026-09-19T07:21:21+0200,20bb7349-32f2-4bba-8e6d-dd59e0dd102f,2026-09-14T00:15:00Z,2026-09-14T02:15:00+0200,185.05,EUR/MWh,BE,BE,day_ahead_price,value,2026-09-19T05:25:11Z
2026-09-19T05:21:21Z,2026-09-19T07:21:21+0200,20bb7349-32f2-4bba-8e6d-dd59e0dd102f,2026-09-14T00:30:00Z,2026-09-14T02:30:00+0200,183.47,EUR/MWh,BE,BE,day_ahead_price,value,2026-09-19T05:25:11Z
2026-09-19T05:21:21Z,2026-09-19T07:21:21+0200,20bb7349-32f2-4bba-8e6d-dd59e0dd102f,2026-09-14T00:45:00Z,2026-09-14T02:45:00+0200,182.75,EUR/MWh,BE,BE,day_ahead_price,value,2026-09-19T05:25:11Z
2026-09-19T05:21:21Z,2026-09-19T07:21:21+0200,20bb7349-32f2-4bba-8e6d-dd59e0dd102f,2026-09-14T01:00:00Z,2026-09-14T03:00:00+0200,183.46,EUR/MWh,BE,BE,day_ahead_price,value,2026-09-19T05:25:11Z
2026-09-19T05:21:21Z,2026-09-19T07:21:21+0200,20bb7349-32f2-4bba-8e6d-dd59e0dd102f,2026-09-14T01:15:00Z,2026-09-14T03:15:00+0200,184.16,EUR/MWh,BE,BE,day_ahead_price,value,2026-09-19T05:25:11Z
2026-09-19T05:21:21Z,2026-09-19T07:21:21+0200,20bb7349-32f2-4bba-8e6d-dd59e0dd102f,2026-09-14T01:30:00Z,2026-09-14T03:30:00+0200,183.8,EUR/MWh,BE,BE,day_ahead_price,value,2026-09-19T05:25:11Z
2026-09-19T05:21:21Z,2026-09-19T07:21:21+0200,20bb7349-32f2-4bba-8e6d-dd59e0dd102f,2026-09-14T01:45:00Z,2026-09-14T03:45:00+0200,184.05,EUR/MWh,BE,BE,day_ahead_price,value,2026-09-19T05:25:11Z
2026-09-19T05:21:21Z,2026-09-19T07:21:21+0200,20bb7349-32f2-4bba-8e6d-dd59e0dd102f,2026-09-14T02:00:00Z,2026-09-14T04:00:00+0200,180.24,EUR/MWh,BE,BE,day_ahead_price,value,2026-09-19T05:25:11Z
2026-09-19T05:21:21Z,2026-09-19T07:21:21+0200,20bb7349-32f2-4bba-8e6d-dd59e0dd102f,2026-09-14T02:15:00Z,2026-09-14T04:15:00+0200,181.2,EUR/MWh,BE,BE,day_ahead_price,value,2026-09-19T05:25:11Z
2026-09-19T05:21:21Z,2026-09-19T07:21:21+0200,20bb7349-32f2-4bba-8e6d-dd59e0dd102f,2026-09-14T02:30:00Z,2026-09-14T04:30:00+0200,183.46,EUR/MWh,BE,BE,day_ahead_price,value,2026-09-19T05:25:11Z
2026-09-19T05:21:21Z,2026-09-19T07:21:21+0200,20bb7349-32f2-4bba-8e6d-dd59e0dd102f,2026-09-14T02:45:00Z,2026-09-14T04:45:00+0200,190.12,EUR/MWh,BE,BE,day_ahead_price,value,2026-09-19T05:25:11Z
2026-09-19T05:21:21Z,2026-09-19T07:21:21+0200,20bb7349-32f2-4bba-8e6d-dd59e0dd102f,2026-09-14T03:00:00Z,2026-09-14T05:00:00+0200,184.46,EUR/MWh,BE,BE,day_ahead_price,value,2026-09-19T05:25:11Z
2026-09-19T05:21:21Z,2026-09-19T07:21:21+0200,20bb7349-32f2-4bba-8e6d-dd59e0dd102f,2026-09-14T03:15:00Z,2026-09-14T05:15:00+0200,194.47,EUR/MWh,BE,BE,day_ahead_price,value,2026-09-19T05:25:11Z
2026-09-19T05:21:21Z,2026-09-19T07:21:21+0200,20bb7349-32f2-4bba-8e6d-dd59e0dd102f,2026-09-14T03:30:00Z,2026-09-14T05:30:00+0200,208.57,EUR/MWh,BE,BE,day_ahead_price,value,2026-09-19T05:25:11Z
2026-09-19T05:21:21Z,2026-09-19T07:21:21+0200,20bb7349-32f2-4bba-8e6d-dd59e0dd102f,2026-09-14T03:45:00Z,2026-09-14T05:45:00+0200,219.61,EUR/MWh,BE,BE,day_ahead_price,value,2026-09-19T05:25:11Z
2026-09-19T05:21:21Z,2026-09-19T07:21:21+0200,20bb7349-32f2-4bba-8e6d-dd59e0dd102f,2026-09-14T04:00:00Z,2026-09-14T06:00:00+0200,217.24,EUR/MWh,BE,BE,day_ahead_price,value,2026-09-19T05:25:11Z
2026-09-19T05:21:21Z,2026-09-19T07:21:21+0200,20bb7349-32f2-4bba-8e6d-dd59e0dd102f,2026-09-14T04:15:00Z,2026-09-14T06:15:00+0200,233.14,EUR/MWh,BE,BE,day_ahead_price,value,2026-09-19T05:25:11Z
2026-09-19T05:21:21Z,2026-09-19T07:21:21+0200,20bb7349-32f2-4bba-8e6d-dd59e0dd102f,2026-09-14T04:30:00Z,2026-09-14T06:30:00+0200,248.07,EUR/MWh,BE,BE,day_ahead_price,value,2026-09-19T05:25:11Z
2026-09-19T05:21:21Z,2026-09-19T07:21:21+0200,20bb7349-32f2-4bba-8e6d-dd59e0dd102f,2026-09-14T04:45:00Z,2026-09-14T06:45:00+0200,253.46,EUR/MWh,BE,BE,day_ahead_price,value,2026-09-19T05:25:11Z
2026-09-19T05:21:21Z,2026-09-19T07:21:21+0200,20bb7349-32f2-4bba-8e6d-dd59e0dd102f,2026-09-14T05:00:00Z,2026-09-14T07:00:00+0200,271.31,EUR/MWh,BE,BE,day_ahead_price,value,2026-09-19T05:25:11Z
2026-09-19T05:21:21Z,2026-09-19T07:21:21+0200,20bb7349-32f2-4bba-8e6d-dd59e0dd102f,2026-09-14T05:15:00Z,2026-09-14T07:15:00+0200,290.75,EUR/MWh,BE,BE,day_ahead_price,value,2026-09-19T05:25:11Z
2026-09-19T05:21:21Z,2026-09-19T07:21:21+0200,20bb7349-32f2-4bba-8e6d-dd59e0dd102f,2026-09-14T05:30:00Z,2026-09-14T07:30:00+0200,295.11,EUR/MWh,BE,BE,day_ahead_price,value,2026-09-19T05:25:11Z
2026-09-19T05:21:21Z,2026-09-19T07:21:21+0200,20bb7349-32f2-4bba-8e6d-dd59e0dd102f,2026-09-14T05:45:00Z,2026-09-14T07:45:00+0200,297.14,EUR/MWh,BE,BE,day_ahead_price,value,2026-09-19T05:25:11Z
2026-09-19T05:21:21Z,2026-09-19T07:21:21+0200,20bb7349-32f2-4bba-8e6d-dd59e0dd102f,2026-09-14T06:00:00Z,2026-09-14T08:00:00+0200,322.65,EUR/MWh,BE,BE,day_ahead_price,value,2026-09-19T05:25:11Z
2026-09-19T05:21:21Z,2026-09-19T07:21:21+0200,20bb7349-32f2-4bba-8e6d-dd59e0dd102f,2026-09-14T06:15:00Z,2026-09-14T08:15:00+0200,289.62,EUR/MWh,BE,BE,day_ahead_price,value,2026-09-19T05:25:11Z
2026-09-19T05:21:21Z,2026-09-19T07:21:21+0200,20bb7349-32f2-4bba-8e6d-dd59e0dd102f,2026-09-14T06:30:00Z,2026-09-14T08:30:00+0200,274.69,EUR/MWh,BE,BE,day_ahead_price,value,2026-09-19T05:25:11Z
2026-09-19T05:21:21Z,2026-09-19T07:21:21+0200,20bb7349-32f2-4bba-8e6d-dd59e0dd102f,2026-09-14T06:45:00Z,2026-09-14T08:45:00+0200,252.89,EUR/MWh,BE,BE,day_ahead_price,value,2026-09-19T05:25:11Z
2026-09-19T05:21:21Z,2026-09-19T07:21:21+0200,20bb7349-32f2-4bba-8e6d-dd59e0dd102f,2026-09-14T07:00:00Z,2026-09-14T09:00:00+0200,279.63,EUR/MWh,BE,BE,day_ahead_price,value,2026-09-19T05:25:11Z
2026-09-19T05:21:21Z,2026-09-19T07:21:21+0200,20bb7349-32f2-4bba-8e6d-dd59e0dd102f,2026-09-14T07:15:00Z,2026-09-14T09:15:00+0200,264.53,EUR/MWh,BE,BE,day_ahead_price,value,2026-09-19T05:25:11Z
2026-09-19T05:21:21Z,2026-09-19T07:21:21+0200,20bb7349-32f2-4bba-8e6d-dd59e0dd102f,2026-09-14T07:30:00Z,2026-09-14T09:30:00+0200,239.64,EUR/MWh,BE,BE,day_ahead_price,value,2026-09-19T05:25:11Z
2026-09-19T05:21:21Z,2026-09-19T07:21:21+0200,20bb7349-32f2-4bba-8e6d-dd59e0dd102f,2026-09-14T07:45:00Z,2026-09-14T09:45:00+0200,214.12,EUR/MWh,BE,BE,day_ahead_price,value,2026-09-19T05:25:11Z
2026-09-19T05:21:21Z,2026-09-19T07:21:21+0200,20bb7349-32f2-4bba-8e6d-dd59e0dd102f,2026-09-14T08:00:00Z,2026-09-14T10:00:00+0200,240.16,EUR/MWh,BE,BE,day_ahead_price,value,2026-09-19T05:25:11Z
2026-09-19T05:21:21Z,2026-09-19T07:21:21+0200,20bb7349-32f2-4bba-8e6d-dd59e0dd102f,2026-09-14T08:15:00Z,2026-09-14T10:15:00+0200,219.56,EUR/MWh,BE,BE,day_ahead_price,value,2026-09-19T05:25:11Z
2026-09-19T05:21:21Z,2026-09-19T07:21:21+0200,20bb7349-32f2-4bba-8e6d-dd59e0dd102f,2026-09-14T08:30:00Z,2026-09-14T10:30:00+0200,201.43,EUR/MWh,BE,BE,day_ahead_price,value,2026-09-19T05:25:11Z
2026-09-19T05:21:21Z,2026-09-19T07:21:21+0200,20bb7349-32f2-4bba-8e6d-dd59e0dd102f,2026-09-14T08:45:00Z,2026-09-14T10:45:00+0200,183.63,EUR/MWh,BE,BE,day_ahead_price,value,2026-09-19T05:25:11Z
2026-09-19T05:21:21Z,2026-09-19T07:21:21+0200,20bb7349-32f2-4bba-8e6d-dd59e0dd102f,2026-09-14T09:00:00Z,2026-09-14T11:00:00+0200,211.71,EUR/MWh,BE,BE,day_ahead_price,value,2026-09-19T05:25:11Z
2026-09-19T05:21:21Z,2026-09-19T07:21:21+0200,20bb7349-32f2-4bba-8e6d-dd59e0dd102f,2026-09-14T09:15:00Z,2026-09-14T11:15:00+0200,193.52,EUR/MWh,BE,BE,day_ahead_price,value,2026-09-19T05:25:11Z
2026-09-19T05:21:21Z,2026-09-19T07:21:21+0200,20bb7349-32f2-4bba-8e6d-dd59e0dd102f,2026-09-14T09:30:00Z,2026-09-14T11:30:00+0200,196.52,EUR/MWh,BE,BE,day_ahead_price,value,2026-09-19T05:25:11Z
2026-09-19T05:21:21Z,2026-09-19T07:21:21+0200,20bb7349-32f2-4bba-8e6d-dd59e0dd102f,2026-09-14T09:45:00Z,2026-09-14T11:45:00+0200,184.4,EUR/MWh,BE,BE,day_ahead_price,value,2026-09-19T05:25:11Z
2026-09-19T05:21:21Z,2026-09-19T07:21:21+0200,20bb7349-32f2-4bba-8e6d-dd59e0dd102f,2026-09-14T10:00:00Z,2026-09-14T12:00:00+0200,195.27,EUR/MWh,BE,BE,day_ahead_price,value,2026-09-19T05:25:11Z
2026-09-19T05:21:21Z,2026-09-19T07:21:21+0200,20bb7349-32f2-4bba-8e6d-dd59e0dd102f,2026-09-14T10:15:00Z,2026-09-14T12:15:00+0200,181.38,EUR/MWh,BE,BE,day_ahead_price,value,2026-09-19T05:25:11Z
2026-09-19T05:21:21Z,2026-09-19T07:21:21+0200,20bb7349-32f2-4bba-8e6d-dd59e0dd102f,2026-09-14T10:30:00Z,2026-09-14T12:30:00+0200,176.86,EUR/MWh,BE,BE,day_ahead_price,value,2026-09-19T05:25:11Z
2026-09-19T05:21:21Z,2026-09-19T07:21:21+0200,20bb7349-32f2-4bba-8e6d-dd59e0dd102f,2026-09-14T10:45:00Z,2026-09-14T12:45:00+0200,168.87,EUR/MWh,BE,BE,day_ahead_price,value,2026-09-19T05:25:11Z
2026-09-19T05:21:21Z,2026-09-19T07:21:21+0200,20bb7349-32f2-4bba-8e6d-dd59e0dd102f,2026-09-14T11:00:00Z,2026-09-14T13:00:00+0200,175.0,EUR/MWh,BE,BE,day_ahead_price,value,2026-09-19T05:25:11Z
2026-09-19T05:21:21Z,2026-09-19T07:21:21+0200,20bb7349-32f2-4bba-8e6d-dd59e0dd102f,2026-09-14T11:15:00Z,2026-09-14T13:15:00+0200,161.89,EUR/MWh,BE,BE,day_ahead_price,value,2026-09-19T05:25:11Z
2026-09-19T05:21:21Z,2026-09-19T07:21:21+0200,20bb7349-32f2-4bba-8e6d-dd59e0dd102f,2026-09-14T11:30:00Z,2026-09-14T13:30:00+0200,155.25,EUR/MWh,BE,BE,day_ahead_price,value,2026-09-19T05:25:11Z
2026-09-19T05:21:21Z,2026-09-19T07:21:21+0200,20bb7349-32f2-4bba-8e6d-dd59e0dd102f,2026-09-14T11:45:00Z,2026-09-14T13:45:00+0200,154.82,EUR/MWh,BE,BE,day_ahead_price,value,2026-09-19T05:25:11Z
2026-09-19T05:21:21Z,2026-09-19T07:21:21+0200,20bb7349-32f2-4bba-8e6d-dd59e0dd102f,2026-09-14T12:00:00Z,2026-09-14T14:00:00+0200,159.82,EUR/MWh,BE,BE,day_ahead_price,value,2026-09-19T05:25:11Z
2026-09-19T05:21:21Z,2026-09-19T07:21:21+0200,20bb7349-32f2-4bba-8e6d-dd59e0dd102f,2026-09-14T12:15:00Z,2026-09-14T14:15:00+0200,161.77,EUR/MWh,BE,BE,day_ahead_price,value,2026-09-19T05:25:11Z
2026-09-19T05:21:21Z,2026-09-19T07:21:21+0200,20bb7349-32f2-4bba-8e6d-dd59e0dd102f,2026-09-14T12:30:00Z,2026-09-14T14:30:00+0200,155.63,EUR/MWh,BE,BE,day_ahead_price,value,2026-09-19T05:25:11Z
2026-09-19T05:21:21Z,2026-09-19T07:21:21+0200,20bb7349-32f2-4bba-8e6d-dd59e0dd102f,2026-09-14T12:45:00Z,2026-09-14T14:45:00+0200,166.0,EUR/MWh,BE,BE,day_ahead_price,value,2026-09-19T05:25:11Z
2026-09-19T05:21:21Z,2026-09-19T07:21:21+0200,20bb7349-32f2-4bba-8e6d-dd59e0dd102f,2026-09-14T13:00:00Z,2026-09-14T15:00:00+0200,152.91,EUR/MWh,BE,BE,day_ahead_price,value,2026-09-19T05:25:11Z
2026-09-19T05:21:21Z,2026-09-19T07:21:21+0200,20bb7349-32f2-4bba-8e6d-dd59e0dd102f,2026-09-14T13:15:00Z,2026-09-14T15:15:00+0200,155.59,EUR/MWh,BE,BE,day_ahead_price,value,2026-09-19T05:25:11Z
2026-09-19T05:21:21Z,2026-09-19T07:21:21+0200,20bb7349-32f2-4bba-8e6d-dd59e0dd102f,2026-09-14T13:30:00Z,2026-09-14T15:30:00+0200,169.1,EUR/MWh,BE,BE,day_ahead_price,value,2026-09-19T05:25:11Z
2026-09-19T05:21:21Z,2026-09-19T07:21:21+0200,20bb7349-32f2-4bba-8e6d-dd59e0dd102f,2026-09-14T13:45:00Z,2026-09-14T15:45:00+0200,182.0,EUR/MWh,BE,BE,day_ahead_price,value,2026-09-19T05:25:11Z
2026-09-19T05:21:21Z,2026-09-19T07:21:21+0200,20bb7349-32f2-4bba-8e6d-dd59e0dd102f,2026-09-14T14:00:00Z,2026-09-14T16:00:00+0200,152.0,EUR/MWh,BE,BE,day_ahead_price,value,2026-09-19T05:25:11Z
2026-09-19T05:21:21Z,2026-09-19T07:21:21+0200,20bb7349-32f2-4bba-8e6d-dd59e0dd102f,2026-09-14T14:15:00Z,2026-09-14T16:15:00+0200,170.08,EUR/MWh,BE,BE,day_ahead_price,value,2026-09-19T05:25:11Z
2026-09-19T05:21:21Z,2026-09-19T07:21:21+0200,20bb7349-32f2-4bba-8e6d-dd59e0dd102f,2026-09-14T14:30:00Z,2026-09-14T16:30:00+0200,190.0,EUR/MWh,BE,BE,day_ahead_price,value,2026-09-19T05:25:11Z
2026-09-19T05:21:21Z,2026-09-19T07:21:21+0200,20bb7349-32f2-4bba-8e6d-dd59e0dd102f,2026-09-14T14:45:00Z,2026-09-14T16:45:00+0200,201.52,EUR/MWh,BE,BE,day_ahead_price,value,2026-09-19T05:25:11Z
2026-09-19T05:21:21Z,2026-09-19T07:21:21+0200,20bb7349-32f2-4bba-8e6d-dd59e0dd102f,2026-09-14T15:00:00Z,2026-09-14T17:00:00+0200,175.17,EUR/MWh,BE,BE,day_ahead_price,value,2026-09-19T05:25:11Z
2026-09-19T05:21:21Z,2026-09-19T07:21:21+0200,20bb7349-32f2-4bba-8e6d-dd59e0dd102f,2026-09-14T15:15:00Z,2026-09-14T17:15:00+0200,205.53,EUR/MWh,BE,BE,day_ahead_price,value,2026-09-19T05:25:11Z
2026-09-19T05:21:21Z,2026-09-19T07:21:21+0200,20bb7349-32f2-4bba-8e6d-dd59e0dd102f,2026-09-14T15:30:00Z,2026-09-14T17:30:00+0200,233.51,EUR/MWh,BE,BE,day_ahead_price,value,2026-09-19T05:25:11Z
2026-09-19T05:21:21Z,2026-09-19T07:21:21+0200,20bb7349-32f2-4bba-8e6d-dd59e0dd102f,2026-09-14T15:45:00Z,2026-09-14T17:45:00+0200,270.47,EUR/MWh,BE,BE,day_ahead_price,value,2026-09-19T05:25:11Z
2026-09-19T05:21:21Z,2026-09-19T07:21:21+0200,20bb7349-32f2-4bba-8e6d-dd59e0dd102f,2026-09-14T16:00:00Z,2026-09-14T18:00:00+0200,229.77,EUR/MWh,BE,BE,day_ahead_price,value,2026-09-19T05:25:11Z
2026-09-19T05:21:21Z,2026-09-19T07:21:21+0200,20bb7349-32f2-4bba-8e6d-dd59e0dd102f,2026-09-14T16:15:00Z,2026-09-14T18:15:00+0200,270.89,EUR/MWh,BE,BE,day_ahead_price,value,2026-09-19T05:25:11Z
2026-09-19T05:21:21Z,2026-09-19T07:21:21+0200,20bb7349-32f2-4bba-8e6d-dd59e0dd102f,2026-09-14T16:30:00Z,2026-09-14T18:30:00+0200,333.46,EUR/MWh,BE,BE,day_ahead_price,value,2026-09-19T05:25:11Z
2026-09-19T05:21:21Z,2026-09-19T07:21:21+0200,20bb7349-32f2-4bba-8e6d-dd59e0dd102f,2026-09-14T16:45:00Z,2026-09-14T18:45:00+0200,415.67,EUR/MWh,BE,BE,day_ahead_price,value,2026-09-19T05:25:11Z
2026-09-19T05:21:21Z,2026-09-19T07:21:21+0200,20bb7349-32f2-4bba-8e6d-dd59e0dd102f,2026-09-14T17:00:00Z,2026-09-14T19:00:00+0200,404.29,EUR/MWh,BE,BE,day_ahead_price,value,2026-09-19T05:25:11Z
2026-09-19T05:21:21Z,2026-09-19T07:21:21+0200,20bb7349-32f2-4bba-8e6d-dd59e0dd102f,2026-09-14T17:15:00Z,2026-09-14T19:15:00+0200,435.53,EUR/MWh,BE,BE,day_ahead_price,value,2026-09-19T05:25:11Z
2026-09-19T05:21:21Z,2026-09-19T07:21:21+0200,20bb7349-32f2-4bba-8e6d-dd59e0dd102f,2026-09-14T17:30:00Z,2026-09-14T19:30:00+0200,453.89,EUR/MWh,BE,BE,day_ahead_price,value,2026-09-19T05:25:11Z
2026-09-19T05:21:21Z,2026-09-19T07:21:21+0200,20bb7349-32f2-4bba-8e6d-dd59e0dd102f,2026-09-14T17:45:00Z,2026-09-14T19:45:00+0200,473.23,EUR/MWh,BE,BE,day_ahead_price,value,2026-09-19T05:25:11Z
2026-09-19T05:21:21Z,2026-09-19T07:21:21+0200,20bb7349-32f2-4bba-8e6d-dd59e0dd102f,2026-09-14T18:00:00Z,2026-09-14T20:00:00+0200,459.76,EUR/MWh,BE,BE,day_ahead_price,value,2026-09-19T05:25:11Z
2026-09-19T05:21:21Z,2026-09-19T07:21:21+0200,20bb7349-32f2-4bba-8e6d-dd59e0dd102f,2026-09-14T18:15:00Z,2026-09-14T20:15:00+0200,414.74,EUR/MWh,BE,BE,day_ahead_price,value,2026-09-19T05:25:11Z
2026-09-19T05:21:21Z,2026-09-19T07:21:21+0200,20bb7349-32f2-4bba-8e6d-dd59e0dd102f,2026-09-14T18:30:00Z,2026-09-14T20:30:00+0200,364.86,EUR/MWh,BE,BE,day_ahead_price,value,2026-09-19T05:25:11Z
2026-09-19T05:21:21Z,2026-09-19T07:21:21+0200,20bb7349-32f2-4bba-8e6d-dd59e0dd102f,2026-09-14T18:45:00Z,2026-09-14T20:45:00+0200,331.14,EUR/MWh,BE,BE,day_ahead_price,value,2026-09-19T05:25:11Z
2026-09-19T05:21:21Z,2026-09-19T07:21:21+0200,20bb7349-32f2-4bba-8e6d-dd59e0dd102f,2026-09-14T19:00:00Z,2026-09-14T21:00:00+0200,321.33,EUR/MWh,BE,BE,day_ahead_price,value,2026-09-19T05:25:11Z
2026-09-19T05:21:21Z,2026-09-19T07:21:21+0200,20bb7349-32f2-4bba-8e6d-dd59e0dd102f,2026-09-14T19:15:00Z,2026-09-14T21:15:00+0200,292.9,EUR/MWh,BE,BE,day_ahead_price,value,2026-09-19T05:25:11Z
2026-09-19T05:21:21Z,2026-09-19T07:21:21+0200,20bb7349-32f2-4bba-8e6d-dd59e0dd102f,2026-09-14T19:30:00Z,2026-09-14T21:30:00+0200,266.69,EUR/MWh,BE,BE,day_ahead_price,value,2026-09-19T05:25:11Z
2026-09-19T05:21:21Z,2026-09-19T07:21:21+0200,20bb7349-32f2-4bba-8e6d-dd59e0dd102f,2026-09-14T19:45:00Z,2026-09-14T21:45:00+0200,248.81,EUR/MWh,BE,BE,day_ahead_price,value,2026-09-19T05:25:11Z
2026-09-19T05:21:21Z,2026-09-19T07:21:21+0200,20bb7349-32f2-4bba-8e6d-dd59e0dd102f,2026-09-14T20:00:00Z,2026-09-14T22:00:00+0200,267.01,EUR/MWh,BE,BE,day_ahead_price,value,2026-09-19T05:25:11Z
2026-09-19T05:21:21Z,2026-09-19T07:21:21+0200,20bb7349-32f2-4bba-8e6d-dd59e0dd102f,2026-09-14T20:15:00Z,2026-09-14T22:15:00+0200,248.59,EUR/MWh,BE,BE,day_ahead_price,value,2026-09-19T05:25:11Z
2026-09-19T05:21:21Z,2026-09-19T07:21:21+0200,20bb7349-32f2-4bba-8e6d-dd59e0dd102f,2026-09-14T20:30:00Z,2026-09-14T22:30:00+0200,241.74,EUR/MWh,BE,BE,day_ahead_price,value,2026-09-19T05:25:11Z
2026-09-19T05:21:21Z,2026-09-19T07:21:21+0200,20bb7349-32f2-4bba-8e6d-dd59e0dd102f,2026-09-14T20:45:00Z,2026-09-14T22:45:00+0200,224.4,EUR/MWh,BE,BE,day_ahead_price,value,2026-09-19T05:25:11Z
2026-09-19T05:21:21Z,2026-09-19T07:21:21+0200,20bb7349-32f2-4bba-8e6d-dd59e0dd102f,2026-09-14T21:00:00Z,2026-09-14T23:00:00+0200,235.05,EUR/MWh,BE,BE,day_ahead_price,value,2026-09-19T05:25:11Z
2026-09-19T05:21:21Z,2026-09-19T07:21:21+0200,20bb7349-32f2-4bba-8e6d-dd59e0dd102f,2026-09-14T21:15:00Z,2026-09-14T23:15:00+0200,222.94,EUR/MWh,BE,BE,day_ahead_price,value,2026-09-19T05:25:11Z
2026-09-19T05:21:21Z,2026-09-19T07:21:21+0200,20bb7349-32f2-4bba-8e6d-dd59e0dd102f,2026-09-14T21:30:00Z,2026-09-14T23:30:00+0200,217.32,EUR/MWh,BE,BE,day_ahead_price,value,2026-09-19T05:25:11Z
2026-09-19T05:21:21Z,2026-09-19T07:21:21+0200,20bb7349-32f2-4bba-8e6d-dd59e0dd102f,2026-09-14T21:45:00Z,2026-09-14T23:45:00+0200,205.7,EUR/MWh,BE,BE,day_ahead_price,value,2026-09-19T05:25:11Z
2026-09-19T05:21:21Z,2026-09-19T07:21:21+0200,20bb7349-32f2-4bba-8e6d-dd59e0dd102f,2026-09-14T22:00:00Z,2026-09-15T00:00:00+0200,220.0,EUR/MWh,BE,BE,day_ahead_price,value,2026-09-19T05:25:11Z
2026-09-19T05:21:21Z,2026-09-19T07:21:21+0200,20bb7349-32f2-4bba-8e6d-dd59e0dd102f,2026-09-14T22:15:00Z,2026-09-15T00:15:00+0200,217.99,EUR/MWh,BE,BE,day_ahead_price,value,2026-09-19T05:25:11Z
2026-09-19T05:21:21Z,2026-09-19T07:21:21+0200,20bb7349-32f2-4bba-8e6d-dd59e0dd102f,2026-09-14T22:30:00Z,2026-09-15T00:30:00+0200,206.05,EUR/MWh,BE,BE,day_ahead_price,value,2026-09-19T05:25:11Z
2026-09-19T05:21:21Z,2026-09-19T07:21:21+0200,20bb7349-32f2-4bba-8e6d-dd59e0dd102f,2026-09-14T22:45:00Z,2026-09-15T00:45:00+0200,192.24,EUR/MWh,BE,BE,day_ahead_price,value,2026-09-19T05:25:11Z
2026-09-19T05:21:21Z,2026-09-19T07:21:21+0200,20bb7349-32f2-4bba-8e6d-dd59e0dd102f,2026-09-14T23:00:00Z,2026-09-15T01:00:00+0200,211.24,EUR/MWh,BE,BE,day_ahead_price,value,2026-09-19T05:25:11Z
2026-09-19T05:21:21Z,2026-09-19T07:21:21+0200,20bb7349-32f2-4bba-8e6d-dd59e0dd102f,2026-09-14T23:15:00Z,2026-09-15T01:15:00+0200,198.43,EUR/MWh,BE,BE,day_ahead_price,value,2026-09-19T05:25:11Z
2026-09-19T05:21:21Z,2026-09-19T07:21:21+0200,20bb7349-32f2-4bba-8e6d-dd59e0dd102f,2026-09-14T23:30:00Z,2026-09-15T01:30:00+0200,194.29,EUR/MWh,BE,BE,day_ahead_price,value,2026-09-19T05:25:11Z
2026-09-19T05:21:21Z,2026-09-19T07:21:21+0200,20bb7349-32f2-4bba-8e6d-dd59e0dd102f,2026-09-14T23:45:00Z,2026-09-15T01:45:00+0200,188.1,EUR/MWh,BE,BE,day_ahead_price,value,2026-09-19T05:25:11Z
2026-09-19T05:21:21Z,2026-09-19T07:21:21+0200,20bb7349-32f2-4bba-8e6d-dd59e0dd102f,2026-09-15T00:00:00Z,2026-09-15T02:00:00+0200,189.9,EUR/MWh,BE,BE,day_ahead_price,value,2026-09-19T05:25:11Z
2026-09-19T05:21:21Z,2026-09-19T07:21:21+0200,20bb7349-32f2-4bba-8e6d-dd59e0dd102f,2026-09-15T00:15:00Z,2026-09-15T02:15:00+0200,187.33,EUR/MWh,BE,BE,day_ahead_price,value,2026-09-19T05:25:11Z
2026-09-19T05:21:21Z,2026-09-19T07:21:21+0200,20bb7349-32f2-4bba-8e6d-dd59e0dd102f,2026-09-15T00:30:00Z,2026-09-15T02:30:00+0200,188.68,EUR/MWh,BE,BE,day_ahead_price,value,2026-09-19T05:25:11Z
2026-09-19T05:21:21Z,2026-09-19T07:21:21+0200,20bb7349-32f2-4bba-8e6d-dd59e0dd102f,2026-09-15T00:45:00Z,2026-09-15T02:45:00+0200,188.05,EUR/MWh,BE,BE,day_ahead_price,value,2026-09-19T05:25:11Z
2026-09-19T05:21:21Z,2026-09-19T07:21:21+0200,20bb7349-32f2-4bba-8e6d-dd59e0dd102f,2026-09-15T01:00:00Z,2026-09-15T03:00:00+0200,185.3,EUR/MWh,BE,BE,day_ahead_price,value,2026-09-19T05:25:11Z
2026-09-19T05:21:21Z,2026-09-19T07:21:21+0200,20bb7349-32f2-4bba-8e6d-dd59e0dd102f,2026-09-15T01:15:00Z,2026-09-15T03:15:00+0200,185.99,EUR/MWh,BE,BE,day_ahead_price,value,2026-09-19T05:25:11Z
2026-09-19T05:21:21Z,2026-09-19T07:21:21+0200,20bb7349-32f2-4bba-8e6d-dd59e0dd102f,2026-09-15T01:30:00Z,2026-09-15T03:30:00+0200,187.33,EUR/MWh,BE,BE,day_ahead_price,value,2026-09-19T05:25:11Z
2026-09-19T05:21:21Z,2026-09-19T07:21:21+0200,20bb7349-32f2-4bba-8e6d-dd59e0dd102f,2026-09-15T01:45:00Z,2026-09-15T03:45:00+0200,184.0,EUR/MWh,BE,BE,day_ahead_price,value,2026-09-19T05:25:11Z
2026-09-19T05:21:21Z,2026-09-19T07:21:21+0200,20bb7349-32f2-4bba-8e6d-dd59e0dd102f,2026-09-15T02:00:00Z,2026-09-15T04:00:00+0200,184.06,EUR/MWh,BE,BE,day_ahead_price,value,2026-09-19T05:25:11Z
2026-09-19T05:21:21Z,2026-09-19T07:21:21+0200,20bb7349-32f2-4bba-8e6d-dd59e0dd102f,2026-09-15T02:15:00Z,2026-09-15T04:15:00+0200,184.3,EUR/MWh,BE,BE,day_ahead_price,value,2026-09-19T05:25:11Z
2026-09-19T05:21:21Z,2026-09-19T07:21:21+0200,20bb7349-32f2-4bba-8e6d-dd59e0dd102f,2026-09-15T02:30:00Z,2026-09-15T04:30:00+0200,184.53,EUR/MWh,BE,BE,day_ahead_price,value,2026-09-19T05:25:11Z
2026-09-19T05:21:21Z,2026-09-19T07:21:21+0200,20bb7349-32f2-4bba-8e6d-dd59e0dd102f,2026-09-15T02:45:00Z,2026-09-15T04:45:00+0200,181.31,EUR/MWh,BE,BE,day_ahead_price,value,2026-09-19T05:25:11Z
2026-09-19T05:21:21Z,2026-09-19T07:21:21+0200,20bb7349-32f2-4bba-8e6d-dd59e0dd102f,2026-09-15T03:00:00Z,2026-09-15T05:00:00+0200,184.37,EUR/MWh,BE,BE,day_ahead_price,value,2026-09-19T05:25:11Z
2026-09-19T05:21:21Z,2026-09-19T07:21:21+0200,20bb7349-32f2-4bba-8e6d-dd59e0dd102f,2026-09-15T03:15:00Z,2026-09-15T05:15:00+0200,187.02,EUR/MWh,BE,BE,day_ahead_price,value,2026-09-19T05:25:11Z
2026-09-19T05:21:21Z,2026-09-19T07:21:21+0200,20bb7349-32f2-4bba-8e6d-dd59e0dd102f,2026-09-15T03:30:00Z,2026-09-15T05:30:00+0200,199.91,EUR/MWh,BE,BE,day_ahead_price,value,2026-09-19T05:25:11Z
2026-09-19T05:21:21Z,2026-09-19T07:21:21+0200,20bb7349-32f2-4bba-8e6d-dd59e0dd102f,2026-09-15T03:45:00Z,2026-09-15T05:45:00+0200,215.55,EUR/MWh,BE,BE,day_ahead_price,value,2026-09-19T05:25:11Z
2026-09-19T05:21:21Z,2026-09-19T07:21:21+0200,20bb7349-32f2-4bba-8e6d-dd59e0dd102f,2026-09-15T04:00:00Z,2026-09-15T06:00:00+0200,221.26,EUR/MWh,BE,BE,day_ahead_price,value,2026-09-19T05:25:11Z
2026-09-19T05:21:21Z,2026-09-19T07:21:21+0200,20bb7349-32f2-4bba-8e6d-dd59e0dd102f,2026-09-15T04:15:00Z,2026-09-15T06:15:00+0200,234.39,EUR/MWh,BE,BE,day_ahead_price,value,2026-09-19T05:25:11Z
2026-09-19T05:21:21Z,2026-09-19T07:21:21+0200,20bb7349-32f2-4bba-8e6d-dd59e0dd102f,2026-09-15T04:30:00Z,2026-09-15T06:30:00+0200,236.48,EUR/MWh,BE,BE,day_ahead_price,value,2026-09-19T05:25:11Z
2026-09-19T05:21:21Z,2026-09-19T07:21:21+0200,20bb7349-32f2-4bba-8e6d-dd59e0dd102f,2026-09-15T04:45:00Z,2026-09-15T06:45:00+0200,246.4,EUR/MWh,BE,BE,day_ahead_price,value,2026-09-19T05:25:11Z
2026-09-19T05:21:21Z,2026-09-19T07:21:21+0200,20bb7349-32f2-4bba-8e6d-dd59e0dd102f,2026-09-15T05:00:00Z,2026-09-15T07:00:00+0200,255.55,EUR/MWh,BE,BE,day_ahead_price,value,2026-09-19T05:25:11Z
2026-09-19T05:21:21Z,2026-09-19T07:21:21+0200,20bb7349-32f2-4bba-8e6d-dd59e0dd102f,2026-09-15T05:15:00Z,2026-09-15T07:15:00+0200,251.15,EUR/MWh,BE,BE,day_ahead_price,value,2026-09-19T05:25:11Z
2026-09-19T05:21:21Z,2026-09-19T07:21:21+0200,20bb7349-32f2-4bba-8e6d-dd59e0dd102f,2026-09-15T05:30:00Z,2026-09-15T07:30:00+0200,248.71,EUR/MWh,BE,BE,day_ahead_price,value,2026-09-19T05:25:11Z
2026-09-19T05:21:21Z,2026-09-19T07:21:21+0200,20bb7349-32f2-4bba-8e6d-dd59e0dd102f,2026-09-15T05:45:00Z,2026-09-15T07:45:00+0200,243.93,EUR/MWh,BE,BE,day_ahead_price,value,2026-09-19T05:25:11Z
2026-09-19T05:21:21Z,2026-09-19T07:21:21+0200,20bb7349-32f2-4bba-8e6d-dd59e0dd102f,2026-09-15T06:00:00Z,2026-09-15T08:00:00+0200,268.06,EUR/MWh,BE,BE,day_ahead_price,value,2026-09-19T05:25:11Z
2026-09-19T05:21:21Z,2026-09-19T07:21:21+0200,20bb7349-32f2-4bba-8e6d-dd59e0dd102f,2026-09-15T06:15:00Z,2026-09-15T08:15:00+0200,241.51,EUR/MWh,BE,BE,day_ahead_price,value,2026-09-19T05:25:11Z
2026-09-19T05:21:21Z,2026-09-19T07:21:21+0200,20bb7349-32f2-4bba-8e6d-dd59e0dd102f,2026-09-15T06:30:00Z,2026-09-15T08:30:00+0200,225.01,EUR/MWh,BE,BE,day_ahead_price,value,2026-09-19T05:25:11Z
2026-09-19T05:21:21Z,2026-09-19T07:21:21+0200,20bb7349-32f2-4bba-8e6d-dd59e0dd102f,2026-09-15T06:45:00Z,2026-09-15T08:45:00+0200,197.87,EUR/MWh,BE,BE,day_ahead_price,value,2026-09-19T05:25:11Z
2026-09-19T05:21:21Z,2026-09-19T07:21:21+0200,20bb7349-32f2-4bba-8e6d-dd59e0dd102f,2026-09-15T07:00:00Z,2026-09-15T09:00:00+0200,227.5,EUR/MWh,BE,BE,day_ahead_price,value,2026-09-19T05:25:11Z
2026-09-19T05:21:21Z,2026-09-19T07:21:21+0200,20bb7349-32f2-4bba-8e6d-dd59e0dd102f,2026-09-15T07:15:00Z,2026-09-15T09:15:00+0200,212.6,EUR/MWh,BE,BE,day_ahead_price,value,2026-09-19T05:25:11Z
2026-09-19T05:21:21Z,2026-09-19T07:21:21+0200,20bb7349-32f2-4bba-8e6d-dd59e0dd102f,2026-09-15T07:30:00Z,2026-09-15T09:30:00+0200,189.51,EUR/MWh,BE,BE,day_ahead_price,value,2026-09-19T05:25:11Z
2026-09-19T05:21:21Z,2026-09-19T07:21:21+0200,20bb7349-32f2-4bba-8e6d-dd59e0dd102f,2026-09-15T07:45:00Z,2026-09-15T09:45:00+0200,158.02,EUR/MWh,BE,BE,day_ahead_price,value,2026-09-19T05:25:11Z
2026-09-19T05:21:21Z,2026-09-19T07:21:21+0200,20bb7349-32f2-4bba-8e6d-dd59e0dd102f,2026-09-15T08:00:00Z,2026-09-15T10:00:00+0200,181.16,EUR/MWh,BE,BE,day_ahead_price,value,2026-09-19T05:25:11Z
2026-09-19T05:21:21Z,2026-09-19T07:21:21+0200,20bb7349-32f2-4bba-8e6d-dd59e0dd102f,2026-09-15T08:15:00Z,2026-09-15T10:15:00+0200,162.59,EUR/MWh,BE,BE,day_ahead_price,value,2026-09-19T05:25:11Z
2026-09-19T05:21:21Z,2026-09-19T07:21:21+0200,20bb7349-32f2-4bba-8e6d-dd59e0dd102f,2026-09-15T08:30:00Z,2026-09-15T10:30:00+0200,128.03,EUR/MWh,BE,BE,day_ahead_price,value,2026-09-19T05:25:11Z
2026-09-19T05:21:21Z,2026-09-19T07:21:21+0200,20bb7349-32f2-4bba-8e6d-dd59e0dd102f,2026-09-15T08:45:00Z,2026-09-15T10:45:00+0200,112.06,EUR/MWh,BE,BE,day_ahead_price,value,2026-09-19T05:25:11Z
2026-09-19T05:21:21Z,2026-09-19T07:21:21+0200,20bb7349-32f2-4bba-8e6d-dd59e0dd102f,2026-09-15T09:00:00Z,2026-09-15T11:00:00+0200,146.77,EUR/MWh,BE,BE,day_ahead_price,value,2026-09-19T05:25:11Z
2026-09-19T05:21:21Z,2026-09-19T07:21:21+0200,20bb7349-32f2-4bba-8e6d-dd59e0dd102f,2026-09-15T09:15:00Z,2026-09-15T11:15:00+0200,133.17,EUR/MWh,BE,BE,day_ahead_price,value,2026-09-19T05:25:11Z
2026-09-19T05:21:21Z,2026-09-19T07:21:21+0200,20bb7349-32f2-4bba-8e6d-dd59e0dd102f,2026-09-15T09:30:00Z,2026-09-15T11:30:00+0200,101.37,EUR/MWh,BE,BE,day_ahead_price,value,2026-09-19T05:25:11Z
2026-09-19T05:21:21Z,2026-09-19T07:21:21+0200,20bb7349-32f2-4bba-8e6d-dd59e0dd102f,2026-09-15T09:45:00Z,2026-09-15T11:45:00+0200,109.96,EUR/MWh,BE,BE,day_ahead_price,value,2026-09-19T05:25:11Z
2026-09-19T05:21:21Z,2026-09-19T07:21:21+0200,20bb7349-32f2-4bba-8e6d-dd59e0dd102f,2026-09-15T10:00:00Z,2026-09-15T12:00:00+0200,76.07,EUR/MWh,BE,BE,day_ahead_price,value,2026-09-19T05:25:11Z
2026-09-19T05:21:21Z,2026-09-19T07:21:21+0200,20bb7349-32f2-4bba-8e6d-dd59e0dd102f,2026-09-15T10:15:00Z,2026-09-15T12:15:00+0200,63.14,EUR/MWh,BE,BE,day_ahead_price,value,2026-09-19T05:25:11Z
2026-09-19T05:21:21Z,2026-09-19T07:21:21+0200,20bb7349-32f2-4bba-8e6d-dd59e0dd102f,2026-09-15T10:30:00Z,2026-09-15T12:30:00+0200,58.9,EUR/MWh,BE,BE,day_ahead_price,value,2026-09-19T05:25:11Z
2026-09-19T05:21:21Z,2026-09-19T07:21:21+0200,20bb7349-32f2-4bba-8e6d-dd59e0dd102f,2026-09-15T10:45:00Z,2026-09-15T12:45:00+0200,57.88,EUR/MWh,BE,BE,day_ahead_price,value,2026-09-19T05:25:11Z
2026-09-19T05:21:21Z,2026-09-19T07:21:21+0200,20bb7349-32f2-4bba-8e6d-dd59e0dd102f,2026-09-15T11:00:00Z,2026-09-15T13:00:00+0200,40.35,EUR/MWh,BE,BE,day_ahead_price,value,2026-09-19T05:25:11Z
2026-09-19T05:21:21Z,2026-09-19T07:21:21+0200,20bb7349-32f2-4bba-8e6d-dd59e0dd102f,2026-09-15T11:15:00Z,2026-09-15T13:15:00+0200,38.99,EUR/MWh,BE,BE,day_ahead_price,value,2026-09-19T05:25:11Z
2026-09-19T05:21:21Z,2026-09-19T07:21:21+0200,20bb7349-32f2-4bba-8e6d-dd59e0dd102f,2026-09-15T11:30:00Z,2026-09-15T13:30:00+0200,38.55,EUR/MWh,BE,BE,day_ahead_price,value,2026-09-19T05:25:11Z
2026-09-19T05:21:21Z,2026-09-19T07:21:21+0200,20bb7349-32f2-4bba-8e6d-dd59e0dd102f,2026-09-15T11:45:00Z,2026-09-15T13:45:00+0200,35.67,EUR/MWh,BE,BE,day_ahead_price,value,2026-09-19T05:25:11Z
2026-09-19T05:21:21Z,2026-09-19T07:21:21+0200,20bb7349-32f2-4bba-8e6d-dd59e0dd102f,2026-09-15T12:00:00Z,2026-09-15T14:00:00+0200,55.47,EUR/MWh,BE,BE,day_ahead_price,value,2026-09-19T05:25:11Z
2026-09-19T05:21:21Z,2026-09-19T07:21:21+0200,20bb7349-32f2-4bba-8e6d-dd59e0dd102f,2026-09-15T12:15:00Z,2026-09-15T14:15:00+0200,50.01,EUR/MWh,BE,BE,day_ahead_price,value,2026-09-19T05:25:11Z
2026-09-19T05:21:21Z,2026-09-19T07:21:21+0200,20bb7349-32f2-4bba-8e6d-dd59e0dd102f,2026-09-15T12:30:00Z,2026-09-15T14:30:00+0200,57.1,EUR/MWh,BE,BE,day_ahead_price,value,2026-09-19T05:25:11Z
2026-09-19T05:21:21Z,2026-09-19T07:21:21+0200,20bb7349-32f2-4bba-8e6d-dd59e0dd102f,2026-09-15T12:45:00Z,2026-09-15T14:45:00+0200,85.42,EUR/MWh,BE,BE,day_ahead_price,value,2026-09-19T05:25:11Z
2026-09-19T05:21:21Z,2026-09-19T07:21:21+0200,20bb7349-32f2-4bba-8e6d-dd59e0dd102f,2026-09-15T13:00:00Z,2026-09-15T15:00:00+0200,64.43,EUR/MWh,BE,BE,day_ahead_price,value,2026-09-19T05:25:11Z
2026-09-19T05:21:21Z,2026-09-19T07:21:21+0200,20bb7349-32f2-4bba-8e6d-dd59e0dd102f,2026-09-15T13:15:00Z,2026-09-15T15:15:00+0200,90.0,EUR/MWh,BE,BE,day_ahead_price,value,2026-09-19T05:25:11Z
2026-09-19T05:21:21Z,2026-09-19T07:21:21+0200,20bb7349-32f2-4bba-8e6d-dd59e0dd102f,2026-09-15T13:30:00Z,2026-09-15T15:30:00+0200,111.1,EUR/MWh,BE,BE,day_ahead_price,value,2026-09-19T05:25:11Z
2026-09-19T05:21:21Z,2026-09-19T07:21:21+0200,20bb7349-32f2-4bba-8e6d-dd59e0dd102f,2026-09-15T13:45:00Z,2026-09-15T15:45:00+0200,140.0,EUR/MWh,BE,BE,day_ahead_price,value,2026-09-19T05:25:11Z
2026-09-19T05:21:21Z,2026-09-19T07:21:21+0200,20bb7349-32f2-4bba-8e6d-dd59e0dd102f,2026-09-15T14:00:00Z,2026-09-15T16:00:00+0200,136.6,EUR/MWh,BE,BE,day_ahead_price,value,2026-09-19T05:25:11Z
2026-09-19T05:21:21Z,2026-09-19T07:21:21+0200,20bb7349-32f2-4bba-8e6d-dd59e0dd102f,2026-09-15T14:15:00Z,2026-09-15T16:15:00+0200,129.01,EUR/MWh,BE,BE,day_ahead_price,value,2026-09-19T05:25:11Z
2026-09-19T05:21:21Z,2026-09-19T07:21:21+0200,20bb7349-32f2-4bba-8e6d-dd59e0dd102f,2026-09-15T14:30:00Z,2026-09-15T16:30:00+0200,156.17,EUR/MWh,BE,BE,day_ahead_price,value,2026-09-19T05:25:11Z
2026-09-19T05:21:21Z,2026-09-19T07:21:21+0200,20bb7349-32f2-4bba-8e6d-dd59e0dd102f,2026-09-15T14:45:00Z,2026-09-15T16:45:00+0200,190.22,EUR/MWh,BE,BE,day_ahead_price,value,2026-09-19T05:25:11Z
2026-09-19T05:21:21Z,2026-09-19T07:21:21+0200,20bb7349-32f2-4bba-8e6d-dd59e0dd102f,2026-09-15T15:00:00Z,2026-09-15T17:00:00+0200,162.47,EUR/MWh,BE,BE,day_ahead_price,value,2026-09-19T05:25:11Z
2026-09-19T05:21:21Z,2026-09-19T07:21:21+0200,20bb7349-32f2-4bba-8e6d-dd59e0dd102f,2026-09-15T15:15:00Z,2026-09-15T17:15:00+0200,197.9,EUR/MWh,BE,BE,day_ahead_price,value,2026-09-19T05:25:11Z
2026-09-19T05:21:21Z,2026-09-19T07:21:21+0200,20bb7349-32f2-4bba-8e6d-dd59e0dd102f,2026-09-15T15:30:00Z,2026-09-15T17:30:00+0200,215.77,EUR/MWh,BE,BE,day_ahead_price,value,2026-09-19T05:25:11Z
2026-09-19T05:21:21Z,2026-09-19T07:21:21+0200,20bb7349-32f2-4bba-8e6d-dd59e0dd102f,2026-09-15T15:45:00Z,2026-09-15T17:45:00+0200,230.55,EUR/MWh,BE,BE,day_ahead_price,value,2026-09-19T05:25:11Z
2026-09-19T05:21:21Z,2026-09-19T07:21:21+0200,20bb7349-32f2-4bba-8e6d-dd59e0dd102f,2026-09-15T16:00:00Z,2026-09-15T18:00:00+0200,205.94,EUR/MWh,BE,BE,day_ahead_price,value,2026-09-19T05:25:11Z
2026-09-19T05:21:21Z,2026-09-19T07:21:21+0200,20bb7349-32f2-4bba-8e6d-dd59e0dd102f,2026-09-15T16:15:00Z,2026-09-15T18:15:00+0200,223.22,EUR/MWh,BE,BE,day_ahead_price,value,2026-09-19T05:25:11Z
2026-09-19T05:21:21Z,2026-09-19T07:21:21+0200,20bb7349-32f2-4bba-8e6d-dd59e0dd102f,2026-09-15T16:30:00Z,2026-09-15T18:30:00+0200,243.09,EUR/MWh,BE,BE,day_ahead_price,value,2026-09-19T05:25:11Z
2026-09-19T05:21:21Z,2026-09-19T07:21:21+0200,20bb7349-32f2-4bba-8e6d-dd59e0dd102f,2026-09-15T16:45:00Z,2026-09-15T18:45:00+0200,278.93,EUR/MWh,BE,BE,day_ahead_price,value,2026-09-19T05:25:11Z
2026-09-19T05:21:21Z,2026-09-19T07:21:21+0200,20bb7349-32f2-4bba-8e6d-dd59e0dd102f,2026-09-15T17:00:00Z,2026-09-15T19:00:00+0200,255.4,EUR/MWh,BE,BE,day_ahead_price,value,2026-09-19T05:25:11Z
2026-09-19T05:21:21Z,2026-09-19T07:21:21+0200,20bb7349-32f2-4bba-8e6d-dd59e0dd102f,2026-09-15T17:15:00Z,2026-09-15T19:15:00+0200,280.48,EUR/MWh,BE,BE,day_ahead_price,value,2026-09-19T05:25:11Z
2026-09-19T05:21:21Z,2026-09-19T07:21:21+0200,20bb7349-32f2-4bba-8e6d-dd59e0dd102f,2026-09-15T17:30:00Z,2026-09-15T19:30:00+0200,282.39,EUR/MWh,BE,BE,day_ahead_price,value,2026-09-19T05:25:11Z
2026-09-19T05:21:21Z,2026-09-19T07:21:21+0200,20bb7349-32f2-4bba-8e6d-dd59e0dd102f,2026-09-15T17:45:00Z,2026-09-15T19:45:00+0200,280.88,EUR/MWh,BE,BE,day_ahead_price,value,2026-09-19T05:25:11Z
2026-09-19T05:21:21Z,2026-09-19T07:21:21+0200,20bb7349-32f2-4bba-8e6d-dd59e0dd102f,2026-09-15T18:00:00Z,2026-09-15T20:00:00+0200,262.25,EUR/MWh,BE,BE,day_ahead_price,value,2026-09-19T05:25:11Z
2026-09-19T05:21:21Z,2026-09-19T07:21:21+0200,20bb7349-32f2-4bba-8e6d-dd59e0dd102f,2026-09-15T18:15:00Z,2026-09-15T20:15:00+0200,251.19,EUR/MWh,BE,BE,day_ahead_price,value,2026-09-19T05:25:11Z
2026-09-19T05:21:21Z,2026-09-19T07:21:21+0200,20bb7349-32f2-4bba-8e6d-dd59e0dd102f,2026-09-15T18:30:00Z,2026-09-15T20:30:00+0200,245.93,EUR/MWh,BE,BE,day_ahead_price,value,2026-09-19T05:25:11Z
2026-09-19T05:21:21Z,2026-09-19T07:21:21+0200,20bb7349-32f2-4bba-8e6d-dd59e0dd102f,2026-09-15T18:45:00Z,2026-09-15T20:45:00+0200,238.7,EUR/MWh,BE,BE,day_ahead_price,value,2026-09-19T05:25:11Z
2026-09-19T05:21:21Z,2026-09-19T07:21:21+0200,20bb7349-32f2-4bba-8e6d-dd59e0dd102f,2026-09-15T19:00:00Z,2026-09-15T21:00:00+0200,231.3,EUR/MWh,BE,BE,day_ahead_price,value,2026-09-19T05:25:11Z
2026-09-19T05:21:21Z,2026-09-19T07:21:21+0200,20bb7349-32f2-4bba-8e6d-dd59e0dd102f,2026-09-15T19:15:00Z,2026-09-15T21:15:00+0200,226.54,EUR/MWh,BE,BE,day_ahead_price,value,2026-09-19T05:25:11Z
2026-09-19T05:21:21Z,2026-09-19T07:21:21+0200,20bb7349-32f2-4bba-8e6d-dd59e0dd102f,2026-09-15T19:30:00Z,2026-09-15T21:30:00+0200,223.45,EUR/MWh,BE,BE,day_ahead_price,value,2026-09-19T05:25:11Z
2026-09-19T05:21:21Z,2026-09-19T07:21:21+0200,20bb7349-32f2-4bba-8e6d-dd59e0dd102f,2026-09-15T19:45:00Z,2026-09-15T21:45:00+0200,208.0,EUR/MWh,BE,BE,day_ahead_price,value,2026-09-19T05:25:11Z
2026-09-19T05:21:21Z,2026-09-19T07:21:21+0200,20bb7349-32f2-4bba-8e6d-dd59e0dd102f,2026-09-15T20:00:00Z,2026-09-15T22:00:00+0200,212.98,EUR/MWh,BE,BE,day_ahead_price,value,2026-09-19T05:25:11Z
2026-09-19T05:21:21Z,2026-09-19T07:21:21+0200,20bb7349-32f2-4bba-8e6d-dd59e0dd102f,2026-09-15T20:15:00Z,2026-09-15T22:15:00+0200,202.8,EUR/MWh,BE,BE,day_ahead_price,value,2026-09-19T05:25:11Z
2026-09-19T05:21:21Z,2026-09-19T07:21:21+0200,20bb7349-32f2-4bba-8e6d-dd59e0dd102f,2026-09-15T20:30:00Z,2026-09-15T22:30:00+0200,199.21,EUR/MWh,BE,BE,day_ahead_price,value,2026-09-19T05:25:11Z
2026-09-19T05:21:21Z,2026-09-19T07:21:21+0200,20bb7349-32f2-4bba-8e6d-dd59e0dd102f,2026-09-15T20:45:00Z,2026-09-15T22:45:00+0200,187.03,EUR/MWh,BE,BE,day_ahead_price,value,2026-09-19T05:25:11Z
2026-09-19T05:21:21Z,2026-09-19T07:21:21+0200,20bb7349-32f2-4bba-8e6d-dd59e0dd102f,2026-09-15T21:00:00Z,2026-09-15T23:00:00+0200,194.58,EUR/MWh,BE,BE,day_ahead_price,value,2026-09-19T05:25:11Z
2026-09-19T05:21:21Z,2026-09-19T07:21:21+0200,20bb7349-32f2-4bba-8e6d-dd59e0dd102f,2026-09-15T21:15:00Z,2026-09-15T23:15:00+0200,187.06,EUR/MWh,BE,BE,day_ahead_price,value,2026-09-19T05:25:11Z
2026-09-19T05:21:21Z,2026-09-19T07:21:21+0200,20bb7349-32f2-4bba-8e6d-dd59e0dd102f,2026-09-15T21:30:00Z,2026-09-15T23:30:00+0200,180.29,EUR/MWh,BE,BE,day_ahead_price,value,2026-09-19T05:25:11Z
2026-09-19T05:21:21Z,2026-09-19T07:21:21+0200,20bb7349-32f2-4bba-8e6d-dd59e0dd102f,2026-09-15T21:45:00Z,2026-09-15T23:45:00+0200,171.04,EUR/MWh,BE,BE,day_ahead_price,value,2026-09-19T05:25:11Z
2026-09-19T05:21:21Z,2026-09-19T07:21:21+0200,20bb7349-32f2-4bba-8e6d-dd59e0dd102f,2026-09-15T22:00:00Z,2026-09-16T00:00:00+0200,182.54,EUR/MWh,BE,BE,day_ahead_price,value,2026-09-19T05:25:11Z
2026-09-19T05:21:21Z,2026-09-19T07:21:21+0200,20bb7349-32f2-4bba-8e6d-dd59e0dd102f,2026-09-15T22:15:00Z,2026-09-16T00:15:00+0200,179.17,EUR/MWh,BE,BE,day_ahead_price,value,2026-09-19T05:25:11Z
2026-09-19T05:21:21Z,2026-09-19T07:21:21+0200,20bb7349-32f2-4bba-8e6d-dd59e0dd102f,2026-09-15T22:30:00Z,2026-09-16T00:30:00+0200,174.97,EUR/MWh,BE,BE,day_ahead_price,value,2026-09-19T05:25:11Z
2026-09-19T05:21:21Z,2026-09-19T07:21:21+0200,20bb7349-32f2-4bba-8e6d-dd59e0dd102f,2026-09-15T22:45:00Z,2026-09-16T00:45:00+0200,171.33,EUR/MWh,BE,BE,day_ahead_price,value,2026-09-19T05:25:11Z
2026-09-19T05:21:21Z,2026-09-19T07:21:21+0200,20bb7349-32f2-4bba-8e6d-dd59e0dd102f,2026-09-15T23:00:00Z,2026-09-16T01:00:00+0200,173.51,EUR/MWh,BE,BE,day_ahead_price,value,2026-09-19T05:25:11Z
2026-09-19T05:21:21Z,2026-09-19T07:21:21+0200,20bb7349-32f2-4bba-8e6d-dd59e0dd102f,2026-09-15T23:15:00Z,2026-09-16T01:15:00+0200,170.97,EUR/MWh,BE,BE,day_ahead_price,value,2026-09-19T05:25:11Z
2026-09-19T05:21:21Z,2026-09-19T07:21:21+0200,20bb7349-32f2-4bba-8e6d-dd59e0dd102f,2026-09-15T23:30:00Z,2026-09-16T01:30:00+0200,170.88,EUR/MWh,BE,BE,day_ahead_price,value,2026-09-19T05:25:11Z
2026-09-19T05:21:21Z,2026-09-19T07:21:21+0200,20bb7349-32f2-4bba-8e6d-dd59e0dd102f,2026-09-15T23:45:00Z,2026-09-16T01:45:00+0200,170.12,EUR/MWh,BE,BE,day_ahead_price,value,2026-09-19T05:25:11Z
2026-09-19T05:21:21Z,2026-09-19T07:21:21+0200,20bb7349-32f2-4bba-8e6d-dd59e0dd102f,2026-09-16T00:00:00Z,2026-09-16T02:00:00+0200,167.75,EUR/MWh,BE,BE,day_ahead_price,value,2026-09-19T05:25:11Z
2026-09-19T05:21:21Z,2026-09-19T07:21:21+0200,20bb7349-32f2-4bba-8e6d-dd59e0dd102f,2026-09-16T00:15:00Z,2026-09-16T02:15:00+0200,167.9,EUR/MWh,BE,BE,day_ahead_price,value,2026-09-19T05:25:11Z
2026-09-19T05:21:21Z,2026-09-19T07:21:21+0200,20bb7349-32f2-4bba-8e6d-dd59e0dd102f,2026-09-16T00:30:00Z,2026-09-16T02:30:00+0200,170.37,EUR/MWh,BE,BE,day_ahead_price,value,2026-09-19T05:25:11Z
2026-09-19T05:21:21Z,2026-09-19T07:21:21+0200,20bb7349-32f2-4bba-8e6d-dd59e0dd102f,2026-09-16T00:45:00Z,2026-09-16T02:45:00+0200,169.89,EUR/MWh,BE,BE,day_ahead_price,value,2026-09-19T05:25:11Z
2026-09-19T05:21:21Z,2026-09-19T07:21:21+0200,20bb7349-32f2-4bba-8e6d-dd59e0dd102f,2026-09-16T01:00:00Z,2026-09-16T03:00:00+0200,169.85,EUR/MWh,BE,BE,day_ahead_price,value,2026-09-19T05:25:11Z
2026-09-19T05:21:21Z,2026-09-19T07:21:21+0200,20bb7349-32f2-4bba-8e6d-dd59e0dd102f,2026-09-16T01:15:00Z,2026-09-16T03:15:00+0200,168.72,EUR/MWh,BE,BE,day_ahead_price,value,2026-09-19T05:25:11Z
2026-09-19T05:21:21Z,2026-09-19T07:21:21+0200,20bb7349-32f2-4bba-8e6d-dd59e0dd102f,2026-09-16T01:30:00Z,2026-09-16T03:30:00+0200,167.11,EUR/MWh,BE,BE,day_ahead_price,value,2026-09-19T05:25:11Z
2026-09-19T05:21:21Z,2026-09-19T07:21:21+0200,20bb7349-32f2-4bba-8e6d-dd59e0dd102f,2026-09-16T01:45:00Z,2026-09-16T03:45:00+0200,168.69,EUR/MWh,BE,BE,day_ahead_price,value,2026-09-19T05:25:11Z
2026-09-19T05:21:21Z,2026-09-19T07:21:21+0200,20bb7349-32f2-4bba-8e6d-dd59e0dd102f,2026-09-16T02:00:00Z,2026-09-16T04:00:00+0200,170.17,EUR/MWh,BE,BE,day_ahead_price,value,2026-09-19T05:25:11Z
2026-09-19T05:21:21Z,2026-09-19T07:21:21+0200,20bb7349-32f2-4bba-8e6d-dd59e0dd102f,2026-09-16T02:15:00Z,2026-09-16T04:15:00+0200,167.23,EUR/MWh,BE,BE,day_ahead_price,value,2026-09-19T05:25:11Z
2026-09-19T05:21:21Z,2026-09-19T07:21:21+0200,20bb7349-32f2-4bba-8e6d-dd59e0dd102f,2026-09-16T02:30:00Z,2026-09-16T04:30:00+0200,169.14,EUR/MWh,BE,BE,day_ahead_price,value,2026-09-19T05:25:11Z
2026-09-19T05:21:21Z,2026-09-19T07:21:21+0200,20bb7349-32f2-4bba-8e6d-dd59e0dd102f,2026-09-16T02:45:00Z,2026-09-16T04:45:00+0200,170.0,EUR/MWh,BE,BE,day_ahead_price,value,2026-09-19T05:25:11Z
2026-09-19T05:21:21Z,2026-09-19T07:21:21+0200,20bb7349-32f2-4bba-8e6d-dd59e0dd102f,2026-09-16T03:00:00Z,2026-09-16T05:00:00+0200,167.9,EUR/MWh,BE,BE,day_ahead_price,value,2026-09-19T05:25:11Z
2026-09-19T05:21:21Z,2026-09-19T07:21:21+0200,20bb7349-32f2-4bba-8e6d-dd59e0dd102f,2026-09-16T03:15:00Z,2026-09-16T05:15:00+0200,177.37,EUR/MWh,BE,BE,day_ahead_price,value,2026-09-19T05:25:11Z
2026-09-19T05:21:21Z,2026-09-19T07:21:21+0200,20bb7349-32f2-4bba-8e6d-dd59e0dd102f,2026-09-16T03:30:00Z,2026-09-16T05:30:00+0200,187.37,EUR/MWh,BE,BE,day_ahead_price,value,2026-09-19T05:25:11Z
2026-09-19T05:21:21Z,2026-09-19T07:21:21+0200,20bb7349-32f2-4bba-8e6d-dd59e0dd102f,2026-09-16T03:45:00Z,2026-09-16T05:45:00+0200,220.0,EUR/MWh,BE,BE,day_ahead_price,value,2026-09-19T05:25:11Z
2026-09-19T05:21:21Z,2026-09-19T07:21:21+0200,20bb7349-32f2-4bba-8e6d-dd59e0dd102f,2026-09-16T04:00:00Z,2026-09-16T06:00:00+0200,197.69,EUR/MWh,BE,BE,day_ahead_price,value,2026-09-19T05:25:11Z
2026-09-19T05:21:21Z,2026-09-19T07:21:21+0200,20bb7349-32f2-4bba-8e6d-dd59e0dd102f,2026-09-16T04:15:00Z,2026-09-16T06:15:00+0200,217.11,EUR/MWh,BE,BE,day_ahead_price,value,2026-09-19T05:25:11Z
2026-09-19T05:21:21Z,2026-09-19T07:21:21+0200,20bb7349-32f2-4bba-8e6d-dd59e0dd102f,2026-09-16T04:30:00Z,2026-09-16T06:30:00+0200,230.8,EUR/MWh,BE,BE,day_ahead_price,value,2026-09-19T05:25:11Z
2026-09-19T05:21:21Z,2026-09-19T07:21:21+0200,20bb7349-32f2-4bba-8e6d-dd59e0dd102f,2026-09-16T04:45:00Z,2026-09-16T06:45:00+0200,237.77,EUR/MWh,BE,BE,day_ahead_price,value,2026-09-19T05:25:11Z
2026-09-19T05:21:21Z,2026-09-19T07:21:21+0200,20bb7349-32f2-4bba-8e6d-dd59e0dd102f,2026-09-16T05:00:00Z,2026-09-16T07:00:00+0200,243.9,EUR/MWh,BE,BE,day_ahead_price,value,2026-09-19T05:25:11Z
2026-09-19T05:21:21Z,2026-09-19T07:21:21+0200,20bb7349-32f2-4bba-8e6d-dd59e0dd102f,2026-09-16T05:15:00Z,2026-09-16T07:15:00+0200,239.69,EUR/MWh,BE,BE,day_ahead_price,value,2026-09-19T05:25:11Z
2026-09-19T05:21:21Z,2026-09-19T07:21:21+0200,20bb7349-32f2-4bba-8e6d-dd59e0dd102f,2026-09-16T05:30:00Z,2026-09-16T07:30:00+0200,235.5,EUR/MWh,BE,BE,day_ahead_price,value,2026-09-19T05:25:11Z
2026-09-19T05:21:21Z,2026-09-19T07:21:21+0200,20bb7349-32f2-4bba-8e6d-dd59e0dd102f,2026-09-16T05:45:00Z,2026-09-16T07:45:00+0200,231.64,EUR/MWh,BE,BE,day_ahead_price,value,2026-09-19T05:25:11Z
2026-09-19T05:21:21Z,2026-09-19T07:21:21+0200,20bb7349-32f2-4bba-8e6d-dd59e0dd102f,2026-09-16T06:00:00Z,2026-09-16T08:00:00+0200,247.01,EUR/MWh,BE,BE,day_ahead_price,value,2026-09-19T05:25:11Z
2026-09-19T05:21:21Z,2026-09-19T07:21:21+0200,20bb7349-32f2-4bba-8e6d-dd59e0dd102f,2026-09-16T06:15:00Z,2026-09-16T08:15:00+0200,237.79,EUR/MWh,BE,BE,day_ahead_price,value,2026-09-19T05:25:11Z
2026-09-19T05:21:21Z,2026-09-19T07:21:21+0200,20bb7349-32f2-4bba-8e6d-dd59e0dd102f,2026-09-16T06:30:00Z,2026-09-16T08:30:00+0200,223.17,EUR/MWh,BE,BE,day_ahead_price,value,2026-09-19T05:25:11Z
2026-09-19T05:21:21Z,2026-09-19T07:21:21+0200,20bb7349-32f2-4bba-8e6d-dd59e0dd102f,2026-09-16T06:45:00Z,2026-09-16T08:45:00+0200,192.0,EUR/MWh,BE,BE,day_ahead_price,value,2026-09-19T05:25:11Z
2026-09-19T05:21:21Z,2026-09-19T07:21:21+0200,20bb7349-32f2-4bba-8e6d-dd59e0dd102f,2026-09-16T07:00:00Z,2026-09-16T09:00:00+0200,219.85,EUR/MWh,BE,BE,day_ahead_price,value,2026-09-19T05:25:11Z
2026-09-19T05:21:21Z,2026-09-19T07:21:21+0200,20bb7349-32f2-4bba-8e6d-dd59e0dd102f,2026-09-16T07:15:00Z,2026-09-16T09:15:00+0200,202.29,EUR/MWh,BE,BE,day_ahead_price,value,2026-09-19T05:25:11Z
2026-09-19T05:21:21Z,2026-09-19T07:21:21+0200,20bb7349-32f2-4bba-8e6d-dd59e0dd102f,2026-09-16T07:30:00Z,2026-09-16T09:30:00+0200,185.57,EUR/MWh,BE,BE,day_ahead_price,value,2026-09-19T05:25:11Z
2026-09-19T05:21:21Z,2026-09-19T07:21:21+0200,20bb7349-32f2-4bba-8e6d-dd59e0dd102f,2026-09-16T07:45:00Z,2026-09-16T09:45:00+0200,182.2,EUR/MWh,BE,BE,day_ahead_price,value,2026-09-19T05:25:11Z
2026-09-19T05:21:21Z,2026-09-19T07:21:21+0200,20bb7349-32f2-4bba-8e6d-dd59e0dd102f,2026-09-16T08:00:00Z,2026-09-16T10:00:00+0200,200.69,EUR/MWh,BE,BE,day_ahead_price,value,2026-09-19T05:25:11Z
2026-09-19T05:21:21Z,2026-09-19T07:21:21+0200,20bb7349-32f2-4bba-8e6d-dd59e0dd102f,2026-09-16T08:15:00Z,2026-09-16T10:15:00+0200,193.13,EUR/MWh,BE,BE,day_ahead_price,value,2026-09-19T05:25:11Z
2026-09-19T05:21:21Z,2026-09-19T07:21:21+0200,20bb7349-32f2-4bba-8e6d-dd59e0dd102f,2026-09-16T08:30:00Z,2026-09-16T10:30:00+0200,182.29,EUR/MWh,BE,BE,day_ahead_price,value,2026-09-19T05:25:11Z
2026-09-19T05:21:21Z,2026-09-19T07:21:21+0200,20bb7349-32f2-4bba-8e6d-dd59e0dd102f,2026-09-16T08:45:00Z,2026-09-16T10:45:00+0200,171.96,EUR/MWh,BE,BE,day_ahead_price,value,2026-09-19T05:25:11Z
2026-09-19T05:21:21Z,2026-09-19T07:21:21+0200,20bb7349-32f2-4bba-8e6d-dd59e0dd102f,2026-09-16T09:00:00Z,2026-09-16T11:00:00+0200,162.72,EUR/MWh,BE,BE,day_ahead_price,value,2026-09-19T05:25:11Z
2026-09-19T05:21:21Z,2026-09-19T07:21:21+0200,20bb7349-32f2-4bba-8e6d-dd59e0dd102f,2026-09-16T09:15:00Z,2026-09-16T11:15:00+0200,155.32,EUR/MWh,BE,BE,day_ahead_price,value,2026-09-19T05:25:11Z
2026-09-19T05:21:21Z,2026-09-19T07:21:21+0200,20bb7349-32f2-4bba-8e6d-dd59e0dd102f,2026-09-16T09:30:00Z,2026-09-16T11:30:00+0200,141.29,EUR/MWh,BE,BE,day_ahead_price,value,2026-09-19T05:25:11Z
2026-09-19T05:21:21Z,2026-09-19T07:21:21+0200,20bb7349-32f2-4bba-8e6d-dd59e0dd102f,2026-09-16T09:45:00Z,2026-09-16T11:45:00+0200,135.83,EUR/MWh,BE,BE,day_ahead_price,value,2026-09-19T05:25:11Z
2026-09-19T05:21:21Z,2026-09-19T07:21:21+0200,20bb7349-32f2-4bba-8e6d-dd59e0dd102f,2026-09-16T10:00:00Z,2026-09-16T12:00:00+0200,138.48,EUR/MWh,BE,BE,day_ahead_price,value,2026-09-19T05:25:11Z
2026-09-19T05:21:21Z,2026-09-19T07:21:21+0200,20bb7349-32f2-4bba-8e6d-dd59e0dd102f,2026-09-16T10:15:00Z,2026-09-16T12:15:00+0200,116.46,EUR/MWh,BE,BE,day_ahead_price,value,2026-09-19T05:25:11Z
2026-09-19T05:21:21Z,2026-09-19T07:21:21+0200,20bb7349-32f2-4bba-8e6d-dd59e0dd102f,2026-09-16T10:30:00Z,2026-09-16T12:30:00+0200,114.76,EUR/MWh,BE,BE,day_ahead_price,value,2026-09-19T05:25:11Z
2026-09-19T05:21:21Z,2026-09-19T07:21:21+0200,20bb7349-32f2-4bba-8e6d-dd59e0dd102f,2026-09-16T10:45:00Z,2026-09-16T12:45:00+0200,102.69,EUR/MWh,BE,BE,day_ahead_price,value,2026-09-19T05:25:11Z
2026-09-19T05:21:21Z,2026-09-19T07:21:21+0200,20bb7349-32f2-4bba-8e6d-dd59e0dd102f,2026-09-16T11:00:00Z,2026-09-16T13:00:00+0200,105.87,EUR/MWh,BE,BE,day_ahead_price,value,2026-09-19T05:25:11Z
2026-09-19T05:21:21Z,2026-09-19T07:21:21+0200,20bb7349-32f2-4bba-8e6d-dd59e0dd102f,2026-09-16T11:15:00Z,2026-09-16T13:15:00+0200,97.8,EUR/MWh,BE,BE,day_ahead_price,value,2026-09-19T05:25:11Z
2026-09-19T05:21:21Z,2026-09-19T07:21:21+0200,20bb7349-32f2-4bba-8e6d-dd59e0dd102f,2026-09-16T11:30:00Z,2026-09-16T13:30:00+0200,95.13,EUR/MWh,BE,BE,day_ahead_price,value,2026-09-19T05:25:11Z
2026-09-19T05:21:21Z,2026-09-19T07:21:21+0200,20bb7349-32f2-4bba-8e6d-dd59e0dd102f,2026-09-16T11:45:00Z,2026-09-16T13:45:00+0200,90.54,EUR/MWh,BE,BE,day_ahead_price,value,2026-09-19T05:25:11Z
2026-09-19T05:21:21Z,2026-09-19T07:21:21+0200,20bb7349-32f2-4bba-8e6d-dd59e0dd102f,2026-09-16T12:00:00Z,2026-09-16T14:00:00+0200,100.42,EUR/MWh,BE,BE,day_ahead_price,value,2026-09-19T05:25:11Z
2026-09-19T05:21:21Z,2026-09-19T07:21:21+0200,20bb7349-32f2-4bba-8e6d-dd59e0dd102f,2026-09-16T12:15:00Z,2026-09-16T14:15:00+0200,102.58,EUR/MWh,BE,BE,day_ahead_price,value,2026-09-19T05:25:11Z
2026-09-19T05:21:21Z,2026-09-19T07:21:21+0200,20bb7349-32f2-4bba-8e6d-dd59e0dd102f,2026-09-16T12:30:00Z,2026-09-16T14:30:00+0200,103.54,EUR/MWh,BE,BE,day_ahead_price,value,2026-09-19T05:25:11Z
2026-09-19T05:21:21Z,2026-09-19T07:21:21+0200,20bb7349-32f2-4bba-8e6d-dd59e0dd102f,2026-09-16T12:45:00Z,2026-09-16T14:45:00+0200,105.57,EUR/MWh,BE,BE,day_ahead_price,value,2026-09-19T05:25:11Z
2026-09-19T05:21:21Z,2026-09-19T07:21:21+0200,20bb7349-32f2-4bba-8e6d-dd59e0dd102f,2026-09-16T13:00:00Z,2026-09-16T15:00:00+0200,106.16,EUR/MWh,BE,BE,day_ahead_price,value,2026-09-19T05:25:11Z
2026-09-19T05:21:21Z,2026-09-19T07:21:21+0200,20bb7349-32f2-4bba-8e6d-dd59e0dd102f,2026-09-16T13:15:00Z,2026-09-16T15:15:00+0200,114.22,EUR/MWh,BE,BE,day_ahead_price,value,2026-09-19T05:25:11Z
2026-09-19T05:21:21Z,2026-09-19T07:21:21+0200,20bb7349-32f2-4bba-8e6d-dd59e0dd102f,2026-09-16T13:30:00Z,2026-09-16T15:30:00+0200,126.39,EUR/MWh,BE,BE,day_ahead_price,value,2026-09-19T05:25:11Z
2026-09-19T05:21:21Z,2026-09-19T07:21:21+0200,20bb7349-32f2-4bba-8e6d-dd59e0dd102f,2026-09-16T13:45:00Z,2026-09-16T15:45:00+0200,126.41,EUR/MWh,BE,BE,day_ahead_price,value,2026-09-19T05:25:11Z
2026-09-19T05:21:21Z,2026-09-19T07:21:21+0200,20bb7349-32f2-4bba-8e6d-dd59e0dd102f,2026-09-16T14:00:00Z,2026-09-16T16:00:00+0200,126.98,EUR/MWh,BE,BE,day_ahead_price,value,2026-09-19T05:25:11Z
2026-09-19T05:21:21Z,2026-09-19T07:21:21+0200,20bb7349-32f2-4bba-8e6d-dd59e0dd102f,2026-09-16T14:15:00Z,2026-09-16T16:15:00+0200,137.06,EUR/MWh,BE,BE,day_ahead_price,value,2026-09-19T05:25:11Z
2026-09-19T05:21:21Z,2026-09-19T07:21:21+0200,20bb7349-32f2-4bba-8e6d-dd59e0dd102f,2026-09-16T14:30:00Z,2026-09-16T16:30:00+0200,158.59,EUR/MWh,BE,BE,day_ahead_price,value,2026-09-19T05:25:11Z
2026-09-19T05:21:21Z,2026-09-19T07:21:21+0200,20bb7349-32f2-4bba-8e6d-dd59e0dd102f,2026-09-16T14:45:00Z,2026-09-16T16:45:00+0200,177.36,EUR/MWh,BE,BE,day_ahead_price,value,2026-09-19T05:25:11Z
2026-09-19T05:21:21Z,2026-09-19T07:21:21+0200,20bb7349-32f2-4bba-8e6d-dd59e0dd102f,2026-09-16T15:00:00Z,2026-09-16T17:00:00+0200,173.45,EUR/MWh,BE,BE,day_ahead_price,value,2026-09-19T05:25:11Z
2026-09-19T05:21:21Z,2026-09-19T07:21:21+0200,20bb7349-32f2-4bba-8e6d-dd59e0dd102f,2026-09-16T15:15:00Z,2026-09-16T17:15:00+0200,189.85,EUR/MWh,BE,BE,day_ahead_price,value,2026-09-19T05:25:11Z
2026-09-19T05:21:21Z,2026-09-19T07:21:21+0200,20bb7349-32f2-4bba-8e6d-dd59e0dd102f,2026-09-16T15:30:00Z,2026-09-16T17:30:00+0200,198.98,EUR/MWh,BE,BE,day_ahead_price,value,2026-09-19T05:25:11Z
2026-09-19T05:21:21Z,2026-09-19T07:21:21+0200,20bb7349-32f2-4bba-8e6d-dd59e0dd102f,2026-09-16T15:45:00Z,2026-09-16T17:45:00+0200,216.92,EUR/MWh,BE,BE,day_ahead_price,value,2026-09-19T05:25:11Z
2026-09-19T05:21:21Z,2026-09-19T07:21:21+0200,20bb7349-32f2-4bba-8e6d-dd59e0dd102f,2026-09-16T16:00:00Z,2026-09-16T18:00:00+0200,204.26,EUR/MWh,BE,BE,day_ahead_price,value,2026-09-19T05:25:11Z
2026-09-19T05:21:21Z,2026-09-19T07:21:21+0200,20bb7349-32f2-4bba-8e6d-dd59e0dd102f,2026-09-16T16:15:00Z,2026-09-16T18:15:00+0200,222.42,EUR/MWh,BE,BE,day_ahead_price,value,2026-09-19T05:25:11Z
2026-09-19T05:21:21Z,2026-09-19T07:21:21+0200,20bb7349-32f2-4bba-8e6d-dd59e0dd102f,2026-09-16T16:30:00Z,2026-09-16T18:30:00+0200,235.62,EUR/MWh,BE,BE,day_ahead_price,value,2026-09-19T05:25:11Z
2026-09-19T05:21:21Z,2026-09-19T07:21:21+0200,20bb7349-32f2-4bba-8e6d-dd59e0dd102f,2026-09-16T16:45:00Z,2026-09-16T18:45:00+0200,263.72,EUR/MWh,BE,BE,day_ahead_price,value,2026-09-19T05:25:11Z
2026-09-19T05:21:21Z,2026-09-19T07:21:21+0200,20bb7349-32f2-4bba-8e6d-dd59e0dd102f,2026-09-16T17:00:00Z,2026-09-16T19:00:00+0200,238.62,EUR/MWh,BE,BE,day_ahead_price,value,2026-09-19T05:25:11Z
2026-09-19T05:21:21Z,2026-09-19T07:21:21+0200,20bb7349-32f2-4bba-8e6d-dd59e0dd102f,2026-09-16T17:15:00Z,2026-09-16T19:15:00+0200,248.91,EUR/MWh,BE,BE,day_ahead_price,value,2026-09-19T05:25:11Z
2026-09-19T05:21:21Z,2026-09-19T07:21:21+0200,20bb7349-32f2-4bba-8e6d-dd59e0dd102f,2026-09-16T17:30:00Z,2026-09-16T19:30:00+0200,263.27,EUR/MWh,BE,BE,day_ahead_price,value,2026-09-19T05:25:11Z
2026-09-19T05:21:21Z,2026-09-19T07:21:21+0200,20bb7349-32f2-4bba-8e6d-dd59e0dd102f,2026-09-16T17:45:00Z,2026-09-16T19:45:00+0200,269.75,EUR/MWh,BE,BE,day_ahead_price,value,2026-09-19T05:25:11Z
2026-09-19T05:21:21Z,2026-09-19T07:21:21+0200,20bb7349-32f2-4bba-8e6d-dd59e0dd102f,2026-09-16T18:00:00Z,2026-09-16T20:00:00+0200,264.58,EUR/MWh,BE,BE,day_ahead_price,value,2026-09-19T05:25:11Z
2026-09-19T05:21:21Z,2026-09-19T07:21:21+0200,20bb7349-32f2-4bba-8e6d-dd59e0dd102f,2026-09-16T18:15:00Z,2026-09-16T20:15:00+0200,248.79,EUR/MWh,BE,BE,day_ahead_price,value,2026-09-19T05:25:11Z
2026-09-19T05:21:21Z,2026-09-19T07:21:21+0200,20bb7349-32f2-4bba-8e6d-dd59e0dd102f,2026-09-16T18:30:00Z,2026-09-16T20:30:00+0200,240.28,EUR/MWh,BE,BE,day_ahead_price,value,2026-09-19T05:25:11Z
2026-09-19T05:21:21Z,2026-09-19T07:21:21+0200,20bb7349-32f2-4bba-8e6d-dd59e0dd102f,2026-09-16T18:45:00Z,2026-09-16T20:45:00+0200,234.85,EUR/MWh,BE,BE,day_ahead_price,value,2026-09-19T05:25:11Z
2026-09-19T05:21:21Z,2026-09-19T07:21:21+0200,20bb7349-32f2-4bba-8e6d-dd59e0dd102f,2026-09-16T19:00:00Z,2026-09-16T21:00:00+0200,237.58,EUR/MWh,BE,BE,day_ahead_price,value,2026-09-19T05:25:11Z
2026-09-19T05:21:21Z,2026-09-19T07:21:21+0200,20bb7349-32f2-4bba-8e6d-dd59e0dd102f,2026-09-16T19:15:00Z,2026-09-16T21:15:00+0200,229.52,EUR/MWh,BE,BE,day_ahead_price,value,2026-09-19T05:25:11Z
2026-09-19T05:21:21Z,2026-09-19T07:21:21+0200,20bb7349-32f2-4bba-8e6d-dd59e0dd102f,2026-09-16T19:30:00Z,2026-09-16T21:30:00+0200,215.47,EUR/MWh,BE,BE,day_ahead_price,value,2026-09-19T05:25:11Z
2026-09-19T05:21:21Z,2026-09-19T07:21:21+0200,20bb7349-32f2-4bba-8e6d-dd59e0dd102f,2026-09-16T19:45:00Z,2026-09-16T21:45:00+0200,199.19,EUR/MWh,BE,BE,day_ahead_price,value,2026-09-19T05:25:11Z
2026-09-19T05:21:21Z,2026-09-19T07:21:21+0200,20bb7349-32f2-4bba-8e6d-dd59e0dd102f,2026-09-16T20:00:00Z,2026-09-16T22:00:00+0200,216.13,EUR/MWh,BE,BE,day_ahead_price,value,2026-09-19T05:25:11Z
2026-09-19T05:21:21Z,2026-09-19T07:21:21+0200,20bb7349-32f2-4bba-8e6d-dd59e0dd102f,2026-09-16T20:15:00Z,2026-09-16T22:15:00+0200,202.96,EUR/MWh,BE,BE,day_ahead_price,value,2026-09-19T05:25:11Z
2026-09-19T05:21:21Z,2026-09-19T07:21:21+0200,20bb7349-32f2-4bba-8e6d-dd59e0dd102f,2026-09-16T20:30:00Z,2026-09-16T22:30:00+0200,198.3,EUR/MWh,BE,BE,day_ahead_price,value,2026-09-19T05:25:11Z
2026-09-19T05:21:21Z,2026-09-19T07:21:21+0200,20bb7349-32f2-4bba-8e6d-dd59e0dd102f,2026-09-16T20:45:00Z,2026-09-16T22:45:00+0200,191.83,EUR/MWh,BE,BE,day_ahead_price,value,2026-09-19T05:25:11Z
2026-09-19T05:21:21Z,2026-09-19T07:21:21+0200,20bb7349-32f2-4bba-8e6d-dd59e0dd102f,2026-09-16T21:00:00Z,2026-09-16T23:00:00+0200,200.09,EUR/MWh,BE,BE,day_ahead_price,value,2026-09-19T05:25:11Z
2026-09-19T05:21:21Z,2026-09-19T07:21:21+0200,20bb7349-32f2-4bba-8e6d-dd59e0dd102f,2026-09-16T21:15:00Z,2026-09-16T23:15:00+0200,190.81,EUR/MWh,BE,BE,day_ahead_price,value,2026-09-19T05:25:11Z
2026-09-19T05:21:21Z,2026-09-19T07:21:21+0200,20bb7349-32f2-4bba-8e6d-dd59e0dd102f,2026-09-16T21:30:00Z,2026-09-16T23:30:00+0200,184.75,EUR/MWh,BE,BE,day_ahead_price,value,2026-09-19T05:25:11Z
2026-09-19T05:21:21Z,2026-09-19T07:21:21+0200,20bb7349-32f2-4bba-8e6d-dd59e0dd102f,2026-09-16T21:45:00Z,2026-09-16T23:45:00+0200,168.7,EUR/MWh,BE,BE,day_ahead_price,value,2026-09-19T05:25:11Z
2026-09-19T05:21:21Z,2026-09-19T07:21:21+0200,20bb7349-32f2-4bba-8e6d-dd59e0dd102f,2026-09-16T22:00:00Z,2026-09-17T00:00:00+0200,197.58,EUR/MWh,BE,BE,day_ahead_price,value,2026-09-19T05:25:11Z
2026-09-19T05:21:21Z,2026-09-19T07:21:21+0200,20bb7349-32f2-4bba-8e6d-dd59e0dd102f,2026-09-16T22:15:00Z,2026-09-17T00:15:00+0200,185.08,EUR/MWh,BE,BE,day_ahead_price,value,2026-09-19T05:25:11Z
2026-09-19T05:21:21Z,2026-09-19T07:21:21+0200,20bb7349-32f2-4bba-8e6d-dd59e0dd102f,2026-09-16T22:30:00Z,2026-09-17T00:30:00+0200,176.47,EUR/MWh,BE,BE,day_ahead_price,value,2026-09-19T05:25:11Z
2026-09-19T05:21:21Z,2026-09-19T07:21:21+0200,20bb7349-32f2-4bba-8e6d-dd59e0dd102f,2026-09-16T22:45:00Z,2026-09-17T00:45:00+0200,169.98,EUR/MWh,BE,BE,day_ahead_price,value,2026-09-19T05:25:11Z
2026-09-19T05:21:21Z,2026-09-19T07:21:21+0200,20bb7349-32f2-4bba-8e6d-dd59e0dd102f,2026-09-16T23:00:00Z,2026-09-17T01:00:00+0200,174.1,EUR/MWh,BE,BE,day_ahead_price,value,2026-09-19T05:25:11Z
2026-09-19T05:21:21Z,2026-09-19T07:21:21+0200,20bb7349-32f2-4bba-8e6d-dd59e0dd102f,2026-09-16T23:15:00Z,2026-09-17T01:15:00+0200,168.39,EUR/MWh,BE,BE,day_ahead_price,value,2026-09-19T05:25:11Z
2026-09-19T05:21:21Z,2026-09-19T07:21:21+0200,20bb7349-32f2-4bba-8e6d-dd59e0dd102f,2026-09-16T23:30:00Z,2026-09-17T01:30:00+0200,165.03,EUR/MWh,BE,BE,day_ahead_price,value,2026-09-19T05:25:11Z
2026-09-19T05:21:21Z,2026-09-19T07:21:21+0200,20bb7349-32f2-4bba-8e6d-dd59e0dd102f,2026-09-16T23:45:00Z,2026-09-17T01:45:00+0200,162.09,EUR/MWh,BE,BE,day_ahead_price,value,2026-09-19T05:25:11Z
2026-09-19T05:21:21Z,2026-09-19T07:21:21+0200,20bb7349-32f2-4bba-8e6d-dd59e0dd102f,2026-09-17T00:00:00Z,2026-09-17T02:00:00+0200,162.3,EUR/MWh,BE,BE,day_ahead_price,value,2026-09-19T05:25:11Z
2026-09-19T05:21:21Z,2026-09-19T07:21:21+0200,20bb7349-32f2-4bba-8e6d-dd59e0dd102f,2026-09-17T00:15:00Z,2026-09-17T02:15:00+0200,158.05,EUR/MWh,BE,BE,day_ahead_price,value,2026-09-19T05:25:11Z
2026-09-19T05:21:21Z,2026-09-19T07:21:21+0200,20bb7349-32f2-4bba-8e6d-dd59e0dd102f,2026-09-17T00:30:00Z,2026-09-17T02:30:00+0200,155.7,EUR/MWh,BE,BE,day_ahead_price,value,2026-09-19T05:25:11Z
2026-09-19T05:21:21Z,2026-09-19T07:21:21+0200,20bb7349-32f2-4bba-8e6d-dd59e0dd102f,2026-09-17T00:45:00Z,2026-09-17T02:45:00+0200,154.95,EUR/MWh,BE,BE,day_ahead_price,value,2026-09-19T05:25:11Z
2026-09-19T05:21:21Z,2026-09-19T07:21:21+0200,20bb7349-32f2-4bba-8e6d-dd59e0dd102f,2026-09-17T01:00:00Z,2026-09-17T03:00:00+0200,160.56,EUR/MWh,BE,BE,day_ahead_price,value,2026-09-19T05:25:11Z
2026-09-19T05:21:21Z,2026-09-19T07:21:21+0200,20bb7349-32f2-4bba-8e6d-dd59e0dd102f,2026-09-17T01:15:00Z,2026-09-17T03:15:00+0200,161.19,EUR/MWh,BE,BE,day_ahead_price,value,2026-09-19T05:25:11Z
2026-09-19T05:21:21Z,2026-09-19T07:21:21+0200,20bb7349-32f2-4bba-8e6d-dd59e0dd102f,2026-09-17T01:30:00Z,2026-09-17T03:30:00+0200,155.07,EUR/MWh,BE,BE,day_ahead_price,value,2026-09-19T05:25:11Z
2026-09-19T05:21:21Z,2026-09-19T07:21:21+0200,20bb7349-32f2-4bba-8e6d-dd59e0dd102f,2026-09-17T01:45:00Z,2026-09-17T03:45:00+0200,155.33,EUR/MWh,BE,BE,day_ahead_price,value,2026-09-19T05:25:11Z
2026-09-19T05:21:21Z,2026-09-19T07:21:21+0200,20bb7349-32f2-4bba-8e6d-dd59e0dd102f,2026-09-17T02:00:00Z,2026-09-17T04:00:00+0200,154.59,EUR/MWh,BE,BE,day_ahead_price,value,2026-09-19T05:25:11Z
2026-09-19T05:21:21Z,2026-09-19T07:21:21+0200,20bb7349-32f2-4bba-8e6d-dd59e0dd102f,2026-09-17T02:15:00Z,2026-09-17T04:15:00+0200,155.12,EUR/MWh,BE,BE,day_ahead_price,value,2026-09-19T05:25:11Z
2026-09-19T05:21:21Z,2026-09-19T07:21:21+0200,20bb7349-32f2-4bba-8e6d-dd59e0dd102f,2026-09-17T02:30:00Z,2026-09-17T04:30:00+0200,157.61,EUR/MWh,BE,BE,day_ahead_price,value,2026-09-19T05:25:11Z
2026-09-19T05:21:21Z,2026-09-19T07:21:21+0200,20bb7349-32f2-4bba-8e6d-dd59e0dd102f,2026-09-17T02:45:00Z,2026-09-17T04:45:00+0200,158.65,EUR/MWh,BE,BE,day_ahead_price,value,2026-09-19T05:25:11Z
2026-09-19T05:21:21Z,2026-09-19T07:21:21+0200,20bb7349-32f2-4bba-8e6d-dd59e0dd102f,2026-09-17T03:00:00Z,2026-09-17T05:00:00+0200,154.1,EUR/MWh,BE,BE,day_ahead_price,value,2026-09-19T05:25:11Z
2026-09-19T05:21:21Z,2026-09-19T07:21:21+0200,20bb7349-32f2-4bba-8e6d-dd59e0dd102f,2026-09-17T03:15:00Z,2026-09-17T05:15:00+0200,153.69,EUR/MWh,BE,BE,day_ahead_price,value,2026-09-19T05:25:11Z
2026-09-19T05:21:21Z,2026-09-19T07:21:21+0200,20bb7349-32f2-4bba-8e6d-dd59e0dd102f,2026-09-17T03:30:00Z,2026-09-17T05:30:00+0200,161.44,EUR/MWh,BE,BE,day_ahead_price,value,2026-09-19T05:25:11Z
2026-09-19T05:21:21Z,2026-09-19T07:21:21+0200,20bb7349-32f2-4bba-8e6d-dd59e0dd102f,2026-09-17T03:45:00Z,2026-09-17T05:45:00+0200,169.37,EUR/MWh,BE,BE,day_ahead_price,value,2026-09-19T05:25:11Z
2026-09-19T05:21:21Z,2026-09-19T07:21:21+0200,20bb7349-32f2-4bba-8e6d-dd59e0dd102f,2026-09-17T04:00:00Z,2026-09-17T06:00:00+0200,170.77,EUR/MWh,BE,BE,day_ahead_price,value,2026-09-19T05:25:11Z
2026-09-19T05:21:21Z,2026-09-19T07:21:21+0200,20bb7349-32f2-4bba-8e6d-dd59e0dd102f,2026-09-17T04:15:00Z,2026-09-17T06:15:00+0200,191.92,EUR/MWh,BE,BE,day_ahead_price,value,2026-09-19T05:25:11Z
2026-09-19T05:21:21Z,2026-09-19T07:21:21+0200,20bb7349-32f2-4bba-8e6d-dd59e0dd102f,2026-09-17T04:30:00Z,2026-09-17T06:30:00+0200,204.03,EUR/MWh,BE,BE,day_ahead_price,value,2026-09-19T05:25:11Z
2026-09-19T05:21:21Z,2026-09-19T07:21:21+0200,20bb7349-32f2-4bba-8e6d-dd59e0dd102f,2026-09-17T04:45:00Z,2026-09-17T06:45:00+0200,212.71,EUR/MWh,BE,BE,day_ahead_price,value,2026-09-19T05:25:11Z
2026-09-19T05:21:21Z,2026-09-19T07:21:21+0200,20bb7349-32f2-4bba-8e6d-dd59e0dd102f,2026-09-17T05:00:00Z,2026-09-17T07:00:00+0200,226.18,EUR/MWh,BE,BE,day_ahead_price,value,2026-09-19T05:25:11Z
2026-09-19T05:21:21Z,2026-09-19T07:21:21+0200,20bb7349-32f2-4bba-8e6d-dd59e0dd102f,2026-09-17T05:15:00Z,2026-09-17T07:15:00+0200,219.37,EUR/MWh,BE,BE,day_ahead_price,value,2026-09-19T05:25:11Z
2026-09-19T05:21:21Z,2026-09-19T07:21:21+0200,20bb7349-32f2-4bba-8e6d-dd59e0dd102f,2026-09-17T05:30:00Z,2026-09-17T07:30:00+0200,212.21,EUR/MWh,BE,BE,day_ahead_price,value,2026-09-19T05:25:11Z
2026-09-19T05:21:21Z,2026-09-19T07:21:21+0200,20bb7349-32f2-4bba-8e6d-dd59e0dd102f,2026-09-17T05:45:00Z,2026-09-17T07:45:00+0200,205.04,EUR/MWh,BE,BE,day_ahead_price,value,2026-09-19T05:25:11Z
2026-09-19T05:21:21Z,2026-09-19T07:21:21+0200,20bb7349-32f2-4bba-8e6d-dd59e0dd102f,2026-09-17T06:00:00Z,2026-09-17T08:00:00+0200,215.92,EUR/MWh,BE,BE,day_ahead_price,value,2026-09-19T05:25:11Z
2026-09-19T05:21:21Z,2026-09-19T07:21:21+0200,20bb7349-32f2-4bba-8e6d-dd59e0dd102f,2026-09-17T06:15:00Z,2026-09-17T08:15:00+0200,205.03,EUR/MWh,BE,BE,day_ahead_price,value,2026-09-19T05:25:11Z
2026-09-19T05:21:21Z,2026-09-19T07:21:21+0200,20bb7349-32f2-4bba-8e6d-dd59e0dd102f,2026-09-17T06:30:00Z,2026-09-17T08:30:00+0200,195.31,EUR/MWh,BE,BE,day_ahead_price,value,2026-09-19T05:25:11Z
2026-09-19T05:21:21Z,2026-09-19T07:21:21+0200,20bb7349-32f2-4bba-8e6d-dd59e0dd102f,2026-09-17T06:45:00Z,2026-09-17T08:45:00+0200,176.24,EUR/MWh,BE,BE,day_ahead_price,value,2026-09-19T05:25:11Z
2026-09-19T05:21:21Z,2026-09-19T07:21:21+0200,20bb7349-32f2-4bba-8e6d-dd59e0dd102f,2026-09-17T07:00:00Z,2026-09-17T09:00:00+0200,200.0,EUR/MWh,BE,BE,day_ahead_price,value,2026-09-19T05:25:11Z
2026-09-19T05:21:21Z,2026-09-19T07:21:21+0200,20bb7349-32f2-4bba-8e6d-dd59e0dd102f,2026-09-17T07:15:00Z,2026-09-17T09:15:00+0200,179.57,EUR/MWh,BE,BE,day_ahead_price,value,2026-09-19T05:25:11Z
2026-09-19T05:21:21Z,2026-09-19T07:21:21+0200,20bb7349-32f2-4bba-8e6d-dd59e0dd102f,2026-09-17T07:30:00Z,2026-09-17T09:30:00+0200,153.31,EUR/MWh,BE,BE,day_ahead_price,value,2026-09-19T05:25:11Z
2026-09-19T05:21:21Z,2026-09-19T07:21:21+0200,20bb7349-32f2-4bba-8e6d-dd59e0dd102f,2026-09-17T07:45:00Z,2026-09-17T09:45:00+0200,124.7,EUR/MWh,BE,BE,day_ahead_price,value,2026-09-19T05:25:11Z
2026-09-19T05:21:21Z,2026-09-19T07:21:21+0200,20bb7349-32f2-4bba-8e6d-dd59e0dd102f,2026-09-17T08:00:00Z,2026-09-17T10:00:00+0200,150.69,EUR/MWh,BE,BE,day_ahead_price,value,2026-09-19T05:25:11Z
2026-09-19T05:21:21Z,2026-09-19T07:21:21+0200,20bb7349-32f2-4bba-8e6d-dd59e0dd102f,2026-09-17T08:15:00Z,2026-09-17T10:15:00+0200,127.84,EUR/MWh,BE,BE,day_ahead_price,value,2026-09-19T05:25:11Z
2026-09-19T05:21:21Z,2026-09-19T07:21:21+0200,20bb7349-32f2-4bba-8e6d-dd59e0dd102f,2026-09-17T08:30:00Z,2026-09-17T10:30:00+0200,99.53,EUR/MWh,BE,BE,day_ahead_price,value,2026-09-19T05:25:11Z
2026-09-19T05:21:21Z,2026-09-19T07:21:21+0200,20bb7349-32f2-4bba-8e6d-dd59e0dd102f,2026-09-17T08:45:00Z,2026-09-17T10:45:00+0200,71.89,EUR/MWh,BE,BE,day_ahead_price,value,2026-09-19T05:25:11Z
2026-09-19T05:21:21Z,2026-09-19T07:21:21+0200,20bb7349-32f2-4bba-8e6d-dd59e0dd102f,2026-09-17T09:00:00Z,2026-09-17T11:00:00+0200,65.19,EUR/MWh,BE,BE,day_ahead_price,value,2026-09-19T05:25:11Z
2026-09-19T05:21:21Z,2026-09-19T07:21:21+0200,20bb7349-32f2-4bba-8e6d-dd59e0dd102f,2026-09-17T09:15:00Z,2026-09-17T11:15:00+0200,42.21,EUR/MWh,BE,BE,day_ahead_price,value,2026-09-19T05:25:11Z
2026-09-19T05:21:21Z,2026-09-19T07:21:21+0200,20bb7349-32f2-4bba-8e6d-dd59e0dd102f,2026-09-17T09:30:00Z,2026-09-17T11:30:00+0200,37.72,EUR/MWh,BE,BE,day_ahead_price,value,2026-09-19T05:25:11Z
2026-09-19T05:21:21Z,2026-09-19T07:21:21+0200,20bb7349-32f2-4bba-8e6d-dd59e0dd102f,2026-09-17T09:45:00Z,2026-09-17T11:45:00+0200,35.01,EUR/MWh,BE,BE,day_ahead_price,value,2026-09-19T05:25:11Z
2026-09-19T05:21:21Z,2026-09-19T07:21:21+0200,20bb7349-32f2-4bba-8e6d-dd59e0dd102f,2026-09-17T10:00:00Z,2026-09-17T12:00:00+0200,53.75,EUR/MWh,BE,BE,day_ahead_price,value,2026-09-19T05:25:11Z
2026-09-19T05:21:21Z,2026-09-19T07:21:21+0200,20bb7349-32f2-4bba-8e6d-dd59e0dd102f,2026-09-17T10:15:00Z,2026-09-17T12:15:00+0200,39.37,EUR/MWh,BE,BE,day_ahead_price,value,2026-09-19T05:25:11Z
2026-09-19T05:21:21Z,2026-09-19T07:21:21+0200,20bb7349-32f2-4bba-8e6d-dd59e0dd102f,2026-09-17T10:30:00Z,2026-09-17T12:30:00+0200,33.61,EUR/MWh,BE,BE,day_ahead_price,value,2026-09-19T05:25:11Z
2026-09-19T05:21:21Z,2026-09-19T07:21:21+0200,20bb7349-32f2-4bba-8e6d-dd59e0dd102f,2026-09-17T10:45:00Z,2026-09-17T12:45:00+0200,29.35,EUR/MWh,BE,BE,day_ahead_price,value,2026-09-19T05:25:11Z
2026-09-19T05:21:21Z,2026-09-19T07:21:21+0200,20bb7349-32f2-4bba-8e6d-dd59e0dd102f,2026-09-17T11:00:00Z,2026-09-17T13:00:00+0200,31.66,EUR/MWh,BE,BE,day_ahead_price,value,2026-09-19T05:25:11Z
2026-09-19T05:21:21Z,2026-09-19T07:21:21+0200,20bb7349-32f2-4bba-8e6d-dd59e0dd102f,2026-09-17T11:15:00Z,2026-09-17T13:15:00+0200,33.1,EUR/MWh,BE,BE,day_ahead_price,value,2026-09-19T05:25:11Z
2026-09-19T05:21:21Z,2026-09-19T07:21:21+0200,20bb7349-32f2-4bba-8e6d-dd59e0dd102f,2026-09-17T11:30:00Z,2026-09-17T13:30:00+0200,33.84,EUR/MWh,BE,BE,day_ahead_price,value,2026-09-19T05:25:11Z
2026-09-19T05:21:21Z,2026-09-19T07:21:21+0200,20bb7349-32f2-4bba-8e6d-dd59e0dd102f,2026-09-17T11:45:00Z,2026-09-17T13:45:00+0200,33.14,EUR/MWh,BE,BE,day_ahead_price,value,2026-09-19T05:25:11Z
2026-09-19T05:21:21Z,2026-09-19T07:21:21+0200,20bb7349-32f2-4bba-8e6d-dd59e0dd102f,2026-09-17T12:00:00Z,2026-09-17T14:00:00+0200,36.32,EUR/MWh,BE,BE,day_ahead_price,value,2026-09-19T05:25:11Z
2026-09-19T05:21:21Z,2026-09-19T07:21:21+0200,20bb7349-32f2-4bba-8e6d-dd59e0dd102f,2026-09-17T12:15:00Z,2026-09-17T14:15:00+0200,40.0,EUR/MWh,BE,BE,day_ahead_price,value,2026-09-19T05:25:11Z
2026-09-19T05:21:21Z,2026-09-19T07:21:21+0200,20bb7349-32f2-4bba-8e6d-dd59e0dd102f,2026-09-17T12:30:00Z,2026-09-17T14:30:00+0200,49.88,EUR/MWh,BE,BE,day_ahead_price,value,2026-09-19T05:25:11Z
2026-09-19T05:21:21Z,2026-09-19T07:21:21+0200,20bb7349-32f2-4bba-8e6d-dd59e0dd102f,2026-09-17T12:45:00Z,2026-09-17T14:45:00+0200,73.6,EUR/MWh,BE,BE,day_ahead_price,value,2026-09-19T05:25:11Z
2026-09-19T05:21:21Z,2026-09-19T07:21:21+0200,20bb7349-32f2-4bba-8e6d-dd59e0dd102f,2026-09-17T13:00:00Z,2026-09-17T15:00:00+0200,51.78,EUR/MWh,BE,BE,day_ahead_price,value,2026-09-19T05:25:11Z
2026-09-19T05:21:21Z,2026-09-19T07:21:21+0200,20bb7349-32f2-4bba-8e6d-dd59e0dd102f,2026-09-17T13:15:00Z,2026-09-17T15:15:00+0200,80.0,EUR/MWh,BE,BE,day_ahead_price,value,2026-09-19T05:25:11Z
2026-09-19T05:21:21Z,2026-09-19T07:21:21+0200,20bb7349-32f2-4bba-8e6d-dd59e0dd102f,2026-09-17T13:30:00Z,2026-09-17T15:30:00+0200,102.17,EUR/MWh,BE,BE,day_ahead_price,value,2026-09-19T05:25:11Z
2026-09-19T05:21:21Z,2026-09-19T07:21:21+0200,20bb7349-32f2-4bba-8e6d-dd59e0dd102f,2026-09-17T13:45:00Z,2026-09-17T15:45:00+0200,117.18,EUR/MWh,BE,BE,day_ahead_price,value,2026-09-19T05:25:11Z
2026-09-19T05:21:21Z,2026-09-19T07:21:21+0200,20bb7349-32f2-4bba-8e6d-dd59e0dd102f,2026-09-17T14:00:00Z,2026-09-17T16:00:00+0200,67.26,EUR/MWh,BE,BE,day_ahead_price,value,2026-09-19T05:25:11Z
2026-09-19T05:21:21Z,2026-09-19T07:21:21+0200,20bb7349-32f2-4bba-8e6d-dd59e0dd102f,2026-09-17T14:15:00Z,2026-09-17T16:15:00+0200,110.88,EUR/MWh,BE,BE,day_ahead_price,value,2026-09-19T05:25:11Z
2026-09-19T05:21:21Z,2026-09-19T07:21:21+0200,20bb7349-32f2-4bba-8e6d-dd59e0dd102f,2026-09-17T14:30:00Z,2026-09-17T16:30:00+0200,158.88,EUR/MWh,BE,BE,day_ahead_price,value,2026-09-19T05:25:11Z
2026-09-19T05:21:21Z,2026-09-19T07:21:21+0200,20bb7349-32f2-4bba-8e6d-dd59e0dd102f,2026-09-17T14:45:00Z,2026-09-17T16:45:00+0200,171.2,EUR/MWh,BE,BE,day_ahead_price,value,2026-09-19T05:25:11Z
2026-09-19T05:21:21Z,2026-09-19T07:21:21+0200,20bb7349-32f2-4bba-8e6d-dd59e0dd102f,2026-09-17T15:00:00Z,2026-09-17T17:00:00+0200,135.28,EUR/MWh,BE,BE,day_ahead_price,value,2026-09-19T05:25:11Z
2026-09-19T05:21:21Z,2026-09-19T07:21:21+0200,20bb7349-32f2-4bba-8e6d-dd59e0dd102f,2026-09-17T15:15:00Z,2026-09-17T17:15:00+0200,183.35,EUR/MWh,BE,BE,day_ahead_price,value,2026-09-19T05:25:11Z
2026-09-19T05:21:21Z,2026-09-19T07:21:21+0200,20bb7349-32f2-4bba-8e6d-dd59e0dd102f,2026-09-17T15:30:00Z,2026-09-17T17:30:00+0200,195.15,EUR/MWh,BE,BE,day_ahead_price,value,2026-09-19T05:25:11Z
2026-09-19T05:21:21Z,2026-09-19T07:21:21+0200,20bb7349-32f2-4bba-8e6d-dd59e0dd102f,2026-09-17T15:45:00Z,2026-09-17T17:45:00+0200,196.4,EUR/MWh,BE,BE,day_ahead_price,value,2026-09-19T05:25:11Z
2026-09-19T05:21:21Z,2026-09-19T07:21:21+0200,20bb7349-32f2-4bba-8e6d-dd59e0dd102f,2026-09-17T16:00:00Z,2026-09-17T18:00:00+0200,175.59,EUR/MWh,BE,BE,day_ahead_price,value,2026-09-19T05:25:11Z
2026-09-19T05:21:21Z,2026-09-19T07:21:21+0200,20bb7349-32f2-4bba-8e6d-dd59e0dd102f,2026-09-17T16:15:00Z,2026-09-17T18:15:00+0200,197.09,EUR/MWh,BE,BE,day_ahead_price,value,2026-09-19T05:25:11Z
2026-09-19T05:21:21Z,2026-09-19T07:21:21+0200,20bb7349-32f2-4bba-8e6d-dd59e0dd102f,2026-09-17T16:30:00Z,2026-09-17T18:30:00+0200,210.32,EUR/MWh,BE,BE,day_ahead_price,value,2026-09-19T05:25:11Z
2026-09-19T05:21:21Z,2026-09-19T07:21:21+0200,20bb7349-32f2-4bba-8e6d-dd59e0dd102f,2026-09-17T16:45:00Z,2026-09-17T18:45:00+0200,215.1,EUR/MWh,BE,BE,day_ahead_price,value,2026-09-19T05:25:11Z
2026-09-19T05:21:21Z,2026-09-19T07:21:21+0200,20bb7349-32f2-4bba-8e6d-dd59e0dd102f,2026-09-17T17:00:00Z,2026-09-17T19:00:00+0200,208.86,EUR/MWh,BE,BE,day_ahead_price,value,2026-09-19T05:25:11Z
2026-09-19T05:21:21Z,2026-09-19T07:21:21+0200,20bb7349-32f2-4bba-8e6d-dd59e0dd102f,2026-09-17T17:15:00Z,2026-09-17T19:15:00+0200,214.85,EUR/MWh,BE,BE,day_ahead_price,value,2026-09-19T05:25:11Z
2026-09-19T05:21:21Z,2026-09-19T07:21:21+0200,20bb7349-32f2-4bba-8e6d-dd59e0dd102f,2026-09-17T17:30:00Z,2026-09-17T19:30:00+0200,220.55,EUR/MWh,BE,BE,day_ahead_price,value,2026-09-19T05:25:11Z
2026-09-19T05:21:21Z,2026-09-19T07:21:21+0200,20bb7349-32f2-4bba-8e6d-dd59e0dd102f,2026-09-17T17:45:00Z,2026-09-17T19:45:00+0200,242.65,EUR/MWh,BE,BE,day_ahead_price,value,2026-09-19T05:25:11Z
2026-09-19T05:21:21Z,2026-09-19T07:21:21+0200,20bb7349-32f2-4bba-8e6d-dd59e0dd102f,2026-09-17T18:00:00Z,2026-09-17T20:00:00+0200,222.4,EUR/MWh,BE,BE,day_ahead_price,value,2026-09-19T05:25:11Z
2026-09-19T05:21:21Z,2026-09-19T07:21:21+0200,20bb7349-32f2-4bba-8e6d-dd59e0dd102f,2026-09-17T18:15:00Z,2026-09-17T20:15:00+0200,220.21,EUR/MWh,BE,BE,day_ahead_price,value,2026-09-19T05:25:11Z
2026-09-19T05:21:21Z,2026-09-19T07:21:21+0200,20bb7349-32f2-4bba-8e6d-dd59e0dd102f,2026-09-17T18:30:00Z,2026-09-17T20:30:00+0200,221.71,EUR/MWh,BE,BE,day_ahead_price,value,2026-09-19T05:25:11Z
2026-09-19T05:21:21Z,2026-09-19T07:21:21+0200,20bb7349-32f2-4bba-8e6d-dd59e0dd102f,2026-09-17T18:45:00Z,2026-09-17T20:45:00+0200,219.19,EUR/MWh,BE,BE,day_ahead_price,value,2026-09-19T05:25:11Z
2026-09-19T05:21:21Z,2026-09-19T07:21:21+0200,20bb7349-32f2-4bba-8e6d-dd59e0dd102f,2026-09-17T19:00:00Z,2026-09-17T21:00:00+0200,222.96,EUR/MWh,BE,BE,day_ahead_price,value,2026-09-19T05:25:11Z
2026-09-19T05:21:21Z,2026-09-19T07:21:21+0200,20bb7349-32f2-4bba-8e6d-dd59e0dd102f,2026-09-17T19:15:00Z,2026-09-17T21:15:00+0200,214.97,EUR/MWh,BE,BE,day_ahead_price,value,2026-09-19T05:25:11Z
2026-09-19T05:21:21Z,2026-09-19T07:21:21+0200,20bb7349-32f2-4bba-8e6d-dd59e0dd102f,2026-09-17T19:30:00Z,2026-09-17T21:30:00+0200,207.21,EUR/MWh,BE,BE,day_ahead_price,value,2026-09-19T05:25:11Z
2026-09-19T05:21:21Z,2026-09-19T07:21:21+0200,20bb7349-32f2-4bba-8e6d-dd59e0dd102f,2026-09-17T19:45:00Z,2026-09-17T21:45:00+0200,191.66,EUR/MWh,BE,BE,day_ahead_price,value,2026-09-19T05:25:11Z
2026-09-19T05:21:21Z,2026-09-19T07:21:21+0200,20bb7349-32f2-4bba-8e6d-dd59e0dd102f,2026-09-17T20:00:00Z,2026-09-17T22:00:00+0200,201.88,EUR/MWh,BE,BE,day_ahead_price,value,2026-09-19T05:25:11Z
2026-09-19T05:21:21Z,2026-09-19T07:21:21+0200,20bb7349-32f2-4bba-8e6d-dd59e0dd102f,2026-09-17T20:15:00Z,2026-09-17T22:15:00+0200,193.56,EUR/MWh,BE,BE,day_ahead_price,value,2026-09-19T05:25:11Z
2026-09-19T05:21:21Z,2026-09-19T07:21:21+0200,20bb7349-32f2-4bba-8e6d-dd59e0dd102f,2026-09-17T20:30:00Z,2026-09-17T22:30:00+0200,197.36,EUR/MWh,BE,BE,day_ahead_price,value,2026-09-19T05:25:11Z
2026-09-19T05:21:21Z,2026-09-19T07:21:21+0200,20bb7349-32f2-4bba-8e6d-dd59e0dd102f,2026-09-17T20:45:00Z,2026-09-17T22:45:00+0200,190.04,EUR/MWh,BE,BE,day_ahead_price,value,2026-09-19T05:25:11Z
2026-09-19T05:21:21Z,2026-09-19T07:21:21+0200,20bb7349-32f2-4bba-8e6d-dd59e0dd102f,2026-09-17T21:00:00Z,2026-09-17T23:00:00+0200,189.25,EUR/MWh,BE,BE,day_ahead_price,value,2026-09-19T05:25:11Z
2026-09-19T05:21:21Z,2026-09-19T07:21:21+0200,20bb7349-32f2-4bba-8e6d-dd59e0dd102f,2026-09-17T21:15:00Z,2026-09-17T23:15:00+0200,187.6,EUR/MWh,BE,BE,day_ahead_price,value,2026-09-19T05:25:11Z
2026-09-19T05:21:21Z,2026-09-19T07:21:21+0200,20bb7349-32f2-4bba-8e6d-dd59e0dd102f,2026-09-17T21:30:00Z,2026-09-17T23:30:00+0200,181.63,EUR/MWh,BE,BE,day_ahead_price,value,2026-09-19T05:25:11Z
2026-09-19T05:21:21Z,2026-09-19T07:21:21+0200,20bb7349-32f2-4bba-8e6d-dd59e0dd102f,2026-09-17T21:45:00Z,2026-09-17T23:45:00+0200,168.09,EUR/MWh,BE,BE,day_ahead_price,value,2026-09-19T05:25:11Z
2026-09-19T05:21:21Z,2026-09-19T07:21:21+0200,20bb7349-32f2-4bba-8e6d-dd59e0dd102f,2026-09-17T22:00:00Z,2026-09-18T00:00:00+0200,154.93,EUR/MWh,BE,BE,day_ahead_price,value,2026-09-19T05:25:11Z
2026-09-19T05:21:21Z,2026-09-19T07:21:21+0200,20bb7349-32f2-4bba-8e6d-dd59e0dd102f,2026-09-17T22:15:00Z,2026-09-18T00:15:00+0200,147.78,EUR/MWh,BE,BE,day_ahead_price,value,2026-09-19T05:25:11Z
2026-09-19T05:21:21Z,2026-09-19T07:21:21+0200,20bb7349-32f2-4bba-8e6d-dd59e0dd102f,2026-09-17T22:30:00Z,2026-09-18T00:30:00+0200,139.31,EUR/MWh,BE,BE,day_ahead_price,value,2026-09-19T05:25:11Z
2026-09-19T05:21:21Z,2026-09-19T07:21:21+0200,20bb7349-32f2-4bba-8e6d-dd59e0dd102f,2026-09-17T22:45:00Z,2026-09-18T00:45:00+0200,135.34,EUR/MWh,BE,BE,day_ahead_price,value,2026-09-19T05:25:11Z
2026-09-19T05:21:21Z,2026-09-19T07:21:21+0200,20bb7349-32f2-4bba-8e6d-dd59e0dd102f,2026-09-17T23:00:00Z,2026-09-18T01:00:00+0200,140.08,EUR/MWh,BE,BE,day_ahead_price,value,2026-09-19T05:25:11Z
2026-09-19T05:21:21Z,2026-09-19T07:21:21+0200,20bb7349-32f2-4bba-8e6d-dd59e0dd102f,2026-09-17T23:15:00Z,2026-09-18T01:15:00+0200,134.35,EUR/MWh,BE,BE,day_ahead_price,value,2026-09-19T05:25:11Z
2026-09-19T05:21:21Z,2026-09-19T07:21:21+0200,20bb7349-32f2-4bba-8e6d-dd59e0dd102f,2026-09-17T23:30:00Z,2026-09-18T01:30:00+0200,132.41,EUR/MWh,BE,BE,day_ahead_price,value,2026-09-19T05:25:11Z
2026-09-19T05:21:21Z,2026-09-19T07:21:21+0200,20bb7349-32f2-4bba-8e6d-dd59e0dd102f,2026-09-17T23:45:00Z,2026-09-18T01:45:00+0200,132.98,EUR/MWh,BE,BE,day_ahead_price,value,2026-09-19T05:25:11Z
2026-09-19T05:21:21Z,2026-09-19T07:21:21+0200,20bb7349-32f2-4bba-8e6d-dd59e0dd102f,2026-09-18T00:00:00Z,2026-09-18T02:00:00+0200,131.48,EUR/MWh,BE,BE,day_ahead_price,value,2026-09-19T05:25:11Z
2026-09-19T05:21:21Z,2026-09-19T07:21:21+0200,20bb7349-32f2-4bba-8e6d-dd59e0dd102f,2026-09-18T00:15:00Z,2026-09-18T02:15:00+0200,130.65,EUR/MWh,BE,BE,day_ahead_price,value,2026-09-19T05:25:11Z
2026-09-19T05:21:21Z,2026-09-19T07:21:21+0200,20bb7349-32f2-4bba-8e6d-dd59e0dd102f,2026-09-18T00:30:00Z,2026-09-18T02:30:00+0200,137.82,EUR/MWh,BE,BE,day_ahead_price,value,2026-09-19T05:25:11Z
2026-09-19T05:21:21Z,2026-09-19T07:21:21+0200,20bb7349-32f2-4bba-8e6d-dd59e0dd102f,2026-09-18T00:45:00Z,2026-09-18T02:45:00+0200,137.95,EUR/MWh,BE,BE,day_ahead_price,value,2026-09-19T05:25:11Z
2026-09-19T05:21:21Z,2026-09-19T07:21:21+0200,20bb7349-32f2-4bba-8e6d-dd59e0dd102f,2026-09-18T01:00:00Z,2026-09-18T03:00:00+0200,132.5,EUR/MWh,BE,BE,day_ahead_price,value,2026-09-19T05:25:11Z
2026-09-19T05:21:21Z,2026-09-19T07:21:21+0200,20bb7349-32f2-4bba-8e6d-dd59e0dd102f,2026-09-18T01:15:00Z,2026-09-18T03:15:00+0200,133.98,EUR/MWh,BE,BE,day_ahead_price,value,2026-09-19T05:25:11Z
2026-09-19T05:21:21Z,2026-09-19T07:21:21+0200,20bb7349-32f2-4bba-8e6d-dd59e0dd102f,2026-09-18T01:30:00Z,2026-09-18T03:30:00+0200,135.29,EUR/MWh,BE,BE,day_ahead_price,value,2026-09-19T05:25:11Z
2026-09-19T05:21:21Z,2026-09-19T07:21:21+0200,20bb7349-32f2-4bba-8e6d-dd59e0dd102f,2026-09-18T01:45:00Z,2026-09-18T03:45:00+0200,143.31,EUR/MWh,BE,BE,day_ahead_price,value,2026-09-19T05:25:11Z
2026-09-19T05:21:21Z,2026-09-19T07:21:21+0200,20bb7349-32f2-4bba-8e6d-dd59e0dd102f,2026-09-18T02:00:00Z,2026-09-18T04:00:00+0200,132.55,EUR/MWh,BE,BE,day_ahead_price,value,2026-09-19T05:25:11Z
2026-09-19T05:21:21Z,2026-09-19T07:21:21+0200,20bb7349-32f2-4bba-8e6d-dd59e0dd102f,2026-09-18T02:15:00Z,2026-09-18T04:15:00+0200,137.72,EUR/MWh,BE,BE,day_ahead_price,value,2026-09-19T05:25:11Z
2026-09-19T05:21:21Z,2026-09-19T07:21:21+0200,20bb7349-32f2-4bba-8e6d-dd59e0dd102f,2026-09-18T02:30:00Z,2026-09-18T04:30:00+0200,134.35,EUR/MWh,BE,BE,day_ahead_price,value,2026-09-19T05:25:11Z
2026-09-19T05:21:21Z,2026-09-19T07:21:21+0200,20bb7349-32f2-4bba-8e6d-dd59e0dd102f,2026-09-18T02:45:00Z,2026-09-18T04:45:00+0200,138.47,EUR/MWh,BE,BE,day_ahead_price,value,2026-09-19T05:25:11Z
2026-09-19T05:21:21Z,2026-09-19T07:21:21+0200,20bb7349-32f2-4bba-8e6d-dd59e0dd102f,2026-09-18T03:00:00Z,2026-09-18T05:00:00+0200,143.38,EUR/MWh,BE,BE,day_ahead_price,value,2026-09-19T05:25:11Z
2026-09-19T05:21:21Z,2026-09-19T07:21:21+0200,20bb7349-32f2-4bba-8e6d-dd59e0dd102f,2026-09-18T03:15:00Z,2026-09-18T05:15:00+0200,142.42,EUR/MWh,BE,BE,day_ahead_price,value,2026-09-19T05:25:11Z
2026-09-19T05:21:21Z,2026-09-19T07:21:21+0200,20bb7349-32f2-4bba-8e6d-dd59e0dd102f,2026-09-18T03:30:00Z,2026-09-18T05:30:00+0200,153.72,EUR/MWh,BE,BE,day_ahead_price,value,2026-09-19T05:25:11Z
2026-09-19T05:21:21Z,2026-09-19T07:21:21+0200,20bb7349-32f2-4bba-8e6d-dd59e0dd102f,2026-09-18T03:45:00Z,2026-09-18T05:45:00+0200,166.12,EUR/MWh,BE,BE,day_ahead_price,value,2026-09-19T05:25:11Z
2026-09-19T05:21:21Z,2026-09-19T07:21:21+0200,20bb7349-32f2-4bba-8e6d-dd59e0dd102f,2026-09-18T04:00:00Z,2026-09-18T06:00:00+0200,178.99,EUR/MWh,BE,BE,day_ahead_price,value,2026-09-19T05:25:11Z
2026-09-19T05:21:21Z,2026-09-19T07:21:21+0200,20bb7349-32f2-4bba-8e6d-dd59e0dd102f,2026-09-18T04:15:00Z,2026-09-18T06:15:00+0200,187.39,EUR/MWh,BE,BE,day_ahead_price,value,2026-09-19T05:25:11Z
2026-09-19T05:21:21Z,2026-09-19T07:21:21+0200,20bb7349-32f2-4bba-8e6d-dd59e0dd102f,2026-09-18T04:30:00Z,2026-09-18T06:30:00+0200,194.1,EUR/MWh,BE,BE,day_ahead_price,value,2026-09-19T05:25:11Z
2026-09-19T05:21:21Z,2026-09-19T07:21:21+0200,20bb7349-32f2-4bba-8e6d-dd59e0dd102f,2026-09-18T04:45:00Z,2026-09-18T06:45:00+0200,208.47,EUR/MWh,BE,BE,day_ahead_price,value,2026-09-19T05:25:11Z
2026-09-19T05:21:21Z,2026-09-19T07:21:21+0200,20bb7349-32f2-4bba-8e6d-dd59e0dd102f,2026-09-18T05:00:00Z,2026-09-18T07:00:00+0200,214.08,EUR/MWh,BE,BE,day_ahead_price,value,2026-09-19T05:25:11Z
2026-09-19T05:21:21Z,2026-09-19T07:21:21+0200,20bb7349-32f2-4bba-8e6d-dd59e0dd102f,2026-09-18T05:15:00Z,2026-09-18T07:15:00+0200,224.71,EUR/MWh,BE,BE,day_ahead_price,value,2026-09-19T05:25:11Z
2026-09-19T05:21:21Z,2026-09-19T07:21:21+0200,20bb7349-32f2-4bba-8e6d-dd59e0dd102f,2026-09-18T05:30:00Z,2026-09-18T07:30:00+0200,227.72,EUR/MWh,BE,BE,day_ahead_price,value,2026-09-19T05:25:11Z
2026-09-19T05:21:21Z,2026-09-19T07:21:21+0200,20bb7349-32f2-4bba-8e6d-dd59e0dd102f,2026-09-18T05:45:00Z,2026-09-18T07:45:00+0200,216.8,EUR/MWh,BE,BE,day_ahead_price,value,2026-09-19T05:25:11Z
2026-09-19T05:21:21Z,2026-09-19T07:21:21+0200,20bb7349-32f2-4bba-8e6d-dd59e0dd102f,2026-09-18T06:00:00Z,2026-09-18T08:00:00+0200,229.11,EUR/MWh,BE,BE,day_ahead_price,value,2026-09-19T05:25:11Z
2026-09-19T05:21:21Z,2026-09-19T07:21:21+0200,20bb7349-32f2-4bba-8e6d-dd59e0dd102f,2026-09-18T06:15:00Z,2026-09-18T08:15:00+0200,212.83,EUR/MWh,BE,BE,day_ahead_price,value,2026-09-19T05:25:11Z
2026-09-19T05:21:21Z,2026-09-19T07:21:21+0200,20bb7349-32f2-4bba-8e6d-dd59e0dd102f,2026-09-18T06:30:00Z,2026-09-18T08:30:00+0200,208.23,EUR/MWh,BE,BE,day_ahead_price,value,2026-09-19T05:25:11Z
2026-09-19T05:21:21Z,2026-09-19T07:21:21+0200,20bb7349-32f2-4bba-8e6d-dd59e0dd102f,2026-09-18T06:45:00Z,2026-09-18T08:45:00+0200,190.36,EUR/MWh,BE,BE,day_ahead_price,value,2026-09-19T05:25:11Z
2026-09-19T05:21:21Z,2026-09-19T07:21:21+0200,20bb7349-32f2-4bba-8e6d-dd59e0dd102f,2026-09-18T07:00:00Z,2026-09-18T09:00:00+0200,210.3,EUR/MWh,BE,BE,day_ahead_price,value,2026-09-19T05:25:11Z
2026-09-19T05:21:21Z,2026-09-19T07:21:21+0200,20bb7349-32f2-4bba-8e6d-dd59e0dd102f,2026-09-18T07:15:00Z,2026-09-18T09:15:00+0200,182.39,EUR/MWh,BE,BE,day_ahead_price,value,2026-09-19T05:25:11Z
2026-09-19T05:21:21Z,2026-09-19T07:21:21+0200,20bb7349-32f2-4bba-8e6d-dd59e0dd102f,2026-09-18T07:30:00Z,2026-09-18T09:30:00+0200,150.0,EUR/MWh,BE,BE,day_ahead_price,value,2026-09-19T05:25:11Z
2026-09-19T05:21:21Z,2026-09-19T07:21:21+0200,20bb7349-32f2-4bba-8e6d-dd59e0dd102f,2026-09-18T07:45:00Z,2026-09-18T09:45:00+0200,114.83,EUR/MWh,BE,BE,day_ahead_price,value,2026-09-19T05:25:11Z
2026-09-19T05:21:21Z,2026-09-19T07:21:21+0200,20bb7349-32f2-4bba-8e6d-dd59e0dd102f,2026-09-18T08:00:00Z,2026-09-18T10:00:00+0200,166.0,EUR/MWh,BE,BE,day_ahead_price,value,2026-09-19T05:25:11Z
2026-09-19T05:21:21Z,2026-09-19T07:21:21+0200,20bb7349-32f2-4bba-8e6d-dd59e0dd102f,2026-09-18T08:15:00Z,2026-09-18T10:15:00+0200,110.0,EUR/MWh,BE,BE,day_ahead_price,value,2026-09-19T05:25:11Z
2026-09-19T05:21:21Z,2026-09-19T07:21:21+0200,20bb7349-32f2-4bba-8e6d-dd59e0dd102f,2026-09-18T08:30:00Z,2026-09-18T10:30:00+0200,83.5,EUR/MWh,BE,BE,day_ahead_price,value,2026-09-19T05:25:11Z
2026-09-19T05:21:21Z,2026-09-19T07:21:21+0200,20bb7349-32f2-4bba-8e6d-dd59e0dd102f,2026-09-18T08:45:00Z,2026-09-18T10:45:00+0200,55.06,EUR/MWh,BE,BE,day_ahead_price,value,2026-09-19T05:25:11Z
2026-09-19T05:21:21Z,2026-09-19T07:21:21+0200,20bb7349-32f2-4bba-8e6d-dd59e0dd102f,2026-09-18T09:00:00Z,2026-09-18T11:00:00+0200,70.83,EUR/MWh,BE,BE,day_ahead_price,value,2026-09-19T05:25:11Z
2026-09-19T05:21:21Z,2026-09-19T07:21:21+0200,20bb7349-32f2-4bba-8e6d-dd59e0dd102f,2026-09-18T09:15:00Z,2026-09-18T11:15:00+0200,66.52,EUR/MWh,BE,BE,day_ahead_price,value,2026-09-19T05:25:11Z
2026-09-19T05:21:21Z,2026-09-19T07:21:21+0200,20bb7349-32f2-4bba-8e6d-dd59e0dd102f,2026-09-18T09:30:00Z,2026-09-18T11:30:00+0200,36.32,EUR/MWh,BE,BE,day_ahead_price,value,2026-09-19T05:25:11Z
2026-09-19T05:21:21Z,2026-09-19T07:21:21+0200,20bb7349-32f2-4bba-8e6d-dd59e0dd102f,2026-09-18T09:45:00Z,2026-09-18T11:45:00+0200,36.23,EUR/MWh,BE,BE,day_ahead_price,value,2026-09-19T05:25:11Z
2026-09-19T05:21:21Z,2026-09-19T07:21:21+0200,20bb7349-32f2-4bba-8e6d-dd59e0dd102f,2026-09-18T10:00:00Z,2026-09-18T12:00:00+0200,20.47,EUR/MWh,BE,BE,day_ahead_price,value,2026-09-19T05:25:11Z
2026-09-19T05:21:21Z,2026-09-19T07:21:21+0200,20bb7349-32f2-4bba-8e6d-dd59e0dd102f,2026-09-18T10:15:00Z,2026-09-18T12:15:00+0200,9.17,EUR/MWh,BE,BE,day_ahead_price,value,2026-09-19T05:25:11Z
2026-09-19T05:21:21Z,2026-09-19T07:21:21+0200,20bb7349-32f2-4bba-8e6d-dd59e0dd102f,2026-09-18T10:30:00Z,2026-09-18T12:30:00+0200,5.7,EUR/MWh,BE,BE,day_ahead_price,value,2026-09-19T05:25:11Z
2026-09-19T05:21:21Z,2026-09-19T07:21:21+0200,20bb7349-32f2-4bba-8e6d-dd59e0dd102f,2026-09-18T10:45:00Z,2026-09-18T12:45:00+0200,1.8,EUR/MWh,BE,BE,day_ahead_price,value,2026-09-19T05:25:11Z
2026-09-19T05:21:21Z,2026-09-19T07:21:21+0200,20bb7349-32f2-4bba-8e6d-dd59e0dd102f,2026-09-18T11:00:00Z,2026-09-18T13:00:00+0200,6.13,EUR/MWh,BE,BE,day_ahead_price,value,2026-09-19T05:25:11Z
2026-09-19T05:21:21Z,2026-09-19T07:21:21+0200,20bb7349-32f2-4bba-8e6d-dd59e0dd102f,2026-09-18T11:15:00Z,2026-09-18T13:15:00+0200,4.83,EUR/MWh,BE,BE,day_ahead_price,value,2026-09-19T05:25:11Z
2026-09-19T05:21:21Z,2026-09-19T07:21:21+0200,20bb7349-32f2-4bba-8e6d-dd59e0dd102f,2026-09-18T11:30:00Z,2026-09-18T13:30:00+0200,5.32,EUR/MWh,BE,BE,day_ahead_price,value,2026-09-19T05:25:11Z
2026-09-19T05:21:21Z,2026-09-19T07:21:21+0200,20bb7349-32f2-4bba-8e6d-dd59e0dd102f,2026-09-18T11:45:00Z,2026-09-18T13:45:00+0200,5.13,EUR/MWh,BE,BE,day_ahead_price,value,2026-09-19T05:25:11Z
2026-09-19T05:21:21Z,2026-09-19T07:21:21+0200,20bb7349-32f2-4bba-8e6d-dd59e0dd102f,2026-09-18T12:00:00Z,2026-09-18T14:00:00+0200,16.92,EUR/MWh,BE,BE,day_ahead_price,value,2026-09-19T05:25:11Z
2026-09-19T05:21:21Z,2026-09-19T07:21:21+0200,20bb7349-32f2-4bba-8e6d-dd59e0dd102f,2026-09-18T12:15:00Z,2026-09-18T14:15:00+0200,18.22,EUR/MWh,BE,BE,day_ahead_price,value,2026-09-19T05:25:11Z
2026-09-19T05:21:21Z,2026-09-19T07:21:21+0200,20bb7349-32f2-4bba-8e6d-dd59e0dd102f,2026-09-18T12:30:00Z,2026-09-18T14:30:00+0200,18.6,EUR/MWh,BE,BE,day_ahead_price,value,2026-09-19T05:25:11Z
2026-09-19T05:21:21Z,2026-09-19T07:21:21+0200,20bb7349-32f2-4bba-8e6d-dd59e0dd102f,2026-09-18T12:45:00Z,2026-09-18T14:45:00+0200,26.34,EUR/MWh,BE,BE,day_ahead_price,value,2026-09-19T05:25:11Z
2026-09-19T05:21:21Z,2026-09-19T07:21:21+0200,20bb7349-32f2-4bba-8e6d-dd59e0dd102f,2026-09-18T13:00:00Z,2026-09-18T15:00:00+0200,0.38,EUR/MWh,BE,BE,day_ahead_price,value,2026-09-19T05:25:11Z
2026-09-19T05:21:21Z,2026-09-19T07:21:21+0200,20bb7349-32f2-4bba-8e6d-dd59e0dd102f,2026-09-18T13:15:00Z,2026-09-18T15:15:00+0200,2.33,EUR/MWh,BE,BE,day_ahead_price,value,2026-09-19T05:25:11Z
2026-09-19T05:21:21Z,2026-09-19T07:21:21+0200,20bb7349-32f2-4bba-8e6d-dd59e0dd102f,2026-09-18T13:30:00Z,2026-09-18T15:30:00+0200,4.15,EUR/MWh,BE,BE,day_ahead_price,value,2026-09-19T05:25:11Z
2026-09-19T05:21:21Z,2026-09-19T07:21:21+0200,20bb7349-32f2-4bba-8e6d-dd59e0dd102f,2026-09-18T13:45:00Z,2026-09-18T15:45:00+0200,6.38,EUR/MWh,BE,BE,day_ahead_price,value,2026-09-19T05:25:11Z
2026-09-19T05:21:21Z,2026-09-19T07:21:21+0200,20bb7349-32f2-4bba-8e6d-dd59e0dd102f,2026-09-18T14:00:00Z,2026-09-18T16:00:00+0200,16.45,EUR/MWh,BE,BE,day_ahead_price,value,2026-09-19T05:25:11Z
2026-09-19T05:21:21Z,2026-09-19T07:21:21+0200,20bb7349-32f2-4bba-8e6d-dd59e0dd102f,2026-09-18T14:15:00Z,2026-09-18T16:15:00+0200,9.75,EUR/MWh,BE,BE,day_ahead_price,value,2026-09-19T05:25:11Z
2026-09-19T05:21:21Z,2026-09-19T07:21:21+0200,20bb7349-32f2-4bba-8e6d-dd59e0dd102f,2026-09-18T14:30:00Z,2026-09-18T16:30:00+0200,63.59,EUR/MWh,BE,BE,day_ahead_price,value,2026-09-19T05:25:11Z
2026-09-19T05:21:21Z,2026-09-19T07:21:21+0200,20bb7349-32f2-4bba-8e6d-dd59e0dd102f,2026-09-18T14:45:00Z,2026-09-18T16:45:00+0200,61.63,EUR/MWh,BE,BE,day_ahead_price,value,2026-09-19T05:25:11Z
2026-09-19T05:21:21Z,2026-09-19T07:21:21+0200,20bb7349-32f2-4bba-8e6d-dd59e0dd102f,2026-09-18T15:00:00Z,2026-09-18T17:00:00+0200,32.01,EUR/MWh,BE,BE,day_ahead_price,value,2026-09-19T05:25:11Z
2026-09-19T05:21:21Z,2026-09-19T07:21:21+0200,20bb7349-32f2-4bba-8e6d-dd59e0dd102f,2026-09-18T15:15:00Z,2026-09-18T17:15:00+0200,64.31,EUR/MWh,BE,BE,day_ahead_price,value,2026-09-19T05:25:11Z
2026-09-19T05:21:21Z,2026-09-19T07:21:21+0200,20bb7349-32f2-4bba-8e6d-dd59e0dd102f,2026-09-18T15:30:00Z,2026-09-18T17:30:00+0200,116.25,EUR/MWh,BE,BE,day_ahead_price,value,2026-09-19T05:25:11Z
2026-09-19T05:21:21Z,2026-09-19T07:21:21+0200,20bb7349-32f2-4bba-8e6d-dd59e0dd102f,2026-09-18T15:45:00Z,2026-09-18T17:45:00+0200,154.15,EUR/MWh,BE,BE,day_ahead_price,value,2026-09-19T05:25:11Z
2026-09-19T05:21:21Z,2026-09-19T07:21:21+0200,20bb7349-32f2-4bba-8e6d-dd59e0dd102f,2026-09-18T16:00:00Z,2026-09-18T18:00:00+0200,135.57,EUR/MWh,BE,BE,day_ahead_price,value,2026-09-19T05:25:11Z
2026-09-19T05:21:21Z,2026-09-19T07:21:21+0200,20bb7349-32f2-4bba-8e6d-dd59e0dd102f,2026-09-18T16:15:00Z,2026-09-18T18:15:00+0200,166.57,EUR/MWh,BE,BE,day_ahead_price,value,2026-09-19T05:25:11Z
2026-09-19T05:21:21Z,2026-09-19T07:21:21+0200,20bb7349-32f2-4bba-8e6d-dd59e0dd102f,2026-09-18T16:30:00Z,2026-09-18T18:30:00+0200,198.45,EUR/MWh,BE,BE,day_ahead_price,value,2026-09-19T05:25:11Z
2026-09-19T05:21:21Z,2026-09-19T07:21:21+0200,20bb7349-32f2-4bba-8e6d-dd59e0dd102f,2026-09-18T16:45:00Z,2026-09-18T18:45:00+0200,218.22,EUR/MWh,BE,BE,day_ahead_price,value,2026-09-19T05:25:11Z
2026-09-19T05:21:21Z,2026-09-19T07:21:21+0200,20bb7349-32f2-4bba-8e6d-dd59e0dd102f,2026-09-18T17:00:00Z,2026-09-18T19:00:00+0200,183.16,EUR/MWh,BE,BE,day_ahead_price,value,2026-09-19T05:25:11Z
2026-09-19T05:21:21Z,2026-09-19T07:21:21+0200,20bb7349-32f2-4bba-8e6d-dd59e0dd102f,2026-09-18T17:15:00Z,2026-09-18T19:15:00+0200,189.31,EUR/MWh,BE,BE,day_ahead_price,value,2026-09-19T05:25:11Z
2026-09-19T05:21:21Z,2026-09-19T07:21:21+0200,20bb7349-32f2-4bba-8e6d-dd59e0dd102f,2026-09-18T17:30:00Z,2026-09-18T19:30:00+0200,197.36,EUR/MWh,BE,BE,day_ahead_price,value,2026-09-19T05:25:11Z
2026-09-19T05:21:21Z,2026-09-19T07:21:21+0200,20bb7349-32f2-4bba-8e6d-dd59e0dd102f,2026-09-18T17:45:00Z,2026-09-18T19:45:00+0200,215.28,EUR/MWh,BE,BE,day_ahead_price,value,2026-09-19T05:25:11Z
2026-09-19T05:21:21Z,2026-09-19T07:21:21+0200,20bb7349-32f2-4bba-8e6d-dd59e0dd102f,2026-09-18T18:00:00Z,2026-09-18T20:00:00+0200,206.78,EUR/MWh,BE,BE,day_ahead_price,value,2026-09-19T05:25:11Z
2026-09-19T05:21:21Z,2026-09-19T07:21:21+0200,20bb7349-32f2-4bba-8e6d-dd59e0dd102f,2026-09-18T18:15:00Z,2026-09-18T20:15:00+0200,205.44,EUR/MWh,BE,BE,day_ahead_price,value,2026-09-19T05:25:11Z
2026-09-19T05:21:21Z,2026-09-19T07:21:21+0200,20bb7349-32f2-4bba-8e6d-dd59e0dd102f,2026-09-18T18:30:00Z,2026-09-18T20:30:00+0200,198.66,EUR/MWh,BE,BE,day_ahead_price,value,2026-09-19T05:25:11Z
2026-09-19T05:21:21Z,2026-09-19T07:21:21+0200,20bb7349-32f2-4bba-8e6d-dd59e0dd102f,2026-09-18T18:45:00Z,2026-09-18T20:45:00+0200,195.15,EUR/MWh,BE,BE,day_ahead_price,value,2026-09-19T05:25:11Z
2026-09-19T05:21:21Z,2026-09-19T07:21:21+0200,20bb7349-32f2-4bba-8e6d-dd59e0dd102f,2026-09-18T19:00:00Z,2026-09-18T21:00:00+0200,193.79,EUR/MWh,BE,BE,day_ahead_price,value,2026-09-19T05:25:11Z
2026-09-19T05:21:21Z,2026-09-19T07:21:21+0200,20bb7349-32f2-4bba-8e6d-dd59e0dd102f,2026-09-18T19:15:00Z,2026-09-18T21:15:00+0200,190.4,EUR/MWh,BE,BE,day_ahead_price,value,2026-09-19T05:25:11Z
2026-09-19T05:21:21Z,2026-09-19T07:21:21+0200,20bb7349-32f2-4bba-8e6d-dd59e0dd102f,2026-09-18T19:30:00Z,2026-09-18T21:30:00+0200,180.77,EUR/MWh,BE,BE,day_ahead_price,value,2026-09-19T05:25:11Z
2026-09-19T05:21:21Z,2026-09-19T07:21:21+0200,20bb7349-32f2-4bba-8e6d-dd59e0dd102f,2026-09-18T19:45:00Z,2026-09-18T21:45:00+0200,171.21,EUR/MWh,BE,BE,day_ahead_price,value,2026-09-19T05:25:11Z
2026-09-19T05:21:21Z,2026-09-19T07:21:21+0200,20bb7349-32f2-4bba-8e6d-dd59e0dd102f,2026-09-18T20:00:00Z,2026-09-18T22:00:00+0200,179.84,EUR/MWh,BE,BE,day_ahead_price,value,2026-09-19T05:25:11Z
2026-09-19T05:21:21Z,2026-09-19T07:21:21+0200,20bb7349-32f2-4bba-8e6d-dd59e0dd102f,2026-09-18T20:15:00Z,2026-09-18T22:15:00+0200,176.32,EUR/MWh,BE,BE,day_ahead_price,value,2026-09-19T05:25:11Z
2026-09-19T05:21:21Z,2026-09-19T07:21:21+0200,20bb7349-32f2-4bba-8e6d-dd59e0dd102f,2026-09-18T20:30:00Z,2026-09-18T22:30:00+0200,171.21,EUR/MWh,BE,BE,day_ahead_price,value,2026-09-19T05:25:11Z
2026-09-19T05:21:21Z,2026-09-19T07:21:21+0200,20bb7349-32f2-4bba-8e6d-dd59e0dd102f,2026-09-18T20:45:00Z,2026-09-18T22:45:00+0200,150.91,EUR/MWh,BE,BE,day_ahead_price,value,2026-09-19T05:25:11Z
2026-09-19T05:21:21Z,2026-09-19T07:21:21+0200,20bb7349-32f2-4bba-8e6d-dd59e0dd102f,2026-09-18T21:00:00Z,2026-09-18T23:00:00+0200,164.19,EUR/MWh,BE,BE,day_ahead_price,value,2026-09-19T05:25:11Z
2026-09-19T05:21:21Z,2026-09-19T07:21:21+0200,20bb7349-32f2-4bba-8e6d-dd59e0dd102f,2026-09-18T21:15:00Z,2026-09-18T23:15:00+0200,146.47,EUR/MWh,BE,BE,day_ahead_price,value,2026-09-19T05:25:11Z
2026-09-19T05:21:21Z,2026-09-19T07:21:21+0200,20bb7349-32f2-4bba-8e6d-dd59e0dd102f,2026-09-18T21:30:00Z,2026-09-18T23:30:00+0200,137.36,EUR/MWh,BE,BE,day_ahead_price,value,2026-09-19T05:25:11Z
2026-09-19T05:21:21Z,2026-09-19T07:21:21+0200,20bb7349-32f2-4bba-8e6d-dd59e0dd102f,2026-09-18T21:45:00Z,2026-09-18T23:45:00+0200,118.64,EUR/MWh,BE,BE,day_ahead_price,value,2026-09-19T05:25:11Z
2026-09-19T05:21:21Z,2026-09-19T07:21:21+0200,20bb7349-32f2-4bba-8e6d-dd59e0dd102f,2026-09-18T22:00:00Z,2026-09-19T00:00:00+0200,140.58,EUR/MWh,BE,BE,day_ahead_price,value,2026-09-19T05:25:11Z
2026-09-19T05:21:21Z,2026-09-19T07:21:21+0200,20bb7349-32f2-4bba-8e6d-dd59e0dd102f,2026-09-18T22:15:00Z,2026-09-19T00:15:00+0200,127.22,EUR/MWh,BE,BE,day_ahead_price,value,2026-09-19T05:25:11Z
2026-09-19T05:21:21Z,2026-09-19T07:21:21+0200,20bb7349-32f2-4bba-8e6d-dd59e0dd102f,2026-09-18T22:30:00Z,2026-09-19T00:30:00+0200,106.03,EUR/MWh,BE,BE,day_ahead_price,value,2026-09-19T05:25:11Z
2026-09-19T05:21:21Z,2026-09-19T07:21:21+0200,20bb7349-32f2-4bba-8e6d-dd59e0dd102f,2026-09-18T22:45:00Z,2026-09-19T00:45:00+0200,73.49,EUR/MWh,BE,BE,day_ahead_price,value,2026-09-19T05:25:11Z
2026-09-19T05:21:21Z,2026-09-19T07:21:21+0200,20bb7349-32f2-4bba-8e6d-dd59e0dd102f,2026-09-18T23:00:00Z,2026-09-19T01:00:00+0200,105.36,EUR/MWh,BE,BE,day_ahead_price,value,2026-09-19T05:25:11Z
2026-09-19T05:21:21Z,2026-09-19T07:21:21+0200,20bb7349-32f2-4bba-8e6d-dd59e0dd102f,2026-09-18T23:15:00Z,2026-09-19T01:15:00+0200,90.9,EUR/MWh,BE,BE,day_ahead_price,value,2026-09-19T05:25:11Z
2026-09-19T05:21:21Z,2026-09-19T07:21:21+0200,20bb7349-32f2-4bba-8e6d-dd59e0dd102f,2026-09-18T23:30:00Z,2026-09-19T01:30:00+0200,88.87,EUR/MWh,BE,BE,day_ahead_price,value,2026-09-19T05:25:11Z
2026-09-19T05:21:21Z,2026-09-19T07:21:21+0200,20bb7349-32f2-4bba-8e6d-dd59e0dd102f,2026-09-18T23:45:00Z,2026-09-19T01:45:00+0200,69.24,EUR/MWh,BE,BE,day_ahead_price,value,2026-09-19T05:25:11Z
2026-09-19T05:21:21Z,2026-09-19T07:21:21+0200,20bb7349-32f2-4bba-8e6d-dd59e0dd102f,2026-09-19T00:00:00Z,2026-09-19T02:00:00+0200,83.96,EUR/MWh,BE,BE,day_ahead_price,value,2026-09-19T05:25:11Z
2026-09-19T05:21:21Z,2026-09-19T07:21:21+0200,20bb7349-32f2-4bba-8e6d-dd59e0dd102f,2026-09-19T00:15:00Z,2026-09-19T02:15:00+0200,72.0,EUR/MWh,BE,BE,day_ahead_price,value,2026-09-19T05:25:11Z
2026-09-19T05:21:21Z,2026-09-19T07:21:21+0200,20bb7349-32f2-4bba-8e6d-dd59e0dd102f,2026-09-19T00:30:00Z,2026-09-19T02:30:00+0200,61.18,EUR/MWh,BE,BE,day_ahead_price,value,2026-09-19T05:25:11Z
2026-09-19T05:21:21Z,2026-09-19T07:21:21+0200,20bb7349-32f2-4bba-8e6d-dd59e0dd102f,2026-09-19T00:45:00Z,2026-09-19T02:45:00+0200,55.21,EUR/MWh,BE,BE,day_ahead_price,value,2026-09-19T05:25:11Z
2026-09-19T05:21:21Z,2026-09-19T07:21:21+0200,20bb7349-32f2-4bba-8e6d-dd59e0dd102f,2026-09-19T01:00:00Z,2026-09-19T03:00:00+0200,51.59,EUR/MWh,BE,BE,day_ahead_price,value,2026-09-19T05:25:11Z
2026-09-19T05:21:21Z,2026-09-19T07:21:21+0200,20bb7349-32f2-4bba-8e6d-dd59e0dd102f,2026-09-19T01:15:00Z,2026-09-19T03:15:00+0200,36.82,EUR/MWh,BE,BE,day_ahead_price,value,2026-09-19T05:25:11Z
2026-09-19T05:21:21Z,2026-09-19T07:21:21+0200,20bb7349-32f2-4bba-8e6d-dd59e0dd102f,2026-09-19T01:30:00Z,2026-09-19T03:30:00+0200,29.99,EUR/MWh,BE,BE,day_ahead_price,value,2026-09-19T05:25:11Z
2026-09-19T05:21:21Z,2026-09-19T07:21:21+0200,20bb7349-32f2-4bba-8e6d-dd59e0dd102f,2026-09-19T01:45:00Z,2026-09-19T03:45:00+0200,26.38,EUR/MWh,BE,BE,day_ahead_price,value,2026-09-19T05:25:11Z
2026-09-19T05:21:21Z,2026-09-19T07:21:21+0200,20bb7349-32f2-4bba-8e6d-dd59e0dd102f,2026-09-19T02:00:00Z,2026-09-19T04:00:00+0200,38.23,EUR/MWh,BE,BE,day_ahead_price,value,2026-09-19T05:25:11Z
2026-09-19T05:21:21Z,2026-09-19T07:21:21+0200,20bb7349-32f2-4bba-8e6d-dd59e0dd102f,2026-09-19T02:15:00Z,2026-09-19T04:15:00+0200,40.75,EUR/MWh,BE,BE,day_ahead_price,value,2026-09-19T05:25:11Z
2026-09-19T05:21:21Z,2026-09-19T07:21:21+0200,20bb7349-32f2-4bba-8e6d-dd59e0dd102f,2026-09-19T02:30:00Z,2026-09-19T04:30:00+0200,40.6,EUR/MWh,BE,BE,day_ahead_price,value,2026-09-19T05:25:11Z
2026-09-19T05:21:21Z,2026-09-19T07:21:21+0200,20bb7349-32f2-4bba-8e6d-dd59e0dd102f,2026-09-19T02:45:00Z,2026-09-19T04:45:00+0200,39.78,EUR/MWh,BE,BE,day_ahead_price,value,2026-09-19T05:25:11Z
2026-09-19T05:21:21Z,2026-09-19T07:21:21+0200,20bb7349-32f2-4bba-8e6d-dd59e0dd102f,2026-09-19T03:00:00Z,2026-09-19T05:00:00+0200,38.76,EUR/MWh,BE,BE,day_ahead_price,value,2026-09-19T05:25:11Z
2026-09-19T05:21:21Z,2026-09-19T07:21:21+0200,20bb7349-32f2-4bba-8e6d-dd59e0dd102f,2026-09-19T03:15:00Z,2026-09-19T05:15:00+0200,38.38,EUR/MWh,BE,BE,day_ahead_price,value,2026-09-19T05:25:11Z
2026-09-19T05:21:21Z,2026-09-19T07:21:21+0200,20bb7349-32f2-4bba-8e6d-dd59e0dd102f,2026-09-19T03:30:00Z,2026-09-19T05:30:00+0200,37.89,EUR/MWh,BE,BE,day_ahead_price,value,2026-09-19T05:25:11Z
2026-09-19T05:21:21Z,2026-09-19T07:21:21+0200,20bb7349-32f2-4bba-8e6d-dd59e0dd102f,2026-09-19T03:45:00Z,2026-09-19T05:45:00+0200,44.91,EUR/MWh,BE,BE,day_ahead_price,value,2026-09-19T05:25:11Z
2026-09-19T05:21:21Z,2026-09-19T07:21:21+0200,20bb7349-32f2-4bba-8e6d-dd59e0dd102f,2026-09-19T04:00:00Z,2026-09-19T06:00:00+0200,46.01,EUR/MWh,BE,BE,day_ahead_price,value,2026-09-19T05:25:11Z
2026-09-19T05:21:21Z,2026-09-19T07:21:21+0200,20bb7349-32f2-4bba-8e6d-dd59e0dd102f,2026-09-19T04:15:00Z,2026-09-19T06:15:00+0200,52.44,EUR/MWh,BE,BE,day_ahead_price,value,2026-09-19T05:25:11Z
2026-09-19T05:21:21Z,2026-09-19T07:21:21+0200,20bb7349-32f2-4bba-8e6d-dd59e0dd102f,2026-09-19T04:30:00Z,2026-09-19T06:30:00+0200,46.0,EUR/MWh,BE,BE,day_ahead_price,value,2026-09-19T05:25:11Z
2026-09-19T05:21:21Z,2026-09-19T07:21:21+0200,20bb7349-32f2-4bba-8e6d-dd59e0dd102f,2026-09-19T04:45:00Z,2026-09-19T06:45:00+0200,50.0,EUR/MWh,BE,BE,day_ahead_price,value,2026-09-19T05:25:11Z
2026-09-19T05:21:21Z,2026-09-19T07:21:21+0200,20bb7349-32f2-4bba-8e6d-dd59e0dd102f,2026-09-19T05:00:00Z,2026-09-19T07:00:00+0200,48.91,EUR/MWh,BE,BE,day_ahead_price,value,2026-09-19T05:25:11Z
2026-09-19T05:21:21Z,2026-09-19T07:21:21+0200,20bb7349-32f2-4bba-8e6d-dd59e0dd102f,2026-09-19T05:15:00Z,2026-09-19T07:15:00+0200,49.34,EUR/MWh,BE,BE,day_ahead_price,value,2026-09-19T05:25:11Z
2026-09-19T05:21:21Z,2026-09-19T07:21:21+0200,20bb7349-32f2-4bba-8e6d-dd59e0dd102f,2026-09-19T05:30:00Z,2026-09-19T07:30:00+0200,51.42,EUR/MWh,BE,BE,day_ahead_price,value,2026-09-19T05:25:20Z
2026-09-19T05:21:21Z,2026-09-19T07:21:21+0200,20bb7349-32f2-4bba-8e6d-dd59e0dd102f,2026-09-19T05:45:00Z,2026-09-19T07:45:00+0200,44.77,EUR/MWh,BE,BE,day_ahead_price,value,2026-09-19T05:25:20Z
2026-09-19T05:21:21Z,2026-09-19T07:21:21+0200,20bb7349-32f2-4bba-8e6d-dd59e0dd102f,2026-09-19T06:00:00Z,2026-09-19T08:00:00+0200,53.55,EUR/MWh,BE,BE,day_ahead_price,value,2026-09-19T05:25:20Z
2026-09-19T05:21:21Z,2026-09-19T07:21:21+0200,20bb7349-32f2-4bba-8e6d-dd59e0dd102f,2026-09-19T06:15:00Z,2026-09-19T08:15:00+0200,38.94,EUR/MWh,BE,BE,day_ahead_price,value,2026-09-19T05:25:20Z
2026-09-19T05:21:21Z,2026-09-19T07:21:21+0200,20bb7349-32f2-4bba-8e6d-dd59e0dd102f,2026-09-19T06:30:00Z,2026-09-19T08:30:00+0200,31.24,EUR/MWh,BE,BE,day_ahead_price,value,2026-09-19T05:25:20Z
2026-09-19T05:21:21Z,2026-09-19T07:21:21+0200,20bb7349-32f2-4bba-8e6d-dd59e0dd102f,2026-09-19T06:45:00Z,2026-09-19T08:45:00+0200,12.05,EUR/MWh,BE,BE,day_ahead_price,value,2026-09-19T05:25:20Z
2026-09-19T05:21:21Z,2026-09-19T07:21:21+0200,20bb7349-32f2-4bba-8e6d-dd59e0dd102f,2026-09-19T07:00:00Z,2026-09-19T09:00:00+0200,27.02,EUR/MWh,BE,BE,day_ahead_price,value,2026-09-19T05:25:20Z
2026-09-19T05:21:21Z,2026-09-19T07:21:21+0200,20bb7349-32f2-4bba-8e6d-dd59e0dd102f,2026-09-19T07:15:00Z,2026-09-19T09:15:00+0200,9.97,EUR/MWh,BE,BE,day_ahead_price,value,2026-09-19T05:25:20Z
2026-09-19T05:21:21Z,2026-09-19T07:21:21+0200,20bb7349-32f2-4bba-8e6d-dd59e0dd102f,2026-09-19T07:30:00Z,2026-09-19T09:30:00+0200,3.98,EUR/MWh,BE,BE,day_ahead_price,value,2026-09-19T05:25:20Z
2026-09-19T05:21:21Z,2026-09-19T07:21:21+0200,20bb7349-32f2-4bba-8e6d-dd59e0dd102f,2026-09-19T07:45:00Z,2026-09-19T09:45:00+0200,0.3,EUR/MWh,BE,BE,day_ahead_price,value,2026-09-19T05:25:20Z
2026-09-19T05:21:21Z,2026-09-19T07:21:21+0200,20bb7349-32f2-4bba-8e6d-dd59e0dd102f,2026-09-19T08:00:00Z,2026-09-19T10:00:00+0200,0.3,EUR/MWh,BE,BE,day_ahead_price,value,2026-09-19T05:25:20Z
2026-09-19T05:21:21Z,2026-09-19T07:21:21+0200,20bb7349-32f2-4bba-8e6d-dd59e0dd102f,2026-09-19T08:15:00Z,2026-09-19T10:15:00+0200,0.13,EUR/MWh,BE,BE,day_ahead_price,value,2026-09-19T05:25:20Z
2026-09-19T05:21:21Z,2026-09-19T07:21:21+0200,20bb7349-32f2-4bba-8e6d-dd59e0dd102f,2026-09-19T08:30:00Z,2026-09-19T10:30:00+0200,0.01,EUR/MWh,BE,BE,day_ahead_price,value,2026-09-19T05:25:20Z
2026-09-19T05:21:21Z,2026-09-19T07:21:21+0200,20bb7349-32f2-4bba-8e6d-dd59e0dd102f,2026-09-19T08:45:00Z,2026-09-19T10:45:00+0200,0.02,EUR/MWh,BE,BE,day_ahead_price,value,2026-09-19T05:25:20Z
2026-09-19T05:21:21Z,2026-09-19T07:21:21+0200,20bb7349-32f2-4bba-8e6d-dd59e0dd102f,2026-09-19T09:00:00Z,2026-09-19T11:00:00+0200,0.03,EUR/MWh,BE,BE,day_ahead_price,value,2026-09-19T05:25:20Z
2026-09-19T05:21:21Z,2026-09-19T07:21:21+0200,20bb7349-32f2-4bba-8e6d-dd59e0dd102f,2026-09-19T09:15:00Z,2026-09-19T11:15:00+0200,0.01,EUR/MWh,BE,BE,day_ahead_price,value,2026-09-19T05:25:20Z
2026-09-19T05:21:21Z,2026-09-19T07:21:21+0200,20bb7349-32f2-4bba-8e6d-dd59e0dd102f,2026-09-19T09:30:00Z,2026-09-19T11:30:00+0200,-0.02,EUR/MWh,BE,BE,day_ahead_price,value,2026-09-19T05:25:20Z
2026-09-19T05:21:21Z,2026-09-19T07:21:21+0200,20bb7349-32f2-4bba-8e6d-dd59e0dd102f,2026-09-19T09:45:00Z,2026-09-19T11:45:00+0200,-0.39,EUR/MWh,BE,BE,day_ahead_price,value,2026-09-19T05:25:20Z
2026-09-19T05:21:21Z,2026-09-19T07:21:21+0200,20bb7349-32f2-4bba-8e6d-dd59e0dd102f,2026-09-19T10:00:00Z,2026-09-19T12:00:00+0200,-0.45,EUR/MWh,BE,BE,day_ahead_price,value,2026-09-19T05:25:20Z
2026-09-19T05:21:21Z,2026-09-19T07:21:21+0200,20bb7349-32f2-4bba-8e6d-dd59e0dd102f,2026-09-19T10:15:00Z,2026-09-19T12:15:00+0200,-0.39,EUR/MWh,BE,BE,day_ahead_price,value,2026-09-19T05:25:20Z
2026-09-19T05:21:21Z,2026-09-19T07:21:21+0200,20bb7349-32f2-4bba-8e6d-dd59e0dd102f,2026-09-19T10:30:00Z,2026-09-19T12:30:00+0200,-0.42,EUR/MWh,BE,BE,day_ahead_price,value,2026-09-19T05:25:20Z
2026-09-19T05:21:21Z,2026-09-19T07:21:21+0200,20bb7349-32f2-4bba-8e6d-dd59e0dd102f,2026-09-19T10:45:00Z,2026-09-19T12:45:00+0200,-0.59,EUR/MWh,BE,BE,day_ahead_price,value,2026-09-19T05:25:20Z
2026-09-19T05:21:21Z,2026-09-19T07:21:21+0200,20bb7349-32f2-4bba-8e6d-dd59e0dd102f,2026-09-19T11:00:00Z,2026-09-19T13:00:00+0200,-0.85,EUR/MWh,BE,BE,day_ahead_price,value,2026-09-19T05:25:20Z
2026-09-19T05:21:21Z,2026-09-19T07:21:21+0200,20bb7349-32f2-4bba-8e6d-dd59e0dd102f,2026-09-19T11:15:00Z,2026-09-19T13:15:00+0200,-0.94,EUR/MWh,BE,BE,day_ahead_price,value,2026-09-19T05:25:20Z
2026-09-19T05:21:21Z,2026-09-19T07:21:21+0200,20bb7349-32f2-4bba-8e6d-dd59e0dd102f,2026-09-19T11:30:00Z,2026-09-19T13:30:00+0200,-1.2,EUR/MWh,BE,BE,day_ahead_price,value,2026-09-19T05:25:20Z
2026-09-19T05:21:21Z,2026-09-19T07:21:21+0200,20bb7349-32f2-4bba-8e6d-dd59e0dd102f,2026-09-19T11:45:00Z,2026-09-19T13:45:00+0200,-1.45,EUR/MWh,BE,BE,day_ahead_price,value,2026-09-19T05:25:20Z
2026-09-19T05:21:21Z,2026-09-19T07:21:21+0200,20bb7349-32f2-4bba-8e6d-dd59e0dd102f,2026-09-19T12:00:00Z,2026-09-19T14:00:00+0200,-1.15,EUR/MWh,BE,BE,day_ahead_price,value,2026-09-19T05:25:20Z
2026-09-19T05:21:21Z,2026-09-19T07:21:21+0200,20bb7349-32f2-4bba-8e6d-dd59e0dd102f,2026-09-19T12:15:00Z,2026-09-19T14:15:00+0200,-1.15,EUR/MWh,BE,BE,day_ahead_price,value,2026-09-19T05:25:20Z
2026-09-19T05:21:21Z,2026-09-19T07:21:21+0200,20bb7349-32f2-4bba-8e6d-dd59e0dd102f,2026-09-19T12:30:00Z,2026-09-19T14:30:00+0200,-1.08,EUR/MWh,BE,BE,day_ahead_price,value,2026-09-19T05:25:20Z
2026-09-19T05:21:21Z,2026-09-19T07:21:21+0200,20bb7349-32f2-4bba-8e6d-dd59e0dd102f,2026-09-19T12:45:00Z,2026-09-19T14:45:00+0200,-1.16,EUR/MWh,BE,BE,day_ahead_price,value,2026-09-19T05:25:20Z
2026-09-19T05:21:21Z,2026-09-19T07:21:21+0200,20bb7349-32f2-4bba-8e6d-dd59e0dd102f,2026-09-19T13:00:00Z,2026-09-19T15:00:00+0200,-1.16,EUR/MWh,BE,BE,day_ahead_price,value,2026-09-19T05:25:20Z
2026-09-19T05:21:21Z,2026-09-19T07:21:21+0200,20bb7349-32f2-4bba-8e6d-dd59e0dd102f,2026-09-19T13:15:00Z,2026-09-19T15:15:00+0200,-0.82,EUR/MWh,BE,BE,day_ahead_price,value,2026-09-19T05:25:20Z
2026-09-19T05:21:21Z,2026-09-19T07:21:21+0200,20bb7349-32f2-4bba-8e6d-dd59e0dd102f,2026-09-19T13:30:00Z,2026-09-19T15:30:00+0200,-0.68,EUR/MWh,BE,BE,day_ahead_price,value,2026-09-19T05:25:20Z
2026-09-19T05:21:21Z,2026-09-19T07:21:21+0200,20bb7349-32f2-4bba-8e6d-dd59e0dd102f,2026-09-19T13:45:00Z,2026-09-19T15:45:00+0200,0.41,EUR/MWh,BE,BE,day_ahead_price,value,2026-09-19T05:25:20Z
2026-09-19T05:21:21Z,2026-09-19T07:21:21+0200,20bb7349-32f2-4bba-8e6d-dd59e0dd102f,2026-09-19T14:00:00Z,2026-09-19T16:00:00+0200,0.07,EUR/MWh,BE,BE,day_ahead_price,value,2026-09-19T05:25:20Z
2026-09-19T05:21:21Z,2026-09-19T07:21:21+0200,20bb7349-32f2-4bba-8e6d-dd59e0dd102f,2026-09-19T14:15:00Z,2026-09-19T16:15:00+0200,1.68,EUR/MWh,BE,BE,day_ahead_price,value,2026-09-19T05:25:20Z
2026-09-19T05:21:21Z,2026-09-19T07:21:21+0200,20bb7349-32f2-4bba-8e6d-dd59e0dd102f,2026-09-19T14:30:00Z,2026-09-19T16:30:00+0200,1.71,EUR/MWh,BE,BE,day_ahead_price,value,2026-09-19T05:25:20Z
2026-09-19T05:21:21Z,2026-09-19T07:21:21+0200,20bb7349-32f2-4bba-8e6d-dd59e0dd102f,2026-09-19T14:45:00Z,2026-09-19T16:45:00+0200,0.0,EUR/MWh,BE,BE,day_ahead_price,value,2026-09-19T05:25:20Z
2026-09-19T05:21:21Z,2026-09-19T07:21:21+0200,20bb7349-32f2-4bba-8e6d-dd59e0dd102f,2026-09-19T15:00:00Z,2026-09-19T17:00:00+0200,2.04,EUR/MWh,BE,BE,day_ahead_price,value,2026-09-19T05:25:20Z
2026-09-19T05:21:21Z,2026-09-19T07:21:21+0200,20bb7349-32f2-4bba-8e6d-dd59e0dd102f,2026-09-19T15:15:00Z,2026-09-19T17:15:00+0200,1.64,EUR/MWh,BE,BE,day_ahead_price,value,2026-09-19T05:25:20Z
2026-09-19T05:21:21Z,2026-09-19T07:21:21+0200,20bb7349-32f2-4bba-8e6d-dd59e0dd102f,2026-09-19T15:30:00Z,2026-09-19T17:30:00+0200,9.02,EUR/MWh,BE,BE,day_ahead_price,value,2026-09-19T05:25:20Z
2026-09-19T05:21:21Z,2026-09-19T07:21:21+0200,20bb7349-32f2-4bba-8e6d-dd59e0dd102f,2026-09-19T15:45:00Z,2026-09-19T17:45:00+0200,24.0,EUR/MWh,BE,BE,day_ahead_price,value,2026-09-19T05:25:20Z
2026-09-19T05:21:21Z,2026-09-19T07:21:21+0200,20bb7349-32f2-4bba-8e6d-dd59e0dd102f,2026-09-19T16:00:00Z,2026-09-19T18:00:00+0200,30.92,EUR/MWh,BE,BE,day_ahead_price,value,2026-09-19T05:25:20Z
2026-09-19T05:21:21Z,2026-09-19T07:21:21+0200,20bb7349-32f2-4bba-8e6d-dd59e0dd102f,2026-09-19T16:15:00Z,2026-09-19T18:15:00+0200,59.5,EUR/MWh,BE,BE,day_ahead_price,value,2026-09-19T05:25:20Z
2026-09-19T05:21:21Z,2026-09-19T07:21:21+0200,20bb7349-32f2-4bba-8e6d-dd59e0dd102f,2026-09-19T16:30:00Z,2026-09-19T18:30:00+0200,89.19,EUR/MWh,BE,BE,day_ahead_price,value,2026-09-19T05:25:20Z
2026-09-19T05:21:21Z,2026-09-19T07:21:21+0200,20bb7349-32f2-4bba-8e6d-dd59e0dd102f,2026-09-19T16:45:00Z,2026-09-19T18:45:00+0200,110.84,EUR/MWh,BE,BE,day_ahead_price,value,2026-09-19T05:25:20Z
2026-09-19T05:21:21Z,2026-09-19T07:21:21+0200,20bb7349-32f2-4bba-8e6d-dd59e0dd102f,2026-09-19T17:00:00Z,2026-09-19T19:00:00+0200,110.36,EUR/MWh,BE,BE,day_ahead_price,value,2026-09-19T05:25:20Z
2026-09-19T05:21:21Z,2026-09-19T07:21:21+0200,20bb7349-32f2-4bba-8e6d-dd59e0dd102f,2026-09-19T17:15:00Z,2026-09-19T19:15:00+0200,131.87,EUR/MWh,BE,BE,day_ahead_price,value,2026-09-19T05:25:20Z
2026-09-19T05:21:21Z,2026-09-19T07:21:21+0200,20bb7349-32f2-4bba-8e6d-dd59e0dd102f,2026-09-19T17:30:00Z,2026-09-19T19:30:00+0200,144.24,EUR/MWh,BE,BE,day_ahead_price,value,2026-09-19T05:25:20Z
2026-09-19T05:21:21Z,2026-09-19T07:21:21+0200,20bb7349-32f2-4bba-8e6d-dd59e0dd102f,2026-09-19T17:45:00Z,2026-09-19T19:45:00+0200,149.46,EUR/MWh,BE,BE,day_ahead_price,value,2026-09-19T05:25:20Z
2026-09-19T05:21:21Z,2026-09-19T07:21:21+0200,20bb7349-32f2-4bba-8e6d-dd59e0dd102f,2026-09-19T18:00:00Z,2026-09-19T20:00:00+0200,142.85,EUR/MWh,BE,BE,day_ahead_price,value,2026-09-19T05:25:20Z
2026-09-19T05:21:21Z,2026-09-19T07:21:21+0200,20bb7349-32f2-4bba-8e6d-dd59e0dd102f,2026-09-19T18:15:00Z,2026-09-19T20:15:00+0200,128.42,EUR/MWh,BE,BE,day_ahead_price,value,2026-09-19T05:25:20Z
2026-09-19T05:21:21Z,2026-09-19T07:21:21+0200,20bb7349-32f2-4bba-8e6d-dd59e0dd102f,2026-09-19T18:30:00Z,2026-09-19T20:30:00+0200,114.36,EUR/MWh,BE,BE,day_ahead_price,value,2026-09-19T05:25:20Z
2026-09-19T05:21:21Z,2026-09-19T07:21:21+0200,20bb7349-32f2-4bba-8e6d-dd59e0dd102f,2026-09-19T18:45:00Z,2026-09-19T20:45:00+0200,105.0,EUR/MWh,BE,BE,day_ahead_price,value,2026-09-19T05:25:20Z
2026-09-19T05:21:21Z,2026-09-19T07:21:21+0200,20bb7349-32f2-4bba-8e6d-dd59e0dd102f,2026-09-19T19:00:00Z,2026-09-19T21:00:00+0200,118.02,EUR/MWh,BE,BE,day_ahead_price,value,2026-09-19T05:25:20Z
2026-09-19T05:21:21Z,2026-09-19T07:21:21+0200,20bb7349-32f2-4bba-8e6d-dd59e0dd102f,2026-09-19T19:15:00Z,2026-09-19T21:15:00+0200,106.06,EUR/MWh,BE,BE,day_ahead_price,value,2026-09-19T05:25:20Z
2026-09-19T05:21:21Z,2026-09-19T07:21:21+0200,20bb7349-32f2-4bba-8e6d-dd59e0dd102f,2026-09-19T19:30:00Z,2026-09-19T21:30:00+0200,102.84,EUR/MWh,BE,BE,day_ahead_price,value,2026-09-19T05:25:20Z
2026-09-19T05:21:21Z,2026-09-19T07:21:21+0200,20bb7349-32f2-4bba-8e6d-dd59e0dd102f,2026-09-19T19:45:00Z,2026-09-19T21:45:00+0200,84.21,EUR/MWh,BE,BE,day_ahead_price,value,2026-09-19T05:25:20Z
2026-09-19T05:21:21Z,2026-09-19T07:21:21+0200,20bb7349-32f2-4bba-8e6d-dd59e0dd102f,2026-09-19T20:00:00Z,2026-09-19T22:00:00+0200,96.28,EUR/MWh,BE,BE,day_ahead_price,value,2026-09-19T05:25:20Z
2026-09-19T05:21:21Z,2026-09-19T07:21:21+0200,20bb7349-32f2-4bba-8e6d-dd59e0dd102f,2026-09-19T20:15:00Z,2026-09-19T22:15:00+0200,97.25,EUR/MWh,BE,BE,day_ahead_price,value,2026-09-19T05:25:20Z
2026-09-19T05:21:21Z,2026-09-19T07:21:21+0200,20bb7349-32f2-4bba-8e6d-dd59e0dd102f,2026-09-19T20:30:00Z,2026-09-19T22:30:00+0200,97.61,EUR/MWh,BE,BE,day_ahead_price,value,2026-09-19T05:25:20Z
2026-09-19T05:21:21Z,2026-09-19T07:21:21+0200,20bb7349-32f2-4bba-8e6d-dd59e0dd102f,2026-09-19T20:45:00Z,2026-09-19T22:45:00+0200,99.58,EUR/MWh,BE,BE,day_ahead_price,value,2026-09-19T05:25:20Z
2026-09-19T05:21:21Z,2026-09-19T07:21:21+0200,20bb7349-32f2-4bba-8e6d-dd59e0dd102f,2026-09-19T21:00:00Z,2026-09-19T23:00:00+0200,97.61,EUR/MWh,BE,BE,day_ahead_price,value,2026-09-19T05:25:20Z
2026-09-19T05:21:21Z,2026-09-19T07:21:21+0200,20bb7349-32f2-4bba-8e6d-dd59e0dd102f,2026-09-19T21:15:00Z,2026-09-19T23:15:00+0200,93.24,EUR/MWh,BE,BE,day_ahead_price,value,2026-09-19T05:25:20Z
2026-09-19T05:21:21Z,2026-09-19T07:21:21+0200,20bb7349-32f2-4bba-8e6d-dd59e0dd102f,2026-09-19T21:30:00Z,2026-09-19T23:30:00+0200,93.54,EUR/MWh,BE,BE,day_ahead_price,value,2026-09-19T05:25:20Z
2026-09-19T05:21:21Z,2026-09-19T07:21:21+0200,20bb7349-32f2-4bba-8e6d-dd59e0dd102f,2026-09-19T21:45:00Z,2026-09-19T23:45:00+0200,84.12,EUR/MWh,BE,BE,day_ahead_price,value,2026-09-19T05:25:20Z
