collection_time_utc,collection_time_local,run_id,timestamp_utc,timestamp_local,value,unit,country,entsoe_area,variable,source,updated_at_utc
2026-09-14T17:00:52Z,2026-09-14T19:00:52+0200,90888f2d-e992-4125-8952-0b7eab29538c,2026-09-07T17:15:00Z,2026-09-07T19:15:00+0200,238.42,EUR/MWh,BE,BE,day_ahead_price,value,2026-09-14T17:03:32Z
2026-09-14T17:00:52Z,2026-09-14T19:00:52+0200,90888f2d-e992-4125-8952-0b7eab29538c,2026-09-07T17:30:00Z,2026-09-07T19:30:00+0200,256.31,EUR/MWh,BE,BE,day_ahead_price,value,2026-09-14T17:03:32Z
2026-09-14T17:00:52Z,2026-09-14T19:00:52+0200,90888f2d-e992-4125-8952-0b7eab29538c,2026-09-07T17:45:00Z,2026-09-07T19:45:00+0200,251.52,EUR/MWh,BE,BE,day_ahead_price,value,2026-09-14T17:03:32Z
2026-09-14T17:00:52Z,2026-09-14T19:00:52+0200,90888f2d-e992-4125-8952-0b7eab29538c,2026-09-07T18:00:00Z,2026-09-07T20:00:00+0200,231.09,EUR/MWh,BE,BE,day_ahead_price,value,2026-09-14T17:03:32Z
2026-09-14T17:00:52Z,2026-09-14T19:00:52+0200,90888f2d-e992-4125-8952-0b7eab29538c,2026-09-07T18:15:00Z,2026-09-07T20:15:00+0200,236.2,EUR/MWh,BE,BE,day_ahead_price,value,2026-09-14T17:03:32Z
2026-09-14T17:00:52Z,2026-09-14T19:00:52+0200,90888f2d-e992-4125-8952-0b7eab29538c,2026-09-07T18:30:00Z,2026-09-07T20:30:00+0200,240.78,EUR/MWh,BE,BE,day_ahead_price,value,2026-09-14T17:03:32Z
2026-09-14T17:00:52Z,2026-09-14T19:00:52+0200,90888f2d-e992-4125-8952-0b7eab29538c,2026-09-07T18:45:00Z,2026-09-07T20:45:00+0200,227.76,EUR/MWh,BE,BE,day_ahead_price,value,2026-09-14T17:03:32Z
2026-09-14T17:00:52Z,2026-09-14T19:00:52+0200,90888f2d-e992-4125-8952-0b7eab29538c,2026-09-07T19:00:00Z,2026-09-07T21:00:00+0200,234.26,EUR/MWh,BE,BE,day_ahead_price,value,2026-09-14T17:03:32Z
2026-09-14T17:00:52Z,2026-09-14T19:00:52+0200,90888f2d-e992-4125-8952-0b7eab29538c,2026-09-07T19:15:00Z,2026-09-07T21:15:00+0200,208.47,EUR/MWh,BE,BE,day_ahead_price,value,2026-09-14T17:03:32Z
2026-09-14T17:00:52Z,2026-09-14T19:00:52+0200,90888f2d-e992-4125-8952-0b7eab29538c,2026-09-07T19:30:00Z,2026-09-07T21:30:00+0200,199.27,EUR/MWh,BE,BE,day_ahead_price,value,2026-09-14T17:03:32Z
2026-09-14T17:00:52Z,2026-09-14T19:00:52+0200,90888f2d-e992-4125-8952-0b7eab29538c,2026-09-07T19:45:00Z,2026-09-07T21:45:00+0200,182.15,EUR/MWh,BE,BE,day_ahead_price,value,2026-09-14T17:03:32Z
2026-09-14T17:00:52Z,2026-09-14T19:00:52+0200,90888f2d-e992-4125-8952-0b7eab29538c,2026-09-07T20:00:00Z,2026-09-07T22:00:00+0200,196.74,EUR/MWh,BE,BE,day_ahead_price,value,2026-09-14T17:03:32Z
2026-09-14T17:00:52Z,2026-09-14T19:00:52+0200,90888f2d-e992-4125-8952-0b7eab29538c,2026-09-07T20:15:00Z,2026-09-07T22:15:00+0200,190.39,EUR/MWh,BE,BE,day_ahead_price,value,2026-09-14T17:03:32Z
2026-09-14T17:00:52Z,2026-09-14T19:00:52+0200,90888f2d-e992-4125-8952-0b7eab29538c,2026-09-07T20:30:00Z,2026-09-07T22:30:00+0200,189.67,EUR/MWh,BE,BE,day_ahead_price,value,2026-09-14T17:03:32Z
2026-09-14T17:00:52Z,2026-09-14T19:00:52+0200,90888f2d-e992-4125-8952-0b7eab29538c,2026-09-07T20:45:00Z,2026-09-07T22:45:00+0200,181.83,EUR/MWh,BE,BE,day_ahead_price,value,2026-09-14T17:03:32Z
2026-09-14T17:00:52Z,2026-09-14T19:00:52+0200,90888f2d-e992-4125-8952-0b7eab29538c,2026-09-07T21:00:00Z,2026-09-07T23:00:00+0200,184.32,EUR/MWh,BE,BE,day_ahead_price,value,2026-09-14T17:03:32Z
2026-09-14T17:00:52Z,2026-09-14T19:00:52+0200,90888f2d-e992-4125-8952-0b7eab29538c,2026-09-07T21:15:00Z,2026-09-07T23:15:00+0200,176.62,EUR/MWh,BE,BE,day_ahead_price,value,2026-09-14T17:03:32Z
2026-09-14T17:00:52Z,2026-09-14T19:00:52+0200,90888f2d-e992-4125-8952-0b7eab29538c,2026-09-07T21:30:00Z,2026-09-07T23:30:00+0200,178.67,EUR/MWh,BE,BE,day_ahead_price,value,2026-09-14T17:03:32Z
2026-09-14T17:00:52Z,2026-09-14T19:00:52+0200,90888f2d-e992-4125-8952-0b7eab29538c,2026-09-07T21:45:00Z,2026-09-07T23:45:00+0200,167.72,EUR/MWh,BE,BE,day_ahead_price,value,2026-09-14T17:03:32Z
2026-09-14T17:00:52Z,2026-09-14T19:00:52+0200,90888f2d-e992-4125-8952-0b7eab29538c,2026-09-07T22:00:00Z,2026-09-08T00:00:00+0200,206.48,EUR/MWh,BE,BE,day_ahead_price,value,2026-09-14T17:03:32Z
2026-09-14T17:00:52Z,2026-09-14T19:00:52+0200,90888f2d-e992-4125-8952-0b7eab29538c,2026-09-07T22:15:00Z,2026-09-08T00:15:00+0200,177.9,EUR/MWh,BE,BE,day_ahead_price,value,2026-09-14T17:03:32Z
2026-09-14T17:00:52Z,2026-09-14T19:00:52+0200,90888f2d-e992-4125-8952-0b7eab29538c,2026-09-07T22:30:00Z,2026-09-08T00:30:00+0200,169.38,EUR/MWh,BE,BE,day_ahead_price,value,2026-09-14T17:03:32Z
2026-09-14T17:00:52Z,2026-09-14T19:00:52+0200,90888f2d-e992-4125-8952-0b7eab29538c,2026-09-07T22:45:00Z,2026-09-08T00:45:00+0200,165.08,EUR/MWh,BE,BE,day_ahead_price,value,2026-09-14T17:03:32Z
2026-09-14T17:00:52Z,2026-09-14T19:00:52+0200,90888f2d-e992-4125-8952-0b7eab29538c,2026-09-07T23:00:00Z,2026-09-08T01:00:00+0200,177.17,EUR/MWh,BE,BE,day_ahead_price,value,2026-09-14T17:03:32Z
2026-09-14T17:00:52Z,2026-09-14T19:00:52+0200,90888f2d-e992-4125-8952-0b7eab29538c,2026-09-07T23:15:00Z,2026-09-08T01:15:00+0200,170.08,EUR/MWh,BE,BE,day_ahead_price,value,2026-09-14T17:03:32Z
2026-09-14T17:00:52Z,2026-09-14T19:00:52+0200,90888f2d-e992-4125-8952-0b7eab29538c,2026-09-07T23:30:00Z,2026-09-08T01:30:00+0200,168.0,EUR/MWh,BE,BE,day_ahead_price,value,2026-09-14T17:03:32Z
2026-09-14T17:00:52Z,2026-09-14T19:00:52+0200,90888f2d-e992-4125-8952-0b7eab29538c,2026-09-07T23:45:00Z,2026-09-08T01:45:00+0200,162.55,EUR/MWh,BE,BE,day_ahead_price,value,2026-09-14T17:03:32Z
2026-09-14T17:00:52Z,2026-09-14T19:00:52+0200,90888f2d-e992-4125-8952-0b7eab29538c,2026-09-08T00:00:00Z,2026-09-08T02:00:00+0200,159.7,EUR/MWh,BE,BE,day_ahead_price,value,2026-09-14T17:03:32Z
2026-09-14T17:00:52Z,2026-09-14T19:00:52+0200,90888f2d-e992-4125-8952-0b7eab29538c,2026-09-08T00:15:00Z,2026-09-08T02:15:00+0200,157.7,EUR/MWh,BE,BE,day_ahead_price,value,2026-09-14T17:03:32Z
2026-09-14T17:00:52Z,2026-09-14T19:00:52+0200,90888f2d-e992-4125-8952-0b7eab29538c,2026-09-08T00:30:00Z,2026-09-08T02:30:00+0200,158.04,EUR/MWh,BE,BE,day_ahead_price,value,2026-09-14T17:03:32Z
2026-09-14T17:00:52Z,2026-09-14T19:00:52+0200,90888f2d-e992-4125-8952-0b7eab29538c,2026-09-08T00:45:00Z,2026-09-08T02:45:00+0200,157.37,EUR/MWh,BE,BE,day_ahead_price,value,2026-09-14T17:03:32Z
2026-09-14T17:00:52Z,2026-09-14T19:00:52+0200,90888f2d-e992-4125-8952-0b7eab29538c,2026-09-08T01:00:00Z,2026-09-08T03:00:00+0200,153.22,EUR/MWh,BE,BE,day_ahead_price,value,2026-09-14T17:03:32Z
2026-09-14T17:00:52Z,2026-09-14T19:00:52+0200,90888f2d-e992-4125-8952-0b7eab29538c,2026-09-08T01:15:00Z,2026-09-08T03:15:00+0200,155.0,EUR/MWh,BE,BE,day_ahead_price,value,2026-09-14T17:03:32Z
2026-09-14T17:00:52Z,2026-09-14T19:00:52+0200,90888f2d-e992-4125-8952-0b7eab29538c,2026-09-08T01:30:00Z,2026-09-08T03:30:00+0200,154.56,EUR/MWh,BE,BE,day_ahead_price,value,2026-09-14T17:03:32Z
2026-09-14T17:00:52Z,2026-09-14T19:00:52+0200,90888f2d-e992-4125-8952-0b7eab29538c,2026-09-08T01:45:00Z,2026-09-08T03:45:00+0200,154.92,EUR/MWh,BE,BE,day_ahead_price,value,2026-09-14T17:03:32Z
2026-09-14T17:00:52Z,2026-09-14T19:00:52+0200,90888f2d-e992-4125-8952-0b7eab29538c,2026-09-08T02:00:00Z,2026-09-08T04:00:00+0200,152.87,EUR/MWh,BE,BE,day_ahead_price,value,2026-09-14T17:03:32Z
2026-09-14T17:00:52Z,2026-09-14T19:00:52+0200,90888f2d-e992-4125-8952-0b7eab29538c,2026-09-08T02:15:00Z,2026-09-08T04:15:00+0200,153.88,EUR/MWh,BE,BE,day_ahead_price,value,2026-09-14T17:03:32Z
2026-09-14T17:00:52Z,2026-09-14T19:00:52+0200,90888f2d-e992-4125-8952-0b7eab29538c,2026-09-08T02:30:00Z,2026-09-08T04:30:00+0200,154.58,EUR/MWh,BE,BE,day_ahead_price,value,2026-09-14T17:03:32Z
2026-09-14T17:00:52Z,2026-09-14T19:00:52+0200,90888f2d-e992-4125-8952-0b7eab29538c,2026-09-08T02:45:00Z,2026-09-08T04:45:00+0200,152.48,EUR/MWh,BE,BE,day_ahead_price,value,2026-09-14T17:03:32Z
2026-09-14T17:00:52Z,2026-09-14T19:00:52+0200,90888f2d-e992-4125-8952-0b7eab29538c,2026-09-08T03:00:00Z,2026-09-08T05:00:00+0200,155.13,EUR/MWh,BE,BE,day_ahead_price,value,2026-09-14T17:03:32Z
2026-09-14T17:00:52Z,2026-09-14T19:00:52+0200,90888f2d-e992-4125-8952-0b7eab29538c,2026-09-08T03:15:00Z,2026-09-08T05:15:00+0200,160.05,EUR/MWh,BE,BE,day_ahead_price,value,2026-09-14T17:03:32Z
2026-09-14T17:00:52Z,2026-09-14T19:00:52+0200,90888f2d-e992-4125-8952-0b7eab29538c,2026-09-08T03:30:00Z,2026-09-08T05:30:00+0200,169.53,EUR/MWh,BE,BE,day_ahead_price,value,2026-09-14T17:03:32Z
2026-09-14T17:00:52Z,2026-09-14T19:00:52+0200,90888f2d-e992-4125-8952-0b7eab29538c,2026-09-08T03:45:00Z,2026-09-08T05:45:00+0200,188.53,EUR/MWh,BE,BE,day_ahead_price,value,2026-09-14T17:03:32Z
2026-09-14T17:00:52Z,2026-09-14T19:00:52+0200,90888f2d-e992-4125-8952-0b7eab29538c,2026-09-08T04:00:00Z,2026-09-08T06:00:00+0200,188.04,EUR/MWh,BE,BE,day_ahead_price,value,2026-09-14T17:03:32Z
2026-09-14T17:00:52Z,2026-09-14T19:00:52+0200,90888f2d-e992-4125-8952-0b7eab29538c,2026-09-08T04:15:00Z,2026-09-08T06:15:00+0200,204.34,EUR/MWh,BE,BE,day_ahead_price,value,2026-09-14T17:03:32Z
2026-09-14T17:00:52Z,2026-09-14T19:00:52+0200,90888f2d-e992-4125-8952-0b7eab29538c,2026-09-08T04:30:00Z,2026-09-08T06:30:00+0200,213.46,EUR/MWh,BE,BE,day_ahead_price,value,2026-09-14T17:03:32Z
2026-09-14T17:00:52Z,2026-09-14T19:00:52+0200,90888f2d-e992-4125-8952-0b7eab29538c,2026-09-08T04:45:00Z,2026-09-08T06:45:00+0200,215.19,EUR/MWh,BE,BE,day_ahead_price,value,2026-09-14T17:03:32Z
2026-09-14T17:00:52Z,2026-09-14T19:00:52+0200,90888f2d-e992-4125-8952-0b7eab29538c,2026-09-08T05:00:00Z,2026-09-08T07:00:00+0200,228.76,EUR/MWh,BE,BE,day_ahead_price,value,2026-09-14T17:03:32Z
2026-09-14T17:00:52Z,2026-09-14T19:00:52+0200,90888f2d-e992-4125-8952-0b7eab29538c,2026-09-08T05:15:00Z,2026-09-08T07:15:00+0200,224.12,EUR/MWh,BE,BE,day_ahead_price,value,2026-09-14T17:03:32Z
2026-09-14T17:00:52Z,2026-09-14T19:00:52+0200,90888f2d-e992-4125-8952-0b7eab29538c,2026-09-08T05:30:00Z,2026-09-08T07:30:00+0200,217.31,EUR/MWh,BE,BE,day_ahead_price,value,2026-09-14T17:03:32Z
2026-09-14T17:00:52Z,2026-09-14T19:00:52+0200,90888f2d-e992-4125-8952-0b7eab29538c,2026-09-08T05:45:00Z,2026-09-08T07:45:00+0200,213.47,EUR/MWh,BE,BE,day_ahead_price,value,2026-09-14T17:03:32Z
2026-09-14T17:00:52Z,2026-09-14T19:00:52+0200,90888f2d-e992-4125-8952-0b7eab29538c,2026-09-08T06:00:00Z,2026-09-08T08:00:00+0200,230.01,EUR/MWh,BE,BE,day_ahead_price,value,2026-09-14T17:03:32Z
2026-09-14T17:00:52Z,2026-09-14T19:00:52+0200,90888f2d-e992-4125-8952-0b7eab29538c,2026-09-08T06:15:00Z,2026-09-08T08:15:00+0200,215.61,EUR/MWh,BE,BE,day_ahead_price,value,2026-09-14T17:03:32Z
2026-09-14T17:00:52Z,2026-09-14T19:00:52+0200,90888f2d-e992-4125-8952-0b7eab29538c,2026-09-08T06:30:00Z,2026-09-08T08:30:00+0200,199.98,EUR/MWh,BE,BE,day_ahead_price,value,2026-09-14T17:03:32Z
2026-09-14T17:00:52Z,2026-09-14T19:00:52+0200,90888f2d-e992-4125-8952-0b7eab29538c,2026-09-08T06:45:00Z,2026-09-08T08:45:00+0200,157.34,EUR/MWh,BE,BE,day_ahead_price,value,2026-09-14T17:03:32Z
2026-09-14T17:00:52Z,2026-09-14T19:00:52+0200,90888f2d-e992-4125-8952-0b7eab29538c,2026-09-08T07:00:00Z,2026-09-08T09:00:00+0200,199.88,EUR/MWh,BE,BE,day_ahead_price,value,2026-09-14T17:03:32Z
2026-09-14T17:00:52Z,2026-09-14T19:00:52+0200,90888f2d-e992-4125-8952-0b7eab29538c,2026-09-08T07:15:00Z,2026-09-08T09:15:00+0200,174.17,EUR/MWh,BE,BE,day_ahead_price,value,2026-09-14T17:03:32Z
2026-09-14T17:00:52Z,2026-09-14T19:00:52+0200,90888f2d-e992-4125-8952-0b7eab29538c,2026-09-08T07:30:00Z,2026-09-08T09:30:00+0200,152.17,EUR/MWh,BE,BE,day_ahead_price,value,2026-09-14T17:03:32Z
2026-09-14T17:00:52Z,2026-09-14T19:00:52+0200,90888f2d-e992-4125-8952-0b7eab29538c,2026-09-08T07:45:00Z,2026-09-08T09:45:00+0200,126.24,EUR/MWh,BE,BE,day_ahead_price,value,2026-09-14T17:03:32Z
2026-09-14T17:00:52Z,2026-09-14T19:00:52+0200,90888f2d-e992-4125-8952-0b7eab29538c,2026-09-08T08:00:00Z,2026-09-08T10:00:00+0200,167.32,EUR/MWh,BE,BE,day_ahead_price,value,2026-09-14T17:03:32Z
2026-09-14T17:00:52Z,2026-09-14T19:00:52+0200,90888f2d-e992-4125-8952-0b7eab29538c,2026-09-08T08:15:00Z,2026-09-08T10:15:00+0200,155.91,EUR/MWh,BE,BE,day_ahead_price,value,2026-09-14T17:03:32Z
2026-09-14T17:00:52Z,2026-09-14T19:00:52+0200,90888f2d-e992-4125-8952-0b7eab29538c,2026-09-08T08:30:00Z,2026-09-08T10:30:00+0200,130.94,EUR/MWh,BE,BE,day_ahead_price,value,2026-09-14T17:03:32Z
2026-09-14T17:00:52Z,2026-09-14T19:00:52+0200,90888f2d-e992-4125-8952-0b7eab29538c,2026-09-08T08:45:00Z,2026-09-08T10:45:00+0200,136.67,EUR/MWh,BE,BE,day_ahead_price,value,2026-09-14T17:03:32Z
2026-09-14T17:00:52Z,2026-09-14T19:00:52+0200,90888f2d-e992-4125-8952-0b7eab29538c,2026-09-08T09:00:00Z,2026-09-08T11:00:00+0200,148.69,EUR/MWh,BE,BE,day_ahead_price,value,2026-09-14T17:03:32Z
2026-09-14T17:00:52Z,2026-09-14T19:00:52+0200,90888f2d-e992-4125-8952-0b7eab29538c,2026-09-08T09:15:00Z,2026-09-08T11:15:00+0200,106.43,EUR/MWh,BE,BE,day_ahead_price,value,2026-09-14T17:03:32Z
2026-09-14T17:00:52Z,2026-09-14T19:00:52+0200,90888f2d-e992-4125-8952-0b7eab29538c,2026-09-08T09:30:00Z,2026-09-08T11:30:00+0200,94.0,EUR/MWh,BE,BE,day_ahead_price,value,2026-09-14T17:03:32Z
2026-09-14T17:00:52Z,2026-09-14T19:00:52+0200,90888f2d-e992-4125-8952-0b7eab29538c,2026-09-08T09:45:00Z,2026-09-08T11:45:00+0200,125.0,EUR/MWh,BE,BE,day_ahead_price,value,2026-09-14T17:03:32Z
2026-09-14T17:00:52Z,2026-09-14T19:00:52+0200,90888f2d-e992-4125-8952-0b7eab29538c,2026-09-08T10:00:00Z,2026-09-08T12:00:00+0200,143.12,EUR/MWh,BE,BE,day_ahead_price,value,2026-09-14T17:03:32Z
2026-09-14T17:00:52Z,2026-09-14T19:00:52+0200,90888f2d-e992-4125-8952-0b7eab29538c,2026-09-08T10:15:00Z,2026-09-08T12:15:00+0200,102.46,EUR/MWh,BE,BE,day_ahead_price,value,2026-09-14T17:03:32Z
2026-09-14T17:00:52Z,2026-09-14T19:00:52+0200,90888f2d-e992-4125-8952-0b7eab29538c,2026-09-08T10:30:00Z,2026-09-08T12:30:00+0200,84.77,EUR/MWh,BE,BE,day_ahead_price,value,2026-09-14T17:03:32Z
2026-09-14T17:00:52Z,2026-09-14T19:00:52+0200,90888f2d-e992-4125-8952-0b7eab29538c,2026-09-08T10:45:00Z,2026-09-08T12:45:00+0200,74.62,EUR/MWh,BE,BE,day_ahead_price,value,2026-09-14T17:03:32Z
2026-09-14T17:00:52Z,2026-09-14T19:00:52+0200,90888f2d-e992-4125-8952-0b7eab29538c,2026-09-08T11:00:00Z,2026-09-08T13:00:00+0200,76.0,EUR/MWh,BE,BE,day_ahead_price,value,2026-09-14T17:03:32Z
2026-09-14T17:00:52Z,2026-09-14T19:00:52+0200,90888f2d-e992-4125-8952-0b7eab29538c,2026-09-08T11:15:00Z,2026-09-08T13:15:00+0200,77.0,EUR/MWh,BE,BE,day_ahead_price,value,2026-09-14T17:03:32Z
2026-09-14T17:00:52Z,2026-09-14T19:00:52+0200,90888f2d-e992-4125-8952-0b7eab29538c,2026-09-08T11:30:00Z,2026-09-08T13:30:00+0200,95.42,EUR/MWh,BE,BE,day_ahead_price,value,2026-09-14T17:03:32Z
2026-09-14T17:00:52Z,2026-09-14T19:00:52+0200,90888f2d-e992-4125-8952-0b7eab29538c,2026-09-08T11:45:00Z,2026-09-08T13:45:00+0200,113.5,EUR/MWh,BE,BE,day_ahead_price,value,2026-09-14T17:03:32Z
2026-09-14T17:00:52Z,2026-09-14T19:00:52+0200,90888f2d-e992-4125-8952-0b7eab29538c,2026-09-08T12:00:00Z,2026-09-08T14:00:00+0200,100.0,EUR/MWh,BE,BE,day_ahead_price,value,2026-09-14T17:03:32Z
2026-09-14T17:00:52Z,2026-09-14T19:00:52+0200,90888f2d-e992-4125-8952-0b7eab29538c,2026-09-08T12:15:00Z,2026-09-08T14:15:00+0200,107.4,EUR/MWh,BE,BE,day_ahead_price,value,2026-09-14T17:03:32Z
2026-09-14T17:00:52Z,2026-09-14T19:00:52+0200,90888f2d-e992-4125-8952-0b7eab29538c,2026-09-08T12:30:00Z,2026-09-08T14:30:00+0200,122.47,EUR/MWh,BE,BE,day_ahead_price,value,2026-09-14T17:03:32Z
2026-09-14T17:00:52Z,2026-09-14T19:00:52+0200,90888f2d-e992-4125-8952-0b7eab29538c,2026-09-08T12:45:00Z,2026-09-08T14:45:00+0200,143.41,EUR/MWh,BE,BE,day_ahead_price,value,2026-09-14T17:03:32Z
2026-09-14T17:00:52Z,2026-09-14T19:00:52+0200,90888f2d-e992-4125-8952-0b7eab29538c,2026-09-08T13:00:00Z,2026-09-08T15:00:00+0200,105.96,EUR/MWh,BE,BE,day_ahead_price,value,2026-09-14T17:03:32Z
2026-09-14T17:00:52Z,2026-09-14T19:00:52+0200,90888f2d-e992-4125-8952-0b7eab29538c,2026-09-08T13:15:00Z,2026-09-08T15:15:00+0200,143.02,EUR/MWh,BE,BE,day_ahead_price,value,2026-09-14T17:03:32Z
2026-09-14T17:00:52Z,2026-09-14T19:00:52+0200,90888f2d-e992-4125-8952-0b7eab29538c,2026-09-08T13:30:00Z,2026-09-08T15:30:00+0200,148.2,EUR/MWh,BE,BE,day_ahead_price,value,2026-09-14T17:03:32Z
2026-09-14T17:00:52Z,2026-09-14T19:00:52+0200,90888f2d-e992-4125-8952-0b7eab29538c,2026-09-08T13:45:00Z,2026-09-08T15:45:00+0200,162.25,EUR/MWh,BE,BE,day_ahead_price,value,2026-09-14T17:03:32Z
2026-09-14T17:00:52Z,2026-09-14T19:00:52+0200,90888f2d-e992-4125-8952-0b7eab29538c,2026-09-08T14:00:00Z,2026-09-08T16:00:00+0200,167.9,EUR/MWh,BE,BE,day_ahead_price,value,2026-09-14T17:03:32Z
2026-09-14T17:00:52Z,2026-09-14T19:00:52+0200,90888f2d-e992-4125-8952-0b7eab29538c,2026-09-08T14:15:00Z,2026-09-08T16:15:00+0200,186.28,EUR/MWh,BE,BE,day_ahead_price,value,2026-09-14T17:03:32Z
2026-09-14T17:00:52Z,2026-09-14T19:00:52+0200,90888f2d-e992-4125-8952-0b7eab29538c,2026-09-08T14:30:00Z,2026-09-08T16:30:00+0200,235.1,EUR/MWh,BE,BE,day_ahead_price,value,2026-09-14T17:03:32Z
2026-09-14T17:00:52Z,2026-09-14T19:00:52+0200,90888f2d-e992-4125-8952-0b7eab29538c,2026-09-08T14:45:00Z,2026-09-08T16:45:00+0200,210.72,EUR/MWh,BE,BE,day_ahead_price,value,2026-09-14T17:03:32Z
2026-09-14T17:00:52Z,2026-09-14T19:00:52+0200,90888f2d-e992-4125-8952-0b7eab29538c,2026-09-08T15:00:00Z,2026-09-08T17:00:00+0200,200.0,EUR/MWh,BE,BE,day_ahead_price,value,2026-09-14T17:03:32Z
2026-09-14T17:00:52Z,2026-09-14T19:00:52+0200,90888f2d-e992-4125-8952-0b7eab29538c,2026-09-08T15:15:00Z,2026-09-08T17:15:00+0200,182.0,EUR/MWh,BE,BE,day_ahead_price,value,2026-09-14T17:03:32Z
2026-09-14T17:00:52Z,2026-09-14T19:00:52+0200,90888f2d-e992-4125-8952-0b7eab29538c,2026-09-08T15:30:00Z,2026-09-08T17:30:00+0200,210.19,EUR/MWh,BE,BE,day_ahead_price,value,2026-09-14T17:03:32Z
2026-09-14T17:00:52Z,2026-09-14T19:00:52+0200,90888f2d-e992-4125-8952-0b7eab29538c,2026-09-08T15:45:00Z,2026-09-08T17:45:00+0200,209.85,EUR/MWh,BE,BE,day_ahead_price,value,2026-09-14T17:03:32Z
2026-09-14T17:00:52Z,2026-09-14T19:00:52+0200,90888f2d-e992-4125-8952-0b7eab29538c,2026-09-08T16:00:00Z,2026-09-08T18:00:00+0200,200.49,EUR/MWh,BE,BE,day_ahead_price,value,2026-09-14T17:03:32Z
2026-09-14T17:00:52Z,2026-09-14T19:00:52+0200,90888f2d-e992-4125-8952-0b7eab29538c,2026-09-08T16:15:00Z,2026-09-08T18:15:00+0200,199.34,EUR/MWh,BE,BE,day_ahead_price,value,2026-09-14T17:03:32Z
2026-09-14T17:00:52Z,2026-09-14T19:00:52+0200,90888f2d-e992-4125-8952-0b7eab29538c,2026-09-08T16:30:00Z,2026-09-08T18:30:00+0200,207.1,EUR/MWh,BE,BE,day_ahead_price,value,2026-09-14T17:03:32Z
2026-09-14T17:00:52Z,2026-09-14T19:00:52+0200,90888f2d-e992-4125-8952-0b7eab29538c,2026-09-08T16:45:00Z,2026-09-08T18:45:00+0200,237.47,EUR/MWh,BE,BE,day_ahead_price,value,2026-09-14T17:03:32Z
2026-09-14T17:00:52Z,2026-09-14T19:00:52+0200,90888f2d-e992-4125-8952-0b7eab29538c,2026-09-08T17:00:00Z,2026-09-08T19:00:00+0200,207.72,EUR/MWh,BE,BE,day_ahead_price,value,2026-09-14T17:03:32Z
2026-09-14T17:00:52Z,2026-09-14T19:00:52+0200,90888f2d-e992-4125-8952-0b7eab29538c,2026-09-08T17:15:00Z,2026-09-08T19:15:00+0200,230.83,EUR/MWh,BE,BE,day_ahead_price,value,2026-09-14T17:03:32Z
2026-09-14T17:00:52Z,2026-09-14T19:00:52+0200,90888f2d-e992-4125-8952-0b7eab29538c,2026-09-08T17:30:00Z,2026-09-08T19:30:00+0200,252.1,EUR/MWh,BE,BE,day_ahead_price,value,2026-09-14T17:03:32Z
2026-09-14T17:00:52Z,2026-09-14T19:00:52+0200,90888f2d-e992-4125-8952-0b7eab29538c,2026-09-08T17:45:00Z,2026-09-08T19:45:00+0200,264.0,EUR/MWh,BE,BE,day_ahead_price,value,2026-09-14T17:03:32Z
2026-09-14T17:00:52Z,2026-09-14T19:00:52+0200,90888f2d-e992-4125-8952-0b7eab29538c,2026-09-08T18:00:00Z,2026-09-08T20:00:00+0200,240.95,EUR/MWh,BE,BE,day_ahead_price,value,2026-09-14T17:03:32Z
2026-09-14T17:00:52Z,2026-09-14T19:00:52+0200,90888f2d-e992-4125-8952-0b7eab29538c,2026-09-08T18:15:00Z,2026-09-08T20:15:00+0200,248.69,EUR/MWh,BE,BE,day_ahead_price,value,2026-09-14T17:03:32Z
2026-09-14T17:00:52Z,2026-09-14T19:00:52+0200,90888f2d-e992-4125-8952-0b7eab29538c,2026-09-08T18:30:00Z,2026-09-08T20:30:00+0200,242.39,EUR/MWh,BE,BE,day_ahead_price,value,2026-09-14T17:03:32Z
2026-09-14T17:00:52Z,2026-09-14T19:00:52+0200,90888f2d-e992-4125-8952-0b7eab29538c,2026-09-08T18:45:00Z,2026-09-08T20:45:00+0200,226.87,EUR/MWh,BE,BE,day_ahead_price,value,2026-09-14T17:03:32Z
2026-09-14T17:00:52Z,2026-09-14T19:00:52+0200,90888f2d-e992-4125-8952-0b7eab29538c,2026-09-08T19:00:00Z,2026-09-08T21:00:00+0200,238.95,EUR/MWh,BE,BE,day_ahead_price,value,2026-09-14T17:03:32Z
2026-09-14T17:00:52Z,2026-09-14T19:00:52+0200,90888f2d-e992-4125-8952-0b7eab29538c,2026-09-08T19:15:00Z,2026-09-08T21:15:00+0200,220.97,EUR/MWh,BE,BE,day_ahead_price,value,2026-09-14T17:03:32Z
2026-09-14T17:00:52Z,2026-09-14T19:00:52+0200,90888f2d-e992-4125-8952-0b7eab29538c,2026-09-08T19:30:00Z,2026-09-08T21:30:00+0200,211.83,EUR/MWh,BE,BE,day_ahead_price,value,2026-09-14T17:03:32Z
2026-09-14T17:00:52Z,2026-09-14T19:00:52+0200,90888f2d-e992-4125-8952-0b7eab29538c,2026-09-08T19:45:00Z,2026-09-08T21:45:00+0200,197.31,EUR/MWh,BE,BE,day_ahead_price,value,2026-09-14T17:03:32Z
2026-09-14T17:00:52Z,2026-09-14T19:00:52+0200,90888f2d-e992-4125-8952-0b7eab29538c,2026-09-08T20:00:00Z,2026-09-08T22:00:00+0200,207.15,EUR/MWh,BE,BE,day_ahead_price,value,2026-09-14T17:03:32Z
2026-09-14T17:00:52Z,2026-09-14T19:00:52+0200,90888f2d-e992-4125-8952-0b7eab29538c,2026-09-08T20:15:00Z,2026-09-08T22:15:00+0200,196.89,EUR/MWh,BE,BE,day_ahead_price,value,2026-09-14T17:03:32Z
2026-09-14T17:00:52Z,2026-09-14T19:00:52+0200,90888f2d-e992-4125-8952-0b7eab29538c,2026-09-08T20:30:00Z,2026-09-08T22:30:00+0200,194.8,EUR/MWh,BE,BE,day_ahead_price,value,2026-09-14T17:03:32Z
2026-09-14T17:00:52Z,2026-09-14T19:00:52+0200,90888f2d-e992-4125-8952-0b7eab29538c,2026-09-08T20:45:00Z,2026-09-08T22:45:00+0200,186.29,EUR/MWh,BE,BE,day_ahead_price,value,2026-09-14T17:03:32Z
2026-09-14T17:00:52Z,2026-09-14T19:00:52+0200,90888f2d-e992-4125-8952-0b7eab29538c,2026-09-08T21:00:00Z,2026-09-08T23:00:00+0200,190.45,EUR/MWh,BE,BE,day_ahead_price,value,2026-09-14T17:03:32Z
2026-09-14T17:00:52Z,2026-09-14T19:00:52+0200,90888f2d-e992-4125-8952-0b7eab29538c,2026-09-08T21:15:00Z,2026-09-08T23:15:00+0200,180.93,EUR/MWh,BE,BE,day_ahead_price,value,2026-09-14T17:03:32Z
2026-09-14T17:00:52Z,2026-09-14T19:00:52+0200,90888f2d-e992-4125-8952-0b7eab29538c,2026-09-08T21:30:00Z,2026-09-08T23:30:00+0200,177.47,EUR/MWh,BE,BE,day_ahead_price,value,2026-09-14T17:03:32Z
2026-09-14T17:00:52Z,2026-09-14T19:00:52+0200,90888f2d-e992-4125-8952-0b7eab29538c,2026-09-08T21:45:00Z,2026-09-08T23:45:00+0200,161.86,EUR/MWh,BE,BE,day_ahead_price,value,2026-09-14T17:03:32Z
2026-09-14T17:00:52Z,2026-09-14T19:00:52+0200,90888f2d-e992-4125-8952-0b7eab29538c,2026-09-08T22:00:00Z,2026-09-09T00:00:00+0200,150.93,EUR/MWh,BE,BE,day_ahead_price,value,2026-09-14T17:03:32Z
2026-09-14T17:00:52Z,2026-09-14T19:00:52+0200,90888f2d-e992-4125-8952-0b7eab29538c,2026-09-08T22:15:00Z,2026-09-09T00:15:00+0200,151.41,EUR/MWh,BE,BE,day_ahead_price,value,2026-09-14T17:03:32Z
2026-09-14T17:00:52Z,2026-09-14T19:00:52+0200,90888f2d-e992-4125-8952-0b7eab29538c,2026-09-08T22:30:00Z,2026-09-09T00:30:00+0200,150.99,EUR/MWh,BE,BE,day_ahead_price,value,2026-09-14T17:03:32Z
2026-09-14T17:00:52Z,2026-09-14T19:00:52+0200,90888f2d-e992-4125-8952-0b7eab29538c,2026-09-08T22:45:00Z,2026-09-09T00:45:00+0200,147.59,EUR/MWh,BE,BE,day_ahead_price,value,2026-09-14T17:03:32Z
2026-09-14T17:00:52Z,2026-09-14T19:00:52+0200,90888f2d-e992-4125-8952-0b7eab29538c,2026-09-08T23:00:00Z,2026-09-09T01:00:00+0200,153.25,EUR/MWh,BE,BE,day_ahead_price,value,2026-09-14T17:03:32Z
2026-09-14T17:00:52Z,2026-09-14T19:00:52+0200,90888f2d-e992-4125-8952-0b7eab29538c,2026-09-08T23:15:00Z,2026-09-09T01:15:00+0200,147.26,EUR/MWh,BE,BE,day_ahead_price,value,2026-09-14T17:03:32Z
2026-09-14T17:00:52Z,2026-09-14T19:00:52+0200,90888f2d-e992-4125-8952-0b7eab29538c,2026-09-08T23:30:00Z,2026-09-09T01:30:00+0200,144.04,EUR/MWh,BE,BE,day_ahead_price,value,2026-09-14T17:03:32Z
2026-09-14T17:00:52Z,2026-09-14T19:00:52+0200,90888f2d-e992-4125-8952-0b7eab29538c,2026-09-08T23:45:00Z,2026-09-09T01:45:00+0200,141.53,EUR/MWh,BE,BE,day_ahead_price,value,2026-09-14T17:03:32Z
2026-09-14T17:00:52Z,2026-09-14T19:00:52+0200,90888f2d-e992-4125-8952-0b7eab29538c,2026-09-09T00:00:00Z,2026-09-09T02:00:00+0200,147.79,EUR/MWh,BE,BE,day_ahead_price,value,2026-09-14T17:03:32Z
2026-09-14T17:00:52Z,2026-09-14T19:00:52+0200,90888f2d-e992-4125-8952-0b7eab29538c,2026-09-09T00:15:00Z,2026-09-09T02:15:00+0200,146.53,EUR/MWh,BE,BE,day_ahead_price,value,2026-09-14T17:03:32Z
2026-09-14T17:00:52Z,2026-09-14T19:00:52+0200,90888f2d-e992-4125-8952-0b7eab29538c,2026-09-09T00:30:00Z,2026-09-09T02:30:00+0200,143.55,EUR/MWh,BE,BE,day_ahead_price,value,2026-09-14T17:03:32Z
2026-09-14T17:00:52Z,2026-09-14T19:00:52+0200,90888f2d-e992-4125-8952-0b7eab29538c,2026-09-09T00:45:00Z,2026-09-09T02:45:00+0200,139.93,EUR/MWh,BE,BE,day_ahead_price,value,2026-09-14T17:03:32Z
2026-09-14T17:00:52Z,2026-09-14T19:00:52+0200,90888f2d-e992-4125-8952-0b7eab29538c,2026-09-09T01:00:00Z,2026-09-09T03:00:00+0200,145.58,EUR/MWh,BE,BE,day_ahead_price,value,2026-09-14T17:03:32Z
2026-09-14T17:00:52Z,2026-09-14T19:00:52+0200,90888f2d-e992-4125-8952-0b7eab29538c,2026-09-09T01:15:00Z,2026-09-09T03:15:00+0200,139.56,EUR/MWh,BE,BE,day_ahead_price,value,2026-09-14T17:03:32Z
2026-09-14T17:00:52Z,2026-09-14T19:00:52+0200,90888f2d-e992-4125-8952-0b7eab29538c,2026-09-09T01:30:00Z,2026-09-09T03:30:00+0200,139.11,EUR/MWh,BE,BE,day_ahead_price,value,2026-09-14T17:03:32Z
2026-09-14T17:00:52Z,2026-09-14T19:00:52+0200,90888f2d-e992-4125-8952-0b7eab29538c,2026-09-09T01:45:00Z,2026-09-09T03:45:00+0200,138.06,EUR/MWh,BE,BE,day_ahead_price,value,2026-09-14T17:03:32Z
2026-09-14T17:00:52Z,2026-09-14T19:00:52+0200,90888f2d-e992-4125-8952-0b7eab29538c,2026-09-09T02:00:00Z,2026-09-09T04:00:00+0200,138.92,EUR/MWh,BE,BE,day_ahead_price,value,2026-09-14T17:03:32Z
2026-09-14T17:00:52Z,2026-09-14T19:00:52+0200,90888f2d-e992-4125-8952-0b7eab29538c,2026-09-09T02:15:00Z,2026-09-09T04:15:00+0200,138.52,EUR/MWh,BE,BE,day_ahead_price,value,2026-09-14T17:03:32Z
2026-09-14T17:00:52Z,2026-09-14T19:00:52+0200,90888f2d-e992-4125-8952-0b7eab29538c,2026-09-09T02:30:00Z,2026-09-09T04:30:00+0200,138.04,EUR/MWh,BE,BE,day_ahead_price,value,2026-09-14T17:03:32Z
2026-09-14T17:00:52Z,2026-09-14T19:00:52+0200,90888f2d-e992-4125-8952-0b7eab29538c,2026-09-09T02:45:00Z,2026-09-09T04:45:00+0200,138.65,EUR/MWh,BE,BE,day_ahead_price,value,2026-09-14T17:03:32Z
2026-09-14T17:00:52Z,2026-09-14T19:00:52+0200,90888f2d-e992-4125-8952-0b7eab29538c,2026-09-09T03:00:00Z,2026-09-09T05:00:00+0200,137.29,EUR/MWh,BE,BE,day_ahead_price,value,2026-09-14T17:03:32Z
2026-09-14T17:00:52Z,2026-09-14T19:00:52+0200,90888f2d-e992-4125-8952-0b7eab29538c,2026-09-09T03:15:00Z,2026-09-09T05:15:00+0200,139.03,EUR/MWh,BE,BE,day_ahead_price,value,2026-09-14T17:03:32Z
2026-09-14T17:00:52Z,2026-09-14T19:00:52+0200,90888f2d-e992-4125-8952-0b7eab29538c,2026-09-09T03:30:00Z,2026-09-09T05:30:00+0200,144.59,EUR/MWh,BE,BE,day_ahead_price,value,2026-09-14T17:03:32Z
2026-09-14T17:00:52Z,2026-09-14T19:00:52+0200,90888f2d-e992-4125-8952-0b7eab29538c,2026-09-09T03:45:00Z,2026-09-09T05:45:00+0200,150.34,EUR/MWh,BE,BE,day_ahead_price,value,2026-09-14T17:03:32Z
2026-09-14T17:00:52Z,2026-09-14T19:00:52+0200,90888f2d-e992-4125-8952-0b7eab29538c,2026-09-09T04:00:00Z,2026-09-09T06:00:00+0200,154.12,EUR/MWh,BE,BE,day_ahead_price,value,2026-09-14T17:03:32Z
2026-09-14T17:00:52Z,2026-09-14T19:00:52+0200,90888f2d-e992-4125-8952-0b7eab29538c,2026-09-09T04:15:00Z,2026-09-09T06:15:00+0200,174.5,EUR/MWh,BE,BE,day_ahead_price,value,2026-09-14T17:03:32Z
2026-09-14T17:00:52Z,2026-09-14T19:00:52+0200,90888f2d-e992-4125-8952-0b7eab29538c,2026-09-09T04:30:00Z,2026-09-09T06:30:00+0200,178.43,EUR/MWh,BE,BE,day_ahead_price,value,2026-09-14T17:03:32Z
2026-09-14T17:00:52Z,2026-09-14T19:00:52+0200,90888f2d-e992-4125-8952-0b7eab29538c,2026-09-09T04:45:00Z,2026-09-09T06:45:00+0200,186.62,EUR/MWh,BE,BE,day_ahead_price,value,2026-09-14T17:03:32Z
2026-09-14T17:00:52Z,2026-09-14T19:00:52+0200,90888f2d-e992-4125-8952-0b7eab29538c,2026-09-09T05:00:00Z,2026-09-09T07:00:00+0200,199.35,EUR/MWh,BE,BE,day_ahead_price,value,2026-09-14T17:03:32Z
2026-09-14T17:00:52Z,2026-09-14T19:00:52+0200,90888f2d-e992-4125-8952-0b7eab29538c,2026-09-09T05:15:00Z,2026-09-09T07:15:00+0200,200.21,EUR/MWh,BE,BE,day_ahead_price,value,2026-09-14T17:03:32Z
2026-09-14T17:00:52Z,2026-09-14T19:00:52+0200,90888f2d-e992-4125-8952-0b7eab29538c,2026-09-09T05:30:00Z,2026-09-09T07:30:00+0200,200.11,EUR/MWh,BE,BE,day_ahead_price,value,2026-09-14T17:03:32Z
2026-09-14T17:00:52Z,2026-09-14T19:00:52+0200,90888f2d-e992-4125-8952-0b7eab29538c,2026-09-09T05:45:00Z,2026-09-09T07:45:00+0200,197.43,EUR/MWh,BE,BE,day_ahead_price,value,2026-09-14T17:03:32Z
2026-09-14T17:00:52Z,2026-09-14T19:00:52+0200,90888f2d-e992-4125-8952-0b7eab29538c,2026-09-09T06:00:00Z,2026-09-09T08:00:00+0200,220.07,EUR/MWh,BE,BE,day_ahead_price,value,2026-09-14T17:03:32Z
2026-09-14T17:00:52Z,2026-09-14T19:00:52+0200,90888f2d-e992-4125-8952-0b7eab29538c,2026-09-09T06:15:00Z,2026-09-09T08:15:00+0200,202.0,EUR/MWh,BE,BE,day_ahead_price,value,2026-09-14T17:03:32Z
2026-09-14T17:00:52Z,2026-09-14T19:00:52+0200,90888f2d-e992-4125-8952-0b7eab29538c,2026-09-09T06:30:00Z,2026-09-09T08:30:00+0200,196.01,EUR/MWh,BE,BE,day_ahead_price,value,2026-09-14T17:03:32Z
2026-09-14T17:00:52Z,2026-09-14T19:00:52+0200,90888f2d-e992-4125-8952-0b7eab29538c,2026-09-09T06:45:00Z,2026-09-09T08:45:00+0200,174.03,EUR/MWh,BE,BE,day_ahead_price,value,2026-09-14T17:03:32Z
2026-09-14T17:00:52Z,2026-09-14T19:00:52+0200,90888f2d-e992-4125-8952-0b7eab29538c,2026-09-09T07:00:00Z,2026-09-09T09:00:00+0200,198.32,EUR/MWh,BE,BE,day_ahead_price,value,2026-09-14T17:03:32Z
2026-09-14T17:00:52Z,2026-09-14T19:00:52+0200,90888f2d-e992-4125-8952-0b7eab29538c,2026-09-09T07:15:00Z,2026-09-09T09:15:00+0200,167.49,EUR/MWh,BE,BE,day_ahead_price,value,2026-09-14T17:03:32Z
2026-09-14T17:00:52Z,2026-09-14T19:00:52+0200,90888f2d-e992-4125-8952-0b7eab29538c,2026-09-09T07:30:00Z,2026-09-09T09:30:00+0200,152.54,EUR/MWh,BE,BE,day_ahead_price,value,2026-09-14T17:03:32Z
2026-09-14T17:00:52Z,2026-09-14T19:00:52+0200,90888f2d-e992-4125-8952-0b7eab29538c,2026-09-09T07:45:00Z,2026-09-09T09:45:00+0200,142.05,EUR/MWh,BE,BE,day_ahead_price,value,2026-09-14T17:03:32Z
2026-09-14T17:00:52Z,2026-09-14T19:00:52+0200,90888f2d-e992-4125-8952-0b7eab29538c,2026-09-09T08:00:00Z,2026-09-09T10:00:00+0200,161.5,EUR/MWh,BE,BE,day_ahead_price,value,2026-09-14T17:03:32Z
2026-09-14T17:00:52Z,2026-09-14T19:00:52+0200,90888f2d-e992-4125-8952-0b7eab29538c,2026-09-09T08:15:00Z,2026-09-09T10:15:00+0200,145.45,EUR/MWh,BE,BE,day_ahead_price,value,2026-09-14T17:03:32Z
2026-09-14T17:00:52Z,2026-09-14T19:00:52+0200,90888f2d-e992-4125-8952-0b7eab29538c,2026-09-09T08:30:00Z,2026-09-09T10:30:00+0200,128.61,EUR/MWh,BE,BE,day_ahead_price,value,2026-09-14T17:03:32Z
2026-09-14T17:00:52Z,2026-09-14T19:00:52+0200,90888f2d-e992-4125-8952-0b7eab29538c,2026-09-09T08:45:00Z,2026-09-09T10:45:00+0200,100.85,EUR/MWh,BE,BE,day_ahead_price,value,2026-09-14T17:03:32Z
2026-09-14T17:00:52Z,2026-09-14T19:00:52+0200,90888f2d-e992-4125-8952-0b7eab29538c,2026-09-09T09:00:00Z,2026-09-09T11:00:00+0200,139.18,EUR/MWh,BE,BE,day_ahead_price,value,2026-09-14T17:03:32Z
2026-09-14T17:00:52Z,2026-09-14T19:00:52+0200,90888f2d-e992-4125-8952-0b7eab29538c,2026-09-09T09:15:00Z,2026-09-09T11:15:00+0200,115.83,EUR/MWh,BE,BE,day_ahead_price,value,2026-09-14T17:03:32Z
2026-09-14T17:00:52Z,2026-09-14T19:00:52+0200,90888f2d-e992-4125-8952-0b7eab29538c,2026-09-09T09:30:00Z,2026-09-09T11:30:00+0200,94.41,EUR/MWh,BE,BE,day_ahead_price,value,2026-09-14T17:03:32Z
2026-09-14T17:00:52Z,2026-09-14T19:00:52+0200,90888f2d-e992-4125-8952-0b7eab29538c,2026-09-09T09:45:00Z,2026-09-09T11:45:00+0200,80.39,EUR/MWh,BE,BE,day_ahead_price,value,2026-09-14T17:03:32Z
2026-09-14T17:00:52Z,2026-09-14T19:00:52+0200,90888f2d-e992-4125-8952-0b7eab29538c,2026-09-09T10:00:00Z,2026-09-09T12:00:00+0200,111.25,EUR/MWh,BE,BE,day_ahead_price,value,2026-09-14T17:03:32Z
2026-09-14T17:00:52Z,2026-09-14T19:00:52+0200,90888f2d-e992-4125-8952-0b7eab29538c,2026-09-09T10:15:00Z,2026-09-09T12:15:00+0200,89.61,EUR/MWh,BE,BE,day_ahead_price,value,2026-09-14T17:03:32Z
2026-09-14T17:00:52Z,2026-09-14T19:00:52+0200,90888f2d-e992-4125-8952-0b7eab29538c,2026-09-09T10:30:00Z,2026-09-09T12:30:00+0200,84.99,EUR/MWh,BE,BE,day_ahead_price,value,2026-09-14T17:03:32Z
2026-09-14T17:00:52Z,2026-09-14T19:00:52+0200,90888f2d-e992-4125-8952-0b7eab29538c,2026-09-09T10:45:00Z,2026-09-09T12:45:00+0200,74.38,EUR/MWh,BE,BE,day_ahead_price,value,2026-09-14T17:03:32Z
2026-09-14T17:00:52Z,2026-09-14T19:00:52+0200,90888f2d-e992-4125-8952-0b7eab29538c,2026-09-09T11:00:00Z,2026-09-09T13:00:00+0200,80.53,EUR/MWh,BE,BE,day_ahead_price,value,2026-09-14T17:03:32Z
2026-09-14T17:00:52Z,2026-09-14T19:00:52+0200,90888f2d-e992-4125-8952-0b7eab29538c,2026-09-09T11:15:00Z,2026-09-09T13:15:00+0200,70.58,EUR/MWh,BE,BE,day_ahead_price,value,2026-09-14T17:03:32Z
2026-09-14T17:00:52Z,2026-09-14T19:00:52+0200,90888f2d-e992-4125-8952-0b7eab29538c,2026-09-09T11:30:00Z,2026-09-09T13:30:00+0200,62.27,EUR/MWh,BE,BE,day_ahead_price,value,2026-09-14T17:03:32Z
2026-09-14T17:00:52Z,2026-09-14T19:00:52+0200,90888f2d-e992-4125-8952-0b7eab29538c,2026-09-09T11:45:00Z,2026-09-09T13:45:00+0200,57.1,EUR/MWh,BE,BE,day_ahead_price,value,2026-09-14T17:03:32Z
2026-09-14T17:00:52Z,2026-09-14T19:00:52+0200,90888f2d-e992-4125-8952-0b7eab29538c,2026-09-09T12:00:00Z,2026-09-09T14:00:00+0200,62.24,EUR/MWh,BE,BE,day_ahead_price,value,2026-09-14T17:03:32Z
2026-09-14T17:00:52Z,2026-09-14T19:00:52+0200,90888f2d-e992-4125-8952-0b7eab29538c,2026-09-09T12:15:00Z,2026-09-09T14:15:00+0200,64.95,EUR/MWh,BE,BE,day_ahead_price,value,2026-09-14T17:03:32Z
2026-09-14T17:00:52Z,2026-09-14T19:00:52+0200,90888f2d-e992-4125-8952-0b7eab29538c,2026-09-09T12:30:00Z,2026-09-09T14:30:00+0200,68.99,EUR/MWh,BE,BE,day_ahead_price,value,2026-09-14T17:03:32Z
2026-09-14T17:00:52Z,2026-09-14T19:00:52+0200,90888f2d-e992-4125-8952-0b7eab29538c,2026-09-09T12:45:00Z,2026-09-09T14:45:00+0200,71.19,EUR/MWh,BE,BE,day_ahead_price,value,2026-09-14T17:03:32Z
2026-09-14T17:00:52Z,2026-09-14T19:00:52+0200,90888f2d-e992-4125-8952-0b7eab29538c,2026-09-09T13:00:00Z,2026-09-09T15:00:00+0200,66.9,EUR/MWh,BE,BE,day_ahead_price,value,2026-09-14T17:03:32Z
2026-09-14T17:00:52Z,2026-09-14T19:00:52+0200,90888f2d-e992-4125-8952-0b7eab29538c,2026-09-09T13:15:00Z,2026-09-09T15:15:00+0200,87.32,EUR/MWh,BE,BE,day_ahead_price,value,2026-09-14T17:03:32Z
2026-09-14T17:00:52Z,2026-09-14T19:00:52+0200,90888f2d-e992-4125-8952-0b7eab29538c,2026-09-09T13:30:00Z,2026-09-09T15:30:00+0200,109.0,EUR/MWh,BE,BE,day_ahead_price,value,2026-09-14T17:03:32Z
2026-09-14T17:00:52Z,2026-09-14T19:00:52+0200,90888f2d-e992-4125-8952-0b7eab29538c,2026-09-09T13:45:00Z,2026-09-09T15:45:00+0200,123.12,EUR/MWh,BE,BE,day_ahead_price,value,2026-09-14T17:03:32Z
2026-09-14T17:00:52Z,2026-09-14T19:00:52+0200,90888f2d-e992-4125-8952-0b7eab29538c,2026-09-09T14:00:00Z,2026-09-09T16:00:00+0200,68.48,EUR/MWh,BE,BE,day_ahead_price,value,2026-09-14T17:03:32Z
2026-09-14T17:00:52Z,2026-09-14T19:00:52+0200,90888f2d-e992-4125-8952-0b7eab29538c,2026-09-09T14:15:00Z,2026-09-09T16:15:00+0200,125.53,EUR/MWh,BE,BE,day_ahead_price,value,2026-09-14T17:03:32Z
2026-09-14T17:00:52Z,2026-09-14T19:00:52+0200,90888f2d-e992-4125-8952-0b7eab29538c,2026-09-09T14:30:00Z,2026-09-09T16:30:00+0200,155.99,EUR/MWh,BE,BE,day_ahead_price,value,2026-09-14T17:03:32Z
2026-09-14T17:00:52Z,2026-09-14T19:00:52+0200,90888f2d-e992-4125-8952-0b7eab29538c,2026-09-09T14:45:00Z,2026-09-09T16:45:00+0200,161.9,EUR/MWh,BE,BE,day_ahead_price,value,2026-09-14T17:03:32Z
2026-09-14T17:00:52Z,2026-09-14T19:00:52+0200,90888f2d-e992-4125-8952-0b7eab29538c,2026-09-09T15:00:00Z,2026-09-09T17:00:00+0200,138.77,EUR/MWh,BE,BE,day_ahead_price,value,2026-09-14T17:03:32Z
2026-09-14T17:00:52Z,2026-09-14T19:00:52+0200,90888f2d-e992-4125-8952-0b7eab29538c,2026-09-09T15:15:00Z,2026-09-09T17:15:00+0200,160.57,EUR/MWh,BE,BE,day_ahead_price,value,2026-09-14T17:03:32Z
2026-09-14T17:00:52Z,2026-09-14T19:00:52+0200,90888f2d-e992-4125-8952-0b7eab29538c,2026-09-09T15:30:00Z,2026-09-09T17:30:00+0200,167.35,EUR/MWh,BE,BE,day_ahead_price,value,2026-09-14T17:03:32Z
2026-09-14T17:00:52Z,2026-09-14T19:00:52+0200,90888f2d-e992-4125-8952-0b7eab29538c,2026-09-09T15:45:00Z,2026-09-09T17:45:00+0200,173.0,EUR/MWh,BE,BE,day_ahead_price,value,2026-09-14T17:03:32Z
2026-09-14T17:00:52Z,2026-09-14T19:00:52+0200,90888f2d-e992-4125-8952-0b7eab29538c,2026-09-09T16:00:00Z,2026-09-09T18:00:00+0200,142.2,EUR/MWh,BE,BE,day_ahead_price,value,2026-09-14T17:03:32Z
2026-09-14T17:00:52Z,2026-09-14T19:00:52+0200,90888f2d-e992-4125-8952-0b7eab29538c,2026-09-09T16:15:00Z,2026-09-09T18:15:00+0200,172.83,EUR/MWh,BE,BE,day_ahead_price,value,2026-09-14T17:03:32Z
2026-09-14T17:00:52Z,2026-09-14T19:00:52+0200,90888f2d-e992-4125-8952-0b7eab29538c,2026-09-09T16:30:00Z,2026-09-09T18:30:00+0200,196.19,EUR/MWh,BE,BE,day_ahead_price,value,2026-09-14T17:03:32Z
2026-09-14T17:00:52Z,2026-09-14T19:00:52+0200,90888f2d-e992-4125-8952-0b7eab29538c,2026-09-09T16:45:00Z,2026-09-09T18:45:00+0200,211.26,EUR/MWh,BE,BE,day_ahead_price,value,2026-09-14T17:03:32Z
2026-09-14T17:00:52Z,2026-09-14T19:00:52+0200,90888f2d-e992-4125-8952-0b7eab29538c,2026-09-09T17:00:00Z,2026-09-09T19:00:00+0200,205.85,EUR/MWh,BE,BE,day_ahead_price,value,2026-09-14T17:03:32Z
2026-09-14T17:00:52Z,2026-09-14T19:00:52+0200,90888f2d-e992-4125-8952-0b7eab29538c,2026-09-09T17:15:00Z,2026-09-09T19:15:00+0200,218.77,EUR/MWh,BE,BE,day_ahead_price,value,2026-09-14T17:03:32Z
2026-09-14T17:00:52Z,2026-09-14T19:00:52+0200,90888f2d-e992-4125-8952-0b7eab29538c,2026-09-09T17:30:00Z,2026-09-09T19:30:00+0200,217.08,EUR/MWh,BE,BE,day_ahead_price,value,2026-09-14T17:03:32Z
2026-09-14T17:00:52Z,2026-09-14T19:00:52+0200,90888f2d-e992-4125-8952-0b7eab29538c,2026-09-09T17:45:00Z,2026-09-09T19:45:00+0200,222.0,EUR/MWh,BE,BE,day_ahead_price,value,2026-09-14T17:03:32Z
2026-09-14T17:00:52Z,2026-09-14T19:00:52+0200,90888f2d-e992-4125-8952-0b7eab29538c,2026-09-09T18:00:00Z,2026-09-09T20:00:00+0200,210.98,EUR/MWh,BE,BE,day_ahead_price,value,2026-09-14T17:03:32Z
2026-09-14T17:00:52Z,2026-09-14T19:00:52+0200,90888f2d-e992-4125-8952-0b7eab29538c,2026-09-09T18:15:00Z,2026-09-09T20:15:00+0200,208.46,EUR/MWh,BE,BE,day_ahead_price,value,2026-09-14T17:03:32Z
2026-09-14T17:00:52Z,2026-09-14T19:00:52+0200,90888f2d-e992-4125-8952-0b7eab29538c,2026-09-09T18:30:00Z,2026-09-09T20:30:00+0200,208.88,EUR/MWh,BE,BE,day_ahead_price,value,2026-09-14T17:03:32Z
2026-09-14T17:00:52Z,2026-09-14T19:00:52+0200,90888f2d-e992-4125-8952-0b7eab29538c,2026-09-09T18:45:00Z,2026-09-09T20:45:00+0200,210.02,EUR/MWh,BE,BE,day_ahead_price,value,2026-09-14T17:03:32Z
2026-09-14T17:00:52Z,2026-09-14T19:00:52+0200,90888f2d-e992-4125-8952-0b7eab29538c,2026-09-09T19:00:00Z,2026-09-09T21:00:00+0200,209.77,EUR/MWh,BE,BE,day_ahead_price,value,2026-09-14T17:03:32Z
2026-09-14T17:00:52Z,2026-09-14T19:00:52+0200,90888f2d-e992-4125-8952-0b7eab29538c,2026-09-09T19:15:00Z,2026-09-09T21:15:00+0200,202.61,EUR/MWh,BE,BE,day_ahead_price,value,2026-09-14T17:03:32Z
2026-09-14T17:00:52Z,2026-09-14T19:00:52+0200,90888f2d-e992-4125-8952-0b7eab29538c,2026-09-09T19:30:00Z,2026-09-09T21:30:00+0200,200.27,EUR/MWh,BE,BE,day_ahead_price,value,2026-09-14T17:03:32Z
2026-09-14T17:00:52Z,2026-09-14T19:00:52+0200,90888f2d-e992-4125-8952-0b7eab29538c,2026-09-09T19:45:00Z,2026-09-09T21:45:00+0200,191.49,EUR/MWh,BE,BE,day_ahead_price,value,2026-09-14T17:03:32Z
2026-09-14T17:00:52Z,2026-09-14T19:00:52+0200,90888f2d-e992-4125-8952-0b7eab29538c,2026-09-09T20:00:00Z,2026-09-09T22:00:00+0200,194.39,EUR/MWh,BE,BE,day_ahead_price,value,2026-09-14T17:03:32Z
2026-09-14T17:00:52Z,2026-09-14T19:00:52+0200,90888f2d-e992-4125-8952-0b7eab29538c,2026-09-09T20:15:00Z,2026-09-09T22:15:00+0200,195.04,EUR/MWh,BE,BE,day_ahead_price,value,2026-09-14T17:03:32Z
2026-09-14T17:00:52Z,2026-09-14T19:00:52+0200,90888f2d-e992-4125-8952-0b7eab29538c,2026-09-09T20:30:00Z,2026-09-09T22:30:00+0200,197.26,EUR/MWh,BE,BE,day_ahead_price,value,2026-09-14T17:03:32Z
2026-09-14T17:00:52Z,2026-09-14T19:00:52+0200,90888f2d-e992-4125-8952-0b7eab29538c,2026-09-09T20:45:00Z,2026-09-09T22:45:00+0200,190.92,EUR/MWh,BE,BE,day_ahead_price,value,2026-09-14T17:03:32Z
2026-09-14T17:00:52Z,2026-09-14T19:00:52+0200,90888f2d-e992-4125-8952-0b7eab29538c,2026-09-09T21:00:00Z,2026-09-09T23:00:00+0200,188.39,EUR/MWh,BE,BE,day_ahead_price,value,2026-09-14T17:03:32Z
2026-09-14T17:00:52Z,2026-09-14T19:00:52+0200,90888f2d-e992-4125-8952-0b7eab29538c,2026-09-09T21:15:00Z,2026-09-09T23:15:00+0200,198.05,EUR/MWh,BE,BE,day_ahead_price,value,2026-09-14T17:03:32Z
2026-09-14T17:00:52Z,2026-09-14T19:00:52+0200,90888f2d-e992-4125-8952-0b7eab29538c,2026-09-09T21:30:00Z,2026-09-09T23:30:00+0200,203.05,EUR/MWh,BE,BE,day_ahead_price,value,2026-09-14T17:03:32Z
2026-09-14T17:00:52Z,2026-09-14T19:00:52+0200,90888f2d-e992-4125-8952-0b7eab29538c,2026-09-09T21:45:00Z,2026-09-09T23:45:00+0200,191.84,EUR/MWh,BE,BE,day_ahead_price,value,2026-09-14T17:03:32Z
2026-09-14T17:00:52Z,2026-09-14T19:00:52+0200,90888f2d-e992-4125-8952-0b7eab29538c,2026-09-09T22:00:00Z,2026-09-10T00:00:00+0200,216.08,EUR/MWh,BE,BE,day_ahead_price,value,2026-09-14T17:03:32Z
2026-09-14T17:00:52Z,2026-09-14T19:00:52+0200,90888f2d-e992-4125-8952-0b7eab29538c,2026-09-09T22:15:00Z,2026-09-10T00:15:00+0200,216.08,EUR/MWh,BE,BE,day_ahead_price,value,2026-09-14T17:03:32Z
2026-09-14T17:00:52Z,2026-09-14T19:00:52+0200,90888f2d-e992-4125-8952-0b7eab29538c,2026-09-09T22:30:00Z,2026-09-10T00:30:00+0200,214.92,EUR/MWh,BE,BE,day_ahead_price,value,2026-09-14T17:03:32Z
2026-09-14T17:00:52Z,2026-09-14T19:00:52+0200,90888f2d-e992-4125-8952-0b7eab29538c,2026-09-09T22:45:00Z,2026-09-10T00:45:00+0200,200.0,EUR/MWh,BE,BE,day_ahead_price,value,2026-09-14T17:03:32Z
2026-09-14T17:00:52Z,2026-09-14T19:00:52+0200,90888f2d-e992-4125-8952-0b7eab29538c,2026-09-09T23:00:00Z,2026-09-10T01:00:00+0200,223.37,EUR/MWh,BE,BE,day_ahead_price,value,2026-09-14T17:03:32Z
2026-09-14T17:00:52Z,2026-09-14T19:00:52+0200,90888f2d-e992-4125-8952-0b7eab29538c,2026-09-09T23:15:00Z,2026-09-10T01:15:00+0200,201.43,EUR/MWh,BE,BE,day_ahead_price,value,2026-09-14T17:03:32Z
2026-09-14T17:00:52Z,2026-09-14T19:00:52+0200,90888f2d-e992-4125-8952-0b7eab29538c,2026-09-09T23:30:00Z,2026-09-10T01:30:00+0200,196.32,EUR/MWh,BE,BE,day_ahead_price,value,2026-09-14T17:03:32Z
2026-09-14T17:00:52Z,2026-09-14T19:00:52+0200,90888f2d-e992-4125-8952-0b7eab29538c,2026-09-09T23:45:00Z,2026-09-10T01:45:00+0200,190.0,EUR/MWh,BE,BE,day_ahead_price,value,2026-09-14T17:03:32Z
2026-09-14T17:00:52Z,2026-09-14T19:00:52+0200,90888f2d-e992-4125-8952-0b7eab29538c,2026-09-10T00:00:00Z,2026-09-10T02:00:00+0200,199.53,EUR/MWh,BE,BE,day_ahead_price,value,2026-09-14T17:03:32Z
2026-09-14T17:00:52Z,2026-09-14T19:00:52+0200,90888f2d-e992-4125-8952-0b7eab29538c,2026-09-10T00:15:00Z,2026-09-10T02:15:00+0200,194.83,EUR/MWh,BE,BE,day_ahead_price,value,2026-09-14T17:03:32Z
2026-09-14T17:00:52Z,2026-09-14T19:00:52+0200,90888f2d-e992-4125-8952-0b7eab29538c,2026-09-10T00:30:00Z,2026-09-10T02:30:00+0200,180.53,EUR/MWh,BE,BE,day_ahead_price,value,2026-09-14T17:03:32Z
2026-09-14T17:00:52Z,2026-09-14T19:00:52+0200,90888f2d-e992-4125-8952-0b7eab29538c,2026-09-10T00:45:00Z,2026-09-10T02:45:00+0200,172.23,EUR/MWh,BE,BE,day_ahead_price,value,2026-09-14T17:03:32Z
2026-09-14T17:00:52Z,2026-09-14T19:00:52+0200,90888f2d-e992-4125-8952-0b7eab29538c,2026-09-10T01:00:00Z,2026-09-10T03:00:00+0200,179.88,EUR/MWh,BE,BE,day_ahead_price,value,2026-09-14T17:03:32Z
2026-09-14T17:00:52Z,2026-09-14T19:00:52+0200,90888f2d-e992-4125-8952-0b7eab29538c,2026-09-10T01:15:00Z,2026-09-10T03:15:00+0200,175.77,EUR/MWh,BE,BE,day_ahead_price,value,2026-09-14T17:03:32Z
2026-09-14T17:00:52Z,2026-09-14T19:00:52+0200,90888f2d-e992-4125-8952-0b7eab29538c,2026-09-10T01:30:00Z,2026-09-10T03:30:00+0200,167.1,EUR/MWh,BE,BE,day_ahead_price,value,2026-09-14T17:03:32Z
2026-09-14T17:00:52Z,2026-09-14T19:00:52+0200,90888f2d-e992-4125-8952-0b7eab29538c,2026-09-10T01:45:00Z,2026-09-10T03:45:00+0200,173.89,EUR/MWh,BE,BE,day_ahead_price,value,2026-09-14T17:03:32Z
2026-09-14T17:00:52Z,2026-09-14T19:00:52+0200,90888f2d-e992-4125-8952-0b7eab29538c,2026-09-10T02:00:00Z,2026-09-10T04:00:00+0200,163.29,EUR/MWh,BE,BE,day_ahead_price,value,2026-09-14T17:03:32Z
2026-09-14T17:00:52Z,2026-09-14T19:00:52+0200,90888f2d-e992-4125-8952-0b7eab29538c,2026-09-10T02:15:00Z,2026-09-10T04:15:00+0200,165.99,EUR/MWh,BE,BE,day_ahead_price,value,2026-09-14T17:03:32Z
2026-09-14T17:00:52Z,2026-09-14T19:00:52+0200,90888f2d-e992-4125-8952-0b7eab29538c,2026-09-10T02:30:00Z,2026-09-10T04:30:00+0200,171.41,EUR/MWh,BE,BE,day_ahead_price,value,2026-09-14T17:03:32Z
2026-09-14T17:00:52Z,2026-09-14T19:00:52+0200,90888f2d-e992-4125-8952-0b7eab29538c,2026-09-10T02:45:00Z,2026-09-10T04:45:00+0200,178.73,EUR/MWh,BE,BE,day_ahead_price,value,2026-09-14T17:03:32Z
2026-09-14T17:00:52Z,2026-09-14T19:00:52+0200,90888f2d-e992-4125-8952-0b7eab29538c,2026-09-10T03:00:00Z,2026-09-10T05:00:00+0200,170.27,EUR/MWh,BE,BE,day_ahead_price,value,2026-09-14T17:03:32Z
2026-09-14T17:00:52Z,2026-09-14T19:00:52+0200,90888f2d-e992-4125-8952-0b7eab29538c,2026-09-10T03:15:00Z,2026-09-10T05:15:00+0200,177.37,EUR/MWh,BE,BE,day_ahead_price,value,2026-09-14T17:03:32Z
2026-09-14T17:00:52Z,2026-09-14T19:00:52+0200,90888f2d-e992-4125-8952-0b7eab29538c,2026-09-10T03:30:00Z,2026-09-10T05:30:00+0200,187.71,EUR/MWh,BE,BE,day_ahead_price,value,2026-09-14T17:03:32Z
2026-09-14T17:00:52Z,2026-09-14T19:00:52+0200,90888f2d-e992-4125-8952-0b7eab29538c,2026-09-10T03:45:00Z,2026-09-10T05:45:00+0200,201.07,EUR/MWh,BE,BE,day_ahead_price,value,2026-09-14T17:03:32Z
2026-09-14T17:00:52Z,2026-09-14T19:00:52+0200,90888f2d-e992-4125-8952-0b7eab29538c,2026-09-10T04:00:00Z,2026-09-10T06:00:00+0200,193.62,EUR/MWh,BE,BE,day_ahead_price,value,2026-09-14T17:03:32Z
2026-09-14T17:00:52Z,2026-09-14T19:00:52+0200,90888f2d-e992-4125-8952-0b7eab29538c,2026-09-10T04:15:00Z,2026-09-10T06:15:00+0200,207.61,EUR/MWh,BE,BE,day_ahead_price,value,2026-09-14T17:03:32Z
2026-09-14T17:00:52Z,2026-09-14T19:00:52+0200,90888f2d-e992-4125-8952-0b7eab29538c,2026-09-10T04:30:00Z,2026-09-10T06:30:00+0200,218.27,EUR/MWh,BE,BE,day_ahead_price,value,2026-09-14T17:03:32Z
2026-09-14T17:00:52Z,2026-09-14T19:00:52+0200,90888f2d-e992-4125-8952-0b7eab29538c,2026-09-10T04:45:00Z,2026-09-10T06:45:00+0200,226.77,EUR/MWh,BE,BE,day_ahead_price,value,2026-09-14T17:03:32Z
2026-09-14T17:00:52Z,2026-09-14T19:00:52+0200,90888f2d-e992-4125-8952-0b7eab29538c,2026-09-10T05:00:00Z,2026-09-10T07:00:00+0200,227.17,EUR/MWh,BE,BE,day_ahead_price,value,2026-09-14T17:03:32Z
2026-09-14T17:00:52Z,2026-09-14T19:00:52+0200,90888f2d-e992-4125-8952-0b7eab29538c,2026-09-10T05:15:00Z,2026-09-10T07:15:00+0200,234.05,EUR/MWh,BE,BE,day_ahead_price,value,2026-09-14T17:03:32Z
2026-09-14T17:00:52Z,2026-09-14T19:00:52+0200,90888f2d-e992-4125-8952-0b7eab29538c,2026-09-10T05:30:00Z,2026-09-10T07:30:00+0200,236.99,EUR/MWh,BE,BE,day_ahead_price,value,2026-09-14T17:03:32Z
2026-09-14T17:00:52Z,2026-09-14T19:00:52+0200,90888f2d-e992-4125-8952-0b7eab29538c,2026-09-10T05:45:00Z,2026-09-10T07:45:00+0200,229.94,EUR/MWh,BE,BE,day_ahead_price,value,2026-09-14T17:03:32Z
2026-09-14T17:00:52Z,2026-09-14T19:00:52+0200,90888f2d-e992-4125-8952-0b7eab29538c,2026-09-10T06:00:00Z,2026-09-10T08:00:00+0200,248.93,EUR/MWh,BE,BE,day_ahead_price,value,2026-09-14T17:03:32Z
2026-09-14T17:00:52Z,2026-09-14T19:00:52+0200,90888f2d-e992-4125-8952-0b7eab29538c,2026-09-10T06:15:00Z,2026-09-10T08:15:00+0200,227.5,EUR/MWh,BE,BE,day_ahead_price,value,2026-09-14T17:03:32Z
2026-09-14T17:00:52Z,2026-09-14T19:00:52+0200,90888f2d-e992-4125-8952-0b7eab29538c,2026-09-10T06:30:00Z,2026-09-10T08:30:00+0200,216.08,EUR/MWh,BE,BE,day_ahead_price,value,2026-09-14T17:03:32Z
2026-09-14T17:00:52Z,2026-09-14T19:00:52+0200,90888f2d-e992-4125-8952-0b7eab29538c,2026-09-10T06:45:00Z,2026-09-10T08:45:00+0200,195.67,EUR/MWh,BE,BE,day_ahead_price,value,2026-09-14T17:03:32Z
2026-09-14T17:00:52Z,2026-09-14T19:00:52+0200,90888f2d-e992-4125-8952-0b7eab29538c,2026-09-10T07:00:00Z,2026-09-10T09:00:00+0200,215.99,EUR/MWh,BE,BE,day_ahead_price,value,2026-09-14T17:03:32Z
2026-09-14T17:00:52Z,2026-09-14T19:00:52+0200,90888f2d-e992-4125-8952-0b7eab29538c,2026-09-10T07:15:00Z,2026-09-10T09:15:00+0200,195.01,EUR/MWh,BE,BE,day_ahead_price,value,2026-09-14T17:03:32Z
2026-09-14T17:00:52Z,2026-09-14T19:00:52+0200,90888f2d-e992-4125-8952-0b7eab29538c,2026-09-10T07:30:00Z,2026-09-10T09:30:00+0200,177.1,EUR/MWh,BE,BE,day_ahead_price,value,2026-09-14T17:03:32Z
2026-09-14T17:00:52Z,2026-09-14T19:00:52+0200,90888f2d-e992-4125-8952-0b7eab29538c,2026-09-10T07:45:00Z,2026-09-10T09:45:00+0200,155.09,EUR/MWh,BE,BE,day_ahead_price,value,2026-09-14T17:03:32Z
2026-09-14T17:00:52Z,2026-09-14T19:00:52+0200,90888f2d-e992-4125-8952-0b7eab29538c,2026-09-10T08:00:00Z,2026-09-10T10:00:00+0200,174.91,EUR/MWh,BE,BE,day_ahead_price,value,2026-09-14T17:03:32Z
2026-09-14T17:00:52Z,2026-09-14T19:00:52+0200,90888f2d-e992-4125-8952-0b7eab29538c,2026-09-10T08:15:00Z,2026-09-10T10:15:00+0200,152.71,EUR/MWh,BE,BE,day_ahead_price,value,2026-09-14T17:03:32Z
2026-09-14T17:00:52Z,2026-09-14T19:00:52+0200,90888f2d-e992-4125-8952-0b7eab29538c,2026-09-10T08:30:00Z,2026-09-10T10:30:00+0200,139.59,EUR/MWh,BE,BE,day_ahead_price,value,2026-09-14T17:03:32Z
2026-09-14T17:00:52Z,2026-09-14T19:00:52+0200,90888f2d-e992-4125-8952-0b7eab29538c,2026-09-10T08:45:00Z,2026-09-10T10:45:00+0200,123.83,EUR/MWh,BE,BE,day_ahead_price,value,2026-09-14T17:03:32Z
2026-09-14T17:00:52Z,2026-09-14T19:00:52+0200,90888f2d-e992-4125-8952-0b7eab29538c,2026-09-10T09:00:00Z,2026-09-10T11:00:00+0200,140.77,EUR/MWh,BE,BE,day_ahead_price,value,2026-09-14T17:03:32Z
2026-09-14T17:00:52Z,2026-09-14T19:00:52+0200,90888f2d-e992-4125-8952-0b7eab29538c,2026-09-10T09:15:00Z,2026-09-10T11:15:00+0200,123.19,EUR/MWh,BE,BE,day_ahead_price,value,2026-09-14T17:03:32Z
2026-09-14T17:00:52Z,2026-09-14T19:00:52+0200,90888f2d-e992-4125-8952-0b7eab29538c,2026-09-10T09:30:00Z,2026-09-10T11:30:00+0200,114.96,EUR/MWh,BE,BE,day_ahead_price,value,2026-09-14T17:03:32Z
2026-09-14T17:00:52Z,2026-09-14T19:00:52+0200,90888f2d-e992-4125-8952-0b7eab29538c,2026-09-10T09:45:00Z,2026-09-10T11:45:00+0200,94.5,EUR/MWh,BE,BE,day_ahead_price,value,2026-09-14T17:03:32Z
2026-09-14T17:00:52Z,2026-09-14T19:00:52+0200,90888f2d-e992-4125-8952-0b7eab29538c,2026-09-10T10:00:00Z,2026-09-10T12:00:00+0200,102.77,EUR/MWh,BE,BE,day_ahead_price,value,2026-09-14T17:03:32Z
2026-09-14T17:00:52Z,2026-09-14T19:00:52+0200,90888f2d-e992-4125-8952-0b7eab29538c,2026-09-10T10:15:00Z,2026-09-10T12:15:00+0200,96.63,EUR/MWh,BE,BE,day_ahead_price,value,2026-09-14T17:03:32Z
2026-09-14T17:00:52Z,2026-09-14T19:00:52+0200,90888f2d-e992-4125-8952-0b7eab29538c,2026-09-10T10:30:00Z,2026-09-10T12:30:00+0200,94.57,EUR/MWh,BE,BE,day_ahead_price,value,2026-09-14T17:03:32Z
2026-09-14T17:00:52Z,2026-09-14T19:00:52+0200,90888f2d-e992-4125-8952-0b7eab29538c,2026-09-10T10:45:00Z,2026-09-10T12:45:00+0200,116.34,EUR/MWh,BE,BE,day_ahead_price,value,2026-09-14T17:03:32Z
2026-09-14T17:00:52Z,2026-09-14T19:00:52+0200,90888f2d-e992-4125-8952-0b7eab29538c,2026-09-10T11:00:00Z,2026-09-10T13:00:00+0200,114.63,EUR/MWh,BE,BE,day_ahead_price,value,2026-09-14T17:03:32Z
2026-09-14T17:00:52Z,2026-09-14T19:00:52+0200,90888f2d-e992-4125-8952-0b7eab29538c,2026-09-10T11:15:00Z,2026-09-10T13:15:00+0200,126.82,EUR/MWh,BE,BE,day_ahead_price,value,2026-09-14T17:03:32Z
2026-09-14T17:00:52Z,2026-09-14T19:00:52+0200,90888f2d-e992-4125-8952-0b7eab29538c,2026-09-10T11:30:00Z,2026-09-10T13:30:00+0200,129.89,EUR/MWh,BE,BE,day_ahead_price,value,2026-09-14T17:03:32Z
2026-09-14T17:00:52Z,2026-09-14T19:00:52+0200,90888f2d-e992-4125-8952-0b7eab29538c,2026-09-10T11:45:00Z,2026-09-10T13:45:00+0200,123.95,EUR/MWh,BE,BE,day_ahead_price,value,2026-09-14T17:03:32Z
2026-09-14T17:00:52Z,2026-09-14T19:00:52+0200,90888f2d-e992-4125-8952-0b7eab29538c,2026-09-10T12:00:00Z,2026-09-10T14:00:00+0200,105.0,EUR/MWh,BE,BE,day_ahead_price,value,2026-09-14T17:03:32Z
2026-09-14T17:00:52Z,2026-09-14T19:00:52+0200,90888f2d-e992-4125-8952-0b7eab29538c,2026-09-10T12:15:00Z,2026-09-10T14:15:00+0200,119.11,EUR/MWh,BE,BE,day_ahead_price,value,2026-09-14T17:03:32Z
2026-09-14T17:00:52Z,2026-09-14T19:00:52+0200,90888f2d-e992-4125-8952-0b7eab29538c,2026-09-10T12:30:00Z,2026-09-10T14:30:00+0200,121.0,EUR/MWh,BE,BE,day_ahead_price,value,2026-09-14T17:03:32Z
2026-09-14T17:00:52Z,2026-09-14T19:00:52+0200,90888f2d-e992-4125-8952-0b7eab29538c,2026-09-10T12:45:00Z,2026-09-10T14:45:00+0200,136.79,EUR/MWh,BE,BE,day_ahead_price,value,2026-09-14T17:03:32Z
2026-09-14T17:00:52Z,2026-09-14T19:00:52+0200,90888f2d-e992-4125-8952-0b7eab29538c,2026-09-10T13:00:00Z,2026-09-10T15:00:00+0200,123.41,EUR/MWh,BE,BE,day_ahead_price,value,2026-09-14T17:03:32Z
2026-09-14T17:00:52Z,2026-09-14T19:00:52+0200,90888f2d-e992-4125-8952-0b7eab29538c,2026-09-10T13:15:00Z,2026-09-10T15:15:00+0200,135.01,EUR/MWh,BE,BE,day_ahead_price,value,2026-09-14T17:03:32Z
2026-09-14T17:00:52Z,2026-09-14T19:00:52+0200,90888f2d-e992-4125-8952-0b7eab29538c,2026-09-10T13:30:00Z,2026-09-10T15:30:00+0200,135.0,EUR/MWh,BE,BE,day_ahead_price,value,2026-09-14T17:03:32Z
2026-09-14T17:00:52Z,2026-09-14T19:00:52+0200,90888f2d-e992-4125-8952-0b7eab29538c,2026-09-10T13:45:00Z,2026-09-10T15:45:00+0200,156.68,EUR/MWh,BE,BE,day_ahead_price,value,2026-09-14T17:03:32Z
2026-09-14T17:00:52Z,2026-09-14T19:00:52+0200,90888f2d-e992-4125-8952-0b7eab29538c,2026-09-10T14:00:00Z,2026-09-10T16:00:00+0200,146.88,EUR/MWh,BE,BE,day_ahead_price,value,2026-09-14T17:03:32Z
2026-09-14T17:00:52Z,2026-09-14T19:00:52+0200,90888f2d-e992-4125-8952-0b7eab29538c,2026-09-10T14:15:00Z,2026-09-10T16:15:00+0200,152.16,EUR/MWh,BE,BE,day_ahead_price,value,2026-09-14T17:03:32Z
2026-09-14T17:00:52Z,2026-09-14T19:00:52+0200,90888f2d-e992-4125-8952-0b7eab29538c,2026-09-10T14:30:00Z,2026-09-10T16:30:00+0200,162.02,EUR/MWh,BE,BE,day_ahead_price,value,2026-09-14T17:03:32Z
2026-09-14T17:00:52Z,2026-09-14T19:00:52+0200,90888f2d-e992-4125-8952-0b7eab29538c,2026-09-10T14:45:00Z,2026-09-10T16:45:00+0200,181.78,EUR/MWh,BE,BE,day_ahead_price,value,2026-09-14T17:03:32Z
2026-09-14T17:00:52Z,2026-09-14T19:00:52+0200,90888f2d-e992-4125-8952-0b7eab29538c,2026-09-10T15:00:00Z,2026-09-10T17:00:00+0200,154.76,EUR/MWh,BE,BE,day_ahead_price,value,2026-09-14T17:03:32Z
2026-09-14T17:00:52Z,2026-09-14T19:00:52+0200,90888f2d-e992-4125-8952-0b7eab29538c,2026-09-10T15:15:00Z,2026-09-10T17:15:00+0200,184.28,EUR/MWh,BE,BE,day_ahead_price,value,2026-09-14T17:03:32Z
2026-09-14T17:00:52Z,2026-09-14T19:00:52+0200,90888f2d-e992-4125-8952-0b7eab29538c,2026-09-10T15:30:00Z,2026-09-10T17:30:00+0200,194.3,EUR/MWh,BE,BE,day_ahead_price,value,2026-09-14T17:03:32Z
2026-09-14T17:00:52Z,2026-09-14T19:00:52+0200,90888f2d-e992-4125-8952-0b7eab29538c,2026-09-10T15:45:00Z,2026-09-10T17:45:00+0200,215.76,EUR/MWh,BE,BE,day_ahead_price,value,2026-09-14T17:03:32Z
2026-09-14T17:00:52Z,2026-09-14T19:00:52+0200,90888f2d-e992-4125-8952-0b7eab29538c,2026-09-10T16:00:00Z,2026-09-10T18:00:00+0200,197.23,EUR/MWh,BE,BE,day_ahead_price,value,2026-09-14T17:03:32Z
2026-09-14T17:00:52Z,2026-09-14T19:00:52+0200,90888f2d-e992-4125-8952-0b7eab29538c,2026-09-10T16:15:00Z,2026-09-10T18:15:00+0200,234.15,EUR/MWh,BE,BE,day_ahead_price,value,2026-09-14T17:03:32Z
2026-09-14T17:00:52Z,2026-09-14T19:00:52+0200,90888f2d-e992-4125-8952-0b7eab29538c,2026-09-10T16:30:00Z,2026-09-10T18:30:00+0200,253.03,EUR/MWh,BE,BE,day_ahead_price,value,2026-09-14T17:03:32Z
2026-09-14T17:00:52Z,2026-09-14T19:00:52+0200,90888f2d-e992-4125-8952-0b7eab29538c,2026-09-10T16:45:00Z,2026-09-10T18:45:00+0200,296.58,EUR/MWh,BE,BE,day_ahead_price,value,2026-09-14T17:03:32Z
2026-09-14T17:00:52Z,2026-09-14T19:00:52+0200,90888f2d-e992-4125-8952-0b7eab29538c,2026-09-10T17:00:00Z,2026-09-10T19:00:00+0200,345.32,EUR/MWh,BE,BE,day_ahead_price,value,2026-09-14T17:03:32Z
2026-09-14T17:00:52Z,2026-09-14T19:00:52+0200,90888f2d-e992-4125-8952-0b7eab29538c,2026-09-10T17:15:00Z,2026-09-10T19:15:00+0200,389.16,EUR/MWh,BE,BE,day_ahead_price,value,2026-09-14T17:03:32Z
2026-09-14T17:00:52Z,2026-09-14T19:00:52+0200,90888f2d-e992-4125-8952-0b7eab29538c,2026-09-10T17:30:00Z,2026-09-10T19:30:00+0200,482.99,EUR/MWh,BE,BE,day_ahead_price,value,2026-09-14T17:03:32Z
2026-09-14T17:00:52Z,2026-09-14T19:00:52+0200,90888f2d-e992-4125-8952-0b7eab29538c,2026-09-10T17:45:00Z,2026-09-10T19:45:00+0200,559.0,EUR/MWh,BE,BE,day_ahead_price,value,2026-09-14T17:03:32Z
2026-09-14T17:00:52Z,2026-09-14T19:00:52+0200,90888f2d-e992-4125-8952-0b7eab29538c,2026-09-10T18:00:00Z,2026-09-10T20:00:00+0200,551.11,EUR/MWh,BE,BE,day_ahead_price,value,2026-09-14T17:03:32Z
2026-09-14T17:00:52Z,2026-09-14T19:00:52+0200,90888f2d-e992-4125-8952-0b7eab29538c,2026-09-10T18:15:00Z,2026-09-10T20:15:00+0200,446.41,EUR/MWh,BE,BE,day_ahead_price,value,2026-09-14T17:03:32Z
2026-09-14T17:00:52Z,2026-09-14T19:00:52+0200,90888f2d-e992-4125-8952-0b7eab29538c,2026-09-10T18:30:00Z,2026-09-10T20:30:00+0200,358.97,EUR/MWh,BE,BE,day_ahead_price,value,2026-09-14T17:03:32Z
2026-09-14T17:00:52Z,2026-09-14T19:00:52+0200,90888f2d-e992-4125-8952-0b7eab29538c,2026-09-10T18:45:00Z,2026-09-10T20:45:00+0200,295.9,EUR/MWh,BE,BE,day_ahead_price,value,2026-09-14T17:03:32Z
2026-09-14T17:00:52Z,2026-09-14T19:00:52+0200,90888f2d-e992-4125-8952-0b7eab29538c,2026-09-10T19:00:00Z,2026-09-10T21:00:00+0200,271.39,EUR/MWh,BE,BE,day_ahead_price,value,2026-09-14T17:03:32Z
2026-09-14T17:00:52Z,2026-09-14T19:00:52+0200,90888f2d-e992-4125-8952-0b7eab29538c,2026-09-10T19:15:00Z,2026-09-10T21:15:00+0200,268.06,EUR/MWh,BE,BE,day_ahead_price,value,2026-09-14T17:03:32Z
2026-09-14T17:00:52Z,2026-09-14T19:00:52+0200,90888f2d-e992-4125-8952-0b7eab29538c,2026-09-10T19:30:00Z,2026-09-10T21:30:00+0200,241.43,EUR/MWh,BE,BE,day_ahead_price,value,2026-09-14T17:03:32Z
2026-09-14T17:00:52Z,2026-09-14T19:00:52+0200,90888f2d-e992-4125-8952-0b7eab29538c,2026-09-10T19:45:00Z,2026-09-10T21:45:00+0200,238.01,EUR/MWh,BE,BE,day_ahead_price,value,2026-09-14T17:03:32Z
2026-09-14T17:00:52Z,2026-09-14T19:00:52+0200,90888f2d-e992-4125-8952-0b7eab29538c,2026-09-10T20:00:00Z,2026-09-10T22:00:00+0200,239.7,EUR/MWh,BE,BE,day_ahead_price,value,2026-09-14T17:03:32Z
2026-09-14T17:00:52Z,2026-09-14T19:00:52+0200,90888f2d-e992-4125-8952-0b7eab29538c,2026-09-10T20:15:00Z,2026-09-10T22:15:00+0200,226.41,EUR/MWh,BE,BE,day_ahead_price,value,2026-09-14T17:03:32Z
2026-09-14T17:00:52Z,2026-09-14T19:00:52+0200,90888f2d-e992-4125-8952-0b7eab29538c,2026-09-10T20:30:00Z,2026-09-10T22:30:00+0200,223.05,EUR/MWh,BE,BE,day_ahead_price,value,2026-09-14T17:03:32Z
2026-09-14T17:00:52Z,2026-09-14T19:00:52+0200,90888f2d-e992-4125-8952-0b7eab29538c,2026-09-10T20:45:00Z,2026-09-10T22:45:00+0200,211.56,EUR/MWh,BE,BE,day_ahead_price,value,2026-09-14T17:03:32Z
2026-09-14T17:00:52Z,2026-09-14T19:00:52+0200,90888f2d-e992-4125-8952-0b7eab29538c,2026-09-10T21:00:00Z,2026-09-10T23:00:00+0200,218.21,EUR/MWh,BE,BE,day_ahead_price,value,2026-09-14T17:03:32Z
2026-09-14T17:00:52Z,2026-09-14T19:00:52+0200,90888f2d-e992-4125-8952-0b7eab29538c,2026-09-10T21:15:00Z,2026-09-10T23:15:00+0200,210.61,EUR/MWh,BE,BE,day_ahead_price,value,2026-09-14T17:03:32Z
2026-09-14T17:00:52Z,2026-09-14T19:00:52+0200,90888f2d-e992-4125-8952-0b7eab29538c,2026-09-10T21:30:00Z,2026-09-10T23:30:00+0200,197.78,EUR/MWh,BE,BE,day_ahead_price,value,2026-09-14T17:03:32Z
2026-09-14T17:00:52Z,2026-09-14T19:00:52+0200,90888f2d-e992-4125-8952-0b7eab29538c,2026-09-10T21:45:00Z,2026-09-10T23:45:00+0200,171.79,EUR/MWh,BE,BE,day_ahead_price,value,2026-09-14T17:03:32Z
2026-09-14T17:00:52Z,2026-09-14T19:00:52+0200,90888f2d-e992-4125-8952-0b7eab29538c,2026-09-10T22:00:00Z,2026-09-11T00:00:00+0200,184.6,EUR/MWh,BE,BE,day_ahead_price,value,2026-09-14T17:03:32Z
2026-09-14T17:00:52Z,2026-09-14T19:00:52+0200,90888f2d-e992-4125-8952-0b7eab29538c,2026-09-10T22:15:00Z,2026-09-11T00:15:00+0200,186.52,EUR/MWh,BE,BE,day_ahead_price,value,2026-09-14T17:03:32Z
2026-09-14T17:00:52Z,2026-09-14T19:00:52+0200,90888f2d-e992-4125-8952-0b7eab29538c,2026-09-10T22:30:00Z,2026-09-11T00:30:00+0200,186.74,EUR/MWh,BE,BE,day_ahead_price,value,2026-09-14T17:03:32Z
2026-09-14T17:00:52Z,2026-09-14T19:00:52+0200,90888f2d-e992-4125-8952-0b7eab29538c,2026-09-10T22:45:00Z,2026-09-11T00:45:00+0200,180.73,EUR/MWh,BE,BE,day_ahead_price,value,2026-09-14T17:03:32Z
2026-09-14T17:00:52Z,2026-09-14T19:00:52+0200,90888f2d-e992-4125-8952-0b7eab29538c,2026-09-10T23:00:00Z,2026-09-11T01:00:00+0200,196.82,EUR/MWh,BE,BE,day_ahead_price,value,2026-09-14T17:03:32Z
2026-09-14T17:00:52Z,2026-09-14T19:00:52+0200,90888f2d-e992-4125-8952-0b7eab29538c,2026-09-10T23:15:00Z,2026-09-11T01:15:00+0200,178.05,EUR/MWh,BE,BE,day_ahead_price,value,2026-09-14T17:03:32Z
2026-09-14T17:00:52Z,2026-09-14T19:00:52+0200,90888f2d-e992-4125-8952-0b7eab29538c,2026-09-10T23:30:00Z,2026-09-11T01:30:00+0200,175.47,EUR/MWh,BE,BE,day_ahead_price,value,2026-09-14T17:03:32Z
2026-09-14T17:00:52Z,2026-09-14T19:00:52+0200,90888f2d-e992-4125-8952-0b7eab29538c,2026-09-10T23:45:00Z,2026-09-11T01:45:00+0200,172.53,EUR/MWh,BE,BE,day_ahead_price,value,2026-09-14T17:03:32Z
2026-09-14T17:00:52Z,2026-09-14T19:00:52+0200,90888f2d-e992-4125-8952-0b7eab29538c,2026-09-11T00:00:00Z,2026-09-11T02:00:00+0200,175.32,EUR/MWh,BE,BE,day_ahead_price,value,2026-09-14T17:03:32Z
2026-09-14T17:00:52Z,2026-09-14T19:00:52+0200,90888f2d-e992-4125-8952-0b7eab29538c,2026-09-11T00:15:00Z,2026-09-11T02:15:00+0200,172.46,EUR/MWh,BE,BE,day_ahead_price,value,2026-09-14T17:03:32Z
2026-09-14T17:00:52Z,2026-09-14T19:00:52+0200,90888f2d-e992-4125-8952-0b7eab29538c,2026-09-11T00:30:00Z,2026-09-11T02:30:00+0200,169.94,EUR/MWh,BE,BE,day_ahead_price,value,2026-09-14T17:03:32Z
2026-09-14T17:00:52Z,2026-09-14T19:00:52+0200,90888f2d-e992-4125-8952-0b7eab29538c,2026-09-11T00:45:00Z,2026-09-11T02:45:00+0200,168.45,EUR/MWh,BE,BE,day_ahead_price,value,2026-09-14T17:03:32Z
2026-09-14T17:00:52Z,2026-09-14T19:00:52+0200,90888f2d-e992-4125-8952-0b7eab29538c,2026-09-11T01:00:00Z,2026-09-11T03:00:00+0200,166.32,EUR/MWh,BE,BE,day_ahead_price,value,2026-09-14T17:03:32Z
2026-09-14T17:00:52Z,2026-09-14T19:00:52+0200,90888f2d-e992-4125-8952-0b7eab29538c,2026-09-11T01:15:00Z,2026-09-11T03:15:00+0200,163.94,EUR/MWh,BE,BE,day_ahead_price,value,2026-09-14T17:03:32Z
2026-09-14T17:00:52Z,2026-09-14T19:00:52+0200,90888f2d-e992-4125-8952-0b7eab29538c,2026-09-11T01:30:00Z,2026-09-11T03:30:00+0200,165.68,EUR/MWh,BE,BE,day_ahead_price,value,2026-09-14T17:03:32Z
2026-09-14T17:00:52Z,2026-09-14T19:00:52+0200,90888f2d-e992-4125-8952-0b7eab29538c,2026-09-11T01:45:00Z,2026-09-11T03:45:00+0200,164.16,EUR/MWh,BE,BE,day_ahead_price,value,2026-09-14T17:03:32Z
2026-09-14T17:00:52Z,2026-09-14T19:00:52+0200,90888f2d-e992-4125-8952-0b7eab29538c,2026-09-11T02:00:00Z,2026-09-11T04:00:00+0200,166.06,EUR/MWh,BE,BE,day_ahead_price,value,2026-09-14T17:03:32Z
2026-09-14T17:00:52Z,2026-09-14T19:00:52+0200,90888f2d-e992-4125-8952-0b7eab29538c,2026-09-11T02:15:00Z,2026-09-11T04:15:00+0200,167.17,EUR/MWh,BE,BE,day_ahead_price,value,2026-09-14T17:03:32Z
2026-09-14T17:00:52Z,2026-09-14T19:00:52+0200,90888f2d-e992-4125-8952-0b7eab29538c,2026-09-11T02:30:00Z,2026-09-11T04:30:00+0200,167.35,EUR/MWh,BE,BE,day_ahead_price,value,2026-09-14T17:03:32Z
2026-09-14T17:00:52Z,2026-09-14T19:00:52+0200,90888f2d-e992-4125-8952-0b7eab29538c,2026-09-11T02:45:00Z,2026-09-11T04:45:00+0200,168.62,EUR/MWh,BE,BE,day_ahead_price,value,2026-09-14T17:03:32Z
2026-09-14T17:00:52Z,2026-09-14T19:00:52+0200,90888f2d-e992-4125-8952-0b7eab29538c,2026-09-11T03:00:00Z,2026-09-11T05:00:00+0200,170.54,EUR/MWh,BE,BE,day_ahead_price,value,2026-09-14T17:03:32Z
2026-09-14T17:00:52Z,2026-09-14T19:00:52+0200,90888f2d-e992-4125-8952-0b7eab29538c,2026-09-11T03:15:00Z,2026-09-11T05:15:00+0200,174.27,EUR/MWh,BE,BE,day_ahead_price,value,2026-09-14T17:03:32Z
2026-09-14T17:00:52Z,2026-09-14T19:00:52+0200,90888f2d-e992-4125-8952-0b7eab29538c,2026-09-11T03:30:00Z,2026-09-11T05:30:00+0200,176.92,EUR/MWh,BE,BE,day_ahead_price,value,2026-09-14T17:03:32Z
2026-09-14T17:00:52Z,2026-09-14T19:00:52+0200,90888f2d-e992-4125-8952-0b7eab29538c,2026-09-11T03:45:00Z,2026-09-11T05:45:00+0200,183.52,EUR/MWh,BE,BE,day_ahead_price,value,2026-09-14T17:03:32Z
2026-09-14T17:00:52Z,2026-09-14T19:00:52+0200,90888f2d-e992-4125-8952-0b7eab29538c,2026-09-11T04:00:00Z,2026-09-11T06:00:00+0200,192.19,EUR/MWh,BE,BE,day_ahead_price,value,2026-09-14T17:03:32Z
2026-09-14T17:00:52Z,2026-09-14T19:00:52+0200,90888f2d-e992-4125-8952-0b7eab29538c,2026-09-11T04:15:00Z,2026-09-11T06:15:00+0200,202.17,EUR/MWh,BE,BE,day_ahead_price,value,2026-09-14T17:03:32Z
2026-09-14T17:00:52Z,2026-09-14T19:00:52+0200,90888f2d-e992-4125-8952-0b7eab29538c,2026-09-11T04:30:00Z,2026-09-11T06:30:00+0200,206.23,EUR/MWh,BE,BE,day_ahead_price,value,2026-09-14T17:03:32Z
2026-09-14T17:00:52Z,2026-09-14T19:00:52+0200,90888f2d-e992-4125-8952-0b7eab29538c,2026-09-11T04:45:00Z,2026-09-11T06:45:00+0200,214.04,EUR/MWh,BE,BE,day_ahead_price,value,2026-09-14T17:03:32Z
2026-09-14T17:00:52Z,2026-09-14T19:00:52+0200,90888f2d-e992-4125-8952-0b7eab29538c,2026-09-11T05:00:00Z,2026-09-11T07:00:00+0200,221.47,EUR/MWh,BE,BE,day_ahead_price,value,2026-09-14T17:03:32Z
2026-09-14T17:00:52Z,2026-09-14T19:00:52+0200,90888f2d-e992-4125-8952-0b7eab29538c,2026-09-11T05:15:00Z,2026-09-11T07:15:00+0200,223.98,EUR/MWh,BE,BE,day_ahead_price,value,2026-09-14T17:03:32Z
2026-09-14T17:00:52Z,2026-09-14T19:00:52+0200,90888f2d-e992-4125-8952-0b7eab29538c,2026-09-11T05:30:00Z,2026-09-11T07:30:00+0200,224.54,EUR/MWh,BE,BE,day_ahead_price,value,2026-09-14T17:03:32Z
2026-09-14T17:00:52Z,2026-09-14T19:00:52+0200,90888f2d-e992-4125-8952-0b7eab29538c,2026-09-11T05:45:00Z,2026-09-11T07:45:00+0200,223.09,EUR/MWh,BE,BE,day_ahead_price,value,2026-09-14T17:03:32Z
2026-09-14T17:00:52Z,2026-09-14T19:00:52+0200,90888f2d-e992-4125-8952-0b7eab29538c,2026-09-11T06:00:00Z,2026-09-11T08:00:00+0200,233.86,EUR/MWh,BE,BE,day_ahead_price,value,2026-09-14T17:03:32Z
2026-09-14T17:00:52Z,2026-09-14T19:00:52+0200,90888f2d-e992-4125-8952-0b7eab29538c,2026-09-11T06:15:00Z,2026-09-11T08:15:00+0200,225.04,EUR/MWh,BE,BE,day_ahead_price,value,2026-09-14T17:03:32Z
2026-09-14T17:00:52Z,2026-09-14T19:00:52+0200,90888f2d-e992-4125-8952-0b7eab29538c,2026-09-11T06:30:00Z,2026-09-11T08:30:00+0200,214.23,EUR/MWh,BE,BE,day_ahead_price,value,2026-09-14T17:03:32Z
2026-09-14T17:00:52Z,2026-09-14T19:00:52+0200,90888f2d-e992-4125-8952-0b7eab29538c,2026-09-11T06:45:00Z,2026-09-11T08:45:00+0200,187.32,EUR/MWh,BE,BE,day_ahead_price,value,2026-09-14T17:03:32Z
2026-09-14T17:00:52Z,2026-09-14T19:00:52+0200,90888f2d-e992-4125-8952-0b7eab29538c,2026-09-11T07:00:00Z,2026-09-11T09:00:00+0200,213.95,EUR/MWh,BE,BE,day_ahead_price,value,2026-09-14T17:03:32Z
2026-09-14T17:00:52Z,2026-09-14T19:00:52+0200,90888f2d-e992-4125-8952-0b7eab29538c,2026-09-11T07:15:00Z,2026-09-11T09:15:00+0200,202.65,EUR/MWh,BE,BE,day_ahead_price,value,2026-09-14T17:03:32Z
2026-09-14T17:00:52Z,2026-09-14T19:00:52+0200,90888f2d-e992-4125-8952-0b7eab29538c,2026-09-11T07:30:00Z,2026-09-11T09:30:00+0200,192.88,EUR/MWh,BE,BE,day_ahead_price,value,2026-09-14T17:03:32Z
2026-09-14T17:00:52Z,2026-09-14T19:00:52+0200,90888f2d-e992-4125-8952-0b7eab29538c,2026-09-11T07:45:00Z,2026-09-11T09:45:00+0200,180.75,EUR/MWh,BE,BE,day_ahead_price,value,2026-09-14T17:03:32Z
2026-09-14T17:00:52Z,2026-09-14T19:00:52+0200,90888f2d-e992-4125-8952-0b7eab29538c,2026-09-11T08:00:00Z,2026-09-11T10:00:00+0200,204.6,EUR/MWh,BE,BE,day_ahead_price,value,2026-09-14T17:03:32Z
2026-09-14T17:00:52Z,2026-09-14T19:00:52+0200,90888f2d-e992-4125-8952-0b7eab29538c,2026-09-11T08:15:00Z,2026-09-11T10:15:00+0200,175.08,EUR/MWh,BE,BE,day_ahead_price,value,2026-09-14T17:03:32Z
2026-09-14T17:00:52Z,2026-09-14T19:00:52+0200,90888f2d-e992-4125-8952-0b7eab29538c,2026-09-11T08:30:00Z,2026-09-11T10:30:00+0200,169.13,EUR/MWh,BE,BE,day_ahead_price,value,2026-09-14T17:03:32Z
2026-09-14T17:00:52Z,2026-09-14T19:00:52+0200,90888f2d-e992-4125-8952-0b7eab29538c,2026-09-11T08:45:00Z,2026-09-11T10:45:00+0200,169.97,EUR/MWh,BE,BE,day_ahead_price,value,2026-09-14T17:03:32Z
2026-09-14T17:00:52Z,2026-09-14T19:00:52+0200,90888f2d-e992-4125-8952-0b7eab29538c,2026-09-11T09:00:00Z,2026-09-11T11:00:00+0200,163.06,EUR/MWh,BE,BE,day_ahead_price,value,2026-09-14T17:03:32Z
2026-09-14T17:00:52Z,2026-09-14T19:00:52+0200,90888f2d-e992-4125-8952-0b7eab29538c,2026-09-11T09:15:00Z,2026-09-11T11:15:00+0200,185.0,EUR/MWh,BE,BE,day_ahead_price,value,2026-09-14T17:03:32Z
2026-09-14T17:00:52Z,2026-09-14T19:00:52+0200,90888f2d-e992-4125-8952-0b7eab29538c,2026-09-11T09:30:00Z,2026-09-11T11:30:00+0200,198.43,EUR/MWh,BE,BE,day_ahead_price,value,2026-09-14T17:03:32Z
2026-09-14T17:00:52Z,2026-09-14T19:00:52+0200,90888f2d-e992-4125-8952-0b7eab29538c,2026-09-11T09:45:00Z,2026-09-11T11:45:00+0200,198.91,EUR/MWh,BE,BE,day_ahead_price,value,2026-09-14T17:03:32Z
2026-09-14T17:00:52Z,2026-09-14T19:00:52+0200,90888f2d-e992-4125-8952-0b7eab29538c,2026-09-11T10:00:00Z,2026-09-11T12:00:00+0200,182.87,EUR/MWh,BE,BE,day_ahead_price,value,2026-09-14T17:03:32Z
2026-09-14T17:00:52Z,2026-09-14T19:00:52+0200,90888f2d-e992-4125-8952-0b7eab29538c,2026-09-11T10:15:00Z,2026-09-11T12:15:00+0200,179.23,EUR/MWh,BE,BE,day_ahead_price,value,2026-09-14T17:03:32Z
2026-09-14T17:00:52Z,2026-09-14T19:00:52+0200,90888f2d-e992-4125-8952-0b7eab29538c,2026-09-11T10:30:00Z,2026-09-11T12:30:00+0200,177.77,EUR/MWh,BE,BE,day_ahead_price,value,2026-09-14T17:03:32Z
2026-09-14T17:00:52Z,2026-09-14T19:00:52+0200,90888f2d-e992-4125-8952-0b7eab29538c,2026-09-11T10:45:00Z,2026-09-11T12:45:00+0200,162.73,EUR/MWh,BE,BE,day_ahead_price,value,2026-09-14T17:03:32Z
2026-09-14T17:00:52Z,2026-09-14T19:00:52+0200,90888f2d-e992-4125-8952-0b7eab29538c,2026-09-11T11:00:00Z,2026-09-11T13:00:00+0200,172.1,EUR/MWh,BE,BE,day_ahead_price,value,2026-09-14T17:03:32Z
2026-09-14T17:00:52Z,2026-09-14T19:00:52+0200,90888f2d-e992-4125-8952-0b7eab29538c,2026-09-11T11:15:00Z,2026-09-11T13:15:00+0200,166.28,EUR/MWh,BE,BE,day_ahead_price,value,2026-09-14T17:03:32Z
2026-09-14T17:00:52Z,2026-09-14T19:00:52+0200,90888f2d-e992-4125-8952-0b7eab29538c,2026-09-11T11:30:00Z,2026-09-11T13:30:00+0200,155.17,EUR/MWh,BE,BE,day_ahead_price,value,2026-09-14T17:03:32Z
2026-09-14T17:00:52Z,2026-09-14T19:00:52+0200,90888f2d-e992-4125-8952-0b7eab29538c,2026-09-11T11:45:00Z,2026-09-11T13:45:00+0200,143.51,EUR/MWh,BE,BE,day_ahead_price,value,2026-09-14T17:03:32Z
2026-09-14T17:00:52Z,2026-09-14T19:00:52+0200,90888f2d-e992-4125-8952-0b7eab29538c,2026-09-11T12:00:00Z,2026-09-11T14:00:00+0200,163.3,EUR/MWh,BE,BE,day_ahead_price,value,2026-09-14T17:03:32Z
2026-09-14T17:00:52Z,2026-09-14T19:00:52+0200,90888f2d-e992-4125-8952-0b7eab29538c,2026-09-11T12:15:00Z,2026-09-11T14:15:00+0200,152.98,EUR/MWh,BE,BE,day_ahead_price,value,2026-09-14T17:03:32Z
2026-09-14T17:00:52Z,2026-09-14T19:00:52+0200,90888f2d-e992-4125-8952-0b7eab29538c,2026-09-11T12:30:00Z,2026-09-11T14:30:00+0200,152.18,EUR/MWh,BE,BE,day_ahead_price,value,2026-09-14T17:03:32Z
2026-09-14T17:00:52Z,2026-09-14T19:00:52+0200,90888f2d-e992-4125-8952-0b7eab29538c,2026-09-11T12:45:00Z,2026-09-11T14:45:00+0200,152.57,EUR/MWh,BE,BE,day_ahead_price,value,2026-09-14T17:03:32Z
2026-09-14T17:00:52Z,2026-09-14T19:00:52+0200,90888f2d-e992-4125-8952-0b7eab29538c,2026-09-11T13:00:00Z,2026-09-11T15:00:00+0200,186.6,EUR/MWh,BE,BE,day_ahead_price,value,2026-09-14T17:03:32Z
2026-09-14T17:00:52Z,2026-09-14T19:00:52+0200,90888f2d-e992-4125-8952-0b7eab29538c,2026-09-11T13:15:00Z,2026-09-11T15:15:00+0200,181.0,EUR/MWh,BE,BE,day_ahead_price,value,2026-09-14T17:03:32Z
2026-09-14T17:00:52Z,2026-09-14T19:00:52+0200,90888f2d-e992-4125-8952-0b7eab29538c,2026-09-11T13:30:00Z,2026-09-11T15:30:00+0200,177.17,EUR/MWh,BE,BE,day_ahead_price,value,2026-09-14T17:03:32Z
2026-09-14T17:00:52Z,2026-09-14T19:00:52+0200,90888f2d-e992-4125-8952-0b7eab29538c,2026-09-11T13:45:00Z,2026-09-11T15:45:00+0200,172.6,EUR/MWh,BE,BE,day_ahead_price,value,2026-09-14T17:03:32Z
2026-09-14T17:00:52Z,2026-09-14T19:00:52+0200,90888f2d-e992-4125-8952-0b7eab29538c,2026-09-11T14:00:00Z,2026-09-11T16:00:00+0200,162.46,EUR/MWh,BE,BE,day_ahead_price,value,2026-09-14T17:03:32Z
2026-09-14T17:00:52Z,2026-09-14T19:00:52+0200,90888f2d-e992-4125-8952-0b7eab29538c,2026-09-11T14:15:00Z,2026-09-11T16:15:00+0200,166.67,EUR/MWh,BE,BE,day_ahead_price,value,2026-09-14T17:03:32Z
2026-09-14T17:00:52Z,2026-09-14T19:00:52+0200,90888f2d-e992-4125-8952-0b7eab29538c,2026-09-11T14:30:00Z,2026-09-11T16:30:00+0200,180.7,EUR/MWh,BE,BE,day_ahead_price,value,2026-09-14T17:03:32Z
2026-09-14T17:00:52Z,2026-09-14T19:00:52+0200,90888f2d-e992-4125-8952-0b7eab29538c,2026-09-11T14:45:00Z,2026-09-11T16:45:00+0200,192.1,EUR/MWh,BE,BE,day_ahead_price,value,2026-09-14T17:03:32Z
2026-09-14T17:00:52Z,2026-09-14T19:00:52+0200,90888f2d-e992-4125-8952-0b7eab29538c,2026-09-11T15:00:00Z,2026-09-11T17:00:00+0200,175.84,EUR/MWh,BE,BE,day_ahead_price,value,2026-09-14T17:03:32Z
2026-09-14T17:00:52Z,2026-09-14T19:00:52+0200,90888f2d-e992-4125-8952-0b7eab29538c,2026-09-11T15:15:00Z,2026-09-11T17:15:00+0200,198.95,EUR/MWh,BE,BE,day_ahead_price,value,2026-09-14T17:03:32Z
2026-09-14T17:00:52Z,2026-09-14T19:00:52+0200,90888f2d-e992-4125-8952-0b7eab29538c,2026-09-11T15:30:00Z,2026-09-11T17:30:00+0200,206.97,EUR/MWh,BE,BE,day_ahead_price,value,2026-09-14T17:03:32Z
2026-09-14T17:00:52Z,2026-09-14T19:00:52+0200,90888f2d-e992-4125-8952-0b7eab29538c,2026-09-11T15:45:00Z,2026-09-11T17:45:00+0200,221.91,EUR/MWh,BE,BE,day_ahead_price,value,2026-09-14T17:03:32Z
2026-09-14T17:00:52Z,2026-09-14T19:00:52+0200,90888f2d-e992-4125-8952-0b7eab29538c,2026-09-11T16:00:00Z,2026-09-11T18:00:00+0200,217.12,EUR/MWh,BE,BE,day_ahead_price,value,2026-09-14T17:03:32Z
2026-09-14T17:00:52Z,2026-09-14T19:00:52+0200,90888f2d-e992-4125-8952-0b7eab29538c,2026-09-11T16:15:00Z,2026-09-11T18:15:00+0200,238.1,EUR/MWh,BE,BE,day_ahead_price,value,2026-09-14T17:03:32Z
2026-09-14T17:00:52Z,2026-09-14T19:00:52+0200,90888f2d-e992-4125-8952-0b7eab29538c,2026-09-11T16:30:00Z,2026-09-11T18:30:00+0200,260.78,EUR/MWh,BE,BE,day_ahead_price,value,2026-09-14T17:03:32Z
2026-09-14T17:00:52Z,2026-09-14T19:00:52+0200,90888f2d-e992-4125-8952-0b7eab29538c,2026-09-11T16:45:00Z,2026-09-11T18:45:00+0200,278.05,EUR/MWh,BE,BE,day_ahead_price,value,2026-09-14T17:03:32Z
2026-09-14T17:00:52Z,2026-09-14T19:00:52+0200,90888f2d-e992-4125-8952-0b7eab29538c,2026-09-11T17:00:00Z,2026-09-11T19:00:00+0200,275.22,EUR/MWh,BE,BE,day_ahead_price,value,2026-09-14T17:03:32Z
2026-09-14T17:00:52Z,2026-09-14T19:00:52+0200,90888f2d-e992-4125-8952-0b7eab29538c,2026-09-11T17:15:00Z,2026-09-11T19:15:00+0200,286.93,EUR/MWh,BE,BE,day_ahead_price,value,2026-09-14T17:03:32Z
2026-09-14T17:00:52Z,2026-09-14T19:00:52+0200,90888f2d-e992-4125-8952-0b7eab29538c,2026-09-11T17:30:00Z,2026-09-11T19:30:00+0200,301.36,EUR/MWh,BE,BE,day_ahead_price,value,2026-09-14T17:03:32Z
2026-09-14T17:00:52Z,2026-09-14T19:00:52+0200,90888f2d-e992-4125-8952-0b7eab29538c,2026-09-11T17:45:00Z,2026-09-11T19:45:00+0200,307.06,EUR/MWh,BE,BE,day_ahead_price,value,2026-09-14T17:03:32Z
2026-09-14T17:00:52Z,2026-09-14T19:00:52+0200,90888f2d-e992-4125-8952-0b7eab29538c,2026-09-11T18:00:00Z,2026-09-11T20:00:00+0200,298.22,EUR/MWh,BE,BE,day_ahead_price,value,2026-09-14T17:03:32Z
2026-09-14T17:00:52Z,2026-09-14T19:00:52+0200,90888f2d-e992-4125-8952-0b7eab29538c,2026-09-11T18:15:00Z,2026-09-11T20:15:00+0200,284.97,EUR/MWh,BE,BE,day_ahead_price,value,2026-09-14T17:03:32Z
2026-09-14T17:00:52Z,2026-09-14T19:00:52+0200,90888f2d-e992-4125-8952-0b7eab29538c,2026-09-11T18:30:00Z,2026-09-11T20:30:00+0200,273.08,EUR/MWh,BE,BE,day_ahead_price,value,2026-09-14T17:03:32Z
2026-09-14T17:00:52Z,2026-09-14T19:00:52+0200,90888f2d-e992-4125-8952-0b7eab29538c,2026-09-11T18:45:00Z,2026-09-11T20:45:00+0200,267.9,EUR/MWh,BE,BE,day_ahead_price,value,2026-09-14T17:03:32Z
2026-09-14T17:00:52Z,2026-09-14T19:00:52+0200,90888f2d-e992-4125-8952-0b7eab29538c,2026-09-11T19:00:00Z,2026-09-11T21:00:00+0200,266.11,EUR/MWh,BE,BE,day_ahead_price,value,2026-09-14T17:03:32Z
2026-09-14T17:00:52Z,2026-09-14T19:00:52+0200,90888f2d-e992-4125-8952-0b7eab29538c,2026-09-11T19:15:00Z,2026-09-11T21:15:00+0200,244.68,EUR/MWh,BE,BE,day_ahead_price,value,2026-09-14T17:03:32Z
2026-09-14T17:00:52Z,2026-09-14T19:00:52+0200,90888f2d-e992-4125-8952-0b7eab29538c,2026-09-11T19:30:00Z,2026-09-11T21:30:00+0200,236.0,EUR/MWh,BE,BE,day_ahead_price,value,2026-09-14T17:03:32Z
2026-09-14T17:00:52Z,2026-09-14T19:00:52+0200,90888f2d-e992-4125-8952-0b7eab29538c,2026-09-11T19:45:00Z,2026-09-11T21:45:00+0200,228.79,EUR/MWh,BE,BE,day_ahead_price,value,2026-09-14T17:03:32Z
2026-09-14T17:00:52Z,2026-09-14T19:00:52+0200,90888f2d-e992-4125-8952-0b7eab29538c,2026-09-11T20:00:00Z,2026-09-11T22:00:00+0200,234.01,EUR/MWh,BE,BE,day_ahead_price,value,2026-09-14T17:03:32Z
2026-09-14T17:00:52Z,2026-09-14T19:00:52+0200,90888f2d-e992-4125-8952-0b7eab29538c,2026-09-11T20:15:00Z,2026-09-11T22:15:00+0200,225.01,EUR/MWh,BE,BE,day_ahead_price,value,2026-09-14T17:03:32Z
2026-09-14T17:00:52Z,2026-09-14T19:00:52+0200,90888f2d-e992-4125-8952-0b7eab29538c,2026-09-11T20:30:00Z,2026-09-11T22:30:00+0200,222.31,EUR/MWh,BE,BE,day_ahead_price,value,2026-09-14T17:03:32Z
2026-09-14T17:00:52Z,2026-09-14T19:00:52+0200,90888f2d-e992-4125-8952-0b7eab29538c,2026-09-11T20:45:00Z,2026-09-11T22:45:00+0200,218.53,EUR/MWh,BE,BE,day_ahead_price,value,2026-09-14T17:03:32Z
2026-09-14T17:00:52Z,2026-09-14T19:00:52+0200,90888f2d-e992-4125-8952-0b7eab29538c,2026-09-11T21:00:00Z,2026-09-11T23:00:00+0200,217.02,EUR/MWh,BE,BE,day_ahead_price,value,2026-09-14T17:03:32Z
2026-09-14T17:00:52Z,2026-09-14T19:00:52+0200,90888f2d-e992-4125-8952-0b7eab29538c,2026-09-11T21:15:00Z,2026-09-11T23:15:00+0200,207.13,EUR/MWh,BE,BE,day_ahead_price,value,2026-09-14T17:03:32Z
2026-09-14T17:00:52Z,2026-09-14T19:00:52+0200,90888f2d-e992-4125-8952-0b7eab29538c,2026-09-11T21:30:00Z,2026-09-11T23:30:00+0200,202.55,EUR/MWh,BE,BE,day_ahead_price,value,2026-09-14T17:03:32Z
2026-09-14T17:00:52Z,2026-09-14T19:00:52+0200,90888f2d-e992-4125-8952-0b7eab29538c,2026-09-11T21:45:00Z,2026-09-11T23:45:00+0200,192.08,EUR/MWh,BE,BE,day_ahead_price,value,2026-09-14T17:03:32Z
2026-09-14T17:00:52Z,2026-09-14T19:00:52+0200,90888f2d-e992-4125-8952-0b7eab29538c,2026-09-11T22:00:00Z,2026-09-12T00:00:00+0200,212.37,EUR/MWh,BE,BE,day_ahead_price,value,2026-09-14T17:03:32Z
2026-09-14T17:00:52Z,2026-09-14T19:00:52+0200,90888f2d-e992-4125-8952-0b7eab29538c,2026-09-11T22:15:00Z,2026-09-12T00:15:00+0200,206.92,EUR/MWh,BE,BE,day_ahead_price,value,2026-09-14T17:03:32Z
2026-09-14T17:00:52Z,2026-09-14T19:00:52+0200,90888f2d-e992-4125-8952-0b7eab29538c,2026-09-11T22:30:00Z,2026-09-12T00:30:00+0200,204.04,EUR/MWh,BE,BE,day_ahead_price,value,2026-09-14T17:03:32Z
2026-09-14T17:00:52Z,2026-09-14T19:00:52+0200,90888f2d-e992-4125-8952-0b7eab29538c,2026-09-11T22:45:00Z,2026-09-12T00:45:00+0200,198.97,EUR/MWh,BE,BE,day_ahead_price,value,2026-09-14T17:03:32Z
2026-09-14T17:00:52Z,2026-09-14T19:00:52+0200,90888f2d-e992-4125-8952-0b7eab29538c,2026-09-11T23:00:00Z,2026-09-12T01:00:00+0200,205.88,EUR/MWh,BE,BE,day_ahead_price,value,2026-09-14T17:03:32Z
2026-09-14T17:00:52Z,2026-09-14T19:00:52+0200,90888f2d-e992-4125-8952-0b7eab29538c,2026-09-11T23:15:00Z,2026-09-12T01:15:00+0200,199.05,EUR/MWh,BE,BE,day_ahead_price,value,2026-09-14T17:03:32Z
2026-09-14T17:00:52Z,2026-09-14T19:00:52+0200,90888f2d-e992-4125-8952-0b7eab29538c,2026-09-11T23:30:00Z,2026-09-12T01:30:00+0200,197.21,EUR/MWh,BE,BE,day_ahead_price,value,2026-09-14T17:03:32Z
2026-09-14T17:00:52Z,2026-09-14T19:00:52+0200,90888f2d-e992-4125-8952-0b7eab29538c,2026-09-11T23:45:00Z,2026-09-12T01:45:00+0200,194.0,EUR/MWh,BE,BE,day_ahead_price,value,2026-09-14T17:03:32Z
2026-09-14T17:00:52Z,2026-09-14T19:00:52+0200,90888f2d-e992-4125-8952-0b7eab29538c,2026-09-12T00:00:00Z,2026-09-12T02:00:00+0200,197.97,EUR/MWh,BE,BE,day_ahead_price,value,2026-09-14T17:03:32Z
2026-09-14T17:00:52Z,2026-09-14T19:00:52+0200,90888f2d-e992-4125-8952-0b7eab29538c,2026-09-12T00:15:00Z,2026-09-12T02:15:00+0200,198.57,EUR/MWh,BE,BE,day_ahead_price,value,2026-09-14T17:03:32Z
2026-09-14T17:00:52Z,2026-09-14T19:00:52+0200,90888f2d-e992-4125-8952-0b7eab29538c,2026-09-12T00:30:00Z,2026-09-12T02:30:00+0200,195.0,EUR/MWh,BE,BE,day_ahead_price,value,2026-09-14T17:03:32Z
2026-09-14T17:00:52Z,2026-09-14T19:00:52+0200,90888f2d-e992-4125-8952-0b7eab29538c,2026-09-12T00:45:00Z,2026-09-12T02:45:00+0200,194.0,EUR/MWh,BE,BE,day_ahead_price,value,2026-09-14T17:03:32Z
2026-09-14T17:00:52Z,2026-09-14T19:00:52+0200,90888f2d-e992-4125-8952-0b7eab29538c,2026-09-12T01:00:00Z,2026-09-12T03:00:00+0200,190.18,EUR/MWh,BE,BE,day_ahead_price,value,2026-09-14T17:03:32Z
2026-09-14T17:00:52Z,2026-09-14T19:00:52+0200,90888f2d-e992-4125-8952-0b7eab29538c,2026-09-12T01:15:00Z,2026-09-12T03:15:00+0200,189.82,EUR/MWh,BE,BE,day_ahead_price,value,2026-09-14T17:03:32Z
2026-09-14T17:00:52Z,2026-09-14T19:00:52+0200,90888f2d-e992-4125-8952-0b7eab29538c,2026-09-12T01:30:00Z,2026-09-12T03:30:00+0200,188.6,EUR/MWh,BE,BE,day_ahead_price,value,2026-09-14T17:03:32Z
2026-09-14T17:00:52Z,2026-09-14T19:00:52+0200,90888f2d-e992-4125-8952-0b7eab29538c,2026-09-12T01:45:00Z,2026-09-12T03:45:00+0200,188.6,EUR/MWh,BE,BE,day_ahead_price,value,2026-09-14T17:03:32Z
2026-09-14T17:00:52Z,2026-09-14T19:00:52+0200,90888f2d-e992-4125-8952-0b7eab29538c,2026-09-12T02:00:00Z,2026-09-12T04:00:00+0200,184.5,EUR/MWh,BE,BE,day_ahead_price,value,2026-09-14T17:03:32Z
2026-09-14T17:00:52Z,2026-09-14T19:00:52+0200,90888f2d-e992-4125-8952-0b7eab29538c,2026-09-12T02:15:00Z,2026-09-12T04:15:00+0200,182.43,EUR/MWh,BE,BE,day_ahead_price,value,2026-09-14T17:03:32Z
2026-09-14T17:00:52Z,2026-09-14T19:00:52+0200,90888f2d-e992-4125-8952-0b7eab29538c,2026-09-12T02:30:00Z,2026-09-12T04:30:00+0200,185.0,EUR/MWh,BE,BE,day_ahead_price,value,2026-09-14T17:03:32Z
2026-09-14T17:00:52Z,2026-09-14T19:00:52+0200,90888f2d-e992-4125-8952-0b7eab29538c,2026-09-12T02:45:00Z,2026-09-12T04:45:00+0200,185.0,EUR/MWh,BE,BE,day_ahead_price,value,2026-09-14T17:03:32Z
2026-09-14T17:00:52Z,2026-09-14T19:00:52+0200,90888f2d-e992-4125-8952-0b7eab29538c,2026-09-12T03:00:00Z,2026-09-12T05:00:00+0200,184.5,EUR/MWh,BE,BE,day_ahead_price,value,2026-09-14T17:03:32Z
2026-09-14T17:00:52Z,2026-09-14T19:00:52+0200,90888f2d-e992-4125-8952-0b7eab29538c,2026-09-12T03:15:00Z,2026-09-12T05:15:00+0200,185.2,EUR/MWh,BE,BE,day_ahead_price,value,2026-09-14T17:03:32Z
2026-09-14T17:00:52Z,2026-09-14T19:00:52+0200,90888f2d-e992-4125-8952-0b7eab29538c,2026-09-12T03:30:00Z,2026-09-12T05:30:00+0200,186.37,EUR/MWh,BE,BE,day_ahead_price,value,2026-09-14T17:03:32Z
2026-09-14T17:00:52Z,2026-09-14T19:00:52+0200,90888f2d-e992-4125-8952-0b7eab29538c,2026-09-12T03:45:00Z,2026-09-12T05:45:00+0200,190.1,EUR/MWh,BE,BE,day_ahead_price,value,2026-09-14T17:03:32Z
2026-09-14T17:00:52Z,2026-09-14T19:00:52+0200,90888f2d-e992-4125-8952-0b7eab29538c,2026-09-12T04:00:00Z,2026-09-12T06:00:00+0200,190.15,EUR/MWh,BE,BE,day_ahead_price,value,2026-09-14T17:03:32Z
2026-09-14T17:00:52Z,2026-09-14T19:00:52+0200,90888f2d-e992-4125-8952-0b7eab29538c,2026-09-12T04:15:00Z,2026-09-12T06:15:00+0200,192.46,EUR/MWh,BE,BE,day_ahead_price,value,2026-09-14T17:03:32Z
2026-09-14T17:00:52Z,2026-09-14T19:00:52+0200,90888f2d-e992-4125-8952-0b7eab29538c,2026-09-12T04:30:00Z,2026-09-12T06:30:00+0200,196.26,EUR/MWh,BE,BE,day_ahead_price,value,2026-09-14T17:03:32Z
2026-09-14T17:00:52Z,2026-09-14T19:00:52+0200,90888f2d-e992-4125-8952-0b7eab29538c,2026-09-12T04:45:00Z,2026-09-12T06:45:00+0200,192.84,EUR/MWh,BE,BE,day_ahead_price,value,2026-09-14T17:03:32Z
2026-09-14T17:00:52Z,2026-09-14T19:00:52+0200,90888f2d-e992-4125-8952-0b7eab29538c,2026-09-12T05:00:00Z,2026-09-12T07:00:00+0200,199.21,EUR/MWh,BE,BE,day_ahead_price,value,2026-09-14T17:03:32Z
2026-09-14T17:00:52Z,2026-09-14T19:00:52+0200,90888f2d-e992-4125-8952-0b7eab29538c,2026-09-12T05:15:00Z,2026-09-12T07:15:00+0200,196.7,EUR/MWh,BE,BE,day_ahead_price,value,2026-09-14T17:03:32Z
2026-09-14T17:00:52Z,2026-09-14T19:00:52+0200,90888f2d-e992-4125-8952-0b7eab29538c,2026-09-12T05:30:00Z,2026-09-12T07:30:00+0200,191.12,EUR/MWh,BE,BE,day_ahead_price,value,2026-09-14T17:03:32Z
2026-09-14T17:00:52Z,2026-09-14T19:00:52+0200,90888f2d-e992-4125-8952-0b7eab29538c,2026-09-12T05:45:00Z,2026-09-12T07:45:00+0200,186.8,EUR/MWh,BE,BE,day_ahead_price,value,2026-09-14T17:03:32Z
2026-09-14T17:00:52Z,2026-09-14T19:00:52+0200,90888f2d-e992-4125-8952-0b7eab29538c,2026-09-12T06:00:00Z,2026-09-12T08:00:00+0200,200.75,EUR/MWh,BE,BE,day_ahead_price,value,2026-09-14T17:03:32Z
2026-09-14T17:00:52Z,2026-09-14T19:00:52+0200,90888f2d-e992-4125-8952-0b7eab29538c,2026-09-12T06:15:00Z,2026-09-12T08:15:00+0200,188.62,EUR/MWh,BE,BE,day_ahead_price,value,2026-09-14T17:03:32Z
2026-09-14T17:00:52Z,2026-09-14T19:00:52+0200,90888f2d-e992-4125-8952-0b7eab29538c,2026-09-12T06:30:00Z,2026-09-12T08:30:00+0200,161.01,EUR/MWh,BE,BE,day_ahead_price,value,2026-09-14T17:03:32Z
2026-09-14T17:00:52Z,2026-09-14T19:00:52+0200,90888f2d-e992-4125-8952-0b7eab29538c,2026-09-12T06:45:00Z,2026-09-12T08:45:00+0200,158.44,EUR/MWh,BE,BE,day_ahead_price,value,2026-09-14T17:03:32Z
2026-09-14T17:00:52Z,2026-09-14T19:00:52+0200,90888f2d-e992-4125-8952-0b7eab29538c,2026-09-12T07:00:00Z,2026-09-12T09:00:00+0200,182.81,EUR/MWh,BE,BE,day_ahead_price,value,2026-09-14T17:03:32Z
2026-09-14T17:00:52Z,2026-09-14T19:00:52+0200,90888f2d-e992-4125-8952-0b7eab29538c,2026-09-12T07:15:00Z,2026-09-12T09:15:00+0200,150.39,EUR/MWh,BE,BE,day_ahead_price,value,2026-09-14T17:03:32Z
2026-09-14T17:00:52Z,2026-09-14T19:00:52+0200,90888f2d-e992-4125-8952-0b7eab29538c,2026-09-12T07:30:00Z,2026-09-12T09:30:00+0200,145.6,EUR/MWh,BE,BE,day_ahead_price,value,2026-09-14T17:03:32Z
2026-09-14T17:00:52Z,2026-09-14T19:00:52+0200,90888f2d-e992-4125-8952-0b7eab29538c,2026-09-12T07:45:00Z,2026-09-12T09:45:00+0200,153.79,EUR/MWh,BE,BE,day_ahead_price,value,2026-09-14T17:03:32Z
2026-09-14T17:00:52Z,2026-09-14T19:00:52+0200,90888f2d-e992-4125-8952-0b7eab29538c,2026-09-12T08:00:00Z,2026-09-12T10:00:00+0200,118.45,EUR/MWh,BE,BE,day_ahead_price,value,2026-09-14T17:03:32Z
2026-09-14T17:00:52Z,2026-09-14T19:00:52+0200,90888f2d-e992-4125-8952-0b7eab29538c,2026-09-12T08:15:00Z,2026-09-12T10:15:00+0200,97.3,EUR/MWh,BE,BE,day_ahead_price,value,2026-09-14T17:03:32Z
2026-09-14T17:00:52Z,2026-09-14T19:00:52+0200,90888f2d-e992-4125-8952-0b7eab29538c,2026-09-12T08:30:00Z,2026-09-12T10:30:00+0200,73.99,EUR/MWh,BE,BE,day_ahead_price,value,2026-09-14T17:03:32Z
2026-09-14T17:00:52Z,2026-09-14T19:00:52+0200,90888f2d-e992-4125-8952-0b7eab29538c,2026-09-12T08:45:00Z,2026-09-12T10:45:00+0200,35.77,EUR/MWh,BE,BE,day_ahead_price,value,2026-09-14T17:03:32Z
2026-09-14T17:00:52Z,2026-09-14T19:00:52+0200,90888f2d-e992-4125-8952-0b7eab29538c,2026-09-12T09:00:00Z,2026-09-12T11:00:00+0200,52.68,EUR/MWh,BE,BE,day_ahead_price,value,2026-09-14T17:03:32Z
2026-09-14T17:00:52Z,2026-09-14T19:00:52+0200,90888f2d-e992-4125-8952-0b7eab29538c,2026-09-12T09:15:00Z,2026-09-12T11:15:00+0200,34.2,EUR/MWh,BE,BE,day_ahead_price,value,2026-09-14T17:03:32Z
2026-09-14T17:00:52Z,2026-09-14T19:00:52+0200,90888f2d-e992-4125-8952-0b7eab29538c,2026-09-12T09:30:00Z,2026-09-12T11:30:00+0200,13.46,EUR/MWh,BE,BE,day_ahead_price,value,2026-09-14T17:03:32Z
2026-09-14T17:00:52Z,2026-09-14T19:00:52+0200,90888f2d-e992-4125-8952-0b7eab29538c,2026-09-12T09:45:00Z,2026-09-12T11:45:00+0200,4.74,EUR/MWh,BE,BE,day_ahead_price,value,2026-09-14T17:03:32Z
2026-09-14T17:00:52Z,2026-09-14T19:00:52+0200,90888f2d-e992-4125-8952-0b7eab29538c,2026-09-12T10:00:00Z,2026-09-12T12:00:00+0200,3.21,EUR/MWh,BE,BE,day_ahead_price,value,2026-09-14T17:03:32Z
2026-09-14T17:00:52Z,2026-09-14T19:00:52+0200,90888f2d-e992-4125-8952-0b7eab29538c,2026-09-12T10:15:00Z,2026-09-12T12:15:00+0200,0.04,EUR/MWh,BE,BE,day_ahead_price,value,2026-09-14T17:03:32Z
2026-09-14T17:00:52Z,2026-09-14T19:00:52+0200,90888f2d-e992-4125-8952-0b7eab29538c,2026-09-12T10:30:00Z,2026-09-12T12:30:00+0200,0.03,EUR/MWh,BE,BE,day_ahead_price,value,2026-09-14T17:03:32Z
2026-09-14T17:00:52Z,2026-09-14T19:00:52+0200,90888f2d-e992-4125-8952-0b7eab29538c,2026-09-12T10:45:00Z,2026-09-12T12:45:00+0200,0.01,EUR/MWh,BE,BE,day_ahead_price,value,2026-09-14T17:03:32Z
2026-09-14T17:00:52Z,2026-09-14T19:00:52+0200,90888f2d-e992-4125-8952-0b7eab29538c,2026-09-12T11:00:00Z,2026-09-12T13:00:00+0200,0.01,EUR/MWh,BE,BE,day_ahead_price,value,2026-09-14T17:03:32Z
2026-09-14T17:00:52Z,2026-09-14T19:00:52+0200,90888f2d-e992-4125-8952-0b7eab29538c,2026-09-12T11:15:00Z,2026-09-12T13:15:00+0200,-0.02,EUR/MWh,BE,BE,day_ahead_price,value,2026-09-14T17:03:32Z
2026-09-14T17:00:52Z,2026-09-14T19:00:52+0200,90888f2d-e992-4125-8952-0b7eab29538c,2026-09-12T11:30:00Z,2026-09-12T13:30:00+0200,-0.02,EUR/MWh,BE,BE,day_ahead_price,value,2026-09-14T17:03:32Z
2026-09-14T17:00:52Z,2026-09-14T19:00:52+0200,90888f2d-e992-4125-8952-0b7eab29538c,2026-09-12T11:45:00Z,2026-09-12T13:45:00+0200,-0.04,EUR/MWh,BE,BE,day_ahead_price,value,2026-09-14T17:03:32Z
2026-09-14T17:00:52Z,2026-09-14T19:00:52+0200,90888f2d-e992-4125-8952-0b7eab29538c,2026-09-12T12:00:00Z,2026-09-12T14:00:00+0200,-0.23,EUR/MWh,BE,BE,day_ahead_price,value,2026-09-14T17:03:32Z
2026-09-14T17:00:52Z,2026-09-14T19:00:52+0200,90888f2d-e992-4125-8952-0b7eab29538c,2026-09-12T12:15:00Z,2026-09-12T14:15:00+0200,-0.03,EUR/MWh,BE,BE,day_ahead_price,value,2026-09-14T17:03:32Z
2026-09-14T17:00:52Z,2026-09-14T19:00:52+0200,90888f2d-e992-4125-8952-0b7eab29538c,2026-09-12T12:30:00Z,2026-09-12T14:30:00+0200,0.11,EUR/MWh,BE,BE,day_ahead_price,value,2026-09-14T17:03:32Z
2026-09-14T17:00:52Z,2026-09-14T19:00:52+0200,90888f2d-e992-4125-8952-0b7eab29538c,2026-09-12T12:45:00Z,2026-09-12T14:45:00+0200,0.31,EUR/MWh,BE,BE,day_ahead_price,value,2026-09-14T17:03:32Z
2026-09-14T17:00:52Z,2026-09-14T19:00:52+0200,90888f2d-e992-4125-8952-0b7eab29538c,2026-09-12T13:00:00Z,2026-09-12T15:00:00+0200,0.16,EUR/MWh,BE,BE,day_ahead_price,value,2026-09-14T17:03:32Z
2026-09-14T17:00:52Z,2026-09-14T19:00:52+0200,90888f2d-e992-4125-8952-0b7eab29538c,2026-09-12T13:15:00Z,2026-09-12T15:15:00+0200,0.46,EUR/MWh,BE,BE,day_ahead_price,value,2026-09-14T17:03:32Z
2026-09-14T17:00:52Z,2026-09-14T19:00:52+0200,90888f2d-e992-4125-8952-0b7eab29538c,2026-09-12T13:30:00Z,2026-09-12T15:30:00+0200,0.71,EUR/MWh,BE,BE,day_ahead_price,value,2026-09-14T17:03:32Z
2026-09-14T17:00:52Z,2026-09-14T19:00:52+0200,90888f2d-e992-4125-8952-0b7eab29538c,2026-09-12T13:45:00Z,2026-09-12T15:45:00+0200,2.85,EUR/MWh,BE,BE,day_ahead_price,value,2026-09-14T17:03:32Z
2026-09-14T17:00:52Z,2026-09-14T19:00:52+0200,90888f2d-e992-4125-8952-0b7eab29538c,2026-09-12T14:00:00Z,2026-09-12T16:00:00+0200,0.09,EUR/MWh,BE,BE,day_ahead_price,value,2026-09-14T17:03:32Z
2026-09-14T17:00:52Z,2026-09-14T19:00:52+0200,90888f2d-e992-4125-8952-0b7eab29538c,2026-09-12T14:15:00Z,2026-09-12T16:15:00+0200,5.21,EUR/MWh,BE,BE,day_ahead_price,value,2026-09-14T17:03:32Z
2026-09-14T17:00:52Z,2026-09-14T19:00:52+0200,90888f2d-e992-4125-8952-0b7eab29538c,2026-09-12T14:30:00Z,2026-09-12T16:30:00+0200,33.89,EUR/MWh,BE,BE,day_ahead_price,value,2026-09-14T17:03:32Z
2026-09-14T17:00:52Z,2026-09-14T19:00:52+0200,90888f2d-e992-4125-8952-0b7eab29538c,2026-09-12T14:45:00Z,2026-09-12T16:45:00+0200,66.56,EUR/MWh,BE,BE,day_ahead_price,value,2026-09-14T17:03:32Z
2026-09-14T17:00:52Z,2026-09-14T19:00:52+0200,90888f2d-e992-4125-8952-0b7eab29538c,2026-09-12T15:00:00Z,2026-09-12T17:00:00+0200,70.11,EUR/MWh,BE,BE,day_ahead_price,value,2026-09-14T17:03:32Z
2026-09-14T17:00:52Z,2026-09-14T19:00:52+0200,90888f2d-e992-4125-8952-0b7eab29538c,2026-09-12T15:15:00Z,2026-09-12T17:15:00+0200,101.9,EUR/MWh,BE,BE,day_ahead_price,value,2026-09-14T17:03:32Z
2026-09-14T17:00:52Z,2026-09-14T19:00:52+0200,90888f2d-e992-4125-8952-0b7eab29538c,2026-09-12T15:30:00Z,2026-09-12T17:30:00+0200,121.52,EUR/MWh,BE,BE,day_ahead_price,value,2026-09-14T17:03:32Z
2026-09-14T17:00:52Z,2026-09-14T19:00:52+0200,90888f2d-e992-4125-8952-0b7eab29538c,2026-09-12T15:45:00Z,2026-09-12T17:45:00+0200,152.39,EUR/MWh,BE,BE,day_ahead_price,value,2026-09-14T17:03:32Z
2026-09-14T17:00:52Z,2026-09-14T19:00:52+0200,90888f2d-e992-4125-8952-0b7eab29538c,2026-09-12T16:00:00Z,2026-09-12T18:00:00+0200,147.85,EUR/MWh,BE,BE,day_ahead_price,value,2026-09-14T17:03:32Z
2026-09-14T17:00:52Z,2026-09-14T19:00:52+0200,90888f2d-e992-4125-8952-0b7eab29538c,2026-09-12T16:15:00Z,2026-09-12T18:15:00+0200,180.52,EUR/MWh,BE,BE,day_ahead_price,value,2026-09-14T17:03:32Z
2026-09-14T17:00:52Z,2026-09-14T19:00:52+0200,90888f2d-e992-4125-8952-0b7eab29538c,2026-09-12T16:30:00Z,2026-09-12T18:30:00+0200,192.56,EUR/MWh,BE,BE,day_ahead_price,value,2026-09-14T17:03:32Z
2026-09-14T17:00:52Z,2026-09-14T19:00:52+0200,90888f2d-e992-4125-8952-0b7eab29538c,2026-09-12T16:45:00Z,2026-09-12T18:45:00+0200,195.82,EUR/MWh,BE,BE,day_ahead_price,value,2026-09-14T17:03:32Z
2026-09-14T17:00:52Z,2026-09-14T19:00:52+0200,90888f2d-e992-4125-8952-0b7eab29538c,2026-09-12T17:00:00Z,2026-09-12T19:00:00+0200,194.44,EUR/MWh,BE,BE,day_ahead_price,value,2026-09-14T17:03:32Z
2026-09-14T17:00:52Z,2026-09-14T19:00:52+0200,90888f2d-e992-4125-8952-0b7eab29538c,2026-09-12T17:15:00Z,2026-09-12T19:15:00+0200,204.81,EUR/MWh,BE,BE,day_ahead_price,value,2026-09-14T17:03:32Z
2026-09-14T17:00:52Z,2026-09-14T19:00:52+0200,90888f2d-e992-4125-8952-0b7eab29538c,2026-09-12T17:30:00Z,2026-09-12T19:30:00+0200,206.31,EUR/MWh,BE,BE,day_ahead_price,value,2026-09-14T17:03:32Z
2026-09-14T17:00:52Z,2026-09-14T19:00:52+0200,90888f2d-e992-4125-8952-0b7eab29538c,2026-09-12T17:45:00Z,2026-09-12T19:45:00+0200,212.48,EUR/MWh,BE,BE,day_ahead_price,value,2026-09-14T17:03:32Z
2026-09-14T17:00:52Z,2026-09-14T19:00:52+0200,90888f2d-e992-4125-8952-0b7eab29538c,2026-09-12T18:00:00Z,2026-09-12T20:00:00+0200,210.99,EUR/MWh,BE,BE,day_ahead_price,value,2026-09-14T17:03:32Z
2026-09-14T17:00:52Z,2026-09-14T19:00:52+0200,90888f2d-e992-4125-8952-0b7eab29538c,2026-09-12T18:15:00Z,2026-09-12T20:15:00+0200,211.17,EUR/MWh,BE,BE,day_ahead_price,value,2026-09-14T17:03:32Z
2026-09-14T17:00:52Z,2026-09-14T19:00:52+0200,90888f2d-e992-4125-8952-0b7eab29538c,2026-09-12T18:30:00Z,2026-09-12T20:30:00+0200,210.92,EUR/MWh,BE,BE,day_ahead_price,value,2026-09-14T17:03:32Z
2026-09-14T17:00:52Z,2026-09-14T19:00:52+0200,90888f2d-e992-4125-8952-0b7eab29538c,2026-09-12T18:45:00Z,2026-09-12T20:45:00+0200,207.69,EUR/MWh,BE,BE,day_ahead_price,value,2026-09-14T17:03:32Z
2026-09-14T17:00:52Z,2026-09-14T19:00:52+0200,90888f2d-e992-4125-8952-0b7eab29538c,2026-09-12T19:00:00Z,2026-09-12T21:00:00+0200,210.75,EUR/MWh,BE,BE,day_ahead_price,value,2026-09-14T17:03:32Z
2026-09-14T17:00:52Z,2026-09-14T19:00:52+0200,90888f2d-e992-4125-8952-0b7eab29538c,2026-09-12T19:15:00Z,2026-09-12T21:15:00+0200,204.94,EUR/MWh,BE,BE,day_ahead_price,value,2026-09-14T17:03:32Z
2026-09-14T17:00:52Z,2026-09-14T19:00:52+0200,90888f2d-e992-4125-8952-0b7eab29538c,2026-09-12T19:30:00Z,2026-09-12T21:30:00+0200,202.7,EUR/MWh,BE,BE,day_ahead_price,value,2026-09-14T17:03:32Z
2026-09-14T17:00:52Z,2026-09-14T19:00:52+0200,90888f2d-e992-4125-8952-0b7eab29538c,2026-09-12T19:45:00Z,2026-09-12T21:45:00+0200,201.72,EUR/MWh,BE,BE,day_ahead_price,value,2026-09-14T17:03:32Z
2026-09-14T17:00:52Z,2026-09-14T19:00:52+0200,90888f2d-e992-4125-8952-0b7eab29538c,2026-09-12T20:00:00Z,2026-09-12T22:00:00+0200,199.85,EUR/MWh,BE,BE,day_ahead_price,value,2026-09-14T17:03:32Z
2026-09-14T17:00:52Z,2026-09-14T19:00:52+0200,90888f2d-e992-4125-8952-0b7eab29538c,2026-09-12T20:15:00Z,2026-09-12T22:15:00+0200,202.7,EUR/MWh,BE,BE,day_ahead_price,value,2026-09-14T17:03:32Z
2026-09-14T17:00:52Z,2026-09-14T19:00:52+0200,90888f2d-e992-4125-8952-0b7eab29538c,2026-09-12T20:30:00Z,2026-09-12T22:30:00+0200,206.1,EUR/MWh,BE,BE,day_ahead_price,value,2026-09-14T17:03:32Z
2026-09-14T17:00:52Z,2026-09-14T19:00:52+0200,90888f2d-e992-4125-8952-0b7eab29538c,2026-09-12T20:45:00Z,2026-09-12T22:45:00+0200,201.8,EUR/MWh,BE,BE,day_ahead_price,value,2026-09-14T17:03:32Z
2026-09-14T17:00:52Z,2026-09-14T19:00:52+0200,90888f2d-e992-4125-8952-0b7eab29538c,2026-09-12T21:00:00Z,2026-09-12T23:00:00+0200,198.01,EUR/MWh,BE,BE,day_ahead_price,value,2026-09-14T17:03:32Z
2026-09-14T17:00:52Z,2026-09-14T19:00:52+0200,90888f2d-e992-4125-8952-0b7eab29538c,2026-09-12T21:15:00Z,2026-09-12T23:15:00+0200,194.39,EUR/MWh,BE,BE,day_ahead_price,value,2026-09-14T17:03:32Z
2026-09-14T17:00:52Z,2026-09-14T19:00:52+0200,90888f2d-e992-4125-8952-0b7eab29538c,2026-09-12T21:30:00Z,2026-09-12T23:30:00+0200,194.96,EUR/MWh,BE,BE,day_ahead_price,value,2026-09-14T17:03:32Z
2026-09-14T17:00:52Z,2026-09-14T19:00:52+0200,90888f2d-e992-4125-8952-0b7eab29538c,2026-09-12T21:45:00Z,2026-09-12T23:45:00+0200,190.65,EUR/MWh,BE,BE,day_ahead_price,value,2026-09-14T17:03:32Z
2026-09-14T17:00:52Z,2026-09-14T19:00:52+0200,90888f2d-e992-4125-8952-0b7eab29538c,2026-09-12T22:00:00Z,2026-09-13T00:00:00+0200,191.99,EUR/MWh,BE,BE,day_ahead_price,value,2026-09-14T17:03:32Z
2026-09-14T17:00:52Z,2026-09-14T19:00:52+0200,90888f2d-e992-4125-8952-0b7eab29538c,2026-09-12T22:15:00Z,2026-09-13T00:15:00+0200,180.01,EUR/MWh,BE,BE,day_ahead_price,value,2026-09-14T17:03:32Z
2026-09-14T17:00:52Z,2026-09-14T19:00:52+0200,90888f2d-e992-4125-8952-0b7eab29538c,2026-09-12T22:30:00Z,2026-09-13T00:30:00+0200,173.3,EUR/MWh,BE,BE,day_ahead_price,value,2026-09-14T17:03:32Z
2026-09-14T17:00:52Z,2026-09-14T19:00:52+0200,90888f2d-e992-4125-8952-0b7eab29538c,2026-09-12T22:45:00Z,2026-09-13T00:45:00+0200,166.01,EUR/MWh,BE,BE,day_ahead_price,value,2026-09-14T17:03:32Z
2026-09-14T17:00:52Z,2026-09-14T19:00:52+0200,90888f2d-e992-4125-8952-0b7eab29538c,2026-09-12T23:00:00Z,2026-09-13T01:00:00+0200,176.4,EUR/MWh,BE,BE,day_ahead_price,value,2026-09-14T17:03:32Z
2026-09-14T17:00:52Z,2026-09-14T19:00:52+0200,90888f2d-e992-4125-8952-0b7eab29538c,2026-09-12T23:15:00Z,2026-09-13T01:15:00+0200,165.98,EUR/MWh,BE,BE,day_ahead_price,value,2026-09-14T17:03:32Z
2026-09-14T17:00:52Z,2026-09-14T19:00:52+0200,90888f2d-e992-4125-8952-0b7eab29538c,2026-09-12T23:30:00Z,2026-09-13T01:30:00+0200,164.26,EUR/MWh,BE,BE,day_ahead_price,value,2026-09-14T17:03:32Z
2026-09-14T17:00:52Z,2026-09-14T19:00:52+0200,90888f2d-e992-4125-8952-0b7eab29538c,2026-09-12T23:45:00Z,2026-09-13T01:45:00+0200,163.74,EUR/MWh,BE,BE,day_ahead_price,value,2026-09-14T17:03:32Z
2026-09-14T17:00:52Z,2026-09-14T19:00:52+0200,90888f2d-e992-4125-8952-0b7eab29538c,2026-09-13T00:00:00Z,2026-09-13T02:00:00+0200,168.52,EUR/MWh,BE,BE,day_ahead_price,value,2026-09-14T17:03:32Z
2026-09-14T17:00:52Z,2026-09-14T19:00:52+0200,90888f2d-e992-4125-8952-0b7eab29538c,2026-09-13T00:15:00Z,2026-09-13T02:15:00+0200,163.79,EUR/MWh,BE,BE,day_ahead_price,value,2026-09-14T17:03:32Z
2026-09-14T17:00:52Z,2026-09-14T19:00:52+0200,90888f2d-e992-4125-8952-0b7eab29538c,2026-09-13T00:30:00Z,2026-09-13T02:30:00+0200,160.6,EUR/MWh,BE,BE,day_ahead_price,value,2026-09-14T17:03:32Z
2026-09-14T17:00:52Z,2026-09-14T19:00:52+0200,90888f2d-e992-4125-8952-0b7eab29538c,2026-09-13T00:45:00Z,2026-09-13T02:45:00+0200,159.2,EUR/MWh,BE,BE,day_ahead_price,value,2026-09-14T17:03:32Z
2026-09-14T17:00:52Z,2026-09-14T19:00:52+0200,90888f2d-e992-4125-8952-0b7eab29538c,2026-09-13T01:00:00Z,2026-09-13T03:00:00+0200,163.59,EUR/MWh,BE,BE,day_ahead_price,value,2026-09-14T17:03:32Z
2026-09-14T17:00:52Z,2026-09-14T19:00:52+0200,90888f2d-e992-4125-8952-0b7eab29538c,2026-09-13T01:15:00Z,2026-09-13T03:15:00+0200,162.26,EUR/MWh,BE,BE,day_ahead_price,value,2026-09-14T17:03:32Z
2026-09-14T17:00:52Z,2026-09-14T19:00:52+0200,90888f2d-e992-4125-8952-0b7eab29538c,2026-09-13T01:30:00Z,2026-09-13T03:30:00+0200,161.37,EUR/MWh,BE,BE,day_ahead_price,value,2026-09-14T17:03:32Z
2026-09-14T17:00:52Z,2026-09-14T19:00:52+0200,90888f2d-e992-4125-8952-0b7eab29538c,2026-09-13T01:45:00Z,2026-09-13T03:45:00+0200,159.7,EUR/MWh,BE,BE,day_ahead_price,value,2026-09-14T17:03:32Z
2026-09-14T17:00:52Z,2026-09-14T19:00:52+0200,90888f2d-e992-4125-8952-0b7eab29538c,2026-09-13T02:00:00Z,2026-09-13T04:00:00+0200,164.44,EUR/MWh,BE,BE,day_ahead_price,value,2026-09-14T17:03:32Z
2026-09-14T17:00:52Z,2026-09-14T19:00:52+0200,90888f2d-e992-4125-8952-0b7eab29538c,2026-09-13T02:15:00Z,2026-09-13T04:15:00+0200,163.8,EUR/MWh,BE,BE,day_ahead_price,value,2026-09-14T17:03:32Z
2026-09-14T17:00:52Z,2026-09-14T19:00:52+0200,90888f2d-e992-4125-8952-0b7eab29538c,2026-09-13T02:30:00Z,2026-09-13T04:30:00+0200,163.6,EUR/MWh,BE,BE,day_ahead_price,value,2026-09-14T17:03:32Z
2026-09-14T17:00:52Z,2026-09-14T19:00:52+0200,90888f2d-e992-4125-8952-0b7eab29538c,2026-09-13T02:45:00Z,2026-09-13T04:45:00+0200,164.38,EUR/MWh,BE,BE,day_ahead_price,value,2026-09-14T17:03:32Z
2026-09-14T17:00:52Z,2026-09-14T19:00:52+0200,90888f2d-e992-4125-8952-0b7eab29538c,2026-09-13T03:00:00Z,2026-09-13T05:00:00+0200,165.12,EUR/MWh,BE,BE,day_ahead_price,value,2026-09-14T17:03:32Z
2026-09-14T17:00:52Z,2026-09-14T19:00:52+0200,90888f2d-e992-4125-8952-0b7eab29538c,2026-09-13T03:15:00Z,2026-09-13T05:15:00+0200,166.31,EUR/MWh,BE,BE,day_ahead_price,value,2026-09-14T17:03:32Z
2026-09-14T17:00:52Z,2026-09-14T19:00:52+0200,90888f2d-e992-4125-8952-0b7eab29538c,2026-09-13T03:30:00Z,2026-09-13T05:30:00+0200,168.69,EUR/MWh,BE,BE,day_ahead_price,value,2026-09-14T17:03:32Z
2026-09-14T17:00:52Z,2026-09-14T19:00:52+0200,90888f2d-e992-4125-8952-0b7eab29538c,2026-09-13T03:45:00Z,2026-09-13T05:45:00+0200,172.0,EUR/MWh,BE,BE,day_ahead_price,value,2026-09-14T17:03:32Z
2026-09-14T17:00:52Z,2026-09-14T19:00:52+0200,90888f2d-e992-4125-8952-0b7eab29538c,2026-09-13T04:00:00Z,2026-09-13T06:00:00+0200,171.24,EUR/MWh,BE,BE,day_ahead_price,value,2026-09-14T17:03:32Z
2026-09-14T17:00:52Z,2026-09-14T19:00:52+0200,90888f2d-e992-4125-8952-0b7eab29538c,2026-09-13T04:15:00Z,2026-09-13T06:15:00+0200,176.28,EUR/MWh,BE,BE,day_ahead_price,value,2026-09-14T17:03:32Z
2026-09-14T17:00:52Z,2026-09-14T19:00:52+0200,90888f2d-e992-4125-8952-0b7eab29538c,2026-09-13T04:30:00Z,2026-09-13T06:30:00+0200,181.79,EUR/MWh,BE,BE,day_ahead_price,value,2026-09-14T17:03:32Z
2026-09-14T17:00:52Z,2026-09-14T19:00:52+0200,90888f2d-e992-4125-8952-0b7eab29538c,2026-09-13T04:45:00Z,2026-09-13T06:45:00+0200,180.65,EUR/MWh,BE,BE,day_ahead_price,value,2026-09-14T17:03:32Z
2026-09-14T17:00:52Z,2026-09-14T19:00:52+0200,90888f2d-e992-4125-8952-0b7eab29538c,2026-09-13T05:00:00Z,2026-09-13T07:00:00+0200,185.77,EUR/MWh,BE,BE,day_ahead_price,value,2026-09-14T17:03:32Z
2026-09-14T17:00:52Z,2026-09-14T19:00:52+0200,90888f2d-e992-4125-8952-0b7eab29538c,2026-09-13T05:15:00Z,2026-09-13T07:15:00+0200,184.13,EUR/MWh,BE,BE,day_ahead_price,value,2026-09-14T17:03:32Z
2026-09-14T17:00:52Z,2026-09-14T19:00:52+0200,90888f2d-e992-4125-8952-0b7eab29538c,2026-09-13T05:30:00Z,2026-09-13T07:30:00+0200,181.4,EUR/MWh,BE,BE,day_ahead_price,value,2026-09-14T17:03:32Z
2026-09-14T17:00:52Z,2026-09-14T19:00:52+0200,90888f2d-e992-4125-8952-0b7eab29538c,2026-09-13T05:45:00Z,2026-09-13T07:45:00+0200,170.89,EUR/MWh,BE,BE,day_ahead_price,value,2026-09-14T17:03:32Z
2026-09-14T17:00:52Z,2026-09-14T19:00:52+0200,90888f2d-e992-4125-8952-0b7eab29538c,2026-09-13T06:00:00Z,2026-09-13T08:00:00+0200,190.1,EUR/MWh,BE,BE,day_ahead_price,value,2026-09-14T17:03:32Z
2026-09-14T17:00:52Z,2026-09-14T19:00:52+0200,90888f2d-e992-4125-8952-0b7eab29538c,2026-09-13T06:15:00Z,2026-09-13T08:15:00+0200,173.56,EUR/MWh,BE,BE,day_ahead_price,value,2026-09-14T17:03:32Z
2026-09-14T17:00:52Z,2026-09-14T19:00:52+0200,90888f2d-e992-4125-8952-0b7eab29538c,2026-09-13T06:30:00Z,2026-09-13T08:30:00+0200,159.78,EUR/MWh,BE,BE,day_ahead_price,value,2026-09-14T17:03:32Z
2026-09-14T17:00:52Z,2026-09-14T19:00:52+0200,90888f2d-e992-4125-8952-0b7eab29538c,2026-09-13T06:45:00Z,2026-09-13T08:45:00+0200,158.28,EUR/MWh,BE,BE,day_ahead_price,value,2026-09-14T17:03:32Z
2026-09-14T17:00:52Z,2026-09-14T19:00:52+0200,90888f2d-e992-4125-8952-0b7eab29538c,2026-09-13T07:00:00Z,2026-09-13T09:00:00+0200,156.27,EUR/MWh,BE,BE,day_ahead_price,value,2026-09-14T17:03:32Z
2026-09-14T17:00:52Z,2026-09-14T19:00:52+0200,90888f2d-e992-4125-8952-0b7eab29538c,2026-09-13T07:15:00Z,2026-09-13T09:15:00+0200,160.0,EUR/MWh,BE,BE,day_ahead_price,value,2026-09-14T17:03:32Z
2026-09-14T17:00:52Z,2026-09-14T19:00:52+0200,90888f2d-e992-4125-8952-0b7eab29538c,2026-09-13T07:30:00Z,2026-09-13T09:30:00+0200,206.87,EUR/MWh,BE,BE,day_ahead_price,value,2026-09-14T17:03:32Z
2026-09-14T17:00:52Z,2026-09-14T19:00:52+0200,90888f2d-e992-4125-8952-0b7eab29538c,2026-09-13T07:45:00Z,2026-09-13T09:45:00+0200,216.22,EUR/MWh,BE,BE,day_ahead_price,value,2026-09-14T17:03:32Z
2026-09-14T17:00:52Z,2026-09-14T19:00:52+0200,90888f2d-e992-4125-8952-0b7eab29538c,2026-09-13T08:00:00Z,2026-09-13T10:00:00+0200,204.03,EUR/MWh,BE,BE,day_ahead_price,value,2026-09-14T17:03:32Z
2026-09-14T17:00:52Z,2026-09-14T19:00:52+0200,90888f2d-e992-4125-8952-0b7eab29538c,2026-09-13T08:15:00Z,2026-09-13T10:15:00+0200,210.0,EUR/MWh,BE,BE,day_ahead_price,value,2026-09-14T17:03:32Z
2026-09-14T17:00:52Z,2026-09-14T19:00:52+0200,90888f2d-e992-4125-8952-0b7eab29538c,2026-09-13T08:30:00Z,2026-09-13T10:30:00+0200,210.15,EUR/MWh,BE,BE,day_ahead_price,value,2026-09-14T17:03:32Z
2026-09-14T17:00:52Z,2026-09-14T19:00:52+0200,90888f2d-e992-4125-8952-0b7eab29538c,2026-09-13T08:45:00Z,2026-09-13T10:45:00+0200,208.74,EUR/MWh,BE,BE,day_ahead_price,value,2026-09-14T17:03:32Z
2026-09-14T17:00:52Z,2026-09-14T19:00:52+0200,90888f2d-e992-4125-8952-0b7eab29538c,2026-09-13T09:00:00Z,2026-09-13T11:00:00+0200,201.09,EUR/MWh,BE,BE,day_ahead_price,value,2026-09-14T17:03:32Z
2026-09-14T17:00:52Z,2026-09-14T19:00:52+0200,90888f2d-e992-4125-8952-0b7eab29538c,2026-09-13T09:15:00Z,2026-09-13T11:15:00+0200,200.0,EUR/MWh,BE,BE,day_ahead_price,value,2026-09-14T17:03:32Z
2026-09-14T17:00:52Z,2026-09-14T19:00:52+0200,90888f2d-e992-4125-8952-0b7eab29538c,2026-09-13T09:30:00Z,2026-09-13T11:30:00+0200,198.91,EUR/MWh,BE,BE,day_ahead_price,value,2026-09-14T17:03:32Z
2026-09-14T17:00:52Z,2026-09-14T19:00:52+0200,90888f2d-e992-4125-8952-0b7eab29538c,2026-09-13T09:45:00Z,2026-09-13T11:45:00+0200,200.0,EUR/MWh,BE,BE,day_ahead_price,value,2026-09-14T17:03:32Z
2026-09-14T17:00:52Z,2026-09-14T19:00:52+0200,90888f2d-e992-4125-8952-0b7eab29538c,2026-09-13T10:00:00Z,2026-09-13T12:00:00+0200,190.0,EUR/MWh,BE,BE,day_ahead_price,value,2026-09-14T17:03:32Z
2026-09-14T17:00:52Z,2026-09-14T19:00:52+0200,90888f2d-e992-4125-8952-0b7eab29538c,2026-09-13T10:15:00Z,2026-09-13T12:15:00+0200,197.52,EUR/MWh,BE,BE,day_ahead_price,value,2026-09-14T17:03:32Z
2026-09-14T17:00:52Z,2026-09-14T19:00:52+0200,90888f2d-e992-4125-8952-0b7eab29538c,2026-09-13T10:30:00Z,2026-09-13T12:30:00+0200,192.03,EUR/MWh,BE,BE,day_ahead_price,value,2026-09-14T17:03:32Z
2026-09-14T17:00:52Z,2026-09-14T19:00:52+0200,90888f2d-e992-4125-8952-0b7eab29538c,2026-09-13T10:45:00Z,2026-09-13T12:45:00+0200,190.17,EUR/MWh,BE,BE,day_ahead_price,value,2026-09-14T17:03:32Z
2026-09-14T17:00:52Z,2026-09-14T19:00:52+0200,90888f2d-e992-4125-8952-0b7eab29538c,2026-09-13T11:00:00Z,2026-09-13T13:00:00+0200,190.0,EUR/MWh,BE,BE,day_ahead_price,value,2026-09-14T17:03:32Z
2026-09-14T17:00:52Z,2026-09-14T19:00:52+0200,90888f2d-e992-4125-8952-0b7eab29538c,2026-09-13T11:15:00Z,2026-09-13T13:15:00+0200,187.41,EUR/MWh,BE,BE,day_ahead_price,value,2026-09-14T17:03:32Z
2026-09-14T17:00:52Z,2026-09-14T19:00:52+0200,90888f2d-e992-4125-8952-0b7eab29538c,2026-09-13T11:30:00Z,2026-09-13T13:30:00+0200,183.56,EUR/MWh,BE,BE,day_ahead_price,value,2026-09-14T17:03:32Z
2026-09-14T17:00:52Z,2026-09-14T19:00:52+0200,90888f2d-e992-4125-8952-0b7eab29538c,2026-09-13T11:45:00Z,2026-09-13T13:45:00+0200,179.49,EUR/MWh,BE,BE,day_ahead_price,value,2026-09-14T17:03:32Z
2026-09-14T17:00:52Z,2026-09-14T19:00:52+0200,90888f2d-e992-4125-8952-0b7eab29538c,2026-09-13T12:00:00Z,2026-09-13T14:00:00+0200,176.61,EUR/MWh,BE,BE,day_ahead_price,value,2026-09-14T17:03:32Z
2026-09-14T17:00:52Z,2026-09-14T19:00:52+0200,90888f2d-e992-4125-8952-0b7eab29538c,2026-09-13T12:15:00Z,2026-09-13T14:15:00+0200,183.24,EUR/MWh,BE,BE,day_ahead_price,value,2026-09-14T17:03:32Z
2026-09-14T17:00:52Z,2026-09-14T19:00:52+0200,90888f2d-e992-4125-8952-0b7eab29538c,2026-09-13T12:30:00Z,2026-09-13T14:30:00+0200,189.84,EUR/MWh,BE,BE,day_ahead_price,value,2026-09-14T17:03:32Z
2026-09-14T17:00:52Z,2026-09-14T19:00:52+0200,90888f2d-e992-4125-8952-0b7eab29538c,2026-09-13T12:45:00Z,2026-09-13T14:45:00+0200,189.26,EUR/MWh,BE,BE,day_ahead_price,value,2026-09-14T17:03:32Z
2026-09-14T17:00:52Z,2026-09-14T19:00:52+0200,90888f2d-e992-4125-8952-0b7eab29538c,2026-09-13T13:00:00Z,2026-09-13T15:00:00+0200,184.13,EUR/MWh,BE,BE,day_ahead_price,value,2026-09-14T17:03:32Z
2026-09-14T17:00:52Z,2026-09-14T19:00:52+0200,90888f2d-e992-4125-8952-0b7eab29538c,2026-09-13T13:15:00Z,2026-09-13T15:15:00+0200,189.99,EUR/MWh,BE,BE,day_ahead_price,value,2026-09-14T17:03:32Z
2026-09-14T17:00:52Z,2026-09-14T19:00:52+0200,90888f2d-e992-4125-8952-0b7eab29538c,2026-09-13T13:30:00Z,2026-09-13T15:30:00+0200,190.0,EUR/MWh,BE,BE,day_ahead_price,value,2026-09-14T17:03:32Z
2026-09-14T17:00:52Z,2026-09-14T19:00:52+0200,90888f2d-e992-4125-8952-0b7eab29538c,2026-09-13T13:45:00Z,2026-09-13T15:45:00+0200,173.41,EUR/MWh,BE,BE,day_ahead_price,value,2026-09-14T17:03:32Z
2026-09-14T17:00:52Z,2026-09-14T19:00:52+0200,90888f2d-e992-4125-8952-0b7eab29538c,2026-09-13T14:00:00Z,2026-09-13T16:00:00+0200,192.5,EUR/MWh,BE,BE,day_ahead_price,value,2026-09-14T17:03:32Z
2026-09-14T17:00:52Z,2026-09-14T19:00:52+0200,90888f2d-e992-4125-8952-0b7eab29538c,2026-09-13T14:15:00Z,2026-09-13T16:15:00+0200,170.63,EUR/MWh,BE,BE,day_ahead_price,value,2026-09-14T17:03:32Z
2026-09-14T17:00:52Z,2026-09-14T19:00:52+0200,90888f2d-e992-4125-8952-0b7eab29538c,2026-09-13T14:30:00Z,2026-09-13T16:30:00+0200,162.67,EUR/MWh,BE,BE,day_ahead_price,value,2026-09-14T17:03:32Z
2026-09-14T17:00:52Z,2026-09-14T19:00:52+0200,90888f2d-e992-4125-8952-0b7eab29538c,2026-09-13T14:45:00Z,2026-09-13T16:45:00+0200,159.67,EUR/MWh,BE,BE,day_ahead_price,value,2026-09-14T17:03:32Z
2026-09-14T17:00:52Z,2026-09-14T19:00:52+0200,90888f2d-e992-4125-8952-0b7eab29538c,2026-09-13T15:00:00Z,2026-09-13T17:00:00+0200,181.0,EUR/MWh,BE,BE,day_ahead_price,value,2026-09-14T17:03:32Z
2026-09-14T17:00:52Z,2026-09-14T19:00:52+0200,90888f2d-e992-4125-8952-0b7eab29538c,2026-09-13T15:15:00Z,2026-09-13T17:15:00+0200,181.46,EUR/MWh,BE,BE,day_ahead_price,value,2026-09-14T17:03:32Z
2026-09-14T17:00:52Z,2026-09-14T19:00:52+0200,90888f2d-e992-4125-8952-0b7eab29538c,2026-09-13T15:30:00Z,2026-09-13T17:30:00+0200,195.22,EUR/MWh,BE,BE,day_ahead_price,value,2026-09-14T17:03:32Z
2026-09-14T17:00:52Z,2026-09-14T19:00:52+0200,90888f2d-e992-4125-8952-0b7eab29538c,2026-09-13T15:45:00Z,2026-09-13T17:45:00+0200,208.01,EUR/MWh,BE,BE,day_ahead_price,value,2026-09-14T17:03:32Z
2026-09-14T17:00:52Z,2026-09-14T19:00:52+0200,90888f2d-e992-4125-8952-0b7eab29538c,2026-09-13T16:00:00Z,2026-09-13T18:00:00+0200,196.33,EUR/MWh,BE,BE,day_ahead_price,value,2026-09-14T17:03:32Z
2026-09-14T17:00:52Z,2026-09-14T19:00:52+0200,90888f2d-e992-4125-8952-0b7eab29538c,2026-09-13T16:15:00Z,2026-09-13T18:15:00+0200,203.18,EUR/MWh,BE,BE,day_ahead_price,value,2026-09-14T17:03:32Z
2026-09-14T17:00:52Z,2026-09-14T19:00:52+0200,90888f2d-e992-4125-8952-0b7eab29538c,2026-09-13T16:30:00Z,2026-09-13T18:30:00+0200,210.52,EUR/MWh,BE,BE,day_ahead_price,value,2026-09-14T17:03:32Z
2026-09-14T17:00:52Z,2026-09-14T19:00:52+0200,90888f2d-e992-4125-8952-0b7eab29538c,2026-09-13T16:45:00Z,2026-09-13T18:45:00+0200,228.64,EUR/MWh,BE,BE,day_ahead_price,value,2026-09-14T17:03:32Z
2026-09-14T17:00:52Z,2026-09-14T19:00:52+0200,90888f2d-e992-4125-8952-0b7eab29538c,2026-09-13T17:00:00Z,2026-09-13T19:00:00+0200,217.28,EUR/MWh,BE,BE,day_ahead_price,value,2026-09-14T17:03:32Z
2026-09-14T17:00:52Z,2026-09-14T19:00:52+0200,90888f2d-e992-4125-8952-0b7eab29538c,2026-09-13T17:15:00Z,2026-09-13T19:15:00+0200,228.31,EUR/MWh,BE,BE,day_ahead_price,value,2026-09-14T17:03:32Z
2026-09-14T17:00:52Z,2026-09-14T19:00:52+0200,90888f2d-e992-4125-8952-0b7eab29538c,2026-09-13T17:30:00Z,2026-09-13T19:30:00+0200,234.49,EUR/MWh,BE,BE,day_ahead_price,value,2026-09-14T17:03:32Z
2026-09-14T17:00:52Z,2026-09-14T19:00:52+0200,90888f2d-e992-4125-8952-0b7eab29538c,2026-09-13T17:45:00Z,2026-09-13T19:45:00+0200,239.96,EUR/MWh,BE,BE,day_ahead_price,value,2026-09-14T17:03:32Z
2026-09-14T17:00:52Z,2026-09-14T19:00:52+0200,90888f2d-e992-4125-8952-0b7eab29538c,2026-09-13T18:00:00Z,2026-09-13T20:00:00+0200,228.8,EUR/MWh,BE,BE,day_ahead_price,value,2026-09-14T17:03:32Z
2026-09-14T17:00:52Z,2026-09-14T19:00:52+0200,90888f2d-e992-4125-8952-0b7eab29538c,2026-09-13T18:15:00Z,2026-09-13T20:15:00+0200,235.0,EUR/MWh,BE,BE,day_ahead_price,value,2026-09-14T17:03:32Z
2026-09-14T17:00:52Z,2026-09-14T19:00:52+0200,90888f2d-e992-4125-8952-0b7eab29538c,2026-09-13T18:30:00Z,2026-09-13T20:30:00+0200,237.53,EUR/MWh,BE,BE,day_ahead_price,value,2026-09-14T17:03:32Z
2026-09-14T17:00:52Z,2026-09-14T19:00:52+0200,90888f2d-e992-4125-8952-0b7eab29538c,2026-09-13T18:45:00Z,2026-09-13T20:45:00+0200,233.99,EUR/MWh,BE,BE,day_ahead_price,value,2026-09-14T17:03:32Z
2026-09-14T17:00:52Z,2026-09-14T19:00:52+0200,90888f2d-e992-4125-8952-0b7eab29538c,2026-09-13T19:00:00Z,2026-09-13T21:00:00+0200,235.33,EUR/MWh,BE,BE,day_ahead_price,value,2026-09-14T17:03:32Z
2026-09-14T17:00:52Z,2026-09-14T19:00:52+0200,90888f2d-e992-4125-8952-0b7eab29538c,2026-09-13T19:15:00Z,2026-09-13T21:15:00+0200,235.0,EUR/MWh,BE,BE,day_ahead_price,value,2026-09-14T17:03:32Z
2026-09-14T17:00:52Z,2026-09-14T19:00:52+0200,90888f2d-e992-4125-8952-0b7eab29538c,2026-09-13T19:30:00Z,2026-09-13T21:30:00+0200,231.65,EUR/MWh,BE,BE,day_ahead_price,value,2026-09-14T17:03:32Z
2026-09-14T17:00:52Z,2026-09-14T19:00:52+0200,90888f2d-e992-4125-8952-0b7eab29538c,2026-09-13T19:45:00Z,2026-09-13T21:45:00+0200,227.5,EUR/MWh,BE,BE,day_ahead_price,value,2026-09-14T17:03:32Z
2026-09-14T17:00:52Z,2026-09-14T19:00:52+0200,90888f2d-e992-4125-8952-0b7eab29538c,2026-09-13T20:00:00Z,2026-09-13T22:00:00+0200,232.43,EUR/MWh,BE,BE,day_ahead_price,value,2026-09-14T17:03:32Z
2026-09-14T17:00:52Z,2026-09-14T19:00:52+0200,90888f2d-e992-4125-8952-0b7eab29538c,2026-09-13T20:15:00Z,2026-09-13T22:15:00+0200,227.5,EUR/MWh,BE,BE,day_ahead_price,value,2026-09-14T17:03:32Z
2026-09-14T17:00:52Z,2026-09-14T19:00:52+0200,90888f2d-e992-4125-8952-0b7eab29538c,2026-09-13T20:30:00Z,2026-09-13T22:30:00+0200,227.5,EUR/MWh,BE,BE,day_ahead_price,value,2026-09-14T17:03:32Z
2026-09-14T17:00:52Z,2026-09-14T19:00:52+0200,90888f2d-e992-4125-8952-0b7eab29538c,2026-09-13T20:45:00Z,2026-09-13T22:45:00+0200,222.41,EUR/MWh,BE,BE,day_ahead_price,value,2026-09-14T17:03:32Z
2026-09-14T17:00:52Z,2026-09-14T19:00:52+0200,90888f2d-e992-4125-8952-0b7eab29538c,2026-09-13T21:00:00Z,2026-09-13T23:00:00+0200,220.53,EUR/MWh,BE,BE,day_ahead_price,value,2026-09-14T17:03:32Z
2026-09-14T17:00:52Z,2026-09-14T19:00:52+0200,90888f2d-e992-4125-8952-0b7eab29538c,2026-09-13T21:15:00Z,2026-09-13T23:15:00+0200,208.58,EUR/MWh,BE,BE,day_ahead_price,value,2026-09-14T17:03:32Z
2026-09-14T17:00:52Z,2026-09-14T19:00:52+0200,90888f2d-e992-4125-8952-0b7eab29538c,2026-09-13T21:30:00Z,2026-09-13T23:30:00+0200,207.24,EUR/MWh,BE,BE,day_ahead_price,value,2026-09-14T17:03:32Z
2026-09-14T17:00:52Z,2026-09-14T19:00:52+0200,90888f2d-e992-4125-8952-0b7eab29538c,2026-09-13T21:45:00Z,2026-09-13T23:45:00+0200,206.0,EUR/MWh,BE,BE,day_ahead_price,value,2026-09-14T17:03:32Z
2026-09-14T17:00:52Z,2026-09-14T19:00:52+0200,90888f2d-e992-4125-8952-0b7eab29538c,2026-09-13T22:00:00Z,2026-09-14T00:00:00+0200,218.18,EUR/MWh,BE,BE,day_ahead_price,value,2026-09-14T17:03:32Z
2026-09-14T17:00:52Z,2026-09-14T19:00:52+0200,90888f2d-e992-4125-8952-0b7eab29538c,2026-09-13T22:15:00Z,2026-09-14T00:15:00+0200,205.79,EUR/MWh,BE,BE,day_ahead_price,value,2026-09-14T17:03:32Z
2026-09-14T17:00:52Z,2026-09-14T19:00:52+0200,90888f2d-e992-4125-8952-0b7eab29538c,2026-09-13T22:30:00Z,2026-09-14T00:30:00+0200,196.0,EUR/MWh,BE,BE,day_ahead_price,value,2026-09-14T17:03:32Z
2026-09-14T17:00:52Z,2026-09-14T19:00:52+0200,90888f2d-e992-4125-8952-0b7eab29538c,2026-09-13T22:45:00Z,2026-09-14T00:45:00+0200,186.85,EUR/MWh,BE,BE,day_ahead_price,value,2026-09-14T17:03:32Z
2026-09-14T17:00:52Z,2026-09-14T19:00:52+0200,90888f2d-e992-4125-8952-0b7eab29538c,2026-09-13T23:00:00Z,2026-09-14T01:00:00+0200,192.1,EUR/MWh,BE,BE,day_ahead_price,value,2026-09-14T17:03:32Z
2026-09-14T17:00:52Z,2026-09-14T19:00:52+0200,90888f2d-e992-4125-8952-0b7eab29538c,2026-09-13T23:15:00Z,2026-09-14T01:15:00+0200,187.5,EUR/MWh,BE,BE,day_ahead_price,value,2026-09-14T17:03:32Z
2026-09-14T17:00:52Z,2026-09-14T19:00:52+0200,90888f2d-e992-4125-8952-0b7eab29538c,2026-09-13T23:30:00Z,2026-09-14T01:30:00+0200,189.38,EUR/MWh,BE,BE,day_ahead_price,value,2026-09-14T17:03:32Z
2026-09-14T17:00:52Z,2026-09-14T19:00:52+0200,90888f2d-e992-4125-8952-0b7eab29538c,2026-09-13T23:45:00Z,2026-09-14T01:45:00+0200,182.59,EUR/MWh,BE,BE,day_ahead_price,value,2026-09-14T17:03:32Z
2026-09-14T17:00:52Z,2026-09-14T19:00:52+0200,90888f2d-e992-4125-8952-0b7eab29538c,2026-09-14T00:00:00Z,2026-09-14T02:00:00+0200,185.42,EUR/MWh,BE,BE,day_ahead_price,value,2026-09-14T17:03:32Z
2026-09-14T17:00:52Z,2026-09-14T19:00:52+0200,90888f2d-e992-4125-8952-0b7eab29538c,2026-09-14T00:15:00Z,2026-09-14T02:15:00+0200,185.05,EUR/MWh,BE,BE,day_ahead_price,value,2026-09-14T17:03:32Z
2026-09-14T17:00:52Z,2026-09-14T19:00:52+0200,90888f2d-e992-4125-8952-0b7eab29538c,2026-09-14T00:30:00Z,2026-09-14T02:30:00+0200,183.47,EUR/MWh,BE,BE,day_ahead_price,value,2026-09-14T17:03:32Z
2026-09-14T17:00:52Z,2026-09-14T19:00:52+0200,90888f2d-e992-4125-8952-0b7eab29538c,2026-09-14T00:45:00Z,2026-09-14T02:45:00+0200,182.75,EUR/MWh,BE,BE,day_ahead_price,value,2026-09-14T17:03:32Z
2026-09-14T17:00:52Z,2026-09-14T19:00:52+0200,90888f2d-e992-4125-8952-0b7eab29538c,2026-09-14T01:00:00Z,2026-09-14T03:00:00+0200,183.46,EUR/MWh,BE,BE,day_ahead_price,value,2026-09-14T17:03:32Z
2026-09-14T17:00:52Z,2026-09-14T19:00:52+0200,90888f2d-e992-4125-8952-0b7eab29538c,2026-09-14T01:15:00Z,2026-09-14T03:15:00+0200,184.16,EUR/MWh,BE,BE,day_ahead_price,value,2026-09-14T17:03:32Z
2026-09-14T17:00:52Z,2026-09-14T19:00:52+0200,90888f2d-e992-4125-8952-0b7eab29538c,2026-09-14T01:30:00Z,2026-09-14T03:30:00+0200,183.8,EUR/MWh,BE,BE,day_ahead_price,value,2026-09-14T17:03:32Z
2026-09-14T17:00:52Z,2026-09-14T19:00:52+0200,90888f2d-e992-4125-8952-0b7eab29538c,2026-09-14T01:45:00Z,2026-09-14T03:45:00+0200,184.05,EUR/MWh,BE,BE,day_ahead_price,value,2026-09-14T17:03:32Z
2026-09-14T17:00:52Z,2026-09-14T19:00:52+0200,90888f2d-e992-4125-8952-0b7eab29538c,2026-09-14T02:00:00Z,2026-09-14T04:00:00+0200,180.24,EUR/MWh,BE,BE,day_ahead_price,value,2026-09-14T17:03:32Z
2026-09-14T17:00:52Z,2026-09-14T19:00:52+0200,90888f2d-e992-4125-8952-0b7eab29538c,2026-09-14T02:15:00Z,2026-09-14T04:15:00+0200,181.2,EUR/MWh,BE,BE,day_ahead_price,value,2026-09-14T17:03:32Z
2026-09-14T17:00:52Z,2026-09-14T19:00:52+0200,90888f2d-e992-4125-8952-0b7eab29538c,2026-09-14T02:30:00Z,2026-09-14T04:30:00+0200,183.46,EUR/MWh,BE,BE,day_ahead_price,value,2026-09-14T17:03:32Z
2026-09-14T17:00:52Z,2026-09-14T19:00:52+0200,90888f2d-e992-4125-8952-0b7eab29538c,2026-09-14T02:45:00Z,2026-09-14T04:45:00+0200,190.12,EUR/MWh,BE,BE,day_ahead_price,value,2026-09-14T17:03:32Z
2026-09-14T17:00:52Z,2026-09-14T19:00:52+0200,90888f2d-e992-4125-8952-0b7eab29538c,2026-09-14T03:00:00Z,2026-09-14T05:00:00+0200,184.46,EUR/MWh,BE,BE,day_ahead_price,value,2026-09-14T17:03:32Z
2026-09-14T17:00:52Z,2026-09-14T19:00:52+0200,90888f2d-e992-4125-8952-0b7eab29538c,2026-09-14T03:15:00Z,2026-09-14T05:15:00+0200,194.47,EUR/MWh,BE,BE,day_ahead_price,value,2026-09-14T17:03:32Z
2026-09-14T17:00:52Z,2026-09-14T19:00:52+0200,90888f2d-e992-4125-8952-0b7eab29538c,2026-09-14T03:30:00Z,2026-09-14T05:30:00+0200,208.57,EUR/MWh,BE,BE,day_ahead_price,value,2026-09-14T17:03:32Z
2026-09-14T17:00:52Z,2026-09-14T19:00:52+0200,90888f2d-e992-4125-8952-0b7eab29538c,2026-09-14T03:45:00Z,2026-09-14T05:45:00+0200,219.61,EUR/MWh,BE,BE,day_ahead_price,value,2026-09-14T17:03:32Z
2026-09-14T17:00:52Z,2026-09-14T19:00:52+0200,90888f2d-e992-4125-8952-0b7eab29538c,2026-09-14T04:00:00Z,2026-09-14T06:00:00+0200,217.24,EUR/MWh,BE,BE,day_ahead_price,value,2026-09-14T17:03:32Z
2026-09-14T17:00:52Z,2026-09-14T19:00:52+0200,90888f2d-e992-4125-8952-0b7eab29538c,2026-09-14T04:15:00Z,2026-09-14T06:15:00+0200,233.14,EUR/MWh,BE,BE,day_ahead_price,value,2026-09-14T17:03:32Z
2026-09-14T17:00:52Z,2026-09-14T19:00:52+0200,90888f2d-e992-4125-8952-0b7eab29538c,2026-09-14T04:30:00Z,2026-09-14T06:30:00+0200,248.07,EUR/MWh,BE,BE,day_ahead_price,value,2026-09-14T17:03:32Z
2026-09-14T17:00:52Z,2026-09-14T19:00:52+0200,90888f2d-e992-4125-8952-0b7eab29538c,2026-09-14T04:45:00Z,2026-09-14T06:45:00+0200,253.46,EUR/MWh,BE,BE,day_ahead_price,value,2026-09-14T17:03:32Z
2026-09-14T17:00:52Z,2026-09-14T19:00:52+0200,90888f2d-e992-4125-8952-0b7eab29538c,2026-09-14T05:00:00Z,2026-09-14T07:00:00+0200,271.31,EUR/MWh,BE,BE,day_ahead_price,value,2026-09-14T17:03:32Z
2026-09-14T17:00:52Z,2026-09-14T19:00:52+0200,90888f2d-e992-4125-8952-0b7eab29538c,2026-09-14T05:15:00Z,2026-09-14T07:15:00+0200,290.75,EUR/MWh,BE,BE,day_ahead_price,value,2026-09-14T17:03:32Z
2026-09-14T17:00:52Z,2026-09-14T19:00:52+0200,90888f2d-e992-4125-8952-0b7eab29538c,2026-09-14T05:30:00Z,2026-09-14T07:30:00+0200,295.11,EUR/MWh,BE,BE,day_ahead_price,value,2026-09-14T17:03:32Z
2026-09-14T17:00:52Z,2026-09-14T19:00:52+0200,90888f2d-e992-4125-8952-0b7eab29538c,2026-09-14T05:45:00Z,2026-09-14T07:45:00+0200,297.14,EUR/MWh,BE,BE,day_ahead_price,value,2026-09-14T17:03:32Z
2026-09-14T17:00:52Z,2026-09-14T19:00:52+0200,90888f2d-e992-4125-8952-0b7eab29538c,2026-09-14T06:00:00Z,2026-09-14T08:00:00+0200,322.65,EUR/MWh,BE,BE,day_ahead_price,value,2026-09-14T17:03:32Z
2026-09-14T17:00:52Z,2026-09-14T19:00:52+0200,90888f2d-e992-4125-8952-0b7eab29538c,2026-09-14T06:15:00Z,2026-09-14T08:15:00+0200,289.62,EUR/MWh,BE,BE,day_ahead_price,value,2026-09-14T17:03:32Z
2026-09-14T17:00:52Z,2026-09-14T19:00:52+0200,90888f2d-e992-4125-8952-0b7eab29538c,2026-09-14T06:30:00Z,2026-09-14T08:30:00+0200,274.69,EUR/MWh,BE,BE,day_ahead_price,value,2026-09-14T17:03:32Z
2026-09-14T17:00:52Z,2026-09-14T19:00:52+0200,90888f2d-e992-4125-8952-0b7eab29538c,2026-09-14T06:45:00Z,2026-09-14T08:45:00+0200,252.89,EUR/MWh,BE,BE,day_ahead_price,value,2026-09-14T17:03:32Z
2026-09-14T17:00:52Z,2026-09-14T19:00:52+0200,90888f2d-e992-4125-8952-0b7eab29538c,2026-09-14T07:00:00Z,2026-09-14T09:00:00+0200,279.63,EUR/MWh,BE,BE,day_ahead_price,value,2026-09-14T17:03:32Z
2026-09-14T17:00:52Z,2026-09-14T19:00:52+0200,90888f2d-e992-4125-8952-0b7eab29538c,2026-09-14T07:15:00Z,2026-09-14T09:15:00+0200,264.53,EUR/MWh,BE,BE,day_ahead_price,value,2026-09-14T17:03:32Z
2026-09-14T17:00:52Z,2026-09-14T19:00:52+0200,90888f2d-e992-4125-8952-0b7eab29538c,2026-09-14T07:30:00Z,2026-09-14T09:30:00+0200,239.64,EUR/MWh,BE,BE,day_ahead_price,value,2026-09-14T17:03:32Z
2026-09-14T17:00:52Z,2026-09-14T19:00:52+0200,90888f2d-e992-4125-8952-0b7eab29538c,2026-09-14T07:45:00Z,2026-09-14T09:45:00+0200,214.12,EUR/MWh,BE,BE,day_ahead_price,value,2026-09-14T17:03:32Z
2026-09-14T17:00:52Z,2026-09-14T19:00:52+0200,90888f2d-e992-4125-8952-0b7eab29538c,2026-09-14T08:00:00Z,2026-09-14T10:00:00+0200,240.16,EUR/MWh,BE,BE,day_ahead_price,value,2026-09-14T17:03:32Z
2026-09-14T17:00:52Z,2026-09-14T19:00:52+0200,90888f2d-e992-4125-8952-0b7eab29538c,2026-09-14T08:15:00Z,2026-09-14T10:15:00+0200,219.56,EUR/MWh,BE,BE,day_ahead_price,value,2026-09-14T17:03:32Z
2026-09-14T17:00:52Z,2026-09-14T19:00:52+0200,90888f2d-e992-4125-8952-0b7eab29538c,2026-09-14T08:30:00Z,2026-09-14T10:30:00+0200,201.43,EUR/MWh,BE,BE,day_ahead_price,value,2026-09-14T17:03:32Z
2026-09-14T17:00:52Z,2026-09-14T19:00:52+0200,90888f2d-e992-4125-8952-0b7eab29538c,2026-09-14T08:45:00Z,2026-09-14T10:45:00+0200,183.63,EUR/MWh,BE,BE,day_ahead_price,value,2026-09-14T17:03:32Z
2026-09-14T17:00:52Z,2026-09-14T19:00:52+0200,90888f2d-e992-4125-8952-0b7eab29538c,2026-09-14T09:00:00Z,2026-09-14T11:00:00+0200,211.71,EUR/MWh,BE,BE,day_ahead_price,value,2026-09-14T17:03:32Z
2026-09-14T17:00:52Z,2026-09-14T19:00:52+0200,90888f2d-e992-4125-8952-0b7eab29538c,2026-09-14T09:15:00Z,2026-09-14T11:15:00+0200,193.52,EUR/MWh,BE,BE,day_ahead_price,value,2026-09-14T17:03:32Z
2026-09-14T17:00:52Z,2026-09-14T19:00:52+0200,90888f2d-e992-4125-8952-0b7eab29538c,2026-09-14T09:30:00Z,2026-09-14T11:30:00+0200,196.52,EUR/MWh,BE,BE,day_ahead_price,value,2026-09-14T17:03:32Z
2026-09-14T17:00:52Z,2026-09-14T19:00:52+0200,90888f2d-e992-4125-8952-0b7eab29538c,2026-09-14T09:45:00Z,2026-09-14T11:45:00+0200,184.4,EUR/MWh,BE,BE,day_ahead_price,value,2026-09-14T17:03:32Z
2026-09-14T17:00:52Z,2026-09-14T19:00:52+0200,90888f2d-e992-4125-8952-0b7eab29538c,2026-09-14T10:00:00Z,2026-09-14T12:00:00+0200,195.27,EUR/MWh,BE,BE,day_ahead_price,value,2026-09-14T17:03:32Z
2026-09-14T17:00:52Z,2026-09-14T19:00:52+0200,90888f2d-e992-4125-8952-0b7eab29538c,2026-09-14T10:15:00Z,2026-09-14T12:15:00+0200,181.38,EUR/MWh,BE,BE,day_ahead_price,value,2026-09-14T17:03:32Z
2026-09-14T17:00:52Z,2026-09-14T19:00:52+0200,90888f2d-e992-4125-8952-0b7eab29538c,2026-09-14T10:30:00Z,2026-09-14T12:30:00+0200,176.86,EUR/MWh,BE,BE,day_ahead_price,value,2026-09-14T17:03:32Z
2026-09-14T17:00:52Z,2026-09-14T19:00:52+0200,90888f2d-e992-4125-8952-0b7eab29538c,2026-09-14T10:45:00Z,2026-09-14T12:45:00+0200,168.87,EUR/MWh,BE,BE,day_ahead_price,value,2026-09-14T17:03:32Z
2026-09-14T17:00:52Z,2026-09-14T19:00:52+0200,90888f2d-e992-4125-8952-0b7eab29538c,2026-09-14T11:00:00Z,2026-09-14T13:00:00+0200,175.0,EUR/MWh,BE,BE,day_ahead_price,value,2026-09-14T17:03:32Z
2026-09-14T17:00:52Z,2026-09-14T19:00:52+0200,90888f2d-e992-4125-8952-0b7eab29538c,2026-09-14T11:15:00Z,2026-09-14T13:15:00+0200,161.89,EUR/MWh,BE,BE,day_ahead_price,value,2026-09-14T17:03:32Z
2026-09-14T17:00:52Z,2026-09-14T19:00:52+0200,90888f2d-e992-4125-8952-0b7eab29538c,2026-09-14T11:30:00Z,2026-09-14T13:30:00+0200,155.25,EUR/MWh,BE,BE,day_ahead_price,value,2026-09-14T17:03:32Z
2026-09-14T17:00:52Z,2026-09-14T19:00:52+0200,90888f2d-e992-4125-8952-0b7eab29538c,2026-09-14T11:45:00Z,2026-09-14T13:45:00+0200,154.82,EUR/MWh,BE,BE,day_ahead_price,value,2026-09-14T17:03:32Z
2026-09-14T17:00:52Z,2026-09-14T19:00:52+0200,90888f2d-e992-4125-8952-0b7eab29538c,2026-09-14T12:00:00Z,2026-09-14T14:00:00+0200,159.82,EUR/MWh,BE,BE,day_ahead_price,value,2026-09-14T17:03:32Z
2026-09-14T17:00:52Z,2026-09-14T19:00:52+0200,90888f2d-e992-4125-8952-0b7eab29538c,2026-09-14T12:15:00Z,2026-09-14T14:15:00+0200,161.77,EUR/MWh,BE,BE,day_ahead_price,value,2026-09-14T17:03:32Z
2026-09-14T17:00:52Z,2026-09-14T19:00:52+0200,90888f2d-e992-4125-8952-0b7eab29538c,2026-09-14T12:30:00Z,2026-09-14T14:30:00+0200,155.63,EUR/MWh,BE,BE,day_ahead_price,value,2026-09-14T17:03:32Z
2026-09-14T17:00:52Z,2026-09-14T19:00:52+0200,90888f2d-e992-4125-8952-0b7eab29538c,2026-09-14T12:45:00Z,2026-09-14T14:45:00+0200,166.0,EUR/MWh,BE,BE,day_ahead_price,value,2026-09-14T17:03:32Z
2026-09-14T17:00:52Z,2026-09-14T19:00:52+0200,90888f2d-e992-4125-8952-0b7eab29538c,2026-09-14T13:00:00Z,2026-09-14T15:00:00+0200,152.91,EUR/MWh,BE,BE,day_ahead_price,value,2026-09-14T17:03:32Z
2026-09-14T17:00:52Z,2026-09-14T19:00:52+0200,90888f2d-e992-4125-8952-0b7eab29538c,2026-09-14T13:15:00Z,2026-09-14T15:15:00+0200,155.59,EUR/MWh,BE,BE,day_ahead_price,value,2026-09-14T17:03:32Z
2026-09-14T17:00:52Z,2026-09-14T19:00:52+0200,90888f2d-e992-4125-8952-0b7eab29538c,2026-09-14T13:30:00Z,2026-09-14T15:30:00+0200,169.1,EUR/MWh,BE,BE,day_ahead_price,value,2026-09-14T17:03:32Z
2026-09-14T17:00:52Z,2026-09-14T19:00:52+0200,90888f2d-e992-4125-8952-0b7eab29538c,2026-09-14T13:45:00Z,2026-09-14T15:45:00+0200,182.0,EUR/MWh,BE,BE,day_ahead_price,value,2026-09-14T17:03:32Z
2026-09-14T17:00:52Z,2026-09-14T19:00:52+0200,90888f2d-e992-4125-8952-0b7eab29538c,2026-09-14T14:00:00Z,2026-09-14T16:00:00+0200,152.0,EUR/MWh,BE,BE,day_ahead_price,value,2026-09-14T17:03:32Z
2026-09-14T17:00:52Z,2026-09-14T19:00:52+0200,90888f2d-e992-4125-8952-0b7eab29538c,2026-09-14T14:15:00Z,2026-09-14T16:15:00+0200,170.08,EUR/MWh,BE,BE,day_ahead_price,value,2026-09-14T17:03:32Z
2026-09-14T17:00:52Z,2026-09-14T19:00:52+0200,90888f2d-e992-4125-8952-0b7eab29538c,2026-09-14T14:30:00Z,2026-09-14T16:30:00+0200,190.0,EUR/MWh,BE,BE,day_ahead_price,value,2026-09-14T17:03:32Z
2026-09-14T17:00:52Z,2026-09-14T19:00:52+0200,90888f2d-e992-4125-8952-0b7eab29538c,2026-09-14T14:45:00Z,2026-09-14T16:45:00+0200,201.52,EUR/MWh,BE,BE,day_ahead_price,value,2026-09-14T17:03:32Z
2026-09-14T17:00:52Z,2026-09-14T19:00:52+0200,90888f2d-e992-4125-8952-0b7eab29538c,2026-09-14T15:00:00Z,2026-09-14T17:00:00+0200,175.17,EUR/MWh,BE,BE,day_ahead_price,value,2026-09-14T17:03:32Z
2026-09-14T17:00:52Z,2026-09-14T19:00:52+0200,90888f2d-e992-4125-8952-0b7eab29538c,2026-09-14T15:15:00Z,2026-09-14T17:15:00+0200,205.53,EUR/MWh,BE,BE,day_ahead_price,value,2026-09-14T17:03:32Z
2026-09-14T17:00:52Z,2026-09-14T19:00:52+0200,90888f2d-e992-4125-8952-0b7eab29538c,2026-09-14T15:30:00Z,2026-09-14T17:30:00+0200,233.51,EUR/MWh,BE,BE,day_ahead_price,value,2026-09-14T17:03:32Z
2026-09-14T17:00:52Z,2026-09-14T19:00:52+0200,90888f2d-e992-4125-8952-0b7eab29538c,2026-09-14T15:45:00Z,2026-09-14T17:45:00+0200,270.47,EUR/MWh,BE,BE,day_ahead_price,value,2026-09-14T17:03:32Z
2026-09-14T17:00:52Z,2026-09-14T19:00:52+0200,90888f2d-e992-4125-8952-0b7eab29538c,2026-09-14T16:00:00Z,2026-09-14T18:00:00+0200,229.77,EUR/MWh,BE,BE,day_ahead_price,value,2026-09-14T17:03:32Z
2026-09-14T17:00:52Z,2026-09-14T19:00:52+0200,90888f2d-e992-4125-8952-0b7eab29538c,2026-09-14T16:15:00Z,2026-09-14T18:15:00+0200,270.89,EUR/MWh,BE,BE,day_ahead_price,value,2026-09-14T17:03:32Z
2026-09-14T17:00:52Z,2026-09-14T19:00:52+0200,90888f2d-e992-4125-8952-0b7eab29538c,2026-09-14T16:30:00Z,2026-09-14T18:30:00+0200,333.46,EUR/MWh,BE,BE,day_ahead_price,value,2026-09-14T17:03:32Z
2026-09-14T17:00:52Z,2026-09-14T19:00:52+0200,90888f2d-e992-4125-8952-0b7eab29538c,2026-09-14T16:45:00Z,2026-09-14T18:45:00+0200,415.67,EUR/MWh,BE,BE,day_ahead_price,value,2026-09-14T17:03:32Z
2026-09-14T17:00:52Z,2026-09-14T19:00:52+0200,90888f2d-e992-4125-8952-0b7eab29538c,2026-09-14T17:00:00Z,2026-09-14T19:00:00+0200,404.29,EUR/MWh,BE,BE,day_ahead_price,value,2026-09-14T17:03:32Z
2026-09-14T17:00:52Z,2026-09-14T19:00:52+0200,90888f2d-e992-4125-8952-0b7eab29538c,2026-09-14T17:15:00Z,2026-09-14T19:15:00+0200,435.53,EUR/MWh,BE,BE,day_ahead_price,value,2026-09-14T17:03:41Z
2026-09-14T17:00:52Z,2026-09-14T19:00:52+0200,90888f2d-e992-4125-8952-0b7eab29538c,2026-09-14T17:30:00Z,2026-09-14T19:30:00+0200,453.89,EUR/MWh,BE,BE,day_ahead_price,value,2026-09-14T17:03:41Z
2026-09-14T17:00:52Z,2026-09-14T19:00:52+0200,90888f2d-e992-4125-8952-0b7eab29538c,2026-09-14T17:45:00Z,2026-09-14T19:45:00+0200,473.23,EUR/MWh,BE,BE,day_ahead_price,value,2026-09-14T17:03:41Z
2026-09-14T17:00:52Z,2026-09-14T19:00:52+0200,90888f2d-e992-4125-8952-0b7eab29538c,2026-09-14T18:00:00Z,2026-09-14T20:00:00+0200,459.76,EUR/MWh,BE,BE,day_ahead_price,value,2026-09-14T17:03:41Z
2026-09-14T17:00:52Z,2026-09-14T19:00:52+0200,90888f2d-e992-4125-8952-0b7eab29538c,2026-09-14T18:15:00Z,2026-09-14T20:15:00+0200,414.74,EUR/MWh,BE,BE,day_ahead_price,value,2026-09-14T17:03:41Z
2026-09-14T17:00:52Z,2026-09-14T19:00:52+0200,90888f2d-e992-4125-8952-0b7eab29538c,2026-09-14T18:30:00Z,2026-09-14T20:30:00+0200,364.86,EUR/MWh,BE,BE,day_ahead_price,value,2026-09-14T17:03:41Z
2026-09-14T17:00:52Z,2026-09-14T19:00:52+0200,90888f2d-e992-4125-8952-0b7eab29538c,2026-09-14T18:45:00Z,2026-09-14T20:45:00+0200,331.14,EUR/MWh,BE,BE,day_ahead_price,value,2026-09-14T17:03:41Z
2026-09-14T17:00:52Z,2026-09-14T19:00:52+0200,90888f2d-e992-4125-8952-0b7eab29538c,2026-09-14T19:00:00Z,2026-09-14T21:00:00+0200,321.33,EUR/MWh,BE,BE,day_ahead_price,value,2026-09-14T17:03:41Z
2026-09-14T17:00:52Z,2026-09-14T19:00:52+0200,90888f2d-e992-4125-8952-0b7eab29538c,2026-09-14T19:15:00Z,2026-09-14T21:15:00+0200,292.9,EUR/MWh,BE,BE,day_ahead_price,value,2026-09-14T17:03:41Z
2026-09-14T17:00:52Z,2026-09-14T19:00:52+0200,90888f2d-e992-4125-8952-0b7eab29538c,2026-09-14T19:30:00Z,2026-09-14T21:30:00+0200,266.69,EUR/MWh,BE,BE,day_ahead_price,value,2026-09-14T17:03:41Z
2026-09-14T17:00:52Z,2026-09-14T19:00:52+0200,90888f2d-e992-4125-8952-0b7eab29538c,2026-09-14T19:45:00Z,2026-09-14T21:45:00+0200,248.81,EUR/MWh,BE,BE,day_ahead_price,value,2026-09-14T17:03:41Z
2026-09-14T17:00:52Z,2026-09-14T19:00:52+0200,90888f2d-e992-4125-8952-0b7eab29538c,2026-09-14T20:00:00Z,2026-09-14T22:00:00+0200,267.01,EUR/MWh,BE,BE,day_ahead_price,value,2026-09-14T17:03:41Z
2026-09-14T17:00:52Z,2026-09-14T19:00:52+0200,90888f2d-e992-4125-8952-0b7eab29538c,2026-09-14T20:15:00Z,2026-09-14T22:15:00+0200,248.59,EUR/MWh,BE,BE,day_ahead_price,value,2026-09-14T17:03:41Z
2026-09-14T17:00:52Z,2026-09-14T19:00:52+0200,90888f2d-e992-4125-8952-0b7eab29538c,2026-09-14T20:30:00Z,2026-09-14T22:30:00+0200,241.74,EUR/MWh,BE,BE,day_ahead_price,value,2026-09-14T17:03:41Z
2026-09-14T17:00:52Z,2026-09-14T19:00:52+0200,90888f2d-e992-4125-8952-0b7eab29538c,2026-09-14T20:45:00Z,2026-09-14T22:45:00+0200,224.4,EUR/MWh,BE,BE,day_ahead_price,value,2026-09-14T17:03:41Z
2026-09-14T17:00:52Z,2026-09-14T19:00:52+0200,90888f2d-e992-4125-8952-0b7eab29538c,2026-09-14T21:00:00Z,2026-09-14T23:00:00+0200,235.05,EUR/MWh,BE,BE,day_ahead_price,value,2026-09-14T17:03:41Z
2026-09-14T17:00:52Z,2026-09-14T19:00:52+0200,90888f2d-e992-4125-8952-0b7eab29538c,2026-09-14T21:15:00Z,2026-09-14T23:15:00+0200,222.94,EUR/MWh,BE,BE,day_ahead_price,value,2026-09-14T17:03:41Z
2026-09-14T17:00:52Z,2026-09-14T19:00:52+0200,90888f2d-e992-4125-8952-0b7eab29538c,2026-09-14T21:30:00Z,2026-09-14T23:30:00+0200,217.32,EUR/MWh,BE,BE,day_ahead_price,value,2026-09-14T17:03:41Z
2026-09-14T17:00:52Z,2026-09-14T19:00:52+0200,90888f2d-e992-4125-8952-0b7eab29538c,2026-09-14T21:45:00Z,2026-09-14T23:45:00+0200,205.7,EUR/MWh,BE,BE,day_ahead_price,value,2026-09-14T17:03:41Z
2026-09-14T17:00:52Z,2026-09-14T19:00:52+0200,90888f2d-e992-4125-8952-0b7eab29538c,2026-09-14T22:00:00Z,2026-09-15T00:00:00+0200,220.0,EUR/MWh,BE,BE,day_ahead_price,value,2026-09-14T17:03:41Z
2026-09-14T17:00:52Z,2026-09-14T19:00:52+0200,90888f2d-e992-4125-8952-0b7eab29538c,2026-09-14T22:15:00Z,2026-09-15T00:15:00+0200,217.99,EUR/MWh,BE,BE,day_ahead_price,value,2026-09-14T17:03:41Z
2026-09-14T17:00:52Z,2026-09-14T19:00:52+0200,90888f2d-e992-4125-8952-0b7eab29538c,2026-09-14T22:30:00Z,2026-09-15T00:30:00+0200,206.05,EUR/MWh,BE,BE,day_ahead_price,value,2026-09-14T17:03:41Z
2026-09-14T17:00:52Z,2026-09-14T19:00:52+0200,90888f2d-e992-4125-8952-0b7eab29538c,2026-09-14T22:45:00Z,2026-09-15T00:45:00+0200,192.24,EUR/MWh,BE,BE,day_ahead_price,value,2026-09-14T17:03:41Z
2026-09-14T17:00:52Z,2026-09-14T19:00:52+0200,90888f2d-e992-4125-8952-0b7eab29538c,2026-09-14T23:00:00Z,2026-09-15T01:00:00+0200,211.24,EUR/MWh,BE,BE,day_ahead_price,value,2026-09-14T17:03:41Z
2026-09-14T17:00:52Z,2026-09-14T19:00:52+0200,90888f2d-e992-4125-8952-0b7eab29538c,2026-09-14T23:15:00Z,2026-09-15T01:15:00+0200,198.43,EUR/MWh,BE,BE,day_ahead_price,value,2026-09-14T17:03:41Z
2026-09-14T17:00:52Z,2026-09-14T19:00:52+0200,90888f2d-e992-4125-8952-0b7eab29538c,2026-09-14T23:30:00Z,2026-09-15T01:30:00+0200,194.29,EUR/MWh,BE,BE,day_ahead_price,value,2026-09-14T17:03:41Z
2026-09-14T17:00:52Z,2026-09-14T19:00:52+0200,90888f2d-e992-4125-8952-0b7eab29538c,2026-09-14T23:45:00Z,2026-09-15T01:45:00+0200,188.1,EUR/MWh,BE,BE,day_ahead_price,value,2026-09-14T17:03:41Z
2026-09-14T17:00:52Z,2026-09-14T19:00:52+0200,90888f2d-e992-4125-8952-0b7eab29538c,2026-09-15T00:00:00Z,2026-09-15T02:00:00+0200,189.9,EUR/MWh,BE,BE,day_ahead_price,value,2026-09-14T17:03:41Z
2026-09-14T17:00:52Z,2026-09-14T19:00:52+0200,90888f2d-e992-4125-8952-0b7eab29538c,2026-09-15T00:15:00Z,2026-09-15T02:15:00+0200,187.33,EUR/MWh,BE,BE,day_ahead_price,value,2026-09-14T17:03:41Z
2026-09-14T17:00:52Z,2026-09-14T19:00:52+0200,90888f2d-e992-4125-8952-0b7eab29538c,2026-09-15T00:30:00Z,2026-09-15T02:30:00+0200,188.68,EUR/MWh,BE,BE,day_ahead_price,value,2026-09-14T17:03:41Z
2026-09-14T17:00:52Z,2026-09-14T19:00:52+0200,90888f2d-e992-4125-8952-0b7eab29538c,2026-09-15T00:45:00Z,2026-09-15T02:45:00+0200,188.05,EUR/MWh,BE,BE,day_ahead_price,value,2026-09-14T17:03:41Z
2026-09-14T17:00:52Z,2026-09-14T19:00:52+0200,90888f2d-e992-4125-8952-0b7eab29538c,2026-09-15T01:00:00Z,2026-09-15T03:00:00+0200,185.3,EUR/MWh,BE,BE,day_ahead_price,value,2026-09-14T17:03:41Z
2026-09-14T17:00:52Z,2026-09-14T19:00:52+0200,90888f2d-e992-4125-8952-0b7eab29538c,2026-09-15T01:15:00Z,2026-09-15T03:15:00+0200,185.99,EUR/MWh,BE,BE,day_ahead_price,value,2026-09-14T17:03:41Z
2026-09-14T17:00:52Z,2026-09-14T19:00:52+0200,90888f2d-e992-4125-8952-0b7eab29538c,2026-09-15T01:30:00Z,2026-09-15T03:30:00+0200,187.33,EUR/MWh,BE,BE,day_ahead_price,value,2026-09-14T17:03:41Z
2026-09-14T17:00:52Z,2026-09-14T19:00:52+0200,90888f2d-e992-4125-8952-0b7eab29538c,2026-09-15T01:45:00Z,2026-09-15T03:45:00+0200,184.0,EUR/MWh,BE,BE,day_ahead_price,value,2026-09-14T17:03:41Z
2026-09-14T17:00:52Z,2026-09-14T19:00:52+0200,90888f2d-e992-4125-8952-0b7eab29538c,2026-09-15T02:00:00Z,2026-09-15T04:00:00+0200,184.06,EUR/MWh,BE,BE,day_ahead_price,value,2026-09-14T17:03:41Z
2026-09-14T17:00:52Z,2026-09-14T19:00:52+0200,90888f2d-e992-4125-8952-0b7eab29538c,2026-09-15T02:15:00Z,2026-09-15T04:15:00+0200,184.3,EUR/MWh,BE,BE,day_ahead_price,value,2026-09-14T17:03:41Z
2026-09-14T17:00:52Z,2026-09-14T19:00:52+0200,90888f2d-e992-4125-8952-0b7eab29538c,2026-09-15T02:30:00Z,2026-09-15T04:30:00+0200,184.53,EUR/MWh,BE,BE,day_ahead_price,value,2026-09-14T17:03:41Z
2026-09-14T17:00:52Z,2026-09-14T19:00:52+0200,90888f2d-e992-4125-8952-0b7eab29538c,2026-09-15T02:45:00Z,2026-09-15T04:45:00+0200,181.31,EUR/MWh,BE,BE,day_ahead_price,value,2026-09-14T17:03:41Z
2026-09-14T17:00:52Z,2026-09-14T19:00:52+0200,90888f2d-e992-4125-8952-0b7eab29538c,2026-09-15T03:00:00Z,2026-09-15T05:00:00+0200,184.37,EUR/MWh,BE,BE,day_ahead_price,value,2026-09-14T17:03:41Z
2026-09-14T17:00:52Z,2026-09-14T19:00:52+0200,90888f2d-e992-4125-8952-0b7eab29538c,2026-09-15T03:15:00Z,2026-09-15T05:15:00+0200,187.02,EUR/MWh,BE,BE,day_ahead_price,value,2026-09-14T17:03:41Z
2026-09-14T17:00:52Z,2026-09-14T19:00:52+0200,90888f2d-e992-4125-8952-0b7eab29538c,2026-09-15T03:30:00Z,2026-09-15T05:30:00+0200,199.91,EUR/MWh,BE,BE,day_ahead_price,value,2026-09-14T17:03:41Z
2026-09-14T17:00:52Z,2026-09-14T19:00:52+0200,90888f2d-e992-4125-8952-0b7eab29538c,2026-09-15T03:45:00Z,2026-09-15T05:45:00+0200,215.55,EUR/MWh,BE,BE,day_ahead_price,value,2026-09-14T17:03:41Z
2026-09-14T17:00:52Z,2026-09-14T19:00:52+0200,90888f2d-e992-4125-8952-0b7eab29538c,2026-09-15T04:00:00Z,2026-09-15T06:00:00+0200,221.26,EUR/MWh,BE,BE,day_ahead_price,value,2026-09-14T17:03:41Z
2026-09-14T17:00:52Z,2026-09-14T19:00:52+0200,90888f2d-e992-4125-8952-0b7eab29538c,2026-09-15T04:15:00Z,2026-09-15T06:15:00+0200,234.39,EUR/MWh,BE,BE,day_ahead_price,value,2026-09-14T17:03:41Z
2026-09-14T17:00:52Z,2026-09-14T19:00:52+0200,90888f2d-e992-4125-8952-0b7eab29538c,2026-09-15T04:30:00Z,2026-09-15T06:30:00+0200,236.48,EUR/MWh,BE,BE,day_ahead_price,value,2026-09-14T17:03:41Z
2026-09-14T17:00:52Z,2026-09-14T19:00:52+0200,90888f2d-e992-4125-8952-0b7eab29538c,2026-09-15T04:45:00Z,2026-09-15T06:45:00+0200,246.4,EUR/MWh,BE,BE,day_ahead_price,value,2026-09-14T17:03:41Z
2026-09-14T17:00:52Z,2026-09-14T19:00:52+0200,90888f2d-e992-4125-8952-0b7eab29538c,2026-09-15T05:00:00Z,2026-09-15T07:00:00+0200,255.55,EUR/MWh,BE,BE,day_ahead_price,value,2026-09-14T17:03:41Z
2026-09-14T17:00:52Z,2026-09-14T19:00:52+0200,90888f2d-e992-4125-8952-0b7eab29538c,2026-09-15T05:15:00Z,2026-09-15T07:15:00+0200,251.15,EUR/MWh,BE,BE,day_ahead_price,value,2026-09-14T17:03:41Z
2026-09-14T17:00:52Z,2026-09-14T19:00:52+0200,90888f2d-e992-4125-8952-0b7eab29538c,2026-09-15T05:30:00Z,2026-09-15T07:30:00+0200,248.71,EUR/MWh,BE,BE,day_ahead_price,value,2026-09-14T17:03:41Z
2026-09-14T17:00:52Z,2026-09-14T19:00:52+0200,90888f2d-e992-4125-8952-0b7eab29538c,2026-09-15T05:45:00Z,2026-09-15T07:45:00+0200,243.93,EUR/MWh,BE,BE,day_ahead_price,value,2026-09-14T17:03:41Z
2026-09-14T17:00:52Z,2026-09-14T19:00:52+0200,90888f2d-e992-4125-8952-0b7eab29538c,2026-09-15T06:00:00Z,2026-09-15T08:00:00+0200,268.06,EUR/MWh,BE,BE,day_ahead_price,value,2026-09-14T17:03:41Z
2026-09-14T17:00:52Z,2026-09-14T19:00:52+0200,90888f2d-e992-4125-8952-0b7eab29538c,2026-09-15T06:15:00Z,2026-09-15T08:15:00+0200,241.51,EUR/MWh,BE,BE,day_ahead_price,value,2026-09-14T17:03:41Z
2026-09-14T17:00:52Z,2026-09-14T19:00:52+0200,90888f2d-e992-4125-8952-0b7eab29538c,2026-09-15T06:30:00Z,2026-09-15T08:30:00+0200,225.01,EUR/MWh,BE,BE,day_ahead_price,value,2026-09-14T17:03:41Z
2026-09-14T17:00:52Z,2026-09-14T19:00:52+0200,90888f2d-e992-4125-8952-0b7eab29538c,2026-09-15T06:45:00Z,2026-09-15T08:45:00+0200,197.87,EUR/MWh,BE,BE,day_ahead_price,value,2026-09-14T17:03:41Z
2026-09-14T17:00:52Z,2026-09-14T19:00:52+0200,90888f2d-e992-4125-8952-0b7eab29538c,2026-09-15T07:00:00Z,2026-09-15T09:00:00+0200,227.5,EUR/MWh,BE,BE,day_ahead_price,value,2026-09-14T17:03:41Z
2026-09-14T17:00:52Z,2026-09-14T19:00:52+0200,90888f2d-e992-4125-8952-0b7eab29538c,2026-09-15T07:15:00Z,2026-09-15T09:15:00+0200,212.6,EUR/MWh,BE,BE,day_ahead_price,value,2026-09-14T17:03:41Z
2026-09-14T17:00:52Z,2026-09-14T19:00:52+0200,90888f2d-e992-4125-8952-0b7eab29538c,2026-09-15T07:30:00Z,2026-09-15T09:30:00+0200,189.51,EUR/MWh,BE,BE,day_ahead_price,value,2026-09-14T17:03:41Z
2026-09-14T17:00:52Z,2026-09-14T19:00:52+0200,90888f2d-e992-4125-8952-0b7eab29538c,2026-09-15T07:45:00Z,2026-09-15T09:45:00+0200,158.02,EUR/MWh,BE,BE,day_ahead_price,value,2026-09-14T17:03:41Z
2026-09-14T17:00:52Z,2026-09-14T19:00:52+0200,90888f2d-e992-4125-8952-0b7eab29538c,2026-09-15T08:00:00Z,2026-09-15T10:00:00+0200,181.16,EUR/MWh,BE,BE,day_ahead_price,value,2026-09-14T17:03:41Z
2026-09-14T17:00:52Z,2026-09-14T19:00:52+0200,90888f2d-e992-4125-8952-0b7eab29538c,2026-09-15T08:15:00Z,2026-09-15T10:15:00+0200,162.59,EUR/MWh,BE,BE,day_ahead_price,value,2026-09-14T17:03:41Z
2026-09-14T17:00:52Z,2026-09-14T19:00:52+0200,90888f2d-e992-4125-8952-0b7eab29538c,2026-09-15T08:30:00Z,2026-09-15T10:30:00+0200,128.03,EUR/MWh,BE,BE,day_ahead_price,value,2026-09-14T17:03:41Z
2026-09-14T17:00:52Z,2026-09-14T19:00:52+0200,90888f2d-e992-4125-8952-0b7eab29538c,2026-09-15T08:45:00Z,2026-09-15T10:45:00+0200,112.06,EUR/MWh,BE,BE,day_ahead_price,value,2026-09-14T17:03:41Z
2026-09-14T17:00:52Z,2026-09-14T19:00:52+0200,90888f2d-e992-4125-8952-0b7eab29538c,2026-09-15T09:00:00Z,2026-09-15T11:00:00+0200,146.77,EUR/MWh,BE,BE,day_ahead_price,value,2026-09-14T17:03:41Z
2026-09-14T17:00:52Z,2026-09-14T19:00:52+0200,90888f2d-e992-4125-8952-0b7eab29538c,2026-09-15T09:15:00Z,2026-09-15T11:15:00+0200,133.17,EUR/MWh,BE,BE,day_ahead_price,value,2026-09-14T17:03:41Z
2026-09-14T17:00:52Z,2026-09-14T19:00:52+0200,90888f2d-e992-4125-8952-0b7eab29538c,2026-09-15T09:30:00Z,2026-09-15T11:30:00+0200,101.37,EUR/MWh,BE,BE,day_ahead_price,value,2026-09-14T17:03:41Z
2026-09-14T17:00:52Z,2026-09-14T19:00:52+0200,90888f2d-e992-4125-8952-0b7eab29538c,2026-09-15T09:45:00Z,2026-09-15T11:45:00+0200,109.96,EUR/MWh,BE,BE,day_ahead_price,value,2026-09-14T17:03:41Z
2026-09-14T17:00:52Z,2026-09-14T19:00:52+0200,90888f2d-e992-4125-8952-0b7eab29538c,2026-09-15T10:00:00Z,2026-09-15T12:00:00+0200,76.07,EUR/MWh,BE,BE,day_ahead_price,value,2026-09-14T17:03:41Z
2026-09-14T17:00:52Z,2026-09-14T19:00:52+0200,90888f2d-e992-4125-8952-0b7eab29538c,2026-09-15T10:15:00Z,2026-09-15T12:15:00+0200,63.14,EUR/MWh,BE,BE,day_ahead_price,value,2026-09-14T17:03:41Z
2026-09-14T17:00:52Z,2026-09-14T19:00:52+0200,90888f2d-e992-4125-8952-0b7eab29538c,2026-09-15T10:30:00Z,2026-09-15T12:30:00+0200,58.9,EUR/MWh,BE,BE,day_ahead_price,value,2026-09-14T17:03:41Z
2026-09-14T17:00:52Z,2026-09-14T19:00:52+0200,90888f2d-e992-4125-8952-0b7eab29538c,2026-09-15T10:45:00Z,2026-09-15T12:45:00+0200,57.88,EUR/MWh,BE,BE,day_ahead_price,value,2026-09-14T17:03:41Z
2026-09-14T17:00:52Z,2026-09-14T19:00:52+0200,90888f2d-e992-4125-8952-0b7eab29538c,2026-09-15T11:00:00Z,2026-09-15T13:00:00+0200,40.35,EUR/MWh,BE,BE,day_ahead_price,value,2026-09-14T17:03:41Z
2026-09-14T17:00:52Z,2026-09-14T19:00:52+0200,90888f2d-e992-4125-8952-0b7eab29538c,2026-09-15T11:15:00Z,2026-09-15T13:15:00+0200,38.99,EUR/MWh,BE,BE,day_ahead_price,value,2026-09-14T17:03:41Z
2026-09-14T17:00:52Z,2026-09-14T19:00:52+0200,90888f2d-e992-4125-8952-0b7eab29538c,2026-09-15T11:30:00Z,2026-09-15T13:30:00+0200,38.55,EUR/MWh,BE,BE,day_ahead_price,value,2026-09-14T17:03:41Z
2026-09-14T17:00:52Z,2026-09-14T19:00:52+0200,90888f2d-e992-4125-8952-0b7eab29538c,2026-09-15T11:45:00Z,2026-09-15T13:45:00+0200,35.67,EUR/MWh,BE,BE,day_ahead_price,value,2026-09-14T17:03:41Z
2026-09-14T17:00:52Z,2026-09-14T19:00:52+0200,90888f2d-e992-4125-8952-0b7eab29538c,2026-09-15T12:00:00Z,2026-09-15T14:00:00+0200,55.47,EUR/MWh,BE,BE,day_ahead_price,value,2026-09-14T17:03:41Z
2026-09-14T17:00:52Z,2026-09-14T19:00:52+0200,90888f2d-e992-4125-8952-0b7eab29538c,2026-09-15T12:15:00Z,2026-09-15T14:15:00+0200,50.01,EUR/MWh,BE,BE,day_ahead_price,value,2026-09-14T17:03:41Z
2026-09-14T17:00:52Z,2026-09-14T19:00:52+0200,90888f2d-e992-4125-8952-0b7eab29538c,2026-09-15T12:30:00Z,2026-09-15T14:30:00+0200,57.1,EUR/MWh,BE,BE,day_ahead_price,value,2026-09-14T17:03:41Z
2026-09-14T17:00:52Z,2026-09-14T19:00:52+0200,90888f2d-e992-4125-8952-0b7eab29538c,2026-09-15T12:45:00Z,2026-09-15T14:45:00+0200,85.42,EUR/MWh,BE,BE,day_ahead_price,value,2026-09-14T17:03:41Z
2026-09-14T17:00:52Z,2026-09-14T19:00:52+0200,90888f2d-e992-4125-8952-0b7eab29538c,2026-09-15T13:00:00Z,2026-09-15T15:00:00+0200,64.43,EUR/MWh,BE,BE,day_ahead_price,value,2026-09-14T17:03:41Z
2026-09-14T17:00:52Z,2026-09-14T19:00:52+0200,90888f2d-e992-4125-8952-0b7eab29538c,2026-09-15T13:15:00Z,2026-09-15T15:15:00+0200,90.0,EUR/MWh,BE,BE,day_ahead_price,value,2026-09-14T17:03:41Z
2026-09-14T17:00:52Z,2026-09-14T19:00:52+0200,90888f2d-e992-4125-8952-0b7eab29538c,2026-09-15T13:30:00Z,2026-09-15T15:30:00+0200,111.1,EUR/MWh,BE,BE,day_ahead_price,value,2026-09-14T17:03:41Z
2026-09-14T17:00:52Z,2026-09-14T19:00:52+0200,90888f2d-e992-4125-8952-0b7eab29538c,2026-09-15T13:45:00Z,2026-09-15T15:45:00+0200,140.0,EUR/MWh,BE,BE,day_ahead_price,value,2026-09-14T17:03:41Z
2026-09-14T17:00:52Z,2026-09-14T19:00:52+0200,90888f2d-e992-4125-8952-0b7eab29538c,2026-09-15T14:00:00Z,2026-09-15T16:00:00+0200,136.6,EUR/MWh,BE,BE,day_ahead_price,value,2026-09-14T17:03:41Z
2026-09-14T17:00:52Z,2026-09-14T19:00:52+0200,90888f2d-e992-4125-8952-0b7eab29538c,2026-09-15T14:15:00Z,2026-09-15T16:15:00+0200,129.01,EUR/MWh,BE,BE,day_ahead_price,value,2026-09-14T17:03:41Z
2026-09-14T17:00:52Z,2026-09-14T19:00:52+0200,90888f2d-e992-4125-8952-0b7eab29538c,2026-09-15T14:30:00Z,2026-09-15T16:30:00+0200,156.17,EUR/MWh,BE,BE,day_ahead_price,value,2026-09-14T17:03:41Z
2026-09-14T17:00:52Z,2026-09-14T19:00:52+0200,90888f2d-e992-4125-8952-0b7eab29538c,2026-09-15T14:45:00Z,2026-09-15T16:45:00+0200,190.22,EUR/MWh,BE,BE,day_ahead_price,value,2026-09-14T17:03:41Z
2026-09-14T17:00:52Z,2026-09-14T19:00:52+0200,90888f2d-e992-4125-8952-0b7eab29538c,2026-09-15T15:00:00Z,2026-09-15T17:00:00+0200,162.47,EUR/MWh,BE,BE,day_ahead_price,value,2026-09-14T17:03:41Z
2026-09-14T17:00:52Z,2026-09-14T19:00:52+0200,90888f2d-e992-4125-8952-0b7eab29538c,2026-09-15T15:15:00Z,2026-09-15T17:15:00+0200,197.9,EUR/MWh,BE,BE,day_ahead_price,value,2026-09-14T17:03:41Z
2026-09-14T17:00:52Z,2026-09-14T19:00:52+0200,90888f2d-e992-4125-8952-0b7eab29538c,2026-09-15T15:30:00Z,2026-09-15T17:30:00+0200,215.77,EUR/MWh,BE,BE,day_ahead_price,value,2026-09-14T17:03:41Z
2026-09-14T17:00:52Z,2026-09-14T19:00:52+0200,90888f2d-e992-4125-8952-0b7eab29538c,2026-09-15T15:45:00Z,2026-09-15T17:45:00+0200,230.55,EUR/MWh,BE,BE,day_ahead_price,value,2026-09-14T17:03:41Z
2026-09-14T17:00:52Z,2026-09-14T19:00:52+0200,90888f2d-e992-4125-8952-0b7eab29538c,2026-09-15T16:00:00Z,2026-09-15T18:00:00+0200,205.94,EUR/MWh,BE,BE,day_ahead_price,value,2026-09-14T17:03:41Z
2026-09-14T17:00:52Z,2026-09-14T19:00:52+0200,90888f2d-e992-4125-8952-0b7eab29538c,2026-09-15T16:15:00Z,2026-09-15T18:15:00+0200,223.22,EUR/MWh,BE,BE,day_ahead_price,value,2026-09-14T17:03:41Z
2026-09-14T17:00:52Z,2026-09-14T19:00:52+0200,90888f2d-e992-4125-8952-0b7eab29538c,2026-09-15T16:30:00Z,2026-09-15T18:30:00+0200,243.09,EUR/MWh,BE,BE,day_ahead_price,value,2026-09-14T17:03:41Z
2026-09-14T17:00:52Z,2026-09-14T19:00:52+0200,90888f2d-e992-4125-8952-0b7eab29538c,2026-09-15T16:45:00Z,2026-09-15T18:45:00+0200,278.93,EUR/MWh,BE,BE,day_ahead_price,value,2026-09-14T17:03:41Z
2026-09-14T17:00:52Z,2026-09-14T19:00:52+0200,90888f2d-e992-4125-8952-0b7eab29538c,2026-09-15T17:00:00Z,2026-09-15T19:00:00+0200,255.4,EUR/MWh,BE,BE,day_ahead_price,value,2026-09-14T17:03:41Z
2026-09-14T17:00:52Z,2026-09-14T19:00:52+0200,90888f2d-e992-4125-8952-0b7eab29538c,2026-09-15T17:15:00Z,2026-09-15T19:15:00+0200,280.48,EUR/MWh,BE,BE,day_ahead_price,value,2026-09-14T17:03:41Z
2026-09-14T17:00:52Z,2026-09-14T19:00:52+0200,90888f2d-e992-4125-8952-0b7eab29538c,2026-09-15T17:30:00Z,2026-09-15T19:30:00+0200,282.39,EUR/MWh,BE,BE,day_ahead_price,value,2026-09-14T17:03:41Z
2026-09-14T17:00:52Z,2026-09-14T19:00:52+0200,90888f2d-e992-4125-8952-0b7eab29538c,2026-09-15T17:45:00Z,2026-09-15T19:45:00+0200,280.88,EUR/MWh,BE,BE,day_ahead_price,value,2026-09-14T17:03:41Z
2026-09-14T17:00:52Z,2026-09-14T19:00:52+0200,90888f2d-e992-4125-8952-0b7eab29538c,2026-09-15T18:00:00Z,2026-09-15T20:00:00+0200,262.25,EUR/MWh,BE,BE,day_ahead_price,value,2026-09-14T17:03:41Z
2026-09-14T17:00:52Z,2026-09-14T19:00:52+0200,90888f2d-e992-4125-8952-0b7eab29538c,2026-09-15T18:15:00Z,2026-09-15T20:15:00+0200,251.19,EUR/MWh,BE,BE,day_ahead_price,value,2026-09-14T17:03:41Z
2026-09-14T17:00:52Z,2026-09-14T19:00:52+0200,90888f2d-e992-4125-8952-0b7eab29538c,2026-09-15T18:30:00Z,2026-09-15T20:30:00+0200,245.93,EUR/MWh,BE,BE,day_ahead_price,value,2026-09-14T17:03:41Z
2026-09-14T17:00:52Z,2026-09-14T19:00:52+0200,90888f2d-e992-4125-8952-0b7eab29538c,2026-09-15T18:45:00Z,2026-09-15T20:45:00+0200,238.7,EUR/MWh,BE,BE,day_ahead_price,value,2026-09-14T17:03:41Z
2026-09-14T17:00:52Z,2026-09-14T19:00:52+0200,90888f2d-e992-4125-8952-0b7eab29538c,2026-09-15T19:00:00Z,2026-09-15T21:00:00+0200,231.3,EUR/MWh,BE,BE,day_ahead_price,value,2026-09-14T17:03:41Z
2026-09-14T17:00:52Z,2026-09-14T19:00:52+0200,90888f2d-e992-4125-8952-0b7eab29538c,2026-09-15T19:15:00Z,2026-09-15T21:15:00+0200,226.54,EUR/MWh,BE,BE,day_ahead_price,value,2026-09-14T17:03:41Z
2026-09-14T17:00:52Z,2026-09-14T19:00:52+0200,90888f2d-e992-4125-8952-0b7eab29538c,2026-09-15T19:30:00Z,2026-09-15T21:30:00+0200,223.45,EUR/MWh,BE,BE,day_ahead_price,value,2026-09-14T17:03:41Z
2026-09-14T17:00:52Z,2026-09-14T19:00:52+0200,90888f2d-e992-4125-8952-0b7eab29538c,2026-09-15T19:45:00Z,2026-09-15T21:45:00+0200,208.0,EUR/MWh,BE,BE,day_ahead_price,value,2026-09-14T17:03:41Z
2026-09-14T17:00:52Z,2026-09-14T19:00:52+0200,90888f2d-e992-4125-8952-0b7eab29538c,2026-09-15T20:00:00Z,2026-09-15T22:00:00+0200,212.98,EUR/MWh,BE,BE,day_ahead_price,value,2026-09-14T17:03:41Z
2026-09-14T17:00:52Z,2026-09-14T19:00:52+0200,90888f2d-e992-4125-8952-0b7eab29538c,2026-09-15T20:15:00Z,2026-09-15T22:15:00+0200,202.8,EUR/MWh,BE,BE,day_ahead_price,value,2026-09-14T17:03:41Z
2026-09-14T17:00:52Z,2026-09-14T19:00:52+0200,90888f2d-e992-4125-8952-0b7eab29538c,2026-09-15T20:30:00Z,2026-09-15T22:30:00+0200,199.21,EUR/MWh,BE,BE,day_ahead_price,value,2026-09-14T17:03:41Z
2026-09-14T17:00:52Z,2026-09-14T19:00:52+0200,90888f2d-e992-4125-8952-0b7eab29538c,2026-09-15T20:45:00Z,2026-09-15T22:45:00+0200,187.03,EUR/MWh,BE,BE,day_ahead_price,value,2026-09-14T17:03:41Z
2026-09-14T17:00:52Z,2026-09-14T19:00:52+0200,90888f2d-e992-4125-8952-0b7eab29538c,2026-09-15T21:00:00Z,2026-09-15T23:00:00+0200,194.58,EUR/MWh,BE,BE,day_ahead_price,value,2026-09-14T17:03:41Z
2026-09-14T17:00:52Z,2026-09-14T19:00:52+0200,90888f2d-e992-4125-8952-0b7eab29538c,2026-09-15T21:15:00Z,2026-09-15T23:15:00+0200,187.06,EUR/MWh,BE,BE,day_ahead_price,value,2026-09-14T17:03:41Z
2026-09-14T17:00:52Z,2026-09-14T19:00:52+0200,90888f2d-e992-4125-8952-0b7eab29538c,2026-09-15T21:30:00Z,2026-09-15T23:30:00+0200,180.29,EUR/MWh,BE,BE,day_ahead_price,value,2026-09-14T17:03:41Z
2026-09-14T17:00:52Z,2026-09-14T19:00:52+0200,90888f2d-e992-4125-8952-0b7eab29538c,2026-09-15T21:45:00Z,2026-09-15T23:45:00+0200,171.04,EUR/MWh,BE,BE,day_ahead_price,value,2026-09-14T17:03:41Z
