collection_time_utc,collection_time_local,run_id,timestamp_utc,timestamp_local,value,unit,country,entsoe_area,variable,source,updated_at_utc
2026-09-07T07:11:41Z,2026-09-07T09:11:41+0200,4e1f0688-6a6e-4357-a7d0-1d07d19fc838,2026-08-31T07:15:00Z,2026-08-31T09:15:00+0200,133.35,EUR/MWh,BE,BE,day_ahead_price,value,2026-09-07T07:14:50Z
2026-09-07T07:11:41Z,2026-09-07T09:11:41+0200,4e1f0688-6a6e-4357-a7d0-1d07d19fc838,2026-08-31T07:30:00Z,2026-08-31T09:30:00+0200,96.82,EUR/MWh,BE,BE,day_ahead_price,value,2026-09-07T07:14:50Z
2026-09-07T07:11:41Z,2026-09-07T09:11:41+0200,4e1f0688-6a6e-4357-a7d0-1d07d19fc838,2026-08-31T07:45:00Z,2026-08-31T09:45:00+0200,67.21,EUR/MWh,BE,BE,day_ahead_price,value,2026-09-07T07:14:50Z
2026-09-07T07:11:41Z,2026-09-07T09:11:41+0200,4e1f0688-6a6e-4357-a7d0-1d07d19fc838,2026-08-31T08:00:00Z,2026-08-31T10:00:00+0200,71.81,EUR/MWh,BE,BE,day_ahead_price,value,2026-09-07T07:14:50Z
2026-09-07T07:11:41Z,2026-09-07T09:11:41+0200,4e1f0688-6a6e-4357-a7d0-1d07d19fc838,2026-08-31T08:15:00Z,2026-08-31T10:15:00+0200,32.38,EUR/MWh,BE,BE,day_ahead_price,value,2026-09-07T07:14:50Z
2026-09-07T07:11:41Z,2026-09-07T09:11:41+0200,4e1f0688-6a6e-4357-a7d0-1d07d19fc838,2026-08-31T08:30:00Z,2026-08-31T10:30:00+0200,4.7,EUR/MWh,BE,BE,day_ahead_price,value,2026-09-07T07:14:50Z
2026-09-07T07:11:41Z,2026-09-07T09:11:41+0200,4e1f0688-6a6e-4357-a7d0-1d07d19fc838,2026-08-31T08:45:00Z,2026-08-31T10:45:00+0200,0.0,EUR/MWh,BE,BE,day_ahead_price,value,2026-09-07T07:14:50Z
2026-09-07T07:11:41Z,2026-09-07T09:11:41+0200,4e1f0688-6a6e-4357-a7d0-1d07d19fc838,2026-08-31T09:00:00Z,2026-08-31T11:00:00+0200,1.35,EUR/MWh,BE,BE,day_ahead_price,value,2026-09-07T07:14:50Z
2026-09-07T07:11:41Z,2026-09-07T09:11:41+0200,4e1f0688-6a6e-4357-a7d0-1d07d19fc838,2026-08-31T09:15:00Z,2026-08-31T11:15:00+0200,0.42,EUR/MWh,BE,BE,day_ahead_price,value,2026-09-07T07:14:50Z
2026-09-07T07:11:41Z,2026-09-07T09:11:41+0200,4e1f0688-6a6e-4357-a7d0-1d07d19fc838,2026-08-31T09:30:00Z,2026-08-31T11:30:00+0200,0.7,EUR/MWh,BE,BE,day_ahead_price,value,2026-09-07T07:14:50Z
2026-09-07T07:11:41Z,2026-09-07T09:11:41+0200,4e1f0688-6a6e-4357-a7d0-1d07d19fc838,2026-08-31T09:45:00Z,2026-08-31T11:45:00+0200,0.9,EUR/MWh,BE,BE,day_ahead_price,value,2026-09-07T07:14:50Z
2026-09-07T07:11:41Z,2026-09-07T09:11:41+0200,4e1f0688-6a6e-4357-a7d0-1d07d19fc838,2026-08-31T10:00:00Z,2026-08-31T12:00:00+0200,0.5,EUR/MWh,BE,BE,day_ahead_price,value,2026-09-07T07:14:50Z
2026-09-07T07:11:41Z,2026-09-07T09:11:41+0200,4e1f0688-6a6e-4357-a7d0-1d07d19fc838,2026-08-31T10:15:00Z,2026-08-31T12:15:00+0200,0.38,EUR/MWh,BE,BE,day_ahead_price,value,2026-09-07T07:14:50Z
2026-09-07T07:11:41Z,2026-09-07T09:11:41+0200,4e1f0688-6a6e-4357-a7d0-1d07d19fc838,2026-08-31T10:30:00Z,2026-08-31T12:30:00+0200,0.34,EUR/MWh,BE,BE,day_ahead_price,value,2026-09-07T07:14:50Z
2026-09-07T07:11:41Z,2026-09-07T09:11:41+0200,4e1f0688-6a6e-4357-a7d0-1d07d19fc838,2026-08-31T10:45:00Z,2026-08-31T12:45:00+0200,0.41,EUR/MWh,BE,BE,day_ahead_price,value,2026-09-07T07:14:50Z
2026-09-07T07:11:41Z,2026-09-07T09:11:41+0200,4e1f0688-6a6e-4357-a7d0-1d07d19fc838,2026-08-31T11:00:00Z,2026-08-31T13:00:00+0200,2.03,EUR/MWh,BE,BE,day_ahead_price,value,2026-09-07T07:14:50Z
2026-09-07T07:11:41Z,2026-09-07T09:11:41+0200,4e1f0688-6a6e-4357-a7d0-1d07d19fc838,2026-08-31T11:15:00Z,2026-08-31T13:15:00+0200,1.37,EUR/MWh,BE,BE,day_ahead_price,value,2026-09-07T07:14:50Z
2026-09-07T07:11:41Z,2026-09-07T09:11:41+0200,4e1f0688-6a6e-4357-a7d0-1d07d19fc838,2026-08-31T11:30:00Z,2026-08-31T13:30:00+0200,1.12,EUR/MWh,BE,BE,day_ahead_price,value,2026-09-07T07:14:50Z
2026-09-07T07:11:41Z,2026-09-07T09:11:41+0200,4e1f0688-6a6e-4357-a7d0-1d07d19fc838,2026-08-31T11:45:00Z,2026-08-31T13:45:00+0200,1.33,EUR/MWh,BE,BE,day_ahead_price,value,2026-09-07T07:14:50Z
2026-09-07T07:11:41Z,2026-09-07T09:11:41+0200,4e1f0688-6a6e-4357-a7d0-1d07d19fc838,2026-08-31T12:00:00Z,2026-08-31T14:00:00+0200,2.98,EUR/MWh,BE,BE,day_ahead_price,value,2026-09-07T07:14:50Z
2026-09-07T07:11:41Z,2026-09-07T09:11:41+0200,4e1f0688-6a6e-4357-a7d0-1d07d19fc838,2026-08-31T12:15:00Z,2026-08-31T14:15:00+0200,2.41,EUR/MWh,BE,BE,day_ahead_price,value,2026-09-07T07:14:50Z
2026-09-07T07:11:41Z,2026-09-07T09:11:41+0200,4e1f0688-6a6e-4357-a7d0-1d07d19fc838,2026-08-31T12:30:00Z,2026-08-31T14:30:00+0200,1.57,EUR/MWh,BE,BE,day_ahead_price,value,2026-09-07T07:14:50Z
2026-09-07T07:11:41Z,2026-09-07T09:11:41+0200,4e1f0688-6a6e-4357-a7d0-1d07d19fc838,2026-08-31T12:45:00Z,2026-08-31T14:45:00+0200,2.84,EUR/MWh,BE,BE,day_ahead_price,value,2026-09-07T07:14:50Z
2026-09-07T07:11:41Z,2026-09-07T09:11:41+0200,4e1f0688-6a6e-4357-a7d0-1d07d19fc838,2026-08-31T13:00:00Z,2026-08-31T15:00:00+0200,3.31,EUR/MWh,BE,BE,day_ahead_price,value,2026-09-07T07:14:50Z
2026-09-07T07:11:41Z,2026-09-07T09:11:41+0200,4e1f0688-6a6e-4357-a7d0-1d07d19fc838,2026-08-31T13:15:00Z,2026-08-31T15:15:00+0200,2.34,EUR/MWh,BE,BE,day_ahead_price,value,2026-09-07T07:14:50Z
2026-09-07T07:11:41Z,2026-09-07T09:11:41+0200,4e1f0688-6a6e-4357-a7d0-1d07d19fc838,2026-08-31T13:30:00Z,2026-08-31T15:30:00+0200,4.71,EUR/MWh,BE,BE,day_ahead_price,value,2026-09-07T07:14:50Z
2026-09-07T07:11:41Z,2026-09-07T09:11:41+0200,4e1f0688-6a6e-4357-a7d0-1d07d19fc838,2026-08-31T13:45:00Z,2026-08-31T15:45:00+0200,4.51,EUR/MWh,BE,BE,day_ahead_price,value,2026-09-07T07:14:50Z
2026-09-07T07:11:41Z,2026-09-07T09:11:41+0200,4e1f0688-6a6e-4357-a7d0-1d07d19fc838,2026-08-31T14:00:00Z,2026-08-31T16:00:00+0200,3.07,EUR/MWh,BE,BE,day_ahead_price,value,2026-09-07T07:14:50Z
2026-09-07T07:11:41Z,2026-09-07T09:11:41+0200,4e1f0688-6a6e-4357-a7d0-1d07d19fc838,2026-08-31T14:15:00Z,2026-08-31T16:15:00+0200,3.7,EUR/MWh,BE,BE,day_ahead_price,value,2026-09-07T07:14:50Z
2026-09-07T07:11:41Z,2026-09-07T09:11:41+0200,4e1f0688-6a6e-4357-a7d0-1d07d19fc838,2026-08-31T14:30:00Z,2026-08-31T16:30:00+0200,4.43,EUR/MWh,BE,BE,day_ahead_price,value,2026-09-07T07:14:50Z
2026-09-07T07:11:41Z,2026-09-07T09:11:41+0200,4e1f0688-6a6e-4357-a7d0-1d07d19fc838,2026-08-31T14:45:00Z,2026-08-31T16:45:00+0200,7.63,EUR/MWh,BE,BE,day_ahead_price,value,2026-09-07T07:14:50Z
2026-09-07T07:11:41Z,2026-09-07T09:11:41+0200,4e1f0688-6a6e-4357-a7d0-1d07d19fc838,2026-08-31T15:00:00Z,2026-08-31T17:00:00+0200,8.72,EUR/MWh,BE,BE,day_ahead_price,value,2026-09-07T07:14:50Z
2026-09-07T07:11:41Z,2026-09-07T09:11:41+0200,4e1f0688-6a6e-4357-a7d0-1d07d19fc838,2026-08-31T15:15:00Z,2026-08-31T17:15:00+0200,52.28,EUR/MWh,BE,BE,day_ahead_price,value,2026-09-07T07:14:50Z
2026-09-07T07:11:41Z,2026-09-07T09:11:41+0200,4e1f0688-6a6e-4357-a7d0-1d07d19fc838,2026-08-31T15:30:00Z,2026-08-31T17:30:00+0200,93.84,EUR/MWh,BE,BE,day_ahead_price,value,2026-09-07T07:14:50Z
2026-09-07T07:11:41Z,2026-09-07T09:11:41+0200,4e1f0688-6a6e-4357-a7d0-1d07d19fc838,2026-08-31T15:45:00Z,2026-08-31T17:45:00+0200,117.4,EUR/MWh,BE,BE,day_ahead_price,value,2026-09-07T07:14:50Z
2026-09-07T07:11:41Z,2026-09-07T09:11:41+0200,4e1f0688-6a6e-4357-a7d0-1d07d19fc838,2026-08-31T16:00:00Z,2026-08-31T18:00:00+0200,106.62,EUR/MWh,BE,BE,day_ahead_price,value,2026-09-07T07:14:50Z
2026-09-07T07:11:41Z,2026-09-07T09:11:41+0200,4e1f0688-6a6e-4357-a7d0-1d07d19fc838,2026-08-31T16:15:00Z,2026-08-31T18:15:00+0200,142.6,EUR/MWh,BE,BE,day_ahead_price,value,2026-09-07T07:14:50Z
2026-09-07T07:11:41Z,2026-09-07T09:11:41+0200,4e1f0688-6a6e-4357-a7d0-1d07d19fc838,2026-08-31T16:30:00Z,2026-08-31T18:30:00+0200,169.63,EUR/MWh,BE,BE,day_ahead_price,value,2026-09-07T07:14:50Z
2026-09-07T07:11:41Z,2026-09-07T09:11:41+0200,4e1f0688-6a6e-4357-a7d0-1d07d19fc838,2026-08-31T16:45:00Z,2026-08-31T18:45:00+0200,222.99,EUR/MWh,BE,BE,day_ahead_price,value,2026-09-07T07:14:50Z
2026-09-07T07:11:41Z,2026-09-07T09:11:41+0200,4e1f0688-6a6e-4357-a7d0-1d07d19fc838,2026-08-31T17:00:00Z,2026-08-31T19:00:00+0200,165.13,EUR/MWh,BE,BE,day_ahead_price,value,2026-09-07T07:14:50Z
2026-09-07T07:11:41Z,2026-09-07T09:11:41+0200,4e1f0688-6a6e-4357-a7d0-1d07d19fc838,2026-08-31T17:15:00Z,2026-08-31T19:15:00+0200,181.87,EUR/MWh,BE,BE,day_ahead_price,value,2026-09-07T07:14:50Z
2026-09-07T07:11:41Z,2026-09-07T09:11:41+0200,4e1f0688-6a6e-4357-a7d0-1d07d19fc838,2026-08-31T17:30:00Z,2026-08-31T19:30:00+0200,185.53,EUR/MWh,BE,BE,day_ahead_price,value,2026-09-07T07:14:50Z
2026-09-07T07:11:41Z,2026-09-07T09:11:41+0200,4e1f0688-6a6e-4357-a7d0-1d07d19fc838,2026-08-31T17:45:00Z,2026-08-31T19:45:00+0200,212.56,EUR/MWh,BE,BE,day_ahead_price,value,2026-09-07T07:14:50Z
2026-09-07T07:11:41Z,2026-09-07T09:11:41+0200,4e1f0688-6a6e-4357-a7d0-1d07d19fc838,2026-08-31T18:00:00Z,2026-08-31T20:00:00+0200,180.87,EUR/MWh,BE,BE,day_ahead_price,value,2026-09-07T07:14:50Z
2026-09-07T07:11:41Z,2026-09-07T09:11:41+0200,4e1f0688-6a6e-4357-a7d0-1d07d19fc838,2026-08-31T18:15:00Z,2026-08-31T20:15:00+0200,193.41,EUR/MWh,BE,BE,day_ahead_price,value,2026-09-07T07:14:50Z
2026-09-07T07:11:41Z,2026-09-07T09:11:41+0200,4e1f0688-6a6e-4357-a7d0-1d07d19fc838,2026-08-31T18:30:00Z,2026-08-31T20:30:00+0200,199.14,EUR/MWh,BE,BE,day_ahead_price,value,2026-09-07T07:14:50Z
2026-09-07T07:11:41Z,2026-09-07T09:11:41+0200,4e1f0688-6a6e-4357-a7d0-1d07d19fc838,2026-08-31T18:45:00Z,2026-08-31T20:45:00+0200,191.94,EUR/MWh,BE,BE,day_ahead_price,value,2026-09-07T07:14:50Z
2026-09-07T07:11:41Z,2026-09-07T09:11:41+0200,4e1f0688-6a6e-4357-a7d0-1d07d19fc838,2026-08-31T19:00:00Z,2026-08-31T21:00:00+0200,208.0,EUR/MWh,BE,BE,day_ahead_price,value,2026-09-07T07:14:50Z
2026-09-07T07:11:41Z,2026-09-07T09:11:41+0200,4e1f0688-6a6e-4357-a7d0-1d07d19fc838,2026-08-31T19:15:00Z,2026-08-31T21:15:00+0200,182.59,EUR/MWh,BE,BE,day_ahead_price,value,2026-09-07T07:14:50Z
2026-09-07T07:11:41Z,2026-09-07T09:11:41+0200,4e1f0688-6a6e-4357-a7d0-1d07d19fc838,2026-08-31T19:30:00Z,2026-08-31T21:30:00+0200,176.67,EUR/MWh,BE,BE,day_ahead_price,value,2026-09-07T07:14:50Z
2026-09-07T07:11:41Z,2026-09-07T09:11:41+0200,4e1f0688-6a6e-4357-a7d0-1d07d19fc838,2026-08-31T19:45:00Z,2026-08-31T21:45:00+0200,164.89,EUR/MWh,BE,BE,day_ahead_price,value,2026-09-07T07:14:50Z
2026-09-07T07:11:41Z,2026-09-07T09:11:41+0200,4e1f0688-6a6e-4357-a7d0-1d07d19fc838,2026-08-31T20:00:00Z,2026-08-31T22:00:00+0200,176.97,EUR/MWh,BE,BE,day_ahead_price,value,2026-09-07T07:14:50Z
2026-09-07T07:11:41Z,2026-09-07T09:11:41+0200,4e1f0688-6a6e-4357-a7d0-1d07d19fc838,2026-08-31T20:15:00Z,2026-08-31T22:15:00+0200,170.55,EUR/MWh,BE,BE,day_ahead_price,value,2026-09-07T07:14:50Z
2026-09-07T07:11:41Z,2026-09-07T09:11:41+0200,4e1f0688-6a6e-4357-a7d0-1d07d19fc838,2026-08-31T20:30:00Z,2026-08-31T22:30:00+0200,173.53,EUR/MWh,BE,BE,day_ahead_price,value,2026-09-07T07:14:50Z
2026-09-07T07:11:41Z,2026-09-07T09:11:41+0200,4e1f0688-6a6e-4357-a7d0-1d07d19fc838,2026-08-31T20:45:00Z,2026-08-31T22:45:00+0200,167.82,EUR/MWh,BE,BE,day_ahead_price,value,2026-09-07T07:14:50Z
2026-09-07T07:11:41Z,2026-09-07T09:11:41+0200,4e1f0688-6a6e-4357-a7d0-1d07d19fc838,2026-08-31T21:00:00Z,2026-08-31T23:00:00+0200,179.16,EUR/MWh,BE,BE,day_ahead_price,value,2026-09-07T07:14:50Z
2026-09-07T07:11:41Z,2026-09-07T09:11:41+0200,4e1f0688-6a6e-4357-a7d0-1d07d19fc838,2026-08-31T21:15:00Z,2026-08-31T23:15:00+0200,160.27,EUR/MWh,BE,BE,day_ahead_price,value,2026-09-07T07:14:50Z
2026-09-07T07:11:41Z,2026-09-07T09:11:41+0200,4e1f0688-6a6e-4357-a7d0-1d07d19fc838,2026-08-31T21:30:00Z,2026-08-31T23:30:00+0200,174.84,EUR/MWh,BE,BE,day_ahead_price,value,2026-09-07T07:14:50Z
2026-09-07T07:11:41Z,2026-09-07T09:11:41+0200,4e1f0688-6a6e-4357-a7d0-1d07d19fc838,2026-08-31T21:45:00Z,2026-08-31T23:45:00+0200,151.78,EUR/MWh,BE,BE,day_ahead_price,value,2026-09-07T07:14:50Z
2026-09-07T07:11:41Z,2026-09-07T09:11:41+0200,4e1f0688-6a6e-4357-a7d0-1d07d19fc838,2026-08-31T22:00:00Z,2026-09-01T00:00:00+0200,182.03,EUR/MWh,BE,BE,day_ahead_price,value,2026-09-07T07:14:50Z
2026-09-07T07:11:41Z,2026-09-07T09:11:41+0200,4e1f0688-6a6e-4357-a7d0-1d07d19fc838,2026-08-31T22:15:00Z,2026-09-01T00:15:00+0200,182.08,EUR/MWh,BE,BE,day_ahead_price,value,2026-09-07T07:14:50Z
2026-09-07T07:11:41Z,2026-09-07T09:11:41+0200,4e1f0688-6a6e-4357-a7d0-1d07d19fc838,2026-08-31T22:30:00Z,2026-09-01T00:30:00+0200,163.28,EUR/MWh,BE,BE,day_ahead_price,value,2026-09-07T07:14:50Z
2026-09-07T07:11:41Z,2026-09-07T09:11:41+0200,4e1f0688-6a6e-4357-a7d0-1d07d19fc838,2026-08-31T22:45:00Z,2026-09-01T00:45:00+0200,155.31,EUR/MWh,BE,BE,day_ahead_price,value,2026-09-07T07:14:50Z
2026-09-07T07:11:41Z,2026-09-07T09:11:41+0200,4e1f0688-6a6e-4357-a7d0-1d07d19fc838,2026-08-31T23:00:00Z,2026-09-01T01:00:00+0200,168.81,EUR/MWh,BE,BE,day_ahead_price,value,2026-09-07T07:14:50Z
2026-09-07T07:11:41Z,2026-09-07T09:11:41+0200,4e1f0688-6a6e-4357-a7d0-1d07d19fc838,2026-08-31T23:15:00Z,2026-09-01T01:15:00+0200,160.82,EUR/MWh,BE,BE,day_ahead_price,value,2026-09-07T07:14:50Z
2026-09-07T07:11:41Z,2026-09-07T09:11:41+0200,4e1f0688-6a6e-4357-a7d0-1d07d19fc838,2026-08-31T23:30:00Z,2026-09-01T01:30:00+0200,164.97,EUR/MWh,BE,BE,day_ahead_price,value,2026-09-07T07:14:50Z
2026-09-07T07:11:41Z,2026-09-07T09:11:41+0200,4e1f0688-6a6e-4357-a7d0-1d07d19fc838,2026-08-31T23:45:00Z,2026-09-01T01:45:00+0200,167.69,EUR/MWh,BE,BE,day_ahead_price,value,2026-09-07T07:14:50Z
2026-09-07T07:11:41Z,2026-09-07T09:11:41+0200,4e1f0688-6a6e-4357-a7d0-1d07d19fc838,2026-09-01T00:00:00Z,2026-09-01T02:00:00+0200,156.01,EUR/MWh,BE,BE,day_ahead_price,value,2026-09-07T07:14:50Z
2026-09-07T07:11:41Z,2026-09-07T09:11:41+0200,4e1f0688-6a6e-4357-a7d0-1d07d19fc838,2026-09-01T00:15:00Z,2026-09-01T02:15:00+0200,155.57,EUR/MWh,BE,BE,day_ahead_price,value,2026-09-07T07:14:50Z
2026-09-07T07:11:41Z,2026-09-07T09:11:41+0200,4e1f0688-6a6e-4357-a7d0-1d07d19fc838,2026-09-01T00:30:00Z,2026-09-01T02:30:00+0200,146.35,EUR/MWh,BE,BE,day_ahead_price,value,2026-09-07T07:14:50Z
2026-09-07T07:11:41Z,2026-09-07T09:11:41+0200,4e1f0688-6a6e-4357-a7d0-1d07d19fc838,2026-09-01T00:45:00Z,2026-09-01T02:45:00+0200,145.44,EUR/MWh,BE,BE,day_ahead_price,value,2026-09-07T07:14:50Z
2026-09-07T07:11:41Z,2026-09-07T09:11:41+0200,4e1f0688-6a6e-4357-a7d0-1d07d19fc838,2026-09-01T01:00:00Z,2026-09-01T03:00:00+0200,146.69,EUR/MWh,BE,BE,day_ahead_price,value,2026-09-07T07:14:50Z
2026-09-07T07:11:41Z,2026-09-07T09:11:41+0200,4e1f0688-6a6e-4357-a7d0-1d07d19fc838,2026-09-01T01:15:00Z,2026-09-01T03:15:00+0200,146.37,EUR/MWh,BE,BE,day_ahead_price,value,2026-09-07T07:14:50Z
2026-09-07T07:11:41Z,2026-09-07T09:11:41+0200,4e1f0688-6a6e-4357-a7d0-1d07d19fc838,2026-09-01T01:30:00Z,2026-09-01T03:30:00+0200,149.45,EUR/MWh,BE,BE,day_ahead_price,value,2026-09-07T07:14:50Z
2026-09-07T07:11:41Z,2026-09-07T09:11:41+0200,4e1f0688-6a6e-4357-a7d0-1d07d19fc838,2026-09-01T01:45:00Z,2026-09-01T03:45:00+0200,147.28,EUR/MWh,BE,BE,day_ahead_price,value,2026-09-07T07:14:50Z
2026-09-07T07:11:41Z,2026-09-07T09:11:41+0200,4e1f0688-6a6e-4357-a7d0-1d07d19fc838,2026-09-01T02:00:00Z,2026-09-01T04:00:00+0200,149.26,EUR/MWh,BE,BE,day_ahead_price,value,2026-09-07T07:14:50Z
2026-09-07T07:11:41Z,2026-09-07T09:11:41+0200,4e1f0688-6a6e-4357-a7d0-1d07d19fc838,2026-09-01T02:15:00Z,2026-09-01T04:15:00+0200,148.72,EUR/MWh,BE,BE,day_ahead_price,value,2026-09-07T07:14:50Z
2026-09-07T07:11:41Z,2026-09-07T09:11:41+0200,4e1f0688-6a6e-4357-a7d0-1d07d19fc838,2026-09-01T02:30:00Z,2026-09-01T04:30:00+0200,145.56,EUR/MWh,BE,BE,day_ahead_price,value,2026-09-07T07:14:50Z
2026-09-07T07:11:41Z,2026-09-07T09:11:41+0200,4e1f0688-6a6e-4357-a7d0-1d07d19fc838,2026-09-01T02:45:00Z,2026-09-01T04:45:00+0200,147.7,EUR/MWh,BE,BE,day_ahead_price,value,2026-09-07T07:14:50Z
2026-09-07T07:11:41Z,2026-09-07T09:11:41+0200,4e1f0688-6a6e-4357-a7d0-1d07d19fc838,2026-09-01T03:00:00Z,2026-09-01T05:00:00+0200,147.33,EUR/MWh,BE,BE,day_ahead_price,value,2026-09-07T07:14:50Z
2026-09-07T07:11:41Z,2026-09-07T09:11:41+0200,4e1f0688-6a6e-4357-a7d0-1d07d19fc838,2026-09-01T03:15:00Z,2026-09-01T05:15:00+0200,151.33,EUR/MWh,BE,BE,day_ahead_price,value,2026-09-07T07:14:50Z
2026-09-07T07:11:41Z,2026-09-07T09:11:41+0200,4e1f0688-6a6e-4357-a7d0-1d07d19fc838,2026-09-01T03:30:00Z,2026-09-01T05:30:00+0200,162.33,EUR/MWh,BE,BE,day_ahead_price,value,2026-09-07T07:14:50Z
2026-09-07T07:11:41Z,2026-09-07T09:11:41+0200,4e1f0688-6a6e-4357-a7d0-1d07d19fc838,2026-09-01T03:45:00Z,2026-09-01T05:45:00+0200,168.84,EUR/MWh,BE,BE,day_ahead_price,value,2026-09-07T07:14:50Z
2026-09-07T07:11:41Z,2026-09-07T09:11:41+0200,4e1f0688-6a6e-4357-a7d0-1d07d19fc838,2026-09-01T04:00:00Z,2026-09-01T06:00:00+0200,180.54,EUR/MWh,BE,BE,day_ahead_price,value,2026-09-07T07:14:50Z
2026-09-07T07:11:41Z,2026-09-07T09:11:41+0200,4e1f0688-6a6e-4357-a7d0-1d07d19fc838,2026-09-01T04:15:00Z,2026-09-01T06:15:00+0200,191.08,EUR/MWh,BE,BE,day_ahead_price,value,2026-09-07T07:14:50Z
2026-09-07T07:11:41Z,2026-09-07T09:11:41+0200,4e1f0688-6a6e-4357-a7d0-1d07d19fc838,2026-09-01T04:30:00Z,2026-09-01T06:30:00+0200,194.58,EUR/MWh,BE,BE,day_ahead_price,value,2026-09-07T07:14:50Z
2026-09-07T07:11:41Z,2026-09-07T09:11:41+0200,4e1f0688-6a6e-4357-a7d0-1d07d19fc838,2026-09-01T04:45:00Z,2026-09-01T06:45:00+0200,196.65,EUR/MWh,BE,BE,day_ahead_price,value,2026-09-07T07:14:50Z
2026-09-07T07:11:41Z,2026-09-07T09:11:41+0200,4e1f0688-6a6e-4357-a7d0-1d07d19fc838,2026-09-01T05:00:00Z,2026-09-01T07:00:00+0200,207.79,EUR/MWh,BE,BE,day_ahead_price,value,2026-09-07T07:14:50Z
2026-09-07T07:11:41Z,2026-09-07T09:11:41+0200,4e1f0688-6a6e-4357-a7d0-1d07d19fc838,2026-09-01T05:15:00Z,2026-09-01T07:15:00+0200,211.97,EUR/MWh,BE,BE,day_ahead_price,value,2026-09-07T07:14:50Z
2026-09-07T07:11:41Z,2026-09-07T09:11:41+0200,4e1f0688-6a6e-4357-a7d0-1d07d19fc838,2026-09-01T05:30:00Z,2026-09-01T07:30:00+0200,207.84,EUR/MWh,BE,BE,day_ahead_price,value,2026-09-07T07:14:50Z
2026-09-07T07:11:41Z,2026-09-07T09:11:41+0200,4e1f0688-6a6e-4357-a7d0-1d07d19fc838,2026-09-01T05:45:00Z,2026-09-01T07:45:00+0200,197.55,EUR/MWh,BE,BE,day_ahead_price,value,2026-09-07T07:14:50Z
2026-09-07T07:11:41Z,2026-09-07T09:11:41+0200,4e1f0688-6a6e-4357-a7d0-1d07d19fc838,2026-09-01T06:00:00Z,2026-09-01T08:00:00+0200,216.93,EUR/MWh,BE,BE,day_ahead_price,value,2026-09-07T07:14:50Z
2026-09-07T07:11:41Z,2026-09-07T09:11:41+0200,4e1f0688-6a6e-4357-a7d0-1d07d19fc838,2026-09-01T06:15:00Z,2026-09-01T08:15:00+0200,204.28,EUR/MWh,BE,BE,day_ahead_price,value,2026-09-07T07:14:50Z
2026-09-07T07:11:41Z,2026-09-07T09:11:41+0200,4e1f0688-6a6e-4357-a7d0-1d07d19fc838,2026-09-01T06:30:00Z,2026-09-01T08:30:00+0200,187.62,EUR/MWh,BE,BE,day_ahead_price,value,2026-09-07T07:14:50Z
2026-09-07T07:11:41Z,2026-09-07T09:11:41+0200,4e1f0688-6a6e-4357-a7d0-1d07d19fc838,2026-09-01T06:45:00Z,2026-09-01T08:45:00+0200,166.56,EUR/MWh,BE,BE,day_ahead_price,value,2026-09-07T07:14:50Z
2026-09-07T07:11:41Z,2026-09-07T09:11:41+0200,4e1f0688-6a6e-4357-a7d0-1d07d19fc838,2026-09-01T07:00:00Z,2026-09-01T09:00:00+0200,187.7,EUR/MWh,BE,BE,day_ahead_price,value,2026-09-07T07:14:50Z
2026-09-07T07:11:41Z,2026-09-07T09:11:41+0200,4e1f0688-6a6e-4357-a7d0-1d07d19fc838,2026-09-01T07:15:00Z,2026-09-01T09:15:00+0200,188.26,EUR/MWh,BE,BE,day_ahead_price,value,2026-09-07T07:14:50Z
2026-09-07T07:11:41Z,2026-09-07T09:11:41+0200,4e1f0688-6a6e-4357-a7d0-1d07d19fc838,2026-09-01T07:30:00Z,2026-09-01T09:30:00+0200,168.07,EUR/MWh,BE,BE,day_ahead_price,value,2026-09-07T07:14:50Z
2026-09-07T07:11:41Z,2026-09-07T09:11:41+0200,4e1f0688-6a6e-4357-a7d0-1d07d19fc838,2026-09-01T07:45:00Z,2026-09-01T09:45:00+0200,150.0,EUR/MWh,BE,BE,day_ahead_price,value,2026-09-07T07:14:50Z
2026-09-07T07:11:41Z,2026-09-07T09:11:41+0200,4e1f0688-6a6e-4357-a7d0-1d07d19fc838,2026-09-01T08:00:00Z,2026-09-01T10:00:00+0200,178.94,EUR/MWh,BE,BE,day_ahead_price,value,2026-09-07T07:14:50Z
2026-09-07T07:11:41Z,2026-09-07T09:11:41+0200,4e1f0688-6a6e-4357-a7d0-1d07d19fc838,2026-09-01T08:15:00Z,2026-09-01T10:15:00+0200,122.2,EUR/MWh,BE,BE,day_ahead_price,value,2026-09-07T07:14:50Z
2026-09-07T07:11:41Z,2026-09-07T09:11:41+0200,4e1f0688-6a6e-4357-a7d0-1d07d19fc838,2026-09-01T08:30:00Z,2026-09-01T10:30:00+0200,116.91,EUR/MWh,BE,BE,day_ahead_price,value,2026-09-07T07:14:50Z
2026-09-07T07:11:41Z,2026-09-07T09:11:41+0200,4e1f0688-6a6e-4357-a7d0-1d07d19fc838,2026-09-01T08:45:00Z,2026-09-01T10:45:00+0200,105.77,EUR/MWh,BE,BE,day_ahead_price,value,2026-09-07T07:14:50Z
2026-09-07T07:11:41Z,2026-09-07T09:11:41+0200,4e1f0688-6a6e-4357-a7d0-1d07d19fc838,2026-09-01T09:00:00Z,2026-09-01T11:00:00+0200,111.31,EUR/MWh,BE,BE,day_ahead_price,value,2026-09-07T07:14:50Z
2026-09-07T07:11:41Z,2026-09-07T09:11:41+0200,4e1f0688-6a6e-4357-a7d0-1d07d19fc838,2026-09-01T09:15:00Z,2026-09-01T11:15:00+0200,96.33,EUR/MWh,BE,BE,day_ahead_price,value,2026-09-07T07:14:50Z
2026-09-07T07:11:41Z,2026-09-07T09:11:41+0200,4e1f0688-6a6e-4357-a7d0-1d07d19fc838,2026-09-01T09:30:00Z,2026-09-01T11:30:00+0200,81.06,EUR/MWh,BE,BE,day_ahead_price,value,2026-09-07T07:14:50Z
2026-09-07T07:11:41Z,2026-09-07T09:11:41+0200,4e1f0688-6a6e-4357-a7d0-1d07d19fc838,2026-09-01T09:45:00Z,2026-09-01T11:45:00+0200,71.29,EUR/MWh,BE,BE,day_ahead_price,value,2026-09-07T07:14:50Z
2026-09-07T07:11:41Z,2026-09-07T09:11:41+0200,4e1f0688-6a6e-4357-a7d0-1d07d19fc838,2026-09-01T10:00:00Z,2026-09-01T12:00:00+0200,73.51,EUR/MWh,BE,BE,day_ahead_price,value,2026-09-07T07:14:50Z
2026-09-07T07:11:41Z,2026-09-07T09:11:41+0200,4e1f0688-6a6e-4357-a7d0-1d07d19fc838,2026-09-01T10:15:00Z,2026-09-01T12:15:00+0200,68.0,EUR/MWh,BE,BE,day_ahead_price,value,2026-09-07T07:14:50Z
2026-09-07T07:11:41Z,2026-09-07T09:11:41+0200,4e1f0688-6a6e-4357-a7d0-1d07d19fc838,2026-09-01T10:30:00Z,2026-09-01T12:30:00+0200,64.33,EUR/MWh,BE,BE,day_ahead_price,value,2026-09-07T07:14:50Z
2026-09-07T07:11:41Z,2026-09-07T09:11:41+0200,4e1f0688-6a6e-4357-a7d0-1d07d19fc838,2026-09-01T10:45:00Z,2026-09-01T12:45:00+0200,56.68,EUR/MWh,BE,BE,day_ahead_price,value,2026-09-07T07:14:50Z
2026-09-07T07:11:41Z,2026-09-07T09:11:41+0200,4e1f0688-6a6e-4357-a7d0-1d07d19fc838,2026-09-01T11:00:00Z,2026-09-01T13:00:00+0200,76.2,EUR/MWh,BE,BE,day_ahead_price,value,2026-09-07T07:14:50Z
2026-09-07T07:11:41Z,2026-09-07T09:11:41+0200,4e1f0688-6a6e-4357-a7d0-1d07d19fc838,2026-09-01T11:15:00Z,2026-09-01T13:15:00+0200,63.4,EUR/MWh,BE,BE,day_ahead_price,value,2026-09-07T07:14:50Z
2026-09-07T07:11:41Z,2026-09-07T09:11:41+0200,4e1f0688-6a6e-4357-a7d0-1d07d19fc838,2026-09-01T11:30:00Z,2026-09-01T13:30:00+0200,57.4,EUR/MWh,BE,BE,day_ahead_price,value,2026-09-07T07:14:50Z
2026-09-07T07:11:41Z,2026-09-07T09:11:41+0200,4e1f0688-6a6e-4357-a7d0-1d07d19fc838,2026-09-01T11:45:00Z,2026-09-01T13:45:00+0200,47.0,EUR/MWh,BE,BE,day_ahead_price,value,2026-09-07T07:14:50Z
2026-09-07T07:11:41Z,2026-09-07T09:11:41+0200,4e1f0688-6a6e-4357-a7d0-1d07d19fc838,2026-09-01T12:00:00Z,2026-09-01T14:00:00+0200,58.47,EUR/MWh,BE,BE,day_ahead_price,value,2026-09-07T07:14:50Z
2026-09-07T07:11:41Z,2026-09-07T09:11:41+0200,4e1f0688-6a6e-4357-a7d0-1d07d19fc838,2026-09-01T12:15:00Z,2026-09-01T14:15:00+0200,46.18,EUR/MWh,BE,BE,day_ahead_price,value,2026-09-07T07:14:50Z
2026-09-07T07:11:41Z,2026-09-07T09:11:41+0200,4e1f0688-6a6e-4357-a7d0-1d07d19fc838,2026-09-01T12:30:00Z,2026-09-01T14:30:00+0200,55.09,EUR/MWh,BE,BE,day_ahead_price,value,2026-09-07T07:14:50Z
2026-09-07T07:11:41Z,2026-09-07T09:11:41+0200,4e1f0688-6a6e-4357-a7d0-1d07d19fc838,2026-09-01T12:45:00Z,2026-09-01T14:45:00+0200,80.26,EUR/MWh,BE,BE,day_ahead_price,value,2026-09-07T07:14:50Z
2026-09-07T07:11:41Z,2026-09-07T09:11:41+0200,4e1f0688-6a6e-4357-a7d0-1d07d19fc838,2026-09-01T13:00:00Z,2026-09-01T15:00:00+0200,53.66,EUR/MWh,BE,BE,day_ahead_price,value,2026-09-07T07:14:50Z
2026-09-07T07:11:41Z,2026-09-07T09:11:41+0200,4e1f0688-6a6e-4357-a7d0-1d07d19fc838,2026-09-01T13:15:00Z,2026-09-01T15:15:00+0200,65.32,EUR/MWh,BE,BE,day_ahead_price,value,2026-09-07T07:14:50Z
2026-09-07T07:11:41Z,2026-09-07T09:11:41+0200,4e1f0688-6a6e-4357-a7d0-1d07d19fc838,2026-09-01T13:30:00Z,2026-09-01T15:30:00+0200,94.89,EUR/MWh,BE,BE,day_ahead_price,value,2026-09-07T07:14:50Z
2026-09-07T07:11:41Z,2026-09-07T09:11:41+0200,4e1f0688-6a6e-4357-a7d0-1d07d19fc838,2026-09-01T13:45:00Z,2026-09-01T15:45:00+0200,86.13,EUR/MWh,BE,BE,day_ahead_price,value,2026-09-07T07:14:50Z
2026-09-07T07:11:41Z,2026-09-07T09:11:41+0200,4e1f0688-6a6e-4357-a7d0-1d07d19fc838,2026-09-01T14:00:00Z,2026-09-01T16:00:00+0200,66.74,EUR/MWh,BE,BE,day_ahead_price,value,2026-09-07T07:14:50Z
2026-09-07T07:11:41Z,2026-09-07T09:11:41+0200,4e1f0688-6a6e-4357-a7d0-1d07d19fc838,2026-09-01T14:15:00Z,2026-09-01T16:15:00+0200,88.82,EUR/MWh,BE,BE,day_ahead_price,value,2026-09-07T07:14:50Z
2026-09-07T07:11:41Z,2026-09-07T09:11:41+0200,4e1f0688-6a6e-4357-a7d0-1d07d19fc838,2026-09-01T14:30:00Z,2026-09-01T16:30:00+0200,115.99,EUR/MWh,BE,BE,day_ahead_price,value,2026-09-07T07:14:50Z
2026-09-07T07:11:41Z,2026-09-07T09:11:41+0200,4e1f0688-6a6e-4357-a7d0-1d07d19fc838,2026-09-01T14:45:00Z,2026-09-01T16:45:00+0200,126.09,EUR/MWh,BE,BE,day_ahead_price,value,2026-09-07T07:14:50Z
2026-09-07T07:11:41Z,2026-09-07T09:11:41+0200,4e1f0688-6a6e-4357-a7d0-1d07d19fc838,2026-09-01T15:00:00Z,2026-09-01T17:00:00+0200,115.31,EUR/MWh,BE,BE,day_ahead_price,value,2026-09-07T07:14:50Z
2026-09-07T07:11:41Z,2026-09-07T09:11:41+0200,4e1f0688-6a6e-4357-a7d0-1d07d19fc838,2026-09-01T15:15:00Z,2026-09-01T17:15:00+0200,130.11,EUR/MWh,BE,BE,day_ahead_price,value,2026-09-07T07:14:50Z
2026-09-07T07:11:41Z,2026-09-07T09:11:41+0200,4e1f0688-6a6e-4357-a7d0-1d07d19fc838,2026-09-01T15:30:00Z,2026-09-01T17:30:00+0200,156.77,EUR/MWh,BE,BE,day_ahead_price,value,2026-09-07T07:14:50Z
2026-09-07T07:11:41Z,2026-09-07T09:11:41+0200,4e1f0688-6a6e-4357-a7d0-1d07d19fc838,2026-09-01T15:45:00Z,2026-09-01T17:45:00+0200,174.04,EUR/MWh,BE,BE,day_ahead_price,value,2026-09-07T07:14:50Z
2026-09-07T07:11:41Z,2026-09-07T09:11:41+0200,4e1f0688-6a6e-4357-a7d0-1d07d19fc838,2026-09-01T16:00:00Z,2026-09-01T18:00:00+0200,142.64,EUR/MWh,BE,BE,day_ahead_price,value,2026-09-07T07:14:50Z
2026-09-07T07:11:41Z,2026-09-07T09:11:41+0200,4e1f0688-6a6e-4357-a7d0-1d07d19fc838,2026-09-01T16:15:00Z,2026-09-01T18:15:00+0200,175.72,EUR/MWh,BE,BE,day_ahead_price,value,2026-09-07T07:14:50Z
2026-09-07T07:11:41Z,2026-09-07T09:11:41+0200,4e1f0688-6a6e-4357-a7d0-1d07d19fc838,2026-09-01T16:30:00Z,2026-09-01T18:30:00+0200,194.13,EUR/MWh,BE,BE,day_ahead_price,value,2026-09-07T07:14:50Z
2026-09-07T07:11:41Z,2026-09-07T09:11:41+0200,4e1f0688-6a6e-4357-a7d0-1d07d19fc838,2026-09-01T16:45:00Z,2026-09-01T18:45:00+0200,204.72,EUR/MWh,BE,BE,day_ahead_price,value,2026-09-07T07:14:50Z
2026-09-07T07:11:41Z,2026-09-07T09:11:41+0200,4e1f0688-6a6e-4357-a7d0-1d07d19fc838,2026-09-01T17:00:00Z,2026-09-01T19:00:00+0200,199.91,EUR/MWh,BE,BE,day_ahead_price,value,2026-09-07T07:14:50Z
2026-09-07T07:11:41Z,2026-09-07T09:11:41+0200,4e1f0688-6a6e-4357-a7d0-1d07d19fc838,2026-09-01T17:15:00Z,2026-09-01T19:15:00+0200,205.53,EUR/MWh,BE,BE,day_ahead_price,value,2026-09-07T07:14:50Z
2026-09-07T07:11:41Z,2026-09-07T09:11:41+0200,4e1f0688-6a6e-4357-a7d0-1d07d19fc838,2026-09-01T17:30:00Z,2026-09-01T19:30:00+0200,221.75,EUR/MWh,BE,BE,day_ahead_price,value,2026-09-07T07:14:50Z
2026-09-07T07:11:41Z,2026-09-07T09:11:41+0200,4e1f0688-6a6e-4357-a7d0-1d07d19fc838,2026-09-01T17:45:00Z,2026-09-01T19:45:00+0200,233.83,EUR/MWh,BE,BE,day_ahead_price,value,2026-09-07T07:14:50Z
2026-09-07T07:11:41Z,2026-09-07T09:11:41+0200,4e1f0688-6a6e-4357-a7d0-1d07d19fc838,2026-09-01T18:00:00Z,2026-09-01T20:00:00+0200,224.78,EUR/MWh,BE,BE,day_ahead_price,value,2026-09-07T07:14:50Z
2026-09-07T07:11:41Z,2026-09-07T09:11:41+0200,4e1f0688-6a6e-4357-a7d0-1d07d19fc838,2026-09-01T18:15:00Z,2026-09-01T20:15:00+0200,233.27,EUR/MWh,BE,BE,day_ahead_price,value,2026-09-07T07:14:50Z
2026-09-07T07:11:41Z,2026-09-07T09:11:41+0200,4e1f0688-6a6e-4357-a7d0-1d07d19fc838,2026-09-01T18:30:00Z,2026-09-01T20:30:00+0200,239.0,EUR/MWh,BE,BE,day_ahead_price,value,2026-09-07T07:14:50Z
2026-09-07T07:11:41Z,2026-09-07T09:11:41+0200,4e1f0688-6a6e-4357-a7d0-1d07d19fc838,2026-09-01T18:45:00Z,2026-09-01T20:45:00+0200,236.56,EUR/MWh,BE,BE,day_ahead_price,value,2026-09-07T07:14:50Z
2026-09-07T07:11:41Z,2026-09-07T09:11:41+0200,4e1f0688-6a6e-4357-a7d0-1d07d19fc838,2026-09-01T19:00:00Z,2026-09-01T21:00:00+0200,228.69,EUR/MWh,BE,BE,day_ahead_price,value,2026-09-07T07:14:50Z
2026-09-07T07:11:41Z,2026-09-07T09:11:41+0200,4e1f0688-6a6e-4357-a7d0-1d07d19fc838,2026-09-01T19:15:00Z,2026-09-01T21:15:00+0200,220.16,EUR/MWh,BE,BE,day_ahead_price,value,2026-09-07T07:14:50Z
2026-09-07T07:11:41Z,2026-09-07T09:11:41+0200,4e1f0688-6a6e-4357-a7d0-1d07d19fc838,2026-09-01T19:30:00Z,2026-09-01T21:30:00+0200,217.27,EUR/MWh,BE,BE,day_ahead_price,value,2026-09-07T07:14:50Z
2026-09-07T07:11:41Z,2026-09-07T09:11:41+0200,4e1f0688-6a6e-4357-a7d0-1d07d19fc838,2026-09-01T19:45:00Z,2026-09-01T21:45:00+0200,206.27,EUR/MWh,BE,BE,day_ahead_price,value,2026-09-07T07:14:50Z
2026-09-07T07:11:41Z,2026-09-07T09:11:41+0200,4e1f0688-6a6e-4357-a7d0-1d07d19fc838,2026-09-01T20:00:00Z,2026-09-01T22:00:00+0200,213.25,EUR/MWh,BE,BE,day_ahead_price,value,2026-09-07T07:14:50Z
2026-09-07T07:11:41Z,2026-09-07T09:11:41+0200,4e1f0688-6a6e-4357-a7d0-1d07d19fc838,2026-09-01T20:15:00Z,2026-09-01T22:15:00+0200,201.21,EUR/MWh,BE,BE,day_ahead_price,value,2026-09-07T07:14:50Z
2026-09-07T07:11:41Z,2026-09-07T09:11:41+0200,4e1f0688-6a6e-4357-a7d0-1d07d19fc838,2026-09-01T20:30:00Z,2026-09-01T22:30:00+0200,196.88,EUR/MWh,BE,BE,day_ahead_price,value,2026-09-07T07:14:50Z
2026-09-07T07:11:41Z,2026-09-07T09:11:41+0200,4e1f0688-6a6e-4357-a7d0-1d07d19fc838,2026-09-01T20:45:00Z,2026-09-01T22:45:00+0200,191.48,EUR/MWh,BE,BE,day_ahead_price,value,2026-09-07T07:14:50Z
2026-09-07T07:11:41Z,2026-09-07T09:11:41+0200,4e1f0688-6a6e-4357-a7d0-1d07d19fc838,2026-09-01T21:00:00Z,2026-09-01T23:00:00+0200,190.34,EUR/MWh,BE,BE,day_ahead_price,value,2026-09-07T07:14:50Z
2026-09-07T07:11:41Z,2026-09-07T09:11:41+0200,4e1f0688-6a6e-4357-a7d0-1d07d19fc838,2026-09-01T21:15:00Z,2026-09-01T23:15:00+0200,181.2,EUR/MWh,BE,BE,day_ahead_price,value,2026-09-07T07:14:50Z
2026-09-07T07:11:41Z,2026-09-07T09:11:41+0200,4e1f0688-6a6e-4357-a7d0-1d07d19fc838,2026-09-01T21:30:00Z,2026-09-01T23:30:00+0200,178.66,EUR/MWh,BE,BE,day_ahead_price,value,2026-09-07T07:14:50Z
2026-09-07T07:11:41Z,2026-09-07T09:11:41+0200,4e1f0688-6a6e-4357-a7d0-1d07d19fc838,2026-09-01T21:45:00Z,2026-09-01T23:45:00+0200,174.58,EUR/MWh,BE,BE,day_ahead_price,value,2026-09-07T07:14:50Z
2026-09-07T07:11:41Z,2026-09-07T09:11:41+0200,4e1f0688-6a6e-4357-a7d0-1d07d19fc838,2026-09-01T22:00:00Z,2026-09-02T00:00:00+0200,194.46,EUR/MWh,BE,BE,day_ahead_price,value,2026-09-07T07:14:50Z
2026-09-07T07:11:41Z,2026-09-07T09:11:41+0200,4e1f0688-6a6e-4357-a7d0-1d07d19fc838,2026-09-01T22:15:00Z,2026-09-02T00:15:00+0200,182.01,EUR/MWh,BE,BE,day_ahead_price,value,2026-09-07T07:14:50Z
2026-09-07T07:11:41Z,2026-09-07T09:11:41+0200,4e1f0688-6a6e-4357-a7d0-1d07d19fc838,2026-09-01T22:30:00Z,2026-09-02T00:30:00+0200,169.2,EUR/MWh,BE,BE,day_ahead_price,value,2026-09-07T07:14:50Z
2026-09-07T07:11:41Z,2026-09-07T09:11:41+0200,4e1f0688-6a6e-4357-a7d0-1d07d19fc838,2026-09-01T22:45:00Z,2026-09-02T00:45:00+0200,152.41,EUR/MWh,BE,BE,day_ahead_price,value,2026-09-07T07:14:50Z
2026-09-07T07:11:41Z,2026-09-07T09:11:41+0200,4e1f0688-6a6e-4357-a7d0-1d07d19fc838,2026-09-01T23:00:00Z,2026-09-02T01:00:00+0200,170.2,EUR/MWh,BE,BE,day_ahead_price,value,2026-09-07T07:14:50Z
2026-09-07T07:11:41Z,2026-09-07T09:11:41+0200,4e1f0688-6a6e-4357-a7d0-1d07d19fc838,2026-09-01T23:15:00Z,2026-09-02T01:15:00+0200,167.55,EUR/MWh,BE,BE,day_ahead_price,value,2026-09-07T07:14:50Z
2026-09-07T07:11:41Z,2026-09-07T09:11:41+0200,4e1f0688-6a6e-4357-a7d0-1d07d19fc838,2026-09-01T23:30:00Z,2026-09-02T01:30:00+0200,166.76,EUR/MWh,BE,BE,day_ahead_price,value,2026-09-07T07:14:50Z
2026-09-07T07:11:41Z,2026-09-07T09:11:41+0200,4e1f0688-6a6e-4357-a7d0-1d07d19fc838,2026-09-01T23:45:00Z,2026-09-02T01:45:00+0200,161.96,EUR/MWh,BE,BE,day_ahead_price,value,2026-09-07T07:14:50Z
2026-09-07T07:11:41Z,2026-09-07T09:11:41+0200,4e1f0688-6a6e-4357-a7d0-1d07d19fc838,2026-09-02T00:00:00Z,2026-09-02T02:00:00+0200,163.12,EUR/MWh,BE,BE,day_ahead_price,value,2026-09-07T07:14:50Z
2026-09-07T07:11:41Z,2026-09-07T09:11:41+0200,4e1f0688-6a6e-4357-a7d0-1d07d19fc838,2026-09-02T00:15:00Z,2026-09-02T02:15:00+0200,155.28,EUR/MWh,BE,BE,day_ahead_price,value,2026-09-07T07:14:50Z
2026-09-07T07:11:41Z,2026-09-07T09:11:41+0200,4e1f0688-6a6e-4357-a7d0-1d07d19fc838,2026-09-02T00:30:00Z,2026-09-02T02:30:00+0200,153.5,EUR/MWh,BE,BE,day_ahead_price,value,2026-09-07T07:14:50Z
2026-09-07T07:11:41Z,2026-09-07T09:11:41+0200,4e1f0688-6a6e-4357-a7d0-1d07d19fc838,2026-09-02T00:45:00Z,2026-09-02T02:45:00+0200,152.62,EUR/MWh,BE,BE,day_ahead_price,value,2026-09-07T07:14:50Z
2026-09-07T07:11:41Z,2026-09-07T09:11:41+0200,4e1f0688-6a6e-4357-a7d0-1d07d19fc838,2026-09-02T01:00:00Z,2026-09-02T03:00:00+0200,151.59,EUR/MWh,BE,BE,day_ahead_price,value,2026-09-07T07:14:50Z
2026-09-07T07:11:41Z,2026-09-07T09:11:41+0200,4e1f0688-6a6e-4357-a7d0-1d07d19fc838,2026-09-02T01:15:00Z,2026-09-02T03:15:00+0200,152.03,EUR/MWh,BE,BE,day_ahead_price,value,2026-09-07T07:14:50Z
2026-09-07T07:11:41Z,2026-09-07T09:11:41+0200,4e1f0688-6a6e-4357-a7d0-1d07d19fc838,2026-09-02T01:30:00Z,2026-09-02T03:30:00+0200,151.97,EUR/MWh,BE,BE,day_ahead_price,value,2026-09-07T07:14:50Z
2026-09-07T07:11:41Z,2026-09-07T09:11:41+0200,4e1f0688-6a6e-4357-a7d0-1d07d19fc838,2026-09-02T01:45:00Z,2026-09-02T03:45:00+0200,150.27,EUR/MWh,BE,BE,day_ahead_price,value,2026-09-07T07:14:50Z
2026-09-07T07:11:41Z,2026-09-07T09:11:41+0200,4e1f0688-6a6e-4357-a7d0-1d07d19fc838,2026-09-02T02:00:00Z,2026-09-02T04:00:00+0200,152.45,EUR/MWh,BE,BE,day_ahead_price,value,2026-09-07T07:14:50Z
2026-09-07T07:11:41Z,2026-09-07T09:11:41+0200,4e1f0688-6a6e-4357-a7d0-1d07d19fc838,2026-09-02T02:15:00Z,2026-09-02T04:15:00+0200,151.74,EUR/MWh,BE,BE,day_ahead_price,value,2026-09-07T07:14:50Z
2026-09-07T07:11:41Z,2026-09-07T09:11:41+0200,4e1f0688-6a6e-4357-a7d0-1d07d19fc838,2026-09-02T02:30:00Z,2026-09-02T04:30:00+0200,150.43,EUR/MWh,BE,BE,day_ahead_price,value,2026-09-07T07:14:50Z
2026-09-07T07:11:41Z,2026-09-07T09:11:41+0200,4e1f0688-6a6e-4357-a7d0-1d07d19fc838,2026-09-02T02:45:00Z,2026-09-02T04:45:00+0200,152.81,EUR/MWh,BE,BE,day_ahead_price,value,2026-09-07T07:14:50Z
2026-09-07T07:11:41Z,2026-09-07T09:11:41+0200,4e1f0688-6a6e-4357-a7d0-1d07d19fc838,2026-09-02T03:00:00Z,2026-09-02T05:00:00+0200,157.85,EUR/MWh,BE,BE,day_ahead_price,value,2026-09-07T07:14:50Z
2026-09-07T07:11:41Z,2026-09-07T09:11:41+0200,4e1f0688-6a6e-4357-a7d0-1d07d19fc838,2026-09-02T03:15:00Z,2026-09-02T05:15:00+0200,166.29,EUR/MWh,BE,BE,day_ahead_price,value,2026-09-07T07:14:50Z
2026-09-07T07:11:41Z,2026-09-07T09:11:41+0200,4e1f0688-6a6e-4357-a7d0-1d07d19fc838,2026-09-02T03:30:00Z,2026-09-02T05:30:00+0200,170.37,EUR/MWh,BE,BE,day_ahead_price,value,2026-09-07T07:14:50Z
2026-09-07T07:11:41Z,2026-09-07T09:11:41+0200,4e1f0688-6a6e-4357-a7d0-1d07d19fc838,2026-09-02T03:45:00Z,2026-09-02T05:45:00+0200,184.22,EUR/MWh,BE,BE,day_ahead_price,value,2026-09-07T07:14:50Z
2026-09-07T07:11:41Z,2026-09-07T09:11:41+0200,4e1f0688-6a6e-4357-a7d0-1d07d19fc838,2026-09-02T04:00:00Z,2026-09-02T06:00:00+0200,187.2,EUR/MWh,BE,BE,day_ahead_price,value,2026-09-07T07:14:50Z
2026-09-07T07:11:41Z,2026-09-07T09:11:41+0200,4e1f0688-6a6e-4357-a7d0-1d07d19fc838,2026-09-02T04:15:00Z,2026-09-02T06:15:00+0200,195.15,EUR/MWh,BE,BE,day_ahead_price,value,2026-09-07T07:14:50Z
2026-09-07T07:11:41Z,2026-09-07T09:11:41+0200,4e1f0688-6a6e-4357-a7d0-1d07d19fc838,2026-09-02T04:30:00Z,2026-09-02T06:30:00+0200,200.27,EUR/MWh,BE,BE,day_ahead_price,value,2026-09-07T07:14:50Z
2026-09-07T07:11:41Z,2026-09-07T09:11:41+0200,4e1f0688-6a6e-4357-a7d0-1d07d19fc838,2026-09-02T04:45:00Z,2026-09-02T06:45:00+0200,209.0,EUR/MWh,BE,BE,day_ahead_price,value,2026-09-07T07:14:50Z
2026-09-07T07:11:41Z,2026-09-07T09:11:41+0200,4e1f0688-6a6e-4357-a7d0-1d07d19fc838,2026-09-02T05:00:00Z,2026-09-02T07:00:00+0200,214.55,EUR/MWh,BE,BE,day_ahead_price,value,2026-09-07T07:14:50Z
2026-09-07T07:11:41Z,2026-09-07T09:11:41+0200,4e1f0688-6a6e-4357-a7d0-1d07d19fc838,2026-09-02T05:15:00Z,2026-09-02T07:15:00+0200,212.65,EUR/MWh,BE,BE,day_ahead_price,value,2026-09-07T07:14:50Z
2026-09-07T07:11:41Z,2026-09-07T09:11:41+0200,4e1f0688-6a6e-4357-a7d0-1d07d19fc838,2026-09-02T05:30:00Z,2026-09-02T07:30:00+0200,209.49,EUR/MWh,BE,BE,day_ahead_price,value,2026-09-07T07:14:50Z
2026-09-07T07:11:41Z,2026-09-07T09:11:41+0200,4e1f0688-6a6e-4357-a7d0-1d07d19fc838,2026-09-02T05:45:00Z,2026-09-02T07:45:00+0200,204.25,EUR/MWh,BE,BE,day_ahead_price,value,2026-09-07T07:14:50Z
2026-09-07T07:11:41Z,2026-09-07T09:11:41+0200,4e1f0688-6a6e-4357-a7d0-1d07d19fc838,2026-09-02T06:00:00Z,2026-09-02T08:00:00+0200,221.56,EUR/MWh,BE,BE,day_ahead_price,value,2026-09-07T07:14:50Z
2026-09-07T07:11:41Z,2026-09-07T09:11:41+0200,4e1f0688-6a6e-4357-a7d0-1d07d19fc838,2026-09-02T06:15:00Z,2026-09-02T08:15:00+0200,209.82,EUR/MWh,BE,BE,day_ahead_price,value,2026-09-07T07:14:50Z
2026-09-07T07:11:41Z,2026-09-07T09:11:41+0200,4e1f0688-6a6e-4357-a7d0-1d07d19fc838,2026-09-02T06:30:00Z,2026-09-02T08:30:00+0200,197.34,EUR/MWh,BE,BE,day_ahead_price,value,2026-09-07T07:14:50Z
2026-09-07T07:11:41Z,2026-09-07T09:11:41+0200,4e1f0688-6a6e-4357-a7d0-1d07d19fc838,2026-09-02T06:45:00Z,2026-09-02T08:45:00+0200,177.79,EUR/MWh,BE,BE,day_ahead_price,value,2026-09-07T07:14:50Z
2026-09-07T07:11:41Z,2026-09-07T09:11:41+0200,4e1f0688-6a6e-4357-a7d0-1d07d19fc838,2026-09-02T07:00:00Z,2026-09-02T09:00:00+0200,194.36,EUR/MWh,BE,BE,day_ahead_price,value,2026-09-07T07:14:50Z
2026-09-07T07:11:41Z,2026-09-07T09:11:41+0200,4e1f0688-6a6e-4357-a7d0-1d07d19fc838,2026-09-02T07:15:00Z,2026-09-02T09:15:00+0200,184.14,EUR/MWh,BE,BE,day_ahead_price,value,2026-09-07T07:14:50Z
2026-09-07T07:11:41Z,2026-09-07T09:11:41+0200,4e1f0688-6a6e-4357-a7d0-1d07d19fc838,2026-09-02T07:30:00Z,2026-09-02T09:30:00+0200,169.27,EUR/MWh,BE,BE,day_ahead_price,value,2026-09-07T07:14:50Z
2026-09-07T07:11:41Z,2026-09-07T09:11:41+0200,4e1f0688-6a6e-4357-a7d0-1d07d19fc838,2026-09-02T07:45:00Z,2026-09-02T09:45:00+0200,144.53,EUR/MWh,BE,BE,day_ahead_price,value,2026-09-07T07:14:50Z
2026-09-07T07:11:41Z,2026-09-07T09:11:41+0200,4e1f0688-6a6e-4357-a7d0-1d07d19fc838,2026-09-02T08:00:00Z,2026-09-02T10:00:00+0200,188.01,EUR/MWh,BE,BE,day_ahead_price,value,2026-09-07T07:14:50Z
2026-09-07T07:11:41Z,2026-09-07T09:11:41+0200,4e1f0688-6a6e-4357-a7d0-1d07d19fc838,2026-09-02T08:15:00Z,2026-09-02T10:15:00+0200,156.4,EUR/MWh,BE,BE,day_ahead_price,value,2026-09-07T07:14:50Z
2026-09-07T07:11:41Z,2026-09-07T09:11:41+0200,4e1f0688-6a6e-4357-a7d0-1d07d19fc838,2026-09-02T08:30:00Z,2026-09-02T10:30:00+0200,140.72,EUR/MWh,BE,BE,day_ahead_price,value,2026-09-07T07:14:50Z
2026-09-07T07:11:41Z,2026-09-07T09:11:41+0200,4e1f0688-6a6e-4357-a7d0-1d07d19fc838,2026-09-02T08:45:00Z,2026-09-02T10:45:00+0200,122.83,EUR/MWh,BE,BE,day_ahead_price,value,2026-09-07T07:14:50Z
2026-09-07T07:11:41Z,2026-09-07T09:11:41+0200,4e1f0688-6a6e-4357-a7d0-1d07d19fc838,2026-09-02T09:00:00Z,2026-09-02T11:00:00+0200,154.42,EUR/MWh,BE,BE,day_ahead_price,value,2026-09-07T07:14:50Z
2026-09-07T07:11:41Z,2026-09-07T09:11:41+0200,4e1f0688-6a6e-4357-a7d0-1d07d19fc838,2026-09-02T09:15:00Z,2026-09-02T11:15:00+0200,133.16,EUR/MWh,BE,BE,day_ahead_price,value,2026-09-07T07:14:50Z
2026-09-07T07:11:41Z,2026-09-07T09:11:41+0200,4e1f0688-6a6e-4357-a7d0-1d07d19fc838,2026-09-02T09:30:00Z,2026-09-02T11:30:00+0200,116.15,EUR/MWh,BE,BE,day_ahead_price,value,2026-09-07T07:14:50Z
2026-09-07T07:11:41Z,2026-09-07T09:11:41+0200,4e1f0688-6a6e-4357-a7d0-1d07d19fc838,2026-09-02T09:45:00Z,2026-09-02T11:45:00+0200,104.4,EUR/MWh,BE,BE,day_ahead_price,value,2026-09-07T07:14:50Z
2026-09-07T07:11:41Z,2026-09-07T09:11:41+0200,4e1f0688-6a6e-4357-a7d0-1d07d19fc838,2026-09-02T10:00:00Z,2026-09-02T12:00:00+0200,113.32,EUR/MWh,BE,BE,day_ahead_price,value,2026-09-07T07:14:50Z
2026-09-07T07:11:41Z,2026-09-07T09:11:41+0200,4e1f0688-6a6e-4357-a7d0-1d07d19fc838,2026-09-02T10:15:00Z,2026-09-02T12:15:00+0200,109.08,EUR/MWh,BE,BE,day_ahead_price,value,2026-09-07T07:14:50Z
2026-09-07T07:11:41Z,2026-09-07T09:11:41+0200,4e1f0688-6a6e-4357-a7d0-1d07d19fc838,2026-09-02T10:30:00Z,2026-09-02T12:30:00+0200,108.56,EUR/MWh,BE,BE,day_ahead_price,value,2026-09-07T07:14:50Z
2026-09-07T07:11:41Z,2026-09-07T09:11:41+0200,4e1f0688-6a6e-4357-a7d0-1d07d19fc838,2026-09-02T10:45:00Z,2026-09-02T12:45:00+0200,150.43,EUR/MWh,BE,BE,day_ahead_price,value,2026-09-07T07:14:50Z
2026-09-07T07:11:41Z,2026-09-07T09:11:41+0200,4e1f0688-6a6e-4357-a7d0-1d07d19fc838,2026-09-02T11:00:00Z,2026-09-02T13:00:00+0200,130.52,EUR/MWh,BE,BE,day_ahead_price,value,2026-09-07T07:14:50Z
2026-09-07T07:11:41Z,2026-09-07T09:11:41+0200,4e1f0688-6a6e-4357-a7d0-1d07d19fc838,2026-09-02T11:15:00Z,2026-09-02T13:15:00+0200,137.9,EUR/MWh,BE,BE,day_ahead_price,value,2026-09-07T07:14:50Z
2026-09-07T07:11:41Z,2026-09-07T09:11:41+0200,4e1f0688-6a6e-4357-a7d0-1d07d19fc838,2026-09-02T11:30:00Z,2026-09-02T13:30:00+0200,138.82,EUR/MWh,BE,BE,day_ahead_price,value,2026-09-07T07:14:50Z
2026-09-07T07:11:41Z,2026-09-07T09:11:41+0200,4e1f0688-6a6e-4357-a7d0-1d07d19fc838,2026-09-02T11:45:00Z,2026-09-02T13:45:00+0200,135.7,EUR/MWh,BE,BE,day_ahead_price,value,2026-09-07T07:14:50Z
2026-09-07T07:11:41Z,2026-09-07T09:11:41+0200,4e1f0688-6a6e-4357-a7d0-1d07d19fc838,2026-09-02T12:00:00Z,2026-09-02T14:00:00+0200,137.82,EUR/MWh,BE,BE,day_ahead_price,value,2026-09-07T07:14:50Z
2026-09-07T07:11:41Z,2026-09-07T09:11:41+0200,4e1f0688-6a6e-4357-a7d0-1d07d19fc838,2026-09-02T12:15:00Z,2026-09-02T14:15:00+0200,141.22,EUR/MWh,BE,BE,day_ahead_price,value,2026-09-07T07:14:50Z
2026-09-07T07:11:41Z,2026-09-07T09:11:41+0200,4e1f0688-6a6e-4357-a7d0-1d07d19fc838,2026-09-02T12:30:00Z,2026-09-02T14:30:00+0200,143.67,EUR/MWh,BE,BE,day_ahead_price,value,2026-09-07T07:14:50Z
2026-09-07T07:11:41Z,2026-09-07T09:11:41+0200,4e1f0688-6a6e-4357-a7d0-1d07d19fc838,2026-09-02T12:45:00Z,2026-09-02T14:45:00+0200,147.38,EUR/MWh,BE,BE,day_ahead_price,value,2026-09-07T07:14:50Z
2026-09-07T07:11:41Z,2026-09-07T09:11:41+0200,4e1f0688-6a6e-4357-a7d0-1d07d19fc838,2026-09-02T13:00:00Z,2026-09-02T15:00:00+0200,232.43,EUR/MWh,BE,BE,day_ahead_price,value,2026-09-07T07:14:50Z
2026-09-07T07:11:41Z,2026-09-07T09:11:41+0200,4e1f0688-6a6e-4357-a7d0-1d07d19fc838,2026-09-02T13:15:00Z,2026-09-02T15:15:00+0200,130.0,EUR/MWh,BE,BE,day_ahead_price,value,2026-09-07T07:14:50Z
2026-09-07T07:11:41Z,2026-09-07T09:11:41+0200,4e1f0688-6a6e-4357-a7d0-1d07d19fc838,2026-09-02T13:30:00Z,2026-09-02T15:30:00+0200,115.37,EUR/MWh,BE,BE,day_ahead_price,value,2026-09-07T07:14:50Z
2026-09-07T07:11:41Z,2026-09-07T09:11:41+0200,4e1f0688-6a6e-4357-a7d0-1d07d19fc838,2026-09-02T13:45:00Z,2026-09-02T15:45:00+0200,114.01,EUR/MWh,BE,BE,day_ahead_price,value,2026-09-07T07:14:50Z
2026-09-07T07:11:41Z,2026-09-07T09:11:41+0200,4e1f0688-6a6e-4357-a7d0-1d07d19fc838,2026-09-02T14:00:00Z,2026-09-02T16:00:00+0200,160.0,EUR/MWh,BE,BE,day_ahead_price,value,2026-09-07T07:14:50Z
2026-09-07T07:11:41Z,2026-09-07T09:11:41+0200,4e1f0688-6a6e-4357-a7d0-1d07d19fc838,2026-09-02T14:15:00Z,2026-09-02T16:15:00+0200,125.72,EUR/MWh,BE,BE,day_ahead_price,value,2026-09-07T07:14:50Z
2026-09-07T07:11:41Z,2026-09-07T09:11:41+0200,4e1f0688-6a6e-4357-a7d0-1d07d19fc838,2026-09-02T14:30:00Z,2026-09-02T16:30:00+0200,140.79,EUR/MWh,BE,BE,day_ahead_price,value,2026-09-07T07:14:50Z
2026-09-07T07:11:41Z,2026-09-07T09:11:41+0200,4e1f0688-6a6e-4357-a7d0-1d07d19fc838,2026-09-02T14:45:00Z,2026-09-02T16:45:00+0200,158.02,EUR/MWh,BE,BE,day_ahead_price,value,2026-09-07T07:14:50Z
2026-09-07T07:11:41Z,2026-09-07T09:11:41+0200,4e1f0688-6a6e-4357-a7d0-1d07d19fc838,2026-09-02T15:00:00Z,2026-09-02T17:00:00+0200,142.75,EUR/MWh,BE,BE,day_ahead_price,value,2026-09-07T07:14:50Z
2026-09-07T07:11:41Z,2026-09-07T09:11:41+0200,4e1f0688-6a6e-4357-a7d0-1d07d19fc838,2026-09-02T15:15:00Z,2026-09-02T17:15:00+0200,163.99,EUR/MWh,BE,BE,day_ahead_price,value,2026-09-07T07:14:50Z
2026-09-07T07:11:41Z,2026-09-07T09:11:41+0200,4e1f0688-6a6e-4357-a7d0-1d07d19fc838,2026-09-02T15:30:00Z,2026-09-02T17:30:00+0200,177.84,EUR/MWh,BE,BE,day_ahead_price,value,2026-09-07T07:14:50Z
2026-09-07T07:11:41Z,2026-09-07T09:11:41+0200,4e1f0688-6a6e-4357-a7d0-1d07d19fc838,2026-09-02T15:45:00Z,2026-09-02T17:45:00+0200,190.19,EUR/MWh,BE,BE,day_ahead_price,value,2026-09-07T07:14:50Z
2026-09-07T07:11:41Z,2026-09-07T09:11:41+0200,4e1f0688-6a6e-4357-a7d0-1d07d19fc838,2026-09-02T16:00:00Z,2026-09-02T18:00:00+0200,167.76,EUR/MWh,BE,BE,day_ahead_price,value,2026-09-07T07:14:50Z
2026-09-07T07:11:41Z,2026-09-07T09:11:41+0200,4e1f0688-6a6e-4357-a7d0-1d07d19fc838,2026-09-02T16:15:00Z,2026-09-02T18:15:00+0200,194.57,EUR/MWh,BE,BE,day_ahead_price,value,2026-09-07T07:14:50Z
2026-09-07T07:11:41Z,2026-09-07T09:11:41+0200,4e1f0688-6a6e-4357-a7d0-1d07d19fc838,2026-09-02T16:30:00Z,2026-09-02T18:30:00+0200,198.0,EUR/MWh,BE,BE,day_ahead_price,value,2026-09-07T07:14:50Z
2026-09-07T07:11:41Z,2026-09-07T09:11:41+0200,4e1f0688-6a6e-4357-a7d0-1d07d19fc838,2026-09-02T16:45:00Z,2026-09-02T18:45:00+0200,218.7,EUR/MWh,BE,BE,day_ahead_price,value,2026-09-07T07:14:50Z
2026-09-07T07:11:41Z,2026-09-07T09:11:41+0200,4e1f0688-6a6e-4357-a7d0-1d07d19fc838,2026-09-02T17:00:00Z,2026-09-02T19:00:00+0200,199.84,EUR/MWh,BE,BE,day_ahead_price,value,2026-09-07T07:14:50Z
2026-09-07T07:11:41Z,2026-09-07T09:11:41+0200,4e1f0688-6a6e-4357-a7d0-1d07d19fc838,2026-09-02T17:15:00Z,2026-09-02T19:15:00+0200,214.08,EUR/MWh,BE,BE,day_ahead_price,value,2026-09-07T07:14:50Z
2026-09-07T07:11:41Z,2026-09-07T09:11:41+0200,4e1f0688-6a6e-4357-a7d0-1d07d19fc838,2026-09-02T17:30:00Z,2026-09-02T19:30:00+0200,246.85,EUR/MWh,BE,BE,day_ahead_price,value,2026-09-07T07:14:50Z
2026-09-07T07:11:41Z,2026-09-07T09:11:41+0200,4e1f0688-6a6e-4357-a7d0-1d07d19fc838,2026-09-02T17:45:00Z,2026-09-02T19:45:00+0200,248.38,EUR/MWh,BE,BE,day_ahead_price,value,2026-09-07T07:14:50Z
2026-09-07T07:11:41Z,2026-09-07T09:11:41+0200,4e1f0688-6a6e-4357-a7d0-1d07d19fc838,2026-09-02T18:00:00Z,2026-09-02T20:00:00+0200,238.02,EUR/MWh,BE,BE,day_ahead_price,value,2026-09-07T07:14:50Z
2026-09-07T07:11:41Z,2026-09-07T09:11:41+0200,4e1f0688-6a6e-4357-a7d0-1d07d19fc838,2026-09-02T18:15:00Z,2026-09-02T20:15:00+0200,237.86,EUR/MWh,BE,BE,day_ahead_price,value,2026-09-07T07:14:50Z
2026-09-07T07:11:41Z,2026-09-07T09:11:41+0200,4e1f0688-6a6e-4357-a7d0-1d07d19fc838,2026-09-02T18:30:00Z,2026-09-02T20:30:00+0200,243.6,EUR/MWh,BE,BE,day_ahead_price,value,2026-09-07T07:14:50Z
2026-09-07T07:11:41Z,2026-09-07T09:11:41+0200,4e1f0688-6a6e-4357-a7d0-1d07d19fc838,2026-09-02T18:45:00Z,2026-09-02T20:45:00+0200,245.93,EUR/MWh,BE,BE,day_ahead_price,value,2026-09-07T07:14:50Z
2026-09-07T07:11:41Z,2026-09-07T09:11:41+0200,4e1f0688-6a6e-4357-a7d0-1d07d19fc838,2026-09-02T19:00:00Z,2026-09-02T21:00:00+0200,236.03,EUR/MWh,BE,BE,day_ahead_price,value,2026-09-07T07:14:50Z
2026-09-07T07:11:41Z,2026-09-07T09:11:41+0200,4e1f0688-6a6e-4357-a7d0-1d07d19fc838,2026-09-02T19:15:00Z,2026-09-02T21:15:00+0200,217.07,EUR/MWh,BE,BE,day_ahead_price,value,2026-09-07T07:14:50Z
2026-09-07T07:11:41Z,2026-09-07T09:11:41+0200,4e1f0688-6a6e-4357-a7d0-1d07d19fc838,2026-09-02T19:30:00Z,2026-09-02T21:30:00+0200,210.98,EUR/MWh,BE,BE,day_ahead_price,value,2026-09-07T07:14:50Z
2026-09-07T07:11:41Z,2026-09-07T09:11:41+0200,4e1f0688-6a6e-4357-a7d0-1d07d19fc838,2026-09-02T19:45:00Z,2026-09-02T21:45:00+0200,197.7,EUR/MWh,BE,BE,day_ahead_price,value,2026-09-07T07:14:50Z
2026-09-07T07:11:41Z,2026-09-07T09:11:41+0200,4e1f0688-6a6e-4357-a7d0-1d07d19fc838,2026-09-02T20:00:00Z,2026-09-02T22:00:00+0200,199.81,EUR/MWh,BE,BE,day_ahead_price,value,2026-09-07T07:14:50Z
2026-09-07T07:11:41Z,2026-09-07T09:11:41+0200,4e1f0688-6a6e-4357-a7d0-1d07d19fc838,2026-09-02T20:15:00Z,2026-09-02T22:15:00+0200,194.09,EUR/MWh,BE,BE,day_ahead_price,value,2026-09-07T07:14:50Z
2026-09-07T07:11:41Z,2026-09-07T09:11:41+0200,4e1f0688-6a6e-4357-a7d0-1d07d19fc838,2026-09-02T20:30:00Z,2026-09-02T22:30:00+0200,198.45,EUR/MWh,BE,BE,day_ahead_price,value,2026-09-07T07:14:50Z
2026-09-07T07:11:41Z,2026-09-07T09:11:41+0200,4e1f0688-6a6e-4357-a7d0-1d07d19fc838,2026-09-02T20:45:00Z,2026-09-02T22:45:00+0200,187.02,EUR/MWh,BE,BE,day_ahead_price,value,2026-09-07T07:14:50Z
2026-09-07T07:11:41Z,2026-09-07T09:11:41+0200,4e1f0688-6a6e-4357-a7d0-1d07d19fc838,2026-09-02T21:00:00Z,2026-09-02T23:00:00+0200,177.64,EUR/MWh,BE,BE,day_ahead_price,value,2026-09-07T07:14:50Z
2026-09-07T07:11:41Z,2026-09-07T09:11:41+0200,4e1f0688-6a6e-4357-a7d0-1d07d19fc838,2026-09-02T21:15:00Z,2026-09-02T23:15:00+0200,167.0,EUR/MWh,BE,BE,day_ahead_price,value,2026-09-07T07:14:50Z
2026-09-07T07:11:41Z,2026-09-07T09:11:41+0200,4e1f0688-6a6e-4357-a7d0-1d07d19fc838,2026-09-02T21:30:00Z,2026-09-02T23:30:00+0200,163.41,EUR/MWh,BE,BE,day_ahead_price,value,2026-09-07T07:14:50Z
2026-09-07T07:11:41Z,2026-09-07T09:11:41+0200,4e1f0688-6a6e-4357-a7d0-1d07d19fc838,2026-09-02T21:45:00Z,2026-09-02T23:45:00+0200,152.38,EUR/MWh,BE,BE,day_ahead_price,value,2026-09-07T07:14:50Z
2026-09-07T07:11:41Z,2026-09-07T09:11:41+0200,4e1f0688-6a6e-4357-a7d0-1d07d19fc838,2026-09-02T22:00:00Z,2026-09-03T00:00:00+0200,200.92,EUR/MWh,BE,BE,day_ahead_price,value,2026-09-07T07:14:50Z
2026-09-07T07:11:41Z,2026-09-07T09:11:41+0200,4e1f0688-6a6e-4357-a7d0-1d07d19fc838,2026-09-02T22:15:00Z,2026-09-03T00:15:00+0200,178.86,EUR/MWh,BE,BE,day_ahead_price,value,2026-09-07T07:14:50Z
2026-09-07T07:11:41Z,2026-09-07T09:11:41+0200,4e1f0688-6a6e-4357-a7d0-1d07d19fc838,2026-09-02T22:30:00Z,2026-09-03T00:30:00+0200,170.0,EUR/MWh,BE,BE,day_ahead_price,value,2026-09-07T07:14:50Z
2026-09-07T07:11:41Z,2026-09-07T09:11:41+0200,4e1f0688-6a6e-4357-a7d0-1d07d19fc838,2026-09-02T22:45:00Z,2026-09-03T00:45:00+0200,163.9,EUR/MWh,BE,BE,day_ahead_price,value,2026-09-07T07:14:50Z
2026-09-07T07:11:41Z,2026-09-07T09:11:41+0200,4e1f0688-6a6e-4357-a7d0-1d07d19fc838,2026-09-02T23:00:00Z,2026-09-03T01:00:00+0200,181.24,EUR/MWh,BE,BE,day_ahead_price,value,2026-09-07T07:14:50Z
2026-09-07T07:11:41Z,2026-09-07T09:11:41+0200,4e1f0688-6a6e-4357-a7d0-1d07d19fc838,2026-09-02T23:15:00Z,2026-09-03T01:15:00+0200,169.22,EUR/MWh,BE,BE,day_ahead_price,value,2026-09-07T07:14:50Z
2026-09-07T07:11:41Z,2026-09-07T09:11:41+0200,4e1f0688-6a6e-4357-a7d0-1d07d19fc838,2026-09-02T23:30:00Z,2026-09-03T01:30:00+0200,170.84,EUR/MWh,BE,BE,day_ahead_price,value,2026-09-07T07:14:50Z
2026-09-07T07:11:41Z,2026-09-07T09:11:41+0200,4e1f0688-6a6e-4357-a7d0-1d07d19fc838,2026-09-02T23:45:00Z,2026-09-03T01:45:00+0200,163.97,EUR/MWh,BE,BE,day_ahead_price,value,2026-09-07T07:14:50Z
2026-09-07T07:11:41Z,2026-09-07T09:11:41+0200,4e1f0688-6a6e-4357-a7d0-1d07d19fc838,2026-09-03T00:00:00Z,2026-09-03T02:00:00+0200,172.61,EUR/MWh,BE,BE,day_ahead_price,value,2026-09-07T07:14:50Z
2026-09-07T07:11:41Z,2026-09-07T09:11:41+0200,4e1f0688-6a6e-4357-a7d0-1d07d19fc838,2026-09-03T00:15:00Z,2026-09-03T02:15:00+0200,156.62,EUR/MWh,BE,BE,day_ahead_price,value,2026-09-07T07:14:50Z
2026-09-07T07:11:41Z,2026-09-07T09:11:41+0200,4e1f0688-6a6e-4357-a7d0-1d07d19fc838,2026-09-03T00:30:00Z,2026-09-03T02:30:00+0200,148.96,EUR/MWh,BE,BE,day_ahead_price,value,2026-09-07T07:14:50Z
2026-09-07T07:11:41Z,2026-09-07T09:11:41+0200,4e1f0688-6a6e-4357-a7d0-1d07d19fc838,2026-09-03T00:45:00Z,2026-09-03T02:45:00+0200,145.82,EUR/MWh,BE,BE,day_ahead_price,value,2026-09-07T07:14:50Z
2026-09-07T07:11:41Z,2026-09-07T09:11:41+0200,4e1f0688-6a6e-4357-a7d0-1d07d19fc838,2026-09-03T01:00:00Z,2026-09-03T03:00:00+0200,146.87,EUR/MWh,BE,BE,day_ahead_price,value,2026-09-07T07:14:50Z
2026-09-07T07:11:41Z,2026-09-07T09:11:41+0200,4e1f0688-6a6e-4357-a7d0-1d07d19fc838,2026-09-03T01:15:00Z,2026-09-03T03:15:00+0200,147.96,EUR/MWh,BE,BE,day_ahead_price,value,2026-09-07T07:14:50Z
2026-09-07T07:11:41Z,2026-09-07T09:11:41+0200,4e1f0688-6a6e-4357-a7d0-1d07d19fc838,2026-09-03T01:30:00Z,2026-09-03T03:30:00+0200,143.97,EUR/MWh,BE,BE,day_ahead_price,value,2026-09-07T07:14:50Z
2026-09-07T07:11:41Z,2026-09-07T09:11:41+0200,4e1f0688-6a6e-4357-a7d0-1d07d19fc838,2026-09-03T01:45:00Z,2026-09-03T03:45:00+0200,139.58,EUR/MWh,BE,BE,day_ahead_price,value,2026-09-07T07:14:50Z
2026-09-07T07:11:41Z,2026-09-07T09:11:41+0200,4e1f0688-6a6e-4357-a7d0-1d07d19fc838,2026-09-03T02:00:00Z,2026-09-03T04:00:00+0200,137.69,EUR/MWh,BE,BE,day_ahead_price,value,2026-09-07T07:14:50Z
2026-09-07T07:11:41Z,2026-09-07T09:11:41+0200,4e1f0688-6a6e-4357-a7d0-1d07d19fc838,2026-09-03T02:15:00Z,2026-09-03T04:15:00+0200,140.49,EUR/MWh,BE,BE,day_ahead_price,value,2026-09-07T07:14:50Z
2026-09-07T07:11:41Z,2026-09-07T09:11:41+0200,4e1f0688-6a6e-4357-a7d0-1d07d19fc838,2026-09-03T02:30:00Z,2026-09-03T04:30:00+0200,140.43,EUR/MWh,BE,BE,day_ahead_price,value,2026-09-07T07:14:50Z
2026-09-07T07:11:41Z,2026-09-07T09:11:41+0200,4e1f0688-6a6e-4357-a7d0-1d07d19fc838,2026-09-03T02:45:00Z,2026-09-03T04:45:00+0200,135.4,EUR/MWh,BE,BE,day_ahead_price,value,2026-09-07T07:14:50Z
2026-09-07T07:11:41Z,2026-09-07T09:11:41+0200,4e1f0688-6a6e-4357-a7d0-1d07d19fc838,2026-09-03T03:00:00Z,2026-09-03T05:00:00+0200,142.24,EUR/MWh,BE,BE,day_ahead_price,value,2026-09-07T07:14:50Z
2026-09-07T07:11:41Z,2026-09-07T09:11:41+0200,4e1f0688-6a6e-4357-a7d0-1d07d19fc838,2026-09-03T03:15:00Z,2026-09-03T05:15:00+0200,140.1,EUR/MWh,BE,BE,day_ahead_price,value,2026-09-07T07:14:50Z
2026-09-07T07:11:41Z,2026-09-07T09:11:41+0200,4e1f0688-6a6e-4357-a7d0-1d07d19fc838,2026-09-03T03:30:00Z,2026-09-03T05:30:00+0200,144.26,EUR/MWh,BE,BE,day_ahead_price,value,2026-09-07T07:14:50Z
2026-09-07T07:11:41Z,2026-09-07T09:11:41+0200,4e1f0688-6a6e-4357-a7d0-1d07d19fc838,2026-09-03T03:45:00Z,2026-09-03T05:45:00+0200,155.01,EUR/MWh,BE,BE,day_ahead_price,value,2026-09-07T07:14:50Z
2026-09-07T07:11:41Z,2026-09-07T09:11:41+0200,4e1f0688-6a6e-4357-a7d0-1d07d19fc838,2026-09-03T04:00:00Z,2026-09-03T06:00:00+0200,155.0,EUR/MWh,BE,BE,day_ahead_price,value,2026-09-07T07:14:50Z
2026-09-07T07:11:41Z,2026-09-07T09:11:41+0200,4e1f0688-6a6e-4357-a7d0-1d07d19fc838,2026-09-03T04:15:00Z,2026-09-03T06:15:00+0200,171.78,EUR/MWh,BE,BE,day_ahead_price,value,2026-09-07T07:14:50Z
2026-09-07T07:11:41Z,2026-09-07T09:11:41+0200,4e1f0688-6a6e-4357-a7d0-1d07d19fc838,2026-09-03T04:30:00Z,2026-09-03T06:30:00+0200,180.22,EUR/MWh,BE,BE,day_ahead_price,value,2026-09-07T07:14:50Z
2026-09-07T07:11:41Z,2026-09-07T09:11:41+0200,4e1f0688-6a6e-4357-a7d0-1d07d19fc838,2026-09-03T04:45:00Z,2026-09-03T06:45:00+0200,180.24,EUR/MWh,BE,BE,day_ahead_price,value,2026-09-07T07:14:50Z
2026-09-07T07:11:41Z,2026-09-07T09:11:41+0200,4e1f0688-6a6e-4357-a7d0-1d07d19fc838,2026-09-03T05:00:00Z,2026-09-03T07:00:00+0200,194.9,EUR/MWh,BE,BE,day_ahead_price,value,2026-09-07T07:14:50Z
2026-09-07T07:11:41Z,2026-09-07T09:11:41+0200,4e1f0688-6a6e-4357-a7d0-1d07d19fc838,2026-09-03T05:15:00Z,2026-09-03T07:15:00+0200,194.04,EUR/MWh,BE,BE,day_ahead_price,value,2026-09-07T07:14:50Z
2026-09-07T07:11:41Z,2026-09-07T09:11:41+0200,4e1f0688-6a6e-4357-a7d0-1d07d19fc838,2026-09-03T05:30:00Z,2026-09-03T07:30:00+0200,187.76,EUR/MWh,BE,BE,day_ahead_price,value,2026-09-07T07:14:50Z
2026-09-07T07:11:41Z,2026-09-07T09:11:41+0200,4e1f0688-6a6e-4357-a7d0-1d07d19fc838,2026-09-03T05:45:00Z,2026-09-03T07:45:00+0200,180.92,EUR/MWh,BE,BE,day_ahead_price,value,2026-09-07T07:14:50Z
2026-09-07T07:11:41Z,2026-09-07T09:11:41+0200,4e1f0688-6a6e-4357-a7d0-1d07d19fc838,2026-09-03T06:00:00Z,2026-09-03T08:00:00+0200,206.59,EUR/MWh,BE,BE,day_ahead_price,value,2026-09-07T07:14:50Z
2026-09-07T07:11:41Z,2026-09-07T09:11:41+0200,4e1f0688-6a6e-4357-a7d0-1d07d19fc838,2026-09-03T06:15:00Z,2026-09-03T08:15:00+0200,188.03,EUR/MWh,BE,BE,day_ahead_price,value,2026-09-07T07:14:50Z
2026-09-07T07:11:41Z,2026-09-07T09:11:41+0200,4e1f0688-6a6e-4357-a7d0-1d07d19fc838,2026-09-03T06:30:00Z,2026-09-03T08:30:00+0200,176.99,EUR/MWh,BE,BE,day_ahead_price,value,2026-09-07T07:14:50Z
2026-09-07T07:11:41Z,2026-09-07T09:11:41+0200,4e1f0688-6a6e-4357-a7d0-1d07d19fc838,2026-09-03T06:45:00Z,2026-09-03T08:45:00+0200,150.0,EUR/MWh,BE,BE,day_ahead_price,value,2026-09-07T07:14:50Z
2026-09-07T07:11:41Z,2026-09-07T09:11:41+0200,4e1f0688-6a6e-4357-a7d0-1d07d19fc838,2026-09-03T07:00:00Z,2026-09-03T09:00:00+0200,185.21,EUR/MWh,BE,BE,day_ahead_price,value,2026-09-07T07:14:50Z
2026-09-07T07:11:41Z,2026-09-07T09:11:41+0200,4e1f0688-6a6e-4357-a7d0-1d07d19fc838,2026-09-03T07:15:00Z,2026-09-03T09:15:00+0200,156.62,EUR/MWh,BE,BE,day_ahead_price,value,2026-09-07T07:14:50Z
2026-09-07T07:11:41Z,2026-09-07T09:11:41+0200,4e1f0688-6a6e-4357-a7d0-1d07d19fc838,2026-09-03T07:30:00Z,2026-09-03T09:30:00+0200,135.0,EUR/MWh,BE,BE,day_ahead_price,value,2026-09-07T07:14:50Z
2026-09-07T07:11:41Z,2026-09-07T09:11:41+0200,4e1f0688-6a6e-4357-a7d0-1d07d19fc838,2026-09-03T07:45:00Z,2026-09-03T09:45:00+0200,121.5,EUR/MWh,BE,BE,day_ahead_price,value,2026-09-07T07:14:50Z
2026-09-07T07:11:41Z,2026-09-07T09:11:41+0200,4e1f0688-6a6e-4357-a7d0-1d07d19fc838,2026-09-03T08:00:00Z,2026-09-03T10:00:00+0200,132.84,EUR/MWh,BE,BE,day_ahead_price,value,2026-09-07T07:14:50Z
2026-09-07T07:11:41Z,2026-09-07T09:11:41+0200,4e1f0688-6a6e-4357-a7d0-1d07d19fc838,2026-09-03T08:15:00Z,2026-09-03T10:15:00+0200,128.3,EUR/MWh,BE,BE,day_ahead_price,value,2026-09-07T07:14:50Z
2026-09-07T07:11:41Z,2026-09-07T09:11:41+0200,4e1f0688-6a6e-4357-a7d0-1d07d19fc838,2026-09-03T08:30:00Z,2026-09-03T10:30:00+0200,119.46,EUR/MWh,BE,BE,day_ahead_price,value,2026-09-07T07:14:50Z
2026-09-07T07:11:41Z,2026-09-07T09:11:41+0200,4e1f0688-6a6e-4357-a7d0-1d07d19fc838,2026-09-03T08:45:00Z,2026-09-03T10:45:00+0200,116.55,EUR/MWh,BE,BE,day_ahead_price,value,2026-09-07T07:14:50Z
2026-09-07T07:11:41Z,2026-09-07T09:11:41+0200,4e1f0688-6a6e-4357-a7d0-1d07d19fc838,2026-09-03T09:00:00Z,2026-09-03T11:00:00+0200,110.16,EUR/MWh,BE,BE,day_ahead_price,value,2026-09-07T07:14:50Z
2026-09-07T07:11:41Z,2026-09-07T09:11:41+0200,4e1f0688-6a6e-4357-a7d0-1d07d19fc838,2026-09-03T09:15:00Z,2026-09-03T11:15:00+0200,100.16,EUR/MWh,BE,BE,day_ahead_price,value,2026-09-07T07:14:50Z
2026-09-07T07:11:41Z,2026-09-07T09:11:41+0200,4e1f0688-6a6e-4357-a7d0-1d07d19fc838,2026-09-03T09:30:00Z,2026-09-03T11:30:00+0200,84.2,EUR/MWh,BE,BE,day_ahead_price,value,2026-09-07T07:14:50Z
2026-09-07T07:11:41Z,2026-09-07T09:11:41+0200,4e1f0688-6a6e-4357-a7d0-1d07d19fc838,2026-09-03T09:45:00Z,2026-09-03T11:45:00+0200,82.16,EUR/MWh,BE,BE,day_ahead_price,value,2026-09-07T07:14:50Z
2026-09-07T07:11:41Z,2026-09-07T09:11:41+0200,4e1f0688-6a6e-4357-a7d0-1d07d19fc838,2026-09-03T10:00:00Z,2026-09-03T12:00:00+0200,88.59,EUR/MWh,BE,BE,day_ahead_price,value,2026-09-07T07:14:50Z
2026-09-07T07:11:41Z,2026-09-07T09:11:41+0200,4e1f0688-6a6e-4357-a7d0-1d07d19fc838,2026-09-03T10:15:00Z,2026-09-03T12:15:00+0200,75.48,EUR/MWh,BE,BE,day_ahead_price,value,2026-09-07T07:14:50Z
2026-09-07T07:11:41Z,2026-09-07T09:11:41+0200,4e1f0688-6a6e-4357-a7d0-1d07d19fc838,2026-09-03T10:30:00Z,2026-09-03T12:30:00+0200,55.09,EUR/MWh,BE,BE,day_ahead_price,value,2026-09-07T07:14:50Z
2026-09-07T07:11:41Z,2026-09-07T09:11:41+0200,4e1f0688-6a6e-4357-a7d0-1d07d19fc838,2026-09-03T10:45:00Z,2026-09-03T12:45:00+0200,57.63,EUR/MWh,BE,BE,day_ahead_price,value,2026-09-07T07:14:50Z
2026-09-07T07:11:41Z,2026-09-07T09:11:41+0200,4e1f0688-6a6e-4357-a7d0-1d07d19fc838,2026-09-03T11:00:00Z,2026-09-03T13:00:00+0200,93.86,EUR/MWh,BE,BE,day_ahead_price,value,2026-09-07T07:14:50Z
2026-09-07T07:11:41Z,2026-09-07T09:11:41+0200,4e1f0688-6a6e-4357-a7d0-1d07d19fc838,2026-09-03T11:15:00Z,2026-09-03T13:15:00+0200,84.82,EUR/MWh,BE,BE,day_ahead_price,value,2026-09-07T07:14:50Z
2026-09-07T07:11:41Z,2026-09-07T09:11:41+0200,4e1f0688-6a6e-4357-a7d0-1d07d19fc838,2026-09-03T11:30:00Z,2026-09-03T13:30:00+0200,61.83,EUR/MWh,BE,BE,day_ahead_price,value,2026-09-07T07:14:50Z
2026-09-07T07:11:41Z,2026-09-07T09:11:41+0200,4e1f0688-6a6e-4357-a7d0-1d07d19fc838,2026-09-03T11:45:00Z,2026-09-03T13:45:00+0200,35.85,EUR/MWh,BE,BE,day_ahead_price,value,2026-09-07T07:14:50Z
2026-09-07T07:11:41Z,2026-09-07T09:11:41+0200,4e1f0688-6a6e-4357-a7d0-1d07d19fc838,2026-09-03T12:00:00Z,2026-09-03T14:00:00+0200,79.14,EUR/MWh,BE,BE,day_ahead_price,value,2026-09-07T07:14:50Z
2026-09-07T07:11:41Z,2026-09-07T09:11:41+0200,4e1f0688-6a6e-4357-a7d0-1d07d19fc838,2026-09-03T12:15:00Z,2026-09-03T14:15:00+0200,61.36,EUR/MWh,BE,BE,day_ahead_price,value,2026-09-07T07:14:50Z
2026-09-07T07:11:41Z,2026-09-07T09:11:41+0200,4e1f0688-6a6e-4357-a7d0-1d07d19fc838,2026-09-03T12:30:00Z,2026-09-03T14:30:00+0200,51.42,EUR/MWh,BE,BE,day_ahead_price,value,2026-09-07T07:14:50Z
2026-09-07T07:11:41Z,2026-09-07T09:11:41+0200,4e1f0688-6a6e-4357-a7d0-1d07d19fc838,2026-09-03T12:45:00Z,2026-09-03T14:45:00+0200,53.09,EUR/MWh,BE,BE,day_ahead_price,value,2026-09-07T07:14:50Z
2026-09-07T07:11:41Z,2026-09-07T09:11:41+0200,4e1f0688-6a6e-4357-a7d0-1d07d19fc838,2026-09-03T13:00:00Z,2026-09-03T15:00:00+0200,45.58,EUR/MWh,BE,BE,day_ahead_price,value,2026-09-07T07:14:50Z
2026-09-07T07:11:41Z,2026-09-07T09:11:41+0200,4e1f0688-6a6e-4357-a7d0-1d07d19fc838,2026-09-03T13:15:00Z,2026-09-03T15:15:00+0200,49.19,EUR/MWh,BE,BE,day_ahead_price,value,2026-09-07T07:14:50Z
2026-09-07T07:11:41Z,2026-09-07T09:11:41+0200,4e1f0688-6a6e-4357-a7d0-1d07d19fc838,2026-09-03T13:30:00Z,2026-09-03T15:30:00+0200,84.78,EUR/MWh,BE,BE,day_ahead_price,value,2026-09-07T07:14:50Z
2026-09-07T07:11:41Z,2026-09-07T09:11:41+0200,4e1f0688-6a6e-4357-a7d0-1d07d19fc838,2026-09-03T13:45:00Z,2026-09-03T15:45:00+0200,84.44,EUR/MWh,BE,BE,day_ahead_price,value,2026-09-07T07:14:50Z
2026-09-07T07:11:41Z,2026-09-07T09:11:41+0200,4e1f0688-6a6e-4357-a7d0-1d07d19fc838,2026-09-03T14:00:00Z,2026-09-03T16:00:00+0200,100.03,EUR/MWh,BE,BE,day_ahead_price,value,2026-09-07T07:14:50Z
2026-09-07T07:11:41Z,2026-09-07T09:11:41+0200,4e1f0688-6a6e-4357-a7d0-1d07d19fc838,2026-09-03T14:15:00Z,2026-09-03T16:15:00+0200,66.93,EUR/MWh,BE,BE,day_ahead_price,value,2026-09-07T07:14:50Z
2026-09-07T07:11:41Z,2026-09-07T09:11:41+0200,4e1f0688-6a6e-4357-a7d0-1d07d19fc838,2026-09-03T14:30:00Z,2026-09-03T16:30:00+0200,74.01,EUR/MWh,BE,BE,day_ahead_price,value,2026-09-07T07:14:50Z
2026-09-07T07:11:41Z,2026-09-07T09:11:41+0200,4e1f0688-6a6e-4357-a7d0-1d07d19fc838,2026-09-03T14:45:00Z,2026-09-03T16:45:00+0200,99.08,EUR/MWh,BE,BE,day_ahead_price,value,2026-09-07T07:14:50Z
2026-09-07T07:11:41Z,2026-09-07T09:11:41+0200,4e1f0688-6a6e-4357-a7d0-1d07d19fc838,2026-09-03T15:00:00Z,2026-09-03T17:00:00+0200,92.39,EUR/MWh,BE,BE,day_ahead_price,value,2026-09-07T07:14:50Z
2026-09-07T07:11:41Z,2026-09-07T09:11:41+0200,4e1f0688-6a6e-4357-a7d0-1d07d19fc838,2026-09-03T15:15:00Z,2026-09-03T17:15:00+0200,116.94,EUR/MWh,BE,BE,day_ahead_price,value,2026-09-07T07:14:50Z
2026-09-07T07:11:41Z,2026-09-07T09:11:41+0200,4e1f0688-6a6e-4357-a7d0-1d07d19fc838,2026-09-03T15:30:00Z,2026-09-03T17:30:00+0200,148.0,EUR/MWh,BE,BE,day_ahead_price,value,2026-09-07T07:14:50Z
2026-09-07T07:11:41Z,2026-09-07T09:11:41+0200,4e1f0688-6a6e-4357-a7d0-1d07d19fc838,2026-09-03T15:45:00Z,2026-09-03T17:45:00+0200,162.91,EUR/MWh,BE,BE,day_ahead_price,value,2026-09-07T07:14:50Z
2026-09-07T07:11:41Z,2026-09-07T09:11:41+0200,4e1f0688-6a6e-4357-a7d0-1d07d19fc838,2026-09-03T16:00:00Z,2026-09-03T18:00:00+0200,140.35,EUR/MWh,BE,BE,day_ahead_price,value,2026-09-07T07:14:50Z
2026-09-07T07:11:41Z,2026-09-07T09:11:41+0200,4e1f0688-6a6e-4357-a7d0-1d07d19fc838,2026-09-03T16:15:00Z,2026-09-03T18:15:00+0200,161.34,EUR/MWh,BE,BE,day_ahead_price,value,2026-09-07T07:14:50Z
2026-09-07T07:11:41Z,2026-09-07T09:11:41+0200,4e1f0688-6a6e-4357-a7d0-1d07d19fc838,2026-09-03T16:30:00Z,2026-09-03T18:30:00+0200,178.54,EUR/MWh,BE,BE,day_ahead_price,value,2026-09-07T07:14:50Z
2026-09-07T07:11:41Z,2026-09-07T09:11:41+0200,4e1f0688-6a6e-4357-a7d0-1d07d19fc838,2026-09-03T16:45:00Z,2026-09-03T18:45:00+0200,212.27,EUR/MWh,BE,BE,day_ahead_price,value,2026-09-07T07:14:50Z
2026-09-07T07:11:41Z,2026-09-07T09:11:41+0200,4e1f0688-6a6e-4357-a7d0-1d07d19fc838,2026-09-03T17:00:00Z,2026-09-03T19:00:00+0200,172.95,EUR/MWh,BE,BE,day_ahead_price,value,2026-09-07T07:14:50Z
2026-09-07T07:11:41Z,2026-09-07T09:11:41+0200,4e1f0688-6a6e-4357-a7d0-1d07d19fc838,2026-09-03T17:15:00Z,2026-09-03T19:15:00+0200,185.5,EUR/MWh,BE,BE,day_ahead_price,value,2026-09-07T07:14:50Z
2026-09-07T07:11:41Z,2026-09-07T09:11:41+0200,4e1f0688-6a6e-4357-a7d0-1d07d19fc838,2026-09-03T17:30:00Z,2026-09-03T19:30:00+0200,212.77,EUR/MWh,BE,BE,day_ahead_price,value,2026-09-07T07:14:50Z
2026-09-07T07:11:41Z,2026-09-07T09:11:41+0200,4e1f0688-6a6e-4357-a7d0-1d07d19fc838,2026-09-03T17:45:00Z,2026-09-03T19:45:00+0200,244.9,EUR/MWh,BE,BE,day_ahead_price,value,2026-09-07T07:14:50Z
2026-09-07T07:11:41Z,2026-09-07T09:11:41+0200,4e1f0688-6a6e-4357-a7d0-1d07d19fc838,2026-09-03T18:00:00Z,2026-09-03T20:00:00+0200,207.46,EUR/MWh,BE,BE,day_ahead_price,value,2026-09-07T07:14:50Z
2026-09-07T07:11:41Z,2026-09-07T09:11:41+0200,4e1f0688-6a6e-4357-a7d0-1d07d19fc838,2026-09-03T18:15:00Z,2026-09-03T20:15:00+0200,227.72,EUR/MWh,BE,BE,day_ahead_price,value,2026-09-07T07:14:50Z
2026-09-07T07:11:41Z,2026-09-07T09:11:41+0200,4e1f0688-6a6e-4357-a7d0-1d07d19fc838,2026-09-03T18:30:00Z,2026-09-03T20:30:00+0200,227.31,EUR/MWh,BE,BE,day_ahead_price,value,2026-09-07T07:14:50Z
2026-09-07T07:11:41Z,2026-09-07T09:11:41+0200,4e1f0688-6a6e-4357-a7d0-1d07d19fc838,2026-09-03T18:45:00Z,2026-09-03T20:45:00+0200,214.6,EUR/MWh,BE,BE,day_ahead_price,value,2026-09-07T07:14:50Z
2026-09-07T07:11:41Z,2026-09-07T09:11:41+0200,4e1f0688-6a6e-4357-a7d0-1d07d19fc838,2026-09-03T19:00:00Z,2026-09-03T21:00:00+0200,220.58,EUR/MWh,BE,BE,day_ahead_price,value,2026-09-07T07:14:50Z
2026-09-07T07:11:41Z,2026-09-07T09:11:41+0200,4e1f0688-6a6e-4357-a7d0-1d07d19fc838,2026-09-03T19:15:00Z,2026-09-03T21:15:00+0200,198.97,EUR/MWh,BE,BE,day_ahead_price,value,2026-09-07T07:14:50Z
2026-09-07T07:11:41Z,2026-09-07T09:11:41+0200,4e1f0688-6a6e-4357-a7d0-1d07d19fc838,2026-09-03T19:30:00Z,2026-09-03T21:30:00+0200,191.38,EUR/MWh,BE,BE,day_ahead_price,value,2026-09-07T07:14:50Z
2026-09-07T07:11:41Z,2026-09-07T09:11:41+0200,4e1f0688-6a6e-4357-a7d0-1d07d19fc838,2026-09-03T19:45:00Z,2026-09-03T21:45:00+0200,179.26,EUR/MWh,BE,BE,day_ahead_price,value,2026-09-07T07:14:50Z
2026-09-07T07:11:41Z,2026-09-07T09:11:41+0200,4e1f0688-6a6e-4357-a7d0-1d07d19fc838,2026-09-03T20:00:00Z,2026-09-03T22:00:00+0200,189.35,EUR/MWh,BE,BE,day_ahead_price,value,2026-09-07T07:14:50Z
2026-09-07T07:11:41Z,2026-09-07T09:11:41+0200,4e1f0688-6a6e-4357-a7d0-1d07d19fc838,2026-09-03T20:15:00Z,2026-09-03T22:15:00+0200,171.38,EUR/MWh,BE,BE,day_ahead_price,value,2026-09-07T07:14:50Z
2026-09-07T07:11:41Z,2026-09-07T09:11:41+0200,4e1f0688-6a6e-4357-a7d0-1d07d19fc838,2026-09-03T20:30:00Z,2026-09-03T22:30:00+0200,178.98,EUR/MWh,BE,BE,day_ahead_price,value,2026-09-07T07:14:50Z
2026-09-07T07:11:41Z,2026-09-07T09:11:41+0200,4e1f0688-6a6e-4357-a7d0-1d07d19fc838,2026-09-03T20:45:00Z,2026-09-03T22:45:00+0200,178.93,EUR/MWh,BE,BE,day_ahead_price,value,2026-09-07T07:14:50Z
2026-09-07T07:11:41Z,2026-09-07T09:11:41+0200,4e1f0688-6a6e-4357-a7d0-1d07d19fc838,2026-09-03T21:00:00Z,2026-09-03T23:00:00+0200,169.58,EUR/MWh,BE,BE,day_ahead_price,value,2026-09-07T07:14:50Z
2026-09-07T07:11:41Z,2026-09-07T09:11:41+0200,4e1f0688-6a6e-4357-a7d0-1d07d19fc838,2026-09-03T21:15:00Z,2026-09-03T23:15:00+0200,165.8,EUR/MWh,BE,BE,day_ahead_price,value,2026-09-07T07:14:50Z
2026-09-07T07:11:41Z,2026-09-07T09:11:41+0200,4e1f0688-6a6e-4357-a7d0-1d07d19fc838,2026-09-03T21:30:00Z,2026-09-03T23:30:00+0200,177.92,EUR/MWh,BE,BE,day_ahead_price,value,2026-09-07T07:14:50Z
2026-09-07T07:11:41Z,2026-09-07T09:11:41+0200,4e1f0688-6a6e-4357-a7d0-1d07d19fc838,2026-09-03T21:45:00Z,2026-09-03T23:45:00+0200,156.76,EUR/MWh,BE,BE,day_ahead_price,value,2026-09-07T07:14:50Z
2026-09-07T07:11:41Z,2026-09-07T09:11:41+0200,4e1f0688-6a6e-4357-a7d0-1d07d19fc838,2026-09-03T22:00:00Z,2026-09-04T00:00:00+0200,167.45,EUR/MWh,BE,BE,day_ahead_price,value,2026-09-07T07:14:50Z
2026-09-07T07:11:41Z,2026-09-07T09:11:41+0200,4e1f0688-6a6e-4357-a7d0-1d07d19fc838,2026-09-03T22:15:00Z,2026-09-04T00:15:00+0200,154.22,EUR/MWh,BE,BE,day_ahead_price,value,2026-09-07T07:14:50Z
2026-09-07T07:11:41Z,2026-09-07T09:11:41+0200,4e1f0688-6a6e-4357-a7d0-1d07d19fc838,2026-09-03T22:30:00Z,2026-09-04T00:30:00+0200,141.41,EUR/MWh,BE,BE,day_ahead_price,value,2026-09-07T07:14:50Z
2026-09-07T07:11:41Z,2026-09-07T09:11:41+0200,4e1f0688-6a6e-4357-a7d0-1d07d19fc838,2026-09-03T22:45:00Z,2026-09-04T00:45:00+0200,130.92,EUR/MWh,BE,BE,day_ahead_price,value,2026-09-07T07:14:50Z
2026-09-07T07:11:41Z,2026-09-07T09:11:41+0200,4e1f0688-6a6e-4357-a7d0-1d07d19fc838,2026-09-03T23:00:00Z,2026-09-04T01:00:00+0200,151.79,EUR/MWh,BE,BE,day_ahead_price,value,2026-09-07T07:14:50Z
2026-09-07T07:11:41Z,2026-09-07T09:11:41+0200,4e1f0688-6a6e-4357-a7d0-1d07d19fc838,2026-09-03T23:15:00Z,2026-09-04T01:15:00+0200,137.23,EUR/MWh,BE,BE,day_ahead_price,value,2026-09-07T07:14:50Z
2026-09-07T07:11:41Z,2026-09-07T09:11:41+0200,4e1f0688-6a6e-4357-a7d0-1d07d19fc838,2026-09-03T23:30:00Z,2026-09-04T01:30:00+0200,133.12,EUR/MWh,BE,BE,day_ahead_price,value,2026-09-07T07:14:50Z
2026-09-07T07:11:41Z,2026-09-07T09:11:41+0200,4e1f0688-6a6e-4357-a7d0-1d07d19fc838,2026-09-03T23:45:00Z,2026-09-04T01:45:00+0200,120.63,EUR/MWh,BE,BE,day_ahead_price,value,2026-09-07T07:14:50Z
2026-09-07T07:11:41Z,2026-09-07T09:11:41+0200,4e1f0688-6a6e-4357-a7d0-1d07d19fc838,2026-09-04T00:00:00Z,2026-09-04T02:00:00+0200,125.63,EUR/MWh,BE,BE,day_ahead_price,value,2026-09-07T07:14:50Z
2026-09-07T07:11:41Z,2026-09-07T09:11:41+0200,4e1f0688-6a6e-4357-a7d0-1d07d19fc838,2026-09-04T00:15:00Z,2026-09-04T02:15:00+0200,120.91,EUR/MWh,BE,BE,day_ahead_price,value,2026-09-07T07:14:50Z
2026-09-07T07:11:41Z,2026-09-07T09:11:41+0200,4e1f0688-6a6e-4357-a7d0-1d07d19fc838,2026-09-04T00:30:00Z,2026-09-04T02:30:00+0200,122.4,EUR/MWh,BE,BE,day_ahead_price,value,2026-09-07T07:14:50Z
2026-09-07T07:11:41Z,2026-09-07T09:11:41+0200,4e1f0688-6a6e-4357-a7d0-1d07d19fc838,2026-09-04T00:45:00Z,2026-09-04T02:45:00+0200,117.43,EUR/MWh,BE,BE,day_ahead_price,value,2026-09-07T07:14:50Z
2026-09-07T07:11:41Z,2026-09-07T09:11:41+0200,4e1f0688-6a6e-4357-a7d0-1d07d19fc838,2026-09-04T01:00:00Z,2026-09-04T03:00:00+0200,120.54,EUR/MWh,BE,BE,day_ahead_price,value,2026-09-07T07:14:50Z
2026-09-07T07:11:41Z,2026-09-07T09:11:41+0200,4e1f0688-6a6e-4357-a7d0-1d07d19fc838,2026-09-04T01:15:00Z,2026-09-04T03:15:00+0200,120.22,EUR/MWh,BE,BE,day_ahead_price,value,2026-09-07T07:14:50Z
2026-09-07T07:11:41Z,2026-09-07T09:11:41+0200,4e1f0688-6a6e-4357-a7d0-1d07d19fc838,2026-09-04T01:30:00Z,2026-09-04T03:30:00+0200,117.84,EUR/MWh,BE,BE,day_ahead_price,value,2026-09-07T07:14:50Z
2026-09-07T07:11:41Z,2026-09-07T09:11:41+0200,4e1f0688-6a6e-4357-a7d0-1d07d19fc838,2026-09-04T01:45:00Z,2026-09-04T03:45:00+0200,119.91,EUR/MWh,BE,BE,day_ahead_price,value,2026-09-07T07:14:50Z
2026-09-07T07:11:41Z,2026-09-07T09:11:41+0200,4e1f0688-6a6e-4357-a7d0-1d07d19fc838,2026-09-04T02:00:00Z,2026-09-04T04:00:00+0200,116.54,EUR/MWh,BE,BE,day_ahead_price,value,2026-09-07T07:14:50Z
2026-09-07T07:11:41Z,2026-09-07T09:11:41+0200,4e1f0688-6a6e-4357-a7d0-1d07d19fc838,2026-09-04T02:15:00Z,2026-09-04T04:15:00+0200,117.1,EUR/MWh,BE,BE,day_ahead_price,value,2026-09-07T07:14:50Z
2026-09-07T07:11:41Z,2026-09-07T09:11:41+0200,4e1f0688-6a6e-4357-a7d0-1d07d19fc838,2026-09-04T02:30:00Z,2026-09-04T04:30:00+0200,117.74,EUR/MWh,BE,BE,day_ahead_price,value,2026-09-07T07:14:50Z
2026-09-07T07:11:41Z,2026-09-07T09:11:41+0200,4e1f0688-6a6e-4357-a7d0-1d07d19fc838,2026-09-04T02:45:00Z,2026-09-04T04:45:00+0200,121.36,EUR/MWh,BE,BE,day_ahead_price,value,2026-09-07T07:14:50Z
2026-09-07T07:11:41Z,2026-09-07T09:11:41+0200,4e1f0688-6a6e-4357-a7d0-1d07d19fc838,2026-09-04T03:00:00Z,2026-09-04T05:00:00+0200,121.34,EUR/MWh,BE,BE,day_ahead_price,value,2026-09-07T07:14:50Z
2026-09-07T07:11:41Z,2026-09-07T09:11:41+0200,4e1f0688-6a6e-4357-a7d0-1d07d19fc838,2026-09-04T03:15:00Z,2026-09-04T05:15:00+0200,127.07,EUR/MWh,BE,BE,day_ahead_price,value,2026-09-07T07:14:50Z
2026-09-07T07:11:41Z,2026-09-07T09:11:41+0200,4e1f0688-6a6e-4357-a7d0-1d07d19fc838,2026-09-04T03:30:00Z,2026-09-04T05:30:00+0200,123.19,EUR/MWh,BE,BE,day_ahead_price,value,2026-09-07T07:14:50Z
2026-09-07T07:11:41Z,2026-09-07T09:11:41+0200,4e1f0688-6a6e-4357-a7d0-1d07d19fc838,2026-09-04T03:45:00Z,2026-09-04T05:45:00+0200,137.17,EUR/MWh,BE,BE,day_ahead_price,value,2026-09-07T07:14:50Z
2026-09-07T07:11:41Z,2026-09-07T09:11:41+0200,4e1f0688-6a6e-4357-a7d0-1d07d19fc838,2026-09-04T04:00:00Z,2026-09-04T06:00:00+0200,140.9,EUR/MWh,BE,BE,day_ahead_price,value,2026-09-07T07:14:50Z
2026-09-07T07:11:41Z,2026-09-07T09:11:41+0200,4e1f0688-6a6e-4357-a7d0-1d07d19fc838,2026-09-04T04:15:00Z,2026-09-04T06:15:00+0200,162.5,EUR/MWh,BE,BE,day_ahead_price,value,2026-09-07T07:14:50Z
2026-09-07T07:11:41Z,2026-09-07T09:11:41+0200,4e1f0688-6a6e-4357-a7d0-1d07d19fc838,2026-09-04T04:30:00Z,2026-09-04T06:30:00+0200,167.46,EUR/MWh,BE,BE,day_ahead_price,value,2026-09-07T07:14:50Z
2026-09-07T07:11:41Z,2026-09-07T09:11:41+0200,4e1f0688-6a6e-4357-a7d0-1d07d19fc838,2026-09-04T04:45:00Z,2026-09-04T06:45:00+0200,164.68,EUR/MWh,BE,BE,day_ahead_price,value,2026-09-07T07:14:50Z
2026-09-07T07:11:41Z,2026-09-07T09:11:41+0200,4e1f0688-6a6e-4357-a7d0-1d07d19fc838,2026-09-04T05:00:00Z,2026-09-04T07:00:00+0200,182.76,EUR/MWh,BE,BE,day_ahead_price,value,2026-09-07T07:14:50Z
2026-09-07T07:11:41Z,2026-09-07T09:11:41+0200,4e1f0688-6a6e-4357-a7d0-1d07d19fc838,2026-09-04T05:15:00Z,2026-09-04T07:15:00+0200,173.25,EUR/MWh,BE,BE,day_ahead_price,value,2026-09-07T07:14:50Z
2026-09-07T07:11:41Z,2026-09-07T09:11:41+0200,4e1f0688-6a6e-4357-a7d0-1d07d19fc838,2026-09-04T05:30:00Z,2026-09-04T07:30:00+0200,170.49,EUR/MWh,BE,BE,day_ahead_price,value,2026-09-07T07:14:50Z
2026-09-07T07:11:41Z,2026-09-07T09:11:41+0200,4e1f0688-6a6e-4357-a7d0-1d07d19fc838,2026-09-04T05:45:00Z,2026-09-04T07:45:00+0200,163.06,EUR/MWh,BE,BE,day_ahead_price,value,2026-09-07T07:14:50Z
2026-09-07T07:11:41Z,2026-09-07T09:11:41+0200,4e1f0688-6a6e-4357-a7d0-1d07d19fc838,2026-09-04T06:00:00Z,2026-09-04T08:00:00+0200,194.34,EUR/MWh,BE,BE,day_ahead_price,value,2026-09-07T07:14:50Z
2026-09-07T07:11:41Z,2026-09-07T09:11:41+0200,4e1f0688-6a6e-4357-a7d0-1d07d19fc838,2026-09-04T06:15:00Z,2026-09-04T08:15:00+0200,174.96,EUR/MWh,BE,BE,day_ahead_price,value,2026-09-07T07:14:50Z
2026-09-07T07:11:41Z,2026-09-07T09:11:41+0200,4e1f0688-6a6e-4357-a7d0-1d07d19fc838,2026-09-04T06:30:00Z,2026-09-04T08:30:00+0200,162.69,EUR/MWh,BE,BE,day_ahead_price,value,2026-09-07T07:14:50Z
2026-09-07T07:11:41Z,2026-09-07T09:11:41+0200,4e1f0688-6a6e-4357-a7d0-1d07d19fc838,2026-09-04T06:45:00Z,2026-09-04T08:45:00+0200,147.0,EUR/MWh,BE,BE,day_ahead_price,value,2026-09-07T07:14:50Z
2026-09-07T07:11:41Z,2026-09-07T09:11:41+0200,4e1f0688-6a6e-4357-a7d0-1d07d19fc838,2026-09-04T07:00:00Z,2026-09-04T09:00:00+0200,170.53,EUR/MWh,BE,BE,day_ahead_price,value,2026-09-07T07:14:50Z
2026-09-07T07:11:41Z,2026-09-07T09:11:41+0200,4e1f0688-6a6e-4357-a7d0-1d07d19fc838,2026-09-04T07:15:00Z,2026-09-04T09:15:00+0200,146.27,EUR/MWh,BE,BE,day_ahead_price,value,2026-09-07T07:14:50Z
2026-09-07T07:11:41Z,2026-09-07T09:11:41+0200,4e1f0688-6a6e-4357-a7d0-1d07d19fc838,2026-09-04T07:30:00Z,2026-09-04T09:30:00+0200,123.23,EUR/MWh,BE,BE,day_ahead_price,value,2026-09-07T07:14:50Z
2026-09-07T07:11:41Z,2026-09-07T09:11:41+0200,4e1f0688-6a6e-4357-a7d0-1d07d19fc838,2026-09-04T07:45:00Z,2026-09-04T09:45:00+0200,107.71,EUR/MWh,BE,BE,day_ahead_price,value,2026-09-07T07:14:50Z
2026-09-07T07:11:41Z,2026-09-07T09:11:41+0200,4e1f0688-6a6e-4357-a7d0-1d07d19fc838,2026-09-04T08:00:00Z,2026-09-04T10:00:00+0200,119.96,EUR/MWh,BE,BE,day_ahead_price,value,2026-09-07T07:14:50Z
2026-09-07T07:11:41Z,2026-09-07T09:11:41+0200,4e1f0688-6a6e-4357-a7d0-1d07d19fc838,2026-09-04T08:15:00Z,2026-09-04T10:15:00+0200,101.22,EUR/MWh,BE,BE,day_ahead_price,value,2026-09-07T07:14:50Z
2026-09-07T07:11:41Z,2026-09-07T09:11:41+0200,4e1f0688-6a6e-4357-a7d0-1d07d19fc838,2026-09-04T08:30:00Z,2026-09-04T10:30:00+0200,83.68,EUR/MWh,BE,BE,day_ahead_price,value,2026-09-07T07:14:50Z
2026-09-07T07:11:41Z,2026-09-07T09:11:41+0200,4e1f0688-6a6e-4357-a7d0-1d07d19fc838,2026-09-04T08:45:00Z,2026-09-04T10:45:00+0200,70.9,EUR/MWh,BE,BE,day_ahead_price,value,2026-09-07T07:14:50Z
2026-09-07T07:11:41Z,2026-09-07T09:11:41+0200,4e1f0688-6a6e-4357-a7d0-1d07d19fc838,2026-09-04T09:00:00Z,2026-09-04T11:00:00+0200,62.47,EUR/MWh,BE,BE,day_ahead_price,value,2026-09-07T07:14:50Z
2026-09-07T07:11:41Z,2026-09-07T09:11:41+0200,4e1f0688-6a6e-4357-a7d0-1d07d19fc838,2026-09-04T09:15:00Z,2026-09-04T11:15:00+0200,60.14,EUR/MWh,BE,BE,day_ahead_price,value,2026-09-07T07:14:50Z
2026-09-07T07:11:41Z,2026-09-07T09:11:41+0200,4e1f0688-6a6e-4357-a7d0-1d07d19fc838,2026-09-04T09:30:00Z,2026-09-04T11:30:00+0200,43.82,EUR/MWh,BE,BE,day_ahead_price,value,2026-09-07T07:14:50Z
2026-09-07T07:11:41Z,2026-09-07T09:11:41+0200,4e1f0688-6a6e-4357-a7d0-1d07d19fc838,2026-09-04T09:45:00Z,2026-09-04T11:45:00+0200,39.16,EUR/MWh,BE,BE,day_ahead_price,value,2026-09-07T07:14:50Z
2026-09-07T07:11:41Z,2026-09-07T09:11:41+0200,4e1f0688-6a6e-4357-a7d0-1d07d19fc838,2026-09-04T10:00:00Z,2026-09-04T12:00:00+0200,42.03,EUR/MWh,BE,BE,day_ahead_price,value,2026-09-07T07:14:50Z
2026-09-07T07:11:41Z,2026-09-07T09:11:41+0200,4e1f0688-6a6e-4357-a7d0-1d07d19fc838,2026-09-04T10:15:00Z,2026-09-04T12:15:00+0200,36.8,EUR/MWh,BE,BE,day_ahead_price,value,2026-09-07T07:14:50Z
2026-09-07T07:11:41Z,2026-09-07T09:11:41+0200,4e1f0688-6a6e-4357-a7d0-1d07d19fc838,2026-09-04T10:30:00Z,2026-09-04T12:30:00+0200,32.28,EUR/MWh,BE,BE,day_ahead_price,value,2026-09-07T07:14:50Z
2026-09-07T07:11:41Z,2026-09-07T09:11:41+0200,4e1f0688-6a6e-4357-a7d0-1d07d19fc838,2026-09-04T10:45:00Z,2026-09-04T12:45:00+0200,26.64,EUR/MWh,BE,BE,day_ahead_price,value,2026-09-07T07:14:50Z
2026-09-07T07:11:41Z,2026-09-07T09:11:41+0200,4e1f0688-6a6e-4357-a7d0-1d07d19fc838,2026-09-04T11:00:00Z,2026-09-04T13:00:00+0200,20.93,EUR/MWh,BE,BE,day_ahead_price,value,2026-09-07T07:14:50Z
2026-09-07T07:11:41Z,2026-09-07T09:11:41+0200,4e1f0688-6a6e-4357-a7d0-1d07d19fc838,2026-09-04T11:15:00Z,2026-09-04T13:15:00+0200,25.21,EUR/MWh,BE,BE,day_ahead_price,value,2026-09-07T07:14:50Z
2026-09-07T07:11:41Z,2026-09-07T09:11:41+0200,4e1f0688-6a6e-4357-a7d0-1d07d19fc838,2026-09-04T11:30:00Z,2026-09-04T13:30:00+0200,23.4,EUR/MWh,BE,BE,day_ahead_price,value,2026-09-07T07:14:50Z
2026-09-07T07:11:41Z,2026-09-07T09:11:41+0200,4e1f0688-6a6e-4357-a7d0-1d07d19fc838,2026-09-04T11:45:00Z,2026-09-04T13:45:00+0200,19.94,EUR/MWh,BE,BE,day_ahead_price,value,2026-09-07T07:14:50Z
2026-09-07T07:11:41Z,2026-09-07T09:11:41+0200,4e1f0688-6a6e-4357-a7d0-1d07d19fc838,2026-09-04T12:00:00Z,2026-09-04T14:00:00+0200,30.32,EUR/MWh,BE,BE,day_ahead_price,value,2026-09-07T07:14:50Z
2026-09-07T07:11:41Z,2026-09-07T09:11:41+0200,4e1f0688-6a6e-4357-a7d0-1d07d19fc838,2026-09-04T12:15:00Z,2026-09-04T14:15:00+0200,25.63,EUR/MWh,BE,BE,day_ahead_price,value,2026-09-07T07:14:50Z
2026-09-07T07:11:41Z,2026-09-07T09:11:41+0200,4e1f0688-6a6e-4357-a7d0-1d07d19fc838,2026-09-04T12:30:00Z,2026-09-04T14:30:00+0200,25.11,EUR/MWh,BE,BE,day_ahead_price,value,2026-09-07T07:14:50Z
2026-09-07T07:11:41Z,2026-09-07T09:11:41+0200,4e1f0688-6a6e-4357-a7d0-1d07d19fc838,2026-09-04T12:45:00Z,2026-09-04T14:45:00+0200,25.38,EUR/MWh,BE,BE,day_ahead_price,value,2026-09-07T07:14:50Z
2026-09-07T07:11:41Z,2026-09-07T09:11:41+0200,4e1f0688-6a6e-4357-a7d0-1d07d19fc838,2026-09-04T13:00:00Z,2026-09-04T15:00:00+0200,23.04,EUR/MWh,BE,BE,day_ahead_price,value,2026-09-07T07:14:50Z
2026-09-07T07:11:41Z,2026-09-07T09:11:41+0200,4e1f0688-6a6e-4357-a7d0-1d07d19fc838,2026-09-04T13:15:00Z,2026-09-04T15:15:00+0200,22.96,EUR/MWh,BE,BE,day_ahead_price,value,2026-09-07T07:14:50Z
2026-09-07T07:11:41Z,2026-09-07T09:11:41+0200,4e1f0688-6a6e-4357-a7d0-1d07d19fc838,2026-09-04T13:30:00Z,2026-09-04T15:30:00+0200,30.29,EUR/MWh,BE,BE,day_ahead_price,value,2026-09-07T07:14:50Z
2026-09-07T07:11:41Z,2026-09-07T09:11:41+0200,4e1f0688-6a6e-4357-a7d0-1d07d19fc838,2026-09-04T13:45:00Z,2026-09-04T15:45:00+0200,35.71,EUR/MWh,BE,BE,day_ahead_price,value,2026-09-07T07:14:50Z
2026-09-07T07:11:41Z,2026-09-07T09:11:41+0200,4e1f0688-6a6e-4357-a7d0-1d07d19fc838,2026-09-04T14:00:00Z,2026-09-04T16:00:00+0200,33.63,EUR/MWh,BE,BE,day_ahead_price,value,2026-09-07T07:14:50Z
2026-09-07T07:11:41Z,2026-09-07T09:11:41+0200,4e1f0688-6a6e-4357-a7d0-1d07d19fc838,2026-09-04T14:15:00Z,2026-09-04T16:15:00+0200,33.41,EUR/MWh,BE,BE,day_ahead_price,value,2026-09-07T07:14:50Z
2026-09-07T07:11:41Z,2026-09-07T09:11:41+0200,4e1f0688-6a6e-4357-a7d0-1d07d19fc838,2026-09-04T14:30:00Z,2026-09-04T16:30:00+0200,28.76,EUR/MWh,BE,BE,day_ahead_price,value,2026-09-07T07:14:50Z
2026-09-07T07:11:41Z,2026-09-07T09:11:41+0200,4e1f0688-6a6e-4357-a7d0-1d07d19fc838,2026-09-04T14:45:00Z,2026-09-04T16:45:00+0200,41.57,EUR/MWh,BE,BE,day_ahead_price,value,2026-09-07T07:14:50Z
2026-09-07T07:11:41Z,2026-09-07T09:11:41+0200,4e1f0688-6a6e-4357-a7d0-1d07d19fc838,2026-09-04T15:00:00Z,2026-09-04T17:00:00+0200,28.7,EUR/MWh,BE,BE,day_ahead_price,value,2026-09-07T07:14:50Z
2026-09-07T07:11:41Z,2026-09-07T09:11:41+0200,4e1f0688-6a6e-4357-a7d0-1d07d19fc838,2026-09-04T15:15:00Z,2026-09-04T17:15:00+0200,40.29,EUR/MWh,BE,BE,day_ahead_price,value,2026-09-07T07:14:50Z
2026-09-07T07:11:41Z,2026-09-07T09:11:41+0200,4e1f0688-6a6e-4357-a7d0-1d07d19fc838,2026-09-04T15:30:00Z,2026-09-04T17:30:00+0200,83.0,EUR/MWh,BE,BE,day_ahead_price,value,2026-09-07T07:14:50Z
2026-09-07T07:11:41Z,2026-09-07T09:11:41+0200,4e1f0688-6a6e-4357-a7d0-1d07d19fc838,2026-09-04T15:45:00Z,2026-09-04T17:45:00+0200,121.26,EUR/MWh,BE,BE,day_ahead_price,value,2026-09-07T07:14:50Z
2026-09-07T07:11:41Z,2026-09-07T09:11:41+0200,4e1f0688-6a6e-4357-a7d0-1d07d19fc838,2026-09-04T16:00:00Z,2026-09-04T18:00:00+0200,97.79,EUR/MWh,BE,BE,day_ahead_price,value,2026-09-07T07:14:50Z
2026-09-07T07:11:41Z,2026-09-07T09:11:41+0200,4e1f0688-6a6e-4357-a7d0-1d07d19fc838,2026-09-04T16:15:00Z,2026-09-04T18:15:00+0200,132.6,EUR/MWh,BE,BE,day_ahead_price,value,2026-09-07T07:14:50Z
2026-09-07T07:11:41Z,2026-09-07T09:11:41+0200,4e1f0688-6a6e-4357-a7d0-1d07d19fc838,2026-09-04T16:30:00Z,2026-09-04T18:30:00+0200,152.52,EUR/MWh,BE,BE,day_ahead_price,value,2026-09-07T07:14:50Z
2026-09-07T07:11:41Z,2026-09-07T09:11:41+0200,4e1f0688-6a6e-4357-a7d0-1d07d19fc838,2026-09-04T16:45:00Z,2026-09-04T18:45:00+0200,156.73,EUR/MWh,BE,BE,day_ahead_price,value,2026-09-07T07:14:50Z
2026-09-07T07:11:41Z,2026-09-07T09:11:41+0200,4e1f0688-6a6e-4357-a7d0-1d07d19fc838,2026-09-04T17:00:00Z,2026-09-04T19:00:00+0200,168.48,EUR/MWh,BE,BE,day_ahead_price,value,2026-09-07T07:14:50Z
2026-09-07T07:11:41Z,2026-09-07T09:11:41+0200,4e1f0688-6a6e-4357-a7d0-1d07d19fc838,2026-09-04T17:15:00Z,2026-09-04T19:15:00+0200,160.96,EUR/MWh,BE,BE,day_ahead_price,value,2026-09-07T07:14:50Z
2026-09-07T07:11:41Z,2026-09-07T09:11:41+0200,4e1f0688-6a6e-4357-a7d0-1d07d19fc838,2026-09-04T17:30:00Z,2026-09-04T19:30:00+0200,167.99,EUR/MWh,BE,BE,day_ahead_price,value,2026-09-07T07:14:50Z
2026-09-07T07:11:41Z,2026-09-07T09:11:41+0200,4e1f0688-6a6e-4357-a7d0-1d07d19fc838,2026-09-04T17:45:00Z,2026-09-04T19:45:00+0200,190.0,EUR/MWh,BE,BE,day_ahead_price,value,2026-09-07T07:14:50Z
2026-09-07T07:11:41Z,2026-09-07T09:11:41+0200,4e1f0688-6a6e-4357-a7d0-1d07d19fc838,2026-09-04T18:00:00Z,2026-09-04T20:00:00+0200,170.9,EUR/MWh,BE,BE,day_ahead_price,value,2026-09-07T07:14:50Z
2026-09-07T07:11:41Z,2026-09-07T09:11:41+0200,4e1f0688-6a6e-4357-a7d0-1d07d19fc838,2026-09-04T18:15:00Z,2026-09-04T20:15:00+0200,180.0,EUR/MWh,BE,BE,day_ahead_price,value,2026-09-07T07:14:50Z
2026-09-07T07:11:41Z,2026-09-07T09:11:41+0200,4e1f0688-6a6e-4357-a7d0-1d07d19fc838,2026-09-04T18:30:00Z,2026-09-04T20:30:00+0200,189.53,EUR/MWh,BE,BE,day_ahead_price,value,2026-09-07T07:14:50Z
2026-09-07T07:11:41Z,2026-09-07T09:11:41+0200,4e1f0688-6a6e-4357-a7d0-1d07d19fc838,2026-09-04T18:45:00Z,2026-09-04T20:45:00+0200,183.88,EUR/MWh,BE,BE,day_ahead_price,value,2026-09-07T07:14:50Z
2026-09-07T07:11:41Z,2026-09-07T09:11:41+0200,4e1f0688-6a6e-4357-a7d0-1d07d19fc838,2026-09-04T19:00:00Z,2026-09-04T21:00:00+0200,185.12,EUR/MWh,BE,BE,day_ahead_price,value,2026-09-07T07:14:50Z
2026-09-07T07:11:41Z,2026-09-07T09:11:41+0200,4e1f0688-6a6e-4357-a7d0-1d07d19fc838,2026-09-04T19:15:00Z,2026-09-04T21:15:00+0200,170.64,EUR/MWh,BE,BE,day_ahead_price,value,2026-09-07T07:14:50Z
2026-09-07T07:11:41Z,2026-09-07T09:11:41+0200,4e1f0688-6a6e-4357-a7d0-1d07d19fc838,2026-09-04T19:30:00Z,2026-09-04T21:30:00+0200,166.54,EUR/MWh,BE,BE,day_ahead_price,value,2026-09-07T07:14:50Z
2026-09-07T07:11:41Z,2026-09-07T09:11:41+0200,4e1f0688-6a6e-4357-a7d0-1d07d19fc838,2026-09-04T19:45:00Z,2026-09-04T21:45:00+0200,147.65,EUR/MWh,BE,BE,day_ahead_price,value,2026-09-07T07:14:50Z
2026-09-07T07:11:41Z,2026-09-07T09:11:41+0200,4e1f0688-6a6e-4357-a7d0-1d07d19fc838,2026-09-04T20:00:00Z,2026-09-04T22:00:00+0200,158.36,EUR/MWh,BE,BE,day_ahead_price,value,2026-09-07T07:14:50Z
2026-09-07T07:11:41Z,2026-09-07T09:11:41+0200,4e1f0688-6a6e-4357-a7d0-1d07d19fc838,2026-09-04T20:15:00Z,2026-09-04T22:15:00+0200,153.79,EUR/MWh,BE,BE,day_ahead_price,value,2026-09-07T07:14:50Z
2026-09-07T07:11:41Z,2026-09-07T09:11:41+0200,4e1f0688-6a6e-4357-a7d0-1d07d19fc838,2026-09-04T20:30:00Z,2026-09-04T22:30:00+0200,175.48,EUR/MWh,BE,BE,day_ahead_price,value,2026-09-07T07:14:50Z
2026-09-07T07:11:41Z,2026-09-07T09:11:41+0200,4e1f0688-6a6e-4357-a7d0-1d07d19fc838,2026-09-04T20:45:00Z,2026-09-04T22:45:00+0200,167.6,EUR/MWh,BE,BE,day_ahead_price,value,2026-09-07T07:14:50Z
2026-09-07T07:11:41Z,2026-09-07T09:11:41+0200,4e1f0688-6a6e-4357-a7d0-1d07d19fc838,2026-09-04T21:00:00Z,2026-09-04T23:00:00+0200,183.34,EUR/MWh,BE,BE,day_ahead_price,value,2026-09-07T07:14:50Z
2026-09-07T07:11:41Z,2026-09-07T09:11:41+0200,4e1f0688-6a6e-4357-a7d0-1d07d19fc838,2026-09-04T21:15:00Z,2026-09-04T23:15:00+0200,158.64,EUR/MWh,BE,BE,day_ahead_price,value,2026-09-07T07:14:50Z
2026-09-07T07:11:41Z,2026-09-07T09:11:41+0200,4e1f0688-6a6e-4357-a7d0-1d07d19fc838,2026-09-04T21:30:00Z,2026-09-04T23:30:00+0200,160.93,EUR/MWh,BE,BE,day_ahead_price,value,2026-09-07T07:14:50Z
2026-09-07T07:11:41Z,2026-09-07T09:11:41+0200,4e1f0688-6a6e-4357-a7d0-1d07d19fc838,2026-09-04T21:45:00Z,2026-09-04T23:45:00+0200,159.51,EUR/MWh,BE,BE,day_ahead_price,value,2026-09-07T07:14:50Z
2026-09-07T07:11:41Z,2026-09-07T09:11:41+0200,4e1f0688-6a6e-4357-a7d0-1d07d19fc838,2026-09-04T22:00:00Z,2026-09-05T00:00:00+0200,120.85,EUR/MWh,BE,BE,day_ahead_price,value,2026-09-07T07:14:50Z
2026-09-07T07:11:41Z,2026-09-07T09:11:41+0200,4e1f0688-6a6e-4357-a7d0-1d07d19fc838,2026-09-04T22:15:00Z,2026-09-05T00:15:00+0200,113.18,EUR/MWh,BE,BE,day_ahead_price,value,2026-09-07T07:14:50Z
2026-09-07T07:11:41Z,2026-09-07T09:11:41+0200,4e1f0688-6a6e-4357-a7d0-1d07d19fc838,2026-09-04T22:30:00Z,2026-09-05T00:30:00+0200,79.9,EUR/MWh,BE,BE,day_ahead_price,value,2026-09-07T07:14:50Z
2026-09-07T07:11:41Z,2026-09-07T09:11:41+0200,4e1f0688-6a6e-4357-a7d0-1d07d19fc838,2026-09-04T22:45:00Z,2026-09-05T00:45:00+0200,81.15,EUR/MWh,BE,BE,day_ahead_price,value,2026-09-07T07:14:50Z
2026-09-07T07:11:41Z,2026-09-07T09:11:41+0200,4e1f0688-6a6e-4357-a7d0-1d07d19fc838,2026-09-04T23:00:00Z,2026-09-05T01:00:00+0200,114.0,EUR/MWh,BE,BE,day_ahead_price,value,2026-09-07T07:14:50Z
2026-09-07T07:11:41Z,2026-09-07T09:11:41+0200,4e1f0688-6a6e-4357-a7d0-1d07d19fc838,2026-09-04T23:15:00Z,2026-09-05T01:15:00+0200,129.21,EUR/MWh,BE,BE,day_ahead_price,value,2026-09-07T07:14:50Z
2026-09-07T07:11:41Z,2026-09-07T09:11:41+0200,4e1f0688-6a6e-4357-a7d0-1d07d19fc838,2026-09-04T23:30:00Z,2026-09-05T01:30:00+0200,113.85,EUR/MWh,BE,BE,day_ahead_price,value,2026-09-07T07:14:50Z
2026-09-07T07:11:41Z,2026-09-07T09:11:41+0200,4e1f0688-6a6e-4357-a7d0-1d07d19fc838,2026-09-04T23:45:00Z,2026-09-05T01:45:00+0200,95.0,EUR/MWh,BE,BE,day_ahead_price,value,2026-09-07T07:14:50Z
2026-09-07T07:11:41Z,2026-09-07T09:11:41+0200,4e1f0688-6a6e-4357-a7d0-1d07d19fc838,2026-09-05T00:00:00Z,2026-09-05T02:00:00+0200,93.19,EUR/MWh,BE,BE,day_ahead_price,value,2026-09-07T07:14:50Z
2026-09-07T07:11:41Z,2026-09-07T09:11:41+0200,4e1f0688-6a6e-4357-a7d0-1d07d19fc838,2026-09-05T00:15:00Z,2026-09-05T02:15:00+0200,82.47,EUR/MWh,BE,BE,day_ahead_price,value,2026-09-07T07:14:50Z
2026-09-07T07:11:41Z,2026-09-07T09:11:41+0200,4e1f0688-6a6e-4357-a7d0-1d07d19fc838,2026-09-05T00:30:00Z,2026-09-05T02:30:00+0200,71.88,EUR/MWh,BE,BE,day_ahead_price,value,2026-09-07T07:14:50Z
2026-09-07T07:11:41Z,2026-09-07T09:11:41+0200,4e1f0688-6a6e-4357-a7d0-1d07d19fc838,2026-09-05T00:45:00Z,2026-09-05T02:45:00+0200,71.07,EUR/MWh,BE,BE,day_ahead_price,value,2026-09-07T07:14:50Z
2026-09-07T07:11:41Z,2026-09-07T09:11:41+0200,4e1f0688-6a6e-4357-a7d0-1d07d19fc838,2026-09-05T01:00:00Z,2026-09-05T03:00:00+0200,67.89,EUR/MWh,BE,BE,day_ahead_price,value,2026-09-07T07:14:50Z
2026-09-07T07:11:41Z,2026-09-07T09:11:41+0200,4e1f0688-6a6e-4357-a7d0-1d07d19fc838,2026-09-05T01:15:00Z,2026-09-05T03:15:00+0200,64.66,EUR/MWh,BE,BE,day_ahead_price,value,2026-09-07T07:14:50Z
2026-09-07T07:11:41Z,2026-09-07T09:11:41+0200,4e1f0688-6a6e-4357-a7d0-1d07d19fc838,2026-09-05T01:30:00Z,2026-09-05T03:30:00+0200,57.43,EUR/MWh,BE,BE,day_ahead_price,value,2026-09-07T07:14:50Z
2026-09-07T07:11:41Z,2026-09-07T09:11:41+0200,4e1f0688-6a6e-4357-a7d0-1d07d19fc838,2026-09-05T01:45:00Z,2026-09-05T03:45:00+0200,63.17,EUR/MWh,BE,BE,day_ahead_price,value,2026-09-07T07:14:50Z
2026-09-07T07:11:41Z,2026-09-07T09:11:41+0200,4e1f0688-6a6e-4357-a7d0-1d07d19fc838,2026-09-05T02:00:00Z,2026-09-05T04:00:00+0200,59.85,EUR/MWh,BE,BE,day_ahead_price,value,2026-09-07T07:14:50Z
2026-09-07T07:11:41Z,2026-09-07T09:11:41+0200,4e1f0688-6a6e-4357-a7d0-1d07d19fc838,2026-09-05T02:15:00Z,2026-09-05T04:15:00+0200,62.68,EUR/MWh,BE,BE,day_ahead_price,value,2026-09-07T07:14:50Z
2026-09-07T07:11:41Z,2026-09-07T09:11:41+0200,4e1f0688-6a6e-4357-a7d0-1d07d19fc838,2026-09-05T02:30:00Z,2026-09-05T04:30:00+0200,58.69,EUR/MWh,BE,BE,day_ahead_price,value,2026-09-07T07:14:50Z
2026-09-07T07:11:41Z,2026-09-07T09:11:41+0200,4e1f0688-6a6e-4357-a7d0-1d07d19fc838,2026-09-05T02:45:00Z,2026-09-05T04:45:00+0200,55.37,EUR/MWh,BE,BE,day_ahead_price,value,2026-09-07T07:14:50Z
2026-09-07T07:11:41Z,2026-09-07T09:11:41+0200,4e1f0688-6a6e-4357-a7d0-1d07d19fc838,2026-09-05T03:00:00Z,2026-09-05T05:00:00+0200,60.7,EUR/MWh,BE,BE,day_ahead_price,value,2026-09-07T07:14:50Z
2026-09-07T07:11:41Z,2026-09-07T09:11:41+0200,4e1f0688-6a6e-4357-a7d0-1d07d19fc838,2026-09-05T03:15:00Z,2026-09-05T05:15:00+0200,60.5,EUR/MWh,BE,BE,day_ahead_price,value,2026-09-07T07:14:50Z
2026-09-07T07:11:41Z,2026-09-07T09:11:41+0200,4e1f0688-6a6e-4357-a7d0-1d07d19fc838,2026-09-05T03:30:00Z,2026-09-05T05:30:00+0200,62.88,EUR/MWh,BE,BE,day_ahead_price,value,2026-09-07T07:14:50Z
2026-09-07T07:11:41Z,2026-09-07T09:11:41+0200,4e1f0688-6a6e-4357-a7d0-1d07d19fc838,2026-09-05T03:45:00Z,2026-09-05T05:45:00+0200,61.17,EUR/MWh,BE,BE,day_ahead_price,value,2026-09-07T07:14:50Z
2026-09-07T07:11:41Z,2026-09-07T09:11:41+0200,4e1f0688-6a6e-4357-a7d0-1d07d19fc838,2026-09-05T04:00:00Z,2026-09-05T06:00:00+0200,75.0,EUR/MWh,BE,BE,day_ahead_price,value,2026-09-07T07:14:50Z
2026-09-07T07:11:41Z,2026-09-07T09:11:41+0200,4e1f0688-6a6e-4357-a7d0-1d07d19fc838,2026-09-05T04:15:00Z,2026-09-05T06:15:00+0200,81.0,EUR/MWh,BE,BE,day_ahead_price,value,2026-09-07T07:14:50Z
2026-09-07T07:11:41Z,2026-09-07T09:11:41+0200,4e1f0688-6a6e-4357-a7d0-1d07d19fc838,2026-09-05T04:30:00Z,2026-09-05T06:30:00+0200,74.3,EUR/MWh,BE,BE,day_ahead_price,value,2026-09-07T07:14:50Z
2026-09-07T07:11:41Z,2026-09-07T09:11:41+0200,4e1f0688-6a6e-4357-a7d0-1d07d19fc838,2026-09-05T04:45:00Z,2026-09-05T06:45:00+0200,69.7,EUR/MWh,BE,BE,day_ahead_price,value,2026-09-07T07:14:50Z
2026-09-07T07:11:41Z,2026-09-07T09:11:41+0200,4e1f0688-6a6e-4357-a7d0-1d07d19fc838,2026-09-05T05:00:00Z,2026-09-05T07:00:00+0200,91.75,EUR/MWh,BE,BE,day_ahead_price,value,2026-09-07T07:14:50Z
2026-09-07T07:11:41Z,2026-09-07T09:11:41+0200,4e1f0688-6a6e-4357-a7d0-1d07d19fc838,2026-09-05T05:15:00Z,2026-09-05T07:15:00+0200,82.63,EUR/MWh,BE,BE,day_ahead_price,value,2026-09-07T07:14:50Z
2026-09-07T07:11:41Z,2026-09-07T09:11:41+0200,4e1f0688-6a6e-4357-a7d0-1d07d19fc838,2026-09-05T05:30:00Z,2026-09-05T07:30:00+0200,88.41,EUR/MWh,BE,BE,day_ahead_price,value,2026-09-07T07:14:50Z
2026-09-07T07:11:41Z,2026-09-07T09:11:41+0200,4e1f0688-6a6e-4357-a7d0-1d07d19fc838,2026-09-05T05:45:00Z,2026-09-05T07:45:00+0200,53.14,EUR/MWh,BE,BE,day_ahead_price,value,2026-09-07T07:14:50Z
2026-09-07T07:11:41Z,2026-09-07T09:11:41+0200,4e1f0688-6a6e-4357-a7d0-1d07d19fc838,2026-09-05T06:00:00Z,2026-09-05T08:00:00+0200,139.17,EUR/MWh,BE,BE,day_ahead_price,value,2026-09-07T07:14:50Z
2026-09-07T07:11:41Z,2026-09-07T09:11:41+0200,4e1f0688-6a6e-4357-a7d0-1d07d19fc838,2026-09-05T06:15:00Z,2026-09-05T08:15:00+0200,80.81,EUR/MWh,BE,BE,day_ahead_price,value,2026-09-07T07:14:50Z
2026-09-07T07:11:41Z,2026-09-07T09:11:41+0200,4e1f0688-6a6e-4357-a7d0-1d07d19fc838,2026-09-05T06:30:00Z,2026-09-05T08:30:00+0200,40.46,EUR/MWh,BE,BE,day_ahead_price,value,2026-09-07T07:14:50Z
2026-09-07T07:11:41Z,2026-09-07T09:11:41+0200,4e1f0688-6a6e-4357-a7d0-1d07d19fc838,2026-09-05T06:45:00Z,2026-09-05T08:45:00+0200,38.62,EUR/MWh,BE,BE,day_ahead_price,value,2026-09-07T07:14:50Z
2026-09-07T07:11:41Z,2026-09-07T09:11:41+0200,4e1f0688-6a6e-4357-a7d0-1d07d19fc838,2026-09-05T07:00:00Z,2026-09-05T09:00:00+0200,90.33,EUR/MWh,BE,BE,day_ahead_price,value,2026-09-07T07:14:50Z
2026-09-07T07:11:41Z,2026-09-07T09:11:41+0200,4e1f0688-6a6e-4357-a7d0-1d07d19fc838,2026-09-05T07:15:00Z,2026-09-05T09:15:00+0200,62.91,EUR/MWh,BE,BE,day_ahead_price,value,2026-09-07T07:14:50Z
2026-09-07T07:11:41Z,2026-09-07T09:11:41+0200,4e1f0688-6a6e-4357-a7d0-1d07d19fc838,2026-09-05T07:30:00Z,2026-09-05T09:30:00+0200,26.65,EUR/MWh,BE,BE,day_ahead_price,value,2026-09-07T07:14:50Z
2026-09-07T07:11:41Z,2026-09-07T09:11:41+0200,4e1f0688-6a6e-4357-a7d0-1d07d19fc838,2026-09-05T07:45:00Z,2026-09-05T09:45:00+0200,12.61,EUR/MWh,BE,BE,day_ahead_price,value,2026-09-07T07:14:50Z
2026-09-07T07:11:41Z,2026-09-07T09:11:41+0200,4e1f0688-6a6e-4357-a7d0-1d07d19fc838,2026-09-05T08:00:00Z,2026-09-05T10:00:00+0200,10.84,EUR/MWh,BE,BE,day_ahead_price,value,2026-09-07T07:14:50Z
2026-09-07T07:11:41Z,2026-09-07T09:11:41+0200,4e1f0688-6a6e-4357-a7d0-1d07d19fc838,2026-09-05T08:15:00Z,2026-09-05T10:15:00+0200,8.01,EUR/MWh,BE,BE,day_ahead_price,value,2026-09-07T07:14:50Z
2026-09-07T07:11:41Z,2026-09-07T09:11:41+0200,4e1f0688-6a6e-4357-a7d0-1d07d19fc838,2026-09-05T08:30:00Z,2026-09-05T10:30:00+0200,2.45,EUR/MWh,BE,BE,day_ahead_price,value,2026-09-07T07:14:50Z
2026-09-07T07:11:41Z,2026-09-07T09:11:41+0200,4e1f0688-6a6e-4357-a7d0-1d07d19fc838,2026-09-05T08:45:00Z,2026-09-05T10:45:00+0200,0.7,EUR/MWh,BE,BE,day_ahead_price,value,2026-09-07T07:14:50Z
2026-09-07T07:11:41Z,2026-09-07T09:11:41+0200,4e1f0688-6a6e-4357-a7d0-1d07d19fc838,2026-09-05T09:00:00Z,2026-09-05T11:00:00+0200,6.38,EUR/MWh,BE,BE,day_ahead_price,value,2026-09-07T07:14:50Z
2026-09-07T07:11:41Z,2026-09-07T09:11:41+0200,4e1f0688-6a6e-4357-a7d0-1d07d19fc838,2026-09-05T09:15:00Z,2026-09-05T11:15:00+0200,2.86,EUR/MWh,BE,BE,day_ahead_price,value,2026-09-07T07:14:50Z
2026-09-07T07:11:41Z,2026-09-07T09:11:41+0200,4e1f0688-6a6e-4357-a7d0-1d07d19fc838,2026-09-05T09:30:00Z,2026-09-05T11:30:00+0200,2.36,EUR/MWh,BE,BE,day_ahead_price,value,2026-09-07T07:14:50Z
2026-09-07T07:11:41Z,2026-09-07T09:11:41+0200,4e1f0688-6a6e-4357-a7d0-1d07d19fc838,2026-09-05T09:45:00Z,2026-09-05T11:45:00+0200,-0.25,EUR/MWh,BE,BE,day_ahead_price,value,2026-09-07T07:14:50Z
2026-09-07T07:11:41Z,2026-09-07T09:11:41+0200,4e1f0688-6a6e-4357-a7d0-1d07d19fc838,2026-09-05T10:00:00Z,2026-09-05T12:00:00+0200,10.1,EUR/MWh,BE,BE,day_ahead_price,value,2026-09-07T07:14:50Z
2026-09-07T07:11:41Z,2026-09-07T09:11:41+0200,4e1f0688-6a6e-4357-a7d0-1d07d19fc838,2026-09-05T10:15:00Z,2026-09-05T12:15:00+0200,11.11,EUR/MWh,BE,BE,day_ahead_price,value,2026-09-07T07:14:50Z
2026-09-07T07:11:41Z,2026-09-07T09:11:41+0200,4e1f0688-6a6e-4357-a7d0-1d07d19fc838,2026-09-05T10:30:00Z,2026-09-05T12:30:00+0200,7.67,EUR/MWh,BE,BE,day_ahead_price,value,2026-09-07T07:14:50Z
2026-09-07T07:11:41Z,2026-09-07T09:11:41+0200,4e1f0688-6a6e-4357-a7d0-1d07d19fc838,2026-09-05T10:45:00Z,2026-09-05T12:45:00+0200,1.94,EUR/MWh,BE,BE,day_ahead_price,value,2026-09-07T07:14:50Z
2026-09-07T07:11:41Z,2026-09-07T09:11:41+0200,4e1f0688-6a6e-4357-a7d0-1d07d19fc838,2026-09-05T11:00:00Z,2026-09-05T13:00:00+0200,0.0,EUR/MWh,BE,BE,day_ahead_price,value,2026-09-07T07:14:50Z
2026-09-07T07:11:41Z,2026-09-07T09:11:41+0200,4e1f0688-6a6e-4357-a7d0-1d07d19fc838,2026-09-05T11:15:00Z,2026-09-05T13:15:00+0200,2.11,EUR/MWh,BE,BE,day_ahead_price,value,2026-09-07T07:14:50Z
2026-09-07T07:11:41Z,2026-09-07T09:11:41+0200,4e1f0688-6a6e-4357-a7d0-1d07d19fc838,2026-09-05T11:30:00Z,2026-09-05T13:30:00+0200,4.5,EUR/MWh,BE,BE,day_ahead_price,value,2026-09-07T07:14:50Z
2026-09-07T07:11:41Z,2026-09-07T09:11:41+0200,4e1f0688-6a6e-4357-a7d0-1d07d19fc838,2026-09-05T11:45:00Z,2026-09-05T13:45:00+0200,5.14,EUR/MWh,BE,BE,day_ahead_price,value,2026-09-07T07:14:50Z
2026-09-07T07:11:41Z,2026-09-07T09:11:41+0200,4e1f0688-6a6e-4357-a7d0-1d07d19fc838,2026-09-05T12:00:00Z,2026-09-05T14:00:00+0200,5.21,EUR/MWh,BE,BE,day_ahead_price,value,2026-09-07T07:14:50Z
2026-09-07T07:11:41Z,2026-09-07T09:11:41+0200,4e1f0688-6a6e-4357-a7d0-1d07d19fc838,2026-09-05T12:15:00Z,2026-09-05T14:15:00+0200,3.6,EUR/MWh,BE,BE,day_ahead_price,value,2026-09-07T07:14:50Z
2026-09-07T07:11:41Z,2026-09-07T09:11:41+0200,4e1f0688-6a6e-4357-a7d0-1d07d19fc838,2026-09-05T12:30:00Z,2026-09-05T14:30:00+0200,3.72,EUR/MWh,BE,BE,day_ahead_price,value,2026-09-07T07:14:50Z
2026-09-07T07:11:41Z,2026-09-07T09:11:41+0200,4e1f0688-6a6e-4357-a7d0-1d07d19fc838,2026-09-05T12:45:00Z,2026-09-05T14:45:00+0200,5.37,EUR/MWh,BE,BE,day_ahead_price,value,2026-09-07T07:14:50Z
2026-09-07T07:11:41Z,2026-09-07T09:11:41+0200,4e1f0688-6a6e-4357-a7d0-1d07d19fc838,2026-09-05T13:00:00Z,2026-09-05T15:00:00+0200,3.75,EUR/MWh,BE,BE,day_ahead_price,value,2026-09-07T07:14:50Z
2026-09-07T07:11:41Z,2026-09-07T09:11:41+0200,4e1f0688-6a6e-4357-a7d0-1d07d19fc838,2026-09-05T13:15:00Z,2026-09-05T15:15:00+0200,3.13,EUR/MWh,BE,BE,day_ahead_price,value,2026-09-07T07:14:50Z
2026-09-07T07:11:41Z,2026-09-07T09:11:41+0200,4e1f0688-6a6e-4357-a7d0-1d07d19fc838,2026-09-05T13:30:00Z,2026-09-05T15:30:00+0200,1.95,EUR/MWh,BE,BE,day_ahead_price,value,2026-09-07T07:14:50Z
2026-09-07T07:11:41Z,2026-09-07T09:11:41+0200,4e1f0688-6a6e-4357-a7d0-1d07d19fc838,2026-09-05T13:45:00Z,2026-09-05T15:45:00+0200,4.02,EUR/MWh,BE,BE,day_ahead_price,value,2026-09-07T07:14:50Z
2026-09-07T07:11:41Z,2026-09-07T09:11:41+0200,4e1f0688-6a6e-4357-a7d0-1d07d19fc838,2026-09-05T14:00:00Z,2026-09-05T16:00:00+0200,2.33,EUR/MWh,BE,BE,day_ahead_price,value,2026-09-07T07:14:50Z
2026-09-07T07:11:41Z,2026-09-07T09:11:41+0200,4e1f0688-6a6e-4357-a7d0-1d07d19fc838,2026-09-05T14:15:00Z,2026-09-05T16:15:00+0200,6.54,EUR/MWh,BE,BE,day_ahead_price,value,2026-09-07T07:14:50Z
2026-09-07T07:11:41Z,2026-09-07T09:11:41+0200,4e1f0688-6a6e-4357-a7d0-1d07d19fc838,2026-09-05T14:30:00Z,2026-09-05T16:30:00+0200,21.4,EUR/MWh,BE,BE,day_ahead_price,value,2026-09-07T07:14:50Z
2026-09-07T07:11:41Z,2026-09-07T09:11:41+0200,4e1f0688-6a6e-4357-a7d0-1d07d19fc838,2026-09-05T14:45:00Z,2026-09-05T16:45:00+0200,47.18,EUR/MWh,BE,BE,day_ahead_price,value,2026-09-07T07:14:50Z
2026-09-07T07:11:41Z,2026-09-07T09:11:41+0200,4e1f0688-6a6e-4357-a7d0-1d07d19fc838,2026-09-05T15:00:00Z,2026-09-05T17:00:00+0200,41.44,EUR/MWh,BE,BE,day_ahead_price,value,2026-09-07T07:14:50Z
2026-09-07T07:11:41Z,2026-09-07T09:11:41+0200,4e1f0688-6a6e-4357-a7d0-1d07d19fc838,2026-09-05T15:15:00Z,2026-09-05T17:15:00+0200,80.65,EUR/MWh,BE,BE,day_ahead_price,value,2026-09-07T07:14:50Z
2026-09-07T07:11:41Z,2026-09-07T09:11:41+0200,4e1f0688-6a6e-4357-a7d0-1d07d19fc838,2026-09-05T15:30:00Z,2026-09-05T17:30:00+0200,121.78,EUR/MWh,BE,BE,day_ahead_price,value,2026-09-07T07:14:50Z
2026-09-07T07:11:41Z,2026-09-07T09:11:41+0200,4e1f0688-6a6e-4357-a7d0-1d07d19fc838,2026-09-05T15:45:00Z,2026-09-05T17:45:00+0200,162.9,EUR/MWh,BE,BE,day_ahead_price,value,2026-09-07T07:14:50Z
2026-09-07T07:11:41Z,2026-09-07T09:11:41+0200,4e1f0688-6a6e-4357-a7d0-1d07d19fc838,2026-09-05T16:00:00Z,2026-09-05T18:00:00+0200,151.95,EUR/MWh,BE,BE,day_ahead_price,value,2026-09-07T07:14:50Z
2026-09-07T07:11:41Z,2026-09-07T09:11:41+0200,4e1f0688-6a6e-4357-a7d0-1d07d19fc838,2026-09-05T16:15:00Z,2026-09-05T18:15:00+0200,184.59,EUR/MWh,BE,BE,day_ahead_price,value,2026-09-07T07:14:50Z
2026-09-07T07:11:41Z,2026-09-07T09:11:41+0200,4e1f0688-6a6e-4357-a7d0-1d07d19fc838,2026-09-05T16:30:00Z,2026-09-05T18:30:00+0200,228.13,EUR/MWh,BE,BE,day_ahead_price,value,2026-09-07T07:14:50Z
2026-09-07T07:11:41Z,2026-09-07T09:11:41+0200,4e1f0688-6a6e-4357-a7d0-1d07d19fc838,2026-09-05T16:45:00Z,2026-09-05T18:45:00+0200,230.8,EUR/MWh,BE,BE,day_ahead_price,value,2026-09-07T07:14:50Z
2026-09-07T07:11:41Z,2026-09-07T09:11:41+0200,4e1f0688-6a6e-4357-a7d0-1d07d19fc838,2026-09-05T17:00:00Z,2026-09-05T19:00:00+0200,195.0,EUR/MWh,BE,BE,day_ahead_price,value,2026-09-07T07:14:50Z
2026-09-07T07:11:41Z,2026-09-07T09:11:41+0200,4e1f0688-6a6e-4357-a7d0-1d07d19fc838,2026-09-05T17:15:00Z,2026-09-05T19:15:00+0200,210.0,EUR/MWh,BE,BE,day_ahead_price,value,2026-09-07T07:14:50Z
2026-09-07T07:11:41Z,2026-09-07T09:11:41+0200,4e1f0688-6a6e-4357-a7d0-1d07d19fc838,2026-09-05T17:30:00Z,2026-09-05T19:30:00+0200,227.74,EUR/MWh,BE,BE,day_ahead_price,value,2026-09-07T07:14:50Z
2026-09-07T07:11:41Z,2026-09-07T09:11:41+0200,4e1f0688-6a6e-4357-a7d0-1d07d19fc838,2026-09-05T17:45:00Z,2026-09-05T19:45:00+0200,254.99,EUR/MWh,BE,BE,day_ahead_price,value,2026-09-07T07:14:50Z
2026-09-07T07:11:41Z,2026-09-07T09:11:41+0200,4e1f0688-6a6e-4357-a7d0-1d07d19fc838,2026-09-05T18:00:00Z,2026-09-05T20:00:00+0200,216.55,EUR/MWh,BE,BE,day_ahead_price,value,2026-09-07T07:14:50Z
2026-09-07T07:11:41Z,2026-09-07T09:11:41+0200,4e1f0688-6a6e-4357-a7d0-1d07d19fc838,2026-09-05T18:15:00Z,2026-09-05T20:15:00+0200,209.24,EUR/MWh,BE,BE,day_ahead_price,value,2026-09-07T07:14:50Z
2026-09-07T07:11:41Z,2026-09-07T09:11:41+0200,4e1f0688-6a6e-4357-a7d0-1d07d19fc838,2026-09-05T18:30:00Z,2026-09-05T20:30:00+0200,213.41,EUR/MWh,BE,BE,day_ahead_price,value,2026-09-07T07:14:50Z
2026-09-07T07:11:41Z,2026-09-07T09:11:41+0200,4e1f0688-6a6e-4357-a7d0-1d07d19fc838,2026-09-05T18:45:00Z,2026-09-05T20:45:00+0200,206.43,EUR/MWh,BE,BE,day_ahead_price,value,2026-09-07T07:14:50Z
2026-09-07T07:11:41Z,2026-09-07T09:11:41+0200,4e1f0688-6a6e-4357-a7d0-1d07d19fc838,2026-09-05T19:00:00Z,2026-09-05T21:00:00+0200,242.72,EUR/MWh,BE,BE,day_ahead_price,value,2026-09-07T07:14:50Z
2026-09-07T07:11:41Z,2026-09-07T09:11:41+0200,4e1f0688-6a6e-4357-a7d0-1d07d19fc838,2026-09-05T19:15:00Z,2026-09-05T21:15:00+0200,212.97,EUR/MWh,BE,BE,day_ahead_price,value,2026-09-07T07:14:50Z
2026-09-07T07:11:41Z,2026-09-07T09:11:41+0200,4e1f0688-6a6e-4357-a7d0-1d07d19fc838,2026-09-05T19:30:00Z,2026-09-05T21:30:00+0200,207.75,EUR/MWh,BE,BE,day_ahead_price,value,2026-09-07T07:14:50Z
2026-09-07T07:11:41Z,2026-09-07T09:11:41+0200,4e1f0688-6a6e-4357-a7d0-1d07d19fc838,2026-09-05T19:45:00Z,2026-09-05T21:45:00+0200,191.2,EUR/MWh,BE,BE,day_ahead_price,value,2026-09-07T07:14:50Z
2026-09-07T07:11:41Z,2026-09-07T09:11:41+0200,4e1f0688-6a6e-4357-a7d0-1d07d19fc838,2026-09-05T20:00:00Z,2026-09-05T22:00:00+0200,204.27,EUR/MWh,BE,BE,day_ahead_price,value,2026-09-07T07:14:50Z
2026-09-07T07:11:41Z,2026-09-07T09:11:41+0200,4e1f0688-6a6e-4357-a7d0-1d07d19fc838,2026-09-05T20:15:00Z,2026-09-05T22:15:00+0200,200.0,EUR/MWh,BE,BE,day_ahead_price,value,2026-09-07T07:14:50Z
2026-09-07T07:11:41Z,2026-09-07T09:11:41+0200,4e1f0688-6a6e-4357-a7d0-1d07d19fc838,2026-09-05T20:30:00Z,2026-09-05T22:30:00+0200,215.09,EUR/MWh,BE,BE,day_ahead_price,value,2026-09-07T07:14:50Z
2026-09-07T07:11:41Z,2026-09-07T09:11:41+0200,4e1f0688-6a6e-4357-a7d0-1d07d19fc838,2026-09-05T20:45:00Z,2026-09-05T22:45:00+0200,215.05,EUR/MWh,BE,BE,day_ahead_price,value,2026-09-07T07:14:50Z
2026-09-07T07:11:41Z,2026-09-07T09:11:41+0200,4e1f0688-6a6e-4357-a7d0-1d07d19fc838,2026-09-05T21:00:00Z,2026-09-05T23:00:00+0200,216.85,EUR/MWh,BE,BE,day_ahead_price,value,2026-09-07T07:14:50Z
2026-09-07T07:11:41Z,2026-09-07T09:11:41+0200,4e1f0688-6a6e-4357-a7d0-1d07d19fc838,2026-09-05T21:15:00Z,2026-09-05T23:15:00+0200,194.24,EUR/MWh,BE,BE,day_ahead_price,value,2026-09-07T07:14:50Z
2026-09-07T07:11:41Z,2026-09-07T09:11:41+0200,4e1f0688-6a6e-4357-a7d0-1d07d19fc838,2026-09-05T21:30:00Z,2026-09-05T23:30:00+0200,195.39,EUR/MWh,BE,BE,day_ahead_price,value,2026-09-07T07:14:50Z
2026-09-07T07:11:41Z,2026-09-07T09:11:41+0200,4e1f0688-6a6e-4357-a7d0-1d07d19fc838,2026-09-05T21:45:00Z,2026-09-05T23:45:00+0200,161.31,EUR/MWh,BE,BE,day_ahead_price,value,2026-09-07T07:14:50Z
2026-09-07T07:11:41Z,2026-09-07T09:11:41+0200,4e1f0688-6a6e-4357-a7d0-1d07d19fc838,2026-09-05T22:00:00Z,2026-09-06T00:00:00+0200,200.0,EUR/MWh,BE,BE,day_ahead_price,value,2026-09-07T07:14:50Z
2026-09-07T07:11:41Z,2026-09-07T09:11:41+0200,4e1f0688-6a6e-4357-a7d0-1d07d19fc838,2026-09-05T22:15:00Z,2026-09-06T00:15:00+0200,181.4,EUR/MWh,BE,BE,day_ahead_price,value,2026-09-07T07:14:50Z
2026-09-07T07:11:41Z,2026-09-07T09:11:41+0200,4e1f0688-6a6e-4357-a7d0-1d07d19fc838,2026-09-05T22:30:00Z,2026-09-06T00:30:00+0200,164.0,EUR/MWh,BE,BE,day_ahead_price,value,2026-09-07T07:14:50Z
2026-09-07T07:11:41Z,2026-09-07T09:11:41+0200,4e1f0688-6a6e-4357-a7d0-1d07d19fc838,2026-09-05T22:45:00Z,2026-09-06T00:45:00+0200,190.0,EUR/MWh,BE,BE,day_ahead_price,value,2026-09-07T07:14:50Z
2026-09-07T07:11:41Z,2026-09-07T09:11:41+0200,4e1f0688-6a6e-4357-a7d0-1d07d19fc838,2026-09-05T23:00:00Z,2026-09-06T01:00:00+0200,190.44,EUR/MWh,BE,BE,day_ahead_price,value,2026-09-07T07:14:50Z
2026-09-07T07:11:41Z,2026-09-07T09:11:41+0200,4e1f0688-6a6e-4357-a7d0-1d07d19fc838,2026-09-05T23:15:00Z,2026-09-06T01:15:00+0200,180.0,EUR/MWh,BE,BE,day_ahead_price,value,2026-09-07T07:14:50Z
2026-09-07T07:11:41Z,2026-09-07T09:11:41+0200,4e1f0688-6a6e-4357-a7d0-1d07d19fc838,2026-09-05T23:30:00Z,2026-09-06T01:30:00+0200,185.0,EUR/MWh,BE,BE,day_ahead_price,value,2026-09-07T07:14:50Z
2026-09-07T07:11:41Z,2026-09-07T09:11:41+0200,4e1f0688-6a6e-4357-a7d0-1d07d19fc838,2026-09-05T23:45:00Z,2026-09-06T01:45:00+0200,164.5,EUR/MWh,BE,BE,day_ahead_price,value,2026-09-07T07:14:50Z
2026-09-07T07:11:41Z,2026-09-07T09:11:41+0200,4e1f0688-6a6e-4357-a7d0-1d07d19fc838,2026-09-06T00:00:00Z,2026-09-06T02:00:00+0200,176.14,EUR/MWh,BE,BE,day_ahead_price,value,2026-09-07T07:14:50Z
2026-09-07T07:11:41Z,2026-09-07T09:11:41+0200,4e1f0688-6a6e-4357-a7d0-1d07d19fc838,2026-09-06T00:15:00Z,2026-09-06T02:15:00+0200,171.11,EUR/MWh,BE,BE,day_ahead_price,value,2026-09-07T07:14:50Z
2026-09-07T07:11:41Z,2026-09-07T09:11:41+0200,4e1f0688-6a6e-4357-a7d0-1d07d19fc838,2026-09-06T00:30:00Z,2026-09-06T02:30:00+0200,166.5,EUR/MWh,BE,BE,day_ahead_price,value,2026-09-07T07:14:50Z
2026-09-07T07:11:41Z,2026-09-07T09:11:41+0200,4e1f0688-6a6e-4357-a7d0-1d07d19fc838,2026-09-06T00:45:00Z,2026-09-06T02:45:00+0200,155.38,EUR/MWh,BE,BE,day_ahead_price,value,2026-09-07T07:14:50Z
2026-09-07T07:11:41Z,2026-09-07T09:11:41+0200,4e1f0688-6a6e-4357-a7d0-1d07d19fc838,2026-09-06T01:00:00Z,2026-09-06T03:00:00+0200,160.07,EUR/MWh,BE,BE,day_ahead_price,value,2026-09-07T07:14:50Z
2026-09-07T07:11:41Z,2026-09-07T09:11:41+0200,4e1f0688-6a6e-4357-a7d0-1d07d19fc838,2026-09-06T01:15:00Z,2026-09-06T03:15:00+0200,154.27,EUR/MWh,BE,BE,day_ahead_price,value,2026-09-07T07:14:50Z
2026-09-07T07:11:41Z,2026-09-07T09:11:41+0200,4e1f0688-6a6e-4357-a7d0-1d07d19fc838,2026-09-06T01:30:00Z,2026-09-06T03:30:00+0200,151.56,EUR/MWh,BE,BE,day_ahead_price,value,2026-09-07T07:14:50Z
2026-09-07T07:11:41Z,2026-09-07T09:11:41+0200,4e1f0688-6a6e-4357-a7d0-1d07d19fc838,2026-09-06T01:45:00Z,2026-09-06T03:45:00+0200,153.85,EUR/MWh,BE,BE,day_ahead_price,value,2026-09-07T07:14:50Z
2026-09-07T07:11:41Z,2026-09-07T09:11:41+0200,4e1f0688-6a6e-4357-a7d0-1d07d19fc838,2026-09-06T02:00:00Z,2026-09-06T04:00:00+0200,142.89,EUR/MWh,BE,BE,day_ahead_price,value,2026-09-07T07:14:50Z
2026-09-07T07:11:41Z,2026-09-07T09:11:41+0200,4e1f0688-6a6e-4357-a7d0-1d07d19fc838,2026-09-06T02:15:00Z,2026-09-06T04:15:00+0200,142.44,EUR/MWh,BE,BE,day_ahead_price,value,2026-09-07T07:14:50Z
2026-09-07T07:11:41Z,2026-09-07T09:11:41+0200,4e1f0688-6a6e-4357-a7d0-1d07d19fc838,2026-09-06T02:30:00Z,2026-09-06T04:30:00+0200,146.03,EUR/MWh,BE,BE,day_ahead_price,value,2026-09-07T07:14:50Z
2026-09-07T07:11:41Z,2026-09-07T09:11:41+0200,4e1f0688-6a6e-4357-a7d0-1d07d19fc838,2026-09-06T02:45:00Z,2026-09-06T04:45:00+0200,149.27,EUR/MWh,BE,BE,day_ahead_price,value,2026-09-07T07:14:50Z
2026-09-07T07:11:41Z,2026-09-07T09:11:41+0200,4e1f0688-6a6e-4357-a7d0-1d07d19fc838,2026-09-06T03:00:00Z,2026-09-06T05:00:00+0200,142.45,EUR/MWh,BE,BE,day_ahead_price,value,2026-09-07T07:14:50Z
2026-09-07T07:11:41Z,2026-09-07T09:11:41+0200,4e1f0688-6a6e-4357-a7d0-1d07d19fc838,2026-09-06T03:15:00Z,2026-09-06T05:15:00+0200,143.52,EUR/MWh,BE,BE,day_ahead_price,value,2026-09-07T07:14:50Z
2026-09-07T07:11:41Z,2026-09-07T09:11:41+0200,4e1f0688-6a6e-4357-a7d0-1d07d19fc838,2026-09-06T03:30:00Z,2026-09-06T05:30:00+0200,148.8,EUR/MWh,BE,BE,day_ahead_price,value,2026-09-07T07:14:50Z
2026-09-07T07:11:41Z,2026-09-07T09:11:41+0200,4e1f0688-6a6e-4357-a7d0-1d07d19fc838,2026-09-06T03:45:00Z,2026-09-06T05:45:00+0200,147.16,EUR/MWh,BE,BE,day_ahead_price,value,2026-09-07T07:14:50Z
2026-09-07T07:11:41Z,2026-09-07T09:11:41+0200,4e1f0688-6a6e-4357-a7d0-1d07d19fc838,2026-09-06T04:00:00Z,2026-09-06T06:00:00+0200,145.82,EUR/MWh,BE,BE,day_ahead_price,value,2026-09-07T07:14:50Z
2026-09-07T07:11:41Z,2026-09-07T09:11:41+0200,4e1f0688-6a6e-4357-a7d0-1d07d19fc838,2026-09-06T04:15:00Z,2026-09-06T06:15:00+0200,148.24,EUR/MWh,BE,BE,day_ahead_price,value,2026-09-07T07:14:50Z
2026-09-07T07:11:41Z,2026-09-07T09:11:41+0200,4e1f0688-6a6e-4357-a7d0-1d07d19fc838,2026-09-06T04:30:00Z,2026-09-06T06:30:00+0200,148.01,EUR/MWh,BE,BE,day_ahead_price,value,2026-09-07T07:14:50Z
2026-09-07T07:11:41Z,2026-09-07T09:11:41+0200,4e1f0688-6a6e-4357-a7d0-1d07d19fc838,2026-09-06T04:45:00Z,2026-09-06T06:45:00+0200,144.3,EUR/MWh,BE,BE,day_ahead_price,value,2026-09-07T07:14:50Z
2026-09-07T07:11:41Z,2026-09-07T09:11:41+0200,4e1f0688-6a6e-4357-a7d0-1d07d19fc838,2026-09-06T05:00:00Z,2026-09-06T07:00:00+0200,147.14,EUR/MWh,BE,BE,day_ahead_price,value,2026-09-07T07:14:50Z
2026-09-07T07:11:41Z,2026-09-07T09:11:41+0200,4e1f0688-6a6e-4357-a7d0-1d07d19fc838,2026-09-06T05:15:00Z,2026-09-06T07:15:00+0200,140.58,EUR/MWh,BE,BE,day_ahead_price,value,2026-09-07T07:14:50Z
2026-09-07T07:11:41Z,2026-09-07T09:11:41+0200,4e1f0688-6a6e-4357-a7d0-1d07d19fc838,2026-09-06T05:30:00Z,2026-09-06T07:30:00+0200,130.41,EUR/MWh,BE,BE,day_ahead_price,value,2026-09-07T07:14:50Z
2026-09-07T07:11:41Z,2026-09-07T09:11:41+0200,4e1f0688-6a6e-4357-a7d0-1d07d19fc838,2026-09-06T05:45:00Z,2026-09-06T07:45:00+0200,119.91,EUR/MWh,BE,BE,day_ahead_price,value,2026-09-07T07:14:50Z
2026-09-07T07:11:41Z,2026-09-07T09:11:41+0200,4e1f0688-6a6e-4357-a7d0-1d07d19fc838,2026-09-06T06:00:00Z,2026-09-06T08:00:00+0200,137.86,EUR/MWh,BE,BE,day_ahead_price,value,2026-09-07T07:14:50Z
2026-09-07T07:11:41Z,2026-09-07T09:11:41+0200,4e1f0688-6a6e-4357-a7d0-1d07d19fc838,2026-09-06T06:15:00Z,2026-09-06T08:15:00+0200,125.05,EUR/MWh,BE,BE,day_ahead_price,value,2026-09-07T07:14:50Z
2026-09-07T07:11:41Z,2026-09-07T09:11:41+0200,4e1f0688-6a6e-4357-a7d0-1d07d19fc838,2026-09-06T06:30:00Z,2026-09-06T08:30:00+0200,101.35,EUR/MWh,BE,BE,day_ahead_price,value,2026-09-07T07:14:50Z
2026-09-07T07:11:41Z,2026-09-07T09:11:41+0200,4e1f0688-6a6e-4357-a7d0-1d07d19fc838,2026-09-06T06:45:00Z,2026-09-06T08:45:00+0200,82.62,EUR/MWh,BE,BE,day_ahead_price,value,2026-09-07T07:14:50Z
2026-09-07T07:11:41Z,2026-09-07T09:11:41+0200,4e1f0688-6a6e-4357-a7d0-1d07d19fc838,2026-09-06T07:00:00Z,2026-09-06T09:00:00+0200,81.44,EUR/MWh,BE,BE,day_ahead_price,value,2026-09-07T07:14:50Z
2026-09-07T07:11:41Z,2026-09-07T09:11:41+0200,4e1f0688-6a6e-4357-a7d0-1d07d19fc838,2026-09-06T07:15:00Z,2026-09-06T09:15:00+0200,59.6,EUR/MWh,BE,BE,day_ahead_price,value,2026-09-07T07:14:50Z
2026-09-07T07:11:41Z,2026-09-07T09:11:41+0200,4e1f0688-6a6e-4357-a7d0-1d07d19fc838,2026-09-06T07:30:00Z,2026-09-06T09:30:00+0200,11.17,EUR/MWh,BE,BE,day_ahead_price,value,2026-09-07T07:14:50Z
2026-09-07T07:11:41Z,2026-09-07T09:11:41+0200,4e1f0688-6a6e-4357-a7d0-1d07d19fc838,2026-09-06T07:45:00Z,2026-09-06T09:45:00+0200,6.46,EUR/MWh,BE,BE,day_ahead_price,value,2026-09-07T07:14:50Z
2026-09-07T07:11:41Z,2026-09-07T09:11:41+0200,4e1f0688-6a6e-4357-a7d0-1d07d19fc838,2026-09-06T08:00:00Z,2026-09-06T10:00:00+0200,1.86,EUR/MWh,BE,BE,day_ahead_price,value,2026-09-07T07:14:50Z
2026-09-07T07:11:41Z,2026-09-07T09:11:41+0200,4e1f0688-6a6e-4357-a7d0-1d07d19fc838,2026-09-06T08:15:00Z,2026-09-06T10:15:00+0200,0.38,EUR/MWh,BE,BE,day_ahead_price,value,2026-09-07T07:14:50Z
2026-09-07T07:11:41Z,2026-09-07T09:11:41+0200,4e1f0688-6a6e-4357-a7d0-1d07d19fc838,2026-09-06T08:30:00Z,2026-09-06T10:30:00+0200,0.01,EUR/MWh,BE,BE,day_ahead_price,value,2026-09-07T07:14:50Z
2026-09-07T07:11:41Z,2026-09-07T09:11:41+0200,4e1f0688-6a6e-4357-a7d0-1d07d19fc838,2026-09-06T08:45:00Z,2026-09-06T10:45:00+0200,0.0,EUR/MWh,BE,BE,day_ahead_price,value,2026-09-07T07:14:50Z
2026-09-07T07:11:41Z,2026-09-07T09:11:41+0200,4e1f0688-6a6e-4357-a7d0-1d07d19fc838,2026-09-06T09:00:00Z,2026-09-06T11:00:00+0200,0.0,EUR/MWh,BE,BE,day_ahead_price,value,2026-09-07T07:14:50Z
2026-09-07T07:11:41Z,2026-09-07T09:11:41+0200,4e1f0688-6a6e-4357-a7d0-1d07d19fc838,2026-09-06T09:15:00Z,2026-09-06T11:15:00+0200,0.0,EUR/MWh,BE,BE,day_ahead_price,value,2026-09-07T07:14:50Z
2026-09-07T07:11:41Z,2026-09-07T09:11:41+0200,4e1f0688-6a6e-4357-a7d0-1d07d19fc838,2026-09-06T09:30:00Z,2026-09-06T11:30:00+0200,-0.01,EUR/MWh,BE,BE,day_ahead_price,value,2026-09-07T07:14:50Z
2026-09-07T07:11:41Z,2026-09-07T09:11:41+0200,4e1f0688-6a6e-4357-a7d0-1d07d19fc838,2026-09-06T09:45:00Z,2026-09-06T11:45:00+0200,0.08,EUR/MWh,BE,BE,day_ahead_price,value,2026-09-07T07:14:50Z
2026-09-07T07:11:41Z,2026-09-07T09:11:41+0200,4e1f0688-6a6e-4357-a7d0-1d07d19fc838,2026-09-06T10:00:00Z,2026-09-06T12:00:00+0200,0.21,EUR/MWh,BE,BE,day_ahead_price,value,2026-09-07T07:14:50Z
2026-09-07T07:11:41Z,2026-09-07T09:11:41+0200,4e1f0688-6a6e-4357-a7d0-1d07d19fc838,2026-09-06T10:15:00Z,2026-09-06T12:15:00+0200,0.52,EUR/MWh,BE,BE,day_ahead_price,value,2026-09-07T07:14:50Z
2026-09-07T07:11:41Z,2026-09-07T09:11:41+0200,4e1f0688-6a6e-4357-a7d0-1d07d19fc838,2026-09-06T10:30:00Z,2026-09-06T12:30:00+0200,0.56,EUR/MWh,BE,BE,day_ahead_price,value,2026-09-07T07:14:50Z
2026-09-07T07:11:41Z,2026-09-07T09:11:41+0200,4e1f0688-6a6e-4357-a7d0-1d07d19fc838,2026-09-06T10:45:00Z,2026-09-06T12:45:00+0200,0.61,EUR/MWh,BE,BE,day_ahead_price,value,2026-09-07T07:14:50Z
2026-09-07T07:11:41Z,2026-09-07T09:11:41+0200,4e1f0688-6a6e-4357-a7d0-1d07d19fc838,2026-09-06T11:00:00Z,2026-09-06T13:00:00+0200,0.67,EUR/MWh,BE,BE,day_ahead_price,value,2026-09-07T07:14:50Z
2026-09-07T07:11:41Z,2026-09-07T09:11:41+0200,4e1f0688-6a6e-4357-a7d0-1d07d19fc838,2026-09-06T11:15:00Z,2026-09-06T13:15:00+0200,0.7,EUR/MWh,BE,BE,day_ahead_price,value,2026-09-07T07:14:50Z
2026-09-07T07:11:41Z,2026-09-07T09:11:41+0200,4e1f0688-6a6e-4357-a7d0-1d07d19fc838,2026-09-06T11:30:00Z,2026-09-06T13:30:00+0200,0.62,EUR/MWh,BE,BE,day_ahead_price,value,2026-09-07T07:14:50Z
2026-09-07T07:11:41Z,2026-09-07T09:11:41+0200,4e1f0688-6a6e-4357-a7d0-1d07d19fc838,2026-09-06T11:45:00Z,2026-09-06T13:45:00+0200,0.45,EUR/MWh,BE,BE,day_ahead_price,value,2026-09-07T07:14:50Z
2026-09-07T07:11:41Z,2026-09-07T09:11:41+0200,4e1f0688-6a6e-4357-a7d0-1d07d19fc838,2026-09-06T12:00:00Z,2026-09-06T14:00:00+0200,0.44,EUR/MWh,BE,BE,day_ahead_price,value,2026-09-07T07:14:50Z
2026-09-07T07:11:41Z,2026-09-07T09:11:41+0200,4e1f0688-6a6e-4357-a7d0-1d07d19fc838,2026-09-06T12:15:00Z,2026-09-06T14:15:00+0200,0.26,EUR/MWh,BE,BE,day_ahead_price,value,2026-09-07T07:14:50Z
2026-09-07T07:11:41Z,2026-09-07T09:11:41+0200,4e1f0688-6a6e-4357-a7d0-1d07d19fc838,2026-09-06T12:30:00Z,2026-09-06T14:30:00+0200,-0.1,EUR/MWh,BE,BE,day_ahead_price,value,2026-09-07T07:14:50Z
2026-09-07T07:11:41Z,2026-09-07T09:11:41+0200,4e1f0688-6a6e-4357-a7d0-1d07d19fc838,2026-09-06T12:45:00Z,2026-09-06T14:45:00+0200,-0.06,EUR/MWh,BE,BE,day_ahead_price,value,2026-09-07T07:14:50Z
2026-09-07T07:11:41Z,2026-09-07T09:11:41+0200,4e1f0688-6a6e-4357-a7d0-1d07d19fc838,2026-09-06T13:00:00Z,2026-09-06T15:00:00+0200,-0.02,EUR/MWh,BE,BE,day_ahead_price,value,2026-09-07T07:14:50Z
2026-09-07T07:11:41Z,2026-09-07T09:11:41+0200,4e1f0688-6a6e-4357-a7d0-1d07d19fc838,2026-09-06T13:15:00Z,2026-09-06T15:15:00+0200,-0.01,EUR/MWh,BE,BE,day_ahead_price,value,2026-09-07T07:14:50Z
2026-09-07T07:11:41Z,2026-09-07T09:11:41+0200,4e1f0688-6a6e-4357-a7d0-1d07d19fc838,2026-09-06T13:30:00Z,2026-09-06T15:30:00+0200,0.0,EUR/MWh,BE,BE,day_ahead_price,value,2026-09-07T07:14:50Z
2026-09-07T07:11:41Z,2026-09-07T09:11:41+0200,4e1f0688-6a6e-4357-a7d0-1d07d19fc838,2026-09-06T13:45:00Z,2026-09-06T15:45:00+0200,0.01,EUR/MWh,BE,BE,day_ahead_price,value,2026-09-07T07:14:50Z
2026-09-07T07:11:41Z,2026-09-07T09:11:41+0200,4e1f0688-6a6e-4357-a7d0-1d07d19fc838,2026-09-06T14:00:00Z,2026-09-06T16:00:00+0200,0.01,EUR/MWh,BE,BE,day_ahead_price,value,2026-09-07T07:14:50Z
2026-09-07T07:11:41Z,2026-09-07T09:11:41+0200,4e1f0688-6a6e-4357-a7d0-1d07d19fc838,2026-09-06T14:15:00Z,2026-09-06T16:15:00+0200,1.94,EUR/MWh,BE,BE,day_ahead_price,value,2026-09-07T07:14:50Z
2026-09-07T07:11:41Z,2026-09-07T09:11:41+0200,4e1f0688-6a6e-4357-a7d0-1d07d19fc838,2026-09-06T14:30:00Z,2026-09-06T16:30:00+0200,20.0,EUR/MWh,BE,BE,day_ahead_price,value,2026-09-07T07:14:50Z
2026-09-07T07:11:41Z,2026-09-07T09:11:41+0200,4e1f0688-6a6e-4357-a7d0-1d07d19fc838,2026-09-06T14:45:00Z,2026-09-06T16:45:00+0200,57.83,EUR/MWh,BE,BE,day_ahead_price,value,2026-09-07T07:14:50Z
2026-09-07T07:11:41Z,2026-09-07T09:11:41+0200,4e1f0688-6a6e-4357-a7d0-1d07d19fc838,2026-09-06T15:00:00Z,2026-09-06T17:00:00+0200,57.23,EUR/MWh,BE,BE,day_ahead_price,value,2026-09-07T07:14:50Z
2026-09-07T07:11:41Z,2026-09-07T09:11:41+0200,4e1f0688-6a6e-4357-a7d0-1d07d19fc838,2026-09-06T15:15:00Z,2026-09-06T17:15:00+0200,92.4,EUR/MWh,BE,BE,day_ahead_price,value,2026-09-07T07:14:50Z
2026-09-07T07:11:41Z,2026-09-07T09:11:41+0200,4e1f0688-6a6e-4357-a7d0-1d07d19fc838,2026-09-06T15:30:00Z,2026-09-06T17:30:00+0200,149.52,EUR/MWh,BE,BE,day_ahead_price,value,2026-09-07T07:14:50Z
2026-09-07T07:11:41Z,2026-09-07T09:11:41+0200,4e1f0688-6a6e-4357-a7d0-1d07d19fc838,2026-09-06T15:45:00Z,2026-09-06T17:45:00+0200,187.76,EUR/MWh,BE,BE,day_ahead_price,value,2026-09-07T07:14:50Z
2026-09-07T07:11:41Z,2026-09-07T09:11:41+0200,4e1f0688-6a6e-4357-a7d0-1d07d19fc838,2026-09-06T16:00:00Z,2026-09-06T18:00:00+0200,154.38,EUR/MWh,BE,BE,day_ahead_price,value,2026-09-07T07:14:50Z
2026-09-07T07:11:41Z,2026-09-07T09:11:41+0200,4e1f0688-6a6e-4357-a7d0-1d07d19fc838,2026-09-06T16:15:00Z,2026-09-06T18:15:00+0200,181.12,EUR/MWh,BE,BE,day_ahead_price,value,2026-09-07T07:14:50Z
2026-09-07T07:11:41Z,2026-09-07T09:11:41+0200,4e1f0688-6a6e-4357-a7d0-1d07d19fc838,2026-09-06T16:30:00Z,2026-09-06T18:30:00+0200,203.57,EUR/MWh,BE,BE,day_ahead_price,value,2026-09-07T07:14:50Z
2026-09-07T07:11:41Z,2026-09-07T09:11:41+0200,4e1f0688-6a6e-4357-a7d0-1d07d19fc838,2026-09-06T16:45:00Z,2026-09-06T18:45:00+0200,231.26,EUR/MWh,BE,BE,day_ahead_price,value,2026-09-07T07:14:50Z
2026-09-07T07:11:41Z,2026-09-07T09:11:41+0200,4e1f0688-6a6e-4357-a7d0-1d07d19fc838,2026-09-06T17:00:00Z,2026-09-06T19:00:00+0200,200.15,EUR/MWh,BE,BE,day_ahead_price,value,2026-09-07T07:14:50Z
2026-09-07T07:11:41Z,2026-09-07T09:11:41+0200,4e1f0688-6a6e-4357-a7d0-1d07d19fc838,2026-09-06T17:15:00Z,2026-09-06T19:15:00+0200,222.35,EUR/MWh,BE,BE,day_ahead_price,value,2026-09-07T07:14:50Z
2026-09-07T07:11:41Z,2026-09-07T09:11:41+0200,4e1f0688-6a6e-4357-a7d0-1d07d19fc838,2026-09-06T17:30:00Z,2026-09-06T19:30:00+0200,225.67,EUR/MWh,BE,BE,day_ahead_price,value,2026-09-07T07:14:50Z
2026-09-07T07:11:41Z,2026-09-07T09:11:41+0200,4e1f0688-6a6e-4357-a7d0-1d07d19fc838,2026-09-06T17:45:00Z,2026-09-06T19:45:00+0200,240.47,EUR/MWh,BE,BE,day_ahead_price,value,2026-09-07T07:14:50Z
2026-09-07T07:11:41Z,2026-09-07T09:11:41+0200,4e1f0688-6a6e-4357-a7d0-1d07d19fc838,2026-09-06T18:00:00Z,2026-09-06T20:00:00+0200,224.99,EUR/MWh,BE,BE,day_ahead_price,value,2026-09-07T07:14:50Z
2026-09-07T07:11:41Z,2026-09-07T09:11:41+0200,4e1f0688-6a6e-4357-a7d0-1d07d19fc838,2026-09-06T18:15:00Z,2026-09-06T20:15:00+0200,228.57,EUR/MWh,BE,BE,day_ahead_price,value,2026-09-07T07:14:50Z
2026-09-07T07:11:41Z,2026-09-07T09:11:41+0200,4e1f0688-6a6e-4357-a7d0-1d07d19fc838,2026-09-06T18:30:00Z,2026-09-06T20:30:00+0200,235.06,EUR/MWh,BE,BE,day_ahead_price,value,2026-09-07T07:14:50Z
2026-09-07T07:11:41Z,2026-09-07T09:11:41+0200,4e1f0688-6a6e-4357-a7d0-1d07d19fc838,2026-09-06T18:45:00Z,2026-09-06T20:45:00+0200,222.0,EUR/MWh,BE,BE,day_ahead_price,value,2026-09-07T07:14:50Z
2026-09-07T07:11:41Z,2026-09-07T09:11:41+0200,4e1f0688-6a6e-4357-a7d0-1d07d19fc838,2026-09-06T19:00:00Z,2026-09-06T21:00:00+0200,230.95,EUR/MWh,BE,BE,day_ahead_price,value,2026-09-07T07:14:50Z
2026-09-07T07:11:41Z,2026-09-07T09:11:41+0200,4e1f0688-6a6e-4357-a7d0-1d07d19fc838,2026-09-06T19:15:00Z,2026-09-06T21:15:00+0200,207.44,EUR/MWh,BE,BE,day_ahead_price,value,2026-09-07T07:14:50Z
2026-09-07T07:11:41Z,2026-09-07T09:11:41+0200,4e1f0688-6a6e-4357-a7d0-1d07d19fc838,2026-09-06T19:30:00Z,2026-09-06T21:30:00+0200,200.0,EUR/MWh,BE,BE,day_ahead_price,value,2026-09-07T07:14:50Z
2026-09-07T07:11:41Z,2026-09-07T09:11:41+0200,4e1f0688-6a6e-4357-a7d0-1d07d19fc838,2026-09-06T19:45:00Z,2026-09-06T21:45:00+0200,186.23,EUR/MWh,BE,BE,day_ahead_price,value,2026-09-07T07:14:50Z
2026-09-07T07:11:41Z,2026-09-07T09:11:41+0200,4e1f0688-6a6e-4357-a7d0-1d07d19fc838,2026-09-06T20:00:00Z,2026-09-06T22:00:00+0200,203.97,EUR/MWh,BE,BE,day_ahead_price,value,2026-09-07T07:14:50Z
2026-09-07T07:11:41Z,2026-09-07T09:11:41+0200,4e1f0688-6a6e-4357-a7d0-1d07d19fc838,2026-09-06T20:15:00Z,2026-09-06T22:15:00+0200,191.26,EUR/MWh,BE,BE,day_ahead_price,value,2026-09-07T07:14:50Z
2026-09-07T07:11:41Z,2026-09-07T09:11:41+0200,4e1f0688-6a6e-4357-a7d0-1d07d19fc838,2026-09-06T20:30:00Z,2026-09-06T22:30:00+0200,185.8,EUR/MWh,BE,BE,day_ahead_price,value,2026-09-07T07:14:50Z
2026-09-07T07:11:41Z,2026-09-07T09:11:41+0200,4e1f0688-6a6e-4357-a7d0-1d07d19fc838,2026-09-06T20:45:00Z,2026-09-06T22:45:00+0200,176.51,EUR/MWh,BE,BE,day_ahead_price,value,2026-09-07T07:14:50Z
2026-09-07T07:11:41Z,2026-09-07T09:11:41+0200,4e1f0688-6a6e-4357-a7d0-1d07d19fc838,2026-09-06T21:00:00Z,2026-09-06T23:00:00+0200,182.72,EUR/MWh,BE,BE,day_ahead_price,value,2026-09-07T07:14:50Z
2026-09-07T07:11:41Z,2026-09-07T09:11:41+0200,4e1f0688-6a6e-4357-a7d0-1d07d19fc838,2026-09-06T21:15:00Z,2026-09-06T23:15:00+0200,172.25,EUR/MWh,BE,BE,day_ahead_price,value,2026-09-07T07:14:50Z
2026-09-07T07:11:41Z,2026-09-07T09:11:41+0200,4e1f0688-6a6e-4357-a7d0-1d07d19fc838,2026-09-06T21:30:00Z,2026-09-06T23:30:00+0200,170.83,EUR/MWh,BE,BE,day_ahead_price,value,2026-09-07T07:14:50Z
2026-09-07T07:11:41Z,2026-09-07T09:11:41+0200,4e1f0688-6a6e-4357-a7d0-1d07d19fc838,2026-09-06T21:45:00Z,2026-09-06T23:45:00+0200,154.9,EUR/MWh,BE,BE,day_ahead_price,value,2026-09-07T07:14:50Z
2026-09-07T07:11:41Z,2026-09-07T09:11:41+0200,4e1f0688-6a6e-4357-a7d0-1d07d19fc838,2026-09-06T22:00:00Z,2026-09-07T00:00:00+0200,170.64,EUR/MWh,BE,BE,day_ahead_price,value,2026-09-07T07:14:50Z
2026-09-07T07:11:41Z,2026-09-07T09:11:41+0200,4e1f0688-6a6e-4357-a7d0-1d07d19fc838,2026-09-06T22:15:00Z,2026-09-07T00:15:00+0200,157.34,EUR/MWh,BE,BE,day_ahead_price,value,2026-09-07T07:14:50Z
2026-09-07T07:11:41Z,2026-09-07T09:11:41+0200,4e1f0688-6a6e-4357-a7d0-1d07d19fc838,2026-09-06T22:30:00Z,2026-09-07T00:30:00+0200,149.89,EUR/MWh,BE,BE,day_ahead_price,value,2026-09-07T07:14:50Z
2026-09-07T07:11:41Z,2026-09-07T09:11:41+0200,4e1f0688-6a6e-4357-a7d0-1d07d19fc838,2026-09-06T22:45:00Z,2026-09-07T00:45:00+0200,145.97,EUR/MWh,BE,BE,day_ahead_price,value,2026-09-07T07:14:50Z
2026-09-07T07:11:41Z,2026-09-07T09:11:41+0200,4e1f0688-6a6e-4357-a7d0-1d07d19fc838,2026-09-06T23:00:00Z,2026-09-07T01:00:00+0200,157.58,EUR/MWh,BE,BE,day_ahead_price,value,2026-09-07T07:14:50Z
2026-09-07T07:11:41Z,2026-09-07T09:11:41+0200,4e1f0688-6a6e-4357-a7d0-1d07d19fc838,2026-09-06T23:15:00Z,2026-09-07T01:15:00+0200,150.45,EUR/MWh,BE,BE,day_ahead_price,value,2026-09-07T07:14:50Z
2026-09-07T07:11:41Z,2026-09-07T09:11:41+0200,4e1f0688-6a6e-4357-a7d0-1d07d19fc838,2026-09-06T23:30:00Z,2026-09-07T01:30:00+0200,149.74,EUR/MWh,BE,BE,day_ahead_price,value,2026-09-07T07:14:50Z
2026-09-07T07:11:41Z,2026-09-07T09:11:41+0200,4e1f0688-6a6e-4357-a7d0-1d07d19fc838,2026-09-06T23:45:00Z,2026-09-07T01:45:00+0200,146.89,EUR/MWh,BE,BE,day_ahead_price,value,2026-09-07T07:14:50Z
2026-09-07T07:11:41Z,2026-09-07T09:11:41+0200,4e1f0688-6a6e-4357-a7d0-1d07d19fc838,2026-09-07T00:00:00Z,2026-09-07T02:00:00+0200,149.6,EUR/MWh,BE,BE,day_ahead_price,value,2026-09-07T07:14:50Z
2026-09-07T07:11:41Z,2026-09-07T09:11:41+0200,4e1f0688-6a6e-4357-a7d0-1d07d19fc838,2026-09-07T00:15:00Z,2026-09-07T02:15:00+0200,149.3,EUR/MWh,BE,BE,day_ahead_price,value,2026-09-07T07:14:50Z
2026-09-07T07:11:41Z,2026-09-07T09:11:41+0200,4e1f0688-6a6e-4357-a7d0-1d07d19fc838,2026-09-07T00:30:00Z,2026-09-07T02:30:00+0200,148.62,EUR/MWh,BE,BE,day_ahead_price,value,2026-09-07T07:14:50Z
2026-09-07T07:11:41Z,2026-09-07T09:11:41+0200,4e1f0688-6a6e-4357-a7d0-1d07d19fc838,2026-09-07T00:45:00Z,2026-09-07T02:45:00+0200,147.58,EUR/MWh,BE,BE,day_ahead_price,value,2026-09-07T07:14:50Z
2026-09-07T07:11:41Z,2026-09-07T09:11:41+0200,4e1f0688-6a6e-4357-a7d0-1d07d19fc838,2026-09-07T01:00:00Z,2026-09-07T03:00:00+0200,151.0,EUR/MWh,BE,BE,day_ahead_price,value,2026-09-07T07:14:50Z
2026-09-07T07:11:41Z,2026-09-07T09:11:41+0200,4e1f0688-6a6e-4357-a7d0-1d07d19fc838,2026-09-07T01:15:00Z,2026-09-07T03:15:00+0200,147.89,EUR/MWh,BE,BE,day_ahead_price,value,2026-09-07T07:14:50Z
2026-09-07T07:11:41Z,2026-09-07T09:11:41+0200,4e1f0688-6a6e-4357-a7d0-1d07d19fc838,2026-09-07T01:30:00Z,2026-09-07T03:30:00+0200,148.01,EUR/MWh,BE,BE,day_ahead_price,value,2026-09-07T07:14:50Z
2026-09-07T07:11:41Z,2026-09-07T09:11:41+0200,4e1f0688-6a6e-4357-a7d0-1d07d19fc838,2026-09-07T01:45:00Z,2026-09-07T03:45:00+0200,148.14,EUR/MWh,BE,BE,day_ahead_price,value,2026-09-07T07:14:50Z
2026-09-07T07:11:41Z,2026-09-07T09:11:41+0200,4e1f0688-6a6e-4357-a7d0-1d07d19fc838,2026-09-07T02:00:00Z,2026-09-07T04:00:00+0200,147.81,EUR/MWh,BE,BE,day_ahead_price,value,2026-09-07T07:14:50Z
2026-09-07T07:11:41Z,2026-09-07T09:11:41+0200,4e1f0688-6a6e-4357-a7d0-1d07d19fc838,2026-09-07T02:15:00Z,2026-09-07T04:15:00+0200,149.63,EUR/MWh,BE,BE,day_ahead_price,value,2026-09-07T07:14:50Z
2026-09-07T07:11:41Z,2026-09-07T09:11:41+0200,4e1f0688-6a6e-4357-a7d0-1d07d19fc838,2026-09-07T02:30:00Z,2026-09-07T04:30:00+0200,150.89,EUR/MWh,BE,BE,day_ahead_price,value,2026-09-07T07:14:50Z
2026-09-07T07:11:41Z,2026-09-07T09:11:41+0200,4e1f0688-6a6e-4357-a7d0-1d07d19fc838,2026-09-07T02:45:00Z,2026-09-07T04:45:00+0200,159.77,EUR/MWh,BE,BE,day_ahead_price,value,2026-09-07T07:14:50Z
2026-09-07T07:11:41Z,2026-09-07T09:11:41+0200,4e1f0688-6a6e-4357-a7d0-1d07d19fc838,2026-09-07T03:00:00Z,2026-09-07T05:00:00+0200,154.85,EUR/MWh,BE,BE,day_ahead_price,value,2026-09-07T07:14:50Z
2026-09-07T07:11:41Z,2026-09-07T09:11:41+0200,4e1f0688-6a6e-4357-a7d0-1d07d19fc838,2026-09-07T03:15:00Z,2026-09-07T05:15:00+0200,165.11,EUR/MWh,BE,BE,day_ahead_price,value,2026-09-07T07:14:50Z
2026-09-07T07:11:41Z,2026-09-07T09:11:41+0200,4e1f0688-6a6e-4357-a7d0-1d07d19fc838,2026-09-07T03:30:00Z,2026-09-07T05:30:00+0200,178.69,EUR/MWh,BE,BE,day_ahead_price,value,2026-09-07T07:14:50Z
2026-09-07T07:11:41Z,2026-09-07T09:11:41+0200,4e1f0688-6a6e-4357-a7d0-1d07d19fc838,2026-09-07T03:45:00Z,2026-09-07T05:45:00+0200,193.19,EUR/MWh,BE,BE,day_ahead_price,value,2026-09-07T07:14:50Z
2026-09-07T07:11:41Z,2026-09-07T09:11:41+0200,4e1f0688-6a6e-4357-a7d0-1d07d19fc838,2026-09-07T04:00:00Z,2026-09-07T06:00:00+0200,195.97,EUR/MWh,BE,BE,day_ahead_price,value,2026-09-07T07:14:50Z
2026-09-07T07:11:41Z,2026-09-07T09:11:41+0200,4e1f0688-6a6e-4357-a7d0-1d07d19fc838,2026-09-07T04:15:00Z,2026-09-07T06:15:00+0200,206.62,EUR/MWh,BE,BE,day_ahead_price,value,2026-09-07T07:14:50Z
2026-09-07T07:11:41Z,2026-09-07T09:11:41+0200,4e1f0688-6a6e-4357-a7d0-1d07d19fc838,2026-09-07T04:30:00Z,2026-09-07T06:30:00+0200,212.62,EUR/MWh,BE,BE,day_ahead_price,value,2026-09-07T07:14:50Z
2026-09-07T07:11:41Z,2026-09-07T09:11:41+0200,4e1f0688-6a6e-4357-a7d0-1d07d19fc838,2026-09-07T04:45:00Z,2026-09-07T06:45:00+0200,218.5,EUR/MWh,BE,BE,day_ahead_price,value,2026-09-07T07:14:50Z
2026-09-07T07:11:41Z,2026-09-07T09:11:41+0200,4e1f0688-6a6e-4357-a7d0-1d07d19fc838,2026-09-07T05:00:00Z,2026-09-07T07:00:00+0200,221.23,EUR/MWh,BE,BE,day_ahead_price,value,2026-09-07T07:14:50Z
2026-09-07T07:11:41Z,2026-09-07T09:11:41+0200,4e1f0688-6a6e-4357-a7d0-1d07d19fc838,2026-09-07T05:15:00Z,2026-09-07T07:15:00+0200,224.63,EUR/MWh,BE,BE,day_ahead_price,value,2026-09-07T07:14:50Z
2026-09-07T07:11:41Z,2026-09-07T09:11:41+0200,4e1f0688-6a6e-4357-a7d0-1d07d19fc838,2026-09-07T05:30:00Z,2026-09-07T07:30:00+0200,223.89,EUR/MWh,BE,BE,day_ahead_price,value,2026-09-07T07:14:50Z
2026-09-07T07:11:41Z,2026-09-07T09:11:41+0200,4e1f0688-6a6e-4357-a7d0-1d07d19fc838,2026-09-07T05:45:00Z,2026-09-07T07:45:00+0200,216.37,EUR/MWh,BE,BE,day_ahead_price,value,2026-09-07T07:14:50Z
2026-09-07T07:11:41Z,2026-09-07T09:11:41+0200,4e1f0688-6a6e-4357-a7d0-1d07d19fc838,2026-09-07T06:00:00Z,2026-09-07T08:00:00+0200,230.04,EUR/MWh,BE,BE,day_ahead_price,value,2026-09-07T07:14:50Z
2026-09-07T07:11:41Z,2026-09-07T09:11:41+0200,4e1f0688-6a6e-4357-a7d0-1d07d19fc838,2026-09-07T06:15:00Z,2026-09-07T08:15:00+0200,219.95,EUR/MWh,BE,BE,day_ahead_price,value,2026-09-07T07:14:50Z
2026-09-07T07:11:41Z,2026-09-07T09:11:41+0200,4e1f0688-6a6e-4357-a7d0-1d07d19fc838,2026-09-07T06:30:00Z,2026-09-07T08:30:00+0200,206.24,EUR/MWh,BE,BE,day_ahead_price,value,2026-09-07T07:14:50Z
2026-09-07T07:11:41Z,2026-09-07T09:11:41+0200,4e1f0688-6a6e-4357-a7d0-1d07d19fc838,2026-09-07T06:45:00Z,2026-09-07T08:45:00+0200,193.0,EUR/MWh,BE,BE,day_ahead_price,value,2026-09-07T07:14:50Z
2026-09-07T07:11:41Z,2026-09-07T09:11:41+0200,4e1f0688-6a6e-4357-a7d0-1d07d19fc838,2026-09-07T07:00:00Z,2026-09-07T09:00:00+0200,210.91,EUR/MWh,BE,BE,day_ahead_price,value,2026-09-07T07:14:50Z
2026-09-07T07:11:41Z,2026-09-07T09:11:41+0200,4e1f0688-6a6e-4357-a7d0-1d07d19fc838,2026-09-07T07:15:00Z,2026-09-07T09:15:00+0200,208.46,EUR/MWh,BE,BE,day_ahead_price,value,2026-09-07T07:15:11Z
2026-09-07T07:11:41Z,2026-09-07T09:11:41+0200,4e1f0688-6a6e-4357-a7d0-1d07d19fc838,2026-09-07T07:30:00Z,2026-09-07T09:30:00+0200,175.75,EUR/MWh,BE,BE,day_ahead_price,value,2026-09-07T07:15:11Z
2026-09-07T07:11:41Z,2026-09-07T09:11:41+0200,4e1f0688-6a6e-4357-a7d0-1d07d19fc838,2026-09-07T07:45:00Z,2026-09-07T09:45:00+0200,163.68,EUR/MWh,BE,BE,day_ahead_price,value,2026-09-07T07:15:11Z
2026-09-07T07:11:41Z,2026-09-07T09:11:41+0200,4e1f0688-6a6e-4357-a7d0-1d07d19fc838,2026-09-07T08:00:00Z,2026-09-07T10:00:00+0200,186.35,EUR/MWh,BE,BE,day_ahead_price,value,2026-09-07T07:15:11Z
2026-09-07T07:11:41Z,2026-09-07T09:11:41+0200,4e1f0688-6a6e-4357-a7d0-1d07d19fc838,2026-09-07T08:15:00Z,2026-09-07T10:15:00+0200,167.47,EUR/MWh,BE,BE,day_ahead_price,value,2026-09-07T07:15:11Z
2026-09-07T07:11:41Z,2026-09-07T09:11:41+0200,4e1f0688-6a6e-4357-a7d0-1d07d19fc838,2026-09-07T08:30:00Z,2026-09-07T10:30:00+0200,154.05,EUR/MWh,BE,BE,day_ahead_price,value,2026-09-07T07:15:11Z
2026-09-07T07:11:41Z,2026-09-07T09:11:41+0200,4e1f0688-6a6e-4357-a7d0-1d07d19fc838,2026-09-07T08:45:00Z,2026-09-07T10:45:00+0200,128.12,EUR/MWh,BE,BE,day_ahead_price,value,2026-09-07T07:15:11Z
2026-09-07T07:11:41Z,2026-09-07T09:11:41+0200,4e1f0688-6a6e-4357-a7d0-1d07d19fc838,2026-09-07T09:00:00Z,2026-09-07T11:00:00+0200,163.95,EUR/MWh,BE,BE,day_ahead_price,value,2026-09-07T07:15:11Z
2026-09-07T07:11:41Z,2026-09-07T09:11:41+0200,4e1f0688-6a6e-4357-a7d0-1d07d19fc838,2026-09-07T09:15:00Z,2026-09-07T11:15:00+0200,149.14,EUR/MWh,BE,BE,day_ahead_price,value,2026-09-07T07:15:11Z
2026-09-07T07:11:41Z,2026-09-07T09:11:41+0200,4e1f0688-6a6e-4357-a7d0-1d07d19fc838,2026-09-07T09:30:00Z,2026-09-07T11:30:00+0200,119.1,EUR/MWh,BE,BE,day_ahead_price,value,2026-09-07T07:15:11Z
2026-09-07T07:11:41Z,2026-09-07T09:11:41+0200,4e1f0688-6a6e-4357-a7d0-1d07d19fc838,2026-09-07T09:45:00Z,2026-09-07T11:45:00+0200,113.04,EUR/MWh,BE,BE,day_ahead_price,value,2026-09-07T07:15:11Z
2026-09-07T07:11:41Z,2026-09-07T09:11:41+0200,4e1f0688-6a6e-4357-a7d0-1d07d19fc838,2026-09-07T10:00:00Z,2026-09-07T12:00:00+0200,111.9,EUR/MWh,BE,BE,day_ahead_price,value,2026-09-07T07:15:11Z
2026-09-07T07:11:41Z,2026-09-07T09:11:41+0200,4e1f0688-6a6e-4357-a7d0-1d07d19fc838,2026-09-07T10:15:00Z,2026-09-07T12:15:00+0200,108.75,EUR/MWh,BE,BE,day_ahead_price,value,2026-09-07T07:15:11Z
2026-09-07T07:11:41Z,2026-09-07T09:11:41+0200,4e1f0688-6a6e-4357-a7d0-1d07d19fc838,2026-09-07T10:30:00Z,2026-09-07T12:30:00+0200,89.94,EUR/MWh,BE,BE,day_ahead_price,value,2026-09-07T07:15:11Z
2026-09-07T07:11:41Z,2026-09-07T09:11:41+0200,4e1f0688-6a6e-4357-a7d0-1d07d19fc838,2026-09-07T10:45:00Z,2026-09-07T12:45:00+0200,85.54,EUR/MWh,BE,BE,day_ahead_price,value,2026-09-07T07:15:11Z
2026-09-07T07:11:41Z,2026-09-07T09:11:41+0200,4e1f0688-6a6e-4357-a7d0-1d07d19fc838,2026-09-07T11:00:00Z,2026-09-07T13:00:00+0200,84.2,EUR/MWh,BE,BE,day_ahead_price,value,2026-09-07T07:15:11Z
2026-09-07T07:11:41Z,2026-09-07T09:11:41+0200,4e1f0688-6a6e-4357-a7d0-1d07d19fc838,2026-09-07T11:15:00Z,2026-09-07T13:15:00+0200,81.24,EUR/MWh,BE,BE,day_ahead_price,value,2026-09-07T07:15:11Z
2026-09-07T07:11:41Z,2026-09-07T09:11:41+0200,4e1f0688-6a6e-4357-a7d0-1d07d19fc838,2026-09-07T11:30:00Z,2026-09-07T13:30:00+0200,76.54,EUR/MWh,BE,BE,day_ahead_price,value,2026-09-07T07:15:11Z
2026-09-07T07:11:41Z,2026-09-07T09:11:41+0200,4e1f0688-6a6e-4357-a7d0-1d07d19fc838,2026-09-07T11:45:00Z,2026-09-07T13:45:00+0200,71.22,EUR/MWh,BE,BE,day_ahead_price,value,2026-09-07T07:15:11Z
2026-09-07T07:11:41Z,2026-09-07T09:11:41+0200,4e1f0688-6a6e-4357-a7d0-1d07d19fc838,2026-09-07T12:00:00Z,2026-09-07T14:00:00+0200,88.66,EUR/MWh,BE,BE,day_ahead_price,value,2026-09-07T07:15:11Z
2026-09-07T07:11:41Z,2026-09-07T09:11:41+0200,4e1f0688-6a6e-4357-a7d0-1d07d19fc838,2026-09-07T12:15:00Z,2026-09-07T14:15:00+0200,93.99,EUR/MWh,BE,BE,day_ahead_price,value,2026-09-07T07:15:11Z
2026-09-07T07:11:41Z,2026-09-07T09:11:41+0200,4e1f0688-6a6e-4357-a7d0-1d07d19fc838,2026-09-07T12:30:00Z,2026-09-07T14:30:00+0200,94.0,EUR/MWh,BE,BE,day_ahead_price,value,2026-09-07T07:15:11Z
2026-09-07T07:11:41Z,2026-09-07T09:11:41+0200,4e1f0688-6a6e-4357-a7d0-1d07d19fc838,2026-09-07T12:45:00Z,2026-09-07T14:45:00+0200,91.11,EUR/MWh,BE,BE,day_ahead_price,value,2026-09-07T07:15:11Z
2026-09-07T07:11:41Z,2026-09-07T09:11:41+0200,4e1f0688-6a6e-4357-a7d0-1d07d19fc838,2026-09-07T13:00:00Z,2026-09-07T15:00:00+0200,84.95,EUR/MWh,BE,BE,day_ahead_price,value,2026-09-07T07:15:11Z
2026-09-07T07:11:41Z,2026-09-07T09:11:41+0200,4e1f0688-6a6e-4357-a7d0-1d07d19fc838,2026-09-07T13:15:00Z,2026-09-07T15:15:00+0200,79.8,EUR/MWh,BE,BE,day_ahead_price,value,2026-09-07T07:15:11Z
2026-09-07T07:11:41Z,2026-09-07T09:11:41+0200,4e1f0688-6a6e-4357-a7d0-1d07d19fc838,2026-09-07T13:30:00Z,2026-09-07T15:30:00+0200,108.5,EUR/MWh,BE,BE,day_ahead_price,value,2026-09-07T07:15:11Z
2026-09-07T07:11:41Z,2026-09-07T09:11:41+0200,4e1f0688-6a6e-4357-a7d0-1d07d19fc838,2026-09-07T13:45:00Z,2026-09-07T15:45:00+0200,122.0,EUR/MWh,BE,BE,day_ahead_price,value,2026-09-07T07:15:11Z
2026-09-07T07:11:41Z,2026-09-07T09:11:41+0200,4e1f0688-6a6e-4357-a7d0-1d07d19fc838,2026-09-07T14:00:00Z,2026-09-07T16:00:00+0200,76.72,EUR/MWh,BE,BE,day_ahead_price,value,2026-09-07T07:15:11Z
2026-09-07T07:11:41Z,2026-09-07T09:11:41+0200,4e1f0688-6a6e-4357-a7d0-1d07d19fc838,2026-09-07T14:15:00Z,2026-09-07T16:15:00+0200,98.29,EUR/MWh,BE,BE,day_ahead_price,value,2026-09-07T07:15:11Z
2026-09-07T07:11:41Z,2026-09-07T09:11:41+0200,4e1f0688-6a6e-4357-a7d0-1d07d19fc838,2026-09-07T14:30:00Z,2026-09-07T16:30:00+0200,152.66,EUR/MWh,BE,BE,day_ahead_price,value,2026-09-07T07:15:11Z
2026-09-07T07:11:41Z,2026-09-07T09:11:41+0200,4e1f0688-6a6e-4357-a7d0-1d07d19fc838,2026-09-07T14:45:00Z,2026-09-07T16:45:00+0200,175.0,EUR/MWh,BE,BE,day_ahead_price,value,2026-09-07T07:15:11Z
2026-09-07T07:11:41Z,2026-09-07T09:11:41+0200,4e1f0688-6a6e-4357-a7d0-1d07d19fc838,2026-09-07T15:00:00Z,2026-09-07T17:00:00+0200,120.3,EUR/MWh,BE,BE,day_ahead_price,value,2026-09-07T07:15:11Z
2026-09-07T07:11:41Z,2026-09-07T09:11:41+0200,4e1f0688-6a6e-4357-a7d0-1d07d19fc838,2026-09-07T15:15:00Z,2026-09-07T17:15:00+0200,151.06,EUR/MWh,BE,BE,day_ahead_price,value,2026-09-07T07:15:11Z
2026-09-07T07:11:41Z,2026-09-07T09:11:41+0200,4e1f0688-6a6e-4357-a7d0-1d07d19fc838,2026-09-07T15:30:00Z,2026-09-07T17:30:00+0200,176.44,EUR/MWh,BE,BE,day_ahead_price,value,2026-09-07T07:15:11Z
2026-09-07T07:11:41Z,2026-09-07T09:11:41+0200,4e1f0688-6a6e-4357-a7d0-1d07d19fc838,2026-09-07T15:45:00Z,2026-09-07T17:45:00+0200,212.78,EUR/MWh,BE,BE,day_ahead_price,value,2026-09-07T07:15:11Z
2026-09-07T07:11:41Z,2026-09-07T09:11:41+0200,4e1f0688-6a6e-4357-a7d0-1d07d19fc838,2026-09-07T16:00:00Z,2026-09-07T18:00:00+0200,174.56,EUR/MWh,BE,BE,day_ahead_price,value,2026-09-07T07:15:11Z
2026-09-07T07:11:41Z,2026-09-07T09:11:41+0200,4e1f0688-6a6e-4357-a7d0-1d07d19fc838,2026-09-07T16:15:00Z,2026-09-07T18:15:00+0200,192.43,EUR/MWh,BE,BE,day_ahead_price,value,2026-09-07T07:15:11Z
2026-09-07T07:11:41Z,2026-09-07T09:11:41+0200,4e1f0688-6a6e-4357-a7d0-1d07d19fc838,2026-09-07T16:30:00Z,2026-09-07T18:30:00+0200,207.21,EUR/MWh,BE,BE,day_ahead_price,value,2026-09-07T07:15:11Z
2026-09-07T07:11:41Z,2026-09-07T09:11:41+0200,4e1f0688-6a6e-4357-a7d0-1d07d19fc838,2026-09-07T16:45:00Z,2026-09-07T18:45:00+0200,253.27,EUR/MWh,BE,BE,day_ahead_price,value,2026-09-07T07:15:11Z
2026-09-07T07:11:41Z,2026-09-07T09:11:41+0200,4e1f0688-6a6e-4357-a7d0-1d07d19fc838,2026-09-07T17:00:00Z,2026-09-07T19:00:00+0200,223.41,EUR/MWh,BE,BE,day_ahead_price,value,2026-09-07T07:15:11Z
2026-09-07T07:11:41Z,2026-09-07T09:11:41+0200,4e1f0688-6a6e-4357-a7d0-1d07d19fc838,2026-09-07T17:15:00Z,2026-09-07T19:15:00+0200,238.42,EUR/MWh,BE,BE,day_ahead_price,value,2026-09-07T07:15:11Z
2026-09-07T07:11:41Z,2026-09-07T09:11:41+0200,4e1f0688-6a6e-4357-a7d0-1d07d19fc838,2026-09-07T17:30:00Z,2026-09-07T19:30:00+0200,256.31,EUR/MWh,BE,BE,day_ahead_price,value,2026-09-07T07:15:11Z
2026-09-07T07:11:41Z,2026-09-07T09:11:41+0200,4e1f0688-6a6e-4357-a7d0-1d07d19fc838,2026-09-07T17:45:00Z,2026-09-07T19:45:00+0200,251.52,EUR/MWh,BE,BE,day_ahead_price,value,2026-09-07T07:15:11Z
2026-09-07T07:11:41Z,2026-09-07T09:11:41+0200,4e1f0688-6a6e-4357-a7d0-1d07d19fc838,2026-09-07T18:00:00Z,2026-09-07T20:00:00+0200,231.09,EUR/MWh,BE,BE,day_ahead_price,value,2026-09-07T07:15:11Z
2026-09-07T07:11:41Z,2026-09-07T09:11:41+0200,4e1f0688-6a6e-4357-a7d0-1d07d19fc838,2026-09-07T18:15:00Z,2026-09-07T20:15:00+0200,236.2,EUR/MWh,BE,BE,day_ahead_price,value,2026-09-07T07:15:11Z
2026-09-07T07:11:41Z,2026-09-07T09:11:41+0200,4e1f0688-6a6e-4357-a7d0-1d07d19fc838,2026-09-07T18:30:00Z,2026-09-07T20:30:00+0200,240.78,EUR/MWh,BE,BE,day_ahead_price,value,2026-09-07T07:15:11Z
2026-09-07T07:11:41Z,2026-09-07T09:11:41+0200,4e1f0688-6a6e-4357-a7d0-1d07d19fc838,2026-09-07T18:45:00Z,2026-09-07T20:45:00+0200,227.76,EUR/MWh,BE,BE,day_ahead_price,value,2026-09-07T07:15:11Z
2026-09-07T07:11:41Z,2026-09-07T09:11:41+0200,4e1f0688-6a6e-4357-a7d0-1d07d19fc838,2026-09-07T19:00:00Z,2026-09-07T21:00:00+0200,234.26,EUR/MWh,BE,BE,day_ahead_price,value,2026-09-07T07:15:11Z
2026-09-07T07:11:41Z,2026-09-07T09:11:41+0200,4e1f0688-6a6e-4357-a7d0-1d07d19fc838,2026-09-07T19:15:00Z,2026-09-07T21:15:00+0200,208.47,EUR/MWh,BE,BE,day_ahead_price,value,2026-09-07T07:15:11Z
2026-09-07T07:11:41Z,2026-09-07T09:11:41+0200,4e1f0688-6a6e-4357-a7d0-1d07d19fc838,2026-09-07T19:30:00Z,2026-09-07T21:30:00+0200,199.27,EUR/MWh,BE,BE,day_ahead_price,value,2026-09-07T07:15:11Z
2026-09-07T07:11:41Z,2026-09-07T09:11:41+0200,4e1f0688-6a6e-4357-a7d0-1d07d19fc838,2026-09-07T19:45:00Z,2026-09-07T21:45:00+0200,182.15,EUR/MWh,BE,BE,day_ahead_price,value,2026-09-07T07:15:11Z
2026-09-07T07:11:41Z,2026-09-07T09:11:41+0200,4e1f0688-6a6e-4357-a7d0-1d07d19fc838,2026-09-07T20:00:00Z,2026-09-07T22:00:00+0200,196.74,EUR/MWh,BE,BE,day_ahead_price,value,2026-09-07T07:15:11Z
2026-09-07T07:11:41Z,2026-09-07T09:11:41+0200,4e1f0688-6a6e-4357-a7d0-1d07d19fc838,2026-09-07T20:15:00Z,2026-09-07T22:15:00+0200,190.39,EUR/MWh,BE,BE,day_ahead_price,value,2026-09-07T07:15:11Z
2026-09-07T07:11:41Z,2026-09-07T09:11:41+0200,4e1f0688-6a6e-4357-a7d0-1d07d19fc838,2026-09-07T20:30:00Z,2026-09-07T22:30:00+0200,189.67,EUR/MWh,BE,BE,day_ahead_price,value,2026-09-07T07:15:11Z
2026-09-07T07:11:41Z,2026-09-07T09:11:41+0200,4e1f0688-6a6e-4357-a7d0-1d07d19fc838,2026-09-07T20:45:00Z,2026-09-07T22:45:00+0200,181.83,EUR/MWh,BE,BE,day_ahead_price,value,2026-09-07T07:15:11Z
2026-09-07T07:11:41Z,2026-09-07T09:11:41+0200,4e1f0688-6a6e-4357-a7d0-1d07d19fc838,2026-09-07T21:00:00Z,2026-09-07T23:00:00+0200,184.32,EUR/MWh,BE,BE,day_ahead_price,value,2026-09-07T07:15:11Z
2026-09-07T07:11:41Z,2026-09-07T09:11:41+0200,4e1f0688-6a6e-4357-a7d0-1d07d19fc838,2026-09-07T21:15:00Z,2026-09-07T23:15:00+0200,176.62,EUR/MWh,BE,BE,day_ahead_price,value,2026-09-07T07:15:11Z
2026-09-07T07:11:41Z,2026-09-07T09:11:41+0200,4e1f0688-6a6e-4357-a7d0-1d07d19fc838,2026-09-07T21:30:00Z,2026-09-07T23:30:00+0200,178.67,EUR/MWh,BE,BE,day_ahead_price,value,2026-09-07T07:15:11Z
2026-09-07T07:11:41Z,2026-09-07T09:11:41+0200,4e1f0688-6a6e-4357-a7d0-1d07d19fc838,2026-09-07T21:45:00Z,2026-09-07T23:45:00+0200,167.72,EUR/MWh,BE,BE,day_ahead_price,value,2026-09-07T07:15:11Z
