collection_time_utc,collection_time_local,run_id,timestamp_utc,timestamp_local,value,unit,country,entsoe_area,variable,source,updated_at_utc
2026-07-26T16:33:47Z,2026-07-26T18:33:47+0200,74eb74bd-8b1d-47e4-abd1-e66c3ea271fa,2026-06-25T17:00:00Z,2026-06-25T19:00:00+0200,524.0,MW,NL,NL,forecast_offshore_wind_generation,Wind Offshore,2026-07-26T16:36:36Z
2026-07-26T16:33:47Z,2026-07-26T18:33:47+0200,74eb74bd-8b1d-47e4-abd1-e66c3ea271fa,2026-06-25T17:15:00Z,2026-06-25T19:15:00+0200,549.0,MW,NL,NL,forecast_offshore_wind_generation,Wind Offshore,2026-07-26T16:36:36Z
2026-07-26T16:33:47Z,2026-07-26T18:33:47+0200,74eb74bd-8b1d-47e4-abd1-e66c3ea271fa,2026-06-25T17:30:00Z,2026-06-25T19:30:00+0200,563.0,MW,NL,NL,forecast_offshore_wind_generation,Wind Offshore,2026-07-26T16:36:36Z
2026-07-26T16:33:47Z,2026-07-26T18:33:47+0200,74eb74bd-8b1d-47e4-abd1-e66c3ea271fa,2026-06-25T17:45:00Z,2026-06-25T19:45:00+0200,577.0,MW,NL,NL,forecast_offshore_wind_generation,Wind Offshore,2026-07-26T16:36:36Z
2026-07-26T16:33:47Z,2026-07-26T18:33:47+0200,74eb74bd-8b1d-47e4-abd1-e66c3ea271fa,2026-06-25T18:00:00Z,2026-06-25T20:00:00+0200,591.0,MW,NL,NL,forecast_offshore_wind_generation,Wind Offshore,2026-07-26T16:36:36Z
2026-07-26T16:33:47Z,2026-07-26T18:33:47+0200,74eb74bd-8b1d-47e4-abd1-e66c3ea271fa,2026-06-25T18:15:00Z,2026-06-25T20:15:00+0200,611.0,MW,NL,NL,forecast_offshore_wind_generation,Wind Offshore,2026-07-26T16:36:36Z
2026-07-26T16:33:47Z,2026-07-26T18:33:47+0200,74eb74bd-8b1d-47e4-abd1-e66c3ea271fa,2026-06-25T18:30:00Z,2026-06-25T20:30:00+0200,636.0,MW,NL,NL,forecast_offshore_wind_generation,Wind Offshore,2026-07-26T16:36:36Z
2026-07-26T16:33:47Z,2026-07-26T18:33:47+0200,74eb74bd-8b1d-47e4-abd1-e66c3ea271fa,2026-06-25T18:45:00Z,2026-06-25T20:45:00+0200,661.0,MW,NL,NL,forecast_offshore_wind_generation,Wind Offshore,2026-07-26T16:36:36Z
2026-07-26T16:33:47Z,2026-07-26T18:33:47+0200,74eb74bd-8b1d-47e4-abd1-e66c3ea271fa,2026-06-25T19:00:00Z,2026-06-25T21:00:00+0200,686.0,MW,NL,NL,forecast_offshore_wind_generation,Wind Offshore,2026-07-26T16:36:36Z
2026-07-26T16:33:47Z,2026-07-26T18:33:47+0200,74eb74bd-8b1d-47e4-abd1-e66c3ea271fa,2026-06-25T19:15:00Z,2026-06-25T21:15:00+0200,704.0,MW,NL,NL,forecast_offshore_wind_generation,Wind Offshore,2026-07-26T16:36:36Z
2026-07-26T16:33:47Z,2026-07-26T18:33:47+0200,74eb74bd-8b1d-47e4-abd1-e66c3ea271fa,2026-06-25T19:30:00Z,2026-06-25T21:30:00+0200,715.0,MW,NL,NL,forecast_offshore_wind_generation,Wind Offshore,2026-07-26T16:36:36Z
2026-07-26T16:33:47Z,2026-07-26T18:33:47+0200,74eb74bd-8b1d-47e4-abd1-e66c3ea271fa,2026-06-25T19:45:00Z,2026-06-25T21:45:00+0200,726.0,MW,NL,NL,forecast_offshore_wind_generation,Wind Offshore,2026-07-26T16:36:36Z
2026-07-26T16:33:47Z,2026-07-26T18:33:47+0200,74eb74bd-8b1d-47e4-abd1-e66c3ea271fa,2026-06-25T20:00:00Z,2026-06-25T22:00:00+0200,737.0,MW,NL,NL,forecast_offshore_wind_generation,Wind Offshore,2026-07-26T16:36:36Z
2026-07-26T16:33:47Z,2026-07-26T18:33:47+0200,74eb74bd-8b1d-47e4-abd1-e66c3ea271fa,2026-06-25T20:15:00Z,2026-06-25T22:15:00+0200,758.0,MW,NL,NL,forecast_offshore_wind_generation,Wind Offshore,2026-07-26T16:36:36Z
2026-07-26T16:33:47Z,2026-07-26T18:33:47+0200,74eb74bd-8b1d-47e4-abd1-e66c3ea271fa,2026-06-25T20:30:00Z,2026-06-25T22:30:00+0200,787.0,MW,NL,NL,forecast_offshore_wind_generation,Wind Offshore,2026-07-26T16:36:36Z
2026-07-26T16:33:47Z,2026-07-26T18:33:47+0200,74eb74bd-8b1d-47e4-abd1-e66c3ea271fa,2026-06-25T20:45:00Z,2026-06-25T22:45:00+0200,817.0,MW,NL,NL,forecast_offshore_wind_generation,Wind Offshore,2026-07-26T16:36:36Z
2026-07-26T16:33:47Z,2026-07-26T18:33:47+0200,74eb74bd-8b1d-47e4-abd1-e66c3ea271fa,2026-06-25T21:00:00Z,2026-06-25T23:00:00+0200,847.0,MW,NL,NL,forecast_offshore_wind_generation,Wind Offshore,2026-07-26T16:36:36Z
2026-07-26T16:33:47Z,2026-07-26T18:33:47+0200,74eb74bd-8b1d-47e4-abd1-e66c3ea271fa,2026-06-25T21:15:00Z,2026-06-25T23:15:00+0200,860.0,MW,NL,NL,forecast_offshore_wind_generation,Wind Offshore,2026-07-26T16:36:36Z
2026-07-26T16:33:47Z,2026-07-26T18:33:47+0200,74eb74bd-8b1d-47e4-abd1-e66c3ea271fa,2026-06-25T21:30:00Z,2026-06-25T23:30:00+0200,858.0,MW,NL,NL,forecast_offshore_wind_generation,Wind Offshore,2026-07-26T16:36:36Z
2026-07-26T16:33:47Z,2026-07-26T18:33:47+0200,74eb74bd-8b1d-47e4-abd1-e66c3ea271fa,2026-06-25T21:45:00Z,2026-06-25T23:45:00+0200,856.0,MW,NL,NL,forecast_offshore_wind_generation,Wind Offshore,2026-07-26T16:36:36Z
2026-07-26T16:33:47Z,2026-07-26T18:33:47+0200,74eb74bd-8b1d-47e4-abd1-e66c3ea271fa,2026-06-25T22:00:00Z,2026-06-26T00:00:00+0200,655.0,MW,NL,NL,forecast_offshore_wind_generation,Wind Offshore,2026-07-26T16:36:36Z
2026-07-26T16:33:47Z,2026-07-26T18:33:47+0200,74eb74bd-8b1d-47e4-abd1-e66c3ea271fa,2026-06-25T22:15:00Z,2026-06-26T00:15:00+0200,656.0,MW,NL,NL,forecast_offshore_wind_generation,Wind Offshore,2026-07-26T16:36:36Z
2026-07-26T16:33:47Z,2026-07-26T18:33:47+0200,74eb74bd-8b1d-47e4-abd1-e66c3ea271fa,2026-06-25T22:30:00Z,2026-06-26T00:30:00+0200,656.0,MW,NL,NL,forecast_offshore_wind_generation,Wind Offshore,2026-07-26T16:36:36Z
2026-07-26T16:33:47Z,2026-07-26T18:33:47+0200,74eb74bd-8b1d-47e4-abd1-e66c3ea271fa,2026-06-25T22:45:00Z,2026-06-26T00:45:00+0200,656.0,MW,NL,NL,forecast_offshore_wind_generation,Wind Offshore,2026-07-26T16:36:36Z
2026-07-26T16:33:47Z,2026-07-26T18:33:47+0200,74eb74bd-8b1d-47e4-abd1-e66c3ea271fa,2026-06-25T23:00:00Z,2026-06-26T01:00:00+0200,657.0,MW,NL,NL,forecast_offshore_wind_generation,Wind Offshore,2026-07-26T16:36:36Z
2026-07-26T16:33:47Z,2026-07-26T18:33:47+0200,74eb74bd-8b1d-47e4-abd1-e66c3ea271fa,2026-06-25T23:15:00Z,2026-06-26T01:15:00+0200,656.0,MW,NL,NL,forecast_offshore_wind_generation,Wind Offshore,2026-07-26T16:36:36Z
2026-07-26T16:33:47Z,2026-07-26T18:33:47+0200,74eb74bd-8b1d-47e4-abd1-e66c3ea271fa,2026-06-25T23:30:00Z,2026-06-26T01:30:00+0200,654.0,MW,NL,NL,forecast_offshore_wind_generation,Wind Offshore,2026-07-26T16:36:36Z
2026-07-26T16:33:47Z,2026-07-26T18:33:47+0200,74eb74bd-8b1d-47e4-abd1-e66c3ea271fa,2026-06-25T23:45:00Z,2026-06-26T01:45:00+0200,652.0,MW,NL,NL,forecast_offshore_wind_generation,Wind Offshore,2026-07-26T16:36:36Z
2026-07-26T16:33:47Z,2026-07-26T18:33:47+0200,74eb74bd-8b1d-47e4-abd1-e66c3ea271fa,2026-06-26T00:00:00Z,2026-06-26T02:00:00+0200,651.0,MW,NL,NL,forecast_offshore_wind_generation,Wind Offshore,2026-07-26T16:36:36Z
2026-07-26T16:33:47Z,2026-07-26T18:33:47+0200,74eb74bd-8b1d-47e4-abd1-e66c3ea271fa,2026-06-26T00:15:00Z,2026-06-26T02:15:00+0200,654.0,MW,NL,NL,forecast_offshore_wind_generation,Wind Offshore,2026-07-26T16:36:36Z
2026-07-26T16:33:47Z,2026-07-26T18:33:47+0200,74eb74bd-8b1d-47e4-abd1-e66c3ea271fa,2026-06-26T00:30:00Z,2026-06-26T02:30:00+0200,662.0,MW,NL,NL,forecast_offshore_wind_generation,Wind Offshore,2026-07-26T16:36:36Z
2026-07-26T16:33:47Z,2026-07-26T18:33:47+0200,74eb74bd-8b1d-47e4-abd1-e66c3ea271fa,2026-06-26T00:45:00Z,2026-06-26T02:45:00+0200,670.0,MW,NL,NL,forecast_offshore_wind_generation,Wind Offshore,2026-07-26T16:36:36Z
2026-07-26T16:33:47Z,2026-07-26T18:33:47+0200,74eb74bd-8b1d-47e4-abd1-e66c3ea271fa,2026-06-26T01:00:00Z,2026-06-26T03:00:00+0200,678.0,MW,NL,NL,forecast_offshore_wind_generation,Wind Offshore,2026-07-26T16:36:36Z
2026-07-26T16:33:47Z,2026-07-26T18:33:47+0200,74eb74bd-8b1d-47e4-abd1-e66c3ea271fa,2026-06-26T01:15:00Z,2026-06-26T03:15:00+0200,687.0,MW,NL,NL,forecast_offshore_wind_generation,Wind Offshore,2026-07-26T16:36:36Z
2026-07-26T16:33:47Z,2026-07-26T18:33:47+0200,74eb74bd-8b1d-47e4-abd1-e66c3ea271fa,2026-06-26T01:30:00Z,2026-06-26T03:30:00+0200,695.0,MW,NL,NL,forecast_offshore_wind_generation,Wind Offshore,2026-07-26T16:36:36Z
2026-07-26T16:33:47Z,2026-07-26T18:33:47+0200,74eb74bd-8b1d-47e4-abd1-e66c3ea271fa,2026-06-26T01:45:00Z,2026-06-26T03:45:00+0200,704.0,MW,NL,NL,forecast_offshore_wind_generation,Wind Offshore,2026-07-26T16:36:36Z
2026-07-26T16:33:47Z,2026-07-26T18:33:47+0200,74eb74bd-8b1d-47e4-abd1-e66c3ea271fa,2026-06-26T02:00:00Z,2026-06-26T04:00:00+0200,713.0,MW,NL,NL,forecast_offshore_wind_generation,Wind Offshore,2026-07-26T16:36:36Z
2026-07-26T16:33:47Z,2026-07-26T18:33:47+0200,74eb74bd-8b1d-47e4-abd1-e66c3ea271fa,2026-06-26T02:15:00Z,2026-06-26T04:15:00+0200,718.0,MW,NL,NL,forecast_offshore_wind_generation,Wind Offshore,2026-07-26T16:36:36Z
2026-07-26T16:33:47Z,2026-07-26T18:33:47+0200,74eb74bd-8b1d-47e4-abd1-e66c3ea271fa,2026-06-26T02:30:00Z,2026-06-26T04:30:00+0200,721.0,MW,NL,NL,forecast_offshore_wind_generation,Wind Offshore,2026-07-26T16:36:36Z
2026-07-26T16:33:47Z,2026-07-26T18:33:47+0200,74eb74bd-8b1d-47e4-abd1-e66c3ea271fa,2026-06-26T02:45:00Z,2026-06-26T04:45:00+0200,724.0,MW,NL,NL,forecast_offshore_wind_generation,Wind Offshore,2026-07-26T16:36:36Z
2026-07-26T16:33:47Z,2026-07-26T18:33:47+0200,74eb74bd-8b1d-47e4-abd1-e66c3ea271fa,2026-06-26T03:00:00Z,2026-06-26T05:00:00+0200,726.0,MW,NL,NL,forecast_offshore_wind_generation,Wind Offshore,2026-07-26T16:36:36Z
2026-07-26T16:33:47Z,2026-07-26T18:33:47+0200,74eb74bd-8b1d-47e4-abd1-e66c3ea271fa,2026-06-26T03:15:00Z,2026-06-26T05:15:00+0200,720.0,MW,NL,NL,forecast_offshore_wind_generation,Wind Offshore,2026-07-26T16:36:36Z
2026-07-26T16:33:47Z,2026-07-26T18:33:47+0200,74eb74bd-8b1d-47e4-abd1-e66c3ea271fa,2026-06-26T03:30:00Z,2026-06-26T05:30:00+0200,704.0,MW,NL,NL,forecast_offshore_wind_generation,Wind Offshore,2026-07-26T16:36:36Z
2026-07-26T16:33:47Z,2026-07-26T18:33:47+0200,74eb74bd-8b1d-47e4-abd1-e66c3ea271fa,2026-06-26T03:45:00Z,2026-06-26T05:45:00+0200,688.0,MW,NL,NL,forecast_offshore_wind_generation,Wind Offshore,2026-07-26T16:36:36Z
2026-07-26T16:33:47Z,2026-07-26T18:33:47+0200,74eb74bd-8b1d-47e4-abd1-e66c3ea271fa,2026-06-26T04:00:00Z,2026-06-26T06:00:00+0200,673.0,MW,NL,NL,forecast_offshore_wind_generation,Wind Offshore,2026-07-26T16:36:36Z
2026-07-26T16:33:47Z,2026-07-26T18:33:47+0200,74eb74bd-8b1d-47e4-abd1-e66c3ea271fa,2026-06-26T04:15:00Z,2026-06-26T06:15:00+0200,663.0,MW,NL,NL,forecast_offshore_wind_generation,Wind Offshore,2026-07-26T16:36:36Z
2026-07-26T16:33:47Z,2026-07-26T18:33:47+0200,74eb74bd-8b1d-47e4-abd1-e66c3ea271fa,2026-06-26T04:30:00Z,2026-06-26T06:30:00+0200,660.0,MW,NL,NL,forecast_offshore_wind_generation,Wind Offshore,2026-07-26T16:36:36Z
2026-07-26T16:33:47Z,2026-07-26T18:33:47+0200,74eb74bd-8b1d-47e4-abd1-e66c3ea271fa,2026-06-26T04:45:00Z,2026-06-26T06:45:00+0200,658.0,MW,NL,NL,forecast_offshore_wind_generation,Wind Offshore,2026-07-26T16:36:36Z
2026-07-26T16:33:47Z,2026-07-26T18:33:47+0200,74eb74bd-8b1d-47e4-abd1-e66c3ea271fa,2026-06-26T05:00:00Z,2026-06-26T07:00:00+0200,655.0,MW,NL,NL,forecast_offshore_wind_generation,Wind Offshore,2026-07-26T16:36:36Z
2026-07-26T16:33:47Z,2026-07-26T18:33:47+0200,74eb74bd-8b1d-47e4-abd1-e66c3ea271fa,2026-06-26T05:15:00Z,2026-06-26T07:15:00+0200,651.0,MW,NL,NL,forecast_offshore_wind_generation,Wind Offshore,2026-07-26T16:36:36Z
2026-07-26T16:33:47Z,2026-07-26T18:33:47+0200,74eb74bd-8b1d-47e4-abd1-e66c3ea271fa,2026-06-26T05:30:00Z,2026-06-26T07:30:00+0200,646.0,MW,NL,NL,forecast_offshore_wind_generation,Wind Offshore,2026-07-26T16:36:36Z
2026-07-26T16:33:47Z,2026-07-26T18:33:47+0200,74eb74bd-8b1d-47e4-abd1-e66c3ea271fa,2026-06-26T05:45:00Z,2026-06-26T07:45:00+0200,640.0,MW,NL,NL,forecast_offshore_wind_generation,Wind Offshore,2026-07-26T16:36:36Z
2026-07-26T16:33:47Z,2026-07-26T18:33:47+0200,74eb74bd-8b1d-47e4-abd1-e66c3ea271fa,2026-06-26T06:00:00Z,2026-06-26T08:00:00+0200,635.0,MW,NL,NL,forecast_offshore_wind_generation,Wind Offshore,2026-07-26T16:36:36Z
2026-07-26T16:33:47Z,2026-07-26T18:33:47+0200,74eb74bd-8b1d-47e4-abd1-e66c3ea271fa,2026-06-26T06:15:00Z,2026-06-26T08:15:00+0200,607.0,MW,NL,NL,forecast_offshore_wind_generation,Wind Offshore,2026-07-26T16:36:36Z
2026-07-26T16:33:47Z,2026-07-26T18:33:47+0200,74eb74bd-8b1d-47e4-abd1-e66c3ea271fa,2026-06-26T06:30:00Z,2026-06-26T08:30:00+0200,555.0,MW,NL,NL,forecast_offshore_wind_generation,Wind Offshore,2026-07-26T16:36:36Z
2026-07-26T16:33:47Z,2026-07-26T18:33:47+0200,74eb74bd-8b1d-47e4-abd1-e66c3ea271fa,2026-06-26T06:45:00Z,2026-06-26T08:45:00+0200,503.0,MW,NL,NL,forecast_offshore_wind_generation,Wind Offshore,2026-07-26T16:36:36Z
2026-07-26T16:33:47Z,2026-07-26T18:33:47+0200,74eb74bd-8b1d-47e4-abd1-e66c3ea271fa,2026-06-26T07:00:00Z,2026-06-26T09:00:00+0200,451.0,MW,NL,NL,forecast_offshore_wind_generation,Wind Offshore,2026-07-26T16:36:36Z
2026-07-26T16:33:47Z,2026-07-26T18:33:47+0200,74eb74bd-8b1d-47e4-abd1-e66c3ea271fa,2026-06-26T07:15:00Z,2026-06-26T09:15:00+0200,406.0,MW,NL,NL,forecast_offshore_wind_generation,Wind Offshore,2026-07-26T16:36:36Z
2026-07-26T16:33:47Z,2026-07-26T18:33:47+0200,74eb74bd-8b1d-47e4-abd1-e66c3ea271fa,2026-06-26T07:30:00Z,2026-06-26T09:30:00+0200,367.0,MW,NL,NL,forecast_offshore_wind_generation,Wind Offshore,2026-07-26T16:36:36Z
2026-07-26T16:33:47Z,2026-07-26T18:33:47+0200,74eb74bd-8b1d-47e4-abd1-e66c3ea271fa,2026-06-26T07:45:00Z,2026-06-26T09:45:00+0200,329.0,MW,NL,NL,forecast_offshore_wind_generation,Wind Offshore,2026-07-26T16:36:36Z
2026-07-26T16:33:47Z,2026-07-26T18:33:47+0200,74eb74bd-8b1d-47e4-abd1-e66c3ea271fa,2026-06-26T08:00:00Z,2026-06-26T10:00:00+0200,290.0,MW,NL,NL,forecast_offshore_wind_generation,Wind Offshore,2026-07-26T16:36:36Z
2026-07-26T16:33:47Z,2026-07-26T18:33:47+0200,74eb74bd-8b1d-47e4-abd1-e66c3ea271fa,2026-06-26T08:15:00Z,2026-06-26T10:15:00+0200,256.0,MW,NL,NL,forecast_offshore_wind_generation,Wind Offshore,2026-07-26T16:36:36Z
2026-07-26T16:33:47Z,2026-07-26T18:33:47+0200,74eb74bd-8b1d-47e4-abd1-e66c3ea271fa,2026-06-26T08:30:00Z,2026-06-26T10:30:00+0200,226.0,MW,NL,NL,forecast_offshore_wind_generation,Wind Offshore,2026-07-26T16:36:36Z
2026-07-26T16:33:47Z,2026-07-26T18:33:47+0200,74eb74bd-8b1d-47e4-abd1-e66c3ea271fa,2026-06-26T08:45:00Z,2026-06-26T10:45:00+0200,195.0,MW,NL,NL,forecast_offshore_wind_generation,Wind Offshore,2026-07-26T16:36:36Z
2026-07-26T16:33:47Z,2026-07-26T18:33:47+0200,74eb74bd-8b1d-47e4-abd1-e66c3ea271fa,2026-06-26T09:00:00Z,2026-06-26T11:00:00+0200,165.0,MW,NL,NL,forecast_offshore_wind_generation,Wind Offshore,2026-07-26T16:36:36Z
2026-07-26T16:33:47Z,2026-07-26T18:33:47+0200,74eb74bd-8b1d-47e4-abd1-e66c3ea271fa,2026-06-26T09:15:00Z,2026-06-26T11:15:00+0200,148.0,MW,NL,NL,forecast_offshore_wind_generation,Wind Offshore,2026-07-26T16:36:36Z
2026-07-26T16:33:47Z,2026-07-26T18:33:47+0200,74eb74bd-8b1d-47e4-abd1-e66c3ea271fa,2026-06-26T09:30:00Z,2026-06-26T11:30:00+0200,144.0,MW,NL,NL,forecast_offshore_wind_generation,Wind Offshore,2026-07-26T16:36:36Z
2026-07-26T16:33:47Z,2026-07-26T18:33:47+0200,74eb74bd-8b1d-47e4-abd1-e66c3ea271fa,2026-06-26T09:45:00Z,2026-06-26T11:45:00+0200,139.0,MW,NL,NL,forecast_offshore_wind_generation,Wind Offshore,2026-07-26T16:36:36Z
2026-07-26T16:33:47Z,2026-07-26T18:33:47+0200,74eb74bd-8b1d-47e4-abd1-e66c3ea271fa,2026-06-26T10:00:00Z,2026-06-26T12:00:00+0200,135.0,MW,NL,NL,forecast_offshore_wind_generation,Wind Offshore,2026-07-26T16:36:36Z
2026-07-26T16:33:47Z,2026-07-26T18:33:47+0200,74eb74bd-8b1d-47e4-abd1-e66c3ea271fa,2026-06-26T10:15:00Z,2026-06-26T12:15:00+0200,131.0,MW,NL,NL,forecast_offshore_wind_generation,Wind Offshore,2026-07-26T16:36:36Z
2026-07-26T16:33:47Z,2026-07-26T18:33:47+0200,74eb74bd-8b1d-47e4-abd1-e66c3ea271fa,2026-06-26T10:30:00Z,2026-06-26T12:30:00+0200,129.0,MW,NL,NL,forecast_offshore_wind_generation,Wind Offshore,2026-07-26T16:36:36Z
2026-07-26T16:33:47Z,2026-07-26T18:33:47+0200,74eb74bd-8b1d-47e4-abd1-e66c3ea271fa,2026-06-26T10:45:00Z,2026-06-26T12:45:00+0200,127.0,MW,NL,NL,forecast_offshore_wind_generation,Wind Offshore,2026-07-26T16:36:36Z
2026-07-26T16:33:47Z,2026-07-26T18:33:47+0200,74eb74bd-8b1d-47e4-abd1-e66c3ea271fa,2026-06-26T11:00:00Z,2026-06-26T13:00:00+0200,124.0,MW,NL,NL,forecast_offshore_wind_generation,Wind Offshore,2026-07-26T16:36:36Z
2026-07-26T16:33:47Z,2026-07-26T18:33:47+0200,74eb74bd-8b1d-47e4-abd1-e66c3ea271fa,2026-06-26T11:15:00Z,2026-06-26T13:15:00+0200,123.0,MW,NL,NL,forecast_offshore_wind_generation,Wind Offshore,2026-07-26T16:36:36Z
2026-07-26T16:33:47Z,2026-07-26T18:33:47+0200,74eb74bd-8b1d-47e4-abd1-e66c3ea271fa,2026-06-26T11:30:00Z,2026-06-26T13:30:00+0200,122.0,MW,NL,NL,forecast_offshore_wind_generation,Wind Offshore,2026-07-26T16:36:36Z
2026-07-26T16:33:47Z,2026-07-26T18:33:47+0200,74eb74bd-8b1d-47e4-abd1-e66c3ea271fa,2026-06-26T11:45:00Z,2026-06-26T13:45:00+0200,122.0,MW,NL,NL,forecast_offshore_wind_generation,Wind Offshore,2026-07-26T16:36:36Z
2026-07-26T16:33:47Z,2026-07-26T18:33:47+0200,74eb74bd-8b1d-47e4-abd1-e66c3ea271fa,2026-06-26T12:00:00Z,2026-06-26T14:00:00+0200,122.0,MW,NL,NL,forecast_offshore_wind_generation,Wind Offshore,2026-07-26T16:36:36Z
2026-07-26T16:33:47Z,2026-07-26T18:33:47+0200,74eb74bd-8b1d-47e4-abd1-e66c3ea271fa,2026-06-26T12:15:00Z,2026-06-26T14:15:00+0200,126.0,MW,NL,NL,forecast_offshore_wind_generation,Wind Offshore,2026-07-26T16:36:36Z
2026-07-26T16:33:47Z,2026-07-26T18:33:47+0200,74eb74bd-8b1d-47e4-abd1-e66c3ea271fa,2026-06-26T12:30:00Z,2026-06-26T14:30:00+0200,137.0,MW,NL,NL,forecast_offshore_wind_generation,Wind Offshore,2026-07-26T16:36:36Z
2026-07-26T16:33:47Z,2026-07-26T18:33:47+0200,74eb74bd-8b1d-47e4-abd1-e66c3ea271fa,2026-06-26T12:45:00Z,2026-06-26T14:45:00+0200,147.0,MW,NL,NL,forecast_offshore_wind_generation,Wind Offshore,2026-07-26T16:36:36Z
2026-07-26T16:33:47Z,2026-07-26T18:33:47+0200,74eb74bd-8b1d-47e4-abd1-e66c3ea271fa,2026-06-26T13:00:00Z,2026-06-26T15:00:00+0200,158.0,MW,NL,NL,forecast_offshore_wind_generation,Wind Offshore,2026-07-26T16:36:36Z
2026-07-26T16:33:47Z,2026-07-26T18:33:47+0200,74eb74bd-8b1d-47e4-abd1-e66c3ea271fa,2026-06-26T13:15:00Z,2026-06-26T15:15:00+0200,165.0,MW,NL,NL,forecast_offshore_wind_generation,Wind Offshore,2026-07-26T16:36:36Z
2026-07-26T16:33:47Z,2026-07-26T18:33:47+0200,74eb74bd-8b1d-47e4-abd1-e66c3ea271fa,2026-06-26T13:30:00Z,2026-06-26T15:30:00+0200,170.0,MW,NL,NL,forecast_offshore_wind_generation,Wind Offshore,2026-07-26T16:36:36Z
2026-07-26T16:33:47Z,2026-07-26T18:33:47+0200,74eb74bd-8b1d-47e4-abd1-e66c3ea271fa,2026-06-26T13:45:00Z,2026-06-26T15:45:00+0200,175.0,MW,NL,NL,forecast_offshore_wind_generation,Wind Offshore,2026-07-26T16:36:36Z
2026-07-26T16:33:47Z,2026-07-26T18:33:47+0200,74eb74bd-8b1d-47e4-abd1-e66c3ea271fa,2026-06-26T14:00:00Z,2026-06-26T16:00:00+0200,180.0,MW,NL,NL,forecast_offshore_wind_generation,Wind Offshore,2026-07-26T16:36:36Z
2026-07-26T16:33:47Z,2026-07-26T18:33:47+0200,74eb74bd-8b1d-47e4-abd1-e66c3ea271fa,2026-06-26T14:15:00Z,2026-06-26T16:15:00+0200,185.0,MW,NL,NL,forecast_offshore_wind_generation,Wind Offshore,2026-07-26T16:36:36Z
2026-07-26T16:33:47Z,2026-07-26T18:33:47+0200,74eb74bd-8b1d-47e4-abd1-e66c3ea271fa,2026-06-26T14:30:00Z,2026-06-26T16:30:00+0200,190.0,MW,NL,NL,forecast_offshore_wind_generation,Wind Offshore,2026-07-26T16:36:36Z
2026-07-26T16:33:47Z,2026-07-26T18:33:47+0200,74eb74bd-8b1d-47e4-abd1-e66c3ea271fa,2026-06-26T14:45:00Z,2026-06-26T16:45:00+0200,196.0,MW,NL,NL,forecast_offshore_wind_generation,Wind Offshore,2026-07-26T16:36:36Z
2026-07-26T16:33:47Z,2026-07-26T18:33:47+0200,74eb74bd-8b1d-47e4-abd1-e66c3ea271fa,2026-06-26T15:00:00Z,2026-06-26T17:00:00+0200,201.0,MW,NL,NL,forecast_offshore_wind_generation,Wind Offshore,2026-07-26T16:36:36Z
2026-07-26T16:33:47Z,2026-07-26T18:33:47+0200,74eb74bd-8b1d-47e4-abd1-e66c3ea271fa,2026-06-26T15:15:00Z,2026-06-26T17:15:00+0200,205.0,MW,NL,NL,forecast_offshore_wind_generation,Wind Offshore,2026-07-26T16:36:36Z
2026-07-26T16:33:47Z,2026-07-26T18:33:47+0200,74eb74bd-8b1d-47e4-abd1-e66c3ea271fa,2026-06-26T15:30:00Z,2026-06-26T17:30:00+0200,209.0,MW,NL,NL,forecast_offshore_wind_generation,Wind Offshore,2026-07-26T16:36:36Z
2026-07-26T16:33:47Z,2026-07-26T18:33:47+0200,74eb74bd-8b1d-47e4-abd1-e66c3ea271fa,2026-06-26T15:45:00Z,2026-06-26T17:45:00+0200,213.0,MW,NL,NL,forecast_offshore_wind_generation,Wind Offshore,2026-07-26T16:36:36Z
2026-07-26T16:33:47Z,2026-07-26T18:33:47+0200,74eb74bd-8b1d-47e4-abd1-e66c3ea271fa,2026-06-26T16:00:00Z,2026-06-26T18:00:00+0200,217.0,MW,NL,NL,forecast_offshore_wind_generation,Wind Offshore,2026-07-26T16:36:36Z
2026-07-26T16:33:47Z,2026-07-26T18:33:47+0200,74eb74bd-8b1d-47e4-abd1-e66c3ea271fa,2026-06-26T16:15:00Z,2026-06-26T18:15:00+0200,220.0,MW,NL,NL,forecast_offshore_wind_generation,Wind Offshore,2026-07-26T16:36:36Z
2026-07-26T16:33:47Z,2026-07-26T18:33:47+0200,74eb74bd-8b1d-47e4-abd1-e66c3ea271fa,2026-06-26T16:30:00Z,2026-06-26T18:30:00+0200,221.0,MW,NL,NL,forecast_offshore_wind_generation,Wind Offshore,2026-07-26T16:36:36Z
2026-07-26T16:33:47Z,2026-07-26T18:33:47+0200,74eb74bd-8b1d-47e4-abd1-e66c3ea271fa,2026-06-26T16:45:00Z,2026-06-26T18:45:00+0200,223.0,MW,NL,NL,forecast_offshore_wind_generation,Wind Offshore,2026-07-26T16:36:36Z
2026-07-26T16:33:47Z,2026-07-26T18:33:47+0200,74eb74bd-8b1d-47e4-abd1-e66c3ea271fa,2026-06-26T17:00:00Z,2026-06-26T19:00:00+0200,225.0,MW,NL,NL,forecast_offshore_wind_generation,Wind Offshore,2026-07-26T16:36:36Z
2026-07-26T16:33:47Z,2026-07-26T18:33:47+0200,74eb74bd-8b1d-47e4-abd1-e66c3ea271fa,2026-06-26T17:15:00Z,2026-06-26T19:15:00+0200,224.0,MW,NL,NL,forecast_offshore_wind_generation,Wind Offshore,2026-07-26T16:36:36Z
2026-07-26T16:33:47Z,2026-07-26T18:33:47+0200,74eb74bd-8b1d-47e4-abd1-e66c3ea271fa,2026-06-26T17:30:00Z,2026-06-26T19:30:00+0200,221.0,MW,NL,NL,forecast_offshore_wind_generation,Wind Offshore,2026-07-26T16:36:36Z
2026-07-26T16:33:47Z,2026-07-26T18:33:47+0200,74eb74bd-8b1d-47e4-abd1-e66c3ea271fa,2026-06-26T17:45:00Z,2026-06-26T19:45:00+0200,218.0,MW,NL,NL,forecast_offshore_wind_generation,Wind Offshore,2026-07-26T16:36:36Z
2026-07-26T16:33:47Z,2026-07-26T18:33:47+0200,74eb74bd-8b1d-47e4-abd1-e66c3ea271fa,2026-06-26T18:00:00Z,2026-06-26T20:00:00+0200,215.0,MW,NL,NL,forecast_offshore_wind_generation,Wind Offshore,2026-07-26T16:36:36Z
2026-07-26T16:33:47Z,2026-07-26T18:33:47+0200,74eb74bd-8b1d-47e4-abd1-e66c3ea271fa,2026-06-26T18:15:00Z,2026-06-26T20:15:00+0200,215.0,MW,NL,NL,forecast_offshore_wind_generation,Wind Offshore,2026-07-26T16:36:36Z
2026-07-26T16:33:47Z,2026-07-26T18:33:47+0200,74eb74bd-8b1d-47e4-abd1-e66c3ea271fa,2026-06-26T18:30:00Z,2026-06-26T20:30:00+0200,218.0,MW,NL,NL,forecast_offshore_wind_generation,Wind Offshore,2026-07-26T16:36:36Z
2026-07-26T16:33:47Z,2026-07-26T18:33:47+0200,74eb74bd-8b1d-47e4-abd1-e66c3ea271fa,2026-06-26T18:45:00Z,2026-06-26T20:45:00+0200,221.0,MW,NL,NL,forecast_offshore_wind_generation,Wind Offshore,2026-07-26T16:36:36Z
2026-07-26T16:33:47Z,2026-07-26T18:33:47+0200,74eb74bd-8b1d-47e4-abd1-e66c3ea271fa,2026-06-26T19:00:00Z,2026-06-26T21:00:00+0200,224.0,MW,NL,NL,forecast_offshore_wind_generation,Wind Offshore,2026-07-26T16:36:36Z
2026-07-26T16:33:47Z,2026-07-26T18:33:47+0200,74eb74bd-8b1d-47e4-abd1-e66c3ea271fa,2026-06-26T19:15:00Z,2026-06-26T21:15:00+0200,225.0,MW,NL,NL,forecast_offshore_wind_generation,Wind Offshore,2026-07-26T16:36:36Z
2026-07-26T16:33:47Z,2026-07-26T18:33:47+0200,74eb74bd-8b1d-47e4-abd1-e66c3ea271fa,2026-06-26T19:30:00Z,2026-06-26T21:30:00+0200,224.0,MW,NL,NL,forecast_offshore_wind_generation,Wind Offshore,2026-07-26T16:36:36Z
2026-07-26T16:33:47Z,2026-07-26T18:33:47+0200,74eb74bd-8b1d-47e4-abd1-e66c3ea271fa,2026-06-26T19:45:00Z,2026-06-26T21:45:00+0200,224.0,MW,NL,NL,forecast_offshore_wind_generation,Wind Offshore,2026-07-26T16:36:36Z
2026-07-26T16:33:47Z,2026-07-26T18:33:47+0200,74eb74bd-8b1d-47e4-abd1-e66c3ea271fa,2026-06-26T20:00:00Z,2026-06-26T22:00:00+0200,223.0,MW,NL,NL,forecast_offshore_wind_generation,Wind Offshore,2026-07-26T16:36:36Z
2026-07-26T16:33:47Z,2026-07-26T18:33:47+0200,74eb74bd-8b1d-47e4-abd1-e66c3ea271fa,2026-06-26T20:15:00Z,2026-06-26T22:15:00+0200,222.0,MW,NL,NL,forecast_offshore_wind_generation,Wind Offshore,2026-07-26T16:36:36Z
2026-07-26T16:33:47Z,2026-07-26T18:33:47+0200,74eb74bd-8b1d-47e4-abd1-e66c3ea271fa,2026-06-26T20:30:00Z,2026-06-26T22:30:00+0200,221.0,MW,NL,NL,forecast_offshore_wind_generation,Wind Offshore,2026-07-26T16:36:36Z
2026-07-26T16:33:47Z,2026-07-26T18:33:47+0200,74eb74bd-8b1d-47e4-abd1-e66c3ea271fa,2026-06-26T20:45:00Z,2026-06-26T22:45:00+0200,220.0,MW,NL,NL,forecast_offshore_wind_generation,Wind Offshore,2026-07-26T16:36:36Z
2026-07-26T16:33:47Z,2026-07-26T18:33:47+0200,74eb74bd-8b1d-47e4-abd1-e66c3ea271fa,2026-06-26T21:00:00Z,2026-06-26T23:00:00+0200,219.0,MW,NL,NL,forecast_offshore_wind_generation,Wind Offshore,2026-07-26T16:36:36Z
2026-07-26T16:33:47Z,2026-07-26T18:33:47+0200,74eb74bd-8b1d-47e4-abd1-e66c3ea271fa,2026-06-26T21:15:00Z,2026-06-26T23:15:00+0200,217.0,MW,NL,NL,forecast_offshore_wind_generation,Wind Offshore,2026-07-26T16:36:36Z
2026-07-26T16:33:47Z,2026-07-26T18:33:47+0200,74eb74bd-8b1d-47e4-abd1-e66c3ea271fa,2026-06-26T21:30:00Z,2026-06-26T23:30:00+0200,214.0,MW,NL,NL,forecast_offshore_wind_generation,Wind Offshore,2026-07-26T16:36:36Z
2026-07-26T16:33:47Z,2026-07-26T18:33:47+0200,74eb74bd-8b1d-47e4-abd1-e66c3ea271fa,2026-06-26T21:45:00Z,2026-06-26T23:45:00+0200,212.0,MW,NL,NL,forecast_offshore_wind_generation,Wind Offshore,2026-07-26T16:36:36Z
2026-07-26T16:33:47Z,2026-07-26T18:33:47+0200,74eb74bd-8b1d-47e4-abd1-e66c3ea271fa,2026-06-26T22:00:00Z,2026-06-27T00:00:00+0200,260.0,MW,NL,NL,forecast_offshore_wind_generation,Wind Offshore,2026-07-26T16:36:36Z
2026-07-26T16:33:47Z,2026-07-26T18:33:47+0200,74eb74bd-8b1d-47e4-abd1-e66c3ea271fa,2026-06-26T22:15:00Z,2026-06-27T00:15:00+0200,254.0,MW,NL,NL,forecast_offshore_wind_generation,Wind Offshore,2026-07-26T16:36:36Z
2026-07-26T16:33:47Z,2026-07-26T18:33:47+0200,74eb74bd-8b1d-47e4-abd1-e66c3ea271fa,2026-06-26T22:30:00Z,2026-06-27T00:30:00+0200,253.0,MW,NL,NL,forecast_offshore_wind_generation,Wind Offshore,2026-07-26T16:36:36Z
2026-07-26T16:33:47Z,2026-07-26T18:33:47+0200,74eb74bd-8b1d-47e4-abd1-e66c3ea271fa,2026-06-26T22:45:00Z,2026-06-27T00:45:00+0200,251.0,MW,NL,NL,forecast_offshore_wind_generation,Wind Offshore,2026-07-26T16:36:36Z
2026-07-26T16:33:47Z,2026-07-26T18:33:47+0200,74eb74bd-8b1d-47e4-abd1-e66c3ea271fa,2026-06-26T23:00:00Z,2026-06-27T01:00:00+0200,250.0,MW,NL,NL,forecast_offshore_wind_generation,Wind Offshore,2026-07-26T16:36:36Z
2026-07-26T16:33:47Z,2026-07-26T18:33:47+0200,74eb74bd-8b1d-47e4-abd1-e66c3ea271fa,2026-06-26T23:15:00Z,2026-06-27T01:15:00+0200,243.0,MW,NL,NL,forecast_offshore_wind_generation,Wind Offshore,2026-07-26T16:36:36Z
2026-07-26T16:33:47Z,2026-07-26T18:33:47+0200,74eb74bd-8b1d-47e4-abd1-e66c3ea271fa,2026-06-26T23:30:00Z,2026-06-27T01:30:00+0200,231.0,MW,NL,NL,forecast_offshore_wind_generation,Wind Offshore,2026-07-26T16:36:36Z
2026-07-26T16:33:47Z,2026-07-26T18:33:47+0200,74eb74bd-8b1d-47e4-abd1-e66c3ea271fa,2026-06-26T23:45:00Z,2026-06-27T01:45:00+0200,219.0,MW,NL,NL,forecast_offshore_wind_generation,Wind Offshore,2026-07-26T16:36:36Z
2026-07-26T16:33:47Z,2026-07-26T18:33:47+0200,74eb74bd-8b1d-47e4-abd1-e66c3ea271fa,2026-06-27T00:00:00Z,2026-06-27T02:00:00+0200,207.0,MW,NL,NL,forecast_offshore_wind_generation,Wind Offshore,2026-07-26T16:36:36Z
2026-07-26T16:33:47Z,2026-07-26T18:33:47+0200,74eb74bd-8b1d-47e4-abd1-e66c3ea271fa,2026-06-27T00:15:00Z,2026-06-27T02:15:00+0200,196.0,MW,NL,NL,forecast_offshore_wind_generation,Wind Offshore,2026-07-26T16:36:36Z
2026-07-26T16:33:47Z,2026-07-26T18:33:47+0200,74eb74bd-8b1d-47e4-abd1-e66c3ea271fa,2026-06-27T00:30:00Z,2026-06-27T02:30:00+0200,185.0,MW,NL,NL,forecast_offshore_wind_generation,Wind Offshore,2026-07-26T16:36:36Z
2026-07-26T16:33:47Z,2026-07-26T18:33:47+0200,74eb74bd-8b1d-47e4-abd1-e66c3ea271fa,2026-06-27T00:45:00Z,2026-06-27T02:45:00+0200,174.0,MW,NL,NL,forecast_offshore_wind_generation,Wind Offshore,2026-07-26T16:36:36Z
2026-07-26T16:33:47Z,2026-07-26T18:33:47+0200,74eb74bd-8b1d-47e4-abd1-e66c3ea271fa,2026-06-27T01:00:00Z,2026-06-27T03:00:00+0200,164.0,MW,NL,NL,forecast_offshore_wind_generation,Wind Offshore,2026-07-26T16:36:36Z
2026-07-26T16:33:47Z,2026-07-26T18:33:47+0200,74eb74bd-8b1d-47e4-abd1-e66c3ea271fa,2026-06-27T01:15:00Z,2026-06-27T03:15:00+0200,157.0,MW,NL,NL,forecast_offshore_wind_generation,Wind Offshore,2026-07-26T16:36:36Z
2026-07-26T16:33:47Z,2026-07-26T18:33:47+0200,74eb74bd-8b1d-47e4-abd1-e66c3ea271fa,2026-06-27T01:30:00Z,2026-06-27T03:30:00+0200,154.0,MW,NL,NL,forecast_offshore_wind_generation,Wind Offshore,2026-07-26T16:36:36Z
2026-07-26T16:33:47Z,2026-07-26T18:33:47+0200,74eb74bd-8b1d-47e4-abd1-e66c3ea271fa,2026-06-27T01:45:00Z,2026-06-27T03:45:00+0200,151.0,MW,NL,NL,forecast_offshore_wind_generation,Wind Offshore,2026-07-26T16:36:36Z
2026-07-26T16:33:47Z,2026-07-26T18:33:47+0200,74eb74bd-8b1d-47e4-abd1-e66c3ea271fa,2026-06-27T02:00:00Z,2026-06-27T04:00:00+0200,149.0,MW,NL,NL,forecast_offshore_wind_generation,Wind Offshore,2026-07-26T16:36:36Z
2026-07-26T16:33:47Z,2026-07-26T18:33:47+0200,74eb74bd-8b1d-47e4-abd1-e66c3ea271fa,2026-06-27T02:15:00Z,2026-06-27T04:15:00+0200,145.0,MW,NL,NL,forecast_offshore_wind_generation,Wind Offshore,2026-07-26T16:36:36Z
2026-07-26T16:33:47Z,2026-07-26T18:33:47+0200,74eb74bd-8b1d-47e4-abd1-e66c3ea271fa,2026-06-27T02:30:00Z,2026-06-27T04:30:00+0200,139.0,MW,NL,NL,forecast_offshore_wind_generation,Wind Offshore,2026-07-26T16:36:36Z
2026-07-26T16:33:47Z,2026-07-26T18:33:47+0200,74eb74bd-8b1d-47e4-abd1-e66c3ea271fa,2026-06-27T02:45:00Z,2026-06-27T04:45:00+0200,133.0,MW,NL,NL,forecast_offshore_wind_generation,Wind Offshore,2026-07-26T16:36:36Z
2026-07-26T16:33:47Z,2026-07-26T18:33:47+0200,74eb74bd-8b1d-47e4-abd1-e66c3ea271fa,2026-06-27T03:00:00Z,2026-06-27T05:00:00+0200,128.0,MW,NL,NL,forecast_offshore_wind_generation,Wind Offshore,2026-07-26T16:36:36Z
2026-07-26T16:33:47Z,2026-07-26T18:33:47+0200,74eb74bd-8b1d-47e4-abd1-e66c3ea271fa,2026-06-27T03:15:00Z,2026-06-27T05:15:00+0200,115.0,MW,NL,NL,forecast_offshore_wind_generation,Wind Offshore,2026-07-26T16:36:36Z
2026-07-26T16:33:47Z,2026-07-26T18:33:47+0200,74eb74bd-8b1d-47e4-abd1-e66c3ea271fa,2026-06-27T03:30:00Z,2026-06-27T05:30:00+0200,96.0,MW,NL,NL,forecast_offshore_wind_generation,Wind Offshore,2026-07-26T16:36:36Z
2026-07-26T16:33:47Z,2026-07-26T18:33:47+0200,74eb74bd-8b1d-47e4-abd1-e66c3ea271fa,2026-06-27T03:45:00Z,2026-06-27T05:45:00+0200,77.0,MW,NL,NL,forecast_offshore_wind_generation,Wind Offshore,2026-07-26T16:36:36Z
2026-07-26T16:33:47Z,2026-07-26T18:33:47+0200,74eb74bd-8b1d-47e4-abd1-e66c3ea271fa,2026-06-27T04:00:00Z,2026-06-27T06:00:00+0200,57.0,MW,NL,NL,forecast_offshore_wind_generation,Wind Offshore,2026-07-26T16:36:36Z
2026-07-26T16:33:47Z,2026-07-26T18:33:47+0200,74eb74bd-8b1d-47e4-abd1-e66c3ea271fa,2026-06-27T04:15:00Z,2026-06-27T06:15:00+0200,43.0,MW,NL,NL,forecast_offshore_wind_generation,Wind Offshore,2026-07-26T16:36:36Z
2026-07-26T16:33:47Z,2026-07-26T18:33:47+0200,74eb74bd-8b1d-47e4-abd1-e66c3ea271fa,2026-06-27T04:30:00Z,2026-06-27T06:30:00+0200,35.0,MW,NL,NL,forecast_offshore_wind_generation,Wind Offshore,2026-07-26T16:36:36Z
2026-07-26T16:33:47Z,2026-07-26T18:33:47+0200,74eb74bd-8b1d-47e4-abd1-e66c3ea271fa,2026-06-27T04:45:00Z,2026-06-27T06:45:00+0200,27.0,MW,NL,NL,forecast_offshore_wind_generation,Wind Offshore,2026-07-26T16:36:36Z
2026-07-26T16:33:47Z,2026-07-26T18:33:47+0200,74eb74bd-8b1d-47e4-abd1-e66c3ea271fa,2026-06-27T05:00:00Z,2026-06-27T07:00:00+0200,19.0,MW,NL,NL,forecast_offshore_wind_generation,Wind Offshore,2026-07-26T16:36:36Z
2026-07-26T16:33:47Z,2026-07-26T18:33:47+0200,74eb74bd-8b1d-47e4-abd1-e66c3ea271fa,2026-06-27T05:15:00Z,2026-06-27T07:15:00+0200,14.0,MW,NL,NL,forecast_offshore_wind_generation,Wind Offshore,2026-07-26T16:36:36Z
2026-07-26T16:33:47Z,2026-07-26T18:33:47+0200,74eb74bd-8b1d-47e4-abd1-e66c3ea271fa,2026-06-27T05:30:00Z,2026-06-27T07:30:00+0200,13.0,MW,NL,NL,forecast_offshore_wind_generation,Wind Offshore,2026-07-26T16:36:36Z
2026-07-26T16:33:47Z,2026-07-26T18:33:47+0200,74eb74bd-8b1d-47e4-abd1-e66c3ea271fa,2026-06-27T05:45:00Z,2026-06-27T07:45:00+0200,11.0,MW,NL,NL,forecast_offshore_wind_generation,Wind Offshore,2026-07-26T16:36:36Z
2026-07-26T16:33:47Z,2026-07-26T18:33:47+0200,74eb74bd-8b1d-47e4-abd1-e66c3ea271fa,2026-06-27T06:00:00Z,2026-06-27T08:00:00+0200,9.0,MW,NL,NL,forecast_offshore_wind_generation,Wind Offshore,2026-07-26T16:36:36Z
2026-07-26T16:33:47Z,2026-07-26T18:33:47+0200,74eb74bd-8b1d-47e4-abd1-e66c3ea271fa,2026-06-27T06:15:00Z,2026-06-27T08:15:00+0200,9.0,MW,NL,NL,forecast_offshore_wind_generation,Wind Offshore,2026-07-26T16:36:36Z
2026-07-26T16:33:47Z,2026-07-26T18:33:47+0200,74eb74bd-8b1d-47e4-abd1-e66c3ea271fa,2026-06-27T06:30:00Z,2026-06-27T08:30:00+0200,10.0,MW,NL,NL,forecast_offshore_wind_generation,Wind Offshore,2026-07-26T16:36:36Z
2026-07-26T16:33:47Z,2026-07-26T18:33:47+0200,74eb74bd-8b1d-47e4-abd1-e66c3ea271fa,2026-06-27T06:45:00Z,2026-06-27T08:45:00+0200,11.0,MW,NL,NL,forecast_offshore_wind_generation,Wind Offshore,2026-07-26T16:36:36Z
2026-07-26T16:33:47Z,2026-07-26T18:33:47+0200,74eb74bd-8b1d-47e4-abd1-e66c3ea271fa,2026-06-27T07:00:00Z,2026-06-27T09:00:00+0200,12.0,MW,NL,NL,forecast_offshore_wind_generation,Wind Offshore,2026-07-26T16:36:36Z
2026-07-26T16:33:47Z,2026-07-26T18:33:47+0200,74eb74bd-8b1d-47e4-abd1-e66c3ea271fa,2026-06-27T07:15:00Z,2026-06-27T09:15:00+0200,15.0,MW,NL,NL,forecast_offshore_wind_generation,Wind Offshore,2026-07-26T16:36:36Z
2026-07-26T16:33:47Z,2026-07-26T18:33:47+0200,74eb74bd-8b1d-47e4-abd1-e66c3ea271fa,2026-06-27T07:30:00Z,2026-06-27T09:30:00+0200,19.0,MW,NL,NL,forecast_offshore_wind_generation,Wind Offshore,2026-07-26T16:36:36Z
2026-07-26T16:33:47Z,2026-07-26T18:33:47+0200,74eb74bd-8b1d-47e4-abd1-e66c3ea271fa,2026-06-27T07:45:00Z,2026-06-27T09:45:00+0200,23.0,MW,NL,NL,forecast_offshore_wind_generation,Wind Offshore,2026-07-26T16:36:36Z
2026-07-26T16:33:47Z,2026-07-26T18:33:47+0200,74eb74bd-8b1d-47e4-abd1-e66c3ea271fa,2026-06-27T08:00:00Z,2026-06-27T10:00:00+0200,26.0,MW,NL,NL,forecast_offshore_wind_generation,Wind Offshore,2026-07-26T16:36:36Z
2026-07-26T16:33:47Z,2026-07-26T18:33:47+0200,74eb74bd-8b1d-47e4-abd1-e66c3ea271fa,2026-06-27T08:15:00Z,2026-06-27T10:15:00+0200,36.0,MW,NL,NL,forecast_offshore_wind_generation,Wind Offshore,2026-07-26T16:36:36Z
2026-07-26T16:33:47Z,2026-07-26T18:33:47+0200,74eb74bd-8b1d-47e4-abd1-e66c3ea271fa,2026-06-27T08:30:00Z,2026-06-27T10:30:00+0200,50.0,MW,NL,NL,forecast_offshore_wind_generation,Wind Offshore,2026-07-26T16:36:36Z
2026-07-26T16:33:47Z,2026-07-26T18:33:47+0200,74eb74bd-8b1d-47e4-abd1-e66c3ea271fa,2026-06-27T08:45:00Z,2026-06-27T10:45:00+0200,64.0,MW,NL,NL,forecast_offshore_wind_generation,Wind Offshore,2026-07-26T16:36:36Z
2026-07-26T16:33:47Z,2026-07-26T18:33:47+0200,74eb74bd-8b1d-47e4-abd1-e66c3ea271fa,2026-06-27T09:00:00Z,2026-06-27T11:00:00+0200,79.0,MW,NL,NL,forecast_offshore_wind_generation,Wind Offshore,2026-07-26T16:36:36Z
2026-07-26T16:33:47Z,2026-07-26T18:33:47+0200,74eb74bd-8b1d-47e4-abd1-e66c3ea271fa,2026-06-27T09:15:00Z,2026-06-27T11:15:00+0200,82.0,MW,NL,NL,forecast_offshore_wind_generation,Wind Offshore,2026-07-26T16:36:36Z
2026-07-26T16:33:47Z,2026-07-26T18:33:47+0200,74eb74bd-8b1d-47e4-abd1-e66c3ea271fa,2026-06-27T09:30:00Z,2026-06-27T11:30:00+0200,74.0,MW,NL,NL,forecast_offshore_wind_generation,Wind Offshore,2026-07-26T16:36:36Z
2026-07-26T16:33:47Z,2026-07-26T18:33:47+0200,74eb74bd-8b1d-47e4-abd1-e66c3ea271fa,2026-06-27T09:45:00Z,2026-06-27T11:45:00+0200,65.0,MW,NL,NL,forecast_offshore_wind_generation,Wind Offshore,2026-07-26T16:36:36Z
2026-07-26T16:33:47Z,2026-07-26T18:33:47+0200,74eb74bd-8b1d-47e4-abd1-e66c3ea271fa,2026-06-27T10:00:00Z,2026-06-27T12:00:00+0200,57.0,MW,NL,NL,forecast_offshore_wind_generation,Wind Offshore,2026-07-26T16:36:36Z
2026-07-26T16:33:47Z,2026-07-26T18:33:47+0200,74eb74bd-8b1d-47e4-abd1-e66c3ea271fa,2026-06-27T10:15:00Z,2026-06-27T12:15:00+0200,49.0,MW,NL,NL,forecast_offshore_wind_generation,Wind Offshore,2026-07-26T16:36:36Z
2026-07-26T16:33:47Z,2026-07-26T18:33:47+0200,74eb74bd-8b1d-47e4-abd1-e66c3ea271fa,2026-06-27T10:30:00Z,2026-06-27T12:30:00+0200,42.0,MW,NL,NL,forecast_offshore_wind_generation,Wind Offshore,2026-07-26T16:36:36Z
2026-07-26T16:33:47Z,2026-07-26T18:33:47+0200,74eb74bd-8b1d-47e4-abd1-e66c3ea271fa,2026-06-27T10:45:00Z,2026-06-27T12:45:00+0200,35.0,MW,NL,NL,forecast_offshore_wind_generation,Wind Offshore,2026-07-26T16:36:36Z
2026-07-26T16:33:47Z,2026-07-26T18:33:47+0200,74eb74bd-8b1d-47e4-abd1-e66c3ea271fa,2026-06-27T11:00:00Z,2026-06-27T13:00:00+0200,28.0,MW,NL,NL,forecast_offshore_wind_generation,Wind Offshore,2026-07-26T16:36:36Z
2026-07-26T16:33:47Z,2026-07-26T18:33:47+0200,74eb74bd-8b1d-47e4-abd1-e66c3ea271fa,2026-06-27T11:15:00Z,2026-06-27T13:15:00+0200,26.0,MW,NL,NL,forecast_offshore_wind_generation,Wind Offshore,2026-07-26T16:36:36Z
2026-07-26T16:33:47Z,2026-07-26T18:33:47+0200,74eb74bd-8b1d-47e4-abd1-e66c3ea271fa,2026-06-27T11:30:00Z,2026-06-27T13:30:00+0200,28.0,MW,NL,NL,forecast_offshore_wind_generation,Wind Offshore,2026-07-26T16:36:36Z
2026-07-26T16:33:47Z,2026-07-26T18:33:47+0200,74eb74bd-8b1d-47e4-abd1-e66c3ea271fa,2026-06-27T11:45:00Z,2026-06-27T13:45:00+0200,30.0,MW,NL,NL,forecast_offshore_wind_generation,Wind Offshore,2026-07-26T16:36:36Z
2026-07-26T16:33:47Z,2026-07-26T18:33:47+0200,74eb74bd-8b1d-47e4-abd1-e66c3ea271fa,2026-06-27T12:00:00Z,2026-06-27T14:00:00+0200,32.0,MW,NL,NL,forecast_offshore_wind_generation,Wind Offshore,2026-07-26T16:36:36Z
2026-07-26T16:33:47Z,2026-07-26T18:33:47+0200,74eb74bd-8b1d-47e4-abd1-e66c3ea271fa,2026-06-27T12:15:00Z,2026-06-27T14:15:00+0200,34.0,MW,NL,NL,forecast_offshore_wind_generation,Wind Offshore,2026-07-26T16:36:36Z
2026-07-26T16:33:47Z,2026-07-26T18:33:47+0200,74eb74bd-8b1d-47e4-abd1-e66c3ea271fa,2026-06-27T12:30:00Z,2026-06-27T14:30:00+0200,36.0,MW,NL,NL,forecast_offshore_wind_generation,Wind Offshore,2026-07-26T16:36:36Z
2026-07-26T16:33:47Z,2026-07-26T18:33:47+0200,74eb74bd-8b1d-47e4-abd1-e66c3ea271fa,2026-06-27T12:45:00Z,2026-06-27T14:45:00+0200,38.0,MW,NL,NL,forecast_offshore_wind_generation,Wind Offshore,2026-07-26T16:36:36Z
2026-07-26T16:33:47Z,2026-07-26T18:33:47+0200,74eb74bd-8b1d-47e4-abd1-e66c3ea271fa,2026-06-27T13:00:00Z,2026-06-27T15:00:00+0200,41.0,MW,NL,NL,forecast_offshore_wind_generation,Wind Offshore,2026-07-26T16:36:36Z
2026-07-26T16:33:47Z,2026-07-26T18:33:47+0200,74eb74bd-8b1d-47e4-abd1-e66c3ea271fa,2026-06-27T13:15:00Z,2026-06-27T15:15:00+0200,44.0,MW,NL,NL,forecast_offshore_wind_generation,Wind Offshore,2026-07-26T16:36:36Z
2026-07-26T16:33:47Z,2026-07-26T18:33:47+0200,74eb74bd-8b1d-47e4-abd1-e66c3ea271fa,2026-06-27T13:30:00Z,2026-06-27T15:30:00+0200,48.0,MW,NL,NL,forecast_offshore_wind_generation,Wind Offshore,2026-07-26T16:36:36Z
2026-07-26T16:33:47Z,2026-07-26T18:33:47+0200,74eb74bd-8b1d-47e4-abd1-e66c3ea271fa,2026-06-27T13:45:00Z,2026-06-27T15:45:00+0200,51.0,MW,NL,NL,forecast_offshore_wind_generation,Wind Offshore,2026-07-26T16:36:36Z
2026-07-26T16:33:47Z,2026-07-26T18:33:47+0200,74eb74bd-8b1d-47e4-abd1-e66c3ea271fa,2026-06-27T14:00:00Z,2026-06-27T16:00:00+0200,55.0,MW,NL,NL,forecast_offshore_wind_generation,Wind Offshore,2026-07-26T16:36:36Z
2026-07-26T16:33:47Z,2026-07-26T18:33:47+0200,74eb74bd-8b1d-47e4-abd1-e66c3ea271fa,2026-06-27T14:15:00Z,2026-06-27T16:15:00+0200,59.0,MW,NL,NL,forecast_offshore_wind_generation,Wind Offshore,2026-07-26T16:36:36Z
2026-07-26T16:33:47Z,2026-07-26T18:33:47+0200,74eb74bd-8b1d-47e4-abd1-e66c3ea271fa,2026-06-27T14:30:00Z,2026-06-27T16:30:00+0200,64.0,MW,NL,NL,forecast_offshore_wind_generation,Wind Offshore,2026-07-26T16:36:36Z
2026-07-26T16:33:47Z,2026-07-26T18:33:47+0200,74eb74bd-8b1d-47e4-abd1-e66c3ea271fa,2026-06-27T14:45:00Z,2026-06-27T16:45:00+0200,68.0,MW,NL,NL,forecast_offshore_wind_generation,Wind Offshore,2026-07-26T16:36:36Z
2026-07-26T16:33:47Z,2026-07-26T18:33:47+0200,74eb74bd-8b1d-47e4-abd1-e66c3ea271fa,2026-06-27T15:00:00Z,2026-06-27T17:00:00+0200,72.0,MW,NL,NL,forecast_offshore_wind_generation,Wind Offshore,2026-07-26T16:36:36Z
2026-07-26T16:33:47Z,2026-07-26T18:33:47+0200,74eb74bd-8b1d-47e4-abd1-e66c3ea271fa,2026-06-27T15:15:00Z,2026-06-27T17:15:00+0200,79.0,MW,NL,NL,forecast_offshore_wind_generation,Wind Offshore,2026-07-26T16:36:36Z
2026-07-26T16:33:47Z,2026-07-26T18:33:47+0200,74eb74bd-8b1d-47e4-abd1-e66c3ea271fa,2026-06-27T15:30:00Z,2026-06-27T17:30:00+0200,89.0,MW,NL,NL,forecast_offshore_wind_generation,Wind Offshore,2026-07-26T16:36:36Z
2026-07-26T16:33:47Z,2026-07-26T18:33:47+0200,74eb74bd-8b1d-47e4-abd1-e66c3ea271fa,2026-06-27T15:45:00Z,2026-06-27T17:45:00+0200,99.0,MW,NL,NL,forecast_offshore_wind_generation,Wind Offshore,2026-07-26T16:36:36Z
2026-07-26T16:33:47Z,2026-07-26T18:33:47+0200,74eb74bd-8b1d-47e4-abd1-e66c3ea271fa,2026-06-27T16:00:00Z,2026-06-27T18:00:00+0200,109.0,MW,NL,NL,forecast_offshore_wind_generation,Wind Offshore,2026-07-26T16:36:36Z
2026-07-26T16:33:47Z,2026-07-26T18:33:47+0200,74eb74bd-8b1d-47e4-abd1-e66c3ea271fa,2026-06-27T16:15:00Z,2026-06-27T18:15:00+0200,120.0,MW,NL,NL,forecast_offshore_wind_generation,Wind Offshore,2026-07-26T16:36:36Z
2026-07-26T16:33:47Z,2026-07-26T18:33:47+0200,74eb74bd-8b1d-47e4-abd1-e66c3ea271fa,2026-06-27T16:30:00Z,2026-06-27T18:30:00+0200,134.0,MW,NL,NL,forecast_offshore_wind_generation,Wind Offshore,2026-07-26T16:36:36Z
2026-07-26T16:33:47Z,2026-07-26T18:33:47+0200,74eb74bd-8b1d-47e4-abd1-e66c3ea271fa,2026-06-27T16:45:00Z,2026-06-27T18:45:00+0200,147.0,MW,NL,NL,forecast_offshore_wind_generation,Wind Offshore,2026-07-26T16:36:36Z
2026-07-26T16:33:47Z,2026-07-26T18:33:47+0200,74eb74bd-8b1d-47e4-abd1-e66c3ea271fa,2026-06-27T17:00:00Z,2026-06-27T19:00:00+0200,160.0,MW,NL,NL,forecast_offshore_wind_generation,Wind Offshore,2026-07-26T16:36:36Z
2026-07-26T16:33:47Z,2026-07-26T18:33:47+0200,74eb74bd-8b1d-47e4-abd1-e66c3ea271fa,2026-06-27T17:15:00Z,2026-06-27T19:15:00+0200,176.0,MW,NL,NL,forecast_offshore_wind_generation,Wind Offshore,2026-07-26T16:36:36Z
2026-07-26T16:33:47Z,2026-07-26T18:33:47+0200,74eb74bd-8b1d-47e4-abd1-e66c3ea271fa,2026-06-27T17:30:00Z,2026-06-27T19:30:00+0200,193.0,MW,NL,NL,forecast_offshore_wind_generation,Wind Offshore,2026-07-26T16:36:36Z
2026-07-26T16:33:47Z,2026-07-26T18:33:47+0200,74eb74bd-8b1d-47e4-abd1-e66c3ea271fa,2026-06-27T17:45:00Z,2026-06-27T19:45:00+0200,211.0,MW,NL,NL,forecast_offshore_wind_generation,Wind Offshore,2026-07-26T16:36:36Z
2026-07-26T16:33:47Z,2026-07-26T18:33:47+0200,74eb74bd-8b1d-47e4-abd1-e66c3ea271fa,2026-06-27T18:00:00Z,2026-06-27T20:00:00+0200,228.0,MW,NL,NL,forecast_offshore_wind_generation,Wind Offshore,2026-07-26T16:36:36Z
2026-07-26T16:33:47Z,2026-07-26T18:33:47+0200,74eb74bd-8b1d-47e4-abd1-e66c3ea271fa,2026-06-27T18:15:00Z,2026-06-27T20:15:00+0200,228.0,MW,NL,NL,forecast_offshore_wind_generation,Wind Offshore,2026-07-26T16:36:36Z
2026-07-26T16:33:47Z,2026-07-26T18:33:47+0200,74eb74bd-8b1d-47e4-abd1-e66c3ea271fa,2026-06-27T18:30:00Z,2026-06-27T20:30:00+0200,210.0,MW,NL,NL,forecast_offshore_wind_generation,Wind Offshore,2026-07-26T16:36:36Z
2026-07-26T16:33:47Z,2026-07-26T18:33:47+0200,74eb74bd-8b1d-47e4-abd1-e66c3ea271fa,2026-06-27T18:45:00Z,2026-06-27T20:45:00+0200,191.0,MW,NL,NL,forecast_offshore_wind_generation,Wind Offshore,2026-07-26T16:36:36Z
2026-07-26T16:33:47Z,2026-07-26T18:33:47+0200,74eb74bd-8b1d-47e4-abd1-e66c3ea271fa,2026-06-27T19:00:00Z,2026-06-27T21:00:00+0200,173.0,MW,NL,NL,forecast_offshore_wind_generation,Wind Offshore,2026-07-26T16:36:36Z
2026-07-26T16:33:47Z,2026-07-26T18:33:47+0200,74eb74bd-8b1d-47e4-abd1-e66c3ea271fa,2026-06-27T19:15:00Z,2026-06-27T21:15:00+0200,159.0,MW,NL,NL,forecast_offshore_wind_generation,Wind Offshore,2026-07-26T16:36:36Z
2026-07-26T16:33:47Z,2026-07-26T18:33:47+0200,74eb74bd-8b1d-47e4-abd1-e66c3ea271fa,2026-06-27T19:30:00Z,2026-06-27T21:30:00+0200,149.0,MW,NL,NL,forecast_offshore_wind_generation,Wind Offshore,2026-07-26T16:36:36Z
2026-07-26T16:33:47Z,2026-07-26T18:33:47+0200,74eb74bd-8b1d-47e4-abd1-e66c3ea271fa,2026-06-27T19:45:00Z,2026-06-27T21:45:00+0200,139.0,MW,NL,NL,forecast_offshore_wind_generation,Wind Offshore,2026-07-26T16:36:36Z
2026-07-26T16:33:47Z,2026-07-26T18:33:47+0200,74eb74bd-8b1d-47e4-abd1-e66c3ea271fa,2026-06-27T20:00:00Z,2026-06-27T22:00:00+0200,129.0,MW,NL,NL,forecast_offshore_wind_generation,Wind Offshore,2026-07-26T16:36:36Z
2026-07-26T16:33:47Z,2026-07-26T18:33:47+0200,74eb74bd-8b1d-47e4-abd1-e66c3ea271fa,2026-06-27T20:15:00Z,2026-06-27T22:15:00+0200,123.0,MW,NL,NL,forecast_offshore_wind_generation,Wind Offshore,2026-07-26T16:36:36Z
2026-07-26T16:33:47Z,2026-07-26T18:33:47+0200,74eb74bd-8b1d-47e4-abd1-e66c3ea271fa,2026-06-27T20:30:00Z,2026-06-27T22:30:00+0200,121.0,MW,NL,NL,forecast_offshore_wind_generation,Wind Offshore,2026-07-26T16:36:36Z
2026-07-26T16:33:47Z,2026-07-26T18:33:47+0200,74eb74bd-8b1d-47e4-abd1-e66c3ea271fa,2026-06-27T20:45:00Z,2026-06-27T22:45:00+0200,119.0,MW,NL,NL,forecast_offshore_wind_generation,Wind Offshore,2026-07-26T16:36:36Z
2026-07-26T16:33:47Z,2026-07-26T18:33:47+0200,74eb74bd-8b1d-47e4-abd1-e66c3ea271fa,2026-06-27T21:00:00Z,2026-06-27T23:00:00+0200,117.0,MW,NL,NL,forecast_offshore_wind_generation,Wind Offshore,2026-07-26T16:36:36Z
2026-07-26T16:33:47Z,2026-07-26T18:33:47+0200,74eb74bd-8b1d-47e4-abd1-e66c3ea271fa,2026-06-27T21:15:00Z,2026-06-27T23:15:00+0200,118.0,MW,NL,NL,forecast_offshore_wind_generation,Wind Offshore,2026-07-26T16:36:36Z
2026-07-26T16:33:47Z,2026-07-26T18:33:47+0200,74eb74bd-8b1d-47e4-abd1-e66c3ea271fa,2026-06-27T21:30:00Z,2026-06-27T23:30:00+0200,122.0,MW,NL,NL,forecast_offshore_wind_generation,Wind Offshore,2026-07-26T16:36:36Z
2026-07-26T16:33:47Z,2026-07-26T18:33:47+0200,74eb74bd-8b1d-47e4-abd1-e66c3ea271fa,2026-06-27T21:45:00Z,2026-06-27T23:45:00+0200,125.0,MW,NL,NL,forecast_offshore_wind_generation,Wind Offshore,2026-07-26T16:36:36Z
2026-07-26T16:33:47Z,2026-07-26T18:33:47+0200,74eb74bd-8b1d-47e4-abd1-e66c3ea271fa,2026-06-27T22:00:00Z,2026-06-28T00:00:00+0200,143.0,MW,NL,NL,forecast_offshore_wind_generation,Wind Offshore,2026-07-26T16:36:36Z
2026-07-26T16:33:47Z,2026-07-26T18:33:47+0200,74eb74bd-8b1d-47e4-abd1-e66c3ea271fa,2026-06-27T22:15:00Z,2026-06-28T00:15:00+0200,130.0,MW,NL,NL,forecast_offshore_wind_generation,Wind Offshore,2026-07-26T16:36:36Z
2026-07-26T16:33:47Z,2026-07-26T18:33:47+0200,74eb74bd-8b1d-47e4-abd1-e66c3ea271fa,2026-06-27T22:30:00Z,2026-06-28T00:30:00+0200,117.0,MW,NL,NL,forecast_offshore_wind_generation,Wind Offshore,2026-07-26T16:36:36Z
2026-07-26T16:33:47Z,2026-07-26T18:33:47+0200,74eb74bd-8b1d-47e4-abd1-e66c3ea271fa,2026-06-27T22:45:00Z,2026-06-28T00:45:00+0200,104.0,MW,NL,NL,forecast_offshore_wind_generation,Wind Offshore,2026-07-26T16:36:36Z
2026-07-26T16:33:47Z,2026-07-26T18:33:47+0200,74eb74bd-8b1d-47e4-abd1-e66c3ea271fa,2026-06-27T23:00:00Z,2026-06-28T01:00:00+0200,90.0,MW,NL,NL,forecast_offshore_wind_generation,Wind Offshore,2026-07-26T16:36:36Z
2026-07-26T16:33:47Z,2026-07-26T18:33:47+0200,74eb74bd-8b1d-47e4-abd1-e66c3ea271fa,2026-06-27T23:15:00Z,2026-06-28T01:15:00+0200,77.0,MW,NL,NL,forecast_offshore_wind_generation,Wind Offshore,2026-07-26T16:36:36Z
2026-07-26T16:33:47Z,2026-07-26T18:33:47+0200,74eb74bd-8b1d-47e4-abd1-e66c3ea271fa,2026-06-27T23:30:00Z,2026-06-28T01:30:00+0200,65.0,MW,NL,NL,forecast_offshore_wind_generation,Wind Offshore,2026-07-26T16:36:36Z
2026-07-26T16:33:47Z,2026-07-26T18:33:47+0200,74eb74bd-8b1d-47e4-abd1-e66c3ea271fa,2026-06-27T23:45:00Z,2026-06-28T01:45:00+0200,53.0,MW,NL,NL,forecast_offshore_wind_generation,Wind Offshore,2026-07-26T16:36:36Z
2026-07-26T16:33:47Z,2026-07-26T18:33:47+0200,74eb74bd-8b1d-47e4-abd1-e66c3ea271fa,2026-06-28T00:00:00Z,2026-06-28T02:00:00+0200,41.0,MW,NL,NL,forecast_offshore_wind_generation,Wind Offshore,2026-07-26T16:36:36Z
2026-07-26T16:33:47Z,2026-07-26T18:33:47+0200,74eb74bd-8b1d-47e4-abd1-e66c3ea271fa,2026-06-28T00:15:00Z,2026-06-28T02:15:00+0200,37.0,MW,NL,NL,forecast_offshore_wind_generation,Wind Offshore,2026-07-26T16:36:36Z
2026-07-26T16:33:47Z,2026-07-26T18:33:47+0200,74eb74bd-8b1d-47e4-abd1-e66c3ea271fa,2026-06-28T00:30:00Z,2026-06-28T02:30:00+0200,42.0,MW,NL,NL,forecast_offshore_wind_generation,Wind Offshore,2026-07-26T16:36:36Z
2026-07-26T16:33:47Z,2026-07-26T18:33:47+0200,74eb74bd-8b1d-47e4-abd1-e66c3ea271fa,2026-06-28T00:45:00Z,2026-06-28T02:45:00+0200,47.0,MW,NL,NL,forecast_offshore_wind_generation,Wind Offshore,2026-07-26T16:36:36Z
2026-07-26T16:33:47Z,2026-07-26T18:33:47+0200,74eb74bd-8b1d-47e4-abd1-e66c3ea271fa,2026-06-28T01:00:00Z,2026-06-28T03:00:00+0200,52.0,MW,NL,NL,forecast_offshore_wind_generation,Wind Offshore,2026-07-26T16:36:36Z
2026-07-26T16:33:47Z,2026-07-26T18:33:47+0200,74eb74bd-8b1d-47e4-abd1-e66c3ea271fa,2026-06-28T01:15:00Z,2026-06-28T03:15:00+0200,61.0,MW,NL,NL,forecast_offshore_wind_generation,Wind Offshore,2026-07-26T16:36:36Z
2026-07-26T16:33:47Z,2026-07-26T18:33:47+0200,74eb74bd-8b1d-47e4-abd1-e66c3ea271fa,2026-06-28T01:30:00Z,2026-06-28T03:30:00+0200,74.0,MW,NL,NL,forecast_offshore_wind_generation,Wind Offshore,2026-07-26T16:36:36Z
2026-07-26T16:33:47Z,2026-07-26T18:33:47+0200,74eb74bd-8b1d-47e4-abd1-e66c3ea271fa,2026-06-28T01:45:00Z,2026-06-28T03:45:00+0200,87.0,MW,NL,NL,forecast_offshore_wind_generation,Wind Offshore,2026-07-26T16:36:36Z
2026-07-26T16:33:47Z,2026-07-26T18:33:47+0200,74eb74bd-8b1d-47e4-abd1-e66c3ea271fa,2026-06-28T02:00:00Z,2026-06-28T04:00:00+0200,100.0,MW,NL,NL,forecast_offshore_wind_generation,Wind Offshore,2026-07-26T16:36:36Z
2026-07-26T16:33:47Z,2026-07-26T18:33:47+0200,74eb74bd-8b1d-47e4-abd1-e66c3ea271fa,2026-06-28T02:15:00Z,2026-06-28T04:15:00+0200,111.0,MW,NL,NL,forecast_offshore_wind_generation,Wind Offshore,2026-07-26T16:36:36Z
2026-07-26T16:33:47Z,2026-07-26T18:33:47+0200,74eb74bd-8b1d-47e4-abd1-e66c3ea271fa,2026-06-28T02:30:00Z,2026-06-28T04:30:00+0200,122.0,MW,NL,NL,forecast_offshore_wind_generation,Wind Offshore,2026-07-26T16:36:36Z
2026-07-26T16:33:47Z,2026-07-26T18:33:47+0200,74eb74bd-8b1d-47e4-abd1-e66c3ea271fa,2026-06-28T02:45:00Z,2026-06-28T04:45:00+0200,133.0,MW,NL,NL,forecast_offshore_wind_generation,Wind Offshore,2026-07-26T16:36:36Z
2026-07-26T16:33:47Z,2026-07-26T18:33:47+0200,74eb74bd-8b1d-47e4-abd1-e66c3ea271fa,2026-06-28T03:00:00Z,2026-06-28T05:00:00+0200,144.0,MW,NL,NL,forecast_offshore_wind_generation,Wind Offshore,2026-07-26T16:36:36Z
2026-07-26T16:33:47Z,2026-07-26T18:33:47+0200,74eb74bd-8b1d-47e4-abd1-e66c3ea271fa,2026-06-28T03:15:00Z,2026-06-28T05:15:00+0200,151.0,MW,NL,NL,forecast_offshore_wind_generation,Wind Offshore,2026-07-26T16:36:36Z
2026-07-26T16:33:47Z,2026-07-26T18:33:47+0200,74eb74bd-8b1d-47e4-abd1-e66c3ea271fa,2026-06-28T03:30:00Z,2026-06-28T05:30:00+0200,155.0,MW,NL,NL,forecast_offshore_wind_generation,Wind Offshore,2026-07-26T16:36:36Z
2026-07-26T16:33:47Z,2026-07-26T18:33:47+0200,74eb74bd-8b1d-47e4-abd1-e66c3ea271fa,2026-06-28T03:45:00Z,2026-06-28T05:45:00+0200,158.0,MW,NL,NL,forecast_offshore_wind_generation,Wind Offshore,2026-07-26T16:36:36Z
2026-07-26T16:33:47Z,2026-07-26T18:33:47+0200,74eb74bd-8b1d-47e4-abd1-e66c3ea271fa,2026-06-28T04:00:00Z,2026-06-28T06:00:00+0200,162.0,MW,NL,NL,forecast_offshore_wind_generation,Wind Offshore,2026-07-26T16:36:36Z
2026-07-26T16:33:47Z,2026-07-26T18:33:47+0200,74eb74bd-8b1d-47e4-abd1-e66c3ea271fa,2026-06-28T04:15:00Z,2026-06-28T06:15:00+0200,167.0,MW,NL,NL,forecast_offshore_wind_generation,Wind Offshore,2026-07-26T16:36:36Z
2026-07-26T16:33:47Z,2026-07-26T18:33:47+0200,74eb74bd-8b1d-47e4-abd1-e66c3ea271fa,2026-06-28T04:30:00Z,2026-06-28T06:30:00+0200,174.0,MW,NL,NL,forecast_offshore_wind_generation,Wind Offshore,2026-07-26T16:36:36Z
2026-07-26T16:33:47Z,2026-07-26T18:33:47+0200,74eb74bd-8b1d-47e4-abd1-e66c3ea271fa,2026-06-28T04:45:00Z,2026-06-28T06:45:00+0200,180.0,MW,NL,NL,forecast_offshore_wind_generation,Wind Offshore,2026-07-26T16:36:36Z
2026-07-26T16:33:47Z,2026-07-26T18:33:47+0200,74eb74bd-8b1d-47e4-abd1-e66c3ea271fa,2026-06-28T05:00:00Z,2026-06-28T07:00:00+0200,187.0,MW,NL,NL,forecast_offshore_wind_generation,Wind Offshore,2026-07-26T16:36:36Z
2026-07-26T16:33:47Z,2026-07-26T18:33:47+0200,74eb74bd-8b1d-47e4-abd1-e66c3ea271fa,2026-06-28T05:15:00Z,2026-06-28T07:15:00+0200,194.0,MW,NL,NL,forecast_offshore_wind_generation,Wind Offshore,2026-07-26T16:36:36Z
2026-07-26T16:33:47Z,2026-07-26T18:33:47+0200,74eb74bd-8b1d-47e4-abd1-e66c3ea271fa,2026-06-28T05:30:00Z,2026-06-28T07:30:00+0200,200.0,MW,NL,NL,forecast_offshore_wind_generation,Wind Offshore,2026-07-26T16:36:36Z
2026-07-26T16:33:47Z,2026-07-26T18:33:47+0200,74eb74bd-8b1d-47e4-abd1-e66c3ea271fa,2026-06-28T05:45:00Z,2026-06-28T07:45:00+0200,206.0,MW,NL,NL,forecast_offshore_wind_generation,Wind Offshore,2026-07-26T16:36:36Z
2026-07-26T16:33:47Z,2026-07-26T18:33:47+0200,74eb74bd-8b1d-47e4-abd1-e66c3ea271fa,2026-06-28T06:00:00Z,2026-06-28T08:00:00+0200,212.0,MW,NL,NL,forecast_offshore_wind_generation,Wind Offshore,2026-07-26T16:36:36Z
2026-07-26T16:33:47Z,2026-07-26T18:33:47+0200,74eb74bd-8b1d-47e4-abd1-e66c3ea271fa,2026-06-28T06:15:00Z,2026-06-28T08:15:00+0200,215.0,MW,NL,NL,forecast_offshore_wind_generation,Wind Offshore,2026-07-26T16:36:36Z
2026-07-26T16:33:47Z,2026-07-26T18:33:47+0200,74eb74bd-8b1d-47e4-abd1-e66c3ea271fa,2026-06-28T06:30:00Z,2026-06-28T08:30:00+0200,217.0,MW,NL,NL,forecast_offshore_wind_generation,Wind Offshore,2026-07-26T16:36:36Z
2026-07-26T16:33:47Z,2026-07-26T18:33:47+0200,74eb74bd-8b1d-47e4-abd1-e66c3ea271fa,2026-06-28T06:45:00Z,2026-06-28T08:45:00+0200,218.0,MW,NL,NL,forecast_offshore_wind_generation,Wind Offshore,2026-07-26T16:36:36Z
2026-07-26T16:33:47Z,2026-07-26T18:33:47+0200,74eb74bd-8b1d-47e4-abd1-e66c3ea271fa,2026-06-28T07:00:00Z,2026-06-28T09:00:00+0200,219.0,MW,NL,NL,forecast_offshore_wind_generation,Wind Offshore,2026-07-26T16:36:36Z
2026-07-26T16:33:47Z,2026-07-26T18:33:47+0200,74eb74bd-8b1d-47e4-abd1-e66c3ea271fa,2026-06-28T07:15:00Z,2026-06-28T09:15:00+0200,218.0,MW,NL,NL,forecast_offshore_wind_generation,Wind Offshore,2026-07-26T16:36:36Z
2026-07-26T16:33:47Z,2026-07-26T18:33:47+0200,74eb74bd-8b1d-47e4-abd1-e66c3ea271fa,2026-06-28T07:30:00Z,2026-06-28T09:30:00+0200,215.0,MW,NL,NL,forecast_offshore_wind_generation,Wind Offshore,2026-07-26T16:36:36Z
2026-07-26T16:33:47Z,2026-07-26T18:33:47+0200,74eb74bd-8b1d-47e4-abd1-e66c3ea271fa,2026-06-28T07:45:00Z,2026-06-28T09:45:00+0200,212.0,MW,NL,NL,forecast_offshore_wind_generation,Wind Offshore,2026-07-26T16:36:36Z
2026-07-26T16:33:47Z,2026-07-26T18:33:47+0200,74eb74bd-8b1d-47e4-abd1-e66c3ea271fa,2026-06-28T08:00:00Z,2026-06-28T10:00:00+0200,209.0,MW,NL,NL,forecast_offshore_wind_generation,Wind Offshore,2026-07-26T16:36:36Z
2026-07-26T16:33:47Z,2026-07-26T18:33:47+0200,74eb74bd-8b1d-47e4-abd1-e66c3ea271fa,2026-06-28T08:15:00Z,2026-06-28T10:15:00+0200,208.0,MW,NL,NL,forecast_offshore_wind_generation,Wind Offshore,2026-07-26T16:36:36Z
2026-07-26T16:33:47Z,2026-07-26T18:33:47+0200,74eb74bd-8b1d-47e4-abd1-e66c3ea271fa,2026-06-28T08:30:00Z,2026-06-28T10:30:00+0200,209.0,MW,NL,NL,forecast_offshore_wind_generation,Wind Offshore,2026-07-26T16:36:36Z
2026-07-26T16:33:47Z,2026-07-26T18:33:47+0200,74eb74bd-8b1d-47e4-abd1-e66c3ea271fa,2026-06-28T08:45:00Z,2026-06-28T10:45:00+0200,210.0,MW,NL,NL,forecast_offshore_wind_generation,Wind Offshore,2026-07-26T16:36:36Z
2026-07-26T16:33:47Z,2026-07-26T18:33:47+0200,74eb74bd-8b1d-47e4-abd1-e66c3ea271fa,2026-06-28T09:00:00Z,2026-06-28T11:00:00+0200,210.0,MW,NL,NL,forecast_offshore_wind_generation,Wind Offshore,2026-07-26T16:36:36Z
2026-07-26T16:33:47Z,2026-07-26T18:33:47+0200,74eb74bd-8b1d-47e4-abd1-e66c3ea271fa,2026-06-28T09:15:00Z,2026-06-28T11:15:00+0200,211.0,MW,NL,NL,forecast_offshore_wind_generation,Wind Offshore,2026-07-26T16:36:36Z
2026-07-26T16:33:47Z,2026-07-26T18:33:47+0200,74eb74bd-8b1d-47e4-abd1-e66c3ea271fa,2026-06-28T09:30:00Z,2026-06-28T11:30:00+0200,212.0,MW,NL,NL,forecast_offshore_wind_generation,Wind Offshore,2026-07-26T16:36:36Z
2026-07-26T16:33:47Z,2026-07-26T18:33:47+0200,74eb74bd-8b1d-47e4-abd1-e66c3ea271fa,2026-06-28T09:45:00Z,2026-06-28T11:45:00+0200,212.0,MW,NL,NL,forecast_offshore_wind_generation,Wind Offshore,2026-07-26T16:36:36Z
2026-07-26T16:33:47Z,2026-07-26T18:33:47+0200,74eb74bd-8b1d-47e4-abd1-e66c3ea271fa,2026-06-28T10:00:00Z,2026-06-28T12:00:00+0200,212.0,MW,NL,NL,forecast_offshore_wind_generation,Wind Offshore,2026-07-26T16:36:36Z
2026-07-26T16:33:47Z,2026-07-26T18:33:47+0200,74eb74bd-8b1d-47e4-abd1-e66c3ea271fa,2026-06-28T10:15:00Z,2026-06-28T12:15:00+0200,211.0,MW,NL,NL,forecast_offshore_wind_generation,Wind Offshore,2026-07-26T16:36:36Z
2026-07-26T16:33:47Z,2026-07-26T18:33:47+0200,74eb74bd-8b1d-47e4-abd1-e66c3ea271fa,2026-06-28T10:30:00Z,2026-06-28T12:30:00+0200,209.0,MW,NL,NL,forecast_offshore_wind_generation,Wind Offshore,2026-07-26T16:36:36Z
2026-07-26T16:33:47Z,2026-07-26T18:33:47+0200,74eb74bd-8b1d-47e4-abd1-e66c3ea271fa,2026-06-28T10:45:00Z,2026-06-28T12:45:00+0200,206.0,MW,NL,NL,forecast_offshore_wind_generation,Wind Offshore,2026-07-26T16:36:36Z
2026-07-26T16:33:47Z,2026-07-26T18:33:47+0200,74eb74bd-8b1d-47e4-abd1-e66c3ea271fa,2026-06-28T11:00:00Z,2026-06-28T13:00:00+0200,204.0,MW,NL,NL,forecast_offshore_wind_generation,Wind Offshore,2026-07-26T16:36:36Z
2026-07-26T16:33:47Z,2026-07-26T18:33:47+0200,74eb74bd-8b1d-47e4-abd1-e66c3ea271fa,2026-06-28T11:15:00Z,2026-06-28T13:15:00+0200,203.0,MW,NL,NL,forecast_offshore_wind_generation,Wind Offshore,2026-07-26T16:36:36Z
2026-07-26T16:33:47Z,2026-07-26T18:33:47+0200,74eb74bd-8b1d-47e4-abd1-e66c3ea271fa,2026-06-28T11:30:00Z,2026-06-28T13:30:00+0200,203.0,MW,NL,NL,forecast_offshore_wind_generation,Wind Offshore,2026-07-26T16:36:36Z
2026-07-26T16:33:47Z,2026-07-26T18:33:47+0200,74eb74bd-8b1d-47e4-abd1-e66c3ea271fa,2026-06-28T11:45:00Z,2026-06-28T13:45:00+0200,204.0,MW,NL,NL,forecast_offshore_wind_generation,Wind Offshore,2026-07-26T16:36:36Z
2026-07-26T16:33:47Z,2026-07-26T18:33:47+0200,74eb74bd-8b1d-47e4-abd1-e66c3ea271fa,2026-06-28T12:00:00Z,2026-06-28T14:00:00+0200,204.0,MW,NL,NL,forecast_offshore_wind_generation,Wind Offshore,2026-07-26T16:36:36Z
2026-07-26T16:33:47Z,2026-07-26T18:33:47+0200,74eb74bd-8b1d-47e4-abd1-e66c3ea271fa,2026-06-28T12:15:00Z,2026-06-28T14:15:00+0200,214.0,MW,NL,NL,forecast_offshore_wind_generation,Wind Offshore,2026-07-26T16:36:36Z
2026-07-26T16:33:47Z,2026-07-26T18:33:47+0200,74eb74bd-8b1d-47e4-abd1-e66c3ea271fa,2026-06-28T12:30:00Z,2026-06-28T14:30:00+0200,233.0,MW,NL,NL,forecast_offshore_wind_generation,Wind Offshore,2026-07-26T16:36:36Z
2026-07-26T16:33:47Z,2026-07-26T18:33:47+0200,74eb74bd-8b1d-47e4-abd1-e66c3ea271fa,2026-06-28T12:45:00Z,2026-06-28T14:45:00+0200,251.0,MW,NL,NL,forecast_offshore_wind_generation,Wind Offshore,2026-07-26T16:36:36Z
2026-07-26T16:33:47Z,2026-07-26T18:33:47+0200,74eb74bd-8b1d-47e4-abd1-e66c3ea271fa,2026-06-28T13:00:00Z,2026-06-28T15:00:00+0200,270.0,MW,NL,NL,forecast_offshore_wind_generation,Wind Offshore,2026-07-26T16:36:36Z
2026-07-26T16:33:47Z,2026-07-26T18:33:47+0200,74eb74bd-8b1d-47e4-abd1-e66c3ea271fa,2026-06-28T13:15:00Z,2026-06-28T15:15:00+0200,291.0,MW,NL,NL,forecast_offshore_wind_generation,Wind Offshore,2026-07-26T16:36:36Z
2026-07-26T16:33:47Z,2026-07-26T18:33:47+0200,74eb74bd-8b1d-47e4-abd1-e66c3ea271fa,2026-06-28T13:30:00Z,2026-06-28T15:30:00+0200,313.0,MW,NL,NL,forecast_offshore_wind_generation,Wind Offshore,2026-07-26T16:36:36Z
2026-07-26T16:33:47Z,2026-07-26T18:33:47+0200,74eb74bd-8b1d-47e4-abd1-e66c3ea271fa,2026-06-28T13:45:00Z,2026-06-28T15:45:00+0200,335.0,MW,NL,NL,forecast_offshore_wind_generation,Wind Offshore,2026-07-26T16:36:36Z
2026-07-26T16:33:47Z,2026-07-26T18:33:47+0200,74eb74bd-8b1d-47e4-abd1-e66c3ea271fa,2026-06-28T14:00:00Z,2026-06-28T16:00:00+0200,357.0,MW,NL,NL,forecast_offshore_wind_generation,Wind Offshore,2026-07-26T16:36:36Z
2026-07-26T16:33:47Z,2026-07-26T18:33:47+0200,74eb74bd-8b1d-47e4-abd1-e66c3ea271fa,2026-06-28T14:15:00Z,2026-06-28T16:15:00+0200,382.0,MW,NL,NL,forecast_offshore_wind_generation,Wind Offshore,2026-07-26T16:36:36Z
2026-07-26T16:33:47Z,2026-07-26T18:33:47+0200,74eb74bd-8b1d-47e4-abd1-e66c3ea271fa,2026-06-28T14:30:00Z,2026-06-28T16:30:00+0200,410.0,MW,NL,NL,forecast_offshore_wind_generation,Wind Offshore,2026-07-26T16:36:36Z
2026-07-26T16:33:47Z,2026-07-26T18:33:47+0200,74eb74bd-8b1d-47e4-abd1-e66c3ea271fa,2026-06-28T14:45:00Z,2026-06-28T16:45:00+0200,438.0,MW,NL,NL,forecast_offshore_wind_generation,Wind Offshore,2026-07-26T16:36:36Z
2026-07-26T16:33:47Z,2026-07-26T18:33:47+0200,74eb74bd-8b1d-47e4-abd1-e66c3ea271fa,2026-06-28T15:00:00Z,2026-06-28T17:00:00+0200,466.0,MW,NL,NL,forecast_offshore_wind_generation,Wind Offshore,2026-07-26T16:36:36Z
2026-07-26T16:33:47Z,2026-07-26T18:33:47+0200,74eb74bd-8b1d-47e4-abd1-e66c3ea271fa,2026-06-28T15:15:00Z,2026-06-28T17:15:00+0200,482.0,MW,NL,NL,forecast_offshore_wind_generation,Wind Offshore,2026-07-26T16:36:36Z
2026-07-26T16:33:47Z,2026-07-26T18:33:47+0200,74eb74bd-8b1d-47e4-abd1-e66c3ea271fa,2026-06-28T15:30:00Z,2026-06-28T17:30:00+0200,487.0,MW,NL,NL,forecast_offshore_wind_generation,Wind Offshore,2026-07-26T16:36:36Z
2026-07-26T16:33:47Z,2026-07-26T18:33:47+0200,74eb74bd-8b1d-47e4-abd1-e66c3ea271fa,2026-06-28T15:45:00Z,2026-06-28T17:45:00+0200,491.0,MW,NL,NL,forecast_offshore_wind_generation,Wind Offshore,2026-07-26T16:36:36Z
2026-07-26T16:33:47Z,2026-07-26T18:33:47+0200,74eb74bd-8b1d-47e4-abd1-e66c3ea271fa,2026-06-28T16:00:00Z,2026-06-28T18:00:00+0200,495.0,MW,NL,NL,forecast_offshore_wind_generation,Wind Offshore,2026-07-26T16:36:36Z
2026-07-26T16:33:47Z,2026-07-26T18:33:47+0200,74eb74bd-8b1d-47e4-abd1-e66c3ea271fa,2026-06-28T16:15:00Z,2026-06-28T18:15:00+0200,498.0,MW,NL,NL,forecast_offshore_wind_generation,Wind Offshore,2026-07-26T16:36:36Z
2026-07-26T16:33:47Z,2026-07-26T18:33:47+0200,74eb74bd-8b1d-47e4-abd1-e66c3ea271fa,2026-06-28T16:30:00Z,2026-06-28T18:30:00+0200,499.0,MW,NL,NL,forecast_offshore_wind_generation,Wind Offshore,2026-07-26T16:36:36Z
2026-07-26T16:33:47Z,2026-07-26T18:33:47+0200,74eb74bd-8b1d-47e4-abd1-e66c3ea271fa,2026-06-28T16:45:00Z,2026-06-28T18:45:00+0200,500.0,MW,NL,NL,forecast_offshore_wind_generation,Wind Offshore,2026-07-26T16:36:36Z
2026-07-26T16:33:47Z,2026-07-26T18:33:47+0200,74eb74bd-8b1d-47e4-abd1-e66c3ea271fa,2026-06-28T17:00:00Z,2026-06-28T19:00:00+0200,501.0,MW,NL,NL,forecast_offshore_wind_generation,Wind Offshore,2026-07-26T16:36:36Z
2026-07-26T16:33:47Z,2026-07-26T18:33:47+0200,74eb74bd-8b1d-47e4-abd1-e66c3ea271fa,2026-06-28T17:15:00Z,2026-06-28T19:15:00+0200,501.0,MW,NL,NL,forecast_offshore_wind_generation,Wind Offshore,2026-07-26T16:36:36Z
2026-07-26T16:33:47Z,2026-07-26T18:33:47+0200,74eb74bd-8b1d-47e4-abd1-e66c3ea271fa,2026-06-28T17:30:00Z,2026-06-28T19:30:00+0200,501.0,MW,NL,NL,forecast_offshore_wind_generation,Wind Offshore,2026-07-26T16:36:36Z
2026-07-26T16:33:47Z,2026-07-26T18:33:47+0200,74eb74bd-8b1d-47e4-abd1-e66c3ea271fa,2026-06-28T17:45:00Z,2026-06-28T19:45:00+0200,501.0,MW,NL,NL,forecast_offshore_wind_generation,Wind Offshore,2026-07-26T16:36:36Z
2026-07-26T16:33:47Z,2026-07-26T18:33:47+0200,74eb74bd-8b1d-47e4-abd1-e66c3ea271fa,2026-06-28T18:00:00Z,2026-06-28T20:00:00+0200,500.0,MW,NL,NL,forecast_offshore_wind_generation,Wind Offshore,2026-07-26T16:36:36Z
2026-07-26T16:33:47Z,2026-07-26T18:33:47+0200,74eb74bd-8b1d-47e4-abd1-e66c3ea271fa,2026-06-28T18:15:00Z,2026-06-28T20:15:00+0200,493.0,MW,NL,NL,forecast_offshore_wind_generation,Wind Offshore,2026-07-26T16:36:36Z
2026-07-26T16:33:47Z,2026-07-26T18:33:47+0200,74eb74bd-8b1d-47e4-abd1-e66c3ea271fa,2026-06-28T18:30:00Z,2026-06-28T20:30:00+0200,479.0,MW,NL,NL,forecast_offshore_wind_generation,Wind Offshore,2026-07-26T16:36:36Z
2026-07-26T16:33:47Z,2026-07-26T18:33:47+0200,74eb74bd-8b1d-47e4-abd1-e66c3ea271fa,2026-06-28T18:45:00Z,2026-06-28T20:45:00+0200,465.0,MW,NL,NL,forecast_offshore_wind_generation,Wind Offshore,2026-07-26T16:36:36Z
2026-07-26T16:33:47Z,2026-07-26T18:33:47+0200,74eb74bd-8b1d-47e4-abd1-e66c3ea271fa,2026-06-28T19:00:00Z,2026-06-28T21:00:00+0200,450.0,MW,NL,NL,forecast_offshore_wind_generation,Wind Offshore,2026-07-26T16:36:36Z
2026-07-26T16:33:47Z,2026-07-26T18:33:47+0200,74eb74bd-8b1d-47e4-abd1-e66c3ea271fa,2026-06-28T19:15:00Z,2026-06-28T21:15:00+0200,434.0,MW,NL,NL,forecast_offshore_wind_generation,Wind Offshore,2026-07-26T16:36:36Z
2026-07-26T16:33:47Z,2026-07-26T18:33:47+0200,74eb74bd-8b1d-47e4-abd1-e66c3ea271fa,2026-06-28T19:30:00Z,2026-06-28T21:30:00+0200,414.0,MW,NL,NL,forecast_offshore_wind_generation,Wind Offshore,2026-07-26T16:36:36Z
2026-07-26T16:33:47Z,2026-07-26T18:33:47+0200,74eb74bd-8b1d-47e4-abd1-e66c3ea271fa,2026-06-28T19:45:00Z,2026-06-28T21:45:00+0200,395.0,MW,NL,NL,forecast_offshore_wind_generation,Wind Offshore,2026-07-26T16:36:36Z
2026-07-26T16:33:47Z,2026-07-26T18:33:47+0200,74eb74bd-8b1d-47e4-abd1-e66c3ea271fa,2026-06-28T20:00:00Z,2026-06-28T22:00:00+0200,375.0,MW,NL,NL,forecast_offshore_wind_generation,Wind Offshore,2026-07-26T16:36:36Z
2026-07-26T16:33:47Z,2026-07-26T18:33:47+0200,74eb74bd-8b1d-47e4-abd1-e66c3ea271fa,2026-06-28T20:15:00Z,2026-06-28T22:15:00+0200,358.0,MW,NL,NL,forecast_offshore_wind_generation,Wind Offshore,2026-07-26T16:36:36Z
2026-07-26T16:33:47Z,2026-07-26T18:33:47+0200,74eb74bd-8b1d-47e4-abd1-e66c3ea271fa,2026-06-28T20:30:00Z,2026-06-28T22:30:00+0200,342.0,MW,NL,NL,forecast_offshore_wind_generation,Wind Offshore,2026-07-26T16:36:36Z
2026-07-26T16:33:47Z,2026-07-26T18:33:47+0200,74eb74bd-8b1d-47e4-abd1-e66c3ea271fa,2026-06-28T20:45:00Z,2026-06-28T22:45:00+0200,327.0,MW,NL,NL,forecast_offshore_wind_generation,Wind Offshore,2026-07-26T16:36:36Z
2026-07-26T16:33:47Z,2026-07-26T18:33:47+0200,74eb74bd-8b1d-47e4-abd1-e66c3ea271fa,2026-06-28T21:00:00Z,2026-06-28T23:00:00+0200,312.0,MW,NL,NL,forecast_offshore_wind_generation,Wind Offshore,2026-07-26T16:36:36Z
2026-07-26T16:33:47Z,2026-07-26T18:33:47+0200,74eb74bd-8b1d-47e4-abd1-e66c3ea271fa,2026-06-28T21:15:00Z,2026-06-28T23:15:00+0200,317.0,MW,NL,NL,forecast_offshore_wind_generation,Wind Offshore,2026-07-26T16:36:36Z
2026-07-26T16:33:47Z,2026-07-26T18:33:47+0200,74eb74bd-8b1d-47e4-abd1-e66c3ea271fa,2026-06-28T21:30:00Z,2026-06-28T23:30:00+0200,342.0,MW,NL,NL,forecast_offshore_wind_generation,Wind Offshore,2026-07-26T16:36:36Z
2026-07-26T16:33:47Z,2026-07-26T18:33:47+0200,74eb74bd-8b1d-47e4-abd1-e66c3ea271fa,2026-06-28T21:45:00Z,2026-06-28T23:45:00+0200,367.0,MW,NL,NL,forecast_offshore_wind_generation,Wind Offshore,2026-07-26T16:36:36Z
2026-07-26T16:33:47Z,2026-07-26T18:33:47+0200,74eb74bd-8b1d-47e4-abd1-e66c3ea271fa,2026-06-28T22:00:00Z,2026-06-29T00:00:00+0200,513.0,MW,NL,NL,forecast_offshore_wind_generation,Wind Offshore,2026-07-26T16:36:36Z
2026-07-26T16:33:47Z,2026-07-26T18:33:47+0200,74eb74bd-8b1d-47e4-abd1-e66c3ea271fa,2026-06-28T22:15:00Z,2026-06-29T00:15:00+0200,507.0,MW,NL,NL,forecast_offshore_wind_generation,Wind Offshore,2026-07-26T16:36:36Z
2026-07-26T16:33:47Z,2026-07-26T18:33:47+0200,74eb74bd-8b1d-47e4-abd1-e66c3ea271fa,2026-06-28T22:30:00Z,2026-06-29T00:30:00+0200,502.0,MW,NL,NL,forecast_offshore_wind_generation,Wind Offshore,2026-07-26T16:36:36Z
2026-07-26T16:33:47Z,2026-07-26T18:33:47+0200,74eb74bd-8b1d-47e4-abd1-e66c3ea271fa,2026-06-28T22:45:00Z,2026-06-29T00:45:00+0200,496.0,MW,NL,NL,forecast_offshore_wind_generation,Wind Offshore,2026-07-26T16:36:36Z
2026-07-26T16:33:47Z,2026-07-26T18:33:47+0200,74eb74bd-8b1d-47e4-abd1-e66c3ea271fa,2026-06-28T23:00:00Z,2026-06-29T01:00:00+0200,490.0,MW,NL,NL,forecast_offshore_wind_generation,Wind Offshore,2026-07-26T16:36:36Z
2026-07-26T16:33:47Z,2026-07-26T18:33:47+0200,74eb74bd-8b1d-47e4-abd1-e66c3ea271fa,2026-06-28T23:15:00Z,2026-06-29T01:15:00+0200,491.0,MW,NL,NL,forecast_offshore_wind_generation,Wind Offshore,2026-07-26T16:36:36Z
2026-07-26T16:33:47Z,2026-07-26T18:33:47+0200,74eb74bd-8b1d-47e4-abd1-e66c3ea271fa,2026-06-28T23:30:00Z,2026-06-29T01:30:00+0200,500.0,MW,NL,NL,forecast_offshore_wind_generation,Wind Offshore,2026-07-26T16:36:36Z
2026-07-26T16:33:47Z,2026-07-26T18:33:47+0200,74eb74bd-8b1d-47e4-abd1-e66c3ea271fa,2026-06-28T23:45:00Z,2026-06-29T01:45:00+0200,508.0,MW,NL,NL,forecast_offshore_wind_generation,Wind Offshore,2026-07-26T16:36:36Z
2026-07-26T16:33:47Z,2026-07-26T18:33:47+0200,74eb74bd-8b1d-47e4-abd1-e66c3ea271fa,2026-06-29T00:00:00Z,2026-06-29T02:00:00+0200,516.0,MW,NL,NL,forecast_offshore_wind_generation,Wind Offshore,2026-07-26T16:36:36Z
2026-07-26T16:33:47Z,2026-07-26T18:33:47+0200,74eb74bd-8b1d-47e4-abd1-e66c3ea271fa,2026-06-29T00:15:00Z,2026-06-29T02:15:00+0200,503.0,MW,NL,NL,forecast_offshore_wind_generation,Wind Offshore,2026-07-26T16:36:36Z
2026-07-26T16:33:47Z,2026-07-26T18:33:47+0200,74eb74bd-8b1d-47e4-abd1-e66c3ea271fa,2026-06-29T00:30:00Z,2026-06-29T02:30:00+0200,469.0,MW,NL,NL,forecast_offshore_wind_generation,Wind Offshore,2026-07-26T16:36:36Z
2026-07-26T16:33:47Z,2026-07-26T18:33:47+0200,74eb74bd-8b1d-47e4-abd1-e66c3ea271fa,2026-06-29T00:45:00Z,2026-06-29T02:45:00+0200,434.0,MW,NL,NL,forecast_offshore_wind_generation,Wind Offshore,2026-07-26T16:36:36Z
2026-07-26T16:33:47Z,2026-07-26T18:33:47+0200,74eb74bd-8b1d-47e4-abd1-e66c3ea271fa,2026-06-29T01:00:00Z,2026-06-29T03:00:00+0200,399.0,MW,NL,NL,forecast_offshore_wind_generation,Wind Offshore,2026-07-26T16:36:36Z
2026-07-26T16:33:47Z,2026-07-26T18:33:47+0200,74eb74bd-8b1d-47e4-abd1-e66c3ea271fa,2026-06-29T01:15:00Z,2026-06-29T03:15:00+0200,374.0,MW,NL,NL,forecast_offshore_wind_generation,Wind Offshore,2026-07-26T16:36:36Z
2026-07-26T16:33:47Z,2026-07-26T18:33:47+0200,74eb74bd-8b1d-47e4-abd1-e66c3ea271fa,2026-06-29T01:30:00Z,2026-06-29T03:30:00+0200,357.0,MW,NL,NL,forecast_offshore_wind_generation,Wind Offshore,2026-07-26T16:36:36Z
2026-07-26T16:33:47Z,2026-07-26T18:33:47+0200,74eb74bd-8b1d-47e4-abd1-e66c3ea271fa,2026-06-29T01:45:00Z,2026-06-29T03:45:00+0200,341.0,MW,NL,NL,forecast_offshore_wind_generation,Wind Offshore,2026-07-26T16:36:36Z
2026-07-26T16:33:47Z,2026-07-26T18:33:47+0200,74eb74bd-8b1d-47e4-abd1-e66c3ea271fa,2026-06-29T02:00:00Z,2026-06-29T04:00:00+0200,324.0,MW,NL,NL,forecast_offshore_wind_generation,Wind Offshore,2026-07-26T16:36:36Z
2026-07-26T16:33:47Z,2026-07-26T18:33:47+0200,74eb74bd-8b1d-47e4-abd1-e66c3ea271fa,2026-06-29T02:15:00Z,2026-06-29T04:15:00+0200,312.0,MW,NL,NL,forecast_offshore_wind_generation,Wind Offshore,2026-07-26T16:36:36Z
2026-07-26T16:33:47Z,2026-07-26T18:33:47+0200,74eb74bd-8b1d-47e4-abd1-e66c3ea271fa,2026-06-29T02:30:00Z,2026-06-29T04:30:00+0200,303.0,MW,NL,NL,forecast_offshore_wind_generation,Wind Offshore,2026-07-26T16:36:36Z
2026-07-26T16:33:47Z,2026-07-26T18:33:47+0200,74eb74bd-8b1d-47e4-abd1-e66c3ea271fa,2026-06-29T02:45:00Z,2026-06-29T04:45:00+0200,294.0,MW,NL,NL,forecast_offshore_wind_generation,Wind Offshore,2026-07-26T16:36:36Z
2026-07-26T16:33:47Z,2026-07-26T18:33:47+0200,74eb74bd-8b1d-47e4-abd1-e66c3ea271fa,2026-06-29T03:00:00Z,2026-06-29T05:00:00+0200,285.0,MW,NL,NL,forecast_offshore_wind_generation,Wind Offshore,2026-07-26T16:36:36Z
2026-07-26T16:33:47Z,2026-07-26T18:33:47+0200,74eb74bd-8b1d-47e4-abd1-e66c3ea271fa,2026-06-29T03:15:00Z,2026-06-29T05:15:00+0200,273.0,MW,NL,NL,forecast_offshore_wind_generation,Wind Offshore,2026-07-26T16:36:36Z
2026-07-26T16:33:47Z,2026-07-26T18:33:47+0200,74eb74bd-8b1d-47e4-abd1-e66c3ea271fa,2026-06-29T03:30:00Z,2026-06-29T05:30:00+0200,256.0,MW,NL,NL,forecast_offshore_wind_generation,Wind Offshore,2026-07-26T16:36:36Z
2026-07-26T16:33:47Z,2026-07-26T18:33:47+0200,74eb74bd-8b1d-47e4-abd1-e66c3ea271fa,2026-06-29T03:45:00Z,2026-06-29T05:45:00+0200,240.0,MW,NL,NL,forecast_offshore_wind_generation,Wind Offshore,2026-07-26T16:36:36Z
2026-07-26T16:33:47Z,2026-07-26T18:33:47+0200,74eb74bd-8b1d-47e4-abd1-e66c3ea271fa,2026-06-29T04:00:00Z,2026-06-29T06:00:00+0200,223.0,MW,NL,NL,forecast_offshore_wind_generation,Wind Offshore,2026-07-26T16:36:36Z
2026-07-26T16:33:47Z,2026-07-26T18:33:47+0200,74eb74bd-8b1d-47e4-abd1-e66c3ea271fa,2026-06-29T04:15:00Z,2026-06-29T06:15:00+0200,208.0,MW,NL,NL,forecast_offshore_wind_generation,Wind Offshore,2026-07-26T16:36:36Z
2026-07-26T16:33:47Z,2026-07-26T18:33:47+0200,74eb74bd-8b1d-47e4-abd1-e66c3ea271fa,2026-06-29T04:30:00Z,2026-06-29T06:30:00+0200,193.0,MW,NL,NL,forecast_offshore_wind_generation,Wind Offshore,2026-07-26T16:36:36Z
2026-07-26T16:33:47Z,2026-07-26T18:33:47+0200,74eb74bd-8b1d-47e4-abd1-e66c3ea271fa,2026-06-29T04:45:00Z,2026-06-29T06:45:00+0200,179.0,MW,NL,NL,forecast_offshore_wind_generation,Wind Offshore,2026-07-26T16:36:36Z
2026-07-26T16:33:47Z,2026-07-26T18:33:47+0200,74eb74bd-8b1d-47e4-abd1-e66c3ea271fa,2026-06-29T05:00:00Z,2026-06-29T07:00:00+0200,164.0,MW,NL,NL,forecast_offshore_wind_generation,Wind Offshore,2026-07-26T16:36:36Z
2026-07-26T16:33:47Z,2026-07-26T18:33:47+0200,74eb74bd-8b1d-47e4-abd1-e66c3ea271fa,2026-06-29T05:15:00Z,2026-06-29T07:15:00+0200,153.0,MW,NL,NL,forecast_offshore_wind_generation,Wind Offshore,2026-07-26T16:36:36Z
2026-07-26T16:33:47Z,2026-07-26T18:33:47+0200,74eb74bd-8b1d-47e4-abd1-e66c3ea271fa,2026-06-29T05:30:00Z,2026-06-29T07:30:00+0200,145.0,MW,NL,NL,forecast_offshore_wind_generation,Wind Offshore,2026-07-26T16:36:36Z
2026-07-26T16:33:47Z,2026-07-26T18:33:47+0200,74eb74bd-8b1d-47e4-abd1-e66c3ea271fa,2026-06-29T05:45:00Z,2026-06-29T07:45:00+0200,138.0,MW,NL,NL,forecast_offshore_wind_generation,Wind Offshore,2026-07-26T16:36:36Z
2026-07-26T16:33:47Z,2026-07-26T18:33:47+0200,74eb74bd-8b1d-47e4-abd1-e66c3ea271fa,2026-06-29T06:00:00Z,2026-06-29T08:00:00+0200,130.0,MW,NL,NL,forecast_offshore_wind_generation,Wind Offshore,2026-07-26T16:36:36Z
2026-07-26T16:33:47Z,2026-07-26T18:33:47+0200,74eb74bd-8b1d-47e4-abd1-e66c3ea271fa,2026-06-29T06:15:00Z,2026-06-29T08:15:00+0200,126.0,MW,NL,NL,forecast_offshore_wind_generation,Wind Offshore,2026-07-26T16:36:36Z
2026-07-26T16:33:47Z,2026-07-26T18:33:47+0200,74eb74bd-8b1d-47e4-abd1-e66c3ea271fa,2026-06-29T06:30:00Z,2026-06-29T08:30:00+0200,126.0,MW,NL,NL,forecast_offshore_wind_generation,Wind Offshore,2026-07-26T16:36:36Z
2026-07-26T16:33:47Z,2026-07-26T18:33:47+0200,74eb74bd-8b1d-47e4-abd1-e66c3ea271fa,2026-06-29T06:45:00Z,2026-06-29T08:45:00+0200,125.0,MW,NL,NL,forecast_offshore_wind_generation,Wind Offshore,2026-07-26T16:36:36Z
2026-07-26T16:33:47Z,2026-07-26T18:33:47+0200,74eb74bd-8b1d-47e4-abd1-e66c3ea271fa,2026-06-29T07:00:00Z,2026-06-29T09:00:00+0200,125.0,MW,NL,NL,forecast_offshore_wind_generation,Wind Offshore,2026-07-26T16:36:36Z
2026-07-26T16:33:47Z,2026-07-26T18:33:47+0200,74eb74bd-8b1d-47e4-abd1-e66c3ea271fa,2026-06-29T07:15:00Z,2026-06-29T09:15:00+0200,124.0,MW,NL,NL,forecast_offshore_wind_generation,Wind Offshore,2026-07-26T16:36:36Z
2026-07-26T16:33:47Z,2026-07-26T18:33:47+0200,74eb74bd-8b1d-47e4-abd1-e66c3ea271fa,2026-06-29T07:30:00Z,2026-06-29T09:30:00+0200,122.0,MW,NL,NL,forecast_offshore_wind_generation,Wind Offshore,2026-07-26T16:36:36Z
2026-07-26T16:33:47Z,2026-07-26T18:33:47+0200,74eb74bd-8b1d-47e4-abd1-e66c3ea271fa,2026-06-29T07:45:00Z,2026-06-29T09:45:00+0200,120.0,MW,NL,NL,forecast_offshore_wind_generation,Wind Offshore,2026-07-26T16:36:36Z
2026-07-26T16:33:47Z,2026-07-26T18:33:47+0200,74eb74bd-8b1d-47e4-abd1-e66c3ea271fa,2026-06-29T08:00:00Z,2026-06-29T10:00:00+0200,118.0,MW,NL,NL,forecast_offshore_wind_generation,Wind Offshore,2026-07-26T16:36:36Z
2026-07-26T16:33:47Z,2026-07-26T18:33:47+0200,74eb74bd-8b1d-47e4-abd1-e66c3ea271fa,2026-06-29T08:15:00Z,2026-06-29T10:15:00+0200,117.0,MW,NL,NL,forecast_offshore_wind_generation,Wind Offshore,2026-07-26T16:36:36Z
2026-07-26T16:33:47Z,2026-07-26T18:33:47+0200,74eb74bd-8b1d-47e4-abd1-e66c3ea271fa,2026-06-29T08:30:00Z,2026-06-29T10:30:00+0200,116.0,MW,NL,NL,forecast_offshore_wind_generation,Wind Offshore,2026-07-26T16:36:36Z
2026-07-26T16:33:47Z,2026-07-26T18:33:47+0200,74eb74bd-8b1d-47e4-abd1-e66c3ea271fa,2026-06-29T08:45:00Z,2026-06-29T10:45:00+0200,115.0,MW,NL,NL,forecast_offshore_wind_generation,Wind Offshore,2026-07-26T16:36:36Z
2026-07-26T16:33:47Z,2026-07-26T18:33:47+0200,74eb74bd-8b1d-47e4-abd1-e66c3ea271fa,2026-06-29T09:00:00Z,2026-06-29T11:00:00+0200,114.0,MW,NL,NL,forecast_offshore_wind_generation,Wind Offshore,2026-07-26T16:36:36Z
2026-07-26T16:33:47Z,2026-07-26T18:33:47+0200,74eb74bd-8b1d-47e4-abd1-e66c3ea271fa,2026-06-29T09:15:00Z,2026-06-29T11:15:00+0200,116.0,MW,NL,NL,forecast_offshore_wind_generation,Wind Offshore,2026-07-26T16:36:36Z
2026-07-26T16:33:47Z,2026-07-26T18:33:47+0200,74eb74bd-8b1d-47e4-abd1-e66c3ea271fa,2026-06-29T09:30:00Z,2026-06-29T11:30:00+0200,121.0,MW,NL,NL,forecast_offshore_wind_generation,Wind Offshore,2026-07-26T16:36:36Z
2026-07-26T16:33:47Z,2026-07-26T18:33:47+0200,74eb74bd-8b1d-47e4-abd1-e66c3ea271fa,2026-06-29T09:45:00Z,2026-06-29T11:45:00+0200,126.0,MW,NL,NL,forecast_offshore_wind_generation,Wind Offshore,2026-07-26T16:36:36Z
2026-07-26T16:33:47Z,2026-07-26T18:33:47+0200,74eb74bd-8b1d-47e4-abd1-e66c3ea271fa,2026-06-29T10:00:00Z,2026-06-29T12:00:00+0200,131.0,MW,NL,NL,forecast_offshore_wind_generation,Wind Offshore,2026-07-26T16:36:36Z
2026-07-26T16:33:47Z,2026-07-26T18:33:47+0200,74eb74bd-8b1d-47e4-abd1-e66c3ea271fa,2026-06-29T10:15:00Z,2026-06-29T12:15:00+0200,138.0,MW,NL,NL,forecast_offshore_wind_generation,Wind Offshore,2026-07-26T16:36:36Z
2026-07-26T16:33:47Z,2026-07-26T18:33:47+0200,74eb74bd-8b1d-47e4-abd1-e66c3ea271fa,2026-06-29T10:30:00Z,2026-06-29T12:30:00+0200,147.0,MW,NL,NL,forecast_offshore_wind_generation,Wind Offshore,2026-07-26T16:36:36Z
2026-07-26T16:33:47Z,2026-07-26T18:33:47+0200,74eb74bd-8b1d-47e4-abd1-e66c3ea271fa,2026-06-29T10:45:00Z,2026-06-29T12:45:00+0200,155.0,MW,NL,NL,forecast_offshore_wind_generation,Wind Offshore,2026-07-26T16:36:36Z
2026-07-26T16:33:47Z,2026-07-26T18:33:47+0200,74eb74bd-8b1d-47e4-abd1-e66c3ea271fa,2026-06-29T11:00:00Z,2026-06-29T13:00:00+0200,164.0,MW,NL,NL,forecast_offshore_wind_generation,Wind Offshore,2026-07-26T16:36:36Z
2026-07-26T16:33:47Z,2026-07-26T18:33:47+0200,74eb74bd-8b1d-47e4-abd1-e66c3ea271fa,2026-06-29T11:15:00Z,2026-06-29T13:15:00+0200,173.0,MW,NL,NL,forecast_offshore_wind_generation,Wind Offshore,2026-07-26T16:36:36Z
2026-07-26T16:33:47Z,2026-07-26T18:33:47+0200,74eb74bd-8b1d-47e4-abd1-e66c3ea271fa,2026-06-29T11:30:00Z,2026-06-29T13:30:00+0200,182.0,MW,NL,NL,forecast_offshore_wind_generation,Wind Offshore,2026-07-26T16:36:36Z
2026-07-26T16:33:47Z,2026-07-26T18:33:47+0200,74eb74bd-8b1d-47e4-abd1-e66c3ea271fa,2026-06-29T11:45:00Z,2026-06-29T13:45:00+0200,191.0,MW,NL,NL,forecast_offshore_wind_generation,Wind Offshore,2026-07-26T16:36:36Z
2026-07-26T16:33:47Z,2026-07-26T18:33:47+0200,74eb74bd-8b1d-47e4-abd1-e66c3ea271fa,2026-06-29T12:00:00Z,2026-06-29T14:00:00+0200,200.0,MW,NL,NL,forecast_offshore_wind_generation,Wind Offshore,2026-07-26T16:36:36Z
2026-07-26T16:33:47Z,2026-07-26T18:33:47+0200,74eb74bd-8b1d-47e4-abd1-e66c3ea271fa,2026-06-29T12:15:00Z,2026-06-29T14:15:00+0200,206.0,MW,NL,NL,forecast_offshore_wind_generation,Wind Offshore,2026-07-26T16:36:36Z
2026-07-26T16:33:47Z,2026-07-26T18:33:47+0200,74eb74bd-8b1d-47e4-abd1-e66c3ea271fa,2026-06-29T12:30:00Z,2026-06-29T14:30:00+0200,209.0,MW,NL,NL,forecast_offshore_wind_generation,Wind Offshore,2026-07-26T16:36:36Z
2026-07-26T16:33:47Z,2026-07-26T18:33:47+0200,74eb74bd-8b1d-47e4-abd1-e66c3ea271fa,2026-06-29T12:45:00Z,2026-06-29T14:45:00+0200,212.0,MW,NL,NL,forecast_offshore_wind_generation,Wind Offshore,2026-07-26T16:36:36Z
2026-07-26T16:33:47Z,2026-07-26T18:33:47+0200,74eb74bd-8b1d-47e4-abd1-e66c3ea271fa,2026-06-29T13:00:00Z,2026-06-29T15:00:00+0200,215.0,MW,NL,NL,forecast_offshore_wind_generation,Wind Offshore,2026-07-26T16:36:36Z
2026-07-26T16:33:47Z,2026-07-26T18:33:47+0200,74eb74bd-8b1d-47e4-abd1-e66c3ea271fa,2026-06-29T13:15:00Z,2026-06-29T15:15:00+0200,218.0,MW,NL,NL,forecast_offshore_wind_generation,Wind Offshore,2026-07-26T16:36:36Z
2026-07-26T16:33:47Z,2026-07-26T18:33:47+0200,74eb74bd-8b1d-47e4-abd1-e66c3ea271fa,2026-06-29T13:30:00Z,2026-06-29T15:30:00+0200,221.0,MW,NL,NL,forecast_offshore_wind_generation,Wind Offshore,2026-07-26T16:36:36Z
2026-07-26T16:33:47Z,2026-07-26T18:33:47+0200,74eb74bd-8b1d-47e4-abd1-e66c3ea271fa,2026-06-29T13:45:00Z,2026-06-29T15:45:00+0200,223.0,MW,NL,NL,forecast_offshore_wind_generation,Wind Offshore,2026-07-26T16:36:36Z
2026-07-26T16:33:47Z,2026-07-26T18:33:47+0200,74eb74bd-8b1d-47e4-abd1-e66c3ea271fa,2026-06-29T14:00:00Z,2026-06-29T16:00:00+0200,226.0,MW,NL,NL,forecast_offshore_wind_generation,Wind Offshore,2026-07-26T16:36:36Z
2026-07-26T16:33:47Z,2026-07-26T18:33:47+0200,74eb74bd-8b1d-47e4-abd1-e66c3ea271fa,2026-06-29T14:15:00Z,2026-06-29T16:15:00+0200,228.0,MW,NL,NL,forecast_offshore_wind_generation,Wind Offshore,2026-07-26T16:36:36Z
2026-07-26T16:33:47Z,2026-07-26T18:33:47+0200,74eb74bd-8b1d-47e4-abd1-e66c3ea271fa,2026-06-29T14:30:00Z,2026-06-29T16:30:00+0200,231.0,MW,NL,NL,forecast_offshore_wind_generation,Wind Offshore,2026-07-26T16:36:36Z
2026-07-26T16:33:47Z,2026-07-26T18:33:47+0200,74eb74bd-8b1d-47e4-abd1-e66c3ea271fa,2026-06-29T14:45:00Z,2026-06-29T16:45:00+0200,234.0,MW,NL,NL,forecast_offshore_wind_generation,Wind Offshore,2026-07-26T16:36:36Z
2026-07-26T16:33:47Z,2026-07-26T18:33:47+0200,74eb74bd-8b1d-47e4-abd1-e66c3ea271fa,2026-06-29T15:00:00Z,2026-06-29T17:00:00+0200,236.0,MW,NL,NL,forecast_offshore_wind_generation,Wind Offshore,2026-07-26T16:36:36Z
2026-07-26T16:33:47Z,2026-07-26T18:33:47+0200,74eb74bd-8b1d-47e4-abd1-e66c3ea271fa,2026-06-29T15:15:00Z,2026-06-29T17:15:00+0200,238.0,MW,NL,NL,forecast_offshore_wind_generation,Wind Offshore,2026-07-26T16:36:36Z
2026-07-26T16:33:47Z,2026-07-26T18:33:47+0200,74eb74bd-8b1d-47e4-abd1-e66c3ea271fa,2026-06-29T15:30:00Z,2026-06-29T17:30:00+0200,239.0,MW,NL,NL,forecast_offshore_wind_generation,Wind Offshore,2026-07-26T16:36:36Z
2026-07-26T16:33:47Z,2026-07-26T18:33:47+0200,74eb74bd-8b1d-47e4-abd1-e66c3ea271fa,2026-06-29T15:45:00Z,2026-06-29T17:45:00+0200,240.0,MW,NL,NL,forecast_offshore_wind_generation,Wind Offshore,2026-07-26T16:36:36Z
2026-07-26T16:33:47Z,2026-07-26T18:33:47+0200,74eb74bd-8b1d-47e4-abd1-e66c3ea271fa,2026-06-29T16:00:00Z,2026-06-29T18:00:00+0200,241.0,MW,NL,NL,forecast_offshore_wind_generation,Wind Offshore,2026-07-26T16:36:36Z
2026-07-26T16:33:47Z,2026-07-26T18:33:47+0200,74eb74bd-8b1d-47e4-abd1-e66c3ea271fa,2026-06-29T16:15:00Z,2026-06-29T18:15:00+0200,238.0,MW,NL,NL,forecast_offshore_wind_generation,Wind Offshore,2026-07-26T16:36:36Z
2026-07-26T16:33:47Z,2026-07-26T18:33:47+0200,74eb74bd-8b1d-47e4-abd1-e66c3ea271fa,2026-06-29T16:30:00Z,2026-06-29T18:30:00+0200,232.0,MW,NL,NL,forecast_offshore_wind_generation,Wind Offshore,2026-07-26T16:36:36Z
2026-07-26T16:33:47Z,2026-07-26T18:33:47+0200,74eb74bd-8b1d-47e4-abd1-e66c3ea271fa,2026-06-29T16:45:00Z,2026-06-29T18:45:00+0200,225.0,MW,NL,NL,forecast_offshore_wind_generation,Wind Offshore,2026-07-26T16:36:36Z
2026-07-26T16:33:47Z,2026-07-26T18:33:47+0200,74eb74bd-8b1d-47e4-abd1-e66c3ea271fa,2026-06-29T17:00:00Z,2026-06-29T19:00:00+0200,219.0,MW,NL,NL,forecast_offshore_wind_generation,Wind Offshore,2026-07-26T16:36:36Z
2026-07-26T16:33:47Z,2026-07-26T18:33:47+0200,74eb74bd-8b1d-47e4-abd1-e66c3ea271fa,2026-06-29T17:15:00Z,2026-06-29T19:15:00+0200,213.0,MW,NL,NL,forecast_offshore_wind_generation,Wind Offshore,2026-07-26T16:36:36Z
2026-07-26T16:33:47Z,2026-07-26T18:33:47+0200,74eb74bd-8b1d-47e4-abd1-e66c3ea271fa,2026-06-29T17:30:00Z,2026-06-29T19:30:00+0200,207.0,MW,NL,NL,forecast_offshore_wind_generation,Wind Offshore,2026-07-26T16:36:36Z
2026-07-26T16:33:47Z,2026-07-26T18:33:47+0200,74eb74bd-8b1d-47e4-abd1-e66c3ea271fa,2026-06-29T17:45:00Z,2026-06-29T19:45:00+0200,201.0,MW,NL,NL,forecast_offshore_wind_generation,Wind Offshore,2026-07-26T16:36:36Z
2026-07-26T16:33:47Z,2026-07-26T18:33:47+0200,74eb74bd-8b1d-47e4-abd1-e66c3ea271fa,2026-06-29T18:00:00Z,2026-06-29T20:00:00+0200,195.0,MW,NL,NL,forecast_offshore_wind_generation,Wind Offshore,2026-07-26T16:36:36Z
2026-07-26T16:33:47Z,2026-07-26T18:33:47+0200,74eb74bd-8b1d-47e4-abd1-e66c3ea271fa,2026-06-29T18:15:00Z,2026-06-29T20:15:00+0200,187.0,MW,NL,NL,forecast_offshore_wind_generation,Wind Offshore,2026-07-26T16:36:36Z
2026-07-26T16:33:47Z,2026-07-26T18:33:47+0200,74eb74bd-8b1d-47e4-abd1-e66c3ea271fa,2026-06-29T18:30:00Z,2026-06-29T20:30:00+0200,177.0,MW,NL,NL,forecast_offshore_wind_generation,Wind Offshore,2026-07-26T16:36:36Z
2026-07-26T16:33:47Z,2026-07-26T18:33:47+0200,74eb74bd-8b1d-47e4-abd1-e66c3ea271fa,2026-06-29T18:45:00Z,2026-06-29T20:45:00+0200,168.0,MW,NL,NL,forecast_offshore_wind_generation,Wind Offshore,2026-07-26T16:36:36Z
2026-07-26T16:33:47Z,2026-07-26T18:33:47+0200,74eb74bd-8b1d-47e4-abd1-e66c3ea271fa,2026-06-29T19:00:00Z,2026-06-29T21:00:00+0200,158.0,MW,NL,NL,forecast_offshore_wind_generation,Wind Offshore,2026-07-26T16:36:36Z
2026-07-26T16:33:47Z,2026-07-26T18:33:47+0200,74eb74bd-8b1d-47e4-abd1-e66c3ea271fa,2026-06-29T19:15:00Z,2026-06-29T21:15:00+0200,149.0,MW,NL,NL,forecast_offshore_wind_generation,Wind Offshore,2026-07-26T16:36:36Z
2026-07-26T16:33:47Z,2026-07-26T18:33:47+0200,74eb74bd-8b1d-47e4-abd1-e66c3ea271fa,2026-06-29T19:30:00Z,2026-06-29T21:30:00+0200,142.0,MW,NL,NL,forecast_offshore_wind_generation,Wind Offshore,2026-07-26T16:36:36Z
2026-07-26T16:33:47Z,2026-07-26T18:33:47+0200,74eb74bd-8b1d-47e4-abd1-e66c3ea271fa,2026-06-29T19:45:00Z,2026-06-29T21:45:00+0200,135.0,MW,NL,NL,forecast_offshore_wind_generation,Wind Offshore,2026-07-26T16:36:36Z
2026-07-26T16:33:47Z,2026-07-26T18:33:47+0200,74eb74bd-8b1d-47e4-abd1-e66c3ea271fa,2026-06-29T20:00:00Z,2026-06-29T22:00:00+0200,128.0,MW,NL,NL,forecast_offshore_wind_generation,Wind Offshore,2026-07-26T16:36:36Z
2026-07-26T16:33:47Z,2026-07-26T18:33:47+0200,74eb74bd-8b1d-47e4-abd1-e66c3ea271fa,2026-06-29T20:15:00Z,2026-06-29T22:15:00+0200,121.0,MW,NL,NL,forecast_offshore_wind_generation,Wind Offshore,2026-07-26T16:36:36Z
2026-07-26T16:33:47Z,2026-07-26T18:33:47+0200,74eb74bd-8b1d-47e4-abd1-e66c3ea271fa,2026-06-29T20:30:00Z,2026-06-29T22:30:00+0200,113.0,MW,NL,NL,forecast_offshore_wind_generation,Wind Offshore,2026-07-26T16:36:36Z
2026-07-26T16:33:47Z,2026-07-26T18:33:47+0200,74eb74bd-8b1d-47e4-abd1-e66c3ea271fa,2026-06-29T20:45:00Z,2026-06-29T22:45:00+0200,106.0,MW,NL,NL,forecast_offshore_wind_generation,Wind Offshore,2026-07-26T16:36:36Z
2026-07-26T16:33:47Z,2026-07-26T18:33:47+0200,74eb74bd-8b1d-47e4-abd1-e66c3ea271fa,2026-06-29T21:00:00Z,2026-06-29T23:00:00+0200,98.0,MW,NL,NL,forecast_offshore_wind_generation,Wind Offshore,2026-07-26T16:36:36Z
2026-07-26T16:33:47Z,2026-07-26T18:33:47+0200,74eb74bd-8b1d-47e4-abd1-e66c3ea271fa,2026-06-29T21:15:00Z,2026-06-29T23:15:00+0200,92.0,MW,NL,NL,forecast_offshore_wind_generation,Wind Offshore,2026-07-26T16:36:36Z
2026-07-26T16:33:47Z,2026-07-26T18:33:47+0200,74eb74bd-8b1d-47e4-abd1-e66c3ea271fa,2026-06-29T21:30:00Z,2026-06-29T23:30:00+0200,89.0,MW,NL,NL,forecast_offshore_wind_generation,Wind Offshore,2026-07-26T16:36:36Z
2026-07-26T16:33:47Z,2026-07-26T18:33:47+0200,74eb74bd-8b1d-47e4-abd1-e66c3ea271fa,2026-06-29T21:45:00Z,2026-06-29T23:45:00+0200,85.0,MW,NL,NL,forecast_offshore_wind_generation,Wind Offshore,2026-07-26T16:36:36Z
2026-07-26T16:33:47Z,2026-07-26T18:33:47+0200,74eb74bd-8b1d-47e4-abd1-e66c3ea271fa,2026-06-29T22:00:00Z,2026-06-30T00:00:00+0200,27.0,MW,NL,NL,forecast_offshore_wind_generation,Wind Offshore,2026-07-26T16:36:36Z
2026-07-26T16:33:47Z,2026-07-26T18:33:47+0200,74eb74bd-8b1d-47e4-abd1-e66c3ea271fa,2026-06-29T22:15:00Z,2026-06-30T00:15:00+0200,25.0,MW,NL,NL,forecast_offshore_wind_generation,Wind Offshore,2026-07-26T16:36:36Z
2026-07-26T16:33:47Z,2026-07-26T18:33:47+0200,74eb74bd-8b1d-47e4-abd1-e66c3ea271fa,2026-06-29T22:30:00Z,2026-06-30T00:30:00+0200,24.0,MW,NL,NL,forecast_offshore_wind_generation,Wind Offshore,2026-07-26T16:36:36Z
2026-07-26T16:33:47Z,2026-07-26T18:33:47+0200,74eb74bd-8b1d-47e4-abd1-e66c3ea271fa,2026-06-29T22:45:00Z,2026-06-30T00:45:00+0200,23.0,MW,NL,NL,forecast_offshore_wind_generation,Wind Offshore,2026-07-26T16:36:36Z
2026-07-26T16:33:47Z,2026-07-26T18:33:47+0200,74eb74bd-8b1d-47e4-abd1-e66c3ea271fa,2026-06-29T23:00:00Z,2026-06-30T01:00:00+0200,22.0,MW,NL,NL,forecast_offshore_wind_generation,Wind Offshore,2026-07-26T16:36:36Z
2026-07-26T16:33:47Z,2026-07-26T18:33:47+0200,74eb74bd-8b1d-47e4-abd1-e66c3ea271fa,2026-06-29T23:15:00Z,2026-06-30T01:15:00+0200,20.0,MW,NL,NL,forecast_offshore_wind_generation,Wind Offshore,2026-07-26T16:36:36Z
2026-07-26T16:33:47Z,2026-07-26T18:33:47+0200,74eb74bd-8b1d-47e4-abd1-e66c3ea271fa,2026-06-29T23:30:00Z,2026-06-30T01:30:00+0200,18.0,MW,NL,NL,forecast_offshore_wind_generation,Wind Offshore,2026-07-26T16:36:36Z
2026-07-26T16:33:47Z,2026-07-26T18:33:47+0200,74eb74bd-8b1d-47e4-abd1-e66c3ea271fa,2026-06-29T23:45:00Z,2026-06-30T01:45:00+0200,16.0,MW,NL,NL,forecast_offshore_wind_generation,Wind Offshore,2026-07-26T16:36:36Z
2026-07-26T16:33:47Z,2026-07-26T18:33:47+0200,74eb74bd-8b1d-47e4-abd1-e66c3ea271fa,2026-06-30T00:00:00Z,2026-06-30T02:00:00+0200,14.0,MW,NL,NL,forecast_offshore_wind_generation,Wind Offshore,2026-07-26T16:36:36Z
2026-07-26T16:33:47Z,2026-07-26T18:33:47+0200,74eb74bd-8b1d-47e4-abd1-e66c3ea271fa,2026-06-30T00:15:00Z,2026-06-30T02:15:00+0200,13.0,MW,NL,NL,forecast_offshore_wind_generation,Wind Offshore,2026-07-26T16:36:36Z
2026-07-26T16:33:47Z,2026-07-26T18:33:47+0200,74eb74bd-8b1d-47e4-abd1-e66c3ea271fa,2026-06-30T00:30:00Z,2026-06-30T02:30:00+0200,14.0,MW,NL,NL,forecast_offshore_wind_generation,Wind Offshore,2026-07-26T16:36:36Z
2026-07-26T16:33:47Z,2026-07-26T18:33:47+0200,74eb74bd-8b1d-47e4-abd1-e66c3ea271fa,2026-06-30T00:45:00Z,2026-06-30T02:45:00+0200,14.0,MW,NL,NL,forecast_offshore_wind_generation,Wind Offshore,2026-07-26T16:36:36Z
2026-07-26T16:33:47Z,2026-07-26T18:33:47+0200,74eb74bd-8b1d-47e4-abd1-e66c3ea271fa,2026-06-30T01:00:00Z,2026-06-30T03:00:00+0200,14.0,MW,NL,NL,forecast_offshore_wind_generation,Wind Offshore,2026-07-26T16:36:36Z
2026-07-26T16:33:47Z,2026-07-26T18:33:47+0200,74eb74bd-8b1d-47e4-abd1-e66c3ea271fa,2026-06-30T01:15:00Z,2026-06-30T03:15:00+0200,15.0,MW,NL,NL,forecast_offshore_wind_generation,Wind Offshore,2026-07-26T16:36:36Z
2026-07-26T16:33:47Z,2026-07-26T18:33:47+0200,74eb74bd-8b1d-47e4-abd1-e66c3ea271fa,2026-06-30T01:30:00Z,2026-06-30T03:30:00+0200,15.0,MW,NL,NL,forecast_offshore_wind_generation,Wind Offshore,2026-07-26T16:36:36Z
2026-07-26T16:33:47Z,2026-07-26T18:33:47+0200,74eb74bd-8b1d-47e4-abd1-e66c3ea271fa,2026-06-30T01:45:00Z,2026-06-30T03:45:00+0200,15.0,MW,NL,NL,forecast_offshore_wind_generation,Wind Offshore,2026-07-26T16:36:36Z
2026-07-26T16:33:47Z,2026-07-26T18:33:47+0200,74eb74bd-8b1d-47e4-abd1-e66c3ea271fa,2026-06-30T02:00:00Z,2026-06-30T04:00:00+0200,16.0,MW,NL,NL,forecast_offshore_wind_generation,Wind Offshore,2026-07-26T16:36:36Z
2026-07-26T16:33:47Z,2026-07-26T18:33:47+0200,74eb74bd-8b1d-47e4-abd1-e66c3ea271fa,2026-06-30T02:15:00Z,2026-06-30T04:15:00+0200,16.0,MW,NL,NL,forecast_offshore_wind_generation,Wind Offshore,2026-07-26T16:36:36Z
2026-07-26T16:33:47Z,2026-07-26T18:33:47+0200,74eb74bd-8b1d-47e4-abd1-e66c3ea271fa,2026-06-30T02:30:00Z,2026-06-30T04:30:00+0200,16.0,MW,NL,NL,forecast_offshore_wind_generation,Wind Offshore,2026-07-26T16:36:36Z
2026-07-26T16:33:47Z,2026-07-26T18:33:47+0200,74eb74bd-8b1d-47e4-abd1-e66c3ea271fa,2026-06-30T02:45:00Z,2026-06-30T04:45:00+0200,16.0,MW,NL,NL,forecast_offshore_wind_generation,Wind Offshore,2026-07-26T16:36:36Z
2026-07-26T16:33:47Z,2026-07-26T18:33:47+0200,74eb74bd-8b1d-47e4-abd1-e66c3ea271fa,2026-06-30T03:00:00Z,2026-06-30T05:00:00+0200,16.0,MW,NL,NL,forecast_offshore_wind_generation,Wind Offshore,2026-07-26T16:36:36Z
2026-07-26T16:33:47Z,2026-07-26T18:33:47+0200,74eb74bd-8b1d-47e4-abd1-e66c3ea271fa,2026-06-30T03:15:00Z,2026-06-30T05:15:00+0200,16.0,MW,NL,NL,forecast_offshore_wind_generation,Wind Offshore,2026-07-26T16:36:36Z
2026-07-26T16:33:47Z,2026-07-26T18:33:47+0200,74eb74bd-8b1d-47e4-abd1-e66c3ea271fa,2026-06-30T03:30:00Z,2026-06-30T05:30:00+0200,16.0,MW,NL,NL,forecast_offshore_wind_generation,Wind Offshore,2026-07-26T16:36:36Z
2026-07-26T16:33:47Z,2026-07-26T18:33:47+0200,74eb74bd-8b1d-47e4-abd1-e66c3ea271fa,2026-06-30T03:45:00Z,2026-06-30T05:45:00+0200,15.0,MW,NL,NL,forecast_offshore_wind_generation,Wind Offshore,2026-07-26T16:36:36Z
2026-07-26T16:33:47Z,2026-07-26T18:33:47+0200,74eb74bd-8b1d-47e4-abd1-e66c3ea271fa,2026-06-30T04:00:00Z,2026-06-30T06:00:00+0200,14.0,MW,NL,NL,forecast_offshore_wind_generation,Wind Offshore,2026-07-26T16:36:36Z
2026-07-26T16:33:47Z,2026-07-26T18:33:47+0200,74eb74bd-8b1d-47e4-abd1-e66c3ea271fa,2026-06-30T04:15:00Z,2026-06-30T06:15:00+0200,14.0,MW,NL,NL,forecast_offshore_wind_generation,Wind Offshore,2026-07-26T16:36:36Z
2026-07-26T16:33:47Z,2026-07-26T18:33:47+0200,74eb74bd-8b1d-47e4-abd1-e66c3ea271fa,2026-06-30T04:30:00Z,2026-06-30T06:30:00+0200,14.0,MW,NL,NL,forecast_offshore_wind_generation,Wind Offshore,2026-07-26T16:36:36Z
2026-07-26T16:33:47Z,2026-07-26T18:33:47+0200,74eb74bd-8b1d-47e4-abd1-e66c3ea271fa,2026-06-30T04:45:00Z,2026-06-30T06:45:00+0200,13.0,MW,NL,NL,forecast_offshore_wind_generation,Wind Offshore,2026-07-26T16:36:36Z
2026-07-26T16:33:47Z,2026-07-26T18:33:47+0200,74eb74bd-8b1d-47e4-abd1-e66c3ea271fa,2026-06-30T05:00:00Z,2026-06-30T07:00:00+0200,13.0,MW,NL,NL,forecast_offshore_wind_generation,Wind Offshore,2026-07-26T16:36:36Z
2026-07-26T16:33:47Z,2026-07-26T18:33:47+0200,74eb74bd-8b1d-47e4-abd1-e66c3ea271fa,2026-06-30T05:15:00Z,2026-06-30T07:15:00+0200,13.0,MW,NL,NL,forecast_offshore_wind_generation,Wind Offshore,2026-07-26T16:36:36Z
2026-07-26T16:33:47Z,2026-07-26T18:33:47+0200,74eb74bd-8b1d-47e4-abd1-e66c3ea271fa,2026-06-30T05:30:00Z,2026-06-30T07:30:00+0200,13.0,MW,NL,NL,forecast_offshore_wind_generation,Wind Offshore,2026-07-26T16:36:36Z
2026-07-26T16:33:47Z,2026-07-26T18:33:47+0200,74eb74bd-8b1d-47e4-abd1-e66c3ea271fa,2026-06-30T05:45:00Z,2026-06-30T07:45:00+0200,13.0,MW,NL,NL,forecast_offshore_wind_generation,Wind Offshore,2026-07-26T16:36:36Z
2026-07-26T16:33:47Z,2026-07-26T18:33:47+0200,74eb74bd-8b1d-47e4-abd1-e66c3ea271fa,2026-06-30T06:00:00Z,2026-06-30T08:00:00+0200,13.0,MW,NL,NL,forecast_offshore_wind_generation,Wind Offshore,2026-07-26T16:36:36Z
2026-07-26T16:33:47Z,2026-07-26T18:33:47+0200,74eb74bd-8b1d-47e4-abd1-e66c3ea271fa,2026-06-30T06:15:00Z,2026-06-30T08:15:00+0200,14.0,MW,NL,NL,forecast_offshore_wind_generation,Wind Offshore,2026-07-26T16:36:36Z
2026-07-26T16:33:47Z,2026-07-26T18:33:47+0200,74eb74bd-8b1d-47e4-abd1-e66c3ea271fa,2026-06-30T06:30:00Z,2026-06-30T08:30:00+0200,14.0,MW,NL,NL,forecast_offshore_wind_generation,Wind Offshore,2026-07-26T16:36:36Z
2026-07-26T16:33:47Z,2026-07-26T18:33:47+0200,74eb74bd-8b1d-47e4-abd1-e66c3ea271fa,2026-06-30T06:45:00Z,2026-06-30T08:45:00+0200,15.0,MW,NL,NL,forecast_offshore_wind_generation,Wind Offshore,2026-07-26T16:36:36Z
2026-07-26T16:33:47Z,2026-07-26T18:33:47+0200,74eb74bd-8b1d-47e4-abd1-e66c3ea271fa,2026-06-30T07:00:00Z,2026-06-30T09:00:00+0200,15.0,MW,NL,NL,forecast_offshore_wind_generation,Wind Offshore,2026-07-26T16:36:36Z
2026-07-26T16:33:47Z,2026-07-26T18:33:47+0200,74eb74bd-8b1d-47e4-abd1-e66c3ea271fa,2026-06-30T07:15:00Z,2026-06-30T09:15:00+0200,16.0,MW,NL,NL,forecast_offshore_wind_generation,Wind Offshore,2026-07-26T16:36:36Z
2026-07-26T16:33:47Z,2026-07-26T18:33:47+0200,74eb74bd-8b1d-47e4-abd1-e66c3ea271fa,2026-06-30T07:30:00Z,2026-06-30T09:30:00+0200,16.0,MW,NL,NL,forecast_offshore_wind_generation,Wind Offshore,2026-07-26T16:36:36Z
2026-07-26T16:33:47Z,2026-07-26T18:33:47+0200,74eb74bd-8b1d-47e4-abd1-e66c3ea271fa,2026-06-30T07:45:00Z,2026-06-30T09:45:00+0200,17.0,MW,NL,NL,forecast_offshore_wind_generation,Wind Offshore,2026-07-26T16:36:36Z
2026-07-26T16:33:47Z,2026-07-26T18:33:47+0200,74eb74bd-8b1d-47e4-abd1-e66c3ea271fa,2026-06-30T08:00:00Z,2026-06-30T10:00:00+0200,17.0,MW,NL,NL,forecast_offshore_wind_generation,Wind Offshore,2026-07-26T16:36:36Z
2026-07-26T16:33:47Z,2026-07-26T18:33:47+0200,74eb74bd-8b1d-47e4-abd1-e66c3ea271fa,2026-06-30T08:15:00Z,2026-06-30T10:15:00+0200,18.0,MW,NL,NL,forecast_offshore_wind_generation,Wind Offshore,2026-07-26T16:36:36Z
2026-07-26T16:33:47Z,2026-07-26T18:33:47+0200,74eb74bd-8b1d-47e4-abd1-e66c3ea271fa,2026-06-30T08:30:00Z,2026-06-30T10:30:00+0200,19.0,MW,NL,NL,forecast_offshore_wind_generation,Wind Offshore,2026-07-26T16:36:36Z
2026-07-26T16:33:47Z,2026-07-26T18:33:47+0200,74eb74bd-8b1d-47e4-abd1-e66c3ea271fa,2026-06-30T08:45:00Z,2026-06-30T10:45:00+0200,19.0,MW,NL,NL,forecast_offshore_wind_generation,Wind Offshore,2026-07-26T16:36:36Z
2026-07-26T16:33:47Z,2026-07-26T18:33:47+0200,74eb74bd-8b1d-47e4-abd1-e66c3ea271fa,2026-06-30T09:00:00Z,2026-06-30T11:00:00+0200,20.0,MW,NL,NL,forecast_offshore_wind_generation,Wind Offshore,2026-07-26T16:36:36Z
2026-07-26T16:33:47Z,2026-07-26T18:33:47+0200,74eb74bd-8b1d-47e4-abd1-e66c3ea271fa,2026-06-30T09:15:00Z,2026-06-30T11:15:00+0200,20.0,MW,NL,NL,forecast_offshore_wind_generation,Wind Offshore,2026-07-26T16:36:36Z
2026-07-26T16:33:47Z,2026-07-26T18:33:47+0200,74eb74bd-8b1d-47e4-abd1-e66c3ea271fa,2026-06-30T09:30:00Z,2026-06-30T11:30:00+0200,20.0,MW,NL,NL,forecast_offshore_wind_generation,Wind Offshore,2026-07-26T16:36:36Z
2026-07-26T16:33:47Z,2026-07-26T18:33:47+0200,74eb74bd-8b1d-47e4-abd1-e66c3ea271fa,2026-06-30T09:45:00Z,2026-06-30T11:45:00+0200,20.0,MW,NL,NL,forecast_offshore_wind_generation,Wind Offshore,2026-07-26T16:36:36Z
2026-07-26T16:33:47Z,2026-07-26T18:33:47+0200,74eb74bd-8b1d-47e4-abd1-e66c3ea271fa,2026-06-30T10:00:00Z,2026-06-30T12:00:00+0200,20.0,MW,NL,NL,forecast_offshore_wind_generation,Wind Offshore,2026-07-26T16:36:36Z
2026-07-26T16:33:47Z,2026-07-26T18:33:47+0200,74eb74bd-8b1d-47e4-abd1-e66c3ea271fa,2026-06-30T10:15:00Z,2026-06-30T12:15:00+0200,21.0,MW,NL,NL,forecast_offshore_wind_generation,Wind Offshore,2026-07-26T16:36:36Z
2026-07-26T16:33:47Z,2026-07-26T18:33:47+0200,74eb74bd-8b1d-47e4-abd1-e66c3ea271fa,2026-06-30T10:30:00Z,2026-06-30T12:30:00+0200,21.0,MW,NL,NL,forecast_offshore_wind_generation,Wind Offshore,2026-07-26T16:36:36Z
2026-07-26T16:33:47Z,2026-07-26T18:33:47+0200,74eb74bd-8b1d-47e4-abd1-e66c3ea271fa,2026-06-30T10:45:00Z,2026-06-30T12:45:00+0200,21.0,MW,NL,NL,forecast_offshore_wind_generation,Wind Offshore,2026-07-26T16:36:36Z
2026-07-26T16:33:47Z,2026-07-26T18:33:47+0200,74eb74bd-8b1d-47e4-abd1-e66c3ea271fa,2026-06-30T11:00:00Z,2026-06-30T13:00:00+0200,21.0,MW,NL,NL,forecast_offshore_wind_generation,Wind Offshore,2026-07-26T16:36:36Z
2026-07-26T16:33:47Z,2026-07-26T18:33:47+0200,74eb74bd-8b1d-47e4-abd1-e66c3ea271fa,2026-06-30T11:15:00Z,2026-06-30T13:15:00+0200,22.0,MW,NL,NL,forecast_offshore_wind_generation,Wind Offshore,2026-07-26T16:36:36Z
2026-07-26T16:33:47Z,2026-07-26T18:33:47+0200,74eb74bd-8b1d-47e4-abd1-e66c3ea271fa,2026-06-30T11:30:00Z,2026-06-30T13:30:00+0200,24.0,MW,NL,NL,forecast_offshore_wind_generation,Wind Offshore,2026-07-26T16:36:36Z
2026-07-26T16:33:47Z,2026-07-26T18:33:47+0200,74eb74bd-8b1d-47e4-abd1-e66c3ea271fa,2026-06-30T11:45:00Z,2026-06-30T13:45:00+0200,25.0,MW,NL,NL,forecast_offshore_wind_generation,Wind Offshore,2026-07-26T16:36:36Z
2026-07-26T16:33:47Z,2026-07-26T18:33:47+0200,74eb74bd-8b1d-47e4-abd1-e66c3ea271fa,2026-06-30T12:00:00Z,2026-06-30T14:00:00+0200,27.0,MW,NL,NL,forecast_offshore_wind_generation,Wind Offshore,2026-07-26T16:36:36Z
2026-07-26T16:33:47Z,2026-07-26T18:33:47+0200,74eb74bd-8b1d-47e4-abd1-e66c3ea271fa,2026-06-30T12:15:00Z,2026-06-30T14:15:00+0200,27.0,MW,NL,NL,forecast_offshore_wind_generation,Wind Offshore,2026-07-26T16:36:36Z
2026-07-26T16:33:47Z,2026-07-26T18:33:47+0200,74eb74bd-8b1d-47e4-abd1-e66c3ea271fa,2026-06-30T12:30:00Z,2026-06-30T14:30:00+0200,26.0,MW,NL,NL,forecast_offshore_wind_generation,Wind Offshore,2026-07-26T16:36:36Z
2026-07-26T16:33:47Z,2026-07-26T18:33:47+0200,74eb74bd-8b1d-47e4-abd1-e66c3ea271fa,2026-06-30T12:45:00Z,2026-06-30T14:45:00+0200,24.0,MW,NL,NL,forecast_offshore_wind_generation,Wind Offshore,2026-07-26T16:36:36Z
2026-07-26T16:33:47Z,2026-07-26T18:33:47+0200,74eb74bd-8b1d-47e4-abd1-e66c3ea271fa,2026-06-30T13:00:00Z,2026-06-30T15:00:00+0200,22.0,MW,NL,NL,forecast_offshore_wind_generation,Wind Offshore,2026-07-26T16:36:36Z
2026-07-26T16:33:47Z,2026-07-26T18:33:47+0200,74eb74bd-8b1d-47e4-abd1-e66c3ea271fa,2026-06-30T13:15:00Z,2026-06-30T15:15:00+0200,21.0,MW,NL,NL,forecast_offshore_wind_generation,Wind Offshore,2026-07-26T16:36:36Z
2026-07-26T16:33:47Z,2026-07-26T18:33:47+0200,74eb74bd-8b1d-47e4-abd1-e66c3ea271fa,2026-06-30T13:30:00Z,2026-06-30T15:30:00+0200,21.0,MW,NL,NL,forecast_offshore_wind_generation,Wind Offshore,2026-07-26T16:36:36Z
2026-07-26T16:33:47Z,2026-07-26T18:33:47+0200,74eb74bd-8b1d-47e4-abd1-e66c3ea271fa,2026-06-30T13:45:00Z,2026-06-30T15:45:00+0200,20.0,MW,NL,NL,forecast_offshore_wind_generation,Wind Offshore,2026-07-26T16:36:36Z
2026-07-26T16:33:47Z,2026-07-26T18:33:47+0200,74eb74bd-8b1d-47e4-abd1-e66c3ea271fa,2026-06-30T14:00:00Z,2026-06-30T16:00:00+0200,20.0,MW,NL,NL,forecast_offshore_wind_generation,Wind Offshore,2026-07-26T16:36:36Z
2026-07-26T16:33:47Z,2026-07-26T18:33:47+0200,74eb74bd-8b1d-47e4-abd1-e66c3ea271fa,2026-06-30T14:15:00Z,2026-06-30T16:15:00+0200,19.0,MW,NL,NL,forecast_offshore_wind_generation,Wind Offshore,2026-07-26T16:36:36Z
2026-07-26T16:33:47Z,2026-07-26T18:33:47+0200,74eb74bd-8b1d-47e4-abd1-e66c3ea271fa,2026-06-30T14:30:00Z,2026-06-30T16:30:00+0200,19.0,MW,NL,NL,forecast_offshore_wind_generation,Wind Offshore,2026-07-26T16:36:36Z
2026-07-26T16:33:47Z,2026-07-26T18:33:47+0200,74eb74bd-8b1d-47e4-abd1-e66c3ea271fa,2026-06-30T14:45:00Z,2026-06-30T16:45:00+0200,19.0,MW,NL,NL,forecast_offshore_wind_generation,Wind Offshore,2026-07-26T16:36:36Z
2026-07-26T16:33:47Z,2026-07-26T18:33:47+0200,74eb74bd-8b1d-47e4-abd1-e66c3ea271fa,2026-06-30T15:00:00Z,2026-06-30T17:00:00+0200,19.0,MW,NL,NL,forecast_offshore_wind_generation,Wind Offshore,2026-07-26T16:36:36Z
2026-07-26T16:33:47Z,2026-07-26T18:33:47+0200,74eb74bd-8b1d-47e4-abd1-e66c3ea271fa,2026-06-30T15:15:00Z,2026-06-30T17:15:00+0200,19.0,MW,NL,NL,forecast_offshore_wind_generation,Wind Offshore,2026-07-26T16:36:36Z
2026-07-26T16:33:47Z,2026-07-26T18:33:47+0200,74eb74bd-8b1d-47e4-abd1-e66c3ea271fa,2026-06-30T15:30:00Z,2026-06-30T17:30:00+0200,19.0,MW,NL,NL,forecast_offshore_wind_generation,Wind Offshore,2026-07-26T16:36:36Z
2026-07-26T16:33:47Z,2026-07-26T18:33:47+0200,74eb74bd-8b1d-47e4-abd1-e66c3ea271fa,2026-06-30T15:45:00Z,2026-06-30T17:45:00+0200,19.0,MW,NL,NL,forecast_offshore_wind_generation,Wind Offshore,2026-07-26T16:36:36Z
2026-07-26T16:33:47Z,2026-07-26T18:33:47+0200,74eb74bd-8b1d-47e4-abd1-e66c3ea271fa,2026-06-30T16:00:00Z,2026-06-30T18:00:00+0200,19.0,MW,NL,NL,forecast_offshore_wind_generation,Wind Offshore,2026-07-26T16:36:36Z
2026-07-26T16:33:47Z,2026-07-26T18:33:47+0200,74eb74bd-8b1d-47e4-abd1-e66c3ea271fa,2026-06-30T16:15:00Z,2026-06-30T18:15:00+0200,19.0,MW,NL,NL,forecast_offshore_wind_generation,Wind Offshore,2026-07-26T16:36:36Z
2026-07-26T16:33:47Z,2026-07-26T18:33:47+0200,74eb74bd-8b1d-47e4-abd1-e66c3ea271fa,2026-06-30T16:30:00Z,2026-06-30T18:30:00+0200,20.0,MW,NL,NL,forecast_offshore_wind_generation,Wind Offshore,2026-07-26T16:36:36Z
2026-07-26T16:33:47Z,2026-07-26T18:33:47+0200,74eb74bd-8b1d-47e4-abd1-e66c3ea271fa,2026-06-30T16:45:00Z,2026-06-30T18:45:00+0200,21.0,MW,NL,NL,forecast_offshore_wind_generation,Wind Offshore,2026-07-26T16:36:36Z
2026-07-26T16:33:47Z,2026-07-26T18:33:47+0200,74eb74bd-8b1d-47e4-abd1-e66c3ea271fa,2026-06-30T17:00:00Z,2026-06-30T19:00:00+0200,22.0,MW,NL,NL,forecast_offshore_wind_generation,Wind Offshore,2026-07-26T16:36:36Z
2026-07-26T16:33:47Z,2026-07-26T18:33:47+0200,74eb74bd-8b1d-47e4-abd1-e66c3ea271fa,2026-06-30T17:15:00Z,2026-06-30T19:15:00+0200,24.0,MW,NL,NL,forecast_offshore_wind_generation,Wind Offshore,2026-07-26T16:36:36Z
2026-07-26T16:33:47Z,2026-07-26T18:33:47+0200,74eb74bd-8b1d-47e4-abd1-e66c3ea271fa,2026-06-30T17:30:00Z,2026-06-30T19:30:00+0200,27.0,MW,NL,NL,forecast_offshore_wind_generation,Wind Offshore,2026-07-26T16:36:36Z
2026-07-26T16:33:47Z,2026-07-26T18:33:47+0200,74eb74bd-8b1d-47e4-abd1-e66c3ea271fa,2026-06-30T17:45:00Z,2026-06-30T19:45:00+0200,31.0,MW,NL,NL,forecast_offshore_wind_generation,Wind Offshore,2026-07-26T16:36:36Z
2026-07-26T16:33:47Z,2026-07-26T18:33:47+0200,74eb74bd-8b1d-47e4-abd1-e66c3ea271fa,2026-06-30T18:00:00Z,2026-06-30T20:00:00+0200,35.0,MW,NL,NL,forecast_offshore_wind_generation,Wind Offshore,2026-07-26T16:36:36Z
2026-07-26T16:33:47Z,2026-07-26T18:33:47+0200,74eb74bd-8b1d-47e4-abd1-e66c3ea271fa,2026-06-30T18:15:00Z,2026-06-30T20:15:00+0200,35.0,MW,NL,NL,forecast_offshore_wind_generation,Wind Offshore,2026-07-26T16:36:36Z
2026-07-26T16:33:47Z,2026-07-26T18:33:47+0200,74eb74bd-8b1d-47e4-abd1-e66c3ea271fa,2026-06-30T18:30:00Z,2026-06-30T20:30:00+0200,30.0,MW,NL,NL,forecast_offshore_wind_generation,Wind Offshore,2026-07-26T16:36:36Z
2026-07-26T16:33:47Z,2026-07-26T18:33:47+0200,74eb74bd-8b1d-47e4-abd1-e66c3ea271fa,2026-06-30T18:45:00Z,2026-06-30T20:45:00+0200,26.0,MW,NL,NL,forecast_offshore_wind_generation,Wind Offshore,2026-07-26T16:36:36Z
2026-07-26T16:33:47Z,2026-07-26T18:33:47+0200,74eb74bd-8b1d-47e4-abd1-e66c3ea271fa,2026-06-30T19:00:00Z,2026-06-30T21:00:00+0200,22.0,MW,NL,NL,forecast_offshore_wind_generation,Wind Offshore,2026-07-26T16:36:36Z
2026-07-26T16:33:47Z,2026-07-26T18:33:47+0200,74eb74bd-8b1d-47e4-abd1-e66c3ea271fa,2026-06-30T19:15:00Z,2026-06-30T21:15:00+0200,20.0,MW,NL,NL,forecast_offshore_wind_generation,Wind Offshore,2026-07-26T16:36:36Z
2026-07-26T16:33:47Z,2026-07-26T18:33:47+0200,74eb74bd-8b1d-47e4-abd1-e66c3ea271fa,2026-06-30T19:30:00Z,2026-06-30T21:30:00+0200,19.0,MW,NL,NL,forecast_offshore_wind_generation,Wind Offshore,2026-07-26T16:36:36Z
2026-07-26T16:33:47Z,2026-07-26T18:33:47+0200,74eb74bd-8b1d-47e4-abd1-e66c3ea271fa,2026-06-30T19:45:00Z,2026-06-30T21:45:00+0200,18.0,MW,NL,NL,forecast_offshore_wind_generation,Wind Offshore,2026-07-26T16:36:36Z
2026-07-26T16:33:47Z,2026-07-26T18:33:47+0200,74eb74bd-8b1d-47e4-abd1-e66c3ea271fa,2026-06-30T20:00:00Z,2026-06-30T22:00:00+0200,17.0,MW,NL,NL,forecast_offshore_wind_generation,Wind Offshore,2026-07-26T16:36:36Z
2026-07-26T16:33:47Z,2026-07-26T18:33:47+0200,74eb74bd-8b1d-47e4-abd1-e66c3ea271fa,2026-06-30T20:15:00Z,2026-06-30T22:15:00+0200,18.0,MW,NL,NL,forecast_offshore_wind_generation,Wind Offshore,2026-07-26T16:36:36Z
2026-07-26T16:33:47Z,2026-07-26T18:33:47+0200,74eb74bd-8b1d-47e4-abd1-e66c3ea271fa,2026-06-30T20:30:00Z,2026-06-30T22:30:00+0200,20.0,MW,NL,NL,forecast_offshore_wind_generation,Wind Offshore,2026-07-26T16:36:36Z
2026-07-26T16:33:47Z,2026-07-26T18:33:47+0200,74eb74bd-8b1d-47e4-abd1-e66c3ea271fa,2026-06-30T20:45:00Z,2026-06-30T22:45:00+0200,22.0,MW,NL,NL,forecast_offshore_wind_generation,Wind Offshore,2026-07-26T16:36:36Z
2026-07-26T16:33:47Z,2026-07-26T18:33:47+0200,74eb74bd-8b1d-47e4-abd1-e66c3ea271fa,2026-06-30T21:00:00Z,2026-06-30T23:00:00+0200,24.0,MW,NL,NL,forecast_offshore_wind_generation,Wind Offshore,2026-07-26T16:36:36Z
2026-07-26T16:33:47Z,2026-07-26T18:33:47+0200,74eb74bd-8b1d-47e4-abd1-e66c3ea271fa,2026-06-30T21:15:00Z,2026-06-30T23:15:00+0200,28.0,MW,NL,NL,forecast_offshore_wind_generation,Wind Offshore,2026-07-26T16:36:36Z
2026-07-26T16:33:47Z,2026-07-26T18:33:47+0200,74eb74bd-8b1d-47e4-abd1-e66c3ea271fa,2026-06-30T21:30:00Z,2026-06-30T23:30:00+0200,32.0,MW,NL,NL,forecast_offshore_wind_generation,Wind Offshore,2026-07-26T16:36:36Z
2026-07-26T16:33:47Z,2026-07-26T18:33:47+0200,74eb74bd-8b1d-47e4-abd1-e66c3ea271fa,2026-06-30T21:45:00Z,2026-06-30T23:45:00+0200,37.0,MW,NL,NL,forecast_offshore_wind_generation,Wind Offshore,2026-07-26T16:36:36Z
2026-07-26T16:33:47Z,2026-07-26T18:33:47+0200,74eb74bd-8b1d-47e4-abd1-e66c3ea271fa,2026-06-30T22:00:00Z,2026-07-01T00:00:00+0200,61.0,MW,NL,NL,forecast_offshore_wind_generation,Wind Offshore,2026-07-26T16:36:36Z
2026-07-26T16:33:47Z,2026-07-26T18:33:47+0200,74eb74bd-8b1d-47e4-abd1-e66c3ea271fa,2026-06-30T22:15:00Z,2026-07-01T00:15:00+0200,63.0,MW,NL,NL,forecast_offshore_wind_generation,Wind Offshore,2026-07-26T16:36:36Z
2026-07-26T16:33:47Z,2026-07-26T18:33:47+0200,74eb74bd-8b1d-47e4-abd1-e66c3ea271fa,2026-06-30T22:30:00Z,2026-07-01T00:30:00+0200,66.0,MW,NL,NL,forecast_offshore_wind_generation,Wind Offshore,2026-07-26T16:36:36Z
2026-07-26T16:33:47Z,2026-07-26T18:33:47+0200,74eb74bd-8b1d-47e4-abd1-e66c3ea271fa,2026-06-30T22:45:00Z,2026-07-01T00:45:00+0200,70.0,MW,NL,NL,forecast_offshore_wind_generation,Wind Offshore,2026-07-26T16:36:36Z
2026-07-26T16:33:47Z,2026-07-26T18:33:47+0200,74eb74bd-8b1d-47e4-abd1-e66c3ea271fa,2026-06-30T23:00:00Z,2026-07-01T01:00:00+0200,73.0,MW,NL,NL,forecast_offshore_wind_generation,Wind Offshore,2026-07-26T16:36:36Z
2026-07-26T16:33:47Z,2026-07-26T18:33:47+0200,74eb74bd-8b1d-47e4-abd1-e66c3ea271fa,2026-06-30T23:15:00Z,2026-07-01T01:15:00+0200,78.0,MW,NL,NL,forecast_offshore_wind_generation,Wind Offshore,2026-07-26T16:36:36Z
2026-07-26T16:33:47Z,2026-07-26T18:33:47+0200,74eb74bd-8b1d-47e4-abd1-e66c3ea271fa,2026-06-30T23:30:00Z,2026-07-01T01:30:00+0200,83.0,MW,NL,NL,forecast_offshore_wind_generation,Wind Offshore,2026-07-26T16:36:36Z
2026-07-26T16:33:47Z,2026-07-26T18:33:47+0200,74eb74bd-8b1d-47e4-abd1-e66c3ea271fa,2026-06-30T23:45:00Z,2026-07-01T01:45:00+0200,89.0,MW,NL,NL,forecast_offshore_wind_generation,Wind Offshore,2026-07-26T16:36:36Z
2026-07-26T16:33:47Z,2026-07-26T18:33:47+0200,74eb74bd-8b1d-47e4-abd1-e66c3ea271fa,2026-07-01T00:00:00Z,2026-07-01T02:00:00+0200,95.0,MW,NL,NL,forecast_offshore_wind_generation,Wind Offshore,2026-07-26T16:36:36Z
2026-07-26T16:33:47Z,2026-07-26T18:33:47+0200,74eb74bd-8b1d-47e4-abd1-e66c3ea271fa,2026-07-01T00:15:00Z,2026-07-01T02:15:00+0200,98.0,MW,NL,NL,forecast_offshore_wind_generation,Wind Offshore,2026-07-26T16:36:36Z
2026-07-26T16:33:47Z,2026-07-26T18:33:47+0200,74eb74bd-8b1d-47e4-abd1-e66c3ea271fa,2026-07-01T00:30:00Z,2026-07-01T02:30:00+0200,98.0,MW,NL,NL,forecast_offshore_wind_generation,Wind Offshore,2026-07-26T16:36:36Z
2026-07-26T16:33:47Z,2026-07-26T18:33:47+0200,74eb74bd-8b1d-47e4-abd1-e66c3ea271fa,2026-07-01T00:45:00Z,2026-07-01T02:45:00+0200,98.0,MW,NL,NL,forecast_offshore_wind_generation,Wind Offshore,2026-07-26T16:36:36Z
2026-07-26T16:33:47Z,2026-07-26T18:33:47+0200,74eb74bd-8b1d-47e4-abd1-e66c3ea271fa,2026-07-01T01:00:00Z,2026-07-01T03:00:00+0200,99.0,MW,NL,NL,forecast_offshore_wind_generation,Wind Offshore,2026-07-26T16:36:36Z
2026-07-26T16:33:47Z,2026-07-26T18:33:47+0200,74eb74bd-8b1d-47e4-abd1-e66c3ea271fa,2026-07-01T01:15:00Z,2026-07-01T03:15:00+0200,99.0,MW,NL,NL,forecast_offshore_wind_generation,Wind Offshore,2026-07-26T16:36:36Z
2026-07-26T16:33:47Z,2026-07-26T18:33:47+0200,74eb74bd-8b1d-47e4-abd1-e66c3ea271fa,2026-07-01T01:30:00Z,2026-07-01T03:30:00+0200,100.0,MW,NL,NL,forecast_offshore_wind_generation,Wind Offshore,2026-07-26T16:36:36Z
2026-07-26T16:33:47Z,2026-07-26T18:33:47+0200,74eb74bd-8b1d-47e4-abd1-e66c3ea271fa,2026-07-01T01:45:00Z,2026-07-01T03:45:00+0200,102.0,MW,NL,NL,forecast_offshore_wind_generation,Wind Offshore,2026-07-26T16:36:36Z
2026-07-26T16:33:47Z,2026-07-26T18:33:47+0200,74eb74bd-8b1d-47e4-abd1-e66c3ea271fa,2026-07-01T02:00:00Z,2026-07-01T04:00:00+0200,103.0,MW,NL,NL,forecast_offshore_wind_generation,Wind Offshore,2026-07-26T16:36:36Z
2026-07-26T16:33:47Z,2026-07-26T18:33:47+0200,74eb74bd-8b1d-47e4-abd1-e66c3ea271fa,2026-07-01T02:15:00Z,2026-07-01T04:15:00+0200,105.0,MW,NL,NL,forecast_offshore_wind_generation,Wind Offshore,2026-07-26T16:36:36Z
2026-07-26T16:33:47Z,2026-07-26T18:33:47+0200,74eb74bd-8b1d-47e4-abd1-e66c3ea271fa,2026-07-01T02:30:00Z,2026-07-01T04:30:00+0200,109.0,MW,NL,NL,forecast_offshore_wind_generation,Wind Offshore,2026-07-26T16:36:36Z
2026-07-26T16:33:47Z,2026-07-26T18:33:47+0200,74eb74bd-8b1d-47e4-abd1-e66c3ea271fa,2026-07-01T02:45:00Z,2026-07-01T04:45:00+0200,112.0,MW,NL,NL,forecast_offshore_wind_generation,Wind Offshore,2026-07-26T16:36:36Z
2026-07-26T16:33:47Z,2026-07-26T18:33:47+0200,74eb74bd-8b1d-47e4-abd1-e66c3ea271fa,2026-07-01T03:00:00Z,2026-07-01T05:00:00+0200,115.0,MW,NL,NL,forecast_offshore_wind_generation,Wind Offshore,2026-07-26T16:36:36Z
2026-07-26T16:33:47Z,2026-07-26T18:33:47+0200,74eb74bd-8b1d-47e4-abd1-e66c3ea271fa,2026-07-01T03:15:00Z,2026-07-01T05:15:00+0200,115.0,MW,NL,NL,forecast_offshore_wind_generation,Wind Offshore,2026-07-26T16:36:36Z
2026-07-26T16:33:47Z,2026-07-26T18:33:47+0200,74eb74bd-8b1d-47e4-abd1-e66c3ea271fa,2026-07-01T03:30:00Z,2026-07-01T05:30:00+0200,109.0,MW,NL,NL,forecast_offshore_wind_generation,Wind Offshore,2026-07-26T16:36:36Z
2026-07-26T16:33:47Z,2026-07-26T18:33:47+0200,74eb74bd-8b1d-47e4-abd1-e66c3ea271fa,2026-07-01T03:45:00Z,2026-07-01T05:45:00+0200,104.0,MW,NL,NL,forecast_offshore_wind_generation,Wind Offshore,2026-07-26T16:36:36Z
2026-07-26T16:33:47Z,2026-07-26T18:33:47+0200,74eb74bd-8b1d-47e4-abd1-e66c3ea271fa,2026-07-01T04:00:00Z,2026-07-01T06:00:00+0200,99.0,MW,NL,NL,forecast_offshore_wind_generation,Wind Offshore,2026-07-26T16:36:36Z
2026-07-26T16:33:47Z,2026-07-26T18:33:47+0200,74eb74bd-8b1d-47e4-abd1-e66c3ea271fa,2026-07-01T04:15:00Z,2026-07-01T06:15:00+0200,94.0,MW,NL,NL,forecast_offshore_wind_generation,Wind Offshore,2026-07-26T16:36:36Z
2026-07-26T16:33:47Z,2026-07-26T18:33:47+0200,74eb74bd-8b1d-47e4-abd1-e66c3ea271fa,2026-07-01T04:30:00Z,2026-07-01T06:30:00+0200,89.0,MW,NL,NL,forecast_offshore_wind_generation,Wind Offshore,2026-07-26T16:36:36Z
2026-07-26T16:33:47Z,2026-07-26T18:33:47+0200,74eb74bd-8b1d-47e4-abd1-e66c3ea271fa,2026-07-01T04:45:00Z,2026-07-01T06:45:00+0200,85.0,MW,NL,NL,forecast_offshore_wind_generation,Wind Offshore,2026-07-26T16:36:36Z
2026-07-26T16:33:47Z,2026-07-26T18:33:47+0200,74eb74bd-8b1d-47e4-abd1-e66c3ea271fa,2026-07-01T05:00:00Z,2026-07-01T07:00:00+0200,80.0,MW,NL,NL,forecast_offshore_wind_generation,Wind Offshore,2026-07-26T16:36:36Z
2026-07-26T16:33:47Z,2026-07-26T18:33:47+0200,74eb74bd-8b1d-47e4-abd1-e66c3ea271fa,2026-07-01T05:15:00Z,2026-07-01T07:15:00+0200,76.0,MW,NL,NL,forecast_offshore_wind_generation,Wind Offshore,2026-07-26T16:36:36Z
2026-07-26T16:33:47Z,2026-07-26T18:33:47+0200,74eb74bd-8b1d-47e4-abd1-e66c3ea271fa,2026-07-01T05:30:00Z,2026-07-01T07:30:00+0200,73.0,MW,NL,NL,forecast_offshore_wind_generation,Wind Offshore,2026-07-26T16:36:36Z
2026-07-26T16:33:47Z,2026-07-26T18:33:47+0200,74eb74bd-8b1d-47e4-abd1-e66c3ea271fa,2026-07-01T05:45:00Z,2026-07-01T07:45:00+0200,70.0,MW,NL,NL,forecast_offshore_wind_generation,Wind Offshore,2026-07-26T16:36:36Z
2026-07-26T16:33:47Z,2026-07-26T18:33:47+0200,74eb74bd-8b1d-47e4-abd1-e66c3ea271fa,2026-07-01T06:00:00Z,2026-07-01T08:00:00+0200,67.0,MW,NL,NL,forecast_offshore_wind_generation,Wind Offshore,2026-07-26T16:36:36Z
2026-07-26T16:33:47Z,2026-07-26T18:33:47+0200,74eb74bd-8b1d-47e4-abd1-e66c3ea271fa,2026-07-01T06:15:00Z,2026-07-01T08:15:00+0200,64.0,MW,NL,NL,forecast_offshore_wind_generation,Wind Offshore,2026-07-26T16:36:36Z
2026-07-26T16:33:47Z,2026-07-26T18:33:47+0200,74eb74bd-8b1d-47e4-abd1-e66c3ea271fa,2026-07-01T06:30:00Z,2026-07-01T08:30:00+0200,62.0,MW,NL,NL,forecast_offshore_wind_generation,Wind Offshore,2026-07-26T16:36:36Z
2026-07-26T16:33:47Z,2026-07-26T18:33:47+0200,74eb74bd-8b1d-47e4-abd1-e66c3ea271fa,2026-07-01T06:45:00Z,2026-07-01T08:45:00+0200,60.0,MW,NL,NL,forecast_offshore_wind_generation,Wind Offshore,2026-07-26T16:36:36Z
2026-07-26T16:33:47Z,2026-07-26T18:33:47+0200,74eb74bd-8b1d-47e4-abd1-e66c3ea271fa,2026-07-01T07:00:00Z,2026-07-01T09:00:00+0200,58.0,MW,NL,NL,forecast_offshore_wind_generation,Wind Offshore,2026-07-26T16:36:36Z
2026-07-26T16:33:47Z,2026-07-26T18:33:47+0200,74eb74bd-8b1d-47e4-abd1-e66c3ea271fa,2026-07-01T07:15:00Z,2026-07-01T09:15:00+0200,57.0,MW,NL,NL,forecast_offshore_wind_generation,Wind Offshore,2026-07-26T16:36:36Z
2026-07-26T16:33:47Z,2026-07-26T18:33:47+0200,74eb74bd-8b1d-47e4-abd1-e66c3ea271fa,2026-07-01T07:30:00Z,2026-07-01T09:30:00+0200,58.0,MW,NL,NL,forecast_offshore_wind_generation,Wind Offshore,2026-07-26T16:36:36Z
2026-07-26T16:33:47Z,2026-07-26T18:33:47+0200,74eb74bd-8b1d-47e4-abd1-e66c3ea271fa,2026-07-01T07:45:00Z,2026-07-01T09:45:00+0200,58.0,MW,NL,NL,forecast_offshore_wind_generation,Wind Offshore,2026-07-26T16:36:36Z
2026-07-26T16:33:47Z,2026-07-26T18:33:47+0200,74eb74bd-8b1d-47e4-abd1-e66c3ea271fa,2026-07-01T08:00:00Z,2026-07-01T10:00:00+0200,59.0,MW,NL,NL,forecast_offshore_wind_generation,Wind Offshore,2026-07-26T16:36:36Z
2026-07-26T16:33:47Z,2026-07-26T18:33:47+0200,74eb74bd-8b1d-47e4-abd1-e66c3ea271fa,2026-07-01T08:15:00Z,2026-07-01T10:15:00+0200,59.0,MW,NL,NL,forecast_offshore_wind_generation,Wind Offshore,2026-07-26T16:36:36Z
2026-07-26T16:33:47Z,2026-07-26T18:33:47+0200,74eb74bd-8b1d-47e4-abd1-e66c3ea271fa,2026-07-01T08:30:00Z,2026-07-01T10:30:00+0200,60.0,MW,NL,NL,forecast_offshore_wind_generation,Wind Offshore,2026-07-26T16:36:36Z
2026-07-26T16:33:47Z,2026-07-26T18:33:47+0200,74eb74bd-8b1d-47e4-abd1-e66c3ea271fa,2026-07-01T08:45:00Z,2026-07-01T10:45:00+0200,60.0,MW,NL,NL,forecast_offshore_wind_generation,Wind Offshore,2026-07-26T16:36:36Z
2026-07-26T16:33:47Z,2026-07-26T18:33:47+0200,74eb74bd-8b1d-47e4-abd1-e66c3ea271fa,2026-07-01T09:00:00Z,2026-07-01T11:00:00+0200,60.0,MW,NL,NL,forecast_offshore_wind_generation,Wind Offshore,2026-07-26T16:36:36Z
2026-07-26T16:33:47Z,2026-07-26T18:33:47+0200,74eb74bd-8b1d-47e4-abd1-e66c3ea271fa,2026-07-01T09:15:00Z,2026-07-01T11:15:00+0200,62.0,MW,NL,NL,forecast_offshore_wind_generation,Wind Offshore,2026-07-26T16:36:36Z
2026-07-26T16:33:47Z,2026-07-26T18:33:47+0200,74eb74bd-8b1d-47e4-abd1-e66c3ea271fa,2026-07-01T09:30:00Z,2026-07-01T11:30:00+0200,66.0,MW,NL,NL,forecast_offshore_wind_generation,Wind Offshore,2026-07-26T16:36:36Z
2026-07-26T16:33:47Z,2026-07-26T18:33:47+0200,74eb74bd-8b1d-47e4-abd1-e66c3ea271fa,2026-07-01T09:45:00Z,2026-07-01T11:45:00+0200,70.0,MW,NL,NL,forecast_offshore_wind_generation,Wind Offshore,2026-07-26T16:36:36Z
2026-07-26T16:33:47Z,2026-07-26T18:33:47+0200,74eb74bd-8b1d-47e4-abd1-e66c3ea271fa,2026-07-01T10:00:00Z,2026-07-01T12:00:00+0200,74.0,MW,NL,NL,forecast_offshore_wind_generation,Wind Offshore,2026-07-26T16:36:36Z
2026-07-26T16:33:47Z,2026-07-26T18:33:47+0200,74eb74bd-8b1d-47e4-abd1-e66c3ea271fa,2026-07-01T10:15:00Z,2026-07-01T12:15:00+0200,78.0,MW,NL,NL,forecast_offshore_wind_generation,Wind Offshore,2026-07-26T16:36:36Z
2026-07-26T16:33:47Z,2026-07-26T18:33:47+0200,74eb74bd-8b1d-47e4-abd1-e66c3ea271fa,2026-07-01T10:30:00Z,2026-07-01T12:30:00+0200,82.0,MW,NL,NL,forecast_offshore_wind_generation,Wind Offshore,2026-07-26T16:36:36Z
2026-07-26T16:33:47Z,2026-07-26T18:33:47+0200,74eb74bd-8b1d-47e4-abd1-e66c3ea271fa,2026-07-01T10:45:00Z,2026-07-01T12:45:00+0200,86.0,MW,NL,NL,forecast_offshore_wind_generation,Wind Offshore,2026-07-26T16:36:36Z
2026-07-26T16:33:47Z,2026-07-26T18:33:47+0200,74eb74bd-8b1d-47e4-abd1-e66c3ea271fa,2026-07-01T11:00:00Z,2026-07-01T13:00:00+0200,90.0,MW,NL,NL,forecast_offshore_wind_generation,Wind Offshore,2026-07-26T16:36:36Z
2026-07-26T16:33:47Z,2026-07-26T18:33:47+0200,74eb74bd-8b1d-47e4-abd1-e66c3ea271fa,2026-07-01T11:15:00Z,2026-07-01T13:15:00+0200,96.0,MW,NL,NL,forecast_offshore_wind_generation,Wind Offshore,2026-07-26T16:36:36Z
2026-07-26T16:33:47Z,2026-07-26T18:33:47+0200,74eb74bd-8b1d-47e4-abd1-e66c3ea271fa,2026-07-01T11:30:00Z,2026-07-01T13:30:00+0200,105.0,MW,NL,NL,forecast_offshore_wind_generation,Wind Offshore,2026-07-26T16:36:36Z
2026-07-26T16:33:47Z,2026-07-26T18:33:47+0200,74eb74bd-8b1d-47e4-abd1-e66c3ea271fa,2026-07-01T11:45:00Z,2026-07-01T13:45:00+0200,115.0,MW,NL,NL,forecast_offshore_wind_generation,Wind Offshore,2026-07-26T16:36:36Z
2026-07-26T16:33:47Z,2026-07-26T18:33:47+0200,74eb74bd-8b1d-47e4-abd1-e66c3ea271fa,2026-07-01T12:00:00Z,2026-07-01T14:00:00+0200,124.0,MW,NL,NL,forecast_offshore_wind_generation,Wind Offshore,2026-07-26T16:36:36Z
2026-07-26T16:33:47Z,2026-07-26T18:33:47+0200,74eb74bd-8b1d-47e4-abd1-e66c3ea271fa,2026-07-01T12:15:00Z,2026-07-01T14:15:00+0200,131.0,MW,NL,NL,forecast_offshore_wind_generation,Wind Offshore,2026-07-26T16:36:36Z
2026-07-26T16:33:47Z,2026-07-26T18:33:47+0200,74eb74bd-8b1d-47e4-abd1-e66c3ea271fa,2026-07-01T12:30:00Z,2026-07-01T14:30:00+0200,136.0,MW,NL,NL,forecast_offshore_wind_generation,Wind Offshore,2026-07-26T16:36:36Z
2026-07-26T16:33:47Z,2026-07-26T18:33:47+0200,74eb74bd-8b1d-47e4-abd1-e66c3ea271fa,2026-07-01T12:45:00Z,2026-07-01T14:45:00+0200,142.0,MW,NL,NL,forecast_offshore_wind_generation,Wind Offshore,2026-07-26T16:36:36Z
2026-07-26T16:33:47Z,2026-07-26T18:33:47+0200,74eb74bd-8b1d-47e4-abd1-e66c3ea271fa,2026-07-01T13:00:00Z,2026-07-01T15:00:00+0200,147.0,MW,NL,NL,forecast_offshore_wind_generation,Wind Offshore,2026-07-26T16:36:36Z
2026-07-26T16:33:47Z,2026-07-26T18:33:47+0200,74eb74bd-8b1d-47e4-abd1-e66c3ea271fa,2026-07-01T13:15:00Z,2026-07-01T15:15:00+0200,154.0,MW,NL,NL,forecast_offshore_wind_generation,Wind Offshore,2026-07-26T16:36:36Z
2026-07-26T16:33:47Z,2026-07-26T18:33:47+0200,74eb74bd-8b1d-47e4-abd1-e66c3ea271fa,2026-07-01T13:30:00Z,2026-07-01T15:30:00+0200,164.0,MW,NL,NL,forecast_offshore_wind_generation,Wind Offshore,2026-07-26T16:36:36Z
2026-07-26T16:33:47Z,2026-07-26T18:33:47+0200,74eb74bd-8b1d-47e4-abd1-e66c3ea271fa,2026-07-01T13:45:00Z,2026-07-01T15:45:00+0200,174.0,MW,NL,NL,forecast_offshore_wind_generation,Wind Offshore,2026-07-26T16:36:36Z
2026-07-26T16:33:47Z,2026-07-26T18:33:47+0200,74eb74bd-8b1d-47e4-abd1-e66c3ea271fa,2026-07-01T14:00:00Z,2026-07-01T16:00:00+0200,184.0,MW,NL,NL,forecast_offshore_wind_generation,Wind Offshore,2026-07-26T16:36:36Z
2026-07-26T16:33:47Z,2026-07-26T18:33:47+0200,74eb74bd-8b1d-47e4-abd1-e66c3ea271fa,2026-07-01T14:15:00Z,2026-07-01T16:15:00+0200,194.0,MW,NL,NL,forecast_offshore_wind_generation,Wind Offshore,2026-07-26T16:36:36Z
2026-07-26T16:33:47Z,2026-07-26T18:33:47+0200,74eb74bd-8b1d-47e4-abd1-e66c3ea271fa,2026-07-01T14:30:00Z,2026-07-01T16:30:00+0200,204.0,MW,NL,NL,forecast_offshore_wind_generation,Wind Offshore,2026-07-26T16:36:36Z
2026-07-26T16:33:47Z,2026-07-26T18:33:47+0200,74eb74bd-8b1d-47e4-abd1-e66c3ea271fa,2026-07-01T14:45:00Z,2026-07-01T16:45:00+0200,214.0,MW,NL,NL,forecast_offshore_wind_generation,Wind Offshore,2026-07-26T16:36:36Z
2026-07-26T16:33:47Z,2026-07-26T18:33:47+0200,74eb74bd-8b1d-47e4-abd1-e66c3ea271fa,2026-07-01T15:00:00Z,2026-07-01T17:00:00+0200,224.0,MW,NL,NL,forecast_offshore_wind_generation,Wind Offshore,2026-07-26T16:36:36Z
2026-07-26T16:33:47Z,2026-07-26T18:33:47+0200,74eb74bd-8b1d-47e4-abd1-e66c3ea271fa,2026-07-01T15:15:00Z,2026-07-01T17:15:00+0200,223.0,MW,NL,NL,forecast_offshore_wind_generation,Wind Offshore,2026-07-26T16:36:36Z
2026-07-26T16:33:47Z,2026-07-26T18:33:47+0200,74eb74bd-8b1d-47e4-abd1-e66c3ea271fa,2026-07-01T15:30:00Z,2026-07-01T17:30:00+0200,211.0,MW,NL,NL,forecast_offshore_wind_generation,Wind Offshore,2026-07-26T16:36:36Z
2026-07-26T16:33:47Z,2026-07-26T18:33:47+0200,74eb74bd-8b1d-47e4-abd1-e66c3ea271fa,2026-07-01T15:45:00Z,2026-07-01T17:45:00+0200,199.0,MW,NL,NL,forecast_offshore_wind_generation,Wind Offshore,2026-07-26T16:36:36Z
2026-07-26T16:33:47Z,2026-07-26T18:33:47+0200,74eb74bd-8b1d-47e4-abd1-e66c3ea271fa,2026-07-01T16:00:00Z,2026-07-01T18:00:00+0200,187.0,MW,NL,NL,forecast_offshore_wind_generation,Wind Offshore,2026-07-26T16:36:36Z
2026-07-26T16:33:47Z,2026-07-26T18:33:47+0200,74eb74bd-8b1d-47e4-abd1-e66c3ea271fa,2026-07-01T16:15:00Z,2026-07-01T18:15:00+0200,172.0,MW,NL,NL,forecast_offshore_wind_generation,Wind Offshore,2026-07-26T16:36:36Z
2026-07-26T16:33:47Z,2026-07-26T18:33:47+0200,74eb74bd-8b1d-47e4-abd1-e66c3ea271fa,2026-07-01T16:30:00Z,2026-07-01T18:30:00+0200,153.0,MW,NL,NL,forecast_offshore_wind_generation,Wind Offshore,2026-07-26T16:36:36Z
2026-07-26T16:33:47Z,2026-07-26T18:33:47+0200,74eb74bd-8b1d-47e4-abd1-e66c3ea271fa,2026-07-01T16:45:00Z,2026-07-01T18:45:00+0200,133.0,MW,NL,NL,forecast_offshore_wind_generation,Wind Offshore,2026-07-26T16:36:36Z
2026-07-26T16:33:47Z,2026-07-26T18:33:47+0200,74eb74bd-8b1d-47e4-abd1-e66c3ea271fa,2026-07-01T17:00:00Z,2026-07-01T19:00:00+0200,114.0,MW,NL,NL,forecast_offshore_wind_generation,Wind Offshore,2026-07-26T16:36:36Z
2026-07-26T16:33:47Z,2026-07-26T18:33:47+0200,74eb74bd-8b1d-47e4-abd1-e66c3ea271fa,2026-07-01T17:15:00Z,2026-07-01T19:15:00+0200,99.0,MW,NL,NL,forecast_offshore_wind_generation,Wind Offshore,2026-07-26T16:36:36Z
2026-07-26T16:33:47Z,2026-07-26T18:33:47+0200,74eb74bd-8b1d-47e4-abd1-e66c3ea271fa,2026-07-01T17:30:00Z,2026-07-01T19:30:00+0200,88.0,MW,NL,NL,forecast_offshore_wind_generation,Wind Offshore,2026-07-26T16:36:36Z
2026-07-26T16:33:47Z,2026-07-26T18:33:47+0200,74eb74bd-8b1d-47e4-abd1-e66c3ea271fa,2026-07-01T17:45:00Z,2026-07-01T19:45:00+0200,77.0,MW,NL,NL,forecast_offshore_wind_generation,Wind Offshore,2026-07-26T16:36:36Z
2026-07-26T16:33:47Z,2026-07-26T18:33:47+0200,74eb74bd-8b1d-47e4-abd1-e66c3ea271fa,2026-07-01T18:00:00Z,2026-07-01T20:00:00+0200,67.0,MW,NL,NL,forecast_offshore_wind_generation,Wind Offshore,2026-07-26T16:36:36Z
2026-07-26T16:33:47Z,2026-07-26T18:33:47+0200,74eb74bd-8b1d-47e4-abd1-e66c3ea271fa,2026-07-01T18:15:00Z,2026-07-01T20:15:00+0200,59.0,MW,NL,NL,forecast_offshore_wind_generation,Wind Offshore,2026-07-26T16:36:36Z
2026-07-26T16:33:47Z,2026-07-26T18:33:47+0200,74eb74bd-8b1d-47e4-abd1-e66c3ea271fa,2026-07-01T18:30:00Z,2026-07-01T20:30:00+0200,55.0,MW,NL,NL,forecast_offshore_wind_generation,Wind Offshore,2026-07-26T16:36:36Z
2026-07-26T16:33:47Z,2026-07-26T18:33:47+0200,74eb74bd-8b1d-47e4-abd1-e66c3ea271fa,2026-07-01T18:45:00Z,2026-07-01T20:45:00+0200,52.0,MW,NL,NL,forecast_offshore_wind_generation,Wind Offshore,2026-07-26T16:36:36Z
2026-07-26T16:33:47Z,2026-07-26T18:33:47+0200,74eb74bd-8b1d-47e4-abd1-e66c3ea271fa,2026-07-01T19:00:00Z,2026-07-01T21:00:00+0200,48.0,MW,NL,NL,forecast_offshore_wind_generation,Wind Offshore,2026-07-26T16:36:36Z
2026-07-26T16:33:47Z,2026-07-26T18:33:47+0200,74eb74bd-8b1d-47e4-abd1-e66c3ea271fa,2026-07-01T19:15:00Z,2026-07-01T21:15:00+0200,44.0,MW,NL,NL,forecast_offshore_wind_generation,Wind Offshore,2026-07-26T16:36:36Z
2026-07-26T16:33:47Z,2026-07-26T18:33:47+0200,74eb74bd-8b1d-47e4-abd1-e66c3ea271fa,2026-07-01T19:30:00Z,2026-07-01T21:30:00+0200,42.0,MW,NL,NL,forecast_offshore_wind_generation,Wind Offshore,2026-07-26T16:36:36Z
2026-07-26T16:33:47Z,2026-07-26T18:33:47+0200,74eb74bd-8b1d-47e4-abd1-e66c3ea271fa,2026-07-01T19:45:00Z,2026-07-01T21:45:00+0200,39.0,MW,NL,NL,forecast_offshore_wind_generation,Wind Offshore,2026-07-26T16:36:36Z
2026-07-26T16:33:47Z,2026-07-26T18:33:47+0200,74eb74bd-8b1d-47e4-abd1-e66c3ea271fa,2026-07-01T20:00:00Z,2026-07-01T22:00:00+0200,36.0,MW,NL,NL,forecast_offshore_wind_generation,Wind Offshore,2026-07-26T16:36:36Z
2026-07-26T16:33:47Z,2026-07-26T18:33:47+0200,74eb74bd-8b1d-47e4-abd1-e66c3ea271fa,2026-07-01T20:15:00Z,2026-07-01T22:15:00+0200,35.0,MW,NL,NL,forecast_offshore_wind_generation,Wind Offshore,2026-07-26T16:36:36Z
2026-07-26T16:33:47Z,2026-07-26T18:33:47+0200,74eb74bd-8b1d-47e4-abd1-e66c3ea271fa,2026-07-01T20:30:00Z,2026-07-01T22:30:00+0200,34.0,MW,NL,NL,forecast_offshore_wind_generation,Wind Offshore,2026-07-26T16:36:36Z
2026-07-26T16:33:47Z,2026-07-26T18:33:47+0200,74eb74bd-8b1d-47e4-abd1-e66c3ea271fa,2026-07-01T20:45:00Z,2026-07-01T22:45:00+0200,34.0,MW,NL,NL,forecast_offshore_wind_generation,Wind Offshore,2026-07-26T16:36:36Z
2026-07-26T16:33:47Z,2026-07-26T18:33:47+0200,74eb74bd-8b1d-47e4-abd1-e66c3ea271fa,2026-07-01T21:00:00Z,2026-07-01T23:00:00+0200,34.0,MW,NL,NL,forecast_offshore_wind_generation,Wind Offshore,2026-07-26T16:36:36Z
2026-07-26T16:33:47Z,2026-07-26T18:33:47+0200,74eb74bd-8b1d-47e4-abd1-e66c3ea271fa,2026-07-01T21:15:00Z,2026-07-01T23:15:00+0200,44.0,MW,NL,NL,forecast_offshore_wind_generation,Wind Offshore,2026-07-26T16:36:36Z
2026-07-26T16:33:47Z,2026-07-26T18:33:47+0200,74eb74bd-8b1d-47e4-abd1-e66c3ea271fa,2026-07-01T21:30:00Z,2026-07-01T23:30:00+0200,65.0,MW,NL,NL,forecast_offshore_wind_generation,Wind Offshore,2026-07-26T16:36:36Z
2026-07-26T16:33:47Z,2026-07-26T18:33:47+0200,74eb74bd-8b1d-47e4-abd1-e66c3ea271fa,2026-07-01T21:45:00Z,2026-07-01T23:45:00+0200,86.0,MW,NL,NL,forecast_offshore_wind_generation,Wind Offshore,2026-07-26T16:36:36Z
2026-07-26T16:33:47Z,2026-07-26T18:33:47+0200,74eb74bd-8b1d-47e4-abd1-e66c3ea271fa,2026-07-01T22:00:00Z,2026-07-02T00:00:00+0200,116.0,MW,NL,NL,forecast_offshore_wind_generation,Wind Offshore,2026-07-26T16:36:36Z
2026-07-26T16:33:47Z,2026-07-26T18:33:47+0200,74eb74bd-8b1d-47e4-abd1-e66c3ea271fa,2026-07-01T22:15:00Z,2026-07-02T00:15:00+0200,134.0,MW,NL,NL,forecast_offshore_wind_generation,Wind Offshore,2026-07-26T16:36:36Z
2026-07-26T16:33:47Z,2026-07-26T18:33:47+0200,74eb74bd-8b1d-47e4-abd1-e66c3ea271fa,2026-07-01T22:30:00Z,2026-07-02T00:30:00+0200,150.0,MW,NL,NL,forecast_offshore_wind_generation,Wind Offshore,2026-07-26T16:36:36Z
2026-07-26T16:33:47Z,2026-07-26T18:33:47+0200,74eb74bd-8b1d-47e4-abd1-e66c3ea271fa,2026-07-01T22:45:00Z,2026-07-02T00:45:00+0200,167.0,MW,NL,NL,forecast_offshore_wind_generation,Wind Offshore,2026-07-26T16:36:36Z
2026-07-26T16:33:47Z,2026-07-26T18:33:47+0200,74eb74bd-8b1d-47e4-abd1-e66c3ea271fa,2026-07-01T23:00:00Z,2026-07-02T01:00:00+0200,183.0,MW,NL,NL,forecast_offshore_wind_generation,Wind Offshore,2026-07-26T16:36:36Z
2026-07-26T16:33:47Z,2026-07-26T18:33:47+0200,74eb74bd-8b1d-47e4-abd1-e66c3ea271fa,2026-07-01T23:15:00Z,2026-07-02T01:15:00+0200,208.0,MW,NL,NL,forecast_offshore_wind_generation,Wind Offshore,2026-07-26T16:36:36Z
2026-07-26T16:33:47Z,2026-07-26T18:33:47+0200,74eb74bd-8b1d-47e4-abd1-e66c3ea271fa,2026-07-01T23:30:00Z,2026-07-02T01:30:00+0200,243.0,MW,NL,NL,forecast_offshore_wind_generation,Wind Offshore,2026-07-26T16:36:36Z
2026-07-26T16:33:47Z,2026-07-26T18:33:47+0200,74eb74bd-8b1d-47e4-abd1-e66c3ea271fa,2026-07-01T23:45:00Z,2026-07-02T01:45:00+0200,277.0,MW,NL,NL,forecast_offshore_wind_generation,Wind Offshore,2026-07-26T16:36:36Z
2026-07-26T16:33:47Z,2026-07-26T18:33:47+0200,74eb74bd-8b1d-47e4-abd1-e66c3ea271fa,2026-07-02T00:00:00Z,2026-07-02T02:00:00+0200,311.0,MW,NL,NL,forecast_offshore_wind_generation,Wind Offshore,2026-07-26T16:36:36Z
2026-07-26T16:33:47Z,2026-07-26T18:33:47+0200,74eb74bd-8b1d-47e4-abd1-e66c3ea271fa,2026-07-02T00:15:00Z,2026-07-02T02:15:00+0200,353.0,MW,NL,NL,forecast_offshore_wind_generation,Wind Offshore,2026-07-26T16:36:36Z
2026-07-26T16:33:47Z,2026-07-26T18:33:47+0200,74eb74bd-8b1d-47e4-abd1-e66c3ea271fa,2026-07-02T00:30:00Z,2026-07-02T02:30:00+0200,403.0,MW,NL,NL,forecast_offshore_wind_generation,Wind Offshore,2026-07-26T16:36:36Z
2026-07-26T16:33:47Z,2026-07-26T18:33:47+0200,74eb74bd-8b1d-47e4-abd1-e66c3ea271fa,2026-07-02T00:45:00Z,2026-07-02T02:45:00+0200,453.0,MW,NL,NL,forecast_offshore_wind_generation,Wind Offshore,2026-07-26T16:36:36Z
2026-07-26T16:33:47Z,2026-07-26T18:33:47+0200,74eb74bd-8b1d-47e4-abd1-e66c3ea271fa,2026-07-02T01:00:00Z,2026-07-02T03:00:00+0200,502.0,MW,NL,NL,forecast_offshore_wind_generation,Wind Offshore,2026-07-26T16:36:36Z
2026-07-26T16:33:47Z,2026-07-26T18:33:47+0200,74eb74bd-8b1d-47e4-abd1-e66c3ea271fa,2026-07-02T01:15:00Z,2026-07-02T03:15:00+0200,548.0,MW,NL,NL,forecast_offshore_wind_generation,Wind Offshore,2026-07-26T16:36:36Z
2026-07-26T16:33:47Z,2026-07-26T18:33:47+0200,74eb74bd-8b1d-47e4-abd1-e66c3ea271fa,2026-07-02T01:30:00Z,2026-07-02T03:30:00+0200,591.0,MW,NL,NL,forecast_offshore_wind_generation,Wind Offshore,2026-07-26T16:36:36Z
2026-07-26T16:33:47Z,2026-07-26T18:33:47+0200,74eb74bd-8b1d-47e4-abd1-e66c3ea271fa,2026-07-02T01:45:00Z,2026-07-02T03:45:00+0200,634.0,MW,NL,NL,forecast_offshore_wind_generation,Wind Offshore,2026-07-26T16:36:36Z
2026-07-26T16:33:47Z,2026-07-26T18:33:47+0200,74eb74bd-8b1d-47e4-abd1-e66c3ea271fa,2026-07-02T02:00:00Z,2026-07-02T04:00:00+0200,677.0,MW,NL,NL,forecast_offshore_wind_generation,Wind Offshore,2026-07-26T16:36:36Z
2026-07-26T16:33:47Z,2026-07-26T18:33:47+0200,74eb74bd-8b1d-47e4-abd1-e66c3ea271fa,2026-07-02T02:15:00Z,2026-07-02T04:15:00+0200,720.0,MW,NL,NL,forecast_offshore_wind_generation,Wind Offshore,2026-07-26T16:36:36Z
2026-07-26T16:33:47Z,2026-07-26T18:33:47+0200,74eb74bd-8b1d-47e4-abd1-e66c3ea271fa,2026-07-02T02:30:00Z,2026-07-02T04:30:00+0200,763.0,MW,NL,NL,forecast_offshore_wind_generation,Wind Offshore,2026-07-26T16:36:36Z
2026-07-26T16:33:47Z,2026-07-26T18:33:47+0200,74eb74bd-8b1d-47e4-abd1-e66c3ea271fa,2026-07-02T02:45:00Z,2026-07-02T04:45:00+0200,807.0,MW,NL,NL,forecast_offshore_wind_generation,Wind Offshore,2026-07-26T16:36:36Z
2026-07-26T16:33:47Z,2026-07-26T18:33:47+0200,74eb74bd-8b1d-47e4-abd1-e66c3ea271fa,2026-07-02T03:00:00Z,2026-07-02T05:00:00+0200,850.0,MW,NL,NL,forecast_offshore_wind_generation,Wind Offshore,2026-07-26T16:36:36Z
2026-07-26T16:33:47Z,2026-07-26T18:33:47+0200,74eb74bd-8b1d-47e4-abd1-e66c3ea271fa,2026-07-02T03:15:00Z,2026-07-02T05:15:00+0200,878.0,MW,NL,NL,forecast_offshore_wind_generation,Wind Offshore,2026-07-26T16:36:36Z
2026-07-26T16:33:47Z,2026-07-26T18:33:47+0200,74eb74bd-8b1d-47e4-abd1-e66c3ea271fa,2026-07-02T03:30:00Z,2026-07-02T05:30:00+0200,890.0,MW,NL,NL,forecast_offshore_wind_generation,Wind Offshore,2026-07-26T16:36:36Z
2026-07-26T16:33:47Z,2026-07-26T18:33:47+0200,74eb74bd-8b1d-47e4-abd1-e66c3ea271fa,2026-07-02T03:45:00Z,2026-07-02T05:45:00+0200,902.0,MW,NL,NL,forecast_offshore_wind_generation,Wind Offshore,2026-07-26T16:36:36Z
2026-07-26T16:33:47Z,2026-07-26T18:33:47+0200,74eb74bd-8b1d-47e4-abd1-e66c3ea271fa,2026-07-02T04:00:00Z,2026-07-02T06:00:00+0200,914.0,MW,NL,NL,forecast_offshore_wind_generation,Wind Offshore,2026-07-26T16:36:36Z
2026-07-26T16:33:47Z,2026-07-26T18:33:47+0200,74eb74bd-8b1d-47e4-abd1-e66c3ea271fa,2026-07-02T04:15:00Z,2026-07-02T06:15:00+0200,928.0,MW,NL,NL,forecast_offshore_wind_generation,Wind Offshore,2026-07-26T16:36:36Z
2026-07-26T16:33:47Z,2026-07-26T18:33:47+0200,74eb74bd-8b1d-47e4-abd1-e66c3ea271fa,2026-07-02T04:30:00Z,2026-07-02T06:30:00+0200,942.0,MW,NL,NL,forecast_offshore_wind_generation,Wind Offshore,2026-07-26T16:36:36Z
2026-07-26T16:33:47Z,2026-07-26T18:33:47+0200,74eb74bd-8b1d-47e4-abd1-e66c3ea271fa,2026-07-02T04:45:00Z,2026-07-02T06:45:00+0200,956.0,MW,NL,NL,forecast_offshore_wind_generation,Wind Offshore,2026-07-26T16:36:36Z
2026-07-26T16:33:47Z,2026-07-26T18:33:47+0200,74eb74bd-8b1d-47e4-abd1-e66c3ea271fa,2026-07-02T05:00:00Z,2026-07-02T07:00:00+0200,971.0,MW,NL,NL,forecast_offshore_wind_generation,Wind Offshore,2026-07-26T16:36:36Z
2026-07-26T16:33:47Z,2026-07-26T18:33:47+0200,74eb74bd-8b1d-47e4-abd1-e66c3ea271fa,2026-07-02T05:15:00Z,2026-07-02T07:15:00+0200,984.0,MW,NL,NL,forecast_offshore_wind_generation,Wind Offshore,2026-07-26T16:36:36Z
2026-07-26T16:33:47Z,2026-07-26T18:33:47+0200,74eb74bd-8b1d-47e4-abd1-e66c3ea271fa,2026-07-02T05:30:00Z,2026-07-02T07:30:00+0200,996.0,MW,NL,NL,forecast_offshore_wind_generation,Wind Offshore,2026-07-26T16:36:36Z
2026-07-26T16:33:47Z,2026-07-26T18:33:47+0200,74eb74bd-8b1d-47e4-abd1-e66c3ea271fa,2026-07-02T05:45:00Z,2026-07-02T07:45:00+0200,1008.0,MW,NL,NL,forecast_offshore_wind_generation,Wind Offshore,2026-07-26T16:36:36Z
2026-07-26T16:33:47Z,2026-07-26T18:33:47+0200,74eb74bd-8b1d-47e4-abd1-e66c3ea271fa,2026-07-02T06:00:00Z,2026-07-02T08:00:00+0200,1019.0,MW,NL,NL,forecast_offshore_wind_generation,Wind Offshore,2026-07-26T16:36:36Z
2026-07-26T16:33:47Z,2026-07-26T18:33:47+0200,74eb74bd-8b1d-47e4-abd1-e66c3ea271fa,2026-07-02T06:15:00Z,2026-07-02T08:15:00+0200,1041.0,MW,NL,NL,forecast_offshore_wind_generation,Wind Offshore,2026-07-26T16:36:36Z
2026-07-26T16:33:47Z,2026-07-26T18:33:47+0200,74eb74bd-8b1d-47e4-abd1-e66c3ea271fa,2026-07-02T06:30:00Z,2026-07-02T08:30:00+0200,1073.0,MW,NL,NL,forecast_offshore_wind_generation,Wind Offshore,2026-07-26T16:36:36Z
2026-07-26T16:33:47Z,2026-07-26T18:33:47+0200,74eb74bd-8b1d-47e4-abd1-e66c3ea271fa,2026-07-02T06:45:00Z,2026-07-02T08:45:00+0200,1104.0,MW,NL,NL,forecast_offshore_wind_generation,Wind Offshore,2026-07-26T16:36:36Z
2026-07-26T16:33:47Z,2026-07-26T18:33:47+0200,74eb74bd-8b1d-47e4-abd1-e66c3ea271fa,2026-07-02T07:00:00Z,2026-07-02T09:00:00+0200,1136.0,MW,NL,NL,forecast_offshore_wind_generation,Wind Offshore,2026-07-26T16:36:36Z
2026-07-26T16:33:47Z,2026-07-26T18:33:47+0200,74eb74bd-8b1d-47e4-abd1-e66c3ea271fa,2026-07-02T07:15:00Z,2026-07-02T09:15:00+0200,1161.0,MW,NL,NL,forecast_offshore_wind_generation,Wind Offshore,2026-07-26T16:36:36Z
2026-07-26T16:33:47Z,2026-07-26T18:33:47+0200,74eb74bd-8b1d-47e4-abd1-e66c3ea271fa,2026-07-02T07:30:00Z,2026-07-02T09:30:00+0200,1180.0,MW,NL,NL,forecast_offshore_wind_generation,Wind Offshore,2026-07-26T16:36:36Z
2026-07-26T16:33:47Z,2026-07-26T18:33:47+0200,74eb74bd-8b1d-47e4-abd1-e66c3ea271fa,2026-07-02T07:45:00Z,2026-07-02T09:45:00+0200,1199.0,MW,NL,NL,forecast_offshore_wind_generation,Wind Offshore,2026-07-26T16:36:36Z
2026-07-26T16:33:47Z,2026-07-26T18:33:47+0200,74eb74bd-8b1d-47e4-abd1-e66c3ea271fa,2026-07-02T08:00:00Z,2026-07-02T10:00:00+0200,1218.0,MW,NL,NL,forecast_offshore_wind_generation,Wind Offshore,2026-07-26T16:36:36Z
2026-07-26T16:33:47Z,2026-07-26T18:33:47+0200,74eb74bd-8b1d-47e4-abd1-e66c3ea271fa,2026-07-02T08:15:00Z,2026-07-02T10:15:00+0200,1234.0,MW,NL,NL,forecast_offshore_wind_generation,Wind Offshore,2026-07-26T16:36:36Z
2026-07-26T16:33:47Z,2026-07-26T18:33:47+0200,74eb74bd-8b1d-47e4-abd1-e66c3ea271fa,2026-07-02T08:30:00Z,2026-07-02T10:30:00+0200,1247.0,MW,NL,NL,forecast_offshore_wind_generation,Wind Offshore,2026-07-26T16:36:36Z
2026-07-26T16:33:47Z,2026-07-26T18:33:47+0200,74eb74bd-8b1d-47e4-abd1-e66c3ea271fa,2026-07-02T08:45:00Z,2026-07-02T10:45:00+0200,1259.0,MW,NL,NL,forecast_offshore_wind_generation,Wind Offshore,2026-07-26T16:36:36Z
2026-07-26T16:33:47Z,2026-07-26T18:33:47+0200,74eb74bd-8b1d-47e4-abd1-e66c3ea271fa,2026-07-02T09:00:00Z,2026-07-02T11:00:00+0200,1272.0,MW,NL,NL,forecast_offshore_wind_generation,Wind Offshore,2026-07-26T16:36:36Z
2026-07-26T16:33:47Z,2026-07-26T18:33:47+0200,74eb74bd-8b1d-47e4-abd1-e66c3ea271fa,2026-07-02T09:15:00Z,2026-07-02T11:15:00+0200,1280.0,MW,NL,NL,forecast_offshore_wind_generation,Wind Offshore,2026-07-26T16:36:36Z
2026-07-26T16:33:47Z,2026-07-26T18:33:47+0200,74eb74bd-8b1d-47e4-abd1-e66c3ea271fa,2026-07-02T09:30:00Z,2026-07-02T11:30:00+0200,1284.0,MW,NL,NL,forecast_offshore_wind_generation,Wind Offshore,2026-07-26T16:36:36Z
2026-07-26T16:33:47Z,2026-07-26T18:33:47+0200,74eb74bd-8b1d-47e4-abd1-e66c3ea271fa,2026-07-02T09:45:00Z,2026-07-02T11:45:00+0200,1287.0,MW,NL,NL,forecast_offshore_wind_generation,Wind Offshore,2026-07-26T16:36:36Z
2026-07-26T16:33:47Z,2026-07-26T18:33:47+0200,74eb74bd-8b1d-47e4-abd1-e66c3ea271fa,2026-07-02T10:00:00Z,2026-07-02T12:00:00+0200,1291.0,MW,NL,NL,forecast_offshore_wind_generation,Wind Offshore,2026-07-26T16:36:36Z
2026-07-26T16:33:47Z,2026-07-26T18:33:47+0200,74eb74bd-8b1d-47e4-abd1-e66c3ea271fa,2026-07-02T10:15:00Z,2026-07-02T12:15:00+0200,1293.0,MW,NL,NL,forecast_offshore_wind_generation,Wind Offshore,2026-07-26T16:36:36Z
2026-07-26T16:33:47Z,2026-07-26T18:33:47+0200,74eb74bd-8b1d-47e4-abd1-e66c3ea271fa,2026-07-02T10:30:00Z,2026-07-02T12:30:00+0200,1295.0,MW,NL,NL,forecast_offshore_wind_generation,Wind Offshore,2026-07-26T16:36:36Z
2026-07-26T16:33:47Z,2026-07-26T18:33:47+0200,74eb74bd-8b1d-47e4-abd1-e66c3ea271fa,2026-07-02T10:45:00Z,2026-07-02T12:45:00+0200,1296.0,MW,NL,NL,forecast_offshore_wind_generation,Wind Offshore,2026-07-26T16:36:36Z
2026-07-26T16:33:47Z,2026-07-26T18:33:47+0200,74eb74bd-8b1d-47e4-abd1-e66c3ea271fa,2026-07-02T11:00:00Z,2026-07-02T13:00:00+0200,1298.0,MW,NL,NL,forecast_offshore_wind_generation,Wind Offshore,2026-07-26T16:36:36Z
2026-07-26T16:33:47Z,2026-07-26T18:33:47+0200,74eb74bd-8b1d-47e4-abd1-e66c3ea271fa,2026-07-02T11:15:00Z,2026-07-02T13:15:00+0200,1300.0,MW,NL,NL,forecast_offshore_wind_generation,Wind Offshore,2026-07-26T16:36:36Z
2026-07-26T16:33:47Z,2026-07-26T18:33:47+0200,74eb74bd-8b1d-47e4-abd1-e66c3ea271fa,2026-07-02T11:30:00Z,2026-07-02T13:30:00+0200,1301.0,MW,NL,NL,forecast_offshore_wind_generation,Wind Offshore,2026-07-26T16:36:36Z
2026-07-26T16:33:47Z,2026-07-26T18:33:47+0200,74eb74bd-8b1d-47e4-abd1-e66c3ea271fa,2026-07-02T11:45:00Z,2026-07-02T13:45:00+0200,1303.0,MW,NL,NL,forecast_offshore_wind_generation,Wind Offshore,2026-07-26T16:36:36Z
2026-07-26T16:33:47Z,2026-07-26T18:33:47+0200,74eb74bd-8b1d-47e4-abd1-e66c3ea271fa,2026-07-02T12:00:00Z,2026-07-02T14:00:00+0200,1305.0,MW,NL,NL,forecast_offshore_wind_generation,Wind Offshore,2026-07-26T16:36:36Z
2026-07-26T16:33:47Z,2026-07-26T18:33:47+0200,74eb74bd-8b1d-47e4-abd1-e66c3ea271fa,2026-07-02T12:15:00Z,2026-07-02T14:15:00+0200,1301.0,MW,NL,NL,forecast_offshore_wind_generation,Wind Offshore,2026-07-26T16:36:36Z
2026-07-26T16:33:47Z,2026-07-26T18:33:47+0200,74eb74bd-8b1d-47e4-abd1-e66c3ea271fa,2026-07-02T12:30:00Z,2026-07-02T14:30:00+0200,1291.0,MW,NL,NL,forecast_offshore_wind_generation,Wind Offshore,2026-07-26T16:36:36Z
2026-07-26T16:33:47Z,2026-07-26T18:33:47+0200,74eb74bd-8b1d-47e4-abd1-e66c3ea271fa,2026-07-02T12:45:00Z,2026-07-02T14:45:00+0200,1282.0,MW,NL,NL,forecast_offshore_wind_generation,Wind Offshore,2026-07-26T16:36:36Z
2026-07-26T16:33:47Z,2026-07-26T18:33:47+0200,74eb74bd-8b1d-47e4-abd1-e66c3ea271fa,2026-07-02T13:00:00Z,2026-07-02T15:00:00+0200,1272.0,MW,NL,NL,forecast_offshore_wind_generation,Wind Offshore,2026-07-26T16:36:36Z
2026-07-26T16:33:47Z,2026-07-26T18:33:47+0200,74eb74bd-8b1d-47e4-abd1-e66c3ea271fa,2026-07-02T13:15:00Z,2026-07-02T15:15:00+0200,1261.0,MW,NL,NL,forecast_offshore_wind_generation,Wind Offshore,2026-07-26T16:36:36Z
2026-07-26T16:33:47Z,2026-07-26T18:33:47+0200,74eb74bd-8b1d-47e4-abd1-e66c3ea271fa,2026-07-02T13:30:00Z,2026-07-02T15:30:00+0200,1251.0,MW,NL,NL,forecast_offshore_wind_generation,Wind Offshore,2026-07-26T16:36:36Z
2026-07-26T16:33:47Z,2026-07-26T18:33:47+0200,74eb74bd-8b1d-47e4-abd1-e66c3ea271fa,2026-07-02T13:45:00Z,2026-07-02T15:45:00+0200,1240.0,MW,NL,NL,forecast_offshore_wind_generation,Wind Offshore,2026-07-26T16:36:36Z
2026-07-26T16:33:47Z,2026-07-26T18:33:47+0200,74eb74bd-8b1d-47e4-abd1-e66c3ea271fa,2026-07-02T14:00:00Z,2026-07-02T16:00:00+0200,1230.0,MW,NL,NL,forecast_offshore_wind_generation,Wind Offshore,2026-07-26T16:36:36Z
2026-07-26T16:33:47Z,2026-07-26T18:33:47+0200,74eb74bd-8b1d-47e4-abd1-e66c3ea271fa,2026-07-02T14:15:00Z,2026-07-02T16:15:00+0200,1216.0,MW,NL,NL,forecast_offshore_wind_generation,Wind Offshore,2026-07-26T16:36:36Z
2026-07-26T16:33:47Z,2026-07-26T18:33:47+0200,74eb74bd-8b1d-47e4-abd1-e66c3ea271fa,2026-07-02T14:30:00Z,2026-07-02T16:30:00+0200,1200.0,MW,NL,NL,forecast_offshore_wind_generation,Wind Offshore,2026-07-26T16:36:36Z
2026-07-26T16:33:47Z,2026-07-26T18:33:47+0200,74eb74bd-8b1d-47e4-abd1-e66c3ea271fa,2026-07-02T14:45:00Z,2026-07-02T16:45:00+0200,1184.0,MW,NL,NL,forecast_offshore_wind_generation,Wind Offshore,2026-07-26T16:36:36Z
2026-07-26T16:33:47Z,2026-07-26T18:33:47+0200,74eb74bd-8b1d-47e4-abd1-e66c3ea271fa,2026-07-02T15:00:00Z,2026-07-02T17:00:00+0200,1168.0,MW,NL,NL,forecast_offshore_wind_generation,Wind Offshore,2026-07-26T16:36:36Z
2026-07-26T16:33:47Z,2026-07-26T18:33:47+0200,74eb74bd-8b1d-47e4-abd1-e66c3ea271fa,2026-07-02T15:15:00Z,2026-07-02T17:15:00+0200,1147.0,MW,NL,NL,forecast_offshore_wind_generation,Wind Offshore,2026-07-26T16:36:36Z
2026-07-26T16:33:47Z,2026-07-26T18:33:47+0200,74eb74bd-8b1d-47e4-abd1-e66c3ea271fa,2026-07-02T15:30:00Z,2026-07-02T17:30:00+0200,1120.0,MW,NL,NL,forecast_offshore_wind_generation,Wind Offshore,2026-07-26T16:36:36Z
2026-07-26T16:33:47Z,2026-07-26T18:33:47+0200,74eb74bd-8b1d-47e4-abd1-e66c3ea271fa,2026-07-02T15:45:00Z,2026-07-02T17:45:00+0200,1094.0,MW,NL,NL,forecast_offshore_wind_generation,Wind Offshore,2026-07-26T16:36:36Z
2026-07-26T16:33:47Z,2026-07-26T18:33:47+0200,74eb74bd-8b1d-47e4-abd1-e66c3ea271fa,2026-07-02T16:00:00Z,2026-07-02T18:00:00+0200,1067.0,MW,NL,NL,forecast_offshore_wind_generation,Wind Offshore,2026-07-26T16:36:36Z
2026-07-26T16:33:47Z,2026-07-26T18:33:47+0200,74eb74bd-8b1d-47e4-abd1-e66c3ea271fa,2026-07-02T16:15:00Z,2026-07-02T18:15:00+0200,1015.0,MW,NL,NL,forecast_offshore_wind_generation,Wind Offshore,2026-07-26T16:36:36Z
2026-07-26T16:33:47Z,2026-07-26T18:33:47+0200,74eb74bd-8b1d-47e4-abd1-e66c3ea271fa,2026-07-02T16:30:00Z,2026-07-02T18:30:00+0200,938.0,MW,NL,NL,forecast_offshore_wind_generation,Wind Offshore,2026-07-26T16:36:36Z
2026-07-26T16:33:47Z,2026-07-26T18:33:47+0200,74eb74bd-8b1d-47e4-abd1-e66c3ea271fa,2026-07-02T16:45:00Z,2026-07-02T18:45:00+0200,860.0,MW,NL,NL,forecast_offshore_wind_generation,Wind Offshore,2026-07-26T16:36:36Z
2026-07-26T16:33:47Z,2026-07-26T18:33:47+0200,74eb74bd-8b1d-47e4-abd1-e66c3ea271fa,2026-07-02T17:00:00Z,2026-07-02T19:00:00+0200,783.0,MW,NL,NL,forecast_offshore_wind_generation,Wind Offshore,2026-07-26T16:36:36Z
2026-07-26T16:33:47Z,2026-07-26T18:33:47+0200,74eb74bd-8b1d-47e4-abd1-e66c3ea271fa,2026-07-02T17:15:00Z,2026-07-02T19:15:00+0200,725.0,MW,NL,NL,forecast_offshore_wind_generation,Wind Offshore,2026-07-26T16:36:36Z
2026-07-26T16:33:47Z,2026-07-26T18:33:47+0200,74eb74bd-8b1d-47e4-abd1-e66c3ea271fa,2026-07-02T17:30:00Z,2026-07-02T19:30:00+0200,689.0,MW,NL,NL,forecast_offshore_wind_generation,Wind Offshore,2026-07-26T16:36:36Z
2026-07-26T16:33:47Z,2026-07-26T18:33:47+0200,74eb74bd-8b1d-47e4-abd1-e66c3ea271fa,2026-07-02T17:45:00Z,2026-07-02T19:45:00+0200,652.0,MW,NL,NL,forecast_offshore_wind_generation,Wind Offshore,2026-07-26T16:36:36Z
2026-07-26T16:33:47Z,2026-07-26T18:33:47+0200,74eb74bd-8b1d-47e4-abd1-e66c3ea271fa,2026-07-02T18:00:00Z,2026-07-02T20:00:00+0200,615.0,MW,NL,NL,forecast_offshore_wind_generation,Wind Offshore,2026-07-26T16:36:36Z
2026-07-26T16:33:47Z,2026-07-26T18:33:47+0200,74eb74bd-8b1d-47e4-abd1-e66c3ea271fa,2026-07-02T18:15:00Z,2026-07-02T20:15:00+0200,580.0,MW,NL,NL,forecast_offshore_wind_generation,Wind Offshore,2026-07-26T16:36:36Z
2026-07-26T16:33:47Z,2026-07-26T18:33:47+0200,74eb74bd-8b1d-47e4-abd1-e66c3ea271fa,2026-07-02T18:30:00Z,2026-07-02T20:30:00+0200,545.0,MW,NL,NL,forecast_offshore_wind_generation,Wind Offshore,2026-07-26T16:36:36Z
2026-07-26T16:33:47Z,2026-07-26T18:33:47+0200,74eb74bd-8b1d-47e4-abd1-e66c3ea271fa,2026-07-02T18:45:00Z,2026-07-02T20:45:00+0200,510.0,MW,NL,NL,forecast_offshore_wind_generation,Wind Offshore,2026-07-26T16:36:36Z
2026-07-26T16:33:47Z,2026-07-26T18:33:47+0200,74eb74bd-8b1d-47e4-abd1-e66c3ea271fa,2026-07-02T19:00:00Z,2026-07-02T21:00:00+0200,475.0,MW,NL,NL,forecast_offshore_wind_generation,Wind Offshore,2026-07-26T16:36:36Z
2026-07-26T16:33:47Z,2026-07-26T18:33:47+0200,74eb74bd-8b1d-47e4-abd1-e66c3ea271fa,2026-07-02T19:15:00Z,2026-07-02T21:15:00+0200,439.0,MW,NL,NL,forecast_offshore_wind_generation,Wind Offshore,2026-07-26T16:36:36Z
2026-07-26T16:33:47Z,2026-07-26T18:33:47+0200,74eb74bd-8b1d-47e4-abd1-e66c3ea271fa,2026-07-02T19:30:00Z,2026-07-02T21:30:00+0200,402.0,MW,NL,NL,forecast_offshore_wind_generation,Wind Offshore,2026-07-26T16:36:36Z
2026-07-26T16:33:47Z,2026-07-26T18:33:47+0200,74eb74bd-8b1d-47e4-abd1-e66c3ea271fa,2026-07-02T19:45:00Z,2026-07-02T21:45:00+0200,365.0,MW,NL,NL,forecast_offshore_wind_generation,Wind Offshore,2026-07-26T16:36:36Z
2026-07-26T16:33:47Z,2026-07-26T18:33:47+0200,74eb74bd-8b1d-47e4-abd1-e66c3ea271fa,2026-07-02T20:00:00Z,2026-07-02T22:00:00+0200,328.0,MW,NL,NL,forecast_offshore_wind_generation,Wind Offshore,2026-07-26T16:36:36Z
2026-07-26T16:33:47Z,2026-07-26T18:33:47+0200,74eb74bd-8b1d-47e4-abd1-e66c3ea271fa,2026-07-02T20:15:00Z,2026-07-02T22:15:00+0200,297.0,MW,NL,NL,forecast_offshore_wind_generation,Wind Offshore,2026-07-26T16:36:36Z
2026-07-26T16:33:47Z,2026-07-26T18:33:47+0200,74eb74bd-8b1d-47e4-abd1-e66c3ea271fa,2026-07-02T20:30:00Z,2026-07-02T22:30:00+0200,274.0,MW,NL,NL,forecast_offshore_wind_generation,Wind Offshore,2026-07-26T16:36:36Z
2026-07-26T16:33:47Z,2026-07-26T18:33:47+0200,74eb74bd-8b1d-47e4-abd1-e66c3ea271fa,2026-07-02T20:45:00Z,2026-07-02T22:45:00+0200,251.0,MW,NL,NL,forecast_offshore_wind_generation,Wind Offshore,2026-07-26T16:36:36Z
2026-07-26T16:33:47Z,2026-07-26T18:33:47+0200,74eb74bd-8b1d-47e4-abd1-e66c3ea271fa,2026-07-02T21:00:00Z,2026-07-02T23:00:00+0200,228.0,MW,NL,NL,forecast_offshore_wind_generation,Wind Offshore,2026-07-26T16:36:36Z
2026-07-26T16:33:47Z,2026-07-26T18:33:47+0200,74eb74bd-8b1d-47e4-abd1-e66c3ea271fa,2026-07-02T21:15:00Z,2026-07-02T23:15:00+0200,215.0,MW,NL,NL,forecast_offshore_wind_generation,Wind Offshore,2026-07-26T16:36:36Z
2026-07-26T16:33:47Z,2026-07-26T18:33:47+0200,74eb74bd-8b1d-47e4-abd1-e66c3ea271fa,2026-07-02T21:30:00Z,2026-07-02T23:30:00+0200,212.0,MW,NL,NL,forecast_offshore_wind_generation,Wind Offshore,2026-07-26T16:36:36Z
2026-07-26T16:33:47Z,2026-07-26T18:33:47+0200,74eb74bd-8b1d-47e4-abd1-e66c3ea271fa,2026-07-02T21:45:00Z,2026-07-02T23:45:00+0200,208.0,MW,NL,NL,forecast_offshore_wind_generation,Wind Offshore,2026-07-26T16:36:36Z
2026-07-26T16:33:47Z,2026-07-26T18:33:47+0200,74eb74bd-8b1d-47e4-abd1-e66c3ea271fa,2026-07-02T22:00:00Z,2026-07-03T00:00:00+0200,214.0,MW,NL,NL,forecast_offshore_wind_generation,Wind Offshore,2026-07-26T16:36:36Z
2026-07-26T16:33:47Z,2026-07-26T18:33:47+0200,74eb74bd-8b1d-47e4-abd1-e66c3ea271fa,2026-07-02T22:15:00Z,2026-07-03T00:15:00+0200,211.0,MW,NL,NL,forecast_offshore_wind_generation,Wind Offshore,2026-07-26T16:36:36Z
2026-07-26T16:33:47Z,2026-07-26T18:33:47+0200,74eb74bd-8b1d-47e4-abd1-e66c3ea271fa,2026-07-02T22:30:00Z,2026-07-03T00:30:00+0200,209.0,MW,NL,NL,forecast_offshore_wind_generation,Wind Offshore,2026-07-26T16:36:36Z
2026-07-26T16:33:47Z,2026-07-26T18:33:47+0200,74eb74bd-8b1d-47e4-abd1-e66c3ea271fa,2026-07-02T22:45:00Z,2026-07-03T00:45:00+0200,206.0,MW,NL,NL,forecast_offshore_wind_generation,Wind Offshore,2026-07-26T16:36:36Z
2026-07-26T16:33:47Z,2026-07-26T18:33:47+0200,74eb74bd-8b1d-47e4-abd1-e66c3ea271fa,2026-07-02T23:00:00Z,2026-07-03T01:00:00+0200,204.0,MW,NL,NL,forecast_offshore_wind_generation,Wind Offshore,2026-07-26T16:36:36Z
2026-07-26T16:33:47Z,2026-07-26T18:33:47+0200,74eb74bd-8b1d-47e4-abd1-e66c3ea271fa,2026-07-02T23:15:00Z,2026-07-03T01:15:00+0200,203.0,MW,NL,NL,forecast_offshore_wind_generation,Wind Offshore,2026-07-26T16:36:36Z
2026-07-26T16:33:47Z,2026-07-26T18:33:47+0200,74eb74bd-8b1d-47e4-abd1-e66c3ea271fa,2026-07-02T23:30:00Z,2026-07-03T01:30:00+0200,201.0,MW,NL,NL,forecast_offshore_wind_generation,Wind Offshore,2026-07-26T16:36:36Z
2026-07-26T16:33:47Z,2026-07-26T18:33:47+0200,74eb74bd-8b1d-47e4-abd1-e66c3ea271fa,2026-07-02T23:45:00Z,2026-07-03T01:45:00+0200,200.0,MW,NL,NL,forecast_offshore_wind_generation,Wind Offshore,2026-07-26T16:36:36Z
2026-07-26T16:33:47Z,2026-07-26T18:33:47+0200,74eb74bd-8b1d-47e4-abd1-e66c3ea271fa,2026-07-03T00:00:00Z,2026-07-03T02:00:00+0200,198.0,MW,NL,NL,forecast_offshore_wind_generation,Wind Offshore,2026-07-26T16:36:36Z
2026-07-26T16:33:47Z,2026-07-26T18:33:47+0200,74eb74bd-8b1d-47e4-abd1-e66c3ea271fa,2026-07-03T00:15:00Z,2026-07-03T02:15:00+0200,208.0,MW,NL,NL,forecast_offshore_wind_generation,Wind Offshore,2026-07-26T16:36:36Z
2026-07-26T16:33:47Z,2026-07-26T18:33:47+0200,74eb74bd-8b1d-47e4-abd1-e66c3ea271fa,2026-07-03T00:30:00Z,2026-07-03T02:30:00+0200,227.0,MW,NL,NL,forecast_offshore_wind_generation,Wind Offshore,2026-07-26T16:36:36Z
2026-07-26T16:33:47Z,2026-07-26T18:33:47+0200,74eb74bd-8b1d-47e4-abd1-e66c3ea271fa,2026-07-03T00:45:00Z,2026-07-03T02:45:00+0200,247.0,MW,NL,NL,forecast_offshore_wind_generation,Wind Offshore,2026-07-26T16:36:36Z
2026-07-26T16:33:47Z,2026-07-26T18:33:47+0200,74eb74bd-8b1d-47e4-abd1-e66c3ea271fa,2026-07-03T01:00:00Z,2026-07-03T03:00:00+0200,267.0,MW,NL,NL,forecast_offshore_wind_generation,Wind Offshore,2026-07-26T16:36:36Z
2026-07-26T16:33:47Z,2026-07-26T18:33:47+0200,74eb74bd-8b1d-47e4-abd1-e66c3ea271fa,2026-07-03T01:15:00Z,2026-07-03T03:15:00+0200,286.0,MW,NL,NL,forecast_offshore_wind_generation,Wind Offshore,2026-07-26T16:36:36Z
2026-07-26T16:33:47Z,2026-07-26T18:33:47+0200,74eb74bd-8b1d-47e4-abd1-e66c3ea271fa,2026-07-03T01:30:00Z,2026-07-03T03:30:00+0200,306.0,MW,NL,NL,forecast_offshore_wind_generation,Wind Offshore,2026-07-26T16:36:36Z
2026-07-26T16:33:47Z,2026-07-26T18:33:47+0200,74eb74bd-8b1d-47e4-abd1-e66c3ea271fa,2026-07-03T01:45:00Z,2026-07-03T03:45:00+0200,325.0,MW,NL,NL,forecast_offshore_wind_generation,Wind Offshore,2026-07-26T16:36:36Z
2026-07-26T16:33:47Z,2026-07-26T18:33:47+0200,74eb74bd-8b1d-47e4-abd1-e66c3ea271fa,2026-07-03T02:00:00Z,2026-07-03T04:00:00+0200,345.0,MW,NL,NL,forecast_offshore_wind_generation,Wind Offshore,2026-07-26T16:36:36Z
2026-07-26T16:33:47Z,2026-07-26T18:33:47+0200,74eb74bd-8b1d-47e4-abd1-e66c3ea271fa,2026-07-03T02:15:00Z,2026-07-03T04:15:00+0200,380.0,MW,NL,NL,forecast_offshore_wind_generation,Wind Offshore,2026-07-26T16:36:36Z
2026-07-26T16:33:47Z,2026-07-26T18:33:47+0200,74eb74bd-8b1d-47e4-abd1-e66c3ea271fa,2026-07-03T02:30:00Z,2026-07-03T04:30:00+0200,432.0,MW,NL,NL,forecast_offshore_wind_generation,Wind Offshore,2026-07-26T16:36:36Z
2026-07-26T16:33:47Z,2026-07-26T18:33:47+0200,74eb74bd-8b1d-47e4-abd1-e66c3ea271fa,2026-07-03T02:45:00Z,2026-07-03T04:45:00+0200,484.0,MW,NL,NL,forecast_offshore_wind_generation,Wind Offshore,2026-07-26T16:36:36Z
2026-07-26T16:33:47Z,2026-07-26T18:33:47+0200,74eb74bd-8b1d-47e4-abd1-e66c3ea271fa,2026-07-03T03:00:00Z,2026-07-03T05:00:00+0200,535.0,MW,NL,NL,forecast_offshore_wind_generation,Wind Offshore,2026-07-26T16:36:36Z
2026-07-26T16:33:47Z,2026-07-26T18:33:47+0200,74eb74bd-8b1d-47e4-abd1-e66c3ea271fa,2026-07-03T03:15:00Z,2026-07-03T05:15:00+0200,548.0,MW,NL,NL,forecast_offshore_wind_generation,Wind Offshore,2026-07-26T16:36:36Z
2026-07-26T16:33:47Z,2026-07-26T18:33:47+0200,74eb74bd-8b1d-47e4-abd1-e66c3ea271fa,2026-07-03T03:30:00Z,2026-07-03T05:30:00+0200,520.0,MW,NL,NL,forecast_offshore_wind_generation,Wind Offshore,2026-07-26T16:36:36Z
2026-07-26T16:33:47Z,2026-07-26T18:33:47+0200,74eb74bd-8b1d-47e4-abd1-e66c3ea271fa,2026-07-03T03:45:00Z,2026-07-03T05:45:00+0200,493.0,MW,NL,NL,forecast_offshore_wind_generation,Wind Offshore,2026-07-26T16:36:36Z
2026-07-26T16:33:47Z,2026-07-26T18:33:47+0200,74eb74bd-8b1d-47e4-abd1-e66c3ea271fa,2026-07-03T04:00:00Z,2026-07-03T06:00:00+0200,465.0,MW,NL,NL,forecast_offshore_wind_generation,Wind Offshore,2026-07-26T16:36:36Z
2026-07-26T16:33:47Z,2026-07-26T18:33:47+0200,74eb74bd-8b1d-47e4-abd1-e66c3ea271fa,2026-07-03T04:15:00Z,2026-07-03T06:15:00+0200,440.0,MW,NL,NL,forecast_offshore_wind_generation,Wind Offshore,2026-07-26T16:36:36Z
2026-07-26T16:33:47Z,2026-07-26T18:33:47+0200,74eb74bd-8b1d-47e4-abd1-e66c3ea271fa,2026-07-03T04:30:00Z,2026-07-03T06:30:00+0200,418.0,MW,NL,NL,forecast_offshore_wind_generation,Wind Offshore,2026-07-26T16:36:36Z
2026-07-26T16:33:47Z,2026-07-26T18:33:47+0200,74eb74bd-8b1d-47e4-abd1-e66c3ea271fa,2026-07-03T04:45:00Z,2026-07-03T06:45:00+0200,395.0,MW,NL,NL,forecast_offshore_wind_generation,Wind Offshore,2026-07-26T16:36:36Z
2026-07-26T16:33:47Z,2026-07-26T18:33:47+0200,74eb74bd-8b1d-47e4-abd1-e66c3ea271fa,2026-07-03T05:00:00Z,2026-07-03T07:00:00+0200,373.0,MW,NL,NL,forecast_offshore_wind_generation,Wind Offshore,2026-07-26T16:36:36Z
2026-07-26T16:33:47Z,2026-07-26T18:33:47+0200,74eb74bd-8b1d-47e4-abd1-e66c3ea271fa,2026-07-03T05:15:00Z,2026-07-03T07:15:00+0200,354.0,MW,NL,NL,forecast_offshore_wind_generation,Wind Offshore,2026-07-26T16:36:36Z
2026-07-26T16:33:47Z,2026-07-26T18:33:47+0200,74eb74bd-8b1d-47e4-abd1-e66c3ea271fa,2026-07-03T05:30:00Z,2026-07-03T07:30:00+0200,340.0,MW,NL,NL,forecast_offshore_wind_generation,Wind Offshore,2026-07-26T16:36:36Z
2026-07-26T16:33:47Z,2026-07-26T18:33:47+0200,74eb74bd-8b1d-47e4-abd1-e66c3ea271fa,2026-07-03T05:45:00Z,2026-07-03T07:45:00+0200,326.0,MW,NL,NL,forecast_offshore_wind_generation,Wind Offshore,2026-07-26T16:36:36Z
2026-07-26T16:33:47Z,2026-07-26T18:33:47+0200,74eb74bd-8b1d-47e4-abd1-e66c3ea271fa,2026-07-03T06:00:00Z,2026-07-03T08:00:00+0200,312.0,MW,NL,NL,forecast_offshore_wind_generation,Wind Offshore,2026-07-26T16:36:36Z
2026-07-26T16:33:47Z,2026-07-26T18:33:47+0200,74eb74bd-8b1d-47e4-abd1-e66c3ea271fa,2026-07-03T06:15:00Z,2026-07-03T08:15:00+0200,313.0,MW,NL,NL,forecast_offshore_wind_generation,Wind Offshore,2026-07-26T16:36:36Z
2026-07-26T16:33:47Z,2026-07-26T18:33:47+0200,74eb74bd-8b1d-47e4-abd1-e66c3ea271fa,2026-07-03T06:30:00Z,2026-07-03T08:30:00+0200,329.0,MW,NL,NL,forecast_offshore_wind_generation,Wind Offshore,2026-07-26T16:36:36Z
2026-07-26T16:33:47Z,2026-07-26T18:33:47+0200,74eb74bd-8b1d-47e4-abd1-e66c3ea271fa,2026-07-03T06:45:00Z,2026-07-03T08:45:00+0200,345.0,MW,NL,NL,forecast_offshore_wind_generation,Wind Offshore,2026-07-26T16:36:36Z
2026-07-26T16:33:47Z,2026-07-26T18:33:47+0200,74eb74bd-8b1d-47e4-abd1-e66c3ea271fa,2026-07-03T07:00:00Z,2026-07-03T09:00:00+0200,360.0,MW,NL,NL,forecast_offshore_wind_generation,Wind Offshore,2026-07-26T16:36:36Z
2026-07-26T16:33:47Z,2026-07-26T18:33:47+0200,74eb74bd-8b1d-47e4-abd1-e66c3ea271fa,2026-07-03T07:15:00Z,2026-07-03T09:15:00+0200,375.0,MW,NL,NL,forecast_offshore_wind_generation,Wind Offshore,2026-07-26T16:36:36Z
2026-07-26T16:33:47Z,2026-07-26T18:33:47+0200,74eb74bd-8b1d-47e4-abd1-e66c3ea271fa,2026-07-03T07:30:00Z,2026-07-03T09:30:00+0200,387.0,MW,NL,NL,forecast_offshore_wind_generation,Wind Offshore,2026-07-26T16:36:36Z
2026-07-26T16:33:47Z,2026-07-26T18:33:47+0200,74eb74bd-8b1d-47e4-abd1-e66c3ea271fa,2026-07-03T07:45:00Z,2026-07-03T09:45:00+0200,399.0,MW,NL,NL,forecast_offshore_wind_generation,Wind Offshore,2026-07-26T16:36:36Z
2026-07-26T16:33:47Z,2026-07-26T18:33:47+0200,74eb74bd-8b1d-47e4-abd1-e66c3ea271fa,2026-07-03T08:00:00Z,2026-07-03T10:00:00+0200,411.0,MW,NL,NL,forecast_offshore_wind_generation,Wind Offshore,2026-07-26T16:36:36Z
2026-07-26T16:33:47Z,2026-07-26T18:33:47+0200,74eb74bd-8b1d-47e4-abd1-e66c3ea271fa,2026-07-03T08:15:00Z,2026-07-03T10:15:00+0200,421.0,MW,NL,NL,forecast_offshore_wind_generation,Wind Offshore,2026-07-26T16:36:36Z
2026-07-26T16:33:47Z,2026-07-26T18:33:47+0200,74eb74bd-8b1d-47e4-abd1-e66c3ea271fa,2026-07-03T08:30:00Z,2026-07-03T10:30:00+0200,428.0,MW,NL,NL,forecast_offshore_wind_generation,Wind Offshore,2026-07-26T16:36:36Z
2026-07-26T16:33:47Z,2026-07-26T18:33:47+0200,74eb74bd-8b1d-47e4-abd1-e66c3ea271fa,2026-07-03T08:45:00Z,2026-07-03T10:45:00+0200,435.0,MW,NL,NL,forecast_offshore_wind_generation,Wind Offshore,2026-07-26T16:36:36Z
2026-07-26T16:33:47Z,2026-07-26T18:33:47+0200,74eb74bd-8b1d-47e4-abd1-e66c3ea271fa,2026-07-03T09:00:00Z,2026-07-03T11:00:00+0200,442.0,MW,NL,NL,forecast_offshore_wind_generation,Wind Offshore,2026-07-26T16:36:36Z
2026-07-26T16:33:47Z,2026-07-26T18:33:47+0200,74eb74bd-8b1d-47e4-abd1-e66c3ea271fa,2026-07-03T09:15:00Z,2026-07-03T11:15:00+0200,449.0,MW,NL,NL,forecast_offshore_wind_generation,Wind Offshore,2026-07-26T16:36:36Z
2026-07-26T16:33:47Z,2026-07-26T18:33:47+0200,74eb74bd-8b1d-47e4-abd1-e66c3ea271fa,2026-07-03T09:30:00Z,2026-07-03T11:30:00+0200,454.0,MW,NL,NL,forecast_offshore_wind_generation,Wind Offshore,2026-07-26T16:36:36Z
2026-07-26T16:33:47Z,2026-07-26T18:33:47+0200,74eb74bd-8b1d-47e4-abd1-e66c3ea271fa,2026-07-03T09:45:00Z,2026-07-03T11:45:00+0200,460.0,MW,NL,NL,forecast_offshore_wind_generation,Wind Offshore,2026-07-26T16:36:36Z
2026-07-26T16:33:47Z,2026-07-26T18:33:47+0200,74eb74bd-8b1d-47e4-abd1-e66c3ea271fa,2026-07-03T10:00:00Z,2026-07-03T12:00:00+0200,466.0,MW,NL,NL,forecast_offshore_wind_generation,Wind Offshore,2026-07-26T16:36:36Z
2026-07-26T16:33:47Z,2026-07-26T18:33:47+0200,74eb74bd-8b1d-47e4-abd1-e66c3ea271fa,2026-07-03T10:15:00Z,2026-07-03T12:15:00+0200,469.0,MW,NL,NL,forecast_offshore_wind_generation,Wind Offshore,2026-07-26T16:36:36Z
2026-07-26T16:33:47Z,2026-07-26T18:33:47+0200,74eb74bd-8b1d-47e4-abd1-e66c3ea271fa,2026-07-03T10:30:00Z,2026-07-03T12:30:00+0200,470.0,MW,NL,NL,forecast_offshore_wind_generation,Wind Offshore,2026-07-26T16:36:36Z
2026-07-26T16:33:47Z,2026-07-26T18:33:47+0200,74eb74bd-8b1d-47e4-abd1-e66c3ea271fa,2026-07-03T10:45:00Z,2026-07-03T12:45:00+0200,471.0,MW,NL,NL,forecast_offshore_wind_generation,Wind Offshore,2026-07-26T16:36:36Z
2026-07-26T16:33:47Z,2026-07-26T18:33:47+0200,74eb74bd-8b1d-47e4-abd1-e66c3ea271fa,2026-07-03T11:00:00Z,2026-07-03T13:00:00+0200,472.0,MW,NL,NL,forecast_offshore_wind_generation,Wind Offshore,2026-07-26T16:36:36Z
2026-07-26T16:33:47Z,2026-07-26T18:33:47+0200,74eb74bd-8b1d-47e4-abd1-e66c3ea271fa,2026-07-03T11:15:00Z,2026-07-03T13:15:00+0200,473.0,MW,NL,NL,forecast_offshore_wind_generation,Wind Offshore,2026-07-26T16:36:36Z
2026-07-26T16:33:47Z,2026-07-26T18:33:47+0200,74eb74bd-8b1d-47e4-abd1-e66c3ea271fa,2026-07-03T11:30:00Z,2026-07-03T13:30:00+0200,473.0,MW,NL,NL,forecast_offshore_wind_generation,Wind Offshore,2026-07-26T16:36:36Z
2026-07-26T16:33:47Z,2026-07-26T18:33:47+0200,74eb74bd-8b1d-47e4-abd1-e66c3ea271fa,2026-07-03T11:45:00Z,2026-07-03T13:45:00+0200,473.0,MW,NL,NL,forecast_offshore_wind_generation,Wind Offshore,2026-07-26T16:36:36Z
2026-07-26T16:33:47Z,2026-07-26T18:33:47+0200,74eb74bd-8b1d-47e4-abd1-e66c3ea271fa,2026-07-03T12:00:00Z,2026-07-03T14:00:00+0200,474.0,MW,NL,NL,forecast_offshore_wind_generation,Wind Offshore,2026-07-26T16:36:36Z
2026-07-26T16:33:47Z,2026-07-26T18:33:47+0200,74eb74bd-8b1d-47e4-abd1-e66c3ea271fa,2026-07-03T12:15:00Z,2026-07-03T14:15:00+0200,474.0,MW,NL,NL,forecast_offshore_wind_generation,Wind Offshore,2026-07-26T16:36:36Z
2026-07-26T16:33:47Z,2026-07-26T18:33:47+0200,74eb74bd-8b1d-47e4-abd1-e66c3ea271fa,2026-07-03T12:30:00Z,2026-07-03T14:30:00+0200,476.0,MW,NL,NL,forecast_offshore_wind_generation,Wind Offshore,2026-07-26T16:36:36Z
2026-07-26T16:33:47Z,2026-07-26T18:33:47+0200,74eb74bd-8b1d-47e4-abd1-e66c3ea271fa,2026-07-03T12:45:00Z,2026-07-03T14:45:00+0200,478.0,MW,NL,NL,forecast_offshore_wind_generation,Wind Offshore,2026-07-26T16:36:36Z
2026-07-26T16:33:47Z,2026-07-26T18:33:47+0200,74eb74bd-8b1d-47e4-abd1-e66c3ea271fa,2026-07-03T13:00:00Z,2026-07-03T15:00:00+0200,479.0,MW,NL,NL,forecast_offshore_wind_generation,Wind Offshore,2026-07-26T16:36:36Z
2026-07-26T16:33:47Z,2026-07-26T18:33:47+0200,74eb74bd-8b1d-47e4-abd1-e66c3ea271fa,2026-07-03T13:15:00Z,2026-07-03T15:15:00+0200,485.0,MW,NL,NL,forecast_offshore_wind_generation,Wind Offshore,2026-07-26T16:36:36Z
2026-07-26T16:33:47Z,2026-07-26T18:33:47+0200,74eb74bd-8b1d-47e4-abd1-e66c3ea271fa,2026-07-03T13:30:00Z,2026-07-03T15:30:00+0200,494.0,MW,NL,NL,forecast_offshore_wind_generation,Wind Offshore,2026-07-26T16:36:36Z
2026-07-26T16:33:47Z,2026-07-26T18:33:47+0200,74eb74bd-8b1d-47e4-abd1-e66c3ea271fa,2026-07-03T13:45:00Z,2026-07-03T15:45:00+0200,504.0,MW,NL,NL,forecast_offshore_wind_generation,Wind Offshore,2026-07-26T16:36:36Z
2026-07-26T16:33:47Z,2026-07-26T18:33:47+0200,74eb74bd-8b1d-47e4-abd1-e66c3ea271fa,2026-07-03T14:00:00Z,2026-07-03T16:00:00+0200,514.0,MW,NL,NL,forecast_offshore_wind_generation,Wind Offshore,2026-07-26T16:36:36Z
2026-07-26T16:33:47Z,2026-07-26T18:33:47+0200,74eb74bd-8b1d-47e4-abd1-e66c3ea271fa,2026-07-03T14:15:00Z,2026-07-03T16:15:00+0200,516.0,MW,NL,NL,forecast_offshore_wind_generation,Wind Offshore,2026-07-26T16:36:36Z
2026-07-26T16:33:47Z,2026-07-26T18:33:47+0200,74eb74bd-8b1d-47e4-abd1-e66c3ea271fa,2026-07-03T14:30:00Z,2026-07-03T16:30:00+0200,512.0,MW,NL,NL,forecast_offshore_wind_generation,Wind Offshore,2026-07-26T16:36:36Z
2026-07-26T16:33:47Z,2026-07-26T18:33:47+0200,74eb74bd-8b1d-47e4-abd1-e66c3ea271fa,2026-07-03T14:45:00Z,2026-07-03T16:45:00+0200,507.0,MW,NL,NL,forecast_offshore_wind_generation,Wind Offshore,2026-07-26T16:36:36Z
2026-07-26T16:33:47Z,2026-07-26T18:33:47+0200,74eb74bd-8b1d-47e4-abd1-e66c3ea271fa,2026-07-03T15:00:00Z,2026-07-03T17:00:00+0200,502.0,MW,NL,NL,forecast_offshore_wind_generation,Wind Offshore,2026-07-26T16:36:36Z
2026-07-26T16:33:47Z,2026-07-26T18:33:47+0200,74eb74bd-8b1d-47e4-abd1-e66c3ea271fa,2026-07-03T15:15:00Z,2026-07-03T17:15:00+0200,485.0,MW,NL,NL,forecast_offshore_wind_generation,Wind Offshore,2026-07-26T16:36:36Z
2026-07-26T16:33:47Z,2026-07-26T18:33:47+0200,74eb74bd-8b1d-47e4-abd1-e66c3ea271fa,2026-07-03T15:30:00Z,2026-07-03T17:30:00+0200,454.0,MW,NL,NL,forecast_offshore_wind_generation,Wind Offshore,2026-07-26T16:36:36Z
2026-07-26T16:33:47Z,2026-07-26T18:33:47+0200,74eb74bd-8b1d-47e4-abd1-e66c3ea271fa,2026-07-03T15:45:00Z,2026-07-03T17:45:00+0200,423.0,MW,NL,NL,forecast_offshore_wind_generation,Wind Offshore,2026-07-26T16:36:36Z
2026-07-26T16:33:47Z,2026-07-26T18:33:47+0200,74eb74bd-8b1d-47e4-abd1-e66c3ea271fa,2026-07-03T16:00:00Z,2026-07-03T18:00:00+0200,392.0,MW,NL,NL,forecast_offshore_wind_generation,Wind Offshore,2026-07-26T16:36:36Z
2026-07-26T16:33:47Z,2026-07-26T18:33:47+0200,74eb74bd-8b1d-47e4-abd1-e66c3ea271fa,2026-07-03T16:15:00Z,2026-07-03T18:15:00+0200,368.0,MW,NL,NL,forecast_offshore_wind_generation,Wind Offshore,2026-07-26T16:36:36Z
2026-07-26T16:33:47Z,2026-07-26T18:33:47+0200,74eb74bd-8b1d-47e4-abd1-e66c3ea271fa,2026-07-03T16:30:00Z,2026-07-03T18:30:00+0200,351.0,MW,NL,NL,forecast_offshore_wind_generation,Wind Offshore,2026-07-26T16:36:36Z
2026-07-26T16:33:47Z,2026-07-26T18:33:47+0200,74eb74bd-8b1d-47e4-abd1-e66c3ea271fa,2026-07-03T16:45:00Z,2026-07-03T18:45:00+0200,334.0,MW,NL,NL,forecast_offshore_wind_generation,Wind Offshore,2026-07-26T16:36:36Z
2026-07-26T16:33:47Z,2026-07-26T18:33:47+0200,74eb74bd-8b1d-47e4-abd1-e66c3ea271fa,2026-07-03T17:00:00Z,2026-07-03T19:00:00+0200,317.0,MW,NL,NL,forecast_offshore_wind_generation,Wind Offshore,2026-07-26T16:36:36Z
2026-07-26T16:33:47Z,2026-07-26T18:33:47+0200,74eb74bd-8b1d-47e4-abd1-e66c3ea271fa,2026-07-03T17:15:00Z,2026-07-03T19:15:00+0200,298.0,MW,NL,NL,forecast_offshore_wind_generation,Wind Offshore,2026-07-26T16:36:36Z
2026-07-26T16:33:47Z,2026-07-26T18:33:47+0200,74eb74bd-8b1d-47e4-abd1-e66c3ea271fa,2026-07-03T17:30:00Z,2026-07-03T19:30:00+0200,277.0,MW,NL,NL,forecast_offshore_wind_generation,Wind Offshore,2026-07-26T16:36:36Z
2026-07-26T16:33:47Z,2026-07-26T18:33:47+0200,74eb74bd-8b1d-47e4-abd1-e66c3ea271fa,2026-07-03T17:45:00Z,2026-07-03T19:45:00+0200,257.0,MW,NL,NL,forecast_offshore_wind_generation,Wind Offshore,2026-07-26T16:36:36Z
2026-07-26T16:33:47Z,2026-07-26T18:33:47+0200,74eb74bd-8b1d-47e4-abd1-e66c3ea271fa,2026-07-03T18:00:00Z,2026-07-03T20:00:00+0200,237.0,MW,NL,NL,forecast_offshore_wind_generation,Wind Offshore,2026-07-26T16:36:36Z
2026-07-26T16:33:47Z,2026-07-26T18:33:47+0200,74eb74bd-8b1d-47e4-abd1-e66c3ea271fa,2026-07-03T18:15:00Z,2026-07-03T20:15:00+0200,227.0,MW,NL,NL,forecast_offshore_wind_generation,Wind Offshore,2026-07-26T16:36:36Z
2026-07-26T16:33:47Z,2026-07-26T18:33:47+0200,74eb74bd-8b1d-47e4-abd1-e66c3ea271fa,2026-07-03T18:30:00Z,2026-07-03T20:30:00+0200,228.0,MW,NL,NL,forecast_offshore_wind_generation,Wind Offshore,2026-07-26T16:36:36Z
2026-07-26T16:33:47Z,2026-07-26T18:33:47+0200,74eb74bd-8b1d-47e4-abd1-e66c3ea271fa,2026-07-03T18:45:00Z,2026-07-03T20:45:00+0200,229.0,MW,NL,NL,forecast_offshore_wind_generation,Wind Offshore,2026-07-26T16:36:36Z
2026-07-26T16:33:47Z,2026-07-26T18:33:47+0200,74eb74bd-8b1d-47e4-abd1-e66c3ea271fa,2026-07-03T19:00:00Z,2026-07-03T21:00:00+0200,230.0,MW,NL,NL,forecast_offshore_wind_generation,Wind Offshore,2026-07-26T16:36:36Z
2026-07-26T16:33:47Z,2026-07-26T18:33:47+0200,74eb74bd-8b1d-47e4-abd1-e66c3ea271fa,2026-07-03T19:15:00Z,2026-07-03T21:15:00+0200,222.0,MW,NL,NL,forecast_offshore_wind_generation,Wind Offshore,2026-07-26T16:36:36Z
2026-07-26T16:33:47Z,2026-07-26T18:33:47+0200,74eb74bd-8b1d-47e4-abd1-e66c3ea271fa,2026-07-03T19:30:00Z,2026-07-03T21:30:00+0200,205.0,MW,NL,NL,forecast_offshore_wind_generation,Wind Offshore,2026-07-26T16:36:36Z
2026-07-26T16:33:47Z,2026-07-26T18:33:47+0200,74eb74bd-8b1d-47e4-abd1-e66c3ea271fa,2026-07-03T19:45:00Z,2026-07-03T21:45:00+0200,187.0,MW,NL,NL,forecast_offshore_wind_generation,Wind Offshore,2026-07-26T16:36:36Z
2026-07-26T16:33:47Z,2026-07-26T18:33:47+0200,74eb74bd-8b1d-47e4-abd1-e66c3ea271fa,2026-07-03T20:00:00Z,2026-07-03T22:00:00+0200,170.0,MW,NL,NL,forecast_offshore_wind_generation,Wind Offshore,2026-07-26T16:36:36Z
2026-07-26T16:33:47Z,2026-07-26T18:33:47+0200,74eb74bd-8b1d-47e4-abd1-e66c3ea271fa,2026-07-03T20:15:00Z,2026-07-03T22:15:00+0200,157.0,MW,NL,NL,forecast_offshore_wind_generation,Wind Offshore,2026-07-26T16:36:36Z
2026-07-26T16:33:47Z,2026-07-26T18:33:47+0200,74eb74bd-8b1d-47e4-abd1-e66c3ea271fa,2026-07-03T20:30:00Z,2026-07-03T22:30:00+0200,147.0,MW,NL,NL,forecast_offshore_wind_generation,Wind Offshore,2026-07-26T16:36:36Z
2026-07-26T16:33:47Z,2026-07-26T18:33:47+0200,74eb74bd-8b1d-47e4-abd1-e66c3ea271fa,2026-07-03T20:45:00Z,2026-07-03T22:45:00+0200,138.0,MW,NL,NL,forecast_offshore_wind_generation,Wind Offshore,2026-07-26T16:36:36Z
2026-07-26T16:33:47Z,2026-07-26T18:33:47+0200,74eb74bd-8b1d-47e4-abd1-e66c3ea271fa,2026-07-03T21:00:00Z,2026-07-03T23:00:00+0200,128.0,MW,NL,NL,forecast_offshore_wind_generation,Wind Offshore,2026-07-26T16:36:36Z
2026-07-26T16:33:47Z,2026-07-26T18:33:47+0200,74eb74bd-8b1d-47e4-abd1-e66c3ea271fa,2026-07-03T21:15:00Z,2026-07-03T23:15:00+0200,128.0,MW,NL,NL,forecast_offshore_wind_generation,Wind Offshore,2026-07-26T16:36:36Z
2026-07-26T16:33:47Z,2026-07-26T18:33:47+0200,74eb74bd-8b1d-47e4-abd1-e66c3ea271fa,2026-07-03T21:30:00Z,2026-07-03T23:30:00+0200,135.0,MW,NL,NL,forecast_offshore_wind_generation,Wind Offshore,2026-07-26T16:36:36Z
2026-07-26T16:33:47Z,2026-07-26T18:33:47+0200,74eb74bd-8b1d-47e4-abd1-e66c3ea271fa,2026-07-03T21:45:00Z,2026-07-03T23:45:00+0200,143.0,MW,NL,NL,forecast_offshore_wind_generation,Wind Offshore,2026-07-26T16:36:36Z
2026-07-26T16:33:47Z,2026-07-26T18:33:47+0200,74eb74bd-8b1d-47e4-abd1-e66c3ea271fa,2026-07-03T22:00:00Z,2026-07-04T00:00:00+0200,140.0,MW,NL,NL,forecast_offshore_wind_generation,Wind Offshore,2026-07-26T16:36:36Z
2026-07-26T16:33:47Z,2026-07-26T18:33:47+0200,74eb74bd-8b1d-47e4-abd1-e66c3ea271fa,2026-07-03T22:15:00Z,2026-07-04T00:15:00+0200,151.0,MW,NL,NL,forecast_offshore_wind_generation,Wind Offshore,2026-07-26T16:36:36Z
2026-07-26T16:33:47Z,2026-07-26T18:33:47+0200,74eb74bd-8b1d-47e4-abd1-e66c3ea271fa,2026-07-03T22:30:00Z,2026-07-04T00:30:00+0200,164.0,MW,NL,NL,forecast_offshore_wind_generation,Wind Offshore,2026-07-26T16:36:36Z
2026-07-26T16:33:47Z,2026-07-26T18:33:47+0200,74eb74bd-8b1d-47e4-abd1-e66c3ea271fa,2026-07-03T22:45:00Z,2026-07-04T00:45:00+0200,178.0,MW,NL,NL,forecast_offshore_wind_generation,Wind Offshore,2026-07-26T16:36:36Z
2026-07-26T16:33:47Z,2026-07-26T18:33:47+0200,74eb74bd-8b1d-47e4-abd1-e66c3ea271fa,2026-07-03T23:00:00Z,2026-07-04T01:00:00+0200,192.0,MW,NL,NL,forecast_offshore_wind_generation,Wind Offshore,2026-07-26T16:36:36Z
2026-07-26T16:33:47Z,2026-07-26T18:33:47+0200,74eb74bd-8b1d-47e4-abd1-e66c3ea271fa,2026-07-03T23:15:00Z,2026-07-04T01:15:00+0200,209.0,MW,NL,NL,forecast_offshore_wind_generation,Wind Offshore,2026-07-26T16:36:36Z
2026-07-26T16:33:47Z,2026-07-26T18:33:47+0200,74eb74bd-8b1d-47e4-abd1-e66c3ea271fa,2026-07-03T23:30:00Z,2026-07-04T01:30:00+0200,229.0,MW,NL,NL,forecast_offshore_wind_generation,Wind Offshore,2026-07-26T16:36:36Z
2026-07-26T16:33:47Z,2026-07-26T18:33:47+0200,74eb74bd-8b1d-47e4-abd1-e66c3ea271fa,2026-07-03T23:45:00Z,2026-07-04T01:45:00+0200,250.0,MW,NL,NL,forecast_offshore_wind_generation,Wind Offshore,2026-07-26T16:36:36Z
2026-07-26T16:33:47Z,2026-07-26T18:33:47+0200,74eb74bd-8b1d-47e4-abd1-e66c3ea271fa,2026-07-04T00:00:00Z,2026-07-04T02:00:00+0200,270.0,MW,NL,NL,forecast_offshore_wind_generation,Wind Offshore,2026-07-26T16:36:36Z
2026-07-26T16:33:47Z,2026-07-26T18:33:47+0200,74eb74bd-8b1d-47e4-abd1-e66c3ea271fa,2026-07-04T00:15:00Z,2026-07-04T02:15:00+0200,296.0,MW,NL,NL,forecast_offshore_wind_generation,Wind Offshore,2026-07-26T16:36:36Z
2026-07-26T16:33:47Z,2026-07-26T18:33:47+0200,74eb74bd-8b1d-47e4-abd1-e66c3ea271fa,2026-07-04T00:30:00Z,2026-07-04T02:30:00+0200,328.0,MW,NL,NL,forecast_offshore_wind_generation,Wind Offshore,2026-07-26T16:36:36Z
2026-07-26T16:33:47Z,2026-07-26T18:33:47+0200,74eb74bd-8b1d-47e4-abd1-e66c3ea271fa,2026-07-04T00:45:00Z,2026-07-04T02:45:00+0200,359.0,MW,NL,NL,forecast_offshore_wind_generation,Wind Offshore,2026-07-26T16:36:36Z
2026-07-26T16:33:47Z,2026-07-26T18:33:47+0200,74eb74bd-8b1d-47e4-abd1-e66c3ea271fa,2026-07-04T01:00:00Z,2026-07-04T03:00:00+0200,391.0,MW,NL,NL,forecast_offshore_wind_generation,Wind Offshore,2026-07-26T16:36:36Z
2026-07-26T16:33:47Z,2026-07-26T18:33:47+0200,74eb74bd-8b1d-47e4-abd1-e66c3ea271fa,2026-07-04T01:15:00Z,2026-07-04T03:15:00+0200,431.0,MW,NL,NL,forecast_offshore_wind_generation,Wind Offshore,2026-07-26T16:36:36Z
2026-07-26T16:33:47Z,2026-07-26T18:33:47+0200,74eb74bd-8b1d-47e4-abd1-e66c3ea271fa,2026-07-04T01:30:00Z,2026-07-04T03:30:00+0200,480.0,MW,NL,NL,forecast_offshore_wind_generation,Wind Offshore,2026-07-26T16:36:36Z
2026-07-26T16:33:47Z,2026-07-26T18:33:47+0200,74eb74bd-8b1d-47e4-abd1-e66c3ea271fa,2026-07-04T01:45:00Z,2026-07-04T03:45:00+0200,529.0,MW,NL,NL,forecast_offshore_wind_generation,Wind Offshore,2026-07-26T16:36:36Z
2026-07-26T16:33:47Z,2026-07-26T18:33:47+0200,74eb74bd-8b1d-47e4-abd1-e66c3ea271fa,2026-07-04T02:00:00Z,2026-07-04T04:00:00+0200,577.0,MW,NL,NL,forecast_offshore_wind_generation,Wind Offshore,2026-07-26T16:36:36Z
2026-07-26T16:33:47Z,2026-07-26T18:33:47+0200,74eb74bd-8b1d-47e4-abd1-e66c3ea271fa,2026-07-04T02:15:00Z,2026-07-04T04:15:00+0200,624.0,MW,NL,NL,forecast_offshore_wind_generation,Wind Offshore,2026-07-26T16:36:36Z
2026-07-26T16:33:47Z,2026-07-26T18:33:47+0200,74eb74bd-8b1d-47e4-abd1-e66c3ea271fa,2026-07-04T02:30:00Z,2026-07-04T04:30:00+0200,668.0,MW,NL,NL,forecast_offshore_wind_generation,Wind Offshore,2026-07-26T16:36:36Z
2026-07-26T16:33:47Z,2026-07-26T18:33:47+0200,74eb74bd-8b1d-47e4-abd1-e66c3ea271fa,2026-07-04T02:45:00Z,2026-07-04T04:45:00+0200,712.0,MW,NL,NL,forecast_offshore_wind_generation,Wind Offshore,2026-07-26T16:36:36Z
2026-07-26T16:33:47Z,2026-07-26T18:33:47+0200,74eb74bd-8b1d-47e4-abd1-e66c3ea271fa,2026-07-04T03:00:00Z,2026-07-04T05:00:00+0200,756.0,MW,NL,NL,forecast_offshore_wind_generation,Wind Offshore,2026-07-26T16:36:36Z
2026-07-26T16:33:47Z,2026-07-26T18:33:47+0200,74eb74bd-8b1d-47e4-abd1-e66c3ea271fa,2026-07-04T03:15:00Z,2026-07-04T05:15:00+0200,769.0,MW,NL,NL,forecast_offshore_wind_generation,Wind Offshore,2026-07-26T16:36:36Z
2026-07-26T16:33:47Z,2026-07-26T18:33:47+0200,74eb74bd-8b1d-47e4-abd1-e66c3ea271fa,2026-07-04T03:30:00Z,2026-07-04T05:30:00+0200,751.0,MW,NL,NL,forecast_offshore_wind_generation,Wind Offshore,2026-07-26T16:36:36Z
2026-07-26T16:33:47Z,2026-07-26T18:33:47+0200,74eb74bd-8b1d-47e4-abd1-e66c3ea271fa,2026-07-04T03:45:00Z,2026-07-04T05:45:00+0200,733.0,MW,NL,NL,forecast_offshore_wind_generation,Wind Offshore,2026-07-26T16:36:36Z
2026-07-26T16:33:47Z,2026-07-26T18:33:47+0200,74eb74bd-8b1d-47e4-abd1-e66c3ea271fa,2026-07-04T04:00:00Z,2026-07-04T06:00:00+0200,715.0,MW,NL,NL,forecast_offshore_wind_generation,Wind Offshore,2026-07-26T16:36:36Z
2026-07-26T16:33:47Z,2026-07-26T18:33:47+0200,74eb74bd-8b1d-47e4-abd1-e66c3ea271fa,2026-07-04T04:15:00Z,2026-07-04T06:15:00+0200,697.0,MW,NL,NL,forecast_offshore_wind_generation,Wind Offshore,2026-07-26T16:36:36Z
2026-07-26T16:33:47Z,2026-07-26T18:33:47+0200,74eb74bd-8b1d-47e4-abd1-e66c3ea271fa,2026-07-04T04:30:00Z,2026-07-04T06:30:00+0200,680.0,MW,NL,NL,forecast_offshore_wind_generation,Wind Offshore,2026-07-26T16:36:36Z
2026-07-26T16:33:47Z,2026-07-26T18:33:47+0200,74eb74bd-8b1d-47e4-abd1-e66c3ea271fa,2026-07-04T04:45:00Z,2026-07-04T06:45:00+0200,662.0,MW,NL,NL,forecast_offshore_wind_generation,Wind Offshore,2026-07-26T16:36:36Z
2026-07-26T16:33:47Z,2026-07-26T18:33:47+0200,74eb74bd-8b1d-47e4-abd1-e66c3ea271fa,2026-07-04T05:00:00Z,2026-07-04T07:00:00+0200,644.0,MW,NL,NL,forecast_offshore_wind_generation,Wind Offshore,2026-07-26T16:36:36Z
2026-07-26T16:33:47Z,2026-07-26T18:33:47+0200,74eb74bd-8b1d-47e4-abd1-e66c3ea271fa,2026-07-04T05:15:00Z,2026-07-04T07:15:00+0200,628.0,MW,NL,NL,forecast_offshore_wind_generation,Wind Offshore,2026-07-26T16:36:36Z
2026-07-26T16:33:47Z,2026-07-26T18:33:47+0200,74eb74bd-8b1d-47e4-abd1-e66c3ea271fa,2026-07-04T05:30:00Z,2026-07-04T07:30:00+0200,614.0,MW,NL,NL,forecast_offshore_wind_generation,Wind Offshore,2026-07-26T16:36:36Z
2026-07-26T16:33:47Z,2026-07-26T18:33:47+0200,74eb74bd-8b1d-47e4-abd1-e66c3ea271fa,2026-07-04T05:45:00Z,2026-07-04T07:45:00+0200,601.0,MW,NL,NL,forecast_offshore_wind_generation,Wind Offshore,2026-07-26T16:36:36Z
2026-07-26T16:33:47Z,2026-07-26T18:33:47+0200,74eb74bd-8b1d-47e4-abd1-e66c3ea271fa,2026-07-04T06:00:00Z,2026-07-04T08:00:00+0200,587.0,MW,NL,NL,forecast_offshore_wind_generation,Wind Offshore,2026-07-26T16:36:36Z
2026-07-26T16:33:47Z,2026-07-26T18:33:47+0200,74eb74bd-8b1d-47e4-abd1-e66c3ea271fa,2026-07-04T06:15:00Z,2026-07-04T08:15:00+0200,576.0,MW,NL,NL,forecast_offshore_wind_generation,Wind Offshore,2026-07-26T16:36:36Z
2026-07-26T16:33:47Z,2026-07-26T18:33:47+0200,74eb74bd-8b1d-47e4-abd1-e66c3ea271fa,2026-07-04T06:30:00Z,2026-07-04T08:30:00+0200,569.0,MW,NL,NL,forecast_offshore_wind_generation,Wind Offshore,2026-07-26T16:36:36Z
2026-07-26T16:33:47Z,2026-07-26T18:33:47+0200,74eb74bd-8b1d-47e4-abd1-e66c3ea271fa,2026-07-04T06:45:00Z,2026-07-04T08:45:00+0200,562.0,MW,NL,NL,forecast_offshore_wind_generation,Wind Offshore,2026-07-26T16:36:36Z
2026-07-26T16:33:47Z,2026-07-26T18:33:47+0200,74eb74bd-8b1d-47e4-abd1-e66c3ea271fa,2026-07-04T07:00:00Z,2026-07-04T09:00:00+0200,555.0,MW,NL,NL,forecast_offshore_wind_generation,Wind Offshore,2026-07-26T16:36:36Z
2026-07-26T16:33:47Z,2026-07-26T18:33:47+0200,74eb74bd-8b1d-47e4-abd1-e66c3ea271fa,2026-07-04T07:15:00Z,2026-07-04T09:15:00+0200,546.0,MW,NL,NL,forecast_offshore_wind_generation,Wind Offshore,2026-07-26T16:36:36Z
2026-07-26T16:33:47Z,2026-07-26T18:33:47+0200,74eb74bd-8b1d-47e4-abd1-e66c3ea271fa,2026-07-04T07:30:00Z,2026-07-04T09:30:00+0200,536.0,MW,NL,NL,forecast_offshore_wind_generation,Wind Offshore,2026-07-26T16:36:36Z
2026-07-26T16:33:47Z,2026-07-26T18:33:47+0200,74eb74bd-8b1d-47e4-abd1-e66c3ea271fa,2026-07-04T07:45:00Z,2026-07-04T09:45:00+0200,525.0,MW,NL,NL,forecast_offshore_wind_generation,Wind Offshore,2026-07-26T16:36:36Z
2026-07-26T16:33:47Z,2026-07-26T18:33:47+0200,74eb74bd-8b1d-47e4-abd1-e66c3ea271fa,2026-07-04T08:00:00Z,2026-07-04T10:00:00+0200,515.0,MW,NL,NL,forecast_offshore_wind_generation,Wind Offshore,2026-07-26T16:36:36Z
2026-07-26T16:33:47Z,2026-07-26T18:33:47+0200,74eb74bd-8b1d-47e4-abd1-e66c3ea271fa,2026-07-04T08:15:00Z,2026-07-04T10:15:00+0200,507.0,MW,NL,NL,forecast_offshore_wind_generation,Wind Offshore,2026-07-26T16:36:36Z
2026-07-26T16:33:47Z,2026-07-26T18:33:47+0200,74eb74bd-8b1d-47e4-abd1-e66c3ea271fa,2026-07-04T08:30:00Z,2026-07-04T10:30:00+0200,502.0,MW,NL,NL,forecast_offshore_wind_generation,Wind Offshore,2026-07-26T16:36:36Z
2026-07-26T16:33:47Z,2026-07-26T18:33:47+0200,74eb74bd-8b1d-47e4-abd1-e66c3ea271fa,2026-07-04T08:45:00Z,2026-07-04T10:45:00+0200,497.0,MW,NL,NL,forecast_offshore_wind_generation,Wind Offshore,2026-07-26T16:36:36Z
2026-07-26T16:33:47Z,2026-07-26T18:33:47+0200,74eb74bd-8b1d-47e4-abd1-e66c3ea271fa,2026-07-04T09:00:00Z,2026-07-04T11:00:00+0200,492.0,MW,NL,NL,forecast_offshore_wind_generation,Wind Offshore,2026-07-26T16:36:36Z
2026-07-26T16:33:47Z,2026-07-26T18:33:47+0200,74eb74bd-8b1d-47e4-abd1-e66c3ea271fa,2026-07-04T09:15:00Z,2026-07-04T11:15:00+0200,493.0,MW,NL,NL,forecast_offshore_wind_generation,Wind Offshore,2026-07-26T16:36:36Z
2026-07-26T16:33:47Z,2026-07-26T18:33:47+0200,74eb74bd-8b1d-47e4-abd1-e66c3ea271fa,2026-07-04T09:30:00Z,2026-07-04T11:30:00+0200,501.0,MW,NL,NL,forecast_offshore_wind_generation,Wind Offshore,2026-07-26T16:36:36Z
2026-07-26T16:33:47Z,2026-07-26T18:33:47+0200,74eb74bd-8b1d-47e4-abd1-e66c3ea271fa,2026-07-04T09:45:00Z,2026-07-04T11:45:00+0200,508.0,MW,NL,NL,forecast_offshore_wind_generation,Wind Offshore,2026-07-26T16:36:36Z
2026-07-26T16:33:47Z,2026-07-26T18:33:47+0200,74eb74bd-8b1d-47e4-abd1-e66c3ea271fa,2026-07-04T10:00:00Z,2026-07-04T12:00:00+0200,515.0,MW,NL,NL,forecast_offshore_wind_generation,Wind Offshore,2026-07-26T16:36:36Z
2026-07-26T16:33:47Z,2026-07-26T18:33:47+0200,74eb74bd-8b1d-47e4-abd1-e66c3ea271fa,2026-07-04T10:15:00Z,2026-07-04T12:15:00+0200,524.0,MW,NL,NL,forecast_offshore_wind_generation,Wind Offshore,2026-07-26T16:36:36Z
2026-07-26T16:33:47Z,2026-07-26T18:33:47+0200,74eb74bd-8b1d-47e4-abd1-e66c3ea271fa,2026-07-04T10:30:00Z,2026-07-04T12:30:00+0200,535.0,MW,NL,NL,forecast_offshore_wind_generation,Wind Offshore,2026-07-26T16:36:36Z
2026-07-26T16:33:47Z,2026-07-26T18:33:47+0200,74eb74bd-8b1d-47e4-abd1-e66c3ea271fa,2026-07-04T10:45:00Z,2026-07-04T12:45:00+0200,547.0,MW,NL,NL,forecast_offshore_wind_generation,Wind Offshore,2026-07-26T16:36:36Z
2026-07-26T16:33:47Z,2026-07-26T18:33:47+0200,74eb74bd-8b1d-47e4-abd1-e66c3ea271fa,2026-07-04T11:00:00Z,2026-07-04T13:00:00+0200,558.0,MW,NL,NL,forecast_offshore_wind_generation,Wind Offshore,2026-07-26T16:36:36Z
2026-07-26T16:33:47Z,2026-07-26T18:33:47+0200,74eb74bd-8b1d-47e4-abd1-e66c3ea271fa,2026-07-04T11:15:00Z,2026-07-04T13:15:00+0200,570.0,MW,NL,NL,forecast_offshore_wind_generation,Wind Offshore,2026-07-26T16:36:36Z
2026-07-26T16:33:47Z,2026-07-26T18:33:47+0200,74eb74bd-8b1d-47e4-abd1-e66c3ea271fa,2026-07-04T11:30:00Z,2026-07-04T13:30:00+0200,585.0,MW,NL,NL,forecast_offshore_wind_generation,Wind Offshore,2026-07-26T16:36:36Z
2026-07-26T16:33:47Z,2026-07-26T18:33:47+0200,74eb74bd-8b1d-47e4-abd1-e66c3ea271fa,2026-07-04T11:45:00Z,2026-07-04T13:45:00+0200,600.0,MW,NL,NL,forecast_offshore_wind_generation,Wind Offshore,2026-07-26T16:36:36Z
2026-07-26T16:33:47Z,2026-07-26T18:33:47+0200,74eb74bd-8b1d-47e4-abd1-e66c3ea271fa,2026-07-04T12:00:00Z,2026-07-04T14:00:00+0200,615.0,MW,NL,NL,forecast_offshore_wind_generation,Wind Offshore,2026-07-26T16:36:36Z
2026-07-26T16:33:47Z,2026-07-26T18:33:47+0200,74eb74bd-8b1d-47e4-abd1-e66c3ea271fa,2026-07-04T12:15:00Z,2026-07-04T14:15:00+0200,622.0,MW,NL,NL,forecast_offshore_wind_generation,Wind Offshore,2026-07-26T16:36:36Z
2026-07-26T16:33:47Z,2026-07-26T18:33:47+0200,74eb74bd-8b1d-47e4-abd1-e66c3ea271fa,2026-07-04T12:30:00Z,2026-07-04T14:30:00+0200,621.0,MW,NL,NL,forecast_offshore_wind_generation,Wind Offshore,2026-07-26T16:36:36Z
2026-07-26T16:33:47Z,2026-07-26T18:33:47+0200,74eb74bd-8b1d-47e4-abd1-e66c3ea271fa,2026-07-04T12:45:00Z,2026-07-04T14:45:00+0200,620.0,MW,NL,NL,forecast_offshore_wind_generation,Wind Offshore,2026-07-26T16:36:36Z
2026-07-26T16:33:47Z,2026-07-26T18:33:47+0200,74eb74bd-8b1d-47e4-abd1-e66c3ea271fa,2026-07-04T13:00:00Z,2026-07-04T15:00:00+0200,619.0,MW,NL,NL,forecast_offshore_wind_generation,Wind Offshore,2026-07-26T16:36:36Z
2026-07-26T16:33:47Z,2026-07-26T18:33:47+0200,74eb74bd-8b1d-47e4-abd1-e66c3ea271fa,2026-07-04T13:15:00Z,2026-07-04T15:15:00+0200,617.0,MW,NL,NL,forecast_offshore_wind_generation,Wind Offshore,2026-07-26T16:36:36Z
2026-07-26T16:33:47Z,2026-07-26T18:33:47+0200,74eb74bd-8b1d-47e4-abd1-e66c3ea271fa,2026-07-04T13:30:00Z,2026-07-04T15:30:00+0200,615.0,MW,NL,NL,forecast_offshore_wind_generation,Wind Offshore,2026-07-26T16:36:36Z
2026-07-26T16:33:47Z,2026-07-26T18:33:47+0200,74eb74bd-8b1d-47e4-abd1-e66c3ea271fa,2026-07-04T13:45:00Z,2026-07-04T15:45:00+0200,613.0,MW,NL,NL,forecast_offshore_wind_generation,Wind Offshore,2026-07-26T16:36:36Z
2026-07-26T16:33:47Z,2026-07-26T18:33:47+0200,74eb74bd-8b1d-47e4-abd1-e66c3ea271fa,2026-07-04T14:00:00Z,2026-07-04T16:00:00+0200,610.0,MW,NL,NL,forecast_offshore_wind_generation,Wind Offshore,2026-07-26T16:36:36Z
2026-07-26T16:33:47Z,2026-07-26T18:33:47+0200,74eb74bd-8b1d-47e4-abd1-e66c3ea271fa,2026-07-04T14:15:00Z,2026-07-04T16:15:00+0200,612.0,MW,NL,NL,forecast_offshore_wind_generation,Wind Offshore,2026-07-26T16:36:36Z
2026-07-26T16:33:47Z,2026-07-26T18:33:47+0200,74eb74bd-8b1d-47e4-abd1-e66c3ea271fa,2026-07-04T14:30:00Z,2026-07-04T16:30:00+0200,618.0,MW,NL,NL,forecast_offshore_wind_generation,Wind Offshore,2026-07-26T16:36:36Z
2026-07-26T16:33:47Z,2026-07-26T18:33:47+0200,74eb74bd-8b1d-47e4-abd1-e66c3ea271fa,2026-07-04T14:45:00Z,2026-07-04T16:45:00+0200,623.0,MW,NL,NL,forecast_offshore_wind_generation,Wind Offshore,2026-07-26T16:36:36Z
2026-07-26T16:33:47Z,2026-07-26T18:33:47+0200,74eb74bd-8b1d-47e4-abd1-e66c3ea271fa,2026-07-04T15:00:00Z,2026-07-04T17:00:00+0200,629.0,MW,NL,NL,forecast_offshore_wind_generation,Wind Offshore,2026-07-26T16:36:36Z
2026-07-26T16:33:47Z,2026-07-26T18:33:47+0200,74eb74bd-8b1d-47e4-abd1-e66c3ea271fa,2026-07-04T15:15:00Z,2026-07-04T17:15:00+0200,627.0,MW,NL,NL,forecast_offshore_wind_generation,Wind Offshore,2026-07-26T16:36:36Z
2026-07-26T16:33:47Z,2026-07-26T18:33:47+0200,74eb74bd-8b1d-47e4-abd1-e66c3ea271fa,2026-07-04T15:30:00Z,2026-07-04T17:30:00+0200,616.0,MW,NL,NL,forecast_offshore_wind_generation,Wind Offshore,2026-07-26T16:36:36Z
2026-07-26T16:33:47Z,2026-07-26T18:33:47+0200,74eb74bd-8b1d-47e4-abd1-e66c3ea271fa,2026-07-04T15:45:00Z,2026-07-04T17:45:00+0200,606.0,MW,NL,NL,forecast_offshore_wind_generation,Wind Offshore,2026-07-26T16:36:36Z
2026-07-26T16:33:47Z,2026-07-26T18:33:47+0200,74eb74bd-8b1d-47e4-abd1-e66c3ea271fa,2026-07-04T16:00:00Z,2026-07-04T18:00:00+0200,596.0,MW,NL,NL,forecast_offshore_wind_generation,Wind Offshore,2026-07-26T16:36:36Z
2026-07-26T16:33:47Z,2026-07-26T18:33:47+0200,74eb74bd-8b1d-47e4-abd1-e66c3ea271fa,2026-07-04T16:15:00Z,2026-07-04T18:15:00+0200,587.0,MW,NL,NL,forecast_offshore_wind_generation,Wind Offshore,2026-07-26T16:36:36Z
2026-07-26T16:33:47Z,2026-07-26T18:33:47+0200,74eb74bd-8b1d-47e4-abd1-e66c3ea271fa,2026-07-04T16:30:00Z,2026-07-04T18:30:00+0200,580.0,MW,NL,NL,forecast_offshore_wind_generation,Wind Offshore,2026-07-26T16:36:36Z
2026-07-26T16:33:47Z,2026-07-26T18:33:47+0200,74eb74bd-8b1d-47e4-abd1-e66c3ea271fa,2026-07-04T16:45:00Z,2026-07-04T18:45:00+0200,573.0,MW,NL,NL,forecast_offshore_wind_generation,Wind Offshore,2026-07-26T16:36:36Z
2026-07-26T16:33:47Z,2026-07-26T18:33:47+0200,74eb74bd-8b1d-47e4-abd1-e66c3ea271fa,2026-07-04T17:00:00Z,2026-07-04T19:00:00+0200,566.0,MW,NL,NL,forecast_offshore_wind_generation,Wind Offshore,2026-07-26T16:36:36Z
2026-07-26T16:33:47Z,2026-07-26T18:33:47+0200,74eb74bd-8b1d-47e4-abd1-e66c3ea271fa,2026-07-04T17:15:00Z,2026-07-04T19:15:00+0200,557.0,MW,NL,NL,forecast_offshore_wind_generation,Wind Offshore,2026-07-26T16:36:36Z
2026-07-26T16:33:47Z,2026-07-26T18:33:47+0200,74eb74bd-8b1d-47e4-abd1-e66c3ea271fa,2026-07-04T17:30:00Z,2026-07-04T19:30:00+0200,544.0,MW,NL,NL,forecast_offshore_wind_generation,Wind Offshore,2026-07-26T16:36:36Z
2026-07-26T16:33:47Z,2026-07-26T18:33:47+0200,74eb74bd-8b1d-47e4-abd1-e66c3ea271fa,2026-07-04T17:45:00Z,2026-07-04T19:45:00+0200,531.0,MW,NL,NL,forecast_offshore_wind_generation,Wind Offshore,2026-07-26T16:36:36Z
2026-07-26T16:33:47Z,2026-07-26T18:33:47+0200,74eb74bd-8b1d-47e4-abd1-e66c3ea271fa,2026-07-04T18:00:00Z,2026-07-04T20:00:00+0200,519.0,MW,NL,NL,forecast_offshore_wind_generation,Wind Offshore,2026-07-26T16:36:36Z
2026-07-26T16:33:47Z,2026-07-26T18:33:47+0200,74eb74bd-8b1d-47e4-abd1-e66c3ea271fa,2026-07-04T18:15:00Z,2026-07-04T20:15:00+0200,505.0,MW,NL,NL,forecast_offshore_wind_generation,Wind Offshore,2026-07-26T16:36:36Z
2026-07-26T16:33:47Z,2026-07-26T18:33:47+0200,74eb74bd-8b1d-47e4-abd1-e66c3ea271fa,2026-07-04T18:30:00Z,2026-07-04T20:30:00+0200,492.0,MW,NL,NL,forecast_offshore_wind_generation,Wind Offshore,2026-07-26T16:36:36Z
2026-07-26T16:33:47Z,2026-07-26T18:33:47+0200,74eb74bd-8b1d-47e4-abd1-e66c3ea271fa,2026-07-04T18:45:00Z,2026-07-04T20:45:00+0200,478.0,MW,NL,NL,forecast_offshore_wind_generation,Wind Offshore,2026-07-26T16:36:36Z
2026-07-26T16:33:47Z,2026-07-26T18:33:47+0200,74eb74bd-8b1d-47e4-abd1-e66c3ea271fa,2026-07-04T19:00:00Z,2026-07-04T21:00:00+0200,464.0,MW,NL,NL,forecast_offshore_wind_generation,Wind Offshore,2026-07-26T16:36:36Z
2026-07-26T16:33:47Z,2026-07-26T18:33:47+0200,74eb74bd-8b1d-47e4-abd1-e66c3ea271fa,2026-07-04T19:15:00Z,2026-07-04T21:15:00+0200,448.0,MW,NL,NL,forecast_offshore_wind_generation,Wind Offshore,2026-07-26T16:36:36Z
2026-07-26T16:33:47Z,2026-07-26T18:33:47+0200,74eb74bd-8b1d-47e4-abd1-e66c3ea271fa,2026-07-04T19:30:00Z,2026-07-04T21:30:00+0200,430.0,MW,NL,NL,forecast_offshore_wind_generation,Wind Offshore,2026-07-26T16:36:36Z
2026-07-26T16:33:47Z,2026-07-26T18:33:47+0200,74eb74bd-8b1d-47e4-abd1-e66c3ea271fa,2026-07-04T19:45:00Z,2026-07-04T21:45:00+0200,412.0,MW,NL,NL,forecast_offshore_wind_generation,Wind Offshore,2026-07-26T16:36:36Z
2026-07-26T16:33:47Z,2026-07-26T18:33:47+0200,74eb74bd-8b1d-47e4-abd1-e66c3ea271fa,2026-07-04T20:00:00Z,2026-07-04T22:00:00+0200,394.0,MW,NL,NL,forecast_offshore_wind_generation,Wind Offshore,2026-07-26T16:36:36Z
2026-07-26T16:33:47Z,2026-07-26T18:33:47+0200,74eb74bd-8b1d-47e4-abd1-e66c3ea271fa,2026-07-04T20:15:00Z,2026-07-04T22:15:00+0200,373.0,MW,NL,NL,forecast_offshore_wind_generation,Wind Offshore,2026-07-26T16:36:36Z
2026-07-26T16:33:47Z,2026-07-26T18:33:47+0200,74eb74bd-8b1d-47e4-abd1-e66c3ea271fa,2026-07-04T20:30:00Z,2026-07-04T22:30:00+0200,349.0,MW,NL,NL,forecast_offshore_wind_generation,Wind Offshore,2026-07-26T16:36:36Z
2026-07-26T16:33:47Z,2026-07-26T18:33:47+0200,74eb74bd-8b1d-47e4-abd1-e66c3ea271fa,2026-07-04T20:45:00Z,2026-07-04T22:45:00+0200,324.0,MW,NL,NL,forecast_offshore_wind_generation,Wind Offshore,2026-07-26T16:36:36Z
2026-07-26T16:33:47Z,2026-07-26T18:33:47+0200,74eb74bd-8b1d-47e4-abd1-e66c3ea271fa,2026-07-04T21:00:00Z,2026-07-04T23:00:00+0200,300.0,MW,NL,NL,forecast_offshore_wind_generation,Wind Offshore,2026-07-26T16:36:36Z
2026-07-26T16:33:47Z,2026-07-26T18:33:47+0200,74eb74bd-8b1d-47e4-abd1-e66c3ea271fa,2026-07-04T21:15:00Z,2026-07-04T23:15:00+0200,298.0,MW,NL,NL,forecast_offshore_wind_generation,Wind Offshore,2026-07-26T16:36:36Z
2026-07-26T16:33:47Z,2026-07-26T18:33:47+0200,74eb74bd-8b1d-47e4-abd1-e66c3ea271fa,2026-07-04T21:30:00Z,2026-07-04T23:30:00+0200,318.0,MW,NL,NL,forecast_offshore_wind_generation,Wind Offshore,2026-07-26T16:36:36Z
2026-07-26T16:33:47Z,2026-07-26T18:33:47+0200,74eb74bd-8b1d-47e4-abd1-e66c3ea271fa,2026-07-04T21:45:00Z,2026-07-04T23:45:00+0200,338.0,MW,NL,NL,forecast_offshore_wind_generation,Wind Offshore,2026-07-26T16:36:36Z
2026-07-26T16:33:47Z,2026-07-26T18:33:47+0200,74eb74bd-8b1d-47e4-abd1-e66c3ea271fa,2026-07-04T22:00:00Z,2026-07-05T00:00:00+0200,339.0,MW,NL,NL,forecast_offshore_wind_generation,Wind Offshore,2026-07-26T16:36:36Z
2026-07-26T16:33:47Z,2026-07-26T18:33:47+0200,74eb74bd-8b1d-47e4-abd1-e66c3ea271fa,2026-07-04T22:15:00Z,2026-07-05T00:15:00+0200,345.0,MW,NL,NL,forecast_offshore_wind_generation,Wind Offshore,2026-07-26T16:36:36Z
2026-07-26T16:33:47Z,2026-07-26T18:33:47+0200,74eb74bd-8b1d-47e4-abd1-e66c3ea271fa,2026-07-04T22:30:00Z,2026-07-05T00:30:00+0200,353.0,MW,NL,NL,forecast_offshore_wind_generation,Wind Offshore,2026-07-26T16:36:36Z
2026-07-26T16:33:47Z,2026-07-26T18:33:47+0200,74eb74bd-8b1d-47e4-abd1-e66c3ea271fa,2026-07-04T22:45:00Z,2026-07-05T00:45:00+0200,360.0,MW,NL,NL,forecast_offshore_wind_generation,Wind Offshore,2026-07-26T16:36:36Z
2026-07-26T16:33:47Z,2026-07-26T18:33:47+0200,74eb74bd-8b1d-47e4-abd1-e66c3ea271fa,2026-07-04T23:00:00Z,2026-07-05T01:00:00+0200,368.0,MW,NL,NL,forecast_offshore_wind_generation,Wind Offshore,2026-07-26T16:36:36Z
2026-07-26T16:33:47Z,2026-07-26T18:33:47+0200,74eb74bd-8b1d-47e4-abd1-e66c3ea271fa,2026-07-04T23:15:00Z,2026-07-05T01:15:00+0200,370.0,MW,NL,NL,forecast_offshore_wind_generation,Wind Offshore,2026-07-26T16:36:36Z
2026-07-26T16:33:47Z,2026-07-26T18:33:47+0200,74eb74bd-8b1d-47e4-abd1-e66c3ea271fa,2026-07-04T23:30:00Z,2026-07-05T01:30:00+0200,368.0,MW,NL,NL,forecast_offshore_wind_generation,Wind Offshore,2026-07-26T16:36:36Z
2026-07-26T16:33:47Z,2026-07-26T18:33:47+0200,74eb74bd-8b1d-47e4-abd1-e66c3ea271fa,2026-07-04T23:45:00Z,2026-07-05T01:45:00+0200,366.0,MW,NL,NL,forecast_offshore_wind_generation,Wind Offshore,2026-07-26T16:36:36Z
2026-07-26T16:33:47Z,2026-07-26T18:33:47+0200,74eb74bd-8b1d-47e4-abd1-e66c3ea271fa,2026-07-05T00:00:00Z,2026-07-05T02:00:00+0200,364.0,MW,NL,NL,forecast_offshore_wind_generation,Wind Offshore,2026-07-26T16:36:36Z
2026-07-26T16:33:47Z,2026-07-26T18:33:47+0200,74eb74bd-8b1d-47e4-abd1-e66c3ea271fa,2026-07-05T00:15:00Z,2026-07-05T02:15:00+0200,379.0,MW,NL,NL,forecast_offshore_wind_generation,Wind Offshore,2026-07-26T16:36:36Z
2026-07-26T16:33:47Z,2026-07-26T18:33:47+0200,74eb74bd-8b1d-47e4-abd1-e66c3ea271fa,2026-07-05T00:30:00Z,2026-07-05T02:30:00+0200,412.0,MW,NL,NL,forecast_offshore_wind_generation,Wind Offshore,2026-07-26T16:36:36Z
2026-07-26T16:33:47Z,2026-07-26T18:33:47+0200,74eb74bd-8b1d-47e4-abd1-e66c3ea271fa,2026-07-05T00:45:00Z,2026-07-05T02:45:00+0200,444.0,MW,NL,NL,forecast_offshore_wind_generation,Wind Offshore,2026-07-26T16:36:36Z
2026-07-26T16:33:47Z,2026-07-26T18:33:47+0200,74eb74bd-8b1d-47e4-abd1-e66c3ea271fa,2026-07-05T01:00:00Z,2026-07-05T03:00:00+0200,476.0,MW,NL,NL,forecast_offshore_wind_generation,Wind Offshore,2026-07-26T16:36:36Z
2026-07-26T16:33:47Z,2026-07-26T18:33:47+0200,74eb74bd-8b1d-47e4-abd1-e66c3ea271fa,2026-07-05T01:15:00Z,2026-07-05T03:15:00+0200,507.0,MW,NL,NL,forecast_offshore_wind_generation,Wind Offshore,2026-07-26T16:36:36Z
2026-07-26T16:33:47Z,2026-07-26T18:33:47+0200,74eb74bd-8b1d-47e4-abd1-e66c3ea271fa,2026-07-05T01:30:00Z,2026-07-05T03:30:00+0200,536.0,MW,NL,NL,forecast_offshore_wind_generation,Wind Offshore,2026-07-26T16:36:36Z
2026-07-26T16:33:47Z,2026-07-26T18:33:47+0200,74eb74bd-8b1d-47e4-abd1-e66c3ea271fa,2026-07-05T01:45:00Z,2026-07-05T03:45:00+0200,565.0,MW,NL,NL,forecast_offshore_wind_generation,Wind Offshore,2026-07-26T16:36:36Z
2026-07-26T16:33:47Z,2026-07-26T18:33:47+0200,74eb74bd-8b1d-47e4-abd1-e66c3ea271fa,2026-07-05T02:00:00Z,2026-07-05T04:00:00+0200,594.0,MW,NL,NL,forecast_offshore_wind_generation,Wind Offshore,2026-07-26T16:36:36Z
2026-07-26T16:33:47Z,2026-07-26T18:33:47+0200,74eb74bd-8b1d-47e4-abd1-e66c3ea271fa,2026-07-05T02:15:00Z,2026-07-05T04:15:00+0200,624.0,MW,NL,NL,forecast_offshore_wind_generation,Wind Offshore,2026-07-26T16:36:36Z
2026-07-26T16:33:47Z,2026-07-26T18:33:47+0200,74eb74bd-8b1d-47e4-abd1-e66c3ea271fa,2026-07-05T02:30:00Z,2026-07-05T04:30:00+0200,654.0,MW,NL,NL,forecast_offshore_wind_generation,Wind Offshore,2026-07-26T16:36:36Z
2026-07-26T16:33:47Z,2026-07-26T18:33:47+0200,74eb74bd-8b1d-47e4-abd1-e66c3ea271fa,2026-07-05T02:45:00Z,2026-07-05T04:45:00+0200,685.0,MW,NL,NL,forecast_offshore_wind_generation,Wind Offshore,2026-07-26T16:36:36Z
2026-07-26T16:33:47Z,2026-07-26T18:33:47+0200,74eb74bd-8b1d-47e4-abd1-e66c3ea271fa,2026-07-05T03:00:00Z,2026-07-05T05:00:00+0200,715.0,MW,NL,NL,forecast_offshore_wind_generation,Wind Offshore,2026-07-26T16:36:36Z
2026-07-26T16:33:47Z,2026-07-26T18:33:47+0200,74eb74bd-8b1d-47e4-abd1-e66c3ea271fa,2026-07-05T03:15:00Z,2026-07-05T05:15:00+0200,724.0,MW,NL,NL,forecast_offshore_wind_generation,Wind Offshore,2026-07-26T16:36:36Z
2026-07-26T16:33:47Z,2026-07-26T18:33:47+0200,74eb74bd-8b1d-47e4-abd1-e66c3ea271fa,2026-07-05T03:30:00Z,2026-07-05T05:30:00+0200,712.0,MW,NL,NL,forecast_offshore_wind_generation,Wind Offshore,2026-07-26T16:36:36Z
2026-07-26T16:33:47Z,2026-07-26T18:33:47+0200,74eb74bd-8b1d-47e4-abd1-e66c3ea271fa,2026-07-05T03:45:00Z,2026-07-05T05:45:00+0200,700.0,MW,NL,NL,forecast_offshore_wind_generation,Wind Offshore,2026-07-26T16:36:36Z
2026-07-26T16:33:47Z,2026-07-26T18:33:47+0200,74eb74bd-8b1d-47e4-abd1-e66c3ea271fa,2026-07-05T04:00:00Z,2026-07-05T06:00:00+0200,687.0,MW,NL,NL,forecast_offshore_wind_generation,Wind Offshore,2026-07-26T16:36:36Z
2026-07-26T16:33:47Z,2026-07-26T18:33:47+0200,74eb74bd-8b1d-47e4-abd1-e66c3ea271fa,2026-07-05T04:15:00Z,2026-07-05T06:15:00+0200,675.0,MW,NL,NL,forecast_offshore_wind_generation,Wind Offshore,2026-07-26T16:36:36Z
2026-07-26T16:33:47Z,2026-07-26T18:33:47+0200,74eb74bd-8b1d-47e4-abd1-e66c3ea271fa,2026-07-05T04:30:00Z,2026-07-05T06:30:00+0200,663.0,MW,NL,NL,forecast_offshore_wind_generation,Wind Offshore,2026-07-26T16:36:36Z
2026-07-26T16:33:47Z,2026-07-26T18:33:47+0200,74eb74bd-8b1d-47e4-abd1-e66c3ea271fa,2026-07-05T04:45:00Z,2026-07-05T06:45:00+0200,651.0,MW,NL,NL,forecast_offshore_wind_generation,Wind Offshore,2026-07-26T16:36:36Z
2026-07-26T16:33:47Z,2026-07-26T18:33:47+0200,74eb74bd-8b1d-47e4-abd1-e66c3ea271fa,2026-07-05T05:00:00Z,2026-07-05T07:00:00+0200,639.0,MW,NL,NL,forecast_offshore_wind_generation,Wind Offshore,2026-07-26T16:36:36Z
2026-07-26T16:33:47Z,2026-07-26T18:33:47+0200,74eb74bd-8b1d-47e4-abd1-e66c3ea271fa,2026-07-05T05:15:00Z,2026-07-05T07:15:00+0200,628.0,MW,NL,NL,forecast_offshore_wind_generation,Wind Offshore,2026-07-26T16:36:36Z
2026-07-26T16:33:47Z,2026-07-26T18:33:47+0200,74eb74bd-8b1d-47e4-abd1-e66c3ea271fa,2026-07-05T05:30:00Z,2026-07-05T07:30:00+0200,619.0,MW,NL,NL,forecast_offshore_wind_generation,Wind Offshore,2026-07-26T16:36:36Z
2026-07-26T16:33:47Z,2026-07-26T18:33:47+0200,74eb74bd-8b1d-47e4-abd1-e66c3ea271fa,2026-07-05T05:45:00Z,2026-07-05T07:45:00+0200,609.0,MW,NL,NL,forecast_offshore_wind_generation,Wind Offshore,2026-07-26T16:36:36Z
2026-07-26T16:33:47Z,2026-07-26T18:33:47+0200,74eb74bd-8b1d-47e4-abd1-e66c3ea271fa,2026-07-05T06:00:00Z,2026-07-05T08:00:00+0200,600.0,MW,NL,NL,forecast_offshore_wind_generation,Wind Offshore,2026-07-26T16:36:36Z
2026-07-26T16:33:47Z,2026-07-26T18:33:47+0200,74eb74bd-8b1d-47e4-abd1-e66c3ea271fa,2026-07-05T06:15:00Z,2026-07-05T08:15:00+0200,597.0,MW,NL,NL,forecast_offshore_wind_generation,Wind Offshore,2026-07-26T16:36:36Z
2026-07-26T16:33:47Z,2026-07-26T18:33:47+0200,74eb74bd-8b1d-47e4-abd1-e66c3ea271fa,2026-07-05T06:30:00Z,2026-07-05T08:30:00+0200,600.0,MW,NL,NL,forecast_offshore_wind_generation,Wind Offshore,2026-07-26T16:36:36Z
2026-07-26T16:33:47Z,2026-07-26T18:33:47+0200,74eb74bd-8b1d-47e4-abd1-e66c3ea271fa,2026-07-05T06:45:00Z,2026-07-05T08:45:00+0200,603.0,MW,NL,NL,forecast_offshore_wind_generation,Wind Offshore,2026-07-26T16:36:36Z
2026-07-26T16:33:47Z,2026-07-26T18:33:47+0200,74eb74bd-8b1d-47e4-abd1-e66c3ea271fa,2026-07-05T07:00:00Z,2026-07-05T09:00:00+0200,606.0,MW,NL,NL,forecast_offshore_wind_generation,Wind Offshore,2026-07-26T16:36:36Z
2026-07-26T16:33:47Z,2026-07-26T18:33:47+0200,74eb74bd-8b1d-47e4-abd1-e66c3ea271fa,2026-07-05T07:15:00Z,2026-07-05T09:15:00+0200,606.0,MW,NL,NL,forecast_offshore_wind_generation,Wind Offshore,2026-07-26T16:36:36Z
2026-07-26T16:33:47Z,2026-07-26T18:33:47+0200,74eb74bd-8b1d-47e4-abd1-e66c3ea271fa,2026-07-05T07:30:00Z,2026-07-05T09:30:00+0200,603.0,MW,NL,NL,forecast_offshore_wind_generation,Wind Offshore,2026-07-26T16:36:36Z
2026-07-26T16:33:47Z,2026-07-26T18:33:47+0200,74eb74bd-8b1d-47e4-abd1-e66c3ea271fa,2026-07-05T07:45:00Z,2026-07-05T09:45:00+0200,601.0,MW,NL,NL,forecast_offshore_wind_generation,Wind Offshore,2026-07-26T16:36:36Z
2026-07-26T16:33:47Z,2026-07-26T18:33:47+0200,74eb74bd-8b1d-47e4-abd1-e66c3ea271fa,2026-07-05T08:00:00Z,2026-07-05T10:00:00+0200,598.0,MW,NL,NL,forecast_offshore_wind_generation,Wind Offshore,2026-07-26T16:36:36Z
2026-07-26T16:33:47Z,2026-07-26T18:33:47+0200,74eb74bd-8b1d-47e4-abd1-e66c3ea271fa,2026-07-05T08:15:00Z,2026-07-05T10:15:00+0200,596.0,MW,NL,NL,forecast_offshore_wind_generation,Wind Offshore,2026-07-26T16:36:36Z
2026-07-26T16:33:47Z,2026-07-26T18:33:47+0200,74eb74bd-8b1d-47e4-abd1-e66c3ea271fa,2026-07-05T08:30:00Z,2026-07-05T10:30:00+0200,596.0,MW,NL,NL,forecast_offshore_wind_generation,Wind Offshore,2026-07-26T16:36:36Z
2026-07-26T16:33:47Z,2026-07-26T18:33:47+0200,74eb74bd-8b1d-47e4-abd1-e66c3ea271fa,2026-07-05T08:45:00Z,2026-07-05T10:45:00+0200,595.0,MW,NL,NL,forecast_offshore_wind_generation,Wind Offshore,2026-07-26T16:36:36Z
2026-07-26T16:33:47Z,2026-07-26T18:33:47+0200,74eb74bd-8b1d-47e4-abd1-e66c3ea271fa,2026-07-05T09:00:00Z,2026-07-05T11:00:00+0200,594.0,MW,NL,NL,forecast_offshore_wind_generation,Wind Offshore,2026-07-26T16:36:36Z
2026-07-26T16:33:47Z,2026-07-26T18:33:47+0200,74eb74bd-8b1d-47e4-abd1-e66c3ea271fa,2026-07-05T09:15:00Z,2026-07-05T11:15:00+0200,594.0,MW,NL,NL,forecast_offshore_wind_generation,Wind Offshore,2026-07-26T16:36:36Z
2026-07-26T16:33:47Z,2026-07-26T18:33:47+0200,74eb74bd-8b1d-47e4-abd1-e66c3ea271fa,2026-07-05T09:30:00Z,2026-07-05T11:30:00+0200,595.0,MW,NL,NL,forecast_offshore_wind_generation,Wind Offshore,2026-07-26T16:36:36Z
2026-07-26T16:33:47Z,2026-07-26T18:33:47+0200,74eb74bd-8b1d-47e4-abd1-e66c3ea271fa,2026-07-05T09:45:00Z,2026-07-05T11:45:00+0200,595.0,MW,NL,NL,forecast_offshore_wind_generation,Wind Offshore,2026-07-26T16:36:36Z
2026-07-26T16:33:47Z,2026-07-26T18:33:47+0200,74eb74bd-8b1d-47e4-abd1-e66c3ea271fa,2026-07-05T10:00:00Z,2026-07-05T12:00:00+0200,596.0,MW,NL,NL,forecast_offshore_wind_generation,Wind Offshore,2026-07-26T16:36:36Z
2026-07-26T16:33:47Z,2026-07-26T18:33:47+0200,74eb74bd-8b1d-47e4-abd1-e66c3ea271fa,2026-07-05T10:15:00Z,2026-07-05T12:15:00+0200,598.0,MW,NL,NL,forecast_offshore_wind_generation,Wind Offshore,2026-07-26T16:36:36Z
2026-07-26T16:33:47Z,2026-07-26T18:33:47+0200,74eb74bd-8b1d-47e4-abd1-e66c3ea271fa,2026-07-05T10:30:00Z,2026-07-05T12:30:00+0200,602.0,MW,NL,NL,forecast_offshore_wind_generation,Wind Offshore,2026-07-26T16:36:36Z
2026-07-26T16:33:47Z,2026-07-26T18:33:47+0200,74eb74bd-8b1d-47e4-abd1-e66c3ea271fa,2026-07-05T10:45:00Z,2026-07-05T12:45:00+0200,607.0,MW,NL,NL,forecast_offshore_wind_generation,Wind Offshore,2026-07-26T16:36:36Z
2026-07-26T16:33:47Z,2026-07-26T18:33:47+0200,74eb74bd-8b1d-47e4-abd1-e66c3ea271fa,2026-07-05T11:00:00Z,2026-07-05T13:00:00+0200,611.0,MW,NL,NL,forecast_offshore_wind_generation,Wind Offshore,2026-07-26T16:36:36Z
2026-07-26T16:33:47Z,2026-07-26T18:33:47+0200,74eb74bd-8b1d-47e4-abd1-e66c3ea271fa,2026-07-05T11:15:00Z,2026-07-05T13:15:00+0200,616.0,MW,NL,NL,forecast_offshore_wind_generation,Wind Offshore,2026-07-26T16:36:36Z
2026-07-26T16:33:47Z,2026-07-26T18:33:47+0200,74eb74bd-8b1d-47e4-abd1-e66c3ea271fa,2026-07-05T11:30:00Z,2026-07-05T13:30:00+0200,622.0,MW,NL,NL,forecast_offshore_wind_generation,Wind Offshore,2026-07-26T16:36:36Z
2026-07-26T16:33:47Z,2026-07-26T18:33:47+0200,74eb74bd-8b1d-47e4-abd1-e66c3ea271fa,2026-07-05T11:45:00Z,2026-07-05T13:45:00+0200,627.0,MW,NL,NL,forecast_offshore_wind_generation,Wind Offshore,2026-07-26T16:36:36Z
2026-07-26T16:33:47Z,2026-07-26T18:33:47+0200,74eb74bd-8b1d-47e4-abd1-e66c3ea271fa,2026-07-05T12:00:00Z,2026-07-05T14:00:00+0200,633.0,MW,NL,NL,forecast_offshore_wind_generation,Wind Offshore,2026-07-26T16:36:36Z
2026-07-26T16:33:47Z,2026-07-26T18:33:47+0200,74eb74bd-8b1d-47e4-abd1-e66c3ea271fa,2026-07-05T12:15:00Z,2026-07-05T14:15:00+0200,633.0,MW,NL,NL,forecast_offshore_wind_generation,Wind Offshore,2026-07-26T16:36:36Z
2026-07-26T16:33:47Z,2026-07-26T18:33:47+0200,74eb74bd-8b1d-47e4-abd1-e66c3ea271fa,2026-07-05T12:30:00Z,2026-07-05T14:30:00+0200,627.0,MW,NL,NL,forecast_offshore_wind_generation,Wind Offshore,2026-07-26T16:36:36Z
2026-07-26T16:33:47Z,2026-07-26T18:33:47+0200,74eb74bd-8b1d-47e4-abd1-e66c3ea271fa,2026-07-05T12:45:00Z,2026-07-05T14:45:00+0200,621.0,MW,NL,NL,forecast_offshore_wind_generation,Wind Offshore,2026-07-26T16:36:36Z
2026-07-26T16:33:47Z,2026-07-26T18:33:47+0200,74eb74bd-8b1d-47e4-abd1-e66c3ea271fa,2026-07-05T13:00:00Z,2026-07-05T15:00:00+0200,616.0,MW,NL,NL,forecast_offshore_wind_generation,Wind Offshore,2026-07-26T16:36:36Z
2026-07-26T16:33:47Z,2026-07-26T18:33:47+0200,74eb74bd-8b1d-47e4-abd1-e66c3ea271fa,2026-07-05T13:15:00Z,2026-07-05T15:15:00+0200,610.0,MW,NL,NL,forecast_offshore_wind_generation,Wind Offshore,2026-07-26T16:36:36Z
2026-07-26T16:33:47Z,2026-07-26T18:33:47+0200,74eb74bd-8b1d-47e4-abd1-e66c3ea271fa,2026-07-05T13:30:00Z,2026-07-05T15:30:00+0200,605.0,MW,NL,NL,forecast_offshore_wind_generation,Wind Offshore,2026-07-26T16:36:36Z
2026-07-26T16:33:47Z,2026-07-26T18:33:47+0200,74eb74bd-8b1d-47e4-abd1-e66c3ea271fa,2026-07-05T13:45:00Z,2026-07-05T15:45:00+0200,599.0,MW,NL,NL,forecast_offshore_wind_generation,Wind Offshore,2026-07-26T16:36:36Z
2026-07-26T16:33:47Z,2026-07-26T18:33:47+0200,74eb74bd-8b1d-47e4-abd1-e66c3ea271fa,2026-07-05T14:00:00Z,2026-07-05T16:00:00+0200,594.0,MW,NL,NL,forecast_offshore_wind_generation,Wind Offshore,2026-07-26T16:36:36Z
2026-07-26T16:33:47Z,2026-07-26T18:33:47+0200,74eb74bd-8b1d-47e4-abd1-e66c3ea271fa,2026-07-05T14:15:00Z,2026-07-05T16:15:00+0200,592.0,MW,NL,NL,forecast_offshore_wind_generation,Wind Offshore,2026-07-26T16:36:36Z
2026-07-26T16:33:47Z,2026-07-26T18:33:47+0200,74eb74bd-8b1d-47e4-abd1-e66c3ea271fa,2026-07-05T14:30:00Z,2026-07-05T16:30:00+0200,594.0,MW,NL,NL,forecast_offshore_wind_generation,Wind Offshore,2026-07-26T16:36:36Z
2026-07-26T16:33:47Z,2026-07-26T18:33:47+0200,74eb74bd-8b1d-47e4-abd1-e66c3ea271fa,2026-07-05T14:45:00Z,2026-07-05T16:45:00+0200,596.0,MW,NL,NL,forecast_offshore_wind_generation,Wind Offshore,2026-07-26T16:36:36Z
2026-07-26T16:33:47Z,2026-07-26T18:33:47+0200,74eb74bd-8b1d-47e4-abd1-e66c3ea271fa,2026-07-05T15:00:00Z,2026-07-05T17:00:00+0200,598.0,MW,NL,NL,forecast_offshore_wind_generation,Wind Offshore,2026-07-26T16:36:36Z
2026-07-26T16:33:47Z,2026-07-26T18:33:47+0200,74eb74bd-8b1d-47e4-abd1-e66c3ea271fa,2026-07-05T15:15:00Z,2026-07-05T17:15:00+0200,588.0,MW,NL,NL,forecast_offshore_wind_generation,Wind Offshore,2026-07-26T16:36:36Z
2026-07-26T16:33:47Z,2026-07-26T18:33:47+0200,74eb74bd-8b1d-47e4-abd1-e66c3ea271fa,2026-07-05T15:30:00Z,2026-07-05T17:30:00+0200,566.0,MW,NL,NL,forecast_offshore_wind_generation,Wind Offshore,2026-07-26T16:36:36Z
2026-07-26T16:33:47Z,2026-07-26T18:33:47+0200,74eb74bd-8b1d-47e4-abd1-e66c3ea271fa,2026-07-05T15:45:00Z,2026-07-05T17:45:00+0200,544.0,MW,NL,NL,forecast_offshore_wind_generation,Wind Offshore,2026-07-26T16:36:36Z
2026-07-26T16:33:47Z,2026-07-26T18:33:47+0200,74eb74bd-8b1d-47e4-abd1-e66c3ea271fa,2026-07-05T16:00:00Z,2026-07-05T18:00:00+0200,523.0,MW,NL,NL,forecast_offshore_wind_generation,Wind Offshore,2026-07-26T16:36:36Z
2026-07-26T16:33:47Z,2026-07-26T18:33:47+0200,74eb74bd-8b1d-47e4-abd1-e66c3ea271fa,2026-07-05T16:15:00Z,2026-07-05T18:15:00+0200,497.0,MW,NL,NL,forecast_offshore_wind_generation,Wind Offshore,2026-07-26T16:36:36Z
2026-07-26T16:33:47Z,2026-07-26T18:33:47+0200,74eb74bd-8b1d-47e4-abd1-e66c3ea271fa,2026-07-05T16:30:00Z,2026-07-05T18:30:00+0200,466.0,MW,NL,NL,forecast_offshore_wind_generation,Wind Offshore,2026-07-26T16:36:36Z
2026-07-26T16:33:47Z,2026-07-26T18:33:47+0200,74eb74bd-8b1d-47e4-abd1-e66c3ea271fa,2026-07-05T16:45:00Z,2026-07-05T18:45:00+0200,436.0,MW,NL,NL,forecast_offshore_wind_generation,Wind Offshore,2026-07-26T16:36:36Z
2026-07-26T16:33:47Z,2026-07-26T18:33:47+0200,74eb74bd-8b1d-47e4-abd1-e66c3ea271fa,2026-07-05T17:00:00Z,2026-07-05T19:00:00+0200,406.0,MW,NL,NL,forecast_offshore_wind_generation,Wind Offshore,2026-07-26T16:36:36Z
2026-07-26T16:33:47Z,2026-07-26T18:33:47+0200,74eb74bd-8b1d-47e4-abd1-e66c3ea271fa,2026-07-05T17:15:00Z,2026-07-05T19:15:00+0200,373.0,MW,NL,NL,forecast_offshore_wind_generation,Wind Offshore,2026-07-26T16:36:36Z
2026-07-26T16:33:47Z,2026-07-26T18:33:47+0200,74eb74bd-8b1d-47e4-abd1-e66c3ea271fa,2026-07-05T17:30:00Z,2026-07-05T19:30:00+0200,339.0,MW,NL,NL,forecast_offshore_wind_generation,Wind Offshore,2026-07-26T16:36:36Z
2026-07-26T16:33:47Z,2026-07-26T18:33:47+0200,74eb74bd-8b1d-47e4-abd1-e66c3ea271fa,2026-07-05T17:45:00Z,2026-07-05T19:45:00+0200,304.0,MW,NL,NL,forecast_offshore_wind_generation,Wind Offshore,2026-07-26T16:36:36Z
2026-07-26T16:33:47Z,2026-07-26T18:33:47+0200,74eb74bd-8b1d-47e4-abd1-e66c3ea271fa,2026-07-05T18:00:00Z,2026-07-05T20:00:00+0200,269.0,MW,NL,NL,forecast_offshore_wind_generation,Wind Offshore,2026-07-26T16:36:36Z
2026-07-26T16:33:47Z,2026-07-26T18:33:47+0200,74eb74bd-8b1d-47e4-abd1-e66c3ea271fa,2026-07-05T18:15:00Z,2026-07-05T20:15:00+0200,247.0,MW,NL,NL,forecast_offshore_wind_generation,Wind Offshore,2026-07-26T16:36:36Z
2026-07-26T16:33:47Z,2026-07-26T18:33:47+0200,74eb74bd-8b1d-47e4-abd1-e66c3ea271fa,2026-07-05T18:30:00Z,2026-07-05T20:30:00+0200,239.0,MW,NL,NL,forecast_offshore_wind_generation,Wind Offshore,2026-07-26T16:36:36Z
2026-07-26T16:33:47Z,2026-07-26T18:33:47+0200,74eb74bd-8b1d-47e4-abd1-e66c3ea271fa,2026-07-05T18:45:00Z,2026-07-05T20:45:00+0200,231.0,MW,NL,NL,forecast_offshore_wind_generation,Wind Offshore,2026-07-26T16:36:36Z
2026-07-26T16:33:47Z,2026-07-26T18:33:47+0200,74eb74bd-8b1d-47e4-abd1-e66c3ea271fa,2026-07-05T19:00:00Z,2026-07-05T21:00:00+0200,223.0,MW,NL,NL,forecast_offshore_wind_generation,Wind Offshore,2026-07-26T16:36:36Z
2026-07-26T16:33:47Z,2026-07-26T18:33:47+0200,74eb74bd-8b1d-47e4-abd1-e66c3ea271fa,2026-07-05T19:15:00Z,2026-07-05T21:15:00+0200,216.0,MW,NL,NL,forecast_offshore_wind_generation,Wind Offshore,2026-07-26T16:36:36Z
2026-07-26T16:33:47Z,2026-07-26T18:33:47+0200,74eb74bd-8b1d-47e4-abd1-e66c3ea271fa,2026-07-05T19:30:00Z,2026-07-05T21:30:00+0200,212.0,MW,NL,NL,forecast_offshore_wind_generation,Wind Offshore,2026-07-26T16:36:36Z
2026-07-26T16:33:47Z,2026-07-26T18:33:47+0200,74eb74bd-8b1d-47e4-abd1-e66c3ea271fa,2026-07-05T19:45:00Z,2026-07-05T21:45:00+0200,207.0,MW,NL,NL,forecast_offshore_wind_generation,Wind Offshore,2026-07-26T16:36:36Z
2026-07-26T16:33:47Z,2026-07-26T18:33:47+0200,74eb74bd-8b1d-47e4-abd1-e66c3ea271fa,2026-07-05T20:00:00Z,2026-07-05T22:00:00+0200,203.0,MW,NL,NL,forecast_offshore_wind_generation,Wind Offshore,2026-07-26T16:36:36Z
2026-07-26T16:33:47Z,2026-07-26T18:33:47+0200,74eb74bd-8b1d-47e4-abd1-e66c3ea271fa,2026-07-05T20:15:00Z,2026-07-05T22:15:00+0200,198.0,MW,NL,NL,forecast_offshore_wind_generation,Wind Offshore,2026-07-26T16:36:36Z
2026-07-26T16:33:47Z,2026-07-26T18:33:47+0200,74eb74bd-8b1d-47e4-abd1-e66c3ea271fa,2026-07-05T20:30:00Z,2026-07-05T22:30:00+0200,192.0,MW,NL,NL,forecast_offshore_wind_generation,Wind Offshore,2026-07-26T16:36:36Z
2026-07-26T16:33:47Z,2026-07-26T18:33:47+0200,74eb74bd-8b1d-47e4-abd1-e66c3ea271fa,2026-07-05T20:45:00Z,2026-07-05T22:45:00+0200,187.0,MW,NL,NL,forecast_offshore_wind_generation,Wind Offshore,2026-07-26T16:36:36Z
2026-07-26T16:33:47Z,2026-07-26T18:33:47+0200,74eb74bd-8b1d-47e4-abd1-e66c3ea271fa,2026-07-05T21:00:00Z,2026-07-05T23:00:00+0200,182.0,MW,NL,NL,forecast_offshore_wind_generation,Wind Offshore,2026-07-26T16:36:36Z
2026-07-26T16:33:47Z,2026-07-26T18:33:47+0200,74eb74bd-8b1d-47e4-abd1-e66c3ea271fa,2026-07-05T21:15:00Z,2026-07-05T23:15:00+0200,183.0,MW,NL,NL,forecast_offshore_wind_generation,Wind Offshore,2026-07-26T16:36:36Z
2026-07-26T16:33:47Z,2026-07-26T18:33:47+0200,74eb74bd-8b1d-47e4-abd1-e66c3ea271fa,2026-07-05T21:30:00Z,2026-07-05T23:30:00+0200,190.0,MW,NL,NL,forecast_offshore_wind_generation,Wind Offshore,2026-07-26T16:36:36Z
2026-07-26T16:33:47Z,2026-07-26T18:33:47+0200,74eb74bd-8b1d-47e4-abd1-e66c3ea271fa,2026-07-05T21:45:00Z,2026-07-05T23:45:00+0200,198.0,MW,NL,NL,forecast_offshore_wind_generation,Wind Offshore,2026-07-26T16:36:36Z
2026-07-26T16:33:47Z,2026-07-26T18:33:47+0200,74eb74bd-8b1d-47e4-abd1-e66c3ea271fa,2026-07-05T22:00:00Z,2026-07-06T00:00:00+0200,144.0,MW,NL,NL,forecast_offshore_wind_generation,Wind Offshore,2026-07-26T16:36:36Z
2026-07-26T16:33:47Z,2026-07-26T18:33:47+0200,74eb74bd-8b1d-47e4-abd1-e66c3ea271fa,2026-07-05T22:15:00Z,2026-07-06T00:15:00+0200,155.0,MW,NL,NL,forecast_offshore_wind_generation,Wind Offshore,2026-07-26T16:36:36Z
2026-07-26T16:33:47Z,2026-07-26T18:33:47+0200,74eb74bd-8b1d-47e4-abd1-e66c3ea271fa,2026-07-05T22:30:00Z,2026-07-06T00:30:00+0200,168.0,MW,NL,NL,forecast_offshore_wind_generation,Wind Offshore,2026-07-26T16:36:36Z
2026-07-26T16:33:47Z,2026-07-26T18:33:47+0200,74eb74bd-8b1d-47e4-abd1-e66c3ea271fa,2026-07-05T22:45:00Z,2026-07-06T00:45:00+0200,181.0,MW,NL,NL,forecast_offshore_wind_generation,Wind Offshore,2026-07-26T16:36:36Z
2026-07-26T16:33:47Z,2026-07-26T18:33:47+0200,74eb74bd-8b1d-47e4-abd1-e66c3ea271fa,2026-07-05T23:00:00Z,2026-07-06T01:00:00+0200,194.0,MW,NL,NL,forecast_offshore_wind_generation,Wind Offshore,2026-07-26T16:36:36Z
2026-07-26T16:33:47Z,2026-07-26T18:33:47+0200,74eb74bd-8b1d-47e4-abd1-e66c3ea271fa,2026-07-05T23:15:00Z,2026-07-06T01:15:00+0200,210.0,MW,NL,NL,forecast_offshore_wind_generation,Wind Offshore,2026-07-26T16:36:36Z
2026-07-26T16:33:47Z,2026-07-26T18:33:47+0200,74eb74bd-8b1d-47e4-abd1-e66c3ea271fa,2026-07-05T23:30:00Z,2026-07-06T01:30:00+0200,227.0,MW,NL,NL,forecast_offshore_wind_generation,Wind Offshore,2026-07-26T16:36:36Z
2026-07-26T16:33:47Z,2026-07-26T18:33:47+0200,74eb74bd-8b1d-47e4-abd1-e66c3ea271fa,2026-07-05T23:45:00Z,2026-07-06T01:45:00+0200,244.0,MW,NL,NL,forecast_offshore_wind_generation,Wind Offshore,2026-07-26T16:36:36Z
2026-07-26T16:33:47Z,2026-07-26T18:33:47+0200,74eb74bd-8b1d-47e4-abd1-e66c3ea271fa,2026-07-06T00:00:00Z,2026-07-06T02:00:00+0200,261.0,MW,NL,NL,forecast_offshore_wind_generation,Wind Offshore,2026-07-26T16:36:36Z
2026-07-26T16:33:47Z,2026-07-26T18:33:47+0200,74eb74bd-8b1d-47e4-abd1-e66c3ea271fa,2026-07-06T00:15:00Z,2026-07-06T02:15:00+0200,275.0,MW,NL,NL,forecast_offshore_wind_generation,Wind Offshore,2026-07-26T16:36:36Z
2026-07-26T16:33:47Z,2026-07-26T18:33:47+0200,74eb74bd-8b1d-47e4-abd1-e66c3ea271fa,2026-07-06T00:30:00Z,2026-07-06T02:30:00+0200,284.0,MW,NL,NL,forecast_offshore_wind_generation,Wind Offshore,2026-07-26T16:36:36Z
2026-07-26T16:33:47Z,2026-07-26T18:33:47+0200,74eb74bd-8b1d-47e4-abd1-e66c3ea271fa,2026-07-06T00:45:00Z,2026-07-06T02:45:00+0200,293.0,MW,NL,NL,forecast_offshore_wind_generation,Wind Offshore,2026-07-26T16:36:36Z
2026-07-26T16:33:47Z,2026-07-26T18:33:47+0200,74eb74bd-8b1d-47e4-abd1-e66c3ea271fa,2026-07-06T01:00:00Z,2026-07-06T03:00:00+0200,302.0,MW,NL,NL,forecast_offshore_wind_generation,Wind Offshore,2026-07-26T16:36:36Z
2026-07-26T16:33:47Z,2026-07-26T18:33:47+0200,74eb74bd-8b1d-47e4-abd1-e66c3ea271fa,2026-07-06T01:15:00Z,2026-07-06T03:15:00+0200,312.0,MW,NL,NL,forecast_offshore_wind_generation,Wind Offshore,2026-07-26T16:36:36Z
2026-07-26T16:33:47Z,2026-07-26T18:33:47+0200,74eb74bd-8b1d-47e4-abd1-e66c3ea271fa,2026-07-06T01:30:00Z,2026-07-06T03:30:00+0200,325.0,MW,NL,NL,forecast_offshore_wind_generation,Wind Offshore,2026-07-26T16:36:36Z
2026-07-26T16:33:47Z,2026-07-26T18:33:47+0200,74eb74bd-8b1d-47e4-abd1-e66c3ea271fa,2026-07-06T01:45:00Z,2026-07-06T03:45:00+0200,337.0,MW,NL,NL,forecast_offshore_wind_generation,Wind Offshore,2026-07-26T16:36:36Z
2026-07-26T16:33:47Z,2026-07-26T18:33:47+0200,74eb74bd-8b1d-47e4-abd1-e66c3ea271fa,2026-07-06T02:00:00Z,2026-07-06T04:00:00+0200,350.0,MW,NL,NL,forecast_offshore_wind_generation,Wind Offshore,2026-07-26T16:36:36Z
2026-07-26T16:33:47Z,2026-07-26T18:33:47+0200,74eb74bd-8b1d-47e4-abd1-e66c3ea271fa,2026-07-06T02:15:00Z,2026-07-06T04:15:00+0200,367.0,MW,NL,NL,forecast_offshore_wind_generation,Wind Offshore,2026-07-26T16:36:36Z
2026-07-26T16:33:47Z,2026-07-26T18:33:47+0200,74eb74bd-8b1d-47e4-abd1-e66c3ea271fa,2026-07-06T02:30:00Z,2026-07-06T04:30:00+0200,390.0,MW,NL,NL,forecast_offshore_wind_generation,Wind Offshore,2026-07-26T16:36:36Z
2026-07-26T16:33:47Z,2026-07-26T18:33:47+0200,74eb74bd-8b1d-47e4-abd1-e66c3ea271fa,2026-07-06T02:45:00Z,2026-07-06T04:45:00+0200,414.0,MW,NL,NL,forecast_offshore_wind_generation,Wind Offshore,2026-07-26T16:36:36Z
2026-07-26T16:33:47Z,2026-07-26T18:33:47+0200,74eb74bd-8b1d-47e4-abd1-e66c3ea271fa,2026-07-06T03:00:00Z,2026-07-06T05:00:00+0200,437.0,MW,NL,NL,forecast_offshore_wind_generation,Wind Offshore,2026-07-26T16:36:36Z
2026-07-26T16:33:47Z,2026-07-26T18:33:47+0200,74eb74bd-8b1d-47e4-abd1-e66c3ea271fa,2026-07-06T03:15:00Z,2026-07-06T05:15:00+0200,442.0,MW,NL,NL,forecast_offshore_wind_generation,Wind Offshore,2026-07-26T16:36:36Z
2026-07-26T16:33:47Z,2026-07-26T18:33:47+0200,74eb74bd-8b1d-47e4-abd1-e66c3ea271fa,2026-07-06T03:30:00Z,2026-07-06T05:30:00+0200,430.0,MW,NL,NL,forecast_offshore_wind_generation,Wind Offshore,2026-07-26T16:36:36Z
2026-07-26T16:33:47Z,2026-07-26T18:33:47+0200,74eb74bd-8b1d-47e4-abd1-e66c3ea271fa,2026-07-06T03:45:00Z,2026-07-06T05:45:00+0200,417.0,MW,NL,NL,forecast_offshore_wind_generation,Wind Offshore,2026-07-26T16:36:36Z
2026-07-26T16:33:47Z,2026-07-26T18:33:47+0200,74eb74bd-8b1d-47e4-abd1-e66c3ea271fa,2026-07-06T04:00:00Z,2026-07-06T06:00:00+0200,405.0,MW,NL,NL,forecast_offshore_wind_generation,Wind Offshore,2026-07-26T16:36:36Z
2026-07-26T16:33:47Z,2026-07-26T18:33:47+0200,74eb74bd-8b1d-47e4-abd1-e66c3ea271fa,2026-07-06T04:15:00Z,2026-07-06T06:15:00+0200,396.0,MW,NL,NL,forecast_offshore_wind_generation,Wind Offshore,2026-07-26T16:36:36Z
2026-07-26T16:33:47Z,2026-07-26T18:33:47+0200,74eb74bd-8b1d-47e4-abd1-e66c3ea271fa,2026-07-06T04:30:00Z,2026-07-06T06:30:00+0200,390.0,MW,NL,NL,forecast_offshore_wind_generation,Wind Offshore,2026-07-26T16:36:36Z
2026-07-26T16:33:47Z,2026-07-26T18:33:47+0200,74eb74bd-8b1d-47e4-abd1-e66c3ea271fa,2026-07-06T04:45:00Z,2026-07-06T06:45:00+0200,384.0,MW,NL,NL,forecast_offshore_wind_generation,Wind Offshore,2026-07-26T16:36:36Z
2026-07-26T16:33:47Z,2026-07-26T18:33:47+0200,74eb74bd-8b1d-47e4-abd1-e66c3ea271fa,2026-07-06T05:00:00Z,2026-07-06T07:00:00+0200,377.0,MW,NL,NL,forecast_offshore_wind_generation,Wind Offshore,2026-07-26T16:36:36Z
2026-07-26T16:33:47Z,2026-07-26T18:33:47+0200,74eb74bd-8b1d-47e4-abd1-e66c3ea271fa,2026-07-06T05:15:00Z,2026-07-06T07:15:00+0200,373.0,MW,NL,NL,forecast_offshore_wind_generation,Wind Offshore,2026-07-26T16:36:36Z
2026-07-26T16:33:47Z,2026-07-26T18:33:47+0200,74eb74bd-8b1d-47e4-abd1-e66c3ea271fa,2026-07-06T05:30:00Z,2026-07-06T07:30:00+0200,369.0,MW,NL,NL,forecast_offshore_wind_generation,Wind Offshore,2026-07-26T16:36:36Z
2026-07-26T16:33:47Z,2026-07-26T18:33:47+0200,74eb74bd-8b1d-47e4-abd1-e66c3ea271fa,2026-07-06T05:45:00Z,2026-07-06T07:45:00+0200,366.0,MW,NL,NL,forecast_offshore_wind_generation,Wind Offshore,2026-07-26T16:36:36Z
2026-07-26T16:33:47Z,2026-07-26T18:33:47+0200,74eb74bd-8b1d-47e4-abd1-e66c3ea271fa,2026-07-06T06:00:00Z,2026-07-06T08:00:00+0200,363.0,MW,NL,NL,forecast_offshore_wind_generation,Wind Offshore,2026-07-26T16:36:36Z
2026-07-26T16:33:47Z,2026-07-26T18:33:47+0200,74eb74bd-8b1d-47e4-abd1-e66c3ea271fa,2026-07-06T06:15:00Z,2026-07-06T08:15:00+0200,372.0,MW,NL,NL,forecast_offshore_wind_generation,Wind Offshore,2026-07-26T16:36:36Z
2026-07-26T16:33:47Z,2026-07-26T18:33:47+0200,74eb74bd-8b1d-47e4-abd1-e66c3ea271fa,2026-07-06T06:30:00Z,2026-07-06T08:30:00+0200,394.0,MW,NL,NL,forecast_offshore_wind_generation,Wind Offshore,2026-07-26T16:36:36Z
2026-07-26T16:33:47Z,2026-07-26T18:33:47+0200,74eb74bd-8b1d-47e4-abd1-e66c3ea271fa,2026-07-06T06:45:00Z,2026-07-06T08:45:00+0200,415.0,MW,NL,NL,forecast_offshore_wind_generation,Wind Offshore,2026-07-26T16:36:36Z
2026-07-26T16:33:47Z,2026-07-26T18:33:47+0200,74eb74bd-8b1d-47e4-abd1-e66c3ea271fa,2026-07-06T07:00:00Z,2026-07-06T09:00:00+0200,437.0,MW,NL,NL,forecast_offshore_wind_generation,Wind Offshore,2026-07-26T16:36:36Z
2026-07-26T16:33:47Z,2026-07-26T18:33:47+0200,74eb74bd-8b1d-47e4-abd1-e66c3ea271fa,2026-07-06T07:15:00Z,2026-07-06T09:15:00+0200,457.0,MW,NL,NL,forecast_offshore_wind_generation,Wind Offshore,2026-07-26T16:36:36Z
2026-07-26T16:33:47Z,2026-07-26T18:33:47+0200,74eb74bd-8b1d-47e4-abd1-e66c3ea271fa,2026-07-06T07:30:00Z,2026-07-06T09:30:00+0200,476.0,MW,NL,NL,forecast_offshore_wind_generation,Wind Offshore,2026-07-26T16:36:36Z
2026-07-26T16:33:47Z,2026-07-26T18:33:47+0200,74eb74bd-8b1d-47e4-abd1-e66c3ea271fa,2026-07-06T07:45:00Z,2026-07-06T09:45:00+0200,494.0,MW,NL,NL,forecast_offshore_wind_generation,Wind Offshore,2026-07-26T16:36:36Z
2026-07-26T16:33:47Z,2026-07-26T18:33:47+0200,74eb74bd-8b1d-47e4-abd1-e66c3ea271fa,2026-07-06T08:00:00Z,2026-07-06T10:00:00+0200,513.0,MW,NL,NL,forecast_offshore_wind_generation,Wind Offshore,2026-07-26T16:36:36Z
2026-07-26T16:33:47Z,2026-07-26T18:33:47+0200,74eb74bd-8b1d-47e4-abd1-e66c3ea271fa,2026-07-06T08:15:00Z,2026-07-06T10:15:00+0200,531.0,MW,NL,NL,forecast_offshore_wind_generation,Wind Offshore,2026-07-26T16:36:36Z
2026-07-26T16:33:47Z,2026-07-26T18:33:47+0200,74eb74bd-8b1d-47e4-abd1-e66c3ea271fa,2026-07-06T08:30:00Z,2026-07-06T10:30:00+0200,551.0,MW,NL,NL,forecast_offshore_wind_generation,Wind Offshore,2026-07-26T16:36:36Z
2026-07-26T16:33:47Z,2026-07-26T18:33:47+0200,74eb74bd-8b1d-47e4-abd1-e66c3ea271fa,2026-07-06T08:45:00Z,2026-07-06T10:45:00+0200,570.0,MW,NL,NL,forecast_offshore_wind_generation,Wind Offshore,2026-07-26T16:36:36Z
2026-07-26T16:33:47Z,2026-07-26T18:33:47+0200,74eb74bd-8b1d-47e4-abd1-e66c3ea271fa,2026-07-06T09:00:00Z,2026-07-06T11:00:00+0200,589.0,MW,NL,NL,forecast_offshore_wind_generation,Wind Offshore,2026-07-26T16:36:36Z
2026-07-26T16:33:47Z,2026-07-26T18:33:47+0200,74eb74bd-8b1d-47e4-abd1-e66c3ea271fa,2026-07-06T09:15:00Z,2026-07-06T11:15:00+0200,596.0,MW,NL,NL,forecast_offshore_wind_generation,Wind Offshore,2026-07-26T16:36:36Z
2026-07-26T16:33:47Z,2026-07-26T18:33:47+0200,74eb74bd-8b1d-47e4-abd1-e66c3ea271fa,2026-07-06T09:30:00Z,2026-07-06T11:30:00+0200,591.0,MW,NL,NL,forecast_offshore_wind_generation,Wind Offshore,2026-07-26T16:36:36Z
2026-07-26T16:33:47Z,2026-07-26T18:33:47+0200,74eb74bd-8b1d-47e4-abd1-e66c3ea271fa,2026-07-06T09:45:00Z,2026-07-06T11:45:00+0200,586.0,MW,NL,NL,forecast_offshore_wind_generation,Wind Offshore,2026-07-26T16:36:36Z
2026-07-26T16:33:47Z,2026-07-26T18:33:47+0200,74eb74bd-8b1d-47e4-abd1-e66c3ea271fa,2026-07-06T10:00:00Z,2026-07-06T12:00:00+0200,581.0,MW,NL,NL,forecast_offshore_wind_generation,Wind Offshore,2026-07-26T16:36:36Z
2026-07-26T16:33:47Z,2026-07-26T18:33:47+0200,74eb74bd-8b1d-47e4-abd1-e66c3ea271fa,2026-07-06T10:15:00Z,2026-07-06T12:15:00+0200,578.0,MW,NL,NL,forecast_offshore_wind_generation,Wind Offshore,2026-07-26T16:36:36Z
2026-07-26T16:33:47Z,2026-07-26T18:33:47+0200,74eb74bd-8b1d-47e4-abd1-e66c3ea271fa,2026-07-06T10:30:00Z,2026-07-06T12:30:00+0200,577.0,MW,NL,NL,forecast_offshore_wind_generation,Wind Offshore,2026-07-26T16:36:36Z
2026-07-26T16:33:47Z,2026-07-26T18:33:47+0200,74eb74bd-8b1d-47e4-abd1-e66c3ea271fa,2026-07-06T10:45:00Z,2026-07-06T12:45:00+0200,577.0,MW,NL,NL,forecast_offshore_wind_generation,Wind Offshore,2026-07-26T16:36:36Z
2026-07-26T16:33:47Z,2026-07-26T18:33:47+0200,74eb74bd-8b1d-47e4-abd1-e66c3ea271fa,2026-07-06T11:00:00Z,2026-07-06T13:00:00+0200,576.0,MW,NL,NL,forecast_offshore_wind_generation,Wind Offshore,2026-07-26T16:36:36Z
2026-07-26T16:33:47Z,2026-07-26T18:33:47+0200,74eb74bd-8b1d-47e4-abd1-e66c3ea271fa,2026-07-06T11:15:00Z,2026-07-06T13:15:00+0200,575.0,MW,NL,NL,forecast_offshore_wind_generation,Wind Offshore,2026-07-26T16:36:36Z
2026-07-26T16:33:47Z,2026-07-26T18:33:47+0200,74eb74bd-8b1d-47e4-abd1-e66c3ea271fa,2026-07-06T11:30:00Z,2026-07-06T13:30:00+0200,573.0,MW,NL,NL,forecast_offshore_wind_generation,Wind Offshore,2026-07-26T16:36:36Z
2026-07-26T16:33:47Z,2026-07-26T18:33:47+0200,74eb74bd-8b1d-47e4-abd1-e66c3ea271fa,2026-07-06T11:45:00Z,2026-07-06T13:45:00+0200,571.0,MW,NL,NL,forecast_offshore_wind_generation,Wind Offshore,2026-07-26T16:36:36Z
2026-07-26T16:33:47Z,2026-07-26T18:33:47+0200,74eb74bd-8b1d-47e4-abd1-e66c3ea271fa,2026-07-06T12:00:00Z,2026-07-06T14:00:00+0200,570.0,MW,NL,NL,forecast_offshore_wind_generation,Wind Offshore,2026-07-26T16:36:36Z
2026-07-26T16:33:47Z,2026-07-26T18:33:47+0200,74eb74bd-8b1d-47e4-abd1-e66c3ea271fa,2026-07-06T12:15:00Z,2026-07-06T14:15:00+0200,566.0,MW,NL,NL,forecast_offshore_wind_generation,Wind Offshore,2026-07-26T16:36:36Z
2026-07-26T16:33:47Z,2026-07-26T18:33:47+0200,74eb74bd-8b1d-47e4-abd1-e66c3ea271fa,2026-07-06T12:30:00Z,2026-07-06T14:30:00+0200,561.0,MW,NL,NL,forecast_offshore_wind_generation,Wind Offshore,2026-07-26T16:36:36Z
2026-07-26T16:33:47Z,2026-07-26T18:33:47+0200,74eb74bd-8b1d-47e4-abd1-e66c3ea271fa,2026-07-06T12:45:00Z,2026-07-06T14:45:00+0200,556.0,MW,NL,NL,forecast_offshore_wind_generation,Wind Offshore,2026-07-26T16:36:36Z
2026-07-26T16:33:47Z,2026-07-26T18:33:47+0200,74eb74bd-8b1d-47e4-abd1-e66c3ea271fa,2026-07-06T13:00:00Z,2026-07-06T15:00:00+0200,551.0,MW,NL,NL,forecast_offshore_wind_generation,Wind Offshore,2026-07-26T16:36:36Z
2026-07-26T16:33:47Z,2026-07-26T18:33:47+0200,74eb74bd-8b1d-47e4-abd1-e66c3ea271fa,2026-07-06T13:15:00Z,2026-07-06T15:15:00+0200,543.0,MW,NL,NL,forecast_offshore_wind_generation,Wind Offshore,2026-07-26T16:36:36Z
2026-07-26T16:33:47Z,2026-07-26T18:33:47+0200,74eb74bd-8b1d-47e4-abd1-e66c3ea271fa,2026-07-06T13:30:00Z,2026-07-06T15:30:00+0200,531.0,MW,NL,NL,forecast_offshore_wind_generation,Wind Offshore,2026-07-26T16:36:36Z
2026-07-26T16:33:47Z,2026-07-26T18:33:47+0200,74eb74bd-8b1d-47e4-abd1-e66c3ea271fa,2026-07-06T13:45:00Z,2026-07-06T15:45:00+0200,519.0,MW,NL,NL,forecast_offshore_wind_generation,Wind Offshore,2026-07-26T16:36:36Z
2026-07-26T16:33:47Z,2026-07-26T18:33:47+0200,74eb74bd-8b1d-47e4-abd1-e66c3ea271fa,2026-07-06T14:00:00Z,2026-07-06T16:00:00+0200,508.0,MW,NL,NL,forecast_offshore_wind_generation,Wind Offshore,2026-07-26T16:36:36Z
2026-07-26T16:33:47Z,2026-07-26T18:33:47+0200,74eb74bd-8b1d-47e4-abd1-e66c3ea271fa,2026-07-06T14:15:00Z,2026-07-06T16:15:00+0200,495.0,MW,NL,NL,forecast_offshore_wind_generation,Wind Offshore,2026-07-26T16:36:36Z
2026-07-26T16:33:47Z,2026-07-26T18:33:47+0200,74eb74bd-8b1d-47e4-abd1-e66c3ea271fa,2026-07-06T14:30:00Z,2026-07-06T16:30:00+0200,480.0,MW,NL,NL,forecast_offshore_wind_generation,Wind Offshore,2026-07-26T16:36:36Z
2026-07-26T16:33:47Z,2026-07-26T18:33:47+0200,74eb74bd-8b1d-47e4-abd1-e66c3ea271fa,2026-07-06T14:45:00Z,2026-07-06T16:45:00+0200,466.0,MW,NL,NL,forecast_offshore_wind_generation,Wind Offshore,2026-07-26T16:36:36Z
2026-07-26T16:33:47Z,2026-07-26T18:33:47+0200,74eb74bd-8b1d-47e4-abd1-e66c3ea271fa,2026-07-06T15:00:00Z,2026-07-06T17:00:00+0200,451.0,MW,NL,NL,forecast_offshore_wind_generation,Wind Offshore,2026-07-26T16:36:36Z
2026-07-26T16:33:47Z,2026-07-26T18:33:47+0200,74eb74bd-8b1d-47e4-abd1-e66c3ea271fa,2026-07-06T15:15:00Z,2026-07-06T17:15:00+0200,443.0,MW,NL,NL,forecast_offshore_wind_generation,Wind Offshore,2026-07-26T16:36:36Z
2026-07-26T16:33:47Z,2026-07-26T18:33:47+0200,74eb74bd-8b1d-47e4-abd1-e66c3ea271fa,2026-07-06T15:30:00Z,2026-07-06T17:30:00+0200,441.0,MW,NL,NL,forecast_offshore_wind_generation,Wind Offshore,2026-07-26T16:36:36Z
2026-07-26T16:33:47Z,2026-07-26T18:33:47+0200,74eb74bd-8b1d-47e4-abd1-e66c3ea271fa,2026-07-06T15:45:00Z,2026-07-06T17:45:00+0200,439.0,MW,NL,NL,forecast_offshore_wind_generation,Wind Offshore,2026-07-26T16:36:36Z
2026-07-26T16:33:47Z,2026-07-26T18:33:47+0200,74eb74bd-8b1d-47e4-abd1-e66c3ea271fa,2026-07-06T16:00:00Z,2026-07-06T18:00:00+0200,437.0,MW,NL,NL,forecast_offshore_wind_generation,Wind Offshore,2026-07-26T16:36:36Z
2026-07-26T16:33:47Z,2026-07-26T18:33:47+0200,74eb74bd-8b1d-47e4-abd1-e66c3ea271fa,2026-07-06T16:15:00Z,2026-07-06T18:15:00+0200,421.0,MW,NL,NL,forecast_offshore_wind_generation,Wind Offshore,2026-07-26T16:36:36Z
2026-07-26T16:33:47Z,2026-07-26T18:33:47+0200,74eb74bd-8b1d-47e4-abd1-e66c3ea271fa,2026-07-06T16:30:00Z,2026-07-06T18:30:00+0200,391.0,MW,NL,NL,forecast_offshore_wind_generation,Wind Offshore,2026-07-26T16:36:36Z
2026-07-26T16:33:47Z,2026-07-26T18:33:47+0200,74eb74bd-8b1d-47e4-abd1-e66c3ea271fa,2026-07-06T16:45:00Z,2026-07-06T18:45:00+0200,360.0,MW,NL,NL,forecast_offshore_wind_generation,Wind Offshore,2026-07-26T16:36:36Z
2026-07-26T16:33:47Z,2026-07-26T18:33:47+0200,74eb74bd-8b1d-47e4-abd1-e66c3ea271fa,2026-07-06T17:00:00Z,2026-07-06T19:00:00+0200,330.0,MW,NL,NL,forecast_offshore_wind_generation,Wind Offshore,2026-07-26T16:36:36Z
2026-07-26T16:33:47Z,2026-07-26T18:33:47+0200,74eb74bd-8b1d-47e4-abd1-e66c3ea271fa,2026-07-06T17:15:00Z,2026-07-06T19:15:00+0200,307.0,MW,NL,NL,forecast_offshore_wind_generation,Wind Offshore,2026-07-26T16:36:36Z
2026-07-26T16:33:47Z,2026-07-26T18:33:47+0200,74eb74bd-8b1d-47e4-abd1-e66c3ea271fa,2026-07-06T17:30:00Z,2026-07-06T19:30:00+0200,291.0,MW,NL,NL,forecast_offshore_wind_generation,Wind Offshore,2026-07-26T16:36:36Z
2026-07-26T16:33:47Z,2026-07-26T18:33:47+0200,74eb74bd-8b1d-47e4-abd1-e66c3ea271fa,2026-07-06T17:45:00Z,2026-07-06T19:45:00+0200,274.0,MW,NL,NL,forecast_offshore_wind_generation,Wind Offshore,2026-07-26T16:36:36Z
2026-07-26T16:33:47Z,2026-07-26T18:33:47+0200,74eb74bd-8b1d-47e4-abd1-e66c3ea271fa,2026-07-06T18:00:00Z,2026-07-06T20:00:00+0200,258.0,MW,NL,NL,forecast_offshore_wind_generation,Wind Offshore,2026-07-26T16:36:36Z
2026-07-26T16:33:47Z,2026-07-26T18:33:47+0200,74eb74bd-8b1d-47e4-abd1-e66c3ea271fa,2026-07-06T18:15:00Z,2026-07-06T20:15:00+0200,250.0,MW,NL,NL,forecast_offshore_wind_generation,Wind Offshore,2026-07-26T16:36:36Z
2026-07-26T16:33:47Z,2026-07-26T18:33:47+0200,74eb74bd-8b1d-47e4-abd1-e66c3ea271fa,2026-07-06T18:30:00Z,2026-07-06T20:30:00+0200,252.0,MW,NL,NL,forecast_offshore_wind_generation,Wind Offshore,2026-07-26T16:36:36Z
2026-07-26T16:33:47Z,2026-07-26T18:33:47+0200,74eb74bd-8b1d-47e4-abd1-e66c3ea271fa,2026-07-06T18:45:00Z,2026-07-06T20:45:00+0200,253.0,MW,NL,NL,forecast_offshore_wind_generation,Wind Offshore,2026-07-26T16:36:36Z
2026-07-26T16:33:47Z,2026-07-26T18:33:47+0200,74eb74bd-8b1d-47e4-abd1-e66c3ea271fa,2026-07-06T19:00:00Z,2026-07-06T21:00:00+0200,255.0,MW,NL,NL,forecast_offshore_wind_generation,Wind Offshore,2026-07-26T16:36:36Z
2026-07-26T16:33:47Z,2026-07-26T18:33:47+0200,74eb74bd-8b1d-47e4-abd1-e66c3ea271fa,2026-07-06T19:15:00Z,2026-07-06T21:15:00+0200,258.0,MW,NL,NL,forecast_offshore_wind_generation,Wind Offshore,2026-07-26T16:36:36Z
2026-07-26T16:33:47Z,2026-07-26T18:33:47+0200,74eb74bd-8b1d-47e4-abd1-e66c3ea271fa,2026-07-06T19:30:00Z,2026-07-06T21:30:00+0200,261.0,MW,NL,NL,forecast_offshore_wind_generation,Wind Offshore,2026-07-26T16:36:36Z
2026-07-26T16:33:47Z,2026-07-26T18:33:47+0200,74eb74bd-8b1d-47e4-abd1-e66c3ea271fa,2026-07-06T19:45:00Z,2026-07-06T21:45:00+0200,265.0,MW,NL,NL,forecast_offshore_wind_generation,Wind Offshore,2026-07-26T16:36:36Z
2026-07-26T16:33:47Z,2026-07-26T18:33:47+0200,74eb74bd-8b1d-47e4-abd1-e66c3ea271fa,2026-07-06T20:00:00Z,2026-07-06T22:00:00+0200,269.0,MW,NL,NL,forecast_offshore_wind_generation,Wind Offshore,2026-07-26T16:36:36Z
2026-07-26T16:33:47Z,2026-07-26T18:33:47+0200,74eb74bd-8b1d-47e4-abd1-e66c3ea271fa,2026-07-06T20:15:00Z,2026-07-06T22:15:00+0200,277.0,MW,NL,NL,forecast_offshore_wind_generation,Wind Offshore,2026-07-26T16:36:36Z
2026-07-26T16:33:47Z,2026-07-26T18:33:47+0200,74eb74bd-8b1d-47e4-abd1-e66c3ea271fa,2026-07-06T20:30:00Z,2026-07-06T22:30:00+0200,288.0,MW,NL,NL,forecast_offshore_wind_generation,Wind Offshore,2026-07-26T16:36:36Z
2026-07-26T16:33:47Z,2026-07-26T18:33:47+0200,74eb74bd-8b1d-47e4-abd1-e66c3ea271fa,2026-07-06T20:45:00Z,2026-07-06T22:45:00+0200,300.0,MW,NL,NL,forecast_offshore_wind_generation,Wind Offshore,2026-07-26T16:36:36Z
2026-07-26T16:33:47Z,2026-07-26T18:33:47+0200,74eb74bd-8b1d-47e4-abd1-e66c3ea271fa,2026-07-06T21:00:00Z,2026-07-06T23:00:00+0200,312.0,MW,NL,NL,forecast_offshore_wind_generation,Wind Offshore,2026-07-26T16:36:36Z
2026-07-26T16:33:47Z,2026-07-26T18:33:47+0200,74eb74bd-8b1d-47e4-abd1-e66c3ea271fa,2026-07-06T21:15:00Z,2026-07-06T23:15:00+0200,315.0,MW,NL,NL,forecast_offshore_wind_generation,Wind Offshore,2026-07-26T16:36:36Z
2026-07-26T16:33:47Z,2026-07-26T18:33:47+0200,74eb74bd-8b1d-47e4-abd1-e66c3ea271fa,2026-07-06T21:30:00Z,2026-07-06T23:30:00+0200,308.0,MW,NL,NL,forecast_offshore_wind_generation,Wind Offshore,2026-07-26T16:36:36Z
2026-07-26T16:33:47Z,2026-07-26T18:33:47+0200,74eb74bd-8b1d-47e4-abd1-e66c3ea271fa,2026-07-06T21:45:00Z,2026-07-06T23:45:00+0200,301.0,MW,NL,NL,forecast_offshore_wind_generation,Wind Offshore,2026-07-26T16:36:36Z
2026-07-26T16:33:47Z,2026-07-26T18:33:47+0200,74eb74bd-8b1d-47e4-abd1-e66c3ea271fa,2026-07-06T22:00:00Z,2026-07-07T00:00:00+0200,415.0,MW,NL,NL,forecast_offshore_wind_generation,Wind Offshore,2026-07-26T16:36:36Z
2026-07-26T16:33:47Z,2026-07-26T18:33:47+0200,74eb74bd-8b1d-47e4-abd1-e66c3ea271fa,2026-07-06T22:15:00Z,2026-07-07T00:15:00+0200,413.0,MW,NL,NL,forecast_offshore_wind_generation,Wind Offshore,2026-07-26T16:36:36Z
2026-07-26T16:33:47Z,2026-07-26T18:33:47+0200,74eb74bd-8b1d-47e4-abd1-e66c3ea271fa,2026-07-06T22:30:00Z,2026-07-07T00:30:00+0200,410.0,MW,NL,NL,forecast_offshore_wind_generation,Wind Offshore,2026-07-26T16:36:36Z
2026-07-26T16:33:47Z,2026-07-26T18:33:47+0200,74eb74bd-8b1d-47e4-abd1-e66c3ea271fa,2026-07-06T22:45:00Z,2026-07-07T00:45:00+0200,408.0,MW,NL,NL,forecast_offshore_wind_generation,Wind Offshore,2026-07-26T16:36:36Z
2026-07-26T16:33:47Z,2026-07-26T18:33:47+0200,74eb74bd-8b1d-47e4-abd1-e66c3ea271fa,2026-07-06T23:00:00Z,2026-07-07T01:00:00+0200,405.0,MW,NL,NL,forecast_offshore_wind_generation,Wind Offshore,2026-07-26T16:36:36Z
2026-07-26T16:33:47Z,2026-07-26T18:33:47+0200,74eb74bd-8b1d-47e4-abd1-e66c3ea271fa,2026-07-06T23:15:00Z,2026-07-07T01:15:00+0200,403.0,MW,NL,NL,forecast_offshore_wind_generation,Wind Offshore,2026-07-26T16:36:36Z
2026-07-26T16:33:47Z,2026-07-26T18:33:47+0200,74eb74bd-8b1d-47e4-abd1-e66c3ea271fa,2026-07-06T23:30:00Z,2026-07-07T01:30:00+0200,402.0,MW,NL,NL,forecast_offshore_wind_generation,Wind Offshore,2026-07-26T16:36:36Z
2026-07-26T16:33:47Z,2026-07-26T18:33:47+0200,74eb74bd-8b1d-47e4-abd1-e66c3ea271fa,2026-07-06T23:45:00Z,2026-07-07T01:45:00+0200,400.0,MW,NL,NL,forecast_offshore_wind_generation,Wind Offshore,2026-07-26T16:36:36Z
2026-07-26T16:33:47Z,2026-07-26T18:33:47+0200,74eb74bd-8b1d-47e4-abd1-e66c3ea271fa,2026-07-07T00:00:00Z,2026-07-07T02:00:00+0200,399.0,MW,NL,NL,forecast_offshore_wind_generation,Wind Offshore,2026-07-26T16:36:36Z
2026-07-26T16:33:47Z,2026-07-26T18:33:47+0200,74eb74bd-8b1d-47e4-abd1-e66c3ea271fa,2026-07-07T00:15:00Z,2026-07-07T02:15:00+0200,398.0,MW,NL,NL,forecast_offshore_wind_generation,Wind Offshore,2026-07-26T16:36:36Z
2026-07-26T16:33:47Z,2026-07-26T18:33:47+0200,74eb74bd-8b1d-47e4-abd1-e66c3ea271fa,2026-07-07T00:30:00Z,2026-07-07T02:30:00+0200,396.0,MW,NL,NL,forecast_offshore_wind_generation,Wind Offshore,2026-07-26T16:36:36Z
2026-07-26T16:33:47Z,2026-07-26T18:33:47+0200,74eb74bd-8b1d-47e4-abd1-e66c3ea271fa,2026-07-07T00:45:00Z,2026-07-07T02:45:00+0200,395.0,MW,NL,NL,forecast_offshore_wind_generation,Wind Offshore,2026-07-26T16:36:36Z
2026-07-26T16:33:47Z,2026-07-26T18:33:47+0200,74eb74bd-8b1d-47e4-abd1-e66c3ea271fa,2026-07-07T01:00:00Z,2026-07-07T03:00:00+0200,394.0,MW,NL,NL,forecast_offshore_wind_generation,Wind Offshore,2026-07-26T16:36:36Z
2026-07-26T16:33:47Z,2026-07-26T18:33:47+0200,74eb74bd-8b1d-47e4-abd1-e66c3ea271fa,2026-07-07T01:15:00Z,2026-07-07T03:15:00+0200,395.0,MW,NL,NL,forecast_offshore_wind_generation,Wind Offshore,2026-07-26T16:36:36Z
2026-07-26T16:33:47Z,2026-07-26T18:33:47+0200,74eb74bd-8b1d-47e4-abd1-e66c3ea271fa,2026-07-07T01:30:00Z,2026-07-07T03:30:00+0200,397.0,MW,NL,NL,forecast_offshore_wind_generation,Wind Offshore,2026-07-26T16:36:36Z
2026-07-26T16:33:47Z,2026-07-26T18:33:47+0200,74eb74bd-8b1d-47e4-abd1-e66c3ea271fa,2026-07-07T01:45:00Z,2026-07-07T03:45:00+0200,398.0,MW,NL,NL,forecast_offshore_wind_generation,Wind Offshore,2026-07-26T16:36:36Z
2026-07-26T16:33:47Z,2026-07-26T18:33:47+0200,74eb74bd-8b1d-47e4-abd1-e66c3ea271fa,2026-07-07T02:00:00Z,2026-07-07T04:00:00+0200,400.0,MW,NL,NL,forecast_offshore_wind_generation,Wind Offshore,2026-07-26T16:36:36Z
2026-07-26T16:33:47Z,2026-07-26T18:33:47+0200,74eb74bd-8b1d-47e4-abd1-e66c3ea271fa,2026-07-07T02:15:00Z,2026-07-07T04:15:00+0200,402.0,MW,NL,NL,forecast_offshore_wind_generation,Wind Offshore,2026-07-26T16:36:36Z
2026-07-26T16:33:47Z,2026-07-26T18:33:47+0200,74eb74bd-8b1d-47e4-abd1-e66c3ea271fa,2026-07-07T02:30:00Z,2026-07-07T04:30:00+0200,404.0,MW,NL,NL,forecast_offshore_wind_generation,Wind Offshore,2026-07-26T16:36:36Z
2026-07-26T16:33:47Z,2026-07-26T18:33:47+0200,74eb74bd-8b1d-47e4-abd1-e66c3ea271fa,2026-07-07T02:45:00Z,2026-07-07T04:45:00+0200,406.0,MW,NL,NL,forecast_offshore_wind_generation,Wind Offshore,2026-07-26T16:36:36Z
2026-07-26T16:33:47Z,2026-07-26T18:33:47+0200,74eb74bd-8b1d-47e4-abd1-e66c3ea271fa,2026-07-07T03:00:00Z,2026-07-07T05:00:00+0200,408.0,MW,NL,NL,forecast_offshore_wind_generation,Wind Offshore,2026-07-26T16:36:36Z
2026-07-26T16:33:47Z,2026-07-26T18:33:47+0200,74eb74bd-8b1d-47e4-abd1-e66c3ea271fa,2026-07-07T03:15:00Z,2026-07-07T05:15:00+0200,409.0,MW,NL,NL,forecast_offshore_wind_generation,Wind Offshore,2026-07-26T16:36:36Z
2026-07-26T16:33:47Z,2026-07-26T18:33:47+0200,74eb74bd-8b1d-47e4-abd1-e66c3ea271fa,2026-07-07T03:30:00Z,2026-07-07T05:30:00+0200,407.0,MW,NL,NL,forecast_offshore_wind_generation,Wind Offshore,2026-07-26T16:36:36Z
2026-07-26T16:33:47Z,2026-07-26T18:33:47+0200,74eb74bd-8b1d-47e4-abd1-e66c3ea271fa,2026-07-07T03:45:00Z,2026-07-07T05:45:00+0200,406.0,MW,NL,NL,forecast_offshore_wind_generation,Wind Offshore,2026-07-26T16:36:36Z
2026-07-26T16:33:47Z,2026-07-26T18:33:47+0200,74eb74bd-8b1d-47e4-abd1-e66c3ea271fa,2026-07-07T04:00:00Z,2026-07-07T06:00:00+0200,404.0,MW,NL,NL,forecast_offshore_wind_generation,Wind Offshore,2026-07-26T16:36:36Z
2026-07-26T16:33:47Z,2026-07-26T18:33:47+0200,74eb74bd-8b1d-47e4-abd1-e66c3ea271fa,2026-07-07T04:15:00Z,2026-07-07T06:15:00+0200,403.0,MW,NL,NL,forecast_offshore_wind_generation,Wind Offshore,2026-07-26T16:36:36Z
2026-07-26T16:33:47Z,2026-07-26T18:33:47+0200,74eb74bd-8b1d-47e4-abd1-e66c3ea271fa,2026-07-07T04:30:00Z,2026-07-07T06:30:00+0200,401.0,MW,NL,NL,forecast_offshore_wind_generation,Wind Offshore,2026-07-26T16:36:36Z
2026-07-26T16:33:47Z,2026-07-26T18:33:47+0200,74eb74bd-8b1d-47e4-abd1-e66c3ea271fa,2026-07-07T04:45:00Z,2026-07-07T06:45:00+0200,399.0,MW,NL,NL,forecast_offshore_wind_generation,Wind Offshore,2026-07-26T16:36:36Z
2026-07-26T16:33:47Z,2026-07-26T18:33:47+0200,74eb74bd-8b1d-47e4-abd1-e66c3ea271fa,2026-07-07T05:00:00Z,2026-07-07T07:00:00+0200,397.0,MW,NL,NL,forecast_offshore_wind_generation,Wind Offshore,2026-07-26T16:36:36Z
2026-07-26T16:33:47Z,2026-07-26T18:33:47+0200,74eb74bd-8b1d-47e4-abd1-e66c3ea271fa,2026-07-07T05:15:00Z,2026-07-07T07:15:00+0200,396.0,MW,NL,NL,forecast_offshore_wind_generation,Wind Offshore,2026-07-26T16:36:36Z
2026-07-26T16:33:47Z,2026-07-26T18:33:47+0200,74eb74bd-8b1d-47e4-abd1-e66c3ea271fa,2026-07-07T05:30:00Z,2026-07-07T07:30:00+0200,394.0,MW,NL,NL,forecast_offshore_wind_generation,Wind Offshore,2026-07-26T16:36:36Z
2026-07-26T16:33:47Z,2026-07-26T18:33:47+0200,74eb74bd-8b1d-47e4-abd1-e66c3ea271fa,2026-07-07T05:45:00Z,2026-07-07T07:45:00+0200,393.0,MW,NL,NL,forecast_offshore_wind_generation,Wind Offshore,2026-07-26T16:36:36Z
2026-07-26T16:33:47Z,2026-07-26T18:33:47+0200,74eb74bd-8b1d-47e4-abd1-e66c3ea271fa,2026-07-07T06:00:00Z,2026-07-07T08:00:00+0200,392.0,MW,NL,NL,forecast_offshore_wind_generation,Wind Offshore,2026-07-26T16:36:36Z
2026-07-26T16:33:47Z,2026-07-26T18:33:47+0200,74eb74bd-8b1d-47e4-abd1-e66c3ea271fa,2026-07-07T06:15:00Z,2026-07-07T08:15:00+0200,405.0,MW,NL,NL,forecast_offshore_wind_generation,Wind Offshore,2026-07-26T16:36:36Z
2026-07-26T16:33:47Z,2026-07-26T18:33:47+0200,74eb74bd-8b1d-47e4-abd1-e66c3ea271fa,2026-07-07T06:30:00Z,2026-07-07T08:30:00+0200,432.0,MW,NL,NL,forecast_offshore_wind_generation,Wind Offshore,2026-07-26T16:36:36Z
2026-07-26T16:33:47Z,2026-07-26T18:33:47+0200,74eb74bd-8b1d-47e4-abd1-e66c3ea271fa,2026-07-07T06:45:00Z,2026-07-07T08:45:00+0200,460.0,MW,NL,NL,forecast_offshore_wind_generation,Wind Offshore,2026-07-26T16:36:36Z
2026-07-26T16:33:47Z,2026-07-26T18:33:47+0200,74eb74bd-8b1d-47e4-abd1-e66c3ea271fa,2026-07-07T07:00:00Z,2026-07-07T09:00:00+0200,487.0,MW,NL,NL,forecast_offshore_wind_generation,Wind Offshore,2026-07-26T16:36:36Z
2026-07-26T16:33:47Z,2026-07-26T18:33:47+0200,74eb74bd-8b1d-47e4-abd1-e66c3ea271fa,2026-07-07T07:15:00Z,2026-07-07T09:15:00+0200,515.0,MW,NL,NL,forecast_offshore_wind_generation,Wind Offshore,2026-07-26T16:36:36Z
2026-07-26T16:33:47Z,2026-07-26T18:33:47+0200,74eb74bd-8b1d-47e4-abd1-e66c3ea271fa,2026-07-07T07:30:00Z,2026-07-07T09:30:00+0200,542.0,MW,NL,NL,forecast_offshore_wind_generation,Wind Offshore,2026-07-26T16:36:36Z
2026-07-26T16:33:47Z,2026-07-26T18:33:47+0200,74eb74bd-8b1d-47e4-abd1-e66c3ea271fa,2026-07-07T07:45:00Z,2026-07-07T09:45:00+0200,570.0,MW,NL,NL,forecast_offshore_wind_generation,Wind Offshore,2026-07-26T16:36:36Z
2026-07-26T16:33:47Z,2026-07-26T18:33:47+0200,74eb74bd-8b1d-47e4-abd1-e66c3ea271fa,2026-07-07T08:00:00Z,2026-07-07T10:00:00+0200,597.0,MW,NL,NL,forecast_offshore_wind_generation,Wind Offshore,2026-07-26T16:36:36Z
2026-07-26T16:33:47Z,2026-07-26T18:33:47+0200,74eb74bd-8b1d-47e4-abd1-e66c3ea271fa,2026-07-07T08:15:00Z,2026-07-07T10:15:00+0200,631.0,MW,NL,NL,forecast_offshore_wind_generation,Wind Offshore,2026-07-26T16:36:36Z
2026-07-26T16:33:47Z,2026-07-26T18:33:47+0200,74eb74bd-8b1d-47e4-abd1-e66c3ea271fa,2026-07-07T08:30:00Z,2026-07-07T10:30:00+0200,670.0,MW,NL,NL,forecast_offshore_wind_generation,Wind Offshore,2026-07-26T16:36:36Z
2026-07-26T16:33:47Z,2026-07-26T18:33:47+0200,74eb74bd-8b1d-47e4-abd1-e66c3ea271fa,2026-07-07T08:45:00Z,2026-07-07T10:45:00+0200,709.0,MW,NL,NL,forecast_offshore_wind_generation,Wind Offshore,2026-07-26T16:36:36Z
2026-07-26T16:33:47Z,2026-07-26T18:33:47+0200,74eb74bd-8b1d-47e4-abd1-e66c3ea271fa,2026-07-07T09:00:00Z,2026-07-07T11:00:00+0200,748.0,MW,NL,NL,forecast_offshore_wind_generation,Wind Offshore,2026-07-26T16:36:36Z
2026-07-26T16:33:47Z,2026-07-26T18:33:47+0200,74eb74bd-8b1d-47e4-abd1-e66c3ea271fa,2026-07-07T09:15:00Z,2026-07-07T11:15:00+0200,770.0,MW,NL,NL,forecast_offshore_wind_generation,Wind Offshore,2026-07-26T16:36:36Z
2026-07-26T16:33:47Z,2026-07-26T18:33:47+0200,74eb74bd-8b1d-47e4-abd1-e66c3ea271fa,2026-07-07T09:30:00Z,2026-07-07T11:30:00+0200,777.0,MW,NL,NL,forecast_offshore_wind_generation,Wind Offshore,2026-07-26T16:36:36Z
2026-07-26T16:33:47Z,2026-07-26T18:33:47+0200,74eb74bd-8b1d-47e4-abd1-e66c3ea271fa,2026-07-07T09:45:00Z,2026-07-07T11:45:00+0200,783.0,MW,NL,NL,forecast_offshore_wind_generation,Wind Offshore,2026-07-26T16:36:36Z
2026-07-26T16:33:47Z,2026-07-26T18:33:47+0200,74eb74bd-8b1d-47e4-abd1-e66c3ea271fa,2026-07-07T10:00:00Z,2026-07-07T12:00:00+0200,789.0,MW,NL,NL,forecast_offshore_wind_generation,Wind Offshore,2026-07-26T16:36:36Z
2026-07-26T16:33:47Z,2026-07-26T18:33:47+0200,74eb74bd-8b1d-47e4-abd1-e66c3ea271fa,2026-07-07T10:15:00Z,2026-07-07T12:15:00+0200,795.0,MW,NL,NL,forecast_offshore_wind_generation,Wind Offshore,2026-07-26T16:36:36Z
2026-07-26T16:33:47Z,2026-07-26T18:33:47+0200,74eb74bd-8b1d-47e4-abd1-e66c3ea271fa,2026-07-07T10:30:00Z,2026-07-07T12:30:00+0200,800.0,MW,NL,NL,forecast_offshore_wind_generation,Wind Offshore,2026-07-26T16:36:36Z
2026-07-26T16:33:47Z,2026-07-26T18:33:47+0200,74eb74bd-8b1d-47e4-abd1-e66c3ea271fa,2026-07-07T10:45:00Z,2026-07-07T12:45:00+0200,805.0,MW,NL,NL,forecast_offshore_wind_generation,Wind Offshore,2026-07-26T16:36:36Z
2026-07-26T16:33:47Z,2026-07-26T18:33:47+0200,74eb74bd-8b1d-47e4-abd1-e66c3ea271fa,2026-07-07T11:00:00Z,2026-07-07T13:00:00+0200,810.0,MW,NL,NL,forecast_offshore_wind_generation,Wind Offshore,2026-07-26T16:36:36Z
2026-07-26T16:33:47Z,2026-07-26T18:33:47+0200,74eb74bd-8b1d-47e4-abd1-e66c3ea271fa,2026-07-07T11:15:00Z,2026-07-07T13:15:00+0200,812.0,MW,NL,NL,forecast_offshore_wind_generation,Wind Offshore,2026-07-26T16:36:36Z
2026-07-26T16:33:47Z,2026-07-26T18:33:47+0200,74eb74bd-8b1d-47e4-abd1-e66c3ea271fa,2026-07-07T11:30:00Z,2026-07-07T13:30:00+0200,813.0,MW,NL,NL,forecast_offshore_wind_generation,Wind Offshore,2026-07-26T16:36:36Z
2026-07-26T16:33:47Z,2026-07-26T18:33:47+0200,74eb74bd-8b1d-47e4-abd1-e66c3ea271fa,2026-07-07T11:45:00Z,2026-07-07T13:45:00+0200,814.0,MW,NL,NL,forecast_offshore_wind_generation,Wind Offshore,2026-07-26T16:36:36Z
2026-07-26T16:33:47Z,2026-07-26T18:33:47+0200,74eb74bd-8b1d-47e4-abd1-e66c3ea271fa,2026-07-07T12:00:00Z,2026-07-07T14:00:00+0200,814.0,MW,NL,NL,forecast_offshore_wind_generation,Wind Offshore,2026-07-26T16:36:36Z
2026-07-26T16:33:47Z,2026-07-26T18:33:47+0200,74eb74bd-8b1d-47e4-abd1-e66c3ea271fa,2026-07-07T12:15:00Z,2026-07-07T14:15:00+0200,827.0,MW,NL,NL,forecast_offshore_wind_generation,Wind Offshore,2026-07-26T16:36:36Z
2026-07-26T16:33:47Z,2026-07-26T18:33:47+0200,74eb74bd-8b1d-47e4-abd1-e66c3ea271fa,2026-07-07T12:30:00Z,2026-07-07T14:30:00+0200,853.0,MW,NL,NL,forecast_offshore_wind_generation,Wind Offshore,2026-07-26T16:36:36Z
2026-07-26T16:33:47Z,2026-07-26T18:33:47+0200,74eb74bd-8b1d-47e4-abd1-e66c3ea271fa,2026-07-07T12:45:00Z,2026-07-07T14:45:00+0200,878.0,MW,NL,NL,forecast_offshore_wind_generation,Wind Offshore,2026-07-26T16:36:36Z
2026-07-26T16:33:47Z,2026-07-26T18:33:47+0200,74eb74bd-8b1d-47e4-abd1-e66c3ea271fa,2026-07-07T13:00:00Z,2026-07-07T15:00:00+0200,904.0,MW,NL,NL,forecast_offshore_wind_generation,Wind Offshore,2026-07-26T16:36:36Z
2026-07-26T16:33:47Z,2026-07-26T18:33:47+0200,74eb74bd-8b1d-47e4-abd1-e66c3ea271fa,2026-07-07T13:15:00Z,2026-07-07T15:15:00+0200,922.0,MW,NL,NL,forecast_offshore_wind_generation,Wind Offshore,2026-07-26T16:36:36Z
2026-07-26T16:33:47Z,2026-07-26T18:33:47+0200,74eb74bd-8b1d-47e4-abd1-e66c3ea271fa,2026-07-07T13:30:00Z,2026-07-07T15:30:00+0200,933.0,MW,NL,NL,forecast_offshore_wind_generation,Wind Offshore,2026-07-26T16:36:36Z
2026-07-26T16:33:47Z,2026-07-26T18:33:47+0200,74eb74bd-8b1d-47e4-abd1-e66c3ea271fa,2026-07-07T13:45:00Z,2026-07-07T15:45:00+0200,944.0,MW,NL,NL,forecast_offshore_wind_generation,Wind Offshore,2026-07-26T16:36:36Z
2026-07-26T16:33:47Z,2026-07-26T18:33:47+0200,74eb74bd-8b1d-47e4-abd1-e66c3ea271fa,2026-07-07T14:00:00Z,2026-07-07T16:00:00+0200,955.0,MW,NL,NL,forecast_offshore_wind_generation,Wind Offshore,2026-07-26T16:36:36Z
2026-07-26T16:33:47Z,2026-07-26T18:33:47+0200,74eb74bd-8b1d-47e4-abd1-e66c3ea271fa,2026-07-07T14:15:00Z,2026-07-07T16:15:00+0200,965.0,MW,NL,NL,forecast_offshore_wind_generation,Wind Offshore,2026-07-26T16:36:36Z
2026-07-26T16:33:47Z,2026-07-26T18:33:47+0200,74eb74bd-8b1d-47e4-abd1-e66c3ea271fa,2026-07-07T14:30:00Z,2026-07-07T16:30:00+0200,974.0,MW,NL,NL,forecast_offshore_wind_generation,Wind Offshore,2026-07-26T16:36:36Z
2026-07-26T16:33:47Z,2026-07-26T18:33:47+0200,74eb74bd-8b1d-47e4-abd1-e66c3ea271fa,2026-07-07T14:45:00Z,2026-07-07T16:45:00+0200,983.0,MW,NL,NL,forecast_offshore_wind_generation,Wind Offshore,2026-07-26T16:36:36Z
2026-07-26T16:33:47Z,2026-07-26T18:33:47+0200,74eb74bd-8b1d-47e4-abd1-e66c3ea271fa,2026-07-07T15:00:00Z,2026-07-07T17:00:00+0200,992.0,MW,NL,NL,forecast_offshore_wind_generation,Wind Offshore,2026-07-26T16:36:36Z
2026-07-26T16:33:47Z,2026-07-26T18:33:47+0200,74eb74bd-8b1d-47e4-abd1-e66c3ea271fa,2026-07-07T15:15:00Z,2026-07-07T17:15:00+0200,964.0,MW,NL,NL,forecast_offshore_wind_generation,Wind Offshore,2026-07-26T16:36:36Z
2026-07-26T16:33:47Z,2026-07-26T18:33:47+0200,74eb74bd-8b1d-47e4-abd1-e66c3ea271fa,2026-07-07T15:30:00Z,2026-07-07T17:30:00+0200,901.0,MW,NL,NL,forecast_offshore_wind_generation,Wind Offshore,2026-07-26T16:36:36Z
2026-07-26T16:33:47Z,2026-07-26T18:33:47+0200,74eb74bd-8b1d-47e4-abd1-e66c3ea271fa,2026-07-07T15:45:00Z,2026-07-07T17:45:00+0200,838.0,MW,NL,NL,forecast_offshore_wind_generation,Wind Offshore,2026-07-26T16:36:36Z
2026-07-26T16:33:47Z,2026-07-26T18:33:47+0200,74eb74bd-8b1d-47e4-abd1-e66c3ea271fa,2026-07-07T16:00:00Z,2026-07-07T18:00:00+0200,774.0,MW,NL,NL,forecast_offshore_wind_generation,Wind Offshore,2026-07-26T16:36:36Z
2026-07-26T16:33:47Z,2026-07-26T18:33:47+0200,74eb74bd-8b1d-47e4-abd1-e66c3ea271fa,2026-07-07T16:15:00Z,2026-07-07T18:15:00+0200,718.0,MW,NL,NL,forecast_offshore_wind_generation,Wind Offshore,2026-07-26T16:36:36Z
2026-07-26T16:33:47Z,2026-07-26T18:33:47+0200,74eb74bd-8b1d-47e4-abd1-e66c3ea271fa,2026-07-07T16:30:00Z,2026-07-07T18:30:00+0200,669.0,MW,NL,NL,forecast_offshore_wind_generation,Wind Offshore,2026-07-26T16:36:36Z
2026-07-26T16:33:47Z,2026-07-26T18:33:47+0200,74eb74bd-8b1d-47e4-abd1-e66c3ea271fa,2026-07-07T16:45:00Z,2026-07-07T18:45:00+0200,621.0,MW,NL,NL,forecast_offshore_wind_generation,Wind Offshore,2026-07-26T16:36:36Z
2026-07-26T16:33:47Z,2026-07-26T18:33:47+0200,74eb74bd-8b1d-47e4-abd1-e66c3ea271fa,2026-07-07T17:00:00Z,2026-07-07T19:00:00+0200,572.0,MW,NL,NL,forecast_offshore_wind_generation,Wind Offshore,2026-07-26T16:36:36Z
2026-07-26T16:33:47Z,2026-07-26T18:33:47+0200,74eb74bd-8b1d-47e4-abd1-e66c3ea271fa,2026-07-07T17:15:00Z,2026-07-07T19:15:00+0200,533.0,MW,NL,NL,forecast_offshore_wind_generation,Wind Offshore,2026-07-26T16:36:36Z
2026-07-26T16:33:47Z,2026-07-26T18:33:47+0200,74eb74bd-8b1d-47e4-abd1-e66c3ea271fa,2026-07-07T17:30:00Z,2026-07-07T19:30:00+0200,503.0,MW,NL,NL,forecast_offshore_wind_generation,Wind Offshore,2026-07-26T16:36:36Z
2026-07-26T16:33:47Z,2026-07-26T18:33:47+0200,74eb74bd-8b1d-47e4-abd1-e66c3ea271fa,2026-07-07T17:45:00Z,2026-07-07T19:45:00+0200,473.0,MW,NL,NL,forecast_offshore_wind_generation,Wind Offshore,2026-07-26T16:36:36Z
2026-07-26T16:33:47Z,2026-07-26T18:33:47+0200,74eb74bd-8b1d-47e4-abd1-e66c3ea271fa,2026-07-07T18:00:00Z,2026-07-07T20:00:00+0200,443.0,MW,NL,NL,forecast_offshore_wind_generation,Wind Offshore,2026-07-26T16:36:36Z
2026-07-26T16:33:47Z,2026-07-26T18:33:47+0200,74eb74bd-8b1d-47e4-abd1-e66c3ea271fa,2026-07-07T18:15:00Z,2026-07-07T20:15:00+0200,420.0,MW,NL,NL,forecast_offshore_wind_generation,Wind Offshore,2026-07-26T16:36:36Z
2026-07-26T16:33:47Z,2026-07-26T18:33:47+0200,74eb74bd-8b1d-47e4-abd1-e66c3ea271fa,2026-07-07T18:30:00Z,2026-07-07T20:30:00+0200,403.0,MW,NL,NL,forecast_offshore_wind_generation,Wind Offshore,2026-07-26T16:36:36Z
2026-07-26T16:33:47Z,2026-07-26T18:33:47+0200,74eb74bd-8b1d-47e4-abd1-e66c3ea271fa,2026-07-07T18:45:00Z,2026-07-07T20:45:00+0200,386.0,MW,NL,NL,forecast_offshore_wind_generation,Wind Offshore,2026-07-26T16:36:36Z
2026-07-26T16:33:47Z,2026-07-26T18:33:47+0200,74eb74bd-8b1d-47e4-abd1-e66c3ea271fa,2026-07-07T19:00:00Z,2026-07-07T21:00:00+0200,370.0,MW,NL,NL,forecast_offshore_wind_generation,Wind Offshore,2026-07-26T16:36:36Z
2026-07-26T16:33:47Z,2026-07-26T18:33:47+0200,74eb74bd-8b1d-47e4-abd1-e66c3ea271fa,2026-07-07T19:15:00Z,2026-07-07T21:15:00+0200,353.0,MW,NL,NL,forecast_offshore_wind_generation,Wind Offshore,2026-07-26T16:36:36Z
2026-07-26T16:33:47Z,2026-07-26T18:33:47+0200,74eb74bd-8b1d-47e4-abd1-e66c3ea271fa,2026-07-07T19:30:00Z,2026-07-07T21:30:00+0200,337.0,MW,NL,NL,forecast_offshore_wind_generation,Wind Offshore,2026-07-26T16:36:36Z
2026-07-26T16:33:47Z,2026-07-26T18:33:47+0200,74eb74bd-8b1d-47e4-abd1-e66c3ea271fa,2026-07-07T19:45:00Z,2026-07-07T21:45:00+0200,321.0,MW,NL,NL,forecast_offshore_wind_generation,Wind Offshore,2026-07-26T16:36:36Z
2026-07-26T16:33:47Z,2026-07-26T18:33:47+0200,74eb74bd-8b1d-47e4-abd1-e66c3ea271fa,2026-07-07T20:00:00Z,2026-07-07T22:00:00+0200,306.0,MW,NL,NL,forecast_offshore_wind_generation,Wind Offshore,2026-07-26T16:36:36Z
2026-07-26T16:33:47Z,2026-07-26T18:33:47+0200,74eb74bd-8b1d-47e4-abd1-e66c3ea271fa,2026-07-07T20:15:00Z,2026-07-07T22:15:00+0200,295.0,MW,NL,NL,forecast_offshore_wind_generation,Wind Offshore,2026-07-26T16:36:36Z
2026-07-26T16:33:47Z,2026-07-26T18:33:47+0200,74eb74bd-8b1d-47e4-abd1-e66c3ea271fa,2026-07-07T20:30:00Z,2026-07-07T22:30:00+0200,291.0,MW,NL,NL,forecast_offshore_wind_generation,Wind Offshore,2026-07-26T16:36:36Z
2026-07-26T16:33:47Z,2026-07-26T18:33:47+0200,74eb74bd-8b1d-47e4-abd1-e66c3ea271fa,2026-07-07T20:45:00Z,2026-07-07T22:45:00+0200,287.0,MW,NL,NL,forecast_offshore_wind_generation,Wind Offshore,2026-07-26T16:36:36Z
2026-07-26T16:33:47Z,2026-07-26T18:33:47+0200,74eb74bd-8b1d-47e4-abd1-e66c3ea271fa,2026-07-07T21:00:00Z,2026-07-07T23:00:00+0200,283.0,MW,NL,NL,forecast_offshore_wind_generation,Wind Offshore,2026-07-26T16:36:36Z
2026-07-26T16:33:47Z,2026-07-26T18:33:47+0200,74eb74bd-8b1d-47e4-abd1-e66c3ea271fa,2026-07-07T21:15:00Z,2026-07-07T23:15:00+0200,278.0,MW,NL,NL,forecast_offshore_wind_generation,Wind Offshore,2026-07-26T16:36:36Z
2026-07-26T16:33:47Z,2026-07-26T18:33:47+0200,74eb74bd-8b1d-47e4-abd1-e66c3ea271fa,2026-07-07T21:30:00Z,2026-07-07T23:30:00+0200,272.0,MW,NL,NL,forecast_offshore_wind_generation,Wind Offshore,2026-07-26T16:36:36Z
2026-07-26T16:33:47Z,2026-07-26T18:33:47+0200,74eb74bd-8b1d-47e4-abd1-e66c3ea271fa,2026-07-07T21:45:00Z,2026-07-07T23:45:00+0200,266.0,MW,NL,NL,forecast_offshore_wind_generation,Wind Offshore,2026-07-26T16:36:36Z
2026-07-26T16:33:47Z,2026-07-26T18:33:47+0200,74eb74bd-8b1d-47e4-abd1-e66c3ea271fa,2026-07-07T22:00:00Z,2026-07-08T00:00:00+0200,152.0,MW,NL,NL,forecast_offshore_wind_generation,Wind Offshore,2026-07-26T16:36:36Z
2026-07-26T16:33:47Z,2026-07-26T18:33:47+0200,74eb74bd-8b1d-47e4-abd1-e66c3ea271fa,2026-07-07T22:15:00Z,2026-07-08T00:15:00+0200,151.0,MW,NL,NL,forecast_offshore_wind_generation,Wind Offshore,2026-07-26T16:36:36Z
2026-07-26T16:33:47Z,2026-07-26T18:33:47+0200,74eb74bd-8b1d-47e4-abd1-e66c3ea271fa,2026-07-07T22:30:00Z,2026-07-08T00:30:00+0200,151.0,MW,NL,NL,forecast_offshore_wind_generation,Wind Offshore,2026-07-26T16:36:36Z
2026-07-26T16:33:47Z,2026-07-26T18:33:47+0200,74eb74bd-8b1d-47e4-abd1-e66c3ea271fa,2026-07-07T22:45:00Z,2026-07-08T00:45:00+0200,150.0,MW,NL,NL,forecast_offshore_wind_generation,Wind Offshore,2026-07-26T16:36:36Z
2026-07-26T16:33:47Z,2026-07-26T18:33:47+0200,74eb74bd-8b1d-47e4-abd1-e66c3ea271fa,2026-07-07T23:00:00Z,2026-07-08T01:00:00+0200,149.0,MW,NL,NL,forecast_offshore_wind_generation,Wind Offshore,2026-07-26T16:36:36Z
2026-07-26T16:33:47Z,2026-07-26T18:33:47+0200,74eb74bd-8b1d-47e4-abd1-e66c3ea271fa,2026-07-07T23:15:00Z,2026-07-08T01:15:00+0200,149.0,MW,NL,NL,forecast_offshore_wind_generation,Wind Offshore,2026-07-26T16:36:36Z
2026-07-26T16:33:47Z,2026-07-26T18:33:47+0200,74eb74bd-8b1d-47e4-abd1-e66c3ea271fa,2026-07-07T23:30:00Z,2026-07-08T01:30:00+0200,149.0,MW,NL,NL,forecast_offshore_wind_generation,Wind Offshore,2026-07-26T16:36:36Z
2026-07-26T16:33:47Z,2026-07-26T18:33:47+0200,74eb74bd-8b1d-47e4-abd1-e66c3ea271fa,2026-07-07T23:45:00Z,2026-07-08T01:45:00+0200,150.0,MW,NL,NL,forecast_offshore_wind_generation,Wind Offshore,2026-07-26T16:36:36Z
2026-07-26T16:33:47Z,2026-07-26T18:33:47+0200,74eb74bd-8b1d-47e4-abd1-e66c3ea271fa,2026-07-08T00:00:00Z,2026-07-08T02:00:00+0200,151.0,MW,NL,NL,forecast_offshore_wind_generation,Wind Offshore,2026-07-26T16:36:36Z
2026-07-26T16:33:47Z,2026-07-26T18:33:47+0200,74eb74bd-8b1d-47e4-abd1-e66c3ea271fa,2026-07-08T00:15:00Z,2026-07-08T02:15:00+0200,151.0,MW,NL,NL,forecast_offshore_wind_generation,Wind Offshore,2026-07-26T16:36:36Z
2026-07-26T16:33:47Z,2026-07-26T18:33:47+0200,74eb74bd-8b1d-47e4-abd1-e66c3ea271fa,2026-07-08T00:30:00Z,2026-07-08T02:30:00+0200,152.0,MW,NL,NL,forecast_offshore_wind_generation,Wind Offshore,2026-07-26T16:36:36Z
2026-07-26T16:33:47Z,2026-07-26T18:33:47+0200,74eb74bd-8b1d-47e4-abd1-e66c3ea271fa,2026-07-08T00:45:00Z,2026-07-08T02:45:00+0200,153.0,MW,NL,NL,forecast_offshore_wind_generation,Wind Offshore,2026-07-26T16:36:36Z
2026-07-26T16:33:47Z,2026-07-26T18:33:47+0200,74eb74bd-8b1d-47e4-abd1-e66c3ea271fa,2026-07-08T01:00:00Z,2026-07-08T03:00:00+0200,154.0,MW,NL,NL,forecast_offshore_wind_generation,Wind Offshore,2026-07-26T16:36:36Z
2026-07-26T16:33:47Z,2026-07-26T18:33:47+0200,74eb74bd-8b1d-47e4-abd1-e66c3ea271fa,2026-07-08T01:15:00Z,2026-07-08T03:15:00+0200,155.0,MW,NL,NL,forecast_offshore_wind_generation,Wind Offshore,2026-07-26T16:36:36Z
2026-07-26T16:33:47Z,2026-07-26T18:33:47+0200,74eb74bd-8b1d-47e4-abd1-e66c3ea271fa,2026-07-08T01:30:00Z,2026-07-08T03:30:00+0200,155.0,MW,NL,NL,forecast_offshore_wind_generation,Wind Offshore,2026-07-26T16:36:36Z
2026-07-26T16:33:47Z,2026-07-26T18:33:47+0200,74eb74bd-8b1d-47e4-abd1-e66c3ea271fa,2026-07-08T01:45:00Z,2026-07-08T03:45:00+0200,155.0,MW,NL,NL,forecast_offshore_wind_generation,Wind Offshore,2026-07-26T16:36:36Z
2026-07-26T16:33:47Z,2026-07-26T18:33:47+0200,74eb74bd-8b1d-47e4-abd1-e66c3ea271fa,2026-07-08T02:00:00Z,2026-07-08T04:00:00+0200,156.0,MW,NL,NL,forecast_offshore_wind_generation,Wind Offshore,2026-07-26T16:36:36Z
2026-07-26T16:33:47Z,2026-07-26T18:33:47+0200,74eb74bd-8b1d-47e4-abd1-e66c3ea271fa,2026-07-08T02:15:00Z,2026-07-08T04:15:00+0200,155.0,MW,NL,NL,forecast_offshore_wind_generation,Wind Offshore,2026-07-26T16:36:36Z
2026-07-26T16:33:47Z,2026-07-26T18:33:47+0200,74eb74bd-8b1d-47e4-abd1-e66c3ea271fa,2026-07-08T02:30:00Z,2026-07-08T04:30:00+0200,154.0,MW,NL,NL,forecast_offshore_wind_generation,Wind Offshore,2026-07-26T16:36:36Z
2026-07-26T16:33:47Z,2026-07-26T18:33:47+0200,74eb74bd-8b1d-47e4-abd1-e66c3ea271fa,2026-07-08T02:45:00Z,2026-07-08T04:45:00+0200,153.0,MW,NL,NL,forecast_offshore_wind_generation,Wind Offshore,2026-07-26T16:36:36Z
2026-07-26T16:33:47Z,2026-07-26T18:33:47+0200,74eb74bd-8b1d-47e4-abd1-e66c3ea271fa,2026-07-08T03:00:00Z,2026-07-08T05:00:00+0200,151.0,MW,NL,NL,forecast_offshore_wind_generation,Wind Offshore,2026-07-26T16:36:36Z
2026-07-26T16:33:47Z,2026-07-26T18:33:47+0200,74eb74bd-8b1d-47e4-abd1-e66c3ea271fa,2026-07-08T03:15:00Z,2026-07-08T05:15:00+0200,151.0,MW,NL,NL,forecast_offshore_wind_generation,Wind Offshore,2026-07-26T16:36:36Z
2026-07-26T16:33:47Z,2026-07-26T18:33:47+0200,74eb74bd-8b1d-47e4-abd1-e66c3ea271fa,2026-07-08T03:30:00Z,2026-07-08T05:30:00+0200,150.0,MW,NL,NL,forecast_offshore_wind_generation,Wind Offshore,2026-07-26T16:36:36Z
2026-07-26T16:33:47Z,2026-07-26T18:33:47+0200,74eb74bd-8b1d-47e4-abd1-e66c3ea271fa,2026-07-08T03:45:00Z,2026-07-08T05:45:00+0200,150.0,MW,NL,NL,forecast_offshore_wind_generation,Wind Offshore,2026-07-26T16:36:36Z
2026-07-26T16:33:47Z,2026-07-26T18:33:47+0200,74eb74bd-8b1d-47e4-abd1-e66c3ea271fa,2026-07-08T04:00:00Z,2026-07-08T06:00:00+0200,150.0,MW,NL,NL,forecast_offshore_wind_generation,Wind Offshore,2026-07-26T16:36:36Z
2026-07-26T16:33:47Z,2026-07-26T18:33:47+0200,74eb74bd-8b1d-47e4-abd1-e66c3ea271fa,2026-07-08T04:15:00Z,2026-07-08T06:15:00+0200,151.0,MW,NL,NL,forecast_offshore_wind_generation,Wind Offshore,2026-07-26T16:36:36Z
2026-07-26T16:33:47Z,2026-07-26T18:33:47+0200,74eb74bd-8b1d-47e4-abd1-e66c3ea271fa,2026-07-08T04:30:00Z,2026-07-08T06:30:00+0200,153.0,MW,NL,NL,forecast_offshore_wind_generation,Wind Offshore,2026-07-26T16:36:36Z
2026-07-26T16:33:47Z,2026-07-26T18:33:47+0200,74eb74bd-8b1d-47e4-abd1-e66c3ea271fa,2026-07-08T04:45:00Z,2026-07-08T06:45:00+0200,155.0,MW,NL,NL,forecast_offshore_wind_generation,Wind Offshore,2026-07-26T16:36:36Z
2026-07-26T16:33:47Z,2026-07-26T18:33:47+0200,74eb74bd-8b1d-47e4-abd1-e66c3ea271fa,2026-07-08T05:00:00Z,2026-07-08T07:00:00+0200,157.0,MW,NL,NL,forecast_offshore_wind_generation,Wind Offshore,2026-07-26T16:36:36Z
2026-07-26T16:33:47Z,2026-07-26T18:33:47+0200,74eb74bd-8b1d-47e4-abd1-e66c3ea271fa,2026-07-08T05:15:00Z,2026-07-08T07:15:00+0200,157.0,MW,NL,NL,forecast_offshore_wind_generation,Wind Offshore,2026-07-26T16:36:36Z
2026-07-26T16:33:47Z,2026-07-26T18:33:47+0200,74eb74bd-8b1d-47e4-abd1-e66c3ea271fa,2026-07-08T05:30:00Z,2026-07-08T07:30:00+0200,156.0,MW,NL,NL,forecast_offshore_wind_generation,Wind Offshore,2026-07-26T16:36:36Z
2026-07-26T16:33:47Z,2026-07-26T18:33:47+0200,74eb74bd-8b1d-47e4-abd1-e66c3ea271fa,2026-07-08T05:45:00Z,2026-07-08T07:45:00+0200,155.0,MW,NL,NL,forecast_offshore_wind_generation,Wind Offshore,2026-07-26T16:36:36Z
2026-07-26T16:33:47Z,2026-07-26T18:33:47+0200,74eb74bd-8b1d-47e4-abd1-e66c3ea271fa,2026-07-08T06:00:00Z,2026-07-08T08:00:00+0200,154.0,MW,NL,NL,forecast_offshore_wind_generation,Wind Offshore,2026-07-26T16:36:36Z
2026-07-26T16:33:47Z,2026-07-26T18:33:47+0200,74eb74bd-8b1d-47e4-abd1-e66c3ea271fa,2026-07-08T06:15:00Z,2026-07-08T08:15:00+0200,154.0,MW,NL,NL,forecast_offshore_wind_generation,Wind Offshore,2026-07-26T16:36:36Z
2026-07-26T16:33:47Z,2026-07-26T18:33:47+0200,74eb74bd-8b1d-47e4-abd1-e66c3ea271fa,2026-07-08T06:30:00Z,2026-07-08T08:30:00+0200,157.0,MW,NL,NL,forecast_offshore_wind_generation,Wind Offshore,2026-07-26T16:36:36Z
2026-07-26T16:33:47Z,2026-07-26T18:33:47+0200,74eb74bd-8b1d-47e4-abd1-e66c3ea271fa,2026-07-08T06:45:00Z,2026-07-08T08:45:00+0200,160.0,MW,NL,NL,forecast_offshore_wind_generation,Wind Offshore,2026-07-26T16:36:36Z
2026-07-26T16:33:47Z,2026-07-26T18:33:47+0200,74eb74bd-8b1d-47e4-abd1-e66c3ea271fa,2026-07-08T07:00:00Z,2026-07-08T09:00:00+0200,163.0,MW,NL,NL,forecast_offshore_wind_generation,Wind Offshore,2026-07-26T16:36:36Z
2026-07-26T16:33:47Z,2026-07-26T18:33:47+0200,74eb74bd-8b1d-47e4-abd1-e66c3ea271fa,2026-07-08T07:15:00Z,2026-07-08T09:15:00+0200,167.0,MW,NL,NL,forecast_offshore_wind_generation,Wind Offshore,2026-07-26T16:36:36Z
2026-07-26T16:33:47Z,2026-07-26T18:33:47+0200,74eb74bd-8b1d-47e4-abd1-e66c3ea271fa,2026-07-08T07:30:00Z,2026-07-08T09:30:00+0200,170.0,MW,NL,NL,forecast_offshore_wind_generation,Wind Offshore,2026-07-26T16:36:36Z
2026-07-26T16:33:47Z,2026-07-26T18:33:47+0200,74eb74bd-8b1d-47e4-abd1-e66c3ea271fa,2026-07-08T07:45:00Z,2026-07-08T09:45:00+0200,174.0,MW,NL,NL,forecast_offshore_wind_generation,Wind Offshore,2026-07-26T16:36:36Z
2026-07-26T16:33:47Z,2026-07-26T18:33:47+0200,74eb74bd-8b1d-47e4-abd1-e66c3ea271fa,2026-07-08T08:00:00Z,2026-07-08T10:00:00+0200,177.0,MW,NL,NL,forecast_offshore_wind_generation,Wind Offshore,2026-07-26T16:36:36Z
2026-07-26T16:33:47Z,2026-07-26T18:33:47+0200,74eb74bd-8b1d-47e4-abd1-e66c3ea271fa,2026-07-08T08:15:00Z,2026-07-08T10:15:00+0200,182.0,MW,NL,NL,forecast_offshore_wind_generation,Wind Offshore,2026-07-26T16:36:36Z
2026-07-26T16:33:47Z,2026-07-26T18:33:47+0200,74eb74bd-8b1d-47e4-abd1-e66c3ea271fa,2026-07-08T08:30:00Z,2026-07-08T10:30:00+0200,190.0,MW,NL,NL,forecast_offshore_wind_generation,Wind Offshore,2026-07-26T16:36:36Z
2026-07-26T16:33:47Z,2026-07-26T18:33:47+0200,74eb74bd-8b1d-47e4-abd1-e66c3ea271fa,2026-07-08T08:45:00Z,2026-07-08T10:45:00+0200,197.0,MW,NL,NL,forecast_offshore_wind_generation,Wind Offshore,2026-07-26T16:36:36Z
2026-07-26T16:33:47Z,2026-07-26T18:33:47+0200,74eb74bd-8b1d-47e4-abd1-e66c3ea271fa,2026-07-08T09:00:00Z,2026-07-08T11:00:00+0200,205.0,MW,NL,NL,forecast_offshore_wind_generation,Wind Offshore,2026-07-26T16:36:36Z
2026-07-26T16:33:47Z,2026-07-26T18:33:47+0200,74eb74bd-8b1d-47e4-abd1-e66c3ea271fa,2026-07-08T09:15:00Z,2026-07-08T11:15:00+0200,210.0,MW,NL,NL,forecast_offshore_wind_generation,Wind Offshore,2026-07-26T16:36:36Z
2026-07-26T16:33:47Z,2026-07-26T18:33:47+0200,74eb74bd-8b1d-47e4-abd1-e66c3ea271fa,2026-07-08T09:30:00Z,2026-07-08T11:30:00+0200,214.0,MW,NL,NL,forecast_offshore_wind_generation,Wind Offshore,2026-07-26T16:36:36Z
2026-07-26T16:33:47Z,2026-07-26T18:33:47+0200,74eb74bd-8b1d-47e4-abd1-e66c3ea271fa,2026-07-08T09:45:00Z,2026-07-08T11:45:00+0200,217.0,MW,NL,NL,forecast_offshore_wind_generation,Wind Offshore,2026-07-26T16:36:36Z
2026-07-26T16:33:47Z,2026-07-26T18:33:47+0200,74eb74bd-8b1d-47e4-abd1-e66c3ea271fa,2026-07-08T10:00:00Z,2026-07-08T12:00:00+0200,221.0,MW,NL,NL,forecast_offshore_wind_generation,Wind Offshore,2026-07-26T16:36:36Z
2026-07-26T16:33:47Z,2026-07-26T18:33:47+0200,74eb74bd-8b1d-47e4-abd1-e66c3ea271fa,2026-07-08T10:15:00Z,2026-07-08T12:15:00+0200,224.0,MW,NL,NL,forecast_offshore_wind_generation,Wind Offshore,2026-07-26T16:36:36Z
2026-07-26T16:33:47Z,2026-07-26T18:33:47+0200,74eb74bd-8b1d-47e4-abd1-e66c3ea271fa,2026-07-08T10:30:00Z,2026-07-08T12:30:00+0200,228.0,MW,NL,NL,forecast_offshore_wind_generation,Wind Offshore,2026-07-26T16:36:36Z
2026-07-26T16:33:47Z,2026-07-26T18:33:47+0200,74eb74bd-8b1d-47e4-abd1-e66c3ea271fa,2026-07-08T10:45:00Z,2026-07-08T12:45:00+0200,231.0,MW,NL,NL,forecast_offshore_wind_generation,Wind Offshore,2026-07-26T16:36:36Z
2026-07-26T16:33:47Z,2026-07-26T18:33:47+0200,74eb74bd-8b1d-47e4-abd1-e66c3ea271fa,2026-07-08T11:00:00Z,2026-07-08T13:00:00+0200,234.0,MW,NL,NL,forecast_offshore_wind_generation,Wind Offshore,2026-07-26T16:36:36Z
2026-07-26T16:33:47Z,2026-07-26T18:33:47+0200,74eb74bd-8b1d-47e4-abd1-e66c3ea271fa,2026-07-08T11:15:00Z,2026-07-08T13:15:00+0200,238.0,MW,NL,NL,forecast_offshore_wind_generation,Wind Offshore,2026-07-26T16:36:36Z
2026-07-26T16:33:47Z,2026-07-26T18:33:47+0200,74eb74bd-8b1d-47e4-abd1-e66c3ea271fa,2026-07-08T11:30:00Z,2026-07-08T13:30:00+0200,244.0,MW,NL,NL,forecast_offshore_wind_generation,Wind Offshore,2026-07-26T16:36:36Z
2026-07-26T16:33:47Z,2026-07-26T18:33:47+0200,74eb74bd-8b1d-47e4-abd1-e66c3ea271fa,2026-07-08T11:45:00Z,2026-07-08T13:45:00+0200,249.0,MW,NL,NL,forecast_offshore_wind_generation,Wind Offshore,2026-07-26T16:36:36Z
2026-07-26T16:33:47Z,2026-07-26T18:33:47+0200,74eb74bd-8b1d-47e4-abd1-e66c3ea271fa,2026-07-08T12:00:00Z,2026-07-08T14:00:00+0200,255.0,MW,NL,NL,forecast_offshore_wind_generation,Wind Offshore,2026-07-26T16:36:36Z
2026-07-26T16:33:47Z,2026-07-26T18:33:47+0200,74eb74bd-8b1d-47e4-abd1-e66c3ea271fa,2026-07-08T12:15:00Z,2026-07-08T14:15:00+0200,256.0,MW,NL,NL,forecast_offshore_wind_generation,Wind Offshore,2026-07-26T16:36:36Z
2026-07-26T16:33:47Z,2026-07-26T18:33:47+0200,74eb74bd-8b1d-47e4-abd1-e66c3ea271fa,2026-07-08T12:30:00Z,2026-07-08T14:30:00+0200,254.0,MW,NL,NL,forecast_offshore_wind_generation,Wind Offshore,2026-07-26T16:36:36Z
2026-07-26T16:33:47Z,2026-07-26T18:33:47+0200,74eb74bd-8b1d-47e4-abd1-e66c3ea271fa,2026-07-08T12:45:00Z,2026-07-08T14:45:00+0200,252.0,MW,NL,NL,forecast_offshore_wind_generation,Wind Offshore,2026-07-26T16:36:36Z
2026-07-26T16:33:47Z,2026-07-26T18:33:47+0200,74eb74bd-8b1d-47e4-abd1-e66c3ea271fa,2026-07-08T13:00:00Z,2026-07-08T15:00:00+0200,250.0,MW,NL,NL,forecast_offshore_wind_generation,Wind Offshore,2026-07-26T16:36:36Z
2026-07-26T16:33:47Z,2026-07-26T18:33:47+0200,74eb74bd-8b1d-47e4-abd1-e66c3ea271fa,2026-07-08T13:15:00Z,2026-07-08T15:15:00+0200,247.0,MW,NL,NL,forecast_offshore_wind_generation,Wind Offshore,2026-07-26T16:36:36Z
2026-07-26T16:33:47Z,2026-07-26T18:33:47+0200,74eb74bd-8b1d-47e4-abd1-e66c3ea271fa,2026-07-08T13:30:00Z,2026-07-08T15:30:00+0200,243.0,MW,NL,NL,forecast_offshore_wind_generation,Wind Offshore,2026-07-26T16:36:36Z
2026-07-26T16:33:47Z,2026-07-26T18:33:47+0200,74eb74bd-8b1d-47e4-abd1-e66c3ea271fa,2026-07-08T13:45:00Z,2026-07-08T15:45:00+0200,239.0,MW,NL,NL,forecast_offshore_wind_generation,Wind Offshore,2026-07-26T16:36:36Z
2026-07-26T16:33:47Z,2026-07-26T18:33:47+0200,74eb74bd-8b1d-47e4-abd1-e66c3ea271fa,2026-07-08T14:00:00Z,2026-07-08T16:00:00+0200,236.0,MW,NL,NL,forecast_offshore_wind_generation,Wind Offshore,2026-07-26T16:36:36Z
2026-07-26T16:33:47Z,2026-07-26T18:33:47+0200,74eb74bd-8b1d-47e4-abd1-e66c3ea271fa,2026-07-08T14:15:00Z,2026-07-08T16:15:00+0200,233.0,MW,NL,NL,forecast_offshore_wind_generation,Wind Offshore,2026-07-26T16:36:36Z
2026-07-26T16:33:47Z,2026-07-26T18:33:47+0200,74eb74bd-8b1d-47e4-abd1-e66c3ea271fa,2026-07-08T14:30:00Z,2026-07-08T16:30:00+0200,232.0,MW,NL,NL,forecast_offshore_wind_generation,Wind Offshore,2026-07-26T16:36:36Z
2026-07-26T16:33:47Z,2026-07-26T18:33:47+0200,74eb74bd-8b1d-47e4-abd1-e66c3ea271fa,2026-07-08T14:45:00Z,2026-07-08T16:45:00+0200,231.0,MW,NL,NL,forecast_offshore_wind_generation,Wind Offshore,2026-07-26T16:36:36Z
2026-07-26T16:33:47Z,2026-07-26T18:33:47+0200,74eb74bd-8b1d-47e4-abd1-e66c3ea271fa,2026-07-08T15:00:00Z,2026-07-08T17:00:00+0200,229.0,MW,NL,NL,forecast_offshore_wind_generation,Wind Offshore,2026-07-26T16:36:36Z
2026-07-26T16:33:47Z,2026-07-26T18:33:47+0200,74eb74bd-8b1d-47e4-abd1-e66c3ea271fa,2026-07-08T15:15:00Z,2026-07-08T17:15:00+0200,226.0,MW,NL,NL,forecast_offshore_wind_generation,Wind Offshore,2026-07-26T16:36:36Z
2026-07-26T16:33:47Z,2026-07-26T18:33:47+0200,74eb74bd-8b1d-47e4-abd1-e66c3ea271fa,2026-07-08T15:30:00Z,2026-07-08T17:30:00+0200,219.0,MW,NL,NL,forecast_offshore_wind_generation,Wind Offshore,2026-07-26T16:36:36Z
2026-07-26T16:33:47Z,2026-07-26T18:33:47+0200,74eb74bd-8b1d-47e4-abd1-e66c3ea271fa,2026-07-08T15:45:00Z,2026-07-08T17:45:00+0200,213.0,MW,NL,NL,forecast_offshore_wind_generation,Wind Offshore,2026-07-26T16:36:36Z
2026-07-26T16:33:47Z,2026-07-26T18:33:47+0200,74eb74bd-8b1d-47e4-abd1-e66c3ea271fa,2026-07-08T16:00:00Z,2026-07-08T18:00:00+0200,207.0,MW,NL,NL,forecast_offshore_wind_generation,Wind Offshore,2026-07-26T16:36:36Z
2026-07-26T16:33:47Z,2026-07-26T18:33:47+0200,74eb74bd-8b1d-47e4-abd1-e66c3ea271fa,2026-07-08T16:15:00Z,2026-07-08T18:15:00+0200,196.0,MW,NL,NL,forecast_offshore_wind_generation,Wind Offshore,2026-07-26T16:36:36Z
2026-07-26T16:33:47Z,2026-07-26T18:33:47+0200,74eb74bd-8b1d-47e4-abd1-e66c3ea271fa,2026-07-08T16:30:00Z,2026-07-08T18:30:00+0200,181.0,MW,NL,NL,forecast_offshore_wind_generation,Wind Offshore,2026-07-26T16:36:36Z
2026-07-26T16:33:47Z,2026-07-26T18:33:47+0200,74eb74bd-8b1d-47e4-abd1-e66c3ea271fa,2026-07-08T16:45:00Z,2026-07-08T18:45:00+0200,166.0,MW,NL,NL,forecast_offshore_wind_generation,Wind Offshore,2026-07-26T16:36:36Z
2026-07-26T16:33:47Z,2026-07-26T18:33:47+0200,74eb74bd-8b1d-47e4-abd1-e66c3ea271fa,2026-07-08T17:00:00Z,2026-07-08T19:00:00+0200,151.0,MW,NL,NL,forecast_offshore_wind_generation,Wind Offshore,2026-07-26T16:36:36Z
2026-07-26T16:33:47Z,2026-07-26T18:33:47+0200,74eb74bd-8b1d-47e4-abd1-e66c3ea271fa,2026-07-08T17:15:00Z,2026-07-08T19:15:00+0200,138.0,MW,NL,NL,forecast_offshore_wind_generation,Wind Offshore,2026-07-26T16:36:36Z
2026-07-26T16:33:47Z,2026-07-26T18:33:47+0200,74eb74bd-8b1d-47e4-abd1-e66c3ea271fa,2026-07-08T17:30:00Z,2026-07-08T19:30:00+0200,127.0,MW,NL,NL,forecast_offshore_wind_generation,Wind Offshore,2026-07-26T16:36:36Z
2026-07-26T16:33:47Z,2026-07-26T18:33:47+0200,74eb74bd-8b1d-47e4-abd1-e66c3ea271fa,2026-07-08T17:45:00Z,2026-07-08T19:45:00+0200,117.0,MW,NL,NL,forecast_offshore_wind_generation,Wind Offshore,2026-07-26T16:36:36Z
2026-07-26T16:33:47Z,2026-07-26T18:33:47+0200,74eb74bd-8b1d-47e4-abd1-e66c3ea271fa,2026-07-08T18:00:00Z,2026-07-08T20:00:00+0200,106.0,MW,NL,NL,forecast_offshore_wind_generation,Wind Offshore,2026-07-26T16:36:36Z
2026-07-26T16:33:47Z,2026-07-26T18:33:47+0200,74eb74bd-8b1d-47e4-abd1-e66c3ea271fa,2026-07-08T18:15:00Z,2026-07-08T20:15:00+0200,100.0,MW,NL,NL,forecast_offshore_wind_generation,Wind Offshore,2026-07-26T16:36:36Z
2026-07-26T16:33:47Z,2026-07-26T18:33:47+0200,74eb74bd-8b1d-47e4-abd1-e66c3ea271fa,2026-07-08T18:30:00Z,2026-07-08T20:30:00+0200,101.0,MW,NL,NL,forecast_offshore_wind_generation,Wind Offshore,2026-07-26T16:36:36Z
2026-07-26T16:33:47Z,2026-07-26T18:33:47+0200,74eb74bd-8b1d-47e4-abd1-e66c3ea271fa,2026-07-08T18:45:00Z,2026-07-08T20:45:00+0200,101.0,MW,NL,NL,forecast_offshore_wind_generation,Wind Offshore,2026-07-26T16:36:36Z
2026-07-26T16:33:47Z,2026-07-26T18:33:47+0200,74eb74bd-8b1d-47e4-abd1-e66c3ea271fa,2026-07-08T19:00:00Z,2026-07-08T21:00:00+0200,102.0,MW,NL,NL,forecast_offshore_wind_generation,Wind Offshore,2026-07-26T16:36:36Z
2026-07-26T16:33:47Z,2026-07-26T18:33:47+0200,74eb74bd-8b1d-47e4-abd1-e66c3ea271fa,2026-07-08T19:15:00Z,2026-07-08T21:15:00+0200,102.0,MW,NL,NL,forecast_offshore_wind_generation,Wind Offshore,2026-07-26T16:36:36Z
2026-07-26T16:33:47Z,2026-07-26T18:33:47+0200,74eb74bd-8b1d-47e4-abd1-e66c3ea271fa,2026-07-08T19:30:00Z,2026-07-08T21:30:00+0200,101.0,MW,NL,NL,forecast_offshore_wind_generation,Wind Offshore,2026-07-26T16:36:36Z
2026-07-26T16:33:47Z,2026-07-26T18:33:47+0200,74eb74bd-8b1d-47e4-abd1-e66c3ea271fa,2026-07-08T19:45:00Z,2026-07-08T21:45:00+0200,101.0,MW,NL,NL,forecast_offshore_wind_generation,Wind Offshore,2026-07-26T16:36:36Z
2026-07-26T16:33:47Z,2026-07-26T18:33:47+0200,74eb74bd-8b1d-47e4-abd1-e66c3ea271fa,2026-07-08T20:00:00Z,2026-07-08T22:00:00+0200,100.0,MW,NL,NL,forecast_offshore_wind_generation,Wind Offshore,2026-07-26T16:36:36Z
2026-07-26T16:33:47Z,2026-07-26T18:33:47+0200,74eb74bd-8b1d-47e4-abd1-e66c3ea271fa,2026-07-08T20:15:00Z,2026-07-08T22:15:00+0200,100.0,MW,NL,NL,forecast_offshore_wind_generation,Wind Offshore,2026-07-26T16:36:36Z
2026-07-26T16:33:47Z,2026-07-26T18:33:47+0200,74eb74bd-8b1d-47e4-abd1-e66c3ea271fa,2026-07-08T20:30:00Z,2026-07-08T22:30:00+0200,99.0,MW,NL,NL,forecast_offshore_wind_generation,Wind Offshore,2026-07-26T16:36:36Z
2026-07-26T16:33:47Z,2026-07-26T18:33:47+0200,74eb74bd-8b1d-47e4-abd1-e66c3ea271fa,2026-07-08T20:45:00Z,2026-07-08T22:45:00+0200,99.0,MW,NL,NL,forecast_offshore_wind_generation,Wind Offshore,2026-07-26T16:36:36Z
2026-07-26T16:33:47Z,2026-07-26T18:33:47+0200,74eb74bd-8b1d-47e4-abd1-e66c3ea271fa,2026-07-08T21:00:00Z,2026-07-08T23:00:00+0200,99.0,MW,NL,NL,forecast_offshore_wind_generation,Wind Offshore,2026-07-26T16:36:36Z
2026-07-26T16:33:47Z,2026-07-26T18:33:47+0200,74eb74bd-8b1d-47e4-abd1-e66c3ea271fa,2026-07-08T21:15:00Z,2026-07-08T23:15:00+0200,96.0,MW,NL,NL,forecast_offshore_wind_generation,Wind Offshore,2026-07-26T16:36:36Z
2026-07-26T16:33:47Z,2026-07-26T18:33:47+0200,74eb74bd-8b1d-47e4-abd1-e66c3ea271fa,2026-07-08T21:30:00Z,2026-07-08T23:30:00+0200,91.0,MW,NL,NL,forecast_offshore_wind_generation,Wind Offshore,2026-07-26T16:36:36Z
2026-07-26T16:33:47Z,2026-07-26T18:33:47+0200,74eb74bd-8b1d-47e4-abd1-e66c3ea271fa,2026-07-08T21:45:00Z,2026-07-08T23:45:00+0200,85.0,MW,NL,NL,forecast_offshore_wind_generation,Wind Offshore,2026-07-26T16:36:36Z
2026-07-26T16:33:47Z,2026-07-26T18:33:47+0200,74eb74bd-8b1d-47e4-abd1-e66c3ea271fa,2026-07-08T22:00:00Z,2026-07-09T00:00:00+0200,46.0,MW,NL,NL,forecast_offshore_wind_generation,Wind Offshore,2026-07-26T16:36:36Z
2026-07-26T16:33:47Z,2026-07-26T18:33:47+0200,74eb74bd-8b1d-47e4-abd1-e66c3ea271fa,2026-07-08T22:15:00Z,2026-07-09T00:15:00+0200,46.0,MW,NL,NL,forecast_offshore_wind_generation,Wind Offshore,2026-07-26T16:36:36Z
2026-07-26T16:33:47Z,2026-07-26T18:33:47+0200,74eb74bd-8b1d-47e4-abd1-e66c3ea271fa,2026-07-08T22:30:00Z,2026-07-09T00:30:00+0200,45.0,MW,NL,NL,forecast_offshore_wind_generation,Wind Offshore,2026-07-26T16:36:36Z
2026-07-26T16:33:47Z,2026-07-26T18:33:47+0200,74eb74bd-8b1d-47e4-abd1-e66c3ea271fa,2026-07-08T22:45:00Z,2026-07-09T00:45:00+0200,45.0,MW,NL,NL,forecast_offshore_wind_generation,Wind Offshore,2026-07-26T16:36:36Z
2026-07-26T16:33:47Z,2026-07-26T18:33:47+0200,74eb74bd-8b1d-47e4-abd1-e66c3ea271fa,2026-07-08T23:00:00Z,2026-07-09T01:00:00+0200,45.0,MW,NL,NL,forecast_offshore_wind_generation,Wind Offshore,2026-07-26T16:36:36Z
2026-07-26T16:33:47Z,2026-07-26T18:33:47+0200,74eb74bd-8b1d-47e4-abd1-e66c3ea271fa,2026-07-08T23:15:00Z,2026-07-09T01:15:00+0200,44.0,MW,NL,NL,forecast_offshore_wind_generation,Wind Offshore,2026-07-26T16:36:36Z
2026-07-26T16:33:47Z,2026-07-26T18:33:47+0200,74eb74bd-8b1d-47e4-abd1-e66c3ea271fa,2026-07-08T23:30:00Z,2026-07-09T01:30:00+0200,42.0,MW,NL,NL,forecast_offshore_wind_generation,Wind Offshore,2026-07-26T16:36:36Z
2026-07-26T16:33:47Z,2026-07-26T18:33:47+0200,74eb74bd-8b1d-47e4-abd1-e66c3ea271fa,2026-07-08T23:45:00Z,2026-07-09T01:45:00+0200,41.0,MW,NL,NL,forecast_offshore_wind_generation,Wind Offshore,2026-07-26T16:36:36Z
2026-07-26T16:33:47Z,2026-07-26T18:33:47+0200,74eb74bd-8b1d-47e4-abd1-e66c3ea271fa,2026-07-09T00:00:00Z,2026-07-09T02:00:00+0200,40.0,MW,NL,NL,forecast_offshore_wind_generation,Wind Offshore,2026-07-26T16:36:36Z
2026-07-26T16:33:47Z,2026-07-26T18:33:47+0200,74eb74bd-8b1d-47e4-abd1-e66c3ea271fa,2026-07-09T00:15:00Z,2026-07-09T02:15:00+0200,39.0,MW,NL,NL,forecast_offshore_wind_generation,Wind Offshore,2026-07-26T16:36:36Z
2026-07-26T16:33:47Z,2026-07-26T18:33:47+0200,74eb74bd-8b1d-47e4-abd1-e66c3ea271fa,2026-07-09T00:30:00Z,2026-07-09T02:30:00+0200,39.0,MW,NL,NL,forecast_offshore_wind_generation,Wind Offshore,2026-07-26T16:36:36Z
2026-07-26T16:33:47Z,2026-07-26T18:33:47+0200,74eb74bd-8b1d-47e4-abd1-e66c3ea271fa,2026-07-09T00:45:00Z,2026-07-09T02:45:00+0200,38.0,MW,NL,NL,forecast_offshore_wind_generation,Wind Offshore,2026-07-26T16:36:36Z
2026-07-26T16:33:47Z,2026-07-26T18:33:47+0200,74eb74bd-8b1d-47e4-abd1-e66c3ea271fa,2026-07-09T01:00:00Z,2026-07-09T03:00:00+0200,38.0,MW,NL,NL,forecast_offshore_wind_generation,Wind Offshore,2026-07-26T16:36:36Z
2026-07-26T16:33:47Z,2026-07-26T18:33:47+0200,74eb74bd-8b1d-47e4-abd1-e66c3ea271fa,2026-07-09T01:15:00Z,2026-07-09T03:15:00+0200,38.0,MW,NL,NL,forecast_offshore_wind_generation,Wind Offshore,2026-07-26T16:36:36Z
2026-07-26T16:33:47Z,2026-07-26T18:33:47+0200,74eb74bd-8b1d-47e4-abd1-e66c3ea271fa,2026-07-09T01:30:00Z,2026-07-09T03:30:00+0200,38.0,MW,NL,NL,forecast_offshore_wind_generation,Wind Offshore,2026-07-26T16:36:36Z
2026-07-26T16:33:47Z,2026-07-26T18:33:47+0200,74eb74bd-8b1d-47e4-abd1-e66c3ea271fa,2026-07-09T01:45:00Z,2026-07-09T03:45:00+0200,37.0,MW,NL,NL,forecast_offshore_wind_generation,Wind Offshore,2026-07-26T16:36:36Z
2026-07-26T16:33:47Z,2026-07-26T18:33:47+0200,74eb74bd-8b1d-47e4-abd1-e66c3ea271fa,2026-07-09T02:00:00Z,2026-07-09T04:00:00+0200,37.0,MW,NL,NL,forecast_offshore_wind_generation,Wind Offshore,2026-07-26T16:36:36Z
2026-07-26T16:33:47Z,2026-07-26T18:33:47+0200,74eb74bd-8b1d-47e4-abd1-e66c3ea271fa,2026-07-09T02:15:00Z,2026-07-09T04:15:00+0200,37.0,MW,NL,NL,forecast_offshore_wind_generation,Wind Offshore,2026-07-26T16:36:36Z
2026-07-26T16:33:47Z,2026-07-26T18:33:47+0200,74eb74bd-8b1d-47e4-abd1-e66c3ea271fa,2026-07-09T02:30:00Z,2026-07-09T04:30:00+0200,38.0,MW,NL,NL,forecast_offshore_wind_generation,Wind Offshore,2026-07-26T16:36:36Z
2026-07-26T16:33:47Z,2026-07-26T18:33:47+0200,74eb74bd-8b1d-47e4-abd1-e66c3ea271fa,2026-07-09T02:45:00Z,2026-07-09T04:45:00+0200,39.0,MW,NL,NL,forecast_offshore_wind_generation,Wind Offshore,2026-07-26T16:36:36Z
2026-07-26T16:33:47Z,2026-07-26T18:33:47+0200,74eb74bd-8b1d-47e4-abd1-e66c3ea271fa,2026-07-09T03:00:00Z,2026-07-09T05:00:00+0200,40.0,MW,NL,NL,forecast_offshore_wind_generation,Wind Offshore,2026-07-26T16:36:36Z
2026-07-26T16:33:47Z,2026-07-26T18:33:47+0200,74eb74bd-8b1d-47e4-abd1-e66c3ea271fa,2026-07-09T03:15:00Z,2026-07-09T05:15:00+0200,39.0,MW,NL,NL,forecast_offshore_wind_generation,Wind Offshore,2026-07-26T16:36:36Z
2026-07-26T16:33:47Z,2026-07-26T18:33:47+0200,74eb74bd-8b1d-47e4-abd1-e66c3ea271fa,2026-07-09T03:30:00Z,2026-07-09T05:30:00+0200,38.0,MW,NL,NL,forecast_offshore_wind_generation,Wind Offshore,2026-07-26T16:36:36Z
2026-07-26T16:33:47Z,2026-07-26T18:33:47+0200,74eb74bd-8b1d-47e4-abd1-e66c3ea271fa,2026-07-09T03:45:00Z,2026-07-09T05:45:00+0200,36.0,MW,NL,NL,forecast_offshore_wind_generation,Wind Offshore,2026-07-26T16:36:36Z
2026-07-26T16:33:47Z,2026-07-26T18:33:47+0200,74eb74bd-8b1d-47e4-abd1-e66c3ea271fa,2026-07-09T04:00:00Z,2026-07-09T06:00:00+0200,34.0,MW,NL,NL,forecast_offshore_wind_generation,Wind Offshore,2026-07-26T16:36:36Z
2026-07-26T16:33:47Z,2026-07-26T18:33:47+0200,74eb74bd-8b1d-47e4-abd1-e66c3ea271fa,2026-07-09T04:15:00Z,2026-07-09T06:15:00+0200,34.0,MW,NL,NL,forecast_offshore_wind_generation,Wind Offshore,2026-07-26T16:36:36Z
2026-07-26T16:33:47Z,2026-07-26T18:33:47+0200,74eb74bd-8b1d-47e4-abd1-e66c3ea271fa,2026-07-09T04:30:00Z,2026-07-09T06:30:00+0200,34.0,MW,NL,NL,forecast_offshore_wind_generation,Wind Offshore,2026-07-26T16:36:36Z
2026-07-26T16:33:47Z,2026-07-26T18:33:47+0200,74eb74bd-8b1d-47e4-abd1-e66c3ea271fa,2026-07-09T04:45:00Z,2026-07-09T06:45:00+0200,35.0,MW,NL,NL,forecast_offshore_wind_generation,Wind Offshore,2026-07-26T16:36:36Z
2026-07-26T16:33:47Z,2026-07-26T18:33:47+0200,74eb74bd-8b1d-47e4-abd1-e66c3ea271fa,2026-07-09T05:00:00Z,2026-07-09T07:00:00+0200,35.0,MW,NL,NL,forecast_offshore_wind_generation,Wind Offshore,2026-07-26T16:36:36Z
2026-07-26T16:33:47Z,2026-07-26T18:33:47+0200,74eb74bd-8b1d-47e4-abd1-e66c3ea271fa,2026-07-09T05:15:00Z,2026-07-09T07:15:00+0200,37.0,MW,NL,NL,forecast_offshore_wind_generation,Wind Offshore,2026-07-26T16:36:36Z
2026-07-26T16:33:47Z,2026-07-26T18:33:47+0200,74eb74bd-8b1d-47e4-abd1-e66c3ea271fa,2026-07-09T05:30:00Z,2026-07-09T07:30:00+0200,39.0,MW,NL,NL,forecast_offshore_wind_generation,Wind Offshore,2026-07-26T16:36:36Z
2026-07-26T16:33:47Z,2026-07-26T18:33:47+0200,74eb74bd-8b1d-47e4-abd1-e66c3ea271fa,2026-07-09T05:45:00Z,2026-07-09T07:45:00+0200,41.0,MW,NL,NL,forecast_offshore_wind_generation,Wind Offshore,2026-07-26T16:36:36Z
2026-07-26T16:33:47Z,2026-07-26T18:33:47+0200,74eb74bd-8b1d-47e4-abd1-e66c3ea271fa,2026-07-09T06:00:00Z,2026-07-09T08:00:00+0200,43.0,MW,NL,NL,forecast_offshore_wind_generation,Wind Offshore,2026-07-26T16:36:36Z
2026-07-26T16:33:47Z,2026-07-26T18:33:47+0200,74eb74bd-8b1d-47e4-abd1-e66c3ea271fa,2026-07-09T06:15:00Z,2026-07-09T08:15:00+0200,44.0,MW,NL,NL,forecast_offshore_wind_generation,Wind Offshore,2026-07-26T16:36:36Z
2026-07-26T16:33:47Z,2026-07-26T18:33:47+0200,74eb74bd-8b1d-47e4-abd1-e66c3ea271fa,2026-07-09T06:30:00Z,2026-07-09T08:30:00+0200,44.0,MW,NL,NL,forecast_offshore_wind_generation,Wind Offshore,2026-07-26T16:36:36Z
2026-07-26T16:33:47Z,2026-07-26T18:33:47+0200,74eb74bd-8b1d-47e4-abd1-e66c3ea271fa,2026-07-09T06:45:00Z,2026-07-09T08:45:00+0200,45.0,MW,NL,NL,forecast_offshore_wind_generation,Wind Offshore,2026-07-26T16:36:36Z
2026-07-26T16:33:47Z,2026-07-26T18:33:47+0200,74eb74bd-8b1d-47e4-abd1-e66c3ea271fa,2026-07-09T07:00:00Z,2026-07-09T09:00:00+0200,45.0,MW,NL,NL,forecast_offshore_wind_generation,Wind Offshore,2026-07-26T16:36:36Z
2026-07-26T16:33:47Z,2026-07-26T18:33:47+0200,74eb74bd-8b1d-47e4-abd1-e66c3ea271fa,2026-07-09T07:15:00Z,2026-07-09T09:15:00+0200,45.0,MW,NL,NL,forecast_offshore_wind_generation,Wind Offshore,2026-07-26T16:36:36Z
2026-07-26T16:33:47Z,2026-07-26T18:33:47+0200,74eb74bd-8b1d-47e4-abd1-e66c3ea271fa,2026-07-09T07:30:00Z,2026-07-09T09:30:00+0200,46.0,MW,NL,NL,forecast_offshore_wind_generation,Wind Offshore,2026-07-26T16:36:36Z
2026-07-26T16:33:47Z,2026-07-26T18:33:47+0200,74eb74bd-8b1d-47e4-abd1-e66c3ea271fa,2026-07-09T07:45:00Z,2026-07-09T09:45:00+0200,48.0,MW,NL,NL,forecast_offshore_wind_generation,Wind Offshore,2026-07-26T16:36:36Z
2026-07-26T16:33:47Z,2026-07-26T18:33:47+0200,74eb74bd-8b1d-47e4-abd1-e66c3ea271fa,2026-07-09T08:00:00Z,2026-07-09T10:00:00+0200,49.0,MW,NL,NL,forecast_offshore_wind_generation,Wind Offshore,2026-07-26T16:36:36Z
2026-07-26T16:33:47Z,2026-07-26T18:33:47+0200,74eb74bd-8b1d-47e4-abd1-e66c3ea271fa,2026-07-09T08:15:00Z,2026-07-09T10:15:00+0200,50.0,MW,NL,NL,forecast_offshore_wind_generation,Wind Offshore,2026-07-26T16:36:36Z
2026-07-26T16:33:47Z,2026-07-26T18:33:47+0200,74eb74bd-8b1d-47e4-abd1-e66c3ea271fa,2026-07-09T08:30:00Z,2026-07-09T10:30:00+0200,51.0,MW,NL,NL,forecast_offshore_wind_generation,Wind Offshore,2026-07-26T16:36:36Z
2026-07-26T16:33:47Z,2026-07-26T18:33:47+0200,74eb74bd-8b1d-47e4-abd1-e66c3ea271fa,2026-07-09T08:45:00Z,2026-07-09T10:45:00+0200,52.0,MW,NL,NL,forecast_offshore_wind_generation,Wind Offshore,2026-07-26T16:36:36Z
2026-07-26T16:33:47Z,2026-07-26T18:33:47+0200,74eb74bd-8b1d-47e4-abd1-e66c3ea271fa,2026-07-09T09:00:00Z,2026-07-09T11:00:00+0200,53.0,MW,NL,NL,forecast_offshore_wind_generation,Wind Offshore,2026-07-26T16:36:36Z
2026-07-26T16:33:47Z,2026-07-26T18:33:47+0200,74eb74bd-8b1d-47e4-abd1-e66c3ea271fa,2026-07-09T09:15:00Z,2026-07-09T11:15:00+0200,54.0,MW,NL,NL,forecast_offshore_wind_generation,Wind Offshore,2026-07-26T16:36:36Z
2026-07-26T16:33:47Z,2026-07-26T18:33:47+0200,74eb74bd-8b1d-47e4-abd1-e66c3ea271fa,2026-07-09T09:30:00Z,2026-07-09T11:30:00+0200,56.0,MW,NL,NL,forecast_offshore_wind_generation,Wind Offshore,2026-07-26T16:36:36Z
2026-07-26T16:33:47Z,2026-07-26T18:33:47+0200,74eb74bd-8b1d-47e4-abd1-e66c3ea271fa,2026-07-09T09:45:00Z,2026-07-09T11:45:00+0200,58.0,MW,NL,NL,forecast_offshore_wind_generation,Wind Offshore,2026-07-26T16:36:36Z
2026-07-26T16:33:47Z,2026-07-26T18:33:47+0200,74eb74bd-8b1d-47e4-abd1-e66c3ea271fa,2026-07-09T10:00:00Z,2026-07-09T12:00:00+0200,60.0,MW,NL,NL,forecast_offshore_wind_generation,Wind Offshore,2026-07-26T16:36:36Z
2026-07-26T16:33:47Z,2026-07-26T18:33:47+0200,74eb74bd-8b1d-47e4-abd1-e66c3ea271fa,2026-07-09T10:15:00Z,2026-07-09T12:15:00+0200,66.0,MW,NL,NL,forecast_offshore_wind_generation,Wind Offshore,2026-07-26T16:36:36Z
2026-07-26T16:33:47Z,2026-07-26T18:33:47+0200,74eb74bd-8b1d-47e4-abd1-e66c3ea271fa,2026-07-09T10:30:00Z,2026-07-09T12:30:00+0200,74.0,MW,NL,NL,forecast_offshore_wind_generation,Wind Offshore,2026-07-26T16:36:36Z
2026-07-26T16:33:47Z,2026-07-26T18:33:47+0200,74eb74bd-8b1d-47e4-abd1-e66c3ea271fa,2026-07-09T10:45:00Z,2026-07-09T12:45:00+0200,82.0,MW,NL,NL,forecast_offshore_wind_generation,Wind Offshore,2026-07-26T16:36:36Z
2026-07-26T16:33:47Z,2026-07-26T18:33:47+0200,74eb74bd-8b1d-47e4-abd1-e66c3ea271fa,2026-07-09T11:00:00Z,2026-07-09T13:00:00+0200,90.0,MW,NL,NL,forecast_offshore_wind_generation,Wind Offshore,2026-07-26T16:36:36Z
2026-07-26T16:33:47Z,2026-07-26T18:33:47+0200,74eb74bd-8b1d-47e4-abd1-e66c3ea271fa,2026-07-09T11:15:00Z,2026-07-09T13:15:00+0200,98.0,MW,NL,NL,forecast_offshore_wind_generation,Wind Offshore,2026-07-26T16:36:36Z
2026-07-26T16:33:47Z,2026-07-26T18:33:47+0200,74eb74bd-8b1d-47e4-abd1-e66c3ea271fa,2026-07-09T11:30:00Z,2026-07-09T13:30:00+0200,107.0,MW,NL,NL,forecast_offshore_wind_generation,Wind Offshore,2026-07-26T16:36:36Z
2026-07-26T16:33:47Z,2026-07-26T18:33:47+0200,74eb74bd-8b1d-47e4-abd1-e66c3ea271fa,2026-07-09T11:45:00Z,2026-07-09T13:45:00+0200,116.0,MW,NL,NL,forecast_offshore_wind_generation,Wind Offshore,2026-07-26T16:36:36Z
2026-07-26T16:33:47Z,2026-07-26T18:33:47+0200,74eb74bd-8b1d-47e4-abd1-e66c3ea271fa,2026-07-09T12:00:00Z,2026-07-09T14:00:00+0200,124.0,MW,NL,NL,forecast_offshore_wind_generation,Wind Offshore,2026-07-26T16:36:36Z
2026-07-26T16:33:47Z,2026-07-26T18:33:47+0200,74eb74bd-8b1d-47e4-abd1-e66c3ea271fa,2026-07-09T12:15:00Z,2026-07-09T14:15:00+0200,132.0,MW,NL,NL,forecast_offshore_wind_generation,Wind Offshore,2026-07-26T16:36:36Z
2026-07-26T16:33:47Z,2026-07-26T18:33:47+0200,74eb74bd-8b1d-47e4-abd1-e66c3ea271fa,2026-07-09T12:30:00Z,2026-07-09T14:30:00+0200,139.0,MW,NL,NL,forecast_offshore_wind_generation,Wind Offshore,2026-07-26T16:36:36Z
2026-07-26T16:33:47Z,2026-07-26T18:33:47+0200,74eb74bd-8b1d-47e4-abd1-e66c3ea271fa,2026-07-09T12:45:00Z,2026-07-09T14:45:00+0200,145.0,MW,NL,NL,forecast_offshore_wind_generation,Wind Offshore,2026-07-26T16:36:36Z
2026-07-26T16:33:47Z,2026-07-26T18:33:47+0200,74eb74bd-8b1d-47e4-abd1-e66c3ea271fa,2026-07-09T13:00:00Z,2026-07-09T15:00:00+0200,152.0,MW,NL,NL,forecast_offshore_wind_generation,Wind Offshore,2026-07-26T16:36:36Z
2026-07-26T16:33:47Z,2026-07-26T18:33:47+0200,74eb74bd-8b1d-47e4-abd1-e66c3ea271fa,2026-07-09T13:15:00Z,2026-07-09T15:15:00+0200,163.0,MW,NL,NL,forecast_offshore_wind_generation,Wind Offshore,2026-07-26T16:36:36Z
2026-07-26T16:33:47Z,2026-07-26T18:33:47+0200,74eb74bd-8b1d-47e4-abd1-e66c3ea271fa,2026-07-09T13:30:00Z,2026-07-09T15:30:00+0200,177.0,MW,NL,NL,forecast_offshore_wind_generation,Wind Offshore,2026-07-26T16:36:36Z
2026-07-26T16:33:47Z,2026-07-26T18:33:47+0200,74eb74bd-8b1d-47e4-abd1-e66c3ea271fa,2026-07-09T13:45:00Z,2026-07-09T15:45:00+0200,192.0,MW,NL,NL,forecast_offshore_wind_generation,Wind Offshore,2026-07-26T16:36:36Z
2026-07-26T16:33:47Z,2026-07-26T18:33:47+0200,74eb74bd-8b1d-47e4-abd1-e66c3ea271fa,2026-07-09T14:00:00Z,2026-07-09T16:00:00+0200,207.0,MW,NL,NL,forecast_offshore_wind_generation,Wind Offshore,2026-07-26T16:36:36Z
2026-07-26T16:33:47Z,2026-07-26T18:33:47+0200,74eb74bd-8b1d-47e4-abd1-e66c3ea271fa,2026-07-09T14:15:00Z,2026-07-09T16:15:00+0200,220.0,MW,NL,NL,forecast_offshore_wind_generation,Wind Offshore,2026-07-26T16:36:36Z
2026-07-26T16:33:47Z,2026-07-26T18:33:47+0200,74eb74bd-8b1d-47e4-abd1-e66c3ea271fa,2026-07-09T14:30:00Z,2026-07-09T16:30:00+0200,231.0,MW,NL,NL,forecast_offshore_wind_generation,Wind Offshore,2026-07-26T16:36:36Z
2026-07-26T16:33:47Z,2026-07-26T18:33:47+0200,74eb74bd-8b1d-47e4-abd1-e66c3ea271fa,2026-07-09T14:45:00Z,2026-07-09T16:45:00+0200,243.0,MW,NL,NL,forecast_offshore_wind_generation,Wind Offshore,2026-07-26T16:36:36Z
2026-07-26T16:33:47Z,2026-07-26T18:33:47+0200,74eb74bd-8b1d-47e4-abd1-e66c3ea271fa,2026-07-09T15:00:00Z,2026-07-09T17:00:00+0200,254.0,MW,NL,NL,forecast_offshore_wind_generation,Wind Offshore,2026-07-26T16:36:36Z
2026-07-26T16:33:47Z,2026-07-26T18:33:47+0200,74eb74bd-8b1d-47e4-abd1-e66c3ea271fa,2026-07-09T15:15:00Z,2026-07-09T17:15:00+0200,260.0,MW,NL,NL,forecast_offshore_wind_generation,Wind Offshore,2026-07-26T16:36:36Z
2026-07-26T16:33:47Z,2026-07-26T18:33:47+0200,74eb74bd-8b1d-47e4-abd1-e66c3ea271fa,2026-07-09T15:30:00Z,2026-07-09T17:30:00+0200,261.0,MW,NL,NL,forecast_offshore_wind_generation,Wind Offshore,2026-07-26T16:36:36Z
2026-07-26T16:33:47Z,2026-07-26T18:33:47+0200,74eb74bd-8b1d-47e4-abd1-e66c3ea271fa,2026-07-09T15:45:00Z,2026-07-09T17:45:00+0200,263.0,MW,NL,NL,forecast_offshore_wind_generation,Wind Offshore,2026-07-26T16:36:36Z
2026-07-26T16:33:47Z,2026-07-26T18:33:47+0200,74eb74bd-8b1d-47e4-abd1-e66c3ea271fa,2026-07-09T16:00:00Z,2026-07-09T18:00:00+0200,264.0,MW,NL,NL,forecast_offshore_wind_generation,Wind Offshore,2026-07-26T16:36:36Z
2026-07-26T16:33:47Z,2026-07-26T18:33:47+0200,74eb74bd-8b1d-47e4-abd1-e66c3ea271fa,2026-07-09T16:15:00Z,2026-07-09T18:15:00+0200,262.0,MW,NL,NL,forecast_offshore_wind_generation,Wind Offshore,2026-07-26T16:36:36Z
2026-07-26T16:33:47Z,2026-07-26T18:33:47+0200,74eb74bd-8b1d-47e4-abd1-e66c3ea271fa,2026-07-09T16:30:00Z,2026-07-09T18:30:00+0200,258.0,MW,NL,NL,forecast_offshore_wind_generation,Wind Offshore,2026-07-26T16:36:36Z
2026-07-26T16:33:47Z,2026-07-26T18:33:47+0200,74eb74bd-8b1d-47e4-abd1-e66c3ea271fa,2026-07-09T16:45:00Z,2026-07-09T18:45:00+0200,254.0,MW,NL,NL,forecast_offshore_wind_generation,Wind Offshore,2026-07-26T16:36:36Z
2026-07-26T16:33:47Z,2026-07-26T18:33:47+0200,74eb74bd-8b1d-47e4-abd1-e66c3ea271fa,2026-07-09T17:00:00Z,2026-07-09T19:00:00+0200,250.0,MW,NL,NL,forecast_offshore_wind_generation,Wind Offshore,2026-07-26T16:36:36Z
2026-07-26T16:33:47Z,2026-07-26T18:33:47+0200,74eb74bd-8b1d-47e4-abd1-e66c3ea271fa,2026-07-09T17:15:00Z,2026-07-09T19:15:00+0200,246.0,MW,NL,NL,forecast_offshore_wind_generation,Wind Offshore,2026-07-26T16:36:36Z
2026-07-26T16:33:47Z,2026-07-26T18:33:47+0200,74eb74bd-8b1d-47e4-abd1-e66c3ea271fa,2026-07-09T17:30:00Z,2026-07-09T19:30:00+0200,241.0,MW,NL,NL,forecast_offshore_wind_generation,Wind Offshore,2026-07-26T16:36:36Z
2026-07-26T16:33:47Z,2026-07-26T18:33:47+0200,74eb74bd-8b1d-47e4-abd1-e66c3ea271fa,2026-07-09T17:45:00Z,2026-07-09T19:45:00+0200,236.0,MW,NL,NL,forecast_offshore_wind_generation,Wind Offshore,2026-07-26T16:36:36Z
2026-07-26T16:33:47Z,2026-07-26T18:33:47+0200,74eb74bd-8b1d-47e4-abd1-e66c3ea271fa,2026-07-09T18:00:00Z,2026-07-09T20:00:00+0200,232.0,MW,NL,NL,forecast_offshore_wind_generation,Wind Offshore,2026-07-26T16:36:36Z
2026-07-26T16:33:47Z,2026-07-26T18:33:47+0200,74eb74bd-8b1d-47e4-abd1-e66c3ea271fa,2026-07-09T18:15:00Z,2026-07-09T20:15:00+0200,230.0,MW,NL,NL,forecast_offshore_wind_generation,Wind Offshore,2026-07-26T16:36:36Z
2026-07-26T16:33:47Z,2026-07-26T18:33:47+0200,74eb74bd-8b1d-47e4-abd1-e66c3ea271fa,2026-07-09T18:30:00Z,2026-07-09T20:30:00+0200,230.0,MW,NL,NL,forecast_offshore_wind_generation,Wind Offshore,2026-07-26T16:36:36Z
2026-07-26T16:33:47Z,2026-07-26T18:33:47+0200,74eb74bd-8b1d-47e4-abd1-e66c3ea271fa,2026-07-09T18:45:00Z,2026-07-09T20:45:00+0200,231.0,MW,NL,NL,forecast_offshore_wind_generation,Wind Offshore,2026-07-26T16:36:36Z
2026-07-26T16:33:47Z,2026-07-26T18:33:47+0200,74eb74bd-8b1d-47e4-abd1-e66c3ea271fa,2026-07-09T19:00:00Z,2026-07-09T21:00:00+0200,232.0,MW,NL,NL,forecast_offshore_wind_generation,Wind Offshore,2026-07-26T16:36:36Z
2026-07-26T16:33:47Z,2026-07-26T18:33:47+0200,74eb74bd-8b1d-47e4-abd1-e66c3ea271fa,2026-07-09T19:15:00Z,2026-07-09T21:15:00+0200,234.0,MW,NL,NL,forecast_offshore_wind_generation,Wind Offshore,2026-07-26T16:36:36Z
2026-07-26T16:33:47Z,2026-07-26T18:33:47+0200,74eb74bd-8b1d-47e4-abd1-e66c3ea271fa,2026-07-09T19:30:00Z,2026-07-09T21:30:00+0200,237.0,MW,NL,NL,forecast_offshore_wind_generation,Wind Offshore,2026-07-26T16:36:36Z
2026-07-26T16:33:47Z,2026-07-26T18:33:47+0200,74eb74bd-8b1d-47e4-abd1-e66c3ea271fa,2026-07-09T19:45:00Z,2026-07-09T21:45:00+0200,239.0,MW,NL,NL,forecast_offshore_wind_generation,Wind Offshore,2026-07-26T16:36:36Z
2026-07-26T16:33:47Z,2026-07-26T18:33:47+0200,74eb74bd-8b1d-47e4-abd1-e66c3ea271fa,2026-07-09T20:00:00Z,2026-07-09T22:00:00+0200,242.0,MW,NL,NL,forecast_offshore_wind_generation,Wind Offshore,2026-07-26T16:36:36Z
2026-07-26T16:33:47Z,2026-07-26T18:33:47+0200,74eb74bd-8b1d-47e4-abd1-e66c3ea271fa,2026-07-09T20:15:00Z,2026-07-09T22:15:00+0200,249.0,MW,NL,NL,forecast_offshore_wind_generation,Wind Offshore,2026-07-26T16:36:36Z
2026-07-26T16:33:47Z,2026-07-26T18:33:47+0200,74eb74bd-8b1d-47e4-abd1-e66c3ea271fa,2026-07-09T20:30:00Z,2026-07-09T22:30:00+0200,258.0,MW,NL,NL,forecast_offshore_wind_generation,Wind Offshore,2026-07-26T16:36:36Z
2026-07-26T16:33:47Z,2026-07-26T18:33:47+0200,74eb74bd-8b1d-47e4-abd1-e66c3ea271fa,2026-07-09T20:45:00Z,2026-07-09T22:45:00+0200,268.0,MW,NL,NL,forecast_offshore_wind_generation,Wind Offshore,2026-07-26T16:36:36Z
2026-07-26T16:33:47Z,2026-07-26T18:33:47+0200,74eb74bd-8b1d-47e4-abd1-e66c3ea271fa,2026-07-09T21:00:00Z,2026-07-09T23:00:00+0200,278.0,MW,NL,NL,forecast_offshore_wind_generation,Wind Offshore,2026-07-26T16:36:36Z
2026-07-26T16:33:47Z,2026-07-26T18:33:47+0200,74eb74bd-8b1d-47e4-abd1-e66c3ea271fa,2026-07-09T21:15:00Z,2026-07-09T23:15:00+0200,279.0,MW,NL,NL,forecast_offshore_wind_generation,Wind Offshore,2026-07-26T16:36:36Z
2026-07-26T16:33:47Z,2026-07-26T18:33:47+0200,74eb74bd-8b1d-47e4-abd1-e66c3ea271fa,2026-07-09T21:30:00Z,2026-07-09T23:30:00+0200,273.0,MW,NL,NL,forecast_offshore_wind_generation,Wind Offshore,2026-07-26T16:36:36Z
2026-07-26T16:33:47Z,2026-07-26T18:33:47+0200,74eb74bd-8b1d-47e4-abd1-e66c3ea271fa,2026-07-09T21:45:00Z,2026-07-09T23:45:00+0200,267.0,MW,NL,NL,forecast_offshore_wind_generation,Wind Offshore,2026-07-26T16:36:36Z
2026-07-26T16:33:47Z,2026-07-26T18:33:47+0200,74eb74bd-8b1d-47e4-abd1-e66c3ea271fa,2026-07-09T22:00:00Z,2026-07-10T00:00:00+0200,222.0,MW,NL,NL,forecast_offshore_wind_generation,Wind Offshore,2026-07-26T16:36:36Z
2026-07-26T16:33:47Z,2026-07-26T18:33:47+0200,74eb74bd-8b1d-47e4-abd1-e66c3ea271fa,2026-07-09T22:15:00Z,2026-07-10T00:15:00+0200,220.0,MW,NL,NL,forecast_offshore_wind_generation,Wind Offshore,2026-07-26T16:36:36Z
2026-07-26T16:33:47Z,2026-07-26T18:33:47+0200,74eb74bd-8b1d-47e4-abd1-e66c3ea271fa,2026-07-09T22:30:00Z,2026-07-10T00:30:00+0200,220.0,MW,NL,NL,forecast_offshore_wind_generation,Wind Offshore,2026-07-26T16:36:36Z
2026-07-26T16:33:47Z,2026-07-26T18:33:47+0200,74eb74bd-8b1d-47e4-abd1-e66c3ea271fa,2026-07-09T22:45:00Z,2026-07-10T00:45:00+0200,219.0,MW,NL,NL,forecast_offshore_wind_generation,Wind Offshore,2026-07-26T16:36:36Z
2026-07-26T16:33:47Z,2026-07-26T18:33:47+0200,74eb74bd-8b1d-47e4-abd1-e66c3ea271fa,2026-07-09T23:00:00Z,2026-07-10T01:00:00+0200,219.0,MW,NL,NL,forecast_offshore_wind_generation,Wind Offshore,2026-07-26T16:36:36Z
2026-07-26T16:33:47Z,2026-07-26T18:33:47+0200,74eb74bd-8b1d-47e4-abd1-e66c3ea271fa,2026-07-09T23:15:00Z,2026-07-10T01:15:00+0200,215.0,MW,NL,NL,forecast_offshore_wind_generation,Wind Offshore,2026-07-26T16:36:36Z
2026-07-26T16:33:47Z,2026-07-26T18:33:47+0200,74eb74bd-8b1d-47e4-abd1-e66c3ea271fa,2026-07-09T23:30:00Z,2026-07-10T01:30:00+0200,207.0,MW,NL,NL,forecast_offshore_wind_generation,Wind Offshore,2026-07-26T16:36:36Z
2026-07-26T16:33:47Z,2026-07-26T18:33:47+0200,74eb74bd-8b1d-47e4-abd1-e66c3ea271fa,2026-07-09T23:45:00Z,2026-07-10T01:45:00+0200,200.0,MW,NL,NL,forecast_offshore_wind_generation,Wind Offshore,2026-07-26T16:36:36Z
2026-07-26T16:33:47Z,2026-07-26T18:33:47+0200,74eb74bd-8b1d-47e4-abd1-e66c3ea271fa,2026-07-10T00:00:00Z,2026-07-10T02:00:00+0200,192.0,MW,NL,NL,forecast_offshore_wind_generation,Wind Offshore,2026-07-26T16:36:36Z
2026-07-26T16:33:47Z,2026-07-26T18:33:47+0200,74eb74bd-8b1d-47e4-abd1-e66c3ea271fa,2026-07-10T00:15:00Z,2026-07-10T02:15:00+0200,189.0,MW,NL,NL,forecast_offshore_wind_generation,Wind Offshore,2026-07-26T16:36:36Z
2026-07-26T16:33:47Z,2026-07-26T18:33:47+0200,74eb74bd-8b1d-47e4-abd1-e66c3ea271fa,2026-07-10T00:30:00Z,2026-07-10T02:30:00+0200,190.0,MW,NL,NL,forecast_offshore_wind_generation,Wind Offshore,2026-07-26T16:36:36Z
2026-07-26T16:33:47Z,2026-07-26T18:33:47+0200,74eb74bd-8b1d-47e4-abd1-e66c3ea271fa,2026-07-10T00:45:00Z,2026-07-10T02:45:00+0200,192.0,MW,NL,NL,forecast_offshore_wind_generation,Wind Offshore,2026-07-26T16:36:36Z
2026-07-26T16:33:47Z,2026-07-26T18:33:47+0200,74eb74bd-8b1d-47e4-abd1-e66c3ea271fa,2026-07-10T01:00:00Z,2026-07-10T03:00:00+0200,194.0,MW,NL,NL,forecast_offshore_wind_generation,Wind Offshore,2026-07-26T16:36:36Z
2026-07-26T16:33:47Z,2026-07-26T18:33:47+0200,74eb74bd-8b1d-47e4-abd1-e66c3ea271fa,2026-07-10T01:15:00Z,2026-07-10T03:15:00+0200,195.0,MW,NL,NL,forecast_offshore_wind_generation,Wind Offshore,2026-07-26T16:36:36Z
2026-07-26T16:33:47Z,2026-07-26T18:33:47+0200,74eb74bd-8b1d-47e4-abd1-e66c3ea271fa,2026-07-10T01:30:00Z,2026-07-10T03:30:00+0200,197.0,MW,NL,NL,forecast_offshore_wind_generation,Wind Offshore,2026-07-26T16:36:36Z
2026-07-26T16:33:47Z,2026-07-26T18:33:47+0200,74eb74bd-8b1d-47e4-abd1-e66c3ea271fa,2026-07-10T01:45:00Z,2026-07-10T03:45:00+0200,199.0,MW,NL,NL,forecast_offshore_wind_generation,Wind Offshore,2026-07-26T16:36:36Z
2026-07-26T16:33:47Z,2026-07-26T18:33:47+0200,74eb74bd-8b1d-47e4-abd1-e66c3ea271fa,2026-07-10T02:00:00Z,2026-07-10T04:00:00+0200,200.0,MW,NL,NL,forecast_offshore_wind_generation,Wind Offshore,2026-07-26T16:36:36Z
2026-07-26T16:33:47Z,2026-07-26T18:33:47+0200,74eb74bd-8b1d-47e4-abd1-e66c3ea271fa,2026-07-10T02:15:00Z,2026-07-10T04:15:00+0200,202.0,MW,NL,NL,forecast_offshore_wind_generation,Wind Offshore,2026-07-26T16:36:36Z
2026-07-26T16:33:47Z,2026-07-26T18:33:47+0200,74eb74bd-8b1d-47e4-abd1-e66c3ea271fa,2026-07-10T02:30:00Z,2026-07-10T04:30:00+0200,203.0,MW,NL,NL,forecast_offshore_wind_generation,Wind Offshore,2026-07-26T16:36:36Z
2026-07-26T16:33:47Z,2026-07-26T18:33:47+0200,74eb74bd-8b1d-47e4-abd1-e66c3ea271fa,2026-07-10T02:45:00Z,2026-07-10T04:45:00+0200,205.0,MW,NL,NL,forecast_offshore_wind_generation,Wind Offshore,2026-07-26T16:36:36Z
2026-07-26T16:33:47Z,2026-07-26T18:33:47+0200,74eb74bd-8b1d-47e4-abd1-e66c3ea271fa,2026-07-10T03:00:00Z,2026-07-10T05:00:00+0200,206.0,MW,NL,NL,forecast_offshore_wind_generation,Wind Offshore,2026-07-26T16:36:36Z
2026-07-26T16:33:47Z,2026-07-26T18:33:47+0200,74eb74bd-8b1d-47e4-abd1-e66c3ea271fa,2026-07-10T03:15:00Z,2026-07-10T05:15:00+0200,200.0,MW,NL,NL,forecast_offshore_wind_generation,Wind Offshore,2026-07-26T16:36:36Z
2026-07-26T16:33:47Z,2026-07-26T18:33:47+0200,74eb74bd-8b1d-47e4-abd1-e66c3ea271fa,2026-07-10T03:30:00Z,2026-07-10T05:30:00+0200,185.0,MW,NL,NL,forecast_offshore_wind_generation,Wind Offshore,2026-07-26T16:36:36Z
2026-07-26T16:33:47Z,2026-07-26T18:33:47+0200,74eb74bd-8b1d-47e4-abd1-e66c3ea271fa,2026-07-10T03:45:00Z,2026-07-10T05:45:00+0200,171.0,MW,NL,NL,forecast_offshore_wind_generation,Wind Offshore,2026-07-26T16:36:36Z
2026-07-26T16:33:47Z,2026-07-26T18:33:47+0200,74eb74bd-8b1d-47e4-abd1-e66c3ea271fa,2026-07-10T04:00:00Z,2026-07-10T06:00:00+0200,157.0,MW,NL,NL,forecast_offshore_wind_generation,Wind Offshore,2026-07-26T16:36:36Z
2026-07-26T16:33:47Z,2026-07-26T18:33:47+0200,74eb74bd-8b1d-47e4-abd1-e66c3ea271fa,2026-07-10T04:15:00Z,2026-07-10T06:15:00+0200,147.0,MW,NL,NL,forecast_offshore_wind_generation,Wind Offshore,2026-07-26T16:36:36Z
2026-07-26T16:33:47Z,2026-07-26T18:33:47+0200,74eb74bd-8b1d-47e4-abd1-e66c3ea271fa,2026-07-10T04:30:00Z,2026-07-10T06:30:00+0200,142.0,MW,NL,NL,forecast_offshore_wind_generation,Wind Offshore,2026-07-26T16:36:36Z
2026-07-26T16:33:47Z,2026-07-26T18:33:47+0200,74eb74bd-8b1d-47e4-abd1-e66c3ea271fa,2026-07-10T04:45:00Z,2026-07-10T06:45:00+0200,137.0,MW,NL,NL,forecast_offshore_wind_generation,Wind Offshore,2026-07-26T16:36:36Z
2026-07-26T16:33:47Z,2026-07-26T18:33:47+0200,74eb74bd-8b1d-47e4-abd1-e66c3ea271fa,2026-07-10T05:00:00Z,2026-07-10T07:00:00+0200,132.0,MW,NL,NL,forecast_offshore_wind_generation,Wind Offshore,2026-07-26T16:36:36Z
2026-07-26T16:33:47Z,2026-07-26T18:33:47+0200,74eb74bd-8b1d-47e4-abd1-e66c3ea271fa,2026-07-10T05:15:00Z,2026-07-10T07:15:00+0200,126.0,MW,NL,NL,forecast_offshore_wind_generation,Wind Offshore,2026-07-26T16:36:36Z
2026-07-26T16:33:47Z,2026-07-26T18:33:47+0200,74eb74bd-8b1d-47e4-abd1-e66c3ea271fa,2026-07-10T05:30:00Z,2026-07-10T07:30:00+0200,119.0,MW,NL,NL,forecast_offshore_wind_generation,Wind Offshore,2026-07-26T16:36:36Z
2026-07-26T16:33:47Z,2026-07-26T18:33:47+0200,74eb74bd-8b1d-47e4-abd1-e66c3ea271fa,2026-07-10T05:45:00Z,2026-07-10T07:45:00+0200,111.0,MW,NL,NL,forecast_offshore_wind_generation,Wind Offshore,2026-07-26T16:36:36Z
2026-07-26T16:33:47Z,2026-07-26T18:33:47+0200,74eb74bd-8b1d-47e4-abd1-e66c3ea271fa,2026-07-10T06:00:00Z,2026-07-10T08:00:00+0200,103.0,MW,NL,NL,forecast_offshore_wind_generation,Wind Offshore,2026-07-26T16:36:36Z
2026-07-26T16:33:47Z,2026-07-26T18:33:47+0200,74eb74bd-8b1d-47e4-abd1-e66c3ea271fa,2026-07-10T06:15:00Z,2026-07-10T08:15:00+0200,99.0,MW,NL,NL,forecast_offshore_wind_generation,Wind Offshore,2026-07-26T16:36:36Z
2026-07-26T16:33:47Z,2026-07-26T18:33:47+0200,74eb74bd-8b1d-47e4-abd1-e66c3ea271fa,2026-07-10T06:30:00Z,2026-07-10T08:30:00+0200,99.0,MW,NL,NL,forecast_offshore_wind_generation,Wind Offshore,2026-07-26T16:36:36Z
2026-07-26T16:33:47Z,2026-07-26T18:33:47+0200,74eb74bd-8b1d-47e4-abd1-e66c3ea271fa,2026-07-10T06:45:00Z,2026-07-10T08:45:00+0200,99.0,MW,NL,NL,forecast_offshore_wind_generation,Wind Offshore,2026-07-26T16:36:36Z
2026-07-26T16:33:47Z,2026-07-26T18:33:47+0200,74eb74bd-8b1d-47e4-abd1-e66c3ea271fa,2026-07-10T07:00:00Z,2026-07-10T09:00:00+0200,99.0,MW,NL,NL,forecast_offshore_wind_generation,Wind Offshore,2026-07-26T16:36:36Z
2026-07-26T16:33:47Z,2026-07-26T18:33:47+0200,74eb74bd-8b1d-47e4-abd1-e66c3ea271fa,2026-07-10T07:15:00Z,2026-07-10T09:15:00+0200,99.0,MW,NL,NL,forecast_offshore_wind_generation,Wind Offshore,2026-07-26T16:36:36Z
2026-07-26T16:33:47Z,2026-07-26T18:33:47+0200,74eb74bd-8b1d-47e4-abd1-e66c3ea271fa,2026-07-10T07:30:00Z,2026-07-10T09:30:00+0200,98.0,MW,NL,NL,forecast_offshore_wind_generation,Wind Offshore,2026-07-26T16:36:36Z
2026-07-26T16:33:47Z,2026-07-26T18:33:47+0200,74eb74bd-8b1d-47e4-abd1-e66c3ea271fa,2026-07-10T07:45:00Z,2026-07-10T09:45:00+0200,97.0,MW,NL,NL,forecast_offshore_wind_generation,Wind Offshore,2026-07-26T16:36:36Z
2026-07-26T16:33:47Z,2026-07-26T18:33:47+0200,74eb74bd-8b1d-47e4-abd1-e66c3ea271fa,2026-07-10T08:00:00Z,2026-07-10T10:00:00+0200,96.0,MW,NL,NL,forecast_offshore_wind_generation,Wind Offshore,2026-07-26T16:36:36Z
2026-07-26T16:33:47Z,2026-07-26T18:33:47+0200,74eb74bd-8b1d-47e4-abd1-e66c3ea271fa,2026-07-10T08:15:00Z,2026-07-10T10:15:00+0200,95.0,MW,NL,NL,forecast_offshore_wind_generation,Wind Offshore,2026-07-26T16:36:36Z
2026-07-26T16:33:47Z,2026-07-26T18:33:47+0200,74eb74bd-8b1d-47e4-abd1-e66c3ea271fa,2026-07-10T08:30:00Z,2026-07-10T10:30:00+0200,95.0,MW,NL,NL,forecast_offshore_wind_generation,Wind Offshore,2026-07-26T16:36:36Z
2026-07-26T16:33:47Z,2026-07-26T18:33:47+0200,74eb74bd-8b1d-47e4-abd1-e66c3ea271fa,2026-07-10T08:45:00Z,2026-07-10T10:45:00+0200,94.0,MW,NL,NL,forecast_offshore_wind_generation,Wind Offshore,2026-07-26T16:36:36Z
2026-07-26T16:33:47Z,2026-07-26T18:33:47+0200,74eb74bd-8b1d-47e4-abd1-e66c3ea271fa,2026-07-10T09:00:00Z,2026-07-10T11:00:00+0200,94.0,MW,NL,NL,forecast_offshore_wind_generation,Wind Offshore,2026-07-26T16:36:36Z
2026-07-26T16:33:47Z,2026-07-26T18:33:47+0200,74eb74bd-8b1d-47e4-abd1-e66c3ea271fa,2026-07-10T09:15:00Z,2026-07-10T11:15:00+0200,95.0,MW,NL,NL,forecast_offshore_wind_generation,Wind Offshore,2026-07-26T16:36:36Z
2026-07-26T16:33:47Z,2026-07-26T18:33:47+0200,74eb74bd-8b1d-47e4-abd1-e66c3ea271fa,2026-07-10T09:30:00Z,2026-07-10T11:30:00+0200,98.0,MW,NL,NL,forecast_offshore_wind_generation,Wind Offshore,2026-07-26T16:36:36Z
2026-07-26T16:33:47Z,2026-07-26T18:33:47+0200,74eb74bd-8b1d-47e4-abd1-e66c3ea271fa,2026-07-10T09:45:00Z,2026-07-10T11:45:00+0200,101.0,MW,NL,NL,forecast_offshore_wind_generation,Wind Offshore,2026-07-26T16:36:36Z
2026-07-26T16:33:47Z,2026-07-26T18:33:47+0200,74eb74bd-8b1d-47e4-abd1-e66c3ea271fa,2026-07-10T10:00:00Z,2026-07-10T12:00:00+0200,103.0,MW,NL,NL,forecast_offshore_wind_generation,Wind Offshore,2026-07-26T16:36:36Z
2026-07-26T16:33:47Z,2026-07-26T18:33:47+0200,74eb74bd-8b1d-47e4-abd1-e66c3ea271fa,2026-07-10T10:15:00Z,2026-07-10T12:15:00+0200,106.0,MW,NL,NL,forecast_offshore_wind_generation,Wind Offshore,2026-07-26T16:36:36Z
2026-07-26T16:33:47Z,2026-07-26T18:33:47+0200,74eb74bd-8b1d-47e4-abd1-e66c3ea271fa,2026-07-10T10:30:00Z,2026-07-10T12:30:00+0200,108.0,MW,NL,NL,forecast_offshore_wind_generation,Wind Offshore,2026-07-26T16:36:36Z
2026-07-26T16:33:47Z,2026-07-26T18:33:47+0200,74eb74bd-8b1d-47e4-abd1-e66c3ea271fa,2026-07-10T10:45:00Z,2026-07-10T12:45:00+0200,111.0,MW,NL,NL,forecast_offshore_wind_generation,Wind Offshore,2026-07-26T16:36:36Z
2026-07-26T16:33:47Z,2026-07-26T18:33:47+0200,74eb74bd-8b1d-47e4-abd1-e66c3ea271fa,2026-07-10T11:00:00Z,2026-07-10T13:00:00+0200,114.0,MW,NL,NL,forecast_offshore_wind_generation,Wind Offshore,2026-07-26T16:36:36Z
2026-07-26T16:33:47Z,2026-07-26T18:33:47+0200,74eb74bd-8b1d-47e4-abd1-e66c3ea271fa,2026-07-10T11:15:00Z,2026-07-10T13:15:00+0200,116.0,MW,NL,NL,forecast_offshore_wind_generation,Wind Offshore,2026-07-26T16:36:36Z
2026-07-26T16:33:47Z,2026-07-26T18:33:47+0200,74eb74bd-8b1d-47e4-abd1-e66c3ea271fa,2026-07-10T11:30:00Z,2026-07-10T13:30:00+0200,119.0,MW,NL,NL,forecast_offshore_wind_generation,Wind Offshore,2026-07-26T16:36:36Z
2026-07-26T16:33:47Z,2026-07-26T18:33:47+0200,74eb74bd-8b1d-47e4-abd1-e66c3ea271fa,2026-07-10T11:45:00Z,2026-07-10T13:45:00+0200,122.0,MW,NL,NL,forecast_offshore_wind_generation,Wind Offshore,2026-07-26T16:36:36Z
2026-07-26T16:33:47Z,2026-07-26T18:33:47+0200,74eb74bd-8b1d-47e4-abd1-e66c3ea271fa,2026-07-10T12:00:00Z,2026-07-10T14:00:00+0200,125.0,MW,NL,NL,forecast_offshore_wind_generation,Wind Offshore,2026-07-26T16:36:36Z
2026-07-26T16:33:47Z,2026-07-26T18:33:47+0200,74eb74bd-8b1d-47e4-abd1-e66c3ea271fa,2026-07-10T12:15:00Z,2026-07-10T14:15:00+0200,130.0,MW,NL,NL,forecast_offshore_wind_generation,Wind Offshore,2026-07-26T16:36:36Z
2026-07-26T16:33:47Z,2026-07-26T18:33:47+0200,74eb74bd-8b1d-47e4-abd1-e66c3ea271fa,2026-07-10T12:30:00Z,2026-07-10T14:30:00+0200,138.0,MW,NL,NL,forecast_offshore_wind_generation,Wind Offshore,2026-07-26T16:36:36Z
2026-07-26T16:33:47Z,2026-07-26T18:33:47+0200,74eb74bd-8b1d-47e4-abd1-e66c3ea271fa,2026-07-10T12:45:00Z,2026-07-10T14:45:00+0200,146.0,MW,NL,NL,forecast_offshore_wind_generation,Wind Offshore,2026-07-26T16:36:36Z
2026-07-26T16:33:47Z,2026-07-26T18:33:47+0200,74eb74bd-8b1d-47e4-abd1-e66c3ea271fa,2026-07-10T13:00:00Z,2026-07-10T15:00:00+0200,153.0,MW,NL,NL,forecast_offshore_wind_generation,Wind Offshore,2026-07-26T16:36:36Z
2026-07-26T16:33:47Z,2026-07-26T18:33:47+0200,74eb74bd-8b1d-47e4-abd1-e66c3ea271fa,2026-07-10T13:15:00Z,2026-07-10T15:15:00+0200,165.0,MW,NL,NL,forecast_offshore_wind_generation,Wind Offshore,2026-07-26T16:36:36Z
2026-07-26T16:33:47Z,2026-07-26T18:33:47+0200,74eb74bd-8b1d-47e4-abd1-e66c3ea271fa,2026-07-10T13:30:00Z,2026-07-10T15:30:00+0200,181.0,MW,NL,NL,forecast_offshore_wind_generation,Wind Offshore,2026-07-26T16:36:36Z
2026-07-26T16:33:47Z,2026-07-26T18:33:47+0200,74eb74bd-8b1d-47e4-abd1-e66c3ea271fa,2026-07-10T13:45:00Z,2026-07-10T15:45:00+0200,197.0,MW,NL,NL,forecast_offshore_wind_generation,Wind Offshore,2026-07-26T16:36:36Z
2026-07-26T16:33:47Z,2026-07-26T18:33:47+0200,74eb74bd-8b1d-47e4-abd1-e66c3ea271fa,2026-07-10T14:00:00Z,2026-07-10T16:00:00+0200,212.0,MW,NL,NL,forecast_offshore_wind_generation,Wind Offshore,2026-07-26T16:36:36Z
2026-07-26T16:33:47Z,2026-07-26T18:33:47+0200,74eb74bd-8b1d-47e4-abd1-e66c3ea271fa,2026-07-10T14:15:00Z,2026-07-10T16:15:00+0200,226.0,MW,NL,NL,forecast_offshore_wind_generation,Wind Offshore,2026-07-26T16:36:36Z
2026-07-26T16:33:47Z,2026-07-26T18:33:47+0200,74eb74bd-8b1d-47e4-abd1-e66c3ea271fa,2026-07-10T14:30:00Z,2026-07-10T16:30:00+0200,238.0,MW,NL,NL,forecast_offshore_wind_generation,Wind Offshore,2026-07-26T16:36:36Z
2026-07-26T16:33:47Z,2026-07-26T18:33:47+0200,74eb74bd-8b1d-47e4-abd1-e66c3ea271fa,2026-07-10T14:45:00Z,2026-07-10T16:45:00+0200,249.0,MW,NL,NL,forecast_offshore_wind_generation,Wind Offshore,2026-07-26T16:36:36Z
2026-07-26T16:33:47Z,2026-07-26T18:33:47+0200,74eb74bd-8b1d-47e4-abd1-e66c3ea271fa,2026-07-10T15:00:00Z,2026-07-10T17:00:00+0200,260.0,MW,NL,NL,forecast_offshore_wind_generation,Wind Offshore,2026-07-26T16:36:36Z
2026-07-26T16:33:47Z,2026-07-26T18:33:47+0200,74eb74bd-8b1d-47e4-abd1-e66c3ea271fa,2026-07-10T15:15:00Z,2026-07-10T17:15:00+0200,272.0,MW,NL,NL,forecast_offshore_wind_generation,Wind Offshore,2026-07-26T16:36:36Z
2026-07-26T16:33:47Z,2026-07-26T18:33:47+0200,74eb74bd-8b1d-47e4-abd1-e66c3ea271fa,2026-07-10T15:30:00Z,2026-07-10T17:30:00+0200,285.0,MW,NL,NL,forecast_offshore_wind_generation,Wind Offshore,2026-07-26T16:36:36Z
2026-07-26T16:33:47Z,2026-07-26T18:33:47+0200,74eb74bd-8b1d-47e4-abd1-e66c3ea271fa,2026-07-10T15:45:00Z,2026-07-10T17:45:00+0200,297.0,MW,NL,NL,forecast_offshore_wind_generation,Wind Offshore,2026-07-26T16:36:36Z
2026-07-26T16:33:47Z,2026-07-26T18:33:47+0200,74eb74bd-8b1d-47e4-abd1-e66c3ea271fa,2026-07-10T16:00:00Z,2026-07-10T18:00:00+0200,310.0,MW,NL,NL,forecast_offshore_wind_generation,Wind Offshore,2026-07-26T16:36:36Z
2026-07-26T16:33:47Z,2026-07-26T18:33:47+0200,74eb74bd-8b1d-47e4-abd1-e66c3ea271fa,2026-07-10T16:15:00Z,2026-07-10T18:15:00+0200,324.0,MW,NL,NL,forecast_offshore_wind_generation,Wind Offshore,2026-07-26T16:36:36Z
2026-07-26T16:33:47Z,2026-07-26T18:33:47+0200,74eb74bd-8b1d-47e4-abd1-e66c3ea271fa,2026-07-10T16:30:00Z,2026-07-10T18:30:00+0200,341.0,MW,NL,NL,forecast_offshore_wind_generation,Wind Offshore,2026-07-26T16:36:36Z
2026-07-26T16:33:47Z,2026-07-26T18:33:47+0200,74eb74bd-8b1d-47e4-abd1-e66c3ea271fa,2026-07-10T16:45:00Z,2026-07-10T18:45:00+0200,357.0,MW,NL,NL,forecast_offshore_wind_generation,Wind Offshore,2026-07-26T16:36:36Z
2026-07-26T16:33:47Z,2026-07-26T18:33:47+0200,74eb74bd-8b1d-47e4-abd1-e66c3ea271fa,2026-07-10T17:00:00Z,2026-07-10T19:00:00+0200,374.0,MW,NL,NL,forecast_offshore_wind_generation,Wind Offshore,2026-07-26T16:36:36Z
2026-07-26T16:33:47Z,2026-07-26T18:33:47+0200,74eb74bd-8b1d-47e4-abd1-e66c3ea271fa,2026-07-10T17:15:00Z,2026-07-10T19:15:00+0200,387.0,MW,NL,NL,forecast_offshore_wind_generation,Wind Offshore,2026-07-26T16:36:36Z
2026-07-26T16:33:47Z,2026-07-26T18:33:47+0200,74eb74bd-8b1d-47e4-abd1-e66c3ea271fa,2026-07-10T17:30:00Z,2026-07-10T19:30:00+0200,397.0,MW,NL,NL,forecast_offshore_wind_generation,Wind Offshore,2026-07-26T16:36:36Z
2026-07-26T16:33:47Z,2026-07-26T18:33:47+0200,74eb74bd-8b1d-47e4-abd1-e66c3ea271fa,2026-07-10T17:45:00Z,2026-07-10T19:45:00+0200,406.0,MW,NL,NL,forecast_offshore_wind_generation,Wind Offshore,2026-07-26T16:36:36Z
2026-07-26T16:33:47Z,2026-07-26T18:33:47+0200,74eb74bd-8b1d-47e4-abd1-e66c3ea271fa,2026-07-10T18:00:00Z,2026-07-10T20:00:00+0200,415.0,MW,NL,NL,forecast_offshore_wind_generation,Wind Offshore,2026-07-26T16:36:36Z
2026-07-26T16:33:47Z,2026-07-26T18:33:47+0200,74eb74bd-8b1d-47e4-abd1-e66c3ea271fa,2026-07-10T18:15:00Z,2026-07-10T20:15:00+0200,423.0,MW,NL,NL,forecast_offshore_wind_generation,Wind Offshore,2026-07-26T16:36:36Z
2026-07-26T16:33:47Z,2026-07-26T18:33:47+0200,74eb74bd-8b1d-47e4-abd1-e66c3ea271fa,2026-07-10T18:30:00Z,2026-07-10T20:30:00+0200,428.0,MW,NL,NL,forecast_offshore_wind_generation,Wind Offshore,2026-07-26T16:36:36Z
2026-07-26T16:33:47Z,2026-07-26T18:33:47+0200,74eb74bd-8b1d-47e4-abd1-e66c3ea271fa,2026-07-10T18:45:00Z,2026-07-10T20:45:00+0200,434.0,MW,NL,NL,forecast_offshore_wind_generation,Wind Offshore,2026-07-26T16:36:36Z
2026-07-26T16:33:47Z,2026-07-26T18:33:47+0200,74eb74bd-8b1d-47e4-abd1-e66c3ea271fa,2026-07-10T19:00:00Z,2026-07-10T21:00:00+0200,439.0,MW,NL,NL,forecast_offshore_wind_generation,Wind Offshore,2026-07-26T16:36:36Z
2026-07-26T16:33:47Z,2026-07-26T18:33:47+0200,74eb74bd-8b1d-47e4-abd1-e66c3ea271fa,2026-07-10T19:15:00Z,2026-07-10T21:15:00+0200,441.0,MW,NL,NL,forecast_offshore_wind_generation,Wind Offshore,2026-07-26T16:36:36Z
2026-07-26T16:33:47Z,2026-07-26T18:33:47+0200,74eb74bd-8b1d-47e4-abd1-e66c3ea271fa,2026-07-10T19:30:00Z,2026-07-10T21:30:00+0200,439.0,MW,NL,NL,forecast_offshore_wind_generation,Wind Offshore,2026-07-26T16:36:36Z
2026-07-26T16:33:47Z,2026-07-26T18:33:47+0200,74eb74bd-8b1d-47e4-abd1-e66c3ea271fa,2026-07-10T19:45:00Z,2026-07-10T21:45:00+0200,437.0,MW,NL,NL,forecast_offshore_wind_generation,Wind Offshore,2026-07-26T16:36:36Z
2026-07-26T16:33:47Z,2026-07-26T18:33:47+0200,74eb74bd-8b1d-47e4-abd1-e66c3ea271fa,2026-07-10T20:00:00Z,2026-07-10T22:00:00+0200,435.0,MW,NL,NL,forecast_offshore_wind_generation,Wind Offshore,2026-07-26T16:36:36Z
2026-07-26T16:33:47Z,2026-07-26T18:33:47+0200,74eb74bd-8b1d-47e4-abd1-e66c3ea271fa,2026-07-10T20:15:00Z,2026-07-10T22:15:00+0200,432.0,MW,NL,NL,forecast_offshore_wind_generation,Wind Offshore,2026-07-26T16:36:36Z
2026-07-26T16:33:47Z,2026-07-26T18:33:47+0200,74eb74bd-8b1d-47e4-abd1-e66c3ea271fa,2026-07-10T20:30:00Z,2026-07-10T22:30:00+0200,429.0,MW,NL,NL,forecast_offshore_wind_generation,Wind Offshore,2026-07-26T16:36:36Z
2026-07-26T16:33:47Z,2026-07-26T18:33:47+0200,74eb74bd-8b1d-47e4-abd1-e66c3ea271fa,2026-07-10T20:45:00Z,2026-07-10T22:45:00+0200,425.0,MW,NL,NL,forecast_offshore_wind_generation,Wind Offshore,2026-07-26T16:36:36Z
2026-07-26T16:33:47Z,2026-07-26T18:33:47+0200,74eb74bd-8b1d-47e4-abd1-e66c3ea271fa,2026-07-10T21:00:00Z,2026-07-10T23:00:00+0200,422.0,MW,NL,NL,forecast_offshore_wind_generation,Wind Offshore,2026-07-26T16:36:36Z
2026-07-26T16:33:47Z,2026-07-26T18:33:47+0200,74eb74bd-8b1d-47e4-abd1-e66c3ea271fa,2026-07-10T21:15:00Z,2026-07-10T23:15:00+0200,420.0,MW,NL,NL,forecast_offshore_wind_generation,Wind Offshore,2026-07-26T16:36:36Z
2026-07-26T16:33:47Z,2026-07-26T18:33:47+0200,74eb74bd-8b1d-47e4-abd1-e66c3ea271fa,2026-07-10T21:30:00Z,2026-07-10T23:30:00+0200,420.0,MW,NL,NL,forecast_offshore_wind_generation,Wind Offshore,2026-07-26T16:36:36Z
2026-07-26T16:33:47Z,2026-07-26T18:33:47+0200,74eb74bd-8b1d-47e4-abd1-e66c3ea271fa,2026-07-10T21:45:00Z,2026-07-10T23:45:00+0200,421.0,MW,NL,NL,forecast_offshore_wind_generation,Wind Offshore,2026-07-26T16:36:36Z
2026-07-26T16:33:47Z,2026-07-26T18:33:47+0200,74eb74bd-8b1d-47e4-abd1-e66c3ea271fa,2026-07-10T22:00:00Z,2026-07-11T00:00:00+0200,357.0,MW,NL,NL,forecast_offshore_wind_generation,Wind Offshore,2026-07-26T16:36:36Z
2026-07-26T16:33:47Z,2026-07-26T18:33:47+0200,74eb74bd-8b1d-47e4-abd1-e66c3ea271fa,2026-07-10T22:15:00Z,2026-07-11T00:15:00+0200,353.0,MW,NL,NL,forecast_offshore_wind_generation,Wind Offshore,2026-07-26T16:36:36Z
2026-07-26T16:33:47Z,2026-07-26T18:33:47+0200,74eb74bd-8b1d-47e4-abd1-e66c3ea271fa,2026-07-10T22:30:00Z,2026-07-11T00:30:00+0200,347.0,MW,NL,NL,forecast_offshore_wind_generation,Wind Offshore,2026-07-26T16:36:36Z
2026-07-26T16:33:47Z,2026-07-26T18:33:47+0200,74eb74bd-8b1d-47e4-abd1-e66c3ea271fa,2026-07-10T22:45:00Z,2026-07-11T00:45:00+0200,342.0,MW,NL,NL,forecast_offshore_wind_generation,Wind Offshore,2026-07-26T16:36:36Z
2026-07-26T16:33:47Z,2026-07-26T18:33:47+0200,74eb74bd-8b1d-47e4-abd1-e66c3ea271fa,2026-07-10T23:00:00Z,2026-07-11T01:00:00+0200,337.0,MW,NL,NL,forecast_offshore_wind_generation,Wind Offshore,2026-07-26T16:36:36Z
2026-07-26T16:33:47Z,2026-07-26T18:33:47+0200,74eb74bd-8b1d-47e4-abd1-e66c3ea271fa,2026-07-10T23:15:00Z,2026-07-11T01:15:00+0200,332.0,MW,NL,NL,forecast_offshore_wind_generation,Wind Offshore,2026-07-26T16:36:36Z
2026-07-26T16:33:47Z,2026-07-26T18:33:47+0200,74eb74bd-8b1d-47e4-abd1-e66c3ea271fa,2026-07-10T23:30:00Z,2026-07-11T01:30:00+0200,328.0,MW,NL,NL,forecast_offshore_wind_generation,Wind Offshore,2026-07-26T16:36:36Z
2026-07-26T16:33:47Z,2026-07-26T18:33:47+0200,74eb74bd-8b1d-47e4-abd1-e66c3ea271fa,2026-07-10T23:45:00Z,2026-07-11T01:45:00+0200,324.0,MW,NL,NL,forecast_offshore_wind_generation,Wind Offshore,2026-07-26T16:36:36Z
2026-07-26T16:33:47Z,2026-07-26T18:33:47+0200,74eb74bd-8b1d-47e4-abd1-e66c3ea271fa,2026-07-11T00:00:00Z,2026-07-11T02:00:00+0200,319.0,MW,NL,NL,forecast_offshore_wind_generation,Wind Offshore,2026-07-26T16:36:36Z
2026-07-26T16:33:47Z,2026-07-26T18:33:47+0200,74eb74bd-8b1d-47e4-abd1-e66c3ea271fa,2026-07-11T00:15:00Z,2026-07-11T02:15:00+0200,316.0,MW,NL,NL,forecast_offshore_wind_generation,Wind Offshore,2026-07-26T16:36:36Z
2026-07-26T16:33:47Z,2026-07-26T18:33:47+0200,74eb74bd-8b1d-47e4-abd1-e66c3ea271fa,2026-07-11T00:30:00Z,2026-07-11T02:30:00+0200,312.0,MW,NL,NL,forecast_offshore_wind_generation,Wind Offshore,2026-07-26T16:36:36Z
2026-07-26T16:33:47Z,2026-07-26T18:33:47+0200,74eb74bd-8b1d-47e4-abd1-e66c3ea271fa,2026-07-11T00:45:00Z,2026-07-11T02:45:00+0200,309.0,MW,NL,NL,forecast_offshore_wind_generation,Wind Offshore,2026-07-26T16:36:36Z
2026-07-26T16:33:47Z,2026-07-26T18:33:47+0200,74eb74bd-8b1d-47e4-abd1-e66c3ea271fa,2026-07-11T01:00:00Z,2026-07-11T03:00:00+0200,306.0,MW,NL,NL,forecast_offshore_wind_generation,Wind Offshore,2026-07-26T16:36:36Z
2026-07-26T16:33:47Z,2026-07-26T18:33:47+0200,74eb74bd-8b1d-47e4-abd1-e66c3ea271fa,2026-07-11T01:15:00Z,2026-07-11T03:15:00+0200,304.0,MW,NL,NL,forecast_offshore_wind_generation,Wind Offshore,2026-07-26T16:36:36Z
2026-07-26T16:33:47Z,2026-07-26T18:33:47+0200,74eb74bd-8b1d-47e4-abd1-e66c3ea271fa,2026-07-11T01:30:00Z,2026-07-11T03:30:00+0200,302.0,MW,NL,NL,forecast_offshore_wind_generation,Wind Offshore,2026-07-26T16:36:36Z
2026-07-26T16:33:47Z,2026-07-26T18:33:47+0200,74eb74bd-8b1d-47e4-abd1-e66c3ea271fa,2026-07-11T01:45:00Z,2026-07-11T03:45:00+0200,301.0,MW,NL,NL,forecast_offshore_wind_generation,Wind Offshore,2026-07-26T16:36:36Z
2026-07-26T16:33:47Z,2026-07-26T18:33:47+0200,74eb74bd-8b1d-47e4-abd1-e66c3ea271fa,2026-07-11T02:00:00Z,2026-07-11T04:00:00+0200,299.0,MW,NL,NL,forecast_offshore_wind_generation,Wind Offshore,2026-07-26T16:36:36Z
2026-07-26T16:33:47Z,2026-07-26T18:33:47+0200,74eb74bd-8b1d-47e4-abd1-e66c3ea271fa,2026-07-11T02:15:00Z,2026-07-11T04:15:00+0200,300.0,MW,NL,NL,forecast_offshore_wind_generation,Wind Offshore,2026-07-26T16:36:36Z
2026-07-26T16:33:47Z,2026-07-26T18:33:47+0200,74eb74bd-8b1d-47e4-abd1-e66c3ea271fa,2026-07-11T02:30:00Z,2026-07-11T04:30:00+0200,304.0,MW,NL,NL,forecast_offshore_wind_generation,Wind Offshore,2026-07-26T16:36:36Z
2026-07-26T16:33:47Z,2026-07-26T18:33:47+0200,74eb74bd-8b1d-47e4-abd1-e66c3ea271fa,2026-07-11T02:45:00Z,2026-07-11T04:45:00+0200,309.0,MW,NL,NL,forecast_offshore_wind_generation,Wind Offshore,2026-07-26T16:36:36Z
2026-07-26T16:33:47Z,2026-07-26T18:33:47+0200,74eb74bd-8b1d-47e4-abd1-e66c3ea271fa,2026-07-11T03:00:00Z,2026-07-11T05:00:00+0200,313.0,MW,NL,NL,forecast_offshore_wind_generation,Wind Offshore,2026-07-26T16:36:36Z
2026-07-26T16:33:47Z,2026-07-26T18:33:47+0200,74eb74bd-8b1d-47e4-abd1-e66c3ea271fa,2026-07-11T03:15:00Z,2026-07-11T05:15:00+0200,304.0,MW,NL,NL,forecast_offshore_wind_generation,Wind Offshore,2026-07-26T16:36:36Z
2026-07-26T16:33:47Z,2026-07-26T18:33:47+0200,74eb74bd-8b1d-47e4-abd1-e66c3ea271fa,2026-07-11T03:30:00Z,2026-07-11T05:30:00+0200,282.0,MW,NL,NL,forecast_offshore_wind_generation,Wind Offshore,2026-07-26T16:36:36Z
2026-07-26T16:33:47Z,2026-07-26T18:33:47+0200,74eb74bd-8b1d-47e4-abd1-e66c3ea271fa,2026-07-11T03:45:00Z,2026-07-11T05:45:00+0200,260.0,MW,NL,NL,forecast_offshore_wind_generation,Wind Offshore,2026-07-26T16:36:36Z
2026-07-26T16:33:47Z,2026-07-26T18:33:47+0200,74eb74bd-8b1d-47e4-abd1-e66c3ea271fa,2026-07-11T04:00:00Z,2026-07-11T06:00:00+0200,238.0,MW,NL,NL,forecast_offshore_wind_generation,Wind Offshore,2026-07-26T16:36:36Z
2026-07-26T16:33:47Z,2026-07-26T18:33:47+0200,74eb74bd-8b1d-47e4-abd1-e66c3ea271fa,2026-07-11T04:15:00Z,2026-07-11T06:15:00+0200,219.0,MW,NL,NL,forecast_offshore_wind_generation,Wind Offshore,2026-07-26T16:36:36Z
2026-07-26T16:33:47Z,2026-07-26T18:33:47+0200,74eb74bd-8b1d-47e4-abd1-e66c3ea271fa,2026-07-11T04:30:00Z,2026-07-11T06:30:00+0200,202.0,MW,NL,NL,forecast_offshore_wind_generation,Wind Offshore,2026-07-26T16:36:36Z
2026-07-26T16:33:47Z,2026-07-26T18:33:47+0200,74eb74bd-8b1d-47e4-abd1-e66c3ea271fa,2026-07-11T04:45:00Z,2026-07-11T06:45:00+0200,186.0,MW,NL,NL,forecast_offshore_wind_generation,Wind Offshore,2026-07-26T16:36:36Z
2026-07-26T16:33:47Z,2026-07-26T18:33:47+0200,74eb74bd-8b1d-47e4-abd1-e66c3ea271fa,2026-07-11T05:00:00Z,2026-07-11T07:00:00+0200,170.0,MW,NL,NL,forecast_offshore_wind_generation,Wind Offshore,2026-07-26T16:36:36Z
2026-07-26T16:33:47Z,2026-07-26T18:33:47+0200,74eb74bd-8b1d-47e4-abd1-e66c3ea271fa,2026-07-11T05:15:00Z,2026-07-11T07:15:00+0200,156.0,MW,NL,NL,forecast_offshore_wind_generation,Wind Offshore,2026-07-26T16:36:36Z
2026-07-26T16:33:47Z,2026-07-26T18:33:47+0200,74eb74bd-8b1d-47e4-abd1-e66c3ea271fa,2026-07-11T05:30:00Z,2026-07-11T07:30:00+0200,146.0,MW,NL,NL,forecast_offshore_wind_generation,Wind Offshore,2026-07-26T16:36:36Z
2026-07-26T16:33:47Z,2026-07-26T18:33:47+0200,74eb74bd-8b1d-47e4-abd1-e66c3ea271fa,2026-07-11T05:45:00Z,2026-07-11T07:45:00+0200,136.0,MW,NL,NL,forecast_offshore_wind_generation,Wind Offshore,2026-07-26T16:36:36Z
2026-07-26T16:33:47Z,2026-07-26T18:33:47+0200,74eb74bd-8b1d-47e4-abd1-e66c3ea271fa,2026-07-11T06:00:00Z,2026-07-11T08:00:00+0200,125.0,MW,NL,NL,forecast_offshore_wind_generation,Wind Offshore,2026-07-26T16:36:36Z
2026-07-26T16:33:47Z,2026-07-26T18:33:47+0200,74eb74bd-8b1d-47e4-abd1-e66c3ea271fa,2026-07-11T06:15:00Z,2026-07-11T08:15:00+0200,119.0,MW,NL,NL,forecast_offshore_wind_generation,Wind Offshore,2026-07-26T16:36:36Z
2026-07-26T16:33:47Z,2026-07-26T18:33:47+0200,74eb74bd-8b1d-47e4-abd1-e66c3ea271fa,2026-07-11T06:30:00Z,2026-07-11T08:30:00+0200,117.0,MW,NL,NL,forecast_offshore_wind_generation,Wind Offshore,2026-07-26T16:36:36Z
2026-07-26T16:33:47Z,2026-07-26T18:33:47+0200,74eb74bd-8b1d-47e4-abd1-e66c3ea271fa,2026-07-11T06:45:00Z,2026-07-11T08:45:00+0200,115.0,MW,NL,NL,forecast_offshore_wind_generation,Wind Offshore,2026-07-26T16:36:36Z
2026-07-26T16:33:47Z,2026-07-26T18:33:47+0200,74eb74bd-8b1d-47e4-abd1-e66c3ea271fa,2026-07-11T07:00:00Z,2026-07-11T09:00:00+0200,113.0,MW,NL,NL,forecast_offshore_wind_generation,Wind Offshore,2026-07-26T16:36:36Z
2026-07-26T16:33:47Z,2026-07-26T18:33:47+0200,74eb74bd-8b1d-47e4-abd1-e66c3ea271fa,2026-07-11T07:15:00Z,2026-07-11T09:15:00+0200,111.0,MW,NL,NL,forecast_offshore_wind_generation,Wind Offshore,2026-07-26T16:36:36Z
2026-07-26T16:33:47Z,2026-07-26T18:33:47+0200,74eb74bd-8b1d-47e4-abd1-e66c3ea271fa,2026-07-11T07:30:00Z,2026-07-11T09:30:00+0200,110.0,MW,NL,NL,forecast_offshore_wind_generation,Wind Offshore,2026-07-26T16:36:36Z
2026-07-26T16:33:47Z,2026-07-26T18:33:47+0200,74eb74bd-8b1d-47e4-abd1-e66c3ea271fa,2026-07-11T07:45:00Z,2026-07-11T09:45:00+0200,108.0,MW,NL,NL,forecast_offshore_wind_generation,Wind Offshore,2026-07-26T16:36:36Z
2026-07-26T16:33:47Z,2026-07-26T18:33:47+0200,74eb74bd-8b1d-47e4-abd1-e66c3ea271fa,2026-07-11T08:00:00Z,2026-07-11T10:00:00+0200,106.0,MW,NL,NL,forecast_offshore_wind_generation,Wind Offshore,2026-07-26T16:36:36Z
2026-07-26T16:33:47Z,2026-07-26T18:33:47+0200,74eb74bd-8b1d-47e4-abd1-e66c3ea271fa,2026-07-11T08:15:00Z,2026-07-11T10:15:00+0200,104.0,MW,NL,NL,forecast_offshore_wind_generation,Wind Offshore,2026-07-26T16:36:36Z
2026-07-26T16:33:47Z,2026-07-26T18:33:47+0200,74eb74bd-8b1d-47e4-abd1-e66c3ea271fa,2026-07-11T08:30:00Z,2026-07-11T10:30:00+0200,103.0,MW,NL,NL,forecast_offshore_wind_generation,Wind Offshore,2026-07-26T16:36:36Z
2026-07-26T16:33:47Z,2026-07-26T18:33:47+0200,74eb74bd-8b1d-47e4-abd1-e66c3ea271fa,2026-07-11T08:45:00Z,2026-07-11T10:45:00+0200,101.0,MW,NL,NL,forecast_offshore_wind_generation,Wind Offshore,2026-07-26T16:36:36Z
2026-07-26T16:33:47Z,2026-07-26T18:33:47+0200,74eb74bd-8b1d-47e4-abd1-e66c3ea271fa,2026-07-11T09:00:00Z,2026-07-11T11:00:00+0200,99.0,MW,NL,NL,forecast_offshore_wind_generation,Wind Offshore,2026-07-26T16:36:36Z
2026-07-26T16:33:47Z,2026-07-26T18:33:47+0200,74eb74bd-8b1d-47e4-abd1-e66c3ea271fa,2026-07-11T09:15:00Z,2026-07-11T11:15:00+0200,101.0,MW,NL,NL,forecast_offshore_wind_generation,Wind Offshore,2026-07-26T16:36:36Z
2026-07-26T16:33:47Z,2026-07-26T18:33:47+0200,74eb74bd-8b1d-47e4-abd1-e66c3ea271fa,2026-07-11T09:30:00Z,2026-07-11T11:30:00+0200,107.0,MW,NL,NL,forecast_offshore_wind_generation,Wind Offshore,2026-07-26T16:36:36Z
2026-07-26T16:33:47Z,2026-07-26T18:33:47+0200,74eb74bd-8b1d-47e4-abd1-e66c3ea271fa,2026-07-11T09:45:00Z,2026-07-11T11:45:00+0200,113.0,MW,NL,NL,forecast_offshore_wind_generation,Wind Offshore,2026-07-26T16:36:36Z
2026-07-26T16:33:47Z,2026-07-26T18:33:47+0200,74eb74bd-8b1d-47e4-abd1-e66c3ea271fa,2026-07-11T10:00:00Z,2026-07-11T12:00:00+0200,119.0,MW,NL,NL,forecast_offshore_wind_generation,Wind Offshore,2026-07-26T16:36:36Z
2026-07-26T16:33:47Z,2026-07-26T18:33:47+0200,74eb74bd-8b1d-47e4-abd1-e66c3ea271fa,2026-07-11T10:15:00Z,2026-07-11T12:15:00+0200,126.0,MW,NL,NL,forecast_offshore_wind_generation,Wind Offshore,2026-07-26T16:36:36Z
2026-07-26T16:33:47Z,2026-07-26T18:33:47+0200,74eb74bd-8b1d-47e4-abd1-e66c3ea271fa,2026-07-11T10:30:00Z,2026-07-11T12:30:00+0200,134.0,MW,NL,NL,forecast_offshore_wind_generation,Wind Offshore,2026-07-26T16:36:36Z
2026-07-26T16:33:47Z,2026-07-26T18:33:47+0200,74eb74bd-8b1d-47e4-abd1-e66c3ea271fa,2026-07-11T10:45:00Z,2026-07-11T12:45:00+0200,141.0,MW,NL,NL,forecast_offshore_wind_generation,Wind Offshore,2026-07-26T16:36:36Z
2026-07-26T16:33:47Z,2026-07-26T18:33:47+0200,74eb74bd-8b1d-47e4-abd1-e66c3ea271fa,2026-07-11T11:00:00Z,2026-07-11T13:00:00+0200,149.0,MW,NL,NL,forecast_offshore_wind_generation,Wind Offshore,2026-07-26T16:36:36Z
2026-07-26T16:33:47Z,2026-07-26T18:33:47+0200,74eb74bd-8b1d-47e4-abd1-e66c3ea271fa,2026-07-11T11:15:00Z,2026-07-11T13:15:00+0200,157.0,MW,NL,NL,forecast_offshore_wind_generation,Wind Offshore,2026-07-26T16:36:36Z
2026-07-26T16:33:47Z,2026-07-26T18:33:47+0200,74eb74bd-8b1d-47e4-abd1-e66c3ea271fa,2026-07-11T11:30:00Z,2026-07-11T13:30:00+0200,166.0,MW,NL,NL,forecast_offshore_wind_generation,Wind Offshore,2026-07-26T16:36:36Z
2026-07-26T16:33:47Z,2026-07-26T18:33:47+0200,74eb74bd-8b1d-47e4-abd1-e66c3ea271fa,2026-07-11T11:45:00Z,2026-07-11T13:45:00+0200,174.0,MW,NL,NL,forecast_offshore_wind_generation,Wind Offshore,2026-07-26T16:36:36Z
2026-07-26T16:33:47Z,2026-07-26T18:33:47+0200,74eb74bd-8b1d-47e4-abd1-e66c3ea271fa,2026-07-11T12:00:00Z,2026-07-11T14:00:00+0200,183.0,MW,NL,NL,forecast_offshore_wind_generation,Wind Offshore,2026-07-26T16:36:36Z
2026-07-26T16:33:47Z,2026-07-26T18:33:47+0200,74eb74bd-8b1d-47e4-abd1-e66c3ea271fa,2026-07-11T12:15:00Z,2026-07-11T14:15:00+0200,200.0,MW,NL,NL,forecast_offshore_wind_generation,Wind Offshore,2026-07-26T16:36:36Z
2026-07-26T16:33:47Z,2026-07-26T18:33:47+0200,74eb74bd-8b1d-47e4-abd1-e66c3ea271fa,2026-07-11T12:30:00Z,2026-07-11T14:30:00+0200,224.0,MW,NL,NL,forecast_offshore_wind_generation,Wind Offshore,2026-07-26T16:36:36Z
2026-07-26T16:33:47Z,2026-07-26T18:33:47+0200,74eb74bd-8b1d-47e4-abd1-e66c3ea271fa,2026-07-11T12:45:00Z,2026-07-11T14:45:00+0200,248.0,MW,NL,NL,forecast_offshore_wind_generation,Wind Offshore,2026-07-26T16:36:36Z
2026-07-26T16:33:47Z,2026-07-26T18:33:47+0200,74eb74bd-8b1d-47e4-abd1-e66c3ea271fa,2026-07-11T13:00:00Z,2026-07-11T15:00:00+0200,273.0,MW,NL,NL,forecast_offshore_wind_generation,Wind Offshore,2026-07-26T16:36:36Z
2026-07-26T16:33:47Z,2026-07-26T18:33:47+0200,74eb74bd-8b1d-47e4-abd1-e66c3ea271fa,2026-07-11T13:15:00Z,2026-07-11T15:15:00+0200,305.0,MW,NL,NL,forecast_offshore_wind_generation,Wind Offshore,2026-07-26T16:36:36Z
2026-07-26T16:33:47Z,2026-07-26T18:33:47+0200,74eb74bd-8b1d-47e4-abd1-e66c3ea271fa,2026-07-11T13:30:00Z,2026-07-11T15:30:00+0200,344.0,MW,NL,NL,forecast_offshore_wind_generation,Wind Offshore,2026-07-26T16:36:36Z
2026-07-26T16:33:47Z,2026-07-26T18:33:47+0200,74eb74bd-8b1d-47e4-abd1-e66c3ea271fa,2026-07-11T13:45:00Z,2026-07-11T15:45:00+0200,383.0,MW,NL,NL,forecast_offshore_wind_generation,Wind Offshore,2026-07-26T16:36:36Z
2026-07-26T16:33:47Z,2026-07-26T18:33:47+0200,74eb74bd-8b1d-47e4-abd1-e66c3ea271fa,2026-07-11T14:00:00Z,2026-07-11T16:00:00+0200,423.0,MW,NL,NL,forecast_offshore_wind_generation,Wind Offshore,2026-07-26T16:36:36Z
2026-07-26T16:33:47Z,2026-07-26T18:33:47+0200,74eb74bd-8b1d-47e4-abd1-e66c3ea271fa,2026-07-11T14:15:00Z,2026-07-11T16:15:00+0200,461.0,MW,NL,NL,forecast_offshore_wind_generation,Wind Offshore,2026-07-26T16:36:36Z
2026-07-26T16:33:47Z,2026-07-26T18:33:47+0200,74eb74bd-8b1d-47e4-abd1-e66c3ea271fa,2026-07-11T14:30:00Z,2026-07-11T16:30:00+0200,497.0,MW,NL,NL,forecast_offshore_wind_generation,Wind Offshore,2026-07-26T16:36:36Z
2026-07-26T16:33:47Z,2026-07-26T18:33:47+0200,74eb74bd-8b1d-47e4-abd1-e66c3ea271fa,2026-07-11T14:45:00Z,2026-07-11T16:45:00+0200,534.0,MW,NL,NL,forecast_offshore_wind_generation,Wind Offshore,2026-07-26T16:36:36Z
2026-07-26T16:33:47Z,2026-07-26T18:33:47+0200,74eb74bd-8b1d-47e4-abd1-e66c3ea271fa,2026-07-11T15:00:00Z,2026-07-11T17:00:00+0200,571.0,MW,NL,NL,forecast_offshore_wind_generation,Wind Offshore,2026-07-26T16:36:36Z
2026-07-26T16:33:47Z,2026-07-26T18:33:47+0200,74eb74bd-8b1d-47e4-abd1-e66c3ea271fa,2026-07-11T15:15:00Z,2026-07-11T17:15:00+0200,584.0,MW,NL,NL,forecast_offshore_wind_generation,Wind Offshore,2026-07-26T16:36:36Z
2026-07-26T16:33:47Z,2026-07-26T18:33:47+0200,74eb74bd-8b1d-47e4-abd1-e66c3ea271fa,2026-07-11T15:30:00Z,2026-07-11T17:30:00+0200,575.0,MW,NL,NL,forecast_offshore_wind_generation,Wind Offshore,2026-07-26T16:36:36Z
2026-07-26T16:33:47Z,2026-07-26T18:33:47+0200,74eb74bd-8b1d-47e4-abd1-e66c3ea271fa,2026-07-11T15:45:00Z,2026-07-11T17:45:00+0200,566.0,MW,NL,NL,forecast_offshore_wind_generation,Wind Offshore,2026-07-26T16:36:36Z
2026-07-26T16:33:47Z,2026-07-26T18:33:47+0200,74eb74bd-8b1d-47e4-abd1-e66c3ea271fa,2026-07-11T16:00:00Z,2026-07-11T18:00:00+0200,556.0,MW,NL,NL,forecast_offshore_wind_generation,Wind Offshore,2026-07-26T16:36:36Z
2026-07-26T16:33:47Z,2026-07-26T18:33:47+0200,74eb74bd-8b1d-47e4-abd1-e66c3ea271fa,2026-07-11T16:15:00Z,2026-07-11T18:15:00+0200,551.0,MW,NL,NL,forecast_offshore_wind_generation,Wind Offshore,2026-07-26T16:36:36Z
2026-07-26T16:33:47Z,2026-07-26T18:33:47+0200,74eb74bd-8b1d-47e4-abd1-e66c3ea271fa,2026-07-11T16:30:00Z,2026-07-11T18:30:00+0200,550.0,MW,NL,NL,forecast_offshore_wind_generation,Wind Offshore,2026-07-26T16:36:36Z
2026-07-26T16:33:47Z,2026-07-26T18:33:47+0200,74eb74bd-8b1d-47e4-abd1-e66c3ea271fa,2026-07-11T16:45:00Z,2026-07-11T18:45:00+0200,550.0,MW,NL,NL,forecast_offshore_wind_generation,Wind Offshore,2026-07-26T16:36:36Z
2026-07-26T16:33:47Z,2026-07-26T18:33:47+0200,74eb74bd-8b1d-47e4-abd1-e66c3ea271fa,2026-07-11T17:00:00Z,2026-07-11T19:00:00+0200,549.0,MW,NL,NL,forecast_offshore_wind_generation,Wind Offshore,2026-07-26T16:36:36Z
2026-07-26T16:33:47Z,2026-07-26T18:33:47+0200,74eb74bd-8b1d-47e4-abd1-e66c3ea271fa,2026-07-11T17:15:00Z,2026-07-11T19:15:00+0200,548.0,MW,NL,NL,forecast_offshore_wind_generation,Wind Offshore,2026-07-26T16:36:36Z
2026-07-26T16:33:47Z,2026-07-26T18:33:47+0200,74eb74bd-8b1d-47e4-abd1-e66c3ea271fa,2026-07-11T17:30:00Z,2026-07-11T19:30:00+0200,547.0,MW,NL,NL,forecast_offshore_wind_generation,Wind Offshore,2026-07-26T16:36:36Z
2026-07-26T16:33:47Z,2026-07-26T18:33:47+0200,74eb74bd-8b1d-47e4-abd1-e66c3ea271fa,2026-07-11T17:45:00Z,2026-07-11T19:45:00+0200,545.0,MW,NL,NL,forecast_offshore_wind_generation,Wind Offshore,2026-07-26T16:36:36Z
2026-07-26T16:33:47Z,2026-07-26T18:33:47+0200,74eb74bd-8b1d-47e4-abd1-e66c3ea271fa,2026-07-11T18:00:00Z,2026-07-11T20:00:00+0200,544.0,MW,NL,NL,forecast_offshore_wind_generation,Wind Offshore,2026-07-26T16:36:36Z
2026-07-26T16:33:47Z,2026-07-26T18:33:47+0200,74eb74bd-8b1d-47e4-abd1-e66c3ea271fa,2026-07-11T18:15:00Z,2026-07-11T20:15:00+0200,543.0,MW,NL,NL,forecast_offshore_wind_generation,Wind Offshore,2026-07-26T16:36:36Z
2026-07-26T16:33:47Z,2026-07-26T18:33:47+0200,74eb74bd-8b1d-47e4-abd1-e66c3ea271fa,2026-07-11T18:30:00Z,2026-07-11T20:30:00+0200,542.0,MW,NL,NL,forecast_offshore_wind_generation,Wind Offshore,2026-07-26T16:36:36Z
2026-07-26T16:33:47Z,2026-07-26T18:33:47+0200,74eb74bd-8b1d-47e4-abd1-e66c3ea271fa,2026-07-11T18:45:00Z,2026-07-11T20:45:00+0200,541.0,MW,NL,NL,forecast_offshore_wind_generation,Wind Offshore,2026-07-26T16:36:36Z
2026-07-26T16:33:47Z,2026-07-26T18:33:47+0200,74eb74bd-8b1d-47e4-abd1-e66c3ea271fa,2026-07-11T19:00:00Z,2026-07-11T21:00:00+0200,540.0,MW,NL,NL,forecast_offshore_wind_generation,Wind Offshore,2026-07-26T16:36:36Z
2026-07-26T16:33:47Z,2026-07-26T18:33:47+0200,74eb74bd-8b1d-47e4-abd1-e66c3ea271fa,2026-07-11T19:15:00Z,2026-07-11T21:15:00+0200,540.0,MW,NL,NL,forecast_offshore_wind_generation,Wind Offshore,2026-07-26T16:36:36Z
2026-07-26T16:33:47Z,2026-07-26T18:33:47+0200,74eb74bd-8b1d-47e4-abd1-e66c3ea271fa,2026-07-11T19:30:00Z,2026-07-11T21:30:00+0200,542.0,MW,NL,NL,forecast_offshore_wind_generation,Wind Offshore,2026-07-26T16:36:36Z
2026-07-26T16:33:47Z,2026-07-26T18:33:47+0200,74eb74bd-8b1d-47e4-abd1-e66c3ea271fa,2026-07-11T19:45:00Z,2026-07-11T21:45:00+0200,544.0,MW,NL,NL,forecast_offshore_wind_generation,Wind Offshore,2026-07-26T16:36:36Z
2026-07-26T16:33:47Z,2026-07-26T18:33:47+0200,74eb74bd-8b1d-47e4-abd1-e66c3ea271fa,2026-07-11T20:00:00Z,2026-07-11T22:00:00+0200,546.0,MW,NL,NL,forecast_offshore_wind_generation,Wind Offshore,2026-07-26T16:36:36Z
2026-07-26T16:33:47Z,2026-07-26T18:33:47+0200,74eb74bd-8b1d-47e4-abd1-e66c3ea271fa,2026-07-11T20:15:00Z,2026-07-11T22:15:00+0200,546.0,MW,NL,NL,forecast_offshore_wind_generation,Wind Offshore,2026-07-26T16:36:36Z
2026-07-26T16:33:47Z,2026-07-26T18:33:47+0200,74eb74bd-8b1d-47e4-abd1-e66c3ea271fa,2026-07-11T20:30:00Z,2026-07-11T22:30:00+0200,543.0,MW,NL,NL,forecast_offshore_wind_generation,Wind Offshore,2026-07-26T16:36:36Z
2026-07-26T16:33:47Z,2026-07-26T18:33:47+0200,74eb74bd-8b1d-47e4-abd1-e66c3ea271fa,2026-07-11T20:45:00Z,2026-07-11T22:45:00+0200,541.0,MW,NL,NL,forecast_offshore_wind_generation,Wind Offshore,2026-07-26T16:36:36Z
2026-07-26T16:33:47Z,2026-07-26T18:33:47+0200,74eb74bd-8b1d-47e4-abd1-e66c3ea271fa,2026-07-11T21:00:00Z,2026-07-11T23:00:00+0200,538.0,MW,NL,NL,forecast_offshore_wind_generation,Wind Offshore,2026-07-26T16:36:36Z
2026-07-26T16:33:47Z,2026-07-26T18:33:47+0200,74eb74bd-8b1d-47e4-abd1-e66c3ea271fa,2026-07-11T21:15:00Z,2026-07-11T23:15:00+0200,538.0,MW,NL,NL,forecast_offshore_wind_generation,Wind Offshore,2026-07-26T16:36:36Z
2026-07-26T16:33:47Z,2026-07-26T18:33:47+0200,74eb74bd-8b1d-47e4-abd1-e66c3ea271fa,2026-07-11T21:30:00Z,2026-07-11T23:30:00+0200,540.0,MW,NL,NL,forecast_offshore_wind_generation,Wind Offshore,2026-07-26T16:36:36Z
2026-07-26T16:33:47Z,2026-07-26T18:33:47+0200,74eb74bd-8b1d-47e4-abd1-e66c3ea271fa,2026-07-11T21:45:00Z,2026-07-11T23:45:00+0200,542.0,MW,NL,NL,forecast_offshore_wind_generation,Wind Offshore,2026-07-26T16:36:36Z
2026-07-26T16:33:47Z,2026-07-26T18:33:47+0200,74eb74bd-8b1d-47e4-abd1-e66c3ea271fa,2026-07-11T22:00:00Z,2026-07-12T00:00:00+0200,511.0,MW,NL,NL,forecast_offshore_wind_generation,Wind Offshore,2026-07-26T16:36:36Z
2026-07-26T16:33:47Z,2026-07-26T18:33:47+0200,74eb74bd-8b1d-47e4-abd1-e66c3ea271fa,2026-07-11T22:15:00Z,2026-07-12T00:15:00+0200,523.0,MW,NL,NL,forecast_offshore_wind_generation,Wind Offshore,2026-07-26T16:36:36Z
2026-07-26T16:33:47Z,2026-07-26T18:33:47+0200,74eb74bd-8b1d-47e4-abd1-e66c3ea271fa,2026-07-11T22:30:00Z,2026-07-12T00:30:00+0200,536.0,MW,NL,NL,forecast_offshore_wind_generation,Wind Offshore,2026-07-26T16:36:36Z
2026-07-26T16:33:47Z,2026-07-26T18:33:47+0200,74eb74bd-8b1d-47e4-abd1-e66c3ea271fa,2026-07-11T22:45:00Z,2026-07-12T00:45:00+0200,550.0,MW,NL,NL,forecast_offshore_wind_generation,Wind Offshore,2026-07-26T16:36:36Z
2026-07-26T16:33:47Z,2026-07-26T18:33:47+0200,74eb74bd-8b1d-47e4-abd1-e66c3ea271fa,2026-07-11T23:00:00Z,2026-07-12T01:00:00+0200,564.0,MW,NL,NL,forecast_offshore_wind_generation,Wind Offshore,2026-07-26T16:36:36Z
2026-07-26T16:33:47Z,2026-07-26T18:33:47+0200,74eb74bd-8b1d-47e4-abd1-e66c3ea271fa,2026-07-11T23:15:00Z,2026-07-12T01:15:00+0200,575.0,MW,NL,NL,forecast_offshore_wind_generation,Wind Offshore,2026-07-26T16:36:36Z
2026-07-26T16:33:47Z,2026-07-26T18:33:47+0200,74eb74bd-8b1d-47e4-abd1-e66c3ea271fa,2026-07-11T23:30:00Z,2026-07-12T01:30:00+0200,584.0,MW,NL,NL,forecast_offshore_wind_generation,Wind Offshore,2026-07-26T16:36:36Z
2026-07-26T16:33:47Z,2026-07-26T18:33:47+0200,74eb74bd-8b1d-47e4-abd1-e66c3ea271fa,2026-07-11T23:45:00Z,2026-07-12T01:45:00+0200,593.0,MW,NL,NL,forecast_offshore_wind_generation,Wind Offshore,2026-07-26T16:36:36Z
2026-07-26T16:33:47Z,2026-07-26T18:33:47+0200,74eb74bd-8b1d-47e4-abd1-e66c3ea271fa,2026-07-12T00:00:00Z,2026-07-12T02:00:00+0200,601.0,MW,NL,NL,forecast_offshore_wind_generation,Wind Offshore,2026-07-26T16:36:36Z
2026-07-26T16:33:47Z,2026-07-26T18:33:47+0200,74eb74bd-8b1d-47e4-abd1-e66c3ea271fa,2026-07-12T00:15:00Z,2026-07-12T02:15:00+0200,602.0,MW,NL,NL,forecast_offshore_wind_generation,Wind Offshore,2026-07-26T16:36:36Z
2026-07-26T16:33:47Z,2026-07-26T18:33:47+0200,74eb74bd-8b1d-47e4-abd1-e66c3ea271fa,2026-07-12T00:30:00Z,2026-07-12T02:30:00+0200,595.0,MW,NL,NL,forecast_offshore_wind_generation,Wind Offshore,2026-07-26T16:36:36Z
2026-07-26T16:33:47Z,2026-07-26T18:33:47+0200,74eb74bd-8b1d-47e4-abd1-e66c3ea271fa,2026-07-12T00:45:00Z,2026-07-12T02:45:00+0200,587.0,MW,NL,NL,forecast_offshore_wind_generation,Wind Offshore,2026-07-26T16:36:36Z
2026-07-26T16:33:47Z,2026-07-26T18:33:47+0200,74eb74bd-8b1d-47e4-abd1-e66c3ea271fa,2026-07-12T01:00:00Z,2026-07-12T03:00:00+0200,580.0,MW,NL,NL,forecast_offshore_wind_generation,Wind Offshore,2026-07-26T16:36:36Z
2026-07-26T16:33:47Z,2026-07-26T18:33:47+0200,74eb74bd-8b1d-47e4-abd1-e66c3ea271fa,2026-07-12T01:15:00Z,2026-07-12T03:15:00+0200,572.0,MW,NL,NL,forecast_offshore_wind_generation,Wind Offshore,2026-07-26T16:36:36Z
2026-07-26T16:33:47Z,2026-07-26T18:33:47+0200,74eb74bd-8b1d-47e4-abd1-e66c3ea271fa,2026-07-12T01:30:00Z,2026-07-12T03:30:00+0200,564.0,MW,NL,NL,forecast_offshore_wind_generation,Wind Offshore,2026-07-26T16:36:36Z
2026-07-26T16:33:47Z,2026-07-26T18:33:47+0200,74eb74bd-8b1d-47e4-abd1-e66c3ea271fa,2026-07-12T01:45:00Z,2026-07-12T03:45:00+0200,556.0,MW,NL,NL,forecast_offshore_wind_generation,Wind Offshore,2026-07-26T16:36:36Z
2026-07-26T16:33:47Z,2026-07-26T18:33:47+0200,74eb74bd-8b1d-47e4-abd1-e66c3ea271fa,2026-07-12T02:00:00Z,2026-07-12T04:00:00+0200,547.0,MW,NL,NL,forecast_offshore_wind_generation,Wind Offshore,2026-07-26T16:36:36Z
2026-07-26T16:33:47Z,2026-07-26T18:33:47+0200,74eb74bd-8b1d-47e4-abd1-e66c3ea271fa,2026-07-12T02:15:00Z,2026-07-12T04:15:00+0200,537.0,MW,NL,NL,forecast_offshore_wind_generation,Wind Offshore,2026-07-26T16:36:36Z
2026-07-26T16:33:47Z,2026-07-26T18:33:47+0200,74eb74bd-8b1d-47e4-abd1-e66c3ea271fa,2026-07-12T02:30:00Z,2026-07-12T04:30:00+0200,525.0,MW,NL,NL,forecast_offshore_wind_generation,Wind Offshore,2026-07-26T16:36:36Z
2026-07-26T16:33:47Z,2026-07-26T18:33:47+0200,74eb74bd-8b1d-47e4-abd1-e66c3ea271fa,2026-07-12T02:45:00Z,2026-07-12T04:45:00+0200,513.0,MW,NL,NL,forecast_offshore_wind_generation,Wind Offshore,2026-07-26T16:36:36Z
2026-07-26T16:33:47Z,2026-07-26T18:33:47+0200,74eb74bd-8b1d-47e4-abd1-e66c3ea271fa,2026-07-12T03:00:00Z,2026-07-12T05:00:00+0200,501.0,MW,NL,NL,forecast_offshore_wind_generation,Wind Offshore,2026-07-26T16:36:36Z
2026-07-26T16:33:47Z,2026-07-26T18:33:47+0200,74eb74bd-8b1d-47e4-abd1-e66c3ea271fa,2026-07-12T03:15:00Z,2026-07-12T05:15:00+0200,481.0,MW,NL,NL,forecast_offshore_wind_generation,Wind Offshore,2026-07-26T16:36:36Z
2026-07-26T16:33:47Z,2026-07-26T18:33:47+0200,74eb74bd-8b1d-47e4-abd1-e66c3ea271fa,2026-07-12T03:30:00Z,2026-07-12T05:30:00+0200,452.0,MW,NL,NL,forecast_offshore_wind_generation,Wind Offshore,2026-07-26T16:36:36Z
2026-07-26T16:33:47Z,2026-07-26T18:33:47+0200,74eb74bd-8b1d-47e4-abd1-e66c3ea271fa,2026-07-12T03:45:00Z,2026-07-12T05:45:00+0200,423.0,MW,NL,NL,forecast_offshore_wind_generation,Wind Offshore,2026-07-26T16:36:36Z
2026-07-26T16:33:47Z,2026-07-26T18:33:47+0200,74eb74bd-8b1d-47e4-abd1-e66c3ea271fa,2026-07-12T04:00:00Z,2026-07-12T06:00:00+0200,395.0,MW,NL,NL,forecast_offshore_wind_generation,Wind Offshore,2026-07-26T16:36:36Z
2026-07-26T16:33:47Z,2026-07-26T18:33:47+0200,74eb74bd-8b1d-47e4-abd1-e66c3ea271fa,2026-07-12T04:15:00Z,2026-07-12T06:15:00+0200,373.0,MW,NL,NL,forecast_offshore_wind_generation,Wind Offshore,2026-07-26T16:36:36Z
2026-07-26T16:33:47Z,2026-07-26T18:33:47+0200,74eb74bd-8b1d-47e4-abd1-e66c3ea271fa,2026-07-12T04:30:00Z,2026-07-12T06:30:00+0200,359.0,MW,NL,NL,forecast_offshore_wind_generation,Wind Offshore,2026-07-26T16:36:36Z
2026-07-26T16:33:47Z,2026-07-26T18:33:47+0200,74eb74bd-8b1d-47e4-abd1-e66c3ea271fa,2026-07-12T04:45:00Z,2026-07-12T06:45:00+0200,345.0,MW,NL,NL,forecast_offshore_wind_generation,Wind Offshore,2026-07-26T16:36:36Z
2026-07-26T16:33:47Z,2026-07-26T18:33:47+0200,74eb74bd-8b1d-47e4-abd1-e66c3ea271fa,2026-07-12T05:00:00Z,2026-07-12T07:00:00+0200,331.0,MW,NL,NL,forecast_offshore_wind_generation,Wind Offshore,2026-07-26T16:36:36Z
2026-07-26T16:33:47Z,2026-07-26T18:33:47+0200,74eb74bd-8b1d-47e4-abd1-e66c3ea271fa,2026-07-12T05:15:00Z,2026-07-12T07:15:00+0200,317.0,MW,NL,NL,forecast_offshore_wind_generation,Wind Offshore,2026-07-26T16:36:36Z
2026-07-26T16:33:47Z,2026-07-26T18:33:47+0200,74eb74bd-8b1d-47e4-abd1-e66c3ea271fa,2026-07-12T05:30:00Z,2026-07-12T07:30:00+0200,304.0,MW,NL,NL,forecast_offshore_wind_generation,Wind Offshore,2026-07-26T16:36:36Z
2026-07-26T16:33:47Z,2026-07-26T18:33:47+0200,74eb74bd-8b1d-47e4-abd1-e66c3ea271fa,2026-07-12T05:45:00Z,2026-07-12T07:45:00+0200,291.0,MW,NL,NL,forecast_offshore_wind_generation,Wind Offshore,2026-07-26T16:36:36Z
2026-07-26T16:33:47Z,2026-07-26T18:33:47+0200,74eb74bd-8b1d-47e4-abd1-e66c3ea271fa,2026-07-12T06:00:00Z,2026-07-12T08:00:00+0200,278.0,MW,NL,NL,forecast_offshore_wind_generation,Wind Offshore,2026-07-26T16:36:36Z
2026-07-26T16:33:47Z,2026-07-26T18:33:47+0200,74eb74bd-8b1d-47e4-abd1-e66c3ea271fa,2026-07-12T06:15:00Z,2026-07-12T08:15:00+0200,273.0,MW,NL,NL,forecast_offshore_wind_generation,Wind Offshore,2026-07-26T16:36:36Z
2026-07-26T16:33:47Z,2026-07-26T18:33:47+0200,74eb74bd-8b1d-47e4-abd1-e66c3ea271fa,2026-07-12T06:30:00Z,2026-07-12T08:30:00+0200,277.0,MW,NL,NL,forecast_offshore_wind_generation,Wind Offshore,2026-07-26T16:36:36Z
2026-07-26T16:33:47Z,2026-07-26T18:33:47+0200,74eb74bd-8b1d-47e4-abd1-e66c3ea271fa,2026-07-12T06:45:00Z,2026-07-12T08:45:00+0200,281.0,MW,NL,NL,forecast_offshore_wind_generation,Wind Offshore,2026-07-26T16:36:36Z
2026-07-26T16:33:47Z,2026-07-26T18:33:47+0200,74eb74bd-8b1d-47e4-abd1-e66c3ea271fa,2026-07-12T07:00:00Z,2026-07-12T09:00:00+0200,284.0,MW,NL,NL,forecast_offshore_wind_generation,Wind Offshore,2026-07-26T16:36:36Z
2026-07-26T16:33:47Z,2026-07-26T18:33:47+0200,74eb74bd-8b1d-47e4-abd1-e66c3ea271fa,2026-07-12T07:15:00Z,2026-07-12T09:15:00+0200,288.0,MW,NL,NL,forecast_offshore_wind_generation,Wind Offshore,2026-07-26T16:36:36Z
2026-07-26T16:33:47Z,2026-07-26T18:33:47+0200,74eb74bd-8b1d-47e4-abd1-e66c3ea271fa,2026-07-12T07:30:00Z,2026-07-12T09:30:00+0200,291.0,MW,NL,NL,forecast_offshore_wind_generation,Wind Offshore,2026-07-26T16:36:36Z
2026-07-26T16:33:47Z,2026-07-26T18:33:47+0200,74eb74bd-8b1d-47e4-abd1-e66c3ea271fa,2026-07-12T07:45:00Z,2026-07-12T09:45:00+0200,294.0,MW,NL,NL,forecast_offshore_wind_generation,Wind Offshore,2026-07-26T16:36:36Z
2026-07-26T16:33:47Z,2026-07-26T18:33:47+0200,74eb74bd-8b1d-47e4-abd1-e66c3ea271fa,2026-07-12T08:00:00Z,2026-07-12T10:00:00+0200,297.0,MW,NL,NL,forecast_offshore_wind_generation,Wind Offshore,2026-07-26T16:36:36Z
2026-07-26T16:33:47Z,2026-07-26T18:33:47+0200,74eb74bd-8b1d-47e4-abd1-e66c3ea271fa,2026-07-12T08:15:00Z,2026-07-12T10:15:00+0200,299.0,MW,NL,NL,forecast_offshore_wind_generation,Wind Offshore,2026-07-26T16:36:36Z
2026-07-26T16:33:47Z,2026-07-26T18:33:47+0200,74eb74bd-8b1d-47e4-abd1-e66c3ea271fa,2026-07-12T08:30:00Z,2026-07-12T10:30:00+0200,302.0,MW,NL,NL,forecast_offshore_wind_generation,Wind Offshore,2026-07-26T16:36:36Z
2026-07-26T16:33:47Z,2026-07-26T18:33:47+0200,74eb74bd-8b1d-47e4-abd1-e66c3ea271fa,2026-07-12T08:45:00Z,2026-07-12T10:45:00+0200,305.0,MW,NL,NL,forecast_offshore_wind_generation,Wind Offshore,2026-07-26T16:36:36Z
2026-07-26T16:33:47Z,2026-07-26T18:33:47+0200,74eb74bd-8b1d-47e4-abd1-e66c3ea271fa,2026-07-12T09:00:00Z,2026-07-12T11:00:00+0200,308.0,MW,NL,NL,forecast_offshore_wind_generation,Wind Offshore,2026-07-26T16:36:36Z
2026-07-26T16:33:47Z,2026-07-26T18:33:47+0200,74eb74bd-8b1d-47e4-abd1-e66c3ea271fa,2026-07-12T09:15:00Z,2026-07-12T11:15:00+0200,316.0,MW,NL,NL,forecast_offshore_wind_generation,Wind Offshore,2026-07-26T16:36:36Z
2026-07-26T16:33:47Z,2026-07-26T18:33:47+0200,74eb74bd-8b1d-47e4-abd1-e66c3ea271fa,2026-07-12T09:30:00Z,2026-07-12T11:30:00+0200,329.0,MW,NL,NL,forecast_offshore_wind_generation,Wind Offshore,2026-07-26T16:36:36Z
2026-07-26T16:33:47Z,2026-07-26T18:33:47+0200,74eb74bd-8b1d-47e4-abd1-e66c3ea271fa,2026-07-12T09:45:00Z,2026-07-12T11:45:00+0200,341.0,MW,NL,NL,forecast_offshore_wind_generation,Wind Offshore,2026-07-26T16:36:36Z
2026-07-26T16:33:47Z,2026-07-26T18:33:47+0200,74eb74bd-8b1d-47e4-abd1-e66c3ea271fa,2026-07-12T10:00:00Z,2026-07-12T12:00:00+0200,354.0,MW,NL,NL,forecast_offshore_wind_generation,Wind Offshore,2026-07-26T16:36:36Z
2026-07-26T16:33:47Z,2026-07-26T18:33:47+0200,74eb74bd-8b1d-47e4-abd1-e66c3ea271fa,2026-07-12T10:15:00Z,2026-07-12T12:15:00+0200,365.0,MW,NL,NL,forecast_offshore_wind_generation,Wind Offshore,2026-07-26T16:36:36Z
2026-07-26T16:33:47Z,2026-07-26T18:33:47+0200,74eb74bd-8b1d-47e4-abd1-e66c3ea271fa,2026-07-12T10:30:00Z,2026-07-12T12:30:00+0200,374.0,MW,NL,NL,forecast_offshore_wind_generation,Wind Offshore,2026-07-26T16:36:36Z
2026-07-26T16:33:47Z,2026-07-26T18:33:47+0200,74eb74bd-8b1d-47e4-abd1-e66c3ea271fa,2026-07-12T10:45:00Z,2026-07-12T12:45:00+0200,382.0,MW,NL,NL,forecast_offshore_wind_generation,Wind Offshore,2026-07-26T16:36:36Z
2026-07-26T16:33:47Z,2026-07-26T18:33:47+0200,74eb74bd-8b1d-47e4-abd1-e66c3ea271fa,2026-07-12T11:00:00Z,2026-07-12T13:00:00+0200,391.0,MW,NL,NL,forecast_offshore_wind_generation,Wind Offshore,2026-07-26T16:36:36Z
2026-07-26T16:33:47Z,2026-07-26T18:33:47+0200,74eb74bd-8b1d-47e4-abd1-e66c3ea271fa,2026-07-12T11:15:00Z,2026-07-12T13:15:00+0200,398.0,MW,NL,NL,forecast_offshore_wind_generation,Wind Offshore,2026-07-26T16:36:36Z
2026-07-26T16:33:47Z,2026-07-26T18:33:47+0200,74eb74bd-8b1d-47e4-abd1-e66c3ea271fa,2026-07-12T11:30:00Z,2026-07-12T13:30:00+0200,405.0,MW,NL,NL,forecast_offshore_wind_generation,Wind Offshore,2026-07-26T16:36:36Z
2026-07-26T16:33:47Z,2026-07-26T18:33:47+0200,74eb74bd-8b1d-47e4-abd1-e66c3ea271fa,2026-07-12T11:45:00Z,2026-07-12T13:45:00+0200,411.0,MW,NL,NL,forecast_offshore_wind_generation,Wind Offshore,2026-07-26T16:36:36Z
2026-07-26T16:33:47Z,2026-07-26T18:33:47+0200,74eb74bd-8b1d-47e4-abd1-e66c3ea271fa,2026-07-12T12:00:00Z,2026-07-12T14:00:00+0200,418.0,MW,NL,NL,forecast_offshore_wind_generation,Wind Offshore,2026-07-26T16:36:36Z
2026-07-26T16:33:47Z,2026-07-26T18:33:47+0200,74eb74bd-8b1d-47e4-abd1-e66c3ea271fa,2026-07-12T12:15:00Z,2026-07-12T14:15:00+0200,435.0,MW,NL,NL,forecast_offshore_wind_generation,Wind Offshore,2026-07-26T16:36:36Z
2026-07-26T16:33:47Z,2026-07-26T18:33:47+0200,74eb74bd-8b1d-47e4-abd1-e66c3ea271fa,2026-07-12T12:30:00Z,2026-07-12T14:30:00+0200,462.0,MW,NL,NL,forecast_offshore_wind_generation,Wind Offshore,2026-07-26T16:36:36Z
2026-07-26T16:33:47Z,2026-07-26T18:33:47+0200,74eb74bd-8b1d-47e4-abd1-e66c3ea271fa,2026-07-12T12:45:00Z,2026-07-12T14:45:00+0200,490.0,MW,NL,NL,forecast_offshore_wind_generation,Wind Offshore,2026-07-26T16:36:36Z
2026-07-26T16:33:47Z,2026-07-26T18:33:47+0200,74eb74bd-8b1d-47e4-abd1-e66c3ea271fa,2026-07-12T13:00:00Z,2026-07-12T15:00:00+0200,518.0,MW,NL,NL,forecast_offshore_wind_generation,Wind Offshore,2026-07-26T16:36:36Z
2026-07-26T16:33:47Z,2026-07-26T18:33:47+0200,74eb74bd-8b1d-47e4-abd1-e66c3ea271fa,2026-07-12T13:15:00Z,2026-07-12T15:15:00+0200,540.0,MW,NL,NL,forecast_offshore_wind_generation,Wind Offshore,2026-07-26T16:36:36Z
2026-07-26T16:33:47Z,2026-07-26T18:33:47+0200,74eb74bd-8b1d-47e4-abd1-e66c3ea271fa,2026-07-12T13:30:00Z,2026-07-12T15:30:00+0200,557.0,MW,NL,NL,forecast_offshore_wind_generation,Wind Offshore,2026-07-26T16:36:36Z
2026-07-26T16:33:47Z,2026-07-26T18:33:47+0200,74eb74bd-8b1d-47e4-abd1-e66c3ea271fa,2026-07-12T13:45:00Z,2026-07-12T15:45:00+0200,574.0,MW,NL,NL,forecast_offshore_wind_generation,Wind Offshore,2026-07-26T16:36:36Z
2026-07-26T16:33:47Z,2026-07-26T18:33:47+0200,74eb74bd-8b1d-47e4-abd1-e66c3ea271fa,2026-07-12T14:00:00Z,2026-07-12T16:00:00+0200,591.0,MW,NL,NL,forecast_offshore_wind_generation,Wind Offshore,2026-07-26T16:36:36Z
2026-07-26T16:33:47Z,2026-07-26T18:33:47+0200,74eb74bd-8b1d-47e4-abd1-e66c3ea271fa,2026-07-12T14:15:00Z,2026-07-12T16:15:00+0200,620.0,MW,NL,NL,forecast_offshore_wind_generation,Wind Offshore,2026-07-26T16:36:36Z
2026-07-26T16:33:47Z,2026-07-26T18:33:47+0200,74eb74bd-8b1d-47e4-abd1-e66c3ea271fa,2026-07-12T14:30:00Z,2026-07-12T16:30:00+0200,663.0,MW,NL,NL,forecast_offshore_wind_generation,Wind Offshore,2026-07-26T16:36:36Z
2026-07-26T16:33:47Z,2026-07-26T18:33:47+0200,74eb74bd-8b1d-47e4-abd1-e66c3ea271fa,2026-07-12T14:45:00Z,2026-07-12T16:45:00+0200,705.0,MW,NL,NL,forecast_offshore_wind_generation,Wind Offshore,2026-07-26T16:36:36Z
2026-07-26T16:33:47Z,2026-07-26T18:33:47+0200,74eb74bd-8b1d-47e4-abd1-e66c3ea271fa,2026-07-12T15:00:00Z,2026-07-12T17:00:00+0200,747.0,MW,NL,NL,forecast_offshore_wind_generation,Wind Offshore,2026-07-26T16:36:36Z
2026-07-26T16:33:47Z,2026-07-26T18:33:47+0200,74eb74bd-8b1d-47e4-abd1-e66c3ea271fa,2026-07-12T15:15:00Z,2026-07-12T17:15:00+0200,765.0,MW,NL,NL,forecast_offshore_wind_generation,Wind Offshore,2026-07-26T16:36:36Z
2026-07-26T16:33:47Z,2026-07-26T18:33:47+0200,74eb74bd-8b1d-47e4-abd1-e66c3ea271fa,2026-07-12T15:30:00Z,2026-07-12T17:30:00+0200,759.0,MW,NL,NL,forecast_offshore_wind_generation,Wind Offshore,2026-07-26T16:36:36Z
2026-07-26T16:33:47Z,2026-07-26T18:33:47+0200,74eb74bd-8b1d-47e4-abd1-e66c3ea271fa,2026-07-12T15:45:00Z,2026-07-12T17:45:00+0200,753.0,MW,NL,NL,forecast_offshore_wind_generation,Wind Offshore,2026-07-26T16:36:36Z
2026-07-26T16:33:47Z,2026-07-26T18:33:47+0200,74eb74bd-8b1d-47e4-abd1-e66c3ea271fa,2026-07-12T16:00:00Z,2026-07-12T18:00:00+0200,746.0,MW,NL,NL,forecast_offshore_wind_generation,Wind Offshore,2026-07-26T16:36:36Z
2026-07-26T16:33:47Z,2026-07-26T18:33:47+0200,74eb74bd-8b1d-47e4-abd1-e66c3ea271fa,2026-07-12T16:15:00Z,2026-07-12T18:15:00+0200,740.0,MW,NL,NL,forecast_offshore_wind_generation,Wind Offshore,2026-07-26T16:36:36Z
2026-07-26T16:33:47Z,2026-07-26T18:33:47+0200,74eb74bd-8b1d-47e4-abd1-e66c3ea271fa,2026-07-12T16:30:00Z,2026-07-12T18:30:00+0200,735.0,MW,NL,NL,forecast_offshore_wind_generation,Wind Offshore,2026-07-26T16:36:36Z
2026-07-26T16:33:47Z,2026-07-26T18:33:47+0200,74eb74bd-8b1d-47e4-abd1-e66c3ea271fa,2026-07-12T16:45:00Z,2026-07-12T18:45:00+0200,730.0,MW,NL,NL,forecast_offshore_wind_generation,Wind Offshore,2026-07-26T16:36:36Z
2026-07-26T16:33:47Z,2026-07-26T18:33:47+0200,74eb74bd-8b1d-47e4-abd1-e66c3ea271fa,2026-07-12T17:00:00Z,2026-07-12T19:00:00+0200,724.0,MW,NL,NL,forecast_offshore_wind_generation,Wind Offshore,2026-07-26T16:36:36Z
2026-07-26T16:33:47Z,2026-07-26T18:33:47+0200,74eb74bd-8b1d-47e4-abd1-e66c3ea271fa,2026-07-12T17:15:00Z,2026-07-12T19:15:00+0200,718.0,MW,NL,NL,forecast_offshore_wind_generation,Wind Offshore,2026-07-26T16:36:36Z
2026-07-26T16:33:47Z,2026-07-26T18:33:47+0200,74eb74bd-8b1d-47e4-abd1-e66c3ea271fa,2026-07-12T17:30:00Z,2026-07-12T19:30:00+0200,711.0,MW,NL,NL,forecast_offshore_wind_generation,Wind Offshore,2026-07-26T16:36:36Z
2026-07-26T16:33:47Z,2026-07-26T18:33:47+0200,74eb74bd-8b1d-47e4-abd1-e66c3ea271fa,2026-07-12T17:45:00Z,2026-07-12T19:45:00+0200,705.0,MW,NL,NL,forecast_offshore_wind_generation,Wind Offshore,2026-07-26T16:36:36Z
2026-07-26T16:33:47Z,2026-07-26T18:33:47+0200,74eb74bd-8b1d-47e4-abd1-e66c3ea271fa,2026-07-12T18:00:00Z,2026-07-12T20:00:00+0200,698.0,MW,NL,NL,forecast_offshore_wind_generation,Wind Offshore,2026-07-26T16:36:36Z
2026-07-26T16:33:47Z,2026-07-26T18:33:47+0200,74eb74bd-8b1d-47e4-abd1-e66c3ea271fa,2026-07-12T18:15:00Z,2026-07-12T20:15:00+0200,696.0,MW,NL,NL,forecast_offshore_wind_generation,Wind Offshore,2026-07-26T16:36:36Z
2026-07-26T16:33:47Z,2026-07-26T18:33:47+0200,74eb74bd-8b1d-47e4-abd1-e66c3ea271fa,2026-07-12T18:30:00Z,2026-07-12T20:30:00+0200,698.0,MW,NL,NL,forecast_offshore_wind_generation,Wind Offshore,2026-07-26T16:36:36Z
2026-07-26T16:33:47Z,2026-07-26T18:33:47+0200,74eb74bd-8b1d-47e4-abd1-e66c3ea271fa,2026-07-12T18:45:00Z,2026-07-12T20:45:00+0200,700.0,MW,NL,NL,forecast_offshore_wind_generation,Wind Offshore,2026-07-26T16:36:36Z
2026-07-26T16:33:47Z,2026-07-26T18:33:47+0200,74eb74bd-8b1d-47e4-abd1-e66c3ea271fa,2026-07-12T19:00:00Z,2026-07-12T21:00:00+0200,703.0,MW,NL,NL,forecast_offshore_wind_generation,Wind Offshore,2026-07-26T16:36:36Z
2026-07-26T16:33:47Z,2026-07-26T18:33:47+0200,74eb74bd-8b1d-47e4-abd1-e66c3ea271fa,2026-07-12T19:15:00Z,2026-07-12T21:15:00+0200,702.0,MW,NL,NL,forecast_offshore_wind_generation,Wind Offshore,2026-07-26T16:36:36Z
2026-07-26T16:33:47Z,2026-07-26T18:33:47+0200,74eb74bd-8b1d-47e4-abd1-e66c3ea271fa,2026-07-12T19:30:00Z,2026-07-12T21:30:00+0200,698.0,MW,NL,NL,forecast_offshore_wind_generation,Wind Offshore,2026-07-26T16:36:36Z
2026-07-26T16:33:47Z,2026-07-26T18:33:47+0200,74eb74bd-8b1d-47e4-abd1-e66c3ea271fa,2026-07-12T19:45:00Z,2026-07-12T21:45:00+0200,694.0,MW,NL,NL,forecast_offshore_wind_generation,Wind Offshore,2026-07-26T16:36:36Z
2026-07-26T16:33:47Z,2026-07-26T18:33:47+0200,74eb74bd-8b1d-47e4-abd1-e66c3ea271fa,2026-07-12T20:00:00Z,2026-07-12T22:00:00+0200,690.0,MW,NL,NL,forecast_offshore_wind_generation,Wind Offshore,2026-07-26T16:36:36Z
2026-07-26T16:33:47Z,2026-07-26T18:33:47+0200,74eb74bd-8b1d-47e4-abd1-e66c3ea271fa,2026-07-12T20:15:00Z,2026-07-12T22:15:00+0200,683.0,MW,NL,NL,forecast_offshore_wind_generation,Wind Offshore,2026-07-26T16:36:36Z
2026-07-26T16:33:47Z,2026-07-26T18:33:47+0200,74eb74bd-8b1d-47e4-abd1-e66c3ea271fa,2026-07-12T20:30:00Z,2026-07-12T22:30:00+0200,671.0,MW,NL,NL,forecast_offshore_wind_generation,Wind Offshore,2026-07-26T16:36:36Z
2026-07-26T16:33:47Z,2026-07-26T18:33:47+0200,74eb74bd-8b1d-47e4-abd1-e66c3ea271fa,2026-07-12T20:45:00Z,2026-07-12T22:45:00+0200,659.0,MW,NL,NL,forecast_offshore_wind_generation,Wind Offshore,2026-07-26T16:36:36Z
2026-07-26T16:33:47Z,2026-07-26T18:33:47+0200,74eb74bd-8b1d-47e4-abd1-e66c3ea271fa,2026-07-12T21:00:00Z,2026-07-12T23:00:00+0200,647.0,MW,NL,NL,forecast_offshore_wind_generation,Wind Offshore,2026-07-26T16:36:36Z
2026-07-26T16:33:47Z,2026-07-26T18:33:47+0200,74eb74bd-8b1d-47e4-abd1-e66c3ea271fa,2026-07-12T21:15:00Z,2026-07-12T23:15:00+0200,633.0,MW,NL,NL,forecast_offshore_wind_generation,Wind Offshore,2026-07-26T16:36:36Z
2026-07-26T16:33:47Z,2026-07-26T18:33:47+0200,74eb74bd-8b1d-47e4-abd1-e66c3ea271fa,2026-07-12T21:30:00Z,2026-07-12T23:30:00+0200,615.0,MW,NL,NL,forecast_offshore_wind_generation,Wind Offshore,2026-07-26T16:36:36Z
2026-07-26T16:33:47Z,2026-07-26T18:33:47+0200,74eb74bd-8b1d-47e4-abd1-e66c3ea271fa,2026-07-12T21:45:00Z,2026-07-12T23:45:00+0200,597.0,MW,NL,NL,forecast_offshore_wind_generation,Wind Offshore,2026-07-26T16:36:36Z
2026-07-26T16:33:47Z,2026-07-26T18:33:47+0200,74eb74bd-8b1d-47e4-abd1-e66c3ea271fa,2026-07-12T22:00:00Z,2026-07-13T00:00:00+0200,552.0,MW,NL,NL,forecast_offshore_wind_generation,Wind Offshore,2026-07-26T16:36:36Z
2026-07-26T16:33:47Z,2026-07-26T18:33:47+0200,74eb74bd-8b1d-47e4-abd1-e66c3ea271fa,2026-07-12T22:15:00Z,2026-07-13T00:15:00+0200,545.0,MW,NL,NL,forecast_offshore_wind_generation,Wind Offshore,2026-07-26T16:36:36Z
2026-07-26T16:33:47Z,2026-07-26T18:33:47+0200,74eb74bd-8b1d-47e4-abd1-e66c3ea271fa,2026-07-12T22:30:00Z,2026-07-13T00:30:00+0200,538.0,MW,NL,NL,forecast_offshore_wind_generation,Wind Offshore,2026-07-26T16:36:36Z
2026-07-26T16:33:47Z,2026-07-26T18:33:47+0200,74eb74bd-8b1d-47e4-abd1-e66c3ea271fa,2026-07-12T22:45:00Z,2026-07-13T00:45:00+0200,531.0,MW,NL,NL,forecast_offshore_wind_generation,Wind Offshore,2026-07-26T16:36:36Z
2026-07-26T16:33:47Z,2026-07-26T18:33:47+0200,74eb74bd-8b1d-47e4-abd1-e66c3ea271fa,2026-07-12T23:00:00Z,2026-07-13T01:00:00+0200,524.0,MW,NL,NL,forecast_offshore_wind_generation,Wind Offshore,2026-07-26T16:36:36Z
2026-07-26T16:33:47Z,2026-07-26T18:33:47+0200,74eb74bd-8b1d-47e4-abd1-e66c3ea271fa,2026-07-12T23:15:00Z,2026-07-13T01:15:00+0200,518.0,MW,NL,NL,forecast_offshore_wind_generation,Wind Offshore,2026-07-26T16:36:36Z
2026-07-26T16:33:47Z,2026-07-26T18:33:47+0200,74eb74bd-8b1d-47e4-abd1-e66c3ea271fa,2026-07-12T23:30:00Z,2026-07-13T01:30:00+0200,514.0,MW,NL,NL,forecast_offshore_wind_generation,Wind Offshore,2026-07-26T16:36:36Z
2026-07-26T16:33:47Z,2026-07-26T18:33:47+0200,74eb74bd-8b1d-47e4-abd1-e66c3ea271fa,2026-07-12T23:45:00Z,2026-07-13T01:45:00+0200,509.0,MW,NL,NL,forecast_offshore_wind_generation,Wind Offshore,2026-07-26T16:36:36Z
2026-07-26T16:33:47Z,2026-07-26T18:33:47+0200,74eb74bd-8b1d-47e4-abd1-e66c3ea271fa,2026-07-13T00:00:00Z,2026-07-13T02:00:00+0200,504.0,MW,NL,NL,forecast_offshore_wind_generation,Wind Offshore,2026-07-26T16:36:36Z
2026-07-26T16:33:47Z,2026-07-26T18:33:47+0200,74eb74bd-8b1d-47e4-abd1-e66c3ea271fa,2026-07-13T00:15:00Z,2026-07-13T02:15:00+0200,490.0,MW,NL,NL,forecast_offshore_wind_generation,Wind Offshore,2026-07-26T16:36:36Z
2026-07-26T16:33:47Z,2026-07-26T18:33:47+0200,74eb74bd-8b1d-47e4-abd1-e66c3ea271fa,2026-07-13T00:30:00Z,2026-07-13T02:30:00+0200,466.0,MW,NL,NL,forecast_offshore_wind_generation,Wind Offshore,2026-07-26T16:36:36Z
2026-07-26T16:33:47Z,2026-07-26T18:33:47+0200,74eb74bd-8b1d-47e4-abd1-e66c3ea271fa,2026-07-13T00:45:00Z,2026-07-13T02:45:00+0200,443.0,MW,NL,NL,forecast_offshore_wind_generation,Wind Offshore,2026-07-26T16:36:36Z
2026-07-26T16:33:47Z,2026-07-26T18:33:47+0200,74eb74bd-8b1d-47e4-abd1-e66c3ea271fa,2026-07-13T01:00:00Z,2026-07-13T03:00:00+0200,419.0,MW,NL,NL,forecast_offshore_wind_generation,Wind Offshore,2026-07-26T16:36:36Z
2026-07-26T16:33:47Z,2026-07-26T18:33:47+0200,74eb74bd-8b1d-47e4-abd1-e66c3ea271fa,2026-07-13T01:15:00Z,2026-07-13T03:15:00+0200,398.0,MW,NL,NL,forecast_offshore_wind_generation,Wind Offshore,2026-07-26T16:36:36Z
2026-07-26T16:33:47Z,2026-07-26T18:33:47+0200,74eb74bd-8b1d-47e4-abd1-e66c3ea271fa,2026-07-13T01:30:00Z,2026-07-13T03:30:00+0200,380.0,MW,NL,NL,forecast_offshore_wind_generation,Wind Offshore,2026-07-26T16:36:36Z
2026-07-26T16:33:47Z,2026-07-26T18:33:47+0200,74eb74bd-8b1d-47e4-abd1-e66c3ea271fa,2026-07-13T01:45:00Z,2026-07-13T03:45:00+0200,361.0,MW,NL,NL,forecast_offshore_wind_generation,Wind Offshore,2026-07-26T16:36:36Z
2026-07-26T16:33:47Z,2026-07-26T18:33:47+0200,74eb74bd-8b1d-47e4-abd1-e66c3ea271fa,2026-07-13T02:00:00Z,2026-07-13T04:00:00+0200,343.0,MW,NL,NL,forecast_offshore_wind_generation,Wind Offshore,2026-07-26T16:36:36Z
2026-07-26T16:33:47Z,2026-07-26T18:33:47+0200,74eb74bd-8b1d-47e4-abd1-e66c3ea271fa,2026-07-13T02:15:00Z,2026-07-13T04:15:00+0200,331.0,MW,NL,NL,forecast_offshore_wind_generation,Wind Offshore,2026-07-26T16:36:36Z
2026-07-26T16:33:47Z,2026-07-26T18:33:47+0200,74eb74bd-8b1d-47e4-abd1-e66c3ea271fa,2026-07-13T02:30:00Z,2026-07-13T04:30:00+0200,326.0,MW,NL,NL,forecast_offshore_wind_generation,Wind Offshore,2026-07-26T16:36:36Z
2026-07-26T16:33:47Z,2026-07-26T18:33:47+0200,74eb74bd-8b1d-47e4-abd1-e66c3ea271fa,2026-07-13T02:45:00Z,2026-07-13T04:45:00+0200,321.0,MW,NL,NL,forecast_offshore_wind_generation,Wind Offshore,2026-07-26T16:36:36Z
2026-07-26T16:33:47Z,2026-07-26T18:33:47+0200,74eb74bd-8b1d-47e4-abd1-e66c3ea271fa,2026-07-13T03:00:00Z,2026-07-13T05:00:00+0200,316.0,MW,NL,NL,forecast_offshore_wind_generation,Wind Offshore,2026-07-26T16:36:36Z
2026-07-26T16:33:47Z,2026-07-26T18:33:47+0200,74eb74bd-8b1d-47e4-abd1-e66c3ea271fa,2026-07-13T03:15:00Z,2026-07-13T05:15:00+0200,311.0,MW,NL,NL,forecast_offshore_wind_generation,Wind Offshore,2026-07-26T16:36:36Z
2026-07-26T16:33:47Z,2026-07-26T18:33:47+0200,74eb74bd-8b1d-47e4-abd1-e66c3ea271fa,2026-07-13T03:30:00Z,2026-07-13T05:30:00+0200,305.0,MW,NL,NL,forecast_offshore_wind_generation,Wind Offshore,2026-07-26T16:36:36Z
2026-07-26T16:33:47Z,2026-07-26T18:33:47+0200,74eb74bd-8b1d-47e4-abd1-e66c3ea271fa,2026-07-13T03:45:00Z,2026-07-13T05:45:00+0200,299.0,MW,NL,NL,forecast_offshore_wind_generation,Wind Offshore,2026-07-26T16:36:36Z
2026-07-26T16:33:47Z,2026-07-26T18:33:47+0200,74eb74bd-8b1d-47e4-abd1-e66c3ea271fa,2026-07-13T04:00:00Z,2026-07-13T06:00:00+0200,293.0,MW,NL,NL,forecast_offshore_wind_generation,Wind Offshore,2026-07-26T16:36:36Z
2026-07-26T16:33:47Z,2026-07-26T18:33:47+0200,74eb74bd-8b1d-47e4-abd1-e66c3ea271fa,2026-07-13T04:15:00Z,2026-07-13T06:15:00+0200,289.0,MW,NL,NL,forecast_offshore_wind_generation,Wind Offshore,2026-07-26T16:36:36Z
2026-07-26T16:33:47Z,2026-07-26T18:33:47+0200,74eb74bd-8b1d-47e4-abd1-e66c3ea271fa,2026-07-13T04:30:00Z,2026-07-13T06:30:00+0200,289.0,MW,NL,NL,forecast_offshore_wind_generation,Wind Offshore,2026-07-26T16:36:36Z
2026-07-26T16:33:47Z,2026-07-26T18:33:47+0200,74eb74bd-8b1d-47e4-abd1-e66c3ea271fa,2026-07-13T04:45:00Z,2026-07-13T06:45:00+0200,288.0,MW,NL,NL,forecast_offshore_wind_generation,Wind Offshore,2026-07-26T16:36:36Z
2026-07-26T16:33:47Z,2026-07-26T18:33:47+0200,74eb74bd-8b1d-47e4-abd1-e66c3ea271fa,2026-07-13T05:00:00Z,2026-07-13T07:00:00+0200,287.0,MW,NL,NL,forecast_offshore_wind_generation,Wind Offshore,2026-07-26T16:36:36Z
2026-07-26T16:33:47Z,2026-07-26T18:33:47+0200,74eb74bd-8b1d-47e4-abd1-e66c3ea271fa,2026-07-13T05:15:00Z,2026-07-13T07:15:00+0200,287.0,MW,NL,NL,forecast_offshore_wind_generation,Wind Offshore,2026-07-26T16:36:36Z
2026-07-26T16:33:47Z,2026-07-26T18:33:47+0200,74eb74bd-8b1d-47e4-abd1-e66c3ea271fa,2026-07-13T05:30:00Z,2026-07-13T07:30:00+0200,289.0,MW,NL,NL,forecast_offshore_wind_generation,Wind Offshore,2026-07-26T16:36:36Z
2026-07-26T16:33:47Z,2026-07-26T18:33:47+0200,74eb74bd-8b1d-47e4-abd1-e66c3ea271fa,2026-07-13T05:45:00Z,2026-07-13T07:45:00+0200,290.0,MW,NL,NL,forecast_offshore_wind_generation,Wind Offshore,2026-07-26T16:36:36Z
2026-07-26T16:33:47Z,2026-07-26T18:33:47+0200,74eb74bd-8b1d-47e4-abd1-e66c3ea271fa,2026-07-13T06:00:00Z,2026-07-13T08:00:00+0200,292.0,MW,NL,NL,forecast_offshore_wind_generation,Wind Offshore,2026-07-26T16:36:36Z
2026-07-26T16:33:47Z,2026-07-26T18:33:47+0200,74eb74bd-8b1d-47e4-abd1-e66c3ea271fa,2026-07-13T06:15:00Z,2026-07-13T08:15:00+0200,297.0,MW,NL,NL,forecast_offshore_wind_generation,Wind Offshore,2026-07-26T16:36:36Z
2026-07-26T16:33:47Z,2026-07-26T18:33:47+0200,74eb74bd-8b1d-47e4-abd1-e66c3ea271fa,2026-07-13T06:30:00Z,2026-07-13T08:30:00+0200,305.0,MW,NL,NL,forecast_offshore_wind_generation,Wind Offshore,2026-07-26T16:36:36Z
2026-07-26T16:33:47Z,2026-07-26T18:33:47+0200,74eb74bd-8b1d-47e4-abd1-e66c3ea271fa,2026-07-13T06:45:00Z,2026-07-13T08:45:00+0200,314.0,MW,NL,NL,forecast_offshore_wind_generation,Wind Offshore,2026-07-26T16:36:36Z
2026-07-26T16:33:47Z,2026-07-26T18:33:47+0200,74eb74bd-8b1d-47e4-abd1-e66c3ea271fa,2026-07-13T07:00:00Z,2026-07-13T09:00:00+0200,322.0,MW,NL,NL,forecast_offshore_wind_generation,Wind Offshore,2026-07-26T16:36:36Z
2026-07-26T16:33:47Z,2026-07-26T18:33:47+0200,74eb74bd-8b1d-47e4-abd1-e66c3ea271fa,2026-07-13T07:15:00Z,2026-07-13T09:15:00+0200,333.0,MW,NL,NL,forecast_offshore_wind_generation,Wind Offshore,2026-07-26T16:36:36Z
2026-07-26T16:33:47Z,2026-07-26T18:33:47+0200,74eb74bd-8b1d-47e4-abd1-e66c3ea271fa,2026-07-13T07:30:00Z,2026-07-13T09:30:00+0200,346.0,MW,NL,NL,forecast_offshore_wind_generation,Wind Offshore,2026-07-26T16:36:36Z
2026-07-26T16:33:47Z,2026-07-26T18:33:47+0200,74eb74bd-8b1d-47e4-abd1-e66c3ea271fa,2026-07-13T07:45:00Z,2026-07-13T09:45:00+0200,359.0,MW,NL,NL,forecast_offshore_wind_generation,Wind Offshore,2026-07-26T16:36:36Z
2026-07-26T16:33:47Z,2026-07-26T18:33:47+0200,74eb74bd-8b1d-47e4-abd1-e66c3ea271fa,2026-07-13T08:00:00Z,2026-07-13T10:00:00+0200,372.0,MW,NL,NL,forecast_offshore_wind_generation,Wind Offshore,2026-07-26T16:36:36Z
2026-07-26T16:33:47Z,2026-07-26T18:33:47+0200,74eb74bd-8b1d-47e4-abd1-e66c3ea271fa,2026-07-13T08:15:00Z,2026-07-13T10:15:00+0200,381.0,MW,NL,NL,forecast_offshore_wind_generation,Wind Offshore,2026-07-26T16:36:36Z
2026-07-26T16:33:47Z,2026-07-26T18:33:47+0200,74eb74bd-8b1d-47e4-abd1-e66c3ea271fa,2026-07-13T08:30:00Z,2026-07-13T10:30:00+0200,386.0,MW,NL,NL,forecast_offshore_wind_generation,Wind Offshore,2026-07-26T16:36:36Z
2026-07-26T16:33:47Z,2026-07-26T18:33:47+0200,74eb74bd-8b1d-47e4-abd1-e66c3ea271fa,2026-07-13T08:45:00Z,2026-07-13T10:45:00+0200,391.0,MW,NL,NL,forecast_offshore_wind_generation,Wind Offshore,2026-07-26T16:36:36Z
2026-07-26T16:33:47Z,2026-07-26T18:33:47+0200,74eb74bd-8b1d-47e4-abd1-e66c3ea271fa,2026-07-13T09:00:00Z,2026-07-13T11:00:00+0200,396.0,MW,NL,NL,forecast_offshore_wind_generation,Wind Offshore,2026-07-26T16:36:36Z
2026-07-26T16:33:47Z,2026-07-26T18:33:47+0200,74eb74bd-8b1d-47e4-abd1-e66c3ea271fa,2026-07-13T09:15:00Z,2026-07-13T11:15:00+0200,397.0,MW,NL,NL,forecast_offshore_wind_generation,Wind Offshore,2026-07-26T16:36:36Z
2026-07-26T16:33:47Z,2026-07-26T18:33:47+0200,74eb74bd-8b1d-47e4-abd1-e66c3ea271fa,2026-07-13T09:30:00Z,2026-07-13T11:30:00+0200,394.0,MW,NL,NL,forecast_offshore_wind_generation,Wind Offshore,2026-07-26T16:36:36Z
2026-07-26T16:33:47Z,2026-07-26T18:33:47+0200,74eb74bd-8b1d-47e4-abd1-e66c3ea271fa,2026-07-13T09:45:00Z,2026-07-13T11:45:00+0200,391.0,MW,NL,NL,forecast_offshore_wind_generation,Wind Offshore,2026-07-26T16:36:36Z
2026-07-26T16:33:47Z,2026-07-26T18:33:47+0200,74eb74bd-8b1d-47e4-abd1-e66c3ea271fa,2026-07-13T10:00:00Z,2026-07-13T12:00:00+0200,387.0,MW,NL,NL,forecast_offshore_wind_generation,Wind Offshore,2026-07-26T16:36:36Z
2026-07-26T16:33:47Z,2026-07-26T18:33:47+0200,74eb74bd-8b1d-47e4-abd1-e66c3ea271fa,2026-07-13T10:15:00Z,2026-07-13T12:15:00+0200,385.0,MW,NL,NL,forecast_offshore_wind_generation,Wind Offshore,2026-07-26T16:36:36Z
2026-07-26T16:33:47Z,2026-07-26T18:33:47+0200,74eb74bd-8b1d-47e4-abd1-e66c3ea271fa,2026-07-13T10:30:00Z,2026-07-13T12:30:00+0200,383.0,MW,NL,NL,forecast_offshore_wind_generation,Wind Offshore,2026-07-26T16:36:36Z
2026-07-26T16:33:47Z,2026-07-26T18:33:47+0200,74eb74bd-8b1d-47e4-abd1-e66c3ea271fa,2026-07-13T10:45:00Z,2026-07-13T12:45:00+0200,381.0,MW,NL,NL,forecast_offshore_wind_generation,Wind Offshore,2026-07-26T16:36:36Z
2026-07-26T16:33:47Z,2026-07-26T18:33:47+0200,74eb74bd-8b1d-47e4-abd1-e66c3ea271fa,2026-07-13T11:00:00Z,2026-07-13T13:00:00+0200,379.0,MW,NL,NL,forecast_offshore_wind_generation,Wind Offshore,2026-07-26T16:36:36Z
2026-07-26T16:33:47Z,2026-07-26T18:33:47+0200,74eb74bd-8b1d-47e4-abd1-e66c3ea271fa,2026-07-13T11:15:00Z,2026-07-13T13:15:00+0200,376.0,MW,NL,NL,forecast_offshore_wind_generation,Wind Offshore,2026-07-26T16:36:36Z
2026-07-26T16:33:47Z,2026-07-26T18:33:47+0200,74eb74bd-8b1d-47e4-abd1-e66c3ea271fa,2026-07-13T11:30:00Z,2026-07-13T13:30:00+0200,372.0,MW,NL,NL,forecast_offshore_wind_generation,Wind Offshore,2026-07-26T16:36:36Z
2026-07-26T16:33:47Z,2026-07-26T18:33:47+0200,74eb74bd-8b1d-47e4-abd1-e66c3ea271fa,2026-07-13T11:45:00Z,2026-07-13T13:45:00+0200,368.0,MW,NL,NL,forecast_offshore_wind_generation,Wind Offshore,2026-07-26T16:36:36Z
2026-07-26T16:33:47Z,2026-07-26T18:33:47+0200,74eb74bd-8b1d-47e4-abd1-e66c3ea271fa,2026-07-13T12:00:00Z,2026-07-13T14:00:00+0200,364.0,MW,NL,NL,forecast_offshore_wind_generation,Wind Offshore,2026-07-26T16:36:36Z
2026-07-26T16:33:47Z,2026-07-26T18:33:47+0200,74eb74bd-8b1d-47e4-abd1-e66c3ea271fa,2026-07-13T12:15:00Z,2026-07-13T14:15:00+0200,374.0,MW,NL,NL,forecast_offshore_wind_generation,Wind Offshore,2026-07-26T16:36:36Z
2026-07-26T16:33:47Z,2026-07-26T18:33:47+0200,74eb74bd-8b1d-47e4-abd1-e66c3ea271fa,2026-07-13T12:30:00Z,2026-07-13T14:30:00+0200,398.0,MW,NL,NL,forecast_offshore_wind_generation,Wind Offshore,2026-07-26T16:36:36Z
2026-07-26T16:33:47Z,2026-07-26T18:33:47+0200,74eb74bd-8b1d-47e4-abd1-e66c3ea271fa,2026-07-13T12:45:00Z,2026-07-13T14:45:00+0200,423.0,MW,NL,NL,forecast_offshore_wind_generation,Wind Offshore,2026-07-26T16:36:36Z
2026-07-26T16:33:47Z,2026-07-26T18:33:47+0200,74eb74bd-8b1d-47e4-abd1-e66c3ea271fa,2026-07-13T13:00:00Z,2026-07-13T15:00:00+0200,447.0,MW,NL,NL,forecast_offshore_wind_generation,Wind Offshore,2026-07-26T16:36:36Z
2026-07-26T16:33:47Z,2026-07-26T18:33:47+0200,74eb74bd-8b1d-47e4-abd1-e66c3ea271fa,2026-07-13T13:15:00Z,2026-07-13T15:15:00+0200,473.0,MW,NL,NL,forecast_offshore_wind_generation,Wind Offshore,2026-07-26T16:36:36Z
2026-07-26T16:33:47Z,2026-07-26T18:33:47+0200,74eb74bd-8b1d-47e4-abd1-e66c3ea271fa,2026-07-13T13:30:00Z,2026-07-13T15:30:00+0200,501.0,MW,NL,NL,forecast_offshore_wind_generation,Wind Offshore,2026-07-26T16:36:36Z
2026-07-26T16:33:47Z,2026-07-26T18:33:47+0200,74eb74bd-8b1d-47e4-abd1-e66c3ea271fa,2026-07-13T13:45:00Z,2026-07-13T15:45:00+0200,529.0,MW,NL,NL,forecast_offshore_wind_generation,Wind Offshore,2026-07-26T16:36:36Z
2026-07-26T16:33:47Z,2026-07-26T18:33:47+0200,74eb74bd-8b1d-47e4-abd1-e66c3ea271fa,2026-07-13T14:00:00Z,2026-07-13T16:00:00+0200,557.0,MW,NL,NL,forecast_offshore_wind_generation,Wind Offshore,2026-07-26T16:36:36Z
2026-07-26T16:33:47Z,2026-07-26T18:33:47+0200,74eb74bd-8b1d-47e4-abd1-e66c3ea271fa,2026-07-13T14:15:00Z,2026-07-13T16:15:00+0200,587.0,MW,NL,NL,forecast_offshore_wind_generation,Wind Offshore,2026-07-26T16:36:36Z
2026-07-26T16:33:47Z,2026-07-26T18:33:47+0200,74eb74bd-8b1d-47e4-abd1-e66c3ea271fa,2026-07-13T14:30:00Z,2026-07-13T16:30:00+0200,619.0,MW,NL,NL,forecast_offshore_wind_generation,Wind Offshore,2026-07-26T16:36:36Z
2026-07-26T16:33:47Z,2026-07-26T18:33:47+0200,74eb74bd-8b1d-47e4-abd1-e66c3ea271fa,2026-07-13T14:45:00Z,2026-07-13T16:45:00+0200,651.0,MW,NL,NL,forecast_offshore_wind_generation,Wind Offshore,2026-07-26T16:36:36Z
2026-07-26T16:33:47Z,2026-07-26T18:33:47+0200,74eb74bd-8b1d-47e4-abd1-e66c3ea271fa,2026-07-13T15:00:00Z,2026-07-13T17:00:00+0200,682.0,MW,NL,NL,forecast_offshore_wind_generation,Wind Offshore,2026-07-26T16:36:36Z
2026-07-26T16:33:47Z,2026-07-26T18:33:47+0200,74eb74bd-8b1d-47e4-abd1-e66c3ea271fa,2026-07-13T15:15:00Z,2026-07-13T17:15:00+0200,700.0,MW,NL,NL,forecast_offshore_wind_generation,Wind Offshore,2026-07-26T16:36:36Z
2026-07-26T16:33:47Z,2026-07-26T18:33:47+0200,74eb74bd-8b1d-47e4-abd1-e66c3ea271fa,2026-07-13T15:30:00Z,2026-07-13T17:30:00+0200,702.0,MW,NL,NL,forecast_offshore_wind_generation,Wind Offshore,2026-07-26T16:36:36Z
2026-07-26T16:33:47Z,2026-07-26T18:33:47+0200,74eb74bd-8b1d-47e4-abd1-e66c3ea271fa,2026-07-13T15:45:00Z,2026-07-13T17:45:00+0200,705.0,MW,NL,NL,forecast_offshore_wind_generation,Wind Offshore,2026-07-26T16:36:36Z
2026-07-26T16:33:47Z,2026-07-26T18:33:47+0200,74eb74bd-8b1d-47e4-abd1-e66c3ea271fa,2026-07-13T16:00:00Z,2026-07-13T18:00:00+0200,707.0,MW,NL,NL,forecast_offshore_wind_generation,Wind Offshore,2026-07-26T16:36:36Z
2026-07-26T16:33:47Z,2026-07-26T18:33:47+0200,74eb74bd-8b1d-47e4-abd1-e66c3ea271fa,2026-07-13T16:15:00Z,2026-07-13T18:15:00+0200,708.0,MW,NL,NL,forecast_offshore_wind_generation,Wind Offshore,2026-07-26T16:36:36Z
2026-07-26T16:33:47Z,2026-07-26T18:33:47+0200,74eb74bd-8b1d-47e4-abd1-e66c3ea271fa,2026-07-13T16:30:00Z,2026-07-13T18:30:00+0200,707.0,MW,NL,NL,forecast_offshore_wind_generation,Wind Offshore,2026-07-26T16:36:36Z
2026-07-26T16:33:47Z,2026-07-26T18:33:47+0200,74eb74bd-8b1d-47e4-abd1-e66c3ea271fa,2026-07-13T16:45:00Z,2026-07-13T18:45:00+0200,706.0,MW,NL,NL,forecast_offshore_wind_generation,Wind Offshore,2026-07-26T16:36:36Z
2026-07-26T16:33:47Z,2026-07-26T18:33:47+0200,74eb74bd-8b1d-47e4-abd1-e66c3ea271fa,2026-07-13T17:00:00Z,2026-07-13T19:00:00+0200,705.0,MW,NL,NL,forecast_offshore_wind_generation,Wind Offshore,2026-07-26T16:36:36Z
2026-07-26T16:33:47Z,2026-07-26T18:33:47+0200,74eb74bd-8b1d-47e4-abd1-e66c3ea271fa,2026-07-13T17:15:00Z,2026-07-13T19:15:00+0200,703.0,MW,NL,NL,forecast_offshore_wind_generation,Wind Offshore,2026-07-26T16:36:36Z
2026-07-26T16:33:47Z,2026-07-26T18:33:47+0200,74eb74bd-8b1d-47e4-abd1-e66c3ea271fa,2026-07-13T17:30:00Z,2026-07-13T19:30:00+0200,700.0,MW,NL,NL,forecast_offshore_wind_generation,Wind Offshore,2026-07-26T16:36:36Z
2026-07-26T16:33:47Z,2026-07-26T18:33:47+0200,74eb74bd-8b1d-47e4-abd1-e66c3ea271fa,2026-07-13T17:45:00Z,2026-07-13T19:45:00+0200,697.0,MW,NL,NL,forecast_offshore_wind_generation,Wind Offshore,2026-07-26T16:36:36Z
2026-07-26T16:33:47Z,2026-07-26T18:33:47+0200,74eb74bd-8b1d-47e4-abd1-e66c3ea271fa,2026-07-13T18:00:00Z,2026-07-13T20:00:00+0200,693.0,MW,NL,NL,forecast_offshore_wind_generation,Wind Offshore,2026-07-26T16:36:36Z
2026-07-26T16:33:47Z,2026-07-26T18:33:47+0200,74eb74bd-8b1d-47e4-abd1-e66c3ea271fa,2026-07-13T18:15:00Z,2026-07-13T20:15:00+0200,694.0,MW,NL,NL,forecast_offshore_wind_generation,Wind Offshore,2026-07-26T16:36:36Z
2026-07-26T16:33:47Z,2026-07-26T18:33:47+0200,74eb74bd-8b1d-47e4-abd1-e66c3ea271fa,2026-07-13T18:30:00Z,2026-07-13T20:30:00+0200,697.0,MW,NL,NL,forecast_offshore_wind_generation,Wind Offshore,2026-07-26T16:36:36Z
2026-07-26T16:33:47Z,2026-07-26T18:33:47+0200,74eb74bd-8b1d-47e4-abd1-e66c3ea271fa,2026-07-13T18:45:00Z,2026-07-13T20:45:00+0200,701.0,MW,NL,NL,forecast_offshore_wind_generation,Wind Offshore,2026-07-26T16:36:36Z
2026-07-26T16:33:47Z,2026-07-26T18:33:47+0200,74eb74bd-8b1d-47e4-abd1-e66c3ea271fa,2026-07-13T19:00:00Z,2026-07-13T21:00:00+0200,704.0,MW,NL,NL,forecast_offshore_wind_generation,Wind Offshore,2026-07-26T16:36:36Z
2026-07-26T16:33:47Z,2026-07-26T18:33:47+0200,74eb74bd-8b1d-47e4-abd1-e66c3ea271fa,2026-07-13T19:15:00Z,2026-07-13T21:15:00+0200,707.0,MW,NL,NL,forecast_offshore_wind_generation,Wind Offshore,2026-07-26T16:36:36Z
2026-07-26T16:33:47Z,2026-07-26T18:33:47+0200,74eb74bd-8b1d-47e4-abd1-e66c3ea271fa,2026-07-13T19:30:00Z,2026-07-13T21:30:00+0200,708.0,MW,NL,NL,forecast_offshore_wind_generation,Wind Offshore,2026-07-26T16:36:36Z
2026-07-26T16:33:47Z,2026-07-26T18:33:47+0200,74eb74bd-8b1d-47e4-abd1-e66c3ea271fa,2026-07-13T19:45:00Z,2026-07-13T21:45:00+0200,710.0,MW,NL,NL,forecast_offshore_wind_generation,Wind Offshore,2026-07-26T16:36:36Z
2026-07-26T16:33:47Z,2026-07-26T18:33:47+0200,74eb74bd-8b1d-47e4-abd1-e66c3ea271fa,2026-07-13T20:00:00Z,2026-07-13T22:00:00+0200,711.0,MW,NL,NL,forecast_offshore_wind_generation,Wind Offshore,2026-07-26T16:36:36Z
2026-07-26T16:33:47Z,2026-07-26T18:33:47+0200,74eb74bd-8b1d-47e4-abd1-e66c3ea271fa,2026-07-13T20:15:00Z,2026-07-13T22:15:00+0200,708.0,MW,NL,NL,forecast_offshore_wind_generation,Wind Offshore,2026-07-26T16:36:36Z
2026-07-26T16:33:47Z,2026-07-26T18:33:47+0200,74eb74bd-8b1d-47e4-abd1-e66c3ea271fa,2026-07-13T20:30:00Z,2026-07-13T22:30:00+0200,700.0,MW,NL,NL,forecast_offshore_wind_generation,Wind Offshore,2026-07-26T16:36:36Z
2026-07-26T16:33:47Z,2026-07-26T18:33:47+0200,74eb74bd-8b1d-47e4-abd1-e66c3ea271fa,2026-07-13T20:45:00Z,2026-07-13T22:45:00+0200,693.0,MW,NL,NL,forecast_offshore_wind_generation,Wind Offshore,2026-07-26T16:36:36Z
2026-07-26T16:33:47Z,2026-07-26T18:33:47+0200,74eb74bd-8b1d-47e4-abd1-e66c3ea271fa,2026-07-13T21:00:00Z,2026-07-13T23:00:00+0200,685.0,MW,NL,NL,forecast_offshore_wind_generation,Wind Offshore,2026-07-26T16:36:36Z
2026-07-26T16:33:47Z,2026-07-26T18:33:47+0200,74eb74bd-8b1d-47e4-abd1-e66c3ea271fa,2026-07-13T21:15:00Z,2026-07-13T23:15:00+0200,675.0,MW,NL,NL,forecast_offshore_wind_generation,Wind Offshore,2026-07-26T16:36:36Z
2026-07-26T16:33:47Z,2026-07-26T18:33:47+0200,74eb74bd-8b1d-47e4-abd1-e66c3ea271fa,2026-07-13T21:30:00Z,2026-07-13T23:30:00+0200,663.0,MW,NL,NL,forecast_offshore_wind_generation,Wind Offshore,2026-07-26T16:36:36Z
2026-07-26T16:33:47Z,2026-07-26T18:33:47+0200,74eb74bd-8b1d-47e4-abd1-e66c3ea271fa,2026-07-13T21:45:00Z,2026-07-13T23:45:00+0200,652.0,MW,NL,NL,forecast_offshore_wind_generation,Wind Offshore,2026-07-26T16:36:36Z
2026-07-26T16:33:47Z,2026-07-26T18:33:47+0200,74eb74bd-8b1d-47e4-abd1-e66c3ea271fa,2026-07-13T22:00:00Z,2026-07-14T00:00:00+0200,515.0,MW,NL,NL,forecast_offshore_wind_generation,Wind Offshore,2026-07-26T16:36:36Z
2026-07-26T16:33:47Z,2026-07-26T18:33:47+0200,74eb74bd-8b1d-47e4-abd1-e66c3ea271fa,2026-07-13T22:15:00Z,2026-07-14T00:15:00+0200,509.0,MW,NL,NL,forecast_offshore_wind_generation,Wind Offshore,2026-07-26T16:36:36Z
2026-07-26T16:33:47Z,2026-07-26T18:33:47+0200,74eb74bd-8b1d-47e4-abd1-e66c3ea271fa,2026-07-13T22:30:00Z,2026-07-14T00:30:00+0200,502.0,MW,NL,NL,forecast_offshore_wind_generation,Wind Offshore,2026-07-26T16:36:36Z
2026-07-26T16:33:47Z,2026-07-26T18:33:47+0200,74eb74bd-8b1d-47e4-abd1-e66c3ea271fa,2026-07-13T22:45:00Z,2026-07-14T00:45:00+0200,496.0,MW,NL,NL,forecast_offshore_wind_generation,Wind Offshore,2026-07-26T16:36:36Z
2026-07-26T16:33:47Z,2026-07-26T18:33:47+0200,74eb74bd-8b1d-47e4-abd1-e66c3ea271fa,2026-07-13T23:00:00Z,2026-07-14T01:00:00+0200,490.0,MW,NL,NL,forecast_offshore_wind_generation,Wind Offshore,2026-07-26T16:36:36Z
2026-07-26T16:33:47Z,2026-07-26T18:33:47+0200,74eb74bd-8b1d-47e4-abd1-e66c3ea271fa,2026-07-13T23:15:00Z,2026-07-14T01:15:00+0200,490.0,MW,NL,NL,forecast_offshore_wind_generation,Wind Offshore,2026-07-26T16:36:36Z
2026-07-26T16:33:47Z,2026-07-26T18:33:47+0200,74eb74bd-8b1d-47e4-abd1-e66c3ea271fa,2026-07-13T23:30:00Z,2026-07-14T01:30:00+0200,498.0,MW,NL,NL,forecast_offshore_wind_generation,Wind Offshore,2026-07-26T16:36:36Z
2026-07-26T16:33:47Z,2026-07-26T18:33:47+0200,74eb74bd-8b1d-47e4-abd1-e66c3ea271fa,2026-07-13T23:45:00Z,2026-07-14T01:45:00+0200,506.0,MW,NL,NL,forecast_offshore_wind_generation,Wind Offshore,2026-07-26T16:36:36Z
2026-07-26T16:33:47Z,2026-07-26T18:33:47+0200,74eb74bd-8b1d-47e4-abd1-e66c3ea271fa,2026-07-14T00:00:00Z,2026-07-14T02:00:00+0200,514.0,MW,NL,NL,forecast_offshore_wind_generation,Wind Offshore,2026-07-26T16:36:36Z
2026-07-26T16:33:47Z,2026-07-26T18:33:47+0200,74eb74bd-8b1d-47e4-abd1-e66c3ea271fa,2026-07-14T00:15:00Z,2026-07-14T02:15:00+0200,519.0,MW,NL,NL,forecast_offshore_wind_generation,Wind Offshore,2026-07-26T16:36:36Z
2026-07-26T16:33:47Z,2026-07-26T18:33:47+0200,74eb74bd-8b1d-47e4-abd1-e66c3ea271fa,2026-07-14T00:30:00Z,2026-07-14T02:30:00+0200,521.0,MW,NL,NL,forecast_offshore_wind_generation,Wind Offshore,2026-07-26T16:36:36Z
2026-07-26T16:33:47Z,2026-07-26T18:33:47+0200,74eb74bd-8b1d-47e4-abd1-e66c3ea271fa,2026-07-14T00:45:00Z,2026-07-14T02:45:00+0200,522.0,MW,NL,NL,forecast_offshore_wind_generation,Wind Offshore,2026-07-26T16:36:36Z
2026-07-26T16:33:47Z,2026-07-26T18:33:47+0200,74eb74bd-8b1d-47e4-abd1-e66c3ea271fa,2026-07-14T01:00:00Z,2026-07-14T03:00:00+0200,524.0,MW,NL,NL,forecast_offshore_wind_generation,Wind Offshore,2026-07-26T16:36:36Z
2026-07-26T16:33:47Z,2026-07-26T18:33:47+0200,74eb74bd-8b1d-47e4-abd1-e66c3ea271fa,2026-07-14T01:15:00Z,2026-07-14T03:15:00+0200,525.0,MW,NL,NL,forecast_offshore_wind_generation,Wind Offshore,2026-07-26T16:36:36Z
2026-07-26T16:33:47Z,2026-07-26T18:33:47+0200,74eb74bd-8b1d-47e4-abd1-e66c3ea271fa,2026-07-14T01:30:00Z,2026-07-14T03:30:00+0200,526.0,MW,NL,NL,forecast_offshore_wind_generation,Wind Offshore,2026-07-26T16:36:36Z
2026-07-26T16:33:47Z,2026-07-26T18:33:47+0200,74eb74bd-8b1d-47e4-abd1-e66c3ea271fa,2026-07-14T01:45:00Z,2026-07-14T03:45:00+0200,527.0,MW,NL,NL,forecast_offshore_wind_generation,Wind Offshore,2026-07-26T16:36:36Z
2026-07-26T16:33:47Z,2026-07-26T18:33:47+0200,74eb74bd-8b1d-47e4-abd1-e66c3ea271fa,2026-07-14T02:00:00Z,2026-07-14T04:00:00+0200,528.0,MW,NL,NL,forecast_offshore_wind_generation,Wind Offshore,2026-07-26T16:36:36Z
2026-07-26T16:33:47Z,2026-07-26T18:33:47+0200,74eb74bd-8b1d-47e4-abd1-e66c3ea271fa,2026-07-14T02:15:00Z,2026-07-14T04:15:00+0200,529.0,MW,NL,NL,forecast_offshore_wind_generation,Wind Offshore,2026-07-26T16:36:36Z
2026-07-26T16:33:47Z,2026-07-26T18:33:47+0200,74eb74bd-8b1d-47e4-abd1-e66c3ea271fa,2026-07-14T02:30:00Z,2026-07-14T04:30:00+0200,531.0,MW,NL,NL,forecast_offshore_wind_generation,Wind Offshore,2026-07-26T16:36:36Z
2026-07-26T16:33:47Z,2026-07-26T18:33:47+0200,74eb74bd-8b1d-47e4-abd1-e66c3ea271fa,2026-07-14T02:45:00Z,2026-07-14T04:45:00+0200,532.0,MW,NL,NL,forecast_offshore_wind_generation,Wind Offshore,2026-07-26T16:36:36Z
2026-07-26T16:33:47Z,2026-07-26T18:33:47+0200,74eb74bd-8b1d-47e4-abd1-e66c3ea271fa,2026-07-14T03:00:00Z,2026-07-14T05:00:00+0200,533.0,MW,NL,NL,forecast_offshore_wind_generation,Wind Offshore,2026-07-26T16:36:36Z
2026-07-26T16:33:47Z,2026-07-26T18:33:47+0200,74eb74bd-8b1d-47e4-abd1-e66c3ea271fa,2026-07-14T03:15:00Z,2026-07-14T05:15:00+0200,526.0,MW,NL,NL,forecast_offshore_wind_generation,Wind Offshore,2026-07-26T16:36:36Z
2026-07-26T16:33:47Z,2026-07-26T18:33:47+0200,74eb74bd-8b1d-47e4-abd1-e66c3ea271fa,2026-07-14T03:30:00Z,2026-07-14T05:30:00+0200,511.0,MW,NL,NL,forecast_offshore_wind_generation,Wind Offshore,2026-07-26T16:36:36Z
2026-07-26T16:33:47Z,2026-07-26T18:33:47+0200,74eb74bd-8b1d-47e4-abd1-e66c3ea271fa,2026-07-14T03:45:00Z,2026-07-14T05:45:00+0200,496.0,MW,NL,NL,forecast_offshore_wind_generation,Wind Offshore,2026-07-26T16:36:36Z
2026-07-26T16:33:47Z,2026-07-26T18:33:47+0200,74eb74bd-8b1d-47e4-abd1-e66c3ea271fa,2026-07-14T04:00:00Z,2026-07-14T06:00:00+0200,481.0,MW,NL,NL,forecast_offshore_wind_generation,Wind Offshore,2026-07-26T16:36:36Z
2026-07-26T16:33:47Z,2026-07-26T18:33:47+0200,74eb74bd-8b1d-47e4-abd1-e66c3ea271fa,2026-07-14T04:15:00Z,2026-07-14T06:15:00+0200,467.0,MW,NL,NL,forecast_offshore_wind_generation,Wind Offshore,2026-07-26T16:36:36Z
2026-07-26T16:33:47Z,2026-07-26T18:33:47+0200,74eb74bd-8b1d-47e4-abd1-e66c3ea271fa,2026-07-14T04:30:00Z,2026-07-14T06:30:00+0200,453.0,MW,NL,NL,forecast_offshore_wind_generation,Wind Offshore,2026-07-26T16:36:36Z
2026-07-26T16:33:47Z,2026-07-26T18:33:47+0200,74eb74bd-8b1d-47e4-abd1-e66c3ea271fa,2026-07-14T04:45:00Z,2026-07-14T06:45:00+0200,439.0,MW,NL,NL,forecast_offshore_wind_generation,Wind Offshore,2026-07-26T16:36:36Z
2026-07-26T16:33:47Z,2026-07-26T18:33:47+0200,74eb74bd-8b1d-47e4-abd1-e66c3ea271fa,2026-07-14T05:00:00Z,2026-07-14T07:00:00+0200,426.0,MW,NL,NL,forecast_offshore_wind_generation,Wind Offshore,2026-07-26T16:36:36Z
2026-07-26T16:33:47Z,2026-07-26T18:33:47+0200,74eb74bd-8b1d-47e4-abd1-e66c3ea271fa,2026-07-14T05:15:00Z,2026-07-14T07:15:00+0200,414.0,MW,NL,NL,forecast_offshore_wind_generation,Wind Offshore,2026-07-26T16:36:36Z
2026-07-26T16:33:47Z,2026-07-26T18:33:47+0200,74eb74bd-8b1d-47e4-abd1-e66c3ea271fa,2026-07-14T05:30:00Z,2026-07-14T07:30:00+0200,404.0,MW,NL,NL,forecast_offshore_wind_generation,Wind Offshore,2026-07-26T16:36:36Z
2026-07-26T16:33:47Z,2026-07-26T18:33:47+0200,74eb74bd-8b1d-47e4-abd1-e66c3ea271fa,2026-07-14T05:45:00Z,2026-07-14T07:45:00+0200,395.0,MW,NL,NL,forecast_offshore_wind_generation,Wind Offshore,2026-07-26T16:36:36Z
2026-07-26T16:33:47Z,2026-07-26T18:33:47+0200,74eb74bd-8b1d-47e4-abd1-e66c3ea271fa,2026-07-14T06:00:00Z,2026-07-14T08:00:00+0200,385.0,MW,NL,NL,forecast_offshore_wind_generation,Wind Offshore,2026-07-26T16:36:36Z
2026-07-26T16:33:47Z,2026-07-26T18:33:47+0200,74eb74bd-8b1d-47e4-abd1-e66c3ea271fa,2026-07-14T06:15:00Z,2026-07-14T08:15:00+0200,377.0,MW,NL,NL,forecast_offshore_wind_generation,Wind Offshore,2026-07-26T16:36:36Z
2026-07-26T16:33:47Z,2026-07-26T18:33:47+0200,74eb74bd-8b1d-47e4-abd1-e66c3ea271fa,2026-07-14T06:30:00Z,2026-07-14T08:30:00+0200,371.0,MW,NL,NL,forecast_offshore_wind_generation,Wind Offshore,2026-07-26T16:36:36Z
2026-07-26T16:33:47Z,2026-07-26T18:33:47+0200,74eb74bd-8b1d-47e4-abd1-e66c3ea271fa,2026-07-14T06:45:00Z,2026-07-14T08:45:00+0200,365.0,MW,NL,NL,forecast_offshore_wind_generation,Wind Offshore,2026-07-26T16:36:36Z
2026-07-26T16:33:47Z,2026-07-26T18:33:47+0200,74eb74bd-8b1d-47e4-abd1-e66c3ea271fa,2026-07-14T07:00:00Z,2026-07-14T09:00:00+0200,359.0,MW,NL,NL,forecast_offshore_wind_generation,Wind Offshore,2026-07-26T16:36:36Z
2026-07-26T16:33:47Z,2026-07-26T18:33:47+0200,74eb74bd-8b1d-47e4-abd1-e66c3ea271fa,2026-07-14T07:15:00Z,2026-07-14T09:15:00+0200,354.0,MW,NL,NL,forecast_offshore_wind_generation,Wind Offshore,2026-07-26T16:36:36Z
2026-07-26T16:33:47Z,2026-07-26T18:33:47+0200,74eb74bd-8b1d-47e4-abd1-e66c3ea271fa,2026-07-14T07:30:00Z,2026-07-14T09:30:00+0200,349.0,MW,NL,NL,forecast_offshore_wind_generation,Wind Offshore,2026-07-26T16:36:36Z
2026-07-26T16:33:47Z,2026-07-26T18:33:47+0200,74eb74bd-8b1d-47e4-abd1-e66c3ea271fa,2026-07-14T07:45:00Z,2026-07-14T09:45:00+0200,344.0,MW,NL,NL,forecast_offshore_wind_generation,Wind Offshore,2026-07-26T16:36:36Z
2026-07-26T16:33:47Z,2026-07-26T18:33:47+0200,74eb74bd-8b1d-47e4-abd1-e66c3ea271fa,2026-07-14T08:00:00Z,2026-07-14T10:00:00+0200,339.0,MW,NL,NL,forecast_offshore_wind_generation,Wind Offshore,2026-07-26T16:36:36Z
2026-07-26T16:33:47Z,2026-07-26T18:33:47+0200,74eb74bd-8b1d-47e4-abd1-e66c3ea271fa,2026-07-14T08:15:00Z,2026-07-14T10:15:00+0200,332.0,MW,NL,NL,forecast_offshore_wind_generation,Wind Offshore,2026-07-26T16:36:36Z
2026-07-26T16:33:47Z,2026-07-26T18:33:47+0200,74eb74bd-8b1d-47e4-abd1-e66c3ea271fa,2026-07-14T08:30:00Z,2026-07-14T10:30:00+0200,324.0,MW,NL,NL,forecast_offshore_wind_generation,Wind Offshore,2026-07-26T16:36:36Z
2026-07-26T16:33:47Z,2026-07-26T18:33:47+0200,74eb74bd-8b1d-47e4-abd1-e66c3ea271fa,2026-07-14T08:45:00Z,2026-07-14T10:45:00+0200,315.0,MW,NL,NL,forecast_offshore_wind_generation,Wind Offshore,2026-07-26T16:36:36Z
2026-07-26T16:33:47Z,2026-07-26T18:33:47+0200,74eb74bd-8b1d-47e4-abd1-e66c3ea271fa,2026-07-14T09:00:00Z,2026-07-14T11:00:00+0200,307.0,MW,NL,NL,forecast_offshore_wind_generation,Wind Offshore,2026-07-26T16:36:36Z
2026-07-26T16:33:47Z,2026-07-26T18:33:47+0200,74eb74bd-8b1d-47e4-abd1-e66c3ea271fa,2026-07-14T09:15:00Z,2026-07-14T11:15:00+0200,307.0,MW,NL,NL,forecast_offshore_wind_generation,Wind Offshore,2026-07-26T16:36:36Z
2026-07-26T16:33:47Z,2026-07-26T18:33:47+0200,74eb74bd-8b1d-47e4-abd1-e66c3ea271fa,2026-07-14T09:30:00Z,2026-07-14T11:30:00+0200,316.0,MW,NL,NL,forecast_offshore_wind_generation,Wind Offshore,2026-07-26T16:36:36Z
2026-07-26T16:33:47Z,2026-07-26T18:33:47+0200,74eb74bd-8b1d-47e4-abd1-e66c3ea271fa,2026-07-14T09:45:00Z,2026-07-14T11:45:00+0200,324.0,MW,NL,NL,forecast_offshore_wind_generation,Wind Offshore,2026-07-26T16:36:36Z
2026-07-26T16:33:47Z,2026-07-26T18:33:47+0200,74eb74bd-8b1d-47e4-abd1-e66c3ea271fa,2026-07-14T10:00:00Z,2026-07-14T12:00:00+0200,333.0,MW,NL,NL,forecast_offshore_wind_generation,Wind Offshore,2026-07-26T16:36:36Z
2026-07-26T16:33:47Z,2026-07-26T18:33:47+0200,74eb74bd-8b1d-47e4-abd1-e66c3ea271fa,2026-07-14T10:15:00Z,2026-07-14T12:15:00+0200,339.0,MW,NL,NL,forecast_offshore_wind_generation,Wind Offshore,2026-07-26T16:36:36Z
2026-07-26T16:33:47Z,2026-07-26T18:33:47+0200,74eb74bd-8b1d-47e4-abd1-e66c3ea271fa,2026-07-14T10:30:00Z,2026-07-14T12:30:00+0200,343.0,MW,NL,NL,forecast_offshore_wind_generation,Wind Offshore,2026-07-26T16:36:36Z
2026-07-26T16:33:47Z,2026-07-26T18:33:47+0200,74eb74bd-8b1d-47e4-abd1-e66c3ea271fa,2026-07-14T10:45:00Z,2026-07-14T12:45:00+0200,347.0,MW,NL,NL,forecast_offshore_wind_generation,Wind Offshore,2026-07-26T16:36:36Z
2026-07-26T16:33:47Z,2026-07-26T18:33:47+0200,74eb74bd-8b1d-47e4-abd1-e66c3ea271fa,2026-07-14T11:00:00Z,2026-07-14T13:00:00+0200,351.0,MW,NL,NL,forecast_offshore_wind_generation,Wind Offshore,2026-07-26T16:36:36Z
2026-07-26T16:33:47Z,2026-07-26T18:33:47+0200,74eb74bd-8b1d-47e4-abd1-e66c3ea271fa,2026-07-14T11:15:00Z,2026-07-14T13:15:00+0200,356.0,MW,NL,NL,forecast_offshore_wind_generation,Wind Offshore,2026-07-26T16:36:36Z
2026-07-26T16:33:47Z,2026-07-26T18:33:47+0200,74eb74bd-8b1d-47e4-abd1-e66c3ea271fa,2026-07-14T11:30:00Z,2026-07-14T13:30:00+0200,360.0,MW,NL,NL,forecast_offshore_wind_generation,Wind Offshore,2026-07-26T16:36:36Z
2026-07-26T16:33:47Z,2026-07-26T18:33:47+0200,74eb74bd-8b1d-47e4-abd1-e66c3ea271fa,2026-07-14T11:45:00Z,2026-07-14T13:45:00+0200,364.0,MW,NL,NL,forecast_offshore_wind_generation,Wind Offshore,2026-07-26T16:36:36Z
2026-07-26T16:33:47Z,2026-07-26T18:33:47+0200,74eb74bd-8b1d-47e4-abd1-e66c3ea271fa,2026-07-14T12:00:00Z,2026-07-14T14:00:00+0200,369.0,MW,NL,NL,forecast_offshore_wind_generation,Wind Offshore,2026-07-26T16:36:36Z
2026-07-26T16:33:47Z,2026-07-26T18:33:47+0200,74eb74bd-8b1d-47e4-abd1-e66c3ea271fa,2026-07-14T12:15:00Z,2026-07-14T14:15:00+0200,382.0,MW,NL,NL,forecast_offshore_wind_generation,Wind Offshore,2026-07-26T16:36:36Z
2026-07-26T16:33:47Z,2026-07-26T18:33:47+0200,74eb74bd-8b1d-47e4-abd1-e66c3ea271fa,2026-07-14T12:30:00Z,2026-07-14T14:30:00+0200,404.0,MW,NL,NL,forecast_offshore_wind_generation,Wind Offshore,2026-07-26T16:36:36Z
2026-07-26T16:33:47Z,2026-07-26T18:33:47+0200,74eb74bd-8b1d-47e4-abd1-e66c3ea271fa,2026-07-14T12:45:00Z,2026-07-14T14:45:00+0200,425.0,MW,NL,NL,forecast_offshore_wind_generation,Wind Offshore,2026-07-26T16:36:36Z
2026-07-26T16:33:47Z,2026-07-26T18:33:47+0200,74eb74bd-8b1d-47e4-abd1-e66c3ea271fa,2026-07-14T13:00:00Z,2026-07-14T15:00:00+0200,447.0,MW,NL,NL,forecast_offshore_wind_generation,Wind Offshore,2026-07-26T16:36:36Z
2026-07-26T16:33:47Z,2026-07-26T18:33:47+0200,74eb74bd-8b1d-47e4-abd1-e66c3ea271fa,2026-07-14T13:15:00Z,2026-07-14T15:15:00+0200,466.0,MW,NL,NL,forecast_offshore_wind_generation,Wind Offshore,2026-07-26T16:36:36Z
2026-07-26T16:33:47Z,2026-07-26T18:33:47+0200,74eb74bd-8b1d-47e4-abd1-e66c3ea271fa,2026-07-14T13:30:00Z,2026-07-14T15:30:00+0200,482.0,MW,NL,NL,forecast_offshore_wind_generation,Wind Offshore,2026-07-26T16:36:36Z
2026-07-26T16:33:47Z,2026-07-26T18:33:47+0200,74eb74bd-8b1d-47e4-abd1-e66c3ea271fa,2026-07-14T13:45:00Z,2026-07-14T15:45:00+0200,498.0,MW,NL,NL,forecast_offshore_wind_generation,Wind Offshore,2026-07-26T16:36:36Z
2026-07-26T16:33:47Z,2026-07-26T18:33:47+0200,74eb74bd-8b1d-47e4-abd1-e66c3ea271fa,2026-07-14T14:00:00Z,2026-07-14T16:00:00+0200,515.0,MW,NL,NL,forecast_offshore_wind_generation,Wind Offshore,2026-07-26T16:36:36Z
2026-07-26T16:33:47Z,2026-07-26T18:33:47+0200,74eb74bd-8b1d-47e4-abd1-e66c3ea271fa,2026-07-14T14:15:00Z,2026-07-14T16:15:00+0200,531.0,MW,NL,NL,forecast_offshore_wind_generation,Wind Offshore,2026-07-26T16:36:36Z
2026-07-26T16:33:47Z,2026-07-26T18:33:47+0200,74eb74bd-8b1d-47e4-abd1-e66c3ea271fa,2026-07-14T14:30:00Z,2026-07-14T16:30:00+0200,549.0,MW,NL,NL,forecast_offshore_wind_generation,Wind Offshore,2026-07-26T16:36:36Z
2026-07-26T16:33:47Z,2026-07-26T18:33:47+0200,74eb74bd-8b1d-47e4-abd1-e66c3ea271fa,2026-07-14T14:45:00Z,2026-07-14T16:45:00+0200,566.0,MW,NL,NL,forecast_offshore_wind_generation,Wind Offshore,2026-07-26T16:36:36Z
2026-07-26T16:33:47Z,2026-07-26T18:33:47+0200,74eb74bd-8b1d-47e4-abd1-e66c3ea271fa,2026-07-14T15:00:00Z,2026-07-14T17:00:00+0200,583.0,MW,NL,NL,forecast_offshore_wind_generation,Wind Offshore,2026-07-26T16:36:36Z
2026-07-26T16:33:47Z,2026-07-26T18:33:47+0200,74eb74bd-8b1d-47e4-abd1-e66c3ea271fa,2026-07-14T15:15:00Z,2026-07-14T17:15:00+0200,594.0,MW,NL,NL,forecast_offshore_wind_generation,Wind Offshore,2026-07-26T16:36:36Z
2026-07-26T16:33:47Z,2026-07-26T18:33:47+0200,74eb74bd-8b1d-47e4-abd1-e66c3ea271fa,2026-07-14T15:30:00Z,2026-07-14T17:30:00+0200,599.0,MW,NL,NL,forecast_offshore_wind_generation,Wind Offshore,2026-07-26T16:36:36Z
2026-07-26T16:33:47Z,2026-07-26T18:33:47+0200,74eb74bd-8b1d-47e4-abd1-e66c3ea271fa,2026-07-14T15:45:00Z,2026-07-14T17:45:00+0200,604.0,MW,NL,NL,forecast_offshore_wind_generation,Wind Offshore,2026-07-26T16:36:36Z
2026-07-26T16:33:47Z,2026-07-26T18:33:47+0200,74eb74bd-8b1d-47e4-abd1-e66c3ea271fa,2026-07-14T16:00:00Z,2026-07-14T18:00:00+0200,609.0,MW,NL,NL,forecast_offshore_wind_generation,Wind Offshore,2026-07-26T16:36:36Z
2026-07-26T16:33:47Z,2026-07-26T18:33:47+0200,74eb74bd-8b1d-47e4-abd1-e66c3ea271fa,2026-07-14T16:15:00Z,2026-07-14T18:15:00+0200,619.0,MW,NL,NL,forecast_offshore_wind_generation,Wind Offshore,2026-07-26T16:36:36Z
2026-07-26T16:33:47Z,2026-07-26T18:33:47+0200,74eb74bd-8b1d-47e4-abd1-e66c3ea271fa,2026-07-14T16:30:00Z,2026-07-14T18:30:00+0200,634.0,MW,NL,NL,forecast_offshore_wind_generation,Wind Offshore,2026-07-26T16:36:36Z
2026-07-26T16:33:47Z,2026-07-26T18:33:47+0200,74eb74bd-8b1d-47e4-abd1-e66c3ea271fa,2026-07-14T16:45:00Z,2026-07-14T18:45:00+0200,650.0,MW,NL,NL,forecast_offshore_wind_generation,Wind Offshore,2026-07-26T16:36:36Z
2026-07-26T16:33:47Z,2026-07-26T18:33:47+0200,74eb74bd-8b1d-47e4-abd1-e66c3ea271fa,2026-07-14T17:00:00Z,2026-07-14T19:00:00+0200,665.0,MW,NL,NL,forecast_offshore_wind_generation,Wind Offshore,2026-07-26T16:36:36Z
2026-07-26T16:33:47Z,2026-07-26T18:33:47+0200,74eb74bd-8b1d-47e4-abd1-e66c3ea271fa,2026-07-14T17:15:00Z,2026-07-14T19:15:00+0200,682.0,MW,NL,NL,forecast_offshore_wind_generation,Wind Offshore,2026-07-26T16:36:36Z
2026-07-26T16:33:47Z,2026-07-26T18:33:47+0200,74eb74bd-8b1d-47e4-abd1-e66c3ea271fa,2026-07-14T17:30:00Z,2026-07-14T19:30:00+0200,700.0,MW,NL,NL,forecast_offshore_wind_generation,Wind Offshore,2026-07-26T16:36:36Z
2026-07-26T16:33:47Z,2026-07-26T18:33:47+0200,74eb74bd-8b1d-47e4-abd1-e66c3ea271fa,2026-07-14T17:45:00Z,2026-07-14T19:45:00+0200,719.0,MW,NL,NL,forecast_offshore_wind_generation,Wind Offshore,2026-07-26T16:36:36Z
2026-07-26T16:33:47Z,2026-07-26T18:33:47+0200,74eb74bd-8b1d-47e4-abd1-e66c3ea271fa,2026-07-14T18:00:00Z,2026-07-14T20:00:00+0200,737.0,MW,NL,NL,forecast_offshore_wind_generation,Wind Offshore,2026-07-26T16:36:36Z
2026-07-26T16:33:47Z,2026-07-26T18:33:47+0200,74eb74bd-8b1d-47e4-abd1-e66c3ea271fa,2026-07-14T18:15:00Z,2026-07-14T20:15:00+0200,749.0,MW,NL,NL,forecast_offshore_wind_generation,Wind Offshore,2026-07-26T16:36:36Z
2026-07-26T16:33:47Z,2026-07-26T18:33:47+0200,74eb74bd-8b1d-47e4-abd1-e66c3ea271fa,2026-07-14T18:30:00Z,2026-07-14T20:30:00+0200,754.0,MW,NL,NL,forecast_offshore_wind_generation,Wind Offshore,2026-07-26T16:36:36Z
2026-07-26T16:33:47Z,2026-07-26T18:33:47+0200,74eb74bd-8b1d-47e4-abd1-e66c3ea271fa,2026-07-14T18:45:00Z,2026-07-14T20:45:00+0200,759.0,MW,NL,NL,forecast_offshore_wind_generation,Wind Offshore,2026-07-26T16:36:36Z
2026-07-26T16:33:47Z,2026-07-26T18:33:47+0200,74eb74bd-8b1d-47e4-abd1-e66c3ea271fa,2026-07-14T19:00:00Z,2026-07-14T21:00:00+0200,764.0,MW,NL,NL,forecast_offshore_wind_generation,Wind Offshore,2026-07-26T16:36:36Z
2026-07-26T16:33:47Z,2026-07-26T18:33:47+0200,74eb74bd-8b1d-47e4-abd1-e66c3ea271fa,2026-07-14T19:15:00Z,2026-07-14T21:15:00+0200,770.0,MW,NL,NL,forecast_offshore_wind_generation,Wind Offshore,2026-07-26T16:36:36Z
2026-07-26T16:33:47Z,2026-07-26T18:33:47+0200,74eb74bd-8b1d-47e4-abd1-e66c3ea271fa,2026-07-14T19:30:00Z,2026-07-14T21:30:00+0200,779.0,MW,NL,NL,forecast_offshore_wind_generation,Wind Offshore,2026-07-26T16:36:36Z
2026-07-26T16:33:47Z,2026-07-26T18:33:47+0200,74eb74bd-8b1d-47e4-abd1-e66c3ea271fa,2026-07-14T19:45:00Z,2026-07-14T21:45:00+0200,787.0,MW,NL,NL,forecast_offshore_wind_generation,Wind Offshore,2026-07-26T16:36:36Z
2026-07-26T16:33:47Z,2026-07-26T18:33:47+0200,74eb74bd-8b1d-47e4-abd1-e66c3ea271fa,2026-07-14T20:00:00Z,2026-07-14T22:00:00+0200,795.0,MW,NL,NL,forecast_offshore_wind_generation,Wind Offshore,2026-07-26T16:36:36Z
2026-07-26T16:33:47Z,2026-07-26T18:33:47+0200,74eb74bd-8b1d-47e4-abd1-e66c3ea271fa,2026-07-14T20:15:00Z,2026-07-14T22:15:00+0200,807.0,MW,NL,NL,forecast_offshore_wind_generation,Wind Offshore,2026-07-26T16:36:36Z
2026-07-26T16:33:47Z,2026-07-26T18:33:47+0200,74eb74bd-8b1d-47e4-abd1-e66c3ea271fa,2026-07-14T20:30:00Z,2026-07-14T22:30:00+0200,823.0,MW,NL,NL,forecast_offshore_wind_generation,Wind Offshore,2026-07-26T16:36:36Z
2026-07-26T16:33:47Z,2026-07-26T18:33:47+0200,74eb74bd-8b1d-47e4-abd1-e66c3ea271fa,2026-07-14T20:45:00Z,2026-07-14T22:45:00+0200,839.0,MW,NL,NL,forecast_offshore_wind_generation,Wind Offshore,2026-07-26T16:36:36Z
2026-07-26T16:33:47Z,2026-07-26T18:33:47+0200,74eb74bd-8b1d-47e4-abd1-e66c3ea271fa,2026-07-14T21:00:00Z,2026-07-14T23:00:00+0200,854.0,MW,NL,NL,forecast_offshore_wind_generation,Wind Offshore,2026-07-26T16:36:36Z
2026-07-26T16:33:47Z,2026-07-26T18:33:47+0200,74eb74bd-8b1d-47e4-abd1-e66c3ea271fa,2026-07-14T21:15:00Z,2026-07-14T23:15:00+0200,855.0,MW,NL,NL,forecast_offshore_wind_generation,Wind Offshore,2026-07-26T16:36:36Z
2026-07-26T16:33:47Z,2026-07-26T18:33:47+0200,74eb74bd-8b1d-47e4-abd1-e66c3ea271fa,2026-07-14T21:30:00Z,2026-07-14T23:30:00+0200,841.0,MW,NL,NL,forecast_offshore_wind_generation,Wind Offshore,2026-07-26T16:36:36Z
2026-07-26T16:33:47Z,2026-07-26T18:33:47+0200,74eb74bd-8b1d-47e4-abd1-e66c3ea271fa,2026-07-14T21:45:00Z,2026-07-14T23:45:00+0200,827.0,MW,NL,NL,forecast_offshore_wind_generation,Wind Offshore,2026-07-26T16:36:36Z
2026-07-26T16:33:47Z,2026-07-26T18:33:47+0200,74eb74bd-8b1d-47e4-abd1-e66c3ea271fa,2026-07-14T22:00:00Z,2026-07-15T00:00:00+0200,829.0,MW,NL,NL,forecast_offshore_wind_generation,Wind Offshore,2026-07-26T16:36:36Z
2026-07-26T16:33:47Z,2026-07-26T18:33:47+0200,74eb74bd-8b1d-47e4-abd1-e66c3ea271fa,2026-07-14T22:15:00Z,2026-07-15T00:15:00+0200,802.0,MW,NL,NL,forecast_offshore_wind_generation,Wind Offshore,2026-07-26T16:36:36Z
2026-07-26T16:33:47Z,2026-07-26T18:33:47+0200,74eb74bd-8b1d-47e4-abd1-e66c3ea271fa,2026-07-14T22:30:00Z,2026-07-15T00:30:00+0200,772.0,MW,NL,NL,forecast_offshore_wind_generation,Wind Offshore,2026-07-26T16:36:36Z
2026-07-26T16:33:47Z,2026-07-26T18:33:47+0200,74eb74bd-8b1d-47e4-abd1-e66c3ea271fa,2026-07-14T22:45:00Z,2026-07-15T00:45:00+0200,741.0,MW,NL,NL,forecast_offshore_wind_generation,Wind Offshore,2026-07-26T16:36:36Z
2026-07-26T16:33:47Z,2026-07-26T18:33:47+0200,74eb74bd-8b1d-47e4-abd1-e66c3ea271fa,2026-07-14T23:00:00Z,2026-07-15T01:00:00+0200,711.0,MW,NL,NL,forecast_offshore_wind_generation,Wind Offshore,2026-07-26T16:36:36Z
2026-07-26T16:33:47Z,2026-07-26T18:33:47+0200,74eb74bd-8b1d-47e4-abd1-e66c3ea271fa,2026-07-14T23:15:00Z,2026-07-15T01:15:00+0200,684.0,MW,NL,NL,forecast_offshore_wind_generation,Wind Offshore,2026-07-26T16:36:36Z
2026-07-26T16:33:47Z,2026-07-26T18:33:47+0200,74eb74bd-8b1d-47e4-abd1-e66c3ea271fa,2026-07-14T23:30:00Z,2026-07-15T01:30:00+0200,660.0,MW,NL,NL,forecast_offshore_wind_generation,Wind Offshore,2026-07-26T16:36:36Z
2026-07-26T16:33:47Z,2026-07-26T18:33:47+0200,74eb74bd-8b1d-47e4-abd1-e66c3ea271fa,2026-07-14T23:45:00Z,2026-07-15T01:45:00+0200,635.0,MW,NL,NL,forecast_offshore_wind_generation,Wind Offshore,2026-07-26T16:36:36Z
2026-07-26T16:33:47Z,2026-07-26T18:33:47+0200,74eb74bd-8b1d-47e4-abd1-e66c3ea271fa,2026-07-15T00:00:00Z,2026-07-15T02:00:00+0200,610.0,MW,NL,NL,forecast_offshore_wind_generation,Wind Offshore,2026-07-26T16:36:36Z
2026-07-26T16:33:47Z,2026-07-26T18:33:47+0200,74eb74bd-8b1d-47e4-abd1-e66c3ea271fa,2026-07-15T00:15:00Z,2026-07-15T02:15:00+0200,595.0,MW,NL,NL,forecast_offshore_wind_generation,Wind Offshore,2026-07-26T16:36:36Z
2026-07-26T16:33:47Z,2026-07-26T18:33:47+0200,74eb74bd-8b1d-47e4-abd1-e66c3ea271fa,2026-07-15T00:30:00Z,2026-07-15T02:30:00+0200,590.0,MW,NL,NL,forecast_offshore_wind_generation,Wind Offshore,2026-07-26T16:36:36Z
2026-07-26T16:33:47Z,2026-07-26T18:33:47+0200,74eb74bd-8b1d-47e4-abd1-e66c3ea271fa,2026-07-15T00:45:00Z,2026-07-15T02:45:00+0200,584.0,MW,NL,NL,forecast_offshore_wind_generation,Wind Offshore,2026-07-26T16:36:36Z
2026-07-26T16:33:47Z,2026-07-26T18:33:47+0200,74eb74bd-8b1d-47e4-abd1-e66c3ea271fa,2026-07-15T01:00:00Z,2026-07-15T03:00:00+0200,578.0,MW,NL,NL,forecast_offshore_wind_generation,Wind Offshore,2026-07-26T16:36:36Z
2026-07-26T16:33:47Z,2026-07-26T18:33:47+0200,74eb74bd-8b1d-47e4-abd1-e66c3ea271fa,2026-07-15T01:15:00Z,2026-07-15T03:15:00+0200,571.0,MW,NL,NL,forecast_offshore_wind_generation,Wind Offshore,2026-07-26T16:36:36Z
2026-07-26T16:33:47Z,2026-07-26T18:33:47+0200,74eb74bd-8b1d-47e4-abd1-e66c3ea271fa,2026-07-15T01:30:00Z,2026-07-15T03:30:00+0200,564.0,MW,NL,NL,forecast_offshore_wind_generation,Wind Offshore,2026-07-26T16:36:36Z
2026-07-26T16:33:47Z,2026-07-26T18:33:47+0200,74eb74bd-8b1d-47e4-abd1-e66c3ea271fa,2026-07-15T01:45:00Z,2026-07-15T03:45:00+0200,557.0,MW,NL,NL,forecast_offshore_wind_generation,Wind Offshore,2026-07-26T16:36:36Z
2026-07-26T16:33:47Z,2026-07-26T18:33:47+0200,74eb74bd-8b1d-47e4-abd1-e66c3ea271fa,2026-07-15T02:00:00Z,2026-07-15T04:00:00+0200,550.0,MW,NL,NL,forecast_offshore_wind_generation,Wind Offshore,2026-07-26T16:36:36Z
2026-07-26T16:33:47Z,2026-07-26T18:33:47+0200,74eb74bd-8b1d-47e4-abd1-e66c3ea271fa,2026-07-15T02:15:00Z,2026-07-15T04:15:00+0200,543.0,MW,NL,NL,forecast_offshore_wind_generation,Wind Offshore,2026-07-26T16:36:36Z
2026-07-26T16:33:47Z,2026-07-26T18:33:47+0200,74eb74bd-8b1d-47e4-abd1-e66c3ea271fa,2026-07-15T02:30:00Z,2026-07-15T04:30:00+0200,535.0,MW,NL,NL,forecast_offshore_wind_generation,Wind Offshore,2026-07-26T16:36:36Z
2026-07-26T16:33:47Z,2026-07-26T18:33:47+0200,74eb74bd-8b1d-47e4-abd1-e66c3ea271fa,2026-07-15T02:45:00Z,2026-07-15T04:45:00+0200,528.0,MW,NL,NL,forecast_offshore_wind_generation,Wind Offshore,2026-07-26T16:36:36Z
2026-07-26T16:33:47Z,2026-07-26T18:33:47+0200,74eb74bd-8b1d-47e4-abd1-e66c3ea271fa,2026-07-15T03:00:00Z,2026-07-15T05:00:00+0200,520.0,MW,NL,NL,forecast_offshore_wind_generation,Wind Offshore,2026-07-26T16:36:36Z
2026-07-26T16:33:47Z,2026-07-26T18:33:47+0200,74eb74bd-8b1d-47e4-abd1-e66c3ea271fa,2026-07-15T03:15:00Z,2026-07-15T05:15:00+0200,501.0,MW,NL,NL,forecast_offshore_wind_generation,Wind Offshore,2026-07-26T16:36:36Z
2026-07-26T16:33:47Z,2026-07-26T18:33:47+0200,74eb74bd-8b1d-47e4-abd1-e66c3ea271fa,2026-07-15T03:30:00Z,2026-07-15T05:30:00+0200,468.0,MW,NL,NL,forecast_offshore_wind_generation,Wind Offshore,2026-07-26T16:36:36Z
2026-07-26T16:33:47Z,2026-07-26T18:33:47+0200,74eb74bd-8b1d-47e4-abd1-e66c3ea271fa,2026-07-15T03:45:00Z,2026-07-15T05:45:00+0200,436.0,MW,NL,NL,forecast_offshore_wind_generation,Wind Offshore,2026-07-26T16:36:36Z
2026-07-26T16:33:47Z,2026-07-26T18:33:47+0200,74eb74bd-8b1d-47e4-abd1-e66c3ea271fa,2026-07-15T04:00:00Z,2026-07-15T06:00:00+0200,404.0,MW,NL,NL,forecast_offshore_wind_generation,Wind Offshore,2026-07-26T16:36:36Z
2026-07-26T16:33:47Z,2026-07-26T18:33:47+0200,74eb74bd-8b1d-47e4-abd1-e66c3ea271fa,2026-07-15T04:15:00Z,2026-07-15T06:15:00+0200,379.0,MW,NL,NL,forecast_offshore_wind_generation,Wind Offshore,2026-07-26T16:36:36Z
2026-07-26T16:33:47Z,2026-07-26T18:33:47+0200,74eb74bd-8b1d-47e4-abd1-e66c3ea271fa,2026-07-15T04:30:00Z,2026-07-15T06:30:00+0200,363.0,MW,NL,NL,forecast_offshore_wind_generation,Wind Offshore,2026-07-26T16:36:36Z
2026-07-26T16:33:47Z,2026-07-26T18:33:47+0200,74eb74bd-8b1d-47e4-abd1-e66c3ea271fa,2026-07-15T04:45:00Z,2026-07-15T06:45:00+0200,347.0,MW,NL,NL,forecast_offshore_wind_generation,Wind Offshore,2026-07-26T16:36:36Z
2026-07-26T16:33:47Z,2026-07-26T18:33:47+0200,74eb74bd-8b1d-47e4-abd1-e66c3ea271fa,2026-07-15T05:00:00Z,2026-07-15T07:00:00+0200,331.0,MW,NL,NL,forecast_offshore_wind_generation,Wind Offshore,2026-07-26T16:36:36Z
2026-07-26T16:33:47Z,2026-07-26T18:33:47+0200,74eb74bd-8b1d-47e4-abd1-e66c3ea271fa,2026-07-15T05:15:00Z,2026-07-15T07:15:00+0200,315.0,MW,NL,NL,forecast_offshore_wind_generation,Wind Offshore,2026-07-26T16:36:36Z
2026-07-26T16:33:47Z,2026-07-26T18:33:47+0200,74eb74bd-8b1d-47e4-abd1-e66c3ea271fa,2026-07-15T05:30:00Z,2026-07-15T07:30:00+0200,301.0,MW,NL,NL,forecast_offshore_wind_generation,Wind Offshore,2026-07-26T16:36:36Z
2026-07-26T16:33:47Z,2026-07-26T18:33:47+0200,74eb74bd-8b1d-47e4-abd1-e66c3ea271fa,2026-07-15T05:45:00Z,2026-07-15T07:45:00+0200,286.0,MW,NL,NL,forecast_offshore_wind_generation,Wind Offshore,2026-07-26T16:36:36Z
2026-07-26T16:33:47Z,2026-07-26T18:33:47+0200,74eb74bd-8b1d-47e4-abd1-e66c3ea271fa,2026-07-15T06:00:00Z,2026-07-15T08:00:00+0200,272.0,MW,NL,NL,forecast_offshore_wind_generation,Wind Offshore,2026-07-26T16:36:36Z
2026-07-26T16:33:47Z,2026-07-26T18:33:47+0200,74eb74bd-8b1d-47e4-abd1-e66c3ea271fa,2026-07-15T06:15:00Z,2026-07-15T08:15:00+0200,263.0,MW,NL,NL,forecast_offshore_wind_generation,Wind Offshore,2026-07-26T16:36:36Z
2026-07-26T16:33:47Z,2026-07-26T18:33:47+0200,74eb74bd-8b1d-47e4-abd1-e66c3ea271fa,2026-07-15T06:30:00Z,2026-07-15T08:30:00+0200,261.0,MW,NL,NL,forecast_offshore_wind_generation,Wind Offshore,2026-07-26T16:36:36Z
2026-07-26T16:33:47Z,2026-07-26T18:33:47+0200,74eb74bd-8b1d-47e4-abd1-e66c3ea271fa,2026-07-15T06:45:00Z,2026-07-15T08:45:00+0200,259.0,MW,NL,NL,forecast_offshore_wind_generation,Wind Offshore,2026-07-26T16:36:36Z
2026-07-26T16:33:47Z,2026-07-26T18:33:47+0200,74eb74bd-8b1d-47e4-abd1-e66c3ea271fa,2026-07-15T07:00:00Z,2026-07-15T09:00:00+0200,256.0,MW,NL,NL,forecast_offshore_wind_generation,Wind Offshore,2026-07-26T16:36:36Z
2026-07-26T16:33:47Z,2026-07-26T18:33:47+0200,74eb74bd-8b1d-47e4-abd1-e66c3ea271fa,2026-07-15T07:15:00Z,2026-07-15T09:15:00+0200,252.0,MW,NL,NL,forecast_offshore_wind_generation,Wind Offshore,2026-07-26T16:36:36Z
2026-07-26T16:33:47Z,2026-07-26T18:33:47+0200,74eb74bd-8b1d-47e4-abd1-e66c3ea271fa,2026-07-15T07:30:00Z,2026-07-15T09:30:00+0200,246.0,MW,NL,NL,forecast_offshore_wind_generation,Wind Offshore,2026-07-26T16:36:36Z
2026-07-26T16:33:47Z,2026-07-26T18:33:47+0200,74eb74bd-8b1d-47e4-abd1-e66c3ea271fa,2026-07-15T07:45:00Z,2026-07-15T09:45:00+0200,239.0,MW,NL,NL,forecast_offshore_wind_generation,Wind Offshore,2026-07-26T16:36:36Z
2026-07-26T16:33:47Z,2026-07-26T18:33:47+0200,74eb74bd-8b1d-47e4-abd1-e66c3ea271fa,2026-07-15T08:00:00Z,2026-07-15T10:00:00+0200,233.0,MW,NL,NL,forecast_offshore_wind_generation,Wind Offshore,2026-07-26T16:36:36Z
2026-07-26T16:33:47Z,2026-07-26T18:33:47+0200,74eb74bd-8b1d-47e4-abd1-e66c3ea271fa,2026-07-15T08:15:00Z,2026-07-15T10:15:00+0200,227.0,MW,NL,NL,forecast_offshore_wind_generation,Wind Offshore,2026-07-26T16:36:36Z
2026-07-26T16:33:47Z,2026-07-26T18:33:47+0200,74eb74bd-8b1d-47e4-abd1-e66c3ea271fa,2026-07-15T08:30:00Z,2026-07-15T10:30:00+0200,223.0,MW,NL,NL,forecast_offshore_wind_generation,Wind Offshore,2026-07-26T16:36:36Z
2026-07-26T16:33:47Z,2026-07-26T18:33:47+0200,74eb74bd-8b1d-47e4-abd1-e66c3ea271fa,2026-07-15T08:45:00Z,2026-07-15T10:45:00+0200,220.0,MW,NL,NL,forecast_offshore_wind_generation,Wind Offshore,2026-07-26T16:36:36Z
2026-07-26T16:33:47Z,2026-07-26T18:33:47+0200,74eb74bd-8b1d-47e4-abd1-e66c3ea271fa,2026-07-15T09:00:00Z,2026-07-15T11:00:00+0200,216.0,MW,NL,NL,forecast_offshore_wind_generation,Wind Offshore,2026-07-26T16:36:36Z
2026-07-26T16:33:47Z,2026-07-26T18:33:47+0200,74eb74bd-8b1d-47e4-abd1-e66c3ea271fa,2026-07-15T09:15:00Z,2026-07-15T11:15:00+0200,223.0,MW,NL,NL,forecast_offshore_wind_generation,Wind Offshore,2026-07-26T16:36:36Z
2026-07-26T16:33:47Z,2026-07-26T18:33:47+0200,74eb74bd-8b1d-47e4-abd1-e66c3ea271fa,2026-07-15T09:30:00Z,2026-07-15T11:30:00+0200,241.0,MW,NL,NL,forecast_offshore_wind_generation,Wind Offshore,2026-07-26T16:36:36Z
2026-07-26T16:33:47Z,2026-07-26T18:33:47+0200,74eb74bd-8b1d-47e4-abd1-e66c3ea271fa,2026-07-15T09:45:00Z,2026-07-15T11:45:00+0200,260.0,MW,NL,NL,forecast_offshore_wind_generation,Wind Offshore,2026-07-26T16:36:36Z
2026-07-26T16:33:47Z,2026-07-26T18:33:47+0200,74eb74bd-8b1d-47e4-abd1-e66c3ea271fa,2026-07-15T10:00:00Z,2026-07-15T12:00:00+0200,279.0,MW,NL,NL,forecast_offshore_wind_generation,Wind Offshore,2026-07-26T16:36:36Z
2026-07-26T16:33:47Z,2026-07-26T18:33:47+0200,74eb74bd-8b1d-47e4-abd1-e66c3ea271fa,2026-07-15T10:15:00Z,2026-07-15T12:15:00+0200,296.0,MW,NL,NL,forecast_offshore_wind_generation,Wind Offshore,2026-07-26T16:36:36Z
2026-07-26T16:33:47Z,2026-07-26T18:33:47+0200,74eb74bd-8b1d-47e4-abd1-e66c3ea271fa,2026-07-15T10:30:00Z,2026-07-15T12:30:00+0200,313.0,MW,NL,NL,forecast_offshore_wind_generation,Wind Offshore,2026-07-26T16:36:36Z
2026-07-26T16:33:47Z,2026-07-26T18:33:47+0200,74eb74bd-8b1d-47e4-abd1-e66c3ea271fa,2026-07-15T10:45:00Z,2026-07-15T12:45:00+0200,329.0,MW,NL,NL,forecast_offshore_wind_generation,Wind Offshore,2026-07-26T16:36:36Z
2026-07-26T16:33:47Z,2026-07-26T18:33:47+0200,74eb74bd-8b1d-47e4-abd1-e66c3ea271fa,2026-07-15T11:00:00Z,2026-07-15T13:00:00+0200,346.0,MW,NL,NL,forecast_offshore_wind_generation,Wind Offshore,2026-07-26T16:36:36Z
2026-07-26T16:33:47Z,2026-07-26T18:33:47+0200,74eb74bd-8b1d-47e4-abd1-e66c3ea271fa,2026-07-15T11:15:00Z,2026-07-15T13:15:00+0200,360.0,MW,NL,NL,forecast_offshore_wind_generation,Wind Offshore,2026-07-26T16:36:36Z
2026-07-26T16:33:47Z,2026-07-26T18:33:47+0200,74eb74bd-8b1d-47e4-abd1-e66c3ea271fa,2026-07-15T11:30:00Z,2026-07-15T13:30:00+0200,370.0,MW,NL,NL,forecast_offshore_wind_generation,Wind Offshore,2026-07-26T16:36:36Z
2026-07-26T16:33:47Z,2026-07-26T18:33:47+0200,74eb74bd-8b1d-47e4-abd1-e66c3ea271fa,2026-07-15T11:45:00Z,2026-07-15T13:45:00+0200,381.0,MW,NL,NL,forecast_offshore_wind_generation,Wind Offshore,2026-07-26T16:36:36Z
2026-07-26T16:33:47Z,2026-07-26T18:33:47+0200,74eb74bd-8b1d-47e4-abd1-e66c3ea271fa,2026-07-15T12:00:00Z,2026-07-15T14:00:00+0200,391.0,MW,NL,NL,forecast_offshore_wind_generation,Wind Offshore,2026-07-26T16:36:36Z
2026-07-26T16:33:47Z,2026-07-26T18:33:47+0200,74eb74bd-8b1d-47e4-abd1-e66c3ea271fa,2026-07-15T12:15:00Z,2026-07-15T14:15:00+0200,405.0,MW,NL,NL,forecast_offshore_wind_generation,Wind Offshore,2026-07-26T16:36:36Z
2026-07-26T16:33:47Z,2026-07-26T18:33:47+0200,74eb74bd-8b1d-47e4-abd1-e66c3ea271fa,2026-07-15T12:30:00Z,2026-07-15T14:30:00+0200,421.0,MW,NL,NL,forecast_offshore_wind_generation,Wind Offshore,2026-07-26T16:36:36Z
2026-07-26T16:33:47Z,2026-07-26T18:33:47+0200,74eb74bd-8b1d-47e4-abd1-e66c3ea271fa,2026-07-15T12:45:00Z,2026-07-15T14:45:00+0200,437.0,MW,NL,NL,forecast_offshore_wind_generation,Wind Offshore,2026-07-26T16:36:36Z
2026-07-26T16:33:47Z,2026-07-26T18:33:47+0200,74eb74bd-8b1d-47e4-abd1-e66c3ea271fa,2026-07-15T13:00:00Z,2026-07-15T15:00:00+0200,453.0,MW,NL,NL,forecast_offshore_wind_generation,Wind Offshore,2026-07-26T16:36:36Z
2026-07-26T16:33:47Z,2026-07-26T18:33:47+0200,74eb74bd-8b1d-47e4-abd1-e66c3ea271fa,2026-07-15T13:15:00Z,2026-07-15T15:15:00+0200,473.0,MW,NL,NL,forecast_offshore_wind_generation,Wind Offshore,2026-07-26T16:36:36Z
2026-07-26T16:33:47Z,2026-07-26T18:33:47+0200,74eb74bd-8b1d-47e4-abd1-e66c3ea271fa,2026-07-15T13:30:00Z,2026-07-15T15:30:00+0200,496.0,MW,NL,NL,forecast_offshore_wind_generation,Wind Offshore,2026-07-26T16:36:36Z
2026-07-26T16:33:47Z,2026-07-26T18:33:47+0200,74eb74bd-8b1d-47e4-abd1-e66c3ea271fa,2026-07-15T13:45:00Z,2026-07-15T15:45:00+0200,519.0,MW,NL,NL,forecast_offshore_wind_generation,Wind Offshore,2026-07-26T16:36:36Z
2026-07-26T16:33:47Z,2026-07-26T18:33:47+0200,74eb74bd-8b1d-47e4-abd1-e66c3ea271fa,2026-07-15T14:00:00Z,2026-07-15T16:00:00+0200,542.0,MW,NL,NL,forecast_offshore_wind_generation,Wind Offshore,2026-07-26T16:36:36Z
2026-07-26T16:33:47Z,2026-07-26T18:33:47+0200,74eb74bd-8b1d-47e4-abd1-e66c3ea271fa,2026-07-15T14:15:00Z,2026-07-15T16:15:00+0200,560.0,MW,NL,NL,forecast_offshore_wind_generation,Wind Offshore,2026-07-26T16:36:36Z
2026-07-26T16:33:47Z,2026-07-26T18:33:47+0200,74eb74bd-8b1d-47e4-abd1-e66c3ea271fa,2026-07-15T14:30:00Z,2026-07-15T16:30:00+0200,572.0,MW,NL,NL,forecast_offshore_wind_generation,Wind Offshore,2026-07-26T16:36:36Z
2026-07-26T16:33:47Z,2026-07-26T18:33:47+0200,74eb74bd-8b1d-47e4-abd1-e66c3ea271fa,2026-07-15T14:45:00Z,2026-07-15T16:45:00+0200,584.0,MW,NL,NL,forecast_offshore_wind_generation,Wind Offshore,2026-07-26T16:36:36Z
2026-07-26T16:33:47Z,2026-07-26T18:33:47+0200,74eb74bd-8b1d-47e4-abd1-e66c3ea271fa,2026-07-15T15:00:00Z,2026-07-15T17:00:00+0200,596.0,MW,NL,NL,forecast_offshore_wind_generation,Wind Offshore,2026-07-26T16:36:36Z
2026-07-26T16:33:47Z,2026-07-26T18:33:47+0200,74eb74bd-8b1d-47e4-abd1-e66c3ea271fa,2026-07-15T15:15:00Z,2026-07-15T17:15:00+0200,609.0,MW,NL,NL,forecast_offshore_wind_generation,Wind Offshore,2026-07-26T16:36:36Z
2026-07-26T16:33:47Z,2026-07-26T18:33:47+0200,74eb74bd-8b1d-47e4-abd1-e66c3ea271fa,2026-07-15T15:30:00Z,2026-07-15T17:30:00+0200,623.0,MW,NL,NL,forecast_offshore_wind_generation,Wind Offshore,2026-07-26T16:36:36Z
2026-07-26T16:33:47Z,2026-07-26T18:33:47+0200,74eb74bd-8b1d-47e4-abd1-e66c3ea271fa,2026-07-15T15:45:00Z,2026-07-15T17:45:00+0200,637.0,MW,NL,NL,forecast_offshore_wind_generation,Wind Offshore,2026-07-26T16:36:36Z
2026-07-26T16:33:47Z,2026-07-26T18:33:47+0200,74eb74bd-8b1d-47e4-abd1-e66c3ea271fa,2026-07-15T16:00:00Z,2026-07-15T18:00:00+0200,651.0,MW,NL,NL,forecast_offshore_wind_generation,Wind Offshore,2026-07-26T16:36:36Z
2026-07-26T16:33:47Z,2026-07-26T18:33:47+0200,74eb74bd-8b1d-47e4-abd1-e66c3ea271fa,2026-07-15T16:15:00Z,2026-07-15T18:15:00+0200,661.0,MW,NL,NL,forecast_offshore_wind_generation,Wind Offshore,2026-07-26T16:36:36Z
2026-07-26T16:33:47Z,2026-07-26T18:33:47+0200,74eb74bd-8b1d-47e4-abd1-e66c3ea271fa,2026-07-15T16:30:00Z,2026-07-15T18:30:00+0200,667.0,MW,NL,NL,forecast_offshore_wind_generation,Wind Offshore,2026-07-26T16:36:36Z
2026-07-26T16:33:47Z,2026-07-26T18:33:47+0200,74eb74bd-8b1d-47e4-abd1-e66c3ea271fa,2026-07-15T16:45:00Z,2026-07-15T18:45:00+0200,673.0,MW,NL,NL,forecast_offshore_wind_generation,Wind Offshore,2026-07-26T16:36:36Z
2026-07-26T16:33:47Z,2026-07-26T18:33:47+0200,74eb74bd-8b1d-47e4-abd1-e66c3ea271fa,2026-07-15T17:00:00Z,2026-07-15T19:00:00+0200,679.0,MW,NL,NL,forecast_offshore_wind_generation,Wind Offshore,2026-07-26T16:36:36Z
2026-07-26T16:33:47Z,2026-07-26T18:33:47+0200,74eb74bd-8b1d-47e4-abd1-e66c3ea271fa,2026-07-15T17:15:00Z,2026-07-15T19:15:00+0200,683.0,MW,NL,NL,forecast_offshore_wind_generation,Wind Offshore,2026-07-26T16:36:36Z
2026-07-26T16:33:47Z,2026-07-26T18:33:47+0200,74eb74bd-8b1d-47e4-abd1-e66c3ea271fa,2026-07-15T17:30:00Z,2026-07-15T19:30:00+0200,685.0,MW,NL,NL,forecast_offshore_wind_generation,Wind Offshore,2026-07-26T16:36:36Z
2026-07-26T16:33:47Z,2026-07-26T18:33:47+0200,74eb74bd-8b1d-47e4-abd1-e66c3ea271fa,2026-07-15T17:45:00Z,2026-07-15T19:45:00+0200,688.0,MW,NL,NL,forecast_offshore_wind_generation,Wind Offshore,2026-07-26T16:36:36Z
2026-07-26T16:33:47Z,2026-07-26T18:33:47+0200,74eb74bd-8b1d-47e4-abd1-e66c3ea271fa,2026-07-15T18:00:00Z,2026-07-15T20:00:00+0200,690.0,MW,NL,NL,forecast_offshore_wind_generation,Wind Offshore,2026-07-26T16:36:36Z
2026-07-26T16:33:47Z,2026-07-26T18:33:47+0200,74eb74bd-8b1d-47e4-abd1-e66c3ea271fa,2026-07-15T18:15:00Z,2026-07-15T20:15:00+0200,696.0,MW,NL,NL,forecast_offshore_wind_generation,Wind Offshore,2026-07-26T16:36:36Z
2026-07-26T16:33:47Z,2026-07-26T18:33:47+0200,74eb74bd-8b1d-47e4-abd1-e66c3ea271fa,2026-07-15T18:30:00Z,2026-07-15T20:30:00+0200,705.0,MW,NL,NL,forecast_offshore_wind_generation,Wind Offshore,2026-07-26T16:36:36Z
2026-07-26T16:33:47Z,2026-07-26T18:33:47+0200,74eb74bd-8b1d-47e4-abd1-e66c3ea271fa,2026-07-15T18:45:00Z,2026-07-15T20:45:00+0200,715.0,MW,NL,NL,forecast_offshore_wind_generation,Wind Offshore,2026-07-26T16:36:36Z
2026-07-26T16:33:47Z,2026-07-26T18:33:47+0200,74eb74bd-8b1d-47e4-abd1-e66c3ea271fa,2026-07-15T19:00:00Z,2026-07-15T21:00:00+0200,724.0,MW,NL,NL,forecast_offshore_wind_generation,Wind Offshore,2026-07-26T16:36:36Z
2026-07-26T16:33:47Z,2026-07-26T18:33:47+0200,74eb74bd-8b1d-47e4-abd1-e66c3ea271fa,2026-07-15T19:15:00Z,2026-07-15T21:15:00+0200,731.0,MW,NL,NL,forecast_offshore_wind_generation,Wind Offshore,2026-07-26T16:36:36Z
2026-07-26T16:33:47Z,2026-07-26T18:33:47+0200,74eb74bd-8b1d-47e4-abd1-e66c3ea271fa,2026-07-15T19:30:00Z,2026-07-15T21:30:00+0200,734.0,MW,NL,NL,forecast_offshore_wind_generation,Wind Offshore,2026-07-26T16:36:36Z
2026-07-26T16:33:47Z,2026-07-26T18:33:47+0200,74eb74bd-8b1d-47e4-abd1-e66c3ea271fa,2026-07-15T19:45:00Z,2026-07-15T21:45:00+0200,737.0,MW,NL,NL,forecast_offshore_wind_generation,Wind Offshore,2026-07-26T16:36:36Z
2026-07-26T16:33:47Z,2026-07-26T18:33:47+0200,74eb74bd-8b1d-47e4-abd1-e66c3ea271fa,2026-07-15T20:00:00Z,2026-07-15T22:00:00+0200,740.0,MW,NL,NL,forecast_offshore_wind_generation,Wind Offshore,2026-07-26T16:36:36Z
2026-07-26T16:33:47Z,2026-07-26T18:33:47+0200,74eb74bd-8b1d-47e4-abd1-e66c3ea271fa,2026-07-15T20:15:00Z,2026-07-15T22:15:00+0200,745.0,MW,NL,NL,forecast_offshore_wind_generation,Wind Offshore,2026-07-26T16:36:36Z
2026-07-26T16:33:47Z,2026-07-26T18:33:47+0200,74eb74bd-8b1d-47e4-abd1-e66c3ea271fa,2026-07-15T20:30:00Z,2026-07-15T22:30:00+0200,751.0,MW,NL,NL,forecast_offshore_wind_generation,Wind Offshore,2026-07-26T16:36:36Z
2026-07-26T16:33:47Z,2026-07-26T18:33:47+0200,74eb74bd-8b1d-47e4-abd1-e66c3ea271fa,2026-07-15T20:45:00Z,2026-07-15T22:45:00+0200,756.0,MW,NL,NL,forecast_offshore_wind_generation,Wind Offshore,2026-07-26T16:36:36Z
2026-07-26T16:33:47Z,2026-07-26T18:33:47+0200,74eb74bd-8b1d-47e4-abd1-e66c3ea271fa,2026-07-15T21:00:00Z,2026-07-15T23:00:00+0200,762.0,MW,NL,NL,forecast_offshore_wind_generation,Wind Offshore,2026-07-26T16:36:36Z
2026-07-26T16:33:47Z,2026-07-26T18:33:47+0200,74eb74bd-8b1d-47e4-abd1-e66c3ea271fa,2026-07-15T21:15:00Z,2026-07-15T23:15:00+0200,762.0,MW,NL,NL,forecast_offshore_wind_generation,Wind Offshore,2026-07-26T16:36:36Z
2026-07-26T16:33:47Z,2026-07-26T18:33:47+0200,74eb74bd-8b1d-47e4-abd1-e66c3ea271fa,2026-07-15T21:30:00Z,2026-07-15T23:30:00+0200,755.0,MW,NL,NL,forecast_offshore_wind_generation,Wind Offshore,2026-07-26T16:36:36Z
2026-07-26T16:33:47Z,2026-07-26T18:33:47+0200,74eb74bd-8b1d-47e4-abd1-e66c3ea271fa,2026-07-15T21:45:00Z,2026-07-15T23:45:00+0200,748.0,MW,NL,NL,forecast_offshore_wind_generation,Wind Offshore,2026-07-26T16:36:36Z
2026-07-26T16:33:47Z,2026-07-26T18:33:47+0200,74eb74bd-8b1d-47e4-abd1-e66c3ea271fa,2026-07-15T22:00:00Z,2026-07-16T00:00:00+0200,545.0,MW,NL,NL,forecast_offshore_wind_generation,Wind Offshore,2026-07-26T16:36:36Z
2026-07-26T16:33:47Z,2026-07-26T18:33:47+0200,74eb74bd-8b1d-47e4-abd1-e66c3ea271fa,2026-07-15T22:15:00Z,2026-07-16T00:15:00+0200,528.0,MW,NL,NL,forecast_offshore_wind_generation,Wind Offshore,2026-07-26T16:36:36Z
2026-07-26T16:33:47Z,2026-07-26T18:33:47+0200,74eb74bd-8b1d-47e4-abd1-e66c3ea271fa,2026-07-15T22:30:00Z,2026-07-16T00:30:00+0200,509.0,MW,NL,NL,forecast_offshore_wind_generation,Wind Offshore,2026-07-26T16:36:36Z
2026-07-26T16:33:47Z,2026-07-26T18:33:47+0200,74eb74bd-8b1d-47e4-abd1-e66c3ea271fa,2026-07-15T22:45:00Z,2026-07-16T00:45:00+0200,491.0,MW,NL,NL,forecast_offshore_wind_generation,Wind Offshore,2026-07-26T16:36:36Z
2026-07-26T16:33:47Z,2026-07-26T18:33:47+0200,74eb74bd-8b1d-47e4-abd1-e66c3ea271fa,2026-07-15T23:00:00Z,2026-07-16T01:00:00+0200,473.0,MW,NL,NL,forecast_offshore_wind_generation,Wind Offshore,2026-07-26T16:36:36Z
2026-07-26T16:33:47Z,2026-07-26T18:33:47+0200,74eb74bd-8b1d-47e4-abd1-e66c3ea271fa,2026-07-15T23:15:00Z,2026-07-16T01:15:00+0200,457.0,MW,NL,NL,forecast_offshore_wind_generation,Wind Offshore,2026-07-26T16:36:36Z
2026-07-26T16:33:47Z,2026-07-26T18:33:47+0200,74eb74bd-8b1d-47e4-abd1-e66c3ea271fa,2026-07-15T23:30:00Z,2026-07-16T01:30:00+0200,443.0,MW,NL,NL,forecast_offshore_wind_generation,Wind Offshore,2026-07-26T16:36:36Z
2026-07-26T16:33:47Z,2026-07-26T18:33:47+0200,74eb74bd-8b1d-47e4-abd1-e66c3ea271fa,2026-07-15T23:45:00Z,2026-07-16T01:45:00+0200,429.0,MW,NL,NL,forecast_offshore_wind_generation,Wind Offshore,2026-07-26T16:36:36Z
2026-07-26T16:33:47Z,2026-07-26T18:33:47+0200,74eb74bd-8b1d-47e4-abd1-e66c3ea271fa,2026-07-16T00:00:00Z,2026-07-16T02:00:00+0200,415.0,MW,NL,NL,forecast_offshore_wind_generation,Wind Offshore,2026-07-26T16:36:36Z
2026-07-26T16:33:47Z,2026-07-26T18:33:47+0200,74eb74bd-8b1d-47e4-abd1-e66c3ea271fa,2026-07-16T00:15:00Z,2026-07-16T02:15:00+0200,400.0,MW,NL,NL,forecast_offshore_wind_generation,Wind Offshore,2026-07-26T16:36:36Z
2026-07-26T16:33:47Z,2026-07-26T18:33:47+0200,74eb74bd-8b1d-47e4-abd1-e66c3ea271fa,2026-07-16T00:30:00Z,2026-07-16T02:30:00+0200,383.0,MW,NL,NL,forecast_offshore_wind_generation,Wind Offshore,2026-07-26T16:36:36Z
2026-07-26T16:33:47Z,2026-07-26T18:33:47+0200,74eb74bd-8b1d-47e4-abd1-e66c3ea271fa,2026-07-16T00:45:00Z,2026-07-16T02:45:00+0200,366.0,MW,NL,NL,forecast_offshore_wind_generation,Wind Offshore,2026-07-26T16:36:36Z
2026-07-26T16:33:47Z,2026-07-26T18:33:47+0200,74eb74bd-8b1d-47e4-abd1-e66c3ea271fa,2026-07-16T01:00:00Z,2026-07-16T03:00:00+0200,349.0,MW,NL,NL,forecast_offshore_wind_generation,Wind Offshore,2026-07-26T16:36:36Z
2026-07-26T16:33:47Z,2026-07-26T18:33:47+0200,74eb74bd-8b1d-47e4-abd1-e66c3ea271fa,2026-07-16T01:15:00Z,2026-07-16T03:15:00+0200,337.0,MW,NL,NL,forecast_offshore_wind_generation,Wind Offshore,2026-07-26T16:36:36Z
2026-07-26T16:33:47Z,2026-07-26T18:33:47+0200,74eb74bd-8b1d-47e4-abd1-e66c3ea271fa,2026-07-16T01:30:00Z,2026-07-16T03:30:00+0200,330.0,MW,NL,NL,forecast_offshore_wind_generation,Wind Offshore,2026-07-26T16:36:36Z
2026-07-26T16:33:47Z,2026-07-26T18:33:47+0200,74eb74bd-8b1d-47e4-abd1-e66c3ea271fa,2026-07-16T01:45:00Z,2026-07-16T03:45:00+0200,323.0,MW,NL,NL,forecast_offshore_wind_generation,Wind Offshore,2026-07-26T16:36:36Z
2026-07-26T16:33:47Z,2026-07-26T18:33:47+0200,74eb74bd-8b1d-47e4-abd1-e66c3ea271fa,2026-07-16T02:00:00Z,2026-07-16T04:00:00+0200,316.0,MW,NL,NL,forecast_offshore_wind_generation,Wind Offshore,2026-07-26T16:36:36Z
2026-07-26T16:33:47Z,2026-07-26T18:33:47+0200,74eb74bd-8b1d-47e4-abd1-e66c3ea271fa,2026-07-16T02:15:00Z,2026-07-16T04:15:00+0200,310.0,MW,NL,NL,forecast_offshore_wind_generation,Wind Offshore,2026-07-26T16:36:36Z
2026-07-26T16:33:47Z,2026-07-26T18:33:47+0200,74eb74bd-8b1d-47e4-abd1-e66c3ea271fa,2026-07-16T02:30:00Z,2026-07-16T04:30:00+0200,306.0,MW,NL,NL,forecast_offshore_wind_generation,Wind Offshore,2026-07-26T16:36:36Z
2026-07-26T16:33:47Z,2026-07-26T18:33:47+0200,74eb74bd-8b1d-47e4-abd1-e66c3ea271fa,2026-07-16T02:45:00Z,2026-07-16T04:45:00+0200,301.0,MW,NL,NL,forecast_offshore_wind_generation,Wind Offshore,2026-07-26T16:36:36Z
2026-07-26T16:33:47Z,2026-07-26T18:33:47+0200,74eb74bd-8b1d-47e4-abd1-e66c3ea271fa,2026-07-16T03:00:00Z,2026-07-16T05:00:00+0200,296.0,MW,NL,NL,forecast_offshore_wind_generation,Wind Offshore,2026-07-26T16:36:36Z
2026-07-26T16:33:47Z,2026-07-26T18:33:47+0200,74eb74bd-8b1d-47e4-abd1-e66c3ea271fa,2026-07-16T03:15:00Z,2026-07-16T05:15:00+0200,287.0,MW,NL,NL,forecast_offshore_wind_generation,Wind Offshore,2026-07-26T16:36:36Z
2026-07-26T16:33:47Z,2026-07-26T18:33:47+0200,74eb74bd-8b1d-47e4-abd1-e66c3ea271fa,2026-07-16T03:30:00Z,2026-07-16T05:30:00+0200,274.0,MW,NL,NL,forecast_offshore_wind_generation,Wind Offshore,2026-07-26T16:36:36Z
2026-07-26T16:33:47Z,2026-07-26T18:33:47+0200,74eb74bd-8b1d-47e4-abd1-e66c3ea271fa,2026-07-16T03:45:00Z,2026-07-16T05:45:00+0200,261.0,MW,NL,NL,forecast_offshore_wind_generation,Wind Offshore,2026-07-26T16:36:36Z
2026-07-26T16:33:47Z,2026-07-26T18:33:47+0200,74eb74bd-8b1d-47e4-abd1-e66c3ea271fa,2026-07-16T04:00:00Z,2026-07-16T06:00:00+0200,248.0,MW,NL,NL,forecast_offshore_wind_generation,Wind Offshore,2026-07-26T16:36:36Z
2026-07-26T16:33:47Z,2026-07-26T18:33:47+0200,74eb74bd-8b1d-47e4-abd1-e66c3ea271fa,2026-07-16T04:15:00Z,2026-07-16T06:15:00+0200,234.0,MW,NL,NL,forecast_offshore_wind_generation,Wind Offshore,2026-07-26T16:36:36Z
2026-07-26T16:33:47Z,2026-07-26T18:33:47+0200,74eb74bd-8b1d-47e4-abd1-e66c3ea271fa,2026-07-16T04:30:00Z,2026-07-16T06:30:00+0200,218.0,MW,NL,NL,forecast_offshore_wind_generation,Wind Offshore,2026-07-26T16:36:36Z
2026-07-26T16:33:47Z,2026-07-26T18:33:47+0200,74eb74bd-8b1d-47e4-abd1-e66c3ea271fa,2026-07-16T04:45:00Z,2026-07-16T06:45:00+0200,202.0,MW,NL,NL,forecast_offshore_wind_generation,Wind Offshore,2026-07-26T16:36:36Z
2026-07-26T16:33:47Z,2026-07-26T18:33:47+0200,74eb74bd-8b1d-47e4-abd1-e66c3ea271fa,2026-07-16T05:00:00Z,2026-07-16T07:00:00+0200,186.0,MW,NL,NL,forecast_offshore_wind_generation,Wind Offshore,2026-07-26T16:36:36Z
2026-07-26T16:33:47Z,2026-07-26T18:33:47+0200,74eb74bd-8b1d-47e4-abd1-e66c3ea271fa,2026-07-16T05:15:00Z,2026-07-16T07:15:00+0200,173.0,MW,NL,NL,forecast_offshore_wind_generation,Wind Offshore,2026-07-26T16:36:36Z
2026-07-26T16:33:47Z,2026-07-26T18:33:47+0200,74eb74bd-8b1d-47e4-abd1-e66c3ea271fa,2026-07-16T05:30:00Z,2026-07-16T07:30:00+0200,162.0,MW,NL,NL,forecast_offshore_wind_generation,Wind Offshore,2026-07-26T16:36:36Z
2026-07-26T16:33:47Z,2026-07-26T18:33:47+0200,74eb74bd-8b1d-47e4-abd1-e66c3ea271fa,2026-07-16T05:45:00Z,2026-07-16T07:45:00+0200,151.0,MW,NL,NL,forecast_offshore_wind_generation,Wind Offshore,2026-07-26T16:36:36Z
2026-07-26T16:33:47Z,2026-07-26T18:33:47+0200,74eb74bd-8b1d-47e4-abd1-e66c3ea271fa,2026-07-16T06:00:00Z,2026-07-16T08:00:00+0200,140.0,MW,NL,NL,forecast_offshore_wind_generation,Wind Offshore,2026-07-26T16:36:36Z
2026-07-26T16:33:47Z,2026-07-26T18:33:47+0200,74eb74bd-8b1d-47e4-abd1-e66c3ea271fa,2026-07-16T06:15:00Z,2026-07-16T08:15:00+0200,134.0,MW,NL,NL,forecast_offshore_wind_generation,Wind Offshore,2026-07-26T16:36:36Z
2026-07-26T16:33:47Z,2026-07-26T18:33:47+0200,74eb74bd-8b1d-47e4-abd1-e66c3ea271fa,2026-07-16T06:30:00Z,2026-07-16T08:30:00+0200,132.0,MW,NL,NL,forecast_offshore_wind_generation,Wind Offshore,2026-07-26T16:36:36Z
2026-07-26T16:33:47Z,2026-07-26T18:33:47+0200,74eb74bd-8b1d-47e4-abd1-e66c3ea271fa,2026-07-16T06:45:00Z,2026-07-16T08:45:00+0200,131.0,MW,NL,NL,forecast_offshore_wind_generation,Wind Offshore,2026-07-26T16:36:36Z
2026-07-26T16:33:47Z,2026-07-26T18:33:47+0200,74eb74bd-8b1d-47e4-abd1-e66c3ea271fa,2026-07-16T07:00:00Z,2026-07-16T09:00:00+0200,129.0,MW,NL,NL,forecast_offshore_wind_generation,Wind Offshore,2026-07-26T16:36:36Z
2026-07-26T16:33:47Z,2026-07-26T18:33:47+0200,74eb74bd-8b1d-47e4-abd1-e66c3ea271fa,2026-07-16T07:15:00Z,2026-07-16T09:15:00+0200,127.0,MW,NL,NL,forecast_offshore_wind_generation,Wind Offshore,2026-07-26T16:36:36Z
2026-07-26T16:33:47Z,2026-07-26T18:33:47+0200,74eb74bd-8b1d-47e4-abd1-e66c3ea271fa,2026-07-16T07:30:00Z,2026-07-16T09:30:00+0200,124.0,MW,NL,NL,forecast_offshore_wind_generation,Wind Offshore,2026-07-26T16:36:36Z
2026-07-26T16:33:47Z,2026-07-26T18:33:47+0200,74eb74bd-8b1d-47e4-abd1-e66c3ea271fa,2026-07-16T07:45:00Z,2026-07-16T09:45:00+0200,121.0,MW,NL,NL,forecast_offshore_wind_generation,Wind Offshore,2026-07-26T16:36:36Z
2026-07-26T16:33:47Z,2026-07-26T18:33:47+0200,74eb74bd-8b1d-47e4-abd1-e66c3ea271fa,2026-07-16T08:00:00Z,2026-07-16T10:00:00+0200,118.0,MW,NL,NL,forecast_offshore_wind_generation,Wind Offshore,2026-07-26T16:36:36Z
2026-07-26T16:33:47Z,2026-07-26T18:33:47+0200,74eb74bd-8b1d-47e4-abd1-e66c3ea271fa,2026-07-16T08:15:00Z,2026-07-16T10:15:00+0200,116.0,MW,NL,NL,forecast_offshore_wind_generation,Wind Offshore,2026-07-26T16:36:36Z
2026-07-26T16:33:47Z,2026-07-26T18:33:47+0200,74eb74bd-8b1d-47e4-abd1-e66c3ea271fa,2026-07-16T08:30:00Z,2026-07-16T10:30:00+0200,114.0,MW,NL,NL,forecast_offshore_wind_generation,Wind Offshore,2026-07-26T16:36:36Z
2026-07-26T16:33:47Z,2026-07-26T18:33:47+0200,74eb74bd-8b1d-47e4-abd1-e66c3ea271fa,2026-07-16T08:45:00Z,2026-07-16T10:45:00+0200,112.0,MW,NL,NL,forecast_offshore_wind_generation,Wind Offshore,2026-07-26T16:36:36Z
2026-07-26T16:33:47Z,2026-07-26T18:33:47+0200,74eb74bd-8b1d-47e4-abd1-e66c3ea271fa,2026-07-16T09:00:00Z,2026-07-16T11:00:00+0200,110.0,MW,NL,NL,forecast_offshore_wind_generation,Wind Offshore,2026-07-26T16:36:36Z
2026-07-26T16:33:47Z,2026-07-26T18:33:47+0200,74eb74bd-8b1d-47e4-abd1-e66c3ea271fa,2026-07-16T09:15:00Z,2026-07-16T11:15:00+0200,110.0,MW,NL,NL,forecast_offshore_wind_generation,Wind Offshore,2026-07-26T16:36:36Z
2026-07-26T16:33:47Z,2026-07-26T18:33:47+0200,74eb74bd-8b1d-47e4-abd1-e66c3ea271fa,2026-07-16T09:30:00Z,2026-07-16T11:30:00+0200,113.0,MW,NL,NL,forecast_offshore_wind_generation,Wind Offshore,2026-07-26T16:36:36Z
2026-07-26T16:33:47Z,2026-07-26T18:33:47+0200,74eb74bd-8b1d-47e4-abd1-e66c3ea271fa,2026-07-16T09:45:00Z,2026-07-16T11:45:00+0200,115.0,MW,NL,NL,forecast_offshore_wind_generation,Wind Offshore,2026-07-26T16:36:36Z
2026-07-26T16:33:47Z,2026-07-26T18:33:47+0200,74eb74bd-8b1d-47e4-abd1-e66c3ea271fa,2026-07-16T10:00:00Z,2026-07-16T12:00:00+0200,118.0,MW,NL,NL,forecast_offshore_wind_generation,Wind Offshore,2026-07-26T16:36:36Z
2026-07-26T16:33:47Z,2026-07-26T18:33:47+0200,74eb74bd-8b1d-47e4-abd1-e66c3ea271fa,2026-07-16T10:15:00Z,2026-07-16T12:15:00+0200,122.0,MW,NL,NL,forecast_offshore_wind_generation,Wind Offshore,2026-07-26T16:36:36Z
2026-07-26T16:33:47Z,2026-07-26T18:33:47+0200,74eb74bd-8b1d-47e4-abd1-e66c3ea271fa,2026-07-16T10:30:00Z,2026-07-16T12:30:00+0200,129.0,MW,NL,NL,forecast_offshore_wind_generation,Wind Offshore,2026-07-26T16:36:36Z
2026-07-26T16:33:47Z,2026-07-26T18:33:47+0200,74eb74bd-8b1d-47e4-abd1-e66c3ea271fa,2026-07-16T10:45:00Z,2026-07-16T12:45:00+0200,135.0,MW,NL,NL,forecast_offshore_wind_generation,Wind Offshore,2026-07-26T16:36:36Z
2026-07-26T16:33:47Z,2026-07-26T18:33:47+0200,74eb74bd-8b1d-47e4-abd1-e66c3ea271fa,2026-07-16T11:00:00Z,2026-07-16T13:00:00+0200,142.0,MW,NL,NL,forecast_offshore_wind_generation,Wind Offshore,2026-07-26T16:36:36Z
2026-07-26T16:33:47Z,2026-07-26T18:33:47+0200,74eb74bd-8b1d-47e4-abd1-e66c3ea271fa,2026-07-16T11:15:00Z,2026-07-16T13:15:00+0200,149.0,MW,NL,NL,forecast_offshore_wind_generation,Wind Offshore,2026-07-26T16:36:36Z
2026-07-26T16:33:47Z,2026-07-26T18:33:47+0200,74eb74bd-8b1d-47e4-abd1-e66c3ea271fa,2026-07-16T11:30:00Z,2026-07-16T13:30:00+0200,158.0,MW,NL,NL,forecast_offshore_wind_generation,Wind Offshore,2026-07-26T16:36:36Z
2026-07-26T16:33:47Z,2026-07-26T18:33:47+0200,74eb74bd-8b1d-47e4-abd1-e66c3ea271fa,2026-07-16T11:45:00Z,2026-07-16T13:45:00+0200,166.0,MW,NL,NL,forecast_offshore_wind_generation,Wind Offshore,2026-07-26T16:36:36Z
2026-07-26T16:33:47Z,2026-07-26T18:33:47+0200,74eb74bd-8b1d-47e4-abd1-e66c3ea271fa,2026-07-16T12:00:00Z,2026-07-16T14:00:00+0200,174.0,MW,NL,NL,forecast_offshore_wind_generation,Wind Offshore,2026-07-26T16:36:36Z
2026-07-26T16:33:47Z,2026-07-26T18:33:47+0200,74eb74bd-8b1d-47e4-abd1-e66c3ea271fa,2026-07-16T12:15:00Z,2026-07-16T14:15:00+0200,189.0,MW,NL,NL,forecast_offshore_wind_generation,Wind Offshore,2026-07-26T16:36:36Z
2026-07-26T16:33:47Z,2026-07-26T18:33:47+0200,74eb74bd-8b1d-47e4-abd1-e66c3ea271fa,2026-07-16T12:30:00Z,2026-07-16T14:30:00+0200,210.0,MW,NL,NL,forecast_offshore_wind_generation,Wind Offshore,2026-07-26T16:36:36Z
2026-07-26T16:33:47Z,2026-07-26T18:33:47+0200,74eb74bd-8b1d-47e4-abd1-e66c3ea271fa,2026-07-16T12:45:00Z,2026-07-16T14:45:00+0200,232.0,MW,NL,NL,forecast_offshore_wind_generation,Wind Offshore,2026-07-26T16:36:36Z
2026-07-26T16:33:47Z,2026-07-26T18:33:47+0200,74eb74bd-8b1d-47e4-abd1-e66c3ea271fa,2026-07-16T13:00:00Z,2026-07-16T15:00:00+0200,253.0,MW,NL,NL,forecast_offshore_wind_generation,Wind Offshore,2026-07-26T16:36:36Z
2026-07-26T16:33:47Z,2026-07-26T18:33:47+0200,74eb74bd-8b1d-47e4-abd1-e66c3ea271fa,2026-07-16T13:15:00Z,2026-07-16T15:15:00+0200,270.0,MW,NL,NL,forecast_offshore_wind_generation,Wind Offshore,2026-07-26T16:36:36Z
2026-07-26T16:33:47Z,2026-07-26T18:33:47+0200,74eb74bd-8b1d-47e4-abd1-e66c3ea271fa,2026-07-16T13:30:00Z,2026-07-16T15:30:00+0200,282.0,MW,NL,NL,forecast_offshore_wind_generation,Wind Offshore,2026-07-26T16:36:36Z
2026-07-26T16:33:47Z,2026-07-26T18:33:47+0200,74eb74bd-8b1d-47e4-abd1-e66c3ea271fa,2026-07-16T13:45:00Z,2026-07-16T15:45:00+0200,295.0,MW,NL,NL,forecast_offshore_wind_generation,Wind Offshore,2026-07-26T16:36:36Z
2026-07-26T16:33:47Z,2026-07-26T18:33:47+0200,74eb74bd-8b1d-47e4-abd1-e66c3ea271fa,2026-07-16T14:00:00Z,2026-07-16T16:00:00+0200,307.0,MW,NL,NL,forecast_offshore_wind_generation,Wind Offshore,2026-07-26T16:36:36Z
2026-07-26T16:33:47Z,2026-07-26T18:33:47+0200,74eb74bd-8b1d-47e4-abd1-e66c3ea271fa,2026-07-16T14:15:00Z,2026-07-16T16:15:00+0200,326.0,MW,NL,NL,forecast_offshore_wind_generation,Wind Offshore,2026-07-26T16:36:36Z
2026-07-26T16:33:47Z,2026-07-26T18:33:47+0200,74eb74bd-8b1d-47e4-abd1-e66c3ea271fa,2026-07-16T14:30:00Z,2026-07-16T16:30:00+0200,352.0,MW,NL,NL,forecast_offshore_wind_generation,Wind Offshore,2026-07-26T16:36:36Z
2026-07-26T16:33:47Z,2026-07-26T18:33:47+0200,74eb74bd-8b1d-47e4-abd1-e66c3ea271fa,2026-07-16T14:45:00Z,2026-07-16T16:45:00+0200,377.0,MW,NL,NL,forecast_offshore_wind_generation,Wind Offshore,2026-07-26T16:36:36Z
2026-07-26T16:33:47Z,2026-07-26T18:33:47+0200,74eb74bd-8b1d-47e4-abd1-e66c3ea271fa,2026-07-16T15:00:00Z,2026-07-16T17:00:00+0200,403.0,MW,NL,NL,forecast_offshore_wind_generation,Wind Offshore,2026-07-26T16:36:36Z
2026-07-26T16:33:47Z,2026-07-26T18:33:47+0200,74eb74bd-8b1d-47e4-abd1-e66c3ea271fa,2026-07-16T15:15:00Z,2026-07-16T17:15:00+0200,416.0,MW,NL,NL,forecast_offshore_wind_generation,Wind Offshore,2026-07-26T16:36:36Z
2026-07-26T16:33:47Z,2026-07-26T18:33:47+0200,74eb74bd-8b1d-47e4-abd1-e66c3ea271fa,2026-07-16T15:30:00Z,2026-07-16T17:30:00+0200,416.0,MW,NL,NL,forecast_offshore_wind_generation,Wind Offshore,2026-07-26T16:36:36Z
2026-07-26T16:33:47Z,2026-07-26T18:33:47+0200,74eb74bd-8b1d-47e4-abd1-e66c3ea271fa,2026-07-16T15:45:00Z,2026-07-16T17:45:00+0200,415.0,MW,NL,NL,forecast_offshore_wind_generation,Wind Offshore,2026-07-26T16:36:36Z
2026-07-26T16:33:47Z,2026-07-26T18:33:47+0200,74eb74bd-8b1d-47e4-abd1-e66c3ea271fa,2026-07-16T16:00:00Z,2026-07-16T18:00:00+0200,415.0,MW,NL,NL,forecast_offshore_wind_generation,Wind Offshore,2026-07-26T16:36:36Z
2026-07-26T16:33:47Z,2026-07-26T18:33:47+0200,74eb74bd-8b1d-47e4-abd1-e66c3ea271fa,2026-07-16T16:15:00Z,2026-07-16T18:15:00+0200,403.0,MW,NL,NL,forecast_offshore_wind_generation,Wind Offshore,2026-07-26T16:36:36Z
2026-07-26T16:33:47Z,2026-07-26T18:33:47+0200,74eb74bd-8b1d-47e4-abd1-e66c3ea271fa,2026-07-16T16:30:00Z,2026-07-16T18:30:00+0200,379.0,MW,NL,NL,forecast_offshore_wind_generation,Wind Offshore,2026-07-26T16:36:36Z
2026-07-26T16:33:47Z,2026-07-26T18:33:47+0200,74eb74bd-8b1d-47e4-abd1-e66c3ea271fa,2026-07-16T16:45:00Z,2026-07-16T18:45:00+0200,354.0,MW,NL,NL,forecast_offshore_wind_generation,Wind Offshore,2026-07-26T16:36:36Z
2026-07-26T16:33:47Z,2026-07-26T18:33:47+0200,74eb74bd-8b1d-47e4-abd1-e66c3ea271fa,2026-07-16T17:00:00Z,2026-07-16T19:00:00+0200,330.0,MW,NL,NL,forecast_offshore_wind_generation,Wind Offshore,2026-07-26T16:36:36Z
2026-07-26T16:33:47Z,2026-07-26T18:33:47+0200,74eb74bd-8b1d-47e4-abd1-e66c3ea271fa,2026-07-16T17:15:00Z,2026-07-16T19:15:00+0200,310.0,MW,NL,NL,forecast_offshore_wind_generation,Wind Offshore,2026-07-26T16:36:36Z
2026-07-26T16:33:47Z,2026-07-26T18:33:47+0200,74eb74bd-8b1d-47e4-abd1-e66c3ea271fa,2026-07-16T17:30:00Z,2026-07-16T19:30:00+0200,295.0,MW,NL,NL,forecast_offshore_wind_generation,Wind Offshore,2026-07-26T16:36:36Z
2026-07-26T16:33:47Z,2026-07-26T18:33:47+0200,74eb74bd-8b1d-47e4-abd1-e66c3ea271fa,2026-07-16T17:45:00Z,2026-07-16T19:45:00+0200,279.0,MW,NL,NL,forecast_offshore_wind_generation,Wind Offshore,2026-07-26T16:36:36Z
2026-07-26T16:33:47Z,2026-07-26T18:33:47+0200,74eb74bd-8b1d-47e4-abd1-e66c3ea271fa,2026-07-16T18:00:00Z,2026-07-16T20:00:00+0200,264.0,MW,NL,NL,forecast_offshore_wind_generation,Wind Offshore,2026-07-26T16:36:36Z
2026-07-26T16:33:47Z,2026-07-26T18:33:47+0200,74eb74bd-8b1d-47e4-abd1-e66c3ea271fa,2026-07-16T18:15:00Z,2026-07-16T20:15:00+0200,256.0,MW,NL,NL,forecast_offshore_wind_generation,Wind Offshore,2026-07-26T16:36:36Z
2026-07-26T16:33:47Z,2026-07-26T18:33:47+0200,74eb74bd-8b1d-47e4-abd1-e66c3ea271fa,2026-07-16T18:30:00Z,2026-07-16T20:30:00+0200,256.0,MW,NL,NL,forecast_offshore_wind_generation,Wind Offshore,2026-07-26T16:36:36Z
2026-07-26T16:33:47Z,2026-07-26T18:33:47+0200,74eb74bd-8b1d-47e4-abd1-e66c3ea271fa,2026-07-16T18:45:00Z,2026-07-16T20:45:00+0200,255.0,MW,NL,NL,forecast_offshore_wind_generation,Wind Offshore,2026-07-26T16:36:36Z
2026-07-26T16:33:47Z,2026-07-26T18:33:47+0200,74eb74bd-8b1d-47e4-abd1-e66c3ea271fa,2026-07-16T19:00:00Z,2026-07-16T21:00:00+0200,255.0,MW,NL,NL,forecast_offshore_wind_generation,Wind Offshore,2026-07-26T16:36:36Z
2026-07-26T16:33:47Z,2026-07-26T18:33:47+0200,74eb74bd-8b1d-47e4-abd1-e66c3ea271fa,2026-07-16T19:15:00Z,2026-07-16T21:15:00+0200,255.0,MW,NL,NL,forecast_offshore_wind_generation,Wind Offshore,2026-07-26T16:36:36Z
2026-07-26T16:33:47Z,2026-07-26T18:33:47+0200,74eb74bd-8b1d-47e4-abd1-e66c3ea271fa,2026-07-16T19:30:00Z,2026-07-16T21:30:00+0200,254.0,MW,NL,NL,forecast_offshore_wind_generation,Wind Offshore,2026-07-26T16:36:36Z
2026-07-26T16:33:47Z,2026-07-26T18:33:47+0200,74eb74bd-8b1d-47e4-abd1-e66c3ea271fa,2026-07-16T19:45:00Z,2026-07-16T21:45:00+0200,254.0,MW,NL,NL,forecast_offshore_wind_generation,Wind Offshore,2026-07-26T16:36:36Z
2026-07-26T16:33:47Z,2026-07-26T18:33:47+0200,74eb74bd-8b1d-47e4-abd1-e66c3ea271fa,2026-07-16T20:00:00Z,2026-07-16T22:00:00+0200,254.0,MW,NL,NL,forecast_offshore_wind_generation,Wind Offshore,2026-07-26T16:36:36Z
2026-07-26T16:33:47Z,2026-07-26T18:33:47+0200,74eb74bd-8b1d-47e4-abd1-e66c3ea271fa,2026-07-16T20:15:00Z,2026-07-16T22:15:00+0200,258.0,MW,NL,NL,forecast_offshore_wind_generation,Wind Offshore,2026-07-26T16:36:36Z
2026-07-26T16:33:47Z,2026-07-26T18:33:47+0200,74eb74bd-8b1d-47e4-abd1-e66c3ea271fa,2026-07-16T20:30:00Z,2026-07-16T22:30:00+0200,266.0,MW,NL,NL,forecast_offshore_wind_generation,Wind Offshore,2026-07-26T16:36:36Z
2026-07-26T16:33:47Z,2026-07-26T18:33:47+0200,74eb74bd-8b1d-47e4-abd1-e66c3ea271fa,2026-07-16T20:45:00Z,2026-07-16T22:45:00+0200,275.0,MW,NL,NL,forecast_offshore_wind_generation,Wind Offshore,2026-07-26T16:36:36Z
2026-07-26T16:33:47Z,2026-07-26T18:33:47+0200,74eb74bd-8b1d-47e4-abd1-e66c3ea271fa,2026-07-16T21:00:00Z,2026-07-16T23:00:00+0200,284.0,MW,NL,NL,forecast_offshore_wind_generation,Wind Offshore,2026-07-26T16:36:36Z
2026-07-26T16:33:47Z,2026-07-26T18:33:47+0200,74eb74bd-8b1d-47e4-abd1-e66c3ea271fa,2026-07-16T21:15:00Z,2026-07-16T23:15:00+0200,286.0,MW,NL,NL,forecast_offshore_wind_generation,Wind Offshore,2026-07-26T16:36:36Z
2026-07-26T16:33:47Z,2026-07-26T18:33:47+0200,74eb74bd-8b1d-47e4-abd1-e66c3ea271fa,2026-07-16T21:30:00Z,2026-07-16T23:30:00+0200,281.0,MW,NL,NL,forecast_offshore_wind_generation,Wind Offshore,2026-07-26T16:36:36Z
2026-07-26T16:33:47Z,2026-07-26T18:33:47+0200,74eb74bd-8b1d-47e4-abd1-e66c3ea271fa,2026-07-16T21:45:00Z,2026-07-16T23:45:00+0200,277.0,MW,NL,NL,forecast_offshore_wind_generation,Wind Offshore,2026-07-26T16:36:36Z
2026-07-26T16:33:47Z,2026-07-26T18:33:47+0200,74eb74bd-8b1d-47e4-abd1-e66c3ea271fa,2026-07-16T22:00:00Z,2026-07-17T00:00:00+0200,156.0,MW,NL,NL,forecast_offshore_wind_generation,Wind Offshore,2026-07-26T16:36:36Z
2026-07-26T16:33:47Z,2026-07-26T18:33:47+0200,74eb74bd-8b1d-47e4-abd1-e66c3ea271fa,2026-07-16T22:15:00Z,2026-07-17T00:15:00+0200,153.0,MW,NL,NL,forecast_offshore_wind_generation,Wind Offshore,2026-07-26T16:36:36Z
2026-07-26T16:33:47Z,2026-07-26T18:33:47+0200,74eb74bd-8b1d-47e4-abd1-e66c3ea271fa,2026-07-16T22:30:00Z,2026-07-17T00:30:00+0200,151.0,MW,NL,NL,forecast_offshore_wind_generation,Wind Offshore,2026-07-26T16:36:36Z
2026-07-26T16:33:47Z,2026-07-26T18:33:47+0200,74eb74bd-8b1d-47e4-abd1-e66c3ea271fa,2026-07-16T22:45:00Z,2026-07-17T00:45:00+0200,149.0,MW,NL,NL,forecast_offshore_wind_generation,Wind Offshore,2026-07-26T16:36:36Z
2026-07-26T16:33:47Z,2026-07-26T18:33:47+0200,74eb74bd-8b1d-47e4-abd1-e66c3ea271fa,2026-07-16T23:00:00Z,2026-07-17T01:00:00+0200,148.0,MW,NL,NL,forecast_offshore_wind_generation,Wind Offshore,2026-07-26T16:36:36Z
2026-07-26T16:33:47Z,2026-07-26T18:33:47+0200,74eb74bd-8b1d-47e4-abd1-e66c3ea271fa,2026-07-16T23:15:00Z,2026-07-17T01:15:00+0200,146.0,MW,NL,NL,forecast_offshore_wind_generation,Wind Offshore,2026-07-26T16:36:36Z
2026-07-26T16:33:47Z,2026-07-26T18:33:47+0200,74eb74bd-8b1d-47e4-abd1-e66c3ea271fa,2026-07-16T23:30:00Z,2026-07-17T01:30:00+0200,145.0,MW,NL,NL,forecast_offshore_wind_generation,Wind Offshore,2026-07-26T16:36:36Z
2026-07-26T16:33:47Z,2026-07-26T18:33:47+0200,74eb74bd-8b1d-47e4-abd1-e66c3ea271fa,2026-07-16T23:45:00Z,2026-07-17T01:45:00+0200,143.0,MW,NL,NL,forecast_offshore_wind_generation,Wind Offshore,2026-07-26T16:36:36Z
2026-07-26T16:33:47Z,2026-07-26T18:33:47+0200,74eb74bd-8b1d-47e4-abd1-e66c3ea271fa,2026-07-17T00:00:00Z,2026-07-17T02:00:00+0200,141.0,MW,NL,NL,forecast_offshore_wind_generation,Wind Offshore,2026-07-26T16:36:36Z
2026-07-26T16:33:47Z,2026-07-26T18:33:47+0200,74eb74bd-8b1d-47e4-abd1-e66c3ea271fa,2026-07-17T00:15:00Z,2026-07-17T02:15:00+0200,141.0,MW,NL,NL,forecast_offshore_wind_generation,Wind Offshore,2026-07-26T16:36:36Z
2026-07-26T16:33:47Z,2026-07-26T18:33:47+0200,74eb74bd-8b1d-47e4-abd1-e66c3ea271fa,2026-07-17T00:30:00Z,2026-07-17T02:30:00+0200,143.0,MW,NL,NL,forecast_offshore_wind_generation,Wind Offshore,2026-07-26T16:36:36Z
2026-07-26T16:33:47Z,2026-07-26T18:33:47+0200,74eb74bd-8b1d-47e4-abd1-e66c3ea271fa,2026-07-17T00:45:00Z,2026-07-17T02:45:00+0200,144.0,MW,NL,NL,forecast_offshore_wind_generation,Wind Offshore,2026-07-26T16:36:36Z
2026-07-26T16:33:47Z,2026-07-26T18:33:47+0200,74eb74bd-8b1d-47e4-abd1-e66c3ea271fa,2026-07-17T01:00:00Z,2026-07-17T03:00:00+0200,146.0,MW,NL,NL,forecast_offshore_wind_generation,Wind Offshore,2026-07-26T16:36:36Z
2026-07-26T16:33:47Z,2026-07-26T18:33:47+0200,74eb74bd-8b1d-47e4-abd1-e66c3ea271fa,2026-07-17T01:15:00Z,2026-07-17T03:15:00+0200,147.0,MW,NL,NL,forecast_offshore_wind_generation,Wind Offshore,2026-07-26T16:36:36Z
2026-07-26T16:33:47Z,2026-07-26T18:33:47+0200,74eb74bd-8b1d-47e4-abd1-e66c3ea271fa,2026-07-17T01:30:00Z,2026-07-17T03:30:00+0200,148.0,MW,NL,NL,forecast_offshore_wind_generation,Wind Offshore,2026-07-26T16:36:36Z
2026-07-26T16:33:47Z,2026-07-26T18:33:47+0200,74eb74bd-8b1d-47e4-abd1-e66c3ea271fa,2026-07-17T01:45:00Z,2026-07-17T03:45:00+0200,149.0,MW,NL,NL,forecast_offshore_wind_generation,Wind Offshore,2026-07-26T16:36:36Z
2026-07-26T16:33:47Z,2026-07-26T18:33:47+0200,74eb74bd-8b1d-47e4-abd1-e66c3ea271fa,2026-07-17T02:00:00Z,2026-07-17T04:00:00+0200,150.0,MW,NL,NL,forecast_offshore_wind_generation,Wind Offshore,2026-07-26T16:36:36Z
2026-07-26T16:33:47Z,2026-07-26T18:33:47+0200,74eb74bd-8b1d-47e4-abd1-e66c3ea271fa,2026-07-17T02:15:00Z,2026-07-17T04:15:00+0200,150.0,MW,NL,NL,forecast_offshore_wind_generation,Wind Offshore,2026-07-26T16:36:36Z
2026-07-26T16:33:47Z,2026-07-26T18:33:47+0200,74eb74bd-8b1d-47e4-abd1-e66c3ea271fa,2026-07-17T02:30:00Z,2026-07-17T04:30:00+0200,150.0,MW,NL,NL,forecast_offshore_wind_generation,Wind Offshore,2026-07-26T16:36:36Z
2026-07-26T16:33:47Z,2026-07-26T18:33:47+0200,74eb74bd-8b1d-47e4-abd1-e66c3ea271fa,2026-07-17T02:45:00Z,2026-07-17T04:45:00+0200,150.0,MW,NL,NL,forecast_offshore_wind_generation,Wind Offshore,2026-07-26T16:36:36Z
2026-07-26T16:33:47Z,2026-07-26T18:33:47+0200,74eb74bd-8b1d-47e4-abd1-e66c3ea271fa,2026-07-17T03:00:00Z,2026-07-17T05:00:00+0200,149.0,MW,NL,NL,forecast_offshore_wind_generation,Wind Offshore,2026-07-26T16:36:36Z
2026-07-26T16:33:47Z,2026-07-26T18:33:47+0200,74eb74bd-8b1d-47e4-abd1-e66c3ea271fa,2026-07-17T03:15:00Z,2026-07-17T05:15:00+0200,147.0,MW,NL,NL,forecast_offshore_wind_generation,Wind Offshore,2026-07-26T16:36:36Z
2026-07-26T16:33:47Z,2026-07-26T18:33:47+0200,74eb74bd-8b1d-47e4-abd1-e66c3ea271fa,2026-07-17T03:30:00Z,2026-07-17T05:30:00+0200,144.0,MW,NL,NL,forecast_offshore_wind_generation,Wind Offshore,2026-07-26T16:36:36Z
2026-07-26T16:33:47Z,2026-07-26T18:33:47+0200,74eb74bd-8b1d-47e4-abd1-e66c3ea271fa,2026-07-17T03:45:00Z,2026-07-17T05:45:00+0200,141.0,MW,NL,NL,forecast_offshore_wind_generation,Wind Offshore,2026-07-26T16:36:36Z
2026-07-26T16:33:47Z,2026-07-26T18:33:47+0200,74eb74bd-8b1d-47e4-abd1-e66c3ea271fa,2026-07-17T04:00:00Z,2026-07-17T06:00:00+0200,138.0,MW,NL,NL,forecast_offshore_wind_generation,Wind Offshore,2026-07-26T16:36:36Z
2026-07-26T16:33:47Z,2026-07-26T18:33:47+0200,74eb74bd-8b1d-47e4-abd1-e66c3ea271fa,2026-07-17T04:15:00Z,2026-07-17T06:15:00+0200,134.0,MW,NL,NL,forecast_offshore_wind_generation,Wind Offshore,2026-07-26T16:36:36Z
2026-07-26T16:33:47Z,2026-07-26T18:33:47+0200,74eb74bd-8b1d-47e4-abd1-e66c3ea271fa,2026-07-17T04:30:00Z,2026-07-17T06:30:00+0200,130.0,MW,NL,NL,forecast_offshore_wind_generation,Wind Offshore,2026-07-26T16:36:36Z
2026-07-26T16:33:47Z,2026-07-26T18:33:47+0200,74eb74bd-8b1d-47e4-abd1-e66c3ea271fa,2026-07-17T04:45:00Z,2026-07-17T06:45:00+0200,125.0,MW,NL,NL,forecast_offshore_wind_generation,Wind Offshore,2026-07-26T16:36:36Z
2026-07-26T16:33:47Z,2026-07-26T18:33:47+0200,74eb74bd-8b1d-47e4-abd1-e66c3ea271fa,2026-07-17T05:00:00Z,2026-07-17T07:00:00+0200,121.0,MW,NL,NL,forecast_offshore_wind_generation,Wind Offshore,2026-07-26T16:36:36Z
2026-07-26T16:33:47Z,2026-07-26T18:33:47+0200,74eb74bd-8b1d-47e4-abd1-e66c3ea271fa,2026-07-17T05:15:00Z,2026-07-17T07:15:00+0200,116.0,MW,NL,NL,forecast_offshore_wind_generation,Wind Offshore,2026-07-26T16:36:36Z
2026-07-26T16:33:47Z,2026-07-26T18:33:47+0200,74eb74bd-8b1d-47e4-abd1-e66c3ea271fa,2026-07-17T05:30:00Z,2026-07-17T07:30:00+0200,112.0,MW,NL,NL,forecast_offshore_wind_generation,Wind Offshore,2026-07-26T16:36:36Z
2026-07-26T16:33:47Z,2026-07-26T18:33:47+0200,74eb74bd-8b1d-47e4-abd1-e66c3ea271fa,2026-07-17T05:45:00Z,2026-07-17T07:45:00+0200,108.0,MW,NL,NL,forecast_offshore_wind_generation,Wind Offshore,2026-07-26T16:36:36Z
2026-07-26T16:33:47Z,2026-07-26T18:33:47+0200,74eb74bd-8b1d-47e4-abd1-e66c3ea271fa,2026-07-17T06:00:00Z,2026-07-17T08:00:00+0200,103.0,MW,NL,NL,forecast_offshore_wind_generation,Wind Offshore,2026-07-26T16:36:36Z
2026-07-26T16:33:47Z,2026-07-26T18:33:47+0200,74eb74bd-8b1d-47e4-abd1-e66c3ea271fa,2026-07-17T06:15:00Z,2026-07-17T08:15:00+0200,103.0,MW,NL,NL,forecast_offshore_wind_generation,Wind Offshore,2026-07-26T16:36:36Z
2026-07-26T16:33:47Z,2026-07-26T18:33:47+0200,74eb74bd-8b1d-47e4-abd1-e66c3ea271fa,2026-07-17T06:30:00Z,2026-07-17T08:30:00+0200,107.0,MW,NL,NL,forecast_offshore_wind_generation,Wind Offshore,2026-07-26T16:36:36Z
2026-07-26T16:33:47Z,2026-07-26T18:33:47+0200,74eb74bd-8b1d-47e4-abd1-e66c3ea271fa,2026-07-17T06:45:00Z,2026-07-17T08:45:00+0200,111.0,MW,NL,NL,forecast_offshore_wind_generation,Wind Offshore,2026-07-26T16:36:36Z
2026-07-26T16:33:47Z,2026-07-26T18:33:47+0200,74eb74bd-8b1d-47e4-abd1-e66c3ea271fa,2026-07-17T07:00:00Z,2026-07-17T09:00:00+0200,116.0,MW,NL,NL,forecast_offshore_wind_generation,Wind Offshore,2026-07-26T16:36:36Z
2026-07-26T16:33:47Z,2026-07-26T18:33:47+0200,74eb74bd-8b1d-47e4-abd1-e66c3ea271fa,2026-07-17T07:15:00Z,2026-07-17T09:15:00+0200,118.0,MW,NL,NL,forecast_offshore_wind_generation,Wind Offshore,2026-07-26T16:36:36Z
2026-07-26T16:33:47Z,2026-07-26T18:33:47+0200,74eb74bd-8b1d-47e4-abd1-e66c3ea271fa,2026-07-17T07:30:00Z,2026-07-17T09:30:00+0200,118.0,MW,NL,NL,forecast_offshore_wind_generation,Wind Offshore,2026-07-26T16:36:36Z
2026-07-26T16:33:47Z,2026-07-26T18:33:47+0200,74eb74bd-8b1d-47e4-abd1-e66c3ea271fa,2026-07-17T07:45:00Z,2026-07-17T09:45:00+0200,118.0,MW,NL,NL,forecast_offshore_wind_generation,Wind Offshore,2026-07-26T16:36:36Z
2026-07-26T16:33:47Z,2026-07-26T18:33:47+0200,74eb74bd-8b1d-47e4-abd1-e66c3ea271fa,2026-07-17T08:00:00Z,2026-07-17T10:00:00+0200,119.0,MW,NL,NL,forecast_offshore_wind_generation,Wind Offshore,2026-07-26T16:36:36Z
2026-07-26T16:33:47Z,2026-07-26T18:33:47+0200,74eb74bd-8b1d-47e4-abd1-e66c3ea271fa,2026-07-17T08:15:00Z,2026-07-17T10:15:00+0200,122.0,MW,NL,NL,forecast_offshore_wind_generation,Wind Offshore,2026-07-26T16:36:36Z
2026-07-26T16:33:47Z,2026-07-26T18:33:47+0200,74eb74bd-8b1d-47e4-abd1-e66c3ea271fa,2026-07-17T08:30:00Z,2026-07-17T10:30:00+0200,129.0,MW,NL,NL,forecast_offshore_wind_generation,Wind Offshore,2026-07-26T16:36:36Z
2026-07-26T16:33:47Z,2026-07-26T18:33:47+0200,74eb74bd-8b1d-47e4-abd1-e66c3ea271fa,2026-07-17T08:45:00Z,2026-07-17T10:45:00+0200,136.0,MW,NL,NL,forecast_offshore_wind_generation,Wind Offshore,2026-07-26T16:36:36Z
2026-07-26T16:33:47Z,2026-07-26T18:33:47+0200,74eb74bd-8b1d-47e4-abd1-e66c3ea271fa,2026-07-17T09:00:00Z,2026-07-17T11:00:00+0200,142.0,MW,NL,NL,forecast_offshore_wind_generation,Wind Offshore,2026-07-26T16:36:36Z
2026-07-26T16:33:47Z,2026-07-26T18:33:47+0200,74eb74bd-8b1d-47e4-abd1-e66c3ea271fa,2026-07-17T09:15:00Z,2026-07-17T11:15:00+0200,156.0,MW,NL,NL,forecast_offshore_wind_generation,Wind Offshore,2026-07-26T16:36:36Z
2026-07-26T16:33:47Z,2026-07-26T18:33:47+0200,74eb74bd-8b1d-47e4-abd1-e66c3ea271fa,2026-07-17T09:30:00Z,2026-07-17T11:30:00+0200,177.0,MW,NL,NL,forecast_offshore_wind_generation,Wind Offshore,2026-07-26T16:36:36Z
2026-07-26T16:33:47Z,2026-07-26T18:33:47+0200,74eb74bd-8b1d-47e4-abd1-e66c3ea271fa,2026-07-17T09:45:00Z,2026-07-17T11:45:00+0200,197.0,MW,NL,NL,forecast_offshore_wind_generation,Wind Offshore,2026-07-26T16:36:36Z
2026-07-26T16:33:47Z,2026-07-26T18:33:47+0200,74eb74bd-8b1d-47e4-abd1-e66c3ea271fa,2026-07-17T10:00:00Z,2026-07-17T12:00:00+0200,218.0,MW,NL,NL,forecast_offshore_wind_generation,Wind Offshore,2026-07-26T16:36:36Z
2026-07-26T16:33:47Z,2026-07-26T18:33:47+0200,74eb74bd-8b1d-47e4-abd1-e66c3ea271fa,2026-07-17T10:15:00Z,2026-07-17T12:15:00+0200,238.0,MW,NL,NL,forecast_offshore_wind_generation,Wind Offshore,2026-07-26T16:36:36Z
2026-07-26T16:33:47Z,2026-07-26T18:33:47+0200,74eb74bd-8b1d-47e4-abd1-e66c3ea271fa,2026-07-17T10:30:00Z,2026-07-17T12:30:00+0200,258.0,MW,NL,NL,forecast_offshore_wind_generation,Wind Offshore,2026-07-26T16:36:36Z
2026-07-26T16:33:47Z,2026-07-26T18:33:47+0200,74eb74bd-8b1d-47e4-abd1-e66c3ea271fa,2026-07-17T10:45:00Z,2026-07-17T12:45:00+0200,278.0,MW,NL,NL,forecast_offshore_wind_generation,Wind Offshore,2026-07-26T16:36:36Z
2026-07-26T16:33:47Z,2026-07-26T18:33:47+0200,74eb74bd-8b1d-47e4-abd1-e66c3ea271fa,2026-07-17T11:00:00Z,2026-07-17T13:00:00+0200,298.0,MW,NL,NL,forecast_offshore_wind_generation,Wind Offshore,2026-07-26T16:36:36Z
2026-07-26T16:33:47Z,2026-07-26T18:33:47+0200,74eb74bd-8b1d-47e4-abd1-e66c3ea271fa,2026-07-17T11:15:00Z,2026-07-17T13:15:00+0200,318.0,MW,NL,NL,forecast_offshore_wind_generation,Wind Offshore,2026-07-26T16:36:36Z
2026-07-26T16:33:47Z,2026-07-26T18:33:47+0200,74eb74bd-8b1d-47e4-abd1-e66c3ea271fa,2026-07-17T11:30:00Z,2026-07-17T13:30:00+0200,338.0,MW,NL,NL,forecast_offshore_wind_generation,Wind Offshore,2026-07-26T16:36:36Z
2026-07-26T16:33:47Z,2026-07-26T18:33:47+0200,74eb74bd-8b1d-47e4-abd1-e66c3ea271fa,2026-07-17T11:45:00Z,2026-07-17T13:45:00+0200,358.0,MW,NL,NL,forecast_offshore_wind_generation,Wind Offshore,2026-07-26T16:36:36Z
2026-07-26T16:33:47Z,2026-07-26T18:33:47+0200,74eb74bd-8b1d-47e4-abd1-e66c3ea271fa,2026-07-17T12:00:00Z,2026-07-17T14:00:00+0200,378.0,MW,NL,NL,forecast_offshore_wind_generation,Wind Offshore,2026-07-26T16:36:36Z
2026-07-26T16:33:47Z,2026-07-26T18:33:47+0200,74eb74bd-8b1d-47e4-abd1-e66c3ea271fa,2026-07-17T12:15:00Z,2026-07-17T14:15:00+0200,398.0,MW,NL,NL,forecast_offshore_wind_generation,Wind Offshore,2026-07-26T16:36:36Z
2026-07-26T16:33:47Z,2026-07-26T18:33:47+0200,74eb74bd-8b1d-47e4-abd1-e66c3ea271fa,2026-07-17T12:30:00Z,2026-07-17T14:30:00+0200,416.0,MW,NL,NL,forecast_offshore_wind_generation,Wind Offshore,2026-07-26T16:36:36Z
2026-07-26T16:33:47Z,2026-07-26T18:33:47+0200,74eb74bd-8b1d-47e4-abd1-e66c3ea271fa,2026-07-17T12:45:00Z,2026-07-17T14:45:00+0200,435.0,MW,NL,NL,forecast_offshore_wind_generation,Wind Offshore,2026-07-26T16:36:36Z
2026-07-26T16:33:47Z,2026-07-26T18:33:47+0200,74eb74bd-8b1d-47e4-abd1-e66c3ea271fa,2026-07-17T13:00:00Z,2026-07-17T15:00:00+0200,453.0,MW,NL,NL,forecast_offshore_wind_generation,Wind Offshore,2026-07-26T16:36:36Z
2026-07-26T16:33:47Z,2026-07-26T18:33:47+0200,74eb74bd-8b1d-47e4-abd1-e66c3ea271fa,2026-07-17T13:15:00Z,2026-07-17T15:15:00+0200,469.0,MW,NL,NL,forecast_offshore_wind_generation,Wind Offshore,2026-07-26T16:36:36Z
2026-07-26T16:33:47Z,2026-07-26T18:33:47+0200,74eb74bd-8b1d-47e4-abd1-e66c3ea271fa,2026-07-17T13:30:00Z,2026-07-17T15:30:00+0200,482.0,MW,NL,NL,forecast_offshore_wind_generation,Wind Offshore,2026-07-26T16:36:36Z
2026-07-26T16:33:47Z,2026-07-26T18:33:47+0200,74eb74bd-8b1d-47e4-abd1-e66c3ea271fa,2026-07-17T13:45:00Z,2026-07-17T15:45:00+0200,496.0,MW,NL,NL,forecast_offshore_wind_generation,Wind Offshore,2026-07-26T16:36:36Z
2026-07-26T16:33:47Z,2026-07-26T18:33:47+0200,74eb74bd-8b1d-47e4-abd1-e66c3ea271fa,2026-07-17T14:00:00Z,2026-07-17T16:00:00+0200,509.0,MW,NL,NL,forecast_offshore_wind_generation,Wind Offshore,2026-07-26T16:36:36Z
2026-07-26T16:33:47Z,2026-07-26T18:33:47+0200,74eb74bd-8b1d-47e4-abd1-e66c3ea271fa,2026-07-17T14:15:00Z,2026-07-17T16:15:00+0200,523.0,MW,NL,NL,forecast_offshore_wind_generation,Wind Offshore,2026-07-26T16:36:36Z
2026-07-26T16:33:47Z,2026-07-26T18:33:47+0200,74eb74bd-8b1d-47e4-abd1-e66c3ea271fa,2026-07-17T14:30:00Z,2026-07-17T16:30:00+0200,537.0,MW,NL,NL,forecast_offshore_wind_generation,Wind Offshore,2026-07-26T16:36:36Z
2026-07-26T16:33:47Z,2026-07-26T18:33:47+0200,74eb74bd-8b1d-47e4-abd1-e66c3ea271fa,2026-07-17T14:45:00Z,2026-07-17T16:45:00+0200,551.0,MW,NL,NL,forecast_offshore_wind_generation,Wind Offshore,2026-07-26T16:36:36Z
2026-07-26T16:33:47Z,2026-07-26T18:33:47+0200,74eb74bd-8b1d-47e4-abd1-e66c3ea271fa,2026-07-17T15:00:00Z,2026-07-17T17:00:00+0200,565.0,MW,NL,NL,forecast_offshore_wind_generation,Wind Offshore,2026-07-26T16:36:36Z
2026-07-26T16:33:47Z,2026-07-26T18:33:47+0200,74eb74bd-8b1d-47e4-abd1-e66c3ea271fa,2026-07-17T15:15:00Z,2026-07-17T17:15:00+0200,569.0,MW,NL,NL,forecast_offshore_wind_generation,Wind Offshore,2026-07-26T16:36:36Z
2026-07-26T16:33:47Z,2026-07-26T18:33:47+0200,74eb74bd-8b1d-47e4-abd1-e66c3ea271fa,2026-07-17T15:30:00Z,2026-07-17T17:30:00+0200,563.0,MW,NL,NL,forecast_offshore_wind_generation,Wind Offshore,2026-07-26T16:36:36Z
2026-07-26T16:33:47Z,2026-07-26T18:33:47+0200,74eb74bd-8b1d-47e4-abd1-e66c3ea271fa,2026-07-17T15:45:00Z,2026-07-17T17:45:00+0200,557.0,MW,NL,NL,forecast_offshore_wind_generation,Wind Offshore,2026-07-26T16:36:36Z
2026-07-26T16:33:47Z,2026-07-26T18:33:47+0200,74eb74bd-8b1d-47e4-abd1-e66c3ea271fa,2026-07-17T16:00:00Z,2026-07-17T18:00:00+0200,550.0,MW,NL,NL,forecast_offshore_wind_generation,Wind Offshore,2026-07-26T16:36:36Z
2026-07-26T16:33:47Z,2026-07-26T18:33:47+0200,74eb74bd-8b1d-47e4-abd1-e66c3ea271fa,2026-07-17T16:15:00Z,2026-07-17T18:15:00+0200,543.0,MW,NL,NL,forecast_offshore_wind_generation,Wind Offshore,2026-07-26T16:36:36Z
2026-07-26T16:33:47Z,2026-07-26T18:33:47+0200,74eb74bd-8b1d-47e4-abd1-e66c3ea271fa,2026-07-17T16:30:00Z,2026-07-17T18:30:00+0200,534.0,MW,NL,NL,forecast_offshore_wind_generation,Wind Offshore,2026-07-26T16:36:36Z
2026-07-26T16:33:47Z,2026-07-26T18:33:47+0200,74eb74bd-8b1d-47e4-abd1-e66c3ea271fa,2026-07-17T16:45:00Z,2026-07-17T18:45:00+0200,526.0,MW,NL,NL,forecast_offshore_wind_generation,Wind Offshore,2026-07-26T16:36:36Z
2026-07-26T16:33:47Z,2026-07-26T18:33:47+0200,74eb74bd-8b1d-47e4-abd1-e66c3ea271fa,2026-07-17T17:00:00Z,2026-07-17T19:00:00+0200,517.0,MW,NL,NL,forecast_offshore_wind_generation,Wind Offshore,2026-07-26T16:36:36Z
2026-07-26T16:33:47Z,2026-07-26T18:33:47+0200,74eb74bd-8b1d-47e4-abd1-e66c3ea271fa,2026-07-17T17:15:00Z,2026-07-17T19:15:00+0200,508.0,MW,NL,NL,forecast_offshore_wind_generation,Wind Offshore,2026-07-26T16:36:36Z
2026-07-26T16:33:47Z,2026-07-26T18:33:47+0200,74eb74bd-8b1d-47e4-abd1-e66c3ea271fa,2026-07-17T17:30:00Z,2026-07-17T19:30:00+0200,500.0,MW,NL,NL,forecast_offshore_wind_generation,Wind Offshore,2026-07-26T16:36:36Z
2026-07-26T16:33:47Z,2026-07-26T18:33:47+0200,74eb74bd-8b1d-47e4-abd1-e66c3ea271fa,2026-07-17T17:45:00Z,2026-07-17T19:45:00+0200,491.0,MW,NL,NL,forecast_offshore_wind_generation,Wind Offshore,2026-07-26T16:36:36Z
2026-07-26T16:33:47Z,2026-07-26T18:33:47+0200,74eb74bd-8b1d-47e4-abd1-e66c3ea271fa,2026-07-17T18:00:00Z,2026-07-17T20:00:00+0200,482.0,MW,NL,NL,forecast_offshore_wind_generation,Wind Offshore,2026-07-26T16:36:36Z
2026-07-26T16:33:47Z,2026-07-26T18:33:47+0200,74eb74bd-8b1d-47e4-abd1-e66c3ea271fa,2026-07-17T18:15:00Z,2026-07-17T20:15:00+0200,475.0,MW,NL,NL,forecast_offshore_wind_generation,Wind Offshore,2026-07-26T16:36:36Z
2026-07-26T16:33:47Z,2026-07-26T18:33:47+0200,74eb74bd-8b1d-47e4-abd1-e66c3ea271fa,2026-07-17T18:30:00Z,2026-07-17T20:30:00+0200,469.0,MW,NL,NL,forecast_offshore_wind_generation,Wind Offshore,2026-07-26T16:36:36Z
2026-07-26T16:33:47Z,2026-07-26T18:33:47+0200,74eb74bd-8b1d-47e4-abd1-e66c3ea271fa,2026-07-17T18:45:00Z,2026-07-17T20:45:00+0200,462.0,MW,NL,NL,forecast_offshore_wind_generation,Wind Offshore,2026-07-26T16:36:36Z
2026-07-26T16:33:47Z,2026-07-26T18:33:47+0200,74eb74bd-8b1d-47e4-abd1-e66c3ea271fa,2026-07-17T19:00:00Z,2026-07-17T21:00:00+0200,456.0,MW,NL,NL,forecast_offshore_wind_generation,Wind Offshore,2026-07-26T16:36:36Z
2026-07-26T16:33:47Z,2026-07-26T18:33:47+0200,74eb74bd-8b1d-47e4-abd1-e66c3ea271fa,2026-07-17T19:15:00Z,2026-07-17T21:15:00+0200,450.0,MW,NL,NL,forecast_offshore_wind_generation,Wind Offshore,2026-07-26T16:36:36Z
2026-07-26T16:33:47Z,2026-07-26T18:33:47+0200,74eb74bd-8b1d-47e4-abd1-e66c3ea271fa,2026-07-17T19:30:00Z,2026-07-17T21:30:00+0200,443.0,MW,NL,NL,forecast_offshore_wind_generation,Wind Offshore,2026-07-26T16:36:36Z
2026-07-26T16:33:47Z,2026-07-26T18:33:47+0200,74eb74bd-8b1d-47e4-abd1-e66c3ea271fa,2026-07-17T19:45:00Z,2026-07-17T21:45:00+0200,437.0,MW,NL,NL,forecast_offshore_wind_generation,Wind Offshore,2026-07-26T16:36:36Z
2026-07-26T16:33:47Z,2026-07-26T18:33:47+0200,74eb74bd-8b1d-47e4-abd1-e66c3ea271fa,2026-07-17T20:00:00Z,2026-07-17T22:00:00+0200,430.0,MW,NL,NL,forecast_offshore_wind_generation,Wind Offshore,2026-07-26T16:36:36Z
2026-07-26T16:33:47Z,2026-07-26T18:33:47+0200,74eb74bd-8b1d-47e4-abd1-e66c3ea271fa,2026-07-17T20:15:00Z,2026-07-17T22:15:00+0200,419.0,MW,NL,NL,forecast_offshore_wind_generation,Wind Offshore,2026-07-26T16:36:36Z
2026-07-26T16:33:47Z,2026-07-26T18:33:47+0200,74eb74bd-8b1d-47e4-abd1-e66c3ea271fa,2026-07-17T20:30:00Z,2026-07-17T22:30:00+0200,402.0,MW,NL,NL,forecast_offshore_wind_generation,Wind Offshore,2026-07-26T16:36:36Z
2026-07-26T16:33:47Z,2026-07-26T18:33:47+0200,74eb74bd-8b1d-47e4-abd1-e66c3ea271fa,2026-07-17T20:45:00Z,2026-07-17T22:45:00+0200,386.0,MW,NL,NL,forecast_offshore_wind_generation,Wind Offshore,2026-07-26T16:36:36Z
2026-07-26T16:33:47Z,2026-07-26T18:33:47+0200,74eb74bd-8b1d-47e4-abd1-e66c3ea271fa,2026-07-17T21:00:00Z,2026-07-17T23:00:00+0200,370.0,MW,NL,NL,forecast_offshore_wind_generation,Wind Offshore,2026-07-26T16:36:36Z
2026-07-26T16:33:47Z,2026-07-26T18:33:47+0200,74eb74bd-8b1d-47e4-abd1-e66c3ea271fa,2026-07-17T21:15:00Z,2026-07-17T23:15:00+0200,362.0,MW,NL,NL,forecast_offshore_wind_generation,Wind Offshore,2026-07-26T16:36:36Z
2026-07-26T16:33:47Z,2026-07-26T18:33:47+0200,74eb74bd-8b1d-47e4-abd1-e66c3ea271fa,2026-07-17T21:30:00Z,2026-07-17T23:30:00+0200,364.0,MW,NL,NL,forecast_offshore_wind_generation,Wind Offshore,2026-07-26T16:36:36Z
2026-07-26T16:33:47Z,2026-07-26T18:33:47+0200,74eb74bd-8b1d-47e4-abd1-e66c3ea271fa,2026-07-17T21:45:00Z,2026-07-17T23:45:00+0200,366.0,MW,NL,NL,forecast_offshore_wind_generation,Wind Offshore,2026-07-26T16:36:36Z
2026-07-26T16:33:47Z,2026-07-26T18:33:47+0200,74eb74bd-8b1d-47e4-abd1-e66c3ea271fa,2026-07-17T22:00:00Z,2026-07-18T00:00:00+0200,232.0,MW,NL,NL,forecast_offshore_wind_generation,Wind Offshore,2026-07-26T16:36:36Z
2026-07-26T16:33:47Z,2026-07-26T18:33:47+0200,74eb74bd-8b1d-47e4-abd1-e66c3ea271fa,2026-07-17T22:15:00Z,2026-07-18T00:15:00+0200,244.0,MW,NL,NL,forecast_offshore_wind_generation,Wind Offshore,2026-07-26T16:36:36Z
2026-07-26T16:33:47Z,2026-07-26T18:33:47+0200,74eb74bd-8b1d-47e4-abd1-e66c3ea271fa,2026-07-17T22:30:00Z,2026-07-18T00:30:00+0200,257.0,MW,NL,NL,forecast_offshore_wind_generation,Wind Offshore,2026-07-26T16:36:36Z
2026-07-26T16:33:47Z,2026-07-26T18:33:47+0200,74eb74bd-8b1d-47e4-abd1-e66c3ea271fa,2026-07-17T22:45:00Z,2026-07-18T00:45:00+0200,269.0,MW,NL,NL,forecast_offshore_wind_generation,Wind Offshore,2026-07-26T16:36:36Z
2026-07-26T16:33:47Z,2026-07-26T18:33:47+0200,74eb74bd-8b1d-47e4-abd1-e66c3ea271fa,2026-07-17T23:00:00Z,2026-07-18T01:00:00+0200,282.0,MW,NL,NL,forecast_offshore_wind_generation,Wind Offshore,2026-07-26T16:36:36Z
2026-07-26T16:33:47Z,2026-07-26T18:33:47+0200,74eb74bd-8b1d-47e4-abd1-e66c3ea271fa,2026-07-17T23:15:00Z,2026-07-18T01:15:00+0200,295.0,MW,NL,NL,forecast_offshore_wind_generation,Wind Offshore,2026-07-26T16:36:36Z
2026-07-26T16:33:47Z,2026-07-26T18:33:47+0200,74eb74bd-8b1d-47e4-abd1-e66c3ea271fa,2026-07-17T23:30:00Z,2026-07-18T01:30:00+0200,309.0,MW,NL,NL,forecast_offshore_wind_generation,Wind Offshore,2026-07-26T16:36:36Z
2026-07-26T16:33:47Z,2026-07-26T18:33:47+0200,74eb74bd-8b1d-47e4-abd1-e66c3ea271fa,2026-07-17T23:45:00Z,2026-07-18T01:45:00+0200,322.0,MW,NL,NL,forecast_offshore_wind_generation,Wind Offshore,2026-07-26T16:36:36Z
2026-07-26T16:33:47Z,2026-07-26T18:33:47+0200,74eb74bd-8b1d-47e4-abd1-e66c3ea271fa,2026-07-18T00:00:00Z,2026-07-18T02:00:00+0200,336.0,MW,NL,NL,forecast_offshore_wind_generation,Wind Offshore,2026-07-26T16:36:36Z
2026-07-26T16:33:47Z,2026-07-26T18:33:47+0200,74eb74bd-8b1d-47e4-abd1-e66c3ea271fa,2026-07-18T00:15:00Z,2026-07-18T02:15:00+0200,342.0,MW,NL,NL,forecast_offshore_wind_generation,Wind Offshore,2026-07-26T16:36:36Z
2026-07-26T16:33:47Z,2026-07-26T18:33:47+0200,74eb74bd-8b1d-47e4-abd1-e66c3ea271fa,2026-07-18T00:30:00Z,2026-07-18T02:30:00+0200,341.0,MW,NL,NL,forecast_offshore_wind_generation,Wind Offshore,2026-07-26T16:36:36Z
2026-07-26T16:33:47Z,2026-07-26T18:33:47+0200,74eb74bd-8b1d-47e4-abd1-e66c3ea271fa,2026-07-18T00:45:00Z,2026-07-18T02:45:00+0200,340.0,MW,NL,NL,forecast_offshore_wind_generation,Wind Offshore,2026-07-26T16:36:36Z
2026-07-26T16:33:47Z,2026-07-26T18:33:47+0200,74eb74bd-8b1d-47e4-abd1-e66c3ea271fa,2026-07-18T01:00:00Z,2026-07-18T03:00:00+0200,339.0,MW,NL,NL,forecast_offshore_wind_generation,Wind Offshore,2026-07-26T16:36:36Z
2026-07-26T16:33:47Z,2026-07-26T18:33:47+0200,74eb74bd-8b1d-47e4-abd1-e66c3ea271fa,2026-07-18T01:15:00Z,2026-07-18T03:15:00+0200,340.0,MW,NL,NL,forecast_offshore_wind_generation,Wind Offshore,2026-07-26T16:36:36Z
2026-07-26T16:33:47Z,2026-07-26T18:33:47+0200,74eb74bd-8b1d-47e4-abd1-e66c3ea271fa,2026-07-18T01:30:00Z,2026-07-18T03:30:00+0200,342.0,MW,NL,NL,forecast_offshore_wind_generation,Wind Offshore,2026-07-26T16:36:36Z
2026-07-26T16:33:47Z,2026-07-26T18:33:47+0200,74eb74bd-8b1d-47e4-abd1-e66c3ea271fa,2026-07-18T01:45:00Z,2026-07-18T03:45:00+0200,344.0,MW,NL,NL,forecast_offshore_wind_generation,Wind Offshore,2026-07-26T16:36:36Z
2026-07-26T16:33:47Z,2026-07-26T18:33:47+0200,74eb74bd-8b1d-47e4-abd1-e66c3ea271fa,2026-07-18T02:00:00Z,2026-07-18T04:00:00+0200,346.0,MW,NL,NL,forecast_offshore_wind_generation,Wind Offshore,2026-07-26T16:36:36Z
2026-07-26T16:33:47Z,2026-07-26T18:33:47+0200,74eb74bd-8b1d-47e4-abd1-e66c3ea271fa,2026-07-18T02:15:00Z,2026-07-18T04:15:00+0200,345.0,MW,NL,NL,forecast_offshore_wind_generation,Wind Offshore,2026-07-26T16:36:36Z
2026-07-26T16:33:47Z,2026-07-26T18:33:47+0200,74eb74bd-8b1d-47e4-abd1-e66c3ea271fa,2026-07-18T02:30:00Z,2026-07-18T04:30:00+0200,342.0,MW,NL,NL,forecast_offshore_wind_generation,Wind Offshore,2026-07-26T16:36:36Z
2026-07-26T16:33:47Z,2026-07-26T18:33:47+0200,74eb74bd-8b1d-47e4-abd1-e66c3ea271fa,2026-07-18T02:45:00Z,2026-07-18T04:45:00+0200,339.0,MW,NL,NL,forecast_offshore_wind_generation,Wind Offshore,2026-07-26T16:36:36Z
2026-07-26T16:33:47Z,2026-07-26T18:33:47+0200,74eb74bd-8b1d-47e4-abd1-e66c3ea271fa,2026-07-18T03:00:00Z,2026-07-18T05:00:00+0200,335.0,MW,NL,NL,forecast_offshore_wind_generation,Wind Offshore,2026-07-26T16:36:36Z
2026-07-26T16:33:47Z,2026-07-26T18:33:47+0200,74eb74bd-8b1d-47e4-abd1-e66c3ea271fa,2026-07-18T03:15:00Z,2026-07-18T05:15:00+0200,334.0,MW,NL,NL,forecast_offshore_wind_generation,Wind Offshore,2026-07-26T16:36:36Z
2026-07-26T16:33:47Z,2026-07-26T18:33:47+0200,74eb74bd-8b1d-47e4-abd1-e66c3ea271fa,2026-07-18T03:30:00Z,2026-07-18T05:30:00+0200,335.0,MW,NL,NL,forecast_offshore_wind_generation,Wind Offshore,2026-07-26T16:36:36Z
2026-07-26T16:33:47Z,2026-07-26T18:33:47+0200,74eb74bd-8b1d-47e4-abd1-e66c3ea271fa,2026-07-18T03:45:00Z,2026-07-18T05:45:00+0200,335.0,MW,NL,NL,forecast_offshore_wind_generation,Wind Offshore,2026-07-26T16:36:36Z
2026-07-26T16:33:47Z,2026-07-26T18:33:47+0200,74eb74bd-8b1d-47e4-abd1-e66c3ea271fa,2026-07-18T04:00:00Z,2026-07-18T06:00:00+0200,336.0,MW,NL,NL,forecast_offshore_wind_generation,Wind Offshore,2026-07-26T16:36:36Z
2026-07-26T16:33:47Z,2026-07-26T18:33:47+0200,74eb74bd-8b1d-47e4-abd1-e66c3ea271fa,2026-07-18T04:15:00Z,2026-07-18T06:15:00+0200,337.0,MW,NL,NL,forecast_offshore_wind_generation,Wind Offshore,2026-07-26T16:36:36Z
2026-07-26T16:33:47Z,2026-07-26T18:33:47+0200,74eb74bd-8b1d-47e4-abd1-e66c3ea271fa,2026-07-18T04:30:00Z,2026-07-18T06:30:00+0200,339.0,MW,NL,NL,forecast_offshore_wind_generation,Wind Offshore,2026-07-26T16:36:36Z
2026-07-26T16:33:47Z,2026-07-26T18:33:47+0200,74eb74bd-8b1d-47e4-abd1-e66c3ea271fa,2026-07-18T04:45:00Z,2026-07-18T06:45:00+0200,341.0,MW,NL,NL,forecast_offshore_wind_generation,Wind Offshore,2026-07-26T16:36:36Z
2026-07-26T16:33:47Z,2026-07-26T18:33:47+0200,74eb74bd-8b1d-47e4-abd1-e66c3ea271fa,2026-07-18T05:00:00Z,2026-07-18T07:00:00+0200,343.0,MW,NL,NL,forecast_offshore_wind_generation,Wind Offshore,2026-07-26T16:36:36Z
2026-07-26T16:33:47Z,2026-07-26T18:33:47+0200,74eb74bd-8b1d-47e4-abd1-e66c3ea271fa,2026-07-18T05:15:00Z,2026-07-18T07:15:00+0200,343.0,MW,NL,NL,forecast_offshore_wind_generation,Wind Offshore,2026-07-26T16:36:36Z
2026-07-26T16:33:47Z,2026-07-26T18:33:47+0200,74eb74bd-8b1d-47e4-abd1-e66c3ea271fa,2026-07-18T05:30:00Z,2026-07-18T07:30:00+0200,343.0,MW,NL,NL,forecast_offshore_wind_generation,Wind Offshore,2026-07-26T16:36:36Z
2026-07-26T16:33:47Z,2026-07-26T18:33:47+0200,74eb74bd-8b1d-47e4-abd1-e66c3ea271fa,2026-07-18T05:45:00Z,2026-07-18T07:45:00+0200,342.0,MW,NL,NL,forecast_offshore_wind_generation,Wind Offshore,2026-07-26T16:36:36Z
2026-07-26T16:33:47Z,2026-07-26T18:33:47+0200,74eb74bd-8b1d-47e4-abd1-e66c3ea271fa,2026-07-18T06:00:00Z,2026-07-18T08:00:00+0200,342.0,MW,NL,NL,forecast_offshore_wind_generation,Wind Offshore,2026-07-26T16:36:36Z
2026-07-26T16:33:47Z,2026-07-26T18:33:47+0200,74eb74bd-8b1d-47e4-abd1-e66c3ea271fa,2026-07-18T06:15:00Z,2026-07-18T08:15:00+0200,348.0,MW,NL,NL,forecast_offshore_wind_generation,Wind Offshore,2026-07-26T16:36:36Z
2026-07-26T16:33:47Z,2026-07-26T18:33:47+0200,74eb74bd-8b1d-47e4-abd1-e66c3ea271fa,2026-07-18T06:30:00Z,2026-07-18T08:30:00+0200,360.0,MW,NL,NL,forecast_offshore_wind_generation,Wind Offshore,2026-07-26T16:36:36Z
2026-07-26T16:33:47Z,2026-07-26T18:33:47+0200,74eb74bd-8b1d-47e4-abd1-e66c3ea271fa,2026-07-18T06:45:00Z,2026-07-18T08:45:00+0200,372.0,MW,NL,NL,forecast_offshore_wind_generation,Wind Offshore,2026-07-26T16:36:36Z
2026-07-26T16:33:47Z,2026-07-26T18:33:47+0200,74eb74bd-8b1d-47e4-abd1-e66c3ea271fa,2026-07-18T07:00:00Z,2026-07-18T09:00:00+0200,385.0,MW,NL,NL,forecast_offshore_wind_generation,Wind Offshore,2026-07-26T16:36:36Z
2026-07-26T16:33:47Z,2026-07-26T18:33:47+0200,74eb74bd-8b1d-47e4-abd1-e66c3ea271fa,2026-07-18T07:15:00Z,2026-07-18T09:15:00+0200,396.0,MW,NL,NL,forecast_offshore_wind_generation,Wind Offshore,2026-07-26T16:36:36Z
2026-07-26T16:33:47Z,2026-07-26T18:33:47+0200,74eb74bd-8b1d-47e4-abd1-e66c3ea271fa,2026-07-18T07:30:00Z,2026-07-18T09:30:00+0200,406.0,MW,NL,NL,forecast_offshore_wind_generation,Wind Offshore,2026-07-26T16:36:36Z
2026-07-26T16:33:47Z,2026-07-26T18:33:47+0200,74eb74bd-8b1d-47e4-abd1-e66c3ea271fa,2026-07-18T07:45:00Z,2026-07-18T09:45:00+0200,416.0,MW,NL,NL,forecast_offshore_wind_generation,Wind Offshore,2026-07-26T16:36:36Z
2026-07-26T16:33:47Z,2026-07-26T18:33:47+0200,74eb74bd-8b1d-47e4-abd1-e66c3ea271fa,2026-07-18T08:00:00Z,2026-07-18T10:00:00+0200,426.0,MW,NL,NL,forecast_offshore_wind_generation,Wind Offshore,2026-07-26T16:36:36Z
2026-07-26T16:33:47Z,2026-07-26T18:33:47+0200,74eb74bd-8b1d-47e4-abd1-e66c3ea271fa,2026-07-18T08:15:00Z,2026-07-18T10:15:00+0200,435.0,MW,NL,NL,forecast_offshore_wind_generation,Wind Offshore,2026-07-26T16:36:36Z
2026-07-26T16:33:47Z,2026-07-26T18:33:47+0200,74eb74bd-8b1d-47e4-abd1-e66c3ea271fa,2026-07-18T08:30:00Z,2026-07-18T10:30:00+0200,442.0,MW,NL,NL,forecast_offshore_wind_generation,Wind Offshore,2026-07-26T16:36:36Z
2026-07-26T16:33:47Z,2026-07-26T18:33:47+0200,74eb74bd-8b1d-47e4-abd1-e66c3ea271fa,2026-07-18T08:45:00Z,2026-07-18T10:45:00+0200,450.0,MW,NL,NL,forecast_offshore_wind_generation,Wind Offshore,2026-07-26T16:36:36Z
2026-07-26T16:33:47Z,2026-07-26T18:33:47+0200,74eb74bd-8b1d-47e4-abd1-e66c3ea271fa,2026-07-18T09:00:00Z,2026-07-18T11:00:00+0200,457.0,MW,NL,NL,forecast_offshore_wind_generation,Wind Offshore,2026-07-26T16:36:36Z
2026-07-26T16:33:47Z,2026-07-26T18:33:47+0200,74eb74bd-8b1d-47e4-abd1-e66c3ea271fa,2026-07-18T09:15:00Z,2026-07-18T11:15:00+0200,479.0,MW,NL,NL,forecast_offshore_wind_generation,Wind Offshore,2026-07-26T16:36:36Z
2026-07-26T16:33:47Z,2026-07-26T18:33:47+0200,74eb74bd-8b1d-47e4-abd1-e66c3ea271fa,2026-07-18T09:30:00Z,2026-07-18T11:30:00+0200,516.0,MW,NL,NL,forecast_offshore_wind_generation,Wind Offshore,2026-07-26T16:36:36Z
2026-07-26T16:33:47Z,2026-07-26T18:33:47+0200,74eb74bd-8b1d-47e4-abd1-e66c3ea271fa,2026-07-18T09:45:00Z,2026-07-18T11:45:00+0200,552.0,MW,NL,NL,forecast_offshore_wind_generation,Wind Offshore,2026-07-26T16:36:36Z
2026-07-26T16:33:47Z,2026-07-26T18:33:47+0200,74eb74bd-8b1d-47e4-abd1-e66c3ea271fa,2026-07-18T10:00:00Z,2026-07-18T12:00:00+0200,589.0,MW,NL,NL,forecast_offshore_wind_generation,Wind Offshore,2026-07-26T16:36:36Z
2026-07-26T16:33:47Z,2026-07-26T18:33:47+0200,74eb74bd-8b1d-47e4-abd1-e66c3ea271fa,2026-07-18T10:15:00Z,2026-07-18T12:15:00+0200,615.0,MW,NL,NL,forecast_offshore_wind_generation,Wind Offshore,2026-07-26T16:36:36Z
2026-07-26T16:33:47Z,2026-07-26T18:33:47+0200,74eb74bd-8b1d-47e4-abd1-e66c3ea271fa,2026-07-18T10:30:00Z,2026-07-18T12:30:00+0200,631.0,MW,NL,NL,forecast_offshore_wind_generation,Wind Offshore,2026-07-26T16:36:36Z
2026-07-26T16:33:47Z,2026-07-26T18:33:47+0200,74eb74bd-8b1d-47e4-abd1-e66c3ea271fa,2026-07-18T10:45:00Z,2026-07-18T12:45:00+0200,646.0,MW,NL,NL,forecast_offshore_wind_generation,Wind Offshore,2026-07-26T16:36:36Z
2026-07-26T16:33:47Z,2026-07-26T18:33:47+0200,74eb74bd-8b1d-47e4-abd1-e66c3ea271fa,2026-07-18T11:00:00Z,2026-07-18T13:00:00+0200,662.0,MW,NL,NL,forecast_offshore_wind_generation,Wind Offshore,2026-07-26T16:36:36Z
2026-07-26T16:33:47Z,2026-07-26T18:33:47+0200,74eb74bd-8b1d-47e4-abd1-e66c3ea271fa,2026-07-18T11:15:00Z,2026-07-18T13:15:00+0200,678.0,MW,NL,NL,forecast_offshore_wind_generation,Wind Offshore,2026-07-26T16:36:36Z
2026-07-26T16:33:47Z,2026-07-26T18:33:47+0200,74eb74bd-8b1d-47e4-abd1-e66c3ea271fa,2026-07-18T11:30:00Z,2026-07-18T13:30:00+0200,695.0,MW,NL,NL,forecast_offshore_wind_generation,Wind Offshore,2026-07-26T16:36:36Z
2026-07-26T16:33:47Z,2026-07-26T18:33:47+0200,74eb74bd-8b1d-47e4-abd1-e66c3ea271fa,2026-07-18T11:45:00Z,2026-07-18T13:45:00+0200,712.0,MW,NL,NL,forecast_offshore_wind_generation,Wind Offshore,2026-07-26T16:36:36Z
2026-07-26T16:33:47Z,2026-07-26T18:33:47+0200,74eb74bd-8b1d-47e4-abd1-e66c3ea271fa,2026-07-18T12:00:00Z,2026-07-18T14:00:00+0200,729.0,MW,NL,NL,forecast_offshore_wind_generation,Wind Offshore,2026-07-26T16:36:36Z
2026-07-26T16:33:47Z,2026-07-26T18:33:47+0200,74eb74bd-8b1d-47e4-abd1-e66c3ea271fa,2026-07-18T12:15:00Z,2026-07-18T14:15:00+0200,739.0,MW,NL,NL,forecast_offshore_wind_generation,Wind Offshore,2026-07-26T16:36:36Z
2026-07-26T16:33:47Z,2026-07-26T18:33:47+0200,74eb74bd-8b1d-47e4-abd1-e66c3ea271fa,2026-07-18T12:30:00Z,2026-07-18T14:30:00+0200,742.0,MW,NL,NL,forecast_offshore_wind_generation,Wind Offshore,2026-07-26T16:36:36Z
2026-07-26T16:33:47Z,2026-07-26T18:33:47+0200,74eb74bd-8b1d-47e4-abd1-e66c3ea271fa,2026-07-18T12:45:00Z,2026-07-18T14:45:00+0200,746.0,MW,NL,NL,forecast_offshore_wind_generation,Wind Offshore,2026-07-26T16:36:36Z
2026-07-26T16:33:47Z,2026-07-26T18:33:47+0200,74eb74bd-8b1d-47e4-abd1-e66c3ea271fa,2026-07-18T13:00:00Z,2026-07-18T15:00:00+0200,749.0,MW,NL,NL,forecast_offshore_wind_generation,Wind Offshore,2026-07-26T16:36:36Z
2026-07-26T16:33:47Z,2026-07-26T18:33:47+0200,74eb74bd-8b1d-47e4-abd1-e66c3ea271fa,2026-07-18T13:15:00Z,2026-07-18T15:15:00+0200,751.0,MW,NL,NL,forecast_offshore_wind_generation,Wind Offshore,2026-07-26T16:36:36Z
2026-07-26T16:33:47Z,2026-07-26T18:33:47+0200,74eb74bd-8b1d-47e4-abd1-e66c3ea271fa,2026-07-18T13:30:00Z,2026-07-18T15:30:00+0200,751.0,MW,NL,NL,forecast_offshore_wind_generation,Wind Offshore,2026-07-26T16:36:36Z
2026-07-26T16:33:47Z,2026-07-26T18:33:47+0200,74eb74bd-8b1d-47e4-abd1-e66c3ea271fa,2026-07-18T13:45:00Z,2026-07-18T15:45:00+0200,750.0,MW,NL,NL,forecast_offshore_wind_generation,Wind Offshore,2026-07-26T16:36:36Z
2026-07-26T16:33:47Z,2026-07-26T18:33:47+0200,74eb74bd-8b1d-47e4-abd1-e66c3ea271fa,2026-07-18T14:00:00Z,2026-07-18T16:00:00+0200,750.0,MW,NL,NL,forecast_offshore_wind_generation,Wind Offshore,2026-07-26T16:36:36Z
2026-07-26T16:33:47Z,2026-07-26T18:33:47+0200,74eb74bd-8b1d-47e4-abd1-e66c3ea271fa,2026-07-18T14:15:00Z,2026-07-18T16:15:00+0200,751.0,MW,NL,NL,forecast_offshore_wind_generation,Wind Offshore,2026-07-26T16:36:36Z
2026-07-26T16:33:47Z,2026-07-26T18:33:47+0200,74eb74bd-8b1d-47e4-abd1-e66c3ea271fa,2026-07-18T14:30:00Z,2026-07-18T16:30:00+0200,753.0,MW,NL,NL,forecast_offshore_wind_generation,Wind Offshore,2026-07-26T16:36:36Z
2026-07-26T16:33:47Z,2026-07-26T18:33:47+0200,74eb74bd-8b1d-47e4-abd1-e66c3ea271fa,2026-07-18T14:45:00Z,2026-07-18T16:45:00+0200,756.0,MW,NL,NL,forecast_offshore_wind_generation,Wind Offshore,2026-07-26T16:36:36Z
2026-07-26T16:33:47Z,2026-07-26T18:33:47+0200,74eb74bd-8b1d-47e4-abd1-e66c3ea271fa,2026-07-18T15:00:00Z,2026-07-18T17:00:00+0200,758.0,MW,NL,NL,forecast_offshore_wind_generation,Wind Offshore,2026-07-26T16:36:36Z
2026-07-26T16:33:47Z,2026-07-26T18:33:47+0200,74eb74bd-8b1d-47e4-abd1-e66c3ea271fa,2026-07-18T15:15:00Z,2026-07-18T17:15:00+0200,759.0,MW,NL,NL,forecast_offshore_wind_generation,Wind Offshore,2026-07-26T16:36:36Z
2026-07-26T16:33:47Z,2026-07-26T18:33:47+0200,74eb74bd-8b1d-47e4-abd1-e66c3ea271fa,2026-07-18T15:30:00Z,2026-07-18T17:30:00+0200,760.0,MW,NL,NL,forecast_offshore_wind_generation,Wind Offshore,2026-07-26T16:36:36Z
2026-07-26T16:33:47Z,2026-07-26T18:33:47+0200,74eb74bd-8b1d-47e4-abd1-e66c3ea271fa,2026-07-18T15:45:00Z,2026-07-18T17:45:00+0200,760.0,MW,NL,NL,forecast_offshore_wind_generation,Wind Offshore,2026-07-26T16:36:36Z
2026-07-26T16:33:47Z,2026-07-26T18:33:47+0200,74eb74bd-8b1d-47e4-abd1-e66c3ea271fa,2026-07-18T16:00:00Z,2026-07-18T18:00:00+0200,760.0,MW,NL,NL,forecast_offshore_wind_generation,Wind Offshore,2026-07-26T16:36:36Z
2026-07-26T16:33:47Z,2026-07-26T18:33:47+0200,74eb74bd-8b1d-47e4-abd1-e66c3ea271fa,2026-07-18T16:15:00Z,2026-07-18T18:15:00+0200,763.0,MW,NL,NL,forecast_offshore_wind_generation,Wind Offshore,2026-07-26T16:36:36Z
2026-07-26T16:33:47Z,2026-07-26T18:33:47+0200,74eb74bd-8b1d-47e4-abd1-e66c3ea271fa,2026-07-18T16:30:00Z,2026-07-18T18:30:00+0200,769.0,MW,NL,NL,forecast_offshore_wind_generation,Wind Offshore,2026-07-26T16:36:36Z
2026-07-26T16:33:47Z,2026-07-26T18:33:47+0200,74eb74bd-8b1d-47e4-abd1-e66c3ea271fa,2026-07-18T16:45:00Z,2026-07-18T18:45:00+0200,775.0,MW,NL,NL,forecast_offshore_wind_generation,Wind Offshore,2026-07-26T16:36:36Z
2026-07-26T16:33:47Z,2026-07-26T18:33:47+0200,74eb74bd-8b1d-47e4-abd1-e66c3ea271fa,2026-07-18T17:00:00Z,2026-07-18T19:00:00+0200,781.0,MW,NL,NL,forecast_offshore_wind_generation,Wind Offshore,2026-07-26T16:36:36Z
2026-07-26T16:33:47Z,2026-07-26T18:33:47+0200,74eb74bd-8b1d-47e4-abd1-e66c3ea271fa,2026-07-18T17:15:00Z,2026-07-18T19:15:00+0200,787.0,MW,NL,NL,forecast_offshore_wind_generation,Wind Offshore,2026-07-26T16:36:36Z
2026-07-26T16:33:47Z,2026-07-26T18:33:47+0200,74eb74bd-8b1d-47e4-abd1-e66c3ea271fa,2026-07-18T17:30:00Z,2026-07-18T19:30:00+0200,793.0,MW,NL,NL,forecast_offshore_wind_generation,Wind Offshore,2026-07-26T16:36:36Z
2026-07-26T16:33:47Z,2026-07-26T18:33:47+0200,74eb74bd-8b1d-47e4-abd1-e66c3ea271fa,2026-07-18T17:45:00Z,2026-07-18T19:45:00+0200,799.0,MW,NL,NL,forecast_offshore_wind_generation,Wind Offshore,2026-07-26T16:36:36Z
2026-07-26T16:33:47Z,2026-07-26T18:33:47+0200,74eb74bd-8b1d-47e4-abd1-e66c3ea271fa,2026-07-18T18:00:00Z,2026-07-18T20:00:00+0200,805.0,MW,NL,NL,forecast_offshore_wind_generation,Wind Offshore,2026-07-26T16:36:36Z
2026-07-26T16:33:47Z,2026-07-26T18:33:47+0200,74eb74bd-8b1d-47e4-abd1-e66c3ea271fa,2026-07-18T18:15:00Z,2026-07-18T20:15:00+0200,791.0,MW,NL,NL,forecast_offshore_wind_generation,Wind Offshore,2026-07-26T16:36:36Z
2026-07-26T16:33:47Z,2026-07-26T18:33:47+0200,74eb74bd-8b1d-47e4-abd1-e66c3ea271fa,2026-07-18T18:30:00Z,2026-07-18T20:30:00+0200,757.0,MW,NL,NL,forecast_offshore_wind_generation,Wind Offshore,2026-07-26T16:36:36Z
2026-07-26T16:33:47Z,2026-07-26T18:33:47+0200,74eb74bd-8b1d-47e4-abd1-e66c3ea271fa,2026-07-18T18:45:00Z,2026-07-18T20:45:00+0200,723.0,MW,NL,NL,forecast_offshore_wind_generation,Wind Offshore,2026-07-26T16:36:36Z
2026-07-26T16:33:47Z,2026-07-26T18:33:47+0200,74eb74bd-8b1d-47e4-abd1-e66c3ea271fa,2026-07-18T19:00:00Z,2026-07-18T21:00:00+0200,689.0,MW,NL,NL,forecast_offshore_wind_generation,Wind Offshore,2026-07-26T16:36:36Z
2026-07-26T16:33:47Z,2026-07-26T18:33:47+0200,74eb74bd-8b1d-47e4-abd1-e66c3ea271fa,2026-07-18T19:15:00Z,2026-07-18T21:15:00+0200,656.0,MW,NL,NL,forecast_offshore_wind_generation,Wind Offshore,2026-07-26T16:36:36Z
2026-07-26T16:33:47Z,2026-07-26T18:33:47+0200,74eb74bd-8b1d-47e4-abd1-e66c3ea271fa,2026-07-18T19:30:00Z,2026-07-18T21:30:00+0200,624.0,MW,NL,NL,forecast_offshore_wind_generation,Wind Offshore,2026-07-26T16:36:36Z
2026-07-26T16:33:47Z,2026-07-26T18:33:47+0200,74eb74bd-8b1d-47e4-abd1-e66c3ea271fa,2026-07-18T19:45:00Z,2026-07-18T21:45:00+0200,592.0,MW,NL,NL,forecast_offshore_wind_generation,Wind Offshore,2026-07-26T16:36:36Z
2026-07-26T16:33:47Z,2026-07-26T18:33:47+0200,74eb74bd-8b1d-47e4-abd1-e66c3ea271fa,2026-07-18T20:00:00Z,2026-07-18T22:00:00+0200,560.0,MW,NL,NL,forecast_offshore_wind_generation,Wind Offshore,2026-07-26T16:36:36Z
2026-07-26T16:33:47Z,2026-07-26T18:33:47+0200,74eb74bd-8b1d-47e4-abd1-e66c3ea271fa,2026-07-18T20:15:00Z,2026-07-18T22:15:00+0200,541.0,MW,NL,NL,forecast_offshore_wind_generation,Wind Offshore,2026-07-26T16:36:36Z
2026-07-26T16:33:47Z,2026-07-26T18:33:47+0200,74eb74bd-8b1d-47e4-abd1-e66c3ea271fa,2026-07-18T20:30:00Z,2026-07-18T22:30:00+0200,535.0,MW,NL,NL,forecast_offshore_wind_generation,Wind Offshore,2026-07-26T16:36:36Z
2026-07-26T16:33:47Z,2026-07-26T18:33:47+0200,74eb74bd-8b1d-47e4-abd1-e66c3ea271fa,2026-07-18T20:45:00Z,2026-07-18T22:45:00+0200,529.0,MW,NL,NL,forecast_offshore_wind_generation,Wind Offshore,2026-07-26T16:36:36Z
2026-07-26T16:33:47Z,2026-07-26T18:33:47+0200,74eb74bd-8b1d-47e4-abd1-e66c3ea271fa,2026-07-18T21:00:00Z,2026-07-18T23:00:00+0200,523.0,MW,NL,NL,forecast_offshore_wind_generation,Wind Offshore,2026-07-26T16:36:36Z
2026-07-26T16:33:47Z,2026-07-26T18:33:47+0200,74eb74bd-8b1d-47e4-abd1-e66c3ea271fa,2026-07-18T21:15:00Z,2026-07-18T23:15:00+0200,535.0,MW,NL,NL,forecast_offshore_wind_generation,Wind Offshore,2026-07-26T16:36:36Z
2026-07-26T16:33:47Z,2026-07-26T18:33:47+0200,74eb74bd-8b1d-47e4-abd1-e66c3ea271fa,2026-07-18T21:30:00Z,2026-07-18T23:30:00+0200,566.0,MW,NL,NL,forecast_offshore_wind_generation,Wind Offshore,2026-07-26T16:36:36Z
2026-07-26T16:33:47Z,2026-07-26T18:33:47+0200,74eb74bd-8b1d-47e4-abd1-e66c3ea271fa,2026-07-18T21:45:00Z,2026-07-18T23:45:00+0200,597.0,MW,NL,NL,forecast_offshore_wind_generation,Wind Offshore,2026-07-26T16:36:36Z
2026-07-26T16:33:47Z,2026-07-26T18:33:47+0200,74eb74bd-8b1d-47e4-abd1-e66c3ea271fa,2026-07-18T22:00:00Z,2026-07-19T00:00:00+0200,640.0,MW,NL,NL,forecast_offshore_wind_generation,Wind Offshore,2026-07-26T16:36:36Z
2026-07-26T16:33:47Z,2026-07-26T18:33:47+0200,74eb74bd-8b1d-47e4-abd1-e66c3ea271fa,2026-07-18T22:15:00Z,2026-07-19T00:15:00+0200,657.0,MW,NL,NL,forecast_offshore_wind_generation,Wind Offshore,2026-07-26T16:36:36Z
2026-07-26T16:33:47Z,2026-07-26T18:33:47+0200,74eb74bd-8b1d-47e4-abd1-e66c3ea271fa,2026-07-18T22:30:00Z,2026-07-19T00:30:00+0200,676.0,MW,NL,NL,forecast_offshore_wind_generation,Wind Offshore,2026-07-26T16:36:36Z
2026-07-26T16:33:47Z,2026-07-26T18:33:47+0200,74eb74bd-8b1d-47e4-abd1-e66c3ea271fa,2026-07-18T22:45:00Z,2026-07-19T00:45:00+0200,695.0,MW,NL,NL,forecast_offshore_wind_generation,Wind Offshore,2026-07-26T16:36:36Z
2026-07-26T16:33:47Z,2026-07-26T18:33:47+0200,74eb74bd-8b1d-47e4-abd1-e66c3ea271fa,2026-07-18T23:00:00Z,2026-07-19T01:00:00+0200,713.0,MW,NL,NL,forecast_offshore_wind_generation,Wind Offshore,2026-07-26T16:36:36Z
2026-07-26T16:33:47Z,2026-07-26T18:33:47+0200,74eb74bd-8b1d-47e4-abd1-e66c3ea271fa,2026-07-18T23:15:00Z,2026-07-19T01:15:00+0200,737.0,MW,NL,NL,forecast_offshore_wind_generation,Wind Offshore,2026-07-26T16:36:36Z
2026-07-26T16:33:47Z,2026-07-26T18:33:47+0200,74eb74bd-8b1d-47e4-abd1-e66c3ea271fa,2026-07-18T23:30:00Z,2026-07-19T01:30:00+0200,766.0,MW,NL,NL,forecast_offshore_wind_generation,Wind Offshore,2026-07-26T16:36:36Z
2026-07-26T16:33:47Z,2026-07-26T18:33:47+0200,74eb74bd-8b1d-47e4-abd1-e66c3ea271fa,2026-07-18T23:45:00Z,2026-07-19T01:45:00+0200,795.0,MW,NL,NL,forecast_offshore_wind_generation,Wind Offshore,2026-07-26T16:36:36Z
2026-07-26T16:33:47Z,2026-07-26T18:33:47+0200,74eb74bd-8b1d-47e4-abd1-e66c3ea271fa,2026-07-19T00:00:00Z,2026-07-19T02:00:00+0200,823.0,MW,NL,NL,forecast_offshore_wind_generation,Wind Offshore,2026-07-26T16:36:36Z
2026-07-26T16:33:47Z,2026-07-26T18:33:47+0200,74eb74bd-8b1d-47e4-abd1-e66c3ea271fa,2026-07-19T00:15:00Z,2026-07-19T02:15:00+0200,841.0,MW,NL,NL,forecast_offshore_wind_generation,Wind Offshore,2026-07-26T16:36:36Z
2026-07-26T16:33:47Z,2026-07-26T18:33:47+0200,74eb74bd-8b1d-47e4-abd1-e66c3ea271fa,2026-07-19T00:30:00Z,2026-07-19T02:30:00+0200,848.0,MW,NL,NL,forecast_offshore_wind_generation,Wind Offshore,2026-07-26T16:36:36Z
2026-07-26T16:33:47Z,2026-07-26T18:33:47+0200,74eb74bd-8b1d-47e4-abd1-e66c3ea271fa,2026-07-19T00:45:00Z,2026-07-19T02:45:00+0200,854.0,MW,NL,NL,forecast_offshore_wind_generation,Wind Offshore,2026-07-26T16:36:36Z
2026-07-26T16:33:47Z,2026-07-26T18:33:47+0200,74eb74bd-8b1d-47e4-abd1-e66c3ea271fa,2026-07-19T01:00:00Z,2026-07-19T03:00:00+0200,861.0,MW,NL,NL,forecast_offshore_wind_generation,Wind Offshore,2026-07-26T16:36:36Z
2026-07-26T16:33:47Z,2026-07-26T18:33:47+0200,74eb74bd-8b1d-47e4-abd1-e66c3ea271fa,2026-07-19T01:15:00Z,2026-07-19T03:15:00+0200,865.0,MW,NL,NL,forecast_offshore_wind_generation,Wind Offshore,2026-07-26T16:36:36Z
2026-07-26T16:33:47Z,2026-07-26T18:33:47+0200,74eb74bd-8b1d-47e4-abd1-e66c3ea271fa,2026-07-19T01:30:00Z,2026-07-19T03:30:00+0200,868.0,MW,NL,NL,forecast_offshore_wind_generation,Wind Offshore,2026-07-26T16:36:36Z
2026-07-26T16:33:47Z,2026-07-26T18:33:47+0200,74eb74bd-8b1d-47e4-abd1-e66c3ea271fa,2026-07-19T01:45:00Z,2026-07-19T03:45:00+0200,870.0,MW,NL,NL,forecast_offshore_wind_generation,Wind Offshore,2026-07-26T16:36:36Z
2026-07-26T16:33:47Z,2026-07-26T18:33:47+0200,74eb74bd-8b1d-47e4-abd1-e66c3ea271fa,2026-07-19T02:00:00Z,2026-07-19T04:00:00+0200,873.0,MW,NL,NL,forecast_offshore_wind_generation,Wind Offshore,2026-07-26T16:36:36Z
2026-07-26T16:33:47Z,2026-07-26T18:33:47+0200,74eb74bd-8b1d-47e4-abd1-e66c3ea271fa,2026-07-19T02:15:00Z,2026-07-19T04:15:00+0200,876.0,MW,NL,NL,forecast_offshore_wind_generation,Wind Offshore,2026-07-26T16:36:36Z
2026-07-26T16:33:47Z,2026-07-26T18:33:47+0200,74eb74bd-8b1d-47e4-abd1-e66c3ea271fa,2026-07-19T02:30:00Z,2026-07-19T04:30:00+0200,879.0,MW,NL,NL,forecast_offshore_wind_generation,Wind Offshore,2026-07-26T16:36:36Z
2026-07-26T16:33:47Z,2026-07-26T18:33:47+0200,74eb74bd-8b1d-47e4-abd1-e66c3ea271fa,2026-07-19T02:45:00Z,2026-07-19T04:45:00+0200,882.0,MW,NL,NL,forecast_offshore_wind_generation,Wind Offshore,2026-07-26T16:36:36Z
2026-07-26T16:33:47Z,2026-07-26T18:33:47+0200,74eb74bd-8b1d-47e4-abd1-e66c3ea271fa,2026-07-19T03:00:00Z,2026-07-19T05:00:00+0200,885.0,MW,NL,NL,forecast_offshore_wind_generation,Wind Offshore,2026-07-26T16:36:36Z
2026-07-26T16:33:47Z,2026-07-26T18:33:47+0200,74eb74bd-8b1d-47e4-abd1-e66c3ea271fa,2026-07-19T03:15:00Z,2026-07-19T05:15:00+0200,886.0,MW,NL,NL,forecast_offshore_wind_generation,Wind Offshore,2026-07-26T16:36:36Z
2026-07-26T16:33:47Z,2026-07-26T18:33:47+0200,74eb74bd-8b1d-47e4-abd1-e66c3ea271fa,2026-07-19T03:30:00Z,2026-07-19T05:30:00+0200,887.0,MW,NL,NL,forecast_offshore_wind_generation,Wind Offshore,2026-07-26T16:36:36Z
2026-07-26T16:33:47Z,2026-07-26T18:33:47+0200,74eb74bd-8b1d-47e4-abd1-e66c3ea271fa,2026-07-19T03:45:00Z,2026-07-19T05:45:00+0200,887.0,MW,NL,NL,forecast_offshore_wind_generation,Wind Offshore,2026-07-26T16:36:36Z
2026-07-26T16:33:47Z,2026-07-26T18:33:47+0200,74eb74bd-8b1d-47e4-abd1-e66c3ea271fa,2026-07-19T04:00:00Z,2026-07-19T06:00:00+0200,887.0,MW,NL,NL,forecast_offshore_wind_generation,Wind Offshore,2026-07-26T16:36:36Z
2026-07-26T16:33:47Z,2026-07-26T18:33:47+0200,74eb74bd-8b1d-47e4-abd1-e66c3ea271fa,2026-07-19T04:15:00Z,2026-07-19T06:15:00+0200,887.0,MW,NL,NL,forecast_offshore_wind_generation,Wind Offshore,2026-07-26T16:36:36Z
2026-07-26T16:33:47Z,2026-07-26T18:33:47+0200,74eb74bd-8b1d-47e4-abd1-e66c3ea271fa,2026-07-19T04:30:00Z,2026-07-19T06:30:00+0200,888.0,MW,NL,NL,forecast_offshore_wind_generation,Wind Offshore,2026-07-26T16:36:36Z
2026-07-26T16:33:47Z,2026-07-26T18:33:47+0200,74eb74bd-8b1d-47e4-abd1-e66c3ea271fa,2026-07-19T04:45:00Z,2026-07-19T06:45:00+0200,889.0,MW,NL,NL,forecast_offshore_wind_generation,Wind Offshore,2026-07-26T16:36:36Z
2026-07-26T16:33:47Z,2026-07-26T18:33:47+0200,74eb74bd-8b1d-47e4-abd1-e66c3ea271fa,2026-07-19T05:00:00Z,2026-07-19T07:00:00+0200,890.0,MW,NL,NL,forecast_offshore_wind_generation,Wind Offshore,2026-07-26T16:36:36Z
2026-07-26T16:33:47Z,2026-07-26T18:33:47+0200,74eb74bd-8b1d-47e4-abd1-e66c3ea271fa,2026-07-19T05:15:00Z,2026-07-19T07:15:00+0200,889.0,MW,NL,NL,forecast_offshore_wind_generation,Wind Offshore,2026-07-26T16:36:36Z
2026-07-26T16:33:47Z,2026-07-26T18:33:47+0200,74eb74bd-8b1d-47e4-abd1-e66c3ea271fa,2026-07-19T05:30:00Z,2026-07-19T07:30:00+0200,888.0,MW,NL,NL,forecast_offshore_wind_generation,Wind Offshore,2026-07-26T16:36:36Z
2026-07-26T16:33:47Z,2026-07-26T18:33:47+0200,74eb74bd-8b1d-47e4-abd1-e66c3ea271fa,2026-07-19T05:45:00Z,2026-07-19T07:45:00+0200,886.0,MW,NL,NL,forecast_offshore_wind_generation,Wind Offshore,2026-07-26T16:36:36Z
2026-07-26T16:33:47Z,2026-07-26T18:33:47+0200,74eb74bd-8b1d-47e4-abd1-e66c3ea271fa,2026-07-19T06:00:00Z,2026-07-19T08:00:00+0200,885.0,MW,NL,NL,forecast_offshore_wind_generation,Wind Offshore,2026-07-26T16:36:36Z
2026-07-26T16:33:47Z,2026-07-26T18:33:47+0200,74eb74bd-8b1d-47e4-abd1-e66c3ea271fa,2026-07-19T06:15:00Z,2026-07-19T08:15:00+0200,888.0,MW,NL,NL,forecast_offshore_wind_generation,Wind Offshore,2026-07-26T16:36:36Z
2026-07-26T16:33:47Z,2026-07-26T18:33:47+0200,74eb74bd-8b1d-47e4-abd1-e66c3ea271fa,2026-07-19T06:30:00Z,2026-07-19T08:30:00+0200,896.0,MW,NL,NL,forecast_offshore_wind_generation,Wind Offshore,2026-07-26T16:36:36Z
2026-07-26T16:33:47Z,2026-07-26T18:33:47+0200,74eb74bd-8b1d-47e4-abd1-e66c3ea271fa,2026-07-19T06:45:00Z,2026-07-19T08:45:00+0200,903.0,MW,NL,NL,forecast_offshore_wind_generation,Wind Offshore,2026-07-26T16:36:36Z
2026-07-26T16:33:47Z,2026-07-26T18:33:47+0200,74eb74bd-8b1d-47e4-abd1-e66c3ea271fa,2026-07-19T07:00:00Z,2026-07-19T09:00:00+0200,911.0,MW,NL,NL,forecast_offshore_wind_generation,Wind Offshore,2026-07-26T16:36:36Z
2026-07-26T16:33:47Z,2026-07-26T18:33:47+0200,74eb74bd-8b1d-47e4-abd1-e66c3ea271fa,2026-07-19T07:15:00Z,2026-07-19T09:15:00+0200,920.0,MW,NL,NL,forecast_offshore_wind_generation,Wind Offshore,2026-07-26T16:36:36Z
2026-07-26T16:33:47Z,2026-07-26T18:33:47+0200,74eb74bd-8b1d-47e4-abd1-e66c3ea271fa,2026-07-19T07:30:00Z,2026-07-19T09:30:00+0200,930.0,MW,NL,NL,forecast_offshore_wind_generation,Wind Offshore,2026-07-26T16:36:36Z
2026-07-26T16:33:47Z,2026-07-26T18:33:47+0200,74eb74bd-8b1d-47e4-abd1-e66c3ea271fa,2026-07-19T07:45:00Z,2026-07-19T09:45:00+0200,940.0,MW,NL,NL,forecast_offshore_wind_generation,Wind Offshore,2026-07-26T16:36:36Z
2026-07-26T16:33:47Z,2026-07-26T18:33:47+0200,74eb74bd-8b1d-47e4-abd1-e66c3ea271fa,2026-07-19T08:00:00Z,2026-07-19T10:00:00+0200,950.0,MW,NL,NL,forecast_offshore_wind_generation,Wind Offshore,2026-07-26T16:36:36Z
2026-07-26T16:33:47Z,2026-07-26T18:33:47+0200,74eb74bd-8b1d-47e4-abd1-e66c3ea271fa,2026-07-19T08:15:00Z,2026-07-19T10:15:00+0200,957.0,MW,NL,NL,forecast_offshore_wind_generation,Wind Offshore,2026-07-26T16:36:36Z
2026-07-26T16:33:47Z,2026-07-26T18:33:47+0200,74eb74bd-8b1d-47e4-abd1-e66c3ea271fa,2026-07-19T08:30:00Z,2026-07-19T10:30:00+0200,960.0,MW,NL,NL,forecast_offshore_wind_generation,Wind Offshore,2026-07-26T16:36:36Z
2026-07-26T16:33:47Z,2026-07-26T18:33:47+0200,74eb74bd-8b1d-47e4-abd1-e66c3ea271fa,2026-07-19T08:45:00Z,2026-07-19T10:45:00+0200,963.0,MW,NL,NL,forecast_offshore_wind_generation,Wind Offshore,2026-07-26T16:36:36Z
2026-07-26T16:33:47Z,2026-07-26T18:33:47+0200,74eb74bd-8b1d-47e4-abd1-e66c3ea271fa,2026-07-19T09:00:00Z,2026-07-19T11:00:00+0200,967.0,MW,NL,NL,forecast_offshore_wind_generation,Wind Offshore,2026-07-26T16:36:36Z
2026-07-26T16:33:47Z,2026-07-26T18:33:47+0200,74eb74bd-8b1d-47e4-abd1-e66c3ea271fa,2026-07-19T09:15:00Z,2026-07-19T11:15:00+0200,966.0,MW,NL,NL,forecast_offshore_wind_generation,Wind Offshore,2026-07-26T16:36:36Z
2026-07-26T16:33:47Z,2026-07-26T18:33:47+0200,74eb74bd-8b1d-47e4-abd1-e66c3ea271fa,2026-07-19T09:30:00Z,2026-07-19T11:30:00+0200,961.0,MW,NL,NL,forecast_offshore_wind_generation,Wind Offshore,2026-07-26T16:36:36Z
2026-07-26T16:33:47Z,2026-07-26T18:33:47+0200,74eb74bd-8b1d-47e4-abd1-e66c3ea271fa,2026-07-19T09:45:00Z,2026-07-19T11:45:00+0200,956.0,MW,NL,NL,forecast_offshore_wind_generation,Wind Offshore,2026-07-26T16:36:36Z
2026-07-26T16:33:47Z,2026-07-26T18:33:47+0200,74eb74bd-8b1d-47e4-abd1-e66c3ea271fa,2026-07-19T10:00:00Z,2026-07-19T12:00:00+0200,951.0,MW,NL,NL,forecast_offshore_wind_generation,Wind Offshore,2026-07-26T16:36:36Z
2026-07-26T16:33:47Z,2026-07-26T18:33:47+0200,74eb74bd-8b1d-47e4-abd1-e66c3ea271fa,2026-07-19T10:15:00Z,2026-07-19T12:15:00+0200,943.0,MW,NL,NL,forecast_offshore_wind_generation,Wind Offshore,2026-07-26T16:36:36Z
2026-07-26T16:33:47Z,2026-07-26T18:33:47+0200,74eb74bd-8b1d-47e4-abd1-e66c3ea271fa,2026-07-19T10:30:00Z,2026-07-19T12:30:00+0200,933.0,MW,NL,NL,forecast_offshore_wind_generation,Wind Offshore,2026-07-26T16:36:36Z
2026-07-26T16:33:47Z,2026-07-26T18:33:47+0200,74eb74bd-8b1d-47e4-abd1-e66c3ea271fa,2026-07-19T10:45:00Z,2026-07-19T12:45:00+0200,922.0,MW,NL,NL,forecast_offshore_wind_generation,Wind Offshore,2026-07-26T16:36:36Z
2026-07-26T16:33:47Z,2026-07-26T18:33:47+0200,74eb74bd-8b1d-47e4-abd1-e66c3ea271fa,2026-07-19T11:00:00Z,2026-07-19T13:00:00+0200,912.0,MW,NL,NL,forecast_offshore_wind_generation,Wind Offshore,2026-07-26T16:36:36Z
2026-07-26T16:33:47Z,2026-07-26T18:33:47+0200,74eb74bd-8b1d-47e4-abd1-e66c3ea271fa,2026-07-19T11:15:00Z,2026-07-19T13:15:00+0200,901.0,MW,NL,NL,forecast_offshore_wind_generation,Wind Offshore,2026-07-26T16:36:36Z
2026-07-26T16:33:47Z,2026-07-26T18:33:47+0200,74eb74bd-8b1d-47e4-abd1-e66c3ea271fa,2026-07-19T11:30:00Z,2026-07-19T13:30:00+0200,890.0,MW,NL,NL,forecast_offshore_wind_generation,Wind Offshore,2026-07-26T16:36:36Z
2026-07-26T16:33:47Z,2026-07-26T18:33:47+0200,74eb74bd-8b1d-47e4-abd1-e66c3ea271fa,2026-07-19T11:45:00Z,2026-07-19T13:45:00+0200,879.0,MW,NL,NL,forecast_offshore_wind_generation,Wind Offshore,2026-07-26T16:36:36Z
2026-07-26T16:33:47Z,2026-07-26T18:33:47+0200,74eb74bd-8b1d-47e4-abd1-e66c3ea271fa,2026-07-19T12:00:00Z,2026-07-19T14:00:00+0200,868.0,MW,NL,NL,forecast_offshore_wind_generation,Wind Offshore,2026-07-26T16:36:36Z
2026-07-26T16:33:47Z,2026-07-26T18:33:47+0200,74eb74bd-8b1d-47e4-abd1-e66c3ea271fa,2026-07-19T12:15:00Z,2026-07-19T14:15:00+0200,862.0,MW,NL,NL,forecast_offshore_wind_generation,Wind Offshore,2026-07-26T16:36:36Z
2026-07-26T16:33:47Z,2026-07-26T18:33:47+0200,74eb74bd-8b1d-47e4-abd1-e66c3ea271fa,2026-07-19T12:30:00Z,2026-07-19T14:30:00+0200,861.0,MW,NL,NL,forecast_offshore_wind_generation,Wind Offshore,2026-07-26T16:36:36Z
2026-07-26T16:33:47Z,2026-07-26T18:33:47+0200,74eb74bd-8b1d-47e4-abd1-e66c3ea271fa,2026-07-19T12:45:00Z,2026-07-19T14:45:00+0200,860.0,MW,NL,NL,forecast_offshore_wind_generation,Wind Offshore,2026-07-26T16:36:36Z
2026-07-26T16:33:47Z,2026-07-26T18:33:47+0200,74eb74bd-8b1d-47e4-abd1-e66c3ea271fa,2026-07-19T13:00:00Z,2026-07-19T15:00:00+0200,859.0,MW,NL,NL,forecast_offshore_wind_generation,Wind Offshore,2026-07-26T16:36:36Z
2026-07-26T16:33:47Z,2026-07-26T18:33:47+0200,74eb74bd-8b1d-47e4-abd1-e66c3ea271fa,2026-07-19T13:15:00Z,2026-07-19T15:15:00+0200,858.0,MW,NL,NL,forecast_offshore_wind_generation,Wind Offshore,2026-07-26T16:36:36Z
2026-07-26T16:33:47Z,2026-07-26T18:33:47+0200,74eb74bd-8b1d-47e4-abd1-e66c3ea271fa,2026-07-19T13:30:00Z,2026-07-19T15:30:00+0200,856.0,MW,NL,NL,forecast_offshore_wind_generation,Wind Offshore,2026-07-26T16:36:36Z
2026-07-26T16:33:47Z,2026-07-26T18:33:47+0200,74eb74bd-8b1d-47e4-abd1-e66c3ea271fa,2026-07-19T13:45:00Z,2026-07-19T15:45:00+0200,855.0,MW,NL,NL,forecast_offshore_wind_generation,Wind Offshore,2026-07-26T16:36:36Z
2026-07-26T16:33:47Z,2026-07-26T18:33:47+0200,74eb74bd-8b1d-47e4-abd1-e66c3ea271fa,2026-07-19T14:00:00Z,2026-07-19T16:00:00+0200,854.0,MW,NL,NL,forecast_offshore_wind_generation,Wind Offshore,2026-07-26T16:36:36Z
2026-07-26T16:33:47Z,2026-07-26T18:33:47+0200,74eb74bd-8b1d-47e4-abd1-e66c3ea271fa,2026-07-19T14:15:00Z,2026-07-19T16:15:00+0200,854.0,MW,NL,NL,forecast_offshore_wind_generation,Wind Offshore,2026-07-26T16:36:36Z
2026-07-26T16:33:47Z,2026-07-26T18:33:47+0200,74eb74bd-8b1d-47e4-abd1-e66c3ea271fa,2026-07-19T14:30:00Z,2026-07-19T16:30:00+0200,856.0,MW,NL,NL,forecast_offshore_wind_generation,Wind Offshore,2026-07-26T16:36:36Z
2026-07-26T16:33:47Z,2026-07-26T18:33:47+0200,74eb74bd-8b1d-47e4-abd1-e66c3ea271fa,2026-07-19T14:45:00Z,2026-07-19T16:45:00+0200,859.0,MW,NL,NL,forecast_offshore_wind_generation,Wind Offshore,2026-07-26T16:36:36Z
2026-07-26T16:33:47Z,2026-07-26T18:33:47+0200,74eb74bd-8b1d-47e4-abd1-e66c3ea271fa,2026-07-19T15:00:00Z,2026-07-19T17:00:00+0200,861.0,MW,NL,NL,forecast_offshore_wind_generation,Wind Offshore,2026-07-26T16:36:36Z
2026-07-26T16:33:47Z,2026-07-26T18:33:47+0200,74eb74bd-8b1d-47e4-abd1-e66c3ea271fa,2026-07-19T15:15:00Z,2026-07-19T17:15:00+0200,857.0,MW,NL,NL,forecast_offshore_wind_generation,Wind Offshore,2026-07-26T16:36:36Z
2026-07-26T16:33:47Z,2026-07-26T18:33:47+0200,74eb74bd-8b1d-47e4-abd1-e66c3ea271fa,2026-07-19T15:30:00Z,2026-07-19T17:30:00+0200,848.0,MW,NL,NL,forecast_offshore_wind_generation,Wind Offshore,2026-07-26T16:36:36Z
2026-07-26T16:33:47Z,2026-07-26T18:33:47+0200,74eb74bd-8b1d-47e4-abd1-e66c3ea271fa,2026-07-19T15:45:00Z,2026-07-19T17:45:00+0200,838.0,MW,NL,NL,forecast_offshore_wind_generation,Wind Offshore,2026-07-26T16:36:36Z
2026-07-26T16:33:47Z,2026-07-26T18:33:47+0200,74eb74bd-8b1d-47e4-abd1-e66c3ea271fa,2026-07-19T16:00:00Z,2026-07-19T18:00:00+0200,829.0,MW,NL,NL,forecast_offshore_wind_generation,Wind Offshore,2026-07-26T16:36:36Z
2026-07-26T16:33:47Z,2026-07-26T18:33:47+0200,74eb74bd-8b1d-47e4-abd1-e66c3ea271fa,2026-07-19T16:15:00Z,2026-07-19T18:15:00+0200,815.0,MW,NL,NL,forecast_offshore_wind_generation,Wind Offshore,2026-07-26T16:36:36Z
2026-07-26T16:33:47Z,2026-07-26T18:33:47+0200,74eb74bd-8b1d-47e4-abd1-e66c3ea271fa,2026-07-19T16:30:00Z,2026-07-19T18:30:00+0200,798.0,MW,NL,NL,forecast_offshore_wind_generation,Wind Offshore,2026-07-26T16:36:36Z
2026-07-26T16:33:47Z,2026-07-26T18:33:47+0200,74eb74bd-8b1d-47e4-abd1-e66c3ea271fa,2026-07-19T16:45:00Z,2026-07-19T18:45:00+0200,781.0,MW,NL,NL,forecast_offshore_wind_generation,Wind Offshore,2026-07-26T16:36:36Z
2026-07-26T16:33:47Z,2026-07-26T18:33:47+0200,74eb74bd-8b1d-47e4-abd1-e66c3ea271fa,2026-07-19T17:00:00Z,2026-07-19T19:00:00+0200,764.0,MW,NL,NL,forecast_offshore_wind_generation,Wind Offshore,2026-07-26T16:36:36Z
2026-07-26T16:33:47Z,2026-07-26T18:33:47+0200,74eb74bd-8b1d-47e4-abd1-e66c3ea271fa,2026-07-19T17:15:00Z,2026-07-19T19:15:00+0200,754.0,MW,NL,NL,forecast_offshore_wind_generation,Wind Offshore,2026-07-26T16:36:36Z
2026-07-26T16:33:47Z,2026-07-26T18:33:47+0200,74eb74bd-8b1d-47e4-abd1-e66c3ea271fa,2026-07-19T17:30:00Z,2026-07-19T19:30:00+0200,751.0,MW,NL,NL,forecast_offshore_wind_generation,Wind Offshore,2026-07-26T16:36:36Z
2026-07-26T16:33:47Z,2026-07-26T18:33:47+0200,74eb74bd-8b1d-47e4-abd1-e66c3ea271fa,2026-07-19T17:45:00Z,2026-07-19T19:45:00+0200,748.0,MW,NL,NL,forecast_offshore_wind_generation,Wind Offshore,2026-07-26T16:36:36Z
2026-07-26T16:33:47Z,2026-07-26T18:33:47+0200,74eb74bd-8b1d-47e4-abd1-e66c3ea271fa,2026-07-19T18:00:00Z,2026-07-19T20:00:00+0200,745.0,MW,NL,NL,forecast_offshore_wind_generation,Wind Offshore,2026-07-26T16:36:36Z
2026-07-26T16:33:47Z,2026-07-26T18:33:47+0200,74eb74bd-8b1d-47e4-abd1-e66c3ea271fa,2026-07-19T18:15:00Z,2026-07-19T20:15:00+0200,740.0,MW,NL,NL,forecast_offshore_wind_generation,Wind Offshore,2026-07-26T16:36:36Z
2026-07-26T16:33:47Z,2026-07-26T18:33:47+0200,74eb74bd-8b1d-47e4-abd1-e66c3ea271fa,2026-07-19T18:30:00Z,2026-07-19T20:30:00+0200,732.0,MW,NL,NL,forecast_offshore_wind_generation,Wind Offshore,2026-07-26T16:36:36Z
2026-07-26T16:33:47Z,2026-07-26T18:33:47+0200,74eb74bd-8b1d-47e4-abd1-e66c3ea271fa,2026-07-19T18:45:00Z,2026-07-19T20:45:00+0200,725.0,MW,NL,NL,forecast_offshore_wind_generation,Wind Offshore,2026-07-26T16:36:36Z
2026-07-26T16:33:47Z,2026-07-26T18:33:47+0200,74eb74bd-8b1d-47e4-abd1-e66c3ea271fa,2026-07-19T19:00:00Z,2026-07-19T21:00:00+0200,717.0,MW,NL,NL,forecast_offshore_wind_generation,Wind Offshore,2026-07-26T16:36:36Z
2026-07-26T16:33:47Z,2026-07-26T18:33:47+0200,74eb74bd-8b1d-47e4-abd1-e66c3ea271fa,2026-07-19T19:15:00Z,2026-07-19T21:15:00+0200,711.0,MW,NL,NL,forecast_offshore_wind_generation,Wind Offshore,2026-07-26T16:36:36Z
2026-07-26T16:33:47Z,2026-07-26T18:33:47+0200,74eb74bd-8b1d-47e4-abd1-e66c3ea271fa,2026-07-19T19:30:00Z,2026-07-19T21:30:00+0200,706.0,MW,NL,NL,forecast_offshore_wind_generation,Wind Offshore,2026-07-26T16:36:36Z
2026-07-26T16:33:47Z,2026-07-26T18:33:47+0200,74eb74bd-8b1d-47e4-abd1-e66c3ea271fa,2026-07-19T19:45:00Z,2026-07-19T21:45:00+0200,701.0,MW,NL,NL,forecast_offshore_wind_generation,Wind Offshore,2026-07-26T16:36:36Z
2026-07-26T16:33:47Z,2026-07-26T18:33:47+0200,74eb74bd-8b1d-47e4-abd1-e66c3ea271fa,2026-07-19T20:00:00Z,2026-07-19T22:00:00+0200,696.0,MW,NL,NL,forecast_offshore_wind_generation,Wind Offshore,2026-07-26T16:36:36Z
2026-07-26T16:33:47Z,2026-07-26T18:33:47+0200,74eb74bd-8b1d-47e4-abd1-e66c3ea271fa,2026-07-19T20:15:00Z,2026-07-19T22:15:00+0200,685.0,MW,NL,NL,forecast_offshore_wind_generation,Wind Offshore,2026-07-26T16:36:36Z
2026-07-26T16:33:47Z,2026-07-26T18:33:47+0200,74eb74bd-8b1d-47e4-abd1-e66c3ea271fa,2026-07-19T20:30:00Z,2026-07-19T22:30:00+0200,667.0,MW,NL,NL,forecast_offshore_wind_generation,Wind Offshore,2026-07-26T16:36:36Z
2026-07-26T16:33:47Z,2026-07-26T18:33:47+0200,74eb74bd-8b1d-47e4-abd1-e66c3ea271fa,2026-07-19T20:45:00Z,2026-07-19T22:45:00+0200,649.0,MW,NL,NL,forecast_offshore_wind_generation,Wind Offshore,2026-07-26T16:36:36Z
2026-07-26T16:33:47Z,2026-07-26T18:33:47+0200,74eb74bd-8b1d-47e4-abd1-e66c3ea271fa,2026-07-19T21:00:00Z,2026-07-19T23:00:00+0200,631.0,MW,NL,NL,forecast_offshore_wind_generation,Wind Offshore,2026-07-26T16:36:36Z
2026-07-26T16:33:47Z,2026-07-26T18:33:47+0200,74eb74bd-8b1d-47e4-abd1-e66c3ea271fa,2026-07-19T21:15:00Z,2026-07-19T23:15:00+0200,615.0,MW,NL,NL,forecast_offshore_wind_generation,Wind Offshore,2026-07-26T16:36:36Z
2026-07-26T16:33:47Z,2026-07-26T18:33:47+0200,74eb74bd-8b1d-47e4-abd1-e66c3ea271fa,2026-07-19T21:30:00Z,2026-07-19T23:30:00+0200,600.0,MW,NL,NL,forecast_offshore_wind_generation,Wind Offshore,2026-07-26T16:36:36Z
2026-07-26T16:33:47Z,2026-07-26T18:33:47+0200,74eb74bd-8b1d-47e4-abd1-e66c3ea271fa,2026-07-19T21:45:00Z,2026-07-19T23:45:00+0200,585.0,MW,NL,NL,forecast_offshore_wind_generation,Wind Offshore,2026-07-26T16:36:36Z
2026-07-26T16:33:47Z,2026-07-26T18:33:47+0200,74eb74bd-8b1d-47e4-abd1-e66c3ea271fa,2026-07-19T22:00:00Z,2026-07-20T00:00:00+0200,435.0,MW,NL,NL,forecast_offshore_wind_generation,Wind Offshore,2026-07-26T16:36:36Z
2026-07-26T16:33:47Z,2026-07-26T18:33:47+0200,74eb74bd-8b1d-47e4-abd1-e66c3ea271fa,2026-07-19T22:15:00Z,2026-07-20T00:15:00+0200,435.0,MW,NL,NL,forecast_offshore_wind_generation,Wind Offshore,2026-07-26T16:36:36Z
2026-07-26T16:33:47Z,2026-07-26T18:33:47+0200,74eb74bd-8b1d-47e4-abd1-e66c3ea271fa,2026-07-19T22:30:00Z,2026-07-20T00:30:00+0200,435.0,MW,NL,NL,forecast_offshore_wind_generation,Wind Offshore,2026-07-26T16:36:36Z
2026-07-26T16:33:47Z,2026-07-26T18:33:47+0200,74eb74bd-8b1d-47e4-abd1-e66c3ea271fa,2026-07-19T22:45:00Z,2026-07-20T00:45:00+0200,435.0,MW,NL,NL,forecast_offshore_wind_generation,Wind Offshore,2026-07-26T16:36:36Z
2026-07-26T16:33:47Z,2026-07-26T18:33:47+0200,74eb74bd-8b1d-47e4-abd1-e66c3ea271fa,2026-07-19T23:00:00Z,2026-07-20T01:00:00+0200,435.0,MW,NL,NL,forecast_offshore_wind_generation,Wind Offshore,2026-07-26T16:36:36Z
2026-07-26T16:33:47Z,2026-07-26T18:33:47+0200,74eb74bd-8b1d-47e4-abd1-e66c3ea271fa,2026-07-19T23:15:00Z,2026-07-20T01:15:00+0200,435.0,MW,NL,NL,forecast_offshore_wind_generation,Wind Offshore,2026-07-26T16:36:36Z
2026-07-26T16:33:47Z,2026-07-26T18:33:47+0200,74eb74bd-8b1d-47e4-abd1-e66c3ea271fa,2026-07-19T23:30:00Z,2026-07-20T01:30:00+0200,435.0,MW,NL,NL,forecast_offshore_wind_generation,Wind Offshore,2026-07-26T16:36:36Z
2026-07-26T16:33:47Z,2026-07-26T18:33:47+0200,74eb74bd-8b1d-47e4-abd1-e66c3ea271fa,2026-07-19T23:45:00Z,2026-07-20T01:45:00+0200,434.0,MW,NL,NL,forecast_offshore_wind_generation,Wind Offshore,2026-07-26T16:36:36Z
2026-07-26T16:33:47Z,2026-07-26T18:33:47+0200,74eb74bd-8b1d-47e4-abd1-e66c3ea271fa,2026-07-20T00:00:00Z,2026-07-20T02:00:00+0200,434.0,MW,NL,NL,forecast_offshore_wind_generation,Wind Offshore,2026-07-26T16:36:36Z
2026-07-26T16:33:47Z,2026-07-26T18:33:47+0200,74eb74bd-8b1d-47e4-abd1-e66c3ea271fa,2026-07-20T00:15:00Z,2026-07-20T02:15:00+0200,435.0,MW,NL,NL,forecast_offshore_wind_generation,Wind Offshore,2026-07-26T16:36:36Z
2026-07-26T16:33:47Z,2026-07-26T18:33:47+0200,74eb74bd-8b1d-47e4-abd1-e66c3ea271fa,2026-07-20T00:30:00Z,2026-07-20T02:30:00+0200,438.0,MW,NL,NL,forecast_offshore_wind_generation,Wind Offshore,2026-07-26T16:36:36Z
2026-07-26T16:33:47Z,2026-07-26T18:33:47+0200,74eb74bd-8b1d-47e4-abd1-e66c3ea271fa,2026-07-20T00:45:00Z,2026-07-20T02:45:00+0200,442.0,MW,NL,NL,forecast_offshore_wind_generation,Wind Offshore,2026-07-26T16:36:36Z
2026-07-26T16:33:47Z,2026-07-26T18:33:47+0200,74eb74bd-8b1d-47e4-abd1-e66c3ea271fa,2026-07-20T01:00:00Z,2026-07-20T03:00:00+0200,445.0,MW,NL,NL,forecast_offshore_wind_generation,Wind Offshore,2026-07-26T16:36:36Z
2026-07-26T16:33:47Z,2026-07-26T18:33:47+0200,74eb74bd-8b1d-47e4-abd1-e66c3ea271fa,2026-07-20T01:15:00Z,2026-07-20T03:15:00+0200,449.0,MW,NL,NL,forecast_offshore_wind_generation,Wind Offshore,2026-07-26T16:36:36Z
2026-07-26T16:33:47Z,2026-07-26T18:33:47+0200,74eb74bd-8b1d-47e4-abd1-e66c3ea271fa,2026-07-20T01:30:00Z,2026-07-20T03:30:00+0200,452.0,MW,NL,NL,forecast_offshore_wind_generation,Wind Offshore,2026-07-26T16:36:36Z
2026-07-26T16:33:47Z,2026-07-26T18:33:47+0200,74eb74bd-8b1d-47e4-abd1-e66c3ea271fa,2026-07-20T01:45:00Z,2026-07-20T03:45:00+0200,455.0,MW,NL,NL,forecast_offshore_wind_generation,Wind Offshore,2026-07-26T16:36:36Z
2026-07-26T16:33:47Z,2026-07-26T18:33:47+0200,74eb74bd-8b1d-47e4-abd1-e66c3ea271fa,2026-07-20T02:00:00Z,2026-07-20T04:00:00+0200,459.0,MW,NL,NL,forecast_offshore_wind_generation,Wind Offshore,2026-07-26T16:36:36Z
2026-07-26T16:33:47Z,2026-07-26T18:33:47+0200,74eb74bd-8b1d-47e4-abd1-e66c3ea271fa,2026-07-20T02:15:00Z,2026-07-20T04:15:00+0200,465.0,MW,NL,NL,forecast_offshore_wind_generation,Wind Offshore,2026-07-26T16:36:36Z
2026-07-26T16:33:47Z,2026-07-26T18:33:47+0200,74eb74bd-8b1d-47e4-abd1-e66c3ea271fa,2026-07-20T02:30:00Z,2026-07-20T04:30:00+0200,473.0,MW,NL,NL,forecast_offshore_wind_generation,Wind Offshore,2026-07-26T16:36:36Z
2026-07-26T16:33:47Z,2026-07-26T18:33:47+0200,74eb74bd-8b1d-47e4-abd1-e66c3ea271fa,2026-07-20T02:45:00Z,2026-07-20T04:45:00+0200,481.0,MW,NL,NL,forecast_offshore_wind_generation,Wind Offshore,2026-07-26T16:36:36Z
2026-07-26T16:33:47Z,2026-07-26T18:33:47+0200,74eb74bd-8b1d-47e4-abd1-e66c3ea271fa,2026-07-20T03:00:00Z,2026-07-20T05:00:00+0200,489.0,MW,NL,NL,forecast_offshore_wind_generation,Wind Offshore,2026-07-26T16:36:36Z
2026-07-26T16:33:47Z,2026-07-26T18:33:47+0200,74eb74bd-8b1d-47e4-abd1-e66c3ea271fa,2026-07-20T03:15:00Z,2026-07-20T05:15:00+0200,487.0,MW,NL,NL,forecast_offshore_wind_generation,Wind Offshore,2026-07-26T16:36:36Z
2026-07-26T16:33:47Z,2026-07-26T18:33:47+0200,74eb74bd-8b1d-47e4-abd1-e66c3ea271fa,2026-07-20T03:30:00Z,2026-07-20T05:30:00+0200,477.0,MW,NL,NL,forecast_offshore_wind_generation,Wind Offshore,2026-07-26T16:36:36Z
2026-07-26T16:33:47Z,2026-07-26T18:33:47+0200,74eb74bd-8b1d-47e4-abd1-e66c3ea271fa,2026-07-20T03:45:00Z,2026-07-20T05:45:00+0200,466.0,MW,NL,NL,forecast_offshore_wind_generation,Wind Offshore,2026-07-26T16:36:36Z
2026-07-26T16:33:47Z,2026-07-26T18:33:47+0200,74eb74bd-8b1d-47e4-abd1-e66c3ea271fa,2026-07-20T04:00:00Z,2026-07-20T06:00:00+0200,455.0,MW,NL,NL,forecast_offshore_wind_generation,Wind Offshore,2026-07-26T16:36:36Z
2026-07-26T16:33:47Z,2026-07-26T18:33:47+0200,74eb74bd-8b1d-47e4-abd1-e66c3ea271fa,2026-07-20T04:15:00Z,2026-07-20T06:15:00+0200,445.0,MW,NL,NL,forecast_offshore_wind_generation,Wind Offshore,2026-07-26T16:36:36Z
2026-07-26T16:33:47Z,2026-07-26T18:33:47+0200,74eb74bd-8b1d-47e4-abd1-e66c3ea271fa,2026-07-20T04:30:00Z,2026-07-20T06:30:00+0200,435.0,MW,NL,NL,forecast_offshore_wind_generation,Wind Offshore,2026-07-26T16:36:36Z
2026-07-26T16:33:47Z,2026-07-26T18:33:47+0200,74eb74bd-8b1d-47e4-abd1-e66c3ea271fa,2026-07-20T04:45:00Z,2026-07-20T06:45:00+0200,425.0,MW,NL,NL,forecast_offshore_wind_generation,Wind Offshore,2026-07-26T16:36:36Z
2026-07-26T16:33:47Z,2026-07-26T18:33:47+0200,74eb74bd-8b1d-47e4-abd1-e66c3ea271fa,2026-07-20T05:00:00Z,2026-07-20T07:00:00+0200,416.0,MW,NL,NL,forecast_offshore_wind_generation,Wind Offshore,2026-07-26T16:36:36Z
2026-07-26T16:33:47Z,2026-07-26T18:33:47+0200,74eb74bd-8b1d-47e4-abd1-e66c3ea271fa,2026-07-20T05:15:00Z,2026-07-20T07:15:00+0200,407.0,MW,NL,NL,forecast_offshore_wind_generation,Wind Offshore,2026-07-26T16:36:36Z
2026-07-26T16:33:47Z,2026-07-26T18:33:47+0200,74eb74bd-8b1d-47e4-abd1-e66c3ea271fa,2026-07-20T05:30:00Z,2026-07-20T07:30:00+0200,401.0,MW,NL,NL,forecast_offshore_wind_generation,Wind Offshore,2026-07-26T16:36:36Z
2026-07-26T16:33:47Z,2026-07-26T18:33:47+0200,74eb74bd-8b1d-47e4-abd1-e66c3ea271fa,2026-07-20T05:45:00Z,2026-07-20T07:45:00+0200,394.0,MW,NL,NL,forecast_offshore_wind_generation,Wind Offshore,2026-07-26T16:36:36Z
2026-07-26T16:33:47Z,2026-07-26T18:33:47+0200,74eb74bd-8b1d-47e4-abd1-e66c3ea271fa,2026-07-20T06:00:00Z,2026-07-20T08:00:00+0200,388.0,MW,NL,NL,forecast_offshore_wind_generation,Wind Offshore,2026-07-26T16:36:36Z
2026-07-26T16:33:47Z,2026-07-26T18:33:47+0200,74eb74bd-8b1d-47e4-abd1-e66c3ea271fa,2026-07-20T06:15:00Z,2026-07-20T08:15:00+0200,389.0,MW,NL,NL,forecast_offshore_wind_generation,Wind Offshore,2026-07-26T16:36:36Z
2026-07-26T16:33:47Z,2026-07-26T18:33:47+0200,74eb74bd-8b1d-47e4-abd1-e66c3ea271fa,2026-07-20T06:30:00Z,2026-07-20T08:30:00+0200,398.0,MW,NL,NL,forecast_offshore_wind_generation,Wind Offshore,2026-07-26T16:36:36Z
2026-07-26T16:33:47Z,2026-07-26T18:33:47+0200,74eb74bd-8b1d-47e4-abd1-e66c3ea271fa,2026-07-20T06:45:00Z,2026-07-20T08:45:00+0200,407.0,MW,NL,NL,forecast_offshore_wind_generation,Wind Offshore,2026-07-26T16:36:36Z
2026-07-26T16:33:47Z,2026-07-26T18:33:47+0200,74eb74bd-8b1d-47e4-abd1-e66c3ea271fa,2026-07-20T07:00:00Z,2026-07-20T09:00:00+0200,416.0,MW,NL,NL,forecast_offshore_wind_generation,Wind Offshore,2026-07-26T16:36:36Z
2026-07-26T16:33:47Z,2026-07-26T18:33:47+0200,74eb74bd-8b1d-47e4-abd1-e66c3ea271fa,2026-07-20T07:15:00Z,2026-07-20T09:15:00+0200,425.0,MW,NL,NL,forecast_offshore_wind_generation,Wind Offshore,2026-07-26T16:36:36Z
2026-07-26T16:33:47Z,2026-07-26T18:33:47+0200,74eb74bd-8b1d-47e4-abd1-e66c3ea271fa,2026-07-20T07:30:00Z,2026-07-20T09:30:00+0200,433.0,MW,NL,NL,forecast_offshore_wind_generation,Wind Offshore,2026-07-26T16:36:36Z
2026-07-26T16:33:47Z,2026-07-26T18:33:47+0200,74eb74bd-8b1d-47e4-abd1-e66c3ea271fa,2026-07-20T07:45:00Z,2026-07-20T09:45:00+0200,441.0,MW,NL,NL,forecast_offshore_wind_generation,Wind Offshore,2026-07-26T16:36:36Z
2026-07-26T16:33:47Z,2026-07-26T18:33:47+0200,74eb74bd-8b1d-47e4-abd1-e66c3ea271fa,2026-07-20T08:00:00Z,2026-07-20T10:00:00+0200,449.0,MW,NL,NL,forecast_offshore_wind_generation,Wind Offshore,2026-07-26T16:36:36Z
2026-07-26T16:33:47Z,2026-07-26T18:33:47+0200,74eb74bd-8b1d-47e4-abd1-e66c3ea271fa,2026-07-20T08:15:00Z,2026-07-20T10:15:00+0200,457.0,MW,NL,NL,forecast_offshore_wind_generation,Wind Offshore,2026-07-26T16:36:36Z
2026-07-26T16:33:47Z,2026-07-26T18:33:47+0200,74eb74bd-8b1d-47e4-abd1-e66c3ea271fa,2026-07-20T08:30:00Z,2026-07-20T10:30:00+0200,466.0,MW,NL,NL,forecast_offshore_wind_generation,Wind Offshore,2026-07-26T16:36:36Z
2026-07-26T16:33:47Z,2026-07-26T18:33:47+0200,74eb74bd-8b1d-47e4-abd1-e66c3ea271fa,2026-07-20T08:45:00Z,2026-07-20T10:45:00+0200,475.0,MW,NL,NL,forecast_offshore_wind_generation,Wind Offshore,2026-07-26T16:36:36Z
2026-07-26T16:33:47Z,2026-07-26T18:33:47+0200,74eb74bd-8b1d-47e4-abd1-e66c3ea271fa,2026-07-20T09:00:00Z,2026-07-20T11:00:00+0200,484.0,MW,NL,NL,forecast_offshore_wind_generation,Wind Offshore,2026-07-26T16:36:36Z
2026-07-26T16:33:47Z,2026-07-26T18:33:47+0200,74eb74bd-8b1d-47e4-abd1-e66c3ea271fa,2026-07-20T09:15:00Z,2026-07-20T11:15:00+0200,489.0,MW,NL,NL,forecast_offshore_wind_generation,Wind Offshore,2026-07-26T16:36:36Z
2026-07-26T16:33:47Z,2026-07-26T18:33:47+0200,74eb74bd-8b1d-47e4-abd1-e66c3ea271fa,2026-07-20T09:30:00Z,2026-07-20T11:30:00+0200,491.0,MW,NL,NL,forecast_offshore_wind_generation,Wind Offshore,2026-07-26T16:36:36Z
2026-07-26T16:33:47Z,2026-07-26T18:33:47+0200,74eb74bd-8b1d-47e4-abd1-e66c3ea271fa,2026-07-20T09:45:00Z,2026-07-20T11:45:00+0200,492.0,MW,NL,NL,forecast_offshore_wind_generation,Wind Offshore,2026-07-26T16:36:36Z
2026-07-26T16:33:47Z,2026-07-26T18:33:47+0200,74eb74bd-8b1d-47e4-abd1-e66c3ea271fa,2026-07-20T10:00:00Z,2026-07-20T12:00:00+0200,494.0,MW,NL,NL,forecast_offshore_wind_generation,Wind Offshore,2026-07-26T16:36:36Z
2026-07-26T16:33:47Z,2026-07-26T18:33:47+0200,74eb74bd-8b1d-47e4-abd1-e66c3ea271fa,2026-07-20T10:15:00Z,2026-07-20T12:15:00+0200,496.0,MW,NL,NL,forecast_offshore_wind_generation,Wind Offshore,2026-07-26T16:36:36Z
2026-07-26T16:33:47Z,2026-07-26T18:33:47+0200,74eb74bd-8b1d-47e4-abd1-e66c3ea271fa,2026-07-20T10:30:00Z,2026-07-20T12:30:00+0200,497.0,MW,NL,NL,forecast_offshore_wind_generation,Wind Offshore,2026-07-26T16:36:36Z
2026-07-26T16:33:47Z,2026-07-26T18:33:47+0200,74eb74bd-8b1d-47e4-abd1-e66c3ea271fa,2026-07-20T10:45:00Z,2026-07-20T12:45:00+0200,499.0,MW,NL,NL,forecast_offshore_wind_generation,Wind Offshore,2026-07-26T16:36:36Z
2026-07-26T16:33:47Z,2026-07-26T18:33:47+0200,74eb74bd-8b1d-47e4-abd1-e66c3ea271fa,2026-07-20T11:00:00Z,2026-07-20T13:00:00+0200,501.0,MW,NL,NL,forecast_offshore_wind_generation,Wind Offshore,2026-07-26T16:36:36Z
2026-07-26T16:33:47Z,2026-07-26T18:33:47+0200,74eb74bd-8b1d-47e4-abd1-e66c3ea271fa,2026-07-20T11:15:00Z,2026-07-20T13:15:00+0200,502.0,MW,NL,NL,forecast_offshore_wind_generation,Wind Offshore,2026-07-26T16:36:36Z
2026-07-26T16:33:47Z,2026-07-26T18:33:47+0200,74eb74bd-8b1d-47e4-abd1-e66c3ea271fa,2026-07-20T11:30:00Z,2026-07-20T13:30:00+0200,504.0,MW,NL,NL,forecast_offshore_wind_generation,Wind Offshore,2026-07-26T16:36:36Z
2026-07-26T16:33:47Z,2026-07-26T18:33:47+0200,74eb74bd-8b1d-47e4-abd1-e66c3ea271fa,2026-07-20T11:45:00Z,2026-07-20T13:45:00+0200,505.0,MW,NL,NL,forecast_offshore_wind_generation,Wind Offshore,2026-07-26T16:36:36Z
2026-07-26T16:33:47Z,2026-07-26T18:33:47+0200,74eb74bd-8b1d-47e4-abd1-e66c3ea271fa,2026-07-20T12:00:00Z,2026-07-20T14:00:00+0200,507.0,MW,NL,NL,forecast_offshore_wind_generation,Wind Offshore,2026-07-26T16:36:36Z
2026-07-26T16:33:47Z,2026-07-26T18:33:47+0200,74eb74bd-8b1d-47e4-abd1-e66c3ea271fa,2026-07-20T12:15:00Z,2026-07-20T14:15:00+0200,515.0,MW,NL,NL,forecast_offshore_wind_generation,Wind Offshore,2026-07-26T16:36:36Z
2026-07-26T16:33:47Z,2026-07-26T18:33:47+0200,74eb74bd-8b1d-47e4-abd1-e66c3ea271fa,2026-07-20T12:30:00Z,2026-07-20T14:30:00+0200,531.0,MW,NL,NL,forecast_offshore_wind_generation,Wind Offshore,2026-07-26T16:36:36Z
2026-07-26T16:33:47Z,2026-07-26T18:33:47+0200,74eb74bd-8b1d-47e4-abd1-e66c3ea271fa,2026-07-20T12:45:00Z,2026-07-20T14:45:00+0200,548.0,MW,NL,NL,forecast_offshore_wind_generation,Wind Offshore,2026-07-26T16:36:36Z
2026-07-26T16:33:47Z,2026-07-26T18:33:47+0200,74eb74bd-8b1d-47e4-abd1-e66c3ea271fa,2026-07-20T13:00:00Z,2026-07-20T15:00:00+0200,564.0,MW,NL,NL,forecast_offshore_wind_generation,Wind Offshore,2026-07-26T16:36:36Z
2026-07-26T16:33:47Z,2026-07-26T18:33:47+0200,74eb74bd-8b1d-47e4-abd1-e66c3ea271fa,2026-07-20T13:15:00Z,2026-07-20T15:15:00+0200,570.0,MW,NL,NL,forecast_offshore_wind_generation,Wind Offshore,2026-07-26T16:36:36Z
2026-07-26T16:33:47Z,2026-07-26T18:33:47+0200,74eb74bd-8b1d-47e4-abd1-e66c3ea271fa,2026-07-20T13:30:00Z,2026-07-20T15:30:00+0200,567.0,MW,NL,NL,forecast_offshore_wind_generation,Wind Offshore,2026-07-26T16:36:36Z
2026-07-26T16:33:47Z,2026-07-26T18:33:47+0200,74eb74bd-8b1d-47e4-abd1-e66c3ea271fa,2026-07-20T13:45:00Z,2026-07-20T15:45:00+0200,564.0,MW,NL,NL,forecast_offshore_wind_generation,Wind Offshore,2026-07-26T16:36:36Z
2026-07-26T16:33:47Z,2026-07-26T18:33:47+0200,74eb74bd-8b1d-47e4-abd1-e66c3ea271fa,2026-07-20T14:00:00Z,2026-07-20T16:00:00+0200,561.0,MW,NL,NL,forecast_offshore_wind_generation,Wind Offshore,2026-07-26T16:36:36Z
2026-07-26T16:33:47Z,2026-07-26T18:33:47+0200,74eb74bd-8b1d-47e4-abd1-e66c3ea271fa,2026-07-20T14:15:00Z,2026-07-20T16:15:00+0200,559.0,MW,NL,NL,forecast_offshore_wind_generation,Wind Offshore,2026-07-26T16:36:36Z
2026-07-26T16:33:47Z,2026-07-26T18:33:47+0200,74eb74bd-8b1d-47e4-abd1-e66c3ea271fa,2026-07-20T14:30:00Z,2026-07-20T16:30:00+0200,558.0,MW,NL,NL,forecast_offshore_wind_generation,Wind Offshore,2026-07-26T16:36:36Z
2026-07-26T16:33:47Z,2026-07-26T18:33:47+0200,74eb74bd-8b1d-47e4-abd1-e66c3ea271fa,2026-07-20T14:45:00Z,2026-07-20T16:45:00+0200,557.0,MW,NL,NL,forecast_offshore_wind_generation,Wind Offshore,2026-07-26T16:36:36Z
2026-07-26T16:33:47Z,2026-07-26T18:33:47+0200,74eb74bd-8b1d-47e4-abd1-e66c3ea271fa,2026-07-20T15:00:00Z,2026-07-20T17:00:00+0200,556.0,MW,NL,NL,forecast_offshore_wind_generation,Wind Offshore,2026-07-26T16:36:36Z
2026-07-26T16:33:47Z,2026-07-26T18:33:47+0200,74eb74bd-8b1d-47e4-abd1-e66c3ea271fa,2026-07-20T15:15:00Z,2026-07-20T17:15:00+0200,555.0,MW,NL,NL,forecast_offshore_wind_generation,Wind Offshore,2026-07-26T16:36:36Z
2026-07-26T16:33:47Z,2026-07-26T18:33:47+0200,74eb74bd-8b1d-47e4-abd1-e66c3ea271fa,2026-07-20T15:30:00Z,2026-07-20T17:30:00+0200,554.0,MW,NL,NL,forecast_offshore_wind_generation,Wind Offshore,2026-07-26T16:36:36Z
2026-07-26T16:33:47Z,2026-07-26T18:33:47+0200,74eb74bd-8b1d-47e4-abd1-e66c3ea271fa,2026-07-20T15:45:00Z,2026-07-20T17:45:00+0200,554.0,MW,NL,NL,forecast_offshore_wind_generation,Wind Offshore,2026-07-26T16:36:36Z
2026-07-26T16:33:47Z,2026-07-26T18:33:47+0200,74eb74bd-8b1d-47e4-abd1-e66c3ea271fa,2026-07-20T16:00:00Z,2026-07-20T18:00:00+0200,553.0,MW,NL,NL,forecast_offshore_wind_generation,Wind Offshore,2026-07-26T16:36:36Z
2026-07-26T16:33:47Z,2026-07-26T18:33:47+0200,74eb74bd-8b1d-47e4-abd1-e66c3ea271fa,2026-07-20T16:15:00Z,2026-07-20T18:15:00+0200,552.0,MW,NL,NL,forecast_offshore_wind_generation,Wind Offshore,2026-07-26T16:36:36Z
2026-07-26T16:33:47Z,2026-07-26T18:33:47+0200,74eb74bd-8b1d-47e4-abd1-e66c3ea271fa,2026-07-20T16:30:00Z,2026-07-20T18:30:00+0200,551.0,MW,NL,NL,forecast_offshore_wind_generation,Wind Offshore,2026-07-26T16:36:36Z
2026-07-26T16:33:47Z,2026-07-26T18:33:47+0200,74eb74bd-8b1d-47e4-abd1-e66c3ea271fa,2026-07-20T16:45:00Z,2026-07-20T18:45:00+0200,549.0,MW,NL,NL,forecast_offshore_wind_generation,Wind Offshore,2026-07-26T16:36:36Z
2026-07-26T16:33:47Z,2026-07-26T18:33:47+0200,74eb74bd-8b1d-47e4-abd1-e66c3ea271fa,2026-07-20T17:00:00Z,2026-07-20T19:00:00+0200,548.0,MW,NL,NL,forecast_offshore_wind_generation,Wind Offshore,2026-07-26T16:36:36Z
2026-07-26T16:33:47Z,2026-07-26T18:33:47+0200,74eb74bd-8b1d-47e4-abd1-e66c3ea271fa,2026-07-20T17:15:00Z,2026-07-20T19:15:00+0200,548.0,MW,NL,NL,forecast_offshore_wind_generation,Wind Offshore,2026-07-26T16:36:36Z
2026-07-26T16:33:47Z,2026-07-26T18:33:47+0200,74eb74bd-8b1d-47e4-abd1-e66c3ea271fa,2026-07-20T17:30:00Z,2026-07-20T19:30:00+0200,549.0,MW,NL,NL,forecast_offshore_wind_generation,Wind Offshore,2026-07-26T16:36:36Z
2026-07-26T16:33:47Z,2026-07-26T18:33:47+0200,74eb74bd-8b1d-47e4-abd1-e66c3ea271fa,2026-07-20T17:45:00Z,2026-07-20T19:45:00+0200,550.0,MW,NL,NL,forecast_offshore_wind_generation,Wind Offshore,2026-07-26T16:36:36Z
2026-07-26T16:33:47Z,2026-07-26T18:33:47+0200,74eb74bd-8b1d-47e4-abd1-e66c3ea271fa,2026-07-20T18:00:00Z,2026-07-20T20:00:00+0200,551.0,MW,NL,NL,forecast_offshore_wind_generation,Wind Offshore,2026-07-26T16:36:36Z
2026-07-26T16:33:47Z,2026-07-26T18:33:47+0200,74eb74bd-8b1d-47e4-abd1-e66c3ea271fa,2026-07-20T18:15:00Z,2026-07-20T20:15:00+0200,548.0,MW,NL,NL,forecast_offshore_wind_generation,Wind Offshore,2026-07-26T16:36:36Z
2026-07-26T16:33:47Z,2026-07-26T18:33:47+0200,74eb74bd-8b1d-47e4-abd1-e66c3ea271fa,2026-07-20T18:30:00Z,2026-07-20T20:30:00+0200,542.0,MW,NL,NL,forecast_offshore_wind_generation,Wind Offshore,2026-07-26T16:36:36Z
2026-07-26T16:33:47Z,2026-07-26T18:33:47+0200,74eb74bd-8b1d-47e4-abd1-e66c3ea271fa,2026-07-20T18:45:00Z,2026-07-20T20:45:00+0200,535.0,MW,NL,NL,forecast_offshore_wind_generation,Wind Offshore,2026-07-26T16:36:36Z
2026-07-26T16:33:47Z,2026-07-26T18:33:47+0200,74eb74bd-8b1d-47e4-abd1-e66c3ea271fa,2026-07-20T19:00:00Z,2026-07-20T21:00:00+0200,528.0,MW,NL,NL,forecast_offshore_wind_generation,Wind Offshore,2026-07-26T16:36:36Z
2026-07-26T16:33:47Z,2026-07-26T18:33:47+0200,74eb74bd-8b1d-47e4-abd1-e66c3ea271fa,2026-07-20T19:15:00Z,2026-07-20T21:15:00+0200,519.0,MW,NL,NL,forecast_offshore_wind_generation,Wind Offshore,2026-07-26T16:36:36Z
2026-07-26T16:33:47Z,2026-07-26T18:33:47+0200,74eb74bd-8b1d-47e4-abd1-e66c3ea271fa,2026-07-20T19:30:00Z,2026-07-20T21:30:00+0200,509.0,MW,NL,NL,forecast_offshore_wind_generation,Wind Offshore,2026-07-26T16:36:36Z
2026-07-26T16:33:47Z,2026-07-26T18:33:47+0200,74eb74bd-8b1d-47e4-abd1-e66c3ea271fa,2026-07-20T19:45:00Z,2026-07-20T21:45:00+0200,498.0,MW,NL,NL,forecast_offshore_wind_generation,Wind Offshore,2026-07-26T16:36:36Z
2026-07-26T16:33:47Z,2026-07-26T18:33:47+0200,74eb74bd-8b1d-47e4-abd1-e66c3ea271fa,2026-07-20T20:00:00Z,2026-07-20T22:00:00+0200,488.0,MW,NL,NL,forecast_offshore_wind_generation,Wind Offshore,2026-07-26T16:36:36Z
2026-07-26T16:33:47Z,2026-07-26T18:33:47+0200,74eb74bd-8b1d-47e4-abd1-e66c3ea271fa,2026-07-20T20:15:00Z,2026-07-20T22:15:00+0200,475.0,MW,NL,NL,forecast_offshore_wind_generation,Wind Offshore,2026-07-26T16:36:36Z
2026-07-26T16:33:47Z,2026-07-26T18:33:47+0200,74eb74bd-8b1d-47e4-abd1-e66c3ea271fa,2026-07-20T20:30:00Z,2026-07-20T22:30:00+0200,460.0,MW,NL,NL,forecast_offshore_wind_generation,Wind Offshore,2026-07-26T16:36:36Z
2026-07-26T16:33:47Z,2026-07-26T18:33:47+0200,74eb74bd-8b1d-47e4-abd1-e66c3ea271fa,2026-07-20T20:45:00Z,2026-07-20T22:45:00+0200,444.0,MW,NL,NL,forecast_offshore_wind_generation,Wind Offshore,2026-07-26T16:36:36Z
2026-07-26T16:33:47Z,2026-07-26T18:33:47+0200,74eb74bd-8b1d-47e4-abd1-e66c3ea271fa,2026-07-20T21:00:00Z,2026-07-20T23:00:00+0200,429.0,MW,NL,NL,forecast_offshore_wind_generation,Wind Offshore,2026-07-26T16:36:36Z
2026-07-26T16:33:47Z,2026-07-26T18:33:47+0200,74eb74bd-8b1d-47e4-abd1-e66c3ea271fa,2026-07-20T21:15:00Z,2026-07-20T23:15:00+0200,410.0,MW,NL,NL,forecast_offshore_wind_generation,Wind Offshore,2026-07-26T16:36:36Z
2026-07-26T16:33:47Z,2026-07-26T18:33:47+0200,74eb74bd-8b1d-47e4-abd1-e66c3ea271fa,2026-07-20T21:30:00Z,2026-07-20T23:30:00+0200,387.0,MW,NL,NL,forecast_offshore_wind_generation,Wind Offshore,2026-07-26T16:36:36Z
2026-07-26T16:33:47Z,2026-07-26T18:33:47+0200,74eb74bd-8b1d-47e4-abd1-e66c3ea271fa,2026-07-20T21:45:00Z,2026-07-20T23:45:00+0200,365.0,MW,NL,NL,forecast_offshore_wind_generation,Wind Offshore,2026-07-26T16:36:36Z
2026-07-26T16:33:47Z,2026-07-26T18:33:47+0200,74eb74bd-8b1d-47e4-abd1-e66c3ea271fa,2026-07-20T22:00:00Z,2026-07-21T00:00:00+0200,227.0,MW,NL,NL,forecast_offshore_wind_generation,Wind Offshore,2026-07-26T16:36:36Z
2026-07-26T16:33:47Z,2026-07-26T18:33:47+0200,74eb74bd-8b1d-47e4-abd1-e66c3ea271fa,2026-07-20T22:15:00Z,2026-07-21T00:15:00+0200,210.0,MW,NL,NL,forecast_offshore_wind_generation,Wind Offshore,2026-07-26T16:36:36Z
2026-07-26T16:33:47Z,2026-07-26T18:33:47+0200,74eb74bd-8b1d-47e4-abd1-e66c3ea271fa,2026-07-20T22:30:00Z,2026-07-21T00:30:00+0200,197.0,MW,NL,NL,forecast_offshore_wind_generation,Wind Offshore,2026-07-26T16:36:36Z
2026-07-26T16:33:47Z,2026-07-26T18:33:47+0200,74eb74bd-8b1d-47e4-abd1-e66c3ea271fa,2026-07-20T22:45:00Z,2026-07-21T00:45:00+0200,183.0,MW,NL,NL,forecast_offshore_wind_generation,Wind Offshore,2026-07-26T16:36:36Z
2026-07-26T16:33:47Z,2026-07-26T18:33:47+0200,74eb74bd-8b1d-47e4-abd1-e66c3ea271fa,2026-07-20T23:00:00Z,2026-07-21T01:00:00+0200,170.0,MW,NL,NL,forecast_offshore_wind_generation,Wind Offshore,2026-07-26T16:36:36Z
2026-07-26T16:33:47Z,2026-07-26T18:33:47+0200,74eb74bd-8b1d-47e4-abd1-e66c3ea271fa,2026-07-20T23:15:00Z,2026-07-21T01:15:00+0200,161.0,MW,NL,NL,forecast_offshore_wind_generation,Wind Offshore,2026-07-26T16:36:36Z
2026-07-26T16:33:47Z,2026-07-26T18:33:47+0200,74eb74bd-8b1d-47e4-abd1-e66c3ea271fa,2026-07-20T23:30:00Z,2026-07-21T01:30:00+0200,158.0,MW,NL,NL,forecast_offshore_wind_generation,Wind Offshore,2026-07-26T16:36:36Z
2026-07-26T16:33:47Z,2026-07-26T18:33:47+0200,74eb74bd-8b1d-47e4-abd1-e66c3ea271fa,2026-07-20T23:45:00Z,2026-07-21T01:45:00+0200,154.0,MW,NL,NL,forecast_offshore_wind_generation,Wind Offshore,2026-07-26T16:36:36Z
2026-07-26T16:33:47Z,2026-07-26T18:33:47+0200,74eb74bd-8b1d-47e4-abd1-e66c3ea271fa,2026-07-21T00:00:00Z,2026-07-21T02:00:00+0200,150.0,MW,NL,NL,forecast_offshore_wind_generation,Wind Offshore,2026-07-26T16:36:36Z
2026-07-26T16:33:47Z,2026-07-26T18:33:47+0200,74eb74bd-8b1d-47e4-abd1-e66c3ea271fa,2026-07-21T00:15:00Z,2026-07-21T02:15:00+0200,148.0,MW,NL,NL,forecast_offshore_wind_generation,Wind Offshore,2026-07-26T16:36:36Z
2026-07-26T16:33:47Z,2026-07-26T18:33:47+0200,74eb74bd-8b1d-47e4-abd1-e66c3ea271fa,2026-07-21T00:30:00Z,2026-07-21T02:30:00+0200,147.0,MW,NL,NL,forecast_offshore_wind_generation,Wind Offshore,2026-07-26T16:36:36Z
2026-07-26T16:33:47Z,2026-07-26T18:33:47+0200,74eb74bd-8b1d-47e4-abd1-e66c3ea271fa,2026-07-21T00:45:00Z,2026-07-21T02:45:00+0200,146.0,MW,NL,NL,forecast_offshore_wind_generation,Wind Offshore,2026-07-26T16:36:36Z
2026-07-26T16:33:47Z,2026-07-26T18:33:47+0200,74eb74bd-8b1d-47e4-abd1-e66c3ea271fa,2026-07-21T01:00:00Z,2026-07-21T03:00:00+0200,145.0,MW,NL,NL,forecast_offshore_wind_generation,Wind Offshore,2026-07-26T16:36:36Z
2026-07-26T16:33:47Z,2026-07-26T18:33:47+0200,74eb74bd-8b1d-47e4-abd1-e66c3ea271fa,2026-07-21T01:15:00Z,2026-07-21T03:15:00+0200,144.0,MW,NL,NL,forecast_offshore_wind_generation,Wind Offshore,2026-07-26T16:36:36Z
2026-07-26T16:33:47Z,2026-07-26T18:33:47+0200,74eb74bd-8b1d-47e4-abd1-e66c3ea271fa,2026-07-21T01:30:00Z,2026-07-21T03:30:00+0200,142.0,MW,NL,NL,forecast_offshore_wind_generation,Wind Offshore,2026-07-26T16:36:36Z
2026-07-26T16:33:47Z,2026-07-26T18:33:47+0200,74eb74bd-8b1d-47e4-abd1-e66c3ea271fa,2026-07-21T01:45:00Z,2026-07-21T03:45:00+0200,140.0,MW,NL,NL,forecast_offshore_wind_generation,Wind Offshore,2026-07-26T16:36:36Z
2026-07-26T16:33:47Z,2026-07-26T18:33:47+0200,74eb74bd-8b1d-47e4-abd1-e66c3ea271fa,2026-07-21T02:00:00Z,2026-07-21T04:00:00+0200,138.0,MW,NL,NL,forecast_offshore_wind_generation,Wind Offshore,2026-07-26T16:36:36Z
2026-07-26T16:33:47Z,2026-07-26T18:33:47+0200,74eb74bd-8b1d-47e4-abd1-e66c3ea271fa,2026-07-21T02:15:00Z,2026-07-21T04:15:00+0200,136.0,MW,NL,NL,forecast_offshore_wind_generation,Wind Offshore,2026-07-26T16:36:36Z
2026-07-26T16:33:47Z,2026-07-26T18:33:47+0200,74eb74bd-8b1d-47e4-abd1-e66c3ea271fa,2026-07-21T02:30:00Z,2026-07-21T04:30:00+0200,135.0,MW,NL,NL,forecast_offshore_wind_generation,Wind Offshore,2026-07-26T16:36:36Z
2026-07-26T16:33:47Z,2026-07-26T18:33:47+0200,74eb74bd-8b1d-47e4-abd1-e66c3ea271fa,2026-07-21T02:45:00Z,2026-07-21T04:45:00+0200,133.0,MW,NL,NL,forecast_offshore_wind_generation,Wind Offshore,2026-07-26T16:36:36Z
2026-07-26T16:33:47Z,2026-07-26T18:33:47+0200,74eb74bd-8b1d-47e4-abd1-e66c3ea271fa,2026-07-21T03:00:00Z,2026-07-21T05:00:00+0200,132.0,MW,NL,NL,forecast_offshore_wind_generation,Wind Offshore,2026-07-26T16:36:36Z
2026-07-26T16:33:47Z,2026-07-26T18:33:47+0200,74eb74bd-8b1d-47e4-abd1-e66c3ea271fa,2026-07-21T03:15:00Z,2026-07-21T05:15:00+0200,130.0,MW,NL,NL,forecast_offshore_wind_generation,Wind Offshore,2026-07-26T16:36:36Z
2026-07-26T16:33:47Z,2026-07-26T18:33:47+0200,74eb74bd-8b1d-47e4-abd1-e66c3ea271fa,2026-07-21T03:30:00Z,2026-07-21T05:30:00+0200,127.0,MW,NL,NL,forecast_offshore_wind_generation,Wind Offshore,2026-07-26T16:36:36Z
2026-07-26T16:33:47Z,2026-07-26T18:33:47+0200,74eb74bd-8b1d-47e4-abd1-e66c3ea271fa,2026-07-21T03:45:00Z,2026-07-21T05:45:00+0200,124.0,MW,NL,NL,forecast_offshore_wind_generation,Wind Offshore,2026-07-26T16:36:36Z
2026-07-26T16:33:47Z,2026-07-26T18:33:47+0200,74eb74bd-8b1d-47e4-abd1-e66c3ea271fa,2026-07-21T04:00:00Z,2026-07-21T06:00:00+0200,122.0,MW,NL,NL,forecast_offshore_wind_generation,Wind Offshore,2026-07-26T16:36:36Z
2026-07-26T16:33:47Z,2026-07-26T18:33:47+0200,74eb74bd-8b1d-47e4-abd1-e66c3ea271fa,2026-07-21T04:15:00Z,2026-07-21T06:15:00+0200,119.0,MW,NL,NL,forecast_offshore_wind_generation,Wind Offshore,2026-07-26T16:36:36Z
2026-07-26T16:33:47Z,2026-07-26T18:33:47+0200,74eb74bd-8b1d-47e4-abd1-e66c3ea271fa,2026-07-21T04:30:00Z,2026-07-21T06:30:00+0200,115.0,MW,NL,NL,forecast_offshore_wind_generation,Wind Offshore,2026-07-26T16:36:36Z
2026-07-26T16:33:47Z,2026-07-26T18:33:47+0200,74eb74bd-8b1d-47e4-abd1-e66c3ea271fa,2026-07-21T04:45:00Z,2026-07-21T06:45:00+0200,111.0,MW,NL,NL,forecast_offshore_wind_generation,Wind Offshore,2026-07-26T16:36:36Z
2026-07-26T16:33:47Z,2026-07-26T18:33:47+0200,74eb74bd-8b1d-47e4-abd1-e66c3ea271fa,2026-07-21T05:00:00Z,2026-07-21T07:00:00+0200,108.0,MW,NL,NL,forecast_offshore_wind_generation,Wind Offshore,2026-07-26T16:36:36Z
2026-07-26T16:33:47Z,2026-07-26T18:33:47+0200,74eb74bd-8b1d-47e4-abd1-e66c3ea271fa,2026-07-21T05:15:00Z,2026-07-21T07:15:00+0200,105.0,MW,NL,NL,forecast_offshore_wind_generation,Wind Offshore,2026-07-26T16:36:36Z
2026-07-26T16:33:47Z,2026-07-26T18:33:47+0200,74eb74bd-8b1d-47e4-abd1-e66c3ea271fa,2026-07-21T05:30:00Z,2026-07-21T07:30:00+0200,103.0,MW,NL,NL,forecast_offshore_wind_generation,Wind Offshore,2026-07-26T16:36:36Z
2026-07-26T16:33:47Z,2026-07-26T18:33:47+0200,74eb74bd-8b1d-47e4-abd1-e66c3ea271fa,2026-07-21T05:45:00Z,2026-07-21T07:45:00+0200,102.0,MW,NL,NL,forecast_offshore_wind_generation,Wind Offshore,2026-07-26T16:36:36Z
2026-07-26T16:33:47Z,2026-07-26T18:33:47+0200,74eb74bd-8b1d-47e4-abd1-e66c3ea271fa,2026-07-21T06:00:00Z,2026-07-21T08:00:00+0200,100.0,MW,NL,NL,forecast_offshore_wind_generation,Wind Offshore,2026-07-26T16:36:36Z
2026-07-26T16:33:47Z,2026-07-26T18:33:47+0200,74eb74bd-8b1d-47e4-abd1-e66c3ea271fa,2026-07-21T06:15:00Z,2026-07-21T08:15:00+0200,102.0,MW,NL,NL,forecast_offshore_wind_generation,Wind Offshore,2026-07-26T16:36:36Z
2026-07-26T16:33:47Z,2026-07-26T18:33:47+0200,74eb74bd-8b1d-47e4-abd1-e66c3ea271fa,2026-07-21T06:30:00Z,2026-07-21T08:30:00+0200,107.0,MW,NL,NL,forecast_offshore_wind_generation,Wind Offshore,2026-07-26T16:36:36Z
2026-07-26T16:33:47Z,2026-07-26T18:33:47+0200,74eb74bd-8b1d-47e4-abd1-e66c3ea271fa,2026-07-21T06:45:00Z,2026-07-21T08:45:00+0200,112.0,MW,NL,NL,forecast_offshore_wind_generation,Wind Offshore,2026-07-26T16:36:36Z
2026-07-26T16:33:47Z,2026-07-26T18:33:47+0200,74eb74bd-8b1d-47e4-abd1-e66c3ea271fa,2026-07-21T07:00:00Z,2026-07-21T09:00:00+0200,118.0,MW,NL,NL,forecast_offshore_wind_generation,Wind Offshore,2026-07-26T16:36:36Z
2026-07-26T16:33:47Z,2026-07-26T18:33:47+0200,74eb74bd-8b1d-47e4-abd1-e66c3ea271fa,2026-07-21T07:15:00Z,2026-07-21T09:15:00+0200,123.0,MW,NL,NL,forecast_offshore_wind_generation,Wind Offshore,2026-07-26T16:36:36Z
2026-07-26T16:33:47Z,2026-07-26T18:33:47+0200,74eb74bd-8b1d-47e4-abd1-e66c3ea271fa,2026-07-21T07:30:00Z,2026-07-21T09:30:00+0200,127.0,MW,NL,NL,forecast_offshore_wind_generation,Wind Offshore,2026-07-26T16:36:36Z
2026-07-26T16:33:47Z,2026-07-26T18:33:47+0200,74eb74bd-8b1d-47e4-abd1-e66c3ea271fa,2026-07-21T07:45:00Z,2026-07-21T09:45:00+0200,132.0,MW,NL,NL,forecast_offshore_wind_generation,Wind Offshore,2026-07-26T16:36:36Z
2026-07-26T16:33:47Z,2026-07-26T18:33:47+0200,74eb74bd-8b1d-47e4-abd1-e66c3ea271fa,2026-07-21T08:00:00Z,2026-07-21T10:00:00+0200,137.0,MW,NL,NL,forecast_offshore_wind_generation,Wind Offshore,2026-07-26T16:36:36Z
2026-07-26T16:33:47Z,2026-07-26T18:33:47+0200,74eb74bd-8b1d-47e4-abd1-e66c3ea271fa,2026-07-21T08:15:00Z,2026-07-21T10:15:00+0200,143.0,MW,NL,NL,forecast_offshore_wind_generation,Wind Offshore,2026-07-26T16:36:36Z
2026-07-26T16:33:47Z,2026-07-26T18:33:47+0200,74eb74bd-8b1d-47e4-abd1-e66c3ea271fa,2026-07-21T08:30:00Z,2026-07-21T10:30:00+0200,152.0,MW,NL,NL,forecast_offshore_wind_generation,Wind Offshore,2026-07-26T16:36:36Z
2026-07-26T16:33:47Z,2026-07-26T18:33:47+0200,74eb74bd-8b1d-47e4-abd1-e66c3ea271fa,2026-07-21T08:45:00Z,2026-07-21T10:45:00+0200,160.0,MW,NL,NL,forecast_offshore_wind_generation,Wind Offshore,2026-07-26T16:36:36Z
2026-07-26T16:33:47Z,2026-07-26T18:33:47+0200,74eb74bd-8b1d-47e4-abd1-e66c3ea271fa,2026-07-21T09:00:00Z,2026-07-21T11:00:00+0200,168.0,MW,NL,NL,forecast_offshore_wind_generation,Wind Offshore,2026-07-26T16:36:36Z
2026-07-26T16:33:47Z,2026-07-26T18:33:47+0200,74eb74bd-8b1d-47e4-abd1-e66c3ea271fa,2026-07-21T09:15:00Z,2026-07-21T11:15:00+0200,175.0,MW,NL,NL,forecast_offshore_wind_generation,Wind Offshore,2026-07-26T16:36:36Z
2026-07-26T16:33:47Z,2026-07-26T18:33:47+0200,74eb74bd-8b1d-47e4-abd1-e66c3ea271fa,2026-07-21T09:30:00Z,2026-07-21T11:30:00+0200,183.0,MW,NL,NL,forecast_offshore_wind_generation,Wind Offshore,2026-07-26T16:36:36Z
2026-07-26T16:33:47Z,2026-07-26T18:33:47+0200,74eb74bd-8b1d-47e4-abd1-e66c3ea271fa,2026-07-21T09:45:00Z,2026-07-21T11:45:00+0200,190.0,MW,NL,NL,forecast_offshore_wind_generation,Wind Offshore,2026-07-26T16:36:36Z
2026-07-26T16:33:47Z,2026-07-26T18:33:47+0200,74eb74bd-8b1d-47e4-abd1-e66c3ea271fa,2026-07-21T10:00:00Z,2026-07-21T12:00:00+0200,197.0,MW,NL,NL,forecast_offshore_wind_generation,Wind Offshore,2026-07-26T16:36:36Z
2026-07-26T16:33:47Z,2026-07-26T18:33:47+0200,74eb74bd-8b1d-47e4-abd1-e66c3ea271fa,2026-07-21T10:15:00Z,2026-07-21T12:15:00+0200,202.0,MW,NL,NL,forecast_offshore_wind_generation,Wind Offshore,2026-07-26T16:36:36Z
2026-07-26T16:33:47Z,2026-07-26T18:33:47+0200,74eb74bd-8b1d-47e4-abd1-e66c3ea271fa,2026-07-21T10:30:00Z,2026-07-21T12:30:00+0200,205.0,MW,NL,NL,forecast_offshore_wind_generation,Wind Offshore,2026-07-26T16:36:36Z
2026-07-26T16:33:47Z,2026-07-26T18:33:47+0200,74eb74bd-8b1d-47e4-abd1-e66c3ea271fa,2026-07-21T10:45:00Z,2026-07-21T12:45:00+0200,208.0,MW,NL,NL,forecast_offshore_wind_generation,Wind Offshore,2026-07-26T16:36:36Z
2026-07-26T16:33:47Z,2026-07-26T18:33:47+0200,74eb74bd-8b1d-47e4-abd1-e66c3ea271fa,2026-07-21T11:00:00Z,2026-07-21T13:00:00+0200,211.0,MW,NL,NL,forecast_offshore_wind_generation,Wind Offshore,2026-07-26T16:36:36Z
2026-07-26T16:33:47Z,2026-07-26T18:33:47+0200,74eb74bd-8b1d-47e4-abd1-e66c3ea271fa,2026-07-21T11:15:00Z,2026-07-21T13:15:00+0200,216.0,MW,NL,NL,forecast_offshore_wind_generation,Wind Offshore,2026-07-26T16:36:36Z
2026-07-26T16:33:47Z,2026-07-26T18:33:47+0200,74eb74bd-8b1d-47e4-abd1-e66c3ea271fa,2026-07-21T11:30:00Z,2026-07-21T13:30:00+0200,224.0,MW,NL,NL,forecast_offshore_wind_generation,Wind Offshore,2026-07-26T16:36:36Z
2026-07-26T16:33:47Z,2026-07-26T18:33:47+0200,74eb74bd-8b1d-47e4-abd1-e66c3ea271fa,2026-07-21T11:45:00Z,2026-07-21T13:45:00+0200,231.0,MW,NL,NL,forecast_offshore_wind_generation,Wind Offshore,2026-07-26T16:36:36Z
2026-07-26T16:33:47Z,2026-07-26T18:33:47+0200,74eb74bd-8b1d-47e4-abd1-e66c3ea271fa,2026-07-21T12:00:00Z,2026-07-21T14:00:00+0200,238.0,MW,NL,NL,forecast_offshore_wind_generation,Wind Offshore,2026-07-26T16:36:36Z
2026-07-26T16:33:47Z,2026-07-26T18:33:47+0200,74eb74bd-8b1d-47e4-abd1-e66c3ea271fa,2026-07-21T12:15:00Z,2026-07-21T14:15:00+0200,249.0,MW,NL,NL,forecast_offshore_wind_generation,Wind Offshore,2026-07-26T16:36:36Z
2026-07-26T16:33:47Z,2026-07-26T18:33:47+0200,74eb74bd-8b1d-47e4-abd1-e66c3ea271fa,2026-07-21T12:30:00Z,2026-07-21T14:30:00+0200,264.0,MW,NL,NL,forecast_offshore_wind_generation,Wind Offshore,2026-07-26T16:36:36Z
2026-07-26T16:33:47Z,2026-07-26T18:33:47+0200,74eb74bd-8b1d-47e4-abd1-e66c3ea271fa,2026-07-21T12:45:00Z,2026-07-21T14:45:00+0200,279.0,MW,NL,NL,forecast_offshore_wind_generation,Wind Offshore,2026-07-26T16:36:36Z
2026-07-26T16:33:47Z,2026-07-26T18:33:47+0200,74eb74bd-8b1d-47e4-abd1-e66c3ea271fa,2026-07-21T13:00:00Z,2026-07-21T15:00:00+0200,294.0,MW,NL,NL,forecast_offshore_wind_generation,Wind Offshore,2026-07-26T16:36:36Z
2026-07-26T16:33:47Z,2026-07-26T18:33:47+0200,74eb74bd-8b1d-47e4-abd1-e66c3ea271fa,2026-07-21T13:15:00Z,2026-07-21T15:15:00+0200,311.0,MW,NL,NL,forecast_offshore_wind_generation,Wind Offshore,2026-07-26T16:36:36Z
2026-07-26T16:33:47Z,2026-07-26T18:33:47+0200,74eb74bd-8b1d-47e4-abd1-e66c3ea271fa,2026-07-21T13:30:00Z,2026-07-21T15:30:00+0200,331.0,MW,NL,NL,forecast_offshore_wind_generation,Wind Offshore,2026-07-26T16:36:36Z
2026-07-26T16:33:47Z,2026-07-26T18:33:47+0200,74eb74bd-8b1d-47e4-abd1-e66c3ea271fa,2026-07-21T13:45:00Z,2026-07-21T15:45:00+0200,350.0,MW,NL,NL,forecast_offshore_wind_generation,Wind Offshore,2026-07-26T16:36:36Z
2026-07-26T16:33:47Z,2026-07-26T18:33:47+0200,74eb74bd-8b1d-47e4-abd1-e66c3ea271fa,2026-07-21T14:00:00Z,2026-07-21T16:00:00+0200,369.0,MW,NL,NL,forecast_offshore_wind_generation,Wind Offshore,2026-07-26T16:36:36Z
2026-07-26T16:33:47Z,2026-07-26T18:33:47+0200,74eb74bd-8b1d-47e4-abd1-e66c3ea271fa,2026-07-21T14:15:00Z,2026-07-21T16:15:00+0200,389.0,MW,NL,NL,forecast_offshore_wind_generation,Wind Offshore,2026-07-26T16:36:36Z
2026-07-26T16:33:47Z,2026-07-26T18:33:47+0200,74eb74bd-8b1d-47e4-abd1-e66c3ea271fa,2026-07-21T14:30:00Z,2026-07-21T16:30:00+0200,408.0,MW,NL,NL,forecast_offshore_wind_generation,Wind Offshore,2026-07-26T16:36:36Z
2026-07-26T16:33:47Z,2026-07-26T18:33:47+0200,74eb74bd-8b1d-47e4-abd1-e66c3ea271fa,2026-07-21T14:45:00Z,2026-07-21T16:45:00+0200,428.0,MW,NL,NL,forecast_offshore_wind_generation,Wind Offshore,2026-07-26T16:36:36Z
2026-07-26T16:33:47Z,2026-07-26T18:33:47+0200,74eb74bd-8b1d-47e4-abd1-e66c3ea271fa,2026-07-21T15:00:00Z,2026-07-21T17:00:00+0200,448.0,MW,NL,NL,forecast_offshore_wind_generation,Wind Offshore,2026-07-26T16:36:36Z
2026-07-26T16:33:47Z,2026-07-26T18:33:47+0200,74eb74bd-8b1d-47e4-abd1-e66c3ea271fa,2026-07-21T15:15:00Z,2026-07-21T17:15:00+0200,464.0,MW,NL,NL,forecast_offshore_wind_generation,Wind Offshore,2026-07-26T16:36:36Z
2026-07-26T16:33:47Z,2026-07-26T18:33:47+0200,74eb74bd-8b1d-47e4-abd1-e66c3ea271fa,2026-07-21T15:30:00Z,2026-07-21T17:30:00+0200,476.0,MW,NL,NL,forecast_offshore_wind_generation,Wind Offshore,2026-07-26T16:36:36Z
2026-07-26T16:33:47Z,2026-07-26T18:33:47+0200,74eb74bd-8b1d-47e4-abd1-e66c3ea271fa,2026-07-21T15:45:00Z,2026-07-21T17:45:00+0200,489.0,MW,NL,NL,forecast_offshore_wind_generation,Wind Offshore,2026-07-26T16:36:36Z
2026-07-26T16:33:47Z,2026-07-26T18:33:47+0200,74eb74bd-8b1d-47e4-abd1-e66c3ea271fa,2026-07-21T16:00:00Z,2026-07-21T18:00:00+0200,502.0,MW,NL,NL,forecast_offshore_wind_generation,Wind Offshore,2026-07-26T16:36:36Z
2026-07-26T16:33:47Z,2026-07-26T18:33:47+0200,74eb74bd-8b1d-47e4-abd1-e66c3ea271fa,2026-07-21T16:15:00Z,2026-07-21T18:15:00+0200,513.0,MW,NL,NL,forecast_offshore_wind_generation,Wind Offshore,2026-07-26T16:36:36Z
2026-07-26T16:33:47Z,2026-07-26T18:33:47+0200,74eb74bd-8b1d-47e4-abd1-e66c3ea271fa,2026-07-21T16:30:00Z,2026-07-21T18:30:00+0200,524.0,MW,NL,NL,forecast_offshore_wind_generation,Wind Offshore,2026-07-26T16:36:36Z
2026-07-26T16:33:47Z,2026-07-26T18:33:47+0200,74eb74bd-8b1d-47e4-abd1-e66c3ea271fa,2026-07-21T16:45:00Z,2026-07-21T18:45:00+0200,536.0,MW,NL,NL,forecast_offshore_wind_generation,Wind Offshore,2026-07-26T16:36:36Z
2026-07-26T16:33:47Z,2026-07-26T18:33:47+0200,74eb74bd-8b1d-47e4-abd1-e66c3ea271fa,2026-07-21T17:00:00Z,2026-07-21T19:00:00+0200,547.0,MW,NL,NL,forecast_offshore_wind_generation,Wind Offshore,2026-07-26T16:36:36Z
2026-07-26T16:33:47Z,2026-07-26T18:33:47+0200,74eb74bd-8b1d-47e4-abd1-e66c3ea271fa,2026-07-21T17:15:00Z,2026-07-21T19:15:00+0200,551.0,MW,NL,NL,forecast_offshore_wind_generation,Wind Offshore,2026-07-26T16:36:36Z
2026-07-26T16:33:47Z,2026-07-26T18:33:47+0200,74eb74bd-8b1d-47e4-abd1-e66c3ea271fa,2026-07-21T17:30:00Z,2026-07-21T19:30:00+0200,549.0,MW,NL,NL,forecast_offshore_wind_generation,Wind Offshore,2026-07-26T16:36:36Z
2026-07-26T16:33:47Z,2026-07-26T18:33:47+0200,74eb74bd-8b1d-47e4-abd1-e66c3ea271fa,2026-07-21T17:45:00Z,2026-07-21T19:45:00+0200,547.0,MW,NL,NL,forecast_offshore_wind_generation,Wind Offshore,2026-07-26T16:36:36Z
2026-07-26T16:33:47Z,2026-07-26T18:33:47+0200,74eb74bd-8b1d-47e4-abd1-e66c3ea271fa,2026-07-21T18:00:00Z,2026-07-21T20:00:00+0200,545.0,MW,NL,NL,forecast_offshore_wind_generation,Wind Offshore,2026-07-26T16:36:36Z
2026-07-26T16:33:47Z,2026-07-26T18:33:47+0200,74eb74bd-8b1d-47e4-abd1-e66c3ea271fa,2026-07-21T18:15:00Z,2026-07-21T20:15:00+0200,536.0,MW,NL,NL,forecast_offshore_wind_generation,Wind Offshore,2026-07-26T16:36:36Z
2026-07-26T16:33:47Z,2026-07-26T18:33:47+0200,74eb74bd-8b1d-47e4-abd1-e66c3ea271fa,2026-07-21T18:30:00Z,2026-07-21T20:30:00+0200,520.0,MW,NL,NL,forecast_offshore_wind_generation,Wind Offshore,2026-07-26T16:36:36Z
2026-07-26T16:33:47Z,2026-07-26T18:33:47+0200,74eb74bd-8b1d-47e4-abd1-e66c3ea271fa,2026-07-21T18:45:00Z,2026-07-21T20:45:00+0200,505.0,MW,NL,NL,forecast_offshore_wind_generation,Wind Offshore,2026-07-26T16:36:36Z
2026-07-26T16:33:47Z,2026-07-26T18:33:47+0200,74eb74bd-8b1d-47e4-abd1-e66c3ea271fa,2026-07-21T19:00:00Z,2026-07-21T21:00:00+0200,489.0,MW,NL,NL,forecast_offshore_wind_generation,Wind Offshore,2026-07-26T16:36:36Z
2026-07-26T16:33:47Z,2026-07-26T18:33:47+0200,74eb74bd-8b1d-47e4-abd1-e66c3ea271fa,2026-07-21T19:15:00Z,2026-07-21T21:15:00+0200,463.0,MW,NL,NL,forecast_offshore_wind_generation,Wind Offshore,2026-07-26T16:36:36Z
2026-07-26T16:33:47Z,2026-07-26T18:33:47+0200,74eb74bd-8b1d-47e4-abd1-e66c3ea271fa,2026-07-21T19:30:00Z,2026-07-21T21:30:00+0200,425.0,MW,NL,NL,forecast_offshore_wind_generation,Wind Offshore,2026-07-26T16:36:36Z
2026-07-26T16:33:47Z,2026-07-26T18:33:47+0200,74eb74bd-8b1d-47e4-abd1-e66c3ea271fa,2026-07-21T19:45:00Z,2026-07-21T21:45:00+0200,388.0,MW,NL,NL,forecast_offshore_wind_generation,Wind Offshore,2026-07-26T16:36:36Z
2026-07-26T16:33:47Z,2026-07-26T18:33:47+0200,74eb74bd-8b1d-47e4-abd1-e66c3ea271fa,2026-07-21T20:00:00Z,2026-07-21T22:00:00+0200,350.0,MW,NL,NL,forecast_offshore_wind_generation,Wind Offshore,2026-07-26T16:36:36Z
2026-07-26T16:33:47Z,2026-07-26T18:33:47+0200,74eb74bd-8b1d-47e4-abd1-e66c3ea271fa,2026-07-21T20:15:00Z,2026-07-21T22:15:00+0200,323.0,MW,NL,NL,forecast_offshore_wind_generation,Wind Offshore,2026-07-26T16:36:36Z
2026-07-26T16:33:47Z,2026-07-26T18:33:47+0200,74eb74bd-8b1d-47e4-abd1-e66c3ea271fa,2026-07-21T20:30:00Z,2026-07-21T22:30:00+0200,306.0,MW,NL,NL,forecast_offshore_wind_generation,Wind Offshore,2026-07-26T16:36:36Z
2026-07-26T16:33:47Z,2026-07-26T18:33:47+0200,74eb74bd-8b1d-47e4-abd1-e66c3ea271fa,2026-07-21T20:45:00Z,2026-07-21T22:45:00+0200,288.0,MW,NL,NL,forecast_offshore_wind_generation,Wind Offshore,2026-07-26T16:36:36Z
2026-07-26T16:33:47Z,2026-07-26T18:33:47+0200,74eb74bd-8b1d-47e4-abd1-e66c3ea271fa,2026-07-21T21:00:00Z,2026-07-21T23:00:00+0200,271.0,MW,NL,NL,forecast_offshore_wind_generation,Wind Offshore,2026-07-26T16:36:36Z
2026-07-26T16:33:47Z,2026-07-26T18:33:47+0200,74eb74bd-8b1d-47e4-abd1-e66c3ea271fa,2026-07-21T21:15:00Z,2026-07-21T23:15:00+0200,263.0,MW,NL,NL,forecast_offshore_wind_generation,Wind Offshore,2026-07-26T16:36:36Z
2026-07-26T16:33:47Z,2026-07-26T18:33:47+0200,74eb74bd-8b1d-47e4-abd1-e66c3ea271fa,2026-07-21T21:30:00Z,2026-07-21T23:30:00+0200,262.0,MW,NL,NL,forecast_offshore_wind_generation,Wind Offshore,2026-07-26T16:36:36Z
2026-07-26T16:33:47Z,2026-07-26T18:33:47+0200,74eb74bd-8b1d-47e4-abd1-e66c3ea271fa,2026-07-21T21:45:00Z,2026-07-21T23:45:00+0200,262.0,MW,NL,NL,forecast_offshore_wind_generation,Wind Offshore,2026-07-26T16:36:36Z
2026-07-26T16:33:47Z,2026-07-26T18:33:47+0200,74eb74bd-8b1d-47e4-abd1-e66c3ea271fa,2026-07-21T22:00:00Z,2026-07-22T00:00:00+0200,164.0,MW,NL,NL,forecast_offshore_wind_generation,Wind Offshore,2026-07-26T16:36:36Z
2026-07-26T16:33:47Z,2026-07-26T18:33:47+0200,74eb74bd-8b1d-47e4-abd1-e66c3ea271fa,2026-07-21T22:15:00Z,2026-07-22T00:15:00+0200,161.0,MW,NL,NL,forecast_offshore_wind_generation,Wind Offshore,2026-07-26T16:36:36Z
2026-07-26T16:33:47Z,2026-07-26T18:33:47+0200,74eb74bd-8b1d-47e4-abd1-e66c3ea271fa,2026-07-21T22:30:00Z,2026-07-22T00:30:00+0200,158.0,MW,NL,NL,forecast_offshore_wind_generation,Wind Offshore,2026-07-26T16:36:36Z
2026-07-26T16:33:47Z,2026-07-26T18:33:47+0200,74eb74bd-8b1d-47e4-abd1-e66c3ea271fa,2026-07-21T22:45:00Z,2026-07-22T00:45:00+0200,154.0,MW,NL,NL,forecast_offshore_wind_generation,Wind Offshore,2026-07-26T16:36:36Z
2026-07-26T16:33:47Z,2026-07-26T18:33:47+0200,74eb74bd-8b1d-47e4-abd1-e66c3ea271fa,2026-07-21T23:00:00Z,2026-07-22T01:00:00+0200,151.0,MW,NL,NL,forecast_offshore_wind_generation,Wind Offshore,2026-07-26T16:36:36Z
2026-07-26T16:33:47Z,2026-07-26T18:33:47+0200,74eb74bd-8b1d-47e4-abd1-e66c3ea271fa,2026-07-21T23:15:00Z,2026-07-22T01:15:00+0200,150.0,MW,NL,NL,forecast_offshore_wind_generation,Wind Offshore,2026-07-26T16:36:36Z
2026-07-26T16:33:47Z,2026-07-26T18:33:47+0200,74eb74bd-8b1d-47e4-abd1-e66c3ea271fa,2026-07-21T23:30:00Z,2026-07-22T01:30:00+0200,151.0,MW,NL,NL,forecast_offshore_wind_generation,Wind Offshore,2026-07-26T16:36:36Z
2026-07-26T16:33:47Z,2026-07-26T18:33:47+0200,74eb74bd-8b1d-47e4-abd1-e66c3ea271fa,2026-07-21T23:45:00Z,2026-07-22T01:45:00+0200,151.0,MW,NL,NL,forecast_offshore_wind_generation,Wind Offshore,2026-07-26T16:36:36Z
2026-07-26T16:33:47Z,2026-07-26T18:33:47+0200,74eb74bd-8b1d-47e4-abd1-e66c3ea271fa,2026-07-22T00:00:00Z,2026-07-22T02:00:00+0200,152.0,MW,NL,NL,forecast_offshore_wind_generation,Wind Offshore,2026-07-26T16:36:36Z
2026-07-26T16:33:47Z,2026-07-26T18:33:47+0200,74eb74bd-8b1d-47e4-abd1-e66c3ea271fa,2026-07-22T00:15:00Z,2026-07-22T02:15:00+0200,155.0,MW,NL,NL,forecast_offshore_wind_generation,Wind Offshore,2026-07-26T16:36:36Z
2026-07-26T16:33:47Z,2026-07-26T18:33:47+0200,74eb74bd-8b1d-47e4-abd1-e66c3ea271fa,2026-07-22T00:30:00Z,2026-07-22T02:30:00+0200,160.0,MW,NL,NL,forecast_offshore_wind_generation,Wind Offshore,2026-07-26T16:36:36Z
2026-07-26T16:33:47Z,2026-07-26T18:33:47+0200,74eb74bd-8b1d-47e4-abd1-e66c3ea271fa,2026-07-22T00:45:00Z,2026-07-22T02:45:00+0200,166.0,MW,NL,NL,forecast_offshore_wind_generation,Wind Offshore,2026-07-26T16:36:36Z
2026-07-26T16:33:47Z,2026-07-26T18:33:47+0200,74eb74bd-8b1d-47e4-abd1-e66c3ea271fa,2026-07-22T01:00:00Z,2026-07-22T03:00:00+0200,171.0,MW,NL,NL,forecast_offshore_wind_generation,Wind Offshore,2026-07-26T16:36:36Z
2026-07-26T16:33:47Z,2026-07-26T18:33:47+0200,74eb74bd-8b1d-47e4-abd1-e66c3ea271fa,2026-07-22T01:15:00Z,2026-07-22T03:15:00+0200,180.0,MW,NL,NL,forecast_offshore_wind_generation,Wind Offshore,2026-07-26T16:36:36Z
2026-07-26T16:33:47Z,2026-07-26T18:33:47+0200,74eb74bd-8b1d-47e4-abd1-e66c3ea271fa,2026-07-22T01:30:00Z,2026-07-22T03:30:00+0200,192.0,MW,NL,NL,forecast_offshore_wind_generation,Wind Offshore,2026-07-26T16:36:36Z
2026-07-26T16:33:47Z,2026-07-26T18:33:47+0200,74eb74bd-8b1d-47e4-abd1-e66c3ea271fa,2026-07-22T01:45:00Z,2026-07-22T03:45:00+0200,203.0,MW,NL,NL,forecast_offshore_wind_generation,Wind Offshore,2026-07-26T16:36:36Z
2026-07-26T16:33:47Z,2026-07-26T18:33:47+0200,74eb74bd-8b1d-47e4-abd1-e66c3ea271fa,2026-07-22T02:00:00Z,2026-07-22T04:00:00+0200,215.0,MW,NL,NL,forecast_offshore_wind_generation,Wind Offshore,2026-07-26T16:36:36Z
2026-07-26T16:33:47Z,2026-07-26T18:33:47+0200,74eb74bd-8b1d-47e4-abd1-e66c3ea271fa,2026-07-22T02:15:00Z,2026-07-22T04:15:00+0200,228.0,MW,NL,NL,forecast_offshore_wind_generation,Wind Offshore,2026-07-26T16:36:36Z
2026-07-26T16:33:47Z,2026-07-26T18:33:47+0200,74eb74bd-8b1d-47e4-abd1-e66c3ea271fa,2026-07-22T02:30:00Z,2026-07-22T04:30:00+0200,242.0,MW,NL,NL,forecast_offshore_wind_generation,Wind Offshore,2026-07-26T16:36:36Z
2026-07-26T16:33:47Z,2026-07-26T18:33:47+0200,74eb74bd-8b1d-47e4-abd1-e66c3ea271fa,2026-07-22T02:45:00Z,2026-07-22T04:45:00+0200,257.0,MW,NL,NL,forecast_offshore_wind_generation,Wind Offshore,2026-07-26T16:36:36Z
2026-07-26T16:33:47Z,2026-07-26T18:33:47+0200,74eb74bd-8b1d-47e4-abd1-e66c3ea271fa,2026-07-22T03:00:00Z,2026-07-22T05:00:00+0200,271.0,MW,NL,NL,forecast_offshore_wind_generation,Wind Offshore,2026-07-26T16:36:36Z
2026-07-26T16:33:47Z,2026-07-26T18:33:47+0200,74eb74bd-8b1d-47e4-abd1-e66c3ea271fa,2026-07-22T03:15:00Z,2026-07-22T05:15:00+0200,285.0,MW,NL,NL,forecast_offshore_wind_generation,Wind Offshore,2026-07-26T16:36:36Z
2026-07-26T16:33:47Z,2026-07-26T18:33:47+0200,74eb74bd-8b1d-47e4-abd1-e66c3ea271fa,2026-07-22T03:30:00Z,2026-07-22T05:30:00+0200,297.0,MW,NL,NL,forecast_offshore_wind_generation,Wind Offshore,2026-07-26T16:36:36Z
2026-07-26T16:33:47Z,2026-07-26T18:33:47+0200,74eb74bd-8b1d-47e4-abd1-e66c3ea271fa,2026-07-22T03:45:00Z,2026-07-22T05:45:00+0200,310.0,MW,NL,NL,forecast_offshore_wind_generation,Wind Offshore,2026-07-26T16:36:36Z
2026-07-26T16:33:47Z,2026-07-26T18:33:47+0200,74eb74bd-8b1d-47e4-abd1-e66c3ea271fa,2026-07-22T04:00:00Z,2026-07-22T06:00:00+0200,322.0,MW,NL,NL,forecast_offshore_wind_generation,Wind Offshore,2026-07-26T16:36:36Z
2026-07-26T16:33:47Z,2026-07-26T18:33:47+0200,74eb74bd-8b1d-47e4-abd1-e66c3ea271fa,2026-07-22T04:15:00Z,2026-07-22T06:15:00+0200,347.0,MW,NL,NL,forecast_offshore_wind_generation,Wind Offshore,2026-07-26T16:36:36Z
2026-07-26T16:33:47Z,2026-07-26T18:33:47+0200,74eb74bd-8b1d-47e4-abd1-e66c3ea271fa,2026-07-22T04:30:00Z,2026-07-22T06:30:00+0200,382.0,MW,NL,NL,forecast_offshore_wind_generation,Wind Offshore,2026-07-26T16:36:36Z
2026-07-26T16:33:47Z,2026-07-26T18:33:47+0200,74eb74bd-8b1d-47e4-abd1-e66c3ea271fa,2026-07-22T04:45:00Z,2026-07-22T06:45:00+0200,418.0,MW,NL,NL,forecast_offshore_wind_generation,Wind Offshore,2026-07-26T16:36:36Z
2026-07-26T16:33:47Z,2026-07-26T18:33:47+0200,74eb74bd-8b1d-47e4-abd1-e66c3ea271fa,2026-07-22T05:00:00Z,2026-07-22T07:00:00+0200,454.0,MW,NL,NL,forecast_offshore_wind_generation,Wind Offshore,2026-07-26T16:36:36Z
2026-07-26T16:33:47Z,2026-07-26T18:33:47+0200,74eb74bd-8b1d-47e4-abd1-e66c3ea271fa,2026-07-22T05:15:00Z,2026-07-22T07:15:00+0200,484.0,MW,NL,NL,forecast_offshore_wind_generation,Wind Offshore,2026-07-26T16:36:36Z
2026-07-26T16:33:47Z,2026-07-26T18:33:47+0200,74eb74bd-8b1d-47e4-abd1-e66c3ea271fa,2026-07-22T05:30:00Z,2026-07-22T07:30:00+0200,508.0,MW,NL,NL,forecast_offshore_wind_generation,Wind Offshore,2026-07-26T16:36:36Z
2026-07-26T16:33:47Z,2026-07-26T18:33:47+0200,74eb74bd-8b1d-47e4-abd1-e66c3ea271fa,2026-07-22T05:45:00Z,2026-07-22T07:45:00+0200,532.0,MW,NL,NL,forecast_offshore_wind_generation,Wind Offshore,2026-07-26T16:36:36Z
2026-07-26T16:33:47Z,2026-07-26T18:33:47+0200,74eb74bd-8b1d-47e4-abd1-e66c3ea271fa,2026-07-22T06:00:00Z,2026-07-22T08:00:00+0200,556.0,MW,NL,NL,forecast_offshore_wind_generation,Wind Offshore,2026-07-26T16:36:36Z
2026-07-26T16:33:47Z,2026-07-26T18:33:47+0200,74eb74bd-8b1d-47e4-abd1-e66c3ea271fa,2026-07-22T06:15:00Z,2026-07-22T08:15:00+0200,581.0,MW,NL,NL,forecast_offshore_wind_generation,Wind Offshore,2026-07-26T16:36:36Z
2026-07-26T16:33:47Z,2026-07-26T18:33:47+0200,74eb74bd-8b1d-47e4-abd1-e66c3ea271fa,2026-07-22T06:30:00Z,2026-07-22T08:30:00+0200,605.0,MW,NL,NL,forecast_offshore_wind_generation,Wind Offshore,2026-07-26T16:36:36Z
2026-07-26T16:33:47Z,2026-07-26T18:33:47+0200,74eb74bd-8b1d-47e4-abd1-e66c3ea271fa,2026-07-22T06:45:00Z,2026-07-22T08:45:00+0200,629.0,MW,NL,NL,forecast_offshore_wind_generation,Wind Offshore,2026-07-26T16:36:36Z
2026-07-26T16:33:47Z,2026-07-26T18:33:47+0200,74eb74bd-8b1d-47e4-abd1-e66c3ea271fa,2026-07-22T07:00:00Z,2026-07-22T09:00:00+0200,653.0,MW,NL,NL,forecast_offshore_wind_generation,Wind Offshore,2026-07-26T16:36:36Z
2026-07-26T16:33:47Z,2026-07-26T18:33:47+0200,74eb74bd-8b1d-47e4-abd1-e66c3ea271fa,2026-07-22T07:15:00Z,2026-07-22T09:15:00+0200,677.0,MW,NL,NL,forecast_offshore_wind_generation,Wind Offshore,2026-07-26T16:36:36Z
2026-07-26T16:33:47Z,2026-07-26T18:33:47+0200,74eb74bd-8b1d-47e4-abd1-e66c3ea271fa,2026-07-22T07:30:00Z,2026-07-22T09:30:00+0200,700.0,MW,NL,NL,forecast_offshore_wind_generation,Wind Offshore,2026-07-26T16:36:36Z
2026-07-26T16:33:47Z,2026-07-26T18:33:47+0200,74eb74bd-8b1d-47e4-abd1-e66c3ea271fa,2026-07-22T07:45:00Z,2026-07-22T09:45:00+0200,724.0,MW,NL,NL,forecast_offshore_wind_generation,Wind Offshore,2026-07-26T16:36:36Z
2026-07-26T16:33:47Z,2026-07-26T18:33:47+0200,74eb74bd-8b1d-47e4-abd1-e66c3ea271fa,2026-07-22T08:00:00Z,2026-07-22T10:00:00+0200,747.0,MW,NL,NL,forecast_offshore_wind_generation,Wind Offshore,2026-07-26T16:36:36Z
2026-07-26T16:33:47Z,2026-07-26T18:33:47+0200,74eb74bd-8b1d-47e4-abd1-e66c3ea271fa,2026-07-22T08:15:00Z,2026-07-22T10:15:00+0200,769.0,MW,NL,NL,forecast_offshore_wind_generation,Wind Offshore,2026-07-26T16:36:36Z
2026-07-26T16:33:47Z,2026-07-26T18:33:47+0200,74eb74bd-8b1d-47e4-abd1-e66c3ea271fa,2026-07-22T08:30:00Z,2026-07-22T10:30:00+0200,789.0,MW,NL,NL,forecast_offshore_wind_generation,Wind Offshore,2026-07-26T16:36:36Z
2026-07-26T16:33:47Z,2026-07-26T18:33:47+0200,74eb74bd-8b1d-47e4-abd1-e66c3ea271fa,2026-07-22T08:45:00Z,2026-07-22T10:45:00+0200,810.0,MW,NL,NL,forecast_offshore_wind_generation,Wind Offshore,2026-07-26T16:36:36Z
2026-07-26T16:33:47Z,2026-07-26T18:33:47+0200,74eb74bd-8b1d-47e4-abd1-e66c3ea271fa,2026-07-22T09:00:00Z,2026-07-22T11:00:00+0200,830.0,MW,NL,NL,forecast_offshore_wind_generation,Wind Offshore,2026-07-26T16:36:36Z
2026-07-26T16:33:47Z,2026-07-26T18:33:47+0200,74eb74bd-8b1d-47e4-abd1-e66c3ea271fa,2026-07-22T09:15:00Z,2026-07-22T11:15:00+0200,850.0,MW,NL,NL,forecast_offshore_wind_generation,Wind Offshore,2026-07-26T16:36:36Z
2026-07-26T16:33:47Z,2026-07-26T18:33:47+0200,74eb74bd-8b1d-47e4-abd1-e66c3ea271fa,2026-07-22T09:30:00Z,2026-07-22T11:30:00+0200,869.0,MW,NL,NL,forecast_offshore_wind_generation,Wind Offshore,2026-07-26T16:36:36Z
2026-07-26T16:33:47Z,2026-07-26T18:33:47+0200,74eb74bd-8b1d-47e4-abd1-e66c3ea271fa,2026-07-22T09:45:00Z,2026-07-22T11:45:00+0200,888.0,MW,NL,NL,forecast_offshore_wind_generation,Wind Offshore,2026-07-26T16:36:36Z
2026-07-26T16:33:47Z,2026-07-26T18:33:47+0200,74eb74bd-8b1d-47e4-abd1-e66c3ea271fa,2026-07-22T10:00:00Z,2026-07-22T12:00:00+0200,907.0,MW,NL,NL,forecast_offshore_wind_generation,Wind Offshore,2026-07-26T16:36:36Z
2026-07-26T16:33:47Z,2026-07-26T18:33:47+0200,74eb74bd-8b1d-47e4-abd1-e66c3ea271fa,2026-07-22T10:15:00Z,2026-07-22T12:15:00+0200,925.0,MW,NL,NL,forecast_offshore_wind_generation,Wind Offshore,2026-07-26T16:36:36Z
2026-07-26T16:33:47Z,2026-07-26T18:33:47+0200,74eb74bd-8b1d-47e4-abd1-e66c3ea271fa,2026-07-22T10:30:00Z,2026-07-22T12:30:00+0200,943.0,MW,NL,NL,forecast_offshore_wind_generation,Wind Offshore,2026-07-26T16:36:36Z
2026-07-26T16:33:47Z,2026-07-26T18:33:47+0200,74eb74bd-8b1d-47e4-abd1-e66c3ea271fa,2026-07-22T10:45:00Z,2026-07-22T12:45:00+0200,961.0,MW,NL,NL,forecast_offshore_wind_generation,Wind Offshore,2026-07-26T16:36:36Z
2026-07-26T16:33:47Z,2026-07-26T18:33:47+0200,74eb74bd-8b1d-47e4-abd1-e66c3ea271fa,2026-07-22T11:00:00Z,2026-07-22T13:00:00+0200,979.0,MW,NL,NL,forecast_offshore_wind_generation,Wind Offshore,2026-07-26T16:36:36Z
2026-07-26T16:33:47Z,2026-07-26T18:33:47+0200,74eb74bd-8b1d-47e4-abd1-e66c3ea271fa,2026-07-22T11:15:00Z,2026-07-22T13:15:00+0200,992.0,MW,NL,NL,forecast_offshore_wind_generation,Wind Offshore,2026-07-26T16:36:36Z
2026-07-26T16:33:47Z,2026-07-26T18:33:47+0200,74eb74bd-8b1d-47e4-abd1-e66c3ea271fa,2026-07-22T11:30:00Z,2026-07-22T13:30:00+0200,1002.0,MW,NL,NL,forecast_offshore_wind_generation,Wind Offshore,2026-07-26T16:36:36Z
2026-07-26T16:33:47Z,2026-07-26T18:33:47+0200,74eb74bd-8b1d-47e4-abd1-e66c3ea271fa,2026-07-22T11:45:00Z,2026-07-22T13:45:00+0200,1011.0,MW,NL,NL,forecast_offshore_wind_generation,Wind Offshore,2026-07-26T16:36:36Z
2026-07-26T16:33:47Z,2026-07-26T18:33:47+0200,74eb74bd-8b1d-47e4-abd1-e66c3ea271fa,2026-07-22T12:00:00Z,2026-07-22T14:00:00+0200,1021.0,MW,NL,NL,forecast_offshore_wind_generation,Wind Offshore,2026-07-26T16:36:36Z
2026-07-26T16:33:47Z,2026-07-26T18:33:47+0200,74eb74bd-8b1d-47e4-abd1-e66c3ea271fa,2026-07-22T12:15:00Z,2026-07-22T14:15:00+0200,1023.0,MW,NL,NL,forecast_offshore_wind_generation,Wind Offshore,2026-07-26T16:36:36Z
2026-07-26T16:33:47Z,2026-07-26T18:33:47+0200,74eb74bd-8b1d-47e4-abd1-e66c3ea271fa,2026-07-22T12:30:00Z,2026-07-22T14:30:00+0200,1018.0,MW,NL,NL,forecast_offshore_wind_generation,Wind Offshore,2026-07-26T16:36:36Z
2026-07-26T16:33:47Z,2026-07-26T18:33:47+0200,74eb74bd-8b1d-47e4-abd1-e66c3ea271fa,2026-07-22T12:45:00Z,2026-07-22T14:45:00+0200,1013.0,MW,NL,NL,forecast_offshore_wind_generation,Wind Offshore,2026-07-26T16:36:36Z
2026-07-26T16:33:47Z,2026-07-26T18:33:47+0200,74eb74bd-8b1d-47e4-abd1-e66c3ea271fa,2026-07-22T13:00:00Z,2026-07-22T15:00:00+0200,1008.0,MW,NL,NL,forecast_offshore_wind_generation,Wind Offshore,2026-07-26T16:36:36Z
2026-07-26T16:33:47Z,2026-07-26T18:33:47+0200,74eb74bd-8b1d-47e4-abd1-e66c3ea271fa,2026-07-22T13:15:00Z,2026-07-22T15:15:00+0200,994.0,MW,NL,NL,forecast_offshore_wind_generation,Wind Offshore,2026-07-26T16:36:36Z
2026-07-26T16:33:47Z,2026-07-26T18:33:47+0200,74eb74bd-8b1d-47e4-abd1-e66c3ea271fa,2026-07-22T13:30:00Z,2026-07-22T15:30:00+0200,972.0,MW,NL,NL,forecast_offshore_wind_generation,Wind Offshore,2026-07-26T16:36:36Z
2026-07-26T16:33:47Z,2026-07-26T18:33:47+0200,74eb74bd-8b1d-47e4-abd1-e66c3ea271fa,2026-07-22T13:45:00Z,2026-07-22T15:45:00+0200,950.0,MW,NL,NL,forecast_offshore_wind_generation,Wind Offshore,2026-07-26T16:36:36Z
2026-07-26T16:33:47Z,2026-07-26T18:33:47+0200,74eb74bd-8b1d-47e4-abd1-e66c3ea271fa,2026-07-22T14:00:00Z,2026-07-22T16:00:00+0200,928.0,MW,NL,NL,forecast_offshore_wind_generation,Wind Offshore,2026-07-26T16:36:36Z
2026-07-26T16:33:47Z,2026-07-26T18:33:47+0200,74eb74bd-8b1d-47e4-abd1-e66c3ea271fa,2026-07-22T14:15:00Z,2026-07-22T16:15:00+0200,909.0,MW,NL,NL,forecast_offshore_wind_generation,Wind Offshore,2026-07-26T16:36:36Z
2026-07-26T16:33:47Z,2026-07-26T18:33:47+0200,74eb74bd-8b1d-47e4-abd1-e66c3ea271fa,2026-07-22T14:30:00Z,2026-07-22T16:30:00+0200,892.0,MW,NL,NL,forecast_offshore_wind_generation,Wind Offshore,2026-07-26T16:36:36Z
2026-07-26T16:33:47Z,2026-07-26T18:33:47+0200,74eb74bd-8b1d-47e4-abd1-e66c3ea271fa,2026-07-22T14:45:00Z,2026-07-22T16:45:00+0200,876.0,MW,NL,NL,forecast_offshore_wind_generation,Wind Offshore,2026-07-26T16:36:36Z
2026-07-26T16:33:47Z,2026-07-26T18:33:47+0200,74eb74bd-8b1d-47e4-abd1-e66c3ea271fa,2026-07-22T15:00:00Z,2026-07-22T17:00:00+0200,859.0,MW,NL,NL,forecast_offshore_wind_generation,Wind Offshore,2026-07-26T16:36:36Z
2026-07-26T16:33:47Z,2026-07-26T18:33:47+0200,74eb74bd-8b1d-47e4-abd1-e66c3ea271fa,2026-07-22T15:15:00Z,2026-07-22T17:15:00+0200,842.0,MW,NL,NL,forecast_offshore_wind_generation,Wind Offshore,2026-07-26T16:36:36Z
2026-07-26T16:33:47Z,2026-07-26T18:33:47+0200,74eb74bd-8b1d-47e4-abd1-e66c3ea271fa,2026-07-22T15:30:00Z,2026-07-22T17:30:00+0200,825.0,MW,NL,NL,forecast_offshore_wind_generation,Wind Offshore,2026-07-26T16:36:36Z
2026-07-26T16:33:47Z,2026-07-26T18:33:47+0200,74eb74bd-8b1d-47e4-abd1-e66c3ea271fa,2026-07-22T15:45:00Z,2026-07-22T17:45:00+0200,808.0,MW,NL,NL,forecast_offshore_wind_generation,Wind Offshore,2026-07-26T16:36:36Z
2026-07-26T16:33:47Z,2026-07-26T18:33:47+0200,74eb74bd-8b1d-47e4-abd1-e66c3ea271fa,2026-07-22T16:00:00Z,2026-07-22T18:00:00+0200,791.0,MW,NL,NL,forecast_offshore_wind_generation,Wind Offshore,2026-07-26T16:36:36Z
2026-07-26T16:33:47Z,2026-07-26T18:33:47+0200,74eb74bd-8b1d-47e4-abd1-e66c3ea271fa,2026-07-22T16:15:00Z,2026-07-22T18:15:00+0200,774.0,MW,NL,NL,forecast_offshore_wind_generation,Wind Offshore,2026-07-26T16:36:36Z
2026-07-26T16:33:47Z,2026-07-26T18:33:47+0200,74eb74bd-8b1d-47e4-abd1-e66c3ea271fa,2026-07-22T16:30:00Z,2026-07-22T18:30:00+0200,756.0,MW,NL,NL,forecast_offshore_wind_generation,Wind Offshore,2026-07-26T16:36:36Z
2026-07-26T16:33:47Z,2026-07-26T18:33:47+0200,74eb74bd-8b1d-47e4-abd1-e66c3ea271fa,2026-07-22T16:45:00Z,2026-07-22T18:45:00+0200,738.0,MW,NL,NL,forecast_offshore_wind_generation,Wind Offshore,2026-07-26T16:36:36Z
2026-07-26T16:33:47Z,2026-07-26T18:33:47+0200,74eb74bd-8b1d-47e4-abd1-e66c3ea271fa,2026-07-22T17:00:00Z,2026-07-22T19:00:00+0200,721.0,MW,NL,NL,forecast_offshore_wind_generation,Wind Offshore,2026-07-26T16:36:36Z
2026-07-26T16:33:47Z,2026-07-26T18:33:47+0200,74eb74bd-8b1d-47e4-abd1-e66c3ea271fa,2026-07-22T17:15:00Z,2026-07-22T19:15:00+0200,709.0,MW,NL,NL,forecast_offshore_wind_generation,Wind Offshore,2026-07-26T16:36:36Z
2026-07-26T16:33:47Z,2026-07-26T18:33:47+0200,74eb74bd-8b1d-47e4-abd1-e66c3ea271fa,2026-07-22T17:30:00Z,2026-07-22T19:30:00+0200,702.0,MW,NL,NL,forecast_offshore_wind_generation,Wind Offshore,2026-07-26T16:36:36Z
2026-07-26T16:33:47Z,2026-07-26T18:33:47+0200,74eb74bd-8b1d-47e4-abd1-e66c3ea271fa,2026-07-22T17:45:00Z,2026-07-22T19:45:00+0200,695.0,MW,NL,NL,forecast_offshore_wind_generation,Wind Offshore,2026-07-26T16:36:36Z
2026-07-26T16:33:47Z,2026-07-26T18:33:47+0200,74eb74bd-8b1d-47e4-abd1-e66c3ea271fa,2026-07-22T18:00:00Z,2026-07-22T20:00:00+0200,688.0,MW,NL,NL,forecast_offshore_wind_generation,Wind Offshore,2026-07-26T16:36:36Z
2026-07-26T16:33:47Z,2026-07-26T18:33:47+0200,74eb74bd-8b1d-47e4-abd1-e66c3ea271fa,2026-07-22T18:15:00Z,2026-07-22T20:15:00+0200,678.0,MW,NL,NL,forecast_offshore_wind_generation,Wind Offshore,2026-07-26T16:36:36Z
2026-07-26T16:33:47Z,2026-07-26T18:33:47+0200,74eb74bd-8b1d-47e4-abd1-e66c3ea271fa,2026-07-22T18:30:00Z,2026-07-22T20:30:00+0200,663.0,MW,NL,NL,forecast_offshore_wind_generation,Wind Offshore,2026-07-26T16:36:36Z
2026-07-26T16:33:47Z,2026-07-26T18:33:47+0200,74eb74bd-8b1d-47e4-abd1-e66c3ea271fa,2026-07-22T18:45:00Z,2026-07-22T20:45:00+0200,649.0,MW,NL,NL,forecast_offshore_wind_generation,Wind Offshore,2026-07-26T16:36:36Z
2026-07-26T16:33:47Z,2026-07-26T18:33:47+0200,74eb74bd-8b1d-47e4-abd1-e66c3ea271fa,2026-07-22T19:00:00Z,2026-07-22T21:00:00+0200,634.0,MW,NL,NL,forecast_offshore_wind_generation,Wind Offshore,2026-07-26T16:36:36Z
2026-07-26T16:33:47Z,2026-07-26T18:33:47+0200,74eb74bd-8b1d-47e4-abd1-e66c3ea271fa,2026-07-22T19:15:00Z,2026-07-22T21:15:00+0200,616.0,MW,NL,NL,forecast_offshore_wind_generation,Wind Offshore,2026-07-26T16:36:36Z
2026-07-26T16:33:47Z,2026-07-26T18:33:47+0200,74eb74bd-8b1d-47e4-abd1-e66c3ea271fa,2026-07-22T19:30:00Z,2026-07-22T21:30:00+0200,593.0,MW,NL,NL,forecast_offshore_wind_generation,Wind Offshore,2026-07-26T16:36:36Z
2026-07-26T16:33:47Z,2026-07-26T18:33:47+0200,74eb74bd-8b1d-47e4-abd1-e66c3ea271fa,2026-07-22T19:45:00Z,2026-07-22T21:45:00+0200,570.0,MW,NL,NL,forecast_offshore_wind_generation,Wind Offshore,2026-07-26T16:36:36Z
2026-07-26T16:33:47Z,2026-07-26T18:33:47+0200,74eb74bd-8b1d-47e4-abd1-e66c3ea271fa,2026-07-22T20:00:00Z,2026-07-22T22:00:00+0200,547.0,MW,NL,NL,forecast_offshore_wind_generation,Wind Offshore,2026-07-26T16:36:36Z
2026-07-26T16:33:47Z,2026-07-26T18:33:47+0200,74eb74bd-8b1d-47e4-abd1-e66c3ea271fa,2026-07-22T20:15:00Z,2026-07-22T22:15:00+0200,526.0,MW,NL,NL,forecast_offshore_wind_generation,Wind Offshore,2026-07-26T16:36:36Z
2026-07-26T16:33:47Z,2026-07-26T18:33:47+0200,74eb74bd-8b1d-47e4-abd1-e66c3ea271fa,2026-07-22T20:30:00Z,2026-07-22T22:30:00+0200,507.0,MW,NL,NL,forecast_offshore_wind_generation,Wind Offshore,2026-07-26T16:36:36Z
2026-07-26T16:33:47Z,2026-07-26T18:33:47+0200,74eb74bd-8b1d-47e4-abd1-e66c3ea271fa,2026-07-22T20:45:00Z,2026-07-22T22:45:00+0200,488.0,MW,NL,NL,forecast_offshore_wind_generation,Wind Offshore,2026-07-26T16:36:36Z
2026-07-26T16:33:47Z,2026-07-26T18:33:47+0200,74eb74bd-8b1d-47e4-abd1-e66c3ea271fa,2026-07-22T21:00:00Z,2026-07-22T23:00:00+0200,469.0,MW,NL,NL,forecast_offshore_wind_generation,Wind Offshore,2026-07-26T16:36:36Z
2026-07-26T16:33:47Z,2026-07-26T18:33:47+0200,74eb74bd-8b1d-47e4-abd1-e66c3ea271fa,2026-07-22T21:15:00Z,2026-07-22T23:15:00+0200,457.0,MW,NL,NL,forecast_offshore_wind_generation,Wind Offshore,2026-07-26T16:36:36Z
2026-07-26T16:33:47Z,2026-07-26T18:33:47+0200,74eb74bd-8b1d-47e4-abd1-e66c3ea271fa,2026-07-22T21:30:00Z,2026-07-22T23:30:00+0200,454.0,MW,NL,NL,forecast_offshore_wind_generation,Wind Offshore,2026-07-26T16:36:36Z
2026-07-26T16:33:47Z,2026-07-26T18:33:47+0200,74eb74bd-8b1d-47e4-abd1-e66c3ea271fa,2026-07-22T21:45:00Z,2026-07-22T23:45:00+0200,450.0,MW,NL,NL,forecast_offshore_wind_generation,Wind Offshore,2026-07-26T16:36:36Z
2026-07-26T16:33:47Z,2026-07-26T18:33:47+0200,74eb74bd-8b1d-47e4-abd1-e66c3ea271fa,2026-07-22T22:00:00Z,2026-07-23T00:00:00+0200,467.0,MW,NL,NL,forecast_offshore_wind_generation,Wind Offshore,2026-07-26T16:36:36Z
2026-07-26T16:33:47Z,2026-07-26T18:33:47+0200,74eb74bd-8b1d-47e4-abd1-e66c3ea271fa,2026-07-22T22:15:00Z,2026-07-23T00:15:00+0200,474.0,MW,NL,NL,forecast_offshore_wind_generation,Wind Offshore,2026-07-26T16:36:36Z
2026-07-26T16:33:47Z,2026-07-26T18:33:47+0200,74eb74bd-8b1d-47e4-abd1-e66c3ea271fa,2026-07-22T22:30:00Z,2026-07-23T00:30:00+0200,481.0,MW,NL,NL,forecast_offshore_wind_generation,Wind Offshore,2026-07-26T16:36:36Z
2026-07-26T16:33:47Z,2026-07-26T18:33:47+0200,74eb74bd-8b1d-47e4-abd1-e66c3ea271fa,2026-07-22T22:45:00Z,2026-07-23T00:45:00+0200,489.0,MW,NL,NL,forecast_offshore_wind_generation,Wind Offshore,2026-07-26T16:36:36Z
2026-07-26T16:33:47Z,2026-07-26T18:33:47+0200,74eb74bd-8b1d-47e4-abd1-e66c3ea271fa,2026-07-22T23:00:00Z,2026-07-23T01:00:00+0200,496.0,MW,NL,NL,forecast_offshore_wind_generation,Wind Offshore,2026-07-26T16:36:36Z
2026-07-26T16:33:47Z,2026-07-26T18:33:47+0200,74eb74bd-8b1d-47e4-abd1-e66c3ea271fa,2026-07-22T23:15:00Z,2026-07-23T01:15:00+0200,512.0,MW,NL,NL,forecast_offshore_wind_generation,Wind Offshore,2026-07-26T16:36:36Z
2026-07-26T16:33:47Z,2026-07-26T18:33:47+0200,74eb74bd-8b1d-47e4-abd1-e66c3ea271fa,2026-07-22T23:30:00Z,2026-07-23T01:30:00+0200,537.0,MW,NL,NL,forecast_offshore_wind_generation,Wind Offshore,2026-07-26T16:36:36Z
2026-07-26T16:33:47Z,2026-07-26T18:33:47+0200,74eb74bd-8b1d-47e4-abd1-e66c3ea271fa,2026-07-22T23:45:00Z,2026-07-23T01:45:00+0200,561.0,MW,NL,NL,forecast_offshore_wind_generation,Wind Offshore,2026-07-26T16:36:36Z
2026-07-26T16:33:47Z,2026-07-26T18:33:47+0200,74eb74bd-8b1d-47e4-abd1-e66c3ea271fa,2026-07-23T00:00:00Z,2026-07-23T02:00:00+0200,586.0,MW,NL,NL,forecast_offshore_wind_generation,Wind Offshore,2026-07-26T16:36:36Z
2026-07-26T16:33:47Z,2026-07-26T18:33:47+0200,74eb74bd-8b1d-47e4-abd1-e66c3ea271fa,2026-07-23T00:15:00Z,2026-07-23T02:15:00+0200,589.0,MW,NL,NL,forecast_offshore_wind_generation,Wind Offshore,2026-07-26T16:36:36Z
2026-07-26T16:33:47Z,2026-07-26T18:33:47+0200,74eb74bd-8b1d-47e4-abd1-e66c3ea271fa,2026-07-23T00:30:00Z,2026-07-23T02:30:00+0200,572.0,MW,NL,NL,forecast_offshore_wind_generation,Wind Offshore,2026-07-26T16:36:36Z
2026-07-26T16:33:47Z,2026-07-26T18:33:47+0200,74eb74bd-8b1d-47e4-abd1-e66c3ea271fa,2026-07-23T00:45:00Z,2026-07-23T02:45:00+0200,554.0,MW,NL,NL,forecast_offshore_wind_generation,Wind Offshore,2026-07-26T16:36:36Z
2026-07-26T16:33:47Z,2026-07-26T18:33:47+0200,74eb74bd-8b1d-47e4-abd1-e66c3ea271fa,2026-07-23T01:00:00Z,2026-07-23T03:00:00+0200,537.0,MW,NL,NL,forecast_offshore_wind_generation,Wind Offshore,2026-07-26T16:36:36Z
2026-07-26T16:33:47Z,2026-07-26T18:33:47+0200,74eb74bd-8b1d-47e4-abd1-e66c3ea271fa,2026-07-23T01:15:00Z,2026-07-23T03:15:00+0200,516.0,MW,NL,NL,forecast_offshore_wind_generation,Wind Offshore,2026-07-26T16:36:36Z
2026-07-26T16:33:47Z,2026-07-26T18:33:47+0200,74eb74bd-8b1d-47e4-abd1-e66c3ea271fa,2026-07-23T01:30:00Z,2026-07-23T03:30:00+0200,491.0,MW,NL,NL,forecast_offshore_wind_generation,Wind Offshore,2026-07-26T16:36:36Z
2026-07-26T16:33:47Z,2026-07-26T18:33:47+0200,74eb74bd-8b1d-47e4-abd1-e66c3ea271fa,2026-07-23T01:45:00Z,2026-07-23T03:45:00+0200,467.0,MW,NL,NL,forecast_offshore_wind_generation,Wind Offshore,2026-07-26T16:36:36Z
2026-07-26T16:33:47Z,2026-07-26T18:33:47+0200,74eb74bd-8b1d-47e4-abd1-e66c3ea271fa,2026-07-23T02:00:00Z,2026-07-23T04:00:00+0200,442.0,MW,NL,NL,forecast_offshore_wind_generation,Wind Offshore,2026-07-26T16:36:36Z
2026-07-26T16:33:47Z,2026-07-26T18:33:47+0200,74eb74bd-8b1d-47e4-abd1-e66c3ea271fa,2026-07-23T02:15:00Z,2026-07-23T04:15:00+0200,422.0,MW,NL,NL,forecast_offshore_wind_generation,Wind Offshore,2026-07-26T16:36:36Z
2026-07-26T16:33:47Z,2026-07-26T18:33:47+0200,74eb74bd-8b1d-47e4-abd1-e66c3ea271fa,2026-07-23T02:30:00Z,2026-07-23T04:30:00+0200,407.0,MW,NL,NL,forecast_offshore_wind_generation,Wind Offshore,2026-07-26T16:36:36Z
2026-07-26T16:33:47Z,2026-07-26T18:33:47+0200,74eb74bd-8b1d-47e4-abd1-e66c3ea271fa,2026-07-23T02:45:00Z,2026-07-23T04:45:00+0200,391.0,MW,NL,NL,forecast_offshore_wind_generation,Wind Offshore,2026-07-26T16:36:36Z
2026-07-26T16:33:47Z,2026-07-26T18:33:47+0200,74eb74bd-8b1d-47e4-abd1-e66c3ea271fa,2026-07-23T03:00:00Z,2026-07-23T05:00:00+0200,376.0,MW,NL,NL,forecast_offshore_wind_generation,Wind Offshore,2026-07-26T16:36:36Z
2026-07-26T16:33:47Z,2026-07-26T18:33:47+0200,74eb74bd-8b1d-47e4-abd1-e66c3ea271fa,2026-07-23T03:15:00Z,2026-07-23T05:15:00+0200,372.0,MW,NL,NL,forecast_offshore_wind_generation,Wind Offshore,2026-07-26T16:36:36Z
2026-07-26T16:33:47Z,2026-07-26T18:33:47+0200,74eb74bd-8b1d-47e4-abd1-e66c3ea271fa,2026-07-23T03:30:00Z,2026-07-23T05:30:00+0200,380.0,MW,NL,NL,forecast_offshore_wind_generation,Wind Offshore,2026-07-26T16:36:36Z
2026-07-26T16:33:47Z,2026-07-26T18:33:47+0200,74eb74bd-8b1d-47e4-abd1-e66c3ea271fa,2026-07-23T03:45:00Z,2026-07-23T05:45:00+0200,389.0,MW,NL,NL,forecast_offshore_wind_generation,Wind Offshore,2026-07-26T16:36:36Z
2026-07-26T16:33:47Z,2026-07-26T18:33:47+0200,74eb74bd-8b1d-47e4-abd1-e66c3ea271fa,2026-07-23T04:00:00Z,2026-07-23T06:00:00+0200,397.0,MW,NL,NL,forecast_offshore_wind_generation,Wind Offshore,2026-07-26T16:36:36Z
2026-07-26T16:33:47Z,2026-07-26T18:33:47+0200,74eb74bd-8b1d-47e4-abd1-e66c3ea271fa,2026-07-23T04:15:00Z,2026-07-23T06:15:00+0200,409.0,MW,NL,NL,forecast_offshore_wind_generation,Wind Offshore,2026-07-26T16:36:36Z
2026-07-26T16:33:47Z,2026-07-26T18:33:47+0200,74eb74bd-8b1d-47e4-abd1-e66c3ea271fa,2026-07-23T04:30:00Z,2026-07-23T06:30:00+0200,425.0,MW,NL,NL,forecast_offshore_wind_generation,Wind Offshore,2026-07-26T16:36:36Z
2026-07-26T16:33:47Z,2026-07-26T18:33:47+0200,74eb74bd-8b1d-47e4-abd1-e66c3ea271fa,2026-07-23T04:45:00Z,2026-07-23T06:45:00+0200,441.0,MW,NL,NL,forecast_offshore_wind_generation,Wind Offshore,2026-07-26T16:36:36Z
2026-07-26T16:33:47Z,2026-07-26T18:33:47+0200,74eb74bd-8b1d-47e4-abd1-e66c3ea271fa,2026-07-23T05:00:00Z,2026-07-23T07:00:00+0200,456.0,MW,NL,NL,forecast_offshore_wind_generation,Wind Offshore,2026-07-26T16:36:36Z
2026-07-26T16:33:47Z,2026-07-26T18:33:47+0200,74eb74bd-8b1d-47e4-abd1-e66c3ea271fa,2026-07-23T05:15:00Z,2026-07-23T07:15:00+0200,470.0,MW,NL,NL,forecast_offshore_wind_generation,Wind Offshore,2026-07-26T16:36:36Z
2026-07-26T16:33:47Z,2026-07-26T18:33:47+0200,74eb74bd-8b1d-47e4-abd1-e66c3ea271fa,2026-07-23T05:30:00Z,2026-07-23T07:30:00+0200,481.0,MW,NL,NL,forecast_offshore_wind_generation,Wind Offshore,2026-07-26T16:36:36Z
2026-07-26T16:33:47Z,2026-07-26T18:33:47+0200,74eb74bd-8b1d-47e4-abd1-e66c3ea271fa,2026-07-23T05:45:00Z,2026-07-23T07:45:00+0200,492.0,MW,NL,NL,forecast_offshore_wind_generation,Wind Offshore,2026-07-26T16:36:36Z
2026-07-26T16:33:47Z,2026-07-26T18:33:47+0200,74eb74bd-8b1d-47e4-abd1-e66c3ea271fa,2026-07-23T06:00:00Z,2026-07-23T08:00:00+0200,502.0,MW,NL,NL,forecast_offshore_wind_generation,Wind Offshore,2026-07-26T16:36:36Z
2026-07-26T16:33:47Z,2026-07-26T18:33:47+0200,74eb74bd-8b1d-47e4-abd1-e66c3ea271fa,2026-07-23T06:15:00Z,2026-07-23T08:15:00+0200,504.0,MW,NL,NL,forecast_offshore_wind_generation,Wind Offshore,2026-07-26T16:36:36Z
2026-07-26T16:33:47Z,2026-07-26T18:33:47+0200,74eb74bd-8b1d-47e4-abd1-e66c3ea271fa,2026-07-23T06:30:00Z,2026-07-23T08:30:00+0200,497.0,MW,NL,NL,forecast_offshore_wind_generation,Wind Offshore,2026-07-26T16:36:36Z
2026-07-26T16:33:47Z,2026-07-26T18:33:47+0200,74eb74bd-8b1d-47e4-abd1-e66c3ea271fa,2026-07-23T06:45:00Z,2026-07-23T08:45:00+0200,490.0,MW,NL,NL,forecast_offshore_wind_generation,Wind Offshore,2026-07-26T16:36:36Z
2026-07-26T16:33:47Z,2026-07-26T18:33:47+0200,74eb74bd-8b1d-47e4-abd1-e66c3ea271fa,2026-07-23T07:00:00Z,2026-07-23T09:00:00+0200,483.0,MW,NL,NL,forecast_offshore_wind_generation,Wind Offshore,2026-07-26T16:36:36Z
2026-07-26T16:33:47Z,2026-07-26T18:33:47+0200,74eb74bd-8b1d-47e4-abd1-e66c3ea271fa,2026-07-23T07:15:00Z,2026-07-23T09:15:00+0200,477.0,MW,NL,NL,forecast_offshore_wind_generation,Wind Offshore,2026-07-26T16:36:36Z
2026-07-26T16:33:47Z,2026-07-26T18:33:47+0200,74eb74bd-8b1d-47e4-abd1-e66c3ea271fa,2026-07-23T07:30:00Z,2026-07-23T09:30:00+0200,473.0,MW,NL,NL,forecast_offshore_wind_generation,Wind Offshore,2026-07-26T16:36:36Z
2026-07-26T16:33:47Z,2026-07-26T18:33:47+0200,74eb74bd-8b1d-47e4-abd1-e66c3ea271fa,2026-07-23T07:45:00Z,2026-07-23T09:45:00+0200,468.0,MW,NL,NL,forecast_offshore_wind_generation,Wind Offshore,2026-07-26T16:36:36Z
2026-07-26T16:33:47Z,2026-07-26T18:33:47+0200,74eb74bd-8b1d-47e4-abd1-e66c3ea271fa,2026-07-23T08:00:00Z,2026-07-23T10:00:00+0200,464.0,MW,NL,NL,forecast_offshore_wind_generation,Wind Offshore,2026-07-26T16:36:36Z
2026-07-26T16:33:47Z,2026-07-26T18:33:47+0200,74eb74bd-8b1d-47e4-abd1-e66c3ea271fa,2026-07-23T08:15:00Z,2026-07-23T10:15:00+0200,462.0,MW,NL,NL,forecast_offshore_wind_generation,Wind Offshore,2026-07-26T16:36:36Z
2026-07-26T16:33:47Z,2026-07-26T18:33:47+0200,74eb74bd-8b1d-47e4-abd1-e66c3ea271fa,2026-07-23T08:30:00Z,2026-07-23T10:30:00+0200,461.0,MW,NL,NL,forecast_offshore_wind_generation,Wind Offshore,2026-07-26T16:36:36Z
2026-07-26T16:33:47Z,2026-07-26T18:33:47+0200,74eb74bd-8b1d-47e4-abd1-e66c3ea271fa,2026-07-23T08:45:00Z,2026-07-23T10:45:00+0200,461.0,MW,NL,NL,forecast_offshore_wind_generation,Wind Offshore,2026-07-26T16:36:36Z
2026-07-26T16:33:47Z,2026-07-26T18:33:47+0200,74eb74bd-8b1d-47e4-abd1-e66c3ea271fa,2026-07-23T09:00:00Z,2026-07-23T11:00:00+0200,461.0,MW,NL,NL,forecast_offshore_wind_generation,Wind Offshore,2026-07-26T16:36:36Z
2026-07-26T16:33:47Z,2026-07-26T18:33:47+0200,74eb74bd-8b1d-47e4-abd1-e66c3ea271fa,2026-07-23T09:15:00Z,2026-07-23T11:15:00+0200,459.0,MW,NL,NL,forecast_offshore_wind_generation,Wind Offshore,2026-07-26T16:36:36Z
2026-07-26T16:33:47Z,2026-07-26T18:33:47+0200,74eb74bd-8b1d-47e4-abd1-e66c3ea271fa,2026-07-23T09:30:00Z,2026-07-23T11:30:00+0200,455.0,MW,NL,NL,forecast_offshore_wind_generation,Wind Offshore,2026-07-26T16:36:36Z
2026-07-26T16:33:47Z,2026-07-26T18:33:47+0200,74eb74bd-8b1d-47e4-abd1-e66c3ea271fa,2026-07-23T09:45:00Z,2026-07-23T11:45:00+0200,452.0,MW,NL,NL,forecast_offshore_wind_generation,Wind Offshore,2026-07-26T16:36:36Z
2026-07-26T16:33:47Z,2026-07-26T18:33:47+0200,74eb74bd-8b1d-47e4-abd1-e66c3ea271fa,2026-07-23T10:00:00Z,2026-07-23T12:00:00+0200,448.0,MW,NL,NL,forecast_offshore_wind_generation,Wind Offshore,2026-07-26T16:36:36Z
2026-07-26T16:33:47Z,2026-07-26T18:33:47+0200,74eb74bd-8b1d-47e4-abd1-e66c3ea271fa,2026-07-23T10:15:00Z,2026-07-23T12:15:00+0200,445.0,MW,NL,NL,forecast_offshore_wind_generation,Wind Offshore,2026-07-26T16:36:36Z
2026-07-26T16:33:47Z,2026-07-26T18:33:47+0200,74eb74bd-8b1d-47e4-abd1-e66c3ea271fa,2026-07-23T10:30:00Z,2026-07-23T12:30:00+0200,441.0,MW,NL,NL,forecast_offshore_wind_generation,Wind Offshore,2026-07-26T16:36:36Z
2026-07-26T16:33:47Z,2026-07-26T18:33:47+0200,74eb74bd-8b1d-47e4-abd1-e66c3ea271fa,2026-07-23T10:45:00Z,2026-07-23T12:45:00+0200,438.0,MW,NL,NL,forecast_offshore_wind_generation,Wind Offshore,2026-07-26T16:36:36Z
2026-07-26T16:33:47Z,2026-07-26T18:33:47+0200,74eb74bd-8b1d-47e4-abd1-e66c3ea271fa,2026-07-23T11:00:00Z,2026-07-23T13:00:00+0200,434.0,MW,NL,NL,forecast_offshore_wind_generation,Wind Offshore,2026-07-26T16:36:36Z
2026-07-26T16:33:47Z,2026-07-26T18:33:47+0200,74eb74bd-8b1d-47e4-abd1-e66c3ea271fa,2026-07-23T11:15:00Z,2026-07-23T13:15:00+0200,431.0,MW,NL,NL,forecast_offshore_wind_generation,Wind Offshore,2026-07-26T16:36:36Z
2026-07-26T16:33:47Z,2026-07-26T18:33:47+0200,74eb74bd-8b1d-47e4-abd1-e66c3ea271fa,2026-07-23T11:30:00Z,2026-07-23T13:30:00+0200,427.0,MW,NL,NL,forecast_offshore_wind_generation,Wind Offshore,2026-07-26T16:36:36Z
2026-07-26T16:33:47Z,2026-07-26T18:33:47+0200,74eb74bd-8b1d-47e4-abd1-e66c3ea271fa,2026-07-23T11:45:00Z,2026-07-23T13:45:00+0200,424.0,MW,NL,NL,forecast_offshore_wind_generation,Wind Offshore,2026-07-26T16:36:36Z
2026-07-26T16:33:47Z,2026-07-26T18:33:47+0200,74eb74bd-8b1d-47e4-abd1-e66c3ea271fa,2026-07-23T12:00:00Z,2026-07-23T14:00:00+0200,420.0,MW,NL,NL,forecast_offshore_wind_generation,Wind Offshore,2026-07-26T16:36:36Z
2026-07-26T16:33:47Z,2026-07-26T18:33:47+0200,74eb74bd-8b1d-47e4-abd1-e66c3ea271fa,2026-07-23T12:15:00Z,2026-07-23T14:15:00+0200,420.0,MW,NL,NL,forecast_offshore_wind_generation,Wind Offshore,2026-07-26T16:36:36Z
2026-07-26T16:33:47Z,2026-07-26T18:33:47+0200,74eb74bd-8b1d-47e4-abd1-e66c3ea271fa,2026-07-23T12:30:00Z,2026-07-23T14:30:00+0200,423.0,MW,NL,NL,forecast_offshore_wind_generation,Wind Offshore,2026-07-26T16:36:36Z
2026-07-26T16:33:47Z,2026-07-26T18:33:47+0200,74eb74bd-8b1d-47e4-abd1-e66c3ea271fa,2026-07-23T12:45:00Z,2026-07-23T14:45:00+0200,427.0,MW,NL,NL,forecast_offshore_wind_generation,Wind Offshore,2026-07-26T16:36:36Z
2026-07-26T16:33:47Z,2026-07-26T18:33:47+0200,74eb74bd-8b1d-47e4-abd1-e66c3ea271fa,2026-07-23T13:00:00Z,2026-07-23T15:00:00+0200,430.0,MW,NL,NL,forecast_offshore_wind_generation,Wind Offshore,2026-07-26T16:36:36Z
2026-07-26T16:33:47Z,2026-07-26T18:33:47+0200,74eb74bd-8b1d-47e4-abd1-e66c3ea271fa,2026-07-23T13:15:00Z,2026-07-23T15:15:00+0200,432.0,MW,NL,NL,forecast_offshore_wind_generation,Wind Offshore,2026-07-26T16:36:36Z
2026-07-26T16:33:47Z,2026-07-26T18:33:47+0200,74eb74bd-8b1d-47e4-abd1-e66c3ea271fa,2026-07-23T13:30:00Z,2026-07-23T15:30:00+0200,434.0,MW,NL,NL,forecast_offshore_wind_generation,Wind Offshore,2026-07-26T16:36:36Z
2026-07-26T16:33:47Z,2026-07-26T18:33:47+0200,74eb74bd-8b1d-47e4-abd1-e66c3ea271fa,2026-07-23T13:45:00Z,2026-07-23T15:45:00+0200,435.0,MW,NL,NL,forecast_offshore_wind_generation,Wind Offshore,2026-07-26T16:36:36Z
2026-07-26T16:33:47Z,2026-07-26T18:33:47+0200,74eb74bd-8b1d-47e4-abd1-e66c3ea271fa,2026-07-23T14:00:00Z,2026-07-23T16:00:00+0200,436.0,MW,NL,NL,forecast_offshore_wind_generation,Wind Offshore,2026-07-26T16:36:36Z
2026-07-26T16:33:47Z,2026-07-26T18:33:47+0200,74eb74bd-8b1d-47e4-abd1-e66c3ea271fa,2026-07-23T14:15:00Z,2026-07-23T16:15:00+0200,439.0,MW,NL,NL,forecast_offshore_wind_generation,Wind Offshore,2026-07-26T16:36:36Z
2026-07-26T16:33:47Z,2026-07-26T18:33:47+0200,74eb74bd-8b1d-47e4-abd1-e66c3ea271fa,2026-07-23T14:30:00Z,2026-07-23T16:30:00+0200,444.0,MW,NL,NL,forecast_offshore_wind_generation,Wind Offshore,2026-07-26T16:36:36Z
2026-07-26T16:33:47Z,2026-07-26T18:33:47+0200,74eb74bd-8b1d-47e4-abd1-e66c3ea271fa,2026-07-23T14:45:00Z,2026-07-23T16:45:00+0200,450.0,MW,NL,NL,forecast_offshore_wind_generation,Wind Offshore,2026-07-26T16:36:36Z
2026-07-26T16:33:47Z,2026-07-26T18:33:47+0200,74eb74bd-8b1d-47e4-abd1-e66c3ea271fa,2026-07-23T15:00:00Z,2026-07-23T17:00:00+0200,455.0,MW,NL,NL,forecast_offshore_wind_generation,Wind Offshore,2026-07-26T16:36:36Z
2026-07-26T16:33:47Z,2026-07-26T18:33:47+0200,74eb74bd-8b1d-47e4-abd1-e66c3ea271fa,2026-07-23T15:15:00Z,2026-07-23T17:15:00+0200,460.0,MW,NL,NL,forecast_offshore_wind_generation,Wind Offshore,2026-07-26T16:36:36Z
2026-07-26T16:33:47Z,2026-07-26T18:33:47+0200,74eb74bd-8b1d-47e4-abd1-e66c3ea271fa,2026-07-23T15:30:00Z,2026-07-23T17:30:00+0200,465.0,MW,NL,NL,forecast_offshore_wind_generation,Wind Offshore,2026-07-26T16:36:36Z
2026-07-26T16:33:47Z,2026-07-26T18:33:47+0200,74eb74bd-8b1d-47e4-abd1-e66c3ea271fa,2026-07-23T15:45:00Z,2026-07-23T17:45:00+0200,470.0,MW,NL,NL,forecast_offshore_wind_generation,Wind Offshore,2026-07-26T16:36:36Z
2026-07-26T16:33:47Z,2026-07-26T18:33:47+0200,74eb74bd-8b1d-47e4-abd1-e66c3ea271fa,2026-07-23T16:00:00Z,2026-07-23T18:00:00+0200,475.0,MW,NL,NL,forecast_offshore_wind_generation,Wind Offshore,2026-07-26T16:36:36Z
2026-07-26T16:33:47Z,2026-07-26T18:33:47+0200,74eb74bd-8b1d-47e4-abd1-e66c3ea271fa,2026-07-23T16:15:00Z,2026-07-23T18:15:00+0200,469.0,MW,NL,NL,forecast_offshore_wind_generation,Wind Offshore,2026-07-26T16:36:36Z
2026-07-26T16:33:47Z,2026-07-26T18:33:47+0200,74eb74bd-8b1d-47e4-abd1-e66c3ea271fa,2026-07-23T16:30:00Z,2026-07-23T18:30:00+0200,451.0,MW,NL,NL,forecast_offshore_wind_generation,Wind Offshore,2026-07-26T16:36:36Z
2026-07-26T16:33:47Z,2026-07-26T18:33:47+0200,74eb74bd-8b1d-47e4-abd1-e66c3ea271fa,2026-07-23T16:45:00Z,2026-07-23T18:45:00+0200,434.0,MW,NL,NL,forecast_offshore_wind_generation,Wind Offshore,2026-07-26T16:36:36Z
2026-07-26T16:33:47Z,2026-07-26T18:33:47+0200,74eb74bd-8b1d-47e4-abd1-e66c3ea271fa,2026-07-23T17:00:00Z,2026-07-23T19:00:00+0200,416.0,MW,NL,NL,forecast_offshore_wind_generation,Wind Offshore,2026-07-26T16:36:36Z
2026-07-26T16:33:47Z,2026-07-26T18:33:47+0200,74eb74bd-8b1d-47e4-abd1-e66c3ea271fa,2026-07-23T17:15:00Z,2026-07-23T19:15:00+0200,395.0,MW,NL,NL,forecast_offshore_wind_generation,Wind Offshore,2026-07-26T16:36:36Z
2026-07-26T16:33:47Z,2026-07-26T18:33:47+0200,74eb74bd-8b1d-47e4-abd1-e66c3ea271fa,2026-07-23T17:30:00Z,2026-07-23T19:30:00+0200,369.0,MW,NL,NL,forecast_offshore_wind_generation,Wind Offshore,2026-07-26T16:36:36Z
2026-07-26T16:33:47Z,2026-07-26T18:33:47+0200,74eb74bd-8b1d-47e4-abd1-e66c3ea271fa,2026-07-23T17:45:00Z,2026-07-23T19:45:00+0200,344.0,MW,NL,NL,forecast_offshore_wind_generation,Wind Offshore,2026-07-26T16:36:36Z
2026-07-26T16:33:47Z,2026-07-26T18:33:47+0200,74eb74bd-8b1d-47e4-abd1-e66c3ea271fa,2026-07-23T18:00:00Z,2026-07-23T20:00:00+0200,318.0,MW,NL,NL,forecast_offshore_wind_generation,Wind Offshore,2026-07-26T16:36:36Z
2026-07-26T16:33:47Z,2026-07-26T18:33:47+0200,74eb74bd-8b1d-47e4-abd1-e66c3ea271fa,2026-07-23T18:15:00Z,2026-07-23T20:15:00+0200,296.0,MW,NL,NL,forecast_offshore_wind_generation,Wind Offshore,2026-07-26T16:36:36Z
2026-07-26T16:33:47Z,2026-07-26T18:33:47+0200,74eb74bd-8b1d-47e4-abd1-e66c3ea271fa,2026-07-23T18:30:00Z,2026-07-23T20:30:00+0200,277.0,MW,NL,NL,forecast_offshore_wind_generation,Wind Offshore,2026-07-26T16:36:36Z
2026-07-26T16:33:47Z,2026-07-26T18:33:47+0200,74eb74bd-8b1d-47e4-abd1-e66c3ea271fa,2026-07-23T18:45:00Z,2026-07-23T20:45:00+0200,258.0,MW,NL,NL,forecast_offshore_wind_generation,Wind Offshore,2026-07-26T16:36:36Z
2026-07-26T16:33:47Z,2026-07-26T18:33:47+0200,74eb74bd-8b1d-47e4-abd1-e66c3ea271fa,2026-07-23T19:00:00Z,2026-07-23T21:00:00+0200,239.0,MW,NL,NL,forecast_offshore_wind_generation,Wind Offshore,2026-07-26T16:36:36Z
2026-07-26T16:33:47Z,2026-07-26T18:33:47+0200,74eb74bd-8b1d-47e4-abd1-e66c3ea271fa,2026-07-23T19:15:00Z,2026-07-23T21:15:00+0200,224.0,MW,NL,NL,forecast_offshore_wind_generation,Wind Offshore,2026-07-26T16:36:36Z
2026-07-26T16:33:47Z,2026-07-26T18:33:47+0200,74eb74bd-8b1d-47e4-abd1-e66c3ea271fa,2026-07-23T19:30:00Z,2026-07-23T21:30:00+0200,211.0,MW,NL,NL,forecast_offshore_wind_generation,Wind Offshore,2026-07-26T16:36:36Z
2026-07-26T16:33:47Z,2026-07-26T18:33:47+0200,74eb74bd-8b1d-47e4-abd1-e66c3ea271fa,2026-07-23T19:45:00Z,2026-07-23T21:45:00+0200,199.0,MW,NL,NL,forecast_offshore_wind_generation,Wind Offshore,2026-07-26T16:36:36Z
2026-07-26T16:33:47Z,2026-07-26T18:33:47+0200,74eb74bd-8b1d-47e4-abd1-e66c3ea271fa,2026-07-23T20:00:00Z,2026-07-23T22:00:00+0200,186.0,MW,NL,NL,forecast_offshore_wind_generation,Wind Offshore,2026-07-26T16:36:36Z
2026-07-26T16:33:47Z,2026-07-26T18:33:47+0200,74eb74bd-8b1d-47e4-abd1-e66c3ea271fa,2026-07-23T20:15:00Z,2026-07-23T22:15:00+0200,174.0,MW,NL,NL,forecast_offshore_wind_generation,Wind Offshore,2026-07-26T16:36:36Z
2026-07-26T16:33:47Z,2026-07-26T18:33:47+0200,74eb74bd-8b1d-47e4-abd1-e66c3ea271fa,2026-07-23T20:30:00Z,2026-07-23T22:30:00+0200,162.0,MW,NL,NL,forecast_offshore_wind_generation,Wind Offshore,2026-07-26T16:36:36Z
2026-07-26T16:33:47Z,2026-07-26T18:33:47+0200,74eb74bd-8b1d-47e4-abd1-e66c3ea271fa,2026-07-23T20:45:00Z,2026-07-23T22:45:00+0200,150.0,MW,NL,NL,forecast_offshore_wind_generation,Wind Offshore,2026-07-26T16:36:36Z
2026-07-26T16:33:47Z,2026-07-26T18:33:47+0200,74eb74bd-8b1d-47e4-abd1-e66c3ea271fa,2026-07-23T21:00:00Z,2026-07-23T23:00:00+0200,138.0,MW,NL,NL,forecast_offshore_wind_generation,Wind Offshore,2026-07-26T16:36:36Z
2026-07-26T16:33:47Z,2026-07-26T18:33:47+0200,74eb74bd-8b1d-47e4-abd1-e66c3ea271fa,2026-07-23T21:15:00Z,2026-07-23T23:15:00+0200,128.0,MW,NL,NL,forecast_offshore_wind_generation,Wind Offshore,2026-07-26T16:36:36Z
2026-07-26T16:33:47Z,2026-07-26T18:33:47+0200,74eb74bd-8b1d-47e4-abd1-e66c3ea271fa,2026-07-23T21:30:00Z,2026-07-23T23:30:00+0200,121.0,MW,NL,NL,forecast_offshore_wind_generation,Wind Offshore,2026-07-26T16:36:36Z
2026-07-26T16:33:47Z,2026-07-26T18:33:47+0200,74eb74bd-8b1d-47e4-abd1-e66c3ea271fa,2026-07-23T21:45:00Z,2026-07-23T23:45:00+0200,114.0,MW,NL,NL,forecast_offshore_wind_generation,Wind Offshore,2026-07-26T16:36:36Z
2026-07-26T16:33:47Z,2026-07-26T18:33:47+0200,74eb74bd-8b1d-47e4-abd1-e66c3ea271fa,2026-07-23T22:00:00Z,2026-07-24T00:00:00+0200,116.0,MW,NL,NL,forecast_offshore_wind_generation,Wind Offshore,2026-07-26T16:36:36Z
2026-07-26T16:33:47Z,2026-07-26T18:33:47+0200,74eb74bd-8b1d-47e4-abd1-e66c3ea271fa,2026-07-23T22:15:00Z,2026-07-24T00:15:00+0200,113.0,MW,NL,NL,forecast_offshore_wind_generation,Wind Offshore,2026-07-26T16:36:36Z
2026-07-26T16:33:47Z,2026-07-26T18:33:47+0200,74eb74bd-8b1d-47e4-abd1-e66c3ea271fa,2026-07-23T22:30:00Z,2026-07-24T00:30:00+0200,110.0,MW,NL,NL,forecast_offshore_wind_generation,Wind Offshore,2026-07-26T16:36:36Z
2026-07-26T16:33:47Z,2026-07-26T18:33:47+0200,74eb74bd-8b1d-47e4-abd1-e66c3ea271fa,2026-07-23T22:45:00Z,2026-07-24T00:45:00+0200,107.0,MW,NL,NL,forecast_offshore_wind_generation,Wind Offshore,2026-07-26T16:36:36Z
2026-07-26T16:33:47Z,2026-07-26T18:33:47+0200,74eb74bd-8b1d-47e4-abd1-e66c3ea271fa,2026-07-23T23:00:00Z,2026-07-24T01:00:00+0200,104.0,MW,NL,NL,forecast_offshore_wind_generation,Wind Offshore,2026-07-26T16:36:36Z
2026-07-26T16:33:47Z,2026-07-26T18:33:47+0200,74eb74bd-8b1d-47e4-abd1-e66c3ea271fa,2026-07-23T23:15:00Z,2026-07-24T01:15:00+0200,99.0,MW,NL,NL,forecast_offshore_wind_generation,Wind Offshore,2026-07-26T16:36:36Z
2026-07-26T16:33:47Z,2026-07-26T18:33:47+0200,74eb74bd-8b1d-47e4-abd1-e66c3ea271fa,2026-07-23T23:30:00Z,2026-07-24T01:30:00+0200,93.0,MW,NL,NL,forecast_offshore_wind_generation,Wind Offshore,2026-07-26T16:36:36Z
2026-07-26T16:33:47Z,2026-07-26T18:33:47+0200,74eb74bd-8b1d-47e4-abd1-e66c3ea271fa,2026-07-23T23:45:00Z,2026-07-24T01:45:00+0200,86.0,MW,NL,NL,forecast_offshore_wind_generation,Wind Offshore,2026-07-26T16:36:36Z
2026-07-26T16:33:47Z,2026-07-26T18:33:47+0200,74eb74bd-8b1d-47e4-abd1-e66c3ea271fa,2026-07-24T00:00:00Z,2026-07-24T02:00:00+0200,79.0,MW,NL,NL,forecast_offshore_wind_generation,Wind Offshore,2026-07-26T16:36:36Z
2026-07-26T16:33:47Z,2026-07-26T18:33:47+0200,74eb74bd-8b1d-47e4-abd1-e66c3ea271fa,2026-07-24T00:15:00Z,2026-07-24T02:15:00+0200,73.0,MW,NL,NL,forecast_offshore_wind_generation,Wind Offshore,2026-07-26T16:36:36Z
2026-07-26T16:33:47Z,2026-07-26T18:33:47+0200,74eb74bd-8b1d-47e4-abd1-e66c3ea271fa,2026-07-24T00:30:00Z,2026-07-24T02:30:00+0200,67.0,MW,NL,NL,forecast_offshore_wind_generation,Wind Offshore,2026-07-26T16:36:36Z
2026-07-26T16:33:47Z,2026-07-26T18:33:47+0200,74eb74bd-8b1d-47e4-abd1-e66c3ea271fa,2026-07-24T00:45:00Z,2026-07-24T02:45:00+0200,62.0,MW,NL,NL,forecast_offshore_wind_generation,Wind Offshore,2026-07-26T16:36:36Z
2026-07-26T16:33:47Z,2026-07-26T18:33:47+0200,74eb74bd-8b1d-47e4-abd1-e66c3ea271fa,2026-07-24T01:00:00Z,2026-07-24T03:00:00+0200,56.0,MW,NL,NL,forecast_offshore_wind_generation,Wind Offshore,2026-07-26T16:36:36Z
2026-07-26T16:33:47Z,2026-07-26T18:33:47+0200,74eb74bd-8b1d-47e4-abd1-e66c3ea271fa,2026-07-24T01:15:00Z,2026-07-24T03:15:00+0200,51.0,MW,NL,NL,forecast_offshore_wind_generation,Wind Offshore,2026-07-26T16:36:36Z
2026-07-26T16:33:47Z,2026-07-26T18:33:47+0200,74eb74bd-8b1d-47e4-abd1-e66c3ea271fa,2026-07-24T01:30:00Z,2026-07-24T03:30:00+0200,47.0,MW,NL,NL,forecast_offshore_wind_generation,Wind Offshore,2026-07-26T16:36:36Z
2026-07-26T16:33:47Z,2026-07-26T18:33:47+0200,74eb74bd-8b1d-47e4-abd1-e66c3ea271fa,2026-07-24T01:45:00Z,2026-07-24T03:45:00+0200,43.0,MW,NL,NL,forecast_offshore_wind_generation,Wind Offshore,2026-07-26T16:36:36Z
2026-07-26T16:33:47Z,2026-07-26T18:33:47+0200,74eb74bd-8b1d-47e4-abd1-e66c3ea271fa,2026-07-24T02:00:00Z,2026-07-24T04:00:00+0200,39.0,MW,NL,NL,forecast_offshore_wind_generation,Wind Offshore,2026-07-26T16:36:36Z
2026-07-26T16:33:47Z,2026-07-26T18:33:47+0200,74eb74bd-8b1d-47e4-abd1-e66c3ea271fa,2026-07-24T02:15:00Z,2026-07-24T04:15:00+0200,36.0,MW,NL,NL,forecast_offshore_wind_generation,Wind Offshore,2026-07-26T16:36:36Z
2026-07-26T16:33:47Z,2026-07-26T18:33:47+0200,74eb74bd-8b1d-47e4-abd1-e66c3ea271fa,2026-07-24T02:30:00Z,2026-07-24T04:30:00+0200,34.0,MW,NL,NL,forecast_offshore_wind_generation,Wind Offshore,2026-07-26T16:36:36Z
2026-07-26T16:33:47Z,2026-07-26T18:33:47+0200,74eb74bd-8b1d-47e4-abd1-e66c3ea271fa,2026-07-24T02:45:00Z,2026-07-24T04:45:00+0200,31.0,MW,NL,NL,forecast_offshore_wind_generation,Wind Offshore,2026-07-26T16:36:36Z
2026-07-26T16:33:47Z,2026-07-26T18:33:47+0200,74eb74bd-8b1d-47e4-abd1-e66c3ea271fa,2026-07-24T03:00:00Z,2026-07-24T05:00:00+0200,28.0,MW,NL,NL,forecast_offshore_wind_generation,Wind Offshore,2026-07-26T16:36:36Z
2026-07-26T16:33:47Z,2026-07-26T18:33:47+0200,74eb74bd-8b1d-47e4-abd1-e66c3ea271fa,2026-07-24T03:15:00Z,2026-07-24T05:15:00+0200,27.0,MW,NL,NL,forecast_offshore_wind_generation,Wind Offshore,2026-07-26T16:36:36Z
2026-07-26T16:33:47Z,2026-07-26T18:33:47+0200,74eb74bd-8b1d-47e4-abd1-e66c3ea271fa,2026-07-24T03:30:00Z,2026-07-24T05:30:00+0200,27.0,MW,NL,NL,forecast_offshore_wind_generation,Wind Offshore,2026-07-26T16:36:36Z
2026-07-26T16:33:47Z,2026-07-26T18:33:47+0200,74eb74bd-8b1d-47e4-abd1-e66c3ea271fa,2026-07-24T03:45:00Z,2026-07-24T05:45:00+0200,27.0,MW,NL,NL,forecast_offshore_wind_generation,Wind Offshore,2026-07-26T16:36:36Z
2026-07-26T16:33:47Z,2026-07-26T18:33:47+0200,74eb74bd-8b1d-47e4-abd1-e66c3ea271fa,2026-07-24T04:00:00Z,2026-07-24T06:00:00+0200,27.0,MW,NL,NL,forecast_offshore_wind_generation,Wind Offshore,2026-07-26T16:36:36Z
2026-07-26T16:33:47Z,2026-07-26T18:33:47+0200,74eb74bd-8b1d-47e4-abd1-e66c3ea271fa,2026-07-24T04:15:00Z,2026-07-24T06:15:00+0200,27.0,MW,NL,NL,forecast_offshore_wind_generation,Wind Offshore,2026-07-26T16:36:36Z
2026-07-26T16:33:47Z,2026-07-26T18:33:47+0200,74eb74bd-8b1d-47e4-abd1-e66c3ea271fa,2026-07-24T04:30:00Z,2026-07-24T06:30:00+0200,28.0,MW,NL,NL,forecast_offshore_wind_generation,Wind Offshore,2026-07-26T16:36:36Z
2026-07-26T16:33:47Z,2026-07-26T18:33:47+0200,74eb74bd-8b1d-47e4-abd1-e66c3ea271fa,2026-07-24T04:45:00Z,2026-07-24T06:45:00+0200,28.0,MW,NL,NL,forecast_offshore_wind_generation,Wind Offshore,2026-07-26T16:36:36Z
2026-07-26T16:33:47Z,2026-07-26T18:33:47+0200,74eb74bd-8b1d-47e4-abd1-e66c3ea271fa,2026-07-24T05:00:00Z,2026-07-24T07:00:00+0200,29.0,MW,NL,NL,forecast_offshore_wind_generation,Wind Offshore,2026-07-26T16:36:36Z
2026-07-26T16:33:47Z,2026-07-26T18:33:47+0200,74eb74bd-8b1d-47e4-abd1-e66c3ea271fa,2026-07-24T05:15:00Z,2026-07-24T07:15:00+0200,29.0,MW,NL,NL,forecast_offshore_wind_generation,Wind Offshore,2026-07-26T16:36:36Z
2026-07-26T16:33:47Z,2026-07-26T18:33:47+0200,74eb74bd-8b1d-47e4-abd1-e66c3ea271fa,2026-07-24T05:30:00Z,2026-07-24T07:30:00+0200,31.0,MW,NL,NL,forecast_offshore_wind_generation,Wind Offshore,2026-07-26T16:36:36Z
2026-07-26T16:33:47Z,2026-07-26T18:33:47+0200,74eb74bd-8b1d-47e4-abd1-e66c3ea271fa,2026-07-24T05:45:00Z,2026-07-24T07:45:00+0200,32.0,MW,NL,NL,forecast_offshore_wind_generation,Wind Offshore,2026-07-26T16:36:36Z
2026-07-26T16:33:47Z,2026-07-26T18:33:47+0200,74eb74bd-8b1d-47e4-abd1-e66c3ea271fa,2026-07-24T06:00:00Z,2026-07-24T08:00:00+0200,33.0,MW,NL,NL,forecast_offshore_wind_generation,Wind Offshore,2026-07-26T16:36:36Z
2026-07-26T16:33:47Z,2026-07-26T18:33:47+0200,74eb74bd-8b1d-47e4-abd1-e66c3ea271fa,2026-07-24T06:15:00Z,2026-07-24T08:15:00+0200,35.0,MW,NL,NL,forecast_offshore_wind_generation,Wind Offshore,2026-07-26T16:36:36Z
2026-07-26T16:33:47Z,2026-07-26T18:33:47+0200,74eb74bd-8b1d-47e4-abd1-e66c3ea271fa,2026-07-24T06:30:00Z,2026-07-24T08:30:00+0200,36.0,MW,NL,NL,forecast_offshore_wind_generation,Wind Offshore,2026-07-26T16:36:36Z
2026-07-26T16:33:47Z,2026-07-26T18:33:47+0200,74eb74bd-8b1d-47e4-abd1-e66c3ea271fa,2026-07-24T06:45:00Z,2026-07-24T08:45:00+0200,38.0,MW,NL,NL,forecast_offshore_wind_generation,Wind Offshore,2026-07-26T16:36:36Z
2026-07-26T16:33:47Z,2026-07-26T18:33:47+0200,74eb74bd-8b1d-47e4-abd1-e66c3ea271fa,2026-07-24T07:00:00Z,2026-07-24T09:00:00+0200,40.0,MW,NL,NL,forecast_offshore_wind_generation,Wind Offshore,2026-07-26T16:36:36Z
2026-07-26T16:33:47Z,2026-07-26T18:33:47+0200,74eb74bd-8b1d-47e4-abd1-e66c3ea271fa,2026-07-24T07:15:00Z,2026-07-24T09:15:00+0200,41.0,MW,NL,NL,forecast_offshore_wind_generation,Wind Offshore,2026-07-26T16:36:36Z
2026-07-26T16:33:47Z,2026-07-26T18:33:47+0200,74eb74bd-8b1d-47e4-abd1-e66c3ea271fa,2026-07-24T07:30:00Z,2026-07-24T09:30:00+0200,44.0,MW,NL,NL,forecast_offshore_wind_generation,Wind Offshore,2026-07-26T16:36:36Z
2026-07-26T16:33:47Z,2026-07-26T18:33:47+0200,74eb74bd-8b1d-47e4-abd1-e66c3ea271fa,2026-07-24T07:45:00Z,2026-07-24T09:45:00+0200,46.0,MW,NL,NL,forecast_offshore_wind_generation,Wind Offshore,2026-07-26T16:36:36Z
2026-07-26T16:33:47Z,2026-07-26T18:33:47+0200,74eb74bd-8b1d-47e4-abd1-e66c3ea271fa,2026-07-24T08:00:00Z,2026-07-24T10:00:00+0200,48.0,MW,NL,NL,forecast_offshore_wind_generation,Wind Offshore,2026-07-26T16:36:36Z
2026-07-26T16:33:47Z,2026-07-26T18:33:47+0200,74eb74bd-8b1d-47e4-abd1-e66c3ea271fa,2026-07-24T08:15:00Z,2026-07-24T10:15:00+0200,50.0,MW,NL,NL,forecast_offshore_wind_generation,Wind Offshore,2026-07-26T16:36:36Z
2026-07-26T16:33:47Z,2026-07-26T18:33:47+0200,74eb74bd-8b1d-47e4-abd1-e66c3ea271fa,2026-07-24T08:30:00Z,2026-07-24T10:30:00+0200,52.0,MW,NL,NL,forecast_offshore_wind_generation,Wind Offshore,2026-07-26T16:36:36Z
2026-07-26T16:33:47Z,2026-07-26T18:33:47+0200,74eb74bd-8b1d-47e4-abd1-e66c3ea271fa,2026-07-24T08:45:00Z,2026-07-24T10:45:00+0200,55.0,MW,NL,NL,forecast_offshore_wind_generation,Wind Offshore,2026-07-26T16:36:36Z
2026-07-26T16:33:47Z,2026-07-26T18:33:47+0200,74eb74bd-8b1d-47e4-abd1-e66c3ea271fa,2026-07-24T09:00:00Z,2026-07-24T11:00:00+0200,57.0,MW,NL,NL,forecast_offshore_wind_generation,Wind Offshore,2026-07-26T16:36:36Z
2026-07-26T16:33:47Z,2026-07-26T18:33:47+0200,74eb74bd-8b1d-47e4-abd1-e66c3ea271fa,2026-07-24T09:15:00Z,2026-07-24T11:15:00+0200,57.0,MW,NL,NL,forecast_offshore_wind_generation,Wind Offshore,2026-07-26T16:36:36Z
2026-07-26T16:33:47Z,2026-07-26T18:33:47+0200,74eb74bd-8b1d-47e4-abd1-e66c3ea271fa,2026-07-24T09:30:00Z,2026-07-24T11:30:00+0200,55.0,MW,NL,NL,forecast_offshore_wind_generation,Wind Offshore,2026-07-26T16:36:36Z
2026-07-26T16:33:47Z,2026-07-26T18:33:47+0200,74eb74bd-8b1d-47e4-abd1-e66c3ea271fa,2026-07-24T09:45:00Z,2026-07-24T11:45:00+0200,53.0,MW,NL,NL,forecast_offshore_wind_generation,Wind Offshore,2026-07-26T16:36:36Z
2026-07-26T16:33:47Z,2026-07-26T18:33:47+0200,74eb74bd-8b1d-47e4-abd1-e66c3ea271fa,2026-07-24T10:00:00Z,2026-07-24T12:00:00+0200,50.0,MW,NL,NL,forecast_offshore_wind_generation,Wind Offshore,2026-07-26T16:36:36Z
2026-07-26T16:33:47Z,2026-07-26T18:33:47+0200,74eb74bd-8b1d-47e4-abd1-e66c3ea271fa,2026-07-24T10:15:00Z,2026-07-24T12:15:00+0200,48.0,MW,NL,NL,forecast_offshore_wind_generation,Wind Offshore,2026-07-26T16:36:36Z
2026-07-26T16:33:47Z,2026-07-26T18:33:47+0200,74eb74bd-8b1d-47e4-abd1-e66c3ea271fa,2026-07-24T10:30:00Z,2026-07-24T12:30:00+0200,46.0,MW,NL,NL,forecast_offshore_wind_generation,Wind Offshore,2026-07-26T16:36:36Z
2026-07-26T16:33:47Z,2026-07-26T18:33:47+0200,74eb74bd-8b1d-47e4-abd1-e66c3ea271fa,2026-07-24T10:45:00Z,2026-07-24T12:45:00+0200,44.0,MW,NL,NL,forecast_offshore_wind_generation,Wind Offshore,2026-07-26T16:36:36Z
2026-07-26T16:33:47Z,2026-07-26T18:33:47+0200,74eb74bd-8b1d-47e4-abd1-e66c3ea271fa,2026-07-24T11:00:00Z,2026-07-24T13:00:00+0200,41.0,MW,NL,NL,forecast_offshore_wind_generation,Wind Offshore,2026-07-26T16:36:36Z
2026-07-26T16:33:47Z,2026-07-26T18:33:47+0200,74eb74bd-8b1d-47e4-abd1-e66c3ea271fa,2026-07-24T11:15:00Z,2026-07-24T13:15:00+0200,39.0,MW,NL,NL,forecast_offshore_wind_generation,Wind Offshore,2026-07-26T16:36:36Z
2026-07-26T16:33:47Z,2026-07-26T18:33:47+0200,74eb74bd-8b1d-47e4-abd1-e66c3ea271fa,2026-07-24T11:30:00Z,2026-07-24T13:30:00+0200,37.0,MW,NL,NL,forecast_offshore_wind_generation,Wind Offshore,2026-07-26T16:36:36Z
2026-07-26T16:33:47Z,2026-07-26T18:33:47+0200,74eb74bd-8b1d-47e4-abd1-e66c3ea271fa,2026-07-24T11:45:00Z,2026-07-24T13:45:00+0200,35.0,MW,NL,NL,forecast_offshore_wind_generation,Wind Offshore,2026-07-26T16:36:36Z
2026-07-26T16:33:47Z,2026-07-26T18:33:47+0200,74eb74bd-8b1d-47e4-abd1-e66c3ea271fa,2026-07-24T12:00:00Z,2026-07-24T14:00:00+0200,33.0,MW,NL,NL,forecast_offshore_wind_generation,Wind Offshore,2026-07-26T16:36:36Z
2026-07-26T16:33:47Z,2026-07-26T18:33:47+0200,74eb74bd-8b1d-47e4-abd1-e66c3ea271fa,2026-07-24T12:15:00Z,2026-07-24T14:15:00+0200,34.0,MW,NL,NL,forecast_offshore_wind_generation,Wind Offshore,2026-07-26T16:36:36Z
2026-07-26T16:33:47Z,2026-07-26T18:33:47+0200,74eb74bd-8b1d-47e4-abd1-e66c3ea271fa,2026-07-24T12:30:00Z,2026-07-24T14:30:00+0200,37.0,MW,NL,NL,forecast_offshore_wind_generation,Wind Offshore,2026-07-26T16:36:36Z
2026-07-26T16:33:47Z,2026-07-26T18:33:47+0200,74eb74bd-8b1d-47e4-abd1-e66c3ea271fa,2026-07-24T12:45:00Z,2026-07-24T14:45:00+0200,41.0,MW,NL,NL,forecast_offshore_wind_generation,Wind Offshore,2026-07-26T16:36:36Z
2026-07-26T16:33:47Z,2026-07-26T18:33:47+0200,74eb74bd-8b1d-47e4-abd1-e66c3ea271fa,2026-07-24T13:00:00Z,2026-07-24T15:00:00+0200,44.0,MW,NL,NL,forecast_offshore_wind_generation,Wind Offshore,2026-07-26T16:36:36Z
2026-07-26T16:33:47Z,2026-07-26T18:33:47+0200,74eb74bd-8b1d-47e4-abd1-e66c3ea271fa,2026-07-24T13:15:00Z,2026-07-24T15:15:00+0200,49.0,MW,NL,NL,forecast_offshore_wind_generation,Wind Offshore,2026-07-26T16:36:36Z
2026-07-26T16:33:47Z,2026-07-26T18:33:47+0200,74eb74bd-8b1d-47e4-abd1-e66c3ea271fa,2026-07-24T13:30:00Z,2026-07-24T15:30:00+0200,54.0,MW,NL,NL,forecast_offshore_wind_generation,Wind Offshore,2026-07-26T16:36:36Z
2026-07-26T16:33:47Z,2026-07-26T18:33:47+0200,74eb74bd-8b1d-47e4-abd1-e66c3ea271fa,2026-07-24T13:45:00Z,2026-07-24T15:45:00+0200,60.0,MW,NL,NL,forecast_offshore_wind_generation,Wind Offshore,2026-07-26T16:36:36Z
2026-07-26T16:33:47Z,2026-07-26T18:33:47+0200,74eb74bd-8b1d-47e4-abd1-e66c3ea271fa,2026-07-24T14:00:00Z,2026-07-24T16:00:00+0200,65.0,MW,NL,NL,forecast_offshore_wind_generation,Wind Offshore,2026-07-26T16:36:36Z
2026-07-26T16:33:47Z,2026-07-26T18:33:47+0200,74eb74bd-8b1d-47e4-abd1-e66c3ea271fa,2026-07-24T14:15:00Z,2026-07-24T16:15:00+0200,72.0,MW,NL,NL,forecast_offshore_wind_generation,Wind Offshore,2026-07-26T16:36:36Z
2026-07-26T16:33:47Z,2026-07-26T18:33:47+0200,74eb74bd-8b1d-47e4-abd1-e66c3ea271fa,2026-07-24T14:30:00Z,2026-07-24T16:30:00+0200,79.0,MW,NL,NL,forecast_offshore_wind_generation,Wind Offshore,2026-07-26T16:36:36Z
2026-07-26T16:33:47Z,2026-07-26T18:33:47+0200,74eb74bd-8b1d-47e4-abd1-e66c3ea271fa,2026-07-24T14:45:00Z,2026-07-24T16:45:00+0200,86.0,MW,NL,NL,forecast_offshore_wind_generation,Wind Offshore,2026-07-26T16:36:36Z
2026-07-26T16:33:47Z,2026-07-26T18:33:47+0200,74eb74bd-8b1d-47e4-abd1-e66c3ea271fa,2026-07-24T15:00:00Z,2026-07-24T17:00:00+0200,93.0,MW,NL,NL,forecast_offshore_wind_generation,Wind Offshore,2026-07-26T16:36:36Z
2026-07-26T16:33:47Z,2026-07-26T18:33:47+0200,74eb74bd-8b1d-47e4-abd1-e66c3ea271fa,2026-07-24T15:15:00Z,2026-07-24T17:15:00+0200,90.0,MW,NL,NL,forecast_offshore_wind_generation,Wind Offshore,2026-07-26T16:36:36Z
2026-07-26T16:33:47Z,2026-07-26T18:33:47+0200,74eb74bd-8b1d-47e4-abd1-e66c3ea271fa,2026-07-24T15:30:00Z,2026-07-24T17:30:00+0200,77.0,MW,NL,NL,forecast_offshore_wind_generation,Wind Offshore,2026-07-26T16:36:36Z
2026-07-26T16:33:47Z,2026-07-26T18:33:47+0200,74eb74bd-8b1d-47e4-abd1-e66c3ea271fa,2026-07-24T15:45:00Z,2026-07-24T17:45:00+0200,64.0,MW,NL,NL,forecast_offshore_wind_generation,Wind Offshore,2026-07-26T16:36:36Z
2026-07-26T16:33:47Z,2026-07-26T18:33:47+0200,74eb74bd-8b1d-47e4-abd1-e66c3ea271fa,2026-07-24T16:00:00Z,2026-07-24T18:00:00+0200,51.0,MW,NL,NL,forecast_offshore_wind_generation,Wind Offshore,2026-07-26T16:36:36Z
2026-07-26T16:33:47Z,2026-07-26T18:33:47+0200,74eb74bd-8b1d-47e4-abd1-e66c3ea271fa,2026-07-24T16:15:00Z,2026-07-24T18:15:00+0200,41.0,MW,NL,NL,forecast_offshore_wind_generation,Wind Offshore,2026-07-26T16:36:36Z
2026-07-26T16:33:47Z,2026-07-26T18:33:47+0200,74eb74bd-8b1d-47e4-abd1-e66c3ea271fa,2026-07-24T16:30:00Z,2026-07-24T18:30:00+0200,34.0,MW,NL,NL,forecast_offshore_wind_generation,Wind Offshore,2026-07-26T16:36:36Z
2026-07-26T16:33:47Z,2026-07-26T18:33:47+0200,74eb74bd-8b1d-47e4-abd1-e66c3ea271fa,2026-07-24T16:45:00Z,2026-07-24T18:45:00+0200,27.0,MW,NL,NL,forecast_offshore_wind_generation,Wind Offshore,2026-07-26T16:36:36Z
2026-07-26T16:33:47Z,2026-07-26T18:33:47+0200,74eb74bd-8b1d-47e4-abd1-e66c3ea271fa,2026-07-24T17:00:00Z,2026-07-24T19:00:00+0200,20.0,MW,NL,NL,forecast_offshore_wind_generation,Wind Offshore,2026-07-26T16:36:36Z
2026-07-26T16:33:47Z,2026-07-26T18:33:47+0200,74eb74bd-8b1d-47e4-abd1-e66c3ea271fa,2026-07-24T17:15:00Z,2026-07-24T19:15:00+0200,16.0,MW,NL,NL,forecast_offshore_wind_generation,Wind Offshore,2026-07-26T16:36:36Z
2026-07-26T16:33:47Z,2026-07-26T18:33:47+0200,74eb74bd-8b1d-47e4-abd1-e66c3ea271fa,2026-07-24T17:30:00Z,2026-07-24T19:30:00+0200,15.0,MW,NL,NL,forecast_offshore_wind_generation,Wind Offshore,2026-07-26T16:36:36Z
2026-07-26T16:33:47Z,2026-07-26T18:33:47+0200,74eb74bd-8b1d-47e4-abd1-e66c3ea271fa,2026-07-24T17:45:00Z,2026-07-24T19:45:00+0200,14.0,MW,NL,NL,forecast_offshore_wind_generation,Wind Offshore,2026-07-26T16:36:36Z
2026-07-26T16:33:47Z,2026-07-26T18:33:47+0200,74eb74bd-8b1d-47e4-abd1-e66c3ea271fa,2026-07-24T18:00:00Z,2026-07-24T20:00:00+0200,13.0,MW,NL,NL,forecast_offshore_wind_generation,Wind Offshore,2026-07-26T16:36:36Z
2026-07-26T16:33:47Z,2026-07-26T18:33:47+0200,74eb74bd-8b1d-47e4-abd1-e66c3ea271fa,2026-07-24T18:15:00Z,2026-07-24T20:15:00+0200,13.0,MW,NL,NL,forecast_offshore_wind_generation,Wind Offshore,2026-07-26T16:36:36Z
2026-07-26T16:33:47Z,2026-07-26T18:33:47+0200,74eb74bd-8b1d-47e4-abd1-e66c3ea271fa,2026-07-24T18:30:00Z,2026-07-24T20:30:00+0200,13.0,MW,NL,NL,forecast_offshore_wind_generation,Wind Offshore,2026-07-26T16:36:36Z
2026-07-26T16:33:47Z,2026-07-26T18:33:47+0200,74eb74bd-8b1d-47e4-abd1-e66c3ea271fa,2026-07-24T18:45:00Z,2026-07-24T20:45:00+0200,13.0,MW,NL,NL,forecast_offshore_wind_generation,Wind Offshore,2026-07-26T16:36:36Z
2026-07-26T16:33:47Z,2026-07-26T18:33:47+0200,74eb74bd-8b1d-47e4-abd1-e66c3ea271fa,2026-07-24T19:00:00Z,2026-07-24T21:00:00+0200,13.0,MW,NL,NL,forecast_offshore_wind_generation,Wind Offshore,2026-07-26T16:36:36Z
2026-07-26T16:33:47Z,2026-07-26T18:33:47+0200,74eb74bd-8b1d-47e4-abd1-e66c3ea271fa,2026-07-24T19:15:00Z,2026-07-24T21:15:00+0200,13.0,MW,NL,NL,forecast_offshore_wind_generation,Wind Offshore,2026-07-26T16:36:36Z
2026-07-26T16:33:47Z,2026-07-26T18:33:47+0200,74eb74bd-8b1d-47e4-abd1-e66c3ea271fa,2026-07-24T19:30:00Z,2026-07-24T21:30:00+0200,13.0,MW,NL,NL,forecast_offshore_wind_generation,Wind Offshore,2026-07-26T16:36:36Z
2026-07-26T16:33:47Z,2026-07-26T18:33:47+0200,74eb74bd-8b1d-47e4-abd1-e66c3ea271fa,2026-07-24T19:45:00Z,2026-07-24T21:45:00+0200,13.0,MW,NL,NL,forecast_offshore_wind_generation,Wind Offshore,2026-07-26T16:36:36Z
2026-07-26T16:33:47Z,2026-07-26T18:33:47+0200,74eb74bd-8b1d-47e4-abd1-e66c3ea271fa,2026-07-24T20:00:00Z,2026-07-24T22:00:00+0200,13.0,MW,NL,NL,forecast_offshore_wind_generation,Wind Offshore,2026-07-26T16:36:36Z
2026-07-26T16:33:47Z,2026-07-26T18:33:47+0200,74eb74bd-8b1d-47e4-abd1-e66c3ea271fa,2026-07-24T20:15:00Z,2026-07-24T22:15:00+0200,13.0,MW,NL,NL,forecast_offshore_wind_generation,Wind Offshore,2026-07-26T16:36:36Z
2026-07-26T16:33:47Z,2026-07-26T18:33:47+0200,74eb74bd-8b1d-47e4-abd1-e66c3ea271fa,2026-07-24T20:30:00Z,2026-07-24T22:30:00+0200,13.0,MW,NL,NL,forecast_offshore_wind_generation,Wind Offshore,2026-07-26T16:36:36Z
2026-07-26T16:33:47Z,2026-07-26T18:33:47+0200,74eb74bd-8b1d-47e4-abd1-e66c3ea271fa,2026-07-24T20:45:00Z,2026-07-24T22:45:00+0200,14.0,MW,NL,NL,forecast_offshore_wind_generation,Wind Offshore,2026-07-26T16:36:36Z
2026-07-26T16:33:47Z,2026-07-26T18:33:47+0200,74eb74bd-8b1d-47e4-abd1-e66c3ea271fa,2026-07-24T21:00:00Z,2026-07-24T23:00:00+0200,14.0,MW,NL,NL,forecast_offshore_wind_generation,Wind Offshore,2026-07-26T16:36:36Z
2026-07-26T16:33:47Z,2026-07-26T18:33:47+0200,74eb74bd-8b1d-47e4-abd1-e66c3ea271fa,2026-07-24T21:15:00Z,2026-07-24T23:15:00+0200,16.0,MW,NL,NL,forecast_offshore_wind_generation,Wind Offshore,2026-07-26T16:36:36Z
2026-07-26T16:33:47Z,2026-07-26T18:33:47+0200,74eb74bd-8b1d-47e4-abd1-e66c3ea271fa,2026-07-24T21:30:00Z,2026-07-24T23:30:00+0200,19.0,MW,NL,NL,forecast_offshore_wind_generation,Wind Offshore,2026-07-26T16:36:36Z
2026-07-26T16:33:47Z,2026-07-26T18:33:47+0200,74eb74bd-8b1d-47e4-abd1-e66c3ea271fa,2026-07-24T21:45:00Z,2026-07-24T23:45:00+0200,21.0,MW,NL,NL,forecast_offshore_wind_generation,Wind Offshore,2026-07-26T16:36:36Z
2026-07-26T16:33:47Z,2026-07-26T18:33:47+0200,74eb74bd-8b1d-47e4-abd1-e66c3ea271fa,2026-07-24T22:00:00Z,2026-07-25T00:00:00+0200,21.0,MW,NL,NL,forecast_offshore_wind_generation,Wind Offshore,2026-07-26T16:36:36Z
2026-07-26T16:33:47Z,2026-07-26T18:33:47+0200,74eb74bd-8b1d-47e4-abd1-e66c3ea271fa,2026-07-24T22:15:00Z,2026-07-25T00:15:00+0200,25.0,MW,NL,NL,forecast_offshore_wind_generation,Wind Offshore,2026-07-26T16:36:36Z
2026-07-26T16:33:47Z,2026-07-26T18:33:47+0200,74eb74bd-8b1d-47e4-abd1-e66c3ea271fa,2026-07-24T22:30:00Z,2026-07-25T00:30:00+0200,31.0,MW,NL,NL,forecast_offshore_wind_generation,Wind Offshore,2026-07-26T16:36:36Z
2026-07-26T16:33:47Z,2026-07-26T18:33:47+0200,74eb74bd-8b1d-47e4-abd1-e66c3ea271fa,2026-07-24T22:45:00Z,2026-07-25T00:45:00+0200,36.0,MW,NL,NL,forecast_offshore_wind_generation,Wind Offshore,2026-07-26T16:36:36Z
2026-07-26T16:33:47Z,2026-07-26T18:33:47+0200,74eb74bd-8b1d-47e4-abd1-e66c3ea271fa,2026-07-24T23:00:00Z,2026-07-25T01:00:00+0200,42.0,MW,NL,NL,forecast_offshore_wind_generation,Wind Offshore,2026-07-26T16:36:36Z
2026-07-26T16:33:47Z,2026-07-26T18:33:47+0200,74eb74bd-8b1d-47e4-abd1-e66c3ea271fa,2026-07-24T23:15:00Z,2026-07-25T01:15:00+0200,51.0,MW,NL,NL,forecast_offshore_wind_generation,Wind Offshore,2026-07-26T16:36:36Z
2026-07-26T16:33:47Z,2026-07-26T18:33:47+0200,74eb74bd-8b1d-47e4-abd1-e66c3ea271fa,2026-07-24T23:30:00Z,2026-07-25T01:30:00+0200,62.0,MW,NL,NL,forecast_offshore_wind_generation,Wind Offshore,2026-07-26T16:36:36Z
2026-07-26T16:33:47Z,2026-07-26T18:33:47+0200,74eb74bd-8b1d-47e4-abd1-e66c3ea271fa,2026-07-24T23:45:00Z,2026-07-25T01:45:00+0200,73.0,MW,NL,NL,forecast_offshore_wind_generation,Wind Offshore,2026-07-26T16:36:36Z
2026-07-26T16:33:47Z,2026-07-26T18:33:47+0200,74eb74bd-8b1d-47e4-abd1-e66c3ea271fa,2026-07-25T00:00:00Z,2026-07-25T02:00:00+0200,85.0,MW,NL,NL,forecast_offshore_wind_generation,Wind Offshore,2026-07-26T16:36:36Z
2026-07-26T16:33:47Z,2026-07-26T18:33:47+0200,74eb74bd-8b1d-47e4-abd1-e66c3ea271fa,2026-07-25T00:15:00Z,2026-07-25T02:15:00+0200,95.0,MW,NL,NL,forecast_offshore_wind_generation,Wind Offshore,2026-07-26T16:36:36Z
2026-07-26T16:33:47Z,2026-07-26T18:33:47+0200,74eb74bd-8b1d-47e4-abd1-e66c3ea271fa,2026-07-25T00:30:00Z,2026-07-25T02:30:00+0200,106.0,MW,NL,NL,forecast_offshore_wind_generation,Wind Offshore,2026-07-26T16:36:36Z
2026-07-26T16:33:47Z,2026-07-26T18:33:47+0200,74eb74bd-8b1d-47e4-abd1-e66c3ea271fa,2026-07-25T00:45:00Z,2026-07-25T02:45:00+0200,117.0,MW,NL,NL,forecast_offshore_wind_generation,Wind Offshore,2026-07-26T16:36:36Z
2026-07-26T16:33:47Z,2026-07-26T18:33:47+0200,74eb74bd-8b1d-47e4-abd1-e66c3ea271fa,2026-07-25T01:00:00Z,2026-07-25T03:00:00+0200,127.0,MW,NL,NL,forecast_offshore_wind_generation,Wind Offshore,2026-07-26T16:36:36Z
2026-07-26T16:33:47Z,2026-07-26T18:33:47+0200,74eb74bd-8b1d-47e4-abd1-e66c3ea271fa,2026-07-25T01:15:00Z,2026-07-25T03:15:00+0200,135.0,MW,NL,NL,forecast_offshore_wind_generation,Wind Offshore,2026-07-26T16:36:36Z
2026-07-26T16:33:47Z,2026-07-26T18:33:47+0200,74eb74bd-8b1d-47e4-abd1-e66c3ea271fa,2026-07-25T01:30:00Z,2026-07-25T03:30:00+0200,141.0,MW,NL,NL,forecast_offshore_wind_generation,Wind Offshore,2026-07-26T16:36:36Z
2026-07-26T16:33:47Z,2026-07-26T18:33:47+0200,74eb74bd-8b1d-47e4-abd1-e66c3ea271fa,2026-07-25T01:45:00Z,2026-07-25T03:45:00+0200,146.0,MW,NL,NL,forecast_offshore_wind_generation,Wind Offshore,2026-07-26T16:36:36Z
2026-07-26T16:33:47Z,2026-07-26T18:33:47+0200,74eb74bd-8b1d-47e4-abd1-e66c3ea271fa,2026-07-25T02:00:00Z,2026-07-25T04:00:00+0200,152.0,MW,NL,NL,forecast_offshore_wind_generation,Wind Offshore,2026-07-26T16:36:36Z
2026-07-26T16:33:47Z,2026-07-26T18:33:47+0200,74eb74bd-8b1d-47e4-abd1-e66c3ea271fa,2026-07-25T02:15:00Z,2026-07-25T04:15:00+0200,160.0,MW,NL,NL,forecast_offshore_wind_generation,Wind Offshore,2026-07-26T16:36:36Z
2026-07-26T16:33:47Z,2026-07-26T18:33:47+0200,74eb74bd-8b1d-47e4-abd1-e66c3ea271fa,2026-07-25T02:30:00Z,2026-07-25T04:30:00+0200,172.0,MW,NL,NL,forecast_offshore_wind_generation,Wind Offshore,2026-07-26T16:36:36Z
2026-07-26T16:33:47Z,2026-07-26T18:33:47+0200,74eb74bd-8b1d-47e4-abd1-e66c3ea271fa,2026-07-25T02:45:00Z,2026-07-25T04:45:00+0200,183.0,MW,NL,NL,forecast_offshore_wind_generation,Wind Offshore,2026-07-26T16:36:36Z
2026-07-26T16:33:47Z,2026-07-26T18:33:47+0200,74eb74bd-8b1d-47e4-abd1-e66c3ea271fa,2026-07-25T03:00:00Z,2026-07-25T05:00:00+0200,194.0,MW,NL,NL,forecast_offshore_wind_generation,Wind Offshore,2026-07-26T16:36:36Z
2026-07-26T16:33:47Z,2026-07-26T18:33:47+0200,74eb74bd-8b1d-47e4-abd1-e66c3ea271fa,2026-07-25T03:15:00Z,2026-07-25T05:15:00+0200,208.0,MW,NL,NL,forecast_offshore_wind_generation,Wind Offshore,2026-07-26T16:36:36Z
2026-07-26T16:33:47Z,2026-07-26T18:33:47+0200,74eb74bd-8b1d-47e4-abd1-e66c3ea271fa,2026-07-25T03:30:00Z,2026-07-25T05:30:00+0200,224.0,MW,NL,NL,forecast_offshore_wind_generation,Wind Offshore,2026-07-26T16:36:36Z
2026-07-26T16:33:47Z,2026-07-26T18:33:47+0200,74eb74bd-8b1d-47e4-abd1-e66c3ea271fa,2026-07-25T03:45:00Z,2026-07-25T05:45:00+0200,240.0,MW,NL,NL,forecast_offshore_wind_generation,Wind Offshore,2026-07-26T16:36:36Z
2026-07-26T16:33:47Z,2026-07-26T18:33:47+0200,74eb74bd-8b1d-47e4-abd1-e66c3ea271fa,2026-07-25T04:00:00Z,2026-07-25T06:00:00+0200,256.0,MW,NL,NL,forecast_offshore_wind_generation,Wind Offshore,2026-07-26T16:36:36Z
2026-07-26T16:33:47Z,2026-07-26T18:33:47+0200,74eb74bd-8b1d-47e4-abd1-e66c3ea271fa,2026-07-25T04:15:00Z,2026-07-25T06:15:00+0200,269.0,MW,NL,NL,forecast_offshore_wind_generation,Wind Offshore,2026-07-26T16:36:36Z
2026-07-26T16:33:47Z,2026-07-26T18:33:47+0200,74eb74bd-8b1d-47e4-abd1-e66c3ea271fa,2026-07-25T04:30:00Z,2026-07-25T06:30:00+0200,280.0,MW,NL,NL,forecast_offshore_wind_generation,Wind Offshore,2026-07-26T16:36:36Z
2026-07-26T16:33:47Z,2026-07-26T18:33:47+0200,74eb74bd-8b1d-47e4-abd1-e66c3ea271fa,2026-07-25T04:45:00Z,2026-07-25T06:45:00+0200,292.0,MW,NL,NL,forecast_offshore_wind_generation,Wind Offshore,2026-07-26T16:36:36Z
2026-07-26T16:33:47Z,2026-07-26T18:33:47+0200,74eb74bd-8b1d-47e4-abd1-e66c3ea271fa,2026-07-25T05:00:00Z,2026-07-25T07:00:00+0200,303.0,MW,NL,NL,forecast_offshore_wind_generation,Wind Offshore,2026-07-26T16:36:36Z
2026-07-26T16:33:47Z,2026-07-26T18:33:47+0200,74eb74bd-8b1d-47e4-abd1-e66c3ea271fa,2026-07-25T05:15:00Z,2026-07-25T07:15:00+0200,324.0,MW,NL,NL,forecast_offshore_wind_generation,Wind Offshore,2026-07-26T16:36:36Z
2026-07-26T16:33:47Z,2026-07-26T18:33:47+0200,74eb74bd-8b1d-47e4-abd1-e66c3ea271fa,2026-07-25T05:30:00Z,2026-07-25T07:30:00+0200,354.0,MW,NL,NL,forecast_offshore_wind_generation,Wind Offshore,2026-07-26T16:36:36Z
2026-07-26T16:33:47Z,2026-07-26T18:33:47+0200,74eb74bd-8b1d-47e4-abd1-e66c3ea271fa,2026-07-25T05:45:00Z,2026-07-25T07:45:00+0200,384.0,MW,NL,NL,forecast_offshore_wind_generation,Wind Offshore,2026-07-26T16:36:36Z
2026-07-26T16:33:47Z,2026-07-26T18:33:47+0200,74eb74bd-8b1d-47e4-abd1-e66c3ea271fa,2026-07-25T06:00:00Z,2026-07-25T08:00:00+0200,414.0,MW,NL,NL,forecast_offshore_wind_generation,Wind Offshore,2026-07-26T16:36:36Z
2026-07-26T16:33:47Z,2026-07-26T18:33:47+0200,74eb74bd-8b1d-47e4-abd1-e66c3ea271fa,2026-07-25T06:15:00Z,2026-07-25T08:15:00+0200,417.0,MW,NL,NL,forecast_offshore_wind_generation,Wind Offshore,2026-07-26T16:36:36Z
2026-07-26T16:33:47Z,2026-07-26T18:33:47+0200,74eb74bd-8b1d-47e4-abd1-e66c3ea271fa,2026-07-25T06:30:00Z,2026-07-25T08:30:00+0200,392.0,MW,NL,NL,forecast_offshore_wind_generation,Wind Offshore,2026-07-26T16:36:36Z
2026-07-26T16:33:47Z,2026-07-26T18:33:47+0200,74eb74bd-8b1d-47e4-abd1-e66c3ea271fa,2026-07-25T06:45:00Z,2026-07-25T08:45:00+0200,368.0,MW,NL,NL,forecast_offshore_wind_generation,Wind Offshore,2026-07-26T16:36:36Z
2026-07-26T16:33:47Z,2026-07-26T18:33:47+0200,74eb74bd-8b1d-47e4-abd1-e66c3ea271fa,2026-07-25T07:00:00Z,2026-07-25T09:00:00+0200,343.0,MW,NL,NL,forecast_offshore_wind_generation,Wind Offshore,2026-07-26T16:36:36Z
2026-07-26T16:33:47Z,2026-07-26T18:33:47+0200,74eb74bd-8b1d-47e4-abd1-e66c3ea271fa,2026-07-25T07:15:00Z,2026-07-25T09:15:00+0200,319.0,MW,NL,NL,forecast_offshore_wind_generation,Wind Offshore,2026-07-26T16:36:36Z
2026-07-26T16:33:47Z,2026-07-26T18:33:47+0200,74eb74bd-8b1d-47e4-abd1-e66c3ea271fa,2026-07-25T07:30:00Z,2026-07-25T09:30:00+0200,295.0,MW,NL,NL,forecast_offshore_wind_generation,Wind Offshore,2026-07-26T16:36:36Z
2026-07-26T16:33:47Z,2026-07-26T18:33:47+0200,74eb74bd-8b1d-47e4-abd1-e66c3ea271fa,2026-07-25T07:45:00Z,2026-07-25T09:45:00+0200,272.0,MW,NL,NL,forecast_offshore_wind_generation,Wind Offshore,2026-07-26T16:36:36Z
2026-07-26T16:33:47Z,2026-07-26T18:33:47+0200,74eb74bd-8b1d-47e4-abd1-e66c3ea271fa,2026-07-25T08:00:00Z,2026-07-25T10:00:00+0200,248.0,MW,NL,NL,forecast_offshore_wind_generation,Wind Offshore,2026-07-26T16:36:36Z
2026-07-26T16:33:47Z,2026-07-26T18:33:47+0200,74eb74bd-8b1d-47e4-abd1-e66c3ea271fa,2026-07-25T08:15:00Z,2026-07-25T10:15:00+0200,229.0,MW,NL,NL,forecast_offshore_wind_generation,Wind Offshore,2026-07-26T16:36:36Z
2026-07-26T16:33:47Z,2026-07-26T18:33:47+0200,74eb74bd-8b1d-47e4-abd1-e66c3ea271fa,2026-07-25T08:30:00Z,2026-07-25T10:30:00+0200,215.0,MW,NL,NL,forecast_offshore_wind_generation,Wind Offshore,2026-07-26T16:36:36Z
2026-07-26T16:33:47Z,2026-07-26T18:33:47+0200,74eb74bd-8b1d-47e4-abd1-e66c3ea271fa,2026-07-25T08:45:00Z,2026-07-25T10:45:00+0200,201.0,MW,NL,NL,forecast_offshore_wind_generation,Wind Offshore,2026-07-26T16:36:36Z
2026-07-26T16:33:47Z,2026-07-26T18:33:47+0200,74eb74bd-8b1d-47e4-abd1-e66c3ea271fa,2026-07-25T09:00:00Z,2026-07-25T11:00:00+0200,187.0,MW,NL,NL,forecast_offshore_wind_generation,Wind Offshore,2026-07-26T16:36:36Z
2026-07-26T16:33:47Z,2026-07-26T18:33:47+0200,74eb74bd-8b1d-47e4-abd1-e66c3ea271fa,2026-07-25T09:15:00Z,2026-07-25T11:15:00+0200,184.0,MW,NL,NL,forecast_offshore_wind_generation,Wind Offshore,2026-07-26T16:36:36Z
2026-07-26T16:33:47Z,2026-07-26T18:33:47+0200,74eb74bd-8b1d-47e4-abd1-e66c3ea271fa,2026-07-25T09:30:00Z,2026-07-25T11:30:00+0200,192.0,MW,NL,NL,forecast_offshore_wind_generation,Wind Offshore,2026-07-26T16:36:36Z
2026-07-26T16:33:47Z,2026-07-26T18:33:47+0200,74eb74bd-8b1d-47e4-abd1-e66c3ea271fa,2026-07-25T09:45:00Z,2026-07-25T11:45:00+0200,200.0,MW,NL,NL,forecast_offshore_wind_generation,Wind Offshore,2026-07-26T16:36:36Z
2026-07-26T16:33:47Z,2026-07-26T18:33:47+0200,74eb74bd-8b1d-47e4-abd1-e66c3ea271fa,2026-07-25T10:00:00Z,2026-07-25T12:00:00+0200,207.0,MW,NL,NL,forecast_offshore_wind_generation,Wind Offshore,2026-07-26T16:36:36Z
2026-07-26T16:33:47Z,2026-07-26T18:33:47+0200,74eb74bd-8b1d-47e4-abd1-e66c3ea271fa,2026-07-25T10:15:00Z,2026-07-25T12:15:00+0200,215.0,MW,NL,NL,forecast_offshore_wind_generation,Wind Offshore,2026-07-26T16:36:36Z
2026-07-26T16:33:47Z,2026-07-26T18:33:47+0200,74eb74bd-8b1d-47e4-abd1-e66c3ea271fa,2026-07-25T10:30:00Z,2026-07-25T12:30:00+0200,222.0,MW,NL,NL,forecast_offshore_wind_generation,Wind Offshore,2026-07-26T16:36:36Z
2026-07-26T16:33:47Z,2026-07-26T18:33:47+0200,74eb74bd-8b1d-47e4-abd1-e66c3ea271fa,2026-07-25T10:45:00Z,2026-07-25T12:45:00+0200,228.0,MW,NL,NL,forecast_offshore_wind_generation,Wind Offshore,2026-07-26T16:36:36Z
2026-07-26T16:33:47Z,2026-07-26T18:33:47+0200,74eb74bd-8b1d-47e4-abd1-e66c3ea271fa,2026-07-25T11:00:00Z,2026-07-25T13:00:00+0200,235.0,MW,NL,NL,forecast_offshore_wind_generation,Wind Offshore,2026-07-26T16:36:36Z
2026-07-26T16:33:47Z,2026-07-26T18:33:47+0200,74eb74bd-8b1d-47e4-abd1-e66c3ea271fa,2026-07-25T11:15:00Z,2026-07-25T13:15:00+0200,243.0,MW,NL,NL,forecast_offshore_wind_generation,Wind Offshore,2026-07-26T16:36:36Z
2026-07-26T16:33:47Z,2026-07-26T18:33:47+0200,74eb74bd-8b1d-47e4-abd1-e66c3ea271fa,2026-07-25T11:30:00Z,2026-07-25T13:30:00+0200,251.0,MW,NL,NL,forecast_offshore_wind_generation,Wind Offshore,2026-07-26T16:36:36Z
2026-07-26T16:33:47Z,2026-07-26T18:33:47+0200,74eb74bd-8b1d-47e4-abd1-e66c3ea271fa,2026-07-25T11:45:00Z,2026-07-25T13:45:00+0200,258.0,MW,NL,NL,forecast_offshore_wind_generation,Wind Offshore,2026-07-26T16:36:36Z
2026-07-26T16:33:47Z,2026-07-26T18:33:47+0200,74eb74bd-8b1d-47e4-abd1-e66c3ea271fa,2026-07-25T12:00:00Z,2026-07-25T14:00:00+0200,266.0,MW,NL,NL,forecast_offshore_wind_generation,Wind Offshore,2026-07-26T16:36:36Z
2026-07-26T16:33:47Z,2026-07-26T18:33:47+0200,74eb74bd-8b1d-47e4-abd1-e66c3ea271fa,2026-07-25T12:15:00Z,2026-07-25T14:15:00+0200,274.0,MW,NL,NL,forecast_offshore_wind_generation,Wind Offshore,2026-07-26T16:36:36Z
2026-07-26T16:33:47Z,2026-07-26T18:33:47+0200,74eb74bd-8b1d-47e4-abd1-e66c3ea271fa,2026-07-25T12:30:00Z,2026-07-25T14:30:00+0200,281.0,MW,NL,NL,forecast_offshore_wind_generation,Wind Offshore,2026-07-26T16:36:36Z
2026-07-26T16:33:47Z,2026-07-26T18:33:47+0200,74eb74bd-8b1d-47e4-abd1-e66c3ea271fa,2026-07-25T12:45:00Z,2026-07-25T14:45:00+0200,289.0,MW,NL,NL,forecast_offshore_wind_generation,Wind Offshore,2026-07-26T16:36:36Z
2026-07-26T16:33:47Z,2026-07-26T18:33:47+0200,74eb74bd-8b1d-47e4-abd1-e66c3ea271fa,2026-07-25T13:00:00Z,2026-07-25T15:00:00+0200,296.0,MW,NL,NL,forecast_offshore_wind_generation,Wind Offshore,2026-07-26T16:36:36Z
2026-07-26T16:33:47Z,2026-07-26T18:33:47+0200,74eb74bd-8b1d-47e4-abd1-e66c3ea271fa,2026-07-25T13:15:00Z,2026-07-25T15:15:00+0200,303.0,MW,NL,NL,forecast_offshore_wind_generation,Wind Offshore,2026-07-26T16:36:36Z
2026-07-26T16:33:47Z,2026-07-26T18:33:47+0200,74eb74bd-8b1d-47e4-abd1-e66c3ea271fa,2026-07-25T13:30:00Z,2026-07-25T15:30:00+0200,309.0,MW,NL,NL,forecast_offshore_wind_generation,Wind Offshore,2026-07-26T16:36:36Z
2026-07-26T16:33:47Z,2026-07-26T18:33:47+0200,74eb74bd-8b1d-47e4-abd1-e66c3ea271fa,2026-07-25T13:45:00Z,2026-07-25T15:45:00+0200,315.0,MW,NL,NL,forecast_offshore_wind_generation,Wind Offshore,2026-07-26T16:36:36Z
2026-07-26T16:33:47Z,2026-07-26T18:33:47+0200,74eb74bd-8b1d-47e4-abd1-e66c3ea271fa,2026-07-25T14:00:00Z,2026-07-25T16:00:00+0200,321.0,MW,NL,NL,forecast_offshore_wind_generation,Wind Offshore,2026-07-26T16:36:36Z
2026-07-26T16:33:47Z,2026-07-26T18:33:47+0200,74eb74bd-8b1d-47e4-abd1-e66c3ea271fa,2026-07-25T14:15:00Z,2026-07-25T16:15:00+0200,332.0,MW,NL,NL,forecast_offshore_wind_generation,Wind Offshore,2026-07-26T16:36:36Z
2026-07-26T16:33:47Z,2026-07-26T18:33:47+0200,74eb74bd-8b1d-47e4-abd1-e66c3ea271fa,2026-07-25T14:30:00Z,2026-07-25T16:30:00+0200,348.0,MW,NL,NL,forecast_offshore_wind_generation,Wind Offshore,2026-07-26T16:36:36Z
2026-07-26T16:33:47Z,2026-07-26T18:33:47+0200,74eb74bd-8b1d-47e4-abd1-e66c3ea271fa,2026-07-25T14:45:00Z,2026-07-25T16:45:00+0200,364.0,MW,NL,NL,forecast_offshore_wind_generation,Wind Offshore,2026-07-26T16:36:36Z
2026-07-26T16:33:47Z,2026-07-26T18:33:47+0200,74eb74bd-8b1d-47e4-abd1-e66c3ea271fa,2026-07-25T15:00:00Z,2026-07-25T17:00:00+0200,380.0,MW,NL,NL,forecast_offshore_wind_generation,Wind Offshore,2026-07-26T16:36:36Z
2026-07-26T16:33:47Z,2026-07-26T18:33:47+0200,74eb74bd-8b1d-47e4-abd1-e66c3ea271fa,2026-07-25T15:15:00Z,2026-07-25T17:15:00+0200,391.0,MW,NL,NL,forecast_offshore_wind_generation,Wind Offshore,2026-07-26T16:36:36Z
2026-07-26T16:33:47Z,2026-07-26T18:33:47+0200,74eb74bd-8b1d-47e4-abd1-e66c3ea271fa,2026-07-25T15:30:00Z,2026-07-25T17:30:00+0200,397.0,MW,NL,NL,forecast_offshore_wind_generation,Wind Offshore,2026-07-26T16:36:36Z
2026-07-26T16:33:47Z,2026-07-26T18:33:47+0200,74eb74bd-8b1d-47e4-abd1-e66c3ea271fa,2026-07-25T15:45:00Z,2026-07-25T17:45:00+0200,403.0,MW,NL,NL,forecast_offshore_wind_generation,Wind Offshore,2026-07-26T16:36:36Z
2026-07-26T16:33:47Z,2026-07-26T18:33:47+0200,74eb74bd-8b1d-47e4-abd1-e66c3ea271fa,2026-07-25T16:00:00Z,2026-07-25T18:00:00+0200,408.0,MW,NL,NL,forecast_offshore_wind_generation,Wind Offshore,2026-07-26T16:36:36Z
2026-07-26T16:33:47Z,2026-07-26T18:33:47+0200,74eb74bd-8b1d-47e4-abd1-e66c3ea271fa,2026-07-25T16:15:00Z,2026-07-25T18:15:00+0200,404.0,MW,NL,NL,forecast_offshore_wind_generation,Wind Offshore,2026-07-26T16:36:36Z
2026-07-26T16:33:47Z,2026-07-26T18:33:47+0200,74eb74bd-8b1d-47e4-abd1-e66c3ea271fa,2026-07-25T16:30:00Z,2026-07-25T18:30:00+0200,389.0,MW,NL,NL,forecast_offshore_wind_generation,Wind Offshore,2026-07-26T16:36:36Z
2026-07-26T16:33:47Z,2026-07-26T18:33:47+0200,74eb74bd-8b1d-47e4-abd1-e66c3ea271fa,2026-07-25T16:45:00Z,2026-07-25T18:45:00+0200,374.0,MW,NL,NL,forecast_offshore_wind_generation,Wind Offshore,2026-07-26T16:36:36Z
2026-07-26T16:33:47Z,2026-07-26T18:33:47+0200,74eb74bd-8b1d-47e4-abd1-e66c3ea271fa,2026-07-25T17:00:00Z,2026-07-25T19:00:00+0200,359.0,MW,NL,NL,forecast_offshore_wind_generation,Wind Offshore,2026-07-26T16:36:36Z
2026-07-26T16:33:47Z,2026-07-26T18:33:47+0200,74eb74bd-8b1d-47e4-abd1-e66c3ea271fa,2026-07-25T17:15:00Z,2026-07-25T19:15:00+0200,342.0,MW,NL,NL,forecast_offshore_wind_generation,Wind Offshore,2026-07-26T16:36:36Z
2026-07-26T16:33:47Z,2026-07-26T18:33:47+0200,74eb74bd-8b1d-47e4-abd1-e66c3ea271fa,2026-07-25T17:30:00Z,2026-07-25T19:30:00+0200,324.0,MW,NL,NL,forecast_offshore_wind_generation,Wind Offshore,2026-07-26T16:36:36Z
2026-07-26T16:33:47Z,2026-07-26T18:33:47+0200,74eb74bd-8b1d-47e4-abd1-e66c3ea271fa,2026-07-25T17:45:00Z,2026-07-25T19:45:00+0200,307.0,MW,NL,NL,forecast_offshore_wind_generation,Wind Offshore,2026-07-26T16:36:36Z
2026-07-26T16:33:47Z,2026-07-26T18:33:47+0200,74eb74bd-8b1d-47e4-abd1-e66c3ea271fa,2026-07-25T18:00:00Z,2026-07-25T20:00:00+0200,289.0,MW,NL,NL,forecast_offshore_wind_generation,Wind Offshore,2026-07-26T16:36:36Z
2026-07-26T16:33:47Z,2026-07-26T18:33:47+0200,74eb74bd-8b1d-47e4-abd1-e66c3ea271fa,2026-07-25T18:15:00Z,2026-07-25T20:15:00+0200,299.0,MW,NL,NL,forecast_offshore_wind_generation,Wind Offshore,2026-07-26T16:36:36Z
2026-07-26T16:33:47Z,2026-07-26T18:33:47+0200,74eb74bd-8b1d-47e4-abd1-e66c3ea271fa,2026-07-25T18:30:00Z,2026-07-25T20:30:00+0200,339.0,MW,NL,NL,forecast_offshore_wind_generation,Wind Offshore,2026-07-26T16:36:36Z
2026-07-26T16:33:47Z,2026-07-26T18:33:47+0200,74eb74bd-8b1d-47e4-abd1-e66c3ea271fa,2026-07-25T18:45:00Z,2026-07-25T20:45:00+0200,378.0,MW,NL,NL,forecast_offshore_wind_generation,Wind Offshore,2026-07-26T16:36:36Z
2026-07-26T16:33:47Z,2026-07-26T18:33:47+0200,74eb74bd-8b1d-47e4-abd1-e66c3ea271fa,2026-07-25T19:00:00Z,2026-07-25T21:00:00+0200,417.0,MW,NL,NL,forecast_offshore_wind_generation,Wind Offshore,2026-07-26T16:36:36Z
2026-07-26T16:33:47Z,2026-07-26T18:33:47+0200,74eb74bd-8b1d-47e4-abd1-e66c3ea271fa,2026-07-25T19:15:00Z,2026-07-25T21:15:00+0200,439.0,MW,NL,NL,forecast_offshore_wind_generation,Wind Offshore,2026-07-26T16:36:36Z
2026-07-26T16:33:47Z,2026-07-26T18:33:47+0200,74eb74bd-8b1d-47e4-abd1-e66c3ea271fa,2026-07-25T19:30:00Z,2026-07-25T21:30:00+0200,442.0,MW,NL,NL,forecast_offshore_wind_generation,Wind Offshore,2026-07-26T16:36:36Z
2026-07-26T16:33:47Z,2026-07-26T18:33:47+0200,74eb74bd-8b1d-47e4-abd1-e66c3ea271fa,2026-07-25T19:45:00Z,2026-07-25T21:45:00+0200,446.0,MW,NL,NL,forecast_offshore_wind_generation,Wind Offshore,2026-07-26T16:36:36Z
2026-07-26T16:33:47Z,2026-07-26T18:33:47+0200,74eb74bd-8b1d-47e4-abd1-e66c3ea271fa,2026-07-25T20:00:00Z,2026-07-25T22:00:00+0200,449.0,MW,NL,NL,forecast_offshore_wind_generation,Wind Offshore,2026-07-26T16:36:36Z
2026-07-26T16:33:47Z,2026-07-26T18:33:47+0200,74eb74bd-8b1d-47e4-abd1-e66c3ea271fa,2026-07-25T20:15:00Z,2026-07-25T22:15:00+0200,480.0,MW,NL,NL,forecast_offshore_wind_generation,Wind Offshore,2026-07-26T16:36:36Z
2026-07-26T16:33:47Z,2026-07-26T18:33:47+0200,74eb74bd-8b1d-47e4-abd1-e66c3ea271fa,2026-07-25T20:30:00Z,2026-07-25T22:30:00+0200,539.0,MW,NL,NL,forecast_offshore_wind_generation,Wind Offshore,2026-07-26T16:36:36Z
2026-07-26T16:33:47Z,2026-07-26T18:33:47+0200,74eb74bd-8b1d-47e4-abd1-e66c3ea271fa,2026-07-25T20:45:00Z,2026-07-25T22:45:00+0200,598.0,MW,NL,NL,forecast_offshore_wind_generation,Wind Offshore,2026-07-26T16:36:36Z
2026-07-26T16:33:47Z,2026-07-26T18:33:47+0200,74eb74bd-8b1d-47e4-abd1-e66c3ea271fa,2026-07-25T21:00:00Z,2026-07-25T23:00:00+0200,656.0,MW,NL,NL,forecast_offshore_wind_generation,Wind Offshore,2026-07-26T16:36:36Z
2026-07-26T16:33:47Z,2026-07-26T18:33:47+0200,74eb74bd-8b1d-47e4-abd1-e66c3ea271fa,2026-07-25T21:15:00Z,2026-07-25T23:15:00+0200,670.0,MW,NL,NL,forecast_offshore_wind_generation,Wind Offshore,2026-07-26T16:36:36Z
2026-07-26T16:33:47Z,2026-07-26T18:33:47+0200,74eb74bd-8b1d-47e4-abd1-e66c3ea271fa,2026-07-25T21:30:00Z,2026-07-25T23:30:00+0200,640.0,MW,NL,NL,forecast_offshore_wind_generation,Wind Offshore,2026-07-26T16:36:36Z
2026-07-26T16:33:47Z,2026-07-26T18:33:47+0200,74eb74bd-8b1d-47e4-abd1-e66c3ea271fa,2026-07-25T21:45:00Z,2026-07-25T23:45:00+0200,609.0,MW,NL,NL,forecast_offshore_wind_generation,Wind Offshore,2026-07-26T16:36:36Z
2026-07-26T16:33:47Z,2026-07-26T18:33:47+0200,74eb74bd-8b1d-47e4-abd1-e66c3ea271fa,2026-07-25T22:00:00Z,2026-07-26T00:00:00+0200,611.0,MW,NL,NL,forecast_offshore_wind_generation,Wind Offshore,2026-07-26T16:36:36Z
2026-07-26T16:33:47Z,2026-07-26T18:33:47+0200,74eb74bd-8b1d-47e4-abd1-e66c3ea271fa,2026-07-25T22:15:00Z,2026-07-26T00:15:00+0200,584.0,MW,NL,NL,forecast_offshore_wind_generation,Wind Offshore,2026-07-26T16:36:36Z
2026-07-26T16:33:47Z,2026-07-26T18:33:47+0200,74eb74bd-8b1d-47e4-abd1-e66c3ea271fa,2026-07-25T22:30:00Z,2026-07-26T00:30:00+0200,563.0,MW,NL,NL,forecast_offshore_wind_generation,Wind Offshore,2026-07-26T16:36:36Z
2026-07-26T16:33:47Z,2026-07-26T18:33:47+0200,74eb74bd-8b1d-47e4-abd1-e66c3ea271fa,2026-07-25T22:45:00Z,2026-07-26T00:45:00+0200,541.0,MW,NL,NL,forecast_offshore_wind_generation,Wind Offshore,2026-07-26T16:36:36Z
2026-07-26T16:33:47Z,2026-07-26T18:33:47+0200,74eb74bd-8b1d-47e4-abd1-e66c3ea271fa,2026-07-25T23:00:00Z,2026-07-26T01:00:00+0200,520.0,MW,NL,NL,forecast_offshore_wind_generation,Wind Offshore,2026-07-26T16:36:36Z
2026-07-26T16:33:47Z,2026-07-26T18:33:47+0200,74eb74bd-8b1d-47e4-abd1-e66c3ea271fa,2026-07-25T23:15:00Z,2026-07-26T01:15:00+0200,500.0,MW,NL,NL,forecast_offshore_wind_generation,Wind Offshore,2026-07-26T16:36:36Z
2026-07-26T16:33:47Z,2026-07-26T18:33:47+0200,74eb74bd-8b1d-47e4-abd1-e66c3ea271fa,2026-07-25T23:30:00Z,2026-07-26T01:30:00+0200,480.0,MW,NL,NL,forecast_offshore_wind_generation,Wind Offshore,2026-07-26T16:36:36Z
2026-07-26T16:33:47Z,2026-07-26T18:33:47+0200,74eb74bd-8b1d-47e4-abd1-e66c3ea271fa,2026-07-25T23:45:00Z,2026-07-26T01:45:00+0200,460.0,MW,NL,NL,forecast_offshore_wind_generation,Wind Offshore,2026-07-26T16:36:36Z
2026-07-26T16:33:47Z,2026-07-26T18:33:47+0200,74eb74bd-8b1d-47e4-abd1-e66c3ea271fa,2026-07-26T00:00:00Z,2026-07-26T02:00:00+0200,440.0,MW,NL,NL,forecast_offshore_wind_generation,Wind Offshore,2026-07-26T16:36:36Z
2026-07-26T16:33:47Z,2026-07-26T18:33:47+0200,74eb74bd-8b1d-47e4-abd1-e66c3ea271fa,2026-07-26T00:15:00Z,2026-07-26T02:15:00+0200,410.0,MW,NL,NL,forecast_offshore_wind_generation,Wind Offshore,2026-07-26T16:36:36Z
2026-07-26T16:33:47Z,2026-07-26T18:33:47+0200,74eb74bd-8b1d-47e4-abd1-e66c3ea271fa,2026-07-26T00:30:00Z,2026-07-26T02:30:00+0200,369.0,MW,NL,NL,forecast_offshore_wind_generation,Wind Offshore,2026-07-26T16:36:36Z
2026-07-26T16:33:47Z,2026-07-26T18:33:47+0200,74eb74bd-8b1d-47e4-abd1-e66c3ea271fa,2026-07-26T00:45:00Z,2026-07-26T02:45:00+0200,329.0,MW,NL,NL,forecast_offshore_wind_generation,Wind Offshore,2026-07-26T16:36:36Z
2026-07-26T16:33:47Z,2026-07-26T18:33:47+0200,74eb74bd-8b1d-47e4-abd1-e66c3ea271fa,2026-07-26T01:00:00Z,2026-07-26T03:00:00+0200,288.0,MW,NL,NL,forecast_offshore_wind_generation,Wind Offshore,2026-07-26T16:36:36Z
2026-07-26T16:33:47Z,2026-07-26T18:33:47+0200,74eb74bd-8b1d-47e4-abd1-e66c3ea271fa,2026-07-26T01:15:00Z,2026-07-26T03:15:00+0200,256.0,MW,NL,NL,forecast_offshore_wind_generation,Wind Offshore,2026-07-26T16:36:36Z
2026-07-26T16:33:47Z,2026-07-26T18:33:47+0200,74eb74bd-8b1d-47e4-abd1-e66c3ea271fa,2026-07-26T01:30:00Z,2026-07-26T03:30:00+0200,233.0,MW,NL,NL,forecast_offshore_wind_generation,Wind Offshore,2026-07-26T16:36:36Z
2026-07-26T16:33:47Z,2026-07-26T18:33:47+0200,74eb74bd-8b1d-47e4-abd1-e66c3ea271fa,2026-07-26T01:45:00Z,2026-07-26T03:45:00+0200,210.0,MW,NL,NL,forecast_offshore_wind_generation,Wind Offshore,2026-07-26T16:36:36Z
2026-07-26T16:33:47Z,2026-07-26T18:33:47+0200,74eb74bd-8b1d-47e4-abd1-e66c3ea271fa,2026-07-26T02:00:00Z,2026-07-26T04:00:00+0200,186.0,MW,NL,NL,forecast_offshore_wind_generation,Wind Offshore,2026-07-26T16:36:36Z
2026-07-26T16:33:47Z,2026-07-26T18:33:47+0200,74eb74bd-8b1d-47e4-abd1-e66c3ea271fa,2026-07-26T02:15:00Z,2026-07-26T04:15:00+0200,171.0,MW,NL,NL,forecast_offshore_wind_generation,Wind Offshore,2026-07-26T16:36:36Z
2026-07-26T16:33:47Z,2026-07-26T18:33:47+0200,74eb74bd-8b1d-47e4-abd1-e66c3ea271fa,2026-07-26T02:30:00Z,2026-07-26T04:30:00+0200,163.0,MW,NL,NL,forecast_offshore_wind_generation,Wind Offshore,2026-07-26T16:36:36Z
2026-07-26T16:33:47Z,2026-07-26T18:33:47+0200,74eb74bd-8b1d-47e4-abd1-e66c3ea271fa,2026-07-26T02:45:00Z,2026-07-26T04:45:00+0200,155.0,MW,NL,NL,forecast_offshore_wind_generation,Wind Offshore,2026-07-26T16:36:36Z
2026-07-26T16:33:47Z,2026-07-26T18:33:47+0200,74eb74bd-8b1d-47e4-abd1-e66c3ea271fa,2026-07-26T03:00:00Z,2026-07-26T05:00:00+0200,147.0,MW,NL,NL,forecast_offshore_wind_generation,Wind Offshore,2026-07-26T16:36:36Z
2026-07-26T16:33:47Z,2026-07-26T18:33:47+0200,74eb74bd-8b1d-47e4-abd1-e66c3ea271fa,2026-07-26T03:15:00Z,2026-07-26T05:15:00+0200,142.0,MW,NL,NL,forecast_offshore_wind_generation,Wind Offshore,2026-07-26T16:36:36Z
2026-07-26T16:33:47Z,2026-07-26T18:33:47+0200,74eb74bd-8b1d-47e4-abd1-e66c3ea271fa,2026-07-26T03:30:00Z,2026-07-26T05:30:00+0200,142.0,MW,NL,NL,forecast_offshore_wind_generation,Wind Offshore,2026-07-26T16:36:36Z
2026-07-26T16:33:47Z,2026-07-26T18:33:47+0200,74eb74bd-8b1d-47e4-abd1-e66c3ea271fa,2026-07-26T03:45:00Z,2026-07-26T05:45:00+0200,142.0,MW,NL,NL,forecast_offshore_wind_generation,Wind Offshore,2026-07-26T16:36:36Z
2026-07-26T16:33:47Z,2026-07-26T18:33:47+0200,74eb74bd-8b1d-47e4-abd1-e66c3ea271fa,2026-07-26T04:00:00Z,2026-07-26T06:00:00+0200,142.0,MW,NL,NL,forecast_offshore_wind_generation,Wind Offshore,2026-07-26T16:36:36Z
2026-07-26T16:33:47Z,2026-07-26T18:33:47+0200,74eb74bd-8b1d-47e4-abd1-e66c3ea271fa,2026-07-26T04:15:00Z,2026-07-26T06:15:00+0200,142.0,MW,NL,NL,forecast_offshore_wind_generation,Wind Offshore,2026-07-26T16:36:36Z
2026-07-26T16:33:47Z,2026-07-26T18:33:47+0200,74eb74bd-8b1d-47e4-abd1-e66c3ea271fa,2026-07-26T04:30:00Z,2026-07-26T06:30:00+0200,143.0,MW,NL,NL,forecast_offshore_wind_generation,Wind Offshore,2026-07-26T16:36:36Z
2026-07-26T16:33:47Z,2026-07-26T18:33:47+0200,74eb74bd-8b1d-47e4-abd1-e66c3ea271fa,2026-07-26T04:45:00Z,2026-07-26T06:45:00+0200,143.0,MW,NL,NL,forecast_offshore_wind_generation,Wind Offshore,2026-07-26T16:36:36Z
2026-07-26T16:33:47Z,2026-07-26T18:33:47+0200,74eb74bd-8b1d-47e4-abd1-e66c3ea271fa,2026-07-26T05:00:00Z,2026-07-26T07:00:00+0200,144.0,MW,NL,NL,forecast_offshore_wind_generation,Wind Offshore,2026-07-26T16:36:36Z
2026-07-26T16:33:47Z,2026-07-26T18:33:47+0200,74eb74bd-8b1d-47e4-abd1-e66c3ea271fa,2026-07-26T05:15:00Z,2026-07-26T07:15:00+0200,144.0,MW,NL,NL,forecast_offshore_wind_generation,Wind Offshore,2026-07-26T16:36:36Z
2026-07-26T16:33:47Z,2026-07-26T18:33:47+0200,74eb74bd-8b1d-47e4-abd1-e66c3ea271fa,2026-07-26T05:30:00Z,2026-07-26T07:30:00+0200,142.0,MW,NL,NL,forecast_offshore_wind_generation,Wind Offshore,2026-07-26T16:36:36Z
2026-07-26T16:33:47Z,2026-07-26T18:33:47+0200,74eb74bd-8b1d-47e4-abd1-e66c3ea271fa,2026-07-26T05:45:00Z,2026-07-26T07:45:00+0200,140.0,MW,NL,NL,forecast_offshore_wind_generation,Wind Offshore,2026-07-26T16:36:36Z
2026-07-26T16:33:47Z,2026-07-26T18:33:47+0200,74eb74bd-8b1d-47e4-abd1-e66c3ea271fa,2026-07-26T06:00:00Z,2026-07-26T08:00:00+0200,139.0,MW,NL,NL,forecast_offshore_wind_generation,Wind Offshore,2026-07-26T16:36:36Z
2026-07-26T16:33:47Z,2026-07-26T18:33:47+0200,74eb74bd-8b1d-47e4-abd1-e66c3ea271fa,2026-07-26T06:15:00Z,2026-07-26T08:15:00+0200,146.0,MW,NL,NL,forecast_offshore_wind_generation,Wind Offshore,2026-07-26T16:36:36Z
2026-07-26T16:33:47Z,2026-07-26T18:33:47+0200,74eb74bd-8b1d-47e4-abd1-e66c3ea271fa,2026-07-26T06:30:00Z,2026-07-26T08:30:00+0200,163.0,MW,NL,NL,forecast_offshore_wind_generation,Wind Offshore,2026-07-26T16:36:36Z
2026-07-26T16:33:47Z,2026-07-26T18:33:47+0200,74eb74bd-8b1d-47e4-abd1-e66c3ea271fa,2026-07-26T06:45:00Z,2026-07-26T08:45:00+0200,179.0,MW,NL,NL,forecast_offshore_wind_generation,Wind Offshore,2026-07-26T16:36:36Z
2026-07-26T16:33:47Z,2026-07-26T18:33:47+0200,74eb74bd-8b1d-47e4-abd1-e66c3ea271fa,2026-07-26T07:00:00Z,2026-07-26T09:00:00+0200,195.0,MW,NL,NL,forecast_offshore_wind_generation,Wind Offshore,2026-07-26T16:36:36Z
2026-07-26T16:33:47Z,2026-07-26T18:33:47+0200,74eb74bd-8b1d-47e4-abd1-e66c3ea271fa,2026-07-26T07:15:00Z,2026-07-26T09:15:00+0200,223.0,MW,NL,NL,forecast_offshore_wind_generation,Wind Offshore,2026-07-26T16:36:36Z
2026-07-26T16:33:47Z,2026-07-26T18:33:47+0200,74eb74bd-8b1d-47e4-abd1-e66c3ea271fa,2026-07-26T07:30:00Z,2026-07-26T09:30:00+0200,262.0,MW,NL,NL,forecast_offshore_wind_generation,Wind Offshore,2026-07-26T16:36:36Z
2026-07-26T16:33:47Z,2026-07-26T18:33:47+0200,74eb74bd-8b1d-47e4-abd1-e66c3ea271fa,2026-07-26T07:45:00Z,2026-07-26T09:45:00+0200,301.0,MW,NL,NL,forecast_offshore_wind_generation,Wind Offshore,2026-07-26T16:36:36Z
2026-07-26T16:33:47Z,2026-07-26T18:33:47+0200,74eb74bd-8b1d-47e4-abd1-e66c3ea271fa,2026-07-26T08:00:00Z,2026-07-26T10:00:00+0200,340.0,MW,NL,NL,forecast_offshore_wind_generation,Wind Offshore,2026-07-26T16:36:36Z
2026-07-26T16:33:47Z,2026-07-26T18:33:47+0200,74eb74bd-8b1d-47e4-abd1-e66c3ea271fa,2026-07-26T08:15:00Z,2026-07-26T10:15:00+0200,374.0,MW,NL,NL,forecast_offshore_wind_generation,Wind Offshore,2026-07-26T16:36:36Z
2026-07-26T16:33:47Z,2026-07-26T18:33:47+0200,74eb74bd-8b1d-47e4-abd1-e66c3ea271fa,2026-07-26T08:30:00Z,2026-07-26T10:30:00+0200,402.0,MW,NL,NL,forecast_offshore_wind_generation,Wind Offshore,2026-07-26T16:36:36Z
2026-07-26T16:33:47Z,2026-07-26T18:33:47+0200,74eb74bd-8b1d-47e4-abd1-e66c3ea271fa,2026-07-26T08:45:00Z,2026-07-26T10:45:00+0200,430.0,MW,NL,NL,forecast_offshore_wind_generation,Wind Offshore,2026-07-26T16:36:36Z
2026-07-26T16:33:47Z,2026-07-26T18:33:47+0200,74eb74bd-8b1d-47e4-abd1-e66c3ea271fa,2026-07-26T09:00:00Z,2026-07-26T11:00:00+0200,458.0,MW,NL,NL,forecast_offshore_wind_generation,Wind Offshore,2026-07-26T16:36:36Z
2026-07-26T16:33:47Z,2026-07-26T18:33:47+0200,74eb74bd-8b1d-47e4-abd1-e66c3ea271fa,2026-07-26T09:15:00Z,2026-07-26T11:15:00+0200,486.0,MW,NL,NL,forecast_offshore_wind_generation,Wind Offshore,2026-07-26T16:36:36Z
2026-07-26T16:33:47Z,2026-07-26T18:33:47+0200,74eb74bd-8b1d-47e4-abd1-e66c3ea271fa,2026-07-26T09:30:00Z,2026-07-26T11:30:00+0200,514.0,MW,NL,NL,forecast_offshore_wind_generation,Wind Offshore,2026-07-26T16:36:36Z
2026-07-26T16:33:47Z,2026-07-26T18:33:47+0200,74eb74bd-8b1d-47e4-abd1-e66c3ea271fa,2026-07-26T09:45:00Z,2026-07-26T11:45:00+0200,542.0,MW,NL,NL,forecast_offshore_wind_generation,Wind Offshore,2026-07-26T16:36:36Z
2026-07-26T16:33:47Z,2026-07-26T18:33:47+0200,74eb74bd-8b1d-47e4-abd1-e66c3ea271fa,2026-07-26T10:00:00Z,2026-07-26T12:00:00+0200,570.0,MW,NL,NL,forecast_offshore_wind_generation,Wind Offshore,2026-07-26T16:36:36Z
2026-07-26T16:33:47Z,2026-07-26T18:33:47+0200,74eb74bd-8b1d-47e4-abd1-e66c3ea271fa,2026-07-26T10:15:00Z,2026-07-26T12:15:00+0200,607.0,MW,NL,NL,forecast_offshore_wind_generation,Wind Offshore,2026-07-26T16:36:36Z
2026-07-26T16:33:47Z,2026-07-26T18:33:47+0200,74eb74bd-8b1d-47e4-abd1-e66c3ea271fa,2026-07-26T10:30:00Z,2026-07-26T12:30:00+0200,652.0,MW,NL,NL,forecast_offshore_wind_generation,Wind Offshore,2026-07-26T16:36:36Z
2026-07-26T16:33:47Z,2026-07-26T18:33:47+0200,74eb74bd-8b1d-47e4-abd1-e66c3ea271fa,2026-07-26T10:45:00Z,2026-07-26T12:45:00+0200,698.0,MW,NL,NL,forecast_offshore_wind_generation,Wind Offshore,2026-07-26T16:36:36Z
2026-07-26T16:33:47Z,2026-07-26T18:33:47+0200,74eb74bd-8b1d-47e4-abd1-e66c3ea271fa,2026-07-26T11:00:00Z,2026-07-26T13:00:00+0200,744.0,MW,NL,NL,forecast_offshore_wind_generation,Wind Offshore,2026-07-26T16:36:36Z
2026-07-26T16:33:47Z,2026-07-26T18:33:47+0200,74eb74bd-8b1d-47e4-abd1-e66c3ea271fa,2026-07-26T11:15:00Z,2026-07-26T13:15:00+0200,791.0,MW,NL,NL,forecast_offshore_wind_generation,Wind Offshore,2026-07-26T16:36:36Z
2026-07-26T16:33:47Z,2026-07-26T18:33:47+0200,74eb74bd-8b1d-47e4-abd1-e66c3ea271fa,2026-07-26T11:30:00Z,2026-07-26T13:30:00+0200,839.0,MW,NL,NL,forecast_offshore_wind_generation,Wind Offshore,2026-07-26T16:36:36Z
2026-07-26T16:33:47Z,2026-07-26T18:33:47+0200,74eb74bd-8b1d-47e4-abd1-e66c3ea271fa,2026-07-26T11:45:00Z,2026-07-26T13:45:00+0200,888.0,MW,NL,NL,forecast_offshore_wind_generation,Wind Offshore,2026-07-26T16:36:36Z
2026-07-26T16:33:47Z,2026-07-26T18:33:47+0200,74eb74bd-8b1d-47e4-abd1-e66c3ea271fa,2026-07-26T12:00:00Z,2026-07-26T14:00:00+0200,936.0,MW,NL,NL,forecast_offshore_wind_generation,Wind Offshore,2026-07-26T16:36:36Z
2026-07-26T16:33:47Z,2026-07-26T18:33:47+0200,74eb74bd-8b1d-47e4-abd1-e66c3ea271fa,2026-07-26T12:15:00Z,2026-07-26T14:15:00+0200,961.0,MW,NL,NL,forecast_offshore_wind_generation,Wind Offshore,2026-07-26T16:36:36Z
2026-07-26T16:33:47Z,2026-07-26T18:33:47+0200,74eb74bd-8b1d-47e4-abd1-e66c3ea271fa,2026-07-26T12:30:00Z,2026-07-26T14:30:00+0200,964.0,MW,NL,NL,forecast_offshore_wind_generation,Wind Offshore,2026-07-26T16:36:36Z
2026-07-26T16:33:47Z,2026-07-26T18:33:47+0200,74eb74bd-8b1d-47e4-abd1-e66c3ea271fa,2026-07-26T12:45:00Z,2026-07-26T14:45:00+0200,966.0,MW,NL,NL,forecast_offshore_wind_generation,Wind Offshore,2026-07-26T16:36:36Z
2026-07-26T16:33:47Z,2026-07-26T18:33:47+0200,74eb74bd-8b1d-47e4-abd1-e66c3ea271fa,2026-07-26T13:00:00Z,2026-07-26T15:00:00+0200,968.0,MW,NL,NL,forecast_offshore_wind_generation,Wind Offshore,2026-07-26T16:36:36Z
2026-07-26T16:33:47Z,2026-07-26T18:33:47+0200,74eb74bd-8b1d-47e4-abd1-e66c3ea271fa,2026-07-26T13:15:00Z,2026-07-26T15:15:00+0200,965.0,MW,NL,NL,forecast_offshore_wind_generation,Wind Offshore,2026-07-26T16:36:36Z
2026-07-26T16:33:47Z,2026-07-26T18:33:47+0200,74eb74bd-8b1d-47e4-abd1-e66c3ea271fa,2026-07-26T13:30:00Z,2026-07-26T15:30:00+0200,957.0,MW,NL,NL,forecast_offshore_wind_generation,Wind Offshore,2026-07-26T16:36:36Z
2026-07-26T16:33:47Z,2026-07-26T18:33:47+0200,74eb74bd-8b1d-47e4-abd1-e66c3ea271fa,2026-07-26T13:45:00Z,2026-07-26T15:45:00+0200,948.0,MW,NL,NL,forecast_offshore_wind_generation,Wind Offshore,2026-07-26T16:36:36Z
2026-07-26T16:33:47Z,2026-07-26T18:33:47+0200,74eb74bd-8b1d-47e4-abd1-e66c3ea271fa,2026-07-26T14:00:00Z,2026-07-26T16:00:00+0200,940.0,MW,NL,NL,forecast_offshore_wind_generation,Wind Offshore,2026-07-26T16:36:36Z
2026-07-26T16:33:47Z,2026-07-26T18:33:47+0200,74eb74bd-8b1d-47e4-abd1-e66c3ea271fa,2026-07-26T14:15:00Z,2026-07-26T16:15:00+0200,935.0,MW,NL,NL,forecast_offshore_wind_generation,Wind Offshore,2026-07-26T16:36:36Z
2026-07-26T16:33:47Z,2026-07-26T18:33:47+0200,74eb74bd-8b1d-47e4-abd1-e66c3ea271fa,2026-07-26T14:30:00Z,2026-07-26T16:30:00+0200,934.0,MW,NL,NL,forecast_offshore_wind_generation,Wind Offshore,2026-07-26T16:36:36Z
2026-07-26T16:33:47Z,2026-07-26T18:33:47+0200,74eb74bd-8b1d-47e4-abd1-e66c3ea271fa,2026-07-26T14:45:00Z,2026-07-26T16:45:00+0200,932.0,MW,NL,NL,forecast_offshore_wind_generation,Wind Offshore,2026-07-26T16:36:36Z
2026-07-26T16:33:47Z,2026-07-26T18:33:47+0200,74eb74bd-8b1d-47e4-abd1-e66c3ea271fa,2026-07-26T15:00:00Z,2026-07-26T17:00:00+0200,930.0,MW,NL,NL,forecast_offshore_wind_generation,Wind Offshore,2026-07-26T16:36:36Z
2026-07-26T16:33:47Z,2026-07-26T18:33:47+0200,74eb74bd-8b1d-47e4-abd1-e66c3ea271fa,2026-07-26T15:15:00Z,2026-07-26T17:15:00+0200,912.0,MW,NL,NL,forecast_offshore_wind_generation,Wind Offshore,2026-07-26T16:36:36Z
2026-07-26T16:33:47Z,2026-07-26T18:33:47+0200,74eb74bd-8b1d-47e4-abd1-e66c3ea271fa,2026-07-26T15:30:00Z,2026-07-26T17:30:00+0200,875.0,MW,NL,NL,forecast_offshore_wind_generation,Wind Offshore,2026-07-26T16:36:36Z
2026-07-26T16:33:47Z,2026-07-26T18:33:47+0200,74eb74bd-8b1d-47e4-abd1-e66c3ea271fa,2026-07-26T15:45:00Z,2026-07-26T17:45:00+0200,839.0,MW,NL,NL,forecast_offshore_wind_generation,Wind Offshore,2026-07-26T16:36:36Z
2026-07-26T16:33:47Z,2026-07-26T18:33:47+0200,74eb74bd-8b1d-47e4-abd1-e66c3ea271fa,2026-07-26T16:00:00Z,2026-07-26T18:00:00+0200,803.0,MW,NL,NL,forecast_offshore_wind_generation,Wind Offshore,2026-07-26T16:36:36Z
2026-07-26T16:33:47Z,2026-07-26T18:33:47+0200,74eb74bd-8b1d-47e4-abd1-e66c3ea271fa,2026-07-26T16:15:00Z,2026-07-26T18:15:00+0200,770.0,MW,NL,NL,forecast_offshore_wind_generation,Wind Offshore,2026-07-26T16:36:36Z
2026-07-26T16:33:47Z,2026-07-26T18:33:47+0200,74eb74bd-8b1d-47e4-abd1-e66c3ea271fa,2026-07-26T16:30:00Z,2026-07-26T18:30:00+0200,740.0,MW,NL,NL,forecast_offshore_wind_generation,Wind Offshore,2026-07-26T16:36:36Z
2026-07-26T16:33:47Z,2026-07-26T18:33:47+0200,74eb74bd-8b1d-47e4-abd1-e66c3ea271fa,2026-07-26T16:45:00Z,2026-07-26T18:45:00+0200,710.0,MW,NL,NL,forecast_offshore_wind_generation,Wind Offshore,2026-07-26T16:36:36Z
